{
  "acoustic_entropy": 224.5554656982422,
  "bands": [
    {
      "high_freq": 148.1999969482422,
      "loudness": -44.81364059448242,
      "loudness_range": 21.539722442626953,
      "mid_mean": -41.63792037963867,
      "mid_to_side_loudness": -9.959936141967773,
      "mid_to_side_loudness_range": 10.935444831848145,
      "side_mean": -52.067115783691406
    },
    {
      "high_freq": 392.3793640136719,
      "loudness": -38.81503677368164,
      "loudness_range": 21.39344024658203,
      "low_freq": 148.1999969482422,
      "mid_mean": -36.08742141723633,
      "mid_to_side_loudness": -6.934304237365723,
      "mid_to_side_loudness_range": 9.164700508117676,
      "side_mean": -43.08301544189453
    },
    {
      "high_freq": 794.6976318359375,
      "loudness": -38.73047637939453,
      "loudness_range": 21.098953247070312,
      "low_freq": 392.3793640136719,
      "mid_mean": -37.190574645996094,
      "mid_to_side_loudness": -3.5411970615386963,
      "mid_to_side_loudness_range": 7.866932392120361,
      "side_mean": -40.05964279174805
    },
    {
      "high_freq": 1457.5709228515625,
      "loudness": -39.66547775268555,
      "loudness_range": 19.99152183532715,
      "low_freq": 794.6976318359375,
      "mid_mean": -38.2465705871582,
      "mid_to_side_loudness": -1.994846224784851,
      "mid_to_side_loudness_range": 5.714278697967529,
      "side_mean": -40.16754913330078
    },
    {
      "high_freq": 2549.74365234375,
      "loudness": -40.696014404296875,
      "loudness_range": 20.729461669921875,
      "low_freq": 1457.5709228515625,
      "mid_mean": -39.55555725097656,
      "mid_to_side_loudness": -1.6739548444747925,
      "mid_to_side_loudness_range": 4.752447128295898,
      "side_mean": -41.16811752319336
    },
    {
      "high_freq": 4349.24462890625,
      "loudness": -40.981971740722656,
      "loudness_range": 22.23732566833496,
      "low_freq": 2549.74365234375,
      "mid_mean": -39.93696212768555,
      "mid_to_side_loudness": -1.311241626739502,
      "mid_to_side_loudness_range": 3.442911148071289,
      "side_mean": -41.214290618896484
    },
    {
      "high_freq": 7314.1640625,
      "loudness": -50.90348815917969,
      "loudness_range": 24.74645233154297,
      "low_freq": 4349.24462890625,
      "mid_mean": -51.76366424560547,
      "mid_to_side_loudness": -1.0916091203689575,
      "mid_to_side_loudness_range": 2.878058910369873,
      "side_mean": -52.64178466796875
    },
    {
      "high_freq": 12199.2666015625,
      "loudness": -61.175506591796875,
      "loudness_range": 27.52782440185547,
      "low_freq": 7314.1640625,
      "mid_mean": -59.266056060791016,
      "mid_to_side_loudness": -1.3326364755630493,
      "mid_to_side_loudness_range": 1.7521655559539795,
      "side_mean": -60.216434478759766
    },
    {
      "loudness": -70.24365997314453,
      "loudness_range": 20.242717742919922,
      "low_freq": 12199.2666015625,
      "mid_mean": -65.39006805419922,
      "mid_to_side_loudness": -1.0823240280151367,
      "mid_to_side_loudness_range": 1.5225497484207153,
      "side_mean": -65.96107482910156
    }
  ],
  "bands_short": [
    {
      "high_freq": 148.1999969482422,
      "loudness": -49.0289192199707,
      "loudness_range": 23.952190399169922,
      "mid_mean": -46.09661102294922,
      "mid_to_side_loudness": -9.781623840332031,
      "mid_to_side_loudness_range": 16.00417137145996,
      "side_mean": -55.89391326904297
    },
    {
      "high_freq": 392.3793640136719,
      "loudness": -38.88628005981445,
      "loudness_range": 21.73417854309082,
      "low_freq": 148.1999969482422,
      "mid_mean": -36.0533561706543,
      "mid_to_side_loudness": -7.777411937713623,
      "mid_to_side_loudness_range": 11.467774391174316,
      "side_mean": -43.926692962646484
    },
    {
      "high_freq": 794.6976318359375,
      "loudness": -38.85310745239258,
      "loudness_range": 22.485218048095703,
      "low_freq": 392.3793640136719,
      "mid_mean": -37.176578521728516,
      "mid_to_side_loudness": -3.697097063064575,
      "mid_to_side_loudness_range": 11.14787483215332,
      "side_mean": -40.68355941772461
    },
    {
      "high_freq": 1457.5709228515625,
      "loudness": -39.939308166503906,
      "loudness_range": 20.649431228637695,
      "low_freq": 794.6976318359375,
      "mid_mean": -38.776485443115234,
      "mid_to_side_loudness": -1.8910082578659058,
      "mid_to_side_loudness_range": 9.929216384887695,
      "side_mean": -40.590328216552734
    },
    {
      "high_freq": 2549.74365234375,
      "loudness": -41.15053176879883,
      "loudness_range": 21.439308166503906,
      "low_freq": 1457.5709228515625,
      "mid_mean": -40.0366096496582,
      "mid_to_side_loudness": -1.947691559791565,
      "mid_to_side_loudness_range": 7.79222297668457,
      "side_mean": -41.92055892944336
    },
    {
      "high_freq": 4349.24462890625,
      "loudness": -40.737972259521484,
      "loudness_range": 22.076679229736328,
      "low_freq": 2549.74365234375,
      "mid_mean": -40.021820068359375,
      "mid_to_side_loudness": -1.0959638357162476,
      "mid_to_side_loudness_range": 6.447303771972656,
      "side_mean": -41.08161544799805
    },
    {
      "high_freq": 7314.1640625,
      "loudness": -50.896270751953125,
      "loudness_range": 25.163856506347656,
      "low_freq": 4349.24462890625,
      "mid_mean": -51.94309616088867,
      "mid_to_side_loudness": -1.1000502109527588,
      "mid_to_side_loudness_range": 5.454896926879883,
      "side_mean": -52.82295608520508
    },
    {
      "high_freq": 12199.2666015625,
      "loudness": -61.375362396240234,
      "loudness_range": 27.912799835205078,
      "low_freq": 7314.1640625,
      "mid_mean": -59.41992950439453,
      "mid_to_side_loudness": -1.313393473625183,
      "mid_to_side_loudness_range": 3.0852882862091064,
      "side_mean": -60.34506607055664
    },
    {
      "loudness": -70.37974548339844,
      "loudness_range": 20.175216674804688,
      "low_freq": 12199.2666015625,
      "mid_mean": -65.4695053100586,
      "mid_to_side_loudness": -1.0527383089065552,
      "mid_to_side_loudness_range": 2.524566411972046,
      "side_mean": -66.01522064208984
    }
  ],
  "bandwidth": 669.14599609375,
  "channels": 2,
  "covariance": [
    [
      54.741722106933594,
      49.60602951049805,
      43.42707824707031,
      48.2633171081543,
      35.11602020263672,
      28.8211669921875,
      18.73223304748535,
      15.878188133239746,
      16.59464454650879,
      13.023828506469727,
      7.305150985717773,
      5.782939910888672,
      11.745755195617676,
      10.948899269104004,
      8.109980583190918,
      7.808979034423828,
      5.0431742668151855,
      4.831968307495117
    ],
    [
      49.60602951049805,
      63.10721969604492,
      48.222354888916016,
      53.38478088378906,
      37.439517974853516,
      30.054603576660156,
      19.39126205444336,
      16.522682189941406,
      15.563446044921875,
      12.239044189453125,
      5.967776298522949,
      4.796599864959717,
      19.85151481628418,
      18.49144172668457,
      11.911070823669434,
      11.042459487915039,
      6.777428150177002,
      6.461747169494629
    ],
    [
      43.42707824707031,
      48.222354888916016,
      57.302982330322266,
      60.422454833984375,
      45.017234802246094,
      39.21430969238281,
      25.544328689575195,
      22.614999771118164,
      21.95022964477539,
      18.919567108154297,
      10.26010799407959,
      9.083393096923828,
      17.59952163696289,
      16.267417907714844,
      9.901006698608398,
      9.086338996887207,
      5.073866367340088,
      4.800120830535889
    ],
    [
      48.2633171081543,
      53.38478088378906,
      60.422454833984375,
      73.63052368164062,
      50.46503448486328,
      45.1731071472168,
      24.83006477355957,
      20.953235626220703,
      20.558868408203125,
      16.63841438293457,
      5.181741714477539,
      4.055698871612549,
      11.224386215209961,
      10.110668182373047,
      3.7521660327911377,
      3.2151334285736084,
      1.4593981504440308,
      1.5022211074829102
    ],
    [
      35.11602020263672,
      37.439517974853516,
      45.017234802246094,
      50.46503448486328,
      60.962886810302734,
      51.02748489379883,
      29.102521896362305,
      27.50552749633789,
      29.114059448242188,
      26.946474075317383,
      17.229522705078125,
      16.189146041870117,
      26.497547149658203,
      24.862516403198242,
      14.383965492248535,
      13.393878936767578,
      5.575507640838623,
      5.081497669219971
    ],
    [
      28.8211669921875,
      30.054603576660156,
      39.21430969238281,
      45.1731071472168,
      51.02748489379883,
      57.61734390258789,
      28.45016098022461,
      27.859338760375977,
      30.587928771972656,
      29.025043487548828,
      17.195663452148438,
      16.278684616088867,
      20.8778018951416,
      19.613500595092773,
      10.566040992736816,
      9.803214073181152,
      3.217228412628174,
      2.996156692504883
    ],
    [
      18.73223304748535,
      19.39126205444336,
      25.544328689575195,
      24.83006477355957,
      29.102521896362305,
      28.45016098022461,
      48.92047119140625,
      46.97415542602539,
      44.97602081298828,
      45.1672477722168,
      41.74551010131836,
      41.391475677490234,
      50.11751174926758,
      48.59996032714844,
      38.01976776123047,
      36.07383346557617,
      19.40077018737793,
      17.47471809387207
    ],
    [
      15.878188133239746,
      16.522682189941406,
      22.614999771118164,
      20.953235626220703,
      27.50552749633789,
      27.859338760375977,
      46.97415542602539,
      49.38972091674805,
      45.728370666503906,
      46.48221969604492,
      43.057430267333984,
      42.968563079833984,
      53.56325912475586,
      52.171913146972656,
      40.4744758605957,
      38.53752899169922,
      20.77778434753418,
      18.734498977661133
    ],
    [
      16.59464454650879,
      15.563446044921875,
      21.95022964477539,
      20.558868408203125,
      29.114059448242188,
      30.587928771972656,
      44.97602081298828,
      45.728370666503906,
      55.966156005859375,
      56.145606994628906,
      48.53799057006836,
      47.51551055908203,
      59.71521759033203,
      58.3065185546875,
      45.46788024902344,
      43.251441955566406,
      22.560203552246094,
      20.377925872802734
    ],
    [
      13.023828506469727,
      12.239044189453125,
      18.919567108154297,
      16.63841438293457,
      26.946474075317383,
      29.025043487548828,
      45.1672477722168,
      46.48221969604492,
      56.145606994628906,
      59.49067687988281,
      50.596893310546875,
      50.09413528442383,
      62.081268310546875,
      60.62548065185547,
      47.672306060791016,
      45.3914909362793,
      23.627758026123047,
      21.357995986938477
    ],
    [
      7.305150985717773,
      5.967776298522949,
      10.26010799407959,
      5.181741714477539,
      17.229522705078125,
      17.195663452148438,
      41.74551010131836,
      43.057430267333984,
      48.53799057006836,
      50.596893310546875,
      63.72032165527344,
      62.77132034301758,
      67.4578857421875,
      66.51548767089844,
      55.27516555786133,
      53.13417053222656,
      28.30452537536621,
      25.758155822753906
    ],
    [
      5.782939910888672,
      4.796599864959717,
      9.083393096923828,
      4.055698871612549,
      16.189146041870117,
      16.278684616088867,
      41.391475677490234,
      42.968563079833984,
      47.51551055908203,
      50.09413528442383,
      62.77132034301758,
      65.0425033569336,
      67.84374237060547,
      67.20366668701172,
      55.68867111206055,
      53.61833953857422,
      28.51124382019043,
      26.000017166137695
    ],
    [
      11.745755195617676,
      19.85151481628418,
      17.59952163696289,
      11.224386215209961,
      26.497547149658203,
      20.8778018951416,
      50.11751174926758,
      53.56325912475586,
      59.71521759033203,
      62.081268310546875,
      67.4578857421875,
      67.84374237060547,
      99.43099212646484,
      97.19061279296875,
      74.87496185302734,
      71.4078598022461,
      37.62958526611328,
      34.08418655395508
    ],
    [
      10.948899269104004,
      18.49144172668457,
      16.267417907714844,
      10.110668182373047,
      24.862516403198242,
      19.613500595092773,
      48.59996032714844,
      52.171913146972656,
      58.3065185546875,
      60.62548065185547,
      66.51548767089844,
      67.20366668701172,
      97.19061279296875,
      95.75267028808594,
      73.44493865966797,
      70.150390625,
      36.943355560302734,
      33.498382568359375
    ],
    [
      8.109980583190918,
      11.911070823669434,
      9.901006698608398,
      3.7521660327911377,
      14.383965492248535,
      10.566040992736816,
      38.01976776123047,
      40.4744758605957,
      45.46788024902344,
      47.672306060791016,
      55.27516555786133,
      55.68867111206055,
      74.87496185302734,
      73.44493865966797,
      62.64495086669922,
      60.17283248901367,
      33.18696594238281,
      30.31399917602539
    ],
    [
      7.808979034423828,
      11.042459487915039,
      9.086338996887207,
      3.2151334285736084,
      13.393878936767578,
      9.803214073181152,
      36.07383346557617,
      38.53752899169922,
      43.251441955566406,
      45.3914909362793,
      53.13417053222656,
      53.61833953857422,
      71.4078598022461,
      70.150390625,
      60.17283248901367,
      58.036651611328125,
      32.110782623291016,
      29.406694412231445
    ],
    [
      5.0431742668151855,
      6.777428150177002,
      5.073866367340088,
      1.4593981504440308,
      5.575507640838623,
      3.217228412628174,
      19.40077018737793,
      20.77778434753418,
      22.560203552246094,
      23.627758026123047,
      28.30452537536621,
      28.51124382019043,
      37.62958526611328,
      36.943355560302734,
      33.18696594238281,
      32.110782623291016,
      20.099891662597656,
      18.552398681640625
    ],
    [
      4.831968307495117,
      6.461747169494629,
      4.800120830535889,
      1.5022211074829102,
      5.081497669219971,
      2.996156692504883,
      17.47471809387207,
      18.734498977661133,
      20.377925872802734,
      21.357995986938477,
      25.758155822753906,
      26.000017166137695,
      34.08418655395508,
      33.498382568359375,
      30.31399917602539,
      29.406694412231445,
      18.552398681640625,
      17.28877830505371
    ]
  ],
  "covariance_short": [
    [
      71.43902587890625,
      54.11737823486328,
      43.316123962402344,
      45.22738265991211,
      32.9598274230957,
      29.195947647094727,
      19.127511978149414,
      17.182960510253906,
      18.553937911987305,
      15.648744583129883,
      9.4415283203125,
      7.7524285316467285,
      15.164466857910156,
      14.266318321228027,
      11.465201377868652,
      11.054887771606445,
      7.0398945808410645,
      6.586583614349365
    ],
    [
      54.11737823486328,
      66.74961853027344,
      45.907894134521484,
      48.740516662597656,
      37.223575592041016,
      33.171875,
      20.469131469726562,
      18.568756103515625,
      17.398231506347656,
      15.137250900268555,
      5.5587005615234375,
      5.06240177154541,
      19.448196411132812,
      17.847673416137695,
      11.452162742614746,
      10.570120811462402,
      6.451826095581055,
      6.047744274139404
    ],
    [
      43.316123962402344,
      45.907894134521484,
      57.1077880859375,
      59.12632369995117,
      45.81106185913086,
      42.33100891113281,
      26.82546615600586,
      23.775156021118164,
      22.97606658935547,
      19.764760971069336,
      11.053431510925293,
      10.891983985900879,
      17.83028221130371,
      16.52574920654297,
      10.150293350219727,
      9.444050788879395,
      5.219457149505615,
      4.8515119552612305
    ],
    [
      45.22738265991211,
      48.740516662597656,
      59.12632369995117,
      75.95904541015625,
      51.84074020385742,
      49.97247314453125,
      26.9173641204834,
      22.837072372436523,
      21.253677368164062,
      17.239192962646484,
      6.229483604431152,
      6.160865783691406,
      11.608216285705566,
      10.358838081359863,
      4.1472930908203125,
      3.570223331451416,
      1.74996018409729,
      1.7039812803268433
    ],
    [
      32.9598274230957,
      37.223575592041016,
      45.81106185913086,
      51.84074020385742,
      64.29591369628906,
      57.1590461730957,
      30.76291847229004,
      28.85408592224121,
      29.946189880371094,
      27.42662239074707,
      17.129634857177734,
      17.192821502685547,
      26.187820434570312,
      24.45555877685547,
      13.969325065612793,
      12.914284706115723,
      5.3338942527771,
      4.879011154174805
    ],
    [
      29.195947647094727,
      33.171875,
      42.33100891113281,
      49.97247314453125,
      57.1590461730957,
      67.98179626464844,
      30.408830642700195,
      29.23966407775879,
      30.698362350463867,
      28.94251823425293,
      16.118310928344727,
      16.445451736450195,
      23.945566177368164,
      22.498218536376953,
      11.574663162231445,
      10.678032875061035,
      3.7108964920043945,
      3.343775510787964
    ],
    [
      19.127511978149414,
      20.469131469726562,
      26.82546615600586,
      26.9173641204834,
      30.76291847229004,
      30.408830642700195,
      53.666202545166016,
      47.84648513793945,
      45.47462463378906,
      45.02360916137695,
      41.08140563964844,
      41.04790115356445,
      49.25605010986328,
      47.584373474121094,
      36.49898910522461,
      34.542972564697266,
      18.376754760742188,
      16.57493782043457
    ],
    [
      17.182960510253906,
      18.568756103515625,
      23.775156021118164,
      22.837072372436523,
      28.85408592224121,
      29.23966407775879,
      47.84648513793945,
      54.240779876708984,
      46.17694854736328,
      46.40464401245117,
      42.51580810546875,
      42.8731575012207,
      52.81326675415039,
      51.28508758544922,
      39.37311553955078,
      37.40583038330078,
      20.052520751953125,
      18.086671829223633
    ],
    [
      18.553937911987305,
      17.398231506347656,
      22.97606658935547,
      21.253677368164062,
      29.946189880371094,
      30.698362350463867,
      45.47462463378906,
      46.17694854736328,
      59.29047775268555,
      55.50448989868164,
      49.392208099365234,
      48.61948013305664,
      60.6130485534668,
      59.1726188659668,
      45.735660552978516,
      43.57033157348633,
      22.71348762512207,
      20.60762596130371
    ],
    [
      15.648744583129883,
      15.137250900268555,
      19.764760971069336,
      17.239192962646484,
      27.42662239074707,
      28.94251823425293,
      45.02360916137695,
      46.40464401245117,
      55.50448989868164,
      61.09901428222656,
      50.48870849609375,
      50.11476135253906,
      61.98929214477539,
      60.442623138427734,
      47.06153106689453,
      44.85847473144531,
      23.453073501586914,
      21.312652587890625
    ],
    [
      9.4415283203125,
      5.5587005615234375,
      11.053431510925293,
      6.229483604431152,
      17.129634857177734,
      16.118310928344727,
      41.08140563964844,
      42.51580810546875,
      49.392208099365234,
      50.48870849609375,
      66.57144927978516,
      63.168880462646484,
      67.85491180419922,
      66.9594955444336,
      55.22291946411133,
      53.12773513793945,
      27.910051345825195,
      25.459266662597656
    ],
    [
      7.7524285316467285,
      5.06240177154541,
      10.891983985900879,
      6.160865783691406,
      17.192821502685547,
      16.445451736450195,
      41.04790115356445,
      42.8731575012207,
      48.61948013305664,
      50.11476135253906,
      63.168880462646484,
      67.9874496459961,
      67.87652587890625,
      67.32660675048828,
      55.24178695678711,
      53.17389678955078,
      27.778528213500977,
      25.385513305664062
    ],
    [
      15.164466857910156,
      19.448196411132812,
      17.83028221130371,
      11.608216285705566,
      26.187820434570312,
      23.945566177368164,
      49.25605010986328,
      52.81326675415039,
      60.6130485534668,
      61.98929214477539,
      67.85491180419922,
      67.87652587890625,
      100.98041534423828,
      97.6806411743164,
      74.88341522216797,
      71.45147705078125,
      37.34334182739258,
      33.94156265258789
    ],
    [
      14.266318321228027,
      17.847673416137695,
      16.52574920654297,
      10.358838081359863,
      24.45555877685547,
      22.498218536376953,
      47.584373474121094,
      51.28508758544922,
      59.1726188659668,
      60.442623138427734,
      66.9594955444336,
      67.32660675048828,
      97.6806411743164,
      97.34121704101562,
      73.4993896484375,
      70.27212524414062,
      36.655670166015625,
      33.3603515625
    ],
    [
      11.465201377868652,
      11.452162742614746,
      10.150293350219727,
      4.1472930908203125,
      13.969325065612793,
      11.574663162231445,
      36.49898910522461,
      39.37311553955078,
      45.735660552978516,
      47.06153106689453,
      55.22291946411133,
      55.24178695678711,
      74.88341522216797,
      73.4993896484375,
      62.90843963623047,
      60.150814056396484,
      32.950286865234375,
      30.161657333374023
    ],
    [
      11.054887771606445,
      10.570120811462402,
      9.444050788879395,
      3.570223331451416,
      12.914284706115723,
      10.678032875061035,
      34.542972564697266,
      37.40583038330078,
      43.57033157348633,
      44.85847473144531,
      53.12773513793945,
      53.17389678955078,
      71.45147705078125,
      70.27212524414062,
      60.150814056396484,
      58.34378433227539,
      31.86637306213379,
      29.25874900817871
    ],
    [
      7.0398945808410645,
      6.451826095581055,
      5.219457149505615,
      1.74996018409729,
      5.3338942527771,
      3.7108964920043945,
      18.376754760742188,
      20.052520751953125,
      22.71348762512207,
      23.453073501586914,
      27.910051345825195,
      27.778528213500977,
      37.34334182739258,
      36.655670166015625,
      32.950286865234375,
      31.86637306213379,
      20.228139877319336,
      18.538105010986328
    ],
    [
      6.586583614349365,
      6.047744274139404,
      4.8515119552612305,
      1.7039812803268433,
      4.879011154174805,
      3.343775510787964,
      16.57493782043457,
      18.086671829223633,
      20.60762596130371,
      21.312652587890625,
      25.459266662597656,
      25.385513305664062,
      33.94156265258789,
      33.3603515625,
      30.161657333374023,
      29.25874900817871,
      18.538105010986328,
      17.410079956054688
    ]
  ],
  "damage": -19.397216796875,
  "diff_bandwidth": 704.3589477539062,
  "dissonance": 7.116534824053393,
  "drr": 7.762438774108887,
  "dynamics": 5.289900779724121,
  "format": 1245190,
  "frames": 4086720,
  "loudness": -26.650876998901367,
  "loudness_range": 18.385967254638672,
  "loudness_range_short": 18.931699752807617,
  "lowpass_true_peak_15khz": -6.405115127563477,
  "mastering3_acoustic_entropies": [
    {
      "acoustic_entropy": 6.492631912231445,
      "acoustic_entropy_mono": 6.568017959594727,
      "band_eliminated_acoustic_entropies": [
        {
          "acoustic_entropy": 6.3758978843688965,
          "acoustic_entropy_side": 6.491087436676025,
          "hz": 129.47220167065723
        },
        {
          "acoustic_entropy": 6.56587553024292,
          "acoustic_entropy_side": 6.427360534667969,
          "hz": 202.92927478742237
        },
        {
          "acoustic_entropy": 6.6740522384643555,
          "acoustic_entropy_side": 6.029947757720947,
          "hz": 282.89161906338205
        },
        {
          "acoustic_entropy": 6.333408355712891,
          "acoustic_entropy_side": 6.565011501312256,
          "hz": 369.9353335868758
        },
        {
          "acoustic_entropy": 6.6949920654296875,
          "acoustic_entropy_side": 6.649606227874756,
          "hz": 464.6875360973435
        },
        {
          "acoustic_entropy": 6.290407180786133,
          "acoustic_entropy_side": 5.923000335693359,
          "hz": 567.8308811364784
        },
        {
          "acoustic_entropy": 6.112480640411377,
          "acoustic_entropy_side": 6.802359104156494,
          "hz": 680.1084783214808
        },
        {
          "acoustic_entropy": 6.326260089874268,
          "acoustic_entropy_side": 6.673920154571533,
          "hz": 802.3292461747484
        },
        {
          "acoustic_entropy": 6.233327865600586,
          "acoustic_entropy_side": 6.4051313400268555,
          "hz": 935.3737400823702
        },
        {
          "acoustic_entropy": 6.9378252029418945,
          "acoustic_entropy_side": 6.623335361480713,
          "hz": 1080.2004963696966
        },
        {
          "acoustic_entropy": 6.018435478210449,
          "acoustic_entropy_side": 6.678187370300293,
          "hz": 1237.8529382007157
        },
        {
          "acoustic_entropy": 6.13731050491333,
          "acoustic_entropy_side": 6.223266124725342,
          "hz": 1409.4668930556702
        },
        {
          "acoustic_entropy": 6.410264015197754,
          "acoustic_entropy_side": 6.415465831756592,
          "hz": 1596.2787759475705
        },
        {
          "acoustic_entropy": 6.274439811706543,
          "acoustic_entropy_side": 6.32289457321167,
          "hz": 1799.6344973346393
        },
        {
          "acoustic_entropy": 6.403723239898682,
          "acoustic_entropy_side": 6.4395647048950195,
          "hz": 2020.9991599069049
        },
        {
          "acoustic_entropy": 6.143982410430908,
          "acoustic_entropy_side": 6.474820613861084,
          "hz": 2261.9676141086993
        },
        {
          "acoustic_entropy": 6.380999565124512,
          "acoustic_entropy_side": 6.57441520690918,
          "hz": 2524.2759484456974
        },
        {
          "acoustic_entropy": 6.122660160064697,
          "acoustic_entropy_side": 6.158387660980225,
          "hz": 2809.813997359896
        },
        {
          "acoustic_entropy": 6.330448627471924,
          "acoustic_entropy_side": 6.384978294372559,
          "hz": 3120.6389567871424
        },
        {
          "acoustic_entropy": 6.290354251861572,
          "acoustic_entropy_side": 6.416237831115723,
          "hz": 3458.990205492291
        },
        {
          "acoustic_entropy": 6.267805099487305,
          "acoustic_entropy_side": 6.322483062744141,
          "hz": 3827.305438964164
        },
        {
          "acoustic_entropy": 6.555935859680176,
          "acoustic_entropy_side": 6.510259628295898,
          "hz": 4228.238232109126
        },
        {
          "acoustic_entropy": 6.60995626449585,
          "acoustic_entropy_side": 6.5584940910339355,
          "hz": 4664.6771572759235
        },
        {
          "acoustic_entropy": 6.317794322967529,
          "acoustic_entropy_side": 6.4341349601745605,
          "hz": 5139.766595350093
        },
        {
          "acoustic_entropy": 6.526490688323975,
          "acoustic_entropy_side": 6.501169204711914,
          "hz": 5656.929389854203
        },
        {
          "acoustic_entropy": 6.4176506996154785,
          "acoustic_entropy_side": 6.4596052169799805,
          "hz": 6219.891507268283
        },
        {
          "acoustic_entropy": 6.5239973068237305,
          "acoustic_entropy_side": 6.506024360656738,
          "hz": 6832.70888123896
        },
        {
          "acoustic_entropy": 6.479923725128174,
          "acoustic_entropy_side": 6.492638111114502,
          "hz": 7499.796634079867
        },
        {
          "acoustic_entropy": 6.490566253662109,
          "acoustic_entropy_side": 6.491405487060547,
          "hz": 8225.96088609342
        },
        {
          "acoustic_entropy": 6.482564926147461,
          "acoustic_entropy_side": 6.4897379875183105,
          "hz": 9016.43338188839
        },
        {
          "acoustic_entropy": 6.4912309646606445,
          "acoustic_entropy_side": 6.492865562438965,
          "hz": 9876.909183162974
        },
        {
          "acoustic_entropy": 6.493345260620117,
          "acoustic_entropy_side": 6.490890026092529,
          "hz": 10813.587699516042
        },
        {
          "acoustic_entropy": 6.489838600158691,
          "acoustic_entropy_side": 6.491556167602539,
          "hz": 11833.21735289826
        },
        {
          "acoustic_entropy": 6.492515563964844,
          "acoustic_entropy_side": 6.492707252502441,
          "hz": 12943.144197493959
        },
        {
          "acoustic_entropy": 6.491344928741455,
          "acoustic_entropy_side": 6.492094039916992,
          "hz": 14151.364845322005
        },
        {
          "acoustic_entropy": 6.491988658905029,
          "acoustic_entropy_side": 6.492338180541992,
          "hz": 15466.58407886509
        },
        {
          "acoustic_entropy": 6.492390155792236,
          "acoustic_entropy_side": 6.492517948150635,
          "hz": 16898.27756580493
        },
        {
          "acoustic_entropy": 6.492610931396484,
          "acoustic_entropy_side": 6.492624282836914,
          "hz": 18456.760127700032
        },
        {
          "acoustic_entropy": 6.4926300048828125,
          "acoustic_entropy_side": 6.492631435394287,
          "hz": 20153.260054456492
        },
        {
          "acoustic_entropy": 6.492631435394287,
          "acoustic_entropy_side": 6.492631912231445,
          "hz": 22000.00000000001
        }
      ],
      "diff_acoustic_entropy": 1.5512129068374634,
      "sn": 6
    },
    {
      "acoustic_entropy": 11.685103416442871,
      "acoustic_entropy_mono": 12.156497955322266,
      "band_eliminated_acoustic_entropies": [
        {
          "acoustic_entropy": 11.598077774047852,
          "acoustic_entropy_side": 11.689186096191406,
          "hz": 129.47220167065723
        },
        {
          "acoustic_entropy": 11.610518455505371,
          "acoustic_entropy_side": 11.711341857910156,
          "hz": 202.92927478742237
        },
        {
          "acoustic_entropy": 11.809737205505371,
          "acoustic_entropy_side": 11.815709114074707,
          "hz": 282.89161906338205
        },
        {
          "acoustic_entropy": 11.663226127624512,
          "acoustic_entropy_side": 11.540885925292969,
          "hz": 369.9353335868758
        },
        {
          "acoustic_entropy": 11.230010032653809,
          "acoustic_entropy_side": 11.616557121276855,
          "hz": 464.6875360973435
        },
        {
          "acoustic_entropy": 12.264790534973145,
          "acoustic_entropy_side": 11.802913665771484,
          "hz": 567.8308811364784
        },
        {
          "acoustic_entropy": 11.008270263671875,
          "acoustic_entropy_side": 11.392781257629395,
          "hz": 680.1084783214808
        },
        {
          "acoustic_entropy": 11.341445922851562,
          "acoustic_entropy_side": 12.29893970489502,
          "hz": 802.3292461747484
        },
        {
          "acoustic_entropy": 11.036848068237305,
          "acoustic_entropy_side": 11.939687728881836,
          "hz": 935.3737400823702
        },
        {
          "acoustic_entropy": 11.915197372436523,
          "acoustic_entropy_side": 11.185510635375977,
          "hz": 1080.2004963696966
        },
        {
          "acoustic_entropy": 10.860952377319336,
          "acoustic_entropy_side": 11.468009948730469,
          "hz": 1237.8529382007157
        },
        {
          "acoustic_entropy": 11.359654426574707,
          "acoustic_entropy_side": 11.134261131286621,
          "hz": 1409.4668930556702
        },
        {
          "acoustic_entropy": 11.431981086730957,
          "acoustic_entropy_side": 11.56922435760498,
          "hz": 1596.2787759475705
        },
        {
          "acoustic_entropy": 12.124265670776367,
          "acoustic_entropy_side": 11.934036254882812,
          "hz": 1799.6344973346393
        },
        {
          "acoustic_entropy": 11.424320220947266,
          "acoustic_entropy_side": 11.650870323181152,
          "hz": 2020.9991599069049
        },
        {
          "acoustic_entropy": 12.140433311462402,
          "acoustic_entropy_side": 12.148160934448242,
          "hz": 2261.9676141086993
        },
        {
          "acoustic_entropy": 10.985523223876953,
          "acoustic_entropy_side": 11.258993148803711,
          "hz": 2524.2759484456974
        },
        {
          "acoustic_entropy": 11.425537109375,
          "acoustic_entropy_side": 11.886608123779297,
          "hz": 2809.813997359896
        },
        {
          "acoustic_entropy": 11.806290626525879,
          "acoustic_entropy_side": 11.771429061889648,
          "hz": 3120.6389567871424
        },
        {
          "acoustic_entropy": 12.017095565795898,
          "acoustic_entropy_side": 11.872699737548828,
          "hz": 3458.990205492291
        },
        {
          "acoustic_entropy": 12.141048431396484,
          "acoustic_entropy_side": 12.102190017700195,
          "hz": 3827.305438964164
        },
        {
          "acoustic_entropy": 11.723158836364746,
          "acoustic_entropy_side": 11.782951354980469,
          "hz": 4228.238232109126
        },
        {
          "acoustic_entropy": 11.846431732177734,
          "acoustic_entropy_side": 11.807916641235352,
          "hz": 4664.6771572759235
        },
        {
          "acoustic_entropy": 11.403050422668457,
          "acoustic_entropy_side": 11.489773750305176,
          "hz": 5139.766595350093
        },
        {
          "acoustic_entropy": 11.654520034790039,
          "acoustic_entropy_side": 11.67741584777832,
          "hz": 5656.929389854203
        },
        {
          "acoustic_entropy": 11.743517875671387,
          "acoustic_entropy_side": 11.723366737365723,
          "hz": 6219.891507268283
        },
        {
          "acoustic_entropy": 11.422693252563477,
          "acoustic_entropy_side": 11.56627082824707,
          "hz": 6832.70888123896
        },
        {
          "acoustic_entropy": 11.619478225708008,
          "acoustic_entropy_side": 11.671310424804688,
          "hz": 7499.796634079867
        },
        {
          "acoustic_entropy": 11.612613677978516,
          "acoustic_entropy_side": 11.662768363952637,
          "hz": 8225.96088609342
        },
        {
          "acoustic_entropy": 11.666272163391113,
          "acoustic_entropy_side": 11.680530548095703,
          "hz": 9016.43338188839
        },
        {
          "acoustic_entropy": 11.682130813598633,
          "acoustic_entropy_side": 11.688741683959961,
          "hz": 9876.909183162974
        },
        {
          "acoustic_entropy": 11.604267120361328,
          "acoustic_entropy_side": 11.65410327911377,
          "hz": 10813.587699516042
        },
        {
          "acoustic_entropy": 11.650938034057617,
          "acoustic_entropy_side": 11.674721717834473,
          "hz": 11833.21735289826
        },
        {
          "acoustic_entropy": 11.699376106262207,
          "acoustic_entropy_side": 11.694286346435547,
          "hz": 12943.144197493959
        },
        {
          "acoustic_entropy": 11.686864852905273,
          "acoustic_entropy_side": 11.686796188354492,
          "hz": 14151.364845322005
        },
        {
          "acoustic_entropy": 11.685948371887207,
          "acoustic_entropy_side": 11.685401916503906,
          "hz": 15466.58407886509
        },
        {
          "acoustic_entropy": 11.685996055603027,
          "acoustic_entropy_side": 11.685542106628418,
          "hz": 16898.27756580493
        },
        {
          "acoustic_entropy": 11.685173034667969,
          "acoustic_entropy_side": 11.685139656066895,
          "hz": 18456.760127700032
        },
        {
          "acoustic_entropy": 11.685093879699707,
          "acoustic_entropy_side": 11.685097694396973,
          "hz": 20153.260054456492
        },
        {
          "acoustic_entropy": 11.685103416442871,
          "acoustic_entropy_side": 11.685103416442871,
          "hz": 22000.00000000001
        }
      ],
      "diff_acoustic_entropy": 2.6940600872039795,
      "sn": 12
    },
    {
      "acoustic_entropy": 18.500818252563477,
      "acoustic_entropy_mono": 18.26044273376465,
      "band_eliminated_acoustic_entropies": [
        {
          "acoustic_entropy": 18.19906234741211,
          "acoustic_entropy_side": 18.4489803314209,
          "hz": 129.47220167065723
        },
        {
          "acoustic_entropy": 17.85665512084961,
          "acoustic_entropy_side": 18.522329330444336,
          "hz": 202.92927478742237
        },
        {
          "acoustic_entropy": 18.935253143310547,
          "acoustic_entropy_side": 18.85933494567871,
          "hz": 282.89161906338205
        },
        {
          "acoustic_entropy": 18.739286422729492,
          "acoustic_entropy_side": 18.622116088867188,
          "hz": 369.9353335868758
        },
        {
          "acoustic_entropy": 18.378562927246094,
          "acoustic_entropy_side": 18.649831771850586,
          "hz": 464.6875360973435
        },
        {
          "acoustic_entropy": 19.107812881469727,
          "acoustic_entropy_side": 20.215688705444336,
          "hz": 567.8308811364784
        },
        {
          "acoustic_entropy": 17.71001625061035,
          "acoustic_entropy_side": 18.460039138793945,
          "hz": 680.1084783214808
        },
        {
          "acoustic_entropy": 17.126672744750977,
          "acoustic_entropy_side": 18.856952667236328,
          "hz": 802.3292461747484
        },
        {
          "acoustic_entropy": 18.533679962158203,
          "acoustic_entropy_side": 19.276870727539062,
          "hz": 935.3737400823702
        },
        {
          "acoustic_entropy": 18.65609359741211,
          "acoustic_entropy_side": 18.76951026916504,
          "hz": 1080.2004963696966
        },
        {
          "acoustic_entropy": 18.09861183166504,
          "acoustic_entropy_side": 18.728158950805664,
          "hz": 1237.8529382007157
        },
        {
          "acoustic_entropy": 18.16042709350586,
          "acoustic_entropy_side": 19.150041580200195,
          "hz": 1409.4668930556702
        },
        {
          "acoustic_entropy": 18.524436950683594,
          "acoustic_entropy_side": 19.555049896240234,
          "hz": 1596.2787759475705
        },
        {
          "acoustic_entropy": 18.485748291015625,
          "acoustic_entropy_side": 18.199806213378906,
          "hz": 1799.6344973346393
        },
        {
          "acoustic_entropy": 19.460861206054688,
          "acoustic_entropy_side": 18.925413131713867,
          "hz": 2020.9991599069049
        },
        {
          "acoustic_entropy": 18.91705894470215,
          "acoustic_entropy_side": 19.688989639282227,
          "hz": 2261.9676141086993
        },
        {
          "acoustic_entropy": 18.652894973754883,
          "acoustic_entropy_side": 17.970998764038086,
          "hz": 2524.2759484456974
        },
        {
          "acoustic_entropy": 17.625932693481445,
          "acoustic_entropy_side": 18.661108016967773,
          "hz": 2809.813997359896
        },
        {
          "acoustic_entropy": 18.233776092529297,
          "acoustic_entropy_side": 18.378517150878906,
          "hz": 3120.6389567871424
        },
        {
