{
  "acoustic_entropy": 155.97425842285156,
  "bands": [
    {
      "high_freq": 148.1999969482422,
      "loudness": -45.884239196777344,
      "loudness_range": 24.10799789428711,
      "mid_mean": -42.52418518066406,
      "mid_to_side_loudness": -12.288617134094238,
      "mid_to_side_loudness_range": 11.02659797668457,
      "side_mean": -54.6757698059082
    },
    {
      "high_freq": 392.3793640136719,
      "loudness": -32.15974426269531,
      "loudness_range": 16.106605529785156,
      "low_freq": 148.1999969482422,
      "mid_mean": -28.971017837524414,
      "mid_to_side_loudness": -10.086328506469727,
      "mid_to_side_loudness_range": 9.027048110961914,
      "side_mean": -39.241119384765625
    },
    {
      "high_freq": 794.6976318359375,
      "loudness": -28.400239944458008,
      "loudness_range": 15.94976806640625,
      "low_freq": 392.3793640136719,
      "mid_mean": -25.681394577026367,
      "mid_to_side_loudness": -6.758800506591797,
      "mid_to_side_loudness_range": 9.660189628601074,
      "side_mean": -32.545204162597656
    },
    {
      "high_freq": 1457.5709228515625,
      "loudness": -34.19306182861328,
      "loudness_range": 22.80380630493164,
      "low_freq": 794.6976318359375,
      "mid_mean": -32.98379135131836,
      "mid_to_side_loudness": -2.025172472000122,
      "mid_to_side_loudness_range": 9.968864440917969,
      "side_mean": -34.937469482421875
    },
    {
      "high_freq": 2549.74365234375,
      "loudness": -38.687191009521484,
      "loudness_range": 19.441923141479492,
      "low_freq": 1457.5709228515625,
      "mid_mean": -37.66122817993164,
      "mid_to_side_loudness": -1.1592477560043335,
      "mid_to_side_loudness_range": 6.81157112121582,
      "side_mean": -38.859596252441406
    },
    {
      "high_freq": 4349.24462890625,
      "loudness": -48.735897064208984,
      "loudness_range": 23.843597412109375,
      "low_freq": 2549.74365234375,
      "mid_mean": -49.288875579833984,
      "mid_to_side_loudness": 0.02822056971490383,
      "mid_to_side_loudness_range": 8.169286727905273,
      "side_mean": -49.22854232788086
    },
    {
      "high_freq": 7314.1640625,
      "loudness": -61.246498107910156,
      "loudness_range": 24.929367065429688,
      "low_freq": 4349.24462890625,
      "mid_mean": -61.12409591674805,
      "mid_to_side_loudness": -0.3988962471485138,
      "mid_to_side_loudness_range": 5.883511543273926,
      "side_mean": -61.396541595458984
    },
    {
      "high_freq": 12199.2666015625,
      "loudness": -75.53504943847656,
      "loudness_range": 22.027694702148438,
      "low_freq": 7314.1640625,
      "mid_mean": -68.3919677734375,
      "mid_to_side_loudness": -0.35893020033836365,
      "mid_to_side_loudness_range": 4.987092971801758,
      "side_mean": -68.49602508544922
    },
    {
      "loudness": -84.62178039550781,
      "loudness_range": 6.484504699707031,
      "low_freq": 12199.2666015625,
      "mid_mean": -69.79130554199219,
      "mid_to_side_loudness": 0.07787704467773438,
      "mid_to_side_loudness_range": 0.7843327522277832,
      "side_mean": -69.79289245605469
    }
  ],
  "bands_short": [
    {
      "high_freq": 148.1999969482422,
      "loudness": -50.7075080871582,
      "loudness_range": 26.71646499633789,
      "mid_mean": -47.35211181640625,
      "mid_to_side_loudness": -13.083715438842773,
      "mid_to_side_loudness_range": 15.974800109863281,
      "side_mean": -59.623023986816406
    },
    {
      "high_freq": 392.3793640136719,
      "loudness": -33.289344787597656,
      "loudness_range": 18.427175521850586,
      "low_freq": 148.1999969482422,
      "mid_mean": -30.11851692199707,
      "mid_to_side_loudness": -9.66215991973877,
      "mid_to_side_loudness_range": 12.144044876098633,
      "side_mean": -40.27055740356445
    },
    {
      "high_freq": 794.6976318359375,
      "loudness": -28.984237670898438,
      "loudness_range": 18.43966293334961,
      "low_freq": 392.3793640136719,
      "mid_mean": -26.23031234741211,
      "mid_to_side_loudness": -7.084519386291504,
      "mid_to_side_loudness_range": 11.575922012329102,
      "side_mean": -33.56412887573242
    },
    {
      "high_freq": 1457.5709228515625,
      "loudness": -34.9827880859375,
      "loudness_range": 24.027875900268555,
      "low_freq": 794.6976318359375,
      "mid_mean": -33.79521560668945,
      "mid_to_side_loudness": -2.07401704788208,
      "mid_to_side_loudness_range": 11.570239067077637,
      "side_mean": -35.87194061279297
    },
    {
      "high_freq": 2549.74365234375,
      "loudness": -39.96290969848633,
      "loudness_range": 22.657032012939453,
      "low_freq": 1457.5709228515625,
      "mid_mean": -39.13180923461914,
      "mid_to_side_loudness": -1.0012649297714233,
      "mid_to_side_loudness_range": 8.737029075622559,
      "side_mean": -40.14979934692383
    },
    {
      "high_freq": 4349.24462890625,
      "loudness": -49.93388366699219,
      "loudness_range": 26.205707550048828,
      "low_freq": 2549.74365234375,
      "mid_mean": -51.17620849609375,
      "mid_to_side_loudness": 0.11710429191589355,
      "mid_to_side_loudness_range": 9.480146408081055,
      "side_mean": -51.07575988769531
    },
    {
      "high_freq": 7314.1640625,
      "loudness": -62.72789764404297,
      "loudness_range": 27.141742706298828,
      "low_freq": 4349.24462890625,
      "mid_mean": -62.42073059082031,
      "mid_to_side_loudness": -0.5074976086616516,
      "mid_to_side_loudness_range": 7.084123611450195,
      "side_mean": -62.74580001831055
    },
    {
      "high_freq": 12199.2666015625,
      "loudness": -76.09378051757812,
      "loudness_range": 21.403362274169922,
      "low_freq": 7314.1640625,
      "mid_mean": -68.8289794921875,
      "mid_to_side_loudness": -0.2808154225349426,
      "mid_to_side_loudness_range": 5.237409591674805,
      "side_mean": -68.89015197753906
    },
    {
      "loudness": -84.86949157714844,
      "loudness_range": 5.201957702636719,
      "low_freq": 12199.2666015625,
      "mid_mean": -69.80145263671875,
      "mid_to_side_loudness": 0.10559073835611343,
      "mid_to_side_loudness_range": 1.992849588394165,
      "side_mean": -69.80096435546875
    }
  ],
  "bandwidth": 694.3583984375,
  "channels": 2,
  "covariance": [
    [
      67.08199310302734,
      55.341758728027344,
      27.20280647277832,
      27.65118408203125,
      23.17298126220703,
      27.615121841430664,
      35.90459060668945,
      35.76232147216797,
      35.80519104003906,
      37.50002670288086,
      48.808685302734375,
      47.448822021484375,
      36.666561126708984,
      35.822757720947266,
      9.930282592773438,
      9.15432357788086,
      0.7182220220565796,
      0.6733304858207703
    ],
    [
      55.341758728027344,
      59.91453170776367,
      24.633079528808594,
      26.019380569458008,
      19.331100463867188,
      23.97532081604004,
      28.973295211791992,
      28.212844848632812,
      30.133350372314453,
      32.12043380737305,
      41.543487548828125,
      40.30534362792969,
      32.77095413208008,
      32.13969039916992,
      8.738274574279785,
      7.944228649139404,
      0.6167701482772827,
      0.5838910937309265
    ],
    [
      27.20280647277832,
      24.633079528808594,
      36.12515640258789,
      28.344974517822266,
      19.52788734436035,
      20.063501358032227,
      21.684690475463867,
      22.21215057373047,
      24.2357177734375,
      26.286773681640625,
      32.43081283569336,
      31.332714080810547,
      25.452194213867188,
      24.207687377929688,
      5.2519755363464355,
      4.935631275177002,
      0.3430754244327545,
      0.32288774847984314
    ],
    [
      27.65118408203125,
      26.019380569458008,
      28.344974517822266,
      31.83171272277832,
      17.970138549804688,
      19.085296630859375,
      20.673213958740234,
      20.34239387512207,
      22.736331939697266,
      24.523962020874023,
      32.083885192871094,
      31.096174240112305,
      23.63458824157715,
      22.703123092651367,
      5.105078220367432,
      4.775796890258789,
      0.33718588948249817,
      0.3166177570819855
    ],
    [
      23.17298126220703,
      19.331100463867188,
      19.52788734436035,
      17.970138549804688,
      34.72962188720703,
      31.300756454467773,
      27.038888931274414,
      27.51926040649414,
      31.132944107055664,
      28.528799057006836,
      40.33022689819336,
      40.13948440551758,
      30.72389793395996,
      29.640501022338867,
      6.930403232574463,
      6.523669242858887,
      0.43071627616882324,
      0.40275412797927856
    ],
    [
      27.615121841430664,
      23.97532081604004,
      20.063501358032227,
      19.085296630859375,
      31.300756454467773,
      38.84012222290039,
      31.44100570678711,
      30.894634246826172,
      32.88298416137695,
      31.58132553100586,
      43.36784744262695,
      44.631465911865234,
      34.041316986083984,
      32.21149444580078,
      8.725288391113281,
      8.087995529174805,
      0.5514097213745117,
      0.5251802802085876
    ],
    [
      35.90459060668945,
      28.973295211791992,
      21.684690475463867,
      20.673213958740234,
      27.038888931274414,
      31.44100570678711,
      59.31156921386719,
      52.58353805541992,
      42.00160598754883,
      42.523067474365234,
      56.69967269897461,
      56.05874252319336,
      42.629180908203125,
      42.672332763671875,
      13.32723617553711,
      11.885370254516602,
      0.9631944894790649,
      0.8783252239227295
    ],
    [
      35.76232147216797,
      28.212844848632812,
      22.21215057373047,
      20.34239387512207,
      27.51926040649414,
      30.894634246826172,
      52.58353805541992,
      60.30913543701172,
      42.81044006347656,
      41.59532165527344,
      55.618934631347656,
      54.360713958740234,
      41.53623962402344,
      41.40169906616211,
      13.066320419311523,
      11.685007095336914,
      0.9563607573509216,
      0.9036718010902405
    ],
    [
      35.80519104003906,
      30.133350372314453,
      24.2357177734375,
      22.736331939697266,
      31.132944107055664,
      32.88298416137695,
      42.00160598754883,
      42.81044006347656,
      50.73359298706055,
      46.4233283996582,
      57.24871063232422,
      56.502052307128906,
      44.294700622558594,
      43.34752655029297,
      11.407594680786133,
      10.758267402648926,
      0.7577807307243347,
      0.697390615940094
    ],
    [
      37.50002670288086,
      32.12043380737305,
      26.286773681640625,
      24.523962020874023,
      28.528799057006836,
      31.58132553100586,
      42.523067474365234,
      41.59532165527344,
      46.4233283996582,
      51.359683990478516,
      55.685455322265625,
      55.437591552734375,
      43.19168472290039,
      42.444496154785156,
      11.445333480834961,
      10.547208786010742,
      0.7533083558082581,
      0.7001772522926331
    ],
    [
      48.808685302734375,
      41.543487548828125,
      32.43081283569336,
      32.083885192871094,
      40.33022689819336,
      43.36784744262695,
      56.69967269897461,
      55.618934631347656,
      57.24871063232422,
      55.685455322265625,
      82.44400024414062,
      78.94378662109375,
      59.51640319824219,
      58.29405975341797,
      15.130992889404297,
      14.23039722442627,
      1.0502026081085205,
      0.9829933643341064
    ],
    [
      47.448822021484375,
      40.30534362792969,
      31.332714080810547,
      31.096174240112305,
      40.13948440551758,
      44.631465911865234,
      56.05874252319336,
      54.360713958740234,
      56.502052307128906,
      55.437591552734375,
      78.94378662109375,
      83.45844268798828,
      59.467777252197266,
      58.24728775024414,
      15.336052894592285,
      14.032980918884277,
      1.045676827430725,
      0.9828042387962341
    ],
    [
      36.666561126708984,
      32.77095413208008,
      25.452194213867188,
      23.63458824157715,
      30.72389793395996,
      34.041316986083984,
      42.629180908203125,
      41.53623962402344,
      44.294700622558594,
      43.19168472290039,
      59.51640319824219,
      59.467777252197266,
      55.33839416503906,
      52.477699279785156,
      14.96890640258789,
      14.201179504394531,
      1.0038608312606812,
      0.9413552284240723
    ],
    [
      35.822757720947266,
      32.13969039916992,
      24.207687377929688,
      22.703123092651367,
      29.640501022338867,
      32.21149444580078,
      42.672332763671875,
      41.40169906616211,
      43.34752655029297,
      42.444496154785156,
      58.29405975341797,
      58.24728775024414,
      52.477699279785156,
      52.66008758544922,
      15.0208101272583,
      13.781183242797852,
      0.9786105751991272,
      0.9196813702583313
    ],
    [
      9.930282592773438,
      8.738274574279785,
      5.2519755363464355,
      5.105078220367432,
      6.930403232574463,
      8.725288391113281,
      13.32723617553711,
      13.066320419311523,
      11.407594680786133,
      11.445333480834961,
      15.130992889404297,
      15.336052894592285,
      14.96890640258789,
      15.0208101272583,
      7.568359851837158,
      6.670627117156982,
      0.5140233635902405,
      0.48578426241874695
    ],
    [
      9.15432357788086,
      7.944228649139404,
      4.935631275177002,
      4.775796890258789,
      6.523669242858887,
      8.087995529174805,
      11.885370254516602,
      11.685007095336914,
      10.758267402648926,
      10.547208786010742,
      14.23039722442627,
      14.032980918884277,
      14.201179504394531,
      13.781183242797852,
      6.670627117156982,
      6.508960723876953,
      0.4891658425331116,
      0.46064120531082153
    ],
    [
      0.7182220220565796,
      0.6167701482772827,
      0.3430754244327545,
      0.33718588948249817,
      0.43071627616882324,
      0.5514097213745117,
      0.9631944894790649,
      0.9563607573509216,
      0.7577807307243347,
      0.7533083558082581,
      1.0502026081085205,
      1.045676827430725,
      1.0038608312606812,
      0.9786105751991272,
      0.5140233635902405,
      0.4891658425331116,
      0.06306755542755127,
      0.05656479299068451
    ],
    [
      0.6733304858207703,
      0.5838910937309265,
      0.32288774847984314,
      0.3166177570819855,
      0.40275412797927856,
      0.5251802802085876,
      0.8783252239227295,
      0.9036718010902405,
      0.697390615940094,
      0.7001772522926331,
      0.9829933643341064,
      0.9828042387962341,
      0.9413552284240723,
      0.9196813702583313,
      0.48578426241874695,
      0.46064120531082153,
      0.05656479299068451,
      0.053458716720342636
    ]
  ],
  "covariance_short": [
    [
      80.52852630615234,
      48.4591064453125,
      34.74089813232422,
      32.35717010498047,
      26.764787673950195,
      30.82012939453125,
      39.698448181152344,
      39.88106918334961,
      42.063987731933594,
      43.005882263183594,
      54.87022018432617,
      53.4780158996582,
      36.50839614868164,
      35.6557731628418,
      7.725221633911133,
      7.230457305908203,
      0.636559784412384,
      0.6080152988433838
    ],
    [
      48.4591064453125,
      46.2299690246582,
      24.207120895385742,
      24.02225685119629,
      15.74347972869873,
      19.145530700683594,
      24.403636932373047,
      23.87002944946289,
      26.669179916381836,
      28.474111557006836,
      37.29514694213867,
      36.553375244140625,
      25.083370208740234,
      24.47793960571289,
      5.291940689086914,
      4.991283893585205,
      0.4365166127681732,
      0.41783732175827026
    ],
    [
      34.74089813232422,
      24.207120895385742,
      45.92063903808594,
      31.795019149780273,
      24.77950668334961,
      25.149124145507812,
      28.628639221191406,
      30.253101348876953,
      32.543212890625,
      33.79640579223633,
      41.76728820800781,
      40.556766510009766,
      29.101451873779297,
      27.90962791442871,
      5.213995456695557,
      4.989961624145508,
      0.417590469121933,
      0.4008677899837494
    ],
    [
      32.35717010498047,
      24.02225685119629,
      31.795019149780273,
      37.66293716430664,
      21.892578125,
      23.77955436706543,
      25.22910499572754,
      25.968835830688477,
      28.875688552856445,
      30.190521240234375,
      39.41957473754883,
      38.584938049316406,
      25.166255950927734,
      24.23530387878418,
      4.43289852142334,
      4.273788928985596,
      0.3546302020549774,
      0.3395926058292389
    ],
    [
      26.764787673950195,
      15.74347972869873,
      24.77950668334961,
      21.892578125,
      44.10145950317383,
      37.24317932128906,
      33.25153732299805,
      34.03986358642578,
      38.892303466796875,
      35.6066780090332,
      48.8245964050293,
      49.00699996948242,
      32.39116668701172,
      31.434368133544922,
      6.270155429840088,
      5.801506042480469,
      0.4946262240409851,
      0.4701060950756073
    ],
    [
      30.82012939453125,
      19.145530700683594,
      25.149124145507812,
      23.77955436706543,
      37.24317932128906,
      47.896514892578125,
      37.107975006103516,
      36.47881317138672,
      40.464908599853516,
      38.61216735839844,
      52.031150817871094,
      53.49061584472656,
      35.27116775512695,
      33.932342529296875,
      7.794238090515137,
      7.072591781616211,
      0.6015633940696716,
      0.5796992778778076
    ],
    [
      39.698448181152344,
      24.403636932373047,
      28.628639221191406,
      25.22910499572754,
      33.25153732299805,
      37.107975006103516,
      67.05769348144531,
      57.21461868286133,
      52.59406280517578,
      51.72833251953125,
      65.2274169921875,
      64.29680633544922,
      45.484066009521484,
      43.99150466918945,
      11.445516586303711,
      10.672285079956055,
      1.0101947784423828,
      0.9506539106369019
    ],
    [
      39.88106918334961,
      23.87002944946289,
      30.253101348876953,
      25.968835830688477,
      34.03986358642578,
      36.47881317138672,
      57.21461868286133,
      66.59407806396484,
      52.65067672729492,
      49.653114318847656,
      63.87249755859375,
      62.10808563232422,
      44.2076301574707,
      42.959205627441406,
      11.026838302612305,
      10.07054615020752,
      0.9969872832298279,
      0.9597586989402771
    ],
    [
      42.063987731933594,
      26.669179916381836,
      32.543212890625,
      28.875688552856445,
      38.892303466796875,
      40.464908599853516,
      52.59406280517578,
      52.65067672729492,
      65.96731567382812,
      58.80692672729492,
      69.75761413574219,
      68.74031829833984,
      49.2315673828125,
      47.79887390136719,
      10.906882286071777,
      10.352865219116211,
      0.894170880317688,
      0.8450275659561157
    ],
    [
      43.005882263183594,
      28.474111557006836,
      33.79640579223633,
      30.190521240234375,
      35.6066780090332,
      38.61216735839844,
      51.72833251953125,
      49.653114318847656,
      58.80692672729492,
      65.72038269042969,
      67.36473846435547,
      67.02243041992188,
      47.580631256103516,
      46.42914581298828,
      10.624307632446289,
      9.982996940612793,
      0.8746812343597412,
      0.8313117623329163
    ],
    [
      54.87022018432617,
      37.29514694213867,
      41.76728820800781,
      39.41957473754883,
      48.8245964050293,
      52.031150817871094,
      65.2274169921875,
      63.87249755859375,
      69.75761413574219,
      67.36473846435547,
      99.88032531738281,
      95.70564270019531,
      64.0674819946289,
      62.106117248535156,
      13.836352348327637,
      13.018698692321777,
      1.19611656665802,
      1.143068790435791
    ],
    [
      53.4780158996582,
      36.553375244140625,
      40.556766510009766,
      38.584938049316406,
      49.00699996948242,
      53.49061584472656,
      64.29680633544922,
      62.10808563232422,
      68.74031829833984,
      67.02243041992188,
      95.70564270019531,
      100.47393798828125,
      63.420169830322266,
      61.76308059692383,
      13.862640380859375,
      12.816094398498535,
      1.1828510761260986,
      1.1316077709197998
    ],
    [
      36.50839614868164,
      25.083370208740234,
      29.101451873779297,
      25.166255950927734,
      32.39116668701172,
      35.27116775512695,
      45.484066009521484,
      44.2076301574707,
      49.2315673828125,
      47.580631256103516,
      64.0674819946289,
      63.420169830322266,
      55.65560531616211,
      52.32476043701172,
      13.494979858398438,
      12.784173011779785,
      1.102014422416687,
      1.0503190755844116
    ],
    [
      35.6557731628418,
      24.47793960571289,
      27.90962791442871,
      24.23530387878418,
      31.434368133544922,
      33.932342529296875,
      43.99150466918945,
      42.959205627441406,
      47.79887390136719,
      46.42914581298828,
      62.106117248535156,
      61.76308059692383,
      52.32476043701172,
      52.70126724243164,
      13.452558517456055,
      12.443238258361816,
      1.085349202156067,
      1.0331811904907227
    ],
    [
      7.725221633911133,
      5.291940689086914,
      5.213995456695557,
      4.43289852142334,
      6.270155429840088,
      7.794238090515137,
      11.445516586303711,
      11.026838302612305,
      10.906882286071777,
      10.624307632446289,
      13.836352348327637,
      13.862640380859375,
      13.494979858398438,
      13.452558517456055,
      6.75641393661499,
      5.939828872680664,
      0.5967082977294922,
      0.5697904229164124
    ],
    [
      7.230457305908203,
      4.991283893585205,
      4.989961624145508,
      4.273788928985596,
      5.801506042480469,
      7.072591781616211,
      10.672285079956055,
      10.07054615020752,
      10.352865219116211,
      9.982996940612793,
      13.018698692321777,
      12.816094398498535,
      12.784173011779785,
      12.443238258361816,
      5.939828872680664,
      5.902982234954834,
      0.570612907409668,
      0.5435038208961487
    ],
    [
      0.636559784412384,
      0.4365166127681732,
      0.417590469121933,
      0.3546302020549774,
      0.4946262240409851,
      0.6015633940696716,
      1.0101947784423828,
      0.9969872832298279,
      0.894170880317688,
      0.8746812343597412,
      1.19611656665802,
      1.1828510761260986,
      1.102014422416687,
      1.085349202156067,
      0.5967082977294922,
      0.570612907409668,
      0.11624372750520706,
      0.10467658936977386
    ],
    [
      0.6080152988433838,
      0.41783732175827026,
      0.4008677899837494,
      0.3395926058292389,
      0.4701060950756073,
      0.5796992778778076,
      0.9506539106369019,
      0.9597586989402771,
      0.8450275659561157,
      0.8313117623329163,
      1.143068790435791,
      1.1316077709197998,
      1.0503190755844116,
      1.0331811904907227,
      0.5697904229164124,
      0.5435038208961487,
      0.10467658936977386,
      0.10087605565786362
    ]
  ],
  "damage": -13.27969741821289,
  "diff_bandwidth": 734.775390625,
  "dissonance": 5.095762119578527,
  "drr": 10.076356887817383,
  "dynamics": 4.644275665283203,
  "format": 1245190,
  "frames": 18928576,
  "loudness": -20.96044921875,
  "loudness_range": 13.816726684570312,
  "loudness_range_short": 16.92544174194336,
  "lowpass_true_peak_15khz": -0.7396923899650574,
  "mastering3_acoustic_entropies": [
    {
      "acoustic_entropy": 7.153609752655029,
      "acoustic_entropy_mono": 7.218495845794678,
      "band_eliminated_acoustic_entropies": [
        {
          "acoustic_entropy": 7.158699035644531,
          "acoustic_entropy_side": 7.153640270233154,
          "hz": 129.47220167065723
        },
        {
          "acoustic_entropy": 7.1507182121276855,
          "acoustic_entropy_side": 7.1551194190979,
          "hz": 202.92927478742237
        },
        {
          "acoustic_entropy": 7.184756755828857,
          "acoustic_entropy_side": 7.163216590881348,
          "hz": 282.89161906338205
        },
        {
          "acoustic_entropy": 7.589339733123779,
          "acoustic_entropy_side": 7.133999824523926,
          "hz": 369.9353335868758
        },
        {
          "acoustic_entropy": 7.33389139175415,
          "acoustic_entropy_side": 7.074756622314453,
          "hz": 464.6875360973435
        },
        {
          "acoustic_entropy": 6.832468509674072,
          "acoustic_entropy_side": 7.647780895233154,
          "hz": 567.8308811364784
        },
        {
          "acoustic_entropy": 7.079867839813232,
          "acoustic_entropy_side": 7.777885437011719,
          "hz": 680.1084783214808
        },
        {
          "acoustic_entropy": 6.741160869598389,
          "acoustic_entropy_side": 7.0565714836120605,
          "hz": 802.3292461747484
        },
        {
          "acoustic_entropy": 7.140310287475586,
          "acoustic_entropy_side": 7.1933064460754395,
          "hz": 935.3737400823702
        },
        {
          "acoustic_entropy": 7.220587730407715,
          "acoustic_entropy_side": 7.057513236999512,
          "hz": 1080.2004963696966
        },
        {
          "acoustic_entropy": 7.054248809814453,
          "acoustic_entropy_side": 7.282320499420166,
          "hz": 1237.8529382007157
        },
        {
          "acoustic_entropy": 6.819386959075928,
          "acoustic_entropy_side": 6.985124111175537,
          "hz": 1409.4668930556702
        },
        {
          "acoustic_entropy": 6.933242321014404,
          "acoustic_entropy_side": 7.169763565063477,
          "hz": 1596.2787759475705
        },
        {
          "acoustic_entropy": 7.4358696937561035,
          "acoustic_entropy_side": 7.30751895904541,
          "hz": 1799.6344973346393
        },
        {
          "acoustic_entropy": 7.417051315307617,
          "acoustic_entropy_side": 7.3238606452941895,
          "hz": 2020.9991599069049
        },
        {
          "acoustic_entropy": 7.2466139793396,
          "acoustic_entropy_side": 7.188143253326416,
          "hz": 2261.9676141086993
        },
        {
          "acoustic_entropy": 7.118956089019775,
          "acoustic_entropy_side": 7.121618747711182,
          "hz": 2524.2759484456974
        },
        {
          "acoustic_entropy": 7.148743629455566,
          "acoustic_entropy_side": 7.164846897125244,
          "hz": 2809.813997359896
        },
        {
          "acoustic_entropy": 7.188321590423584,
          "acoustic_entropy_side": 7.167438507080078,
          "hz": 3120.6389567871424
        },
        {
          "acoustic_entropy": 7.19120979309082,
          "acoustic_entropy_side": 7.16123104095459,
          "hz": 3458.990205492291
        },
        {
          "acoustic_entropy": 7.16185188293457,
          "acoustic_entropy_side": 7.156510353088379,
          "hz": 3827.305438964164
        },
        {
          "acoustic_entropy": 7.155905723571777,
          "acoustic_entropy_side": 7.1540398597717285,
          "hz": 4228.238232109126
        },
        {
          "acoustic_entropy": 7.1563849449157715,
          "acoustic_entropy_side": 7.154710292816162,
          "hz": 4664.6771572759235
        },
        {
          "acoustic_entropy": 7.154938697814941,
          "acoustic_entropy_side": 7.154366493225098,
          "hz": 5139.766595350093
        },
        {
          "acoustic_entropy": 7.154007434844971,
          "acoustic_entropy_side": 7.153882026672363,
          "hz": 5656.929389854203
        },
        {
          "acoustic_entropy": 7.153918266296387,
          "acoustic_entropy_side": 7.153759479522705,
          "hz": 6219.891507268283
        },
        {
          "acoustic_entropy": 7.153687477111816,
          "acoustic_entropy_side": 7.153647422790527,
          "hz": 6832.70888123896
        },
        {
          "acoustic_entropy": 7.153637886047363,
          "acoustic_entropy_side": 7.1536149978637695,
          "hz": 7499.796634079867
        },
        {
          "acoustic_entropy": 7.153618812561035,
          "acoustic_entropy_side": 7.153613567352295,
          "hz": 8225.96088609342
        },
        {
          "acoustic_entropy": 7.153611660003662,
          "acoustic_entropy_side": 7.153611660003662,
          "hz": 9016.43338188839
        },
        {
          "acoustic_entropy": 7.153611660003662,
          "acoustic_entropy_side": 7.153610706329346,
          "hz": 9876.909183162974
        },
        {
          "acoustic_entropy": 7.153609752655029,
          "acoustic_entropy_side": 7.153609752655029,
          "hz": 10813.587699516042
        },
        {
          "acoustic_entropy": 7.153609752655029,
          "acoustic_entropy_side": 7.153609752655029,
          "hz": 11833.21735289826
        },
        {
          "acoustic_entropy": 7.153609752655029,
          "acoustic_entropy_side": 7.153609752655029,
          "hz": 12943.144197493959
        },
        {
          "acoustic_entropy": 7.153609752655029,
          "acoustic_entropy_side": 7.153609752655029,
          "hz": 14151.364845322005
        },
        {
          "acoustic_entropy": 7.153609752655029,
          "acoustic_entropy_side": 7.153609752655029,
          "hz": 15466.58407886509
        },
        {
          "acoustic_entropy": 7.153609752655029,
          "acoustic_entropy_side": 7.153609752655029,
          "hz": 16898.27756580493
        },
        {
          "acoustic_entropy": 7.153609752655029,
          "acoustic_entropy_side": 7.153609752655029,
          "hz": 18456.760127700032
        },
        {
          "acoustic_entropy": 7.153609752655029,
          "acoustic_entropy_side": 7.153609752655029,
          "hz": 20153.260054456492
        },
        {
          "acoustic_entropy": 7.153609752655029,
          "acoustic_entropy_side": 7.153609752655029,
          "hz": 22000.00000000001
        }
      ],
      "diff_acoustic_entropy": 5.971639156341553,
      "sn": 6
    },
    {
      "acoustic_entropy": 10.339062690734863,
      "acoustic_entropy_mono": 10.00523567199707,
      "band_eliminated_acoustic_entropies": [
        {
          "acoustic_entropy": 10.318941116333008,
          "acoustic_entropy_side": 10.339149475097656,
          "hz": 129.47220167065723
        },
        {
          "acoustic_entropy": 10.424907684326172,
          "acoustic_entropy_side": 10.342730522155762,
          "hz": 202.92927478742237
        },
        {
          "acoustic_entropy": 10.648406028747559,
          "acoustic_entropy_side": 10.336014747619629,
          "hz": 282.89161906338205
        },
        {
          "acoustic_entropy": 11.412528991699219,
          "acoustic_entropy_side": 10.362273216247559,
          "hz": 369.9353335868758
        },
        {
          "acoustic_entropy": 11.744155883789062,
          "acoustic_entropy_side": 10.217171669006348,
          "hz": 464.6875360973435
        },
        {
          "acoustic_entropy": 10.728643417358398,
          "acoustic_entropy_side": 10.510486602783203,
          "hz": 567.8308811364784
        },
        {
          "acoustic_entropy": 10.117738723754883,
          "acoustic_entropy_side": 10.900130271911621,
          "hz": 680.1084783214808
        },
        {
          "acoustic_entropy": 9.875190734863281,
          "acoustic_entropy_side": 10.193260192871094,
          "hz": 802.3292461747484
        },
        {
          "acoustic_entropy": 10.338988304138184,
          "acoustic_entropy_side": 10.390722274780273,
          "hz": 935.3737400823702
        },
        {
          "acoustic_entropy": 10.690339088439941,
          "acoustic_entropy_side": 10.720194816589355,
          "hz": 1080.2004963696966
        },
        {
          "acoustic_entropy": 10.411249160766602,
          "acoustic_entropy_side": 10.507960319519043,
          "hz": 1237.8529382007157
        },
        {
          "acoustic_entropy": 10.629740715026855,
          "acoustic_entropy_side": 10.133564949035645,
          "hz": 1409.4668930556702
        },
        {
          "acoustic_entropy": 9.933333396911621,
          "acoustic_entropy_side": 9.961779594421387,
          "hz": 1596.2787759475705
        },
        {
          "acoustic_entropy": 10.397825241088867,
          "acoustic_entropy_side": 10.539921760559082,
          "hz": 1799.6344973346393
        },
        {
          "acoustic_entropy": 10.310159683227539,
          "acoustic_entropy_side": 10.464349746704102,
          "hz": 2020.9991599069049
        },
        {
          "acoustic_entropy": 10.706304550170898,
          "acoustic_entropy_side": 10.616884231567383,
          "hz": 2261.9676141086993
        },
        {
          "acoustic_entropy": 10.036593437194824,
          "acoustic_entropy_side": 10.175968170166016,
          "hz": 2524.2759484456974
        },
        {
          "acoustic_entropy": 10.136499404907227,
          "acoustic_entropy_side": 9.922782897949219,
          "hz": 2809.813997359896
        },
        {
          "acoustic_entropy": 10.475760459899902,
          "acoustic_entropy_side": 10.537919044494629,
          "hz": 3120.6389567871424
        },
        {
          "acoustic_entropy": 10.294974327087402,
          "acoustic_entropy_side": 10.253434181213379,
          "hz": 3458.990205492291
        },
        {
          "acoustic_entropy": 10.286566734313965,
          "acoustic_entropy_side": 10.288461685180664,
          "hz": 3827.305438964164
        },
        {
          "acoustic_entropy": 10.312132835388184,
          "acoustic_entropy_side": 10.313849449157715,
          "hz": 4228.238232109126
        },
        {
          "acoustic_entropy": 10.328845024108887,
          "acoustic_entropy_side": 10.335762977600098,
          "hz": 4664.6771572759235
        },
        {
          "acoustic_entropy": 10.332768440246582,
          "acoustic_entropy_side": 10.3412504196167,
          "hz": 5139.766595350093
        },
        {
          "acoustic_entropy": 10.326900482177734,
          "acoustic_entropy_side": 10.337848663330078,
          "hz": 5656.929389854203
        },
        {
          "acoustic_entropy": 10.331613540649414,
          "acoustic_entropy_side": 10.33837890625,
          "hz": 6219.891507268283
        },
        {
          "acoustic_entropy": 10.33822250366211,
          "acoustic_entropy_side": 10.339088439941406,
          "hz": 6832.70888123896
        },
        {
          "acoustic_entropy": 10.33915901184082,
          "acoustic_entropy_side": 10.339069366455078,
          "hz": 7499.796634079867
        },
        {
          "acoustic_entropy": 10.339067459106445,
          "acoustic_entropy_side": 10.339066505432129,
          "hz": 8225.96088609342
        },
        {
          "acoustic_entropy": 10.338982582092285,
          "acoustic_entropy_side": 10.33905029296875,
          "hz": 9016.43338188839
        },
        {
          "acoustic_entropy": 10.339022636413574,
          "acoustic_entropy_side": 10.33905029296875,
          "hz": 9876.909183162974
        },
        {
          "acoustic_entropy": 10.339058876037598,
          "acoustic_entropy_side": 10.339061737060547,
          "hz": 10813.587699516042
        },
        {
          "acoustic_entropy": 10.339062690734863,
          "acoustic_entropy_side": 10.339061737060547,
          "hz": 11833.21735289826
        },
        {
          "acoustic_entropy": 10.339062690734863,
          "acoustic_entropy_side": 10.339062690734863,
          "hz": 12943.144197493959
        },
        {
          "acoustic_entropy": 10.339062690734863,
          "acoustic_entropy_side": 10.339062690734863,
          "hz": 14151.364845322005
        },
        {
          "acoustic_entropy": 10.339062690734863,
          "acoustic_entropy_side": 10.339062690734863,
          "hz": 15466.58407886509
        },
        {
          "acoustic_entropy": 10.339062690734863,
          "acoustic_entropy_side": 10.339062690734863,
          "hz": 16898.27756580493
        },
        {
          "acoustic_entropy": 10.339062690734863,
          "acoustic_entropy_side": 10.339062690734863,
          "hz": 18456.760127700032
        },
        {
          "acoustic_entropy": 10.339062690734863,
          "acoustic_entropy_side": 10.339062690734863,
          "hz": 20153.260054456492
        },
        {
          "acoustic_entropy": 10.339062690734863,
          "acoustic_entropy_side": 10.339062690734863,
          "hz": 22000.00000000001
        }
      ],
      "diff_acoustic_entropy": 8.7943754196167,
      "sn": 12
    },
    {
      "acoustic_entropy": 17.3515625,
      "acoustic_entropy_mono": 15.494556427001953,
      "band_eliminated_acoustic_entropies": [
        {
          "acoustic_entropy": 17.77503204345703,
          "acoustic_entropy_side": 17.326908111572266,
          "hz": 129.47220167065723
        },
        {
          "acoustic_entropy": 17.498126983642578,
          "acoustic_entropy_side": 17.33271026611328,
          "hz": 202.92927478742237
        },
        {
          "acoustic_entropy": 18.06816864013672,
          "acoustic_entropy_side": 17.660655975341797,
          "hz": 282.89161906338205
        },
        {
          "acoustic_entropy": 17.919288635253906,
          "acoustic_entropy_side": 17.122713088989258,
          "hz": 369.9353335868758
        },
        {
          "acoustic_entropy": 17.35853385925293,
          "acoustic_entropy_side": 17.356422424316406,
          "hz": 464.6875360973435
        },
        {
          "acoustic_entropy": 17.801944732666016,
          "acoustic_entropy_side": 17.264684677124023,
          "hz": 567.8308811364784
        },
        {
          "acoustic_entropy": 17.308425903320312,
          "acoustic_entropy_side": 17.229337692260742,
          "hz": 680.1084783214808
        },
        {
          "acoustic_entropy": 17.01011848449707,
          "acoustic_entropy_side": 17.218700408935547,
          "hz": 802.3292461747484
        },
        {
          "acoustic_entropy": 18.051044464111328,
          "acoustic_entropy_side": 17.499086380004883,
          "hz": 935.3737400823702
        },
        {
          "acoustic_entropy": 17.587491989135742,
          "acoustic_entropy_side": 17.296945571899414,
          "hz": 1080.2004963696966
        },
        {
          "acoustic_entropy": 16.826425552368164,
          "acoustic_entropy_side": 16.80599021911621,
          "hz": 1237.8529382007157
        },
        {
          "acoustic_entropy": 17.215219497680664,
          "acoustic_entropy_side": 17.933090209960938,
          "hz": 1409.4668930556702
        },
        {
          "acoustic_entropy": 17.856727600097656,
          "acoustic_entropy_side": 17.57271957397461,
          "hz": 1596.2787759475705
        },
        {
          "acoustic_entropy": 17.76750946044922,
          "acoustic_entropy_side": 17.28756332397461,
          "hz": 1799.6344973346393
        },
        {
          "acoustic_entropy": 17.81818389892578,
          "acoustic_entropy_side": 17.700986862182617,
          "hz": 2020.9991599069049
        },
        {
          "acoustic_entropy": 17.797725677490234,
          "acoustic_entropy_side": 18.364013671875,
          "hz": 2261.9676141086993
        },
        {
          "acoustic_entropy": 17.257238388061523,
          "acoustic_entropy_side": 17.98598861694336,
          "hz": 2524.2759484456974
        },
        {
          "acoustic_entropy": 17.587234497070312,
          "acoustic_entropy_side": 17.2841854095459,
          "hz": 2809.813997359896
        },
        {
          "acoustic_entropy": 17.215007781982422,
