{
  "acoustic_entropy": 127.42321014404297,
  "bands": [
    {
      "high_freq": 148.1999969482422,
      "loudness": -50.877952575683594,
      "loudness_range": 17.674663543701172,
      "mid_mean": -50.12809371948242,
      "mid_to_side_loudness": -11.058210372924805,
      "mid_to_side_loudness_range": 13.363658905029297,
      "side_mean": -60.017066955566406
    },
    {
      "high_freq": 392.3793640136719,
      "loudness": -36.689186096191406,
      "loudness_range": 12.369924545288086,
      "low_freq": 148.1999969482422,
      "mid_mean": -33.56944274902344,
      "mid_to_side_loudness": -9.5293607711792,
      "mid_to_side_loudness_range": 9.397241592407227,
      "side_mean": -43.376644134521484
    },
    {
      "high_freq": 794.6976318359375,
      "loudness": -38.55384063720703,
      "loudness_range": 16.84197998046875,
      "low_freq": 392.3793640136719,
      "mid_mean": -35.87845993041992,
      "mid_to_side_loudness": -7.156840801239014,
      "mid_to_side_loudness_range": 10.663986206054688,
      "side_mean": -43.3055305480957
    },
    {
      "high_freq": 1457.5709228515625,
      "loudness": -44.342140197753906,
      "loudness_range": 28.269224166870117,
      "low_freq": 794.6976318359375,
      "mid_mean": -41.86140060424805,
      "mid_to_side_loudness": -6.309234619140625,
      "mid_to_side_loudness_range": 7.034580230712891,
      "side_mean": -48.61027908325195
    },
    {
      "high_freq": 2549.74365234375,
      "loudness": -60.984619140625,
      "loudness_range": 25.79324722290039,
      "low_freq": 1457.5709228515625,
      "mid_mean": -58.773292541503906,
      "mid_to_side_loudness": -4.000002384185791,
      "mid_to_side_loudness_range": 7.017884731292725,
      "side_mean": -61.93351745605469
    },
    {
      "high_freq": 4349.24462890625,
      "loudness": -71.68639373779297,
      "loudness_range": 18.378021240234375,
      "low_freq": 2549.74365234375,
      "mid_mean": -66.22602844238281,
      "mid_to_side_loudness": -2.570284605026245,
      "mid_to_side_loudness_range": 5.726442813873291,
      "side_mean": -67.62808227539062
    },
    {
      "high_freq": 7314.1640625,
      "loudness": -73.7235336303711,
      "loudness_range": 18.62340545654297,
      "low_freq": 4349.24462890625,
      "mid_mean": -67.06201934814453,
      "mid_to_side_loudness": -1.7490887641906738,
      "mid_to_side_loudness_range": 4.612531661987305,
      "side_mean": -67.93582153320312
    },
    {
      "high_freq": 12199.2666015625,
      "loudness": -77.6826171875,
      "loudness_range": 5.797782897949219,
      "low_freq": 7314.1640625,
      "mid_mean": -69.0015640258789,
      "mid_to_side_loudness": -0.8773707151412964,
      "mid_to_side_loudness_range": 1.556679129600525,
      "side_mean": -69.21037292480469
    },
    {
      "loudness": 0,
      "loudness_range": 0,
      "low_freq": 12199.2666015625,
      "mid_mean": -69.26547241210938,
      "mid_to_side_loudness": -1.656615138053894,
      "mid_to_side_loudness_range": 1.265683889389038,
      "side_mean": -69.47272491455078
    }
  ],
  "bands_short": [
    {
      "high_freq": 148.1999969482422,
      "loudness": -56.476593017578125,
      "loudness_range": 21.58556365966797,
      "mid_mean": -54.4394645690918,
      "mid_to_side_loudness": -12.036321640014648,
      "mid_to_side_loudness_range": 17.351957321166992,
      "side_mean": -64.19934844970703
    },
    {
      "high_freq": 392.3793640136719,
      "loudness": -37.010555267333984,
      "loudness_range": 13.401805877685547,
      "low_freq": 148.1999969482422,
      "mid_mean": -33.93869400024414,
      "mid_to_side_loudness": -9.612662315368652,
      "mid_to_side_loudness_range": 11.311833381652832,
      "side_mean": -43.87492370605469
    },
    {
      "high_freq": 794.6976318359375,
      "loudness": -38.83024215698242,
      "loudness_range": 17.80250358581543,
      "low_freq": 392.3793640136719,
      "mid_mean": -36.27543258666992,
      "mid_to_side_loudness": -7.207045078277588,
      "mid_to_side_loudness_range": 13.734384536743164,
      "side_mean": -43.7381477355957
    },
    {
      "high_freq": 1457.5709228515625,
      "loudness": -44.1295166015625,
      "loudness_range": 27.372756958007812,
      "low_freq": 794.6976318359375,
      "mid_mean": -41.81758499145508,
      "mid_to_side_loudness": -6.7260966300964355,
      "mid_to_side_loudness_range": 11.327116012573242,
      "side_mean": -48.97530746459961
    },
    {
      "high_freq": 2549.74365234375,
      "loudness": -61.8131103515625,
      "loudness_range": 26.44356918334961,
      "low_freq": 1457.5709228515625,
      "mid_mean": -59.63475799560547,
      "mid_to_side_loudness": -3.914445638656616,
      "mid_to_side_loudness_range": 11.247512817382812,
      "side_mean": -62.642372131347656
    },
    {
      "high_freq": 4349.24462890625,
      "loudness": -73.43247985839844,
      "loudness_range": 17.930156707763672,
      "low_freq": 2549.74365234375,
      "mid_mean": -67.13536071777344,
      "mid_to_side_loudness": -1.872934103012085,
      "mid_to_side_loudness_range": 6.737583637237549,
      "side_mean": -68.05943298339844
    },
    {
      "high_freq": 7314.1640625,
      "loudness": -74.56926727294922,
      "loudness_range": 18.399662017822266,
      "low_freq": 4349.24462890625,
      "mid_mean": -67.63459014892578,
      "mid_to_side_loudness": -1.1342074871063232,
      "mid_to_side_loudness_range": 5.972189903259277,
      "side_mean": -68.20408630371094
    },
    {
      "high_freq": 12199.2666015625,
      "loudness": -78.53936767578125,
      "loudness_range": 6.11407470703125,
      "low_freq": 7314.1640625,
      "mid_mean": -69.13142395019531,
      "mid_to_side_loudness": -0.6691529750823975,
      "mid_to_side_loudness_range": 2.1000723838806152,
      "side_mean": -69.28007507324219
    },
    {
      "loudness": 0,
      "loudness_range": 0,
      "low_freq": 12199.2666015625,
      "mid_mean": -69.26213073730469,
      "mid_to_side_loudness": -1.6564888954162598,
      "mid_to_side_loudness_range": 2.0469443798065186,
      "side_mean": -69.46973419189453
    }
  ],
  "bandwidth": 604.7372436523438,
  "channels": 2,
  "covariance": [
    [
      85.01185607910156,
      47.46903991699219,
      18.500797271728516,
      19.410037994384766,
      16.330007553100586,
      15.669575691223145,
      20.079160690307617,
      26.991395950317383,
      27.7728328704834,
      20.597637176513672,
      8.048075675964355,
      4.930996894836426,
      6.963718891143799,
      4.88463020324707,
      1.680840253829956,
      1.343116044998169,
      0.5511521100997925,
      0.5666340589523315
    ],
    [
      47.46903991699219,
      34.22651672363281,
      13.205828666687012,
      13.073200225830078,
      11.40087890625,
      10.369196891784668,
      12.643309593200684,
      16.431188583374023,
      17.216482162475586,
      12.96741771697998,
      3.910982370376587,
      2.335049629211426,
      4.129741191864014,
      2.853132724761963,
      0.9652547240257263,
      0.7477825880050659,
      0.3366647958755493,
      0.3419671654701233
    ],
    [
      18.500797271728516,
      13.205828666687012,
      28.65862274169922,
      21.076047897338867,
      6.726322174072266,
      6.376750469207764,
      0.6959450244903564,
      3.2465968132019043,
      5.861461639404297,
      3.8910884857177734,
      0.863378643989563,
      0.5928006768226624,
      1.2332361936569214,
      0.6170628070831299,
      0.022323381155729294,
      0.03580369055271149,
      0.13744284212589264,
      0.08596847951412201
    ],
    [
      19.410037994384766,
      13.073200225830078,
      21.076047897338867,
      26.416629791259766,
      7.948629856109619,
      6.85499382019043,
      4.260021686553955,
      6.445172309875488,
      8.238228797912598,
      5.780729293823242,
      3.298373222351074,
      2.2444381713867188,
      2.213022232055664,
      1.5283622741699219,
      0.35394486784935,
      0.2700752913951874,
      0.18526318669319153,
      0.13581544160842896
    ],
    [
      16.330007553100586,
      11.40087890625,
      6.726322174072266,
      7.948629856109619,
      42.21460723876953,
      31.636707305908203,
      28.782428741455078,
      34.369781494140625,
      34.11931610107422,
      26.06525993347168,
      10.785072326660156,
      6.856111526489258,
      9.891091346740723,
      7.120548248291016,
      1.7733025550842285,
      1.3865785598754883,
      0.6327699422836304,
      0.600367546081543
    ],
    [
      15.669575691223145,
      10.369196891784668,
      6.376750469207764,
      6.85499382019043,
      31.636707305908203,
      34.97090530395508,
      23.9671688079834,
      29.976959228515625,
      28.190715789794922,
      22.178735733032227,
      8.262067794799805,
      5.433084487915039,
      7.736140727996826,
      5.595763683319092,
      1.3228508234024048,
      1.0306756496429443,
      0.4916372001171112,
      0.4598473310470581
    ],
    [
      20.079160690307617,
      12.643309593200684,
      0.6959450244903564,
      4.260021686553955,
      28.782428741455078,
      23.9671688079834,
      90.1215591430664,
      81.5734634399414,
      47.7597541809082,
      38.51366424560547,
      17.99711036682129,
      11.094525337219238,
      15.297242164611816,
      10.613370895385742,
      5.366881847381592,
      3.721081018447876,
      1.3468159437179565,
      1.3376870155334473
    ],
    [
      26.991395950317383,
      16.431188583374023,
      3.2465968132019043,
      6.445172309875488,
      34.369781494140625,
      29.976959228515625,
      81.5734634399414,
      86.51255798339844,
      50.20429229736328,
      40.04784393310547,
      18.022430419921875,
      11.24213695526123,
      15.154157638549805,
      10.65695571899414,
      5.293047904968262,
      3.7484562397003174,
      1.3543435335159302,
      1.3412399291992188
    ],
    [
      27.7728328704834,
      17.216482162475586,
      5.861461639404297,
      8.238228797912598,
      34.11931610107422,
      28.190715789794922,
      47.7597541809082,
      50.20429229736328,
      63.06647491455078,
      48.87409210205078,
      20.947206497192383,
      13.49554443359375,
      19.21319580078125,
      13.49800968170166,
      3.6953365802764893,
      2.581540822982788,
      0.9065688252449036,
      0.9184598922729492
    ],
    [
      20.597637176513672,
      12.96741771697998,
      3.8910884857177734,
      5.780729293823242,
      26.06525993347168,
      22.178735733032227,
      38.51366424560547,
      40.04784393310547,
      48.87409210205078,
      40.465858459472656,
      15.790124893188477,
      10.351606369018555,
      14.779462814331055,
      10.529300689697266,
      2.827039957046509,
      1.9908922910690308,
      0.7165834903717041,
      0.7278933525085449
    ],
    [
      8.048075675964355,
      3.910982370376587,
      0.863378643989563,
      3.298373222351074,
      10.785072326660156,
      8.262067794799805,
      17.99711036682129,
      18.022430419921875,
      20.947206497192383,
      15.790124893188477,
      16.217004776000977,
      10.040176391601562,
      10.78100299835205,
      7.611208915710449,
      2.1271724700927734,
      1.433028221130371,
      0.3104541301727295,
      0.301018625497818
    ],
    [
      4.930996894836426,
      2.335049629211426,
      0.5928006768226624,
      2.2444381713867188,
      6.856111526489258,
      5.433084487915039,
      11.094525337219238,
      11.24213695526123,
      13.49554443359375,
      10.351606369018555,
      10.040176391601562,
      6.7806620597839355,
      6.624705791473389,
      4.896631717681885,
      1.2525269985198975,
      0.8550388216972351,
      0.19163860380649567,
      0.18867653608322144
    ],
    [
      6.963718891143799,
      4.129741191864014,
      1.2332361936569214,
      2.213022232055664,
      9.891091346740723,
      7.736140727996826,
      15.297242164611816,
      15.154157638549805,
      19.21319580078125,
      14.779462814331055,
      10.78100299835205,
      6.624705791473389,
      13.028393745422363,
      8.6862211227417,
      0.9965808391571045,
      0.6610493063926697,
      0.29085054993629456,
      0.2712220251560211
    ],
    [
      4.88463020324707,
      2.853132724761963,
      0.6170628070831299,
      1.5283622741699219,
      7.120548248291016,
      5.595763683319092,
      10.613370895385742,
      10.65695571899414,
      13.49800968170166,
      10.529300689697266,
      7.611208915710449,
      4.896631717681885,
      8.6862211227417,
      6.106508255004883,
      0.6222625970840454,
      0.41840028762817383,
      0.2025490701198578,
      0.1921074390411377
    ],
    [
      1.680840253829956,
      0.9652547240257263,
      0.022323381155729294,
      0.35394486784935,
      1.7733025550842285,
      1.3228508234024048,
      5.366881847381592,
      5.293047904968262,
      3.6953365802764893,
      2.827039957046509,
      2.1271724700927734,
      1.2525269985198975,
      0.9965808391571045,
      0.6222625970840454,
      3.2424283027648926,
      2.3163528442382812,
      0.09375255554914474,
      0.0854465588927269
    ],
    [
      1.343116044998169,
      0.7477825880050659,
      0.03580369055271149,
      0.2700752913951874,
      1.3865785598754883,
      1.0306756496429443,
      3.721081018447876,
      3.7484562397003174,
      2.581540822982788,
      1.9908922910690308,
      1.433028221130371,
      0.8550388216972351,
      0.6610493063926697,
      0.41840028762817383,
      2.3163528442382812,
      1.701626181602478,
      0.06590268760919571,
      0.060245104134082794
    ],
    [
      0.5511521100997925,
      0.3366647958755493,
      0.13744284212589264,
      0.18526318669319153,
      0.6327699422836304,
      0.4916372001171112,
      1.3468159437179565,
      1.3543435335159302,
      0.9065688252449036,
      0.7165834903717041,
      0.3104541301727295,
      0.19163860380649567,
      0.29085054993629456,
      0.2025490701198578,
      0.09375255554914474,
      0.06590268760919571,
      0.028105586767196655,
      0.027337295934557915
    ],
    [
      0.5666340589523315,
      0.3419671654701233,
      0.08596847951412201,
      0.13581544160842896,
      0.600367546081543,
      0.4598473310470581,
      1.3376870155334473,
      1.3412399291992188,
      0.9184598922729492,
      0.7278933525085449,
      0.301018625497818,
      0.18867653608322144,
      0.2712220251560211,
      0.1921074390411377,
      0.0854465588927269,
      0.060245104134082794,
      0.027337295934557915,
      0.02810540609061718
    ]
  ],
  "covariance_short": [
    [
      77.45625305175781,
      30.77463722229004,
      11.718148231506348,
      15.567696571350098,
      10.684591293334961,
      11.415107727050781,
      18.029115676879883,
      21.051319122314453,
      18.36754035949707,
      13.943610191345215,
      6.2096781730651855,
      4.276757717132568,
      4.109433650970459,
      3.1626710891723633,
      0.5573205351829529,
      0.5670678615570068,
      0.4110572040081024,
      0.43153709173202515
    ],
    [
      30.77463722229004,
      21.008033752441406,
      6.348602294921875,
      8.133199691772461,
      5.090820789337158,
      5.439220428466797,
      6.9473347663879395,
      7.965914726257324,
      8.163628578186035,
      6.165438175201416,
      2.757305860519409,
      1.9557602405548096,
      1.9634546041488647,
      1.4903955459594727,
      0.11368276923894882,
      0.1498921662569046,
      0.1605183631181717,
      0.1680637001991272
    ],
    [
      11.718148231506348,
      6.348602294921875,
      31.530208587646484,
      22.360145568847656,
      4.95955753326416,
      5.19429874420166,
      3.233912229537964,
      3.962877035140991,
      3.845336437225342,
      2.5816776752471924,
      0.35226643085479736,
      0.29986199736595154,
      0.457030326128006,
      0.2935243546962738,
      0.16165226697921753,
      0.12211848050355911,
      0.1354823261499405,
      0.07663577795028687
    ],
    [
      15.567696571350098,
      8.133199691772461,
      22.360145568847656,
      31.618942260742188,
      7.090718746185303,
      6.65403938293457,
      6.1224894523620605,
      7.475388526916504,
      6.743471622467041,
      4.393200397491455,
      2.288297414779663,
      1.6822301149368286,
      1.411073923110962,
      1.0900146961212158,
      0.3490709960460663,
      0.26275065541267395,
      0.19274266064167023,
      0.1384582221508026
    ],
    [
      10.684591293334961,
      5.090820789337158,
      4.95955753326416,
      7.090718746185303,
      46.968605041503906,
      31.184886932373047,
      25.441137313842773,
      31.405315399169922,
      33.51713943481445,
      24.250877380371094,
      9.515275955200195,
      6.29828405380249,
      8.980958938598633,
      6.753900051116943,
      1.4602131843566895,
      1.1575442552566528,
      0.665033757686615,
      0.6228775382041931
    ],
    [
      11.415107727050781,
      5.439220428466797,
      5.19429874420166,
      6.65403938293457,
      31.184886932373047,
      39.006874084472656,
      20.761367797851562,
      27.33803367614746,
      27.16474723815918,
      20.2772216796875,
      7.364081382751465,
      5.063766002655029,
      6.766885280609131,
      5.312693119049072,
      1.1257203817367554,
      0.9089904427528381,
      0.4811702370643616,
      0.4471421539783478
    ],
    [
      18.029115676879883,
      6.9473347663879395,
      3.233912229537964,
      6.1224894523620605,
      25.441137313842773,
      20.761367797851562,
      88.1501235961914,
      77.00917053222656,
      46.40573501586914,
      35.83966827392578,
      13.923470497131348,
      9.001538276672363,
      12.315247535705566,
      9.296648025512695,
      3.8789501190185547,
      2.9030544757843018,
      1.3905982971191406,
      1.3688580989837646
    ],
    [
      21.051319122314453,
      7.965914726257324,
      3.962877035140991,
      7.475388526916504,
      31.405315399169922,
      27.33803367614746,
      77.00917053222656,
      88.8185043334961,
      49.10755157470703,
      37.85200500488281,
      14.03077507019043,
      9.281599044799805,
      12.192341804504395,
      9.366454124450684,
      3.814082384109497,
      2.955379009246826,
      1.3665858507156372,
      1.3531430959701538
    ],
    [
      18.36754035949707,
      8.163628578186035,
      3.845336437225342,
      6.743471622467041,
      33.51713943481445,
      27.16474723815918,
      46.40573501586914,
      49.10755157470703,
      65.24987030029297,
      46.89970779418945,
      18.522905349731445,
      12.259739875793457,
      17.268129348754883,
      12.683500289916992,
      3.0556108951568604,
      2.2437620162963867,
      0.9596526622772217,
      0.9631128311157227
    ],
    [
      13.943610191345215,
      6.165438175201416,
      2.5816776752471924,
      4.393200397491455,
      24.250877380371094,
      20.2772216796875,
      35.83966827392578,
      37.85200500488281,
      46.89970779418945,
      40.874935150146484,
      13.462895393371582,
      9.05788516998291,
      12.594985008239746,
      9.519892692565918,
      2.3396825790405273,
      1.7833764553070068,
      0.7263959646224976,
      0.7350609302520752
    ],
    [
      6.2096781730651855,
      2.757305860519409,
      0.35226643085479736,
      2.288297414779663,
      9.515275955200195,
      7.364081382751465,
      13.923470497131348,
      14.03077507019043,
      18.522905349731445,
      13.462895393371582,
      14.476455688476562,
      9.119213104248047,
      9.335933685302734,
      6.461536884307861,
      1.801978349685669,
      1.1534539461135864,
      0.3029847741127014,
      0.27474766969680786
    ],
    [
      4.276757717132568,
      1.9557602405548096,
      0.29986199736595154,
      1.6822301149368286,
      6.29828405380249,
      5.063766002655029,
      9.001538276672363,
      9.281599044799805,
      12.259739875793457,
      9.05788516998291,
      9.119213104248047,
      6.667526721954346,
      5.821471691131592,
      4.360206127166748,
      1.1195355653762817,
      0.7635977268218994,
      0.1941021978855133,
      0.182037815451622
    ],
    [
      4.109433650970459,
      1.9634546041488647,
      0.457030326128006,
      1.411073923110962,
      8.980958938598633,
      6.766885280609131,
      12.315247535705566,
      12.192341804504395,
      17.268129348754883,
      12.594985008239746,
      9.335933685302734,
      5.821471691131592,
      13.017937660217285,
      8.551231384277344,
      0.9821802973747253,
      0.5770334601402283,
      0.2994808256626129,
      0.24902714788913727
    ],
    [
      3.1626710891723633,
      1.4903955459594727,
      0.2935243546962738,
      1.0900146961212158,
      6.753900051116943,
      5.312693119049072,
      9.296648025512695,
      9.366454124450684,
      12.683500289916992,
      9.519892692565918,
      6.461536884307861,
      4.360206127166748,
      8.551231384277344,
      6.392951488494873,
      0.6383119225502014,
      0.4260900914669037,
      0.21752333641052246,
      0.19009272754192352
    ],
    [
      0.5573205351829529,
      0.11368276923894882,
      0.16165226697921753,
      0.3490709960460663,
      1.4602131843566895,
      1.1257203817367554,
      3.8789501190185547,
      3.814082384109497,
      3.0556108951568604,
      2.3396825790405273,
      1.801978349685669,
      1.1195355653762817,
      0.9821802973747253,
      0.6383119225502014,
      2.178767442703247,
      1.5070838928222656,
      0.08306821435689926,
      0.0657929927110672
    ],
    [
      0.5670678615570068,
      0.1498921662569046,
      0.12211848050355911,
      0.26275065541267395,
      1.1575442552566528,
      0.9089904427528381,
      2.9030544757843018,
      2.955379009246826,
      2.2437620162963867,
      1.7833764553070068,
      1.1534539461135864,
      0.7635977268218994,
      0.5770334601402283,
      0.4260900914669037,
      1.5070838928222656,
      1.147339105606079,
      0.06014201417565346,
      0.05108930170536041
    ],
    [
      0.4110572040081024,
      0.1605183631181717,
      0.1354823261499405,
      0.19274266064167023,
      0.665033757686615,
      0.4811702370643616,
      1.3905982971191406,
      1.3665858507156372,
      0.9596526622772217,
      0.7263959646224976,
      0.3029847741127014,
      0.1941021978855133,
      0.2994808256626129,
      0.21752333641052246,
      0.08306821435689926,
      0.06014201417565346,
      0.03463265299797058,
      0.029794849455356598
    ],
    [
      0.43153709173202515,
      0.1680637001991272,
      0.07663577795028687,
      0.1384582221508026,
      0.6228775382041931,
      0.4471421539783478,
      1.3688580989837646,
      1.3531430959701538,
      0.9631128311157227,
      0.7350609302520752,
      0.27474766969680786,
      0.182037815451622,
      0.24902714788913727,
      0.19009272754192352,
      0.0657929927110672,
      0.05108930170536041,
      0.029794849455356598,
      0.032634928822517395
    ]
  ],
  "damage": -21.33616828918457,
  "diff_bandwidth": 654.5686645507812,
  "dissonance": 2.063598754784493,
  "drr": 3.4475369453430176,
  "dynamics": 2.9388208389282227,
  "format": 1245190,
  "frames": 6181824,
  "loudness": -28.352659225463867,
  "loudness_range": 8.647478103637695,
  "loudness_range_short": 9.524101257324219,
  "lowpass_true_peak_15khz": -13.019081115722656,
  "mastering3_acoustic_entropies": [
    {
      "acoustic_entropy": 9.157430648803711,
      "acoustic_entropy_mono": 8.664839744567871,
      "band_eliminated_acoustic_entropies": [
        {
          "acoustic_entropy": 9.158159255981445,
          "acoustic_entropy_side": 9.157438278198242,
          "hz": 129.47220167065723
        },
        {
          "acoustic_entropy": 9.200362205505371,
          "acoustic_entropy_side": 9.157085418701172,
          "hz": 202.92927478742237
        },
        {
          "acoustic_entropy": 9.378860473632812,
          "acoustic_entropy_side": 9.217989921569824,
          "hz": 282.89161906338205
        },
        {
          "acoustic_entropy": 9.772921562194824,
          "acoustic_entropy_side": 9.180587768554688,
          "hz": 369.9353335868758
        },
        {
          "acoustic_entropy": 9.88849925994873,
          "acoustic_entropy_side": 9.373968124389648,
          "hz": 464.6875360973435
        },
        {
          "acoustic_entropy": 9.423768997192383,
          "acoustic_entropy_side": 9.12795639038086,
          "hz": 567.8308811364784
        },
        {
          "acoustic_entropy": 9.187464714050293,
          "acoustic_entropy_side": 9.039413452148438,
          "hz": 680.1084783214808
        },
        {
          "acoustic_entropy": 9.490510940551758,
          "acoustic_entropy_side": 8.945709228515625,
          "hz": 802.3292461747484
        },
        {
          "acoustic_entropy": 8.564891815185547,
          "acoustic_entropy_side": 9.197701454162598,
          "hz": 935.3737400823702
        },
        {
          "acoustic_entropy": 9.264291763305664,
          "acoustic_entropy_side": 9.2117338180542,
          "hz": 1080.2004963696966
        },
        {
          "acoustic_entropy": 9.003852844238281,
          "acoustic_entropy_side": 8.9347562789917,
          "hz": 1237.8529382007157
        },
        {
          "acoustic_entropy": 10.017885208129883,
          "acoustic_entropy_side": 9.49453353881836,
          "hz": 1409.4668930556702
        },
        {
          "acoustic_entropy": 9.263263702392578,
          "acoustic_entropy_side": 9.264102935791016,
          "hz": 1596.2787759475705
        },
        {
          "acoustic_entropy": 9.184897422790527,
          "acoustic_entropy_side": 9.180541038513184,
          "hz": 1799.6344973346393
        },
        {
          "acoustic_entropy": 9.133109092712402,
          "acoustic_entropy_side": 9.15948486328125,
          "hz": 2020.9991599069049
        },
        {
          "acoustic_entropy": 9.160051345825195,
          "acoustic_entropy_side": 9.159734725952148,
          "hz": 2261.9676141086993
        },
        {
          "acoustic_entropy": 9.157577514648438,
          "acoustic_entropy_side": 9.157464027404785,
          "hz": 2524.2759484456974
        },
        {
          "acoustic_entropy": 9.15739917755127,
          "acoustic_entropy_side": 9.157424926757812,
          "hz": 2809.813997359896
        },
        {
          "acoustic_entropy": 9.157410621643066,
          "acoustic_entropy_side": 9.157428741455078,
          "hz": 3120.6389567871424
        },
        {
          "acoustic_entropy": 9.157387733459473,
          "acoustic_entropy_side": 9.157426834106445,
          "hz": 3458.990205492291
        },
        {
          "acoustic_entropy": 9.157268524169922,
          "acoustic_entropy_side": 9.157415390014648,
          "hz": 3827.305438964164
        },
        {
          "acoustic_entropy": 9.156184196472168,
          "acoustic_entropy_side": 9.15730094909668,
          "hz": 4228.238232109126
        },
        {
          "acoustic_entropy": 9.156338691711426,
          "acoustic_entropy_side": 9.157261848449707,
          "hz": 4664.6771572759235
        },
        {
          "acoustic_entropy": 9.156774520874023,
          "acoustic_entropy_side": 9.157339096069336,
          "hz": 5139.766595350093
        },
        {
          "acoustic_entropy": 9.15749454498291,
          "acoustic_entropy_side": 9.157439231872559,
          "hz": 5656.929389854203
        },
        {
          "acoustic_entropy": 9.157435417175293,
          "acoustic_entropy_side": 9.157431602478027,
          "hz": 6219.891507268283
        },
        {
          "acoustic_entropy": 9.157429695129395,
          "acoustic_entropy_side": 9.157430648803711,
          "hz": 6832.70888123896
        },
        {
          "acoustic_entropy": 9.157405853271484,
          "acoustic_entropy_side": 9.157427787780762,
          "hz": 7499.796634079867
        },
        {
          "acoustic_entropy": 9.157402992248535,
          "acoustic_entropy_side": 9.157418251037598,
          "hz": 8225.96088609342
        },
        {
          "acoustic_entropy": 9.158308982849121,
          "acoustic_entropy_side": 9.157476425170898,
          "hz": 9016.43338188839
        },
        {
          "acoustic_entropy": 9.157431602478027,
          "acoustic_entropy_side": 9.157431602478027,
          "hz": 9876.909183162974
        },
        {
          "acoustic_entropy": 9.157431602478027,
          "acoustic_entropy_side": 9.157430648803711,
          "hz": 10813.587699516042
        },
        {
          "acoustic_entropy": 9.157430648803711,
          "acoustic_entropy_side": 9.157430648803711,
          "hz": 11833.21735289826
        },
        {
          "acoustic_entropy": 9.157430648803711,
          "acoustic_entropy_side": 9.157430648803711,
          "hz": 12943.144197493959
        },
        {
          "acoustic_entropy": 9.157430648803711,
          "acoustic_entropy_side": 9.157430648803711,
          "hz": 14151.364845322005
        },
        {
          "acoustic_entropy": 9.157430648803711,
          "acoustic_entropy_side": 9.157430648803711,
          "hz": 15466.58407886509
        },
        {
          "acoustic_entropy": 9.157430648803711,
          "acoustic_entropy_side": 9.157430648803711,
          "hz": 16898.27756580493
        },
        {
          "acoustic_entropy": 9.157430648803711,
          "acoustic_entropy_side": 9.157430648803711,
          "hz": 18456.760127700032
        },
        {
          "acoustic_entropy": 9.157430648803711,
          "acoustic_entropy_side": 9.157430648803711,
          "hz": 20153.260054456492
        },
        {
          "acoustic_entropy": 9.157430648803711,
          "acoustic_entropy_side": 9.157430648803711,
          "hz": 22000.00000000001
        }
      ],
      "diff_acoustic_entropy": 4.34079647064209,
      "sn": 6
    },
    {
      "acoustic_entropy": 12.92249584197998,
      "acoustic_entropy_mono": 11.436710357666016,
      "band_eliminated_acoustic_entropies": [
        {
          "acoustic_entropy": 12.909899711608887,
          "acoustic_entropy_side": 12.922250747680664,
          "hz": 129.47220167065723
        },
        {
          "acoustic_entropy": 12.936902046203613,
          "acoustic_entropy_side": 12.894930839538574,
          "hz": 202.92927478742237
        },
        {
          "acoustic_entropy": 12.817838668823242,
          "acoustic_entropy_side": 12.851300239562988,
          "hz": 282.89161906338205
        },
        {
          "acoustic_entropy": 14.005176544189453,
          "acoustic_entropy_side": 13.123214721679688,
          "hz": 369.9353335868758
        },
        {
          "acoustic_entropy": 13.127829551696777,
          "acoustic_entropy_side": 13.016929626464844,
          "hz": 464.6875360973435
        },
        {
          "acoustic_entropy": 13.40322494506836,
          "acoustic_entropy_side": 12.588164329528809,
          "hz": 567.8308811364784
        },
        {
          "acoustic_entropy": 12.63747501373291,
          "acoustic_entropy_side": 12.524788856506348,
          "hz": 680.1084783214808
        },
        {
          "acoustic_entropy": 13.614473342895508,
          "acoustic_entropy_side": 13.093445777893066,
          "hz": 802.3292461747484
        },
        {
          "acoustic_entropy": 12.147890090942383,
          "acoustic_entropy_side": 13.276105880737305,
          "hz": 935.3737400823702
        },
        {
          "acoustic_entropy": 12.875248908996582,
          "acoustic_entropy_side": 13.19467830657959,
          "hz": 1080.2004963696966
        },
        {
          "acoustic_entropy": 13.21966552734375,
          "acoustic_entropy_side": 12.45881462097168,
          "hz": 1237.8529382007157
        },
        {
          "acoustic_entropy": 13.57049560546875,
          "acoustic_entropy_side": 13.732171058654785,
          "hz": 1409.4668930556702
        },
        {
          "acoustic_entropy": 13.121253967285156,
          "acoustic_entropy_side": 13.237933158874512,
          "hz": 1596.2787759475705
        },
        {
          "acoustic_entropy": 12.903778076171875,
          "acoustic_entropy_side": 13.219695091247559,
          "hz": 1799.6344973346393
        },
        {
          "acoustic_entropy": 13.19314956665039,
          "acoustic_entropy_side": 13.124824523925781,
          "hz": 2020.9991599069049
        },
        {
          "acoustic_entropy": 13.009021759033203,
          "acoustic_entropy_side": 12.9458646774292,
          "hz": 2261.9676141086993
        },
        {
          "acoustic_entropy": 12.92220401763916,
          "acoustic_entropy_side": 12.922327995300293,
          "hz": 2524.2759484456974
        },
        {
          "acoustic_entropy": 12.927892684936523,
          "acoustic_entropy_side": 12.923056602478027,
          "hz": 2809.813997359896
        },
        {
          "acoustic_entropy": 12.928365707397461,
          "acoustic_entropy_side": 12.923002243041992,
          "hz": 3120.6389567871424
        },
        {
          "acoustic_entropy": 12.927038192749023,
          "acoustic_entropy_side": 12.923101425170898,
          "hz": 3458.990205492291
        },
        {
          "acoustic_entropy": 12.9290771484375,
          "acoustic_entropy_side": 12.923498153686523,
          "hz": 3827.305438964164
        },
        {
          "acoustic_entropy": 12.903419494628906,
          "acoustic_entropy_side": 12.919971466064453,
          "hz": 4228.238232109126
        },
        {
          "acoustic_entropy": 12.950258255004883,
          "acoustic_entropy_side": 12.924921035766602,
          "hz": 4664.6771572759235
        },
        {
          "acoustic_entropy": 12.96461296081543,
          "acoustic_entropy_side": 12.928017616271973,
          "hz": 5139.766595350093
        },
        {
          "acoustic_entropy": 12.924241065979004,
          "acoustic_entropy_side": 12.92271900177002,
          "hz": 5656.929389854203
        },
        {
          "acoustic_entropy": 12.922232627868652,
          "acoustic_entropy_side": 12.922464370727539,
          "hz": 6219.891507268283
        },
        {
          "acoustic_entropy": 12.922521591186523,
          "acoustic_entropy_side": 12.922500610351562,
          "hz": 6832.70888123896
        },
        {
          "acoustic_entropy": 12.922296524047852,
          "acoustic_entropy_side": 12.922459602355957,
          "hz": 7499.796634079867
        },
        {
          "acoustic_entropy": 12.928971290588379,
          "acoustic_entropy_side": 12.922715187072754,
          "hz": 8225.96088609342
        },
        {
          "acoustic_entropy": 12.940799713134766,
          "acoustic_entropy_side": 12.928563117980957,
          "hz": 9016.43338188839
        },
        {
          "acoustic_entropy": 12.922609329223633,
          "acoustic_entropy_side": 12.922513961791992,
          "hz": 9876.909183162974
        },
        {
          "acoustic_entropy": 12.922507286071777,
          "acoustic_entropy_side": 12.92249870300293,
          "hz": 10813.587699516042
        },
        {
          "acoustic_entropy": 12.922496795654297,
          "acoustic_entropy_side": 12.92249584197998,
          "hz": 11833.21735289826
        },
        {
          "acoustic_entropy": 12.92249584197998,
          "acoustic_entropy_side": 12.92249584197998,
          "hz": 12943.144197493959
        },
        {
          "acoustic_entropy": 12.92249584197998,
          "acoustic_entropy_side": 12.92249584197998,
          "hz": 14151.364845322005
        },
        {
          "acoustic_entropy": 12.92249584197998,
          "acoustic_entropy_side": 12.92249584197998,
          "hz": 15466.58407886509
        },
        {
          "acoustic_entropy": 12.92249584197998,
          "acoustic_entropy_side": 12.92249584197998,
          "hz": 16898.27756580493
        },
        {
          "acoustic_entropy": 12.92249584197998,
          "acoustic_entropy_side": 12.92249584197998,
          "hz": 18456.760127700032
        },
        {
          "acoustic_entropy": 12.92249584197998,
          "acoustic_entropy_side": 12.92249584197998,
          "hz": 20153.260054456492
        },
        {
          "acoustic_entropy": 12.92249584197998,
          "acoustic_entropy_side": 12.92249584197998,
          "hz": 22000.00000000001
        }
      ],
      "diff_acoustic_entropy": 6.796257019042969,
      "sn": 12
    },
    {
      "acoustic_entropy": 17.934926986694336,
      "acoustic_entropy_mono": 16.116865158081055,
      "band_eliminated_acoustic_entropies": [
        {
          "acoustic_entropy": 17.98662567138672,
          "acoustic_entropy_side": 17.941343307495117,
          "hz": 129.47220167065723
        },
        {
          "acoustic_entropy": 18.201324462890625,
          "acoustic_entropy_side": 17.930265426635742,
          "hz": 202.92927478742237
        },
        {
          "acoustic_entropy": 19.321680068969727,
          "acoustic_entropy_side": 17.513628005981445,
          "hz": 282.89161906338205
        },
        {
          "acoustic_entropy": 18.996952056884766,
          "acoustic_entropy_side": 18.703937530517578,
          "hz": 369.9353335868758
        },
        {
          "acoustic_entropy": 17.751850128173828,
          "acoustic_entropy_side": 18.668975830078125,
          "hz": 464.6875360973435
        },
        {
          "acoustic_entropy": 18.400705337524414,
          "acoustic_entropy_side": 18.500011444091797,
          "hz": 567.8308811364784
        },
        {
          "acoustic_entropy": 18.226980209350586,
          "acoustic_entropy_side": 17.91728973388672,
          "hz": 680.1084783214808
        },
        {
          "acoustic_entropy": 18.86446189880371,
          "acoustic_entropy_side": 19.455610275268555,
          "hz": 802.3292461747484
        },
        {
          "acoustic_entropy": 18.010774612426758,
          "acoustic_entropy_side": 17.38456153869629,
          "hz": 935.3737400823702
        },
        {
          "acoustic_entropy": 17.22150230407715,
          "acoustic_entropy_side": 18.46475601196289,
          "hz": 1080.2004963696966
        },
        {
          "acoustic_entropy": 19.21271324157715,
          "acoustic_entropy_side": 18.191272735595703,
          "hz": 1237.8529382007157
        },
        {
          "acoustic_entropy": 16.923391342163086,
          "acoustic_entropy_side": 17.289079666137695,
          "hz": 1409.4668930556702
        },
        {
          "acoustic_entropy": 17.601665496826172,
          "acoustic_entropy_side": 19.05763816833496,
          "hz": 1596.2787759475705
        },
        {
          "acoustic_entropy": 18.353012084960938,
          "acoustic_entropy_side": 18.191991806030273,
          "hz": 1799.6344973346393
        },
        {
          "acoustic_entropy": 17.733524322509766,
          "acoustic_entropy_side": 17.458194732666016,
          "hz": 2020.9991599069049
        },
        {
          "acoustic_entropy": 18.133190155029297,
          "acoustic_entropy_side": 18.13524627685547,
          "hz": 2261.9676141086993
        },
        {
          "acoustic_entropy": 18.186317443847656,
          "acoustic_entropy_side": 17.895151138305664,
          "hz": 2524.2759484456974
        },
        {
          "acoustic_entropy": 17.82373046875,
          "acoustic_entropy_side": 17.920265197753906,
          "hz": 2809.813997359896
        },
        {
          "acoustic_entropy": 17.980146408081055,
