{
  "acoustic_entropy": 148.59249877929688,
  "bands": [
    {
      "high_freq": 148.1999969482422,
      "loudness": -52.03199768066406,
      "loudness_range": 17.877696990966797,
      "mid_mean": -49.01533508300781,
      "mid_to_side_loudness": -8.82562255859375,
      "mid_to_side_loudness_range": 8.80204963684082,
      "side_mean": -57.48278045654297
    },
    {
      "high_freq": 392.3793640136719,
      "loudness": -35.729793548583984,
      "loudness_range": 9.348512649536133,
      "low_freq": 148.1999969482422,
      "mid_mean": -33.113731384277344,
      "mid_to_side_loudness": -6.138000965118408,
      "mid_to_side_loudness_range": 8.708233833312988,
      "side_mean": -39.36335372924805
    },
    {
      "high_freq": 794.6976318359375,
      "loudness": -33.59169387817383,
      "loudness_range": 10.486089706420898,
      "low_freq": 392.3793640136719,
      "mid_mean": -32.72197723388672,
      "mid_to_side_loudness": -0.7749839425086975,
      "mid_to_side_loudness_range": 8.921110153198242,
      "side_mean": -33.567012786865234
    },
    {
      "high_freq": 1457.5709228515625,
      "loudness": -38.878623962402344,
      "loudness_range": 20.096887588500977,
      "low_freq": 794.6976318359375,
      "mid_mean": -37.7849235534668,
      "mid_to_side_loudness": -1.6878323554992676,
      "mid_to_side_loudness_range": 11.283815383911133,
      "side_mean": -39.6079216003418
    },
    {
      "high_freq": 2549.74365234375,
      "loudness": -46.52288055419922,
      "loudness_range": 26.64021873474121,
      "low_freq": 1457.5709228515625,
      "mid_mean": -45.96987533569336,
      "mid_to_side_loudness": -0.17110884189605713,
      "mid_to_side_loudness_range": 6.152029514312744,
      "side_mean": -46.14198303222656
    },
    {
      "high_freq": 4349.24462890625,
      "loudness": -59.4310417175293,
      "loudness_range": 22.16277313232422,
      "low_freq": 2549.74365234375,
      "mid_mean": -58.564414978027344,
      "mid_to_side_loudness": -0.555192232131958,
      "mid_to_side_loudness_range": 6.113073348999023,
      "side_mean": -59.00328826904297
    },
    {
      "high_freq": 7314.1640625,
      "loudness": -72.61177825927734,
      "loudness_range": 21.113479614257812,
      "low_freq": 4349.24462890625,
      "mid_mean": -67.58255767822266,
      "mid_to_side_loudness": -0.10852904617786407,
      "mid_to_side_loudness_range": 7.487061977386475,
      "side_mean": -67.73450469970703
    },
    {
      "high_freq": 12199.2666015625,
      "loudness": -79.3770980834961,
      "loudness_range": 19.18164825439453,
      "low_freq": 7314.1640625,
      "mid_mean": -69.79793548583984,
      "mid_to_side_loudness": -0.0625564455986023,
      "mid_to_side_loudness_range": 1.996614694595337,
      "side_mean": -69.75413513183594
    },
    {
      "loudness": 0,
      "loudness_range": 0,
      "low_freq": 12199.2666015625,
      "mid_mean": -69.96324157714844,
      "mid_to_side_loudness": 0.32269832491874695,
      "mid_to_side_loudness_range": 1.0755587816238403,
      "side_mean": -69.96473693847656
    }
  ],
  "bands_short": [
    {
      "high_freq": 148.1999969482422,
      "loudness": -57.2548713684082,
      "loudness_range": 21.183040618896484,
      "mid_mean": -54.287811279296875,
      "mid_to_side_loudness": -7.966222763061523,
      "mid_to_side_loudness_range": 16.70451545715332,
      "side_mean": -61.245826721191406
    },
    {
      "high_freq": 392.3793640136719,
      "loudness": -36.59392547607422,
      "loudness_range": 11.702905654907227,
      "low_freq": 148.1999969482422,
      "mid_mean": -34.07843017578125,
      "mid_to_side_loudness": -6.303004264831543,
      "mid_to_side_loudness_range": 12.03973388671875,
      "side_mean": -40.470977783203125
    },
    {
      "high_freq": 794.6976318359375,
      "loudness": -34.03352737426758,
      "loudness_range": 12.365262985229492,
      "low_freq": 392.3793640136719,
      "mid_mean": -33.31489181518555,
      "mid_to_side_loudness": -0.8942399024963379,
      "mid_to_side_loudness_range": 11.951736450195312,
      "side_mean": -34.25959396362305
    },
    {
      "high_freq": 1457.5709228515625,
      "loudness": -39.3395881652832,
      "loudness_range": 21.396316528320312,
      "low_freq": 794.6976318359375,
      "mid_mean": -38.60515594482422,
      "mid_to_side_loudness": -1.2300971746444702,
      "mid_to_side_loudness_range": 12.356508255004883,
      "side_mean": -39.94565963745117
    },
    {
      "high_freq": 2549.74365234375,
      "loudness": -47.290771484375,
      "loudness_range": 23.80377960205078,
      "low_freq": 1457.5709228515625,
      "mid_mean": -46.99277877807617,
      "mid_to_side_loudness": 0.031919874250888824,
      "mid_to_side_loudness_range": 9.054874420166016,
      "side_mean": -47.000335693359375
    },
    {
      "high_freq": 4349.24462890625,
      "loudness": -59.1518669128418,
      "loudness_range": 23.47274398803711,
      "low_freq": 2549.74365234375,
      "mid_mean": -58.68330383300781,
      "mid_to_side_loudness": 0.29534223675727844,
      "mid_to_side_loudness_range": 8.453741073608398,
      "side_mean": -58.37458801269531
    },
    {
      "high_freq": 7314.1640625,
      "loudness": -73.68081665039062,
      "loudness_range": 21.985721588134766,
      "low_freq": 4349.24462890625,
      "mid_mean": -67.89599609375,
      "mid_to_side_loudness": -0.24226172268390656,
      "mid_to_side_loudness_range": 8.1142578125,
      "side_mean": -68.06037139892578
    },
    {
      "high_freq": 12199.2666015625,
      "loudness": -79.7162857055664,
      "loudness_range": 15.274177551269531,
      "low_freq": 7314.1640625,
      "mid_mean": -69.83071899414062,
      "mid_to_side_loudness": -0.034084685146808624,
      "mid_to_side_loudness_range": 2.8420886993408203,
      "side_mean": -69.82445526123047
    },
    {
      "loudness": -81.33181762695312,
      "loudness_range": 18.74311065673828,
      "low_freq": 12199.2666015625,
      "mid_mean": -69.96678161621094,
      "mid_to_side_loudness": 0.3516486585140228,
      "mid_to_side_loudness_range": 2.973019599914551,
      "side_mean": -69.96623229980469
    }
  ],
  "bandwidth": 689.8696899414062,
  "channels": 2,
  "covariance": [
    [
      40.62565231323242,
      29.0262393951416,
      7.243094444274902,
      8.754343032836914,
      8.28085708618164,
      8.755500793457031,
      10.348653793334961,
      12.472894668579102,
      19.709177017211914,
      20.78068733215332,
      22.667404174804688,
      20.5360107421875,
      7.35532283782959,
      6.753142833709717,
      0.755323588848114,
      1.0060442686080933,
      0.09653618931770325,
      0.07089738547801971
    ],
    [
      29.0262393951416,
      27.155244827270508,
      6.466154098510742,
      8.911066055297852,
      7.939553260803223,
      7.549694538116455,
      10.265480041503906,
      12.260027885437012,
      17.49823760986328,
      18.983339309692383,
      18.752277374267578,
      17.204790115356445,
      5.904834747314453,
      5.695127964019775,
      0.5865212678909302,
      0.7518954277038574,
      0.0710800439119339,
      0.05439382046461105
    ],
    [
      7.243094444274902,
      6.466154098510742,
      13.14385986328125,
      9.208372116088867,
      8.889713287353516,
      9.467300415039062,
      10.719791412353516,
      11.977545738220215,
      16.133033752441406,
      16.338848114013672,
      15.363704681396484,
      15.052236557006836,
      6.529630661010742,
      5.818919658660889,
      0.4849036633968353,
      0.6021937131881714,
      0.042950619012117386,
      0.033341411501169205
    ],
    [
      8.754343032836914,
      8.911066055297852,
      9.208372116088867,
      14.814523696899414,
      9.734301567077637,
      9.189775466918945,
      16.06705093383789,
      17.06254005432129,
      21.173995971679688,
      21.458330154418945,
      18.85391616821289,
      18.71731185913086,
      6.111344337463379,
      6.180566787719727,
      0.5193373560905457,
      0.6268393993377686,
      0.04018395394086838,
      0.03270845115184784
    ],
    [
      8.28085708618164,
      7.939553260803223,
      8.889713287353516,
      9.734301567077637,
      19.210712432861328,
      13.597602844238281,
      19.001062393188477,
      17.86789894104004,
      20.079654693603516,
      20.27585220336914,
      19.436140060424805,
      17.606443405151367,
      4.961535930633545,
      5.499907970428467,
      0.11572319269180298,
      -0.09488595277070999,
      -0.02140103280544281,
      -0.008335606195032597
    ],
    [
      8.755500793457031,
      7.549694538116455,
      9.467300415039062,
      9.189775466918945,
      13.597602844238281,
      17.09876251220703,
      11.74691390991211,
      14.46607780456543,
      15.262368202209473,
      15.324992179870605,
      16.51120376586914,
      15.791305541992188,
      4.877824783325195,
      4.206516742706299,
      0.05853671580553055,
      -0.1573817878961563,
      -0.02789616398513317,
      -0.013797879219055176
    ],
    [
      10.348653793334961,
      10.265480041503906,
      10.719791412353516,
      16.06705093383789,
      19.001062393188477,
      11.74691390991211,
      53.81619644165039,
      44.274044036865234,
      42.44718933105469,
      42.198509216308594,
      36.190521240234375,
      33.43231201171875,
      12.16107177734375,
      12.850408554077148,
      1.0954474210739136,
      1.2314233779907227,
      0.07777271419763565,
      0.061943430453538895
    ],
    [
      12.472894668579102,
      12.260027885437012,
      11.977545738220215,
      17.06254005432129,
      17.86789894104004,
      14.46607780456543,
      44.274044036865234,
      52.88108444213867,
      41.24296188354492,
      41.378807067871094,
      37.1239128112793,
      34.29579544067383,
      12.928909301757812,
      12.285439491271973,
      1.26796555519104,
      1.5482097864151,
      0.11332880705595016,
      0.08555665612220764
    ],
    [
      19.709177017211914,
      17.49823760986328,
      16.133033752441406,
      21.173995971679688,
      20.079654693603516,
      15.262368202209473,
      42.44718933105469,
      41.24296188354492,
      65.35713958740234,
      61.02083969116211,
      48.34878921508789,
      48.555694580078125,
      19.320751190185547,
      20.17711639404297,
      2.3495748043060303,
      3.3342936038970947,
      0.27195650339126587,
      0.19317904114723206
    ],
    [
      20.78068733215332,
      18.983339309692383,
      16.338848114013672,
      21.458330154418945,
      20.27585220336914,
      15.324992179870605,
      42.198509216308594,
      41.378807067871094,
      61.02083969116211,
      61.83041763305664,
      46.81914138793945,
      47.07133865356445,
      18.624494552612305,
      19.188995361328125,
      2.289666175842285,
      3.3378548622131348,
      0.26864007115364075,
      0.19035911560058594
    ],
    [
      22.667404174804688,
      18.752277374267578,
      15.363704681396484,
      18.85391616821289,
      19.436140060424805,
      16.51120376586914,
      36.190521240234375,
      37.1239128112793,
      48.34878921508789,
      46.81914138793945,
      47.53843688964844,
      44.28913116455078,
      15.698376655578613,
      15.679476737976074,
      1.7247402667999268,
      2.3171658515930176,
      0.18672114610671997,
      0.1354234665632248
    ],
    [
      20.5360107421875,
      17.204790115356445,
      15.052236557006836,
      18.71731185913086,
      17.606443405151367,
      15.791305541992188,
      33.43231201171875,
      34.29579544067383,
      48.555694580078125,
      47.07133865356445,
      44.28913116455078,
      45.04781723022461,
      15.736820220947266,
      15.978057861328125,
      1.8001428842544556,
      2.462303876876831,
      0.20045721530914307,
      0.14467963576316833
    ],
    [
      7.35532283782959,
      5.904834747314453,
      6.529630661010742,
      6.111344337463379,
      4.961535930633545,
      4.877824783325195,
      12.16107177734375,
      12.928909301757812,
      19.320751190185547,
      18.624494552612305,
      15.698376655578613,
      15.736820220947266,
      12.14969539642334,
      9.953573226928711,
      1.3941959142684937,
      2.0030500888824463,
      0.167734757065773,
      0.11750280857086182
    ],
    [
      6.753142833709717,
      5.695127964019775,
      5.818919658660889,
      6.180566787719727,
      5.499907970428467,
      4.206516742706299,
      12.850408554077148,
      12.285439491271973,
      20.17711639404297,
      19.188995361328125,
      15.679476737976074,
      15.978057861328125,
      9.953573226928711,
      9.813236236572266,
      1.1773761510849,
      1.6314797401428223,
      0.1357818990945816,
      0.09665850549936295
    ],
    [
      0.755323588848114,
      0.5865212678909302,
      0.4849036633968353,
      0.5193373560905457,
      0.11572319269180298,
      0.05853671580553055,
      1.0954474210739136,
      1.26796555519104,
      2.3495748043060303,
      2.289666175842285,
      1.7247402667999268,
      1.8001428842544556,
      1.3941959142684937,
      1.1773761510849,
      0.35508856177330017,
      0.5680301189422607,
      0.05776238441467285,
      0.039263948798179626
    ],
    [
      1.0060442686080933,
      0.7518954277038574,
      0.6021937131881714,
      0.6268393993377686,
      -0.09488595277070999,
      -0.1573817878961563,
      1.2314233779907227,
      1.5482097864151,
      3.3342936038970947,
      3.3378548622131348,
      2.3171658515930176,
      2.462303876876831,
      2.0030500888824463,
      1.6314797401428223,
      0.5680301189422607,
      1.0007436275482178,
      0.09885676950216293,
      0.06614550948143005
    ],
    [
      0.09653618931770325,
      0.0710800439119339,
      0.042950619012117386,
      0.04018395394086838,
      -0.02140103280544281,
      -0.02789616398513317,
      0.07777271419763565,
      0.11332880705595016,
      0.27195650339126587,
      0.26864007115364075,
      0.18672114610671997,
      0.20045721530914307,
      0.167734757065773,
      0.1357818990945816,
      0.05776238441467285,
      0.09885676950216293,
      0.012226523831486702,
      0.008238638751208782
    ],
    [
      0.07089738547801971,
      0.05439382046461105,
      0.033341411501169205,
      0.03270845115184784,
      -0.008335606195032597,
      -0.013797879219055176,
      0.061943430453538895,
      0.08555665612220764,
      0.19317904114723206,
      0.19035911560058594,
      0.1354234665632248,
      0.14467963576316833,
      0.11750280857086182,
      0.09665850549936295,
      0.039263948798179626,
      0.06614550948143005,
      0.008238638751208782,
      0.005579311866313219
    ]
  ],
  "covariance_short": [
    [
      53.314510345458984,
      28.567598342895508,
      10.166829109191895,
      14.599237442016602,
      6.767775058746338,
      7.56658411026001,
      17.232450485229492,
      17.146337509155273,
      20.75357437133789,
      23.727018356323242,
      24.118616104125977,
      23.91044044494629,
      7.684479713439941,
      6.926369667053223,
      0.696395993232727,
      0.7247070670127869,
      0.029958846047520638,
      0.03535640984773636
    ],
    [
      28.567598342895508,
      31.152254104614258,
      8.184588432312012,
      12.588767051696777,
      5.742071628570557,
      5.340186595916748,
      16.502592086791992,
      16.595239639282227,
      19.521350860595703,
      21.513347625732422,
      20.168048858642578,
      20.804468154907227,
      6.402920246124268,
      5.9571452140808105,
      0.5636509656906128,
      0.5627618432044983,
      0.03211214765906334,
      0.03187297657132149
    ],
    [
      10.166829109191895,
      8.184588432312012,
      19.470081329345703,
      12.323412895202637,
      11.774620056152344,
      10.661636352539062,
      14.27781867980957,
      14.567365646362305,
      18.82769012451172,
      18.765682220458984,
      17.460237503051758,
      17.415481567382812,
      6.583491325378418,
      6.1468119621276855,
      0.5026871562004089,
      0.5255216956138611,
      0.023751424625515938,
      0.024467097595334053
    ],
    [
      14.599237442016602,
      12.588767051696777,
      12.323412895202637,
      22.546274185180664,
      11.015057563781738,
      10.40689468383789,
      19.2423038482666,
      19.482746124267578,
      23.840007781982422,
      24.25098419189453,
      21.19025421142578,
      22.211912155151367,
      6.390716552734375,
      6.583418369293213,
      0.5180820226669312,
      0.5384831428527832,
      0.03334885090589523,
      0.03161780163645744
    ],
    [
      6.767775058746338,
      5.742071628570557,
      11.774620056152344,
      11.015057563781738,
      25.900331497192383,
      15.9879150390625,
      20.62957191467285,
      18.47344970703125,
      20.16777229309082,
      19.876619338989258,
      20.48767852783203,
      20.408376693725586,
      5.074491024017334,
      5.31855583190918,
      0.2426706999540329,
      0.18007792532444,
      -0.00260182935744524,
      0.0041054305620491505
    ],
    [
      7.56658411026001,
      5.340186595916748,
      10.661636352539062,
      10.40689468383789,
      15.9879150390625,
      22.379512786865234,
      13.402209281921387,
      16.09258270263672,
      16.226877212524414,
      16.112564086914062,
      17.673973083496094,
      17.51483154296875,
      5.321828365325928,
      4.371578693389893,
      0.15806694328784943,
      0.07830914109945297,
      -0.01572279818356037,
      -0.007517233956605196
    ],
    [
      17.232450485229492,
      16.502592086791992,
      14.27781867980957,
      19.2423038482666,
      20.62957191467285,
      13.402209281921387,
      60.01294708251953,
      47.03599548339844,
      44.62966537475586,
      44.17811965942383,
      38.883602142333984,
      39.62533187866211,
      11.830198287963867,
      12.55386734008789,
      1.0190030336380005,
      0.9742436408996582,
      0.06112038344144821,
      0.05901043862104416
    ],
    [
      17.146337509155273,
      16.595239639282227,
      14.567365646362305,
      19.482746124267578,
      18.47344970703125,
      16.09258270263672,
      47.03599548339844,
      56.73732376098633,
      42.95536804199219,
      42.9107666015625,
      39.47822189331055,
      39.485652923583984,
      12.025415420532227,
      11.682292938232422,
      1.1274164915084839,
      1.1539262533187866,
      0.08018167316913605,
      0.0718223974108696
    ],
    [
      20.75357437133789,
      19.521350860595703,
      18.82769012451172,
      23.840007781982422,
      20.16777229309082,
      16.226877212524414,
      44.62966537475586,
      42.95536804199219,
      66.27630615234375,
      60.085025787353516,
      47.815181732177734,
      48.65120315551758,
      17.006900787353516,
      17.480260848999023,
      1.962605357170105,
      2.130823850631714,
      0.19423022866249084,
      0.16558682918548584
    ],
    [
      23.727018356323242,
      21.513347625732422,
      18.765682220458984,
      24.25098419189453,
      19.876619338989258,
      16.112564086914062,
      44.17811965942383,
      42.9107666015625,
      60.085025787353516,
      64.40129852294922,
      46.38496780395508,
      47.911590576171875,
      15.968972206115723,
      16.366065979003906,
      1.8538334369659424,
      2.103994369506836,
      0.19865357875823975,
      0.1652202010154724
    ],
    [
      24.118616104125977,
      20.168048858642578,
      17.460237503051758,
      21.19025421142578,
      20.48767852783203,
      17.673973083496094,
      38.883602142333984,
      39.47822189331055,
      47.815181732177734,
      46.38496780395508,
      51.167381286621094,
      48.95631790161133,
      15.692015647888184,
      14.925145149230957,
      1.6312302350997925,
      1.7471593618392944,
      0.16784070432186127,
      0.13856619596481323
    ],
    [
      23.91044044494629,
      20.804468154907227,
      17.415481567382812,
      22.211912155151367,
      20.408376693725586,
      17.51483154296875,
      39.62533187866211,
      39.485652923583984,
      48.65120315551758,
      47.911590576171875,
      48.95631790161133,
      52.78689956665039,
      16.138471603393555,
      15.219667434692383,
      1.6863023042678833,
      1.8091201782226562,
      0.17217250168323517,
      0.1435994952917099
    ],
    [
      7.684479713439941,
      6.402920246124268,
      6.583491325378418,
      6.390716552734375,
      5.074491024017334,
      5.321828365325928,
      11.830198287963867,
      12.025415420532227,
      17.006900787353516,
      15.968972206115723,
      15.692015647888184,
      16.138471603393555,
      11.333460807800293,
      9.003212928771973,
      1.312166452407837,
      1.4582626819610596,
      0.15586312115192413,
      0.12627989053726196
    ],
    [
      6.926369667053223,
      5.9571452140808105,
      6.1468119621276855,
      6.583418369293213,
      5.31855583190918,
      4.371578693389893,
      12.55386734008789,
      11.682292938232422,
      17.480260848999023,
      16.366065979003906,
      14.925145149230957,
      15.219667434692383,
      9.003212928771973,
      9.010923385620117,
      1.1307997703552246,
      1.2563080787658691,
      0.13189740478992462,
      0.10804537683725357
    ],
    [
      0.696395993232727,
      0.5636509656906128,
      0.5026871562004089,
      0.5180820226669312,
      0.2426706999540329,
      0.15806694328784943,
      1.0190030336380005,
      1.1274164915084839,
      1.962605357170105,
      1.8538334369659424,
      1.6312302350997925,
      1.6863023042678833,
      1.312166452407837,
      1.1307997703552246,
      0.4110797941684723,
      0.48496758937835693,
      0.07276536524295807,
      0.057302311062812805
    ],
    [
      0.7247070670127869,
      0.5627618432044983,
      0.5255216956138611,
      0.5384831428527832,
      0.18007792532444,
      0.07830914109945297,
      0.9742436408996582,
      1.1539262533187866,
      2.130823850631714,
      2.103994369506836,
      1.7471593618392944,
      1.8091201782226562,
      1.4582626819610596,
      1.2563080787658691,
      0.48496758937835693,
      0.6791011095046997,
      0.10557296872138977,
      0.08235759288072586
    ],
    [
      0.029958846047520638,
      0.03211214765906334,
      0.023751424625515938,
      0.03334885090589523,
      -0.00260182935744524,
      -0.01572279818356037,
      0.06112038344144821,
      0.08018167316913605,
      0.19423022866249084,
      0.19865357875823975,
      0.16784070432186127,
      0.17217250168323517,
      0.15586312115192413,
      0.13189740478992462,
      0.07276536524295807,
      0.10557296872138977,
      0.028850184753537178,
      0.020856548100709915
    ],
    [
      0.03535640984773636,
      0.03187297657132149,
      0.024467097595334053,
      0.03161780163645744,
      0.0041054305620491505,
      -0.007517233956605196,
      0.05901043862104416,
      0.0718223974108696,
      0.16558682918548584,
      0.1652202010154724,
      0.13856619596481323,
      0.1435994952917099,
      0.12627989053726196,
      0.10804537683725357,
      0.057302311062812805,
      0.08235759288072586,
      0.020856548100709915,
      0.015842951834201813
    ]
  ],
  "damage": -19.222023010253906,
  "diff_bandwidth": 724.8006591796875,
  "dissonance": 5.8843651741263425,
  "drr": 3.0115315914154053,
  "dynamics": 3.749974250793457,
  "format": 1245190,
  "frames": 4266944,
  "loudness": -26.439701080322266,
  "loudness_range": 10.653331756591797,
  "loudness_range_short": 12.069379806518555,
  "lowpass_true_peak_15khz": -8.835540771484375,
  "mastering3_acoustic_entropies": [
    {
      "acoustic_entropy": 7.463274955749512,
      "acoustic_entropy_mono": 6.651007175445557,
      "band_eliminated_acoustic_entropies": [
        {
          "acoustic_entropy": 7.463572025299072,
          "acoustic_entropy_side": 7.46333122253418,
          "hz": 129.47220167065723
        },
        {
          "acoustic_entropy": 7.449692249298096,
          "acoustic_entropy_side": 7.466999053955078,
          "hz": 202.92927478742237
        },
        {
          "acoustic_entropy": 7.423366069793701,
          "acoustic_entropy_side": 7.447380065917969,
          "hz": 282.89161906338205
        },
        {
          "acoustic_entropy": 7.619611740112305,
          "acoustic_entropy_side": 7.506206512451172,
          "hz": 369.9353335868758
        },
        {
          "acoustic_entropy": 8.132556915283203,
          "acoustic_entropy_side": 7.426239013671875,
          "hz": 464.6875360973435
        },
        {
          "acoustic_entropy": 7.085254669189453,
          "acoustic_entropy_side": 6.624167442321777,
          "hz": 567.8308811364784
        },
        {
          "acoustic_entropy": 7.959838390350342,
          "acoustic_entropy_side": 8.166245460510254,
          "hz": 680.1084783214808
        },
        {
          "acoustic_entropy": 8.209686279296875,
          "acoustic_entropy_side": 7.8419318199157715,
          "hz": 802.3292461747484
        },
        {
          "acoustic_entropy": 7.245924472808838,
          "acoustic_entropy_side": 7.92471981048584,
          "hz": 935.3737400823702
        },
        {
          "acoustic_entropy": 7.166007041931152,
          "acoustic_entropy_side": 8.05019760131836,
          "hz": 1080.2004963696966
        },
        {
          "acoustic_entropy": 7.263002395629883,
          "acoustic_entropy_side": 8.109539031982422,
          "hz": 1237.8529382007157
        },
        {
          "acoustic_entropy": 7.597152233123779,
          "acoustic_entropy_side": 7.510081768035889,
          "hz": 1409.4668930556702
        },
        {
          "acoustic_entropy": 7.347099304199219,
          "acoustic_entropy_side": 7.416492462158203,
          "hz": 1596.2787759475705
        },
        {
          "acoustic_entropy": 7.712687969207764,
          "acoustic_entropy_side": 7.566036224365234,
          "hz": 1799.6344973346393
        },
        {
          "acoustic_entropy": 7.965224266052246,
          "acoustic_entropy_side": 7.918196201324463,
          "hz": 2020.9991599069049
        },
        {
          "acoustic_entropy": 7.5754008293151855,
          "acoustic_entropy_side": 7.545263767242432,
          "hz": 2261.9676141086993
        },
        {
          "acoustic_entropy": 7.533283710479736,
          "acoustic_entropy_side": 7.49104118347168,
          "hz": 2524.2759484456974
        },
        {
          "acoustic_entropy": 7.482748031616211,
          "acoustic_entropy_side": 7.476474761962891,
          "hz": 2809.813997359896
        },
        {
          "acoustic_entropy": 7.465841293334961,
          "acoustic_entropy_side": 7.465888977050781,
          "hz": 3120.6389567871424
        },
        {
          "acoustic_entropy": 7.464223861694336,
          "acoustic_entropy_side": 7.464099884033203,
          "hz": 3458.990205492291
        },
        {
          "acoustic_entropy": 7.464316368103027,
          "acoustic_entropy_side": 7.463411331176758,
          "hz": 3827.305438964164
        },
        {
          "acoustic_entropy": 7.4716477394104,
          "acoustic_entropy_side": 7.468315601348877,
          "hz": 4228.238232109126
        },
        {
          "acoustic_entropy": 7.463570594787598,
          "acoustic_entropy_side": 7.463394641876221,
          "hz": 4664.6771572759235
        },
        {
          "acoustic_entropy": 7.463227272033691,
          "acoustic_entropy_side": 7.463290214538574,
          "hz": 5139.766595350093
        },
        {
          "acoustic_entropy": 7.463265895843506,
          "acoustic_entropy_side": 7.4632673263549805,
          "hz": 5656.929389854203
        },
        {
          "acoustic_entropy": 7.463534832000732,
          "acoustic_entropy_side": 7.463321208953857,
          "hz": 6219.891507268283
        },
        {
          "acoustic_entropy": 7.4633331298828125,
          "acoustic_entropy_side": 7.463286399841309,
          "hz": 6832.70888123896
        },
        {
          "acoustic_entropy": 7.463277816772461,
          "acoustic_entropy_side": 7.4632768630981445,
          "hz": 7499.796634079867
        },
        {
          "acoustic_entropy": 7.463281631469727,
          "acoustic_entropy_side": 7.463280200958252,
          "hz": 8225.96088609342
        },
        {
          "acoustic_entropy": 7.463281631469727,
          "acoustic_entropy_side": 7.463282108306885,
          "hz": 9016.43338188839
        },
        {
          "acoustic_entropy": 7.46327543258667,
          "acoustic_entropy_side": 7.46327543258667,
          "hz": 9876.909183162974
        },
        {
          "acoustic_entropy": 7.46327543258667,
          "acoustic_entropy_side": 7.463274955749512,
          "hz": 10813.587699516042
        },
        {
          "acoustic_entropy": 7.463274955749512,
          "acoustic_entropy_side": 7.463274955749512,
          "hz": 11833.21735289826
        },
        {
          "acoustic_entropy": 7.463274955749512,
          "acoustic_entropy_side": 7.463274955749512,
          "hz": 12943.144197493959
        },
        {
          "acoustic_entropy": 7.463274955749512,
          "acoustic_entropy_side": 7.463274955749512,
          "hz": 14151.364845322005
        },
        {
          "acoustic_entropy": 7.463274955749512,
          "acoustic_entropy_side": 7.463274955749512,
          "hz": 15466.58407886509
        },
        {
          "acoustic_entropy": 7.463274955749512,
          "acoustic_entropy_side": 7.463274955749512,
          "hz": 16898.27756580493
        },
        {
          "acoustic_entropy": 7.463274955749512,
          "acoustic_entropy_side": 7.463274955749512,
          "hz": 18456.760127700032
        },
        {
          "acoustic_entropy": 7.463274955749512,
          "acoustic_entropy_side": 7.463274955749512,
          "hz": 20153.260054456492
        },
        {
          "acoustic_entropy": 7.463274955749512,
          "acoustic_entropy_side": 7.463274955749512,
          "hz": 22000.00000000001
        }
      ],
      "diff_acoustic_entropy": 5.463433742523193,
      "sn": 6
    },
    {
      "acoustic_entropy": 11.340943336486816,
      "acoustic_entropy_mono": 10.096848487854004,
      "band_eliminated_acoustic_entropies": [
        {
          "acoustic_entropy": 11.336997985839844,
          "acoustic_entropy_side": 11.340936660766602,
          "hz": 129.47220167065723
        },
        {
          "acoustic_entropy": 11.220020294189453,
          "acoustic_entropy_side": 11.33401107788086,
          "hz": 202.92927478742237
        },
        {
          "acoustic_entropy": 11.26760196685791,
          "acoustic_entropy_side": 11.375662803649902,
          "hz": 282.89161906338205
        },
        {
          "acoustic_entropy": 11.809554100036621,
          "acoustic_entropy_side": 11.204830169677734,
          "hz": 369.9353335868758
        },
        {
          "acoustic_entropy": 11.672170639038086,
          "acoustic_entropy_side": 10.95280647277832,
          "hz": 464.6875360973435
        },
        {
          "acoustic_entropy": 10.785722732543945,
          "acoustic_entropy_side": 9.767702102661133,
          "hz": 567.8308811364784
        },
        {
          "acoustic_entropy": 11.16727066040039,
          "acoustic_entropy_side": 11.590578079223633,
          "hz": 680.1084783214808
        },
        {
          "acoustic_entropy": 11.819206237792969,
          "acoustic_entropy_side": 11.542165756225586,
          "hz": 802.3292461747484
        },
        {
          "acoustic_entropy": 10.435907363891602,
          "acoustic_entropy_side": 11.396018028259277,
          "hz": 935.3737400823702
        },
        {
          "acoustic_entropy": 10.502653121948242,
          "acoustic_entropy_side": 11.318950653076172,
          "hz": 1080.2004963696966
        },
        {
          "acoustic_entropy": 10.573263168334961,
          "acoustic_entropy_side": 11.18425464630127,
          "hz": 1237.8529382007157
        },
        {
          "acoustic_entropy": 10.769599914550781,
          "acoustic_entropy_side": 10.967771530151367,
          "hz": 1409.4668930556702
        },
        {
          "acoustic_entropy": 11.244586944580078,
          "acoustic_entropy_side": 11.56521987915039,
          "hz": 1596.2787759475705
        },
        {
          "acoustic_entropy": 11.481242179870605,
          "acoustic_entropy_side": 11.213641166687012,
          "hz": 1799.6344973346393
        },
        {
          "acoustic_entropy": 11.555534362792969,
          "acoustic_entropy_side": 11.299907684326172,
          "hz": 2020.9991599069049
        },
        {
          "acoustic_entropy": 11.140759468078613,
          "acoustic_entropy_side": 11.14613151550293,
          "hz": 2261.9676141086993
        },
        {
          "acoustic_entropy": 11.238484382629395,
          "acoustic_entropy_side": 11.289167404174805,
          "hz": 2524.2759484456974
        },
        {
          "acoustic_entropy": 11.140605926513672,
          "acoustic_entropy_side": 11.189680099487305,
          "hz": 2809.813997359896
        },
        {
          "acoustic_entropy": 11.327685356140137,
          "acoustic_entropy_side": 11.326210021972656,
          "hz": 3120.6389567871424
        },
        {
          "acoustic_entropy": 11.341455459594727,
          "acoustic_entropy_side": 11.342569351196289,
          "hz": 3458.990205492291
        },
        {
          "acoustic_entropy": 11.342939376831055,
          "acoustic_entropy_side": 11.342718124389648,
          "hz": 3827.305438964164
        },
        {
          "acoustic_entropy": 11.304583549499512,
          "acoustic_entropy_side": 11.320313453674316,
          "hz": 4228.238232109126
        },
        {
          "acoustic_entropy": 11.342040061950684,
          "acoustic_entropy_side": 11.34121036529541,
          "hz": 4664.6771572759235
        },
        {
          "acoustic_entropy": 11.341291427612305,
          "acoustic_entropy_side": 11.341300010681152,
          "hz": 5139.766595350093
        },
        {
          "acoustic_entropy": 11.340834617614746,
          "acoustic_entropy_side": 11.340814590454102,
          "hz": 5656.929389854203
        },
        {
          "acoustic_entropy": 11.34029769897461,
          "acoustic_entropy_side": 11.340885162353516,
          "hz": 6219.891507268283
        },
        {
          "acoustic_entropy": 11.340766906738281,
          "acoustic_entropy_side": 11.34091854095459,
          "hz": 6832.70888123896
        },
        {
          "acoustic_entropy": 11.34095287322998,
          "acoustic_entropy_side": 11.34094524383545,
          "hz": 7499.796634079867
        },
        {
          "acoustic_entropy": 11.340921401977539,
          "acoustic_entropy_side": 11.340916633605957,
          "hz": 8225.96088609342
        },
        {
          "acoustic_entropy": 11.340909957885742,
          "acoustic_entropy_side": 11.340911865234375,
          "hz": 9016.43338188839
        },
        {
          "acoustic_entropy": 11.3409423828125,
          "acoustic_entropy_side": 11.340944290161133,
          "hz": 9876.909183162974
        },
        {
          "acoustic_entropy": 11.340943336486816,
          "acoustic_entropy_side": 11.340944290161133,
          "hz": 10813.587699516042
        },
        {
          "acoustic_entropy": 11.34094524383545,
          "acoustic_entropy_side": 11.340944290161133,
          "hz": 11833.21735289826
        },
        {
          "acoustic_entropy": 11.340944290161133,
          "acoustic_entropy_side": 11.340943336486816,
          "hz": 12943.144197493959
        },
        {
          "acoustic_entropy": 11.340944290161133,
          "acoustic_entropy_side": 11.340943336486816,
          "hz": 14151.364845322005
        },
        {
          "acoustic_entropy": 11.340943336486816,
          "acoustic_entropy_side": 11.340943336486816,
          "hz": 15466.58407886509
        },
        {
          "acoustic_entropy": 11.340943336486816,
          "acoustic_entropy_side": 11.340943336486816,
          "hz": 16898.27756580493
        },
        {
          "acoustic_entropy": 11.340943336486816,
          "acoustic_entropy_side": 11.340943336486816,
          "hz": 18456.760127700032
        },
        {
          "acoustic_entropy": 11.340943336486816,
          "acoustic_entropy_side": 11.340943336486816,
          "hz": 20153.260054456492
        },
        {
          "acoustic_entropy": 11.340943336486816,
          "acoustic_entropy_side": 11.340943336486816,
          "hz": 22000.00000000001
        }
      ],
      "diff_acoustic_entropy": 8.755960464477539,
      "sn": 12
    },
    {
      "acoustic_entropy": 14.333036422729492,
      "acoustic_entropy_mono": 12.587345123291016,
      "band_eliminated_acoustic_entropies": [
        {
          "acoustic_entropy": 14.390962600708008,
          "acoustic_entropy_side": 14.320799827575684,
          "hz": 129.47220167065723
        },
        {
          "acoustic_entropy": 14.446334838867188,
          "acoustic_entropy_side": 15.087681770324707,
          "hz": 202.92927478742237
        },
        {
          "acoustic_entropy": 15.481341361999512,
          "acoustic_entropy_side": 15.034775733947754,
          "hz": 282.89161906338205
        },
        {
          "acoustic_entropy": 15.008993148803711,
          "acoustic_entropy_side": 14.49615478515625,
          "hz": 369.9353335868758
        },
        {
          "acoustic_entropy": 14.916500091552734,
          "acoustic_entropy_side": 14.434868812561035,
          "hz": 464.6875360973435
        },
        {
          "acoustic_entropy": 14.03342056274414,
          "acoustic_entropy_side": 14.680269241333008,
          "hz": 567.8308811364784
        },
        {
          "acoustic_entropy": 14.484333992004395,
          "acoustic_entropy_side": 15.072104454040527,
          "hz": 680.1084783214808
        },
        {
          "acoustic_entropy": 14.419975280761719,
          "acoustic_entropy_side": 14.369733810424805,
          "hz": 802.3292461747484
        },
        {
          "acoustic_entropy": 14.462808609008789,
          "acoustic_entropy_side": 15.441800117492676,
          "hz": 935.3737400823702
        },
        {
          "acoustic_entropy": 14.973612785339355,
          "acoustic_entropy_side": 14.363757133483887,
          "hz": 1080.2004963696966
        },
        {
          "acoustic_entropy": 14.978194236755371,
          "acoustic_entropy_side": 14.692071914672852,
          "hz": 1237.8529382007157
        },
        {
          "acoustic_entropy": 14.92224407196045,
          "acoustic_entropy_side": 15.161969184875488,
          "hz": 1409.4668930556702
        },
        {
          "acoustic_entropy": 14.48550796508789,
          "acoustic_entropy_side": 14.678393363952637,
          "hz": 1596.2787759475705
        },
        {
          "acoustic_entropy": 14.733857154846191,
          "acoustic_entropy_side": 14.69652271270752,
          "hz": 1799.6344973346393
        },
        {
          "acoustic_entropy": 14.701128005981445,
          "acoustic_entropy_side": 14.620945930480957,
          "hz": 2020.9991599069049
        },
        {
          "acoustic_entropy": 14.644325256347656,
          "acoustic_entropy_side": 14.740760803222656,
          "hz": 2261.9676141086993
        },
        {
          "acoustic_entropy": 14.602243423461914,
          "acoustic_entropy_side": 14.857735633850098,
          "hz": 2524.2759484456974
        },
        {
