{
  "acoustic_entropy": 115.82923889160156,
  "bands": [
    {
      "high_freq": 148.1999969482422,
      "loudness": -50.5253791809082,
      "loudness_range": 25.751388549804688,
      "mid_mean": -50.752498626708984,
      "mid_to_side_loudness": -14.188691139221191,
      "mid_to_side_loudness_range": 9.095909118652344,
      "side_mean": -61.832191467285156
    },
    {
      "high_freq": 392.3793640136719,
      "loudness": -32.63581466674805,
      "loudness_range": 11.724550247192383,
      "low_freq": 148.1999969482422,
      "mid_mean": -29.17661476135254,
      "mid_to_side_loudness": -14.757203102111816,
      "mid_to_side_loudness_range": 6.229649543762207,
      "side_mean": -44.4833869934082
    },
    {
      "high_freq": 794.6976318359375,
      "loudness": -34.6141357421875,
      "loudness_range": 23.63471794128418,
      "low_freq": 392.3793640136719,
      "mid_mean": -31.522491455078125,
      "mid_to_side_loudness": -15.35425090789795,
      "mid_to_side_loudness_range": 14.175018310546875,
      "side_mean": -50.990970611572266
    },
    {
      "high_freq": 1457.5709228515625,
      "loudness": -38.22837829589844,
      "loudness_range": 29.1607723236084,
      "low_freq": 794.6976318359375,
      "mid_mean": -35.08368682861328,
      "mid_to_side_loudness": -14.013524055480957,
      "mid_to_side_loudness_range": 10.109537124633789,
      "side_mean": -52.41427993774414
    },
    {
      "high_freq": 2549.74365234375,
      "loudness": -46.68253707885742,
      "loudness_range": 30.277084350585938,
      "low_freq": 1457.5709228515625,
      "mid_mean": -44.24546432495117,
      "mid_to_side_loudness": -12.631693840026855,
      "mid_to_side_loudness_range": 8.98483943939209,
      "side_mean": -58.45962142944336
    },
    {
      "high_freq": 4349.24462890625,
      "loudness": -54.854026794433594,
      "loudness_range": 35.0684814453125,
      "low_freq": 2549.74365234375,
      "mid_mean": -54.88676071166992,
      "mid_to_side_loudness": -12.01430892944336,
      "mid_to_side_loudness_range": 13.268427848815918,
      "side_mean": -63.33723068237305
    },
    {
      "high_freq": 7314.1640625,
      "loudness": -63.79072189331055,
      "loudness_range": 29.10464096069336,
      "low_freq": 4349.24462890625,
      "mid_mean": -60.75106430053711,
      "mid_to_side_loudness": -10.41399097442627,
      "mid_to_side_loudness_range": 12.611400604248047,
      "side_mean": -67.00373077392578
    },
    {
      "high_freq": 12199.2666015625,
      "loudness": -71.52063751220703,
      "loudness_range": 15.838897705078125,
      "low_freq": 7314.1640625,
      "mid_mean": -66.39851379394531,
      "mid_to_side_loudness": -5.244822978973389,
      "mid_to_side_loudness_range": 9.86842155456543,
      "side_mean": -68.73775482177734
    },
    {
      "loudness": 0,
      "loudness_range": 0,
      "low_freq": 12199.2666015625,
      "mid_mean": -68.48545837402344,
      "mid_to_side_loudness": -0.4321824014186859,
      "mid_to_side_loudness_range": 1.0865073204040527,
      "side_mean": -68.62538146972656
    }
  ],
  "bands_short": [
    {
      "high_freq": 148.1999969482422,
      "loudness": -54.21720504760742,
      "loudness_range": 24.97479248046875,
      "mid_mean": -53.56172180175781,
      "mid_to_side_loudness": -14.013772964477539,
      "mid_to_side_loudness_range": 11.736848831176758,
      "side_mean": -63.848506927490234
    },
    {
      "high_freq": 392.3793640136719,
      "loudness": -33.623130798339844,
      "loudness_range": 13.518686294555664,
      "low_freq": 148.1999969482422,
      "mid_mean": -30.204809188842773,
      "mid_to_side_loudness": -14.372590065002441,
      "mid_to_side_loudness_range": 7.741777420043945,
      "side_mean": -45.25281524658203
    },
    {
      "high_freq": 794.6976318359375,
      "loudness": -33.54195022583008,
      "loudness_range": 20.535396575927734,
      "low_freq": 392.3793640136719,
      "mid_mean": -30.088008880615234,
      "mid_to_side_loudness": -15.830998420715332,
      "mid_to_side_loudness_range": 15.98033332824707,
      "side_mean": -46.70270538330078
    },
    {
      "high_freq": 1457.5709228515625,
      "loudness": -38.485931396484375,
      "loudness_range": 29.299211502075195,
      "low_freq": 794.6976318359375,
      "mid_mean": -35.43916702270508,
      "mid_to_side_loudness": -13.909293174743652,
      "mid_to_side_loudness_range": 12.160965919494629,
      "side_mean": -52.654659271240234
    },
    {
      "high_freq": 2549.74365234375,
      "loudness": -47.3791389465332,
      "loudness_range": 30.391799926757812,
      "low_freq": 1457.5709228515625,
      "mid_mean": -45.05476760864258,
      "mid_to_side_loudness": -12.680810928344727,
      "mid_to_side_loudness_range": 11.397139549255371,
      "side_mean": -58.929420471191406
    },
    {
      "high_freq": 4349.24462890625,
      "loudness": -54.98915100097656,
      "loudness_range": 35.635807037353516,
      "low_freq": 2549.74365234375,
      "mid_mean": -55.14120864868164,
      "mid_to_side_loudness": -11.83353042602539,
      "mid_to_side_loudness_range": 13.58398723602295,
      "side_mean": -63.36949920654297
    },
    {
      "high_freq": 7314.1640625,
      "loudness": -64.19213104248047,
      "loudness_range": 28.660675048828125,
      "low_freq": 4349.24462890625,
      "mid_mean": -60.99787139892578,
      "mid_to_side_loudness": -10.28554630279541,
      "mid_to_side_loudness_range": 13.103789329528809,
      "side_mean": -67.1174545288086
    },
    {
      "high_freq": 12199.2666015625,
      "loudness": -71.66691589355469,
      "loudness_range": 15.63113784790039,
      "low_freq": 7314.1640625,
      "mid_mean": -66.47122955322266,
      "mid_to_side_loudness": -5.14945650100708,
      "mid_to_side_loudness_range": 9.959966659545898,
      "side_mean": -68.75218200683594
    },
    {
      "loudness": -74.19046783447266,
      "loudness_range": 1.7840728759765625,
      "low_freq": 12199.2666015625,
      "mid_mean": -68.48347473144531,
      "mid_to_side_loudness": -0.42733609676361084,
      "mid_to_side_loudness_range": 1.777475357055664,
      "side_mean": -68.6225814819336
    }
  ],
  "bandwidth": 795.1726684570312,
  "channels": 2,
  "covariance": [
    [
      125.3811264038086,
      71.83103942871094,
      10.712836265563965,
      13.370144844055176,
      37.233646392822266,
      92.40010070800781,
      14.715204238891602,
      74.59928131103516,
      -5.728804111480713,
      36.97378921508789,
      45.45252227783203,
      18.328405380249023,
      28.38280487060547,
      8.623641014099121,
      10.68337345123291,
      4.246864318847656,
      4.914420127868652,
      4.493305206298828
    ],
    [
      71.83103942871094,
      47.576045989990234,
      5.4150543212890625,
      5.050398349761963,
      22.33195686340332,
      46.15377426147461,
      14.262409210205078,
      38.849456787109375,
      -0.46367478370666504,
      18.47869300842285,
      19.760421752929688,
      8.798105239868164,
      13.33976936340332,
      4.793137550354004,
      5.355353832244873,
      2.1090970039367676,
      2.1867852210998535,
      1.9485005140304565
    ],
    [
      10.712836265563965,
      5.4150543212890625,
      20.27092933654785,
      19.118558883666992,
      22.390613555908203,
      24.51402473449707,
      5.763871669769287,
      11.269105911254883,
      2.4114179611206055,
      4.011107444763184,
      2.027866840362549,
      -2.168452501296997,
      1.549311876296997,
      -0.8933804035186768,
      -1.540239930152893,
      -0.6540409922599792,
      0.10566595941781998,
      0.2561052441596985
    ],
    [
      13.370144844055176,
      5.050398349761963,
      19.118558883666992,
      25.71639060974121,
      27.522266387939453,
      31.112709045410156,
      1.3169363737106323,
      8.877320289611816,
      -3.5611045360565186,
      -0.7893015742301941,
      -3.398165464401245,
      -6.5176777839660645,
      -3.052302360534668,
      -3.7073869705200195,
      -3.6934776306152344,
      -1.0901503562927246,
      0.03508354723453522,
      0.2922465205192566
    ],
    [
      37.233646392822266,
      22.33195686340332,
      22.390613555908203,
      27.522266387939453,
      85.00721740722656,
      75.55171966552734,
      4.455800533294678,
      7.802243709564209,
      -11.963505744934082,
      -13.636731147766113,
      -19.157276153564453,
      -18.755605697631836,
      -12.621079444885254,
      -10.188000679016113,
      -11.264930725097656,
      -2.994558572769165,
      -0.48356691002845764,
      0.1347009241580963
    ],
    [
      92.40010070800781,
      46.15377426147461,
      24.51402473449707,
      31.112709045410156,
      75.55171966552734,
      134.89862060546875,
      2.9081780910491943,
      65.58039093017578,
      -8.184407234191895,
      28.18621253967285,
      32.94771194458008,
      6.803256034851074,
      20.55224609375,
      3.1712303161621094,
      4.343714237213135,
      2.283910036087036,
      4.542998313903809,
      4.310750484466553
    ],
    [
      14.715204238891602,
      14.262409210205078,
      5.763871669769287,
      1.3169363737106323,
      4.455800533294678,
      2.9081780910491943,
      104.41204071044922,
      87.64321899414062,
      85.02954864501953,
      71.12825775146484,
      86.72877502441406,
      58.31317901611328,
      56.51902770996094,
      23.67144203186035,
      22.09682846069336,
      4.080925464630127,
      1.7802139520645142,
      0.4439966082572937
    ],
    [
      74.59928131103516,
      38.849456787109375,
      11.269105911254883,
      8.877320289611816,
      7.802243709564209,
      65.58039093017578,
      87.64321899414062,
      125.10367584228516,
      71.46973419189453,
      87.47775268554688,
      108.5895767211914,
      62.58882141113281,
      68.34905242919922,
      26.02333641052246,
      26.877864837646484,
      6.868994235992432,
      5.781914234161377,
      4.330881595611572
    ],
    [
      -5.728804111480713,
      -0.46367478370666504,
      2.4114179611206055,
      -3.5611045360565186,
      -11.963505744934082,
      -8.184407234191895,
      85.02954864501953,
      71.46973419189453,
      119.1290283203125,
      96.38562774658203,
      111.07056427001953,
      73.66221618652344,
      76.91262817382812,
      34.824371337890625,
      33.34507369995117,
      6.658444881439209,
      2.317652940750122,
      0.3927200436592102
    ],
    [
      36.97378921508789,
      18.47869300842285,
      4.011107444763184,
      -0.7893015742301941,
      -13.636731147766113,
      28.18621253967285,
      71.12825775146484,
      87.47775268554688,
      96.38562774658203,
      95.1749496459961,
      109.22422790527344,
      67.5989990234375,
      74.25796508789062,
      32.127132415771484,
      32.58959197998047,
      7.675371170043945,
      4.725337028503418,
      2.9446120262145996
    ],
    [
      45.45252227783203,
      19.760421752929688,
      2.027866840362549,
      -3.398165464401245,
      -19.157276153564453,
      32.94771194458008,
      86.72877502441406,
      108.5895767211914,
      111.07056427001953,
      109.22422790527344,
      150.22625732421875,
      92.38683319091797,
      98.98782348632812,
      42.301429748535156,
      40.81787872314453,
      9.659219741821289,
      6.083921909332275,
      3.8279566764831543
    ],
    [
      18.328405380249023,
      8.798105239868164,
      -2.168452501296997,
      -6.5176777839660645,
      -18.755605697631836,
      6.803256034851074,
      58.31317901611328,
      62.58882141113281,
      73.66221618652344,
      67.5989990234375,
      92.38683319091797,
      63.58383560180664,
      62.66865539550781,
      29.79366683959961,
      27.89208984375,
      6.539511203765869,
      3.449995756149292,
      1.7965593338012695
    ],
    [
      28.38280487060547,
      13.33976936340332,
      1.549311876296997,
      -3.052302360534668,
      -12.621079444885254,
      20.55224609375,
      56.51902770996094,
      68.34905242919922,
      76.91262817382812,
      74.25796508789062,
      98.98782348632812,
      62.66865539550781,
      72.60016632080078,
      32.89303970336914,
      30.48773193359375,
      7.080921649932861,
      4.059207916259766,
      2.3866474628448486
    ],
    [
      8.623641014099121,
      4.793137550354004,
      -0.8933804035186768,
      -3.7073869705200195,
      -10.188000679016113,
      3.1712303161621094,
      23.67144203186035,
      26.02333641052246,
      34.824371337890625,
      32.127132415771484,
      42.301429748535156,
      29.79366683959961,
      32.89303970336914,
      17.673749923706055,
      15.478873252868652,
      3.7364203929901123,
      1.744048833847046,
      0.8187524676322937
    ],
    [
      10.68337345123291,
      5.355353832244873,
      -1.540239930152893,
      -3.6934776306152344,
      -11.264930725097656,
      4.343714237213135,
      22.09682846069336,
      26.877864837646484,
      33.34507369995117,
      32.58959197998047,
      40.81787872314453,
      27.89208984375,
      30.48773193359375,
      15.478873252868652,
      16.627695083618164,
      4.136168956756592,
      1.9122889041900635,
      0.9467418789863586
    ],
    [
      4.246864318847656,
      2.1090970039367676,
      -0.6540409922599792,
      -1.0901503562927246,
      -2.994558572769165,
      2.283910036087036,
      4.080925464630127,
      6.868994235992432,
      6.658444881439209,
      7.675371170043945,
      9.659219741821289,
      6.539511203765869,
      7.080921649932861,
      3.7364203929901123,
      4.136168956756592,
      1.2218300104141235,
      0.5693591237068176,
      0.3131569027900696
    ],
    [
      4.914420127868652,
      2.1867852210998535,
      0.10566595941781998,
      0.03508354723453522,
      -0.48356691002845764,
      4.542998313903809,
      1.7802139520645142,
      5.781914234161377,
      2.317652940750122,
      4.725337028503418,
      6.083921909332275,
      3.449995756149292,
      4.059207916259766,
      1.744048833847046,
      1.9122889041900635,
      0.5693591237068176,
      0.4829988479614258,
      0.3521728515625
    ],
    [
      4.493305206298828,
      1.9485005140304565,
      0.2561052441596985,
      0.2922465205192566,
      0.1347009241580963,
      4.310750484466553,
      0.4439966082572937,
      4.330881595611572,
      0.3927200436592102,
      2.9446120262145996,
      3.8279566764831543,
      1.7965593338012695,
      2.3866474628448486,
      0.8187524676322937,
      0.9467418789863586,
      0.3131569027900696,
      0.3521728515625,
      0.30949512124061584
    ]
  ],
  "covariance_short": [
    [
      106.0935287475586,
      54.01293182373047,
      18.68861198425293,
      21.396984100341797,
      30.25552749633789,
      34.38225555419922,
      13.651117324829102,
      64.4062728881836,
      -1.380805253982544,
      30.458377838134766,
      37.44789123535156,
      13.5146484375,
      23.244516372680664,
      6.23473596572876,
      7.7759504318237305,
      3.138695240020752,
      4.037997722625732,
      3.791689395904541
    ],
    [
      54.01293182373047,
      34.01015090942383,
      9.804805755615234,
      9.503959655761719,
      14.877765655517578,
      17.06516456604004,
      12.458075523376465,
      30.18093490600586,
      1.804125428199768,
      13.862282752990723,
      14.3109130859375,
      5.6123270988464355,
      9.637051582336426,
      3.1015255451202393,
      3.421916961669922,
      1.3405636548995972,
      1.5767161846160889,
      1.4541970491409302
    ],
    [
      18.68861198425293,
      9.804805755615234,
      25.788959503173828,
      22.6008243560791,
      22.27205467224121,
      23.906999588012695,
      4.683804512023926,
      11.18381404876709,
      2.2137322425842285,
      2.475080966949463,
      -1.1953648328781128,
      -4.618610858917236,
      0.2333402931690216,
      -1.510135293006897,
      -2.078775644302368,
      -0.5988823175430298,
      0.15198004245758057,
      0.2552054226398468
    ],
    [
      21.396984100341797,
      9.503959655761719,
      22.6008243560791,
      31.337135314941406,
      22.91620445251465,
      27.534107208251953,
      0.8291258811950684,
      10.183979988098145,
      -2.348217487335205,
      -0.3903355300426483,
      -4.370480060577393,
      -7.4166412353515625,
      -2.7285499572753906,
      -3.2897274494171143,
      -3.170215606689453,
      -0.7816224694252014,
      0.19555260241031647,
      0.36577826738357544
    ],
    [
      30.25552749633789,
      14.877765655517578,
      22.27205467224121,
      22.91620445251465,
      55.40785598754883,
      45.77074432373047,
      9.45436954498291,
      13.654638290405273,
      -0.3317379951477051,
      -3.1842703819274902,
      -8.922165870666504,
      -12.340434074401855,
      -5.97524356842041,
      -6.404850959777832,
      -6.393471717834473,
      -1.7959192991256714,
      -0.3167411684989929,
      0.1255759298801422
    ],
    [
      34.38225555419922,
      17.06516456604004,
      23.906999588012695,
      27.534107208251953,
      45.77074432373047,
      63.65861511230469,
      10.716254234313965,
      22.679819107055664,
      3.4433796405792236,
      3.8927483558654785,
      -1.3193607330322266,
      -7.858672618865967,
      -0.6284447312355042,
      -3.6932363510131836,
      -3.883723020553589,
      -0.9895941615104675,
      0.3505631983280182,
      0.5284150242805481
    ],
    [
      13.651117324829102,
      12.458075523376465,
      4.683804512023926,
      0.8291258811950684,
      9.45436954498291,
      10.716254234313965,
      104.57845306396484,
      84.1925048828125,
      82.64825439453125,
      66.45674133300781,
      83.02049255371094,
      55.930362701416016,
      52.457366943359375,
      21.557024002075195,
      20.525890350341797,
      3.7640302181243896,
      1.740218162536621,
      0.4371749758720398
    ],
    [
      64.4062728881836,
      30.18093490600586,
      11.18381404876709,
      10.183979988098145,
      13.654638290405273,
      22.679819107055664,
      84.1925048828125,
      123.18228912353516,
      70.36750793457031,
      81.6567153930664,
      104.23651123046875,
      60.51184844970703,
      63.755332946777344,
      23.858354568481445,
      25.200035095214844,
      6.519815444946289,
      5.621264457702637,
      4.216519355773926
    ],
    [
      -1.380805253982544,
      1.804125428199768,
      2.2137322425842285,
      -2.348217487335205,
      -0.3317379951477051,
      3.4433796405792236,
      82.64825439453125,
      70.36750793457031,
      122.43328094482422,
      94.2130126953125,
      113.66788482666016,
      74.77721405029297,
      74.83362579345703,
      32.569664001464844,
      31.684717178344727,
      6.0422492027282715,
      2.2474780082702637,
      0.41396868228912354
    ],
    [
      30.458377838134766,
      13.862282752990723,
      2.475080966949463,
      -0.3903355300426483,
      -3.1842703819274902,
      3.8927483558654785,
      66.45674133300781,
      81.6567153930664,
      94.2130126953125,
      91.56834411621094,
      106.61842346191406,
      67.34419250488281,
      69.56851959228516,
      29.41876220703125,
      30.310527801513672,
      7.007631778717041,
      4.4808244705200195,
      2.792354106903076
    ],
    [
      37.44789123535156,
      14.3109130859375,
      -1.1953648328781128,
      -4.370480060577393,
      -8.922165870666504,
      -1.3193607330322266,
      83.02049255371094,
      104.23651123046875,
      113.66788482666016,
      106.61842346191406,
      155.29908752441406,
      96.58102416992188,
      97.79641723632812,
      41.242454528808594,
      41.258888244628906,
      9.673763275146484,
      6.055309295654297,
      3.729489326477051
    ],
    [
      13.5146484375,
      5.6123270988464355,
      -4.618610858917236,
      -7.4166412353515625,
      -12.340434074401855,
      -7.858672618865967,
      55.930362701416016,
      60.51184844970703,
      74.77721405029297,
      67.34419250488281,
      96.58102416992188,
      69.05261993408203,
      62.219207763671875,
      29.338285446166992,
      28.798233032226562,
      6.707327842712402,
      3.484732151031494,
      1.7737561464309692
    ],
    [
      23.244516372680664,
      9.637051582336426,
      0.2333402931690216,
      -2.7285499572753906,
      -5.97524356842041,
      -0.6284447312355042,
      52.457366943359375,
      63.755332946777344,
      74.83362579345703,
      69.56851959228516,
      97.79641723632812,
      62.219207763671875,
      70.92113494873047,
      31.450984954833984,
      29.273054122924805,
      6.6940741539001465,
      3.9506542682647705,
      2.2998745441436768
    ],
    [
      6.23473596572876,
      3.1015255451202393,
      -1.510135293006897,
      -3.2897274494171143,
      -6.404850959777832,
      -3.6932363510131836,
      21.557024002075195,
      23.858354568481445,
      32.569664001464844,
      29.41876220703125,
      41.242454528808594,
      29.338285446166992,
      31.450984954833984,
      17.017229080200195,
      14.56806468963623,
      3.504690408706665,
      1.6707510948181152,
      0.7818748950958252
    ],
    [
      7.7759504318237305,
      3.421916961669922,
      -2.078775644302368,
      -3.170215606689453,
      -6.393471717834473,
      -3.883723020553589,
      20.525890350341797,
      25.200035095214844,
      31.684717178344727,
      30.310527801513672,
      41.258888244628906,
      28.798233032226562,
      29.273054122924805,
      14.56806468963623,
      16.38677406311035,
      4.013138294219971,
      1.8674910068511963,
      0.9183000922203064
    ],
    [
      3.138695240020752,
      1.3405636548995972,
      -0.5988823175430298,
      -0.7816224694252014,
      -1.7959192991256714,
      -0.9895941615104675,
      3.7640302181243896,
      6.519815444946289,
      6.0422492027282715,
      7.007631778717041,
      9.673763275146484,
      6.707327842712402,
      6.6940741539001465,
      3.504690408706665,
      4.013138294219971,
      1.253556489944458,
      0.5508883595466614,
      0.3071571886539459
    ],
    [
      4.037997722625732,
      1.5767161846160889,
      0.15198004245758057,
      0.19555260241031647,
      -0.3167411684989929,
      0.3505631983280182,
      1.740218162536621,
      5.621264457702637,
      2.2474780082702637,
      4.4808244705200195,
      6.055309295654297,
      3.484732151031494,
      3.9506542682647705,
      1.6707510948181152,
      1.8674910068511963,
      0.5508883595466614,
      0.5069886445999146,
      0.3500533401966095
    ],
    [
      3.791689395904541,
      1.4541970491409302,
      0.2552054226398468,
      0.36577826738357544,
      0.1255759298801422,
      0.5284150242805481,
      0.4371749758720398,
      4.216519355773926,
      0.41396868228912354,
      2.792354106903076,
      3.729489326477051,
      1.7737561464309692,
      2.2998745441436768,
      0.7818748950958252,
      0.9183000922203064,
      0.3071571886539459,
      0.3500533401966095,
      0.31342414021492004
    ]
  ],
  "damage": -14.324411392211914,
  "diff_bandwidth": 847.730224609375,
  "dissonance": 2.91596596563628,
  "drr": 6.863054275512695,
  "dynamics": 4.282628059387207,
  "format": 1245190,
  "frames": 3675072,
  "loudness": -23.49392318725586,
  "loudness_range": 14.179264068603516,
  "loudness_range_short": 14.214256286621094,
  "lowpass_true_peak_15khz": -6.860177516937256,
  "mastering3_acoustic_entropies": [
    {
      "acoustic_entropy": 10.609407424926758,
      "acoustic_entropy_mono": 10.598633766174316,
      "band_eliminated_acoustic_entropies": [
        {
          "acoustic_entropy": 10.611452102661133,
          "acoustic_entropy_side": 10.60941219329834,
          "hz": 129.47220167065723
        },
        {
          "acoustic_entropy": 10.612874031066895,
          "acoustic_entropy_side": 10.609436988830566,
          "hz": 202.92927478742237
        },
        {
          "acoustic_entropy": 10.388326644897461,
          "acoustic_entropy_side": 10.605170249938965,
          "hz": 282.89161906338205
        },
        {
          "acoustic_entropy": 11.011940002441406,
          "acoustic_entropy_side": 10.605448722839355,
          "hz": 369.9353335868758
        },
        {
          "acoustic_entropy": 10.852453231811523,
          "acoustic_entropy_side": 10.609107971191406,
          "hz": 464.6875360973435
        },
        {
          "acoustic_entropy": 10.373607635498047,
          "acoustic_entropy_side": 10.608844757080078,
          "hz": 567.8308811364784
        },
        {
          "acoustic_entropy": 9.862346649169922,
          "acoustic_entropy_side": 10.611817359924316,
          "hz": 680.1084783214808
        },
        {
          "acoustic_entropy": 10.679767608642578,
          "acoustic_entropy_side": 10.571925163269043,
          "hz": 802.3292461747484
        },
        {
          "acoustic_entropy": 10.533449172973633,
          "acoustic_entropy_side": 10.58923053741455,
          "hz": 935.3737400823702
        },
        {
          "acoustic_entropy": 9.78741455078125,
          "acoustic_entropy_side": 10.613639831542969,
          "hz": 1080.2004963696966
        },
        {
          "acoustic_entropy": 9.078307151794434,
          "acoustic_entropy_side": 10.582684516906738,
          "hz": 1237.8529382007157
        },
        {
          "acoustic_entropy": 10.074512481689453,
          "acoustic_entropy_side": 10.649045944213867,
          "hz": 1409.4668930556702
        },
        {
          "acoustic_entropy": 9.18043327331543,
          "acoustic_entropy_side": 10.678031921386719,
          "hz": 1596.2787759475705
        },
        {
          "acoustic_entropy": 10.254888534545898,
          "acoustic_entropy_side": 10.597195625305176,
          "hz": 1799.6344973346393
        },
        {
          "acoustic_entropy": 9.906355857849121,
          "acoustic_entropy_side": 10.540752410888672,
          "hz": 2020.9991599069049
        },
        {
          "acoustic_entropy": 9.752460479736328,
          "acoustic_entropy_side": 10.596083641052246,
          "hz": 2261.9676141086993
        },
        {
          "acoustic_entropy": 10.751227378845215,
          "acoustic_entropy_side": 10.612712860107422,
          "hz": 2524.2759484456974
        },
        {
          "acoustic_entropy": 9.397374153137207,
          "acoustic_entropy_side": 10.631692886352539,
          "hz": 2809.813997359896
        },
        {
          "acoustic_entropy": 10.575902938842773,
          "acoustic_entropy_side": 10.613922119140625,
          "hz": 3120.6389567871424
        },
        {
          "acoustic_entropy": 10.633861541748047,
          "acoustic_entropy_side": 10.610265731811523,
          "hz": 3458.990205492291
        },
        {
          "acoustic_entropy": 10.705156326293945,
          "acoustic_entropy_side": 10.621016502380371,
          "hz": 3827.305438964164
        },
        {
          "acoustic_entropy": 10.587201118469238,
          "acoustic_entropy_side": 10.618099212646484,
          "hz": 4228.238232109126
        },
        {
          "acoustic_entropy": 10.693607330322266,
          "acoustic_entropy_side": 10.609915733337402,
          "hz": 4664.6771572759235
        },
        {
          "acoustic_entropy": 10.685179710388184,
          "acoustic_entropy_side": 10.609827041625977,
          "hz": 5139.766595350093
        },
        {
          "acoustic_entropy": 10.629865646362305,
          "acoustic_entropy_side": 10.609530448913574,
          "hz": 5656.929389854203
        },
        {
          "acoustic_entropy": 10.609158515930176,
          "acoustic_entropy_side": 10.609407424926758,
          "hz": 6219.891507268283
        },
        {
          "acoustic_entropy": 10.617073059082031,
          "acoustic_entropy_side": 10.6094388961792,
          "hz": 6832.70888123896
        },
        {
          "acoustic_entropy": 10.609833717346191,
          "acoustic_entropy_side": 10.60940933227539,
          "hz": 7499.796634079867
        },
        {
          "acoustic_entropy": 10.609933853149414,
          "acoustic_entropy_side": 10.60940933227539,
          "hz": 8225.96088609342
        },
        {
          "acoustic_entropy": 10.609628677368164,
          "acoustic_entropy_side": 10.609407424926758,
          "hz": 9016.43338188839
        },
        {
          "acoustic_entropy": 10.609719276428223,
          "acoustic_entropy_side": 10.609407424926758,
          "hz": 9876.909183162974
        },
        {
          "acoustic_entropy": 10.609428405761719,
          "acoustic_entropy_side": 10.609407424926758,
          "hz": 10813.587699516042
        },
        {
          "acoustic_entropy": 10.609411239624023,
          "acoustic_entropy_side": 10.609407424926758,
          "hz": 11833.21735289826
        },
        {
          "acoustic_entropy": 10.609408378601074,
          "acoustic_entropy_side": 10.609407424926758,
          "hz": 12943.144197493959
        },
        {
          "acoustic_entropy": 10.609407424926758,
          "acoustic_entropy_side": 10.609407424926758,
          "hz": 14151.364845322005
        },
        {
          "acoustic_entropy": 10.609407424926758,
          "acoustic_entropy_side": 10.609407424926758,
          "hz": 15466.58407886509
        },
        {
          "acoustic_entropy": 10.609407424926758,
          "acoustic_entropy_side": 10.609407424926758,
          "hz": 16898.27756580493
        },
        {
          "acoustic_entropy": 10.609407424926758,
          "acoustic_entropy_side": 10.609407424926758,
          "hz": 18456.760127700032
        },
        {
          "acoustic_entropy": 10.609407424926758,
          "acoustic_entropy_side": 10.609407424926758,
          "hz": 20153.260054456492
        },
        {
          "acoustic_entropy": 10.609407424926758,
          "acoustic_entropy_side": 10.609407424926758,
          "hz": 22000.00000000001
        }
      ],
      "diff_acoustic_entropy": 2.071427583694458,
      "sn": 6
    },
    {
      "acoustic_entropy": 13.323068618774414,
      "acoustic_entropy_mono": 13.131550788879395,
      "band_eliminated_acoustic_entropies": [
        {
          "acoustic_entropy": 13.322787284851074,
          "acoustic_entropy_side": 13.3230619430542,
          "hz": 129.47220167065723
        },
        {
          "acoustic_entropy": 13.332175254821777,
          "acoustic_entropy_side": 13.321788787841797,
          "hz": 202.92927478742237
        },
        {
          "acoustic_entropy": 13.184476852416992,
          "acoustic_entropy_side": 13.308616638183594,
          "hz": 282.89161906338205
        },
        {
          "acoustic_entropy": 13.865580558776855,
          "acoustic_entropy_side": 13.36297607421875,
          "hz": 369.9353335868758
        },
        {
          "acoustic_entropy": 13.883423805236816,
          "acoustic_entropy_side": 13.313285827636719,
          "hz": 464.6875360973435
        },
        {
          "acoustic_entropy": 12.934468269348145,
          "acoustic_entropy_side": 13.345006942749023,
          "hz": 567.8308811364784
        },
        {
          "acoustic_entropy": 12.627015113830566,
          "acoustic_entropy_side": 13.304509162902832,
          "hz": 680.1084783214808
        },
        {
          "acoustic_entropy": 13.731649398803711,
          "acoustic_entropy_side": 13.421470642089844,
          "hz": 802.3292461747484
        },
        {
          "acoustic_entropy": 13.341906547546387,
          "acoustic_entropy_side": 13.204787254333496,
          "hz": 935.3737400823702
        },
        {
          "acoustic_entropy": 12.673178672790527,
          "acoustic_entropy_side": 13.02086353302002,
          "hz": 1080.2004963696966
        },
        {
          "acoustic_entropy": 11.65766429901123,
          "acoustic_entropy_side": 13.259324073791504,
          "hz": 1237.8529382007157
        },
        {
          "acoustic_entropy": 12.528524398803711,
          "acoustic_entropy_side": 13.280009269714355,
          "hz": 1409.4668930556702
        },
        {
          "acoustic_entropy": 12.571991920471191,
          "acoustic_entropy_side": 13.253005027770996,
          "hz": 1596.2787759475705
        },
        {
          "acoustic_entropy": 12.630355834960938,
          "acoustic_entropy_side": 13.284876823425293,
          "hz": 1799.6344973346393
        },
        {
          "acoustic_entropy": 13.345345497131348,
          "acoustic_entropy_side": 13.13371753692627,
          "hz": 2020.9991599069049
        },
        {
          "acoustic_entropy": 13.022003173828125,
          "acoustic_entropy_side": 13.269287109375,
          "hz": 2261.9676141086993
        },
        {
          "acoustic_entropy": 13.247664451599121,
          "acoustic_entropy_side": 13.314613342285156,
          "hz": 2524.2759484456974
        },
        {
          "acoustic_entropy": 12.573969841003418,
          "acoustic_entropy_side": 13.349295616149902,
          "hz": 2809.813997359896
        },
        {
          "acoustic_entropy": 13.253799438476562,
          "acoustic_entropy_side": 13.331639289855957,
          "hz": 3120.6389567871424
        },
        {
          "acoustic_entropy": 13.153379440307617,
          "acoustic_entropy_side": 13.3187894821167,
          "hz": 3458.990205492291
        },
        {
          "acoustic_entropy": 13.428536415100098,
          "acoustic_entropy_side": 13.402667999267578,
          "hz": 3827.305438964164
        },
        {
          "acoustic_entropy": 13.147510528564453,
          "acoustic_entropy_side": 13.386368751525879,
          "hz": 4228.238232109126
        },
        {
          "acoustic_entropy": 13.355463981628418,
          "acoustic_entropy_side": 13.324679374694824,
          "hz": 4664.6771572759235
        },
        {
          "acoustic_entropy": 13.47000503540039,
          "acoustic_entropy_side": 13.327313423156738,
          "hz": 5139.766595350093
        },
        {
          "acoustic_entropy": 13.34877872467041,
          "acoustic_entropy_side": 13.323409080505371,
          "hz": 5656.929389854203
        },
        {
          "acoustic_entropy": 13.33681869506836,
          "acoustic_entropy_side": 13.323349952697754,
          "hz": 6219.891507268283
        },
        {
          "acoustic_entropy": 13.348450660705566,
          "acoustic_entropy_side": 13.323335647583008,
          "hz": 6832.70888123896
        },
        {
          "acoustic_entropy": 13.323953628540039,
          "acoustic_entropy_side": 13.32307243347168,
          "hz": 7499.796634079867
        },
        {
          "acoustic_entropy": 13.326395988464355,
          "acoustic_entropy_side": 13.323077201843262,
          "hz": 8225.96088609342
        },
        {
          "acoustic_entropy": 13.325382232666016,
          "acoustic_entropy_side": 13.323075294494629,
          "hz": 9016.43338188839
        },
        {
          "acoustic_entropy": 13.32413101196289,
          "acoustic_entropy_side": 13.323073387145996,
          "hz": 9876.909183162974
        },
        {
          "acoustic_entropy": 13.32298469543457,
          "acoustic_entropy_side": 13.32306957244873,
          "hz": 10813.587699516042
        },
        {
          "acoustic_entropy": 13.323088645935059,
          "acoustic_entropy_side": 13.32306957244873,
          "hz": 11833.21735289826
        },
        {
          "acoustic_entropy": 13.323081970214844,
          "acoustic_entropy_side": 13.323068618774414,
          "hz": 12943.144197493959
        },
        {
          "acoustic_entropy": 13.32307243347168,
          "acoustic_entropy_side": 13.323068618774414,
          "hz": 14151.364845322005
        },
        {
          "acoustic_entropy": 13.32306957244873,
          "acoustic_entropy_side": 13.323068618774414,
          "hz": 15466.58407886509
        },
        {
          "acoustic_entropy": 13.323070526123047,
          "acoustic_entropy_side": 13.323068618774414,
          "hz": 16898.27756580493
        },
        {
          "acoustic_entropy": 13.323070526123047,
          "acoustic_entropy_side": 13.323068618774414,
          "hz": 18456.760127700032
        },
        {
          "acoustic_entropy": 13.323070526123047,
          "acoustic_entropy_side": 13.323070526123047,
          "hz": 20153.260054456492
        },
        {
          "acoustic_entropy": 13.323070526123047,
          "acoustic_entropy_side": 13.323068618774414,
          "hz": 22000.00000000001
        }
      ],
      "diff_acoustic_entropy": 3.759655237197876,
      "sn": 12
    },
    {
      "acoustic_entropy": 18.265247344970703,
      "acoustic_entropy_mono": 17.483657836914062,
      "band_eliminated_acoustic_entropies": [
        {
          "acoustic_entropy": 18.205244064331055,
          "acoustic_entropy_side": 18.242883682250977,
          "hz": 129.47220167065723
        },
        {
          "acoustic_entropy": 18.53204917907715,
          "acoustic_entropy_side": 18.00104331970215,
          "hz": 202.92927478742237
        },
        {
          "acoustic_entropy": 19.284320831298828,
          "acoustic_entropy_side": 18.84001922607422,
          "hz": 282.89161906338205
        },
        {
          "acoustic_entropy": 18.368247985839844,
          "acoustic_entropy_side": 17.981700897216797,
          "hz": 369.9353335868758
        },
        {
          "acoustic_entropy": 18.633594512939453,
          "acoustic_entropy_side": 18.207809448242188,
          "hz": 464.6875360973435
        },
        {
          "acoustic_entropy": 18.749378204345703,
          "acoustic_entropy_side": 18.675073623657227,
          "hz": 567.8308811364784
        },
        {
          "acoustic_entropy": 18.400245666503906,
          "acoustic_entropy_side": 18.787506103515625,
          "hz": 680.1084783214808
        },
        {
          "acoustic_entropy": 18.94978904724121,
          "acoustic_entropy_side": 19.353912353515625,
          "hz": 802.3292461747484
        },
        {
          "acoustic_entropy": 18.49642562866211,
          "acoustic_entropy_side": 18.255002975463867,
          "hz": 935.3737400823702
        },
        {
          "acoustic_entropy": 18.032222747802734,
          "acoustic_entropy_side": 18.54509735107422,
          "hz": 1080.2004963696966
        },
        {
          "acoustic_entropy": 17.700847625732422,
          "acoustic_entropy_side": 18.183212280273438,
          "hz": 1237.8529382007157
        },
        {
          "acoustic_entropy": 17.823453903198242,
          "acoustic_entropy_side": 18.229612350463867,
          "hz": 1409.4668930556702
        },
        {
          "acoustic_entropy": 18.449634552001953,
          "acoustic_entropy_side": 17.775197982788086,
          "hz": 1596.2787759475705
        },
        {
          "acoustic_entropy": 18.215120315551758,
          "acoustic_entropy_side": 18.507160186767578,
          "hz": 1799.6344973346393
        },
        {
          "acoustic_entropy": 18.712873458862305,
          "acoustic_entropy_side": 18.493118286132812,
          "hz": 2020.9991599069049
        },
        {
          "acoustic_entropy": 19.325679779052734,
          "acoustic_entropy_side": 17.568017959594727,
          "hz": 2261.9676141086993
        },
        {
          "acoustic_entropy": 18.22392463684082,
          "acoustic_entropy_side": 18.35065269470215,
          "hz": 2524.2759484456974
        },
        {
          "acoustic_entropy": 19.036535263061523,
          "acoustic_entropy_side": 18.85993003845215,
