{
  "acoustic_entropy": 217.4795684814453,
  "bands": [
    {
      "high_freq": 148.1999969482422,
      "loudness": -44.46592712402344,
      "loudness_range": 26.282875061035156,
      "mid_mean": -41.60477828979492,
      "mid_to_side_loudness": -7.722436904907227,
      "mid_to_side_loudness_range": 9.43601131439209,
      "side_mean": -49.67400360107422
    },
    {
      "high_freq": 392.3793640136719,
      "loudness": -30.023508071899414,
      "loudness_range": 14.909223556518555,
      "low_freq": 148.1999969482422,
      "mid_mean": -27.658607482910156,
      "mid_to_side_loudness": -4.72445821762085,
      "mid_to_side_loudness_range": 6.037848472595215,
      "side_mean": -32.4806022644043
    },
    {
      "high_freq": 794.6976318359375,
      "loudness": -26.35261344909668,
      "loudness_range": 16.533401489257812,
      "low_freq": 392.3793640136719,
      "mid_mean": -24.482666015625,
      "mid_to_side_loudness": -3.0470545291900635,
      "mid_to_side_loudness_range": 5.33780574798584,
      "side_mean": -27.575239181518555
    },
    {
      "high_freq": 1457.5709228515625,
      "loudness": -30.280460357666016,
      "loudness_range": 20.380332946777344,
      "low_freq": 794.6976318359375,
      "mid_mean": -28.347637176513672,
      "mid_to_side_loudness": -3.338238000869751,
      "mid_to_side_loudness_range": 6.476539134979248,
      "side_mean": -31.688753128051758
    },
    {
      "high_freq": 2549.74365234375,
      "loudness": -30.319049835205078,
      "loudness_range": 18.457908630371094,
      "low_freq": 1457.5709228515625,
      "mid_mean": -28.218185424804688,
      "mid_to_side_loudness": -3.743870735168457,
      "mid_to_side_loudness_range": 5.271879196166992,
      "side_mean": -32.03722381591797
    },
    {
      "high_freq": 4349.24462890625,
      "loudness": -32.39085388183594,
      "loudness_range": 22.112451553344727,
      "low_freq": 2549.74365234375,
      "mid_mean": -30.31125259399414,
      "mid_to_side_loudness": -3.549103021621704,
      "mid_to_side_loudness_range": 4.779491901397705,
      "side_mean": -33.95703125
    },
    {
      "high_freq": 7314.1640625,
      "loudness": -44.89238357543945,
      "loudness_range": 19.439411163330078,
      "low_freq": 4349.24462890625,
      "mid_mean": -42.79342269897461,
      "mid_to_side_loudness": -3.619677782058716,
      "mid_to_side_loudness_range": 3.667091131210327,
      "side_mean": -46.456932067871094
    },
    {
      "high_freq": 12199.2666015625,
      "loudness": -49.349517822265625,
      "loudness_range": 20.515045166015625,
      "low_freq": 7314.1640625,
      "mid_mean": -47.6473274230957,
      "mid_to_side_loudness": -3.5764553546905518,
      "mid_to_side_loudness_range": 2.787078857421875,
      "side_mean": -51.38936233520508
    },
    {
      "loudness": -60.54680633544922,
      "loudness_range": 23.695472717285156,
      "low_freq": 12199.2666015625,
      "mid_mean": -58.0203742980957,
      "mid_to_side_loudness": -2.5287728309631348,
      "mid_to_side_loudness_range": 2.5182809829711914,
      "side_mean": -60.13334655761719
    }
  ],
  "bands_short": [
    {
      "high_freq": 148.1999969482422,
      "loudness": -49.300018310546875,
      "loudness_range": 28.154056549072266,
      "mid_mean": -46.60730743408203,
      "mid_to_side_loudness": -7.705088138580322,
      "mid_to_side_loudness_range": 15.238469123840332,
      "side_mean": -54.13360595703125
    },
    {
      "high_freq": 392.3793640136719,
      "loudness": -31.27962875366211,
      "loudness_range": 17.3748836517334,
      "low_freq": 148.1999969482422,
      "mid_mean": -28.946083068847656,
      "mid_to_side_loudness": -5.178487777709961,
      "mid_to_side_loudness_range": 9.967813491821289,
      "side_mean": -34.178016662597656
    },
    {
      "high_freq": 794.6976318359375,
      "loudness": -27.491161346435547,
      "loudness_range": 18.815235137939453,
      "low_freq": 392.3793640136719,
      "mid_mean": -25.681529998779297,
      "mid_to_side_loudness": -3.1823794841766357,
      "mid_to_side_loudness_range": 9.007396697998047,
      "side_mean": -28.920394897460938
    },
    {
      "high_freq": 1457.5709228515625,
      "loudness": -31.292882919311523,
      "loudness_range": 22.904544830322266,
      "low_freq": 794.6976318359375,
      "mid_mean": -29.49600601196289,
      "mid_to_side_loudness": -3.265817403793335,
      "mid_to_side_loudness_range": 8.947015762329102,
      "side_mean": -32.745628356933594
    },
    {
      "high_freq": 2549.74365234375,
      "loudness": -31.67698860168457,
      "loudness_range": 20.806922912597656,
      "low_freq": 1457.5709228515625,
      "mid_mean": -29.740230560302734,
      "mid_to_side_loudness": -3.4497616291046143,
      "mid_to_side_loudness_range": 7.35888671875,
      "side_mean": -33.27912521362305
    },
    {
      "high_freq": 4349.24462890625,
      "loudness": -33.572811126708984,
      "loudness_range": 23.9758358001709,
      "low_freq": 2549.74365234375,
      "mid_mean": -31.684240341186523,
      "mid_to_side_loudness": -3.196864128112793,
      "mid_to_side_loudness_range": 6.497119426727295,
      "side_mean": -34.973697662353516
    },
    {
      "high_freq": 7314.1640625,
      "loudness": -46.10408020019531,
      "loudness_range": 21.709312438964844,
      "low_freq": 4349.24462890625,
      "mid_mean": -44.098594665527344,
      "mid_to_side_loudness": -3.526087999343872,
      "mid_to_side_loudness_range": 4.867635250091553,
      "side_mean": -47.715301513671875
    },
    {
      "high_freq": 12199.2666015625,
      "loudness": -51.43925857543945,
      "loudness_range": 26.08102035522461,
      "low_freq": 7314.1640625,
      "mid_mean": -50.060546875,
      "mid_to_side_loudness": -3.476423501968384,
      "mid_to_side_loudness_range": 3.8532004356384277,
      "side_mean": -53.27725601196289
    },
    {
      "loudness": -62.504947662353516,
      "loudness_range": 25.666622161865234,
      "low_freq": 12199.2666015625,
      "mid_mean": -59.53185272216797,
      "mid_to_side_loudness": -2.429060935974121,
      "mid_to_side_loudness_range": 3.4899821281433105,
      "side_mean": -61.437286376953125
    }
  ],
  "bandwidth": 864.4392700195312,
  "channels": 2,
  "covariance": [
    [
      82.4123306274414,
      66.97521209716797,
      16.93695068359375,
      15.525446891784668,
      17.591346740722656,
      15.987105369567871,
      18.95848274230957,
      20.54047966003418,
      14.056819915771484,
      15.30128002166748,
      12.218316078186035,
      15.324270248413086,
      21.924158096313477,
      23.575698852539062,
      21.83852195739746,
      22.03697395324707,
      21.617332458496094,
      21.076231002807617
    ],
    [
      66.97521209716797,
      68.5248031616211,
      16.453454971313477,
      15.270256042480469,
      16.83863067626953,
      15.165424346923828,
      20.14175796508789,
      21.281949996948242,
      13.893060684204102,
      14.769099235534668,
      12.292231559753418,
      15.11370849609375,
      22.080785751342773,
      24.04505157470703,
      21.089540481567383,
      23.522916793823242,
      21.73737144470215,
      20.71531867980957
    ],
    [
      16.93695068359375,
      16.453454971313477,
      29.96537971496582,
      26.597267150878906,
      15.100789070129395,
      13.732664108276367,
      17.336034774780273,
      15.871819496154785,
      16.781721115112305,
      16.68764877319336,
      21.296974182128906,
      21.992414474487305,
      21.912153244018555,
      22.079923629760742,
      19.92616081237793,
      19.968442916870117,
      16.946016311645508,
      15.441152572631836
    ],
    [
      15.525446891784668,
      15.270256042480469,
      26.597267150878906,
      29.064926147460938,
      14.25241470336914,
      13.646541595458984,
      16.907136917114258,
      15.518277168273926,
      17.463481903076172,
      17.772823333740234,
      23.091358184814453,
      23.25595474243164,
      21.653518676757812,
      21.58523178100586,
      20.376182556152344,
      20.380752563476562,
      17.12713623046875,
      15.560606002807617
    ],
    [
      17.591346740722656,
      16.83863067626953,
      15.100789070129395,
      14.25241470336914,
      32.76722717285156,
      31.838672637939453,
      26.77683448791504,
      27.534761428833008,
      23.625965118408203,
      22.18667984008789,
      21.718135833740234,
      22.018247604370117,
      23.583242416381836,
      24.241079330444336,
      25.072463989257812,
      24.451574325561523,
      19.386981964111328,
      17.625478744506836
    ],
    [
      15.987105369567871,
      15.165424346923828,
      13.732664108276367,
      13.646541595458984,
      31.838672637939453,
      34.9461784362793,
      26.694822311401367,
      27.385143280029297,
      25.147357940673828,
      23.469791412353516,
      24.211702346801758,
      24.121999740600586,
      22.919450759887695,
      23.455860137939453,
      25.557392120361328,
      24.79570198059082,
      18.593542098999023,
      16.7297306060791
    ],
    [
      18.95848274230957,
      20.14175796508789,
      17.336034774780273,
      16.907136917114258,
      26.77683448791504,
      26.694822311401367,
      49.994102478027344,
      47.92878723144531,
      27.5441837310791,
      27.239124298095703,
      30.09634017944336,
      29.730876922607422,
      31.6171932220459,
      31.101123809814453,
      30.92516326904297,
      29.83622169494629,
      23.576820373535156,
      21.18601417541504
    ],
    [
      20.54047966003418,
      21.281949996948242,
      15.871819496154785,
      15.518277168273926,
      27.534761428833008,
      27.385143280029297,
      47.92878723144531,
      51.67951202392578,
      26.404640197753906,
      26.477828979492188,
      26.311304092407227,
      26.51250457763672,
      31.007610321044922,
      31.21526527404785,
      30.825523376464844,
      29.745643615722656,
      23.62811851501465,
      21.626340866088867
    ],
    [
      14.056819915771484,
      13.893060684204102,
      16.781721115112305,
      17.463481903076172,
      23.625965118408203,
      25.147357940673828,
      27.5441837310791,
      26.404640197753906,
      41.45557403564453,
      38.28840637207031,
      39.318538665771484,
      38.23428726196289,
      29.500539779663086,
      29.44101905822754,
      31.532005310058594,
      30.889516830444336,
      23.298789978027344,
      20.520851135253906
    ],
    [
      15.30128002166748,
      14.769099235534668,
      16.68764877319336,
      17.772823333740234,
      22.18667984008789,
      23.469791412353516,
      27.239124298095703,
      26.477828979492188,
      38.28840637207031,
      39.738651275634766,
      37.886024475097656,
      37.48303985595703,
      28.962711334228516,
      29.15739631652832,
      31.003978729248047,
      30.599613189697266,
      23.539024353027344,
      21.012826919555664
    ],
    [
      12.218316078186035,
      12.292231559753418,
      21.296974182128906,
      23.091358184814453,
      21.718135833740234,
      24.211702346801758,
      30.09634017944336,
      26.311304092407227,
      39.318538665771484,
      37.886024475097656,
      55.84352111816406,
      51.93523025512695,
      32.82400894165039,
      31.740467071533203,
      35.44242477416992,
      33.78120040893555,
      24.501585006713867,
      21.250478744506836
    ],
    [
      15.324270248413086,
      15.11370849609375,
      21.992414474487305,
      23.25595474243164,
      22.018247604370117,
      24.121999740600586,
      29.730876922607422,
      26.51250457763672,
      38.23428726196289,
      37.48303985595703,
      51.93523025512695,
      52.032249450683594,
      32.51494598388672,
      32.058956146240234,
      34.84047317504883,
      33.639957427978516,
      24.595294952392578,
      21.6441593170166
    ],
    [
      21.924158096313477,
      22.080785751342773,
      21.912153244018555,
      21.653518676757812,
      23.583242416381836,
      22.919450759887695,
      31.6171932220459,
      31.007610321044922,
      29.500539779663086,
      28.962711334228516,
      32.82400894165039,
      32.51494598388672,
      45.379234313964844,
      43.751888275146484,
      44.70399856567383,
      43.46510696411133,
      36.14927291870117,
      33.131351470947266
    ],
    [
      23.575698852539062,
      24.04505157470703,
      22.079923629760742,
      21.58523178100586,
      24.241079330444336,
      23.455860137939453,
      31.101123809814453,
      31.21526527404785,
      29.44101905822754,
      29.15739631652832,
      31.740467071533203,
      32.058956146240234,
      43.751888275146484,
      44.680545806884766,
      44.505977630615234,
      43.797306060791016,
      36.06390380859375,
      33.349430084228516
    ],
    [
      21.83852195739746,
      21.089540481567383,
      19.92616081237793,
      20.376182556152344,
      25.072463989257812,
      25.557392120361328,
      30.92516326904297,
      30.825523376464844,
      31.532005310058594,
      31.003978729248047,
      35.44242477416992,
      34.84047317504883,
      44.70399856567383,
      44.505977630615234,
      62.318206787109375,
      59.23056411743164,
      46.40666961669922,
      42.28890609741211
    ],
    [
      22.03697395324707,
      23.522916793823242,
      19.968442916870117,
      20.380752563476562,
      24.451574325561523,
      24.79570198059082,
      29.83622169494629,
      29.745643615722656,
      30.889516830444336,
      30.599613189697266,
      33.78120040893555,
      33.639957427978516,
      43.46510696411133,
      43.797306060791016,
      59.23056411743164,
      61.765541076660156,
      47.6937255859375,
      43.59172439575195
    ],
    [
      21.617332458496094,
      21.73737144470215,
      16.946016311645508,
      17.12713623046875,
      19.386981964111328,
      18.593542098999023,
      23.576820373535156,
      23.62811851501465,
      23.298789978027344,
      23.539024353027344,
      24.501585006713867,
      24.595294952392578,
      36.14927291870117,
      36.06390380859375,
      46.40666961669922,
      47.6937255859375,
      43.90785598754883,
      40.80497741699219
    ],
    [
      21.076231002807617,
      20.71531867980957,
      15.441152572631836,
      15.560606002807617,
      17.625478744506836,
      16.7297306060791,
      21.18601417541504,
      21.626340866088867,
      20.520851135253906,
      21.012826919555664,
      21.250478744506836,
      21.6441593170166,
      33.131351470947266,
      33.349430084228516,
      42.28890609741211,
      43.59172439575195,
      40.80497741699219,
      38.719905853271484
    ]
  ],
  "covariance_short": [
    [
      98.29367065429688,
      69.72286987304688,
      24.232892990112305,
      21.50971221923828,
      20.891021728515625,
      18.873319625854492,
      20.736190795898438,
      21.247438430786133,
      16.94732093811035,
      17.044044494628906,
      13.334379196166992,
      15.923592567443848,
      22.8460693359375,
      25.48001480102539,
      23.448896408081055,
      22.590518951416016,
      19.29953384399414,
      18.336624145507812
    ],
    [
      69.72286987304688,
      69.99226379394531,
      20.14733123779297,
      18.719532012939453,
      16.944515228271484,
      15.242210388183594,
      18.979055404663086,
      19.148494720458984,
      14.17026138305664,
      14.159063339233398,
      12.592211723327637,
      14.334961891174316,
      18.93009376525879,
      20.776775360107422,
      21.385393142700195,
      20.186084747314453,
      16.38857650756836,
      15.362957000732422
    ],
    [
      24.232892990112305,
      20.14733123779297,
      40.225528717041016,
      33.27891540527344,
      20.536691665649414,
      19.500211715698242,
      20.66278839111328,
      19.36245346069336,
      20.673095703125,
      19.642526626586914,
      25.175762176513672,
      24.801788330078125,
      24.863195419311523,
      25.24302101135254,
      24.402599334716797,
      22.92275047302246,
      18.639427185058594,
      16.702869415283203
    ],
    [
      21.50971221923828,
      18.719532012939453,
      33.27891540527344,
      40.167137145996094,
      19.95537567138672,
      19.74100112915039,
      19.884212493896484,
      18.635988235473633,
      21.153928756713867,
      20.137699127197266,
      26.915742874145508,
      26.147863388061523,
      24.12590217590332,
      24.468990325927734,
      24.152000427246094,
      22.582660675048828,
      18.55363655090332,
      16.56552505493164
    ],
    [
      20.891021728515625,
      16.944515228271484,
      20.536691665649414,
      19.95537567138672,
      44.300315856933594,
      39.48322296142578,
      32.862159729003906,
      31.793338775634766,
      30.24161720275879,
      27.606904983520508,
      31.789108276367188,
      29.67599105834961,
      29.318103790283203,
      29.95370864868164,
      30.854066848754883,
      28.409460067749023,
      20.56426429748535,
      18.129383087158203
    ],
    [
      18.873319625854492,
      15.242210388183594,
      19.500211715698242,
      19.74100112915039,
      39.48322296142578,
      46.22883987426758,
      32.327308654785156,
      31.51377296447754,
      31.588306427001953,
      28.762449264526367,
      34.51763153076172,
      32.054691314697266,
      28.427654266357422,
      29.07497787475586,
      30.990156173706055,
      28.48689842224121,
      19.82406234741211,
      17.356115341186523
    ],
    [
      20.736190795898438,
      18.979055404663086,
      20.66278839111328,
      19.884212493896484,
      32.862159729003906,
      32.327308654785156,
      62.44518280029297,
      56.65240478515625,
      35.48402404785156,
      33.92253112792969,
      38.817081451416016,
      36.72444152832031,
      38.26140213012695,
      38.352210998535156,
      38.300750732421875,
      35.47357940673828,
      26.341388702392578,
      23.16949462890625
    ],
    [
      21.247438430786133,
      19.148494720458984,
      19.36245346069336,
      18.635988235473633,
      31.793338775634766,
      31.51377296447754,
      56.65240478515625,
      62.709136962890625,
      34.04300308227539,
      33.10822296142578,
      35.340782165527344,
      34.23699951171875,
      36.74238967895508,
      37.403907775878906,
      36.804805755615234,
      34.28339767456055,
      25.229476928710938,
      22.485485076904297
    ],
    [
      16.94732093811035,
      14.17026138305664,
      20.673095703125,
      21.153928756713867,
      30.24161720275879,
      31.588306427001953,
      35.48402404785156,
      34.04300308227539,
      54.27100372314453,
      47.944427490234375,
      50.24241256713867,
      47.24345397949219,
      36.399452209472656,
      36.269840240478516,
      39.53221893310547,
      36.71718978881836,
      26.747703552246094,
      23.10785484313965
    ],
    [
      17.044044494628906,
      14.159063339233398,
      19.642526626586914,
      20.137699127197266,
      27.606904983520508,
      28.762449264526367,
      33.92253112792969,
      33.10822296142578,
      47.944427490234375,
      49.7884407043457,
      46.661277770996094,
      44.94080352783203,
      34.87092590332031,
      35.26487350463867,
      38.11778259277344,
      35.75386428833008,
      26.436113357543945,
      23.14303207397461
    ],
    [
      13.334379196166992,
      12.592211723327637,
      25.175762176513672,
      26.915742874145508,
      31.789108276367188,
      34.51763153076172,
      38.817081451416016,
      35.340782165527344,
      50.24241256713867,
      46.661277770996094,
      71.0870590209961,
      63.51655578613281,
      42.332210540771484,
      41.014671325683594,
      45.81110763549805,
      42.539222717285156,
      30.176166534423828,
      25.703655242919922
    ],
    [
      15.923592567443848,
      14.334961891174316,
      24.801788330078125,
      26.147863388061523,
      29.67599105834961,
      32.054691314697266,
      36.72444152832031,
      34.23699951171875,
      47.24345397949219,
      44.94080352783203,
      63.51655578613281,
      63.345359802246094,
      39.69933319091797,
      39.39512634277344,
      43.227020263671875,
      40.55854797363281,
      28.904142379760742,
      24.99062728881836
    ],
    [
      22.8460693359375,
      18.93009376525879,
      24.863195419311523,
      24.12590217590332,
      29.318103790283203,
      28.427654266357422,
      38.26140213012695,
      36.74238967895508,
      36.399452209472656,
      34.87092590332031,
      42.332210540771484,
      39.69933319091797,
      58.44033432006836,
      55.4696159362793,
      57.87730026245117,
      54.41291427612305,
      43.249263763427734,
      38.69606018066406
    ],
    [
      25.48001480102539,
      20.776775360107422,
      25.24302101135254,
      24.468990325927734,
      29.95370864868164,
      29.07497787475586,
      38.352210998535156,
      37.403907775878906,
      36.269840240478516,
      35.26487350463867,
      41.014671325683594,
      39.39512634277344,
      55.4696159362793,
      57.47407150268555,
      57.86528015136719,
      54.72358322143555,
      42.86351776123047,
      38.743038177490234
    ],
    [
      23.448896408081055,
      21.385393142700195,
      24.402599334716797,
      24.152000427246094,
      30.854066848754883,
      30.990156173706055,
      38.300750732421875,
      36.804805755615234,
      39.53221893310547,
      38.11778259277344,
      45.81110763549805,
      43.227020263671875,
      57.87730026245117,
      57.86528015136719,
      82.11666107177734,
      76.14110565185547,
      56.817474365234375,
      50.5712890625
    ],
    [
      22.590518951416016,
      20.186084747314453,
      22.92275047302246,
      22.582660675048828,
      28.409460067749023,
      28.48689842224121,
      35.47357940673828,
      34.28339767456055,
      36.71718978881836,
      35.75386428833008,
      42.539222717285156,
      40.55854797363281,
      54.41291427612305,
      54.72358322143555,
      76.14110565185547,
      72.30842590332031,
      53.8288688659668,
      48.591243743896484
    ],
    [
      19.29953384399414,
      16.38857650756836,
      18.639427185058594,
      18.55363655090332,
      20.56426429748535,
      19.82406234741211,
      26.341388702392578,
      25.229476928710938,
      26.747703552246094,
      26.436113357543945,
      30.176166534423828,
      28.904142379760742,
      43.249263763427734,
      42.86351776123047,
      56.817474365234375,
      53.8288688659668,
      48.994544982910156,
      44.35272216796875
    ],
    [
      18.336624145507812,
      15.362957000732422,
      16.702869415283203,
      16.56552505493164,
      18.129383087158203,
      17.356115341186523,
      23.16949462890625,
      22.485485076904297,
      23.10785484313965,
      23.14303207397461,
      25.703655242919922,
      24.99062728881836,
      38.69606018066406,
      38.743038177490234,
      50.5712890625,
      48.591243743896484,
      44.35272216796875,
      41.35554885864258
    ]
  ],
  "damage": -10.43777847290039,
  "diff_bandwidth": 880.8245239257812,
  "dissonance": 9.962681956521566,
  "drr": 5.169869422912598,
  "dynamics": 4.205871105194092,
  "format": 1245190,
  "frames": 9971648,
  "loudness": -16.967388153076172,
  "loudness_range": 12.750741958618164,
  "loudness_range_short": 16.237510681152344,
  "lowpass_true_peak_15khz": -1.0230835676193237,
  "mastering3_acoustic_entropies": [
    {
      "acoustic_entropy": 7.017607688903809,
      "acoustic_entropy_mono": 6.35012149810791,
      "band_eliminated_acoustic_entropies": [
        {
          "acoustic_entropy": 7.0182929039001465,
          "acoustic_entropy_side": 7.017650127410889,
          "hz": 129.47220167065723
        },
        {
          "acoustic_entropy": 7.063114166259766,
          "acoustic_entropy_side": 7.022575855255127,
          "hz": 202.92927478742237
        },
        {
          "acoustic_entropy": 7.271700859069824,
          "acoustic_entropy_side": 7.076787948608398,
          "hz": 282.89161906338205
        },
        {
          "acoustic_entropy": 7.515239715576172,
          "acoustic_entropy_side": 7.139974594116211,
          "hz": 369.9353335868758
        },
        {
          "acoustic_entropy": 7.272174835205078,
          "acoustic_entropy_side": 7.360506057739258,
          "hz": 464.6875360973435
        },
        {
          "acoustic_entropy": 7.597683429718018,
          "acoustic_entropy_side": 7.269297122955322,
          "hz": 567.8308811364784
        },
        {
          "acoustic_entropy": 6.738793849945068,
          "acoustic_entropy_side": 6.803427696228027,
          "hz": 680.1084783214808
        },
        {
          "acoustic_entropy": 6.9839067459106445,
          "acoustic_entropy_side": 7.424496173858643,
          "hz": 802.3292461747484
        },
        {
          "acoustic_entropy": 6.596269130706787,
          "acoustic_entropy_side": 6.76210880279541,
          "hz": 935.3737400823702
        },
        {
          "acoustic_entropy": 7.1514129638671875,
          "acoustic_entropy_side": 6.941181182861328,
          "hz": 1080.2004963696966
        },
        {
          "acoustic_entropy": 7.57752799987793,
          "acoustic_entropy_side": 7.159247875213623,
          "hz": 1237.8529382007157
        },
        {
          "acoustic_entropy": 6.98539924621582,
          "acoustic_entropy_side": 6.530373573303223,
          "hz": 1409.4668930556702
        },
        {
          "acoustic_entropy": 7.144096374511719,
          "acoustic_entropy_side": 7.083362102508545,
          "hz": 1596.2787759475705
        },
        {
          "acoustic_entropy": 7.084535121917725,
          "acoustic_entropy_side": 7.0811285972595215,
          "hz": 1799.6344973346393
        },
        {
          "acoustic_entropy": 7.154369831085205,
          "acoustic_entropy_side": 7.119888782501221,
          "hz": 2020.9991599069049
        },
        {
          "acoustic_entropy": 7.237513542175293,
          "acoustic_entropy_side": 7.210824966430664,
          "hz": 2261.9676141086993
        },
        {
          "acoustic_entropy": 7.231625080108643,
          "acoustic_entropy_side": 7.100440979003906,
          "hz": 2524.2759484456974
        },
        {
          "acoustic_entropy": 6.928382396697998,
          "acoustic_entropy_side": 7.078708648681641,
          "hz": 2809.813997359896
        },
        {
          "acoustic_entropy": 7.132268905639648,
          "acoustic_entropy_side": 7.04249906539917,
          "hz": 3120.6389567871424
        },
        {
          "acoustic_entropy": 7.2680206298828125,
          "acoustic_entropy_side": 7.09943151473999,
          "hz": 3458.990205492291
        },
        {
          "acoustic_entropy": 7.1179046630859375,
          "acoustic_entropy_side": 7.103362083435059,
          "hz": 3827.305438964164
        },
        {
          "acoustic_entropy": 7.098291397094727,
          "acoustic_entropy_side": 7.033089637756348,
          "hz": 4228.238232109126
        },
        {
          "acoustic_entropy": 7.038783550262451,
          "acoustic_entropy_side": 7.021273136138916,
          "hz": 4664.6771572759235
        },
        {
          "acoustic_entropy": 7.030153751373291,
          "acoustic_entropy_side": 7.020500183105469,
          "hz": 5139.766595350093
        },
        {
          "acoustic_entropy": 7.011343002319336,
          "acoustic_entropy_side": 7.0166096687316895,
          "hz": 5656.929389854203
        },
        {
          "acoustic_entropy": 7.013010025024414,
          "acoustic_entropy_side": 7.016839981079102,
          "hz": 6219.891507268283
        },
        {
          "acoustic_entropy": 7.016053199768066,
          "acoustic_entropy_side": 7.017578601837158,
          "hz": 6832.70888123896
        },
        {
          "acoustic_entropy": 7.0156402587890625,
          "acoustic_entropy_side": 7.016857624053955,
          "hz": 7499.796634079867
        },
        {
          "acoustic_entropy": 7.017592906951904,
          "acoustic_entropy_side": 7.017300605773926,
          "hz": 8225.96088609342
        },
        {
          "acoustic_entropy": 7.023630619049072,
          "acoustic_entropy_side": 7.0182204246521,
          "hz": 9016.43338188839
        },
        {
          "acoustic_entropy": 7.019550323486328,
          "acoustic_entropy_side": 7.017765045166016,
          "hz": 9876.909183162974
        },
        {
          "acoustic_entropy": 7.0188212394714355,
          "acoustic_entropy_side": 7.018125534057617,
          "hz": 10813.587699516042
        },
        {
          "acoustic_entropy": 7.019063949584961,
          "acoustic_entropy_side": 7.018305778503418,
          "hz": 11833.21735289826
        },
        {
          "acoustic_entropy": 7.017478942871094,
          "acoustic_entropy_side": 7.01780366897583,
          "hz": 12943.144197493959
        },
        {
          "acoustic_entropy": 7.0169548988342285,
          "acoustic_entropy_side": 7.017561912536621,
          "hz": 14151.364845322005
        },
        {
          "acoustic_entropy": 7.016956806182861,
          "acoustic_entropy_side": 7.017520427703857,
          "hz": 15466.58407886509
        },
        {
          "acoustic_entropy": 7.0175042152404785,
          "acoustic_entropy_side": 7.017583847045898,
          "hz": 16898.27756580493
        },
        {
          "acoustic_entropy": 7.01760196685791,
          "acoustic_entropy_side": 7.017612457275391,
          "hz": 18456.760127700032
        },
        {
          "acoustic_entropy": 7.017608165740967,
          "acoustic_entropy_side": 7.017608642578125,
          "hz": 20153.260054456492
        },
        {
          "acoustic_entropy": 7.017607688903809,
          "acoustic_entropy_side": 7.017608642578125,
          "hz": 22000.00000000001
        }
      ],
      "diff_acoustic_entropy": 5.0616350173950195,
      "sn": 6
    },
    {
      "acoustic_entropy": 10.772416114807129,
      "acoustic_entropy_mono": 10.927544593811035,
      "band_eliminated_acoustic_entropies": [
        {
          "acoustic_entropy": 10.774019241333008,
          "acoustic_entropy_side": 10.772611618041992,
          "hz": 129.47220167065723
        },
        {
          "acoustic_entropy": 10.651233673095703,
          "acoustic_entropy_side": 10.76435661315918,
          "hz": 202.92927478742237
        },
        {
          "acoustic_entropy": 10.35476016998291,
          "acoustic_entropy_side": 10.726712226867676,
          "hz": 282.89161906338205
        },
        {
          "acoustic_entropy": 11.170145034790039,
          "acoustic_entropy_side": 10.933116912841797,
          "hz": 369.9353335868758
        },
        {
          "acoustic_entropy": 10.065604209899902,
          "acoustic_entropy_side": 10.947074890136719,
          "hz": 464.6875360973435
        },
        {
          "acoustic_entropy": 11.363945007324219,
          "acoustic_entropy_side": 11.67460823059082,
          "hz": 567.8308811364784
        },
        {
          "acoustic_entropy": 10.239134788513184,
          "acoustic_entropy_side": 11.300548553466797,
          "hz": 680.1084783214808
        },
        {
          "acoustic_entropy": 10.653237342834473,
          "acoustic_entropy_side": 11.010149002075195,
          "hz": 802.3292461747484
        },
        {
          "acoustic_entropy": 10.046187400817871,
          "acoustic_entropy_side": 11.072577476501465,
          "hz": 935.3737400823702
        },
        {
          "acoustic_entropy": 10.720793724060059,
          "acoustic_entropy_side": 10.90077018737793,
          "hz": 1080.2004963696966
        },
        {
          "acoustic_entropy": 10.921615600585938,
          "acoustic_entropy_side": 11.000157356262207,
          "hz": 1237.8529382007157
        },
        {
          "acoustic_entropy": 10.458685874938965,
          "acoustic_entropy_side": 11.042136192321777,
          "hz": 1409.4668930556702
        },
        {
          "acoustic_entropy": 9.839820861816406,
          "acoustic_entropy_side": 10.529292106628418,
          "hz": 1596.2787759475705
        },
        {
          "acoustic_entropy": 11.076403617858887,
          "acoustic_entropy_side": 10.926572799682617,
          "hz": 1799.6344973346393
        },
        {
          "acoustic_entropy": 11.04507064819336,
          "acoustic_entropy_side": 11.092622756958008,
          "hz": 2020.9991599069049
        },
        {
          "acoustic_entropy": 11.489745140075684,
          "acoustic_entropy_side": 11.353114128112793,
          "hz": 2261.9676141086993
        },
        {
          "acoustic_entropy": 10.612651824951172,
          "acoustic_entropy_side": 10.5357084274292,
          "hz": 2524.2759484456974
        },
        {
          "acoustic_entropy": 11.033897399902344,
          "acoustic_entropy_side": 10.634952545166016,
          "hz": 2809.813997359896
        },
        {
          "acoustic_entropy": 10.939658164978027,
          "acoustic_entropy_side": 10.890218734741211,
          "hz": 3120.6389567871424
        },
        {
          "acoustic_entropy": 10.942174911499023,
          "acoustic_entropy_side": 10.680170059204102,
          "hz": 3458.990205492291
        },
        {
          "acoustic_entropy": 11.190768241882324,
          "acoustic_entropy_side": 10.55781364440918,
          "hz": 3827.305438964164
        },
        {
          "acoustic_entropy": 10.920450210571289,
          "acoustic_entropy_side": 10.69418716430664,
          "hz": 4228.238232109126
        },
        {
          "acoustic_entropy": 10.770292282104492,
          "acoustic_entropy_side": 10.791045188903809,
          "hz": 4664.6771572759235
        },
        {
          "acoustic_entropy": 10.740708351135254,
          "acoustic_entropy_side": 10.774397850036621,
          "hz": 5139.766595350093
        },
        {
          "acoustic_entropy": 10.726067543029785,
          "acoustic_entropy_side": 10.775446891784668,
          "hz": 5656.929389854203
        },
        {
          "acoustic_entropy": 10.76234245300293,
          "acoustic_entropy_side": 10.78443717956543,
          "hz": 6219.891507268283
        },
        {
          "acoustic_entropy": 10.793636322021484,
          "acoustic_entropy_side": 10.8008451461792,
          "hz": 6832.70888123896
        },
        {
          "acoustic_entropy": 10.898579597473145,
          "acoustic_entropy_side": 10.820145606994629,
          "hz": 7499.796634079867
        },
        {
          "acoustic_entropy": 10.945745468139648,
          "acoustic_entropy_side": 10.848830223083496,
          "hz": 8225.96088609342
        },
        {
          "acoustic_entropy": 10.898639678955078,
          "acoustic_entropy_side": 10.850508689880371,
          "hz": 9016.43338188839
        },
        {
          "acoustic_entropy": 10.891098976135254,
          "acoustic_entropy_side": 10.842867851257324,
          "hz": 9876.909183162974
        },
        {
          "acoustic_entropy": 10.89769458770752,
          "acoustic_entropy_side": 10.835668563842773,
          "hz": 10813.587699516042
        },
        {
          "acoustic_entropy": 10.899954795837402,
          "acoustic_entropy_side": 10.824517250061035,
          "hz": 11833.21735289826
        },
        {
          "acoustic_entropy": 10.86101245880127,
          "acoustic_entropy_side": 10.803772926330566,
          "hz": 12943.144197493959
        },
        {
          "acoustic_entropy": 10.815058708190918,
          "acoustic_entropy_side": 10.787666320800781,
          "hz": 14151.364845322005
        },
        {
          "acoustic_entropy": 10.791525840759277,
          "acoustic_entropy_side": 10.778696060180664,
          "hz": 15466.58407886509
        },
        {
          "acoustic_entropy": 10.7793550491333,
          "acoustic_entropy_side": 10.775055885314941,
          "hz": 16898.27756580493
        },
        {
          "acoustic_entropy": 10.775591850280762,
          "acoustic_entropy_side": 10.773447036743164,
          "hz": 18456.760127700032
        },
        {
          "acoustic_entropy": 10.773103713989258,
          "acoustic_entropy_side": 10.772621154785156,
          "hz": 20153.260054456492
        },
        {
          "acoustic_entropy": 10.772444725036621,
          "acoustic_entropy_side": 10.772422790527344,
          "hz": 22000.00000000001
        }
      ],
      "diff_acoustic_entropy": 7.593583583831787,
      "sn": 12
    },
    {
      "acoustic_entropy": 18.218177795410156,
      "acoustic_entropy_mono": 16.86343765258789,
      "band_eliminated_acoustic_entropies": [
        {
          "acoustic_entropy": 18.170000076293945,
          "acoustic_entropy_side": 18.21512794494629,
          "hz": 129.47220167065723
        },
        {
          "acoustic_entropy": 17.806678771972656,
          "acoustic_entropy_side": 18.100011825561523,
          "hz": 202.92927478742237
        },
        {
          "acoustic_entropy": 18.405258178710938,
          "acoustic_entropy_side": 17.972320556640625,
          "hz": 282.89161906338205
        },
        {
          "acoustic_entropy": 18.33388900756836,
          "acoustic_entropy_side": 19.291799545288086,
          "hz": 369.9353335868758
        },
        {
          "acoustic_entropy": 17.416358947753906,
          "acoustic_entropy_side": 18.300535202026367,
          "hz": 464.6875360973435
        },
        {
          "acoustic_entropy": 18.064313888549805,
          "acoustic_entropy_side": 19.159521102905273,
          "hz": 567.8308811364784
        },
        {
          "acoustic_entropy": 17.640653610229492,
          "acoustic_entropy_side": 17.894424438476562,
          "hz": 680.1084783214808
        },
        {
          "acoustic_entropy": 17.6053466796875,
          "acoustic_entropy_side": 18.281570434570312,
          "hz": 802.3292461747484
        },
        {
          "acoustic_entropy": 17.347230911254883,
          "acoustic_entropy_side": 18.13857078552246,
          "hz": 935.3737400823702
        },
        {
          "acoustic_entropy": 17.191444396972656,
          "acoustic_entropy_side": 17.864370346069336,
          "hz": 1080.2004963696966
        },
        {
          "acoustic_entropy": 17.87549591064453,
          "acoustic_entropy_side": 18.457141876220703,
          "hz": 1237.8529382007157
        },
        {
          "acoustic_entropy": 17.77421760559082,
          "acoustic_entropy_side": 18.058563232421875,
          "hz": 1409.4668930556702
        },
        {
          "acoustic_entropy": 17.52203369140625,
          "acoustic_entropy_side": 18.392671585083008,
          "hz": 1596.2787759475705
        },
        {
          "acoustic_entropy": 17.099611282348633,
          "acoustic_entropy_side": 17.894128799438477,
          "hz": 1799.6344973346393
        },
        {
          "acoustic_entropy": 17.357769012451172,
          "acoustic_entropy_side": 18.696340560913086,
          "hz": 2020.9991599069049
        },
        {
          "acoustic_entropy": 18.114652633666992,
          "acoustic_entropy_side": 18.15138816833496,
          "hz": 2261.9676141086993
        },
        {
          "acoustic_entropy": 17.738014221191406,
          "acoustic_entropy_side": 18.24034309387207,
          "hz": 2524.2759484456974
        },
        {
          "acoustic_entropy": 18.04682731628418,
          "acoustic_entropy_side": 18.22723960876465,
          "hz": 2809.813997359896
        },
        {
          "acoustic_entropy": 18.344982147216797,
