{
  "acoustic_entropy": 126.46416473388672,
  "bands": [
    {
      "high_freq": 148.1999969482422,
      "loudness": -34.49081039428711,
      "loudness_range": 17.684293746948242,
      "mid_mean": -31.264116287231445,
      "mid_to_side_loudness": -13.029873847961426,
      "mid_to_side_loudness_range": 18.870635986328125,
      "side_mean": -44.99530029296875
    },
    {
      "high_freq": 392.3793640136719,
      "loudness": -20.367856979370117,
      "loudness_range": 9.515745162963867,
      "low_freq": 148.1999969482422,
      "mid_mean": -16.742223739624023,
      "mid_to_side_loudness": -26.063783645629883,
      "mid_to_side_loudness_range": 12.257268905639648,
      "side_mean": -44.32783126831055
    },
    {
      "high_freq": 794.6976318359375,
      "loudness": -24.138181686401367,
      "loudness_range": 8.955961227416992,
      "low_freq": 392.3793640136719,
      "mid_mean": -20.648279190063477,
      "mid_to_side_loudness": -28.867950439453125,
      "mid_to_side_loudness_range": 10.570140838623047,
      "side_mean": -52.68196487426758
    },
    {
      "high_freq": 1457.5709228515625,
      "loudness": -28.8618106842041,
      "loudness_range": 9.518383026123047,
      "low_freq": 794.6976318359375,
      "mid_mean": -25.473621368408203,
      "mid_to_side_loudness": -21.73757553100586,
      "mid_to_side_loudness_range": 14.580987930297852,
      "side_mean": -50.406394958496094
    },
    {
      "high_freq": 2549.74365234375,
      "loudness": -29.926725387573242,
      "loudness_range": 11.491395950317383,
      "low_freq": 1457.5709228515625,
      "mid_mean": -26.534135818481445,
      "mid_to_side_loudness": -16.099477767944336,
      "mid_to_side_loudness_range": 12.152433395385742,
      "side_mean": -43.67498016357422
    },
    {
      "high_freq": 4349.24462890625,
      "loudness": -34.23660659790039,
      "loudness_range": 10.41317367553711,
      "low_freq": 2549.74365234375,
      "mid_mean": -30.90513038635254,
      "mid_to_side_loudness": -11.442436218261719,
      "mid_to_side_loudness_range": 6.847960472106934,
      "side_mean": -42.89997863769531
    },
    {
      "high_freq": 7314.1640625,
      "loudness": -41.07309341430664,
      "loudness_range": 10.376148223876953,
      "low_freq": 4349.24462890625,
      "mid_mean": -38.125980377197266,
      "mid_to_side_loudness": -7.696479797363281,
      "mid_to_side_loudness_range": 6.055719375610352,
      "side_mean": -46.15170669555664
    },
    {
      "high_freq": 12199.2666015625,
      "loudness": -49.56806564331055,
      "loudness_range": 9.427825927734375,
      "low_freq": 7314.1640625,
      "mid_mean": -47.583343505859375,
      "mid_to_side_loudness": -3.5389578342437744,
      "mid_to_side_loudness_range": 4.7212395668029785,
      "side_mean": -52.90144348144531
    },
    {
      "loudness": -57.75655746459961,
      "loudness_range": 5.265857696533203,
      "low_freq": 12199.2666015625,
      "mid_mean": -58.198081970214844,
      "mid_to_side_loudness": 0.11614025384187698,
      "mid_to_side_loudness_range": 3.51768159866333,
      "side_mean": -58.08461380004883
    }
  ],
  "bands_short": [
    {
      "high_freq": 148.1999969482422,
      "loudness": -38.8430061340332,
      "loudness_range": 21.857173919677734,
      "mid_mean": -36.26569747924805,
      "mid_to_side_loudness": -10.060355186462402,
      "mid_to_side_loudness_range": 26.12191390991211,
      "side_mean": -46.955284118652344
    },
    {
      "high_freq": 392.3793640136719,
      "loudness": -20.63849449157715,
      "loudness_range": 10.947051048278809,
      "low_freq": 148.1999969482422,
      "mid_mean": -17.097579956054688,
      "mid_to_side_loudness": -25.419687271118164,
      "mid_to_side_loudness_range": 24.974834442138672,
      "side_mean": -44.38679122924805
    },
    {
      "high_freq": 794.6976318359375,
      "loudness": -24.514833450317383,
      "loudness_range": 11.879379272460938,
      "low_freq": 392.3793640136719,
      "mid_mean": -20.960376739501953,
      "mid_to_side_loudness": -28.3433780670166,
      "mid_to_side_loudness_range": 23.04209327697754,
      "side_mean": -53.08172607421875
    },
    {
      "high_freq": 1457.5709228515625,
      "loudness": -29.13789176940918,
      "loudness_range": 11.018203735351562,
      "low_freq": 794.6976318359375,
      "mid_mean": -25.773469924926758,
      "mid_to_side_loudness": -21.96038055419922,
      "mid_to_side_loudness_range": 19.125930786132812,
      "side_mean": -51.327415466308594
    },
    {
      "high_freq": 2549.74365234375,
      "loudness": -30.320096969604492,
      "loudness_range": 12.315093994140625,
      "low_freq": 1457.5709228515625,
      "mid_mean": -26.9085636138916,
      "mid_to_side_loudness": -16.304615020751953,
      "mid_to_side_loudness_range": 16.093950271606445,
      "side_mean": -44.559783935546875
    },
    {
      "high_freq": 4349.24462890625,
      "loudness": -34.234657287597656,
      "loudness_range": 11.5028076171875,
      "low_freq": 2549.74365234375,
      "mid_mean": -30.965055465698242,
      "mid_to_side_loudness": -11.660187721252441,
      "mid_to_side_loudness_range": 10.809723854064941,
      "side_mean": -43.536766052246094
    },
    {
      "high_freq": 7314.1640625,
      "loudness": -41.69319534301758,
      "loudness_range": 12.557544708251953,
      "low_freq": 4349.24462890625,
      "mid_mean": -38.86846923828125,
      "mid_to_side_loudness": -7.831050872802734,
      "mid_to_side_loudness_range": 8.36457633972168,
      "side_mean": -47.016109466552734
    },
    {
      "high_freq": 12199.2666015625,
      "loudness": -50.746551513671875,
      "loudness_range": 12.36673355102539,
      "low_freq": 7314.1640625,
      "mid_mean": -50.87154769897461,
      "mid_to_side_loudness": -3.4725592136383057,
      "mid_to_side_loudness_range": 5.6926164627075195,
      "side_mean": -53.98264694213867
    },
    {
      "loudness": -58.2927131652832,
      "loudness_range": 7.960262298583984,
      "low_freq": 12199.2666015625,
      "mid_mean": -58.7081184387207,
      "mid_to_side_loudness": 0.1838843822479248,
      "mid_to_side_loudness_range": 4.676070213317871,
      "side_mean": -58.55158615112305
    }
  ],
  "bandwidth": 513.4987182617188,
  "channels": 2,
  "covariance": [
    [
      49.65989685058594,
      6.126189708709717,
      -2.332014560699463,
      1.933374285697937,
      -4.145600318908691,
      1.0449854135513306,
      -3.2880666255950928,
      -0.5583038926124573,
      -6.181036472320557,
      -1.5743777751922607,
      -2.7625110149383545,
      -1.2829135656356812,
      -5.413612365722656,
      -3.0556514263153076,
      -1.1967958211898804,
      -1.0477381944656372,
      -0.02882794663310051,
      0.19971922039985657
    ],
    [
      6.126189708709717,
      5.77393102645874,
      -0.594380259513855,
      0.920718789100647,
      -0.5840446949005127,
      3.237600803375244,
      -1.033639669418335,
      3.614610195159912,
      -0.9901890158653259,
      0.4680912494659424,
      -0.8376786112785339,
      0.603403627872467,
      -0.14043886959552765,
      0.49119555950164795,
      3.1710760593414307,
      3.519948720932007,
      2.610291004180908,
      2.513373613357544
    ],
    [
      -2.332014560699463,
      -0.594380259513855,
      16.515249252319336,
      9.119485855102539,
      9.79832935333252,
      7.516245365142822,
      10.310324668884277,
      8.729453086853027,
      8.240605354309082,
      10.123726844787598,
      9.639267921447754,
      10.143792152404785,
      6.272245407104492,
      6.9693708419799805,
      1.9177086353302002,
      3.3272550106048584,
      1.779148817062378,
      2.4637389183044434
    ],
    [
      1.933374285697937,
      0.920718789100647,
      9.119485855102539,
      8.278135299682617,
      5.718562602996826,
      7.094376564025879,
      6.9021782875061035,
      8.08832836151123,
      5.504217147827148,
      7.966937065124512,
      6.713383674621582,
      7.715672016143799,
      2.9134373664855957,
      4.679743766784668,
      2.203639507293701,
      2.998058557510376,
      1.8980729579925537,
      2.164930582046509
    ],
    [
      -4.145600318908691,
      -0.5840446949005127,
      9.79832935333252,
      5.718562602996826,
      17.98844337463379,
      11.299341201782227,
      13.74200439453125,
      12.642342567443848,
      11.45421028137207,
      13.74593734741211,
      13.150209426879883,
      13.731257438659668,
      8.692557334899902,
      10.044610977172852,
      3.269923448562622,
      4.819116592407227,
      1.901070237159729,
      2.414638042449951
    ],
    [
      1.0449854135513306,
      3.237600803375244,
      7.516245365142822,
      7.094376564025879,
      11.299341201782227,
      43.339622497558594,
      10.188035011291504,
      48.447113037109375,
      8.658041954040527,
      13.038619041442871,
      9.817116737365723,
      12.529047012329102,
      4.501890182495117,
      8.070106506347656,
      4.752588748931885,
      35.760189056396484,
      24.103200912475586,
      24.421894073486328
    ],
    [
      -3.2880666255950928,
      -1.033639669418335,
      10.310324668884277,
      6.9021782875061035,
      13.74200439453125,
      10.188035011291504,
      22.504487991333008,
      13.075051307678223,
      15.892982482910156,
      14.94312858581543,
      16.95561408996582,
      14.34628677368164,
      6.07681941986084,
      7.898129463195801,
      0.4594673216342926,
      1.882641315460205,
      1.0867536067962646,
      0.8784081935882568
    ],
    [
      -0.5583038926124573,
      3.614610195159912,
      8.729453086853027,
      8.08832836151123,
      12.642342567443848,
      48.447113037109375,
      13.075051307678223,
      56.730751037597656,
      11.873486518859863,
      17.548404693603516,
      12.849533081054688,
      16.7393798828125,
      7.047405242919922,
      11.63160514831543,
      7.072281360626221,
      42.163673400878906,
      27.73214340209961,
      28.3219051361084
    ],
    [
      -6.181036472320557,
      -0.9901890158653259,
      8.240605354309082,
      5.504217147827148,
      11.45421028137207,
      8.658041954040527,
      15.892982482910156,
      11.873486518859863,
      22.997655868530273,
      16.87807846069336,
      18.786357879638672,
      16.61948585510254,
      12.070585250854492,
      12.35319995880127,
      5.368880271911621,
      5.941581726074219,
      2.271758794784546,
      2.581136465072632
    ],
    [
      -1.5743777751922607,
      0.4680912494659424,
      10.123726844787598,
      7.966937065124512,
      13.74593734741211,
      13.038619041442871,
      14.94312858581543,
      17.548404693603516,
      16.87807846069336,
      21.851299285888672,
      17.24657440185547,
      21.045944213867188,
      11.47160530090332,
      15.958959579467773,
      7.433334827423096,
      9.132267951965332,
      3.5314276218414307,
      4.56108283996582
    ],
    [
      -2.7625110149383545,
      -0.8376786112785339,
      9.639267921447754,
      6.713383674621582,
      13.150209426879883,
      9.817116737365723,
      16.95561408996582,
      12.849533081054688,
      18.786357879638672,
      17.24657440185547,
      21.291318893432617,
      17.775129318237305,
      13.672317504882812,
      13.477255821228027,
      6.49881649017334,
      6.977938652038574,
      3.1140353679656982,
      3.398064613342285
    ],
    [
      -1.2829135656356812,
      0.603403627872467,
      10.143792152404785,
      7.715672016143799,
      13.731257438659668,
      12.529047012329102,
      14.34628677368164,
      16.7393798828125,
      16.61948585510254,
      21.045944213867188,
      17.775129318237305,
      21.46802520751953,
      13.309822082519531,
      17.317001342773438,
      9.232562065124512,
      10.64645004272461,
      4.331553936004639,
      5.363321304321289
    ],
    [
      -5.413612365722656,
      -0.14043886959552765,
      6.272245407104492,
      2.9134373664855957,
      8.692557334899902,
      4.501890182495117,
      6.07681941986084,
      7.047405242919922,
      12.070585250854492,
      11.47160530090332,
      13.672317504882812,
      13.309822082519531,
      20.02836036682129,
      16.216760635375977,
      14.462902069091797,
      12.635246276855469,
      5.312020301818848,
      6.120534896850586
    ],
    [
      -3.0556514263153076,
      0.49119555950164795,
      6.9693708419799805,
      4.679743766784668,
      10.044610977172852,
      8.070106506347656,
      7.898129463195801,
      11.63160514831543,
      12.35319995880127,
      15.958959579467773,
      13.477255821228027,
      17.317001342773438,
      16.216760635375977,
      18.16449737548828,
      13.15428638458252,
      13.490882873535156,
      5.253963470458984,
      6.598857402801514
    ],
    [
      -1.1967958211898804,
      3.1710760593414307,
      1.9177086353302002,
      2.203639507293701,
      3.269923448562622,
      4.752588748931885,
      0.4594673216342926,
      7.072281360626221,
      5.368880271911621,
      7.433334827423096,
      6.49881649017334,
      9.232562065124512,
      14.462902069091797,
      13.15428638458252,
      18.692516326904297,
      15.366898536682129,
      8.210583686828613,
      8.499515533447266
    ],
    [
      -1.0477381944656372,
      3.519948720932007,
      3.3272550106048584,
      2.998058557510376,
      4.819116592407227,
      35.760189056396484,
      1.882641315460205,
      42.163673400878906,
      5.941581726074219,
      9.132267951965332,
      6.977938652038574,
      10.64645004272461,
      12.635246276855469,
      13.490882873535156,
      15.366898536682129,
      43.59060287475586,
      27.08933448791504,
      28.392234802246094
    ],
    [
      -0.02882794663310051,
      2.610291004180908,
      1.779148817062378,
      1.8980729579925537,
      1.901070237159729,
      24.103200912475586,
      1.0867536067962646,
      27.73214340209961,
      2.271758794784546,
      3.5314276218414307,
      3.1140353679656982,
      4.331553936004639,
      5.312020301818848,
      5.253963470458984,
      8.210583686828613,
      27.08933448791504,
      19.516910552978516,
      19.239925384521484
    ],
    [
      0.19971922039985657,
      2.513373613357544,
      2.4637389183044434,
      2.164930582046509,
      2.414638042449951,
      24.421894073486328,
      0.8784081935882568,
      28.3219051361084,
      2.581136465072632,
      4.56108283996582,
      3.398064613342285,
      5.363321304321289,
      6.120534896850586,
      6.598857402801514,
      8.499515533447266,
      28.392234802246094,
      19.239925384521484,
      19.989456176757812
    ]
  ],
  "covariance_short": [
    [
      76.52456665039062,
      7.878716945648193,
      0.26710036396980286,
      5.930608749389648,
      -3.6088032722473145,
      4.321340084075928,
      0.01720173843204975,
      3.881375312805176,
      -3.460228443145752,
      3.160712957382202,
      -2.1479432582855225,
      2.133169651031494,
      -3.9008243083953857,
      -1.5961107015609741,
      -2.944822311401367,
      -1.8612143993377686,
      -2.1590328216552734,
      -1.0657575130462646
    ],
    [
      7.878716945648193,
      15.461054801940918,
      -0.15553486347198486,
      4.179547309875488,
      -0.6714535355567932,
      5.456212520599365,
      -1.1786903142929077,
      5.156403064727783,
      -0.6056249737739563,
      0.6472733616828918,
      -0.7342060804367065,
      0.26761096715927124,
      -0.5993751287460327,
      0.8968590497970581,
      4.651196002960205,
      4.141855239868164,
      2.481050968170166,
      2.637840509414673
    ],
    [
      0.26710036396980286,
      -0.15553486347198486,
      22.301233291625977,
      10.852376937866211,
      7.337470531463623,
      7.234593868255615,
      8.497824668884277,
      9.205467224121094,
      8.06043815612793,
      10.838312149047852,
      7.364410400390625,
      10.498370170593262,
      6.209210395812988,
      8.080204963684082,
      3.0763089656829834,
      4.5938334465026855,
      1.078615427017212,
      2.310330867767334
    ],
    [
      5.930608749389648,
      4.179547309875488,
      10.852376937866211,
      14.889083862304688,
      3.9910976886749268,
      10.031283378601074,
      4.79594087600708,
      10.65484619140625,
      4.497708797454834,
      9.032453536987305,
      4.103818893432617,
      7.952247619628906,
      3.411684513092041,
      6.704441070556641,
      4.850353717803955,
      5.869767665863037,
      3.0401384830474854,
      3.6422810554504395
    ],
    [
      -3.6088032722473145,
      -0.6714535355567932,
      7.337470531463623,
      3.9910976886749268,
      23.538311004638672,
      13.451114654541016,
      13.176494598388672,
      15.096802711486816,
      11.677600860595703,
      15.50801944732666,
      10.989240646362305,
      14.613245964050293,
      9.615645408630371,
      12.274455070495605,
      5.392038822174072,
      6.898293495178223,
      2.05708384513855,
      2.81032395362854
    ],
    [
      4.321340084075928,
      5.456212520599365,
      7.234593868255615,
      10.031283378601074,
      13.451114654541016,
      48.90630340576172,
      10.692033767700195,
      52.01628494262695,
      9.518980026245117,
      17.982685089111328,
      8.753497123718262,
      16.33212661743164,
      8.063238143920898,
      12.83717155456543,
      41.23218536376953,
      37.279998779296875,
      24.466812133789062,
      25.296375274658203
    ],
    [
      0.01720173843204975,
      -1.1786903142929077,
      8.497824668884277,
      4.79594087600708,
      13.176494598388672,
      10.692033767700195,
      27.44308853149414,
      16.9481258392334,
      17.359819412231445,
      18.213361740112305,
      16.768329620361328,
      17.45699691772461,
      11.37116527557373,
      12.488750457763672,
      5.464500904083252,
      6.265201568603516,
      2.260577440261841,
      2.6867034435272217
    ],
    [
      3.881375312805176,
      5.156403064727783,
      9.205467224121094,
      10.65484619140625,
      15.096802711486816,
      52.01628494262695,
      16.9481258392334,
      63.464942932128906,
      14.758618354797363,
      26.60447883605957,
      13.612975120544434,
      24.392135620117188,
      13.5538969039917,
      19.92234992980957,
      48.329280853271484,
      44.45735168457031,
      27.614994049072266,
      29.186384201049805
    ],
    [
      -3.460228443145752,
      -0.6056249737739563,
      8.06043815612793,
      4.497708797454834,
      11.677600860595703,
      9.518980026245117,
      17.359819412231445,
      14.758618354797363,
      28.610809326171875,
      20.87368392944336,
      20.203609466552734,
      19.697900772094727,
      13.885313034057617,
      14.70018482208252,
      5.390946865081787,
      6.716361045837402,
      1.8379557132720947,
      2.034078359603882
    ],
    [
      3.160712957382202,
      0.6472733616828918,
      10.838312149047852,
      9.032453536987305,
      15.50801944732666,
      17.982685089111328,
      18.213361740112305,
      26.60447883605957,
      20.87368392944336,
      33.02471923828125,
      18.459381103515625,
      30.027076721191406,
      19.344514846801758,
      24.803916931152344,
      11.781292915344238,
      15.171873092651367,
      4.838773727416992,
      6.937279224395752
    ],
    [
      -2.1479432582855225,
      -0.7342060804367065,
      7.364410400390625,
      4.103818893432617,
      10.989240646362305,
      8.753497123718262,
      16.768329620361328,
      13.612975120544434,
      20.203609466552734,
      18.459381103515625,
      23.018569946289062,
      19.61577033996582,
      16.02791404724121,
      16.003740310668945,
      8.521065711975098,
      9.159552574157715,
      3.172502279281616,
      3.4347774982452393
    ],
    [
      2.133169651031494,
      0.26761096715927124,
      10.498370170593262,
      7.952247619628906,
      14.613245964050293,
      16.33212661743164,
      17.45699691772461,
      24.392135620117188,
      19.697900772094727,
      30.027076721191406,
      19.61577033996582,
      31.106063842773438,
      22.09679412841797,
      25.898643493652344,
      13.553719520568848,
      16.584522247314453,
      5.441036701202393,
      7.436293125152588
    ],
    [
      -3.9008243083953857,
      -0.5993751287460327,
      6.209210395812988,
      3.411684513092041,
      9.615645408630371,
      8.063238143920898,
      11.37116527557373,
      13.5538969039917,
      13.885313034057617,
      19.344514846801758,
      16.02791404724121,
      22.09679412841797,
      31.215696334838867,
      25.762866973876953,
      20.994096755981445,
      19.51133155822754,
      7.628856182098389,
      8.628144264221191
    ],
    [
      -1.5961107015609741,
      0.8968590497970581,
      8.080204963684082,
      6.704441070556641,
      12.274455070495605,
      12.83717155456543,
      12.488750457763672,
      19.92234992980957,
      14.70018482208252,
      24.803916931152344,
      16.003740310668945,
      25.898643493652344,
      25.762866973876953,
      29.591327667236328,
      20.468236923217773,
      21.969999313354492,
      8.2329683303833,
      10.207484245300293
    ],
    [
      -2.944822311401367,
      4.651196002960205,
      3.0763089656829834,
      4.850353717803955,
      5.392038822174072,
      41.23218536376953,
      5.464500904083252,
      48.329280853271484,
      5.390946865081787,
      11.781292915344238,
      8.521065711975098,
      13.553719520568848,
      20.994096755981445,
      20.468236923217773,
      62.09825134277344,
      52.64985656738281,
      33.534027099609375,
      33.730224609375
    ],
    [
      -1.8612143993377686,
      4.141855239868164,
      4.5938334465026855,
      5.869767665863037,
      6.898293495178223,
      37.279998779296875,
      6.265201568603516,
      44.45735168457031,
      6.716361045837402,
      15.171873092651367,
      9.159552574157715,
      16.584522247314453,
      19.51133155822754,
      21.969999313354492,
      52.64985656738281,
      47.6373405456543,
      28.54667854309082,
      30.103633880615234
    ],
    [
      -2.1590328216552734,
      2.481050968170166,
      1.078615427017212,
      3.0401384830474854,
      2.05708384513855,
      24.466812133789062,
      2.260577440261841,
      27.614994049072266,
      1.8379557132720947,
      4.838773727416992,
      3.172502279281616,
      5.441036701202393,
      7.628856182098389,
      8.2329683303833,
      33.534027099609375,
      28.54667854309082,
      21.399213790893555,
      20.62952423095703
    ],
    [
      -1.0657575130462646,
      2.637840509414673,
      2.310330867767334,
      3.6422810554504395,
      2.81032395362854,
      25.296375274658203,
      2.6867034435272217,
      29.186384201049805,
      2.034078359603882,
      6.937279224395752,
      3.4347774982452393,
      7.436293125152588,
      8.628144264221191,
      10.207484245300293,
      33.730224609375,
      30.103633880615234,
      20.62952423095703,
      21.640480041503906
    ]
  ],
  "damage": -6.650491714477539,
  "diff_bandwidth": 524.3048706054688,
  "dissonance": 6.284754597443687,
  "drr": 1.8562490940093994,
  "dynamics": 2.5854687690734863,
  "format": 1245190,
  "frames": 1642496,
  "loudness": -14.058199882507324,
  "loudness_range": 6.883353233337402,
  "loudness_range_short": 7.947844505310059,
  "lowpass_true_peak_15khz": -2.045908212661743,
  "mastering3_acoustic_entropies": [
    {
      "acoustic_entropy": 6.805129051208496,
      "acoustic_entropy_mono": 6.810091495513916,
      "band_eliminated_acoustic_entropies": [
        {
          "acoustic_entropy": 6.787734508514404,
          "acoustic_entropy_side": 6.805113792419434,
          "hz": 129.47220167065723
        },
        {
          "acoustic_entropy": 7.017541885375977,
          "acoustic_entropy_side": 6.8050761222839355,
          "hz": 202.92927478742237
        },
        {
          "acoustic_entropy": 6.611178874969482,
          "acoustic_entropy_side": 6.805032253265381,
          "hz": 282.89161906338205
        },
        {
          "acoustic_entropy": 6.705030918121338,
          "acoustic_entropy_side": 6.805049896240234,
          "hz": 369.9353335868758
        },
        {
          "acoustic_entropy": 6.697810649871826,
          "acoustic_entropy_side": 6.805138111114502,
          "hz": 464.6875360973435
        },
        {
          "acoustic_entropy": 6.096756935119629,
          "acoustic_entropy_side": 6.8051533699035645,
          "hz": 567.8308811364784
        },
        {
          "acoustic_entropy": 5.866741180419922,
          "acoustic_entropy_side": 6.8050994873046875,
          "hz": 680.1084783214808
        },
        {
          "acoustic_entropy": 7.002403259277344,
          "acoustic_entropy_side": 6.805141448974609,
          "hz": 802.3292461747484
        },
        {
          "acoustic_entropy": 6.752949237823486,
          "acoustic_entropy_side": 6.805109977722168,
          "hz": 935.3737400823702
        },
        {
          "acoustic_entropy": 7.0061354637146,
          "acoustic_entropy_side": 6.805173873901367,
          "hz": 1080.2004963696966
        },
        {
          "acoustic_entropy": 6.721126079559326,
          "acoustic_entropy_side": 6.804993629455566,
          "hz": 1237.8529382007157
        },
        {
          "acoustic_entropy": 6.752958297729492,
          "acoustic_entropy_side": 6.805147647857666,
          "hz": 1409.4668930556702
        },
        {
          "acoustic_entropy": 6.723771572113037,
          "acoustic_entropy_side": 6.805041313171387,
          "hz": 1596.2787759475705
        },
        {
          "acoustic_entropy": 7.002098083496094,
          "acoustic_entropy_side": 6.80497407913208,
          "hz": 1799.6344973346393
        },
        {
          "acoustic_entropy": 6.919416427612305,
          "acoustic_entropy_side": 6.805289268493652,
          "hz": 2020.9991599069049
        },
        {
          "acoustic_entropy": 6.713371753692627,
          "acoustic_entropy_side": 6.804546356201172,
          "hz": 2261.9676141086993
        },
        {
          "acoustic_entropy": 7.021785259246826,
          "acoustic_entropy_side": 6.806266784667969,
          "hz": 2524.2759484456974
        },
        {
          "acoustic_entropy": 6.91731071472168,
          "acoustic_entropy_side": 6.806568145751953,
          "hz": 2809.813997359896
        },
        {
          "acoustic_entropy": 6.8413238525390625,
          "acoustic_entropy_side": 6.80538272857666,
          "hz": 3120.6389567871424
        },
        {
          "acoustic_entropy": 6.783555507659912,
          "acoustic_entropy_side": 6.804996967315674,
          "hz": 3458.990205492291
        },
        {
          "acoustic_entropy": 6.8286285400390625,
          "acoustic_entropy_side": 6.804553508758545,
          "hz": 3827.305438964164
        },
        {
          "acoustic_entropy": 6.7747483253479,
          "acoustic_entropy_side": 6.803689479827881,
          "hz": 4228.238232109126
        },
        {
          "acoustic_entropy": 6.845266342163086,
          "acoustic_entropy_side": 6.806000709533691,
          "hz": 4664.6771572759235
        },
        {
          "acoustic_entropy": 6.818009853363037,
          "acoustic_entropy_side": 6.806453704833984,
          "hz": 5139.766595350093
        },
        {
          "acoustic_entropy": 6.8112006187438965,
          "acoustic_entropy_side": 6.805502891540527,
          "hz": 5656.929389854203
        },
        {
          "acoustic_entropy": 6.805423259735107,
          "acoustic_entropy_side": 6.805537700653076,
          "hz": 6219.891507268283
        },
        {
          "acoustic_entropy": 6.820772171020508,
          "acoustic_entropy_side": 6.80530309677124,
          "hz": 6832.70888123896
        },
        {
          "acoustic_entropy": 6.813532829284668,
          "acoustic_entropy_side": 6.805236339569092,
          "hz": 7499.796634079867
        },
        {
          "acoustic_entropy": 6.810006141662598,
          "acoustic_entropy_side": 6.805545330047607,
          "hz": 8225.96088609342
        },
        {
          "acoustic_entropy": 6.810643672943115,
          "acoustic_entropy_side": 6.805289268493652,
          "hz": 9016.43338188839
        },
        {
          "acoustic_entropy": 6.811192035675049,
          "acoustic_entropy_side": 6.805171966552734,
          "hz": 9876.909183162974
        },
        {
          "acoustic_entropy": 6.809234142303467,
          "acoustic_entropy_side": 6.805222511291504,
          "hz": 10813.587699516042
        },
        {
          "acoustic_entropy": 6.805467128753662,
          "acoustic_entropy_side": 6.805151462554932,
          "hz": 11833.21735289826
        },
        {
          "acoustic_entropy": 6.805166244506836,
          "acoustic_entropy_side": 6.805135726928711,
          "hz": 12943.144197493959
        },
        {
          "acoustic_entropy": 6.805142402648926,
          "acoustic_entropy_side": 6.805135726928711,
          "hz": 14151.364845322005
        },
        {
          "acoustic_entropy": 6.805135726928711,
          "acoustic_entropy_side": 6.805134296417236,
          "hz": 15466.58407886509
        },
        {
          "acoustic_entropy": 6.8051347732543945,
          "acoustic_entropy_side": 6.805132865905762,
          "hz": 16898.27756580493
        },
        {
          "acoustic_entropy": 6.805131912231445,
          "acoustic_entropy_side": 6.805129528045654,
          "hz": 18456.760127700032
        },
        {
          "acoustic_entropy": 6.805129528045654,
          "acoustic_entropy_side": 6.805129051208496,
          "hz": 20153.260054456492
        },
        {
          "acoustic_entropy": 6.805128574371338,
          "acoustic_entropy_side": 6.805129051208496,
          "hz": 22000.00000000001
        }
      ],
      "diff_acoustic_entropy": 3.485849618911743,
      "sn": 6
    },
    {
      "acoustic_entropy": 9.109739303588867,
      "acoustic_entropy_mono": 9.237439155578613,
      "band_eliminated_acoustic_entropies": [
        {
          "acoustic_entropy": 9.159177780151367,
          "acoustic_entropy_side": 9.109667778015137,
          "hz": 129.47220167065723
        },
        {
          "acoustic_entropy": 9.238626480102539,
          "acoustic_entropy_side": 9.10705852508545,
          "hz": 202.92927478742237
        },
        {
          "acoustic_entropy": 9.843963623046875,
          "acoustic_entropy_side": 9.101598739624023,
          "hz": 282.89161906338205
        },
        {
          "acoustic_entropy": 8.419845581054688,
          "acoustic_entropy_side": 9.109107971191406,
          "hz": 369.9353335868758
        },
        {
          "acoustic_entropy": 9.096691131591797,
          "acoustic_entropy_side": 9.110712051391602,
          "hz": 464.6875360973435
        },
        {
          "acoustic_entropy": 8.505511283874512,
          "acoustic_entropy_side": 9.111557960510254,
          "hz": 567.8308811364784
        },
        {
          "acoustic_entropy": 8.421418190002441,
          "acoustic_entropy_side": 9.113698959350586,
          "hz": 680.1084783214808
        },
        {
          "acoustic_entropy": 9.377899169921875,
          "acoustic_entropy_side": 9.109884262084961,
          "hz": 802.3292461747484
        },
        {
          "acoustic_entropy": 9.300617218017578,
          "acoustic_entropy_side": 9.109458923339844,
          "hz": 935.3737400823702
        },
        {
          "acoustic_entropy": 9.677542686462402,
          "acoustic_entropy_side": 9.111367225646973,
          "hz": 1080.2004963696966
        },
        {
          "acoustic_entropy": 9.622175216674805,
          "acoustic_entropy_side": 9.105542182922363,
          "hz": 1237.8529382007157
        },
        {
          "acoustic_entropy": 9.094478607177734,
          "acoustic_entropy_side": 9.10102367401123,
          "hz": 1409.4668930556702
        },
        {
          "acoustic_entropy": 9.240694046020508,
          "acoustic_entropy_side": 9.10057258605957,
          "hz": 1596.2787759475705
        },
        {
          "acoustic_entropy": 9.165365219116211,
          "acoustic_entropy_side": 9.103891372680664,
          "hz": 1799.6344973346393
        },
        {
          "acoustic_entropy": 9.43896484375,
          "acoustic_entropy_side": 9.10629940032959,
          "hz": 2020.9991599069049
        },
        {
          "acoustic_entropy": 9.169953346252441,
          "acoustic_entropy_side": 9.110993385314941,
          "hz": 2261.9676141086993
        },
        {
          "acoustic_entropy": 9.220505714416504,
          "acoustic_entropy_side": 9.115249633789062,
          "hz": 2524.2759484456974
        },
        {
          "acoustic_entropy": 8.958563804626465,
          "acoustic_entropy_side": 9.09343433380127,
          "hz": 2809.813997359896
        },
        {
          "acoustic_entropy": 9.411354064941406,
          "acoustic_entropy_side": 9.105415344238281,
          "hz": 3120.6389567871424
        },
        {
          "acoustic_entropy": 9.316581726074219,
          "acoustic_entropy_side": 9.113536834716797,
          "hz": 3458.990205492291
        },
        {
          "acoustic_entropy": 9.338419914245605,
          "acoustic_entropy_side": 9.10804557800293,
          "hz": 3827.305438964164
        },
        {
          "acoustic_entropy": 9.226667404174805,
          "acoustic_entropy_side": 9.105354309082031,
          "hz": 4228.238232109126
        },
        {
          "acoustic_entropy": 9.267471313476562,
          "acoustic_entropy_side": 9.080720901489258,
          "hz": 4664.6771572759235
        },
        {
          "acoustic_entropy": 9.2775239944458,
          "acoustic_entropy_side": 9.079890251159668,
          "hz": 5139.766595350093
        },
        {
          "acoustic_entropy": 9.064980506896973,
          "acoustic_entropy_side": 9.10490894317627,
          "hz": 5656.929389854203
        },
        {
          "acoustic_entropy": 9.150490760803223,
          "acoustic_entropy_side": 9.13616943359375,
          "hz": 6219.891507268283
        },
        {
          "acoustic_entropy": 9.286044120788574,
          "acoustic_entropy_side": 9.097304344177246,
          "hz": 6832.70888123896
        },
        {
          "acoustic_entropy": 9.280792236328125,
          "acoustic_entropy_side": 9.109121322631836,
          "hz": 7499.796634079867
        },
        {
          "acoustic_entropy": 9.27010440826416,
          "acoustic_entropy_side": 9.143864631652832,
          "hz": 8225.96088609342
        },
        {
          "acoustic_entropy": 9.265823364257812,
          "acoustic_entropy_side": 9.125091552734375,
          "hz": 9016.43338188839
        },
        {
          "acoustic_entropy": 9.275975227355957,
          "acoustic_entropy_side": 9.136393547058105,
          "hz": 9876.909183162974
        },
        {
          "acoustic_entropy": 9.268844604492188,
          "acoustic_entropy_side": 9.129745483398438,
          "hz": 10813.587699516042
        },
        {
          "acoustic_entropy": 9.14470100402832,
          "acoustic_entropy_side": 9.070637702941895,
          "hz": 11833.21735289826
        },
        {
          "acoustic_entropy": 9.073233604431152,
          "acoustic_entropy_side": 9.094254493713379,
          "hz": 12943.144197493959
        },
        {
          "acoustic_entropy": 9.097820281982422,
          "acoustic_entropy_side": 9.101712226867676,
          "hz": 14151.364845322005
        },
        {
          "acoustic_entropy": 9.103958129882812,
          "acoustic_entropy_side": 9.105419158935547,
          "hz": 15466.58407886509
        },
        {
          "acoustic_entropy": 9.105950355529785,
          "acoustic_entropy_side": 9.107083320617676,
          "hz": 16898.27756580493
        },
        {
          "acoustic_entropy": 9.108171463012695,
          "acoustic_entropy_side": 9.108770370483398,
          "hz": 18456.760127700032
        },
        {
          "acoustic_entropy": 9.109416961669922,
          "acoustic_entropy_side": 9.109551429748535,
          "hz": 20153.260054456492
        },
        {
          "acoustic_entropy": 9.10970687866211,
          "acoustic_entropy_side": 9.109724998474121,
          "hz": 22000.00000000001
        }
      ],
      "diff_acoustic_entropy": 6.327527046203613,
      "sn": 12
    },
    {
      "acoustic_entropy": 12.96172046661377,
      "acoustic_entropy_mono": 12.676177024841309,
      "band_eliminated_acoustic_entropies": [
        {
          "acoustic_entropy": 13.029653549194336,
          "acoustic_entropy_side": 12.948817253112793,
          "hz": 129.47220167065723
        },
        {
          "acoustic_entropy": 13.112242698669434,
          "acoustic_entropy_side": 12.968036651611328,
          "hz": 202.92927478742237
        },
        {
          "acoustic_entropy": 13.537715911865234,
          "acoustic_entropy_side": 12.991662979125977,
          "hz": 282.89161906338205
        },
        {
          "acoustic_entropy": 12.975727081298828,
          "acoustic_entropy_side": 12.995734214782715,
          "hz": 369.9353335868758
        },
        {
          "acoustic_entropy": 13.976665496826172,
          "acoustic_entropy_side": 12.97702693939209,
          "hz": 464.6875360973435
        },
        {
          "acoustic_entropy": 11.779963493347168,
          "acoustic_entropy_side": 12.939538955688477,
          "hz": 567.8308811364784
        },
        {
          "acoustic_entropy": 12.834555625915527,
          "acoustic_entropy_side": 12.975761413574219,
          "hz": 680.1084783214808
        },
        {
          "acoustic_entropy": 13.631831169128418,
          "acoustic_entropy_side": 13.011252403259277,
          "hz": 802.3292461747484
        },
        {
          "acoustic_entropy": 13.458867073059082,
          "acoustic_entropy_side": 12.961470603942871,
          "hz": 935.3737400823702
        },
        {
          "acoustic_entropy": 13.183955192565918,
          "acoustic_entropy_side": 13.044441223144531,
          "hz": 1080.2004963696966
        },
        {
          "acoustic_entropy": 13.043816566467285,
          "acoustic_entropy_side": 12.974506378173828,
          "hz": 1237.8529382007157
        },
        {
          "acoustic_entropy": 13.168015480041504,
          "acoustic_entropy_side": 13.082284927368164,
          "hz": 1409.4668930556702
        },
        {
          "acoustic_entropy": 13.264250755310059,
          "acoustic_entropy_side": 13.033289909362793,
          "hz": 1596.2787759475705
        },
        {
          "acoustic_entropy": 12.877654075622559,
          "acoustic_entropy_side": 12.949761390686035,
          "hz": 1799.6344973346393
        },
        {
          "acoustic_entropy": 13.524871826171875,
          "acoustic_entropy_side": 13.077459335327148,
          "hz": 2020.9991599069049
        },
        {
          "acoustic_entropy": 12.912819862365723,
          "acoustic_entropy_side": 12.891728401184082,
          "hz": 2261.9676141086993
        },
        {
          "acoustic_entropy": 12.907198905944824,
          "acoustic_entropy_side": 13.008663177490234,
          "hz": 2524.2759484456974
        },
        {
          "acoustic_entropy": 13.050466537475586,
          "acoustic_entropy_side": 12.99258041381836,
          "hz": 2809.813997359896
        },
        {
          "acoustic_entropy": 13.102150917053223,
