{
  "acoustic_entropy": 103.46478271484375,
  "bands": [
    {
      "high_freq": 148.1999969482422,
      "loudness": -51.485652923583984,
      "loudness_range": 21.415306091308594,
      "mid_mean": -48.23548889160156,
      "mid_to_side_loudness": -9.682950019836426,
      "mid_to_side_loudness_range": 9.28133773803711,
      "side_mean": -57.31126403808594
    },
    {
      "high_freq": 392.3793640136719,
      "loudness": -38.107887268066406,
      "loudness_range": 21.303916931152344,
      "low_freq": 148.1999969482422,
      "mid_mean": -35.29829025268555,
      "mid_to_side_loudness": -7.845252513885498,
      "mid_to_side_loudness_range": 11.859029769897461,
      "side_mean": -44.573265075683594
    },
    {
      "high_freq": 794.6976318359375,
      "loudness": -31.564111709594727,
      "loudness_range": 13.69793701171875,
      "low_freq": 392.3793640136719,
      "mid_mean": -30.004310607910156,
      "mid_to_side_loudness": -2.269259452819824,
      "mid_to_side_loudness_range": 5.944847106933594,
      "side_mean": -32.28562927246094
    },
    {
      "high_freq": 1457.5709228515625,
      "loudness": -42.035240173339844,
      "loudness_range": 21.180681228637695,
      "low_freq": 794.6976318359375,
      "mid_mean": -41.864097595214844,
      "mid_to_side_loudness": -0.034176986664533615,
      "mid_to_side_loudness_range": 13.041812896728516,
      "side_mean": -41.30741500854492
    },
    {
      "high_freq": 2549.74365234375,
      "loudness": -48.81577682495117,
      "loudness_range": 18.226497650146484,
      "low_freq": 1457.5709228515625,
      "mid_mean": -47.93374252319336,
      "mid_to_side_loudness": -1.981992483139038,
      "mid_to_side_loudness_range": 6.888723373413086,
      "side_mean": -50.25041580200195
    },
    {
      "high_freq": 4349.24462890625,
      "loudness": -57.33230972290039,
      "loudness_range": 19.870349884033203,
      "low_freq": 2549.74365234375,
      "mid_mean": -57.21049880981445,
      "mid_to_side_loudness": 0.35468238592147827,
      "mid_to_side_loudness_range": 6.159632682800293,
      "side_mean": -57.105220794677734
    },
    {
      "high_freq": 7314.1640625,
      "loudness": -73.19325256347656,
      "loudness_range": 20.131275177001953,
      "low_freq": 4349.24462890625,
      "mid_mean": -67.98863983154297,
      "mid_to_side_loudness": -0.18602114915847778,
      "mid_to_side_loudness_range": 10.025732040405273,
      "side_mean": -68.19210815429688
    },
    {
      "high_freq": 12199.2666015625,
      "loudness": 0,
      "loudness_range": 0,
      "low_freq": 7314.1640625,
      "mid_mean": -69.8951416015625,
      "mid_to_side_loudness": 1.2769899368286133,
      "mid_to_side_loudness_range": 3.7800989151000977,
      "side_mean": -69.89581298828125
    },
    {
      "loudness": 0,
      "loudness_range": 0,
      "low_freq": 12199.2666015625,
      "mid_mean": -69.99783325195312,
      "mid_to_side_loudness": 7.967020511627197,
      "mid_to_side_loudness_range": 8.74881649017334,
      "side_mean": -69.9901351928711
    }
  ],
  "bands_short": [
    {
      "high_freq": 148.1999969482422,
      "loudness": -59.30961608886719,
      "loudness_range": 19.82793426513672,
      "mid_mean": -55.83222579956055,
      "mid_to_side_loudness": -10.267613410949707,
      "mid_to_side_loudness_range": 14.679147720336914,
      "side_mean": -63.85847091674805
    },
    {
      "high_freq": 392.3793640136719,
      "loudness": -38.34906768798828,
      "loudness_range": 16.334369659423828,
      "low_freq": 148.1999969482422,
      "mid_mean": -35.292320251464844,
      "mid_to_side_loudness": -8.101434707641602,
      "mid_to_side_loudness_range": 12.79298210144043,
      "side_mean": -45.36137390136719
    },
    {
      "high_freq": 794.6976318359375,
      "loudness": -32.7096061706543,
      "loudness_range": 17.214040756225586,
      "low_freq": 392.3793640136719,
      "mid_mean": -31.051193237304688,
      "mid_to_side_loudness": -2.856241226196289,
      "mid_to_side_loudness_range": 8.449319839477539,
      "side_mean": -33.90742874145508
    },
    {
      "high_freq": 1457.5709228515625,
      "loudness": -41.18023681640625,
      "loudness_range": 26.78411293029785,
      "low_freq": 794.6976318359375,
      "mid_mean": -41.05664825439453,
      "mid_to_side_loudness": 0.3743918538093567,
      "mid_to_side_loudness_range": 9.895302772521973,
      "side_mean": -40.53314971923828
    },
    {
      "high_freq": 2549.74365234375,
      "loudness": -49.92051315307617,
      "loudness_range": 20.96019744873047,
      "low_freq": 1457.5709228515625,
      "mid_mean": -49.56710433959961,
      "mid_to_side_loudness": -2.1216483116149902,
      "mid_to_side_loudness_range": 9.733257293701172,
      "side_mean": -51.51160430908203
    },
    {
      "high_freq": 4349.24462890625,
      "loudness": -59.224361419677734,
      "loudness_range": 24.471664428710938,
      "low_freq": 2549.74365234375,
      "mid_mean": -58.996681213378906,
      "mid_to_side_loudness": 0.6187137961387634,
      "mid_to_side_loudness_range": 8.66733455657959,
      "side_mean": -58.730098724365234
    },
    {
      "high_freq": 7314.1640625,
      "loudness": -72.95907592773438,
      "loudness_range": 23.913318634033203,
      "low_freq": 4349.24462890625,
      "mid_mean": -67.91384887695312,
      "mid_to_side_loudness": -0.8027770519256592,
      "mid_to_side_loudness_range": 11.581981658935547,
      "side_mean": -68.12122344970703
    },
    {
      "high_freq": 12199.2666015625,
      "loudness": -81.8470458984375,
      "loudness_range": 16.181304931640625,
      "low_freq": 7314.1640625,
      "mid_mean": -69.90821075439453,
      "mid_to_side_loudness": 1.5146123170852661,
      "mid_to_side_loudness_range": 4.545865535736084,
      "side_mean": -69.90601348876953
    },
    {
      "loudness": 0,
      "loudness_range": 0,
      "low_freq": 12199.2666015625,
      "mid_mean": -69.99774932861328,
      "mid_to_side_loudness": 11.576725959777832,
      "mid_to_side_loudness_range": 24.20034408569336,
      "side_mean": -69.98997497558594
    }
  ],
  "bandwidth": 649.6005859375,
  "channels": 2,
  "covariance": [
    [
      50.54174041748047,
      39.982704162597656,
      20.331130981445312,
      29.393327713012695,
      13.059667587280273,
      6.373566150665283,
      0.9384459257125854,
      6.85966682434082,
      4.706210136413574,
      9.66653060913086,
      11.717978477478027,
      11.047459602355957,
      1.2102291584014893,
      0.3126378357410431,
      -0.07756942510604858,
      -0.05681750550866127,
      4.527160126599483e-05,
      -0.0027682767249643803
    ],
    [
      39.982704162597656,
      40.618370056152344,
      17.253313064575195,
      24.73565673828125,
      8.266812324523926,
      1.0500006675720215,
      -5.97495174407959,
      2.0629162788391113,
      -1.015820860862732,
      1.652901530265808,
      4.73654317855835,
      4.130380153656006,
      -1.6380575895309448,
      -2.0628514289855957,
      -0.27615368366241455,
      -0.2290828824043274,
      0.000789230631198734,
      0.0016058575129136443
    ],
    [
      20.331130981445312,
      17.253313064575195,
      57.22254180908203,
      47.76218032836914,
      22.406959533691406,
      15.411858558654785,
      22.553936004638672,
      15.732518196105957,
      18.03128433227539,
      26.688167572021484,
      19.69371223449707,
      20.517967224121094,
      7.666892051696777,
      6.015402317047119,
      0.32263651490211487,
      0.2757960259914398,
      -0.0005039270035922527,
      -0.009604619815945625
    ],
    [
      29.393327713012695,
      24.73565673828125,
      47.76218032836914,
      64.2030258178711,
      21.79252052307129,
      14.237287521362305,
      24.582149505615234,
      20.93216323852539,
      17.3345890045166,
      29.60179901123047,
      22.443504333496094,
      23.91594123840332,
      9.047945976257324,
      6.105051517486572,
      0.23829859495162964,
      0.1957198977470398,
      -0.00022237813391257077,
      -0.005889947526156902
    ],
    [
      13.059667587280273,
      8.266812324523926,
      22.406959533691406,
      21.79252052307129,
      32.61576461791992,
      26.635934829711914,
      33.705352783203125,
      25.616989135742188,
      33.24441909790039,
      40.929351806640625,
      33.214622497558594,
      32.69522476196289,
      8.725744247436523,
      7.363157272338867,
      0.40065744519233704,
      0.3594280183315277,
      -0.0020653177052736282,
      -0.014767933636903763
    ],
    [
      6.373566150665283,
      1.0500006675720215,
      15.411858558654785,
      14.237287521362305,
      26.635934829711914,
      25.46112060546875,
      29.95241928100586,
      21.12071990966797,
      29.782501220703125,
      35.606895446777344,
      26.94272232055664,
      26.562057495117188,
      7.696166515350342,
      6.795469760894775,
      0.3899349570274353,
      0.3558027446269989,
      -0.0020888654980808496,
      -0.01381451915949583
    ],
    [
      0.9384459257125854,
      -5.97495174407959,
      22.553936004638672,
      24.582149505615234,
      33.705352783203125,
      29.95241928100586,
      65.19029998779297,
      45.14627456665039,
      46.76588439941406,
      57.76921081542969,
      47.21381378173828,
      44.73245620727539,
      16.52693748474121,
      15.990471839904785,
      1.2744035720825195,
      1.115199089050293,
      0.00310598686337471,
      -0.0020968017634004354
    ],
    [
      6.85966682434082,
      2.0629162788391113,
      15.732518196105957,
      20.93216323852539,
      25.616989135742188,
      21.12071990966797,
      45.14627456665039,
      44.36306381225586,
      36.62092208862305,
      45.240447998046875,
      39.48902130126953,
      37.239952087402344,
      12.036449432373047,
      11.762968063354492,
      0.9142756462097168,
      0.8263847827911377,
      0.004849350545555353,
      0.005667457357048988
    ],
    [
      4.706210136413574,
      -1.015820860862732,
      18.03128433227539,
      17.3345890045166,
      33.24441909790039,
      29.782501220703125,
      46.76588439941406,
      36.62092208862305,
      48.862483978271484,
      53.07126235961914,
      40.74087142944336,
      40.7050895690918,
      10.479657173156738,
      10.303725242614746,
      0.6526535749435425,
      0.5946089029312134,
      0.0013820859603583813,
      -0.004745785612612963
    ],
    [
      9.66653060913086,
      1.652901530265808,
      26.688167572021484,
      29.60179901123047,
      40.929351806640625,
      35.606895446777344,
      57.76921081542969,
      45.240447998046875,
      53.07126235961914,
      69.59505462646484,
      51.63236618041992,
      50.247188568115234,
      13.665465354919434,
      13.122377395629883,
      0.9145485758781433,
      0.8075716495513916,
      -0.0014451980823650956,
      -0.015748564153909683
    ],
    [
      11.717978477478027,
      4.73654317855835,
      19.69371223449707,
      22.443504333496094,
      33.214622497558594,
      26.94272232055664,
      47.21381378173828,
      39.48902130126953,
      40.74087142944336,
      51.63236618041992,
      52.342063903808594,
      50.969242095947266,
      16.42934226989746,
      14.020795822143555,
      0.8946478366851807,
      0.798266589641571,
      0.0008459896198473871,
      -0.008781776763498783
    ],
    [
      11.047459602355957,
      4.130380153656006,
      20.517967224121094,
      23.91594123840332,
      32.69522476196289,
      26.562057495117188,
      44.73245620727539,
      37.239952087402344,
      40.7050895690918,
      50.247188568115234,
      50.969242095947266,
      52.55223083496094,
      15.898661613464355,
      13.422027587890625,
      0.8326330780982971,
      0.7343962788581848,
      0.00033923075534403324,
      -0.009014206938445568
    ],
    [
      1.2102291584014893,
      -1.6380575895309448,
      7.666892051696777,
      9.047945976257324,
      8.725744247436523,
      7.696166515350342,
      16.52693748474121,
      12.036449432373047,
      10.479657173156738,
      13.665465354919434,
      16.42934226989746,
      15.898661613464355,
      9.153264999389648,
      7.017349720001221,
      0.47732117772102356,
      0.42907652258872986,
      0.0017702610930427909,
      0.0004194142820779234
    ],
    [
      0.3126378357410431,
      -2.0628514289855957,
      6.015402317047119,
      6.105051517486572,
      7.363157272338867,
      6.795469760894775,
      15.990471839904785,
      11.762968063354492,
      10.303725242614746,
      13.122377395629883,
      14.020795822143555,
      13.422027587890625,
      7.017349720001221,
      6.39987850189209,
      0.5018147230148315,
      0.4508507549762726,
      0.0017642348539084196,
      0.0008127843611873686
    ],
    [
      -0.07756942510604858,
      -0.27615368366241455,
      0.32263651490211487,
      0.23829859495162964,
      0.40065744519233704,
      0.3899349570274353,
      1.2744035720825195,
      0.9142756462097168,
      0.6526535749435425,
      0.9145485758781433,
      0.8946478366851807,
      0.8326330780982971,
      0.47732117772102356,
      0.5018147230148315,
      0.0647130161523819,
      0.056548573076725006,
      0.00019426403741817921,
      0.00016377278370782733
    ],
    [
      -0.05681750550866127,
      -0.2290828824043274,
      0.2757960259914398,
      0.1957198977470398,
      0.3594280183315277,
      0.3558027446269989,
      1.115199089050293,
      0.8263847827911377,
      0.5946089029312134,
      0.8075716495513916,
      0.798266589641571,
      0.7343962788581848,
      0.42907652258872986,
      0.4508507549762726,
      0.056548573076725006,
      0.05023932456970215,
      0.00020834183669649065,
      0.0002385886909905821
    ],
    [
      4.527160126599483e-05,
      0.000789230631198734,
      -0.0005039270035922527,
      -0.00022237813391257077,
      -0.0020653177052736282,
      -0.0020888654980808496,
      0.00310598686337471,
      0.004849350545555353,
      0.0013820859603583813,
      -0.0014451980823650956,
      0.0008459896198473871,
      0.00033923075534403324,
      0.0017702610930427909,
      0.0017642348539084196,
      0.00019426403741817921,
      0.00020834183669649065,
      7.5317507253203075e-06,
      2.099033008562401e-05
    ],
    [
      -0.0027682767249643803,
      0.0016058575129136443,
      -0.009604619815945625,
      -0.005889947526156902,
      -0.014767933636903763,
      -0.01381451915949583,
      -0.0020968017634004354,
      0.005667457357048988,
      -0.004745785612612963,
      -0.015748564153909683,
      -0.008781776763498783,
      -0.009014206938445568,
      0.0004194142820779234,
      0.0008127843611873686,
      0.00016377278370782733,
      0.0002385886909905821,
      2.099033008562401e-05,
      6.673019379377365e-05
    ]
  ],
  "covariance_short": [
    [
      41.004756927490234,
      22.64012336730957,
      15.315030097961426,
      23.54507064819336,
      26.196914672851562,
      18.97182846069336,
      20.305007934570312,
      23.049415588378906,
      26.934053421020508,
      31.11159896850586,
      27.27909278869629,
      27.18851089477539,
      7.7039947509765625,
      6.471526145935059,
      0.39394551515579224,
      0.3822948932647705,
      0.0024956893175840378,
      -0.0015248131239786744
    ],
    [
      22.64012336730957,
      22.67793083190918,
      11.32978343963623,
      15.881539344787598,
      16.321533203125,
      10.698779106140137,
      8.664325714111328,
      10.21052074432373,
      12.302940368652344,
      15.905896186828613,
      14.381844520568848,
      13.411392211914062,
      2.5781097412109375,
      1.9261409044265747,
      0.03885353356599808,
      0.05504133924841881,
      0.0008523523574694991,
      -0.001329226535744965
    ],
    [
      15.315030097961426,
      11.32978343963623,
      45.82961654663086,
      34.324134826660156,
      25.742877960205078,
      16.48245620727539,
      18.977102279663086,
      17.452247619628906,
      20.161298751831055,
      20.99985122680664,
      17.300735473632812,
      19.026132583618164,
      7.987076759338379,
      6.787064075469971,
      0.312391459941864,
      0.29914337396621704,
      -0.0001804062630981207,
      -0.01011226512491703
    ],
    [
      23.54507064819336,
      15.881539344787598,
      34.324134826660156,
      60.09823226928711,
      26.096967697143555,
      15.745645523071289,
      20.11211585998535,
      21.117298126220703,
      17.28354835510254,
      24.27277946472168,
      21.782989501953125,
      22.3197021484375,
      9.284406661987305,
      7.937183856964111,
      0.3018892705440521,
      0.26785808801651,
      0.001160634565167129,
      -0.0034078380558639765
    ],
    [
      26.196914672851562,
      16.321533203125,
      25.742877960205078,
      26.096967697143555,
      42.98346710205078,
      32.026668548583984,
      31.923046112060547,
      32.059940338134766,
      41.284698486328125,
      42.025611877441406,
      39.02874755859375,
      39.89742660522461,
      11.56517219543457,
      9.595008850097656,
      0.3441542387008667,
      0.3302914798259735,
      0.00043377213296480477,
      -0.00872147548943758
    ],
    [
      18.97182846069336,
      10.698779106140137,
      16.48245620727539,
      15.745645523071289,
      32.026668548583984,
      30.694032669067383,
      26.306697845458984,
      24.72120475769043,
      35.406272888183594,
      34.6563835144043,
      30.159456253051758,
      31.526851654052734,
      10.199867248535156,
      8.478864669799805,
      0.3661150634288788,
      0.34696489572525024,
      0.0002446756698191166,
      -0.008770015090703964
    ],
    [
      20.305007934570312,
      8.664325714111328,
      18.977102279663086,
      20.11211585998535,
      31.923046112060547,
      26.306697845458984,
      75.3088150024414,
      63.20705795288086,
      58.076175689697266,
      67.45625305175781,
      50.223323822021484,
      47.98751449584961,
      16.630762100219727,
      16.330059051513672,
      1.278831124305725,
      1.1880543231964111,
      0.0056511517614126205,
      0.000696363567840308
    ],
    [
      23.049415588378906,
      10.21052074432373,
      17.452247619628906,
      21.117298126220703,
      32.059940338134766,
      24.72120475769043,
      63.20705795288086,
      66.72248840332031,
      54.68199157714844,
      62.46406555175781,
      46.43606185913086,
      44.49522399902344,
      13.753972053527832,
      13.72367000579834,
      1.0016698837280273,
      0.9658586978912354,
      0.0074757463298738,
      0.0073677352629601955
    ],
    [
      26.934053421020508,
      12.302940368652344,
      20.161298751831055,
      17.28354835510254,
      41.284698486328125,
      35.406272888183594,
      58.076175689697266,
      54.68199157714844,
      65.71914672851562,
      67.0342025756836,
      51.18173599243164,
      51.737709045410156,
      14.64890193939209,
      13.809654235839844,
      0.7837705612182617,
      0.7314091920852661,
      0.0007325175683945417,
      -0.013519697822630405
    ],
    [
      31.11159896850586,
      15.905896186828613,
      20.99985122680664,
      24.27277946472168,
      42.025611877441406,
      34.6563835144043,
      67.45625305175781,
      62.46406555175781,
      67.0342025756836,
      77.75238037109375,
      56.70866012573242,
      55.630706787109375,
      16.367122650146484,
      15.737263679504395,
      1.023826003074646,
      0.9502235651016235,
      0.002685507759451866,
      -0.00830801110714674
    ],
    [
      27.27909278869629,
      14.381844520568848,
      17.300735473632812,
      21.782989501953125,
      39.02874755859375,
      30.159456253051758,
      50.223323822021484,
      46.43606185913086,
      51.18173599243164,
      56.70866012573242,
      59.40475845336914,
      56.38898849487305,
      21.21624755859375,
      18.900571823120117,
      1.104697585105896,
      1.0286870002746582,
      0.006528680678457022,
      -0.00015258687199093401
    ],
    [
      27.18851089477539,
      13.411392211914062,
      19.026132583618164,
      22.3197021484375,
      39.89742660522461,
      31.526851654052734,
      47.98751449584961,
      44.49522399902344,
      51.737709045410156,
      55.630706787109375,
      56.38898849487305,
      59.18548583984375,
      20.915542602539062,
      18.261062622070312,
      0.9936386346817017,
      0.9306531548500061,
      0.0054343570955097675,
      -0.0003628813137765974
    ],
    [
      7.7039947509765625,
      2.5781097412109375,
      7.987076759338379,
      9.284406661987305,
      11.56517219543457,
      10.199867248535156,
      16.630762100219727,
      13.753972053527832,
      14.64890193939209,
      16.367122650146484,
      21.21624755859375,
      20.915542602539062,
      15.325128555297852,
      12.41097640991211,
      0.674625813961029,
      0.6423377394676208,
      0.004921261221170425,
      0.003988557029515505
    ],
    [
      6.471526145935059,
      1.9261409044265747,
      6.787064075469971,
      7.937183856964111,
      9.595008850097656,
      8.478864669799805,
      16.330059051513672,
      13.72367000579834,
      13.809654235839844,
      15.737263679504395,
      18.900571823120117,
      18.261062622070312,
      12.41097640991211,
      11.841809272766113,
      0.6847156286239624,
      0.6588262319564819,
      0.00533435819670558,
      0.005475297104567289
    ],
    [
      0.39394551515579224,
      0.03885353356599808,
      0.312391459941864,
      0.3018892705440521,
      0.3441542387008667,
      0.3661150634288788,
      1.278831124305725,
      1.0016698837280273,
      0.7837705612182617,
      1.023826003074646,
      1.104697585105896,
      0.9936386346817017,
      0.674625813961029,
      0.6847156286239624,
      0.14230400323867798,
      0.1224178895354271,
      0.0007640926633030176,
      0.0010717840632423759
    ],
    [
      0.3822948932647705,
      0.05504133924841881,
      0.29914337396621704,
      0.26785808801651,
      0.3302914798259735,
      0.34696489572525024,
      1.1880543231964111,
      0.9658586978912354,
      0.7314091920852661,
      0.9502235651016235,
      1.0286870002746582,
      0.9306531548500061,
      0.6423377394676208,
      0.6588262319564819,
      0.1224178895354271,
      0.11560353636741638,
      0.0009386106394231319,
      0.0017100615659728646
    ],
    [
      0.0024956893175840378,
      0.0008523523574694991,
      -0.0001804062630981207,
      0.001160634565167129,
      0.00043377213296480477,
      0.0002446756698191166,
      0.0056511517614126205,
      0.0074757463298738,
      0.0007325175683945417,
      0.002685507759451866,
      0.006528680678457022,
      0.0054343570955097675,
      0.004921261221170425,
      0.00533435819670558,
      0.0007640926633030176,
      0.0009386106394231319,
      7.234733493532985e-05,
      0.00020889491133857518
    ],
    [
      -0.0015248131239786744,
      -0.001329226535744965,
      -0.01011226512491703,
      -0.0034078380558639765,
      -0.00872147548943758,
      -0.008770015090703964,
      0.000696363567840308,
      0.0073677352629601955,
      -0.013519697822630405,
      -0.00830801110714674,
      -0.00015258687199093401,
      -0.0003628813137765974,
      0.003988557029515505,
      0.005475297104567289,
      0.0010717840632423759,
      0.0017100615659728646,
      0.00020889491133857518,
      0.0006467336788773537
    ]
  ],
  "damage": -16.069730758666992,
  "diff_bandwidth": 676.8350219726562,
  "dissonance": 3.058184967260591,
  "drr": 5.725032329559326,
  "dynamics": 4.27652645111084,
  "format": 1245190,
  "frames": 585664,
  "loudness": -25.40254020690918,
  "loudness_range": 13.675392150878906,
  "loudness_range_short": 16.060840606689453,
  "lowpass_true_peak_15khz": -10.293905258178711,
  "mastering3_acoustic_entropies": [
    {
      "acoustic_entropy": 6.209702968597412,
      "acoustic_entropy_mono": 5.690558910369873,
      "band_eliminated_acoustic_entropies": [
        {
          "acoustic_entropy": 6.209580421447754,
          "acoustic_entropy_side": 6.20969295501709,
          "hz": 129.47220167065723
        },
        {
          "acoustic_entropy": 6.2169365882873535,
          "acoustic_entropy_side": 6.210723400115967,
          "hz": 202.92927478742237
        },
        {
          "acoustic_entropy": 6.196063995361328,
          "acoustic_entropy_side": 6.193342208862305,
          "hz": 282.89161906338205
        },
        {
          "acoustic_entropy": 5.885876655578613,
          "acoustic_entropy_side": 6.112898826599121,
          "hz": 369.9353335868758
        },
        {
          "acoustic_entropy": 6.564414024353027,
          "acoustic_entropy_side": 6.598312854766846,
          "hz": 464.6875360973435
        },
        {
          "acoustic_entropy": 6.073228359222412,
          "acoustic_entropy_side": 5.4446611404418945,
          "hz": 567.8308811364784
        },
        {
          "acoustic_entropy": 6.275964736938477,
          "acoustic_entropy_side": 6.325751781463623,
          "hz": 680.1084783214808
        },
        {
          "acoustic_entropy": 6.346279621124268,
          "acoustic_entropy_side": 6.492770671844482,
          "hz": 802.3292461747484
        },
        {
          "acoustic_entropy": 6.493367671966553,
          "acoustic_entropy_side": 6.296917915344238,
          "hz": 935.3737400823702
        },
        {
          "acoustic_entropy": 6.240481376647949,
          "acoustic_entropy_side": 6.691102027893066,
          "hz": 1080.2004963696966
        },
        {
          "acoustic_entropy": 6.466354846954346,
          "acoustic_entropy_side": 6.392805576324463,
          "hz": 1237.8529382007157
        },
        {
          "acoustic_entropy": 6.284689903259277,
          "acoustic_entropy_side": 6.2343831062316895,
          "hz": 1409.4668930556702
        },
        {
          "acoustic_entropy": 6.100816249847412,
          "acoustic_entropy_side": 6.106535911560059,
          "hz": 1596.2787759475705
        },
        {
          "acoustic_entropy": 6.075868129730225,
          "acoustic_entropy_side": 6.2376909255981445,
          "hz": 1799.6344973346393
        },
        {
          "acoustic_entropy": 6.170928478240967,
          "acoustic_entropy_side": 6.167068958282471,
          "hz": 2020.9991599069049
        },
        {
          "acoustic_entropy": 6.165016174316406,
          "acoustic_entropy_side": 6.212550640106201,
          "hz": 2261.9676141086993
        },
        {
          "acoustic_entropy": 6.218112945556641,
          "acoustic_entropy_side": 6.209965229034424,
          "hz": 2524.2759484456974
        },
        {
          "acoustic_entropy": 6.21643590927124,
          "acoustic_entropy_side": 6.209761619567871,
          "hz": 2809.813997359896
        },
        {
          "acoustic_entropy": 6.1876959800720215,
          "acoustic_entropy_side": 6.199610710144043,
          "hz": 3120.6389567871424
        },
        {
          "acoustic_entropy": 6.218160629272461,
          "acoustic_entropy_side": 6.218472003936768,
          "hz": 3458.990205492291
        },
        {
          "acoustic_entropy": 6.208586692810059,
          "acoustic_entropy_side": 6.208580493927002,
          "hz": 3827.305438964164
        },
        {
          "acoustic_entropy": 6.208449840545654,
          "acoustic_entropy_side": 6.208393096923828,
          "hz": 4228.238232109126
        },
        {
          "acoustic_entropy": 6.210341930389404,
          "acoustic_entropy_side": 6.210019111633301,
          "hz": 4664.6771572759235
        },
        {
          "acoustic_entropy": 6.209622859954834,
          "acoustic_entropy_side": 6.209698677062988,
          "hz": 5139.766595350093
        },
        {
          "acoustic_entropy": 6.209722518920898,
          "acoustic_entropy_side": 6.209710597991943,
          "hz": 5656.929389854203
        },
        {
          "acoustic_entropy": 6.209700107574463,
          "acoustic_entropy_side": 6.209702968597412,
          "hz": 6219.891507268283
        },
        {
          "acoustic_entropy": 6.20970344543457,
          "acoustic_entropy_side": 6.20970344543457,
          "hz": 6832.70888123896
        },
        {
          "acoustic_entropy": 6.20970344543457,
          "acoustic_entropy_side": 6.2097039222717285,
          "hz": 7499.796634079867
        },
        {
          "acoustic_entropy": 6.20970344543457,
          "acoustic_entropy_side": 6.20970344543457,
          "hz": 8225.96088609342
        },
        {
          "acoustic_entropy": 6.20970344543457,
          "acoustic_entropy_side": 6.209702968597412,
          "hz": 9016.43338188839
        },
        {
          "acoustic_entropy": 6.20970344543457,
          "acoustic_entropy_side": 6.209702968597412,
          "hz": 9876.909183162974
        },
        {
          "acoustic_entropy": 6.209702968597412,
          "acoustic_entropy_side": 6.209702968597412,
          "hz": 10813.587699516042
        },
        {
          "acoustic_entropy": 6.209702968597412,
          "acoustic_entropy_side": 6.209702968597412,
          "hz": 11833.21735289826
        },
        {
          "acoustic_entropy": 6.209702968597412,
          "acoustic_entropy_side": 6.209702968597412,
          "hz": 12943.144197493959
        },
        {
          "acoustic_entropy": 6.209702968597412,
          "acoustic_entropy_side": 6.209702968597412,
          "hz": 14151.364845322005
        },
        {
          "acoustic_entropy": 6.209702968597412,
          "acoustic_entropy_side": 6.209702968597412,
          "hz": 15466.58407886509
        },
        {
          "acoustic_entropy": 6.209702968597412,
          "acoustic_entropy_side": 6.209702968597412,
          "hz": 16898.27756580493
        },
        {
          "acoustic_entropy": 6.209702968597412,
          "acoustic_entropy_side": 6.209702968597412,
          "hz": 18456.760127700032
        },
        {
          "acoustic_entropy": 6.209702968597412,
          "acoustic_entropy_side": 6.209702968597412,
          "hz": 20153.260054456492
        },
        {
          "acoustic_entropy": 6.209702968597412,
          "acoustic_entropy_side": 6.209702968597412,
          "hz": 22000.00000000001
        }
      ],
      "diff_acoustic_entropy": 4.704979419708252,
      "sn": 6
    },
    {
      "acoustic_entropy": 8.980573654174805,
      "acoustic_entropy_mono": 7.917659759521484,
      "band_eliminated_acoustic_entropies": [
        {
          "acoustic_entropy": 8.984733581542969,
          "acoustic_entropy_side": 8.9805269241333,
          "hz": 129.47220167065723
        },
        {
          "acoustic_entropy": 9.165812492370605,
          "acoustic_entropy_side": 9.004833221435547,
          "hz": 202.92927478742237
        },
        {
          "acoustic_entropy": 9.209720611572266,
          "acoustic_entropy_side": 9.036296844482422,
          "hz": 282.89161906338205
        },
        {
          "acoustic_entropy": 8.539429664611816,
          "acoustic_entropy_side": 8.878204345703125,
          "hz": 369.9353335868758
        },
        {
          "acoustic_entropy": 8.900713920593262,
          "acoustic_entropy_side": 9.625239372253418,
          "hz": 464.6875360973435
        },
        {
          "acoustic_entropy": 9.668259620666504,
          "acoustic_entropy_side": 9.08261775970459,
          "hz": 567.8308811364784
        },
        {
          "acoustic_entropy": 9.363187789916992,
          "acoustic_entropy_side": 9.06233024597168,
          "hz": 680.1084783214808
        },
        {
          "acoustic_entropy": 9.610024452209473,
          "acoustic_entropy_side": 9.713957786560059,
          "hz": 802.3292461747484
        },
        {
          "acoustic_entropy": 9.122466087341309,
          "acoustic_entropy_side": 9.380678176879883,
          "hz": 935.3737400823702
        },
        {
          "acoustic_entropy": 9.58900260925293,
          "acoustic_entropy_side": 8.880521774291992,
          "hz": 1080.2004963696966
        },
        {
          "acoustic_entropy": 9.12395191192627,
          "acoustic_entropy_side": 8.796083450317383,
          "hz": 1237.8529382007157
        },
        {
          "acoustic_entropy": 9.244823455810547,
          "acoustic_entropy_side": 9.142986297607422,
          "hz": 1409.4668930556702
        },
        {
          "acoustic_entropy": 9.012560844421387,
          "acoustic_entropy_side": 8.994519233703613,
          "hz": 1596.2787759475705
        },
        {
          "acoustic_entropy": 9.351515769958496,
          "acoustic_entropy_side": 9.278606414794922,
          "hz": 1799.6344973346393
        },
        {
          "acoustic_entropy": 8.952308654785156,
          "acoustic_entropy_side": 8.903759002685547,
          "hz": 2020.9991599069049
        },
        {
          "acoustic_entropy": 8.967462539672852,
          "acoustic_entropy_side": 9.093611717224121,
          "hz": 2261.9676141086993
        },
        {
          "acoustic_entropy": 9.0819673538208,
          "acoustic_entropy_side": 9.003754615783691,
          "hz": 2524.2759484456974
        },
        {
          "acoustic_entropy": 9.230652809143066,
          "acoustic_entropy_side": 9.046048164367676,
          "hz": 2809.813997359896
        },
        {
          "acoustic_entropy": 8.774560928344727,
          "acoustic_entropy_side": 8.849512100219727,
          "hz": 3120.6389567871424
        },
        {
          "acoustic_entropy": 9.020695686340332,
          "acoustic_entropy_side": 9.010859489440918,
          "hz": 3458.990205492291
        },
        {
          "acoustic_entropy": 8.93233585357666,
          "acoustic_entropy_side": 8.97252082824707,
          "hz": 3827.305438964164
        },
        {
          "acoustic_entropy": 8.972981452941895,
          "acoustic_entropy_side": 8.980537414550781,
          "hz": 4228.238232109126
        },
        {
          "acoustic_entropy": 8.96804141998291,
          "acoustic_entropy_side": 8.975892066955566,
          "hz": 4664.6771572759235
        },
        {
          "acoustic_entropy": 8.978227615356445,
          "acoustic_entropy_side": 8.979474067687988,
          "hz": 5139.766595350093
        },
        {
          "acoustic_entropy": 8.980352401733398,
          "acoustic_entropy_side": 8.980419158935547,
          "hz": 5656.929389854203
        },
        {
          "acoustic_entropy": 8.980531692504883,
          "acoustic_entropy_side": 8.980569839477539,
          "hz": 6219.891507268283
        },
        {
          "acoustic_entropy": 8.980572700500488,
          "acoustic_entropy_side": 8.980576515197754,
          "hz": 6832.70888123896
        },
        {
          "acoustic_entropy": 8.980578422546387,
          "acoustic_entropy_side": 8.980579376220703,
          "hz": 7499.796634079867
        },
        {
          "acoustic_entropy": 8.980575561523438,
          "acoustic_entropy_side": 8.980574607849121,
          "hz": 8225.96088609342
        },
        {
          "acoustic_entropy": 8.980574607849121,
          "acoustic_entropy_side": 8.980573654174805,
          "hz": 9016.43338188839
        },
        {
          "acoustic_entropy": 8.980573654174805,
          "acoustic_entropy_side": 8.980573654174805,
          "hz": 9876.909183162974
        },
        {
          "acoustic_entropy": 8.980573654174805,
          "acoustic_entropy_side": 8.980573654174805,
          "hz": 10813.587699516042
        },
        {
          "acoustic_entropy": 8.980573654174805,
          "acoustic_entropy_side": 8.980573654174805,
          "hz": 11833.21735289826
        },
        {
          "acoustic_entropy": 8.980573654174805,
          "acoustic_entropy_side": 8.980573654174805,
          "hz": 12943.144197493959
        },
        {
          "acoustic_entropy": 8.980573654174805,
          "acoustic_entropy_side": 8.980573654174805,
          "hz": 14151.364845322005
        },
        {
          "acoustic_entropy": 8.980573654174805,
          "acoustic_entropy_side": 8.980573654174805,
          "hz": 15466.58407886509
        },
        {
          "acoustic_entropy": 8.980573654174805,
          "acoustic_entropy_side": 8.980573654174805,
          "hz": 16898.27756580493
        },
        {
          "acoustic_entropy": 8.980573654174805,
          "acoustic_entropy_side": 8.980573654174805,
          "hz": 18456.760127700032
        },
        {
          "acoustic_entropy": 8.980573654174805,
          "acoustic_entropy_side": 8.980573654174805,
          "hz": 20153.260054456492
        },
        {
          "acoustic_entropy": 8.980573654174805,
          "acoustic_entropy_side": 8.980573654174805,
          "hz": 22000.00000000001
        }
      ],
      "diff_acoustic_entropy": 6.920410633087158,
      "sn": 12
    },
    {
      "acoustic_entropy": 15.034402847290039,
      "acoustic_entropy_mono": 12.892938613891602,
      "band_eliminated_acoustic_entropies": [
        {
          "acoustic_entropy": 15.066330909729004,
          "acoustic_entropy_side": 15.030378341674805,
          "hz": 129.47220167065723
        },
        {
          "acoustic_entropy": 14.969268798828125,
          "acoustic_entropy_side": 15.452670097351074,
          "hz": 202.92927478742237
        },
        {
          "acoustic_entropy": 15.412995338439941,
          "acoustic_entropy_side": 15.250762939453125,
          "hz": 282.89161906338205
        },
        {
          "acoustic_entropy": 14.745442390441895,
          "acoustic_entropy_side": 14.481648445129395,
          "hz": 369.9353335868758
        },
        {
          "acoustic_entropy": 15.92572021484375,
          "acoustic_entropy_side": 15.617044448852539,
          "hz": 464.6875360973435
        },
        {
          "acoustic_entropy": 15.785316467285156,
          "acoustic_entropy_side": 14.912359237670898,
          "hz": 567.8308811364784
        },
        {
          "acoustic_entropy": 15.480372428894043,
          "acoustic_entropy_side": 13.7872314453125,
          "hz": 680.1084783214808
        },
        {
          "acoustic_entropy": 15.125075340270996,
          "acoustic_entropy_side": 14.545211791992188,
          "hz": 802.3292461747484
        },
        {
          "acoustic_entropy": 15.31725788116455,
          "acoustic_entropy_side": 16.5233154296875,
          "hz": 935.3737400823702
        },
        {
          "acoustic_entropy": 15.653519630432129,
          "acoustic_entropy_side": 15.31521987915039,
          "hz": 1080.2004963696966
        },
        {
          "acoustic_entropy": 13.913148880004883,
          "acoustic_entropy_side": 14.293248176574707,
          "hz": 1237.8529382007157
        },
        {
          "acoustic_entropy": 15.412054061889648,
          "acoustic_entropy_side": 15.333932876586914,
          "hz": 1409.4668930556702
        },
        {
          "acoustic_entropy": 14.80465030670166,
          "acoustic_entropy_side": 15.163895606994629,
          "hz": 1596.2787759475705
        },
        {
          "acoustic_entropy": 15.189337730407715,
          "acoustic_entropy_side": 15.221951484680176,
          "hz": 1799.6344973346393
        },
        {
          "acoustic_entropy": 14.652587890625,
          "acoustic_entropy_side": 14.656754493713379,
          "hz": 2020.9991599069049
        },
        {
          "acoustic_entropy": 15.524550437927246,
          "acoustic_entropy_side": 15.425405502319336,
          "hz": 2261.9676141086993
        },
        {
