{
  "acoustic_entropy": 195.60415649414062,
  "bands": [
    {
      "high_freq": 148.1999969482422,
      "loudness": -27.884618759155273,
      "loudness_range": 12.234045028686523,
      "mid_mean": -24.443771362304688,
      "mid_to_side_loudness": -16.60409927368164,
      "mid_to_side_loudness_range": 19.40230369567871,
      "side_mean": -42.09911346435547
    },
    {
      "high_freq": 392.3793640136719,
      "loudness": -25.54399871826172,
      "loudness_range": 11.956096649169922,
      "low_freq": 148.1999969482422,
      "mid_mean": -22.668128967285156,
      "mid_to_side_loudness": -7.946974754333496,
      "mid_to_side_loudness_range": 11.240513801574707,
      "side_mean": -30.96055030822754
    },
    {
      "high_freq": 794.6976318359375,
      "loudness": -29.12151527404785,
      "loudness_range": 13.289525985717773,
      "low_freq": 392.3793640136719,
      "mid_mean": -26.55463981628418,
      "mid_to_side_loudness": -6.363708972930908,
      "mid_to_side_loudness_range": 8.186075210571289,
      "side_mean": -32.84025192260742
    },
    {
      "high_freq": 1457.5709228515625,
      "loudness": -29.137451171875,
      "loudness_range": 14.777809143066406,
      "low_freq": 794.6976318359375,
      "mid_mean": -26.534568786621094,
      "mid_to_side_loudness": -6.020753383636475,
      "mid_to_side_loudness_range": 7.801205158233643,
      "side_mean": -32.81538391113281
    },
    {
      "high_freq": 2549.74365234375,
      "loudness": -29.75835418701172,
      "loudness_range": 13.162534713745117,
      "low_freq": 1457.5709228515625,
      "mid_mean": -27.218379974365234,
      "mid_to_side_loudness": -5.795628547668457,
      "mid_to_side_loudness_range": 5.969752311706543,
      "side_mean": -33.09356689453125
    },
    {
      "high_freq": 4349.24462890625,
      "loudness": -29.561506271362305,
      "loudness_range": 15.86541748046875,
      "low_freq": 2549.74365234375,
      "mid_mean": -26.83214569091797,
      "mid_to_side_loudness": -6.253751754760742,
      "mid_to_side_loudness_range": 6.237188816070557,
      "side_mean": -33.22450256347656
    },
    {
      "high_freq": 7314.1640625,
      "loudness": -33.097808837890625,
      "loudness_range": 16.410810470581055,
      "low_freq": 4349.24462890625,
      "mid_mean": -30.189151763916016,
      "mid_to_side_loudness": -7.665529727935791,
      "mid_to_side_loudness_range": 7.884024620056152,
      "side_mean": -38.00078582763672
    },
    {
      "high_freq": 12199.2666015625,
      "loudness": -40.53612518310547,
      "loudness_range": 17.033226013183594,
      "low_freq": 7314.1640625,
      "mid_mean": -37.53174591064453,
      "mid_to_side_loudness": -9.088654518127441,
      "mid_to_side_loudness_range": 9.011771202087402,
      "side_mean": -47.01490020751953
    },
    {
      "loudness": -52.43471908569336,
      "loudness_range": 21.44455337524414,
      "low_freq": 12199.2666015625,
      "mid_mean": -50.33961486816406,
      "mid_to_side_loudness": -7.960110664367676,
      "mid_to_side_loudness_range": 9.377115249633789,
      "side_mean": -57.66299057006836
    }
  ],
  "bands_short": [
    {
      "high_freq": 148.1999969482422,
      "loudness": -32.11006164550781,
      "loudness_range": 21.03794288635254,
      "mid_mean": -28.710107803344727,
      "mid_to_side_loudness": -17.365962982177734,
      "mid_to_side_loudness_range": 25.349292755126953,
      "side_mean": -47.32065963745117
    },
    {
      "high_freq": 392.3793640136719,
      "loudness": -25.497173309326172,
      "loudness_range": 16.021940231323242,
      "low_freq": 148.1999969482422,
      "mid_mean": -22.71025848388672,
      "mid_to_side_loudness": -8.322735786437988,
      "mid_to_side_loudness_range": 15.161245346069336,
      "side_mean": -31.57686996459961
    },
    {
      "high_freq": 794.6976318359375,
      "loudness": -29.81756591796875,
      "loudness_range": 14.960365295410156,
      "low_freq": 392.3793640136719,
      "mid_mean": -27.38849639892578,
      "mid_to_side_loudness": -6.257436275482178,
      "mid_to_side_loudness_range": 12.152255058288574,
      "side_mean": -33.609710693359375
    },
    {
      "high_freq": 1457.5709228515625,
      "loudness": -29.42300796508789,
      "loudness_range": 16.614927291870117,
      "low_freq": 794.6976318359375,
      "mid_mean": -27.047508239746094,
      "mid_to_side_loudness": -5.441049098968506,
      "mid_to_side_loudness_range": 10.401456832885742,
      "side_mean": -32.72164535522461
    },
    {
      "high_freq": 2549.74365234375,
      "loudness": -30.674949645996094,
      "loudness_range": 15.49057388305664,
      "low_freq": 1457.5709228515625,
      "mid_mean": -28.391212463378906,
      "mid_to_side_loudness": -5.258020401000977,
      "mid_to_side_loudness_range": 8.929024696350098,
      "side_mean": -33.68214416503906
    },
    {
      "high_freq": 4349.24462890625,
      "loudness": -30.456228256225586,
      "loudness_range": 18.217662811279297,
      "low_freq": 2549.74365234375,
      "mid_mean": -27.96320152282715,
      "mid_to_side_loudness": -5.606060981750488,
      "mid_to_side_loudness_range": 8.862051963806152,
      "side_mean": -33.68851089477539
    },
    {
      "high_freq": 7314.1640625,
      "loudness": -34.1467399597168,
      "loudness_range": 20.483699798583984,
      "low_freq": 4349.24462890625,
      "mid_mean": -31.444486618041992,
      "mid_to_side_loudness": -6.827491760253906,
      "mid_to_side_loudness_range": 9.963379859924316,
      "side_mean": -38.468162536621094
    },
    {
      "high_freq": 12199.2666015625,
      "loudness": -42.173526763916016,
      "loudness_range": 24.002132415771484,
      "low_freq": 7314.1640625,
      "mid_mean": -39.30434799194336,
      "mid_to_side_loudness": -8.100439071655273,
      "mid_to_side_loudness_range": 11.034083366394043,
      "side_mean": -47.8703498840332
    },
    {
      "loudness": -55.469581604003906,
      "loudness_range": 29.976268768310547,
      "low_freq": 12199.2666015625,
      "mid_mean": -53.045780181884766,
      "mid_to_side_loudness": -7.078588485717773,
      "mid_to_side_loudness_range": 9.846908569335938,
      "side_mean": -59.28248596191406
    }
  ],
  "bandwidth": 690.0623779296875,
  "channels": 2,
  "covariance": [
    [
      32.28734588623047,
      9.100104331970215,
      23.066905975341797,
      11.496050834655762,
      14.775802612304688,
      10.035971641540527,
      19.53115463256836,
      16.252328872680664,
      18.010684967041016,
      13.303926467895508,
      17.100618362426758,
      11.886308670043945,
      17.422773361206055,
      12.297384262084961,
      17.67671775817871,
      13.109548568725586,
      19.69307518005371,
      10.42063045501709
    ],
    [
      9.100104331970215,
      21.278932571411133,
      8.799759864807129,
      7.873505592346191,
      9.154308319091797,
      6.687315464019775,
      6.734957695007324,
      5.402517318725586,
      10.02833366394043,
      8.85721206665039,
      10.751029968261719,
      9.466943740844727,
      10.805455207824707,
      10.640727996826172,
      10.122786521911621,
      11.302720069885254,
      14.941712379455566,
      11.876057624816895
    ],
    [
      23.066905975341797,
      8.799759864807129,
      30.85882568359375,
      16.580108642578125,
      16.933773040771484,
      10.303545951843262,
      22.23410415649414,
      17.001544952392578,
      14.900992393493652,
      10.004945755004883,
      11.374341011047363,
      5.43230676651001,
      12.675487518310547,
      5.161518573760986,
      10.990439414978027,
      6.867270469665527,
      14.043166160583496,
      6.79496431350708
    ],
    [
      11.496050834655762,
      7.873505592346191,
      16.580108642578125,
      17.160879135131836,
      11.128478050231934,
      8.362381935119629,
      13.333573341369629,
      10.60480785369873,
      8.64649486541748,
      5.96008825302124,
      4.774685382843018,
      1.6573406457901,
      3.9191930294036865,
      0.7597601413726807,
      2.0109267234802246,
      0.9767168760299683,
      4.626584529876709,
      2.2121191024780273
    ],
    [
      14.775802612304688,
      9.154308319091797,
      16.933773040771484,
      11.128478050231934,
      28.858407974243164,
      16.94294548034668,
      23.320356369018555,
      15.682609558105469,
      20.13421058654785,
      14.471796035766602,
      14.339859962463379,
      9.56920051574707,
      11.376129150390625,
      7.54166841506958,
      10.357789993286133,
      7.827491283416748,
      14.40692138671875,
      7.357013702392578
    ],
    [
      10.035971641540527,
      6.687315464019775,
      10.303545951843262,
      8.362381935119629,
      16.94294548034668,
      15.780680656433105,
      14.454500198364258,
      11.441214561462402,
      13.249427795410156,
      11.09351634979248,
      8.765118598937988,
      7.370151996612549,
      7.33956241607666,
      6.195479393005371,
      5.993659496307373,
      5.541332721710205,
      9.140043258666992,
      5.055169105529785
    ],
    [
      19.53115463256836,
      6.734957695007324,
      22.23410415649414,
      13.333573341369629,
      23.320356369018555,
      14.454500198364258,
      32.222110748291016,
      23.14118766784668,
      20.259069442749023,
      14.262024879455566,
      17.954404830932617,
      11.849333763122559,
      15.591793060302734,
      11.01960563659668,
      14.10009479522705,
      11.381671905517578,
      18.006832122802734,
      8.750354766845703
    ],
    [
      16.252328872680664,
      5.402517318725586,
      17.001544952392578,
      10.60480785369873,
      15.682609558105469,
      11.441214561462402,
      23.14118766784668,
      22.57592010498047,
      15.760802268981934,
      12.830886840820312,
      13.180968284606934,
      10.549751281738281,
      11.378968238830566,
      9.472615242004395,
      9.799280166625977,
      8.435890197753906,
      12.45910358428955,
      5.607759475708008
    ],
    [
      18.010684967041016,
      10.02833366394043,
      14.900992393493652,
      8.64649486541748,
      20.13421058654785,
      13.249427795410156,
      20.259069442749023,
      15.760802268981934,
      28.84865951538086,
      22.462141036987305,
      26.18544578552246,
      21.617900848388672,
      24.087642669677734,
      22.318267822265625,
      23.08992576599121,
      21.739410400390625,
      28.595003128051758,
      16.90420913696289
    ],
    [
      13.303926467895508,
      8.85721206665039,
      10.004945755004883,
      5.96008825302124,
      14.471796035766602,
      11.09351634979248,
      14.262024879455566,
      12.830886840820312,
      22.462141036987305,
      21.075578689575195,
      20.876426696777344,
      19.40495491027832,
      18.933622360229492,
      19.197694778442383,
      17.947114944458008,
      18.18682289123535,
      22.49922752380371,
      13.482192039489746
    ],
    [
      17.100618362426758,
      10.751029968261719,
      11.374341011047363,
      4.774685382843018,
      14.339859962463379,
      8.765118598937988,
      17.954404830932617,
      13.180968284606934,
      26.18544578552246,
      20.876426696777344,
      36.72195816040039,
      31.267032623291016,
      36.20792007446289,
      35.721275329589844,
      35.190643310546875,
      36.94947814941406,
      42.01443099975586,
      27.820505142211914
    ],
    [
      11.886308670043945,
      9.466943740844727,
      5.43230676651001,
      1.6573406457901,
      9.56920051574707,
      7.370151996612549,
      11.849333763122559,
      10.549751281738281,
      21.617900848388672,
      19.40495491027832,
      31.267032623291016,
      30.110868453979492,
      30.838621139526367,
      33.693511962890625,
      29.635574340820312,
      33.61622619628906,
      35.2309684753418,
      24.123905181884766
    ],
    [
      17.422773361206055,
      10.805455207824707,
      12.675487518310547,
      3.9191930294036865,
      11.376129150390625,
      7.33956241607666,
      15.591793060302734,
      11.378968238830566,
      24.087642669677734,
      18.933622360229492,
      36.20792007446289,
      30.838621139526367,
      41.32293701171875,
      38.874629974365234,
      40.40678405761719,
      41.96327590942383,
      47.192771911621094,
      32.951087951660156
    ],
    [
      12.297384262084961,
      10.640727996826172,
      5.161518573760986,
      0.7597601413726807,
      7.54166841506958,
      6.195479393005371,
      11.01960563659668,
      9.472615242004395,
      22.318267822265625,
      19.197694778442383,
      35.721275329589844,
      33.693511962890625,
      38.874629974365234,
      42.573326110839844,
      37.673404693603516,
      43.48091125488281,
      44.41063690185547,
      32.122344970703125
    ],
    [
      17.67671775817871,
      10.122786521911621,
      10.990439414978027,
      2.0109267234802246,
      10.357789993286133,
      5.993659496307373,
      14.10009479522705,
      9.799280166625977,
      23.08992576599121,
      17.947114944458008,
      35.190643310546875,
      29.635574340820312,
      40.40678405761719,
      37.673404693603516,
      46.360206604003906,
      42.32718276977539,
      50.498573303222656,
      35.55353546142578
    ],
    [
      13.109548568725586,
      11.302720069885254,
      6.867270469665527,
      0.9767168760299683,
      7.827491283416748,
      5.541332721710205,
      11.381671905517578,
      8.435890197753906,
      21.739410400390625,
      18.18682289123535,
      36.94947814941406,
      33.61622619628906,
      41.96327590942383,
      43.48091125488281,
      42.32718276977539,
      48.38044738769531,
      50.08850860595703,
      37.30317687988281
    ],
    [
      19.69307518005371,
      14.941712379455566,
      14.043166160583496,
      4.626584529876709,
      14.40692138671875,
      9.140043258666992,
      18.006832122802734,
      12.45910358428955,
      28.595003128051758,
      22.49922752380371,
      42.01443099975586,
      35.2309684753418,
      47.192771911621094,
      44.41063690185547,
      50.498573303222656,
      50.08850860595703,
      79.45735931396484,
      54.30073547363281
    ],
    [
      10.42063045501709,
      11.876057624816895,
      6.79496431350708,
      2.2121191024780273,
      7.357013702392578,
      5.055169105529785,
      8.750354766845703,
      5.607759475708008,
      16.90420913696289,
      13.482192039489746,
      27.820505142211914,
      24.123905181884766,
      32.951087951660156,
      32.122344970703125,
      35.55353546142578,
      37.30317687988281,
      54.30073547363281,
      40.95356369018555
    ]
  ],
  "covariance_short": [
    [
      59.7318115234375,
      12.852720260620117,
      38.50320816040039,
      19.24644660949707,
      19.771629333496094,
      13.251266479492188,
      25.11168098449707,
      19.445592880249023,
      25.773216247558594,
      18.519405364990234,
      24.774063110351562,
      17.524309158325195,
      22.96466064453125,
      17.727264404296875,
      20.758047103881836,
      17.909318923950195,
      24.675779342651367,
      14.902796745300293
    ],
    [
      12.852720260620117,
      31.63109588623047,
      10.091662406921387,
      10.22464656829834,
      7.8239665031433105,
      6.22731876373291,
      5.36541223526001,
      4.207301616668701,
      10.102483749389648,
      7.950301170349121,
      9.139545440673828,
      7.658422946929932,
      9.183262825012207,
      8.151599884033203,
      8.656511306762695,
      9.252034187316895,
      14.148356437683105,
      11.582443237304688
    ],
    [
      38.50320816040039,
      10.091662406921387,
      45.19822311401367,
      21.405017852783203,
      23.52482032775879,
      15.14845085144043,
      27.309917449951172,
      20.055538177490234,
      21.76398468017578,
      14.409172058105469,
      18.11041831970215,
      9.980415344238281,
      17.15477180480957,
      9.23881721496582,
      15.975292205810547,
      10.760254859924316,
      20.055341720581055,
      10.629814147949219
    ],
    [
      19.24644660949707,
      10.22464656829834,
      21.405017852783203,
      24.926694869995117,
      14.834413528442383,
      12.294629096984863,
      15.902807235717773,
      12.886367797851562,
      12.226702690124512,
      9.015789985656738,
      8.10657024383545,
      4.603995323181152,
      6.760879993438721,
      3.8547544479370117,
      4.652678966522217,
      4.263338565826416,
      8.024660110473633,
      4.447000980377197
    ],
    [
      19.771629333496094,
      7.8239665031433105,
      23.52482032775879,
      14.834413528442383,
      36.121212005615234,
      18.35236167907715,
      28.37172508239746,
      18.54197120666504,
      25.093948364257812,
      16.73146629333496,
      18.172393798828125,
      10.820944786071777,
      13.915907859802246,
      7.873482704162598,
      12.907793045043945,
      8.680304527282715,
      16.57282066345215,
      8.685547828674316
    ],
    [
      13.251266479492188,
      6.22731876373291,
      15.14845085144043,
      12.294629096984863,
      18.35236167907715,
      20.830400466918945,
      16.988162994384766,
      13.752461433410645,
      16.00461196899414,
      12.91176986694336,
      10.799501419067383,
      8.24887466430664,
      8.354422569274902,
      6.775232791900635,
      6.581000804901123,
      6.664045810699463,
      9.451741218566895,
      5.317382335662842
    ],
    [
      25.11168098449707,
      5.36541223526001,
      27.309917449951172,
      15.902807235717773,
      28.37172508239746,
      16.988162994384766,
      41.934661865234375,
      27.10807991027832,
      27.091360092163086,
      18.0932559967041,
      24.31777572631836,
      15.645140647888184,
      19.854141235351562,
      13.977761268615723,
      18.56781005859375,
      15.703329086303711,
      23.283660888671875,
      12.591191291809082
    ],
    [
      19.445592880249023,
      4.207301616668701,
      20.055538177490234,
      12.886367797851562,
      18.54197120666504,
      13.752461433410645,
      27.10807991027832,
      27.199359893798828,
      18.76767349243164,
      15.051965713500977,
      16.259492874145508,
      12.862190246582031,
      13.396493911743164,
      11.540326118469238,
      11.771228790283203,
      11.805747985839844,
      15.211931228637695,
      8.164173126220703
    ],
    [
      25.773216247558594,
      10.102483749389648,
      21.76398468017578,
      12.226702690124512,
      25.093948364257812,
      16.00461196899414,
      27.091360092163086,
      18.76767349243164,
      40.32371520996094,
      27.96894645690918,
      35.85475158691406,
      27.230812072753906,
      32.017669677734375,
      26.95918846130371,
      31.107175827026367,
      28.18136978149414,
      37.44736099243164,
      23.52065658569336
    ],
    [
      18.519405364990234,
      7.950301170349121,
      14.409172058105469,
      9.015789985656738,
      16.73146629333496,
      12.91176986694336,
      18.0932559967041,
      15.051965713500977,
      27.96894645690918,
      26.260986328125,
      25.925735473632812,
      23.04451560974121,
      23.24692726135254,
      22.410242080688477,
      22.068111419677734,
      22.543352127075195,
      26.50832176208496,
      17.35558319091797
    ],
    [
      24.774063110351562,
      9.139545440673828,
      18.11041831970215,
      8.10657024383545,
      18.172393798828125,
      10.799501419067383,
      24.31777572631836,
      16.259492874145508,
      35.85475158691406,
      25.925735473632812,
      48.966007232666016,
      37.86797332763672,
      47.52394104003906,
      41.987037658691406,
      47.50779342651367,
      45.61170959472656,
      54.01176071166992,
      36.85051727294922
    ],
    [
      17.524309158325195,
      7.658422946929932,
      9.980415344238281,
      4.603995323181152,
      10.820944786071777,
      8.24887466430664,
      15.645140647888184,
      12.862190246582031,
      27.230812072753906,
      23.04451560974121,
      37.86797332763672,
      36.06136703491211,
      37.508121490478516,
      38.4476432800293,
      36.96390151977539,
      40.14457321166992,
      41.39511489868164,
      29.88088035583496
    ],
    [
      22.96466064453125,
      9.183262825012207,
      17.15477180480957,
      6.760879993438721,
      13.915907859802246,
      8.354422569274902,
      19.854141235351562,
      13.396493911743164,
      32.017669677734375,
      23.24692726135254,
      47.52394104003906,
      37.508121490478516,
      57.09101104736328,
      46.44354248046875,
      58.88298797607422,
      52.89424133300781,
      64.23519134521484,
      45.12455749511719
    ],
    [
      17.727264404296875,
      8.151599884033203,
      9.23881721496582,
      3.8547544479370117,
      7.873482704162598,
      6.775232791900635,
      13.977761268615723,
      11.540326118469238,
      26.95918846130371,
      22.410242080688477,
      41.987037658691406,
      38.4476432800293,
      46.44354248046875,
      48.57545471191406,
      46.87615203857422,
      51.33441925048828,
      51.55409622192383,
      38.79429244995117
    ],
    [
      20.758047103881836,
      8.656511306762695,
      15.975292205810547,
      4.652678966522217,
      12.907793045043945,
      6.581000804901123,
      18.56781005859375,
      11.771228790283203,
      31.107175827026367,
      22.068111419677734,
      47.50779342651367,
      36.96390151977539,
      58.88298797607422,
      46.87615203857422,
      70.98588562011719,
      56.55243682861328,
      73.97181701660156,
      52.04439163208008
    ],
    [
      17.909318923950195,
      9.252034187316895,
      10.760254859924316,
      4.263338565826416,
      8.680304527282715,
      6.664045810699463,
      15.703329086303711,
      11.805747985839844,
      28.18136978149414,
      22.543352127075195,
      45.61170959472656,
      40.14457321166992,
      52.89424133300781,
      51.33441925048828,
      56.55243682861328,
      60.263004302978516,
      62.76521301269531,
      47.692142486572266
    ],
    [
      24.675779342651367,
      14.148356437683105,
      20.055341720581055,
      8.024660110473633,
      16.57282066345215,
      9.451741218566895,
      23.283660888671875,
      15.211931228637695,
      37.44736099243164,
      26.50832176208496,
      54.01176071166992,
      41.39511489868164,
      64.23519134521484,
      51.55409622192383,
      73.97181701660156,
      62.76521301269531,
      97.19752502441406,
      67.25700378417969
    ],
    [
      14.902796745300293,
      11.582443237304688,
      10.629814147949219,
      4.447000980377197,
      8.685547828674316,
      5.317382335662842,
      12.591191291809082,
      8.164173126220703,
      23.52065658569336,
      17.35558319091797,
      36.85051727294922,
      29.88088035583496,
      45.12455749511719,
      38.79429244995117,
      52.04439163208008,
      47.692142486572266,
      67.25700378417969,
      51.32139587402344
    ]
  ],
  "damage": -12.018036842346191,
  "diff_bandwidth": 714.2991943359375,
  "dissonance": 8.840072341458939,
  "drr": 1.6611204147338867,
  "dynamics": 3.2513694763183594,
  "format": 1245190,
  "frames": 5095424,
  "loudness": -15.542647361755371,
  "loudness_range": 9.49061107635498,
  "loudness_range_short": 13.479019165039062,
  "lowpass_true_peak_15khz": 0.2974010109901428,
  "mastering3_acoustic_entropies": [
    {
      "acoustic_entropy": 6.906652927398682,
      "acoustic_entropy_mono": 6.6671881675720215,
      "band_eliminated_acoustic_entropies": [
        {
          "acoustic_entropy": 6.9354777336120605,
          "acoustic_entropy_side": 6.906441688537598,
          "hz": 129.47220167065723
        },
        {
          "acoustic_entropy": 6.671188831329346,
          "acoustic_entropy_side": 6.910260200500488,
          "hz": 202.92927478742237
        },
        {
          "acoustic_entropy": 6.560173511505127,
          "acoustic_entropy_side": 6.957785129547119,
          "hz": 282.89161906338205
        },
        {
          "acoustic_entropy": 6.960989475250244,
          "acoustic_entropy_side": 6.934369087219238,
          "hz": 369.9353335868758
        },
        {
          "acoustic_entropy": 6.7451491355896,
          "acoustic_entropy_side": 6.973229885101318,
          "hz": 464.6875360973435
        },
        {
          "acoustic_entropy": 6.895326137542725,
          "acoustic_entropy_side": 6.944916725158691,
          "hz": 567.8308811364784
        },
        {
          "acoustic_entropy": 6.901461601257324,
          "acoustic_entropy_side": 6.938695430755615,
          "hz": 680.1084783214808
        },
        {
          "acoustic_entropy": 5.977762222290039,
          "acoustic_entropy_side": 6.871886253356934,
          "hz": 802.3292461747484
        },
        {
          "acoustic_entropy": 6.635646343231201,
          "acoustic_entropy_side": 7.117299556732178,
          "hz": 935.3737400823702
        },
        {
          "acoustic_entropy": 7.065455436706543,
          "acoustic_entropy_side": 7.03938102722168,
          "hz": 1080.2004963696966
        },
        {
          "acoustic_entropy": 6.492771625518799,
          "acoustic_entropy_side": 7.045914173126221,
          "hz": 1237.8529382007157
        },
        {
          "acoustic_entropy": 7.19447660446167,
          "acoustic_entropy_side": 6.916660785675049,
          "hz": 1409.4668930556702
        },
        {
          "acoustic_entropy": 6.709438800811768,
          "acoustic_entropy_side": 6.974773406982422,
          "hz": 1596.2787759475705
        },
        {
          "acoustic_entropy": 6.694302082061768,
          "acoustic_entropy_side": 6.792068004608154,
          "hz": 1799.6344973346393
        },
        {
          "acoustic_entropy": 7.0294060707092285,
          "acoustic_entropy_side": 7.082347869873047,
          "hz": 2020.9991599069049
        },
        {
          "acoustic_entropy": 7.0454792976379395,
          "acoustic_entropy_side": 6.905828952789307,
          "hz": 2261.9676141086993
        },
        {
          "acoustic_entropy": 7.194364070892334,
          "acoustic_entropy_side": 6.99065637588501,
          "hz": 2524.2759484456974
        },
        {
          "acoustic_entropy": 6.89829683303833,
          "acoustic_entropy_side": 6.955649375915527,
          "hz": 2809.813997359896
        },
        {
          "acoustic_entropy": 7.099455833435059,
          "acoustic_entropy_side": 6.985231876373291,
          "hz": 3120.6389567871424
        },
        {
          "acoustic_entropy": 6.639842510223389,
          "acoustic_entropy_side": 6.899099826812744,
          "hz": 3458.990205492291
        },
        {
          "acoustic_entropy": 6.863317489624023,
          "acoustic_entropy_side": 6.818639755249023,
          "hz": 3827.305438964164
        },
        {
          "acoustic_entropy": 6.685600280761719,
          "acoustic_entropy_side": 6.81360387802124,
          "hz": 4228.238232109126
        },
        {
          "acoustic_entropy": 7.277101516723633,
          "acoustic_entropy_side": 7.056067943572998,
          "hz": 4664.6771572759235
        },
        {
          "acoustic_entropy": 6.779149055480957,
          "acoustic_entropy_side": 6.824477195739746,
          "hz": 5139.766595350093
        },
        {
          "acoustic_entropy": 6.9725494384765625,
          "acoustic_entropy_side": 6.945789337158203,
          "hz": 5656.929389854203
        },
        {
          "acoustic_entropy": 6.941031455993652,
          "acoustic_entropy_side": 6.932408809661865,
          "hz": 6219.891507268283
        },
        {
          "acoustic_entropy": 6.928912162780762,
          "acoustic_entropy_side": 6.91874885559082,
          "hz": 6832.70888123896
        },
        {
          "acoustic_entropy": 6.995039463043213,
          "acoustic_entropy_side": 6.924407958984375,
          "hz": 7499.796634079867
        },
        {
          "acoustic_entropy": 6.9690632820129395,
          "acoustic_entropy_side": 6.9274821281433105,
          "hz": 8225.96088609342
        },
        {
          "acoustic_entropy": 6.92390251159668,
          "acoustic_entropy_side": 6.919266223907471,
          "hz": 9016.43338188839
        },
        {
          "acoustic_entropy": 6.914510726928711,
          "acoustic_entropy_side": 6.914389133453369,
          "hz": 9876.909183162974
        },
        {
          "acoustic_entropy": 6.904466152191162,
          "acoustic_entropy_side": 6.910743236541748,
          "hz": 10813.587699516042
        },
        {
          "acoustic_entropy": 6.901031970977783,
          "acoustic_entropy_side": 6.908718109130859,
          "hz": 11833.21735289826
        },
        {
          "acoustic_entropy": 6.892948150634766,
          "acoustic_entropy_side": 6.907786846160889,
          "hz": 12943.144197493959
        },
        {
          "acoustic_entropy": 6.875830173492432,
          "acoustic_entropy_side": 6.907321929931641,
          "hz": 14151.364845322005
        },
        {
          "acoustic_entropy": 6.882919788360596,
          "acoustic_entropy_side": 6.906980991363525,
          "hz": 15466.58407886509
        },
        {
          "acoustic_entropy": 6.891408443450928,
          "acoustic_entropy_side": 6.906727313995361,
          "hz": 16898.27756580493
        },
        {
          "acoustic_entropy": 6.903594970703125,
          "acoustic_entropy_side": 6.906676769256592,
          "hz": 18456.760127700032
        },
        {
          "acoustic_entropy": 6.9062628746032715,
          "acoustic_entropy_side": 6.9066572189331055,
          "hz": 20153.260054456492
        },
        {
          "acoustic_entropy": 6.9066362380981445,
          "acoustic_entropy_side": 6.906653881072998,
          "hz": 22000.00000000001
        }
      ],
      "diff_acoustic_entropy": 3.866093397140503,
      "sn": 6
    },
    {
      "acoustic_entropy": 9.28604507446289,
      "acoustic_entropy_mono": 9.75507926940918,
      "band_eliminated_acoustic_entropies": [
        {
          "acoustic_entropy": 9.348288536071777,
          "acoustic_entropy_side": 9.287995338439941,
          "hz": 129.47220167065723
        },
        {
          "acoustic_entropy": 9.340381622314453,
          "acoustic_entropy_side": 9.395870208740234,
          "hz": 202.92927478742237
        },
        {
          "acoustic_entropy": 9.005105972290039,
          "acoustic_entropy_side": 9.174859046936035,
          "hz": 282.89161906338205
        },
        {
          "acoustic_entropy": 9.19694709777832,
          "acoustic_entropy_side": 9.28470516204834,
          "hz": 369.9353335868758
        },
        {
          "acoustic_entropy": 8.920557975769043,
          "acoustic_entropy_side": 9.285287857055664,
          "hz": 464.6875360973435
        },
        {
          "acoustic_entropy": 9.22007942199707,
          "acoustic_entropy_side": 9.175983428955078,
          "hz": 567.8308811364784
        },
        {
          "acoustic_entropy": 9.374629020690918,
          "acoustic_entropy_side": 9.353326797485352,
          "hz": 680.1084783214808
        },
        {
          "acoustic_entropy": 9.963292121887207,
          "acoustic_entropy_side": 9.51416015625,
          "hz": 802.3292461747484
        },
        {
          "acoustic_entropy": 9.923139572143555,
          "acoustic_entropy_side": 9.967721939086914,
          "hz": 935.3737400823702
        },
        {
          "acoustic_entropy": 9.443431854248047,
          "acoustic_entropy_side": 9.631338119506836,
          "hz": 1080.2004963696966
        },
        {
          "acoustic_entropy": 9.942610740661621,
          "acoustic_entropy_side": 9.641822814941406,
          "hz": 1237.8529382007157
        },
        {
          "acoustic_entropy": 9.523701667785645,
          "acoustic_entropy_side": 9.921025276184082,
          "hz": 1409.4668930556702
        },
        {
          "acoustic_entropy": 9.668599128723145,
          "acoustic_entropy_side": 9.284090995788574,
          "hz": 1596.2787759475705
        },
        {
          "acoustic_entropy": 9.380352020263672,
          "acoustic_entropy_side": 9.267534255981445,
          "hz": 1799.6344973346393
        },
        {
          "acoustic_entropy": 9.174054145812988,
          "acoustic_entropy_side": 9.205706596374512,
          "hz": 2020.9991599069049
        },
        {
          "acoustic_entropy": 9.691865921020508,
          "acoustic_entropy_side": 9.142459869384766,
          "hz": 2261.9676141086993
        },
        {
          "acoustic_entropy": 9.60860538482666,
          "acoustic_entropy_side": 9.405020713806152,
          "hz": 2524.2759484456974
        },
        {
          "acoustic_entropy": 9.65676498413086,
          "acoustic_entropy_side": 9.482872009277344,
          "hz": 2809.813997359896
        },
        {
          "acoustic_entropy": 9.861212730407715,
          "acoustic_entropy_side": 9.298383712768555,
          "hz": 3120.6389567871424
        },
        {
          "acoustic_entropy": 9.467392921447754,
          "acoustic_entropy_side": 9.297870635986328,
          "hz": 3458.990205492291
        },
        {
          "acoustic_entropy": 9.518636703491211,
          "acoustic_entropy_side": 9.401222229003906,
          "hz": 3827.305438964164
        },
        {
          "acoustic_entropy": 9.413161277770996,
          "acoustic_entropy_side": 9.393122673034668,
          "hz": 4228.238232109126
        },
        {
          "acoustic_entropy": 9.905604362487793,
          "acoustic_entropy_side": 9.62792682647705,
          "hz": 4664.6771572759235
        },
        {
          "acoustic_entropy": 9.325100898742676,
          "acoustic_entropy_side": 9.420184135437012,
          "hz": 5139.766595350093
        },
        {
          "acoustic_entropy": 9.3942289352417,
          "acoustic_entropy_side": 9.341322898864746,
          "hz": 5656.929389854203
        },
        {
          "acoustic_entropy": 9.274675369262695,
          "acoustic_entropy_side": 9.316693305969238,
          "hz": 6219.891507268283
        },
        {
          "acoustic_entropy": 9.214987754821777,
          "acoustic_entropy_side": 9.296492576599121,
          "hz": 6832.70888123896
        },
        {
          "acoustic_entropy": 9.232522010803223,
          "acoustic_entropy_side": 9.291268348693848,
          "hz": 7499.796634079867
        },
        {
          "acoustic_entropy": 9.404448509216309,
          "acoustic_entropy_side": 9.37191104888916,
          "hz": 8225.96088609342
        },
        {
          "acoustic_entropy": 9.361034393310547,
          "acoustic_entropy_side": 9.333106994628906,
          "hz": 9016.43338188839
        },
        {
          "acoustic_entropy": 9.432878494262695,
          "acoustic_entropy_side": 9.339095115661621,
          "hz": 9876.909183162974
        },
        {
          "acoustic_entropy": 9.474555015563965,
          "acoustic_entropy_side": 9.341147422790527,
          "hz": 10813.587699516042
        },
        {
          "acoustic_entropy": 9.45520305633545,
          "acoustic_entropy_side": 9.315751075744629,
          "hz": 11833.21735289826
        },
        {
          "acoustic_entropy": 9.439248085021973,
          "acoustic_entropy_side": 9.304737091064453,
          "hz": 12943.144197493959
        },
        {
          "acoustic_entropy": 9.443158149719238,
          "acoustic_entropy_side": 9.303694725036621,
          "hz": 14151.364845322005
        },
        {
          "acoustic_entropy": 9.337054252624512,
          "acoustic_entropy_side": 9.296908378601074,
          "hz": 15466.58407886509
        },
        {
          "acoustic_entropy": 9.269515991210938,
          "acoustic_entropy_side": 9.289917945861816,
          "hz": 16898.27756580493
        },
        {
          "acoustic_entropy": 9.297298431396484,
          "acoustic_entropy_side": 9.287151336669922,
          "hz": 18456.760127700032
        },
        {
          "acoustic_entropy": 9.287886619567871,
          "acoustic_entropy_side": 9.2861909866333,
          "hz": 20153.260054456492
        },
        {
          "acoustic_entropy": 9.286169052124023,
          "acoustic_entropy_side": 9.286054611206055,
          "hz": 22000.00000000001
        }
      ],
      "diff_acoustic_entropy": 6.224332332611084,
      "sn": 12
    },
    {
      "acoustic_entropy": 13.31942367553711,
      "acoustic_entropy_mono": 12.526408195495605,
      "band_eliminated_acoustic_entropies": [
        {
          "acoustic_entropy": 13.474472999572754,
          "acoustic_entropy_side": 13.348068237304688,
          "hz": 129.47220167065723
        },
        {
          "acoustic_entropy": 13.271978378295898,
          "acoustic_entropy_side": 13.304651260375977,
          "hz": 202.92927478742237
        },
        {
          "acoustic_entropy": 13.492345809936523,
          "acoustic_entropy_side": 13.440103530883789,
          "hz": 282.89161906338205
        },
        {
          "acoustic_entropy": 13.797447204589844,
          "acoustic_entropy_side": 13.460043907165527,
          "hz": 369.9353335868758
        },
        {
          "acoustic_entropy": 13.599679946899414,
          "acoustic_entropy_side": 13.817593574523926,
          "hz": 464.6875360973435
        },
        {
          "acoustic_entropy": 13.628754615783691,
          "acoustic_entropy_side": 13.358506202697754,
          "hz": 567.8308811364784
        },
        {
          "acoustic_entropy": 13.859513282775879,
          "acoustic_entropy_side": 13.379752159118652,
          "hz": 680.1084783214808
        },
        {
          "acoustic_entropy": 12.677369117736816,
          "acoustic_entropy_side": 13.990084648132324,
          "hz": 802.3292461747484
        },
        {
          "acoustic_entropy": 13.864556312561035,
          "acoustic_entropy_side": 14.16166877746582,
          "hz": 935.3737400823702
        },
        {
          "acoustic_entropy": 13.426457405090332,
          "acoustic_entropy_side": 14.317070960998535,
          "hz": 1080.2004963696966
        },
        {
          "acoustic_entropy": 13.76613998413086,
          "acoustic_entropy_side": 12.860408782958984,
          "hz": 1237.8529382007157
        },
        {
          "acoustic_entropy": 13.73580551147461,
          "acoustic_entropy_side": 13.588001251220703,
          "hz": 1409.4668930556702
        },
        {
          "acoustic_entropy": 13.307711601257324,
          "acoustic_entropy_side": 13.084037780761719,
          "hz": 1596.2787759475705
        },
        {
          "acoustic_entropy": 13.758955001831055,
          "acoustic_entropy_side": 13.886785507202148,
          "hz": 1799.6344973346393
        },
        {
          "acoustic_entropy": 13.121221542358398,
          "acoustic_entropy_side": 13.178327560424805,
          "hz": 2020.9991599069049
        },
        {
          "acoustic_entropy": 13.239089965820312,
          "acoustic_entropy_side": 13.119760513305664,
          "hz": 2261.9676141086993
        },
        {
          "acoustic_entropy": 13.764351844787598,
          "acoustic_entropy_side": 13.221128463745117,
          "hz": 2524.2759484456974
        },
        {
          "acoustic_entropy": 13.38491153717041,
          "acoustic_entropy_side": 13.36876106262207,
          "hz": 2809.813997359896
        },
        {
          "acoustic_entropy": 13.632149696350098,
          "acoustic_entropy_side": 13.666036605834961,
          "hz": 3120.6389567871424
        },
        {
