{
  "acoustic_entropy": 154.73159790039062,
  "bands": [
    {
      "high_freq": 148.1999969482422,
      "loudness": -39.23480224609375,
      "loudness_range": 24.0767879486084,
      "mid_mean": -35.5266227722168,
      "mid_to_side_loudness": -68.46990203857422,
      "mid_to_side_loudness_range": 13.328533172607422,
      "side_mean": -69.98444366455078
    },
    {
      "high_freq": 392.3793640136719,
      "loudness": -33.404903411865234,
      "loudness_range": 17.733570098876953,
      "low_freq": 148.1999969482422,
      "mid_mean": -29.733850479125977,
      "mid_to_side_loudness": -67.45599365234375,
      "mid_to_side_loudness_range": 16.587841033935547,
      "side_mean": -69.9897689819336
    },
    {
      "high_freq": 794.6976318359375,
      "loudness": -33.564453125,
      "loudness_range": 20.409963607788086,
      "low_freq": 392.3793640136719,
      "mid_mean": -29.893596649169922,
      "mid_to_side_loudness": -66.21631622314453,
      "mid_to_side_loudness_range": 14.667224884033203,
      "side_mean": -69.98265075683594
    },
    {
      "high_freq": 1457.5709228515625,
      "loudness": -43.161373138427734,
      "loudness_range": 29.455177307128906,
      "low_freq": 794.6976318359375,
      "mid_mean": -39.48612594604492,
      "mid_to_side_loudness": -65.97462463378906,
      "mid_to_side_loudness_range": 25.08751678466797,
      "side_mean": -69.98798370361328
    },
    {
      "high_freq": 2549.74365234375,
      "loudness": -47.35875701904297,
      "loudness_range": 24.08224868774414,
      "low_freq": 1457.5709228515625,
      "mid_mean": -43.68971633911133,
      "mid_to_side_loudness": -61.08012771606445,
      "mid_to_side_loudness_range": 32.25446701049805,
      "side_mean": -69.99932861328125
    },
    {
      "high_freq": 4349.24462890625,
      "loudness": -48.818424224853516,
      "loudness_range": 23.844520568847656,
      "low_freq": 2549.74365234375,
      "mid_mean": -45.125545501708984,
      "mid_to_side_loudness": -54.01856231689453,
      "mid_to_side_loudness_range": 36.64365768432617,
      "side_mean": -69.99813079833984
    },
    {
      "high_freq": 7314.1640625,
      "loudness": -52.2617073059082,
      "loudness_range": 26.665367126464844,
      "low_freq": 4349.24462890625,
      "mid_mean": -48.42908477783203,
      "mid_to_side_loudness": -45.50491714477539,
      "mid_to_side_loudness_range": 50.954158782958984,
      "side_mean": -69.9977035522461
    },
    {
      "high_freq": 12199.2666015625,
      "loudness": -56.560546875,
      "loudness_range": 19.479663848876953,
      "low_freq": 7314.1640625,
      "mid_mean": -52.82425308227539,
      "mid_to_side_loudness": -47.88747787475586,
      "mid_to_side_loudness_range": 32.215972900390625,
      "side_mean": -69.99931335449219
    },
    {
      "loudness": -63.52099609375,
      "loudness_range": 8.8525390625,
      "low_freq": 12199.2666015625,
      "mid_mean": -59.48945617675781,
      "mid_to_side_loudness": -20.31822967529297,
      "mid_to_side_loudness_range": 8.204914093017578,
      "side_mean": -69.6058349609375
    }
  ],
  "bands_short": [
    {
      "high_freq": 148.1999969482422,
      "loudness": -41.83616638183594,
      "loudness_range": 27.066064834594727,
      "mid_mean": -38.143009185791016,
      "mid_to_side_loudness": -68.48020935058594,
      "mid_to_side_loudness_range": 18.067317962646484,
      "side_mean": -69.98560333251953
    },
    {
      "high_freq": 392.3793640136719,
      "loudness": -34.106544494628906,
      "loudness_range": 19.741952896118164,
      "low_freq": 148.1999969482422,
      "mid_mean": -30.426860809326172,
      "mid_to_side_loudness": -68.33502960205078,
      "mid_to_side_loudness_range": 20.297061920166016,
      "side_mean": -69.98954010009766
    },
    {
      "high_freq": 794.6976318359375,
      "loudness": -34.50477600097656,
      "loudness_range": 22.324848175048828,
      "low_freq": 392.3793640136719,
      "mid_mean": -30.839406967163086,
      "mid_to_side_loudness": -64.53269958496094,
      "mid_to_side_loudness_range": 15.217243194580078,
      "side_mean": -69.98524475097656
    },
    {
      "high_freq": 1457.5709228515625,
      "loudness": -43.43748474121094,
      "loudness_range": 31.655784606933594,
      "low_freq": 794.6976318359375,
      "mid_mean": -39.76361846923828,
      "mid_to_side_loudness": -64.34741973876953,
      "mid_to_side_loudness_range": 21.70294189453125,
      "side_mean": -69.98506927490234
    },
    {
      "high_freq": 2549.74365234375,
      "loudness": -48.86638641357422,
      "loudness_range": 26.348506927490234,
      "low_freq": 1457.5709228515625,
      "mid_mean": -45.20624542236328,
      "mid_to_side_loudness": -52.62102508544922,
      "mid_to_side_loudness_range": 74.22998046875,
      "side_mean": -69.99937438964844
    },
    {
      "high_freq": 4349.24462890625,
      "loudness": -50.485618591308594,
      "loudness_range": 25.022483825683594,
      "low_freq": 2549.74365234375,
      "mid_mean": -46.70652389526367,
      "mid_to_side_loudness": -41.87689971923828,
      "mid_to_side_loudness_range": 67.61255645751953,
      "side_mean": -69.99847412109375
    },
    {
      "high_freq": 7314.1640625,
      "loudness": -53.727718353271484,
      "loudness_range": 25.920368194580078,
      "low_freq": 4349.24462890625,
      "mid_mean": -50.05171585083008,
      "mid_to_side_loudness": -30.232763290405273,
      "mid_to_side_loudness_range": 57.02356719970703,
      "side_mean": -69.99815368652344
    },
    {
      "high_freq": 12199.2666015625,
      "loudness": -57.683712005615234,
      "loudness_range": 19.897480010986328,
      "low_freq": 7314.1640625,
      "mid_mean": -53.88947677612305,
      "mid_to_side_loudness": -38.86137390136719,
      "mid_to_side_loudness_range": 60.22080993652344,
      "side_mean": -69.99934387207031
    },
    {
      "loudness": -64.02896118164062,
      "loudness_range": 8.944934844970703,
      "low_freq": 12199.2666015625,
      "mid_mean": -59.952205657958984,
      "mid_to_side_loudness": -19.97405433654785,
      "mid_to_side_loudness_range": 7.275968551635742,
      "side_mean": -69.61587524414062
    }
  ],
  "bandwidth": 542.3648071289062,
  "channels": 2,
  "covariance": [
    [
      67.75338745117188,
      0.1863117814064026,
      5.315911769866943,
      -0.023029500618577003,
      10.280134201049805,
      0.009495267644524574,
      10.0225830078125,
      0.05140683427453041,
      9.956690788269043,
      -0.0017588611226528883,
      9.529165267944336,
      -0.0028605919796973467,
      15.583479881286621,
      -0.004014618694782257,
      8.985325813293457,
      0.00025499245384708047,
      4.0356316566467285,
      -0.05417001619935036
    ],
    [
      0.1863117814064026,
      0.001615827321074903,
      0.013094646856188774,
      -3.6953795643057674e-05,
      0.014997264370322227,
      -3.720846143551171e-05,
      0.005189907271414995,
      0.0001068723649950698,
      0.003080877009779215,
      -4.058632384840166e-06,
      0.009917760267853737,
      9.719964509713463e-06,
      0.027272872626781464,
      3.8322115869959816e-05,
      0.015123646706342697,
      6.967246918065939e-06,
      0.005482446402311325,
      -1.1650445230770856e-05
    ],
    [
      5.315911769866943,
      0.013094646856188774,
      42.693199157714844,
      0.05500883609056473,
      13.914170265197754,
      0.01110011525452137,
      3.6197738647460938,
      -0.05350588634610176,
      11.877348899841309,
      0.002692422131076455,
      13.289827346801758,
      0.005359601229429245,
      4.687582492828369,
      0.008846083655953407,
      7.650321006774902,
      0.0004996234201826155,
      -0.20638717710971832,
      -0.017075754702091217
    ],
    [
      -0.023029500618577003,
      -3.6953795643057674e-05,
      0.05500883609056473,
      0.000772255240008235,
      0.010600603185594082,
      0.0004062676161993295,
      -0.0031420711893588305,
      -3.24713510053698e-05,
      0.013915207237005234,
      2.8531549105537124e-05,
      0.012332667596638203,
      5.682072151103057e-05,
      0.004712430760264397,
      2.5358365746797062e-05,
      0.009671668522059917,
      8.037737643462606e-06,
      0.0018454933306202292,
      -0.00011680854368023574
    ],
    [
      10.280134201049805,
      0.014997264370322227,
      13.914170265197754,
      0.010600603185594082,
      50.68128967285156,
      0.15135331451892853,
      49.41649627685547,
      0.061989136040210724,
      42.859798431396484,
      0.001885293866507709,
      30.936941146850586,
      0.0026993295177817345,
      22.019887924194336,
      0.001098895096220076,
      17.471586227416992,
      -0.0013775286497548223,
      3.0933611392974854,
      -0.05728469416499138
    ],
    [
      0.009495267644524574,
      -3.720846143551171e-05,
      0.01110011525452137,
      0.0004062676161993295,
      0.15135331451892853,
      0.0032956665381789207,
      0.15079790353775024,
      0.0009088179795071483,
      0.13280820846557617,
      3.164043664583005e-05,
      0.10535586625337601,
      1.924434218381066e-05,
      0.07271192222833633,
      -5.48717844139901e-06,
      0.05802420526742935,
      -3.344523292980739e-06,
      0.01859329640865326,
      -0.0002981410070788115
    ],
    [
      10.0225830078125,
      0.005189907271414995,
      3.6197738647460938,
      -0.0031420711893588305,
      49.41649627685547,
      0.15079790353775024,
      92.82401275634766,
      0.2837871313095093,
      54.75759506225586,
      0.004842980764806271,
      38.338809967041016,
      0.014552002772688866,
      27.55534553527832,
      -0.00349758705124259,
      19.27041244506836,
      -0.002094576833769679,
      2.40455961227417,
      -0.0671560987830162
    ],
    [
      0.05140683427453041,
      0.0001068723649950698,
      -0.05350588634610176,
      -3.24713510053698e-05,
      0.061989136040210724,
      0.0009088179795071483,
      0.2837871313095093,
      0.01041179895401001,
      0.1892983764410019,
      3.9571405068272725e-05,
      0.1624630242586136,
      0.00012611043348442763,
      0.15515652298927307,
      8.880661334842443e-05,
      0.09563233703374863,
      -2.0191966143556783e-07,
      0.016221031546592712,
      -0.00028562539955601096
    ],
    [
      9.956690788269043,
      0.003080877009779215,
      11.877348899841309,
      0.013915207237005234,
      42.859798431396484,
      0.13280820846557617,
      54.75759506225586,
      0.1892983764410019,
      70.41184997558594,
      0.0052227359265089035,
      51.9576301574707,
      0.013173946179449558,
      40.48051452636719,
      0.006640131585299969,
      29.145727157592773,
      0.0014226279454305768,
      7.391074180603027,
      -0.09507542103528976
    ],
    [
      -0.0017588611226528883,
      -4.058632384840166e-06,
      0.002692422131076455,
      2.8531549105537124e-05,
      0.001885293866507709,
      3.164043664583005e-05,
      0.004842980764806271,
      3.9571405068272725e-05,
      0.0052227359265089035,
      6.146543455542997e-05,
      0.007177181076258421,
      0.00017840541840996593,
      0.006022158078849316,
      0.00015001048450358212,
      0.0034058233723044395,
      1.666914795350749e-05,
      0.0016929976409301162,
      2.7057780243922025e-05
    ],
    [
      9.529165267944336,
      0.009917760267853737,
      13.289827346801758,
      0.012332667596638203,
      30.936941146850586,
      0.10535586625337601,
      38.338809967041016,
      0.1624630242586136,
      51.9576301574707,
      0.007177181076258421,
      66.35637664794922,
      0.02493911422789097,
      55.924293518066406,
      0.020589884370565414,
      38.26004409790039,
      0.0033362233079969883,
      11.46617317199707,
      -0.12081153690814972
    ],
    [
      -0.0028605919796973467,
      9.719964509713463e-06,
      0.005359601229429245,
      5.682072151103057e-05,
      0.0026993295177817345,
      1.924434218381066e-05,
      0.014552002772688866,
      0.00012611043348442763,
      0.013173946179449558,
      0.00017840541840996593,
      0.02493911422789097,
      0.0006974549032747746,
      0.021827565506100655,
      0.00046441348968073726,
      0.01046613696962595,
      7.889447442721575e-05,
      0.004277084022760391,
      1.4984897234171513e-06
    ],
    [
      15.583479881286621,
      0.027272872626781464,
      4.687582492828369,
      0.004712430760264397,
      22.019887924194336,
      0.07271192222833633,
      27.55534553527832,
      0.15515652298927307,
      40.48051452636719,
      0.006022158078849316,
      55.924293518066406,
      0.021827565506100655,
      69.06204223632812,
      0.020515291020274162,
      46.114044189453125,
      0.002844292437657714,
      16.393720626831055,
      -0.1319102942943573
    ],
    [
      -0.004014618694782257,
      3.8322115869959816e-05,
      0.008846083655953407,
      2.5358365746797062e-05,
      0.001098895096220076,
      -5.48717844139901e-06,
      -0.00349758705124259,
      8.880661334842443e-05,
      0.006640131585299969,
      0.00015001048450358212,
      0.020589884370565414,
      0.00046441348968073726,
      0.020515291020274162,
      0.0008715435396879911,
      0.011626485735177994,
      8.529535989509895e-05,
      0.004267535172402859,
      0.00021960273443255574
    ],
    [
      8.985325813293457,
      0.015123646706342697,
      7.650321006774902,
      0.009671668522059917,
      17.471586227416992,
      0.05802420526742935,
      19.27041244506836,
      0.09563233703374863,
      29.145727157592773,
      0.0034058233723044395,
      38.26004409790039,
      0.01046613696962595,
      46.114044189453125,
      0.011626485735177994,
      39.686439514160156,
      0.002117833821102977,
      14.454851150512695,
      -0.030353467911481857
    ],
    [
      0.00025499245384708047,
      6.967246918065939e-06,
      0.0004996234201826155,
      8.037737643462606e-06,
      -0.0013775286497548223,
      -3.344523292980739e-06,
      -0.002094576833769679,
      -2.0191966143556783e-07,
      0.0014226279454305768,
      1.666914795350749e-05,
      0.0033362233079969883,
      7.889447442721575e-05,
      0.002844292437657714,
      8.529535989509895e-05,
      0.002117833821102977,
      4.2552663217065856e-05,
      0.0009833493968471885,
      3.153280704282224e-05
    ],
    [
      4.0356316566467285,
      0.005482446402311325,
      -0.20638717710971832,
      0.0018454933306202292,
      3.0933611392974854,
      0.01859329640865326,
      2.40455961227417,
      0.016221031546592712,
      7.391074180603027,
      0.0016929976409301162,
      11.46617317199707,
      0.004277084022760391,
      16.393720626831055,
      0.004267535172402859,
      14.454851150512695,
      0.0009833493968471885,
      8.819173812866211,
      -0.012086527422070503
    ],
    [
      -0.05417001619935036,
      -1.1650445230770856e-05,
      -0.017075754702091217,
      -0.00011680854368023574,
      -0.05728469416499138,
      -0.0002981410070788115,
      -0.0671560987830162,
      -0.00028562539955601096,
      -0.09507542103528976,
      2.7057780243922025e-05,
      -0.12081153690814972,
      1.4984897234171513e-06,
      -0.1319102942943573,
      0.00021960273443255574,
      -0.030353467911481857,
      3.153280704282224e-05,
      -0.012086527422070503,
      0.0037739002145826817
    ]
  ],
  "covariance_short": [
    [
      80.86154174804688,
      0.22107338905334473,
      12.996129035949707,
      -0.011664739809930325,
      9.404664993286133,
      -4.135226845392026e-05,
      10.429435729980469,
      0.05227065086364746,
      9.515768051147461,
      -0.001106630777940154,
      9.37808895111084,
      -0.0003558524476829916,
      14.060770034790039,
      -0.0009412329527549446,
      7.557769298553467,
      0.0010988444555550814,
      3.0647873878479004,
      -0.047262437641620636
    ],
    [
      0.22107338905334473,
      0.002739673014730215,
      0.038476817309856415,
      0.00010118692443938926,
      0.019451675936579704,
      -7.607745646964759e-05,
      0.016855411231517792,
      0.00010224265133729205,
      0.005948506761342287,
      3.3114552024926525e-06,
      0.010852876119315624,
      1.680598325037863e-05,
      0.02801695466041565,
      4.152565816184506e-05,
      0.01272396370768547,
      1.1042699952668045e-05,
      0.00626375013962388,
      8.57293252920499e-06
    ],
    [
      12.996129035949707,
      0.038476817309856415,
      52.39326477050781,
      0.06918005645275116,
      16.946744918823242,
      0.0016044003423303366,
      3.613725423812866,
      -0.0653873160481453,
      13.677458763122559,
      0.002350797178223729,
      15.037606239318848,
      0.0035430029965937138,
      6.861094951629639,
      0.00671300757676363,
      9.319433212280273,
      -0.0005457538063637912,
      -0.31415146589279175,
      -0.011134794913232327
    ],
    [
      -0.011664739809930325,
      0.00010118692443938926,
      0.06918005645275116,
      0.001323511591181159,
      0.01880503073334694,
      0.00036345378612168133,
      -0.008389648050069809,
      -5.508704998646863e-05,
      0.008580682799220085,
      2.6665615223464556e-05,
      0.013841594569385052,
      3.453411773080006e-05,
      0.006559737958014011,
      2.2410094970837235e-05,
      0.009334659203886986,
      2.1788844605907798e-05,
      0.0009998949244618416,
      -0.00010590622696327046
    ],
    [
      9.404664993286133,
      0.019451675936579704,
      16.946744918823242,
      0.01880503073334694,
      59.96151351928711,
      0.1405186653137207,
      55.19218826293945,
      0.08402259647846222,
      48.48311996459961,
      0.00239402218721807,
      35.26416778564453,
      0.00022669155441690236,
      23.798351287841797,
      0.0007928505074232817,
      20.128843307495117,
      -0.002279185224324465,
      2.205409049987793,
      -0.0469791516661644
    ],
    [
      -4.135226845392026e-05,
      -7.607745646964759e-05,
      0.0016044003423303366,
      0.00036345378612168133,
      0.1405186653137207,
      0.0031735205557197332,
      0.13598106801509857,
      0.0009117043809965253,
      0.12177006900310516,
      4.888055264018476e-05,
      0.10168883949518204,
      3.121275585726835e-05,
      0.07755064964294434,
      3.33907846652437e-05,
      0.05883794650435448,
      1.6001302356016822e-05,
      0.01770652085542679,
      -0.00025011718389578164
    ],
    [
      10.429435729980469,
      0.016855411231517792,
      3.613725423812866,
      -0.008389648050069809,
      55.19218826293945,
      0.13598106801509857,
      107.89631652832031,
      0.3613719940185547,
      65.0645980834961,
      0.005524491425603628,
      46.332489013671875,
      0.012890036217868328,
      33.3923454284668,
      0.0020216486882418394,
      24.169267654418945,
      -0.001349064288660884,
      2.402320384979248,
      -0.06857515871524811
    ],
    [
      0.05227065086364746,
      0.00010224265133729205,
      -0.0653873160481453,
      -5.508704998646863e-05,
      0.08402259647846222,
      0.0009117043809965253,
      0.3613719940185547,
      0.01373495813459158,
      0.23304349184036255,
      0.0001866124803200364,
      0.20666606724262238,
      0.0003695744089782238,
      0.18385890126228333,
      0.0004204403958283365,
      0.11650757491588593,
      3.3772539609344676e-05,
      0.022686898708343506,
      -0.0002089249319396913
    ],
    [
      9.515768051147461,
      0.005948506761342287,
      13.677458763122559,
      0.008580682799220085,
      48.48311996459961,
      0.12177006900310516,
      65.0645980834961,
      0.23304349184036255,
      82.4355239868164,
      0.006184327881783247,
      60.09945297241211,
      0.012922276742756367,
      45.81064224243164,
      0.009417741559445858,
      34.71271896362305,
      0.001436640159226954,
      7.546486854553223,
      -0.09808037430047989
    ],
    [
      -0.001106630777940154,
      3.3114552024926525e-06,
      0.002350797178223729,
      2.6665615223464556e-05,
      0.00239402218721807,
      4.888055264018476e-05,
      0.005524491425603628,
      0.0001866124803200364,
      0.006184327881783247,
      0.000378049211576581,
      0.007489832118153572,
      0.0008177809068001807,
      0.006757542956620455,
      0.000827313750050962,
      0.004224237520247698,
      0.0001252070360351354,
      0.0022927450481802225,
      0.00025434474810026586
    ],
    [
      9.37808895111084,
      0.010852876119315624,
      15.037606239318848,
      0.013841594569385052,
      35.26416778564453,
      0.10168883949518204,
      46.332489013671875,
      0.20666606724262238,
      60.09945297241211,
      0.007489832118153572,
      74.5537338256836,
      0.02272000163793564,
      59.597957611083984,
      0.02156018652021885,
      42.88066482543945,
      0.003918806090950966,
      11.726584434509277,
      -0.12734369933605194
    ],
    [
      -0.0003558524476829916,
      1.680598325037863e-05,
      0.0035430029965937138,
      3.453411773080006e-05,
      0.00022669155441690236,
      3.121275585726835e-05,
      0.012890036217868328,
      0.0003695744089782238,
      0.012922276742756367,
      0.0008177809068001807,
      0.02272000163793564,
      0.002690499182790518,
      0.021052254363894463,
      0.002150304149836302,
      0.01151277869939804,
      0.0005296945455484092,
      0.005859299097210169,
      0.0003595082089304924
    ],
    [
      14.060770034790039,
      0.02801695466041565,
      6.861094951629639,
      0.006559737958014011,
      23.798351287841797,
      0.07755064964294434,
      33.3923454284668,
      0.18385890126228333,
      45.81064224243164,
      0.006757542956620455,
      59.597957611083984,
      0.021052254363894463,
      73.56230163574219,
      0.02040708437561989,
      50.86684799194336,
      0.0037929140962660313,
      17.770627975463867,
      -0.06088068708777428
    ],
    [
      -0.0009412329527549446,
      4.152565816184506e-05,
      0.00671300757676363,
      2.2410094970837235e-05,
      0.0007928505074232817,
      3.33907846652437e-05,
      0.0020216486882418394,
      0.0004204403958283365,
      0.009417741559445858,
      0.000827313750050962,
      0.02156018652021885,
      0.002150304149836302,
      0.02040708437561989,
      0.00393685232847929,
      0.010666251182556152,
      0.0005983951268717647,
      0.005708148702979088,
      0.0011342799989506602
    ],
    [
      7.557769298553467,
      0.01272396370768547,
      9.319433212280273,
      0.009334659203886986,
      20.128843307495117,
      0.05883794650435448,
      24.169267654418945,
      0.11650757491588593,
      34.71271896362305,
      0.004224237520247698,
      42.88066482543945,
      0.01151277869939804,
      50.86684799194336,
      0.010666251182556152,
      43.20813751220703,
      0.002289257477968931,
      14.635699272155762,
      -0.036860037595033646
    ],
    [
      0.0010988444555550814,
      1.1042699952668045e-05,
      -0.0005457538063637912,
      2.1788844605907798e-05,
      -0.002279185224324465,
      1.6001302356016822e-05,
      -0.001349064288660884,
      3.3772539609344676e-05,
      0.001436640159226954,
      0.0001252070360351354,
      0.003918806090950966,
      0.0005296945455484092,
      0.0037929140962660313,
      0.0005983951268717647,
      0.002289257477968931,
      0.0003346736484672874,
      0.001421851571649313,
      0.00017774829757399857
    ],
    [
      3.0647873878479004,
      0.00626375013962388,
      -0.31415146589279175,
      0.0009998949244618416,
      2.205409049987793,
      0.01770652085542679,
      2.402320384979248,
      0.022686898708343506,
      7.546486854553223,
      0.0022927450481802225,
      11.726584434509277,
      0.005859299097210169,
      17.770627975463867,
      0.005708148702979088,
      14.635699272155762,
      0.001421851571649313,
      9.186609268188477,
      -0.01174786314368248
    ],
    [
      -0.047262437641620636,
      8.57293252920499e-06,
      -0.011134794913232327,
      -0.00010590622696327046,
      -0.0469791516661644,
      -0.00025011718389578164,
      -0.06857515871524811,
      -0.0002089249319396913,
      -0.09808037430047989,
      0.00025434474810026586,
      -0.12734369933605194,
      0.0003595082089304924,
      -0.06088068708777428,
      0.0011342799989506602,
      -0.036860037595033646,
      0.00017774829757399857,
      -0.01174786314368248,
      0.008598488755524158
    ]
  ],
  "damage": -16.057249069213867,
  "diff_bandwidth": 586.6536865234375,
  "dissonance": 5.531492899400245,
  "drr": 17.00554084777832,
  "dynamics": 4.4825825691223145,
  "format": 1245190,
  "frames": 11561920,
  "loudness": -23.22649383544922,
  "loudness_range": 13.189493179321289,
  "loudness_range_short": 15.688131332397461,
  "lowpass_true_peak_15khz": -4.191926002502441,
  "mastering3_acoustic_entropies": [
    {
      "acoustic_entropy": 10.017646789550781,
      "acoustic_entropy_mono": 10.017646789550781,
      "band_eliminated_acoustic_entropies": [
        {
          "acoustic_entropy": 9.998497009277344,
          "acoustic_entropy_side": 10.017646789550781,
          "hz": 129.47220167065723
        },
        {
          "acoustic_entropy": 10.30537223815918,
          "acoustic_entropy_side": 10.017646789550781,
          "hz": 202.92927478742237
        },
        {
          "acoustic_entropy": 9.971120834350586,
          "acoustic_entropy_side": 10.017646789550781,
          "hz": 282.89161906338205
        },
        {
          "acoustic_entropy": 9.2332181930542,
          "acoustic_entropy_side": 10.017646789550781,
          "hz": 369.9353335868758
        },
        {
          "acoustic_entropy": 8.775431632995605,
          "acoustic_entropy_side": 10.017646789550781,
          "hz": 464.6875360973435
        },
        {
          "acoustic_entropy": 10.391318321228027,
          "acoustic_entropy_side": 10.017646789550781,
          "hz": 567.8308811364784
        },
        {
          "acoustic_entropy": 8.9696044921875,
          "acoustic_entropy_side": 10.017646789550781,
          "hz": 680.1084783214808
        },
        {
          "acoustic_entropy": 9.040977478027344,
          "acoustic_entropy_side": 10.017646789550781,
          "hz": 802.3292461747484
        },
        {
          "acoustic_entropy": 10.224058151245117,
          "acoustic_entropy_side": 10.017646789550781,
          "hz": 935.3737400823702
        },
        {
          "acoustic_entropy": 8.997428894042969,
          "acoustic_entropy_side": 10.017646789550781,
          "hz": 1080.2004963696966
        },
        {
          "acoustic_entropy": 10.148362159729004,
          "acoustic_entropy_side": 10.017646789550781,
          "hz": 1237.8529382007157
        },
        {
          "acoustic_entropy": 10.153931617736816,
          "acoustic_entropy_side": 10.017646789550781,
          "hz": 1409.4668930556702
        },
        {
          "acoustic_entropy": 9.908053398132324,
          "acoustic_entropy_side": 10.017646789550781,
          "hz": 1596.2787759475705
        },
        {
          "acoustic_entropy": 10.003144264221191,
          "acoustic_entropy_side": 10.017646789550781,
          "hz": 1799.6344973346393
        },
        {
          "acoustic_entropy": 10.33271312713623,
          "acoustic_entropy_side": 10.017646789550781,
          "hz": 2020.9991599069049
        },
        {
          "acoustic_entropy": 10.4546480178833,
          "acoustic_entropy_side": 10.017646789550781,
          "hz": 2261.9676141086993
        },
        {
          "acoustic_entropy": 10.075246810913086,
          "acoustic_entropy_side": 10.017646789550781,
          "hz": 2524.2759484456974
        },
        {
          "acoustic_entropy": 10.006682395935059,
          "acoustic_entropy_side": 10.017646789550781,
          "hz": 2809.813997359896
        },
        {
          "acoustic_entropy": 10.135974884033203,
          "acoustic_entropy_side": 10.017646789550781,
          "hz": 3120.6389567871424
        },
        {
          "acoustic_entropy": 10.11581802368164,
          "acoustic_entropy_side": 10.017646789550781,
          "hz": 3458.990205492291
        },
        {
          "acoustic_entropy": 10.062990188598633,
          "acoustic_entropy_side": 10.017646789550781,
          "hz": 3827.305438964164
        },
        {
          "acoustic_entropy": 10.008033752441406,
          "acoustic_entropy_side": 10.017646789550781,
          "hz": 4228.238232109126
        },
        {
          "acoustic_entropy": 9.96854305267334,
          "acoustic_entropy_side": 10.017646789550781,
          "hz": 4664.6771572759235
        },
        {
          "acoustic_entropy": 10.038849830627441,
          "acoustic_entropy_side": 10.017646789550781,
          "hz": 5139.766595350093
        },
        {
          "acoustic_entropy": 9.887703895568848,
          "acoustic_entropy_side": 10.017646789550781,
          "hz": 5656.929389854203
        },
        {
          "acoustic_entropy": 9.720057487487793,
          "acoustic_entropy_side": 10.017646789550781,
          "hz": 6219.891507268283
        },
        {
          "acoustic_entropy": 9.837545394897461,
          "acoustic_entropy_side": 10.017646789550781,
          "hz": 6832.70888123896
        },
        {
          "acoustic_entropy": 9.926029205322266,
          "acoustic_entropy_side": 10.017646789550781,
          "hz": 7499.796634079867
        },
        {
          "acoustic_entropy": 10.029685020446777,
          "acoustic_entropy_side": 10.017646789550781,
          "hz": 8225.96088609342
        },
        {
          "acoustic_entropy": 10.037423133850098,
          "acoustic_entropy_side": 10.017646789550781,
          "hz": 9016.43338188839
        },
        {
          "acoustic_entropy": 10.047050476074219,
          "acoustic_entropy_side": 10.017646789550781,
          "hz": 9876.909183162974
        },
        {
          "acoustic_entropy": 10.035856246948242,
          "acoustic_entropy_side": 10.017646789550781,
          "hz": 10813.587699516042
        },
        {
          "acoustic_entropy": 10.0220365524292,
          "acoustic_entropy_side": 10.017646789550781,
          "hz": 11833.21735289826
        },
        {
          "acoustic_entropy": 10.021430015563965,
          "acoustic_entropy_side": 10.017646789550781,
          "hz": 12943.144197493959
        },
        {
          "acoustic_entropy": 10.019410133361816,
          "acoustic_entropy_side": 10.017646789550781,
          "hz": 14151.364845322005
        },
        {
          "acoustic_entropy": 10.017852783203125,
          "acoustic_entropy_side": 10.017646789550781,
          "hz": 15466.58407886509
        },
        {
          "acoustic_entropy": 10.01761245727539,
          "acoustic_entropy_side": 10.017646789550781,
          "hz": 16898.27756580493
        },
        {
          "acoustic_entropy": 10.017621994018555,
          "acoustic_entropy_side": 10.017646789550781,
          "hz": 18456.760127700032
        },
        {
          "acoustic_entropy": 10.017641067504883,
          "acoustic_entropy_side": 10.017646789550781,
          "hz": 20153.260054456492
        },
        {
          "acoustic_entropy": 10.017646789550781,
          "acoustic_entropy_side": 10.017646789550781,
          "hz": 22000.00000000001
        }
      ],
      "diff_acoustic_entropy": 5.867122173309326,
      "sn": 6
    },
    {
      "acoustic_entropy": 13.863183975219727,
      "acoustic_entropy_mono": 13.863183975219727,
      "band_eliminated_acoustic_entropies": [
        {
          "acoustic_entropy": 13.920085906982422,
          "acoustic_entropy_side": 13.863183975219727,
          "hz": 129.47220167065723
        },
        {
          "acoustic_entropy": 15.005756378173828,
          "acoustic_entropy_side": 13.863183975219727,
          "hz": 202.92927478742237
        },
        {
          "acoustic_entropy": 13.748746871948242,
          "acoustic_entropy_side": 13.863183975219727,
          "hz": 282.89161906338205
        },
        {
          "acoustic_entropy": 14.257061004638672,
          "acoustic_entropy_side": 13.863183975219727,
          "hz": 369.9353335868758
        },
        {
          "acoustic_entropy": 13.322407722473145,
          "acoustic_entropy_side": 13.863183975219727,
          "hz": 464.6875360973435
        },
        {
          "acoustic_entropy": 14.420520782470703,
          "acoustic_entropy_side": 13.863183975219727,
          "hz": 567.8308811364784
        },
        {
          "acoustic_entropy": 13.97482967376709,
          "acoustic_entropy_side": 13.863183975219727,
          "hz": 680.1084783214808
        },
        {
          "acoustic_entropy": 14.35096549987793,
          "acoustic_entropy_side": 13.863183975219727,
          "hz": 802.3292461747484
        },
        {
          "acoustic_entropy": 14.889293670654297,
          "acoustic_entropy_side": 13.863183975219727,
          "hz": 935.3737400823702
        },
        {
          "acoustic_entropy": 14.1322603225708,
          "acoustic_entropy_side": 13.863183975219727,
          "hz": 1080.2004963696966
        },
        {
          "acoustic_entropy": 14.253899574279785,
          "acoustic_entropy_side": 13.863183975219727,
          "hz": 1237.8529382007157
        },
        {
          "acoustic_entropy": 14.63941478729248,
          "acoustic_entropy_side": 13.863183975219727,
          "hz": 1409.4668930556702
        },
        {
          "acoustic_entropy": 13.389171600341797,
          "acoustic_entropy_side": 13.863183975219727,
          "hz": 1596.2787759475705
        },
        {
          "acoustic_entropy": 13.81620979309082,
          "acoustic_entropy_side": 13.863183975219727,
          "hz": 1799.6344973346393
        },
        {
          "acoustic_entropy": 14.27082633972168,
          "acoustic_entropy_side": 13.863183975219727,
          "hz": 2020.9991599069049
        },
        {
          "acoustic_entropy": 14.59971809387207,
          "acoustic_entropy_side": 13.863183975219727,
          "hz": 2261.9676141086993
        },
        {
          "acoustic_entropy": 13.582513809204102,
          "acoustic_entropy_side": 13.863183975219727,
          "hz": 2524.2759484456974
        },
        {
          "acoustic_entropy": 13.705501556396484,
          "acoustic_entropy_side": 13.863183975219727,
          "hz": 2809.813997359896
        },
        {
          "acoustic_entropy": 13.710067749023438,
          "acoustic_entropy_side": 13.863183975219727,
          "hz": 3120.6389567871424
        },
        {
          "acoustic_entropy": 13.660439491271973,
          "acoustic_entropy_side": 13.863183975219727,
          "hz": 3458.990205492291
        },
        {
          "acoustic_entropy": 13.835421562194824,
          "acoustic_entropy_side": 13.863183975219727,
          "hz": 3827.305438964164
        },
        {
          "acoustic_entropy": 13.911216735839844,
          "acoustic_entropy_side": 13.863183975219727,
          "hz": 4228.238232109126
        },
        {
          "acoustic_entropy": 13.852276802062988,
          "acoustic_entropy_side": 13.863183975219727,
          "hz": 4664.6771572759235
        },
        {
          "acoustic_entropy": 13.97075366973877,
          "acoustic_entropy_side": 13.863183975219727,
          "hz": 5139.766595350093
        },
        {
          "acoustic_entropy": 13.826476097106934,
          "acoustic_entropy_side": 13.863183975219727,
          "hz": 5656.929389854203
        },
        {
          "acoustic_entropy": 13.570630073547363,
          "acoustic_entropy_side": 13.863183975219727,
          "hz": 6219.891507268283
        },
        {
          "acoustic_entropy": 13.722192764282227,
          "acoustic_entropy_side": 13.863183975219727,
          "hz": 6832.70888123896
        },
        {
          "acoustic_entropy": 13.669291496276855,
          "acoustic_entropy_side": 13.863183975219727,
          "hz": 7499.796634079867
        },
        {
          "acoustic_entropy": 13.762592315673828,
          "acoustic_entropy_side": 13.863183975219727,
          "hz": 8225.96088609342
        },
        {
          "acoustic_entropy": 13.81586742401123,
          "acoustic_entropy_side": 13.863183975219727,
          "hz": 9016.43338188839
        },
        {
          "acoustic_entropy": 13.838340759277344,
          "acoustic_entropy_side": 13.863183975219727,
          "hz": 9876.909183162974
        },
        {
          "acoustic_entropy": 13.853795051574707,
          "acoustic_entropy_side": 13.863183975219727,
          "hz": 10813.587699516042
        },
        {
          "acoustic_entropy": 13.850727081298828,
          "acoustic_entropy_side": 13.863183975219727,
          "hz": 11833.21735289826
        },
        {
          "acoustic_entropy": 13.851724624633789,
          "acoustic_entropy_side": 13.863183975219727,
          "hz": 12943.144197493959
        },
        {
          "acoustic_entropy": 13.85572624206543,
          "acoustic_entropy_side": 13.863183975219727,
          "hz": 14151.364845322005
        },
        {
          "acoustic_entropy": 13.86189079284668,
          "acoustic_entropy_side": 13.863183975219727,
          "hz": 15466.58407886509
        },
        {
          "acoustic_entropy": 13.863065719604492,
          "acoustic_entropy_side": 13.863183975219727,
          "hz": 16898.27756580493
        },
        {
          "acoustic_entropy": 13.863154411315918,
          "acoustic_entropy_side": 13.863183975219727,
          "hz": 18456.760127700032
        },
        {
          "acoustic_entropy": 13.863176345825195,
          "acoustic_entropy_side": 13.863183975219727,
          "hz": 20153.260054456492
        },
        {
          "acoustic_entropy": 13.863183975219727,
          "acoustic_entropy_side": 13.863183975219727,
          "hz": 22000.00000000001
        }
      ],
      "diff_acoustic_entropy": 9.117807388305664,
      "sn": 12
    },
    {
      "acoustic_entropy": 20.952007293701172,
      "acoustic_entropy_mono": 20.952011108398438,
      "band_eliminated_acoustic_entropies": [
        {
          "acoustic_entropy": 20.059885025024414,
          "acoustic_entropy_side": 20.952007293701172,
          "hz": 129.47220167065723
        },
        {
          "acoustic_entropy": 22.169708251953125,
          "acoustic_entropy_side": 20.952007293701172,
          "hz": 202.92927478742237
        },
        {
          "acoustic_entropy": 20.717557907104492,
          "acoustic_entropy_side": 20.952007293701172,
          "hz": 282.89161906338205
        },
        {
          "acoustic_entropy": 20.053186416625977,
          "acoustic_entropy_side": 20.952007293701172,
          "hz": 369.9353335868758
        },
        {
          "acoustic_entropy": 20.528257369995117,
          "acoustic_entropy_side": 20.952007293701172,
          "hz": 464.6875360973435
        },
        {
          "acoustic_entropy": 20.797876358032227,
          "acoustic_entropy_side": 20.952007293701172,
          "hz": 567.8308811364784
        },
        {
          "acoustic_entropy": 20.54348373413086,
          "acoustic_entropy_side": 20.952007293701172,
          "hz": 680.1084783214808
        },
        {
          "acoustic_entropy": 20.760934829711914,
          "acoustic_entropy_side": 20.952007293701172,
          "hz": 802.3292461747484
        },
        {
          "acoustic_entropy": 19.57691192626953,
          "acoustic_entropy_side": 20.952007293701172,
          "hz": 935.3737400823702
        },
        {
