{
  "acoustic_entropy": 161.71371459960938,
  "bands": [
    {
      "high_freq": 148.1999969482422,
      "loudness": -28.365253448486328,
      "loudness_range": 20.81743621826172,
      "mid_mean": -24.676612854003906,
      "mid_to_side_loudness": -61.2267951965332,
      "mid_to_side_loudness_range": 33.71361541748047,
      "side_mean": -69.99996948242188
    },
    {
      "high_freq": 392.3793640136719,
      "loudness": -24.66659927368164,
      "loudness_range": 14.608814239501953,
      "low_freq": 148.1999969482422,
      "mid_mean": -20.971614837646484,
      "mid_to_side_loudness": -53.4048957824707,
      "mid_to_side_loudness_range": 69.1988296508789,
      "side_mean": -69.99987030029297
    },
    {
      "high_freq": 794.6976318359375,
      "loudness": -27.06759262084961,
      "loudness_range": 20.01061248779297,
      "low_freq": 392.3793640136719,
      "mid_mean": -23.39168930053711,
      "mid_to_side_loudness": -49.61082458496094,
      "mid_to_side_loudness_range": 47.176902770996094,
      "side_mean": -69.99992370605469
    },
    {
      "high_freq": 1457.5709228515625,
      "loudness": -37.244808197021484,
      "loudness_range": 26.59659767150879,
      "low_freq": 794.6976318359375,
      "mid_mean": -33.58271789550781,
      "mid_to_side_loudness": -46.02601623535156,
      "mid_to_side_loudness_range": 48.08354187011719,
      "side_mean": -69.9995346069336
    },
    {
      "high_freq": 2549.74365234375,
      "loudness": -35.759239196777344,
      "loudness_range": 31.072450637817383,
      "low_freq": 1457.5709228515625,
      "mid_mean": -32.133880615234375,
      "mid_to_side_loudness": -43.57655715942383,
      "mid_to_side_loudness_range": 45.83934020996094,
      "side_mean": -69.99976348876953
    },
    {
      "high_freq": 4349.24462890625,
      "loudness": -38.34383010864258,
      "loudness_range": 32.622798919677734,
      "low_freq": 2549.74365234375,
      "mid_mean": -34.77342987060547,
      "mid_to_side_loudness": -40.48442459106445,
      "mid_to_side_loudness_range": 35.172367095947266,
      "side_mean": -69.99903869628906
    },
    {
      "high_freq": 7314.1640625,
      "loudness": -43.949275970458984,
      "loudness_range": 30.514921188354492,
      "low_freq": 4349.24462890625,
      "mid_mean": -40.30665588378906,
      "mid_to_side_loudness": -40.203697204589844,
      "mid_to_side_loudness_range": 30.36260986328125,
      "side_mean": -69.99928283691406
    },
    {
      "high_freq": 12199.2666015625,
      "loudness": -45.599464416503906,
      "loudness_range": 30.30801773071289,
      "low_freq": 7314.1640625,
      "mid_mean": -42.02077102661133,
      "mid_to_side_loudness": -46.28339767456055,
      "mid_to_side_loudness_range": 30.44370460510254,
      "side_mean": -69.99984741210938
    },
    {
      "loudness": -49.8845329284668,
      "loudness_range": 28.27027130126953,
      "low_freq": 12199.2666015625,
      "mid_mean": -46.12172317504883,
      "mid_to_side_loudness": -46.28176498413086,
      "mid_to_side_loudness_range": 32.31171417236328,
      "side_mean": -69.99974060058594
    }
  ],
  "bands_short": [
    {
      "high_freq": 148.1999969482422,
      "loudness": -33.832096099853516,
      "loudness_range": 28.01042938232422,
      "mid_mean": -30.167985916137695,
      "mid_to_side_loudness": -58.92221450805664,
      "mid_to_side_loudness_range": 34.26816940307617,
      "side_mean": -69.99998474121094
    },
    {
      "high_freq": 392.3793640136719,
      "loudness": -25.114131927490234,
      "loudness_range": 16.51789665222168,
      "low_freq": 148.1999969482422,
      "mid_mean": -21.426246643066406,
      "mid_to_side_loudness": -53.6508674621582,
      "mid_to_side_loudness_range": 39.12228775024414,
      "side_mean": -69.9998779296875
    },
    {
      "high_freq": 794.6976318359375,
      "loudness": -26.948440551757812,
      "loudness_range": 21.455730438232422,
      "low_freq": 392.3793640136719,
      "mid_mean": -23.295188903808594,
      "mid_to_side_loudness": -52.472896575927734,
      "mid_to_side_loudness_range": 45.316001892089844,
      "side_mean": -69.99993133544922
    },
    {
      "high_freq": 1457.5709228515625,
      "loudness": -38.11155700683594,
      "loudness_range": 28.15729331970215,
      "low_freq": 794.6976318359375,
      "mid_mean": -34.43531799316406,
      "mid_to_side_loudness": -44.67036819458008,
      "mid_to_side_loudness_range": 42.813621520996094,
      "side_mean": -69.99967193603516
    },
    {
      "high_freq": 2549.74365234375,
      "loudness": -37.110816955566406,
      "loudness_range": 32.93341827392578,
      "low_freq": 1457.5709228515625,
      "mid_mean": -33.49946975708008,
      "mid_to_side_loudness": -44.1483154296875,
      "mid_to_side_loudness_range": 37.83264923095703,
      "side_mean": -69.99980926513672
    },
    {
      "high_freq": 4349.24462890625,
      "loudness": -39.970848083496094,
      "loudness_range": 35.06948471069336,
      "low_freq": 2549.74365234375,
      "mid_mean": -36.42282485961914,
      "mid_to_side_loudness": -39.288604736328125,
      "mid_to_side_loudness_range": 26.436246871948242,
      "side_mean": -69.99944305419922
    },
    {
      "high_freq": 7314.1640625,
      "loudness": -45.805355072021484,
      "loudness_range": 33.214866638183594,
      "low_freq": 4349.24462890625,
      "mid_mean": -42.18146896362305,
      "mid_to_side_loudness": -39.374473571777344,
      "mid_to_side_loudness_range": 24.88767433166504,
      "side_mean": -69.99954223632812
    },
    {
      "high_freq": 12199.2666015625,
      "loudness": -48.15216827392578,
      "loudness_range": 33.4735107421875,
      "low_freq": 7314.1640625,
      "mid_mean": -44.45109176635742,
      "mid_to_side_loudness": -44.695350646972656,
      "mid_to_side_loudness_range": 24.389511108398438,
      "side_mean": -69.99986267089844
    },
    {
      "loudness": -52.46706008911133,
      "loudness_range": 28.778648376464844,
      "low_freq": 12199.2666015625,
      "mid_mean": -48.66651153564453,
      "mid_to_side_loudness": -47.4609260559082,
      "mid_to_side_loudness_range": 27.313091278076172,
      "side_mean": -69.99978637695312
    }
  ],
  "bandwidth": 594.4256591796875,
  "channels": 2,
  "covariance": [
    [
      53.35904312133789,
      6.268134893616661e-05,
      14.625533103942871,
      0.0004047874244861305,
      11.618632316589355,
      0.00041750905802473426,
      13.365537643432617,
      0.002589072799310088,
      4.295712471008301,
      0.0012570698745548725,
      4.924797534942627,
      0.005270345602184534,
      2.081132173538208,
      0.003962839487940073,
      3.61794114112854,
      0.0008725100778974593,
      4.8505988121032715,
      0.001415878883562982
    ],
    [
      6.268134893616661e-05,
      5.175181172489829e-07,
      0.00017676054267212749,
      2.5268475383199984e-06,
      5.9518071793718264e-05,
      1.6807468909973977e-06,
      0.00033349564182572067,
      1.0180775461776648e-05,
      0.00020432722521945834,
      5.146806870470755e-06,
      8.338711631949991e-05,
      2.0731857148348354e-05,
      0.00016132228483911604,
      1.54912759171566e-05,
      6.129722169134766e-05,
      3.388102868484566e-06,
      0.00010077944170916453,
      5.662127023242647e-06
    ],
    [
      14.625533103942871,
      0.00017676054267212749,
      28.249563217163086,
      0.000909340800717473,
      12.315834045410156,
      0.0006755362846888602,
      19.708066940307617,
      0.004135633818805218,
      11.210259437561035,
      0.002063325373455882,
      11.775259971618652,
      0.008456924930214882,
      4.294460296630859,
      0.006316955666989088,
      4.287390232086182,
      0.001376449130475521,
      3.2092244625091553,
      0.002282786648720503
    ],
    [
      0.0004047874244861305,
      2.5268475383199984e-06,
      0.000909340800717473,
      1.2536621397885028e-05,
      0.0004010847769677639,
      8.636264283268247e-06,
      0.001822413643822074,
      5.2414452511584386e-05,
      0.0012741094687953591,
      2.6406765755382366e-05,
      0.0006813083309680223,
      0.00010668618779163808,
      0.001001038821414113,
      7.978814392117783e-05,
      0.0004953022580593824,
      1.7480029782745987e-05,
      0.0006288430304266512,
      2.9125920264050364e-05
    ],
    [
      11.618632316589355,
      5.9518071793718264e-05,
      12.315834045410156,
      0.0004010847769677639,
      47.425071716308594,
      0.0004388763045426458,
      43.8590087890625,
      0.002741648815572262,
      45.03302764892578,
      0.0013239978579804301,
      48.4256706237793,
      0.005590409971773624,
      34.47930908203125,
      0.004200375638902187,
      29.142791748046875,
      0.0009268344729207456,
      22.697294235229492,
      0.00150251982267946
    ],
    [
      0.00041750905802473426,
      1.6807468909973977e-06,
      0.0006755362846888602,
      8.636264283268247e-06,
      0.0004388763045426458,
      6.388570909621194e-06,
      0.0015029426431283355,
      3.89175365853589e-05,
      0.0012523180339485407,
      1.947721466422081e-05,
      0.0008517289534211159,
      7.914004527265206e-05,
      0.0009776632068678737,
      5.928822429268621e-05,
      0.0006226786063052714,
      1.3031974958721548e-05,
      0.0006210539722815156,
      2.1591557015199214e-05
    ],
    [
      13.365537643432617,
      0.00033349564182572067,
      19.708066940307617,
      0.001822413643822074,
      43.8590087890625,
      0.0015029426431283355,
      82.0851058959961,
      0.009282407350838184,
      78.40679931640625,
      0.004576015751808882,
      86.20248413085938,
      0.018991658464074135,
      63.69356918334961,
      0.014198890887200832,
      53.262271881103516,
      0.003106234595179558,
      42.31085968017578,
      0.0051175933331251144
    ],
    [
      0.002589072799310088,
      1.0180775461776648e-05,
      0.004135633818805218,
      5.2414452511584386e-05,
      0.002741648815572262,
      3.89175365853589e-05,
      0.009282407350838184,
      0.00023714796407148242,
      0.007772217504680157,
      0.00011863793042721227,
      0.005328009370714426,
      0.00048228338710032403,
      0.0060823094099760056,
      0.00036131299566477537,
      0.003931894898414612,
      7.942094089230523e-05,
      0.0038775051943957806,
      0.00013155234046280384
    ],
    [
      4.295712471008301,
      0.00020432722521945834,
      11.210259437561035,
      0.0012741094687953591,
      45.03302764892578,
      0.0012523180339485407,
      78.40679931640625,
      0.007772217504680157,
      113.0510482788086,
      0.003790515009313822,
      114.47703552246094,
      0.015880458056926727,
      88.51512145996094,
      0.011915857903659344,
      71.26514434814453,
      0.002621478633955121,
      54.236202239990234,
      0.0042699831537902355
    ],
    [
      0.0012570698745548725,
      5.146806870470755e-06,
      0.002063325373455882,
      2.6406765755382366e-05,
      0.0013239978579804301,
      1.947721466422081e-05,
      0.004576015751808882,
      0.00011863793042721227,
      0.003790515009313822,
      5.939014590694569e-05,
      0.002560962922871113,
      0.0002412752655800432,
      0.0029587717726826668,
      0.0001807358203222975,
      0.0018716678023338318,
      3.971945261582732e-05,
      0.001877328148111701,
      6.582341302419081e-05
    ],
    [
      4.924797534942627,
      8.338711631949991e-05,
      11.775259971618652,
      0.0006813083309680223,
      48.4256706237793,
      0.0008517289534211159,
      86.20248413085938,
      0.005328009370714426,
      114.47703552246094,
      0.002560962922871113,
      135.8260955810547,
      0.010864379815757275,
      103.9699935913086,
      0.008180176839232445,
      87.76367950439453,
      0.0018091103993356228,
      68.3863525390625,
      0.0029117357917129993
    ],
    [
      0.005270345602184534,
      2.0731857148348354e-05,
      0.008456924930214882,
      0.00010668618779163808,
      0.005590409971773624,
      7.914004527265206e-05,
      0.018991658464074135,
      0.00048228338710032403,
      0.015880458056926727,
      0.0002412752655800432,
      0.010864379815757275,
      0.0009809720795601606,
      0.012414246797561646,
      0.0007348455837927759,
      0.008003024384379387,
      0.00016149306611623615,
      0.00791552010923624,
      0.000267523544607684
    ],
    [
      2.081132173538208,
      0.00016132228483911604,
      4.294460296630859,
      0.001001038821414113,
      34.47930908203125,
      0.0009776632068678737,
      63.69356918334961,
      0.0060823094099760056,
      88.51512145996094,
      0.0029587717726826668,
      103.9699935913086,
      0.012414246797561646,
      108.19969940185547,
      0.009310142137110233,
      96.81513977050781,
      0.002046473091468215,
      80.18578338623047,
      0.0033362943213433027
    ],
    [
      0.003962839487940073,
      1.54912759171566e-05,
      0.006316955666989088,
      7.978814392117783e-05,
      0.004200375638902187,
      5.928822429268621e-05,
      0.014198890887200832,
      0.00036131299566477537,
      0.011915857903659344,
      0.0001807358203222975,
      0.008180176839232445,
      0.0007348455837927759,
      0.009310142137110233,
      0.0005505150184035301,
      0.006015367340296507,
      0.0001210034970426932,
      0.005929748527705669,
      0.0002004205307457596
    ],
    [
      3.61794114112854,
      6.129722169134766e-05,
      4.287390232086182,
      0.0004953022580593824,
      29.142791748046875,
      0.0006226786063052714,
      53.262271881103516,
      0.003931894898414612,
      71.26514434814453,
      0.0018716678023338318,
      87.76367950439453,
      0.008003024384379387,
      96.81513977050781,
      0.006015367340296507,
      100.10633087158203,
      0.0013290898641571403,
      85.86170196533203,
      0.0021430274937301874
    ],
    [
      0.0008725100778974593,
      3.388102868484566e-06,
      0.001376449130475521,
      1.7480029782745987e-05,
      0.0009268344729207456,
      1.3031974958721548e-05,
      0.003106234595179558,
      7.942094089230523e-05,
      0.002621478633955121,
      3.971945261582732e-05,
      0.0018091103993356228,
      0.00016149306611623615,
      0.002046473091468215,
      0.0001210034970426932,
      0.0013290898641571403,
      2.6606134269968607e-05,
      0.001295867725275457,
      4.405556319397874e-05
    ],
    [
      4.8505988121032715,
      0.00010077944170916453,
      3.2092244625091553,
      0.0006288430304266512,
      22.697294235229492,
      0.0006210539722815156,
      42.31085968017578,
      0.0038775051943957806,
      54.236202239990234,
      0.001877328148111701,
      68.3863525390625,
      0.00791552010923624,
      80.18578338623047,
      0.005929748527705669,
      85.86170196533203,
      0.001295867725275457,
      83.87531280517578,
      0.0021123255137354136
    ],
    [
      0.001415878883562982,
      5.662127023242647e-06,
      0.002282786648720503,
      2.9125920264050364e-05,
      0.00150251982267946,
      2.1591557015199214e-05,
      0.0051175933331251144,
      0.00013155234046280384,
      0.0042699831537902355,
      6.582341302419081e-05,
      0.0029117357917129993,
      0.000267523544607684,
      0.0033362943213433027,
      0.0002004205307457596,
      0.0021430274937301874,
      4.405556319397874e-05,
      0.0021123255137354136,
      7.298117998288944e-05
    ]
  ],
  "covariance_short": [
    [
      93.37262725830078,
      0.00012969145609531552,
      27.948055267333984,
      0.0014087146846577525,
      12.24770736694336,
      0.0009656986221671104,
      15.175602912902832,
      0.004475078545510769,
      3.3761682510375977,
      0.0025403008330613375,
      4.021388530731201,
      0.007422799244523048,
      3.0472099781036377,
      0.006231558043509722,
      8.117030143737793,
      0.0018807431915774941,
      8.388625144958496,
      0.002852356992661953
    ],
    [
      0.00012969145609531552,
      1.0429597523398115e-06,
      7.226714660646394e-05,
      1.0567739082034677e-05,
      -2.4875664166756906e-05,
      6.485670837719226e-06,
      0.00015191112470347434,
      2.901334300986491e-05,
      0.000150738560478203,
      1.6943668015301228e-05,
      7.980190275702626e-05,
      4.7888381232041866e-05,
      8.451689791399986e-05,
      4.013048965134658e-05,
      4.0420178265776485e-05,
      1.2270894330868032e-05,
      6.589374970644712e-05,
      1.8803877537720837e-05
    ],
    [
      27.948055267333984,
      7.226714660646394e-05,
      36.06184768676758,
      0.0008617923595011234,
      16.52589225769043,
      0.0006977336015552282,
      20.860239028930664,
      0.0033422678243368864,
      11.1824369430542,
      0.001872228691354394,
      12.093724250793457,
      0.005497559439390898,
      6.7201738357543945,
      0.004636961501091719,
      9.654374122619629,
      0.0014136286918073893,
      5.938315391540527,
      0.0021234333980828524
    ],
    [
      0.0014087146846577525,
      1.0567739082034677e-05,
      0.0008617923595011234,
      0.00011114296648884192,
      6.743069388903677e-05,
      7.195068610599265e-05,
      0.0017075547948479652,
      0.0003234650648664683,
      0.0017126145539805293,
      0.00018868624465540051,
      0.0010982552776113153,
      0.0005300865159370005,
      0.0011632597306743264,
      0.0004460849449969828,
      0.0006810878403484821,
      0.0001377381558995694,
      0.0008972139330580831,
      0.00020980507542844862
    ],
    [
      12.24770736694336,
      -2.4875664166756906e-05,
      16.52589225769043,
      6.743069388903677e-05,
      54.980682373046875,
      0.00038316220161505044,
      45.615577697753906,
      0.001971328165382147,
      49.0697021484375,
      0.001048740348778665,
      48.71387481689453,
      0.0030547333881258965,
      35.734859466552734,
      0.0026922491379082203,
      32.99321746826172,
      0.000890287512447685,
      21.479284286499023,
      0.0012477075215429068
    ],
    [
      0.0009656986221671104,
      6.485670837719226e-06,
      0.0006977336015552282,
      7.195068610599265e-05,
      0.00038316220161505044,
      5.020057869842276e-05,
      0.0012262350646778941,
      0.0002272908022860065,
      0.0012387264287099242,
      0.0001321783784078434,
      0.0009494141559116542,
      0.0003693306352943182,
      0.0010491223074495792,
      0.0003124617214780301,
      0.0007238292600959539,
      9.762707486515865e-05,
      0.0007952824234962463,
      0.00014750899572391063
    ],
    [
      15.175602912902832,
      0.00015191112470347434,
      20.860239028930664,
      0.0017075547948479652,
      45.615577697753906,
      0.0012262350646778941,
      87.95639038085938,
      0.0057764481753110886,
      84.35903930664062,
      0.0032799511682242155,
      91.35128021240234,
      0.009628154337406158,
      69.60287475585938,
      0.008066819980740547,
      61.04216766357422,
      0.0024204000364989042,
      43.50498580932617,
      0.0036804601550102234
    ],
    [
      0.004475078545510769,
      2.901334300986491e-05,
      0.0033422678243368864,
      0.0003234650648664683,
      0.001971328165382147,
      0.0002272908022860065,
      0.0057764481753110886,
      0.0010338660795241594,
      0.005825755652040243,
      0.0005996116087771952,
      0.004554382525384426,
      0.001683643669821322,
      0.005038496572524309,
      0.0014235406415537,
      0.0035590881016105413,
      0.0004431889683473855,
      0.003819888224825263,
      0.0006698064389638603
    ],
    [
      3.3761682510375977,
      0.000150738560478203,
      11.1824369430542,
      0.0017126145539805293,
      49.0697021484375,
      0.0012387264287099242,
      84.35903930664062,
      0.005825755652040243,
      125.31940460205078,
      0.0033195060677826405,
      125.40823364257812,
      0.009711763821542263,
      99.66325378417969,
      0.008143202401697636,
      82.04373931884766,
      0.002447535051032901,
      59.271148681640625,
      0.0037204751279205084
    ],
    [
      0.0025403008330613375,
      1.6943668015301228e-05,
      0.001872228691354394,
      0.00018868624465540051,
      0.001048740348778665,
      0.0001321783784078434,
      0.0032799511682242155,
      0.0005996116087771952,
      0.0033195060677826405,
      0.0003487314097583294,
      0.002562383422628045,
      0.000975042290519923,
      0.0028241146355867386,
      0.0008246895158663392,
      0.0019590589217841625,
      0.00025729136541485786,
      0.0021415064111351967,
      0.00038890313589945436
    ],
    [
      4.021388530731201,
      7.980190275702626e-05,
      12.093724250793457,
      0.0010982552776113153,
      48.71387481689453,
      0.0009494141559116542,
      91.35128021240234,
      0.004554382525384426,
      125.40823364257812,
      0.002562383422628045,
      149.52401733398438,
      0.007509841583669186,
      117.364990234375,
      0.006347074639052153,
      100.77576446533203,
      0.0019376222044229507,
      74.64286804199219,
      0.0029035229235887527
    ],
    [
      0.007422799244523048,
      4.7888381232041866e-05,
      0.005497559439390898,
      0.0005300865159370005,
      0.0030547333881258965,
      0.0003693306352943182,
      0.009628154337406158,
      0.001683643669821322,
      0.009711763821542263,
      0.000975042290519923,
      0.007509841583669186,
      0.0027506689075380564,
      0.008261407725512981,
      0.0023224272299557924,
      0.00577620230615139,
      0.0007195521611720324,
      0.006247960962355137,
      0.001089230994693935
    ],
    [
      3.0472099781036377,
      8.451689791399986e-05,
      6.7201738357543945,
      0.0011632597306743264,
      35.734859466552734,
      0.0010491223074495792,
      69.60287475585938,
      0.005038496572524309,
      99.66325378417969,
      0.0028241146355867386,
      117.364990234375,
      0.008261407725512981,
      123.2046890258789,
      0.007007665000855923,
      111.44081115722656,
      0.0021581777837127447,
      89.62358856201172,
      0.003215345786884427
    ],
    [
      0.006231558043509722,
      4.013048965134658e-05,
      0.004636961501091719,
      0.0004460849449969828,
      0.0026922491379082203,
      0.0003124617214780301,
      0.008066819980740547,
      0.0014235406415537,
      0.008143202401697636,
      0.0008246895158663392,
      0.006347074639052153,
      0.0023224272299557924,
      0.007007665000855923,
      0.001962194452062249,
      0.00492478720843792,
      0.0006092321709729731,
      0.005293965805321932,
      0.0009214453166350722
    ],
    [
      8.117030143737793,
      4.0420178265776485e-05,
      9.654374122619629,
      0.0006810878403484821,
      32.99321746826172,
      0.0007238292600959539,
      61.04216766357422,
      0.0035590881016105413,
      82.04373931884766,
      0.0019590589217841625,
      100.77576446533203,
      0.00577620230615139,
      111.44081115722656,
      0.00492478720843792,
      120.07948303222656,
      0.0015333141200244427,
      98.03888702392578,
      0.002260225359350443
    ],
    [
      0.0018807431915774941,
      1.2270894330868032e-05,
      0.0014136286918073893,
      0.0001377381558995694,
      0.000890287512447685,
      9.762707486515865e-05,
      0.0024204000364989042,
      0.0004431889683473855,
      0.002447535051032901,
      0.00025729136541485786,
      0.0019376222044229507,
      0.0007195521611720324,
      0.0021581777837127447,
      0.0006092321709729731,
      0.0015333141200244427,
      0.0001905496756080538,
      0.001623840886168182,
      0.00028749924967996776
    ],
    [
      8.388625144958496,
      6.589374970644712e-05,
      5.938315391540527,
      0.0008972139330580831,
      21.479284286499023,
      0.0007952824234962463,
      43.50498580932617,
      0.003819888224825263,
      59.271148681640625,
      0.0021415064111351967,
      74.64286804199219,
      0.006247960962355137,
      89.62358856201172,
      0.005293965805321932,
      98.03888702392578,
      0.001623840886168182,
      91.91822052001953,
      0.0024198824539780617
    ],
    [
      0.002852356992661953,
      1.8803877537720837e-05,
      0.0021234333980828524,
      0.00020980507542844862,
      0.0012477075215429068,
      0.00014750899572391063,
      0.0036804601550102234,
      0.0006698064389638603,
      0.0037204751279205084,
      0.00038890313589945436,
      0.0029035229235887527,
      0.001089230994693935,
      0.003215345786884427,
      0.0009214453166350722,
      0.002260225359350443,
      0.00028749924967996776,
      0.0024198824539780617,
      0.0004342998145148158
    ]
  ],
  "damage": -7.900693893432617,
  "diff_bandwidth": 620.5108642578125,
  "dissonance": 5.798352237931008,
  "drr": 10.789740562438965,
  "dynamics": 4.3209075927734375,
  "format": 1245190,
  "frames": 14257236,
  "loudness": -15.195329666137695,
  "loudness_range": 12.043827056884766,
  "loudness_range_short": 15.430622100830078,
  "lowpass_true_peak_15khz": -0.644688606262207,
  "mastering3_acoustic_entropies": [
    {
      "acoustic_entropy": 9.286901473999023,
      "acoustic_entropy_mono": 9.286901473999023,
      "band_eliminated_acoustic_entropies": [
        {
          "acoustic_entropy": 9.716809272766113,
          "acoustic_entropy_side": 9.286901473999023,
          "hz": 129.47220167065723
        },
        {
          "acoustic_entropy": 10.115677833557129,
          "acoustic_entropy_side": 9.286901473999023,
          "hz": 202.92927478742237
        },
        {
          "acoustic_entropy": 10.306192398071289,
          "acoustic_entropy_side": 9.286901473999023,
          "hz": 282.89161906338205
        },
        {
          "acoustic_entropy": 10.352474212646484,
          "acoustic_entropy_side": 9.286901473999023,
          "hz": 369.9353335868758
        },
        {
          "acoustic_entropy": 9.504719734191895,
          "acoustic_entropy_side": 9.286901473999023,
          "hz": 464.6875360973435
        },
        {
          "acoustic_entropy": 9.35265064239502,
          "acoustic_entropy_side": 9.286901473999023,
          "hz": 567.8308811364784
        },
        {
          "acoustic_entropy": 9.89391803741455,
          "acoustic_entropy_side": 9.286901473999023,
          "hz": 680.1084783214808
        },
        {
          "acoustic_entropy": 10.012956619262695,
          "acoustic_entropy_side": 9.286901473999023,
          "hz": 802.3292461747484
        },
        {
          "acoustic_entropy": 9.213780403137207,
          "acoustic_entropy_side": 9.286901473999023,
          "hz": 935.3737400823702
        },
        {
          "acoustic_entropy": 9.501456260681152,
          "acoustic_entropy_side": 9.286901473999023,
          "hz": 1080.2004963696966
        },
        {
          "acoustic_entropy": 9.152381896972656,
          "acoustic_entropy_side": 9.286901473999023,
          "hz": 1237.8529382007157
        },
        {
          "acoustic_entropy": 9.680351257324219,
          "acoustic_entropy_side": 9.286901473999023,
          "hz": 1409.4668930556702
        },
        {
          "acoustic_entropy": 9.488903045654297,
          "acoustic_entropy_side": 9.286901473999023,
          "hz": 1596.2787759475705
        },
        {
          "acoustic_entropy": 9.443158149719238,
          "acoustic_entropy_side": 9.286901473999023,
          "hz": 1799.6344973346393
        },
        {
          "acoustic_entropy": 9.364006042480469,
          "acoustic_entropy_side": 9.286901473999023,
          "hz": 2020.9991599069049
        },
        {
          "acoustic_entropy": 9.922393798828125,
          "acoustic_entropy_side": 9.286901473999023,
          "hz": 2261.9676141086993
        },
        {
          "acoustic_entropy": 9.474753379821777,
          "acoustic_entropy_side": 9.286901473999023,
          "hz": 2524.2759484456974
        },
        {
          "acoustic_entropy": 9.161635398864746,
          "acoustic_entropy_side": 9.286901473999023,
          "hz": 2809.813997359896
        },
        {
          "acoustic_entropy": 9.205208778381348,
          "acoustic_entropy_side": 9.286901473999023,
          "hz": 3120.6389567871424
        },
        {
          "acoustic_entropy": 9.403732299804688,
          "acoustic_entropy_side": 9.286901473999023,
          "hz": 3458.990205492291
        },
        {
          "acoustic_entropy": 9.314129829406738,
          "acoustic_entropy_side": 9.286901473999023,
          "hz": 3827.305438964164
        },
        {
          "acoustic_entropy": 9.383008003234863,
          "acoustic_entropy_side": 9.286901473999023,
          "hz": 4228.238232109126
        },
        {
          "acoustic_entropy": 9.506717681884766,
          "acoustic_entropy_side": 9.286901473999023,
          "hz": 4664.6771572759235
        },
        {
          "acoustic_entropy": 9.447138786315918,
          "acoustic_entropy_side": 9.286901473999023,
          "hz": 5139.766595350093
        },
        {
          "acoustic_entropy": 9.222169876098633,
          "acoustic_entropy_side": 9.286901473999023,
          "hz": 5656.929389854203
        },
        {
          "acoustic_entropy": 9.349337577819824,
          "acoustic_entropy_side": 9.286901473999023,
          "hz": 6219.891507268283
        },
        {
          "acoustic_entropy": 9.278862953186035,
          "acoustic_entropy_side": 9.286901473999023,
          "hz": 6832.70888123896
        },
        {
          "acoustic_entropy": 9.306832313537598,
          "acoustic_entropy_side": 9.286901473999023,
          "hz": 7499.796634079867
        },
        {
          "acoustic_entropy": 9.241065979003906,
          "acoustic_entropy_side": 9.286901473999023,
          "hz": 8225.96088609342
        },
        {
          "acoustic_entropy": 9.221026420593262,
          "acoustic_entropy_side": 9.286901473999023,
          "hz": 9016.43338188839
        },
        {
          "acoustic_entropy": 9.215898513793945,
          "acoustic_entropy_side": 9.286901473999023,
          "hz": 9876.909183162974
        },
        {
          "acoustic_entropy": 9.17393684387207,
          "acoustic_entropy_side": 9.286901473999023,
          "hz": 10813.587699516042
        },
        {
          "acoustic_entropy": 9.038177490234375,
          "acoustic_entropy_side": 9.286901473999023,
          "hz": 11833.21735289826
        },
        {
          "acoustic_entropy": 9.303775787353516,
          "acoustic_entropy_side": 9.286901473999023,
          "hz": 12943.144197493959
        },
        {
          "acoustic_entropy": 9.390719413757324,
          "acoustic_entropy_side": 9.286901473999023,
          "hz": 14151.364845322005
        },
        {
          "acoustic_entropy": 9.42345905303955,
          "acoustic_entropy_side": 9.286901473999023,
          "hz": 15466.58407886509
        },
        {
          "acoustic_entropy": 9.41710376739502,
          "acoustic_entropy_side": 9.286901473999023,
          "hz": 16898.27756580493
        },
        {
          "acoustic_entropy": 9.443183898925781,
          "acoustic_entropy_side": 9.286901473999023,
          "hz": 18456.760127700032
        },
        {
          "acoustic_entropy": 9.37304973602295,
          "acoustic_entropy_side": 9.286901473999023,
          "hz": 20153.260054456492
        },
        {
          "acoustic_entropy": 9.303356170654297,
          "acoustic_entropy_side": 9.286901473999023,
          "hz": 22000.00000000001
        }
      ],
      "diff_acoustic_entropy": 6.662508487701416,
      "sn": 6
    },
    {
      "acoustic_entropy": 14.089940071105957,
      "acoustic_entropy_mono": 14.089940071105957,
      "band_eliminated_acoustic_entropies": [
        {
          "acoustic_entropy": 14.090819358825684,
          "acoustic_entropy_side": 14.089940071105957,
          "hz": 129.47220167065723
        },
        {
          "acoustic_entropy": 14.288634300231934,
          "acoustic_entropy_side": 14.089940071105957,
          "hz": 202.92927478742237
        },
        {
          "acoustic_entropy": 13.641081809997559,
          "acoustic_entropy_side": 14.089940071105957,
          "hz": 282.89161906338205
        },
        {
          "acoustic_entropy": 13.829845428466797,
          "acoustic_entropy_side": 14.089940071105957,
          "hz": 369.9353335868758
        },
        {
          "acoustic_entropy": 14.530988693237305,
          "acoustic_entropy_side": 14.089940071105957,
          "hz": 464.6875360973435
        },
        {
          "acoustic_entropy": 13.536669731140137,
          "acoustic_entropy_side": 14.089940071105957,
          "hz": 567.8308811364784
        },
        {
          "acoustic_entropy": 13.58011245727539,
          "acoustic_entropy_side": 14.089940071105957,
          "hz": 680.1084783214808
        },
        {
          "acoustic_entropy": 13.538970947265625,
          "acoustic_entropy_side": 14.089940071105957,
          "hz": 802.3292461747484
        },
        {
          "acoustic_entropy": 14.207659721374512,
          "acoustic_entropy_side": 14.089940071105957,
          "hz": 935.3737400823702
        },
        {
          "acoustic_entropy": 14.385580062866211,
          "acoustic_entropy_side": 14.089940071105957,
          "hz": 1080.2004963696966
        },
        {
          "acoustic_entropy": 14.323616027832031,
          "acoustic_entropy_side": 14.089940071105957,
          "hz": 1237.8529382007157
        },
        {
          "acoustic_entropy": 14.959238052368164,
          "acoustic_entropy_side": 14.089940071105957,
          "hz": 1409.4668930556702
        },
        {
          "acoustic_entropy": 14.451483726501465,
          "acoustic_entropy_side": 14.089940071105957,
          "hz": 1596.2787759475705
        },
        {
          "acoustic_entropy": 14.223613739013672,
          "acoustic_entropy_side": 14.089940071105957,
          "hz": 1799.6344973346393
        },
        {
          "acoustic_entropy": 14.862552642822266,
          "acoustic_entropy_side": 14.089940071105957,
          "hz": 2020.9991599069049
        },
        {
          "acoustic_entropy": 14.869086265563965,
          "acoustic_entropy_side": 14.089940071105957,
          "hz": 2261.9676141086993
        },
        {
          "acoustic_entropy": 13.996673583984375,
          "acoustic_entropy_side": 14.089940071105957,
          "hz": 2524.2759484456974
        },
        {
          "acoustic_entropy": 14.035183906555176,
          "acoustic_entropy_side": 14.089940071105957,
          "hz": 2809.813997359896
        },
        {
          "acoustic_entropy": 14.353811264038086,
          "acoustic_entropy_side": 14.089940071105957,
          "hz": 3120.6389567871424
        },
        {
          "acoustic_entropy": 13.77477741241455,
          "acoustic_entropy_side": 14.089940071105957,
          "hz": 3458.990205492291
        },
        {
          "acoustic_entropy": 13.895903587341309,
          "acoustic_entropy_side": 14.089940071105957,
          "hz": 3827.305438964164
        },
        {
          "acoustic_entropy": 14.010723114013672,
          "acoustic_entropy_side": 14.089940071105957,
          "hz": 4228.238232109126
        },
        {
          "acoustic_entropy": 14.08357048034668,
          "acoustic_entropy_side": 14.089940071105957,
          "hz": 4664.6771572759235
        },
        {
          "acoustic_entropy": 13.773451805114746,
          "acoustic_entropy_side": 14.089940071105957,
          "hz": 5139.766595350093
        },
        {
          "acoustic_entropy": 14.158709526062012,
          "acoustic_entropy_side": 14.089940071105957,
          "hz": 5656.929389854203
        },
        {
          "acoustic_entropy": 14.230751037597656,
          "acoustic_entropy_side": 14.089940071105957,
          "hz": 6219.891507268283
        },
        {
          "acoustic_entropy": 14.195016860961914,
          "acoustic_entropy_side": 14.089940071105957,
          "hz": 6832.70888123896
        },
        {
          "acoustic_entropy": 14.07730770111084,
          "acoustic_entropy_side": 14.089940071105957,
          "hz": 7499.796634079867
        },
        {
          "acoustic_entropy": 14.026994705200195,
          "acoustic_entropy_side": 14.089940071105957,
          "hz": 8225.96088609342
        },
        {
          "acoustic_entropy": 14.068193435668945,
          "acoustic_entropy_side": 14.089940071105957,
          "hz": 9016.43338188839
        },
        {
          "acoustic_entropy": 14.036128044128418,
          "acoustic_entropy_side": 14.089940071105957,
          "hz": 9876.909183162974
        },
        {
          "acoustic_entropy": 14.069887161254883,
          "acoustic_entropy_side": 14.089940071105957,
          "hz": 10813.587699516042
        },
        {
          "acoustic_entropy": 13.898276329040527,
          "acoustic_entropy_side": 14.089940071105957,
          "hz": 11833.21735289826
        },
        {
          "acoustic_entropy": 14.073758125305176,
          "acoustic_entropy_side": 14.089940071105957,
          "hz": 12943.144197493959
        },
        {
          "acoustic_entropy": 14.07392692565918,
          "acoustic_entropy_side": 14.089940071105957,
          "hz": 14151.364845322005
        },
        {
          "acoustic_entropy": 14.103259086608887,
          "acoustic_entropy_side": 14.089940071105957,
          "hz": 15466.58407886509
        },
        {
          "acoustic_entropy": 14.159842491149902,
          "acoustic_entropy_side": 14.089940071105957,
          "hz": 16898.27756580493
        },
        {
          "acoustic_entropy": 14.176878929138184,
          "acoustic_entropy_side": 14.089940071105957,
          "hz": 18456.760127700032
        },
        {
          "acoustic_entropy": 14.143346786499023,
          "acoustic_entropy_side": 14.089940071105957,
          "hz": 20153.260054456492
        },
        {
          "acoustic_entropy": 14.082660675048828,
          "acoustic_entropy_side": 14.089940071105957,
          "hz": 22000.00000000001
        }
      ],
      "diff_acoustic_entropy": 9.72645378112793,
      "sn": 12
    },
    {
      "acoustic_entropy": 20.40067481994629,
      "acoustic_entropy_mono": 20.40067481994629,
      "band_eliminated_acoustic_entropies": [
        {
          "acoustic_entropy": 20.2110652923584,
          "acoustic_entropy_side": 20.40067481994629,
          "hz": 129.47220167065723
        },
        {
          "acoustic_entropy": 20.795133590698242,
          "acoustic_entropy_side": 20.40067481994629,
          "hz": 202.92927478742237
        },
        {
          "acoustic_entropy": 20.968358993530273,
          "acoustic_entropy_side": 20.40067481994629,
          "hz": 282.89161906338205
        },
        {
          "acoustic_entropy": 21.19109535217285,
          "acoustic_entropy_side": 20.40067481994629,
          "hz": 369.9353335868758
        },
        {
          "acoustic_entropy": 20.765531539916992,
          "acoustic_entropy_side": 20.40067481994629,
          "hz": 464.6875360973435
        },
        {
          "acoustic_entropy": 19.974990844726562,
          "acoustic_entropy_side": 20.40067481994629,
          "hz": 567.8308811364784
        },
        {
          "acoustic_entropy": 20.112146377563477,
          "acoustic_entropy_side": 20.40067481994629,
          "hz": 680.1084783214808
        },
        {
          "acoustic_entropy": 20.987993240356445,
          "acoustic_entropy_side": 20.40067481994629,
          "hz": 802.3292461747484
        },
        {
          "acoustic_entropy": 19.941930770874023,
