{
  "acoustic_entropy": 193.56561279296875,
  "bands": [
    {
      "high_freq": 148.1999969482422,
      "loudness": -18.247425079345703,
      "loudness_range": 4.741060256958008,
      "mid_mean": -14.642210006713867,
      "mid_to_side_loudness": -19.47871971130371,
      "mid_to_side_loudness_range": 11.540306091308594,
      "side_mean": -34.41449737548828
    },
    {
      "high_freq": 392.3793640136719,
      "loudness": -18.461050033569336,
      "loudness_range": 4.995909690856934,
      "low_freq": 148.1999969482422,
      "mid_mean": -15.186971664428711,
      "mid_to_side_loudness": -11.0980224609375,
      "mid_to_side_loudness_range": 9.781557083129883,
      "side_mean": -26.211793899536133
    },
    {
      "high_freq": 794.6976318359375,
      "loudness": -18.942907333374023,
      "loudness_range": 11.028337478637695,
      "low_freq": 392.3793640136719,
      "mid_mean": -15.923189163208008,
      "mid_to_side_loudness": -9.242321014404297,
      "mid_to_side_loudness_range": 12.464171409606934,
      "side_mean": -25.000164031982422
    },
    {
      "high_freq": 1457.5709228515625,
      "loudness": -20.056631088256836,
      "loudness_range": 9.537303924560547,
      "low_freq": 794.6976318359375,
      "mid_mean": -17.621524810791016,
      "mid_to_side_loudness": -6.053020000457764,
      "mid_to_side_loudness_range": 12.445651054382324,
      "side_mean": -23.661840438842773
    },
    {
      "high_freq": 2549.74365234375,
      "loudness": -18.815431594848633,
      "loudness_range": 7.838671684265137,
      "low_freq": 1457.5709228515625,
      "mid_mean": -16.275447845458984,
      "mid_to_side_loudness": -6.13694953918457,
      "mid_to_side_loudness_range": 9.781970024108887,
      "side_mean": -22.392833709716797
    },
    {
      "high_freq": 4349.24462890625,
      "loudness": -19.449966430664062,
      "loudness_range": 6.29107666015625,
      "low_freq": 2549.74365234375,
      "mid_mean": -17.033565521240234,
      "mid_to_side_loudness": -5.222565174102783,
      "mid_to_side_loudness_range": 8.616371154785156,
      "side_mean": -22.28302764892578
    },
    {
      "high_freq": 7314.1640625,
      "loudness": -23.596046447753906,
      "loudness_range": 9.422929763793945,
      "low_freq": 4349.24462890625,
      "mid_mean": -21.634389877319336,
      "mid_to_side_loudness": -3.5985512733459473,
      "mid_to_side_loudness_range": 7.455816268920898,
      "side_mean": -25.30572509765625
    },
    {
      "high_freq": 12199.2666015625,
      "loudness": -27.82474708557129,
      "loudness_range": 12.602800369262695,
      "low_freq": 7314.1640625,
      "mid_mean": -25.337291717529297,
      "mid_to_side_loudness": -5.669248580932617,
      "mid_to_side_loudness_range": 8.04456615447998,
      "side_mean": -31.04856300354004
    },
    {
      "loudness": -34.236732482910156,
      "loudness_range": 12.437292098999023,
      "low_freq": 12199.2666015625,
      "mid_mean": -32.051025390625,
      "mid_to_side_loudness": -4.267036437988281,
      "mid_to_side_loudness_range": 4.272960662841797,
      "side_mean": -36.25249099731445
    }
  ],
  "bands_short": [
    {
      "high_freq": 148.1999969482422,
      "loudness": -22.42989158630371,
      "loudness_range": 11.39780330657959,
      "mid_mean": -18.84354019165039,
      "mid_to_side_loudness": -20.74956703186035,
      "mid_to_side_loudness_range": 20.754291534423828,
      "side_mean": -40.139400482177734
    },
    {
      "high_freq": 392.3793640136719,
      "loudness": -17.521902084350586,
      "loudness_range": 8.330098152160645,
      "low_freq": 148.1999969482422,
      "mid_mean": -14.203835487365723,
      "mid_to_side_loudness": -12.823629379272461,
      "mid_to_side_loudness_range": 14.318262100219727,
      "side_mean": -27.100378036499023
    },
    {
      "high_freq": 794.6976318359375,
      "loudness": -19.979961395263672,
      "loudness_range": 13.967891693115234,
      "low_freq": 392.3793640136719,
      "mid_mean": -17.324779510498047,
      "mid_to_side_loudness": -8.420374870300293,
      "mid_to_side_loudness_range": 16.853010177612305,
      "side_mean": -25.622732162475586
    },
    {
      "high_freq": 1457.5709228515625,
      "loudness": -20.9161434173584,
      "loudness_range": 12.913740158081055,
      "low_freq": 794.6976318359375,
      "mid_mean": -18.858957290649414,
      "mid_to_side_loudness": -5.5303568840026855,
      "mid_to_side_loudness_range": 15.67342472076416,
      "side_mean": -24.312843322753906
    },
    {
      "high_freq": 2549.74365234375,
      "loudness": -19.63304901123047,
      "loudness_range": 10.569990158081055,
      "low_freq": 1457.5709228515625,
      "mid_mean": -17.37392234802246,
      "mid_to_side_loudness": -5.680673599243164,
      "mid_to_side_loudness_range": 12.999822616577148,
      "side_mean": -23.033138275146484
    },
    {
      "high_freq": 4349.24462890625,
      "loudness": -19.949750900268555,
      "loudness_range": 8.885775566101074,
      "low_freq": 2549.74365234375,
      "mid_mean": -17.611106872558594,
      "mid_to_side_loudness": -5.326441287994385,
      "mid_to_side_loudness_range": 10.271174430847168,
      "side_mean": -22.894493103027344
    },
    {
      "high_freq": 7314.1640625,
      "loudness": -23.885475158691406,
      "loudness_range": 11.447601318359375,
      "low_freq": 4349.24462890625,
      "mid_mean": -22.196319580078125,
      "mid_to_side_loudness": -3.151857376098633,
      "mid_to_side_loudness_range": 9.790870666503906,
      "side_mean": -25.26763916015625
    },
    {
      "high_freq": 12199.2666015625,
      "loudness": -29.0382022857666,
      "loudness_range": 15.092994689941406,
      "low_freq": 7314.1640625,
      "mid_mean": -26.737815856933594,
      "mid_to_side_loudness": -5.38083553314209,
      "mid_to_side_loudness_range": 9.765607833862305,
      "side_mean": -31.996267318725586
    },
    {
      "loudness": -36.63180160522461,
      "loudness_range": 20.62493324279785,
      "low_freq": 12199.2666015625,
      "mid_mean": -34.5465087890625,
      "mid_to_side_loudness": -4.5376667976379395,
      "mid_to_side_loudness_range": 6.881364822387695,
      "side_mean": -38.82770538330078
    }
  ],
  "bandwidth": 771.3041381835938,
  "channels": 2,
  "covariance": [
    [
      4.786701679229736,
      2.1319072246551514,
      1.2835683822631836,
      0.5143375396728516,
      0.16068874299526215,
      0.15932923555374146,
      -0.6084823608398438,
      -0.6269772052764893,
      -0.35543426871299744,
      -0.2318604439496994,
      -0.7530664801597595,
      -0.5776742100715637,
      -0.7154138088226318,
      -1.0454225540161133,
      -1.642531156539917,
      -2.1594882011413574,
      -1.8136711120605469,
      -1.7151061296463013
    ],
    [
      2.1319072246551514,
      17.393465042114258,
      2.693469524383545,
      6.906083106994629,
      2.23513126373291,
      3.404783010482788,
      1.4979594945907593,
      4.505057334899902,
      0.49500682950019836,
      3.511122941970825,
      1.474316954612732,
      4.441188812255859,
      3.5598251819610596,
      5.802985191345215,
      2.739776849746704,
      2.4057235717773438,
      0.8507851958274841,
      0.15980230271816254
    ],
    [
      1.2835683822631836,
      2.693469524383545,
      5.654419422149658,
      2.978520393371582,
      1.3362586498260498,
      1.0253803730010986,
      -0.6593391299247742,
      0.2136823982000351,
      0.7873465418815613,
      0.6708441376686096,
      0.23137535154819489,
      0.48015785217285156,
      1.541871190071106,
      1.4720391035079956,
      2.655169725418091,
      0.7202160954475403,
      2.058546543121338,
      1.5483124256134033
    ],
    [
      0.5143375396728516,
      6.906083106994629,
      2.978520393371582,
      14.55176830291748,
      2.49100399017334,
      4.592071533203125,
      1.6350075006484985,
      3.7152810096740723,
      2.1766350269317627,
      3.277972936630249,
      1.9002571105957031,
      4.601408004760742,
      3.652919292449951,
      5.538382530212402,
      4.814786434173584,
      4.4629974365234375,
      3.025400161743164,
      2.350543260574341
    ],
    [
      0.16068874299526215,
      2.23513126373291,
      1.3362586498260498,
      2.49100399017334,
      17.134174346923828,
      4.273502349853516,
      5.182829856872559,
      3.393218517303467,
      4.083003044128418,
      2.809771776199341,
      2.612485408782959,
      3.7618372440338135,
      3.6658456325531006,
      5.806764125823975,
      5.8534040451049805,
      5.311110496520996,
      5.013965606689453,
      4.114616394042969
    ],
    [
      0.15932923555374146,
      3.404783010482788,
      1.0253803730010986,
      4.592071533203125,
      4.273502349853516,
      10.425802230834961,
      3.6023406982421875,
      7.412871837615967,
      2.646667957305908,
      5.44294548034668,
      2.4989588260650635,
      7.548641681671143,
      3.7300021648406982,
      8.161459922790527,
      4.770110607147217,
      6.492824554443359,
      2.602759599685669,
      2.822298765182495
    ],
    [
      -0.6084823608398438,
      1.4979594945907593,
      -0.6593391299247742,
      1.6350075006484985,
      5.182829856872559,
      3.6023406982421875,
      16.002702713012695,
      6.150487899780273,
      3.993053674697876,
      2.182542324066162,
      4.11194372177124,
      4.317974090576172,
      3.838986873626709,
      5.442251205444336,
      2.508002758026123,
      4.567678928375244,
      2.14953875541687,
      2.432935953140259
    ],
    [
      -0.6269772052764893,
      4.505057334899902,
      0.2136823982000351,
      3.7152810096740723,
      3.393218517303467,
      7.412871837615967,
      6.150487899780273,
      16.191890716552734,
      2.8577842712402344,
      8.73254108428955,
      4.976400852203369,
      11.058431625366211,
      5.92531681060791,
      11.077940940856934,
      4.75317907333374,
      7.562018394470215,
      1.7857569456100464,
      1.9462850093841553
    ],
    [
      -0.35543426871299744,
      0.49500682950019836,
      0.7873465418815613,
      2.1766350269317627,
      4.083003044128418,
      2.646667957305908,
      3.993053674697876,
      2.8577842712402344,
      11.658422470092773,
      4.266269683837891,
      5.435725212097168,
      4.261946201324463,
      4.629707336425781,
      5.14487886428833,
      4.601855278015137,
      5.056156635284424,
      3.3036141395568848,
      3.2724523544311523
    ],
    [
      -0.2318604439496994,
      3.511122941970825,
      0.6708441376686096,
      3.277972936630249,
      2.809771776199341,
      5.44294548034668,
      2.182542324066162,
      8.73254108428955,
      4.266269683837891,
      10.284423828125,
      4.6640305519104,
      9.329730033874512,
      5.053228378295898,
      8.652884483337402,
      4.387493133544922,
      5.903770446777344,
      1.7405452728271484,
      1.6190757751464844
    ],
    [
      -0.7530664801597595,
      1.474316954612732,
      0.23137535154819489,
      1.9002571105957031,
      2.612485408782959,
      2.4989588260650635,
      4.11194372177124,
      4.976400852203369,
      5.435725212097168,
      4.6640305519104,
      7.008214950561523,
      5.825902462005615,
      5.817933082580566,
      6.655090808868408,
      4.030457973480225,
      5.977999210357666,
      1.9428800344467163,
      2.466113328933716
    ],
    [
      -0.5776742100715637,
      4.441188812255859,
      0.48015785217285156,
      4.601408004760742,
      3.7618372440338135,
      7.548641681671143,
      4.317974090576172,
      11.058431625366211,
      4.261946201324463,
      9.329730033874512,
      5.825902462005615,
      14.530841827392578,
      8.449922561645508,
      15.774898529052734,
      8.343721389770508,
      12.45821475982666,
      4.541071891784668,
      5.011663913726807
    ],
    [
      -0.7154138088226318,
      3.5598251819610596,
      1.541871190071106,
      3.652919292449951,
      3.6658456325531006,
      3.7300021648406982,
      3.838986873626709,
      5.92531681060791,
      4.629707336425781,
      5.053228378295898,
      5.817933082580566,
      8.449922561645508,
      10.546133041381836,
      12.511018753051758,
      10.198890686035156,
      11.443110466003418,
      6.630068302154541,
      6.109560012817383
    ],
    [
      -1.0454225540161133,
      5.802985191345215,
      1.4720391035079956,
      5.538382530212402,
      5.806764125823975,
      8.161459922790527,
      5.442251205444336,
      11.077940940856934,
      5.14487886428833,
      8.652884483337402,
      6.655090808868408,
      15.774898529052734,
      12.511018753051758,
      23.48200798034668,
      14.22398567199707,
      20.42469596862793,
      10.651555061340332,
      11.831032752990723
    ],
    [
      -1.642531156539917,
      2.739776849746704,
      2.655169725418091,
      4.814786434173584,
      5.8534040451049805,
      4.770110607147217,
      2.508002758026123,
      4.75317907333374,
      4.601855278015137,
      4.387493133544922,
      4.030457973480225,
      8.343721389770508,
      10.198890686035156,
      14.22398567199707,
      20.486106872558594,
      15.803315162658691,
      16.95769691467285,
      12.981093406677246
    ],
    [
      -2.1594882011413574,
      2.4057235717773438,
      0.7202160954475403,
      4.4629974365234375,
      5.311110496520996,
      6.492824554443359,
      4.567678928375244,
      7.562018394470215,
      5.056156635284424,
      5.903770446777344,
      5.977999210357666,
      12.45821475982666,
      11.443110466003418,
      20.42469596862793,
      15.803315162658691,
      23.421920776367188,
      14.553963661193848,
      16.36203956604004
    ],
    [
      -1.8136711120605469,
      0.8507851958274841,
      2.058546543121338,
      3.025400161743164,
      5.013965606689453,
      2.602759599685669,
      2.14953875541687,
      1.7857569456100464,
      3.3036141395568848,
      1.7405452728271484,
      1.9428800344467163,
      4.541071891784668,
      6.630068302154541,
      10.651555061340332,
      16.95769691467285,
      14.553963661193848,
      21.071420669555664,
      17.48554229736328
    ],
    [
      -1.7151061296463013,
      0.15980230271816254,
      1.5483124256134033,
      2.350543260574341,
      4.114616394042969,
      2.822298765182495,
      2.432935953140259,
      1.9462850093841553,
      3.2724523544311523,
      1.6190757751464844,
      2.466113328933716,
      5.011663913726807,
      6.109560012817383,
      11.831032752990723,
      12.981093406677246,
      16.36203956604004,
      17.48554229736328,
      19.63112449645996
    ]
  ],
  "covariance_short": [
    [
      17.245750427246094,
      4.18241548538208,
      3.925929307937622,
      2.553466320037842,
      0.1892615556716919,
      0.7177139520645142,
      1.501373291015625,
      -1.2816812992095947,
      0.786901593208313,
      -0.5942361354827881,
      -0.42984941601753235,
      -0.7384436130523682,
      -1.1733084917068481,
      -1.8144193887710571,
      -2.181633710861206,
      -2.5924253463745117,
      -1.7691795825958252,
      -1.6384780406951904
    ],
    [
      4.18241548538208,
      41.7271728515625,
      3.7110297679901123,
      12.166277885437012,
      4.722771644592285,
      5.827243804931641,
      4.495037078857422,
      5.481374263763428,
      1.9013433456420898,
      4.6861042976379395,
      3.1067543029785156,
      6.2875566482543945,
      4.923359394073486,
      7.449929237365723,
      4.356832504272461,
      4.506710529327393,
      5.026454925537109,
      4.629283905029297
    ],
    [
      3.925929307937622,
      3.7110297679901123,
      12.328286170959473,
      3.998894453048706,
      3.392425537109375,
      1.5433086156845093,
      -0.7011830806732178,
      -0.3615958094596863,
      1.3336741924285889,
      0.7243919372558594,
      0.8112597465515137,
      -0.20781050622463226,
      1.608655333518982,
      0.4200628399848938,
      1.6478371620178223,
      0.07669221609830856,
      2.422715902328491,
      2.81935977935791
    ],
    [
      2.553466320037842,
      12.166277885437012,
      3.998894453048706,
      22.7310848236084,
      5.038033485412598,
      6.977016925811768,
      3.0162594318389893,
      3.160579204559326,
      3.3785083293914795,
      2.6699161529541016,
      2.6704087257385254,
      3.7360947132110596,
      4.654346942901611,
      5.909208297729492,
      5.950766563415527,
      5.789346694946289,
      6.355785369873047,
      6.117492198944092
    ],
    [
      0.1892615556716919,
      4.722771644592285,
      3.392425537109375,
      5.038033485412598,
      33.582759857177734,
      8.023114204406738,
      10.566109657287598,
      6.2808332443237305,
      8.020950317382812,
      5.395678997039795,
      7.172763824462891,
      5.978237628936768,
      7.4552202224731445,
      7.918306827545166,
      8.886680603027344,
      8.674516677856445,
      8.447811126708984,
      8.43073558807373
    ],
    [
      0.7177139520645142,
      5.827243804931641,
      1.5433086156845093,
      6.977016925811768,
      8.023114204406738,
      20.12135124206543,
      6.399946689605713,
      12.38165283203125,
      4.882747173309326,
      9.597013473510742,
      4.791776657104492,
      10.743182182312012,
      6.350117206573486,
      10.853445053100586,
      7.894900321960449,
      9.233970642089844,
      8.120453834533691,
      7.989917755126953
    ],
    [
      1.501373291015625,
      4.495037078857422,
      -0.7011830806732178,
      3.0162594318389893,
      10.566109657287598,
      6.399946689605713,
      31.004417419433594,
      12.213118553161621,
      9.164400100708008,
      6.253379821777344,
      9.499500274658203,
      8.545473098754883,
      8.082499504089355,
      8.557191848754883,
      4.258823394775391,
      8.088103294372559,
      4.946385860443115,
      6.786760330200195
    ],
    [
      -1.2816812992095947,
      5.481374263763428,
      -0.3615958094596863,
      3.160579204559326,
      6.2808332443237305,
      12.38165283203125,
      12.213118553161621,
      26.795461654663086,
      6.36723518371582,
      14.579030990600586,
      8.271214485168457,
      15.946173667907715,
      9.002406120300293,
      14.857868194580078,
      7.435436725616455,
      11.182767868041992,
      7.455151557922363,
      8.228401184082031
    ],
    [
      0.786901593208313,
      1.9013433456420898,
      1.3336741924285889,
      3.3785083293914795,
      8.020950317382812,
      4.882747173309326,
      9.164400100708008,
      6.36723518371582,
      23.461523056030273,
      9.270733833312988,
      11.626173973083496,
      7.733017444610596,
      8.744038581848145,
      7.36822509765625,
      7.226961135864258,
      7.900073051452637,
      5.788216590881348,
      6.519166946411133
    ],
    [
      -0.5942361354827881,
      4.6861042976379395,
      0.7243919372558594,
      2.6699161529541016,
      5.395678997039795,
      9.597013473510742,
      6.253379821777344,
      14.579030990600586,
      9.270733833312988,
      19.39888572692871,
      8.446353912353516,
      14.629096984863281,
      8.016475677490234,
      12.128499984741211,
      6.789642333984375,
      8.73143482208252,
      6.156747817993164,
      6.842670440673828
    ],
    [
      -0.42984941601753235,
      3.1067543029785156,
      0.8112597465515137,
      2.6704087257385254,
      7.172763824462891,
      4.791776657104492,
      9.499500274658203,
      8.271214485168457,
      11.626173973083496,
      8.446353912353516,
      14.872350692749023,
      9.4380521774292,
      10.850177764892578,
      9.609803199768066,
      8.357420921325684,
      9.807599067687988,
      6.994807720184326,
      7.4794020652771
    ],
    [
      -0.7384436130523682,
      6.2875566482543945,
      -0.20781050622463226,
      3.7360947132110596,
      5.978237628936768,
      10.743182182312012,
      8.545473098754883,
      15.946173667907715,
      7.733017444610596,
      14.629096984863281,
      9.4380521774292,
      20.453479766845703,
      11.738799095153809,
      19.02198028564453,
      11.433364868164062,
      16.1946964263916,
      10.622718811035156,
      12.235119819641113
    ],
    [
      -1.1733084917068481,
      4.923359394073486,
      1.608655333518982,
      4.654346942901611,
      7.4552202224731445,
      6.350117206573486,
      8.082499504089355,
      9.002406120300293,
      8.744038581848145,
      8.016475677490234,
      10.850177764892578,
      11.738799095153809,
      18.583271026611328,
      17.336599349975586,
      17.70990753173828,
      18.719350814819336,
      16.178951263427734,
      15.897509574890137
    ],
    [
      -1.8144193887710571,
      7.449929237365723,
      0.4200628399848938,
      5.909208297729492,
      7.918306827545166,
      10.853445053100586,
      8.557191848754883,
      14.857868194580078,
      7.36822509765625,
      12.128499984741211,
      9.609803199768066,
      19.02198028564453,
      17.336599349975586,
      31.432958602905273,
      20.44842529296875,
      28.669343948364258,
      21.830251693725586,
      25.3935546875
    ],
    [
      -2.181633710861206,
      4.356832504272461,
      1.6478371620178223,
      5.950766563415527,
      8.886680603027344,
      7.894900321960449,
      4.258823394775391,
      7.435436725616455,
      7.226961135864258,
      6.789642333984375,
      8.357420921325684,
      11.433364868164062,
      17.70990753173828,
      20.44842529296875,
      34.204559326171875,
      27.456451416015625,
      33.84659194946289,
      29.450681686401367
    ],
    [
      -2.5924253463745117,
      4.506710529327393,
      0.07669221609830856,
      5.789346694946289,
      8.674516677856445,
      9.233970642089844,
      8.088103294372559,
      11.182767868041992,
      7.900073051452637,
      8.73143482208252,
      9.807599067687988,
      16.1946964263916,
      18.719350814819336,
      28.669343948364258,
      27.456451416015625,
      42.55649185180664,
      31.11626434326172,
      38.47459411621094
    ],
    [
      -1.7691795825958252,
      5.026454925537109,
      2.422715902328491,
      6.355785369873047,
      8.447811126708984,
      8.120453834533691,
      4.946385860443115,
      7.455151557922363,
      5.788216590881348,
      6.156747817993164,
      6.994807720184326,
      10.622718811035156,
      16.178951263427734,
      21.830251693725586,
      33.84659194946289,
      31.11626434326172,
      52.991939544677734,
      47.95035934448242
    ],
    [
      -1.6384780406951904,
      4.629283905029297,
      2.81935977935791,
      6.117492198944092,
      8.43073558807373,
      7.989917755126953,
      6.786760330200195,
      8.228401184082031,
      6.519166946411133,
      6.842670440673828,
      7.4794020652771,
      12.235119819641113,
      15.897509574890137,
      25.3935546875,
      29.450681686401367,
      38.47459411621094,
      47.95035934448242,
      60.37222671508789
    ]
  ],
  "damage": -4.262317180633545,
  "diff_bandwidth": 789.8187866210938,
  "dissonance": 10.663096637811515,
  "drr": 17.130619049072266,
  "dynamics": 1.5107824802398682,
  "format": 1245190,
  "frames": 10547136,
  "loudness": -7.085904121398926,
  "loudness_range": 3.09110164642334,
  "loudness_range_short": 5.497330188751221,
  "lowpass_true_peak_15khz": 0.7152860760688782,
  "mastering3_acoustic_entropies": [
    {
      "acoustic_entropy": 6.639280796051025,
      "acoustic_entropy_mono": 6.662577152252197,
      "band_eliminated_acoustic_entropies": [
        {
          "acoustic_entropy": 6.636455059051514,
          "acoustic_entropy_side": 6.639282703399658,
          "hz": 129.47220167065723
        },
        {
          "acoustic_entropy": 6.654694080352783,
          "acoustic_entropy_side": 6.640003681182861,
          "hz": 202.92927478742237
        },
        {
          "acoustic_entropy": 6.870231628417969,
          "acoustic_entropy_side": 6.6490888595581055,
          "hz": 282.89161906338205
        },
        {
          "acoustic_entropy": 6.8179521560668945,
          "acoustic_entropy_side": 6.631916046142578,
          "hz": 369.9353335868758
        },
        {
          "acoustic_entropy": 6.862581729888916,
          "acoustic_entropy_side": 6.620052814483643,
          "hz": 464.6875360973435
        },
        {
          "acoustic_entropy": 6.225988864898682,
          "acoustic_entropy_side": 6.637218475341797,
          "hz": 567.8308811364784
        },
        {
          "acoustic_entropy": 6.644792079925537,
          "acoustic_entropy_side": 6.640857696533203,
          "hz": 680.1084783214808
        },
        {
          "acoustic_entropy": 6.645461559295654,
          "acoustic_entropy_side": 6.664446830749512,
          "hz": 802.3292461747484
        },
        {
          "acoustic_entropy": 6.961374282836914,
          "acoustic_entropy_side": 6.618966102600098,
          "hz": 935.3737400823702
        },
        {
          "acoustic_entropy": 6.7379150390625,
          "acoustic_entropy_side": 6.652132034301758,
          "hz": 1080.2004963696966
        },
        {
          "acoustic_entropy": 6.6167120933532715,
          "acoustic_entropy_side": 6.568881511688232,
          "hz": 1237.8529382007157
        },
        {
          "acoustic_entropy": 6.738083839416504,
          "acoustic_entropy_side": 6.605043411254883,
          "hz": 1409.4668930556702
        },
        {
          "acoustic_entropy": 7.125960826873779,
          "acoustic_entropy_side": 6.608118057250977,
          "hz": 1596.2787759475705
        },
        {
          "acoustic_entropy": 7.058536052703857,
          "acoustic_entropy_side": 6.640805721282959,
          "hz": 1799.6344973346393
        },
        {
          "acoustic_entropy": 7.07423210144043,
          "acoustic_entropy_side": 6.67008638381958,
          "hz": 2020.9991599069049
        },
        {
          "acoustic_entropy": 6.368572235107422,
          "acoustic_entropy_side": 6.708539009094238,
          "hz": 2261.9676141086993
        },
        {
          "acoustic_entropy": 6.288105010986328,
          "acoustic_entropy_side": 6.740311622619629,
          "hz": 2524.2759484456974
        },
        {
          "acoustic_entropy": 6.758933067321777,
          "acoustic_entropy_side": 6.669613838195801,
          "hz": 2809.813997359896
        },
        {
          "acoustic_entropy": 6.744575023651123,
          "acoustic_entropy_side": 6.649289608001709,
          "hz": 3120.6389567871424
        },
        {
          "acoustic_entropy": 6.6769328117370605,
          "acoustic_entropy_side": 6.6668243408203125,
          "hz": 3458.990205492291
        },
        {
          "acoustic_entropy": 6.743798732757568,
          "acoustic_entropy_side": 6.653162002563477,
          "hz": 3827.305438964164
        },
        {
          "acoustic_entropy": 6.713551998138428,
          "acoustic_entropy_side": 6.626850128173828,
          "hz": 4228.238232109126
        },
        {
          "acoustic_entropy": 6.655238151550293,
          "acoustic_entropy_side": 6.625829219818115,
          "hz": 4664.6771572759235
        },
        {
          "acoustic_entropy": 6.618279457092285,
          "acoustic_entropy_side": 6.621703147888184,
          "hz": 5139.766595350093
        },
        {
          "acoustic_entropy": 6.500962734222412,
          "acoustic_entropy_side": 6.59965181350708,
          "hz": 5656.929389854203
        },
        {
          "acoustic_entropy": 6.579095840454102,
          "acoustic_entropy_side": 6.637370586395264,
          "hz": 6219.891507268283
        },
        {
          "acoustic_entropy": 6.532690048217773,
          "acoustic_entropy_side": 6.6265549659729,
          "hz": 6832.70888123896
        },
        {
          "acoustic_entropy": 6.5836076736450195,
          "acoustic_entropy_side": 6.636719226837158,
          "hz": 7499.796634079867
        },
        {
          "acoustic_entropy": 6.598194122314453,
          "acoustic_entropy_side": 6.631314754486084,
          "hz": 8225.96088609342
        },
        {
          "acoustic_entropy": 6.586040019989014,
          "acoustic_entropy_side": 6.625852108001709,
          "hz": 9016.43338188839
        },
        {
          "acoustic_entropy": 6.586474418640137,
          "acoustic_entropy_side": 6.629240989685059,
          "hz": 9876.909183162974
        },
        {
          "acoustic_entropy": 6.461886882781982,
          "acoustic_entropy_side": 6.6293511390686035,
          "hz": 10813.587699516042
        },
        {
          "acoustic_entropy": 6.25058126449585,
          "acoustic_entropy_side": 6.6296563148498535,
          "hz": 11833.21735289826
        },
        {
          "acoustic_entropy": 6.097373008728027,
          "acoustic_entropy_side": 6.634890556335449,
          "hz": 12943.144197493959
        },
        {
          "acoustic_entropy": 6.491706371307373,
          "acoustic_entropy_side": 6.639134883880615,
          "hz": 14151.364845322005
        },
        {
          "acoustic_entropy": 6.6194963455200195,
          "acoustic_entropy_side": 6.64015007019043,
          "hz": 15466.58407886509
        },
        {
          "acoustic_entropy": 6.640889644622803,
          "acoustic_entropy_side": 6.640454292297363,
          "hz": 16898.27756580493
        },
        {
          "acoustic_entropy": 6.642336845397949,
          "acoustic_entropy_side": 6.639769077301025,
          "hz": 18456.760127700032
        },
        {
          "acoustic_entropy": 6.640470504760742,
          "acoustic_entropy_side": 6.639398574829102,
          "hz": 20153.260054456492
        },
        {
          "acoustic_entropy": 6.639993190765381,
          "acoustic_entropy_side": 6.639300346374512,
          "hz": 22000.00000000001
        }
      ],
      "diff_acoustic_entropy": 6.6595778465271,
      "sn": 6
    },
    {
      "acoustic_entropy": 9.843209266662598,
      "acoustic_entropy_mono": 9.709280967712402,
      "band_eliminated_acoustic_entropies": [
        {
          "acoustic_entropy": 9.798702239990234,
          "acoustic_entropy_side": 9.843406677246094,
          "hz": 129.47220167065723
        },
        {
          "acoustic_entropy": 10.034798622131348,
          "acoustic_entropy_side": 9.851330757141113,
          "hz": 202.92927478742237
        },
        {
          "acoustic_entropy": 10.538076400756836,
          "acoustic_entropy_side": 9.889616966247559,
          "hz": 282.89161906338205
        },
        {
          "acoustic_entropy": 9.704816818237305,
          "acoustic_entropy_side": 9.908300399780273,
          "hz": 369.9353335868758
        },
        {
          "acoustic_entropy": 10.14302921295166,
          "acoustic_entropy_side": 9.834919929504395,
          "hz": 464.6875360973435
        },
        {
          "acoustic_entropy": 10.108133316040039,
          "acoustic_entropy_side": 9.848465919494629,
          "hz": 567.8308811364784
        },
        {
          "acoustic_entropy": 11.006950378417969,
          "acoustic_entropy_side": 10.05295181274414,
          "hz": 680.1084783214808
        },
        {
          "acoustic_entropy": 10.163553237915039,
          "acoustic_entropy_side": 9.851205825805664,
          "hz": 802.3292461747484
        },
        {
          "acoustic_entropy": 10.541688919067383,
          "acoustic_entropy_side": 9.582290649414062,
          "hz": 935.3737400823702
        },
        {
          "acoustic_entropy": 9.727603912353516,
          "acoustic_entropy_side": 9.205940246582031,
          "hz": 1080.2004963696966
        },
        {
          "acoustic_entropy": 9.999248504638672,
          "acoustic_entropy_side": 9.382006645202637,
          "hz": 1237.8529382007157
        },
        {
          "acoustic_entropy": 9.134748458862305,
          "acoustic_entropy_side": 8.881396293640137,
          "hz": 1409.4668930556702
        },
        {
          "acoustic_entropy": 10.186712265014648,
          "acoustic_entropy_side": 9.651864051818848,
          "hz": 1596.2787759475705
        },
        {
          "acoustic_entropy": 9.986833572387695,
          "acoustic_entropy_side": 9.811944007873535,
          "hz": 1799.6344973346393
        },
        {
          "acoustic_entropy": 9.155131340026855,
          "acoustic_entropy_side": 10.062816619873047,
          "hz": 2020.9991599069049
        },
        {
          "acoustic_entropy": 9.611699104309082,
          "acoustic_entropy_side": 10.068536758422852,
          "hz": 2261.9676141086993
        },
        {
          "acoustic_entropy": 9.276823997497559,
          "acoustic_entropy_side": 10.039896965026855,
          "hz": 2524.2759484456974
        },
        {
          "acoustic_entropy": 10.001287460327148,
          "acoustic_entropy_side": 9.980839729309082,
          "hz": 2809.813997359896
        },
        {
          "acoustic_entropy": 9.520041465759277,
          "acoustic_entropy_side": 9.64156723022461,
          "hz": 3120.6389567871424
        },
        {
          "acoustic_entropy": 9.950458526611328,
          "acoustic_entropy_side": 9.84597396850586,
          "hz": 3458.990205492291
        },
        {
          "acoustic_entropy": 10.106998443603516,
          "acoustic_entropy_side": 9.642266273498535,
          "hz": 3827.305438964164
        },
        {
          "acoustic_entropy": 9.338603973388672,
          "acoustic_entropy_side": 9.214263916015625,
          "hz": 4228.238232109126
        },
        {
          "acoustic_entropy": 9.530755043029785,
          "acoustic_entropy_side": 9.468783378601074,
          "hz": 4664.6771572759235
        },
        {
          "acoustic_entropy": 9.569477081298828,
          "acoustic_entropy_side": 9.436593055725098,
          "hz": 5139.766595350093
        },
        {
          "acoustic_entropy": 9.174735069274902,
          "acoustic_entropy_side": 9.310124397277832,
          "hz": 5656.929389854203
        },
        {
          "acoustic_entropy": 9.49197006225586,
          "acoustic_entropy_side": 9.436654090881348,
          "hz": 6219.891507268283
        },
        {
          "acoustic_entropy": 9.39316177368164,
          "acoustic_entropy_side": 9.444087982177734,
          "hz": 6832.70888123896
        },
        {
          "acoustic_entropy": 9.304160118103027,
          "acoustic_entropy_side": 9.50209903717041,
          "hz": 7499.796634079867
        },
        {
          "acoustic_entropy": 9.447173118591309,
          "acoustic_entropy_side": 9.626398086547852,
          "hz": 8225.96088609342
        },
        {
          "acoustic_entropy": 9.629792213439941,
          "acoustic_entropy_side": 9.686112403869629,
          "hz": 9016.43338188839
        },
        {
          "acoustic_entropy": 9.67632007598877,
          "acoustic_entropy_side": 9.751181602478027,
          "hz": 9876.909183162974
        },
        {
          "acoustic_entropy": 9.905218124389648,
          "acoustic_entropy_side": 9.785846710205078,
          "hz": 10813.587699516042
        },
        {
          "acoustic_entropy": 9.813949584960938,
          "acoustic_entropy_side": 9.828789710998535,
          "hz": 11833.21735289826
        },
        {
          "acoustic_entropy": 9.814193725585938,
          "acoustic_entropy_side": 9.874124526977539,
          "hz": 12943.144197493959
        },
        {
          "acoustic_entropy": 9.902837753295898,
          "acoustic_entropy_side": 9.857257843017578,
          "hz": 14151.364845322005
        },
        {
          "acoustic_entropy": 9.889018058776855,
          "acoustic_entropy_side": 9.839709281921387,
          "hz": 15466.58407886509
        },
        {
          "acoustic_entropy": 9.892638206481934,
          "acoustic_entropy_side": 9.819994926452637,
          "hz": 16898.27756580493
        },
        {
          "acoustic_entropy": 9.858426094055176,
          "acoustic_entropy_side": 9.826336860656738,
          "hz": 18456.760127700032
        },
        {
          "acoustic_entropy": 9.850348472595215,
          "acoustic_entropy_side": 9.83743953704834,
          "hz": 20153.260054456492
        },
        {
          "acoustic_entropy": 9.845664024353027,
          "acoustic_entropy_side": 9.84220027923584,
          "hz": 22000.00000000001
        }
      ],
      "diff_acoustic_entropy": 10.91812515258789,
      "sn": 12
    },
    {
      "acoustic_entropy": 14.391805648803711,
      "acoustic_entropy_mono": 12.925013542175293,
      "band_eliminated_acoustic_entropies": [
        {
          "acoustic_entropy": 14.249043464660645,
          "acoustic_entropy_side": 14.398200988769531,
          "hz": 129.47220167065723
        },
        {
          "acoustic_entropy": 13.374306678771973,
          "acoustic_entropy_side": 14.169368743896484,
          "hz": 202.92927478742237
        },
        {
          "acoustic_entropy": 14.32474136352539,
          "acoustic_entropy_side": 14.275327682495117,
          "hz": 282.89161906338205
        },
        {
          "acoustic_entropy": 14.567303657531738,
          "acoustic_entropy_side": 14.144227027893066,
          "hz": 369.9353335868758
        },
        {
          "acoustic_entropy": 15.428913116455078,
          "acoustic_entropy_side": 13.945121765136719,
          "hz": 464.6875360973435
        },
        {
          "acoustic_entropy": 13.497530937194824,
          "acoustic_entropy_side": 14.37947940826416,
          "hz": 567.8308811364784
        },
        {
          "acoustic_entropy": 14.717076301574707,
          "acoustic_entropy_side": 14.415885925292969,
          "hz": 680.1084783214808
        },
        {
          "acoustic_entropy": 14.376971244812012,
          "acoustic_entropy_side": 14.178571701049805,
          "hz": 802.3292461747484
        },
        {
          "acoustic_entropy": 14.129148483276367,
          "acoustic_entropy_side": 13.803842544555664,
          "hz": 935.3737400823702
        },
        {
          "acoustic_entropy": 14.311431884765625,
          "acoustic_entropy_side": 14.151497840881348,
          "hz": 1080.2004963696966
        },
        {
          "acoustic_entropy": 14.284411430358887,
          "acoustic_entropy_side": 14.359748840332031,
          "hz": 1237.8529382007157
        },
        {
          "acoustic_entropy": 14.291131973266602,
          "acoustic_entropy_side": 14.416401863098145,
          "hz": 1409.4668930556702
        },
        {
          "acoustic_entropy": 14.276408195495605,
          "acoustic_entropy_side": 14.280193328857422,
          "hz": 1596.2787759475705
        },
        {
          "acoustic_entropy": 14.176082611083984,
          "acoustic_entropy_side": 14.432324409484863,
          "hz": 1799.6344973346393
        },
        {
          "acoustic_entropy": 14.364727020263672,
          "acoustic_entropy_side": 14.224930763244629,
          "hz": 2020.9991599069049
        },
        {
          "acoustic_entropy": 14.50346851348877,
          "acoustic_entropy_side": 14.306889533996582,
          "hz": 2261.9676141086993
        },
        {
          "acoustic_entropy": 14.49931812286377,
          "acoustic_entropy_side": 14.109296798706055,
          "hz": 2524.2759484456974
        },
        {
          "acoustic_entropy": 14.363813400268555,
          "acoustic_entropy_side": 14.251265525817871,
          "hz": 2809.813997359896
        },
        {
          "acoustic_entropy": 14.303304672241211,
          "acoustic_entropy_side": 14.278571128845215,
          "hz": 3120.6389567871424
