{
  "acoustic_entropy": 186.065673828125,
  "bands": [
    {
      "high_freq": 148.1999969482422,
      "loudness": -40.30628967285156,
      "loudness_range": 33.76902389526367,
      "mid_mean": -38.19538879394531,
      "mid_to_side_loudness": -9.502870559692383,
      "mid_to_side_loudness_range": 9.74863052368164,
      "side_mean": -48.49969482421875
    },
    {
      "high_freq": 392.3793640136719,
      "loudness": -35.69750213623047,
      "loudness_range": 25.27175521850586,
      "low_freq": 148.1999969482422,
      "mid_mean": -33.59831237792969,
      "mid_to_side_loudness": -5.415396213531494,
      "mid_to_side_loudness_range": 8.886542320251465,
      "side_mean": -39.12889099121094
    },
    {
      "high_freq": 794.6976318359375,
      "loudness": -35.59427261352539,
      "loudness_range": 20.844491958618164,
      "low_freq": 392.3793640136719,
      "mid_mean": -34.2626838684082,
      "mid_to_side_loudness": -1.8600239753723145,
      "mid_to_side_loudness_range": 7.908116340637207,
      "side_mean": -36.18293762207031
    },
    {
      "high_freq": 1457.5709228515625,
      "loudness": -37.18183517456055,
      "loudness_range": 24.255447387695312,
      "low_freq": 794.6976318359375,
      "mid_mean": -35.72517776489258,
      "mid_to_side_loudness": -2.112860918045044,
      "mid_to_side_loudness_range": 7.619290351867676,
      "side_mean": -38.02303695678711
    },
    {
      "high_freq": 2549.74365234375,
      "loudness": -39.4470100402832,
      "loudness_range": 22.76973533630371,
      "low_freq": 1457.5709228515625,
      "mid_mean": -38.26900863647461,
      "mid_to_side_loudness": -1.353193998336792,
      "mid_to_side_loudness_range": 5.014235496520996,
      "side_mean": -39.63190841674805
    },
    {
      "high_freq": 4349.24462890625,
      "loudness": -45.797569274902344,
      "loudness_range": 22.328292846679688,
      "low_freq": 2549.74365234375,
      "mid_mean": -44.889503479003906,
      "mid_to_side_loudness": -0.992332935333252,
      "mid_to_side_loudness_range": 4.490046501159668,
      "side_mean": -45.83612823486328
    },
    {
      "high_freq": 7314.1640625,
      "loudness": -56.502437591552734,
      "loudness_range": 24.716678619384766,
      "low_freq": 4349.24462890625,
      "mid_mean": -55.9659538269043,
      "mid_to_side_loudness": -0.8658828735351562,
      "mid_to_side_loudness_range": 3.74896240234375,
      "side_mean": -56.59309005737305
    },
    {
      "high_freq": 12199.2666015625,
      "loudness": -66.63439178466797,
      "loudness_range": 23.434101104736328,
      "low_freq": 7314.1640625,
      "mid_mean": -63.72223663330078,
      "mid_to_side_loudness": -1.1103284358978271,
      "mid_to_side_loudness_range": 2.9461452960968018,
      "side_mean": -64.22438049316406
    },
    {
      "loudness": -73.84896850585938,
      "loudness_range": 21.687644958496094,
      "low_freq": 12199.2666015625,
      "mid_mean": -67.20552825927734,
      "mid_to_side_loudness": -0.733674943447113,
      "mid_to_side_loudness_range": 2.3327486515045166,
      "side_mean": -67.34881591796875
    }
  ],
  "bands_short": [
    {
      "high_freq": 148.1999969482422,
      "loudness": -45.46842575073242,
      "loudness_range": 36.229366302490234,
      "mid_mean": -42.751007080078125,
      "mid_to_side_loudness": -10.473993301391602,
      "mid_to_side_loudness_range": 15.49300479888916,
      "side_mean": -52.70037841796875
    },
    {
      "high_freq": 392.3793640136719,
      "loudness": -35.594383239746094,
      "loudness_range": 26.53280258178711,
      "low_freq": 148.1999969482422,
      "mid_mean": -33.38718795776367,
      "mid_to_side_loudness": -6.057156085968018,
      "mid_to_side_loudness_range": 11.14424991607666,
      "side_mean": -39.64299392700195
    },
    {
      "high_freq": 794.6976318359375,
      "loudness": -36.02643966674805,
      "loudness_range": 22.21344757080078,
      "low_freq": 392.3793640136719,
      "mid_mean": -34.87615966796875,
      "mid_to_side_loudness": -1.9134806394577026,
      "mid_to_side_loudness_range": 11.501262664794922,
      "side_mean": -36.871177673339844
    },
    {
      "high_freq": 1457.5709228515625,
      "loudness": -37.37700653076172,
      "loudness_range": 25.561054229736328,
      "low_freq": 794.6976318359375,
      "mid_mean": -36.1730842590332,
      "mid_to_side_loudness": -1.9523439407348633,
      "mid_to_side_loudness_range": 11.46029281616211,
      "side_mean": -38.303306579589844
    },
    {
      "high_freq": 2549.74365234375,
      "loudness": -40.09856414794922,
      "loudness_range": 24.590293884277344,
      "low_freq": 1457.5709228515625,
      "mid_mean": -39.12381362915039,
      "mid_to_side_loudness": -1.3147938251495361,
      "mid_to_side_loudness_range": 8.593097686767578,
      "side_mean": -40.43821334838867
    },
    {
      "high_freq": 4349.24462890625,
      "loudness": -46.53091049194336,
      "loudness_range": 24.270702362060547,
      "low_freq": 2549.74365234375,
      "mid_mean": -45.74580383300781,
      "mid_to_side_loudness": -1.0048843622207642,
      "mid_to_side_loudness_range": 7.30210018157959,
      "side_mean": -46.72865676879883
    },
    {
      "high_freq": 7314.1640625,
      "loudness": -57.450443267822266,
      "loudness_range": 26.085918426513672,
      "low_freq": 4349.24462890625,
      "mid_mean": -56.84080505371094,
      "mid_to_side_loudness": -0.9693564176559448,
      "mid_to_side_loudness_range": 5.859865188598633,
      "side_mean": -57.54036331176758
    },
    {
      "high_freq": 12199.2666015625,
      "loudness": -67.54882049560547,
      "loudness_range": 24.679790496826172,
      "low_freq": 7314.1640625,
      "mid_mean": -64.38664245605469,
      "mid_to_side_loudness": -1.1820255517959595,
      "mid_to_side_loudness_range": 4.315974235534668,
      "side_mean": -64.87895202636719
    },
    {
      "loudness": -74.58552551269531,
      "loudness_range": 22.396507263183594,
      "low_freq": 12199.2666015625,
      "mid_mean": -67.5574722290039,
      "mid_to_side_loudness": -0.8422563076019287,
      "mid_to_side_loudness_range": 3.175888776779175,
      "side_mean": -67.70376586914062
    }
  ],
  "bandwidth": 525.4247436523438,
  "channels": 2,
  "covariance": [
    [
      141.1885986328125,
      132.39288330078125,
      81.24958038330078,
      76.12178802490234,
      66.85462188720703,
      68.58673095703125,
      66.5888442993164,
      66.24403381347656,
      68.10456848144531,
      67.86325073242188,
      65.91512298583984,
      67.3187255859375,
      67.14923095703125,
      67.84590911865234,
      44.37827682495117,
      42.363033294677734,
      23.18191909790039,
      22.430734634399414
    ],
    [
      132.39288330078125,
      153.1079864501953,
      86.82575988769531,
      82.4248275756836,
      71.15550231933594,
      73.31682586669922,
      66.89471435546875,
      68.13612365722656,
      69.174072265625,
      69.46650695800781,
      68.12787628173828,
      69.46495056152344,
      70.63487243652344,
      71.30379486083984,
      46.3580322265625,
      44.26741409301758,
      24.08116912841797,
      23.362794876098633
    ],
    [
      81.24958038330078,
      86.82575988769531,
      91.3631362915039,
      77.56015014648438,
      55.099388122558594,
      54.381187438964844,
      59.48704528808594,
      58.131568908691406,
      57.16851806640625,
      56.48003005981445,
      53.586692810058594,
      52.36280059814453,
      52.17098617553711,
      51.19690704345703,
      35.66958999633789,
      33.62916564941406,
      18.445816040039062,
      17.723583221435547
    ],
    [
      76.12178802490234,
      82.4248275756836,
      77.56015014648438,
      78.54087829589844,
      49.348419189453125,
      49.93600845336914,
      51.3422737121582,
      51.46312713623047,
      51.01694869995117,
      50.7302131652832,
      49.137271881103516,
      48.5909309387207,
      48.07938766479492,
      47.62213897705078,
      32.56306457519531,
      30.73978042602539,
      16.67341423034668,
      16.02778434753418
    ],
    [
      66.85462188720703,
      71.15550231933594,
      55.099388122558594,
      49.348419189453125,
      62.43764877319336,
      57.064273834228516,
      58.87493133544922,
      56.71466064453125,
      57.46009826660156,
      56.1385612487793,
      53.73987579345703,
      52.59186935424805,
      50.98073196411133,
      49.70842742919922,
      33.124855041503906,
      31.279739379882812,
      17.0350399017334,
      16.437021255493164
    ],
    [
      68.58673095703125,
      73.31682586669922,
      54.381187438964844,
      49.93600845336914,
      57.064273834228516,
      61.44182205200195,
      53.25754928588867,
      53.0421028137207,
      54.00312423706055,
      53.68735885620117,
      52.008575439453125,
      52.11948013305664,
      49.1606559753418,
      48.6002197265625,
      31.965791702270508,
      30.341445922851562,
      16.359512329101562,
      15.834284782409668
    ],
    [
      66.5888442993164,
      66.89471435546875,
      59.48704528808594,
      51.3422737121582,
      58.87493133544922,
      53.25754928588867,
      85.43247985839844,
      74.20146179199219,
      69.30974578857422,
      66.13033294677734,
      60.44941329956055,
      57.039039611816406,
      56.30801773071289,
      53.10499572753906,
      37.051231384277344,
      34.35562515258789,
      19.073802947998047,
      18.280363082885742
    ],
    [
      66.24403381347656,
      68.13612365722656,
      58.131568908691406,
      51.46312713623047,
      56.71466064453125,
      53.0421028137207,
      74.20146179199219,
      72.99372863769531,
      65.01749420166016,
      62.91847610473633,
      59.890079498291016,
      57.59137725830078,
      56.21145248413086,
      53.803096771240234,
      36.8585090637207,
      34.46595001220703,
      19.046674728393555,
      18.32433319091797
    ],
    [
      68.10456848144531,
      69.174072265625,
      57.16851806640625,
      51.01694869995117,
      57.46009826660156,
      54.00312423706055,
      69.30974578857422,
      65.01749420166016,
      70.39981842041016,
      67.02823638916016,
      62.41537094116211,
      60.37322998046875,
      59.0051383972168,
      56.822811126708984,
      38.09537124633789,
      35.83924102783203,
      19.388639450073242,
      18.69013786315918
    ],
    [
      67.86325073242188,
      69.46650695800781,
      56.48003005981445,
      50.7302131652832,
      56.1385612487793,
      53.68735885620117,
      66.13033294677734,
      62.91847610473633,
      67.02823638916016,
      68.02615356445312,
      61.677642822265625,
      60.01261520385742,
      58.41621398925781,
      56.48162841796875,
      37.80003356933594,
      35.66629409790039,
      19.35603141784668,
      18.698633193969727
    ],
    [
      65.91512298583984,
      68.12787628173828,
      53.586692810058594,
      49.137271881103516,
      53.73987579345703,
      52.008575439453125,
      60.44941329956055,
      59.890079498291016,
      62.41537094116211,
      61.677642822265625,
      67.40966033935547,
      66.19547271728516,
      63.24115753173828,
      62.38789749145508,
      40.36576461791992,
      38.52958679199219,
      20.821231842041016,
      20.23706817626953
    ],
    [
      67.3187255859375,
      69.46495056152344,
      52.36280059814453,
      48.5909309387207,
      52.59186935424805,
      52.11948013305664,
      57.039039611816406,
      57.59137725830078,
      60.37322998046875,
      60.01261520385742,
      66.19547271728516,
      68.98380279541016,
      64.05279541015625,
      64.05158233642578,
      40.84762191772461,
      39.32267379760742,
      21.185447692871094,
      20.643272399902344
    ],
    [
      67.14923095703125,
      70.63487243652344,
      52.17098617553711,
      48.07938766479492,
      50.98073196411133,
      49.1606559753418,
      56.30801773071289,
      56.21145248413086,
      59.0051383972168,
      58.41621398925781,
      63.24115753173828,
      64.05279541015625,
      70.05567169189453,
      68.98438262939453,
      43.72573471069336,
      42.11613845825195,
      22.960403442382812,
      22.409521102905273
    ],
    [
      67.84590911865234,
      71.30379486083984,
      51.19690704345703,
      47.62213897705078,
      49.70842742919922,
      48.6002197265625,
      53.10499572753906,
      53.803096771240234,
      56.822811126708984,
      56.48162841796875,
      62.38789749145508,
      64.05158233642578,
      68.98438262939453,
      69.45301818847656,
      43.537437438964844,
      42.16496658325195,
      22.99479866027832,
      22.47728729248047
    ],
    [
      44.37827682495117,
      46.3580322265625,
      35.66958999633789,
      32.56306457519531,
      33.124855041503906,
      31.965791702270508,
      37.051231384277344,
      36.8585090637207,
      38.09537124633789,
      37.80003356933594,
      40.36576461791992,
      40.84762191772461,
      43.72573471069336,
      43.537437438964844,
      30.352771759033203,
      29.368099212646484,
      16.610767364501953,
      16.2488956451416
    ],
    [
      42.363033294677734,
      44.26741409301758,
      33.62916564941406,
      30.73978042602539,
      31.279739379882812,
      30.341445922851562,
      34.35562515258789,
      34.46595001220703,
      35.83924102783203,
      35.66629409790039,
      38.52958679199219,
      39.32267379760742,
      42.11613845825195,
      42.16496658325195,
      29.368099212646484,
      28.878833770751953,
      16.31882095336914,
      16.027109146118164
    ],
    [
      23.18191909790039,
      24.08116912841797,
      18.445816040039062,
      16.67341423034668,
      17.0350399017334,
      16.359512329101562,
      19.073802947998047,
      19.046674728393555,
      19.388639450073242,
      19.35603141784668,
      20.821231842041016,
      21.185447692871094,
      22.960403442382812,
      22.99479866027832,
      16.610767364501953,
      16.31882095336914,
      9.847321510314941,
      9.653692245483398
    ],
    [
      22.430734634399414,
      23.362794876098633,
      17.723583221435547,
      16.02778434753418,
      16.437021255493164,
      15.834284782409668,
      18.280363082885742,
      18.32433319091797,
      18.69013786315918,
      18.698633193969727,
      20.23706817626953,
      20.643272399902344,
      22.409521102905273,
      22.47728729248047,
      16.2488956451416,
      16.027109146118164,
      9.653692245483398,
      9.571550369262695
    ]
  ],
  "covariance_short": [
    [
      146.5675048828125,
      128.38450622558594,
      83.90703582763672,
      78.51542663574219,
      66.3626480102539,
      67.74901580810547,
      64.87946319580078,
      64.37615203857422,
      65.72313690185547,
      65.15619659423828,
      61.85177993774414,
      62.91761779785156,
      61.693721771240234,
      61.408203125,
      38.22817611694336,
      36.31998062133789,
      19.442501068115234,
      18.68603515625
    ],
    [
      128.38450622558594,
      138.5279998779297,
      81.4695053100586,
      77.9344711303711,
      65.36630249023438,
      67.01649475097656,
      62.74193572998047,
      62.51064682006836,
      63.43492126464844,
      62.904476165771484,
      60.18197250366211,
      60.89474105834961,
      62.08307647705078,
      61.63536834716797,
      38.16136932373047,
      36.11765670776367,
      19.429166793823242,
      18.672603607177734
    ],
    [
      83.90703582763672,
      81.4695053100586,
      96.4700698852539,
      79.16264343261719,
      57.7259635925293,
      57.40255355834961,
      60.97500991821289,
      59.172672271728516,
      59.854740142822266,
      58.52094268798828,
      55.19841384887695,
      54.51060104370117,
      52.25514602661133,
      51.09455108642578,
      33.55669403076172,
      31.35959243774414,
      17.081737518310547,
      16.34751319885254
    ],
    [
      78.51542663574219,
      77.9344711303711,
      79.16264343261719,
      84.45648193359375,
      52.998966217041016,
      53.81597137451172,
      53.88388442993164,
      53.487483978271484,
      54.342735290527344,
      53.30029296875,
      50.66457748413086,
      50.46236801147461,
      48.13007354736328,
      47.42255401611328,
      30.654754638671875,
      28.751428604125977,
      15.550570487976074,
      14.923977851867676
    ],
    [
      66.3626480102539,
      65.36630249023438,
      57.7259635925293,
      52.998966217041016,
      68.26620483398438,
      59.432655334472656,
      59.346012115478516,
      56.245174407958984,
      58.57927322387695,
      56.99257278442383,
      53.485103607177734,
      52.59066390991211,
      49.24657440185547,
      47.72731399536133,
      30.183765411376953,
      28.23834228515625,
      15.039623260498047,
      14.42343807220459
    ],
    [
      67.74901580810547,
      67.01649475097656,
      57.40255355834961,
      53.81597137451172,
      59.432655334472656,
      69.20976257324219,
      54.70528030395508,
      53.59915542602539,
      55.62327194213867,
      54.98492431640625,
      52.229225158691406,
      52.19527053833008,
      48.08330154418945,
      47.260658264160156,
      29.374677658081055,
      27.62704086303711,
      14.532914161682129,
      13.978496551513672
    ],
    [
      64.87946319580078,
      62.74193572998047,
      60.97500991821289,
      53.88388442993164,
      59.346012115478516,
      54.70528030395508,
      91.21293640136719,
      74.4666748046875,
      72.26255798339844,
      68.8757095336914,
      63.1639289855957,
      59.61457443237305,
      57.24281692504883,
      53.708560943603516,
      35.50540542602539,
      32.6578254699707,
      17.842382431030273,
      17.01234245300293
    ],
    [
      64.37615203857422,
      62.51064682006836,
      59.172672271728516,
      53.487483978271484,
      56.245174407958984,
      53.59915542602539,
      74.4666748046875,
      77.18734741210938,
      67.08052062988281,
      64.86713409423828,
      61.922828674316406,
      59.6834831237793,
      56.318485260009766,
      53.738037109375,
      34.71873474121094,
      32.272003173828125,
      17.52719497680664,
      16.79688262939453
    ],
    [
      65.72313690185547,
      63.43492126464844,
      59.854740142822266,
      54.342735290527344,
      58.57927322387695,
      55.62327194213867,
      72.26255798339844,
      67.08052062988281,
      78.35955810546875,
      70.8558120727539,
      66.76237487792969,
      64.51433563232422,
      61.3580207824707,
      58.84767532348633,
      37.40969467163086,
      34.94648361206055,
      18.64885711669922,
      17.890336990356445
    ],
    [
      65.15619659423828,
      62.904476165771484,
      58.52094268798828,
      53.30029296875,
      56.99257278442383,
      54.98492431640625,
      68.8757095336914,
      64.86713409423828,
      70.8558120727539,
      74.84944915771484,
      65.34544372558594,
      63.5401611328125,
      60.150875091552734,
      57.97871017456055,
      36.67210006713867,
      34.38386917114258,
      18.388015747070312,
      17.699710845947266
    ],
    [
      61.85177993774414,
      60.18197250366211,
      55.19841384887695,
      50.66457748413086,
      53.485103607177734,
      52.229225158691406,
      63.1639289855957,
      61.922828674316406,
      66.76237487792969,
      65.34544372558594,
      74.3415298461914,
      70.98262786865234,
      66.23433685302734,
      65.05460357666016,
      40.71303176879883,
      38.6786003112793,
      20.75238037109375,
      20.092031478881836
    ],
    [
      62.91761779785156,
      60.89474105834961,
      54.51060104370117,
      50.46236801147461,
      52.59066390991211,
      52.19527053833008,
      59.61457443237305,
      59.6834831237793,
      64.51433563232422,
      63.5401611328125,
      70.98262786865234,
      75.64414978027344,
      66.88457489013672,
      66.63206481933594,
      41.13547897338867,
      39.46797180175781,
      21.107437133789062,
      20.51013946533203
    ],
    [
      61.693721771240234,
      62.08307647705078,
      52.25514602661133,
      48.13007354736328,
      49.24657440185547,
      48.08330154418945,
      57.24281692504883,
      56.318485260009766,
      61.3580207824707,
      60.150875091552734,
      66.23433685302734,
      66.88457489013672,
      72.07862091064453,
      69.85716247558594,
      43.48479080200195,
      41.69125747680664,
      22.702009201049805,
      22.082918167114258
    ],
    [
      61.408203125,
      61.63536834716797,
      51.09455108642578,
      47.42255401611328,
      47.72731399536133,
      47.260658264160156,
      53.708560943603516,
      53.738037109375,
      58.84767532348633,
      57.97871017456055,
      65.05460357666016,
      66.63206481933594,
      69.85716247558594,
      70.9396743774414,
      43.20761489868164,
      41.749778747558594,
      22.758649826049805,
      22.204469680786133
    ],
    [
      38.22817611694336,
      38.16136932373047,
      33.55669403076172,
      30.654754638671875,
      30.183765411376953,
      29.374677658081055,
      35.50540542602539,
      34.71873474121094,
      37.40969467163086,
      36.67210006713867,
      40.71303176879883,
      41.13547897338867,
      43.48479080200195,
      43.20761489868164,
      30.832275390625,
      29.47889518737793,
      16.862276077270508,
      16.44927215576172
    ],
    [
      36.31998062133789,
      36.11765670776367,
      31.35959243774414,
      28.751428604125977,
      28.23834228515625,
      27.62704086303711,
      32.6578254699707,
      32.272003173828125,
      34.94648361206055,
      34.38386917114258,
      38.6786003112793,
      39.46797180175781,
      41.69125747680664,
      41.749778747558594,
      29.47889518737793,
      29.132455825805664,
      16.521100997924805,
      16.203237533569336
    ],
    [
      19.442501068115234,
      19.429166793823242,
      17.081737518310547,
      15.550570487976074,
      15.039623260498047,
      14.532914161682129,
      17.842382431030273,
      17.52719497680664,
      18.64885711669922,
      18.388015747070312,
      20.75238037109375,
      21.107437133789062,
      22.702009201049805,
      22.758649826049805,
      16.862276077270508,
      16.521100997924805,
      10.372676849365234,
      10.090749740600586
    ],
    [
      18.68603515625,
      18.672603607177734,
      16.34751319885254,
      14.923977851867676,
      14.42343807220459,
      13.978496551513672,
      17.01234245300293,
      16.79688262939453,
      17.890336990356445,
      17.699710845947266,
      20.092031478881836,
      20.51013946533203,
      22.082918167114258,
      22.204469680786133,
      16.44927215576172,
      16.203237533569336,
      10.090749740600586,
      10.07353401184082
    ]
  ],
  "damage": -16.075571060180664,
  "diff_bandwidth": 551.016357421875,
  "dissonance": 6.020170443830965,
  "drr": 7.442672252655029,
  "dynamics": 6.849299430847168,
  "format": 1245190,
  "frames": 22234044,
  "loudness": -25.008176803588867,
  "loudness_range": 20.180023193359375,
  "loudness_range_short": 21.635576248168945,
  "lowpass_true_peak_15khz": -2.096526622772217,
  "mastering3_acoustic_entropies": [
    {
      "acoustic_entropy": 5.055194854736328,
      "acoustic_entropy_mono": 5.734290599822998,
      "band_eliminated_acoustic_entropies": [
        {
          "acoustic_entropy": 5.071401596069336,
          "acoustic_entropy_side": 5.055230617523193,
          "hz": 129.47220167065723
        },
        {
          "acoustic_entropy": 5.357288360595703,
          "acoustic_entropy_side": 4.9636759757995605,
          "hz": 202.92927478742237
        },
        {
          "acoustic_entropy": 5.525919437408447,
          "acoustic_entropy_side": 5.037411689758301,
          "hz": 282.89161906338205
        },
        {
          "acoustic_entropy": 5.391724109649658,
          "acoustic_entropy_side": 5.233650207519531,
          "hz": 369.9353335868758
        },
        {
          "acoustic_entropy": 5.631481170654297,
          "acoustic_entropy_side": 5.401054382324219,
          "hz": 464.6875360973435
        },
        {
          "acoustic_entropy": 5.4271416664123535,
          "acoustic_entropy_side": 5.4234619140625,
          "hz": 567.8308811364784
        },
        {
          "acoustic_entropy": 5.493342399597168,
          "acoustic_entropy_side": 5.330947399139404,
          "hz": 680.1084783214808
        },
        {
          "acoustic_entropy": 5.3975043296813965,
          "acoustic_entropy_side": 5.04893684387207,
          "hz": 802.3292461747484
        },
        {
          "acoustic_entropy": 4.949896812438965,
          "acoustic_entropy_side": 5.267312526702881,
          "hz": 935.3737400823702
        },
        {
          "acoustic_entropy": 5.34323263168335,
          "acoustic_entropy_side": 5.268003463745117,
          "hz": 1080.2004963696966
        },
        {
          "acoustic_entropy": 5.59780740737915,
          "acoustic_entropy_side": 5.521212577819824,
          "hz": 1237.8529382007157
        },
        {
          "acoustic_entropy": 4.7968974113464355,
          "acoustic_entropy_side": 5.385244369506836,
          "hz": 1409.4668930556702
        },
        {
          "acoustic_entropy": 5.3907012939453125,
          "acoustic_entropy_side": 5.488208293914795,
          "hz": 1596.2787759475705
        },
        {
          "acoustic_entropy": 5.455323219299316,
          "acoustic_entropy_side": 5.236782550811768,
          "hz": 1799.6344973346393
        },
        {
          "acoustic_entropy": 5.575409889221191,
          "acoustic_entropy_side": 5.442178726196289,
          "hz": 2020.9991599069049
        },
        {
          "acoustic_entropy": 5.136989116668701,
          "acoustic_entropy_side": 5.159257888793945,
          "hz": 2261.9676141086993
        },
        {
          "acoustic_entropy": 5.211984157562256,
          "acoustic_entropy_side": 5.108694553375244,
          "hz": 2524.2759484456974
        },
        {
          "acoustic_entropy": 5.200472354888916,
          "acoustic_entropy_side": 5.134315013885498,
          "hz": 2809.813997359896
        },
        {
          "acoustic_entropy": 4.967382431030273,
          "acoustic_entropy_side": 4.995186805725098,
          "hz": 3120.6389567871424
        },
        {
          "acoustic_entropy": 5.032007217407227,
          "acoustic_entropy_side": 5.070645809173584,
          "hz": 3458.990205492291
        },
        {
          "acoustic_entropy": 5.0798020362854,
          "acoustic_entropy_side": 5.061482906341553,
          "hz": 3827.305438964164
        },
        {
          "acoustic_entropy": 5.014376640319824,
          "acoustic_entropy_side": 5.0329270362854,
          "hz": 4228.238232109126
        },
        {
          "acoustic_entropy": 5.047842025756836,
          "acoustic_entropy_side": 5.058403491973877,
          "hz": 4664.6771572759235
        },
        {
          "acoustic_entropy": 5.028399467468262,
          "acoustic_entropy_side": 5.0437822341918945,
          "hz": 5139.766595350093
        },
        {
          "acoustic_entropy": 5.0517096519470215,
          "acoustic_entropy_side": 5.0544657707214355,
          "hz": 5656.929389854203
        },
        {
          "acoustic_entropy": 5.048882007598877,
          "acoustic_entropy_side": 5.052357196807861,
          "hz": 6219.891507268283
        },
        {
          "acoustic_entropy": 5.052274703979492,
          "acoustic_entropy_side": 5.054410934448242,
          "hz": 6832.70888123896
        },
        {
          "acoustic_entropy": 5.053564548492432,
          "acoustic_entropy_side": 5.054467678070068,
          "hz": 7499.796634079867
        },
        {
          "acoustic_entropy": 5.055217266082764,
          "acoustic_entropy_side": 5.055149078369141,
          "hz": 8225.96088609342
        },
        {
          "acoustic_entropy": 5.05487060546875,
          "acoustic_entropy_side": 5.0550642013549805,
          "hz": 9016.43338188839
        },
        {
          "acoustic_entropy": 5.055025577545166,
          "acoustic_entropy_side": 5.055089473724365,
          "hz": 9876.909183162974
        },
        {
          "acoustic_entropy": 5.05517053604126,
          "acoustic_entropy_side": 5.055177211761475,
          "hz": 10813.587699516042
        },
        {
          "acoustic_entropy": 5.055154800415039,
          "acoustic_entropy_side": 5.055179595947266,
          "hz": 11833.21735289826
        },
        {
          "acoustic_entropy": 5.055184841156006,
          "acoustic_entropy_side": 5.055193901062012,
          "hz": 12943.144197493959
        },
        {
          "acoustic_entropy": 5.0551838874816895,
          "acoustic_entropy_side": 5.0551886558532715,
          "hz": 14151.364845322005
        },
        {
          "acoustic_entropy": 5.055185317993164,
          "acoustic_entropy_side": 5.05518913269043,
          "hz": 15466.58407886509
        },
        {
          "acoustic_entropy": 5.055183410644531,
          "acoustic_entropy_side": 5.055190563201904,
          "hz": 16898.27756580493
        },
        {
          "acoustic_entropy": 5.05518913269043,
          "acoustic_entropy_side": 5.055192947387695,
          "hz": 18456.760127700032
        },
        {
          "acoustic_entropy": 5.0551934242248535,
          "acoustic_entropy_side": 5.055194854736328,
          "hz": 20153.260054456492
        },
        {
          "acoustic_entropy": 5.055194854736328,
          "acoustic_entropy_side": 5.055194854736328,
          "hz": 22000.00000000001
        }
      ],
      "diff_acoustic_entropy": 3.043666362762451,
      "sn": 6
    },
    {
      "acoustic_entropy": 8.613446235656738,
      "acoustic_entropy_mono": 9.386632919311523,
      "band_eliminated_acoustic_entropies": [
        {
          "acoustic_entropy": 8.560240745544434,
          "acoustic_entropy_side": 8.602306365966797,
          "hz": 129.47220167065723
        },
        {
          "acoustic_entropy": 8.375051498413086,
          "acoustic_entropy_side": 8.47140121459961,
          "hz": 202.92927478742237
        },
        {
          "acoustic_entropy": 8.787971496582031,
          "acoustic_entropy_side": 8.623995780944824,
          "hz": 282.89161906338205
        },
        {
          "acoustic_entropy": 8.341925621032715,
          "acoustic_entropy_side": 8.404193878173828,
          "hz": 369.9353335868758
        },
        {
          "acoustic_entropy": 9.104345321655273,
          "acoustic_entropy_side": 8.67269229888916,
          "hz": 464.6875360973435
        },
        {
          "acoustic_entropy": 9.710613250732422,
          "acoustic_entropy_side": 8.857110977172852,
          "hz": 567.8308811364784
        },
        {
          "acoustic_entropy": 8.513078689575195,
          "acoustic_entropy_side": 8.71310043334961,
          "hz": 680.1084783214808
        },
        {
          "acoustic_entropy": 8.975218772888184,
          "acoustic_entropy_side": 8.570971488952637,
          "hz": 802.3292461747484
        },
        {
          "acoustic_entropy": 8.770123481750488,
          "acoustic_entropy_side": 8.725950241088867,
          "hz": 935.3737400823702
        },
        {
          "acoustic_entropy": 8.584125518798828,
          "acoustic_entropy_side": 8.911956787109375,
          "hz": 1080.2004963696966
        },
        {
          "acoustic_entropy": 9.869794845581055,
          "acoustic_entropy_side": 8.550376892089844,
          "hz": 1237.8529382007157
        },
        {
          "acoustic_entropy": 9.7496976852417,
          "acoustic_entropy_side": 8.722867012023926,
          "hz": 1409.4668930556702
        },
        {
          "acoustic_entropy": 9.971675872802734,
          "acoustic_entropy_side": 9.661474227905273,
          "hz": 1596.2787759475705
        },
        {
          "acoustic_entropy": 10.29342269897461,
          "acoustic_entropy_side": 9.143380165100098,
          "hz": 1799.6344973346393
        },
        {
          "acoustic_entropy": 9.58822250366211,
          "acoustic_entropy_side": 9.279762268066406,
          "hz": 2020.9991599069049
        },
        {
          "acoustic_entropy": 8.714874267578125,
          "acoustic_entropy_side": 9.019776344299316,
          "hz": 2261.9676141086993
        },
        {
          "acoustic_entropy": 8.587074279785156,
          "acoustic_entropy_side": 8.515809059143066,
          "hz": 2524.2759484456974
        },
        {
          "acoustic_entropy": 8.74024486541748,
          "acoustic_entropy_side": 8.76537799835205,
          "hz": 2809.813997359896
        },
        {
          "acoustic_entropy": 8.474740028381348,
          "acoustic_entropy_side": 8.515531539916992,
          "hz": 3120.6389567871424
        },
        {
          "acoustic_entropy": 8.745126724243164,
          "acoustic_entropy_side": 8.697958946228027,
          "hz": 3458.990205492291
        },
        {
          "acoustic_entropy": 8.493309020996094,
          "acoustic_entropy_side": 8.538535118103027,
          "hz": 3827.305438964164
        },
        {
          "acoustic_entropy": 8.611590385437012,
          "acoustic_entropy_side": 8.6255521774292,
          "hz": 4228.238232109126
        },
        {
          "acoustic_entropy": 8.531107902526855,
          "acoustic_entropy_side": 8.596927642822266,
          "hz": 4664.6771572759235
        },
        {
          "acoustic_entropy": 8.607213020324707,
          "acoustic_entropy_side": 8.624420166015625,
          "hz": 5139.766595350093
        },
        {
          "acoustic_entropy": 8.606389999389648,
          "acoustic_entropy_side": 8.610844612121582,
          "hz": 5656.929389854203
        },
        {
          "acoustic_entropy": 8.618734359741211,
          "acoustic_entropy_side": 8.615662574768066,
          "hz": 6219.891507268283
        },
        {
          "acoustic_entropy": 8.617388725280762,
          "acoustic_entropy_side": 8.618426322937012,
          "hz": 6832.70888123896
        },
        {
          "acoustic_entropy": 8.617979049682617,
          "acoustic_entropy_side": 8.61491584777832,
          "hz": 7499.796634079867
        },
        {
          "acoustic_entropy": 8.615631103515625,
          "acoustic_entropy_side": 8.614291191101074,
          "hz": 8225.96088609342
        },
        {
          "acoustic_entropy": 8.615852355957031,
          "acoustic_entropy_side": 8.614653587341309,
          "hz": 9016.43338188839
        },
        {
          "acoustic_entropy": 8.614649772644043,
          "acoustic_entropy_side": 8.613987922668457,
          "hz": 9876.909183162974
        },
        {
          "acoustic_entropy": 8.614190101623535,
          "acoustic_entropy_side": 8.613779067993164,
          "hz": 10813.587699516042
        },
        {
          "acoustic_entropy": 8.613842010498047,
          "acoustic_entropy_side": 8.613640785217285,
          "hz": 11833.21735289826
        },
        {
          "acoustic_entropy": 8.613537788391113,
          "acoustic_entropy_side": 8.613494873046875,
          "hz": 12943.144197493959
        },
        {
          "acoustic_entropy": 8.613536834716797,
          "acoustic_entropy_side": 8.613463401794434,
          "hz": 14151.364845322005
        },
        {
          "acoustic_entropy": 8.613532066345215,
          "acoustic_entropy_side": 8.613482475280762,
          "hz": 15466.58407886509
        },
        {
          "acoustic_entropy": 8.613516807556152,
          "acoustic_entropy_side": 8.613484382629395,
          "hz": 16898.27756580493
        },
        {
          "acoustic_entropy": 8.613492965698242,
          "acoustic_entropy_side": 8.613470077514648,
          "hz": 18456.760127700032
        },
        {
          "acoustic_entropy": 8.613468170166016,
          "acoustic_entropy_side": 8.613459587097168,
          "hz": 20153.260054456492
        },
        {
          "acoustic_entropy": 8.613450050354004,
          "acoustic_entropy_side": 8.613449096679688,
          "hz": 22000.00000000001
        }
      ],
      "diff_acoustic_entropy": 5.794146537780762,
      "sn": 12
    },
    {
      "acoustic_entropy": 17.351337432861328,
      "acoustic_entropy_mono": 16.520647048950195,
      "band_eliminated_acoustic_entropies": [
        {
          "acoustic_entropy": 17.20587730407715,
          "acoustic_entropy_side": 17.35967445373535,
          "hz": 129.47220167065723
        },
        {
          "acoustic_entropy": 16.09572982788086,
          "acoustic_entropy_side": 16.765254974365234,
          "hz": 202.92927478742237
        },
        {
          "acoustic_entropy": 17.30364990234375,
          "acoustic_entropy_side": 17.339902877807617,
          "hz": 282.89161906338205
        },
        {
          "acoustic_entropy": 17.300857543945312,
          "acoustic_entropy_side": 16.483116149902344,
          "hz": 369.9353335868758
        },
        {
          "acoustic_entropy": 18.61420249938965,
          "acoustic_entropy_side": 17.753149032592773,
          "hz": 464.6875360973435
        },
        {
          "acoustic_entropy": 18.025800704956055,
          "acoustic_entropy_side": 16.67120361328125,
          "hz": 567.8308811364784
        },
        {
          "acoustic_entropy": 16.5022029876709,
          "acoustic_entropy_side": 17.676414489746094,
          "hz": 680.1084783214808
        },
        {
          "acoustic_entropy": 17.27368927001953,
          "acoustic_entropy_side": 17.767147064208984,
          "hz": 802.3292461747484
        },
        {
          "acoustic_entropy": 15.686469078063965,
          "acoustic_entropy_side": 17.503206253051758,
          "hz": 935.3737400823702
        },
        {
          "acoustic_entropy": 17.994903564453125,
          "acoustic_entropy_side": 17.05327033996582,
          "hz": 1080.2004963696966
        },
        {
          "acoustic_entropy": 16.576322555541992,
          "acoustic_entropy_side": 17.374080657958984,
          "hz": 1237.8529382007157
        },
        {
          "acoustic_entropy": 17.72745704650879,
          "acoustic_entropy_side": 16.9827938079834,
          "hz": 1409.4668930556702
        },
        {
          "acoustic_entropy": 16.7293643951416,
          "acoustic_entropy_side": 17.58268165588379,
          "hz": 1596.2787759475705
        },
        {
          "acoustic_entropy": 16.97787857055664,
          "acoustic_entropy_side": 17.101404190063477,
          "hz": 1799.6344973346393
        },
        {
          "acoustic_entropy": 17.347553253173828,
          "acoustic_entropy_side": 16.936107635498047,
          "hz": 2020.9991599069049
        },
        {
          "acoustic_entropy": 17.053482055664062,
          "acoustic_entropy_side": 18.13220977783203,
          "hz": 2261.9676141086993
        },
        {
          "acoustic_entropy": 17.405258178710938,
          "acoustic_entropy_side": 16.94141387939453,
          "hz": 2524.2759484456974
        },
        {
          "acoustic_entropy": 17.26117706298828,
          "acoustic_entropy_side": 17.813243865966797,
          "hz": 2809.813997359896
        },
        {
          "acoustic_entropy": 17.415325164794922,
          "acoustic_entropy_side": 17.707202911376953,
          "hz": 3120.6389567871424
        },
        {
          "acoustic_entropy": 17.174175262451172,
          "acoustic_entropy_side": 17.398605346679688,
          "hz": 3458.990205492291
        },
        {
          "acoustic_entropy": 17.341800689697266,
