{
  "acoustic_entropy": 90.35664367675781,
  "bands": [
    {
      "high_freq": 148.1999969482422,
      "loudness": -50.82939529418945,
      "loudness_range": 14.415760040283203,
      "mid_mean": -58.98551940917969,
      "mid_to_side_loudness": -7.887085914611816,
      "mid_to_side_loudness_range": 15.09887981414795,
      "side_mean": -65.08642578125
    },
    {
      "high_freq": 392.3793640136719,
      "loudness": -30.75715446472168,
      "loudness_range": 29.238962173461914,
      "low_freq": 148.1999969482422,
      "mid_mean": -38.28250503540039,
      "mid_to_side_loudness": -4.845732688903809,
      "mid_to_side_loudness_range": 15.202753067016602,
      "side_mean": -53.26774978637695
    },
    {
      "high_freq": 794.6976318359375,
      "loudness": -28.748411178588867,
      "loudness_range": 27.95067024230957,
      "low_freq": 392.3793640136719,
      "mid_mean": -33.620811462402344,
      "mid_to_side_loudness": -5.112229824066162,
      "mid_to_side_loudness_range": 16.214141845703125,
      "side_mean": -51.273338317871094
    },
    {
      "high_freq": 1457.5709228515625,
      "loudness": -29.205453872680664,
      "loudness_range": 29.278881072998047,
      "low_freq": 794.6976318359375,
      "mid_mean": -32.7918815612793,
      "mid_to_side_loudness": -5.274885177612305,
      "mid_to_side_loudness_range": 13.05752944946289,
      "side_mean": -51.89847946166992
    },
    {
      "high_freq": 2549.74365234375,
      "loudness": -34.01213836669922,
      "loudness_range": 40.53997039794922,
      "low_freq": 1457.5709228515625,
      "mid_mean": -51.565059661865234,
      "mid_to_side_loudness": -5.935891628265381,
      "mid_to_side_loudness_range": 12.786019325256348,
      "side_mean": -56.32345962524414
    },
    {
      "high_freq": 4349.24462890625,
      "loudness": -31.858722686767578,
      "loudness_range": 37.0627326965332,
      "low_freq": 2549.74365234375,
      "mid_mean": -52.291988372802734,
      "mid_to_side_loudness": -7.062558650970459,
      "mid_to_side_loudness_range": 16.738332748413086,
      "side_mean": -58.01237487792969
    },
    {
      "high_freq": 7314.1640625,
      "loudness": -33.79561996459961,
      "loudness_range": 37.92115020751953,
      "low_freq": 4349.24462890625,
      "mid_mean": -53.41862106323242,
      "mid_to_side_loudness": -7.143486022949219,
      "mid_to_side_loudness_range": 18.119937896728516,
      "side_mean": -59.1405029296875
    },
    {
      "high_freq": 12199.2666015625,
      "loudness": -34.93927001953125,
      "loudness_range": 40.671695709228516,
      "low_freq": 7314.1640625,
      "mid_mean": -54.1203498840332,
      "mid_to_side_loudness": -7.514413833618164,
      "mid_to_side_loudness_range": 18.3024845123291,
      "side_mean": -59.798675537109375
    },
    {
      "loudness": -40.93513488769531,
      "loudness_range": 48.269588470458984,
      "low_freq": 12199.2666015625,
      "mid_mean": -56.78644943237305,
      "mid_to_side_loudness": -7.493171215057373,
      "mid_to_side_loudness_range": 17.340003967285156,
      "side_mean": -61.48632049560547
    }
  ],
  "bands_short": [
    {
      "high_freq": 148.1999969482422,
      "loudness": -53.65815353393555,
      "loudness_range": 16.68242645263672,
      "mid_mean": -60.97944259643555,
      "mid_to_side_loudness": -7.817429065704346,
      "mid_to_side_loudness_range": 20.423490524291992,
      "side_mean": -66.73927307128906
    },
    {
      "high_freq": 392.3793640136719,
      "loudness": -33.641414642333984,
      "loudness_range": 32.68701934814453,
      "low_freq": 148.1999969482422,
      "mid_mean": -51.02305603027344,
      "mid_to_side_loudness": -4.636756420135498,
      "mid_to_side_loudness_range": 16.74843406677246,
      "side_mean": -55.382347106933594
    },
    {
      "high_freq": 794.6976318359375,
      "loudness": -32.19096755981445,
      "loudness_range": 35.626708984375,
      "low_freq": 392.3793640136719,
      "mid_mean": -39.87215805053711,
      "mid_to_side_loudness": -4.008525848388672,
      "mid_to_side_loudness_range": 16.889163970947266,
      "side_mean": -53.14717483520508
    },
    {
      "high_freq": 1457.5709228515625,
      "loudness": -30.349031448364258,
      "loudness_range": 35.0767822265625,
      "low_freq": 794.6976318359375,
      "mid_mean": -38.224632263183594,
      "mid_to_side_loudness": -3.6689321994781494,
      "mid_to_side_loudness_range": 13.43505573272705,
      "side_mean": -52.97218322753906
    },
    {
      "high_freq": 2549.74365234375,
      "loudness": -35.908626556396484,
      "loudness_range": 26.188941955566406,
      "low_freq": 1457.5709228515625,
      "mid_mean": -53.82966232299805,
      "mid_to_side_loudness": -4.06642484664917,
      "mid_to_side_loudness_range": 13.422088623046875,
      "side_mean": -57.44638442993164
    },
    {
      "high_freq": 4349.24462890625,
      "loudness": -35.001800537109375,
      "loudness_range": 25.492460250854492,
      "low_freq": 2549.74365234375,
      "mid_mean": -55.18473434448242,
      "mid_to_side_loudness": -4.414186954498291,
      "mid_to_side_loudness_range": 21.17226219177246,
      "side_mean": -59.289306640625
    },
    {
      "high_freq": 7314.1640625,
      "loudness": -38.75141525268555,
      "loudness_range": 25.880455017089844,
      "low_freq": 4349.24462890625,
      "mid_mean": -56.974491119384766,
      "mid_to_side_loudness": -4.160640239715576,
      "mid_to_side_loudness_range": 23.957763671875,
      "side_mean": -61.11054992675781
    },
    {
      "high_freq": 12199.2666015625,
      "loudness": -37.13863754272461,
      "loudness_range": 19.080900192260742,
      "low_freq": 7314.1640625,
      "mid_mean": -56.87685012817383,
      "mid_to_side_loudness": -5.03776741027832,
      "mid_to_side_loudness_range": 26.188961029052734,
      "side_mean": -61.509300231933594
    },
    {
      "loudness": -40.12959671020508,
      "loudness_range": 16.364015579223633,
      "low_freq": 12199.2666015625,
      "mid_mean": -58.53171920776367,
      "mid_to_side_loudness": -4.7397027015686035,
      "mid_to_side_loudness_range": 26.349414825439453,
      "side_mean": -62.506046295166016
    }
  ],
  "bandwidth": 893.8364868164062,
  "channels": 2,
  "covariance": [
    [
      141.14830017089844,
      69.52960968017578,
      208.10379028320312,
      191.53807067871094,
      189.1602325439453,
      204.97369384765625,
      175.01577758789062,
      204.19390869140625,
      231.02073669433594,
      173.79112243652344,
      233.1398162841797,
      165.4132537841797,
      224.4029083251953,
      155.90835571289062,
      218.48233032226562,
      148.16824340820312,
      187.2931671142578,
      127.23121643066406
    ],
    [
      69.52960968017578,
      37.60920333862305,
      114.18667602539062,
      94.45916748046875,
      104.41081237792969,
      103.65587615966797,
      98.67957305908203,
      101.61238098144531,
      113.32482147216797,
      87.25060272216797,
      117.34358978271484,
      86.99739074707031,
      114.73279571533203,
      84.13018035888672,
      112.73776245117188,
      81.02619171142578,
      99.41249084472656,
      72.0097427368164
    ],
    [
      208.10379028320312,
      114.18667602539062,
      375.22186279296875,
      272.62310791015625,
      333.8626708984375,
      276.0438232421875,
      303.2734069824219,
      277.98675537109375,
      337.6160583496094,
      260.080322265625,
      356.5735168457031,
      264.3428039550781,
      349.8671875,
      255.88609313964844,
      349.95550537109375,
      248.6273193359375,
      308.77569580078125,
      218.288818359375
    ],
    [
      191.53807067871094,
      94.45916748046875,
      272.62310791015625,
      270.7122497558594,
      238.4698028564453,
      284.9386901855469,
      212.03135681152344,
      282.7200622558594,
      314.51611328125,
      238.9519805908203,
      316.55718994140625,
      224.6715545654297,
      302.5290832519531,
      209.73898315429688,
      297.65301513671875,
      200.92214965820312,
      254.9468231201172,
      171.89324951171875
    ],
    [
      189.1602325439453,
      104.41081237792969,
      333.8626708984375,
      238.4698028564453,
      331.92169189453125,
      247.9440460205078,
      286.8157958984375,
      239.98880004882812,
      315.13726806640625,
      234.11788940429688,
      340.7073059082031,
      246.7170867919922,
      328.8823547363281,
      233.9258270263672,
      326.8318786621094,
      228.9471435546875,
      286.71685791015625,
      198.32516479492188
    ],
    [
      204.97369384765625,
      103.65587615966797,
      276.0438232421875,
      284.9386901855469,
      247.9440460205078,
      319.14276123046875,
      225.71405029296875,
      312.0697326660156,
      336.6458435058594,
      258.1616516113281,
      337.6257019042969,
      247.40147399902344,
      325.6922607421875,
      232.75784301757812,
      317.76251220703125,
      221.5680389404297,
      275.4328918457031,
      192.61817932128906
    ],
    [
      175.01577758789062,
      98.67957305908203,
      303.2734069824219,
      212.03135681152344,
      286.8157958984375,
      225.71405029296875,
      313.5268249511719,
      239.30113220214844,
      288.5083923339844,
      215.6085662841797,
      302.8775329589844,
      225.19827270507812,
      312.3746643066406,
      230.7104949951172,
      307.8293762207031,
      220.19839477539062,
      272.2548522949219,
      196.6351776123047
    ],
    [
      204.19390869140625,
      101.61238098144531,
      277.98675537109375,
      282.7200622558594,
      239.98880004882812,
      312.0697326660156,
      239.30113220214844,
      318.36932373046875,
      335.1480407714844,
      255.09181213378906,
      329.56158447265625,
      239.22598266601562,
      324.43267822265625,
      230.9618377685547,
      315.5956726074219,
      217.10275268554688,
      272.7167663574219,
      189.1845703125
    ],
    [
      231.02073669433594,
      113.32482147216797,
      337.6160583496094,
      314.51611328125,
      315.13726806640625,
      336.6458435058594,
      288.5083923339844,
      335.1480407714844,
      387.69549560546875,
      284.35296630859375,
      392.6770935058594,
      272.07635498046875,
      377.1794128417969,
      254.88497924804688,
      367.2381286621094,
      243.28921508789062,
      312.1995544433594,
      206.07717895507812
    ],
    [
      173.79112243652344,
      87.25060272216797,
      260.080322265625,
      238.9519805908203,
      234.11788940429688,
      258.1616516113281,
      215.6085662841797,
      255.09181213378906,
      284.35296630859375,
      216.89796447753906,
      287.5319519042969,
      207.51914978027344,
      276.9866027832031,
      195.44369506835938,
      271.0325012207031,
      186.51783752441406,
      233.86912536621094,
      161.37362670898438
    ],
    [
      233.1398162841797,
      117.34358978271484,
      356.5735168457031,
      316.55718994140625,
      340.7073059082031,
      337.6257019042969,
      302.8775329589844,
      329.56158447265625,
      392.6770935058594,
      287.5319519042969,
      406.0054016113281,
      281.5120849609375,
      387.1788635253906,
      262.4468994140625,
      378.4756164550781,
      253.1826934814453,
      323.1204528808594,
      215.31297302246094
    ],
    [
      165.4132537841797,
      86.99739074707031,
      264.3428039550781,
      224.6715545654297,
      246.7170867919922,
      247.40147399902344,
      225.19827270507812,
      239.22598266601562,
      272.07635498046875,
      207.51914978027344,
      281.5120849609375,
      206.1466064453125,
      271.5577697753906,
      195.07440185546875,
      266.24359130859375,
      187.9416961669922,
      232.3300018310547,
      164.39056396484375
    ],
    [
      224.4029083251953,
      114.73279571533203,
      349.8671875,
      302.5290832519531,
      328.8823547363281,
      325.6922607421875,
      312.3746643066406,
      324.43267822265625,
      377.1794128417969,
      276.9866027832031,
      387.1788635253906,
      271.5577697753906,
      376.7024841308594,
      259.5503234863281,
      367.5564270019531,
      248.73582458496094,
      315.5852966308594,
      214.0113983154297
    ],
    [
      155.90835571289062,
      84.13018035888672,
      255.88609313964844,
      209.73898315429688,
      233.9258270263672,
      232.75784301757812,
      230.7104949951172,
      230.9618377685547,
      254.88497924804688,
      195.44369506835938,
      262.4468994140625,
      195.07440185546875,
      259.5503234863281,
      191.25225830078125,
      254.061279296875,
      182.89959716796875,
      223.8726043701172,
      162.8560028076172
    ],
    [
      218.48233032226562,
      112.73776245117188,
      349.95550537109375,
      297.65301513671875,
      326.8318786621094,
      317.76251220703125,
      307.8293762207031,
      315.5956726074219,
      367.2381286621094,
      271.0325012207031,
      378.4756164550781,
      266.24359130859375,
      367.5564270019531,
      254.061279296875,
      360.58599853515625,
      244.55258178710938,
      310.2039489746094,
      210.7290496826172
    ],
    [
      148.16824340820312,
      81.02619171142578,
      248.6273193359375,
      200.92214965820312,
      228.9471435546875,
      221.5680389404297,
      220.19839477539062,
      217.10275268554688,
      243.28921508789062,
      186.51783752441406,
      253.1826934814453,
      187.9416961669922,
      248.73582458496094,
      182.89959716796875,
      244.55258178710938,
      176.4226531982422,
      215.77804565429688,
      156.9267578125
    ],
    [
      187.2931671142578,
      99.41249084472656,
      308.77569580078125,
      254.9468231201172,
      286.71685791015625,
      275.4328918457031,
      272.2548522949219,
      272.7167663574219,
      312.1995544433594,
      233.86912536621094,
      323.1204528808594,
      232.3300018310547,
      315.5852966308594,
      223.8726043701172,
      310.2039489746094,
      215.77804565429688,
      270.221435546875,
      188.7469940185547
    ],
    [
      127.23121643066406,
      72.0097427368164,
      218.288818359375,
      171.89324951171875,
      198.32516479492188,
      192.61817932128906,
      196.6351776123047,
      189.1845703125,
      206.07717895507812,
      161.37362670898438,
      215.31297302246094,
      164.39056396484375,
      214.0113983154297,
      162.8560028076172,
      210.7290496826172,
      156.9267578125,
      188.7469940185547,
      142.5929412841797
    ]
  ],
  "covariance_short": [
    [
      112.28435516357422,
      45.1483039855957,
      212.93344116210938,
      157.16160583496094,
      195.84133911132812,
      167.03562927246094,
      188.8797607421875,
      178.58407592773438,
      196.37661743164062,
      149.1638946533203,
      191.66049194335938,
      137.96218872070312,
      174.28048706054688,
      120.44282531738281,
      175.76736450195312,
      116.80270385742188,
      155.3229217529297,
      104.46903228759766
    ],
    [
      45.1483039855957,
      23.305896759033203,
      90.5503921508789,
      65.25221252441406,
      88.4227523803711,
      69.70365142822266,
      86.98713684082031,
      74.68746948242188,
      81.89671325683594,
      63.27042007446289,
      82.9273452758789,
      61.17042922973633,
      76.33773803710938,
      55.532047271728516,
      78.33332061767578,
      55.462406158447266,
      71.1844711303711,
      50.66204071044922
    ],
    [
      212.93344116210938,
      90.5503921508789,
      430.5922546386719,
      317.053466796875,
      381.9925842285156,
      338.7035217285156,
      361.4487609863281,
      359.1760559082031,
      386.9411315917969,
      296.7333984375,
      377.51397705078125,
      274.12103271484375,
      338.7801208496094,
      238.1464385986328,
      349.6147155761719,
      235.00259399414062,
      313.1422119140625,
      213.26551818847656
    ],
    [
      157.16160583496094,
      65.25221252441406,
      317.053466796875,
      243.03321838378906,
      276.6988830566406,
      253.28692626953125,
      251.14076232910156,
      263.15887451171875,
      284.18701171875,
      220.06289672851562,
      274.93359375,
      199.60247802734375,
      245.52513122558594,
      172.41732788085938,
      254.572021484375,
      169.58737182617188,
      223.84010314941406,
      150.06134033203125
    ],
    [
      195.84133911132812,
      88.4227523803711,
      381.9925842285156,
      276.6988830566406,
      399.01544189453125,
      287.42254638671875,
      350.6194152832031,
      300.008056640625,
      366.0114440917969,
      272.79693603515625,
      376.45111083984375,
      267.95123291015625,
      333.61834716796875,
      232.18870544433594,
      346.13751220703125,
      232.74461364746094,
      311.8448486328125,
      210.63681030273438
    ],
    [
      167.03562927246094,
      69.70365142822266,
      338.7035217285156,
      253.28692626953125,
      287.42254638671875,
      281.3070373535156,
      259.74859619140625,
      292.22576904296875,
      305.880859375,
      238.72975158691406,
      296.25274658203125,
      219.34278869628906,
      262.88336181640625,
      187.20925903320312,
      269.3880615234375,
      183.24871826171875,
      241.928466796875,
      167.32069396972656
    ],
    [
      188.8797607421875,
      86.98713684082031,
      361.4487609863281,
      251.14076232910156,
      350.6194152832031,
      259.74859619140625,
      410.91168212890625,
      318.3656311035156,
      355.17852783203125,
      263.8556213378906,
      349.623779296875,
      255.8459930419922,
      337.6065368652344,
      235.23826599121094,
      341.6865539550781,
      233.33184814453125,
      314.6878967285156,
      222.4788055419922
    ],
    [
      178.58407592773438,
      74.68746948242188,
      359.1760559082031,
      263.15887451171875,
      300.008056640625,
      292.22576904296875,
      318.3656311035156,
      330.7416687011719,
      328.0884704589844,
      254.13111877441406,
      308.75933837890625,
      230.46786499023438,
      287.8338928222656,
      202.9033203125,
      288.3919677734375,
      196.60763549804688,
      261.5567932128906,
      183.85891723632812
    ],
    [
      196.37661743164062,
      81.89671325683594,
      386.9411315917969,
      284.18701171875,
      366.0114440917969,
      305.880859375,
      355.17852783203125,
      328.0884704589844,
      363.67059326171875,
      270.5024108886719,
      356.6930236816406,
      253.17466735839844,
      323.06719970703125,
      218.94569396972656,
      329.0195617675781,
      216.03089904785156,
      292.6407775878906,
      194.5194091796875
    ],
    [
      149.1638946533203,
      63.27042007446289,
      296.7333984375,
      220.06289672851562,
      272.79693603515625,
      238.72975158691406,
      263.8556213378906,
      254.13111877441406,
      270.5024108886719,
      210.94931030273438,
      263.437255859375,
      194.9823760986328,
      237.39527893066406,
      168.9348907470703,
      242.75582885742188,
      165.56849670410156,
      218.1805419921875,
      151.70556640625
    ],
    [
      191.66049194335938,
      82.9273452758789,
      377.51397705078125,
      274.93359375,
      376.45111083984375,
      296.25274658203125,
      349.623779296875,
      308.75933837890625,
      356.6930236816406,
      263.437255859375,
      362.80908203125,
      254.66741943359375,
      322.88458251953125,
      218.6796417236328,
      332.2267150878906,
      218.78329467773438,
      293.7035217285156,
      195.24761962890625
    ],
    [
      137.96218872070312,
      61.17042922973633,
      274.12103271484375,
      199.60247802734375,
      267.95123291015625,
      219.34278869628906,
      255.8459930419922,
      230.46786499023438,
      253.17466735839844,
      194.9823760986328,
      254.66741943359375,
      188.3937225341797,
      228.05299377441406,
      163.1146697998047,
      234.85287475585938,
      162.0277557373047,
      211.28842163085938,
      148.339599609375
    ],
    [
      174.28048706054688,
      76.33773803710938,
      338.7801208496094,
      245.52513122558594,
      333.61834716796875,
      262.88336181640625,
      337.6065368652344,
      287.8338928222656,
      323.06719970703125,
      237.39527893066406,
      322.88458251953125,
      228.05299377441406,
      304.0768127441406,
      205.51834106445312,
      304.9823303222656,
      202.44046020507812,
      268.4075622558594,
      180.84181213378906
    ],
    [
      120.44282531738281,
      55.532047271728516,
      238.1464385986328,
      172.41732788085938,
      232.18870544433594,
      187.20925903320312,
      235.23826599121094,
      202.9033203125,
      218.94569396972656,
      168.9348907470703,
      218.6796417236328,
      163.1146697998047,
      205.51834106445312,
      150.49281311035156,
      207.9275360107422,
      146.9026641845703,
      186.5583953857422,
      134.06991577148438
    ],
    [
      175.76736450195312,
      78.33332061767578,
      349.6147155761719,
      254.572021484375,
      346.13751220703125,
      269.3880615234375,
      341.6865539550781,
      288.3919677734375,
      329.0195617675781,
      242.75582885742188,
      332.2267150878906,
      234.85287475585938,
      304.9823303222656,
      207.9275360107422,
      315.45928955078125,
      209.03317260742188,
      277.87933349609375,
      186.9013214111328
    ],
    [
      116.80270385742188,
      55.462406158447266,
      235.00259399414062,
      169.58737182617188,
      232.74461364746094,
      183.24871826171875,
      233.33184814453125,
      196.60763549804688,
      216.03089904785156,
      165.56849670410156,
      218.78329467773438,
      162.0277557373047,
      202.44046020507812,
      146.9026641845703,
      209.03317260742188,
      146.98818969726562,
      188.03639221191406,
      134.4085693359375
    ],
    [
      155.3229217529297,
      71.1844711303711,
      313.1422119140625,
      223.84010314941406,
      311.8448486328125,
      241.928466796875,
      314.6878967285156,
      261.5567932128906,
      292.6407775878906,
      218.1805419921875,
      293.7035217285156,
      211.28842163085938,
      268.4075622558594,
      186.5583953857422,
      277.87933349609375,
      188.03639221191406,
      255.18145751953125,
      176.88211059570312
    ],
    [
      104.46903228759766,
      50.66204071044922,
      213.26551818847656,
      150.06134033203125,
      210.63681030273438,
      167.32069396972656,
      222.4788055419922,
      183.85891723632812,
      194.5194091796875,
      151.70556640625,
      195.24761962890625,
      148.339599609375,
      180.84181213378906,
      134.06991577148438,
      186.9013214111328,
      134.4085693359375,
      176.88211059570312,
      132.4864044189453
    ]
  ],
  "damage": -10.752119064331055,
  "diff_bandwidth": 932.026123046875,
  "dissonance": 7.839596678192135,
  "drr": 1.5657373666763306,
  "dynamics": 8.255485534667969,
  "format": 1245190,
  "frames": 184320,
  "loudness": -17.49204444885254,
  "loudness_range": 30.07098388671875,
  "loudness_range_short": 38.0079345703125,
  "lowpass_true_peak_15khz": -0.48997411131858826,
  "mastering3_acoustic_entropies": [
    {
      "acoustic_entropy": 6.549087047576904,
      "acoustic_entropy_mono": 6.275974273681641,
      "band_eliminated_acoustic_entropies": [
        {
          "acoustic_entropy": 6.549103260040283,
          "acoustic_entropy_side": 6.549087047576904,
          "hz": 129.47220167065723
        },
        {
          "acoustic_entropy": 6.548746585845947,
          "acoustic_entropy_side": 6.5490875244140625,
          "hz": 202.92927478742237
        },
        {
          "acoustic_entropy": 6.524192810058594,
          "acoustic_entropy_side": 6.549221515655518,
          "hz": 282.89161906338205
        },
        {
          "acoustic_entropy": 6.528496742248535,
          "acoustic_entropy_side": 6.544350624084473,
          "hz": 369.9353335868758
        },
        {
          "acoustic_entropy": 6.561639308929443,
          "acoustic_entropy_side": 6.539864540100098,
          "hz": 464.6875360973435
        },
        {
          "acoustic_entropy": 6.634108066558838,
          "acoustic_entropy_side": 6.5614447593688965,
          "hz": 567.8308811364784
        },
        {
          "acoustic_entropy": 6.48063325881958,
          "acoustic_entropy_side": 6.6024065017700195,
          "hz": 680.1084783214808
        },
        {
          "acoustic_entropy": 6.485746383666992,
          "acoustic_entropy_side": 6.542165756225586,
          "hz": 802.3292461747484
        },
        {
          "acoustic_entropy": 6.522829055786133,
          "acoustic_entropy_side": 6.683778762817383,
          "hz": 935.3737400823702
        },
        {
          "acoustic_entropy": 6.586541652679443,
          "acoustic_entropy_side": 6.470302104949951,
          "hz": 1080.2004963696966
        },
        {
          "acoustic_entropy": 6.6569390296936035,
          "acoustic_entropy_side": 6.503567695617676,
          "hz": 1237.8529382007157
        },
        {
          "acoustic_entropy": 6.5785369873046875,
          "acoustic_entropy_side": 6.5552849769592285,
          "hz": 1409.4668930556702
        },
        {
          "acoustic_entropy": 5.23296594619751,
          "acoustic_entropy_side": 6.574216842651367,
          "hz": 1596.2787759475705
        },
        {
          "acoustic_entropy": 6.550210475921631,
          "acoustic_entropy_side": 6.5480055809021,
          "hz": 1799.6344973346393
        },
        {
          "acoustic_entropy": 6.472665309906006,
          "acoustic_entropy_side": 6.5471720695495605,
          "hz": 2020.9991599069049
        },
        {
          "acoustic_entropy": 6.55078125,
          "acoustic_entropy_side": 6.546223163604736,
          "hz": 2261.9676141086993
        },
        {
          "acoustic_entropy": 6.537636756896973,
          "acoustic_entropy_side": 6.547725200653076,
          "hz": 2524.2759484456974
        },
        {
          "acoustic_entropy": 6.535832405090332,
          "acoustic_entropy_side": 6.543249130249023,
          "hz": 2809.813997359896
        },
        {
          "acoustic_entropy": 6.47448205947876,
          "acoustic_entropy_side": 6.548086166381836,
          "hz": 3120.6389567871424
        },
        {
          "acoustic_entropy": 6.527256011962891,
          "acoustic_entropy_side": 6.548623085021973,
          "hz": 3458.990205492291
        },
        {
          "acoustic_entropy": 6.564465045928955,
          "acoustic_entropy_side": 6.548733711242676,
          "hz": 3827.305438964164
        },
        {
          "acoustic_entropy": 6.509579181671143,
          "acoustic_entropy_side": 6.543935298919678,
          "hz": 4228.238232109126
        },
        {
          "acoustic_entropy": 6.654270172119141,
          "acoustic_entropy_side": 6.630214691162109,
          "hz": 4664.6771572759235
        },
        {
          "acoustic_entropy": 6.515084743499756,
          "acoustic_entropy_side": 6.531651973724365,
          "hz": 5139.766595350093
        },
        {
          "acoustic_entropy": 6.731480598449707,
          "acoustic_entropy_side": 6.570644378662109,
          "hz": 5656.929389854203
        },
        {
          "acoustic_entropy": 6.365040302276611,
          "acoustic_entropy_side": 6.556852340698242,
          "hz": 6219.891507268283
        },
        {
          "acoustic_entropy": 6.514420032501221,
          "acoustic_entropy_side": 6.544704437255859,
          "hz": 6832.70888123896
        },
        {
          "acoustic_entropy": 6.535275459289551,
          "acoustic_entropy_side": 6.556079387664795,
          "hz": 7499.796634079867
        },
        {
          "acoustic_entropy": 6.61094331741333,
          "acoustic_entropy_side": 6.551698684692383,
          "hz": 8225.96088609342
        },
        {
          "acoustic_entropy": 6.513006210327148,
          "acoustic_entropy_side": 6.547447681427002,
          "hz": 9016.43338188839
        },
        {
          "acoustic_entropy": 6.5518693923950195,
          "acoustic_entropy_side": 6.557806491851807,
          "hz": 9876.909183162974
        },
        {
          "acoustic_entropy": 6.548746585845947,
          "acoustic_entropy_side": 6.550536632537842,
          "hz": 10813.587699516042
        },
        {
          "acoustic_entropy": 6.564879894256592,
          "acoustic_entropy_side": 6.548226356506348,
          "hz": 11833.21735289826
        },
        {
          "acoustic_entropy": 6.52901029586792,
          "acoustic_entropy_side": 6.54508638381958,
          "hz": 12943.144197493959
        },
        {
          "acoustic_entropy": 6.516983509063721,
          "acoustic_entropy_side": 6.539329528808594,
          "hz": 14151.364845322005
        },
        {
          "acoustic_entropy": 6.523416996002197,
          "acoustic_entropy_side": 6.542785167694092,
          "hz": 15466.58407886509
        },
        {
          "acoustic_entropy": 6.546468734741211,
          "acoustic_entropy_side": 6.548947334289551,
          "hz": 16898.27756580493
        },
        {
          "acoustic_entropy": 6.54925537109375,
          "acoustic_entropy_side": 6.549100399017334,
          "hz": 18456.760127700032
        },
        {
          "acoustic_entropy": 6.549107551574707,
          "acoustic_entropy_side": 6.549068450927734,
          "hz": 20153.260054456492
        },
        {
          "acoustic_entropy": 6.549073696136475,
          "acoustic_entropy_side": 6.549086570739746,
          "hz": 22000.00000000001
        }
      ],
      "diff_acoustic_entropy": 6.891853332519531,
      "sn": 6
    },
    {
      "acoustic_entropy": 8.323296546936035,
      "acoustic_entropy_mono": 7.568697929382324,
      "band_eliminated_acoustic_entropies": [
        {
          "acoustic_entropy": 8.323466300964355,
          "acoustic_entropy_side": 8.323295593261719,
          "hz": 129.47220167065723
        },
        {
          "acoustic_entropy": 8.324938774108887,
          "acoustic_entropy_side": 8.323290824890137,
          "hz": 202.92927478742237
        },
        {
          "acoustic_entropy": 8.31032657623291,
          "acoustic_entropy_side": 8.322969436645508,
          "hz": 282.89161906338205
        },
        {
          "acoustic_entropy": 8.34414005279541,
          "acoustic_entropy_side": 8.33733081817627,
          "hz": 369.9353335868758
        },
        {
          "acoustic_entropy": 8.314140319824219,
          "acoustic_entropy_side": 8.298742294311523,
          "hz": 464.6875360973435
        },
        {
          "acoustic_entropy": 8.418889999389648,
          "acoustic_entropy_side": 8.350604057312012,
          "hz": 567.8308811364784
        },
        {
          "acoustic_entropy": 8.561094284057617,
          "acoustic_entropy_side": 8.409995079040527,
          "hz": 680.1084783214808
        },
        {
          "acoustic_entropy": 8.279394149780273,
          "acoustic_entropy_side": 8.316243171691895,
          "hz": 802.3292461747484
        },
        {
          "acoustic_entropy": 8.264134407043457,
          "acoustic_entropy_side": 8.386407852172852,
          "hz": 935.3737400823702
        },
        {
          "acoustic_entropy": 7.881656646728516,
          "acoustic_entropy_side": 7.986141681671143,
          "hz": 1080.2004963696966
        },
        {
          "acoustic_entropy": 8.461944580078125,
          "acoustic_entropy_side": 8.385091781616211,
          "hz": 1237.8529382007157
        },
        {
          "acoustic_entropy": 8.168152809143066,
          "acoustic_entropy_side": 8.276731491088867,
          "hz": 1409.4668930556702
        },
        {
          "acoustic_entropy": 7.259803295135498,
          "acoustic_entropy_side": 8.354883193969727,
          "hz": 1596.2787759475705
        },
        {
          "acoustic_entropy": 8.26721477508545,
          "acoustic_entropy_side": 8.312416076660156,
          "hz": 1799.6344973346393
        },
        {
          "acoustic_entropy": 8.33364200592041,
          "acoustic_entropy_side": 8.337532997131348,
          "hz": 2020.9991599069049
        },
        {
          "acoustic_entropy": 8.351846694946289,
          "acoustic_entropy_side": 8.31148910522461,
          "hz": 2261.9676141086993
        },
        {
          "acoustic_entropy": 8.320929527282715,
          "acoustic_entropy_side": 8.323042869567871,
          "hz": 2524.2759484456974
        },
        {
          "acoustic_entropy": 8.2675142288208,
          "acoustic_entropy_side": 8.326441764831543,
          "hz": 2809.813997359896
        },
        {
          "acoustic_entropy": 8.328116416931152,
          "acoustic_entropy_side": 8.331071853637695,
          "hz": 3120.6389567871424
        },
        {
          "acoustic_entropy": 8.266648292541504,
          "acoustic_entropy_side": 8.322172164916992,
          "hz": 3458.990205492291
        },
        {
          "acoustic_entropy": 8.352109909057617,
          "acoustic_entropy_side": 8.32177734375,
          "hz": 3827.305438964164
        },
        {
          "acoustic_entropy": 8.291841506958008,
          "acoustic_entropy_side": 8.313499450683594,
          "hz": 4228.238232109126
        },
        {
          "acoustic_entropy": 8.188851356506348,
          "acoustic_entropy_side": 8.258441925048828,
          "hz": 4664.6771572759235
        },
        {
          "acoustic_entropy": 8.317244529724121,
          "acoustic_entropy_side": 8.307756423950195,
          "hz": 5139.766595350093
        },
        {
          "acoustic_entropy": 8.468995094299316,
          "acoustic_entropy_side": 8.231705665588379,
          "hz": 5656.929389854203
        },
        {
          "acoustic_entropy": 7.882429122924805,
          "acoustic_entropy_side": 8.339067459106445,
          "hz": 6219.891507268283
        },
        {
          "acoustic_entropy": 8.325312614440918,
          "acoustic_entropy_side": 8.31070327758789,
          "hz": 6832.70888123896
        },
        {
          "acoustic_entropy": 8.12221908569336,
          "acoustic_entropy_side": 8.253213882446289,
          "hz": 7499.796634079867
        },
        {
          "acoustic_entropy": 8.363311767578125,
          "acoustic_entropy_side": 8.336394309997559,
          "hz": 8225.96088609342
        },
        {
          "acoustic_entropy": 8.237823486328125,
          "acoustic_entropy_side": 8.280856132507324,
          "hz": 9016.43338188839
        },
        {
          "acoustic_entropy": 8.333122253417969,
          "acoustic_entropy_side": 8.316156387329102,
          "hz": 9876.909183162974
        },
        {
          "acoustic_entropy": 8.307209014892578,
          "acoustic_entropy_side": 8.319908142089844,
          "hz": 10813.587699516042
        },
        {
          "acoustic_entropy": 8.375770568847656,
          "acoustic_entropy_side": 8.322487831115723,
          "hz": 11833.21735289826
        },
        {
          "acoustic_entropy": 8.354995727539062,
          "acoustic_entropy_side": 8.30539608001709,
          "hz": 12943.144197493959
        },
        {
          "acoustic_entropy": 8.315905570983887,
          "acoustic_entropy_side": 8.3001070022583,
          "hz": 14151.364845322005
        },
        {
          "acoustic_entropy": 8.315372467041016,
          "acoustic_entropy_side": 8.306227684020996,
          "hz": 15466.58407886509
        },
        {
          "acoustic_entropy": 8.330946922302246,
          "acoustic_entropy_side": 8.320268630981445,
          "hz": 16898.27756580493
        },
        {
          "acoustic_entropy": 8.326071739196777,
          "acoustic_entropy_side": 8.323413848876953,
          "hz": 18456.760127700032
        },
        {
          "acoustic_entropy": 8.320923805236816,
          "acoustic_entropy_side": 8.323139190673828,
          "hz": 20153.260054456492
        },
        {
          "acoustic_entropy": 8.323269844055176,
          "acoustic_entropy_side": 8.323286056518555,
          "hz": 22000.00000000001
        }
      ],
      "diff_acoustic_entropy": 9.016519546508789,
      "sn": 12
    },
    {
      "acoustic_entropy": 10.585253715515137,
      "acoustic_entropy_mono": 9.276192665100098,
      "band_eliminated_acoustic_entropies": [
        {
          "acoustic_entropy": 10.597082138061523,
          "acoustic_entropy_side": 10.585249900817871,
          "hz": 129.47220167065723
        },
        {
          "acoustic_entropy": 10.592617988586426,
          "acoustic_entropy_side": 10.58454704284668,
          "hz": 202.92927478742237
        },
        {
          "acoustic_entropy": 10.368687629699707,
          "acoustic_entropy_side": 10.552618980407715,
          "hz": 282.89161906338205
        },
        {
          "acoustic_entropy": 10.64758586883545,
          "acoustic_entropy_side": 10.567177772521973,
          "hz": 369.9353335868758
        },
        {
          "acoustic_entropy": 10.69260311126709,
          "acoustic_entropy_side": 10.580108642578125,
          "hz": 464.6875360973435
        },
        {
          "acoustic_entropy": 10.817208290100098,
          "acoustic_entropy_side": 10.581732749938965,
          "hz": 567.8308811364784
        },
        {
          "acoustic_entropy": 10.577385902404785,
          "acoustic_entropy_side": 10.701979637145996,
          "hz": 680.1084783214808
        },
        {
          "acoustic_entropy": 11.08745002746582,
          "acoustic_entropy_side": 10.83864688873291,
          "hz": 802.3292461747484
        },
        {
          "acoustic_entropy": 10.538944244384766,
          "acoustic_entropy_side": 10.734772682189941,
          "hz": 935.3737400823702
        },
        {
          "acoustic_entropy": 10.577033996582031,
          "acoustic_entropy_side": 10.56725025177002,
          "hz": 1080.2004963696966
        },
        {
          "acoustic_entropy": 10.708903312683105,
          "acoustic_entropy_side": 10.65024185180664,
          "hz": 1237.8529382007157
        },
        {
          "acoustic_entropy": 10.78003978729248,
          "acoustic_entropy_side": 10.557011604309082,
          "hz": 1409.4668930556702
        },
        {
          "acoustic_entropy": 9.678513526916504,
          "acoustic_entropy_side": 10.48685073852539,
          "hz": 1596.2787759475705
        },
        {
          "acoustic_entropy": 10.624032020568848,
          "acoustic_entropy_side": 10.519652366638184,
          "hz": 1799.6344973346393
        },
        {
          "acoustic_entropy": 10.689595222473145,
          "acoustic_entropy_side": 10.61832046508789,
          "hz": 2020.9991599069049
        },
        {
          "acoustic_entropy": 10.641557693481445,
          "acoustic_entropy_side": 10.510834693908691,
          "hz": 2261.9676141086993
        },
        {
          "acoustic_entropy": 10.579317092895508,
          "acoustic_entropy_side": 10.598751068115234,
          "hz": 2524.2759484456974
        },
        {
          "acoustic_entropy": 10.561546325683594,
          "acoustic_entropy_side": 10.563138008117676,
          "hz": 2809.813997359896
        },
        {
          "acoustic_entropy": 10.612720489501953,
          "acoustic_entropy_side": 10.741491317749023,
          "hz": 3120.6389567871424
        },
        {
          "acoustic_entropy": 10.496800422668457,
          "acoustic_entropy_side": 10.592391967773438,
