{
  "acoustic_entropy": 147.8137664794922,
  "bands": [
    {
      "high_freq": 148.1999969482422,
      "loudness": -40.50825881958008,
      "loudness_range": 19.904457092285156,
      "mid_mean": -37.57074737548828,
      "mid_to_side_loudness": -9.466063499450684,
      "mid_to_side_loudness_range": 11.093091011047363,
      "side_mean": -47.18181228637695
    },
    {
      "high_freq": 392.3793640136719,
      "loudness": -27.991092681884766,
      "loudness_range": 12.559865951538086,
      "low_freq": 148.1999969482422,
      "mid_mean": -25.811738967895508,
      "mid_to_side_loudness": -5.01086950302124,
      "mid_to_side_loudness_range": 13.345993041992188,
      "side_mean": -31.33344268798828
    },
    {
      "high_freq": 794.6976318359375,
      "loudness": -26.068098068237305,
      "loudness_range": 13.197189331054688,
      "low_freq": 392.3793640136719,
      "mid_mean": -24.918663024902344,
      "mid_to_side_loudness": -1.3279647827148438,
      "mid_to_side_loudness_range": 7.555322647094727,
      "side_mean": -26.46784019470215
    },
    {
      "high_freq": 1457.5709228515625,
      "loudness": -33.817420959472656,
      "loudness_range": 18.35985565185547,
      "low_freq": 794.6976318359375,
      "mid_mean": -32.64540100097656,
      "mid_to_side_loudness": -1.3245272636413574,
      "mid_to_side_loudness_range": 6.231875419616699,
      "side_mean": -34.01925277709961
    },
    {
      "high_freq": 2549.74365234375,
      "loudness": -38.406070709228516,
      "loudness_range": 17.59585952758789,
      "low_freq": 1457.5709228515625,
      "mid_mean": -37.606441497802734,
      "mid_to_side_loudness": -0.49047598242759705,
      "mid_to_side_loudness_range": 5.852323532104492,
      "side_mean": -38.20840072631836
    },
    {
      "high_freq": 4349.24462890625,
      "loudness": -44.71918869018555,
      "loudness_range": 20.337413787841797,
      "low_freq": 2549.74365234375,
      "mid_mean": -44.20615768432617,
      "mid_to_side_loudness": -0.31646430492401123,
      "mid_to_side_loudness_range": 5.642937183380127,
      "side_mean": -44.833961486816406
    },
    {
      "high_freq": 7314.1640625,
      "loudness": -59.66522216796875,
      "loudness_range": 23.935474395751953,
      "low_freq": 4349.24462890625,
      "mid_mean": -59.81114196777344,
      "mid_to_side_loudness": -0.5407534241676331,
      "mid_to_side_loudness_range": 6.644632339477539,
      "side_mean": -60.4908561706543
    },
    {
      "high_freq": 12199.2666015625,
      "loudness": -71.20951843261719,
      "loudness_range": 22.604007720947266,
      "low_freq": 7314.1640625,
      "mid_mean": -67.82402038574219,
      "mid_to_side_loudness": 0.2053864449262619,
      "mid_to_side_loudness_range": 6.661044120788574,
      "side_mean": -67.95140838623047
    },
    {
      "loudness": 0,
      "loudness_range": 0,
      "low_freq": 12199.2666015625,
      "mid_mean": -69.9653091430664,
      "mid_to_side_loudness": 5.412896156311035,
      "mid_to_side_loudness_range": 16.906818389892578,
      "side_mean": -69.96729278564453
    }
  ],
  "bands_short": [
    {
      "high_freq": 148.1999969482422,
      "loudness": -46.69393539428711,
      "loudness_range": 24.165111541748047,
      "mid_mean": -43.783145904541016,
      "mid_to_side_loudness": -11.989236831665039,
      "mid_to_side_loudness_range": 17.5052547454834,
      "side_mean": -56.32307434082031
    },
    {
      "high_freq": 392.3793640136719,
      "loudness": -28.38482093811035,
      "loudness_range": 13.810474395751953,
      "low_freq": 148.1999969482422,
      "mid_mean": -26.29083824157715,
      "mid_to_side_loudness": -4.836540222167969,
      "mid_to_side_loudness_range": 14.354702949523926,
      "side_mean": -31.53584861755371
    },
    {
      "high_freq": 794.6976318359375,
      "loudness": -26.632959365844727,
      "loudness_range": 15.053777694702148,
      "low_freq": 392.3793640136719,
      "mid_mean": -25.394594192504883,
      "mid_to_side_loudness": -1.7812532186508179,
      "mid_to_side_loudness_range": 10.724451065063477,
      "side_mean": -27.472864151000977
    },
    {
      "high_freq": 1457.5709228515625,
      "loudness": -32.80869674682617,
      "loudness_range": 19.544795989990234,
      "low_freq": 794.6976318359375,
      "mid_mean": -31.83902359008789,
      "mid_to_side_loudness": -1.0130573511123657,
      "mid_to_side_loudness_range": 7.705493927001953,
      "side_mean": -32.917686462402344
    },
    {
      "high_freq": 2549.74365234375,
      "loudness": -39.05939483642578,
      "loudness_range": 18.783653259277344,
      "low_freq": 1457.5709228515625,
      "mid_mean": -38.32666778564453,
      "mid_to_side_loudness": -0.4402622580528259,
      "mid_to_side_loudness_range": 7.5241594314575195,
      "side_mean": -38.89287185668945
    },
    {
      "high_freq": 4349.24462890625,
      "loudness": -45.81377029418945,
      "loudness_range": 22.98432159423828,
      "low_freq": 2549.74365234375,
      "mid_mean": -45.576717376708984,
      "mid_to_side_loudness": -0.10416564345359802,
      "mid_to_side_loudness_range": 7.348846435546875,
      "side_mean": -45.87385559082031
    },
    {
      "high_freq": 7314.1640625,
      "loudness": -60.39302062988281,
      "loudness_range": 27.00054168701172,
      "low_freq": 4349.24462890625,
      "mid_mean": -60.5605583190918,
      "mid_to_side_loudness": -0.7068309783935547,
      "mid_to_side_loudness_range": 8.83785629272461,
      "side_mean": -61.3969841003418
    },
    {
      "high_freq": 12199.2666015625,
      "loudness": -72.66588592529297,
      "loudness_range": 23.537372589111328,
      "low_freq": 7314.1640625,
      "mid_mean": -68.46727752685547,
      "mid_to_side_loudness": 0.6586328744888306,
      "mid_to_side_loudness_range": 7.85842227935791,
      "side_mean": -68.5708999633789
    },
    {
      "loudness": -83.42638397216797,
      "loudness_range": 12.69793701171875,
      "low_freq": 12199.2666015625,
      "mid_mean": -69.96794128417969,
      "mid_to_side_loudness": 8.216816902160645,
      "mid_to_side_loudness_range": 25.76215934753418,
      "side_mean": -69.96845245361328
    }
  ],
  "bandwidth": 592.3038330078125,
  "channels": 2,
  "covariance": [
    [
      49.605072021484375,
      46.308082580566406,
      19.66350555419922,
      13.295890808105469,
      19.3004093170166,
      20.250802993774414,
      25.608613967895508,
      26.981088638305664,
      28.83477210998535,
      27.864038467407227,
      29.114112854003906,
      31.12274932861328,
      31.46137237548828,
      30.567129135131836,
      9.847639083862305,
      9.441295623779297,
      0.17044715583324432,
      0.1272839605808258
    ],
    [
      46.308082580566406,
      57.96360397338867,
      15.436685562133789,
      9.237314224243164,
      17.637636184692383,
      18.80616569519043,
      25.341779708862305,
      25.833017349243164,
      27.323949813842773,
      26.79111099243164,
      28.61787223815918,
      29.85137367248535,
      30.519262313842773,
      31.017742156982422,
      10.480093955993652,
      10.317002296447754,
      0.20111586153507233,
      0.1427239626646042
    ],
    [
      19.66350555419922,
      15.436685562133789,
      34.779850006103516,
      22.57604217529297,
      16.283000946044922,
      17.3529109954834,
      23.099727630615234,
      22.596630096435547,
      26.765548706054688,
      25.20685386657715,
      25.529544830322266,
      26.290008544921875,
      25.811168670654297,
      23.879560470581055,
      5.622534275054932,
      4.883137226104736,
      0.0793757513165474,
      0.06104361265897751
    ],
    [
      13.295890808105469,
      9.237314224243164,
      22.57604217529297,
      27.346731185913086,
      15.679839134216309,
      16.11894989013672,
      17.391483306884766,
      18.570463180541992,
      20.693552017211914,
      19.39354705810547,
      17.141368865966797,
      17.725683212280273,
      18.304941177368164,
      17.4432373046875,
      4.022615909576416,
      3.71689510345459,
      0.07026837021112442,
      0.044562529772520065
    ],
    [
      19.3004093170166,
      17.637636184692383,
      16.283000946044922,
      15.679839134216309,
      33.52549743652344,
      28.625244140625,
      23.782047271728516,
      26.720766067504883,
      30.3907470703125,
      28.91196060180664,
      30.546350479125977,
      31.860971450805664,
      30.25727081298828,
      29.65142250061035,
      9.816843032836914,
      9.421796798706055,
      0.16755542159080505,
      0.11672016233205795
    ],
    [
      20.250802993774414,
      18.80616569519043,
      17.3529109954834,
      16.11894989013672,
      28.625244140625,
      32.27774429321289,
      26.130435943603516,
      27.732309341430664,
      33.1440544128418,
      30.43340492248535,
      33.388309478759766,
      34.499881744384766,
      31.63569450378418,
      30.506383895874023,
      10.184330940246582,
      9.800132751464844,
      0.18130259215831757,
      0.12947764992713928
    ],
    [
      25.608613967895508,
      25.341779708862305,
      23.099727630615234,
      17.391483306884766,
      23.782047271728516,
      26.130435943603516,
      38.094032287597656,
      35.097328186035156,
      35.737571716308594,
      33.250877380371094,
      37.466365814208984,
      38.71266555786133,
      36.93095779418945,
      37.83137512207031,
      13.574468612670898,
      13.227479934692383,
      0.22786641120910645,
      0.17389091849327087
    ],
    [
      26.981088638305664,
      25.833017349243164,
      22.596630096435547,
      18.570463180541992,
      26.720766067504883,
      27.732309341430664,
      35.097328186035156,
      36.90529251098633,
      36.23283004760742,
      34.241397857666016,
      36.92140579223633,
      38.18071365356445,
      36.991275787353516,
      37.632816314697266,
      13.119802474975586,
      12.740057945251465,
      0.2215975522994995,
      0.16760669648647308
    ],
    [
      28.83477210998535,
      27.323949813842773,
      26.765548706054688,
      20.693552017211914,
      30.3907470703125,
      33.1440544128418,
      35.737571716308594,
      36.23283004760742,
      45.46083450317383,
      39.86296081542969,
      44.74202346801758,
      46.280941009521484,
      42.907772064208984,
      42.000694274902344,
      13.876367568969727,
      13.282109260559082,
      0.2490410953760147,
      0.17757177352905273
    ],
    [
      27.864038467407227,
      26.79111099243164,
      25.20685386657715,
      19.39354705810547,
      28.91196060180664,
      30.43340492248535,
      33.250877380371094,
      34.241397857666016,
      39.86296081542969,
      38.63197708129883,
      40.75642395019531,
      41.94091796875,
      40.04003143310547,
      39.285465240478516,
      12.98669147491455,
      12.52022933959961,
      0.23126652836799622,
      0.1685037463903427
    ],
    [
      29.114112854003906,
      28.61787223815918,
      25.529544830322266,
      17.141368865966797,
      30.546350479125977,
      33.388309478759766,
      37.466365814208984,
      36.92140579223633,
      44.74202346801758,
      40.75642395019531,
      59.302345275878906,
      57.22103500366211,
      51.524356842041016,
      50.319923400878906,
      17.26276206970215,
      16.80540657043457,
      0.2999473512172699,
      0.21623964607715607
    ],
    [
      31.12274932861328,
      29.85137367248535,
      26.290008544921875,
      17.725683212280273,
      31.860971450805664,
      34.499881744384766,
      38.71266555786133,
      38.18071365356445,
      46.280941009521484,
      41.94091796875,
      57.22103500366211,
      60.529788970947266,
      51.4653205871582,
      50.49805450439453,
      17.49964141845703,
      16.720502853393555,
      0.28233805298805237,
      0.20263008773326874
    ],
    [
      31.46137237548828,
      30.519262313842773,
      25.811168670654297,
      18.304941177368164,
      30.25727081298828,
      31.63569450378418,
      36.93095779418945,
      36.991275787353516,
      42.907772064208984,
      40.04003143310547,
      51.524356842041016,
      51.4653205871582,
      59.73612594604492,
      57.620025634765625,
      19.912282943725586,
      19.29414939880371,
      0.3473435342311859,
      0.2541157901287079
    ],
    [
      30.567129135131836,
      31.017742156982422,
      23.879560470581055,
      17.4432373046875,
      29.65142250061035,
      30.506383895874023,
      37.83137512207031,
      37.632816314697266,
      42.000694274902344,
      39.285465240478516,
      50.319923400878906,
      50.49805450439453,
      57.620025634765625,
      58.127532958984375,
      20.65072250366211,
      20.22177505493164,
      0.3766385018825531,
      0.2728404700756073
    ],
    [
      9.847639083862305,
      10.480093955993652,
      5.622534275054932,
      4.022615909576416,
      9.816843032836914,
      10.184330940246582,
      13.574468612670898,
      13.119802474975586,
      13.876367568969727,
      12.98669147491455,
      17.26276206970215,
      17.49964141845703,
      19.912282943725586,
      20.65072250366211,
      11.284173011779785,
      11.05203628540039,
      0.24995116889476776,
      0.1757010817527771
    ],
    [
      9.441295623779297,
      10.317002296447754,
      4.883137226104736,
      3.71689510345459,
      9.421796798706055,
      9.800132751464844,
      13.227479934692383,
      12.740057945251465,
      13.282109260559082,
      12.52022933959961,
      16.80540657043457,
      16.720502853393555,
      19.29414939880371,
      20.22177505493164,
      11.05203628540039,
      11.275032043457031,
      0.25640031695365906,
      0.17962302267551422
    ],
    [
      0.17044715583324432,
      0.20111586153507233,
      0.0793757513165474,
      0.07026837021112442,
      0.16755542159080505,
      0.18130259215831757,
      0.22786641120910645,
      0.2215975522994995,
      0.2490410953760147,
      0.23126652836799622,
      0.2999473512172699,
      0.28233805298805237,
      0.3473435342311859,
      0.3766385018825531,
      0.24995116889476776,
      0.25640031695365906,
      0.011724021285772324,
      0.007969223894178867
    ],
    [
      0.1272839605808258,
      0.1427239626646042,
      0.06104361265897751,
      0.044562529772520065,
      0.11672016233205795,
      0.12947764992713928,
      0.17389091849327087,
      0.16760669648647308,
      0.17757177352905273,
      0.1685037463903427,
      0.21623964607715607,
      0.20263008773326874,
      0.2541157901287079,
      0.2728404700756073,
      0.1757010817527771,
      0.17962302267551422,
      0.007969223894178867,
      0.005697683431208134
    ]
  ],
  "covariance_short": [
    [
      72.02376556396484,
      44.12161636352539,
      29.485103607177734,
      26.387163162231445,
      27.504528045654297,
      27.714420318603516,
      28.80017852783203,
      29.67816734313965,
      36.48275375366211,
      34.34502029418945,
      39.59531021118164,
      39.19391632080078,
      38.984397888183594,
      35.5976448059082,
      8.127187728881836,
      7.647017478942871,
      0.17079731822013855,
      0.12398028373718262
    ],
    [
      44.12161636352539,
      57.3908805847168,
      19.906091690063477,
      22.93942642211914,
      19.1790771484375,
      20.11569595336914,
      22.413898468017578,
      22.728046417236328,
      27.29079246520996,
      26.10896873474121,
      30.108829498291016,
      29.680166244506836,
      35.89069747924805,
      33.20901107788086,
      7.415793418884277,
      7.144905090332031,
      0.18011806905269623,
      0.12888462841510773
    ],
    [
      29.485103607177734,
      19.906091690063477,
      36.91688537597656,
      21.576457977294922,
      19.786296844482422,
      20.600196838378906,
      23.495790481567383,
      22.072853088378906,
      29.193744659423828,
      28.060014724731445,
      32.00379943847656,
      31.15643310546875,
      27.849071502685547,
      25.924741744995117,
      5.623928546905518,
      5.050002098083496,
      0.10989605635404587,
      0.08579261600971222
    ],
    [
      26.387163162231445,
      22.93942642211914,
      21.576457977294922,
      28.14348030090332,
      17.122114181518555,
      17.540319442749023,
      17.485183715820312,
      17.73525047302246,
      21.459470748901367,
      20.67524528503418,
      20.51774024963379,
      19.991634368896484,
      19.203153610229492,
      18.174560546875,
      3.3747332096099854,
      3.1629066467285156,
      0.06537968665361404,
      0.04135957732796669
    ],
    [
      27.504528045654297,
      19.1790771484375,
      19.786296844482422,
      17.122114181518555,
      38.35543441772461,
      29.904930114746094,
      26.187517166137695,
      28.277873992919922,
      32.29889678955078,
      31.564865112304688,
      35.78981018066406,
      35.50432205200195,
      33.881805419921875,
      31.432920455932617,
      7.265100955963135,
      6.869650840759277,
      0.13617999851703644,
      0.09695004671812057
    ],
    [
      27.714420318603516,
      20.11569595336914,
      20.600196838378906,
      17.540319442749023,
      29.904930114746094,
      36.12700653076172,
      27.821819305419922,
      27.84463882446289,
      34.41291046142578,
      32.36473083496094,
      37.795345306396484,
      37.78394317626953,
      33.78694152832031,
      30.85443115234375,
      7.363948822021484,
      7.002883434295654,
      0.1439918875694275,
      0.10229525715112686
    ],
    [
      28.80017852783203,
      22.413898468017578,
      23.495790481567383,
      17.485183715820312,
      26.187517166137695,
      27.821819305419922,
      42.551788330078125,
      37.4317512512207,
      38.55970001220703,
      36.92567443847656,
      43.23021697998047,
      42.39925003051758,
      39.493865966796875,
      38.942420959472656,
      11.828116416931152,
      11.332125663757324,
      0.2700696587562561,
      0.20895645022392273
    ],
    [
      29.67816734313965,
      22.728046417236328,
      22.072853088378906,
      17.73525047302246,
      28.277873992919922,
      27.84463882446289,
      37.4317512512207,
      40.79249954223633,
      37.068809509277344,
      36.49616622924805,
      41.150875091552734,
      40.49543380737305,
      38.59974670410156,
      37.79243469238281,
      11.311812400817871,
      10.81949520111084,
      0.26533249020576477,
      0.2037547528743744
    ],
    [
      36.48275375366211,
      27.29079246520996,
      29.193744659423828,
      21.459470748901367,
      32.29889678955078,
      34.41291046142578,
      38.55970001220703,
      37.068809509277344,
      50.69573211669922,
      43.919071197509766,
      51.93370819091797,
      51.75217056274414,
      47.395870208740234,
      44.89013671875,
      12.075345993041992,
      11.400459289550781,
      0.28334102034568787,
      0.20673412084579468
    ],
    [
      34.34502029418945,
      26.10896873474121,
      28.060014724731445,
      20.67524528503418,
      31.564865112304688,
      32.36473083496094,
      36.92567443847656,
      36.49616622924805,
      43.919071197509766,
      45.01834487915039,
      48.45951843261719,
      47.66489791870117,
      44.7963981628418,
      42.57438659667969,
      11.12183666229248,
      10.628786087036133,
      0.2521127760410309,
      0.18872705101966858
    ],
    [
      39.59531021118164,
      30.108829498291016,
      32.00379943847656,
      20.51774024963379,
      35.78981018066406,
      37.795345306396484,
      43.23021697998047,
      41.150875091552734,
      51.93370819091797,
      48.45951843261719,
      71.87387084960938,
      66.75340270996094,
      60.3803825378418,
      56.962318420410156,
      16.098360061645508,
      15.47513484954834,
      0.39367520809173584,
      0.28908514976501465
    ],
    [
      39.19391632080078,
      29.680166244506836,
      31.15643310546875,
      19.991634368896484,
      35.50432205200195,
      37.78394317626953,
      42.39925003051758,
      40.49543380737305,
      51.75217056274414,
      47.66489791870117,
      66.75340270996094,
      69.6793441772461,
      58.626197814941406,
      55.39732360839844,
      15.467320442199707,
      14.667905807495117,
      0.35078540444374084,
      0.25605538487434387
    ],
    [
      38.984397888183594,
      35.89069747924805,
      27.849071502685547,
      19.203153610229492,
      33.881805419921875,
      33.78694152832031,
      39.493865966796875,
      38.59974670410156,
      47.395870208740234,
      44.7963981628418,
      60.3803825378418,
      58.626197814941406,
      68.73353576660156,
      63.28754806518555,
      18.60472869873047,
      18.074581146240234,
      0.47862866520881653,
      0.35422661900520325
    ],
    [
      35.5976448059082,
      33.20901107788086,
      25.924741744995117,
      18.174560546875,
      31.432920455932617,
      30.85443115234375,
      38.942420959472656,
      37.79243469238281,
      44.89013671875,
      42.57438659667969,
      56.962318420410156,
      55.39732360839844,
      63.28754806518555,
      62.40647888183594,
      18.546998977661133,
      18.194080352783203,
      0.5031999349594116,
      0.3699491620063782
    ],
    [
      8.127187728881836,
      7.415793418884277,
      5.623928546905518,
      3.3747332096099854,
      7.265100955963135,
      7.363948822021484,
      11.828116416931152,
      11.311812400817871,
      12.075345993041992,
      11.12183666229248,
      16.098360061645508,
      15.467320442199707,
      18.60472869873047,
      18.546998977661133,
      9.953478813171387,
      9.422607421875,
      0.3472091853618622,
      0.2567170262336731
    ],
    [
      7.647017478942871,
      7.144905090332031,
      5.050002098083496,
      3.1629066467285156,
      6.869650840759277,
      7.002883434295654,
      11.332125663757324,
      10.81949520111084,
      11.400459289550781,
      10.628786087036133,
      15.47513484954834,
      14.667905807495117,
      18.074581146240234,
      18.194080352783203,
      9.422607421875,
      9.688250541687012,
      0.3532174825668335,
      0.2586667239665985
    ],
    [
      0.17079731822013855,
      0.18011806905269623,
      0.10989605635404587,
      0.06537968665361404,
      0.13617999851703644,
      0.1439918875694275,
      0.2700696587562561,
      0.26533249020576477,
      0.28334102034568787,
      0.2521127760410309,
      0.39367520809173584,
      0.35078540444374084,
      0.47862866520881653,
      0.5031999349594116,
      0.3472091853618622,
      0.3532174825668335,
      0.03379003331065178,
      0.024624792858958244
    ],
    [
      0.12398028373718262,
      0.12888462841510773,
      0.08579261600971222,
      0.04135957732796669,
      0.09695004671812057,
      0.10229525715112686,
      0.20895645022392273,
      0.2037547528743744,
      0.20673412084579468,
      0.18872705101966858,
      0.28908514976501465,
      0.25605538487434387,
      0.35422661900520325,
      0.3699491620063782,
      0.2567170262336731,
      0.2586667239665985,
      0.024624792858958244,
      0.01966671645641327
    ]
  ],
  "damage": -11.261981964111328,
  "diff_bandwidth": 615.230712890625,
  "dissonance": 4.291537475297429,
  "drr": 9.381033897399902,
  "dynamics": 3.712174892425537,
  "format": 1245190,
  "frames": 4179904,
  "loudness": -18.727737426757812,
  "loudness_range": 10.848857879638672,
  "loudness_range_short": 12.52865982055664,
  "lowpass_true_peak_15khz": -2.984666109085083,
  "mastering3_acoustic_entropies": [
    {
      "acoustic_entropy": 6.19169807434082,
      "acoustic_entropy_mono": 5.533031463623047,
      "band_eliminated_acoustic_entropies": [
        {
          "acoustic_entropy": 6.193058013916016,
          "acoustic_entropy_side": 6.191701889038086,
          "hz": 129.47220167065723
        },
        {
          "acoustic_entropy": 6.102525234222412,
          "acoustic_entropy_side": 6.187587738037109,
          "hz": 202.92927478742237
        },
        {
          "acoustic_entropy": 6.4555792808532715,
          "acoustic_entropy_side": 6.138892650604248,
          "hz": 282.89161906338205
        },
        {
          "acoustic_entropy": 6.112632751464844,
          "acoustic_entropy_side": 6.127239227294922,
          "hz": 369.9353335868758
        },
        {
          "acoustic_entropy": 5.769780158996582,
          "acoustic_entropy_side": 6.222548961639404,
          "hz": 464.6875360973435
        },
        {
          "acoustic_entropy": 6.679356575012207,
          "acoustic_entropy_side": 6.5956549644470215,
          "hz": 567.8308811364784
        },
        {
          "acoustic_entropy": 6.009458541870117,
          "acoustic_entropy_side": 6.144600868225098,
          "hz": 680.1084783214808
        },
        {
          "acoustic_entropy": 6.175011157989502,
          "acoustic_entropy_side": 6.570713043212891,
          "hz": 802.3292461747484
        },
        {
          "acoustic_entropy": 6.142253875732422,
          "acoustic_entropy_side": 6.3657965660095215,
          "hz": 935.3737400823702
        },
        {
          "acoustic_entropy": 6.72319221496582,
          "acoustic_entropy_side": 6.597384452819824,
          "hz": 1080.2004963696966
        },
        {
          "acoustic_entropy": 5.994978904724121,
          "acoustic_entropy_side": 6.2795891761779785,
          "hz": 1237.8529382007157
        },
        {
          "acoustic_entropy": 6.173671245574951,
          "acoustic_entropy_side": 6.193975925445557,
          "hz": 1409.4668930556702
        },
        {
          "acoustic_entropy": 6.456709384918213,
          "acoustic_entropy_side": 6.317291736602783,
          "hz": 1596.2787759475705
        },
        {
          "acoustic_entropy": 6.08036470413208,
          "acoustic_entropy_side": 6.139998912811279,
          "hz": 1799.6344973346393
        },
        {
          "acoustic_entropy": 6.160183906555176,
          "acoustic_entropy_side": 6.157723426818848,
          "hz": 2020.9991599069049
        },
        {
          "acoustic_entropy": 6.057267189025879,
          "acoustic_entropy_side": 6.0226593017578125,
          "hz": 2261.9676141086993
        },
        {
          "acoustic_entropy": 6.143288612365723,
          "acoustic_entropy_side": 6.151610851287842,
          "hz": 2524.2759484456974
        },
        {
          "acoustic_entropy": 6.183063983917236,
          "acoustic_entropy_side": 6.177326679229736,
          "hz": 2809.813997359896
        },
        {
          "acoustic_entropy": 6.239243984222412,
          "acoustic_entropy_side": 6.190202713012695,
          "hz": 3120.6389567871424
        },
        {
          "acoustic_entropy": 6.145090103149414,
          "acoustic_entropy_side": 6.159834384918213,
          "hz": 3458.990205492291
        },
        {
          "acoustic_entropy": 6.185801029205322,
          "acoustic_entropy_side": 6.178553581237793,
          "hz": 3827.305438964164
        },
        {
          "acoustic_entropy": 6.185555934906006,
          "acoustic_entropy_side": 6.188697338104248,
          "hz": 4228.238232109126
        },
        {
          "acoustic_entropy": 6.183751583099365,
          "acoustic_entropy_side": 6.187557220458984,
          "hz": 4664.6771572759235
        },
        {
          "acoustic_entropy": 6.191695213317871,
          "acoustic_entropy_side": 6.191714763641357,
          "hz": 5139.766595350093
        },
        {
          "acoustic_entropy": 6.1917548179626465,
          "acoustic_entropy_side": 6.1917219161987305,
          "hz": 5656.929389854203
        },
        {
          "acoustic_entropy": 6.191643238067627,
          "acoustic_entropy_side": 6.191685199737549,
          "hz": 6219.891507268283
        },
        {
          "acoustic_entropy": 6.191688537597656,
          "acoustic_entropy_side": 6.191688537597656,
          "hz": 6832.70888123896
        },
        {
          "acoustic_entropy": 6.191686630249023,
          "acoustic_entropy_side": 6.19169807434082,
          "hz": 7499.796634079867
        },
        {
          "acoustic_entropy": 6.191697120666504,
          "acoustic_entropy_side": 6.19169807434082,
          "hz": 8225.96088609342
        },
        {
          "acoustic_entropy": 6.191699981689453,
          "acoustic_entropy_side": 6.191699504852295,
          "hz": 9016.43338188839
        },
        {
          "acoustic_entropy": 6.191699504852295,
          "acoustic_entropy_side": 6.191699028015137,
          "hz": 9876.909183162974
        },
        {
          "acoustic_entropy": 6.19169807434082,
          "acoustic_entropy_side": 6.19169807434082,
          "hz": 10813.587699516042
        },
        {
          "acoustic_entropy": 6.19169807434082,
          "acoustic_entropy_side": 6.19169807434082,
          "hz": 11833.21735289826
        },
        {
          "acoustic_entropy": 6.19169807434082,
          "acoustic_entropy_side": 6.19169807434082,
          "hz": 12943.144197493959
        },
        {
          "acoustic_entropy": 6.19169807434082,
          "acoustic_entropy_side": 6.19169807434082,
          "hz": 14151.364845322005
        },
        {
          "acoustic_entropy": 6.19169807434082,
          "acoustic_entropy_side": 6.19169807434082,
          "hz": 15466.58407886509
        },
        {
          "acoustic_entropy": 6.19169807434082,
          "acoustic_entropy_side": 6.19169807434082,
          "hz": 16898.27756580493
        },
        {
          "acoustic_entropy": 6.19169807434082,
          "acoustic_entropy_side": 6.19169807434082,
          "hz": 18456.760127700032
        },
        {
          "acoustic_entropy": 6.19169807434082,
          "acoustic_entropy_side": 6.19169807434082,
          "hz": 20153.260054456492
        },
        {
          "acoustic_entropy": 6.19169807434082,
          "acoustic_entropy_side": 6.19169807434082,
          "hz": 22000.00000000001
        }
      ],
      "diff_acoustic_entropy": 3.148972749710083,
      "sn": 6
    },
    {
      "acoustic_entropy": 9.423154830932617,
      "acoustic_entropy_mono": 8.093310356140137,
      "band_eliminated_acoustic_entropies": [
        {
          "acoustic_entropy": 9.430137634277344,
          "acoustic_entropy_side": 9.423160552978516,
          "hz": 129.47220167065723
        },
        {
          "acoustic_entropy": 9.556264877319336,
          "acoustic_entropy_side": 9.434062004089355,
          "hz": 202.92927478742237
        },
        {
          "acoustic_entropy": 9.676480293273926,
          "acoustic_entropy_side": 9.45295238494873,
          "hz": 282.89161906338205
        },
        {
          "acoustic_entropy": 9.151623725891113,
          "acoustic_entropy_side": 8.509496688842773,
          "hz": 369.9353335868758
        },
        {
          "acoustic_entropy": 8.858587265014648,
          "acoustic_entropy_side": 9.992472648620605,
          "hz": 464.6875360973435
        },
        {
          "acoustic_entropy": 9.635481834411621,
          "acoustic_entropy_side": 9.627924919128418,
          "hz": 567.8308811364784
        },
        {
          "acoustic_entropy": 8.650596618652344,
          "acoustic_entropy_side": 9.686891555786133,
          "hz": 680.1084783214808
        },
        {
          "acoustic_entropy": 9.691391944885254,
          "acoustic_entropy_side": 9.026410102844238,
          "hz": 802.3292461747484
        },
        {
          "acoustic_entropy": 9.170060157775879,
          "acoustic_entropy_side": 9.576117515563965,
          "hz": 935.3737400823702
        },
        {
          "acoustic_entropy": 9.792165756225586,
          "acoustic_entropy_side": 9.854626655578613,
          "hz": 1080.2004963696966
        },
        {
          "acoustic_entropy": 9.186684608459473,
          "acoustic_entropy_side": 9.158421516418457,
          "hz": 1237.8529382007157
        },
        {
          "acoustic_entropy": 9.450700759887695,
          "acoustic_entropy_side": 9.41683578491211,
          "hz": 1409.4668930556702
        },
        {
          "acoustic_entropy": 9.10609245300293,
          "acoustic_entropy_side": 9.239916801452637,
          "hz": 1596.2787759475705
        },
        {
          "acoustic_entropy": 9.461602210998535,
          "acoustic_entropy_side": 9.491942405700684,
          "hz": 1799.6344973346393
        },
        {
          "acoustic_entropy": 9.384787559509277,
          "acoustic_entropy_side": 9.414386749267578,
          "hz": 2020.9991599069049
        },
        {
          "acoustic_entropy": 9.141552925109863,
          "acoustic_entropy_side": 9.45882511138916,
          "hz": 2261.9676141086993
        },
        {
          "acoustic_entropy": 9.388381004333496,
          "acoustic_entropy_side": 9.459554672241211,
          "hz": 2524.2759484456974
        },
        {
          "acoustic_entropy": 9.276144981384277,
          "acoustic_entropy_side": 9.374664306640625,
          "hz": 2809.813997359896
        },
        {
          "acoustic_entropy": 9.196085929870605,
          "acoustic_entropy_side": 9.24330997467041,
          "hz": 3120.6389567871424
        },
        {
          "acoustic_entropy": 9.544843673706055,
          "acoustic_entropy_side": 9.531320571899414,
          "hz": 3458.990205492291
        },
        {
          "acoustic_entropy": 9.322998046875,
          "acoustic_entropy_side": 9.412012100219727,
          "hz": 3827.305438964164
        },
        {
          "acoustic_entropy": 9.42172908782959,
          "acoustic_entropy_side": 9.425616264343262,
          "hz": 4228.238232109126
        },
        {
          "acoustic_entropy": 9.400748252868652,
          "acoustic_entropy_side": 9.421062469482422,
          "hz": 4664.6771572759235
        },
        {
          "acoustic_entropy": 9.40092945098877,
          "acoustic_entropy_side": 9.415824890136719,
          "hz": 5139.766595350093
        },
        {
          "acoustic_entropy": 9.414860725402832,
          "acoustic_entropy_side": 9.42043399810791,
          "hz": 5656.929389854203
        },
        {
          "acoustic_entropy": 9.422731399536133,
          "acoustic_entropy_side": 9.422977447509766,
          "hz": 6219.891507268283
        },
        {
          "acoustic_entropy": 9.422863960266113,
          "acoustic_entropy_side": 9.423094749450684,
          "hz": 6832.70888123896
        },
        {
          "acoustic_entropy": 9.423392295837402,
          "acoustic_entropy_side": 9.423378944396973,
          "hz": 7499.796634079867
        },
        {
          "acoustic_entropy": 9.423240661621094,
          "acoustic_entropy_side": 9.423201560974121,
          "hz": 8225.96088609342
        },
        {
          "acoustic_entropy": 9.423161506652832,
          "acoustic_entropy_side": 9.42315673828125,
          "hz": 9016.43338188839
        },
        {
          "acoustic_entropy": 9.423127174377441,
          "acoustic_entropy_side": 9.423138618469238,
          "hz": 9876.909183162974
        },
        {
          "acoustic_entropy": 9.423144340515137,
          "acoustic_entropy_side": 9.42314624786377,
          "hz": 10813.587699516042
        },
        {
          "acoustic_entropy": 9.423152923583984,
          "acoustic_entropy_side": 9.4231538772583,
          "hz": 11833.21735289826
        },
        {
          "acoustic_entropy": 9.423154830932617,
          "acoustic_entropy_side": 9.423154830932617,
          "hz": 12943.144197493959
        },
        {
          "acoustic_entropy": 9.423154830932617,
          "acoustic_entropy_side": 9.423154830932617,
          "hz": 14151.364845322005
        },
        {
          "acoustic_entropy": 9.423154830932617,
          "acoustic_entropy_side": 9.423154830932617,
          "hz": 15466.58407886509
        },
        {
          "acoustic_entropy": 9.423154830932617,
          "acoustic_entropy_side": 9.423154830932617,
          "hz": 16898.27756580493
        },
        {
          "acoustic_entropy": 9.423154830932617,
          "acoustic_entropy_side": 9.423154830932617,
          "hz": 18456.760127700032
        },
        {
          "acoustic_entropy": 9.423154830932617,
          "acoustic_entropy_side": 9.423154830932617,
          "hz": 20153.260054456492
        },
        {
          "acoustic_entropy": 9.423154830932617,
          "acoustic_entropy_side": 9.423154830932617,
          "hz": 22000.00000000001
        }
      ],
      "diff_acoustic_entropy": 5.353178024291992,
      "sn": 12
    },
    {
      "acoustic_entropy": 14.511604309082031,
      "acoustic_entropy_mono": 11.852160453796387,
      "band_eliminated_acoustic_entropies": [
        {
          "acoustic_entropy": 14.431083679199219,
          "acoustic_entropy_side": 14.517013549804688,
          "hz": 129.47220167065723
        },
        {
          "acoustic_entropy": 13.5623140335083,
          "acoustic_entropy_side": 13.812345504760742,
          "hz": 202.92927478742237
        },
        {
          "acoustic_entropy": 13.261618614196777,
          "acoustic_entropy_side": 14.349443435668945,
          "hz": 282.89161906338205
        },
        {
          "acoustic_entropy": 13.525111198425293,
          "acoustic_entropy_side": 14.096336364746094,
          "hz": 369.9353335868758
        },
        {
          "acoustic_entropy": 14.113160133361816,
          "acoustic_entropy_side": 14.443887710571289,
          "hz": 464.6875360973435
        },
        {
          "acoustic_entropy": 14.361968040466309,
          "acoustic_entropy_side": 14.555618286132812,
          "hz": 567.8308811364784
        },
        {
          "acoustic_entropy": 13.858806610107422,
          "acoustic_entropy_side": 14.53669261932373,
          "hz": 680.1084783214808
        },
        {
          "acoustic_entropy": 13.283882141113281,
          "acoustic_entropy_side": 13.827715873718262,
          "hz": 802.3292461747484
        },
        {
          "acoustic_entropy": 14.463231086730957,
          "acoustic_entropy_side": 14.293044090270996,
          "hz": 935.3737400823702
        },
        {
          "acoustic_entropy": 14.747220039367676,
          "acoustic_entropy_side": 13.46912670135498,
          "hz": 1080.2004963696966
        },
        {
          "acoustic_entropy": 14.637380599975586,
          "acoustic_entropy_side": 14.500361442565918,
          "hz": 1237.8529382007157
        },
        {
          "acoustic_entropy": 14.746828079223633,
          "acoustic_entropy_side": 14.7462739944458,
          "hz": 1409.4668930556702
        },
        {
          "acoustic_entropy": 13.691680908203125,
          "acoustic_entropy_side": 14.245492935180664,
          "hz": 1596.2787759475705
        },
        {
          "acoustic_entropy": 14.17349624633789,
          "acoustic_entropy_side": 14.321308135986328,
          "hz": 1799.6344973346393
        },
        {
          "acoustic_entropy": 14.470175743103027,
          "acoustic_entropy_side": 14.33596420288086,
          "hz": 2020.9991599069049
        },
        {
          "acoustic_entropy": 14.451165199279785,
          "acoustic_entropy_side": 14.257807731628418,
          "hz": 2261.9676141086993
        },
        {
          "acoustic_entropy": 14.234758377075195,
          "acoustic_entropy_side": 14.460697174072266,
          "hz": 2524.2759484456974
        },
        {
          "acoustic_entropy": 14.249774932861328,
          "acoustic_entropy_side": 14.353029251098633,
          "hz": 2809.813997359896
        },
        {
          "acoustic_entropy": 14.158099174499512,
