{
  "acoustic_entropy": 218.39892578125,
  "bands": [
    {
      "high_freq": 148.1999969482422,
      "loudness": -18.06148338317871,
      "loudness_range": 4.826027870178223,
      "mid_mean": -14.4513578414917,
      "mid_to_side_loudness": -20.081148147583008,
      "mid_to_side_loudness_range": 14.857973098754883,
      "side_mean": -34.8100471496582
    },
    {
      "high_freq": 392.3793640136719,
      "loudness": -21.186330795288086,
      "loudness_range": 7.378482818603516,
      "low_freq": 148.1999969482422,
      "mid_mean": -18.14734649658203,
      "mid_to_side_loudness": -9.155713081359863,
      "mid_to_side_loudness_range": 10.789301872253418,
      "side_mean": -27.390777587890625
    },
    {
      "high_freq": 794.6976318359375,
      "loudness": -21.866458892822266,
      "loudness_range": 7.096439361572266,
      "low_freq": 392.3793640136719,
      "mid_mean": -19.173961639404297,
      "mid_to_side_loudness": -6.728324890136719,
      "mid_to_side_loudness_range": 9.891347885131836,
      "side_mean": -26.017192840576172
    },
    {
      "high_freq": 1457.5709228515625,
      "loudness": -16.564899444580078,
      "loudness_range": 11.533202171325684,
      "low_freq": 794.6976318359375,
      "mid_mean": -13.952086448669434,
      "mid_to_side_loudness": -7.136245250701904,
      "mid_to_side_loudness_range": 13.580239295959473,
      "side_mean": -21.147205352783203
    },
    {
      "high_freq": 2549.74365234375,
      "loudness": -15.527212142944336,
      "loudness_range": 10.821447372436523,
      "low_freq": 1457.5709228515625,
      "mid_mean": -13.417844772338867,
      "mid_to_side_loudness": -4.557431221008301,
      "mid_to_side_loudness_range": 10.182842254638672,
      "side_mean": -18.04528045654297
    },
    {
      "high_freq": 4349.24462890625,
      "loudness": -15.215346336364746,
      "loudness_range": 8.71142578125,
      "low_freq": 2549.74365234375,
      "mid_mean": -12.880908966064453,
      "mid_to_side_loudness": -5.1532721519470215,
      "mid_to_side_loudness_range": 8.874072074890137,
      "side_mean": -18.034954071044922
    },
    {
      "high_freq": 7314.1640625,
      "loudness": -18.60865592956543,
      "loudness_range": 8.884446144104004,
      "low_freq": 4349.24462890625,
      "mid_mean": -15.967171669006348,
      "mid_to_side_loudness": -6.5017194747924805,
      "mid_to_side_loudness_range": 9.565274238586426,
      "side_mean": -22.466529846191406
    },
    {
      "high_freq": 12199.2666015625,
      "loudness": -22.737472534179688,
      "loudness_range": 9.456045150756836,
      "low_freq": 7314.1640625,
      "mid_mean": -20.117244720458984,
      "mid_to_side_loudness": -6.290787696838379,
      "mid_to_side_loudness_range": 9.100164413452148,
      "side_mean": -26.415355682373047
    },
    {
      "loudness": -32.13938903808594,
      "loudness_range": 9.98703384399414,
      "low_freq": 12199.2666015625,
      "mid_mean": -29.68797492980957,
      "mid_to_side_loudness": -5.279508590698242,
      "mid_to_side_loudness_range": 7.198558807373047,
      "side_mean": -34.97461700439453
    }
  ],
  "bands_short": [
    {
      "high_freq": 148.1999969482422,
      "loudness": -20.27113151550293,
      "loudness_range": 12.090388298034668,
      "mid_mean": -16.71895980834961,
      "mid_to_side_loudness": -21.537742614746094,
      "mid_to_side_loudness_range": 24.869428634643555,
      "side_mean": -39.13105010986328
    },
    {
      "high_freq": 392.3793640136719,
      "loudness": -20.781248092651367,
      "loudness_range": 10.09485912322998,
      "low_freq": 148.1999969482422,
      "mid_mean": -17.710182189941406,
      "mid_to_side_loudness": -10.38199520111084,
      "mid_to_side_loudness_range": 15.183433532714844,
      "side_mean": -28.302349090576172
    },
    {
      "high_freq": 794.6976318359375,
      "loudness": -22.96608543395996,
      "loudness_range": 10.960729598999023,
      "low_freq": 392.3793640136719,
      "mid_mean": -20.504236221313477,
      "mid_to_side_loudness": -6.402544975280762,
      "mid_to_side_loudness_range": 13.370161056518555,
      "side_mean": -27.047147750854492
    },
    {
      "high_freq": 1457.5709228515625,
      "loudness": -17.722576141357422,
      "loudness_range": 16.259653091430664,
      "low_freq": 794.6976318359375,
      "mid_mean": -15.320210456848145,
      "mid_to_side_loudness": -6.686904430389404,
      "mid_to_side_loudness_range": 15.402487754821777,
      "side_mean": -22.061777114868164
    },
    {
      "high_freq": 2549.74365234375,
      "loudness": -16.452926635742188,
      "loudness_range": 14.85200309753418,
      "low_freq": 1457.5709228515625,
      "mid_mean": -14.406749725341797,
      "mid_to_side_loudness": -4.66657829284668,
      "mid_to_side_loudness_range": 12.10718822479248,
      "side_mean": -19.055038452148438
    },
    {
      "high_freq": 4349.24462890625,
      "loudness": -15.81448745727539,
      "loudness_range": 11.533869743347168,
      "low_freq": 2549.74365234375,
      "mid_mean": -13.528924942016602,
      "mid_to_side_loudness": -5.191255569458008,
      "mid_to_side_loudness_range": 10.428135871887207,
      "side_mean": -18.751911163330078
    },
    {
      "high_freq": 7314.1640625,
      "loudness": -19.108360290527344,
      "loudness_range": 11.504645347595215,
      "low_freq": 4349.24462890625,
      "mid_mean": -16.507266998291016,
      "mid_to_side_loudness": -6.578750133514404,
      "mid_to_side_loudness_range": 10.808152198791504,
      "side_mean": -23.140380859375
    },
    {
      "high_freq": 12199.2666015625,
      "loudness": -23.536800384521484,
      "loudness_range": 11.85542106628418,
      "low_freq": 7314.1640625,
      "mid_mean": -20.947771072387695,
      "mid_to_side_loudness": -6.479502201080322,
      "mid_to_side_loudness_range": 10.08403491973877,
      "side_mean": -27.437660217285156
    },
    {
      "loudness": -33.22767639160156,
      "loudness_range": 12.966064453125,
      "low_freq": 12199.2666015625,
      "mid_mean": -30.80048370361328,
      "mid_to_side_loudness": -5.44042444229126,
      "mid_to_side_loudness_range": 8.30610179901123,
      "side_mean": -36.197601318359375
    }
  ],
  "bandwidth": 1110.2371826171875,
  "channels": 2,
  "covariance": [
    [
      4.57484245300293,
      1.8974422216415405,
      0.7304239273071289,
      1.3516144752502441,
      0.27422794699668884,
      0.3398599326610565,
      -0.3589484691619873,
      -0.9285045862197876,
      0.17056499421596527,
      0.19354379177093506,
      -0.06567966938018799,
      -0.4294302761554718,
      -0.5159632563591003,
      -1.12586510181427,
      -0.6511122584342957,
      -1.431504726409912,
      -0.5136793851852417,
      -1.4737813472747803
    ],
    [
      1.8974422216415405,
      24.91330337524414,
      -0.9155387878417969,
      1.4737578630447388,
      0.3893800377845764,
      1.3130549192428589,
      1.5440963506698608,
      6.645003318786621,
      6.057713031768799,
      12.507760047912598,
      2.5729482173919678,
      4.614900588989258,
      0.21555805206298828,
      4.319581985473633,
      -2.149714946746826,
      2.0885729789733887,
      0.4714909493923187,
      3.836636543273926
    ],
    [
      0.7304239273071289,
      -0.9155387878417969,
      7.173202991485596,
      2.5085654258728027,
      2.6633172035217285,
      -0.2775185704231262,
      -1.259850025177002,
      -2.4454731941223145,
      -2.421400308609009,
      -3.2760024070739746,
      -0.5862534046173096,
      -1.3967738151550293,
      0.03220338001847267,
      -2.276637554168701,
      0.7863306999206543,
      -1.950200080871582,
      0.18310506641864777,
      -2.1770691871643066
    ],
    [
      1.3516144752502441,
      1.4737578630447388,
      2.5085654258728027,
      14.430307388305664,
      2.2399017810821533,
      5.749887466430664,
      1.468306064605713,
      7.185726165771484,
      0.8024711012840271,
      4.915226936340332,
      1.5398706197738647,
      6.144979953765869,
      3.1034178733825684,
      5.607690811157227,
      2.9457478523254395,
      3.8378138542175293,
      1.384432077407837,
      1.1537948846817017
    ],
    [
      0.27422794699668884,
      0.3893800377845764,
      2.6633172035217285,
      2.2399017810821533,
      8.450027465820312,
      3.3107316493988037,
      5.520440578460693,
      3.210702896118164,
      2.060640811920166,
      -0.026889890432357788,
      3.4728922843933105,
      2.2649290561676025,
      3.9230010509490967,
      1.6880887746810913,
      3.3316125869750977,
      1.1773407459259033,
      2.2470455169677734,
      0.6985158920288086
    ],
    [
      0.3398599326610565,
      1.3130549192428589,
      -0.2775185704231262,
      5.749887466430664,
      3.3107316493988037,
      10.14716911315918,
      5.302821159362793,
      12.043994903564453,
      3.939030170440674,
      8.793341636657715,
      3.8007519245147705,
      8.627952575683594,
      5.137133598327637,
      8.973793029785156,
      4.03192138671875,
      7.167926788330078,
      2.7835283279418945,
      4.5215325355529785
    ],
    [
      -0.3589484691619873,
      1.5440963506698608,
      -1.259850025177002,
      1.468306064605713,
      5.520440578460693,
      5.302821159362793,
      21.261938095092773,
      15.290691375732422,
      11.557601928710938,
      8.580514907836914,
      6.413369655609131,
      7.7013983726501465,
      8.319748878479004,
      8.314040184020996,
      5.0183820724487305,
      5.740924835205078,
      4.876456260681152,
      5.014305591583252
    ],
    [
      -0.9285045862197876,
      6.645003318786621,
      -2.4454731941223145,
      7.185726165771484,
      3.210702896118164,
      12.043994903564453,
      15.290691375732422,
      34.25815200805664,
      13.194062232971191,
      24.544422149658203,
      7.084558010101318,
      18.50629997253418,
      10.311582565307617,
      20.659452438354492,
      6.169346809387207,
      14.747747421264648,
      5.146535396575928,
      11.623868942260742
    ],
    [
      0.17056499421596527,
      6.057713031768799,
      -2.421400308609009,
      0.8024711012840271,
      2.060640811920166,
      3.939030170440674,
      11.557601928710938,
      13.194062232971191,
      14.603697776794434,
      16.131521224975586,
      6.608514308929443,
      9.255413055419922,
      6.047107219696045,
      10.084829330444336,
      2.5699915885925293,
      7.200462818145752,
      3.630861282348633,
      6.781144618988037
    ],
    [
      0.19354379177093506,
      12.507760047912598,
      -3.2760024070739746,
      4.915226936340332,
      -0.026889890432357788,
      8.793341636657715,
      8.580514907836914,
      24.544422149658203,
      16.131521224975586,
      33.272640228271484,
      6.780182838439941,
      17.69095802307129,
      6.569334983825684,
      19.278125762939453,
      2.5884456634521484,
      14.203178405761719,
      3.902195930480957,
      12.354205131530762
    ],
    [
      -0.06567966938018799,
      2.5729482173919678,
      -0.5862534046173096,
      1.5398706197738647,
      3.4728922843933105,
      3.8007519245147705,
      6.413369655609131,
      7.084558010101318,
      6.608514308929443,
      6.780182838439941,
      10.677379608154297,
      9.44896125793457,
      7.216231822967529,
      8.13214111328125,
      4.079547882080078,
      6.2284955978393555,
      4.289384841918945,
      5.496629238128662
    ],
    [
      -0.4294302761554718,
      4.614900588989258,
      -1.3967738151550293,
      6.144979953765869,
      2.2649290561676025,
      8.627952575683594,
      7.7013983726501465,
      18.50629997253418,
      9.255413055419922,
      17.69095802307129,
      9.44896125793457,
      17.918651580810547,
      8.94742202758789,
      17.32255744934082,
      5.941015720367432,
      13.48020076751709,
      5.6736345291137695,
      10.353240966796875
    ],
    [
      -0.5159632563591003,
      0.21555805206298828,
      0.03220338001847267,
      3.1034178733825684,
      3.9230010509490967,
      5.137133598327637,
      8.319748878479004,
      10.311582565307617,
      6.047107219696045,
      6.569334983825684,
      7.216231822967529,
      8.94742202758789,
      10.529476165771484,
      10.693986892700195,
      7.857339382171631,
      8.77322006225586,
      5.889163970947266,
      6.793081760406494
    ],
    [
      -1.12586510181427,
      4.319581985473633,
      -2.276637554168701,
      5.607690811157227,
      1.6880887746810913,
      8.973793029785156,
      8.314040184020996,
      20.659452438354492,
      10.084829330444336,
      19.278125762939453,
      8.13214111328125,
      17.32255744934082,
      10.693986892700195,
      22.50717544555664,
      7.784764289855957,
      17.71797752380371,
      6.924566745758057,
      13.727749824523926
    ],
    [
      -0.6511122584342957,
      -2.149714946746826,
      0.7863306999206543,
      2.9457478523254395,
      3.3316125869750977,
      4.03192138671875,
      5.0183820724487305,
      6.169346809387207,
      2.5699915885925293,
      2.5884456634521484,
      4.079547882080078,
      5.941015720367432,
      7.857339382171631,
      7.784764289855957,
      11.530484199523926,
      10.50661849975586,
      8.856223106384277,
      8.859962463378906
    ],
    [
      -1.431504726409912,
      2.0885729789733887,
      -1.950200080871582,
      3.8378138542175293,
      1.1773407459259033,
      7.167926788330078,
      5.740924835205078,
      14.747747421264648,
      7.200462818145752,
      14.203178405761719,
      6.2284955978393555,
      13.48020076751709,
      8.77322006225586,
      17.71797752380371,
      10.50661849975586,
      20.916645050048828,
      10.374149322509766,
      17.362157821655273
    ],
    [
      -0.5136793851852417,
      0.4714909493923187,
      0.18310506641864777,
      1.384432077407837,
      2.2470455169677734,
      2.7835283279418945,
      4.876456260681152,
      5.146535396575928,
      3.630861282348633,
      3.902195930480957,
      4.289384841918945,
      5.6736345291137695,
      5.889163970947266,
      6.924566745758057,
      8.856223106384277,
      10.374149322509766,
      14.976977348327637,
      15.319896697998047
    ],
    [
      -1.4737813472747803,
      3.836636543273926,
      -2.1770691871643066,
      1.1537948846817017,
      0.6985158920288086,
      4.5215325355529785,
      5.014305591583252,
      11.623868942260742,
      6.781144618988037,
      12.354205131530762,
      5.496629238128662,
      10.353240966796875,
      6.793081760406494,
      13.727749824523926,
      8.859962463378906,
      17.362157821655273,
      15.319896697998047,
      23.923851013183594
    ]
  ],
  "covariance_short": [
    [
      22.28186798095703,
      4.506048679351807,
      4.273016929626465,
      2.3526763916015625,
      2.231407403945923,
      3.1350765228271484,
      1.2597286701202393,
      0.40243422985076904,
      1.4509978294372559,
      1.4195175170898438,
      1.318494200706482,
      1.7076302766799927,
      1.2622182369232178,
      0.10150668025016785,
      0.8340069055557251,
      -0.3859351575374603,
      -0.19726631045341492,
      -0.5808128118515015
    ],
    [
      4.506048679351807,
      55.73164749145508,
      1.8671135902404785,
      6.549628734588623,
      1.9934619665145874,
      1.1423953771591187,
      2.847553014755249,
      5.608445644378662,
      8.529242515563965,
      12.424373626708984,
      3.7338035106658936,
      5.169495105743408,
      0.22801126539707184,
      3.590151309967041,
      -1.4304536581039429,
      2.6841213703155518,
      0.8410906195640564,
      5.202891826629639
    ],
    [
      4.273016929626465,
      1.8671135902404785,
      16.754398345947266,
      5.687774181365967,
      7.125874042510986,
      2.508568525314331,
      1.466810941696167,
      -0.5812588930130005,
      0.08760678768157959,
      -0.6476798057556152,
      1.0121768712997437,
      -0.27279332280158997,
      0.8748390674591064,
      -1.633370041847229,
      1.3202530145645142,
      -1.8759078979492188,
      1.5239014625549316,
      -0.9640881419181824
    ],
    [
      2.3526763916015625,
      6.549628734588623,
      5.687774181365967,
      25.681537628173828,
      4.302657604217529,
      8.997888565063477,
      3.5300424098968506,
      9.089635848999023,
      3.0901732444763184,
      8.25272274017334,
      2.7673404216766357,
      7.8485283851623535,
      3.8801865577697754,
      6.8525471687316895,
      3.4847123622894287,
      5.086514949798584,
      2.880521774291992,
      3.0529062747955322
    ],
    [
      2.231407403945923,
      1.9934619665145874,
      7.125874042510986,
      4.302657604217529,
      19.016448974609375,
      8.232538223266602,
      11.443723678588867,
      6.308455467224121,
      5.249600887298584,
      2.123427629470825,
      6.917233467102051,
      4.754727840423584,
      6.9398112297058105,
      4.1992974281311035,
      6.007288932800293,
      3.0501787662506104,
      4.633267879486084,
      3.1778907775878906
    ],
    [
      3.1350765228271484,
      1.1423953771591187,
      2.508568525314331,
      8.997888565063477,
      8.232538223266602,
      21.578311920166016,
      10.392053604125977,
      16.675304412841797,
      6.966707229614258,
      11.773298263549805,
      6.9963908195495605,
      12.986998558044434,
      8.645122528076172,
      13.457009315490723,
      7.694340229034424,
      10.95041561126709,
      6.28253698348999,
      7.973957538604736
    ],
    [
      1.2597286701202393,
      2.847553014755249,
      1.466810941696167,
      3.5300424098968506,
      11.443723678588867,
      10.392053604125977,
      39.25127029418945,
      25.566965103149414,
      22.65201187133789,
      17.029539108276367,
      13.049310684204102,
      14.670750617980957,
      14.854037284851074,
      16.3855037689209,
      9.584129333496094,
      11.59107494354248,
      8.537673950195312,
      10.619744300842285
    ],
    [
      0.40243422985076904,
      5.608445644378662,
      -0.5812588930130005,
      9.089635848999023,
      6.308455467224121,
      16.675304412841797,
      25.566965103149414,
      45.4698600769043,
      20.24521827697754,
      31.00737953186035,
      11.6461763381958,
      25.03598403930664,
      15.347546577453613,
      27.937875747680664,
      10.499591827392578,
      20.428367614746094,
      10.852251052856445,
      17.66083526611328
    ],
    [
      1.4509978294372559,
      8.529242515563965,
      0.08760678768157959,
      3.0901732444763184,
      5.249600887298584,
      6.966707229614258,
      22.65201187133789,
      20.24521827697754,
      26.566741943359375,
      24.246137619018555,
      12.172709465026855,
      16.118289947509766,
      11.25948429107666,
      16.229045867919922,
      6.269293785095215,
      11.521588325500488,
      6.373456001281738,
      10.855829238891602
    ],
    [
      1.4195175170898438,
      12.424373626708984,
      -0.6476798057556152,
      8.25272274017334,
      2.123427629470825,
      11.773298263549805,
      17.029539108276367,
      31.00737953186035,
      24.246137619018555,
      43.66001510620117,
      11.171035766601562,
      25.69080924987793,
      10.888113975524902,
      25.369476318359375,
      6.242154598236084,
      18.16605567932129,
      7.333738327026367,
      16.113460540771484
    ],
    [
      1.318494200706482,
      3.7338035106658936,
      1.0121768712997437,
      2.7673404216766357,
      6.917233467102051,
      6.9963908195495605,
      13.049310684204102,
      11.6461763381958,
      12.172709465026855,
      11.171035766601562,
      18.104267120361328,
      16.1999454498291,
      12.581857681274414,
      13.83034896850586,
      8.125700950622559,
      10.863473892211914,
      7.515986442565918,
      10.087748527526855
    ],
    [
      1.7076302766799927,
      5.169495105743408,
      -0.27279332280158997,
      7.8485283851623535,
      4.754727840423584,
      12.986998558044434,
      14.670750617980957,
      25.03598403930664,
      16.118289947509766,
      25.69080924987793,
      16.1999454498291,
      29.445783615112305,
      14.29653549194336,
      25.172775268554688,
      10.266548156738281,
      19.719350814819336,
      10.009503364562988,
      16.282058715820312
    ],
    [
      1.2622182369232178,
      0.22801126539707184,
      0.8748390674591064,
      3.8801865577697754,
      6.9398112297058105,
      8.645122528076172,
      14.854037284851074,
      15.347546577453613,
      11.25948429107666,
      10.888113975524902,
      12.581857681274414,
      14.29653549194336,
      18.68439483642578,
      18.479705810546875,
      14.64101505279541,
      15.771838188171387,
      12.123054504394531,
      13.72590446472168
    ],
    [
      0.10150668025016785,
      3.590151309967041,
      -1.633370041847229,
      6.8525471687316895,
      4.1992974281311035,
      13.457009315490723,
      16.3855037689209,
      27.937875747680664,
      16.229045867919922,
      25.369476318359375,
      13.83034896850586,
      25.172775268554688,
      18.479705810546875,
      33.88920593261719,
      14.796772956848145,
      26.863237380981445,
      14.512596130371094,
      22.326261520385742
    ],
    [
      0.8340069055557251,
      -1.4304536581039429,
      1.3202530145645142,
      3.4847123622894287,
      6.007288932800293,
      7.694340229034424,
      9.584129333496094,
      10.499591827392578,
      6.269293785095215,
      6.242154598236084,
      8.125700950622559,
      10.266548156738281,
      14.64101505279541,
      14.796772956848145,
      21.251893997192383,
      19.406959533691406,
      17.46384620666504,
      17.710432052612305
    ],
    [
      -0.3859351575374603,
      2.6841213703155518,
      -1.8759078979492188,
      5.086514949798584,
      3.0501787662506104,
      10.95041561126709,
      11.59107494354248,
      20.428367614746094,
      11.521588325500488,
      18.16605567932129,
      10.863473892211914,
      19.719350814819336,
      15.771838188171387,
      26.863237380981445,
      19.406959533691406,
      33.298553466796875,
      19.82266616821289,
      28.302108764648438
    ],
    [
      -0.19726631045341492,
      0.8410906195640564,
      1.5239014625549316,
      2.880521774291992,
      4.633267879486084,
      6.28253698348999,
      8.537673950195312,
      10.852251052856445,
      6.373456001281738,
      7.333738327026367,
      7.515986442565918,
      10.009503364562988,
      12.123054504394531,
      14.512596130371094,
      17.46384620666504,
      19.82266616821289,
      27.62238883972168,
      27.203365325927734
    ],
    [
      -0.5808128118515015,
      5.202891826629639,
      -0.9640881419181824,
      3.0529062747955322,
      3.1778907775878906,
      7.973957538604736,
      10.619744300842285,
      17.66083526611328,
      10.855829238891602,
      16.113460540771484,
      10.087748527526855,
      16.282058715820312,
      13.72590446472168,
      22.326261520385742,
      17.710432052612305,
      28.302108764648438,
      27.203365325927734,
      38.06171798706055
    ]
  ],
  "damage": -2.288691997528076,
  "diff_bandwidth": 1120.779296875,
  "dissonance": 12.043674855180594,
  "drr": 12.880590438842773,
  "dynamics": 2.0813941955566406,
  "format": 1245190,
  "frames": 10169280,
  "loudness": -5.058551788330078,
  "loudness_range": 4.752159595489502,
  "loudness_range_short": 7.043422698974609,
  "lowpass_true_peak_15khz": 1.7403199672698975,
  "mastering3_acoustic_entropies": [
    {
      "acoustic_entropy": 6.495745658874512,
      "acoustic_entropy_mono": 5.335526943206787,
      "band_eliminated_acoustic_entropies": [
        {
          "acoustic_entropy": 6.496152877807617,
          "acoustic_entropy_side": 6.49574613571167,
          "hz": 129.47220167065723
        },
        {
          "acoustic_entropy": 6.486056327819824,
          "acoustic_entropy_side": 6.495733261108398,
          "hz": 202.92927478742237
        },
        {
          "acoustic_entropy": 6.552530765533447,
          "acoustic_entropy_side": 6.499596118927002,
          "hz": 282.89161906338205
        },
        {
          "acoustic_entropy": 6.515715599060059,
          "acoustic_entropy_side": 6.498983860015869,
          "hz": 369.9353335868758
        },
        {
          "acoustic_entropy": 6.489546298980713,
          "acoustic_entropy_side": 6.496975421905518,
          "hz": 464.6875360973435
        },
        {
          "acoustic_entropy": 6.525642395019531,
          "acoustic_entropy_side": 6.490987300872803,
          "hz": 567.8308811364784
        },
        {
          "acoustic_entropy": 6.521243095397949,
          "acoustic_entropy_side": 6.4899001121521,
          "hz": 680.1084783214808
        },
        {
          "acoustic_entropy": 6.76694393157959,
          "acoustic_entropy_side": 6.508567810058594,
          "hz": 802.3292461747484
        },
        {
          "acoustic_entropy": 6.965644359588623,
          "acoustic_entropy_side": 6.526259899139404,
          "hz": 935.3737400823702
        },
        {
          "acoustic_entropy": 6.186023712158203,
          "acoustic_entropy_side": 6.426677703857422,
          "hz": 1080.2004963696966
        },
        {
          "acoustic_entropy": 6.830634593963623,
          "acoustic_entropy_side": 6.610193252563477,
          "hz": 1237.8529382007157
        },
        {
          "acoustic_entropy": 6.3924760818481445,
          "acoustic_entropy_side": 6.513349533081055,
          "hz": 1409.4668930556702
        },
        {
          "acoustic_entropy": 6.465030670166016,
          "acoustic_entropy_side": 6.620468616485596,
          "hz": 1596.2787759475705
        },
        {
          "acoustic_entropy": 6.4857072830200195,
          "acoustic_entropy_side": 6.575480937957764,
          "hz": 1799.6344973346393
        },
        {
          "acoustic_entropy": 6.48433780670166,
          "acoustic_entropy_side": 6.497575759887695,
          "hz": 2020.9991599069049
        },
        {
          "acoustic_entropy": 6.780771732330322,
          "acoustic_entropy_side": 6.563393592834473,
          "hz": 2261.9676141086993
        },
        {
          "acoustic_entropy": 6.447765350341797,
          "acoustic_entropy_side": 6.373330116271973,
          "hz": 2524.2759484456974
        },
        {
          "acoustic_entropy": 6.110832691192627,
          "acoustic_entropy_side": 6.173350811004639,
          "hz": 2809.813997359896
        },
        {
          "acoustic_entropy": 6.621212959289551,
          "acoustic_entropy_side": 6.554257869720459,
          "hz": 3120.6389567871424
        },
        {
          "acoustic_entropy": 6.428837776184082,
          "acoustic_entropy_side": 6.422056674957275,
          "hz": 3458.990205492291
        },
        {
          "acoustic_entropy": 6.296726703643799,
          "acoustic_entropy_side": 6.449951171875,
          "hz": 3827.305438964164
        },
        {
          "acoustic_entropy": 6.354920864105225,
          "acoustic_entropy_side": 6.385185718536377,
          "hz": 4228.238232109126
        },
        {
          "acoustic_entropy": 6.51605224609375,
          "acoustic_entropy_side": 6.430675983428955,
          "hz": 4664.6771572759235
        },
        {
          "acoustic_entropy": 6.371999263763428,
          "acoustic_entropy_side": 6.450597286224365,
          "hz": 5139.766595350093
        },
        {
          "acoustic_entropy": 6.433640003204346,
          "acoustic_entropy_side": 6.475002765655518,
          "hz": 5656.929389854203
        },
        {
          "acoustic_entropy": 6.476546764373779,
          "acoustic_entropy_side": 6.4997758865356445,
          "hz": 6219.891507268283
        },
        {
          "acoustic_entropy": 6.427134037017822,
          "acoustic_entropy_side": 6.486301422119141,
          "hz": 6832.70888123896
        },
        {
          "acoustic_entropy": 6.432770252227783,
          "acoustic_entropy_side": 6.539730548858643,
          "hz": 7499.796634079867
        },
        {
          "acoustic_entropy": 6.393630504608154,
          "acoustic_entropy_side": 6.550898551940918,
          "hz": 8225.96088609342
        },
        {
          "acoustic_entropy": 6.416477203369141,
          "acoustic_entropy_side": 6.502779006958008,
          "hz": 9016.43338188839
        },
        {
          "acoustic_entropy": 6.431310176849365,
          "acoustic_entropy_side": 6.478508949279785,
          "hz": 9876.909183162974
        },
        {
          "acoustic_entropy": 6.504112243652344,
          "acoustic_entropy_side": 6.473236560821533,
          "hz": 10813.587699516042
        },
        {
          "acoustic_entropy": 6.487634658813477,
          "acoustic_entropy_side": 6.475219249725342,
          "hz": 11833.21735289826
        },
        {
          "acoustic_entropy": 6.420602798461914,
          "acoustic_entropy_side": 6.47427225112915,
          "hz": 12943.144197493959
        },
        {
          "acoustic_entropy": 6.367737293243408,
          "acoustic_entropy_side": 6.454699993133545,
          "hz": 14151.364845322005
        },
        {
          "acoustic_entropy": 6.402893543243408,
          "acoustic_entropy_side": 6.4637627601623535,
          "hz": 15466.58407886509
        },
        {
          "acoustic_entropy": 6.456329345703125,
          "acoustic_entropy_side": 6.468102931976318,
          "hz": 16898.27756580493
        },
        {
          "acoustic_entropy": 6.4902801513671875,
          "acoustic_entropy_side": 6.473193168640137,
          "hz": 18456.760127700032
        },
        {
          "acoustic_entropy": 6.504355430603027,
          "acoustic_entropy_side": 6.478112697601318,
          "hz": 20153.260054456492
        },
        {
          "acoustic_entropy": 6.500588417053223,
          "acoustic_entropy_side": 6.4793267250061035,
          "hz": 22000.00000000001
        }
      ],
      "diff_acoustic_entropy": 5.027544021606445,
      "sn": 6
    },
    {
      "acoustic_entropy": 9.521394729614258,
      "acoustic_entropy_mono": 8.422173500061035,
      "band_eliminated_acoustic_entropies": [
        {
          "acoustic_entropy": 9.518366813659668,
          "acoustic_entropy_side": 9.52138614654541,
          "hz": 129.47220167065723
        },
        {
          "acoustic_entropy": 9.40206527709961,
          "acoustic_entropy_side": 9.51404857635498,
          "hz": 202.92927478742237
        },
        {
          "acoustic_entropy": 9.531387329101562,
          "acoustic_entropy_side": 9.516871452331543,
          "hz": 282.89161906338205
        },
        {
          "acoustic_entropy": 10.214102745056152,
          "acoustic_entropy_side": 9.57928466796875,
          "hz": 369.9353335868758
        },
        {
          "acoustic_entropy": 9.46252727508545,
          "acoustic_entropy_side": 9.5975980758667,
          "hz": 464.6875360973435
        },
        {
          "acoustic_entropy": 9.915056228637695,
          "acoustic_entropy_side": 9.460023880004883,
          "hz": 567.8308811364784
        },
        {
          "acoustic_entropy": 9.648126602172852,
          "acoustic_entropy_side": 9.421173095703125,
          "hz": 680.1084783214808
        },
        {
          "acoustic_entropy": 9.353254318237305,
          "acoustic_entropy_side": 9.530070304870605,
          "hz": 802.3292461747484
        },
        {
          "acoustic_entropy": 9.809837341308594,
          "acoustic_entropy_side": 9.47189998626709,
          "hz": 935.3737400823702
        },
        {
          "acoustic_entropy": 9.199020385742188,
          "acoustic_entropy_side": 9.308817863464355,
          "hz": 1080.2004963696966
        },
        {
          "acoustic_entropy": 9.977458953857422,
          "acoustic_entropy_side": 9.715556144714355,
          "hz": 1237.8529382007157
        },
        {
          "acoustic_entropy": 9.362218856811523,
          "acoustic_entropy_side": 9.690221786499023,
          "hz": 1409.4668930556702
        },
        {
          "acoustic_entropy": 9.213641166687012,
          "acoustic_entropy_side": 9.249232292175293,
          "hz": 1596.2787759475705
        },
        {
          "acoustic_entropy": 9.358541488647461,
          "acoustic_entropy_side": 9.585634231567383,
          "hz": 1799.6344973346393
        },
        {
          "acoustic_entropy": 9.493839263916016,
          "acoustic_entropy_side": 9.293399810791016,
          "hz": 2020.9991599069049
        },
        {
          "acoustic_entropy": 9.372274398803711,
          "acoustic_entropy_side": 9.509425163269043,
          "hz": 2261.9676141086993
        },
        {
          "acoustic_entropy": 9.543761253356934,
          "acoustic_entropy_side": 9.448925018310547,
          "hz": 2524.2759484456974
        },
        {
          "acoustic_entropy": 9.303750991821289,
          "acoustic_entropy_side": 9.457273483276367,
          "hz": 2809.813997359896
        },
        {
          "acoustic_entropy": 9.444819450378418,
          "acoustic_entropy_side": 9.260129928588867,
          "hz": 3120.6389567871424
        },
        {
          "acoustic_entropy": 9.451826095581055,
          "acoustic_entropy_side": 9.348965644836426,
          "hz": 3458.990205492291
        },
        {
          "acoustic_entropy": 9.70020580291748,
          "acoustic_entropy_side": 9.301630973815918,
          "hz": 3827.305438964164
        },
        {
          "acoustic_entropy": 9.458660125732422,
          "acoustic_entropy_side": 9.386372566223145,
          "hz": 4228.238232109126
        },
        {
          "acoustic_entropy": 9.544878959655762,
          "acoustic_entropy_side": 9.431975364685059,
          "hz": 4664.6771572759235
        },
        {
          "acoustic_entropy": 9.417003631591797,
          "acoustic_entropy_side": 9.53088665008545,
          "hz": 5139.766595350093
        },
        {
          "acoustic_entropy": 9.265605926513672,
          "acoustic_entropy_side": 9.404719352722168,
          "hz": 5656.929389854203
        },
        {
          "acoustic_entropy": 9.372640609741211,
          "acoustic_entropy_side": 9.492704391479492,
          "hz": 6219.891507268283
        },
        {
          "acoustic_entropy": 9.441085815429688,
          "acoustic_entropy_side": 9.626111030578613,
          "hz": 6832.70888123896
        },
        {
          "acoustic_entropy": 9.092820167541504,
          "acoustic_entropy_side": 9.531758308410645,
          "hz": 7499.796634079867
        },
        {
          "acoustic_entropy": 9.270498275756836,
          "acoustic_entropy_side": 9.509284973144531,
          "hz": 8225.96088609342
        },
        {
          "acoustic_entropy": 9.391242027282715,
          "acoustic_entropy_side": 9.39057731628418,
          "hz": 9016.43338188839
        },
        {
          "acoustic_entropy": 9.175692558288574,
          "acoustic_entropy_side": 9.322798728942871,
          "hz": 9876.909183162974
        },
        {
          "acoustic_entropy": 9.391945838928223,
          "acoustic_entropy_side": 9.48660659790039,
          "hz": 10813.587699516042
        },
        {
          "acoustic_entropy": 9.324970245361328,
          "acoustic_entropy_side": 9.476366996765137,
          "hz": 11833.21735289826
        },
        {
          "acoustic_entropy": 9.307397842407227,
          "acoustic_entropy_side": 9.473851203918457,
          "hz": 12943.144197493959
        },
        {
          "acoustic_entropy": 9.35631275177002,
          "acoustic_entropy_side": 9.480581283569336,
          "hz": 14151.364845322005
        },
        {
          "acoustic_entropy": 9.422750473022461,
          "acoustic_entropy_side": 9.453325271606445,
          "hz": 15466.58407886509
        },
        {
          "acoustic_entropy": 9.359399795532227,
          "acoustic_entropy_side": 9.455096244812012,
          "hz": 16898.27756580493
        },
        {
          "acoustic_entropy": 9.330653190612793,
          "acoustic_entropy_side": 9.45880126953125,
          "hz": 18456.760127700032
        },
        {
          "acoustic_entropy": 9.325262069702148,
          "acoustic_entropy_side": 9.463808059692383,
          "hz": 20153.260054456492
        },
        {
          "acoustic_entropy": 9.35751724243164,
          "acoustic_entropy_side": 9.478227615356445,
          "hz": 22000.00000000001
        }
      ],
      "diff_acoustic_entropy": 7.355870723724365,
      "sn": 12
    },
    {
      "acoustic_entropy": 14.145602226257324,
      "acoustic_entropy_mono": 12.813315391540527,
      "band_eliminated_acoustic_entropies": [
        {
          "acoustic_entropy": 14.178666114807129,
          "acoustic_entropy_side": 14.16185188293457,
          "hz": 129.47220167065723
        },
        {
          "acoustic_entropy": 14.72461223602295,
          "acoustic_entropy_side": 13.933795928955078,
          "hz": 202.92927478742237
        },
        {
          "acoustic_entropy": 14.33376693725586,
          "acoustic_entropy_side": 14.36229419708252,
          "hz": 282.89161906338205
        },
        {
          "acoustic_entropy": 14.95269775390625,
          "acoustic_entropy_side": 14.512368202209473,
          "hz": 369.9353335868758
        },
        {
          "acoustic_entropy": 15.150117874145508,
          "acoustic_entropy_side": 14.30058765411377,
          "hz": 464.6875360973435
        },
        {
          "acoustic_entropy": 14.306693077087402,
          "acoustic_entropy_side": 13.853163719177246,
          "hz": 567.8308811364784
        },
        {
          "acoustic_entropy": 15.107787132263184,
          "acoustic_entropy_side": 14.616175651550293,
          "hz": 680.1084783214808
        },
        {
          "acoustic_entropy": 13.882920265197754,
          "acoustic_entropy_side": 14.405169486999512,
          "hz": 802.3292461747484
        },
        {
          "acoustic_entropy": 14.258676528930664,
          "acoustic_entropy_side": 13.629347801208496,
          "hz": 935.3737400823702
        },
        {
          "acoustic_entropy": 14.173137664794922,
          "acoustic_entropy_side": 14.311850547790527,
          "hz": 1080.2004963696966
        },
        {
          "acoustic_entropy": 13.99781322479248,
          "acoustic_entropy_side": 14.052925109863281,
          "hz": 1237.8529382007157
        },
        {
          "acoustic_entropy": 14.028876304626465,
          "acoustic_entropy_side": 14.02322769165039,
          "hz": 1409.4668930556702
        },
        {
          "acoustic_entropy": 14.517927169799805,
          "acoustic_entropy_side": 14.572787284851074,
          "hz": 1596.2787759475705
        },
        {
          "acoustic_entropy": 14.140140533447266,
          "acoustic_entropy_side": 13.981966972351074,
          "hz": 1799.6344973346393
        },
        {
          "acoustic_entropy": 14.280799865722656,
          "acoustic_entropy_side": 14.137664794921875,
          "hz": 2020.9991599069049
        },
        {
          "acoustic_entropy": 14.08777904510498,
          "acoustic_entropy_side": 14.055898666381836,
          "hz": 2261.9676141086993
        },
        {
          "acoustic_entropy": 14.166210174560547,
          "acoustic_entropy_side": 14.240811347961426,
          "hz": 2524.2759484456974
        },
        {
          "acoustic_entropy": 13.94648551940918,
          "acoustic_entropy_side": 14.01342487335205,
          "hz": 2809.813997359896
        },
        {
