{
  "acoustic_entropy": 140.60154724121094,
  "bands": [
    {
      "high_freq": 148.1999969482422,
      "loudness": -33.63345718383789,
      "loudness_range": 18.136932373046875,
      "mid_mean": -30.218700408935547,
      "mid_to_side_loudness": -15.813318252563477,
      "mid_to_side_loudness_range": 18.740482330322266,
      "side_mean": -46.739646911621094
    },
    {
      "high_freq": 392.3793640136719,
      "loudness": -24.383928298950195,
      "loudness_range": 13.98681640625,
      "low_freq": 148.1999969482422,
      "mid_mean": -20.74100112915039,
      "mid_to_side_loudness": -26.309234619140625,
      "mid_to_side_loudness_range": 8.485174179077148,
      "side_mean": -48.0559196472168
    },
    {
      "high_freq": 794.6976318359375,
      "loudness": -28.551448822021484,
      "loudness_range": 17.731639862060547,
      "low_freq": 392.3793640136719,
      "mid_mean": -24.86720085144043,
      "mid_to_side_loudness": -25.5141544342041,
      "mid_to_side_loudness_range": 15.010459899902344,
      "side_mean": -52.47891616821289
    },
    {
      "high_freq": 1457.5709228515625,
      "loudness": -33.016693115234375,
      "loudness_range": 22.31182861328125,
      "low_freq": 794.6976318359375,
      "mid_mean": -29.697425842285156,
      "mid_to_side_loudness": -17.384178161621094,
      "mid_to_side_loudness_range": 18.976837158203125,
      "side_mean": -47.99034881591797
    },
    {
      "high_freq": 2549.74365234375,
      "loudness": -37.42756652832031,
      "loudness_range": 20.268508911132812,
      "low_freq": 1457.5709228515625,
      "mid_mean": -34.44154357910156,
      "mid_to_side_loudness": -9.865227699279785,
      "mid_to_side_loudness_range": 15.830439567565918,
      "side_mean": -44.643951416015625
    },
    {
      "high_freq": 4349.24462890625,
      "loudness": -33.9968376159668,
      "loudness_range": 12.52524185180664,
      "low_freq": 2549.74365234375,
      "mid_mean": -30.7537841796875,
      "mid_to_side_loudness": -10.639780044555664,
      "mid_to_side_loudness_range": 10.59400463104248,
      "side_mean": -41.91634750366211
    },
    {
      "high_freq": 7314.1640625,
      "loudness": -30.129289627075195,
      "loudness_range": 11.688034057617188,
      "low_freq": 4349.24462890625,
      "mid_mean": -26.939603805541992,
      "mid_to_side_loudness": -11.084613800048828,
      "mid_to_side_loudness_range": 7.830112934112549,
      "side_mean": -38.62391662597656
    },
    {
      "high_freq": 12199.2666015625,
      "loudness": -33.549537658691406,
      "loudness_range": 12.913768768310547,
      "low_freq": 7314.1640625,
      "mid_mean": -30.791162490844727,
      "mid_to_side_loudness": -6.62612247467041,
      "mid_to_side_loudness_range": 4.602313041687012,
      "side_mean": -37.712257385253906
    },
    {
      "loudness": -48.27302551269531,
      "loudness_range": 14.393508911132812,
      "low_freq": 12199.2666015625,
      "mid_mean": -47.45846176147461,
      "mid_to_side_loudness": -0.5414079427719116,
      "mid_to_side_loudness_range": 2.3831276893615723,
      "side_mean": -48.0106315612793
    }
  ],
  "bands_short": [
    {
      "high_freq": 148.1999969482422,
      "loudness": -37.59688186645508,
      "loudness_range": 20.920114517211914,
      "mid_mean": -34.40735626220703,
      "mid_to_side_loudness": -13.133783340454102,
      "mid_to_side_loudness_range": 23.66573143005371,
      "side_mean": -48.12428283691406
    },
    {
      "high_freq": 392.3793640136719,
      "loudness": -25.114797592163086,
      "loudness_range": 16.896717071533203,
      "low_freq": 148.1999969482422,
      "mid_mean": -21.503765106201172,
      "mid_to_side_loudness": -25.530120849609375,
      "mid_to_side_loudness_range": 14.95706844329834,
      "side_mean": -48.25888442993164
    },
    {
      "high_freq": 794.6976318359375,
      "loudness": -29.148170471191406,
      "loudness_range": 19.183156967163086,
      "low_freq": 392.3793640136719,
      "mid_mean": -25.568944931030273,
      "mid_to_side_loudness": -26.620708465576172,
      "mid_to_side_loudness_range": 18.20234489440918,
      "side_mean": -54.415992736816406
    },
    {
      "high_freq": 1457.5709228515625,
      "loudness": -33.91291809082031,
      "loudness_range": 24.561843872070312,
      "low_freq": 794.6976318359375,
      "mid_mean": -30.568822860717773,
      "mid_to_side_loudness": -19.340049743652344,
      "mid_to_side_loudness_range": 22.056133270263672,
      "side_mean": -52.18840789794922
    },
    {
      "high_freq": 2549.74365234375,
      "loudness": -39.009063720703125,
      "loudness_range": 23.94074821472168,
      "low_freq": 1457.5709228515625,
      "mid_mean": -36.00630187988281,
      "mid_to_side_loudness": -11.648310661315918,
      "mid_to_side_loudness_range": 17.800411224365234,
      "side_mean": -48.31044006347656
    },
    {
      "high_freq": 4349.24462890625,
      "loudness": -35.345458984375,
      "loudness_range": 17.9281005859375,
      "low_freq": 2549.74365234375,
      "mid_mean": -32.15924072265625,
      "mid_to_side_loudness": -11.81035327911377,
      "mid_to_side_loudness_range": 12.88176155090332,
      "side_mean": -44.657615661621094
    },
    {
      "high_freq": 7314.1640625,
      "loudness": -31.66004753112793,
      "loudness_range": 19.267927169799805,
      "low_freq": 4349.24462890625,
      "mid_mean": -28.50350570678711,
      "mid_to_side_loudness": -11.311683654785156,
      "mid_to_side_loudness_range": 8.919036865234375,
      "side_mean": -40.6001091003418
    },
    {
      "high_freq": 12199.2666015625,
      "loudness": -35.30852127075195,
      "loudness_range": 21.169002532958984,
      "low_freq": 7314.1640625,
      "mid_mean": -32.68833541870117,
      "mid_to_side_loudness": -6.595203876495361,
      "mid_to_side_loudness_range": 5.639411449432373,
      "side_mean": -39.71852111816406
    },
    {
      "loudness": -49.96372604370117,
      "loudness_range": 19.384567260742188,
      "low_freq": 12199.2666015625,
      "mid_mean": -50.51258087158203,
      "mid_to_side_loudness": -0.5343294739723206,
      "mid_to_side_loudness_range": 3.3248541355133057,
      "side_mean": -51.028343200683594
    }
  ],
  "bandwidth": 666.8817749023438,
  "channels": 2,
  "covariance": [
    [
      44.249263763427734,
      5.918631553649902,
      21.77841567993164,
      17.412450790405273,
      21.41288185119629,
      19.220584869384766,
      29.33195686340332,
      19.82399559020996,
      28.01243019104004,
      19.838176727294922,
      11.095587730407715,
      15.874348640441895,
      5.001732349395752,
      9.080769538879395,
      3.668618679046631,
      4.9017014503479,
      4.1371259689331055,
      4.577725887298584
    ],
    [
      5.918631553649902,
      5.507267475128174,
      2.805457830429077,
      6.270708084106445,
      2.454834461212158,
      7.215513706207275,
      2.9726314544677734,
      5.9148454666137695,
      2.8658447265625,
      3.6903114318847656,
      0.8699336051940918,
      2.600618362426758,
      0.36884060502052307,
      1.3376579284667969,
      0.22797435522079468,
      0.4793550670146942,
      2.2564010620117188,
      2.762583017349243
    ],
    [
      21.77841567993164,
      2.805457830429077,
      27.75625991821289,
      19.033506393432617,
      28.48046875,
      21.86058807373047,
      35.162845611572266,
      22.39322280883789,
      28.73568344116211,
      21.953916549682617,
      14.262826919555664,
      18.788578033447266,
      8.323142051696777,
      14.093988418579102,
      6.897803783416748,
      9.658438682556152,
      7.3730788230896,
      8.10264778137207
    ],
    [
      17.412450790405273,
      6.270708084106445,
      19.033506393432617,
      20.906185150146484,
      19.920228958129883,
      23.68539810180664,
      25.13840675354004,
      23.791902542114258,
      21.941896438598633,
      20.54721450805664,
      10.980237007141113,
      17.046112060546875,
      6.495635986328125,
      10.960673332214355,
      5.221045017242432,
      7.245089054107666,
      8.346552848815918,
      9.572418212890625
    ],
    [
      21.41288185119629,
      2.454834461212158,
      28.48046875,
      19.920228958129883,
      39.63478469848633,
      26.80365753173828,
      47.893707275390625,
      28.08353042602539,
      36.9463996887207,
      27.831398010253906,
      18.654953002929688,
      23.297300338745117,
      11.188694953918457,
      15.898808479309082,
      8.99654769897461,
      11.293537139892578,
      7.897305965423584,
      9.100879669189453
    ],
    [
      19.220584869384766,
      7.215513706207275,
      21.86058807373047,
      23.68539810180664,
      26.80365753173828,
      55.01106262207031,
      35.302215576171875,
      39.87714385986328,
      31.340364456176758,
      37.721336364746094,
      18.597265243530273,
      31.479019165039062,
      12.020261764526367,
      19.979393005371094,
      10.12502670288086,
      13.864806175231934,
      13.699124336242676,
      15.454084396362305
    ],
    [
      29.33195686340332,
      2.9726314544677734,
      35.162845611572266,
      25.13840675354004,
      47.893707275390625,
      35.302215576171875,
      66.95305633544922,
      38.64400863647461,
      50.38489532470703,
      39.053627014160156,
      25.560007095336914,
      32.06843185424805,
      14.664369583129883,
      20.994333267211914,
      10.472326278686523,
      14.847949028015137,
      8.382120132446289,
      10.514639854431152
    ],
    [
      19.82399559020996,
      5.9148454666137695,
      22.39322280883789,
      23.791902542114258,
      28.08353042602539,
      39.87714385986328,
      38.64400863647461,
      47.51650619506836,
      34.39539337158203,
      45.37360763549805,
      22.106454849243164,
      38.140079498291016,
      15.206977844238281,
      24.762758255004883,
      13.629829406738281,
      17.997623443603516,
      18.12584686279297,
      20.210346221923828
    ],
    [
      28.01243019104004,
      2.8658447265625,
      28.73568344116211,
      21.941896438598633,
      36.9463996887207,
      31.340364456176758,
      50.38489532470703,
      34.39539337158203,
      53.8757438659668,
      37.609344482421875,
      28.36959457397461,
      32.589778900146484,
      15.49879264831543,
      22.36334228515625,
      12.240253448486328,
      16.14643669128418,
      9.658283233642578,
      11.666427612304688
    ],
    [
      19.838176727294922,
      3.6903114318847656,
      21.953916549682617,
      20.54721450805664,
      27.831398010253906,
      37.721336364746094,
      39.053627014160156,
      45.37360763549805,
      37.609344482421875,
      48.78305435180664,
      25.123228073120117,
      41.39142990112305,
      17.35317039489746,
      27.412750244140625,
      15.725752830505371,
      20.881906509399414,
      18.08422088623047,
      19.62544822692871
    ],
    [
      11.095587730407715,
      0.8699336051940918,
      14.262826919555664,
      10.980237007141113,
      18.654953002929688,
      18.597265243530273,
      25.560007095336914,
      22.106454849243164,
      28.36959457397461,
      25.123228073120117,
      26.577844619750977,
      26.75581169128418,
      21.712478637695312,
      25.13253402709961,
      21.293821334838867,
      23.465803146362305,
      17.94359588623047,
      18.68388557434082
    ],
    [
      15.874348640441895,
      2.600618362426758,
      18.788578033447266,
      17.046112060546875,
      23.297300338745117,
      31.479019165039062,
      32.06843185424805,
      38.140079498291016,
      32.589778900146484,
      41.39142990112305,
      26.75581169128418,
      39.45062255859375,
      21.90915298461914,
      30.301971435546875,
      21.085145950317383,
      25.607820510864258,
      22.180543899536133,
      23.362619400024414
    ],
    [
      5.001732349395752,
      0.36884060502052307,
      8.323142051696777,
      6.495635986328125,
      11.188694953918457,
      12.020261764526367,
      14.664369583129883,
      15.206977844238281,
      15.49879264831543,
      17.35317039489746,
      21.712478637695312,
      21.90915298461914,
      27.703693389892578,
      25.46470069885254,
      27.706308364868164,
      27.092060089111328,
      23.101669311523438,
      22.98460578918457
    ],
    [
      9.080769538879395,
      1.3376579284667969,
      14.093988418579102,
      10.960673332214355,
      15.898808479309082,
      19.979393005371094,
      20.994333267211914,
      24.762758255004883,
      22.36334228515625,
      27.412750244140625,
      25.13253402709961,
      30.301971435546875,
      25.46470069885254,
      31.710660934448242,
      25.93934440612793,
      29.71260643005371,
      25.344785690307617,
      25.883577346801758
    ],
    [
      3.668618679046631,
      0.22797435522079468,
      6.897803783416748,
      5.221045017242432,
      8.99654769897461,
      10.12502670288086,
      10.472326278686523,
      13.629829406738281,
      12.240253448486328,
      15.725752830505371,
      21.293821334838867,
      21.085145950317383,
      27.706308364868164,
      25.93934440612793,
      30.406368255615234,
      29.087629318237305,
      25.578487396240234,
      25.1527042388916
    ],
    [
      4.9017014503479,
      0.4793550670146942,
      9.658438682556152,
      7.245089054107666,
      11.293537139892578,
      13.864806175231934,
      14.847949028015137,
      17.997623443603516,
      16.14643669128418,
      20.881906509399414,
      23.465803146362305,
      25.607820510864258,
      27.092060089111328,
      29.71260643005371,
      29.087629318237305,
      32.06588363647461,
      26.79012107849121,
      26.934720993041992
    ],
    [
      4.1371259689331055,
      2.2564010620117188,
      7.3730788230896,
      8.346552848815918,
      7.897305965423584,
      13.699124336242676,
      8.382120132446289,
      18.12584686279297,
      9.658283233642578,
      18.08422088623047,
      17.94359588623047,
      22.180543899536133,
      23.101669311523438,
      25.344785690307617,
      25.578487396240234,
      26.79012107849121,
      29.99933433532715,
      28.99473762512207
    ],
    [
      4.577725887298584,
      2.762583017349243,
      8.10264778137207,
      9.572418212890625,
      9.100879669189453,
      15.454084396362305,
      10.514639854431152,
      20.210346221923828,
      11.666427612304688,
      19.62544822692871,
      18.68388557434082,
      23.362619400024414,
      22.98460578918457,
      25.883577346801758,
      25.1527042388916,
      26.934720993041992,
      28.99473762512207,
      29.517730712890625
    ]
  ],
  "covariance_short": [
    [
      61.727806091308594,
      6.326703071594238,
      21.290910720825195,
      16.242753982543945,
      18.58509063720703,
      17.43866729736328,
      25.49884033203125,
      18.721328735351562,
      29.854402542114258,
      20.130834579467773,
      17.362852096557617,
      18.983335494995117,
      12.864823341369629,
      15.835701942443848,
      12.521700859069824,
      13.672467231750488,
      8.012279510498047,
      8.107322692871094
    ],
    [
      6.326703071594238,
      11.5643892288208,
      1.7938998937606812,
      5.583620548248291,
      2.2722220420837402,
      6.079939365386963,
      2.218986988067627,
      7.045669078826904,
      2.9254918098449707,
      6.356897830963135,
      2.1892127990722656,
      3.8062167167663574,
      2.1598997116088867,
      2.5270750522613525,
      2.1310079097747803,
      2.151379108428955,
      5.536624431610107,
      5.278800964355469
    ],
    [
      21.290910720825195,
      1.7938998937606812,
      38.77592086791992,
      22.999069213867188,
      33.42328643798828,
      26.398374557495117,
      41.00434112548828,
      28.94295310974121,
      34.435157775878906,
      28.317243576049805,
      18.513158798217773,
      23.467144012451172,
      12.465712547302246,
      16.802785873413086,
      10.3727388381958,
      12.782564163208008,
      7.920248985290527,
      8.93775463104248
    ],
    [
      16.242753982543945,
      5.583620548248291,
      22.999069213867188,
      25.311830520629883,
      21.279438018798828,
      26.547388076782227,
      26.258058547973633,
      29.43971061706543,
      23.96364402770996,
      29.39710807800293,
      12.976153373718262,
      22.1948299407959,
      9.611857414245605,
      14.012411117553711,
      8.296576499938965,
      10.504170417785645,
      11.357362747192383,
      11.78706169128418
    ],
    [
      18.58509063720703,
      2.2722220420837402,
      33.42328643798828,
      21.279438018798828,
      47.832557678222656,
      33.7342529296875,
      52.83487319946289,
      37.581573486328125,
      43.26649856567383,
      37.38236618041992,
      23.75352668762207,
      30.572484970092773,
      15.287501335144043,
      21.036008834838867,
      12.638936042785645,
      15.527410507202148,
      9.248976707458496,
      10.742085456848145
    ],
    [
      17.43866729736328,
      6.079939365386963,
      26.398374557495117,
      26.547388076782227,
      33.7342529296875,
      60.54961395263672,
      41.925289154052734,
      68.8558578491211,
      40.07371520996094,
      54.155906677246094,
      26.518922805786133,
      44.22947692871094,
      20.463125228881836,
      29.918874740600586,
      18.403993606567383,
      23.373876571655273,
      40.66173553466797,
      41.2829704284668
    ],
    [
      25.49884033203125,
      2.218986988067627,
      41.00434112548828,
      26.258058547973633,
      52.83487319946289,
      41.925289154052734,
      77.86626434326172,
      50.267822265625,
      57.96177673339844,
      49.81383514404297,
      33.169857025146484,
      41.684791564941406,
      22.271648406982422,
      29.511327743530273,
      17.901477813720703,
      22.04592514038086,
      12.476780891418457,
      14.590197563171387
    ],
    [
      18.721328735351562,
      7.045669078826904,
      28.94295310974121,
      29.43971061706543,
      37.581573486328125,
      68.8558578491211,
      50.267822265625,
      85.28887939453125,
      47.96337127685547,
      69.22323608398438,
      35.32612228393555,
      58.21984100341797,
      30.386198043823242,
      41.45856475830078,
      28.454605102539062,
      34.11759948730469,
      51.9947624206543,
      52.88962936401367
    ],
    [
      29.854402542114258,
      2.9254918098449707,
      34.435157775878906,
      23.96364402770996,
      43.26649856567383,
      40.07371520996094,
      57.96177673339844,
      47.96337127685547,
      69.2774429321289,
      54.199520111083984,
      41.33917999267578,
      48.28710174560547,
      28.033876419067383,
      36.12521743774414,
      25.006418228149414,
      29.25040054321289,
      17.334388732910156,
      19.3040771484375
    ],
    [
      20.130834579467773,
      6.356897830963135,
      28.317243576049805,
      29.39710807800293,
      37.38236618041992,
      54.155906677246094,
      49.81383514404297,
      69.22323608398438,
      54.199520111083984,
      77.3487777709961,
      42.63629150390625,
      66.32185363769531,
      37.18040466308594,
      49.30649185180664,
      35.80293273925781,
      42.17276382446289,
      35.41904067993164,
      37.19927215576172
    ],
    [
      17.362852096557617,
      2.1892127990722656,
      18.513158798217773,
      12.976153373718262,
      23.75352668762207,
      26.518922805786133,
      33.169857025146484,
      35.32612228393555,
      41.33917999267578,
      42.63629150390625,
      44.75776672363281,
      46.09421157836914,
      39.9122200012207,
      44.25240707397461,
      40.45164489746094,
      42.38227844238281,
      29.521316528320312,
      30.2011775970459
    ],
    [
      18.983335494995117,
      3.8062167167663574,
      23.467144012451172,
      22.1948299407959,
      30.572484970092773,
      44.22947692871094,
      41.684791564941406,
      58.21984100341797,
      48.28710174560547,
      66.32185363769531,
      46.09421157836914,
      66.22728729248047,
      43.36687469482422,
      54.629180908203125,
      43.1711540222168,
      49.55183029174805,
      38.16276550292969,
      39.741966247558594
    ],
    [
      12.864823341369629,
      2.1598997116088867,
      12.465712547302246,
      9.611857414245605,
      15.287501335144043,
      20.463125228881836,
      22.271648406982422,
      30.386198043823242,
      28.033876419067383,
      37.18040466308594,
      39.9122200012207,
      43.36687469482422,
      50.466548919677734,
      48.39052963256836,
      50.54466247558594,
      49.58913040161133,
      37.69395446777344,
      37.650325775146484
    ],
    [
      15.835701942443848,
      2.5270750522613525,
      16.802785873413086,
      14.012411117553711,
      21.036008834838867,
      29.918874740600586,
      29.511327743530273,
      41.45856475830078,
      36.12521743774414,
      49.30649185180664,
      44.25240707397461,
      54.629180908203125,
      48.39052963256836,
      57.93800354003906,
      50.57371139526367,
      55.722190856933594,
      41.09629821777344,
      41.98947525024414
    ],
    [
      12.521700859069824,
      2.1310079097747803,
      10.3727388381958,
      8.296576499938965,
      12.638936042785645,
      18.403993606567383,
      17.901477813720703,
      28.454605102539062,
      25.006418228149414,
      35.80293273925781,
      40.45164489746094,
      43.1711540222168,
      50.54466247558594,
      50.57371139526367,
      58.60279083251953,
      55.24258041381836,
      42.906150817871094,
      42.368133544921875
    ],
    [
      13.672467231750488,
      2.151379108428955,
      12.782564163208008,
      10.504170417785645,
      15.527410507202148,
      23.373876571655273,
      22.04592514038086,
      34.11759948730469,
      29.25040054321289,
      42.17276382446289,
      42.38227844238281,
      49.55183029174805,
      49.58913040161133,
      55.722190856933594,
      55.24258041381836,
      60.01153564453125,
      44.4442253112793,
      44.722938537597656
    ],
    [
      8.012279510498047,
      5.536624431610107,
      7.920248985290527,
      11.357362747192383,
      9.248976707458496,
      40.66173553466797,
      12.476780891418457,
      51.9947624206543,
      17.334388732910156,
      35.41904067993164,
      29.521316528320312,
      38.16276550292969,
      37.69395446777344,
      41.09629821777344,
      42.906150817871094,
      44.4442253112793,
      68.32386779785156,
      66.31790924072266
    ],
    [
      8.107322692871094,
      5.278800964355469,
      8.93775463104248,
      11.78706169128418,
      10.742085456848145,
      41.2829704284668,
      14.590197563171387,
      52.88962936401367,
      19.3040771484375,
      37.19927215576172,
      30.2011775970459,
      39.741966247558594,
      37.650325775146484,
      41.98947525024414,
      42.368133544921875,
      44.722938537597656,
      66.31790924072266,
      65.50341796875
    ]
  ],
  "damage": -10.356453895568848,
  "diff_bandwidth": 667.8638916015625,
  "dissonance": 8.726601236667923,
  "drr": -1.4528743028640747,
  "dynamics": 3.734086751937866,
  "format": 1245190,
  "frames": 2310144,
  "loudness": -16.390470504760742,
  "loudness_range": 9.416169166564941,
  "loudness_range_short": 13.272359848022461,
  "lowpass_true_peak_15khz": -1.4817328453063965,
  "mastering3_acoustic_entropies": [
    {
      "acoustic_entropy": 5.840675354003906,
      "acoustic_entropy_mono": 6.01443338394165,
      "band_eliminated_acoustic_entropies": [
        {
          "acoustic_entropy": 5.834686756134033,
          "acoustic_entropy_side": 5.840676307678223,
          "hz": 129.47220167065723
        },
        {
          "acoustic_entropy": 6.04854154586792,
          "acoustic_entropy_side": 5.840688228607178,
          "hz": 202.92927478742237
        },
        {
          "acoustic_entropy": 5.983027935028076,
          "acoustic_entropy_side": 5.84065055847168,
          "hz": 282.89161906338205
        },
        {
          "acoustic_entropy": 6.246493339538574,
          "acoustic_entropy_side": 5.840765476226807,
          "hz": 369.9353335868758
        },
        {
          "acoustic_entropy": 5.986680507659912,
          "acoustic_entropy_side": 5.840789794921875,
          "hz": 464.6875360973435
        },
        {
          "acoustic_entropy": 6.0811896324157715,
          "acoustic_entropy_side": 5.841043472290039,
          "hz": 567.8308811364784
        },
        {
          "acoustic_entropy": 6.113680362701416,
          "acoustic_entropy_side": 5.841345310211182,
          "hz": 680.1084783214808
        },
        {
          "acoustic_entropy": 5.849014759063721,
          "acoustic_entropy_side": 5.842220306396484,
          "hz": 802.3292461747484
        },
        {
          "acoustic_entropy": 6.157571792602539,
          "acoustic_entropy_side": 5.844493389129639,
          "hz": 935.3737400823702
        },
        {
          "acoustic_entropy": 5.8209404945373535,
          "acoustic_entropy_side": 5.847728252410889,
          "hz": 1080.2004963696966
        },
        {
          "acoustic_entropy": 5.989001274108887,
          "acoustic_entropy_side": 5.850752830505371,
          "hz": 1237.8529382007157
        },
        {
          "acoustic_entropy": 5.775370121002197,
          "acoustic_entropy_side": 5.852042198181152,
          "hz": 1409.4668930556702
        },
        {
          "acoustic_entropy": 5.8490071296691895,
          "acoustic_entropy_side": 5.854912757873535,
          "hz": 1596.2787759475705
        },
        {
          "acoustic_entropy": 5.8986077308654785,
          "acoustic_entropy_side": 5.857967853546143,
          "hz": 1799.6344973346393
        },
        {
          "acoustic_entropy": 5.736907005310059,
          "acoustic_entropy_side": 5.874307632446289,
          "hz": 2020.9991599069049
        },
        {
          "acoustic_entropy": 5.866135597229004,
          "acoustic_entropy_side": 5.862956523895264,
          "hz": 2261.9676141086993
        },
        {
          "acoustic_entropy": 5.821089267730713,
          "acoustic_entropy_side": 5.86379861831665,
          "hz": 2524.2759484456974
        },
        {
          "acoustic_entropy": 5.890544414520264,
          "acoustic_entropy_side": 5.866669178009033,
          "hz": 2809.813997359896
        },
        {
          "acoustic_entropy": 5.940027713775635,
          "acoustic_entropy_side": 5.870031833648682,
          "hz": 3120.6389567871424
        },
        {
          "acoustic_entropy": 5.93908166885376,
          "acoustic_entropy_side": 5.867595672607422,
          "hz": 3458.990205492291
        },
        {
          "acoustic_entropy": 5.8990254402160645,
          "acoustic_entropy_side": 5.876650333404541,
          "hz": 3827.305438964164
        },
        {
          "acoustic_entropy": 5.917675495147705,
          "acoustic_entropy_side": 5.874675750732422,
          "hz": 4228.238232109126
        },
        {
          "acoustic_entropy": 5.947404861450195,
          "acoustic_entropy_side": 5.880781650543213,
          "hz": 4664.6771572759235
        },
        {
          "acoustic_entropy": 6.005095958709717,
          "acoustic_entropy_side": 5.892484188079834,
          "hz": 5139.766595350093
        },
        {
          "acoustic_entropy": 5.921741962432861,
          "acoustic_entropy_side": 5.873283386230469,
          "hz": 5656.929389854203
        },
        {
          "acoustic_entropy": 5.9433112144470215,
          "acoustic_entropy_side": 5.8614277839660645,
          "hz": 6219.891507268283
        },
        {
          "acoustic_entropy": 5.934330463409424,
          "acoustic_entropy_side": 5.858057975769043,
          "hz": 6832.70888123896
        },
        {
          "acoustic_entropy": 5.925124645233154,
          "acoustic_entropy_side": 5.860452175140381,
          "hz": 7499.796634079867
        },
        {
          "acoustic_entropy": 5.979372978210449,
          "acoustic_entropy_side": 5.871170520782471,
          "hz": 8225.96088609342
        },
        {
          "acoustic_entropy": 5.887618541717529,
          "acoustic_entropy_side": 5.867669105529785,
          "hz": 9016.43338188839
        },
        {
          "acoustic_entropy": 5.944822788238525,
          "acoustic_entropy_side": 5.867831707000732,
          "hz": 9876.909183162974
        },
        {
          "acoustic_entropy": 5.895626068115234,
          "acoustic_entropy_side": 5.856855392456055,
          "hz": 10813.587699516042
        },
        {
          "acoustic_entropy": 5.869852066040039,
          "acoustic_entropy_side": 5.851083755493164,
          "hz": 11833.21735289826
        },
        {
          "acoustic_entropy": 5.856681823730469,
          "acoustic_entropy_side": 5.847894668579102,
          "hz": 12943.144197493959
        },
        {
          "acoustic_entropy": 5.850884437561035,
          "acoustic_entropy_side": 5.846104145050049,
          "hz": 14151.364845322005
        },
        {
          "acoustic_entropy": 5.84574031829834,
          "acoustic_entropy_side": 5.8434929847717285,
          "hz": 15466.58407886509
        },
        {
          "acoustic_entropy": 5.842799663543701,
          "acoustic_entropy_side": 5.841917991638184,
          "hz": 16898.27756580493
        },
        {
          "acoustic_entropy": 5.842008113861084,
          "acoustic_entropy_side": 5.841420650482178,
          "hz": 18456.760127700032
        },
        {
          "acoustic_entropy": 5.841566562652588,
          "acoustic_entropy_side": 5.841104984283447,
          "hz": 20153.260054456492
        },
        {
          "acoustic_entropy": 5.840794563293457,
          "acoustic_entropy_side": 5.840727806091309,
          "hz": 22000.00000000001
        }
      ],
      "diff_acoustic_entropy": 5.718597888946533,
      "sn": 6
    },
    {
      "acoustic_entropy": 8.260808944702148,
      "acoustic_entropy_mono": 8.793391227722168,
      "band_eliminated_acoustic_entropies": [
        {
          "acoustic_entropy": 8.311612129211426,
          "acoustic_entropy_side": 8.260782241821289,
          "hz": 129.47220167065723
        },
        {
          "acoustic_entropy": 8.572619438171387,
          "acoustic_entropy_side": 8.261117935180664,
          "hz": 202.92927478742237
        },
        {
          "acoustic_entropy": 9.3124361038208,
          "acoustic_entropy_side": 8.260666847229004,
          "hz": 282.89161906338205
        },
        {
          "acoustic_entropy": 8.56102466583252,
          "acoustic_entropy_side": 8.260315895080566,
          "hz": 369.9353335868758
        },
        {
          "acoustic_entropy": 8.402629852294922,
          "acoustic_entropy_side": 8.260680198669434,
          "hz": 464.6875360973435
        },
        {
          "acoustic_entropy": 8.570743560791016,
          "acoustic_entropy_side": 8.261560440063477,
          "hz": 567.8308811364784
        },
        {
          "acoustic_entropy": 8.611007690429688,
          "acoustic_entropy_side": 8.257420539855957,
          "hz": 680.1084783214808
        },
        {
          "acoustic_entropy": 8.083893775939941,
          "acoustic_entropy_side": 8.258259773254395,
          "hz": 802.3292461747484
        },
        {
          "acoustic_entropy": 8.135049819946289,
          "acoustic_entropy_side": 8.265429496765137,
          "hz": 935.3737400823702
        },
        {
          "acoustic_entropy": 8.308387756347656,
          "acoustic_entropy_side": 8.25376033782959,
          "hz": 1080.2004963696966
        },
        {
          "acoustic_entropy": 8.119709968566895,
          "acoustic_entropy_side": 8.257423400878906,
          "hz": 1237.8529382007157
        },
        {
          "acoustic_entropy": 8.48870849609375,
          "acoustic_entropy_side": 8.243793487548828,
          "hz": 1409.4668930556702
        },
        {
          "acoustic_entropy": 8.360095977783203,
          "acoustic_entropy_side": 8.245894432067871,
          "hz": 1596.2787759475705
        },
        {
          "acoustic_entropy": 8.171611785888672,
          "acoustic_entropy_side": 8.243266105651855,
          "hz": 1799.6344973346393
        },
        {
          "acoustic_entropy": 8.244014739990234,
          "acoustic_entropy_side": 8.23973274230957,
          "hz": 2020.9991599069049
        },
        {
          "acoustic_entropy": 8.251176834106445,
          "acoustic_entropy_side": 8.240296363830566,
          "hz": 2261.9676141086993
        },
        {
          "acoustic_entropy": 8.265986442565918,
          "acoustic_entropy_side": 8.237946510314941,
          "hz": 2524.2759484456974
        },
        {
          "acoustic_entropy": 8.268458366394043,
          "acoustic_entropy_side": 8.232562065124512,
          "hz": 2809.813997359896
        },
        {
          "acoustic_entropy": 8.460700035095215,
          "acoustic_entropy_side": 8.236190795898438,
          "hz": 3120.6389567871424
        },
        {
          "acoustic_entropy": 8.336995124816895,
          "acoustic_entropy_side": 8.241307258605957,
          "hz": 3458.990205492291
        },
        {
          "acoustic_entropy": 8.19572925567627,
          "acoustic_entropy_side": 8.243460655212402,
          "hz": 3827.305438964164
        },
        {
          "acoustic_entropy": 8.382485389709473,
          "acoustic_entropy_side": 8.256170272827148,
          "hz": 4228.238232109126
        },
        {
          "acoustic_entropy": 8.277517318725586,
          "acoustic_entropy_side": 8.246282577514648,
          "hz": 4664.6771572759235
        },
        {
          "acoustic_entropy": 8.238707542419434,
          "acoustic_entropy_side": 8.280318260192871,
          "hz": 5139.766595350093
        },
        {
          "acoustic_entropy": 8.214653015136719,
          "acoustic_entropy_side": 8.259034156799316,
          "hz": 5656.929389854203
        },
        {
          "acoustic_entropy": 8.326186180114746,
          "acoustic_entropy_side": 8.267683029174805,
          "hz": 6219.891507268283
        },
        {
          "acoustic_entropy": 8.331965446472168,
          "acoustic_entropy_side": 8.2582426071167,
          "hz": 6832.70888123896
        },
        {
          "acoustic_entropy": 8.341654777526855,
          "acoustic_entropy_side": 8.267255783081055,
          "hz": 7499.796634079867
        },
        {
          "acoustic_entropy": 8.446663856506348,
          "acoustic_entropy_side": 8.328832626342773,
          "hz": 8225.96088609342
        },
        {
          "acoustic_entropy": 8.33492660522461,
          "acoustic_entropy_side": 8.274626731872559,
          "hz": 9016.43338188839
        },
        {
          "acoustic_entropy": 8.365327835083008,
          "acoustic_entropy_side": 8.276686668395996,
          "hz": 9876.909183162974
        },
        {
          "acoustic_entropy": 8.289715766906738,
          "acoustic_entropy_side": 8.253092765808105,
          "hz": 10813.587699516042
        },
        {
          "acoustic_entropy": 8.249798774719238,
          "acoustic_entropy_side": 8.243237495422363,
          "hz": 11833.21735289826
        },
        {
          "acoustic_entropy": 8.246123313903809,
          "acoustic_entropy_side": 8.244083404541016,
          "hz": 12943.144197493959
        },
        {
          "acoustic_entropy": 8.25804328918457,
          "acoustic_entropy_side": 8.248674392700195,
          "hz": 14151.364845322005
        },
        {
          "acoustic_entropy": 8.258095741271973,
          "acoustic_entropy_side": 8.255012512207031,
          "hz": 15466.58407886509
        },
        {
          "acoustic_entropy": 8.256814956665039,
          "acoustic_entropy_side": 8.257255554199219,
          "hz": 16898.27756580493
        },
        {
          "acoustic_entropy": 8.259893417358398,
          "acoustic_entropy_side": 8.259998321533203,
          "hz": 18456.760127700032
        },
        {
          "acoustic_entropy": 8.260549545288086,
          "acoustic_entropy_side": 8.260597229003906,
          "hz": 20153.260054456492
        },
        {
          "acoustic_entropy": 8.260926246643066,
          "acoustic_entropy_side": 8.260831832885742,
          "hz": 22000.00000000001
        }
      ],
      "diff_acoustic_entropy": 8.189058303833008,
      "sn": 12
    },
    {
      "acoustic_entropy": 12.8988037109375,
      "acoustic_entropy_mono": 11.728422164916992,
      "band_eliminated_acoustic_entropies": [
        {
          "acoustic_entropy": 12.514604568481445,
          "acoustic_entropy_side": 12.901658058166504,
          "hz": 129.47220167065723
        },
        {
          "acoustic_entropy": 13.166935920715332,
          "acoustic_entropy_side": 12.907758712768555,
          "hz": 202.92927478742237
        },
        {
          "acoustic_entropy": 13.449041366577148,
          "acoustic_entropy_side": 12.928695678710938,
          "hz": 282.89161906338205
        },
        {
          "acoustic_entropy": 12.913046836853027,
          "acoustic_entropy_side": 12.896172523498535,
          "hz": 369.9353335868758
        },
        {
          "acoustic_entropy": 13.110053062438965,
          "acoustic_entropy_side": 12.892963409423828,
          "hz": 464.6875360973435
        },
        {
          "acoustic_entropy": 13.074121475219727,
          "acoustic_entropy_side": 12.848217964172363,
          "hz": 567.8308811364784
        },
        {
          "acoustic_entropy": 13.181402206420898,
          "acoustic_entropy_side": 12.80846118927002,
          "hz": 680.1084783214808
        },
        {
          "acoustic_entropy": 12.782297134399414,
          "acoustic_entropy_side": 12.817390441894531,
          "hz": 802.3292461747484
        },
        {
          "acoustic_entropy": 12.789742469787598,
          "acoustic_entropy_side": 12.905644416809082,
          "hz": 935.3737400823702
        },
        {
          "acoustic_entropy": 12.462750434875488,
          "acoustic_entropy_side": 12.812321662902832,
          "hz": 1080.2004963696966
        },
        {
          "acoustic_entropy": 12.98130989074707,
          "acoustic_entropy_side": 12.868538856506348,
          "hz": 1237.8529382007157
        },
        {
          "acoustic_entropy": 12.978567123413086,
          "acoustic_entropy_side": 12.871548652648926,
          "hz": 1409.4668930556702
        },
        {
          "acoustic_entropy": 12.946266174316406,
          "acoustic_entropy_side": 12.850417137145996,
          "hz": 1596.2787759475705
        },
        {
          "acoustic_entropy": 12.812828063964844,
          "acoustic_entropy_side": 12.906424522399902,
          "hz": 1799.6344973346393
        },
        {
          "acoustic_entropy": 13.037747383117676,
          "acoustic_entropy_side": 12.803323745727539,
          "hz": 2020.9991599069049
        },
        {
          "acoustic_entropy": 12.898697853088379,
          "acoustic_entropy_side": 12.855146408081055,
          "hz": 2261.9676141086993
        },
        {
          "acoustic_entropy": 12.688004493713379,
          "acoustic_entropy_side": 12.831334114074707,
          "hz": 2524.2759484456974
        },
        {
          "acoustic_entropy": 12.63365650177002,
          "acoustic_entropy_side": 12.863990783691406,
          "hz": 2809.813997359896
        },
        {
          "acoustic_entropy": 12.902023315429688,
          "acoustic_entropy_side": 12.889904975891113,
          "hz": 3120.6389567871424
        },
        {
