{
  "acoustic_entropy": 43.29572296142578,
  "bands": [
    {
      "high_freq": 148.1999969482422,
      "loudness": -18.115787506103516,
      "loudness_range": 5.038485527038574,
      "mid_mean": -52.394920349121094,
      "mid_to_side_loudness": -48.60466766357422,
      "mid_to_side_loudness_range": 42.458213806152344,
      "side_mean": -70
    },
    {
      "high_freq": 392.3793640136719,
      "loudness": -23.76885223388672,
      "loudness_range": 8.970008850097656,
      "low_freq": 148.1999969482422,
      "mid_mean": -53.909027099609375,
      "mid_to_side_loudness": -39.265140533447266,
      "mid_to_side_loudness_range": 55.2261848449707,
      "side_mean": -70
    },
    {
      "high_freq": 794.6976318359375,
      "loudness": -42.20914840698242,
      "loudness_range": 19.517086029052734,
      "low_freq": 392.3793640136719,
      "mid_mean": -38.879581451416016,
      "mid_to_side_loudness": -66.23101806640625,
      "mid_to_side_loudness_range": 27.763771057128906,
      "side_mean": -69.99958038330078
    },
    {
      "high_freq": 1457.5709228515625,
      "loudness": -50.07667541503906,
      "loudness_range": 18.896739959716797,
      "low_freq": 794.6976318359375,
      "mid_mean": -51.545570373535156,
      "mid_to_side_loudness": -53.337615966796875,
      "mid_to_side_loudness_range": 67.09705352783203,
      "side_mean": -69.99998474121094
    },
    {
      "high_freq": 2549.74365234375,
      "loudness": -43.64604949951172,
      "loudness_range": 15.469474792480469,
      "low_freq": 1457.5709228515625,
      "mid_mean": -40.38900375366211,
      "mid_to_side_loudness": -65.6917953491211,
      "mid_to_side_loudness_range": 74.722900390625,
      "side_mean": -69.99992370605469
    },
    {
      "high_freq": 4349.24462890625,
      "loudness": -46.90216064453125,
      "loudness_range": 16.87839126586914,
      "low_freq": 2549.74365234375,
      "mid_mean": -44.185848236083984,
      "mid_to_side_loudness": -55.61183166503906,
      "mid_to_side_loudness_range": 44.93964385986328,
      "side_mean": -69.99990844726562
    },
    {
      "high_freq": 7314.1640625,
      "loudness": -44.91269302368164,
      "loudness_range": 16.269561767578125,
      "low_freq": 4349.24462890625,
      "mid_mean": -42.26128005981445,
      "mid_to_side_loudness": -59.71263122558594,
      "mid_to_side_loudness_range": 44.34736633300781,
      "side_mean": -69.99983215332031
    },
    {
      "high_freq": 12199.2666015625,
      "loudness": -43.14387893676758,
      "loudness_range": 14.995094299316406,
      "low_freq": 7314.1640625,
      "mid_mean": -41.91676712036133,
      "mid_to_side_loudness": -54.549041748046875,
      "mid_to_side_loudness_range": 51.96714782714844,
      "side_mean": -69.99688720703125
    },
    {
      "loudness": -47.34577941894531,
      "loudness_range": 12.576305389404297,
      "low_freq": 12199.2666015625,
      "mid_mean": -51.01386642456055,
      "mid_to_side_loudness": -41.411766052246094,
      "mid_to_side_loudness_range": 52.68410873413086,
      "side_mean": -69.97651672363281
    }
  ],
  "bands_short": [
    {
      "high_freq": 148.1999969482422,
      "loudness": -21.442964553833008,
      "loudness_range": 12.482645034790039,
      "mid_mean": -54.19490432739258,
      "mid_to_side_loudness": -44.58700942993164,
      "mid_to_side_loudness_range": 53.443355560302734,
      "side_mean": -70
    },
    {
      "high_freq": 392.3793640136719,
      "loudness": -20.706562042236328,
      "loudness_range": 11.565350532531738,
      "low_freq": 148.1999969482422,
      "mid_mean": -53.63581466674805,
      "mid_to_side_loudness": -45.557552337646484,
      "mid_to_side_loudness_range": 59.996768951416016,
      "side_mean": -70
    },
    {
      "high_freq": 794.6976318359375,
      "loudness": -43.941558837890625,
      "loudness_range": 24.01152229309082,
      "low_freq": 392.3793640136719,
      "mid_mean": -53.06144714355469,
      "mid_to_side_loudness": -57.01544952392578,
      "mid_to_side_loudness_range": 33.182613372802734,
      "side_mean": -69.99958801269531
    },
    {
      "high_freq": 1457.5709228515625,
      "loudness": -52.51897430419922,
      "loudness_range": 33.18185806274414,
      "low_freq": 794.6976318359375,
      "mid_mean": -59.182369232177734,
      "mid_to_side_loudness": -38.1289176940918,
      "mid_to_side_loudness_range": 33.76042938232422,
      "side_mean": -69.99998474121094
    },
    {
      "high_freq": 2549.74365234375,
      "loudness": -48.099674224853516,
      "loudness_range": 31.224096298217773,
      "low_freq": 1457.5709228515625,
      "mid_mean": -55.81792449951172,
      "mid_to_side_loudness": -45.53835678100586,
      "mid_to_side_loudness_range": 37.38347625732422,
      "side_mean": -69.99993896484375
    },
    {
      "high_freq": 4349.24462890625,
      "loudness": -50.866615295410156,
      "loudness_range": 31.389163970947266,
      "low_freq": 2549.74365234375,
      "mid_mean": -60.63835144042969,
      "mid_to_side_loudness": -38.35350799560547,
      "mid_to_side_loudness_range": 42.384986877441406,
      "side_mean": -69.99989318847656
    },
    {
      "high_freq": 7314.1640625,
      "loudness": -51.31067657470703,
      "loudness_range": 36.29414749145508,
      "low_freq": 4349.24462890625,
      "mid_mean": -61.11458969116211,
      "mid_to_side_loudness": -32.10281753540039,
      "mid_to_side_loudness_range": 39.405879974365234,
      "side_mean": -69.99983215332031
    },
    {
      "high_freq": 12199.2666015625,
      "loudness": -51.91157150268555,
      "loudness_range": 39.68518829345703,
      "low_freq": 7314.1640625,
      "mid_mean": -63.07892608642578,
      "mid_to_side_loudness": -18.667648315429688,
      "mid_to_side_loudness_range": 30.323862075805664,
      "side_mean": -69.99696350097656
    },
    {
      "loudness": -54.798397064208984,
      "loudness_range": 36.713775634765625,
      "low_freq": 12199.2666015625,
      "mid_mean": -65.18049621582031,
      "mid_to_side_loudness": -7.350648403167725,
      "mid_to_side_loudness_range": 18.129241943359375,
      "side_mean": -69.97640991210938
    }
  ],
  "bandwidth": 199.87266540527344,
  "channels": 2,
  "covariance": [
    [
      635.4315185546875,
      -5.457266979647102e-06,
      573.0008544921875,
      -3.470312003628351e-05,
      86.09879302978516,
      0.015405341982841492,
      135.76644897460938,
      -0.00019568635616451502,
      20.771591186523438,
      0.0018259171629324555,
      51.96397399902344,
      -5.299215263221413e-05,
      34.03435134887695,
      2.7137177312397398e-05,
      8.016640663146973,
      0.029646653681993484,
      78.07898712158203,
      0.233131542801857
    ],
    [
      -5.457266979647102e-06,
      1.8357801390145312e-10,
      9.736074844113318e-07,
      4.701387890104769e-11,
      -1.4827201994194183e-05,
      -4.1392114735749885e-10,
      -1.4947905583539978e-05,
      2.0198555328310164e-10,
      -2.3081111066858284e-05,
      7.64162122468548e-10,
      -1.7917214790941216e-05,
      1.5422542132270678e-09,
      -1.9062981664319523e-05,
      2.564122025816573e-09,
      -3.584802107070573e-05,
      9.695058089675967e-09,
      -2.5761188226169907e-05,
      1.7005094221644868e-08
    ],
    [
      573.0008544921875,
      9.736074844113318e-07,
      524.2169189453125,
      -3.214979369658977e-05,
      77.04920959472656,
      0.013047820888459682,
      120.24028015136719,
      -0.00017985001613851637,
      16.607757568359375,
      0.0015231777215376496,
      44.564697265625,
      -0.00012307072756811976,
      29.513896942138672,
      -1.593513115949463e-05,
      4.914493560791016,
      0.027270792052149773,
      67.95834350585938,
      0.21166951954364777
    ],
    [
      -3.470312003628351e-05,
      4.701387890104769e-11,
      -3.214979369658977e-05,
      1.271115990242322e-10,
      -1.5777923181303777e-05,
      1.9014503305214703e-09,
      -1.0636038496159017e-05,
      4.975013734309641e-10,
      -1.1018590157618746e-05,
      9.517201471354042e-10,
      -1.8568720406619832e-05,
      2.6039221889817554e-09,
      -2.1274145183269866e-05,
      3.815338267543211e-09,
      -2.3598733605467714e-05,
      6.6543295318410856e-09,
      -1.1188375538040418e-05,
      2.8667521689840214e-08
    ],
    [
      86.09879302978516,
      -1.4827201994194183e-05,
      77.04920959472656,
      -1.5777923181303777e-05,
      51.52768325805664,
      0.001125470269471407,
      52.07740020751953,
      -8.195343252737075e-05,
      37.19809341430664,
      1.5715188055764884e-05,
      44.33103561401367,
      -0.000385013670893386,
      41.31975555419922,
      -0.0006747815059497952,
      43.158199310302734,
      -0.0033830285537987947,
      53.22368240356445,
      -0.004345090594142675
    ],
    [
      0.015405341982841492,
      -4.1392114735749885e-10,
      0.013047820888459682,
      1.9014503305214703e-09,
      0.001125470269471407,
      1.393536695104558e-05,
      0.006316625513136387,
      -1.1153981072098418e-09,
      -0.0006543539348058403,
      1.934746933329734e-06,
      0.00284838629886508,
      9.240908980245877e-07,
      0.0021853020880371332,
      1.4164212416289956e-06,
      -0.0028923554345965385,
      2.9110731247783406e-06,
      -0.002017722465097904,
      9.466480150877032e-06
    ],
    [
      135.76644897460938,
      -1.4947905583539978e-05,
      120.24028015136719,
      -1.0636038496159017e-05,
      52.07740020751953,
      0.006316625513136387,
      120.40880584716797,
      -5.1859267841791734e-05,
      44.214664459228516,
      0.0007917709881439805,
      55.066749572753906,
      0.00013722959556616843,
      52.73773956298828,
      0.00019881100161001086,
      56.16494369506836,
      0.006906427908688784,
      122.24845123291016,
      0.07266321033239365
    ],
    [
      -0.00019568635616451502,
      2.0198555328310164e-10,
      -0.00017985001613851637,
      4.975013734309641e-10,
      -8.195343252737075e-05,
      -1.1153981072098418e-09,
      -5.1859267841791734e-05,
      3.590467478886694e-09,
      -5.067568417871371e-05,
      4.684970633661578e-09,
      -9.200627391692251e-05,
      1.8113528454932748e-08,
      -0.00010411533003207296,
      2.467457527188799e-08,
      -0.00011470402387203649,
      3.3674375288228475e-08,
      -5.276505908113904e-05,
      1.1689591161712087e-07
    ],
    [
      20.771591186523438,
      -2.3081111066858284e-05,
      16.607757568359375,
      -1.1018590157618746e-05,
      37.19809341430664,
      -0.0006543539348058403,
      44.214664459228516,
      -5.067568417871371e-05,
      42.43715286254883,
      -0.00016619723464827985,
      37.799251556396484,
      -0.00031392296659760177,
      37.80230712890625,
      -0.0005853630136698484,
      45.69335174560547,
      -0.005844107363373041,
      57.608333587646484,
      -0.01740000955760479
    ],
    [
      0.0018259171629324555,
      7.64162122468548e-10,
      0.0015231777215376496,
      9.517201471354042e-10,
      1.5715188055764884e-05,
      1.934746933329734e-06,
      0.0007917709881439805,
      4.684970633661578e-09,
      -0.00016619723464827985,
      2.804765983910329e-07,
      0.00023081302060745656,
      1.5842159939438716e-07,
      0.00011828339484054595,
      2.379775452254762e-07,
      -0.0006005952600389719,
      4.817979970539454e-07,
      -0.0003599108022172004,
      1.545283794257557e-06
    ],
    [
      51.96397399902344,
      -1.7917214790941216e-05,
      44.564697265625,
      -1.8568720406619832e-05,
      44.33103561401367,
      0.00284838629886508,
      55.066749572753906,
      -9.200627391692251e-05,
      37.799251556396484,
      0.00023081302060745656,
      59.39493179321289,
      -0.0003445850743446499,
      57.16227722167969,
      -0.0006360496045090258,
      62.217506408691406,
      -0.007145872339606285,
      64.871337890625,
      -0.02686193585395813
    ],
    [
      -5.299215263221413e-05,
      1.5422542132270678e-09,
      -0.00012307072756811976,
      2.6039221889817554e-09,
      -0.000385013670893386,
      9.240908980245877e-07,
      0.00013722959556616843,
      1.8113528454932748e-08,
      -0.00031392296659760177,
      1.5842159939438716e-07,
      -0.0003445850743446499,
      1.615339755289824e-07,
      -0.0004552498576231301,
      2.3244905378305702e-07,
      -0.0008473684429191053,
      4.0355496366828447e-07,
      -0.0004118068318348378,
      1.3084206784697017e-06
    ],
    [
      34.03435134887695,
      -1.9062981664319523e-05,
      29.513896942138672,
      -2.1274145183269866e-05,
      41.31975555419922,
      0.0021853020880371332,
      52.73773956298828,
      -0.00010411533003207296,
      37.80230712890625,
      0.00011828339484054595,
      57.16227722167969,
      -0.0004552498576231301,
      62.880558013916016,
      -0.000778365763835609,
      72.16291809082031,
      -0.008653509430587292,
      69.64889526367188,
      -0.03395075723528862
    ],
    [
      2.7137177312397398e-05,
      2.564122025816573e-09,
      -1.593513115949463e-05,
      3.815338267543211e-09,
      -0.0006747815059497952,
      1.4164212416289956e-06,
      0.00019881100161001086,
      2.467457527188799e-08,
      -0.0005853630136698484,
      2.379775452254762e-07,
      -0.0006360496045090258,
      2.3244905378305702e-07,
      -0.000778365763835609,
      3.468549607532623e-07,
      -0.0014331468846648932,
      6.67755045924423e-07,
      -0.0006650588475167751,
      2.295554850206827e-06
    ],
    [
      8.016640663146973,
      -3.584802107070573e-05,
      4.914493560791016,
      -2.3598733605467714e-05,
      43.158199310302734,
      -0.0028923554345965385,
      56.16494369506836,
      -0.00011470402387203649,
      45.69335174560547,
      -0.0006005952600389719,
      62.217506408691406,
      -0.0008473684429191053,
      72.16291809082031,
      -0.0014331468846648932,
      93.86644744873047,
      -0.012250789441168308,
      92.0980224609375,
      -0.04886195436120033
    ],
    [
      0.029646653681993484,
      9.695058089675967e-09,
      0.027270792052149773,
      6.6543295318410856e-09,
      -0.0033830285537987947,
      2.9110731247783406e-06,
      0.006906427908688784,
      3.3674375288228475e-08,
      -0.005844107363373041,
      4.817979970539454e-07,
      -0.007145872339606285,
      4.0355496366828447e-07,
      -0.008653509430587292,
      6.67755045924423e-07,
      -0.012250789441168308,
      6.9136194724706e-06,
      0.0012461827136576176,
      3.648763595265336e-05
    ],
    [
      78.07898712158203,
      -2.5761188226169907e-05,
      67.95834350585938,
      -1.1188375538040418e-05,
      53.22368240356445,
      -0.002017722465097904,
      122.24845123291016,
      -5.276505908113904e-05,
      57.608333587646484,
      -0.0003599108022172004,
      64.871337890625,
      -0.0004118068318348378,
      69.64889526367188,
      -0.0006650588475167751,
      92.0980224609375,
      0.0012461827136576176,
      155.04518127441406,
      0.044856563210487366
    ],
    [
      0.233131542801857,
      1.7005094221644868e-08,
      0.21166951954364777,
      2.8667521689840214e-08,
      -0.004345090594142675,
      9.466480150877032e-06,
      0.07266321033239365,
      1.1689591161712087e-07,
      -0.01740000955760479,
      1.545283794257557e-06,
      -0.02686193585395813,
      1.3084206784697017e-06,
      -0.03395075723528862,
      2.295554850206827e-06,
      -0.04886195436120033,
      3.648763595265336e-05,
      0.044856563210487366,
      0.0002436911454424262
    ]
  ],
  "covariance_short": [
    [
      567.491455078125,
      -3.7273399357218295e-05,
      570.1920776367188,
      -2.853173100447748e-05,
      255.48313903808594,
      0.012673181481659412,
      185.4169158935547,
      -0.00022508366964757442,
      108.12370300292969,
      0.0010160957463085651,
      111.74005126953125,
      0.0003316375077702105,
      93.5809555053711,
      -0.0002996831317432225,
      46.79850769042969,
      0.02463560923933983,
      29.359643936157227,
      0.2101791352033615
    ],
    [
      -3.7273399357218295e-05,
      8.451093158612366e-10,
      -3.8338981539709494e-05,
      2.05573877365417e-10,
      -3.025707701453939e-05,
      1.7710155564287788e-09,
      -2.4371542167500593e-05,
      1.4861424313394878e-09,
      -1.9792048988165334e-05,
      4.757877203331873e-09,
      -2.1319876395864412e-05,
      7.2154784369615754e-09,
      -2.0156703612883575e-05,
      1.194894494460641e-08,
      -1.5822859495528974e-05,
      3.994678010599273e-08,
      -1.116221937991213e-05,
      6.711373146117694e-08
    ],
    [
      570.1920776367188,
      -3.8338981539709494e-05,
      590.18212890625,
      -2.8863731131423265e-05,
      269.62603759765625,
      0.016018236055970192,
      193.2154998779297,
      -0.00023307939409278333,
      113.44163513183594,
      0.0013547764392569661,
      118.48853302001953,
      0.0006447759224101901,
      95.93345642089844,
      -2.5860426831059158e-06,
      47.575931549072266,
      0.025658179074525833,
      29.433696746826172,
      0.21100519597530365
    ],
    [
      -2.853173100447748e-05,
      2.05573877365417e-10,
      -2.8863731131423265e-05,
      4.82135165125186e-10,
      -1.1843615538964514e-05,
      8.84906192766266e-09,
      -1.6364941984647885e-05,
      2.2091455331718635e-09,
      -2.813701712511829e-06,
      4.04852773527864e-09,
      -1.6444681023131125e-05,
      1.0702347452706817e-08,
      -1.6465903172502294e-05,
      1.4827353567170576e-08,
      -1.3150329323252663e-05,
      3.0309767140579424e-08,
      -9.680227776698302e-06,
      9.02383447964894e-08
    ],
    [
      255.48313903808594,
      -3.025707701453939e-05,
      269.62603759765625,
      -1.1843615538964514e-05,
      252.6736602783203,
      0.00934753380715847,
      185.33595275878906,
      -0.00010812230902956799,
      193.59681701660156,
      0.0007954605389386415,
      158.25624084472656,
      0.000440165342297405,
      149.69775390625,
      9.235439938493073e-05,
      121.52633666992188,
      0.011307009495794773,
      89.60333251953125,
      0.11772902309894562
    ],
    [
      0.012673181481659412,
      1.7710155564287788e-09,
      0.016018236055970192,
      8.84906192766266e-09,
      0.00934753380715847,
      6.267292337724939e-05,
      0.009687650017440319,
      1.0905400138483401e-08,
      0.0008020500536076725,
      6.553565526701277e-06,
      0.00028736679814755917,
      6.591939381905831e-06,
      -0.003129933262243867,
      6.517000201711198e-06,
      -0.0026609995402395725,
      1.0859118447115179e-05,
      -0.0019006612710654736,
      2.1798297893838026e-05
    ],
    [
      185.4169158935547,
      -2.4371542167500593e-05,
      193.2154998779297,
      -1.6364941984647885e-05,
      185.33595275878906,
      0.009687650017440319,
      170.83236694335938,
      -0.00013533211313188076,
      157.5730743408203,
      0.0008200054289773107,
      147.54554748535156,
      0.0004053509619552642,
      143.3638153076172,
      -4.170523607172072e-05,
      121.84393310546875,
      -0.0008442875696346164,
      96.1085433959961,
      0.051035113632678986
    ],
    [
      -0.00022508366964757442,
      1.4861424313394878e-09,
      -0.00023307939409278333,
      2.2091455331718635e-09,
      -0.00010812230902956799,
      1.0905400138483401e-08,
      -0.00013533211313188076,
      2.2641083674557194e-08,
      -2.7810187020804733e-05,
      3.117374802741324e-08,
      -0.0001194360593217425,
      9.619878937883186e-08,
      -0.00011386253027012572,
      1.301540777376431e-07,
      -9.049742220668122e-05,
      2.204946127903895e-07,
      -6.617491453653201e-05,
      5.664383593284583e-07
    ],
    [
      108.12370300292969,
      -1.9792048988165334e-05,
      113.44163513183594,
      -2.813701712511829e-06,
      193.59681701660156,
      0.0008020500536076725,
      157.5730743408203,
      -2.7810187020804733e-05,
      214.51699829101562,
      1.1862464816658758e-05,
      166.49179077148438,
      -0.00010871680569835007,
      166.2376708984375,
      -0.00025831765378825366,
      144.97486877441406,
      -0.003854279639199376,
      107.82241821289062,
      0.03593551740050316
    ],
    [
      0.0010160957463085651,
      4.757877203331873e-09,
      0.0013547764392569661,
      4.04852773527864e-09,
      0.0007954605389386415,
      6.553565526701277e-06,
      0.0008200054289773107,
      3.117374802741324e-08,
      1.1862464816658758e-05,
      7.650473321518803e-07,
      -0.00013921040226705372,
      8.306435574922943e-07,
      -0.000481989118270576,
      8.753440283726377e-07,
      -0.00040085159707814455,
      1.49706170304853e-06,
      -0.0002865814312826842,
      3.024608759005787e-06
    ],
    [
      111.74005126953125,
      -2.1319876395864412e-05,
      118.48853302001953,
      -1.6444681023131125e-05,
      158.25624084472656,
      0.00028736679814755917,
      147.54554748535156,
      -0.0001194360593217425,
      166.49179077148438,
      -0.00013921040226705372,
      161.3046417236328,
      -0.0005068975733593106,
      159.73983764648438,
      -0.0008717753225937486,
      136.70570373535156,
      -0.011059513315558434,
      105.5079574584961,
      0.0006621230277232826
    ],
    [
      0.0003316375077702105,
      7.2154784369615754e-09,
      0.0006447759224101901,
      1.0702347452706817e-08,
      0.000440165342297405,
      6.591939381905831e-06,
      0.0004053509619552642,
      9.619878937883186e-08,
      -0.00010871680569835007,
      8.306435574922943e-07,
      -0.0005068975733593106,
      1.1149496685902704e-06,
      -0.0008317765314131975,
      1.2638286079891259e-06,
      -0.0006770801264792681,
      2.1061202915007016e-06,
      -0.00048768456326797605,
      4.64280719825183e-06
    ],
    [
      93.5809555053711,
      -2.0156703612883575e-05,
      95.93345642089844,
      -1.6465903172502294e-05,
      149.69775390625,
      -0.003129933262243867,
      143.3638153076172,
      -0.00011386253027012572,
      166.2376708984375,
      -0.000481989118270576,
      159.73983764648438,
      -0.0008317765314131975,
      164.71127319335938,
      -0.0012050612131133676,
      146.2837677001953,
      -0.013072829693555832,
      114.41539001464844,
      -0.004073591437190771
    ],
    [
      -0.0002996831317432225,
      1.194894494460641e-08,
      -2.5860426831059158e-06,
      1.4827353567170576e-08,
      9.235439938493073e-05,
      6.517000201711198e-06,
      -4.170523607172072e-05,
      1.301540777376431e-07,
      -0.00025831765378825366,
      8.753440283726377e-07,
      -0.0008717753225937486,
      1.2638286079891259e-06,
      -0.0012050612131133676,
      1.5504464272453333e-06,
      -0.001004322082735598,
      2.76543232757831e-06,
      -0.0007190589094534516,
      6.819385816925205e-06
    ],
    [
      46.79850769042969,
      -1.5822859495528974e-05,
      47.575931549072266,
      -1.3150329323252663e-05,
      121.52633666992188,
      -0.0026609995402395725,
      121.84393310546875,
      -9.049742220668122e-05,
      144.97486877441406,
      -0.00040085159707814455,
      136.70570373535156,
      -0.0006770801264792681,
      146.2837677001953,
      -0.001004322082735598,
      147.0503692626953,
      -0.013387445360422134,
      120.35400390625,
      -0.012542291544377804
    ],
    [
      0.02463560923933983,
      3.994678010599273e-08,
      0.025658179074525833,
      3.0309767140579424e-08,
      0.011307009495794773,
      1.0859118447115179e-05,
      -0.0008442875696346164,
      2.204946127903895e-07,
      -0.003854279639199376,
      1.49706170304853e-06,
      -0.011059513315558434,
      2.1061202915007016e-06,
      -0.013072829693555832,
      2.76543232757831e-06,
      -0.013387445360422134,
      2.2915215595276095e-05,
      -0.009892071597278118,
      9.775456419447437e-05
    ],
    [
      29.359643936157227,
      -1.116221937991213e-05,
      29.433696746826172,
      -9.680227776698302e-06,
      89.60333251953125,
      -0.0019006612710654736,
      96.1085433959961,
      -6.617491453653201e-05,
      107.82241821289062,
      -0.0002865814312826842,
      105.5079574584961,
      -0.00048768456326797605,
      114.41539001464844,
      -0.0007190589094534516,
      120.35400390625,
      -0.009892071597278118,
      103.19485473632812,
      -0.002004955429583788
    ],
    [
      0.2101791352033615,
      6.711373146117694e-08,
      0.21100519597530365,
      9.02383447964894e-08,
      0.11772902309894562,
      2.1798297893838026e-05,
      0.051035113632678986,
      5.664383593284583e-07,
      0.03593551740050316,
      3.024608759005787e-06,
      0.0006621230277232826,
      4.64280719825183e-06,
      -0.004073591437190771,
      6.819385816925205e-06,
      -0.012542291544377804,
      9.775456419447437e-05,
      -0.002004955429583788,
      0.0007665588636882603
    ]
  ],
  "damage": -8.764908790588379,
  "diff_bandwidth": 212.99342346191406,
  "dissonance": 4.9988571559840524,
  "drr": 5.44862699508667,
  "dynamics": 9.566302299499512,
  "format": 1245190,
  "frames": 1028096,
  "loudness": -24.4873104095459,
  "loudness_range": 19.98330307006836,
  "loudness_range_short": 32.40620422363281,
  "lowpass_true_peak_15khz": 0.03356610983610153,
  "mastering3_acoustic_entropies": [
    {
      "acoustic_entropy": 6.61659049987793,
      "acoustic_entropy_mono": 6.61659049987793,
      "band_eliminated_acoustic_entropies": [
        {
          "acoustic_entropy": 6.749454975128174,
          "acoustic_entropy_side": 6.61659049987793,
          "hz": 129.47220167065723
        },
        {
          "acoustic_entropy": 6.182242393493652,
          "acoustic_entropy_side": 6.61659049987793,
          "hz": 202.92927478742237
        },
        {
          "acoustic_entropy": 7.041261672973633,
          "acoustic_entropy_side": 6.61659049987793,
          "hz": 282.89161906338205
        },
        {
          "acoustic_entropy": 6.842077255249023,
          "acoustic_entropy_side": 6.61659049987793,
          "hz": 369.9353335868758
        },
        {
          "acoustic_entropy": 6.555843830108643,
          "acoustic_entropy_side": 6.61659049987793,
          "hz": 464.6875360973435
        },
        {
          "acoustic_entropy": 6.632294178009033,
          "acoustic_entropy_side": 6.61659049987793,
          "hz": 567.8308811364784
        },
        {
          "acoustic_entropy": 6.542125225067139,
          "acoustic_entropy_side": 6.61659049987793,
          "hz": 680.1084783214808
        },
        {
          "acoustic_entropy": 6.579095363616943,
          "acoustic_entropy_side": 6.61659049987793,
          "hz": 802.3292461747484
        },
        {
          "acoustic_entropy": 6.611683368682861,
          "acoustic_entropy_side": 6.61659049987793,
          "hz": 935.3737400823702
        },
        {
          "acoustic_entropy": 6.577832221984863,
          "acoustic_entropy_side": 6.61659049987793,
          "hz": 1080.2004963696966
        },
        {
          "acoustic_entropy": 6.627039432525635,
          "acoustic_entropy_side": 6.61659049987793,
          "hz": 1237.8529382007157
        },
        {
          "acoustic_entropy": 6.617146968841553,
          "acoustic_entropy_side": 6.61659049987793,
          "hz": 1409.4668930556702
        },
        {
          "acoustic_entropy": 6.616733074188232,
          "acoustic_entropy_side": 6.61659049987793,
          "hz": 1596.2787759475705
        },
        {
          "acoustic_entropy": 6.617092609405518,
          "acoustic_entropy_side": 6.61659049987793,
          "hz": 1799.6344973346393
        },
        {
          "acoustic_entropy": 6.537051677703857,
          "acoustic_entropy_side": 6.61659049987793,
          "hz": 2020.9991599069049
        },
        {
          "acoustic_entropy": 6.541013717651367,
          "acoustic_entropy_side": 6.61659049987793,
          "hz": 2261.9676141086993
        },
        {
          "acoustic_entropy": 6.616654396057129,
          "acoustic_entropy_side": 6.61659049987793,
          "hz": 2524.2759484456974
        },
        {
          "acoustic_entropy": 6.620253086090088,
          "acoustic_entropy_side": 6.61659049987793,
          "hz": 2809.813997359896
        },
        {
          "acoustic_entropy": 6.61529541015625,
          "acoustic_entropy_side": 6.61659049987793,
          "hz": 3120.6389567871424
        },
        {
          "acoustic_entropy": 6.552298545837402,
          "acoustic_entropy_side": 6.61659049987793,
          "hz": 3458.990205492291
        },
        {
          "acoustic_entropy": 6.59812068939209,
          "acoustic_entropy_side": 6.61659049987793,
          "hz": 3827.305438964164
        },
        {
          "acoustic_entropy": 6.679388046264648,
          "acoustic_entropy_side": 6.61659049987793,
          "hz": 4228.238232109126
        },
        {
          "acoustic_entropy": 6.665887355804443,
          "acoustic_entropy_side": 6.61659049987793,
          "hz": 4664.6771572759235
        },
        {
          "acoustic_entropy": 6.582345962524414,
          "acoustic_entropy_side": 6.61659049987793,
          "hz": 5139.766595350093
        },
        {
          "acoustic_entropy": 6.573489665985107,
          "acoustic_entropy_side": 6.61659049987793,
          "hz": 5656.929389854203
        },
        {
          "acoustic_entropy": 6.565289497375488,
          "acoustic_entropy_side": 6.61659049987793,
          "hz": 6219.891507268283
        },
        {
          "acoustic_entropy": 6.53298282623291,
          "acoustic_entropy_side": 6.61659049987793,
          "hz": 6832.70888123896
        },
        {
          "acoustic_entropy": 6.573807716369629,
          "acoustic_entropy_side": 6.61659049987793,
          "hz": 7499.796634079867
        },
        {
          "acoustic_entropy": 6.531145095825195,
          "acoustic_entropy_side": 6.61659049987793,
          "hz": 8225.96088609342
        },
        {
          "acoustic_entropy": 6.598453044891357,
          "acoustic_entropy_side": 6.61659049987793,
          "hz": 9016.43338188839
        },
        {
          "acoustic_entropy": 6.4650492668151855,
          "acoustic_entropy_side": 6.61659049987793,
          "hz": 9876.909183162974
        },
        {
          "acoustic_entropy": 6.550748348236084,
          "acoustic_entropy_side": 6.61659049987793,
          "hz": 10813.587699516042
        },
        {
          "acoustic_entropy": 6.543725490570068,
          "acoustic_entropy_side": 6.61659049987793,
          "hz": 11833.21735289826
        },
        {
          "acoustic_entropy": 6.536346912384033,
          "acoustic_entropy_side": 6.61659049987793,
          "hz": 12943.144197493959
        },
        {
          "acoustic_entropy": 6.611166954040527,
          "acoustic_entropy_side": 6.61659049987793,
          "hz": 14151.364845322005
        },
        {
          "acoustic_entropy": 6.538330078125,
          "acoustic_entropy_side": 6.61659049987793,
          "hz": 15466.58407886509
        },
        {
          "acoustic_entropy": 6.613742351531982,
          "acoustic_entropy_side": 6.61659049987793,
          "hz": 16898.27756580493
        },
        {
          "acoustic_entropy": 6.616556167602539,
          "acoustic_entropy_side": 6.61659049987793,
          "hz": 18456.760127700032
        },
        {
          "acoustic_entropy": 6.6165900230407715,
          "acoustic_entropy_side": 6.61659049987793,
          "hz": 20153.260054456492
        },
        {
          "acoustic_entropy": 6.61659049987793,
          "acoustic_entropy_side": 6.61659049987793,
          "hz": 22000.00000000001
        }
      ],
      "diff_acoustic_entropy": 5.130364418029785,
      "sn": 6
    },
    {
      "acoustic_entropy": 8.395886421203613,
      "acoustic_entropy_mono": 8.395886421203613,
      "band_eliminated_acoustic_entropies": [
        {
          "acoustic_entropy": 8.26337718963623,
          "acoustic_entropy_side": 8.395886421203613,
          "hz": 129.47220167065723
        },
        {
          "acoustic_entropy": 8.318706512451172,
          "acoustic_entropy_side": 8.395886421203613,
          "hz": 202.92927478742237
        },
        {
          "acoustic_entropy": 8.55229663848877,
          "acoustic_entropy_side": 8.395886421203613,
          "hz": 282.89161906338205
        },
        {
          "acoustic_entropy": 8.443428039550781,
          "acoustic_entropy_side": 8.395886421203613,
          "hz": 369.9353335868758
        },
        {
          "acoustic_entropy": 8.479716300964355,
          "acoustic_entropy_side": 8.395886421203613,
          "hz": 464.6875360973435
        },
        {
          "acoustic_entropy": 8.752768516540527,
          "acoustic_entropy_side": 8.395886421203613,
          "hz": 567.8308811364784
        },
        {
          "acoustic_entropy": 8.453279495239258,
          "acoustic_entropy_side": 8.395886421203613,
          "hz": 680.1084783214808
        },
        {
          "acoustic_entropy": 8.828463554382324,
          "acoustic_entropy_side": 8.395886421203613,
          "hz": 802.3292461747484
        },
        {
          "acoustic_entropy": 8.864287376403809,
          "acoustic_entropy_side": 8.395886421203613,
          "hz": 935.3737400823702
        },
        {
          "acoustic_entropy": 8.97164249420166,
          "acoustic_entropy_side": 8.395886421203613,
          "hz": 1080.2004963696966
        },
        {
          "acoustic_entropy": 8.721366882324219,
          "acoustic_entropy_side": 8.395886421203613,
          "hz": 1237.8529382007157
        },
        {
          "acoustic_entropy": 8.394488334655762,
          "acoustic_entropy_side": 8.395886421203613,
          "hz": 1409.4668930556702
        },
        {
          "acoustic_entropy": 8.39163589477539,
          "acoustic_entropy_side": 8.395886421203613,
          "hz": 1596.2787759475705
        },
        {
          "acoustic_entropy": 8.397456169128418,
          "acoustic_entropy_side": 8.395886421203613,
          "hz": 1799.6344973346393
        },
        {
          "acoustic_entropy": 8.32213306427002,
          "acoustic_entropy_side": 8.395886421203613,
          "hz": 2020.9991599069049
        },
        {
          "acoustic_entropy": 8.703692436218262,
          "acoustic_entropy_side": 8.395886421203613,
          "hz": 2261.9676141086993
        },
        {
          "acoustic_entropy": 8.39904499053955,
          "acoustic_entropy_side": 8.395886421203613,
          "hz": 2524.2759484456974
        },
        {
          "acoustic_entropy": 8.400769233703613,
          "acoustic_entropy_side": 8.395886421203613,
          "hz": 2809.813997359896
        },
        {
          "acoustic_entropy": 8.396510124206543,
          "acoustic_entropy_side": 8.395886421203613,
          "hz": 3120.6389567871424
        },
        {
          "acoustic_entropy": 8.42382526397705,
          "acoustic_entropy_side": 8.395886421203613,
          "hz": 3458.990205492291
        },
        {
          "acoustic_entropy": 8.465975761413574,
          "acoustic_entropy_side": 8.395886421203613,
          "hz": 3827.305438964164
        },
        {
          "acoustic_entropy": 8.48660659790039,
          "acoustic_entropy_side": 8.395886421203613,
          "hz": 4228.238232109126
        },
        {
          "acoustic_entropy": 8.449289321899414,
          "acoustic_entropy_side": 8.395886421203613,
          "hz": 4664.6771572759235
        },
        {
          "acoustic_entropy": 8.384503364562988,
          "acoustic_entropy_side": 8.395886421203613,
          "hz": 5139.766595350093
        },
        {
          "acoustic_entropy": 8.453936576843262,
          "acoustic_entropy_side": 8.395886421203613,
          "hz": 5656.929389854203
        },
        {
          "acoustic_entropy": 8.50112533569336,
          "acoustic_entropy_side": 8.395886421203613,
          "hz": 6219.891507268283
        },
        {
          "acoustic_entropy": 8.487881660461426,
          "acoustic_entropy_side": 8.395886421203613,
          "hz": 6832.70888123896
        },
        {
          "acoustic_entropy": 8.530973434448242,
          "acoustic_entropy_side": 8.395886421203613,
          "hz": 7499.796634079867
        },
        {
          "acoustic_entropy": 8.425124168395996,
          "acoustic_entropy_side": 8.395886421203613,
          "hz": 8225.96088609342
        },
        {
          "acoustic_entropy": 8.662135124206543,
          "acoustic_entropy_side": 8.395886421203613,
          "hz": 9016.43338188839
        },
        {
          "acoustic_entropy": 8.70727252960205,
          "acoustic_entropy_side": 8.395886421203613,
          "hz": 9876.909183162974
        },
        {
          "acoustic_entropy": 8.394779205322266,
          "acoustic_entropy_side": 8.395886421203613,
          "hz": 10813.587699516042
        },
        {
          "acoustic_entropy": 8.389533996582031,
          "acoustic_entropy_side": 8.395886421203613,
          "hz": 11833.21735289826
        },
        {
          "acoustic_entropy": 8.38934326171875,
          "acoustic_entropy_side": 8.395886421203613,
          "hz": 12943.144197493959
        },
        {
          "acoustic_entropy": 8.709548950195312,
          "acoustic_entropy_side": 8.395886421203613,
          "hz": 14151.364845322005
        },
        {
          "acoustic_entropy": 8.448919296264648,
          "acoustic_entropy_side": 8.395886421203613,
          "hz": 15466.58407886509
        },
        {
          "acoustic_entropy": 8.396271705627441,
          "acoustic_entropy_side": 8.395886421203613,
          "hz": 16898.27756580493
        },
        {
          "acoustic_entropy": 8.3958740234375,
          "acoustic_entropy_side": 8.395886421203613,
          "hz": 18456.760127700032
        },
        {
          "acoustic_entropy": 8.395889282226562,
          "acoustic_entropy_side": 8.395886421203613,
          "hz": 20153.260054456492
        },
        {
          "acoustic_entropy": 8.395886421203613,
          "acoustic_entropy_side": 8.395886421203613,
          "hz": 22000.00000000001
        }
      ],
      "diff_acoustic_entropy": 6.80558443069458,
      "sn": 12
    },
    {
      "acoustic_entropy": 12.385910987854004,
      "acoustic_entropy_mono": 12.385910987854004,
      "band_eliminated_acoustic_entropies": [
        {
          "acoustic_entropy": 12.333836555480957,
          "acoustic_entropy_side": 12.385910987854004,
          "hz": 129.47220167065723
        },
        {
          "acoustic_entropy": 12.699743270874023,
          "acoustic_entropy_side": 12.385910987854004,
          "hz": 202.92927478742237
        },
        {
          "acoustic_entropy": 12.552120208740234,
          "acoustic_entropy_side": 12.385910987854004,
          "hz": 282.89161906338205
        },
        {
          "acoustic_entropy": 12.087068557739258,
          "acoustic_entropy_side": 12.385910987854004,
          "hz": 369.9353335868758
        },
        {
          "acoustic_entropy": 12.404040336608887,
          "acoustic_entropy_side": 12.385910987854004,
          "hz": 464.6875360973435
        },
        {
          "acoustic_entropy": 12.92106819152832,
          "acoustic_entropy_side": 12.385910987854004,
          "hz": 567.8308811364784
        },
        {
          "acoustic_entropy": 12.181107521057129,
          "acoustic_entropy_side": 12.385910987854004,
          "hz": 680.1084783214808
        },
        {
          "acoustic_entropy": 11.899837493896484,
