{
  "acoustic_entropy": 152.5673065185547,
  "bands": [
    {
      "high_freq": 148.1999969482422,
      "loudness": -46.23371887207031,
      "loudness_range": 32.23534393310547,
      "mid_mean": -42.50888442993164,
      "mid_to_side_loudness": -25.32746696472168,
      "mid_to_side_loudness_range": 11.584239959716797,
      "side_mean": -63.68559646606445
    },
    {
      "high_freq": 392.3793640136719,
      "loudness": -38.628150939941406,
      "loudness_range": 20.311458587646484,
      "low_freq": 148.1999969482422,
      "mid_mean": -35.02482604980469,
      "mid_to_side_loudness": -19.72534942626953,
      "mid_to_side_loudness_range": 13.35934066772461,
      "side_mean": -54.905303955078125
    },
    {
      "high_freq": 794.6976318359375,
      "loudness": -38.11163330078125,
      "loudness_range": 16.72248649597168,
      "low_freq": 392.3793640136719,
      "mid_mean": -34.54100799560547,
      "mid_to_side_loudness": -17.92388916015625,
      "mid_to_side_loudness_range": 13.154953002929688,
      "side_mean": -52.86281204223633
    },
    {
      "high_freq": 1457.5709228515625,
      "loudness": -38.758056640625,
      "loudness_range": 19.97989273071289,
      "low_freq": 794.6976318359375,
      "mid_mean": -35.19879913330078,
      "mid_to_side_loudness": -18.87293243408203,
      "mid_to_side_loudness_range": 11.673545837402344,
      "side_mean": -54.5504264831543
    },
    {
      "high_freq": 2549.74365234375,
      "loudness": -43.052146911621094,
      "loudness_range": 19.701677322387695,
      "low_freq": 1457.5709228515625,
      "mid_mean": -39.40449905395508,
      "mid_to_side_loudness": -18.706279754638672,
      "mid_to_side_loudness_range": 9.4723539352417,
      "side_mean": -58.19041061401367
    },
    {
      "high_freq": 4349.24462890625,
      "loudness": -47.96525573730469,
      "loudness_range": 24.328533172607422,
      "low_freq": 2549.74365234375,
      "mid_mean": -44.343162536621094,
      "mid_to_side_loudness": -21.014772415161133,
      "mid_to_side_loudness_range": 12.620707511901855,
      "side_mean": -63.42325973510742
    },
    {
      "high_freq": 7314.1640625,
      "loudness": -56.51161193847656,
      "loudness_range": 23.992740631103516,
      "low_freq": 4349.24462890625,
      "mid_mean": -53.06422805786133,
      "mid_to_side_loudness": -24.884496688842773,
      "mid_to_side_loudness_range": 13.710769653320312,
      "side_mean": -68.36624145507812
    },
    {
      "high_freq": 12199.2666015625,
      "loudness": -65.55638122558594,
      "loudness_range": 24.374126434326172,
      "low_freq": 7314.1640625,
      "mid_mean": -60.84122848510742,
      "mid_to_side_loudness": -30.12310791015625,
      "mid_to_side_loudness_range": 26.33908462524414,
      "side_mean": -69.88274383544922
    },
    {
      "loudness": -71.884033203125,
      "loudness_range": 12.204036712646484,
      "low_freq": 12199.2666015625,
      "mid_mean": -65.74340057373047,
      "mid_to_side_loudness": -18.330198287963867,
      "mid_to_side_loudness_range": 10.931729316711426,
      "side_mean": -69.9168701171875
    }
  ],
  "bands_short": [
    {
      "high_freq": 148.1999969482422,
      "loudness": -48.84126281738281,
      "loudness_range": 33.395851135253906,
      "mid_mean": -45.13825988769531,
      "mid_to_side_loudness": -26.367786407470703,
      "mid_to_side_loudness_range": 16.082822799682617,
      "side_mean": -65.5084228515625
    },
    {
      "high_freq": 392.3793640136719,
      "loudness": -38.599525451660156,
      "loudness_range": 19.67635154724121,
      "low_freq": 148.1999969482422,
      "mid_mean": -35.001060485839844,
      "mid_to_side_loudness": -20.203311920166016,
      "mid_to_side_loudness_range": 17.027729034423828,
      "side_mean": -55.344276428222656
    },
    {
      "high_freq": 794.6976318359375,
      "loudness": -38.55026626586914,
      "loudness_range": 17.69373893737793,
      "low_freq": 392.3793640136719,
      "mid_mean": -35.026676177978516,
      "mid_to_side_loudness": -17.721872329711914,
      "mid_to_side_loudness_range": 14.686779022216797,
      "side_mean": -53.298439025878906
    },
    {
      "high_freq": 1457.5709228515625,
      "loudness": -38.73555374145508,
      "loudness_range": 20.178342819213867,
      "low_freq": 794.6976318359375,
      "mid_mean": -35.17542266845703,
      "mid_to_side_loudness": -18.289186477661133,
      "mid_to_side_loudness_range": 15.717489242553711,
      "side_mean": -54.194175720214844
    },
    {
      "high_freq": 2549.74365234375,
      "loudness": -43.25035095214844,
      "loudness_range": 19.563121795654297,
      "low_freq": 1457.5709228515625,
      "mid_mean": -39.642311096191406,
      "mid_to_side_loudness": -18.615493774414062,
      "mid_to_side_loudness_range": 11.532267570495605,
      "side_mean": -58.37370300292969
    },
    {
      "high_freq": 4349.24462890625,
      "loudness": -48.255367279052734,
      "loudness_range": 24.725234985351562,
      "low_freq": 2549.74365234375,
      "mid_mean": -44.669403076171875,
      "mid_to_side_loudness": -20.84810447692871,
      "mid_to_side_loudness_range": 14.13387393951416,
      "side_mean": -63.59294891357422
    },
    {
      "high_freq": 7314.1640625,
      "loudness": -56.746726989746094,
      "loudness_range": 24.624507904052734,
      "low_freq": 4349.24462890625,
      "mid_mean": -53.294578552246094,
      "mid_to_side_loudness": -24.442415237426758,
      "mid_to_side_loudness_range": 14.426948547363281,
      "side_mean": -68.3858871459961
    },
    {
      "high_freq": 12199.2666015625,
      "loudness": -65.92448425292969,
      "loudness_range": 24.215682983398438,
      "low_freq": 7314.1640625,
      "mid_mean": -61.127708435058594,
      "mid_to_side_loudness": -27.587291717529297,
      "mid_to_side_loudness_range": 25.465160369873047,
      "side_mean": -69.88488006591797
    },
    {
      "loudness": -72.17688751220703,
      "loudness_range": 11.133186340332031,
      "low_freq": 12199.2666015625,
      "mid_mean": -65.9473648071289,
      "mid_to_side_loudness": -18.170276641845703,
      "mid_to_side_loudness_range": 11.59363842010498,
      "side_mean": -69.9166030883789
    }
  ],
  "bandwidth": 615.7235107421875,
  "channels": 2,
  "covariance": [
    [
      110.53034973144531,
      59.540679931640625,
      23.226337432861328,
      28.96225929260254,
      8.20536994934082,
      5.902301788330078,
      3.0790722370147705,
      0.7683506608009338,
      15.582308769226074,
      12.8029203414917,
      13.93388557434082,
      10.999431610107422,
      -3.579976797103882,
      0.41386571526527405,
      -12.277241706848145,
      -0.2067023515701294,
      1.1873728036880493,
      0.05920169875025749
    ],
    [
      59.540679931640625,
      43.253475189208984,
      18.377246856689453,
      26.270021438598633,
      5.294301509857178,
      7.692280292510986,
      3.6452131271362305,
      6.317485809326172,
      4.989376544952393,
      7.180619239807129,
      2.5180482864379883,
      4.378612041473389,
      -6.6198225021362305,
      -1.7550982236862183,
      -10.432626724243164,
      -0.2416190654039383,
      -0.515903890132904,
      0.05538695305585861
    ],
    [
      23.226337432861328,
      18.377246856689453,
      51.068763732910156,
      37.06180953979492,
      27.473966598510742,
      23.345502853393555,
      23.669414520263672,
      19.65997314453125,
      19.970685958862305,
      16.487377166748047,
      15.63229751586914,
      7.792206287384033,
      5.801180839538574,
      0.36336037516593933,
      3.9446613788604736,
      0.0563599057495594,
      2.7706151008605957,
      -0.004593878518790007
    ],
    [
      28.96225929260254,
      26.270021438598633,
      37.06180953979492,
      50.138031005859375,
      15.815924644470215,
      26.844406127929688,
      13.922247886657715,
      24.244508743286133,
      12.985079765319824,
      20.44516944885254,
      7.1605610847473145,
      9.250304222106934,
      2.0632002353668213,
      -0.5406479239463806,
      -2.1009562015533447,
      0.0008178640273399651,
      0.9853323698043823,
      0.042105451226234436
    ],
    [
      8.20536994934082,
      5.294301509857178,
      27.473966598510742,
      15.815924644470215,
      36.3077507019043,
      27.175212860107422,
      31.527936935424805,
      24.570606231689453,
      26.809873580932617,
      20.414134979248047,
      25.631378173828125,
      15.517070770263672,
      23.95298957824707,
      4.38407564163208,
      17.183320999145508,
      0.2550843358039856,
      5.882366180419922,
      -0.01148266438394785
    ],
    [
      5.902301788330078,
      7.692280292510986,
      23.345502853393555,
      26.844406127929688,
      27.175212860107422,
      44.57990264892578,
      26.007722854614258,
      34.43864440917969,
      22.618330001831055,
      28.439849853515625,
      17.867292404174805,
      17.569631576538086,
      26.010435104370117,
      5.958840370178223,
      17.34111785888672,
      0.4268050193786621,
      6.396989345550537,
      0.010067719034850597
    ],
    [
      3.0790722370147705,
      3.6452131271362305,
      23.669414520263672,
      13.922247886657715,
      31.527936935424805,
      26.007722854614258,
      48.85320281982422,
      37.36622619628906,
      36.03998947143555,
      29.18833351135254,
      39.44911193847656,
      25.417579650878906,
      37.1000862121582,
      8.014878273010254,
      31.456623077392578,
      0.7520321011543274,
      9.024024963378906,
      -0.03454873338341713
    ],
    [
      0.7683506608009338,
      6.317485809326172,
      19.65997314453125,
      24.244508743286133,
      24.570606231689453,
      34.43864440917969,
      37.36622619628906,
      48.10368347167969,
      29.46409797668457,
      34.48904800415039,
      28.81783676147461,
      25.592857360839844,
      34.860469818115234,
      8.629168510437012,
      27.78482437133789,
      0.7630724310874939,
      8.816303253173828,
      0.02166537567973137
    ],
    [
      15.582308769226074,
      4.989376544952393,
      19.970685958862305,
      12.985079765319824,
      26.809873580932617,
      22.618330001831055,
      36.03998947143555,
      29.46409797668457,
      44.160797119140625,
      35.1002197265625,
      47.86818313598633,
      32.290672302246094,
      40.475154876708984,
      10.003242492675781,
      30.317106246948242,
      0.8062623739242554,
      11.008621215820312,
      -0.008359180763363838
    ],
    [
      12.8029203414917,
      7.180619239807129,
      16.487377166748047,
      20.44516944885254,
      20.414134979248047,
      28.439849853515625,
      29.18833351135254,
      34.48904800415039,
      35.1002197265625,
      38.00482177734375,
      36.011558532714844,
      29.682022094726562,
      35.37425231933594,
      9.2327880859375,
      26.368377685546875,
      0.794216513633728,
      9.555028915405273,
      0.015711132436990738
    ],
    [
      13.93388557434082,
      2.5180482864379883,
      15.63229751586914,
      7.1605610847473145,
      25.631378173828125,
      17.867292404174805,
      39.44911193847656,
      28.81783676147461,
      47.86818313598633,
      36.011558532714844,
      67.67436218261719,
      42.137550354003906,
      54.23939895629883,
      11.786538124084473,
      41.60390853881836,
      0.9365382790565491,
      16.078601837158203,
      -0.002299018669873476
    ],
    [
      10.999431610107422,
      4.378612041473389,
      7.792206287384033,
      9.250304222106934,
      15.517070770263672,
      17.569631576538086,
      25.417579650878906,
      25.592857360839844,
      32.290672302246094,
      29.682022094726562,
      42.137550354003906,
      35.978240966796875,
      35.96913146972656,
      9.576874732971191,
      27.365337371826172,
      0.7767170071601868,
      12.539902687072754,
      0.0830402672290802
    ],
    [
      -3.579976797103882,
      -6.6198225021362305,
      5.801180839538574,
      2.0632002353668213,
      23.95298957824707,
      26.010435104370117,
      37.1000862121582,
      34.860469818115234,
      40.475154876708984,
      35.37425231933594,
      54.23939895629883,
      35.96913146972656,
      73.28404235839844,
      15.802288055419922,
      52.93656921386719,
      1.1885730028152466,
      19.67011833190918,
      0.0007012495771050453
    ],
    [
      0.41386571526527405,
      -1.7550982236862183,
      0.36336037516593933,
      -0.5406479239463806,
      4.38407564163208,
      5.958840370178223,
      8.014878273010254,
      8.629168510437012,
      10.003242492675781,
      9.2327880859375,
      11.786538124084473,
      9.576874732971191,
      15.802288055419922,
      6.025712490081787,
      12.280722618103027,
      0.5127824544906616,
      5.118601322174072,
      0.01396604161709547
    ],
    [
      -12.277241706848145,
      -10.432626724243164,
      3.9446613788604736,
      -2.1009562015533447,
      17.183320999145508,
      17.34111785888672,
      31.456623077392578,
      27.78482437133789,
      30.317106246948242,
      26.368377685546875,
      41.60390853881836,
      27.365337371826172,
      52.93656921386719,
      12.280722618103027,
      48.824981689453125,
      1.1164158582687378,
      19.523839950561523,
      -0.009936119429767132
    ],
    [
      -0.2067023515701294,
      -0.2416190654039383,
      0.0563599057495594,
      0.0008178640273399651,
      0.2550843358039856,
      0.4268050193786621,
      0.7520321011543274,
      0.7630724310874939,
      0.8062623739242554,
      0.794216513633728,
      0.9365382790565491,
      0.7767170071601868,
      1.1885730028152466,
      0.5127824544906616,
      1.1164158582687378,
      0.07402878254652023,
      0.412279337644577,
      0.0016846837243065238
    ],
    [
      1.1873728036880493,
      -0.515903890132904,
      2.7706151008605957,
      0.9853323698043823,
      5.882366180419922,
      6.396989345550537,
      9.024024963378906,
      8.816303253173828,
      11.008621215820312,
      9.555028915405273,
      16.078601837158203,
      12.539902687072754,
      19.67011833190918,
      5.118601322174072,
      19.523839950561523,
      0.412279337644577,
      15.681325912475586,
      0.06303737312555313
    ],
    [
      0.05920169875025749,
      0.05538695305585861,
      -0.004593878518790007,
      0.042105451226234436,
      -0.01148266438394785,
      0.010067719034850597,
      -0.03454873338341713,
      0.02166537567973137,
      -0.008359180763363838,
      0.015711132436990738,
      -0.002299018669873476,
      0.0830402672290802,
      0.0007012495771050453,
      0.01396604161709547,
      -0.009936119429767132,
      0.0016846837243065238,
      0.06303737312555313,
      0.006206943653523922
    ]
  ],
  "covariance_short": [
    [
      111.68710327148438,
      51.62963104248047,
      34.869258880615234,
      37.009586334228516,
      10.132742881774902,
      10.447263717651367,
      3.2237396240234375,
      -0.04850846901535988,
      16.93558120727539,
      14.312223434448242,
      13.23924446105957,
      10.416670799255371,
      -3.7731127738952637,
      0.005985364317893982,
      -12.097576141357422,
      -0.222737118601799,
      0.65626460313797,
      0.060500603169202805
    ],
    [
      51.62963104248047,
      36.92801284790039,
      18.478044509887695,
      25.490806579589844,
      5.40442419052124,
      8.259368896484375,
      3.2375552654266357,
      4.646981239318848,
      8.734127044677734,
      9.62946605682373,
      7.0306715965271,
      6.569057464599609,
      -2.7274656295776367,
      -0.7187572717666626,
      -6.9766058921813965,
      -0.14447002112865448,
      -0.04712676629424095,
      0.05110704153776169
    ],
    [
      34.869258880615234,
      18.478044509887695,
      46.84563064575195,
      29.513824462890625,
      24.35175895690918,
      18.0948543548584,
      19.939041137695312,
      16.958887100219727,
      18.52692222595215,
      13.688056945800781,
      15.432355880737305,
      6.863664627075195,
      6.865976333618164,
      0.3566395938396454,
      2.348205804824829,
      -0.002772578038275242,
      1.413855791091919,
      -0.002446206519380212
    ],
    [
      37.009586334228516,
      25.490806579589844,
      29.513824462890625,
      48.121341705322266,
      15.724181175231934,
      26.502777099609375,
      10.689753532409668,
      20.455921173095703,
      10.866250991821289,
      17.73407745361328,
      4.849830627441406,
      7.490553855895996,
      0.2039601057767868,
      -0.8108713626861572,
      -4.097570419311523,
      -0.04538344964385033,
      0.21885785460472107,
      0.03885752707719803
    ],
    [
      10.132742881774902,
      5.40442419052124,
      24.35175895690918,
      15.724181175231934,
      41.07731628417969,
      28.413341522216797,
      33.099178314208984,
      26.924785614013672,
      28.30121421813965,
      22.10716438293457,
      27.516515731811523,
      16.632701873779297,
      23.238779067993164,
      4.113928318023682,
      17.93562126159668,
      0.28423240780830383,
      5.557023525238037,
      -0.011572961695492268
    ],
    [
      10.447263717651367,
      8.259368896484375,
      18.0948543548584,
      26.502777099609375,
      28.413341522216797,
      47.289756774902344,
      26.41459846496582,
      36.40237808227539,
      22.545425415039062,
      29.48689079284668,
      18.634601593017578,
      18.685455322265625,
      23.94795799255371,
      5.676356792449951,
      17.01673698425293,
      0.45060300827026367,
      6.2553486824035645,
      0.008227793499827385
    ],
    [
      3.2237396240234375,
      3.2375552654266357,
      19.939041137695312,
      10.689753532409668,
      33.099178314208984,
      26.41459846496582,
      50.083587646484375,
      33.48964309692383,
      34.14600372314453,
      27.175718307495117,
      37.942466735839844,
      23.504554748535156,
      35.96143341064453,
      7.470300674438477,
      29.762813568115234,
      0.7133094668388367,
      7.799264907836914,
      -0.036757178604602814
    ],
    [
      -0.04850846901535988,
      4.646981239318848,
      16.958887100219727,
      20.455921173095703,
      26.924785614013672,
      36.40237808227539,
      33.48964309692383,
      49.609840393066406,
      27.374723434448242,
      32.559776306152344,
      26.632587432861328,
      23.696060180664062,
      33.82255935668945,
      7.995697021484375,
      25.246206283569336,
      0.6831479072570801,
      7.37026834487915,
      0.02635401487350464
    ],
    [
      16.93558120727539,
      8.734127044677734,
      18.52692222595215,
      10.866250991821289,
      28.30121421813965,
      22.545425415039062,
      34.14600372314453,
      27.374723434448242,
      44.46575164794922,
      33.51307678222656,
      47.2906379699707,
      30.742538452148438,
      40.00617980957031,
      9.344366073608398,
      29.28931999206543,
      0.7524414658546448,
      9.53880500793457,
      -0.020211469382047653
    ],
    [
      14.312223434448242,
      9.62946605682373,
      13.688056945800781,
      17.73407745361328,
      22.10716438293457,
      29.48689079284668,
      27.175718307495117,
      32.559776306152344,
      33.51307678222656,
      38.31351089477539,
      35.755062103271484,
      29.219913482666016,
      34.75212478637695,
      8.916725158691406,
      25.525293350219727,
      0.7678558230400085,
      8.77082347869873,
      0.015357868745923042
    ],
    [
      13.23924446105957,
      7.0306715965271,
      15.432355880737305,
      4.849830627441406,
      27.516515731811523,
      18.634601593017578,
      37.942466735839844,
      26.632587432861328,
      47.2906379699707,
      35.755062103271484,
      68.30640411376953,
      39.98172378540039,
      54.794654846191406,
      11.9484224319458,
      41.348636627197266,
      0.994985818862915,
      14.198925018310547,
      -0.016902826726436615
    ],
    [
      10.416670799255371,
      6.569057464599609,
      6.863664627075195,
      7.490553855895996,
      16.632701873779297,
      18.685455322265625,
      23.504554748535156,
      23.696060180664062,
      30.742538452148438,
      29.219913482666016,
      39.98172378540039,
      36.10224151611328,
      34.965816497802734,
      9.599721908569336,
      26.158199310302734,
      0.812968373298645,
      10.369221687316895,
      0.07387706637382507
    ],
    [
      -3.7731127738952637,
      -2.7274656295776367,
      6.865976333618164,
      0.2039601057767868,
      23.238779067993164,
      23.94795799255371,
      35.96143341064453,
      33.82255935668945,
      40.00617980957031,
      34.75212478637695,
      54.794654846191406,
      34.965816497802734,
      74.8423843383789,
      15.364757537841797,
      52.04961013793945,
      1.1688188314437866,
      17.96783447265625,
      -0.0003072617400903255
    ],
    [
      0.005985364317893982,
      -0.7187572717666626,
      0.3566395938396454,
      -0.8108713626861572,
      4.113928318023682,
      5.676356792449951,
      7.470300674438477,
      7.995697021484375,
      9.344366073608398,
      8.916725158691406,
      11.9484224319458,
      9.599721908569336,
      15.364757537841797,
      6.175366401672363,
      11.660795211791992,
      0.5072837471961975,
      4.2660722732543945,
      0.017907945439219475
    ],
    [
      -12.097576141357422,
      -6.9766058921813965,
      2.348205804824829,
      -4.097570419311523,
      17.93562126159668,
      17.01673698425293,
      29.762813568115234,
      25.246206283569336,
      29.28931999206543,
      25.525293350219727,
      41.348636627197266,
      26.158199310302734,
      52.04961013793945,
      11.660795211791992,
      47.589866638183594,
      1.0629366636276245,
      17.56838035583496,
      -0.01277548260986805
    ],
    [
      -0.222737118601799,
      -0.14447002112865448,
      -0.002772578038275242,
      -0.04538344964385033,
      0.28423240780830383,
      0.45060300827026367,
      0.7133094668388367,
      0.6831479072570801,
      0.7524414658546448,
      0.7678558230400085,
      0.994985818862915,
      0.812968373298645,
      1.1688188314437866,
      0.5072837471961975,
      1.0629366636276245,
      0.08752159774303436,
      0.35199809074401855,
      0.002623923122882843
    ],
    [
      0.65626460313797,
      -0.04712676629424095,
      1.413855791091919,
      0.21885785460472107,
      5.557023525238037,
      6.2553486824035645,
      7.799264907836914,
      7.37026834487915,
      9.53880500793457,
      8.77082347869873,
      14.198925018310547,
      10.369221687316895,
      17.96783447265625,
      4.2660722732543945,
      17.56838035583496,
      0.35199809074401855,
      12.88497543334961,
      0.03583372384309769
    ],
    [
      0.060500603169202805,
      0.05110704153776169,
      -0.002446206519380212,
      0.03885752707719803,
      -0.011572961695492268,
      0.008227793499827385,
      -0.036757178604602814,
      0.02635401487350464,
      -0.020211469382047653,
      0.015357868745923042,
      -0.016902826726436615,
      0.07387706637382507,
      -0.0003072617400903255,
      0.017907945439219475,
      -0.01277548260986805,
      0.002623923122882843,
      0.03583372384309769,
      0.009475660510361195
    ]
  ],
  "damage": -19.777565002441406,
  "diff_bandwidth": 698.097412109375,
  "dissonance": 5.123800555724623,
  "drr": 9.250563621520996,
  "dynamics": 4.940839767456055,
  "format": 1245190,
  "frames": 4299712,
  "loudness": -26.846637725830078,
  "loudness_range": 16.64971160888672,
  "loudness_range_short": 17.49866485595703,
  "lowpass_true_peak_15khz": -6.840825080871582,
  "mastering3_acoustic_entropies": [
    {
      "acoustic_entropy": 8.448122024536133,
      "acoustic_entropy_mono": 8.364529609680176,
      "band_eliminated_acoustic_entropies": [
        {
          "acoustic_entropy": 8.852828025817871,
          "acoustic_entropy_side": 8.448269844055176,
          "hz": 129.47220167065723
        },
        {
          "acoustic_entropy": 8.686248779296875,
          "acoustic_entropy_side": 8.45065689086914,
          "hz": 202.92927478742237
        },
        {
          "acoustic_entropy": 7.8979597091674805,
          "acoustic_entropy_side": 8.45528507232666,
          "hz": 282.89161906338205
        },
        {
          "acoustic_entropy": 8.456318855285645,
          "acoustic_entropy_side": 8.447860717773438,
          "hz": 369.9353335868758
        },
        {
          "acoustic_entropy": 8.529932022094727,
          "acoustic_entropy_side": 8.449701309204102,
          "hz": 464.6875360973435
        },
        {
          "acoustic_entropy": 7.252011775970459,
          "acoustic_entropy_side": 8.434232711791992,
          "hz": 567.8308811364784
        },
        {
          "acoustic_entropy": 9.467475891113281,
          "acoustic_entropy_side": 8.398204803466797,
          "hz": 680.1084783214808
        },
        {
          "acoustic_entropy": 8.219207763671875,
          "acoustic_entropy_side": 8.449690818786621,
          "hz": 802.3292461747484
        },
        {
          "acoustic_entropy": 7.120332717895508,
          "acoustic_entropy_side": 8.46944808959961,
          "hz": 935.3737400823702
        },
        {
          "acoustic_entropy": 8.726444244384766,
          "acoustic_entropy_side": 8.449143409729004,
          "hz": 1080.2004963696966
        },
        {
          "acoustic_entropy": 7.873918056488037,
          "acoustic_entropy_side": 8.438252449035645,
          "hz": 1237.8529382007157
        },
        {
          "acoustic_entropy": 7.638426303863525,
          "acoustic_entropy_side": 8.444364547729492,
          "hz": 1409.4668930556702
        },
        {
          "acoustic_entropy": 8.78453254699707,
          "acoustic_entropy_side": 8.447977066040039,
          "hz": 1596.2787759475705
        },
        {
          "acoustic_entropy": 8.148591995239258,
          "acoustic_entropy_side": 8.439203262329102,
          "hz": 1799.6344973346393
        },
        {
          "acoustic_entropy": 8.43750286102295,
          "acoustic_entropy_side": 8.44664478302002,
          "hz": 2020.9991599069049
        },
        {
          "acoustic_entropy": 8.420195579528809,
          "acoustic_entropy_side": 8.446659088134766,
          "hz": 2261.9676141086993
        },
        {
          "acoustic_entropy": 8.293844223022461,
          "acoustic_entropy_side": 8.443681716918945,
          "hz": 2524.2759484456974
        },
        {
          "acoustic_entropy": 8.214670181274414,
          "acoustic_entropy_side": 8.449634552001953,
          "hz": 2809.813997359896
        },
        {
          "acoustic_entropy": 7.913664817810059,
          "acoustic_entropy_side": 8.459650039672852,
          "hz": 3120.6389567871424
        },
        {
          "acoustic_entropy": 8.124905586242676,
          "acoustic_entropy_side": 8.448572158813477,
          "hz": 3458.990205492291
        },
        {
          "acoustic_entropy": 8.169382095336914,
          "acoustic_entropy_side": 8.44799518585205,
          "hz": 3827.305438964164
        },
        {
          "acoustic_entropy": 8.008810043334961,
          "acoustic_entropy_side": 8.448098182678223,
          "hz": 4228.238232109126
        },
        {
          "acoustic_entropy": 7.990747451782227,
          "acoustic_entropy_side": 8.448089599609375,
          "hz": 4664.6771572759235
        },
        {
          "acoustic_entropy": 8.113795280456543,
          "acoustic_entropy_side": 8.448119163513184,
          "hz": 5139.766595350093
        },
        {
          "acoustic_entropy": 8.369149208068848,
          "acoustic_entropy_side": 8.448124885559082,
          "hz": 5656.929389854203
        },
        {
          "acoustic_entropy": 8.444026947021484,
          "acoustic_entropy_side": 8.448122024536133,
          "hz": 6219.891507268283
        },
        {
          "acoustic_entropy": 8.387253761291504,
          "acoustic_entropy_side": 8.448121070861816,
          "hz": 6832.70888123896
        },
        {
          "acoustic_entropy": 8.414748191833496,
          "acoustic_entropy_side": 8.448121070861816,
          "hz": 7499.796634079867
        },
        {
          "acoustic_entropy": 8.436777114868164,
          "acoustic_entropy_side": 8.448122024536133,
          "hz": 8225.96088609342
        },
        {
          "acoustic_entropy": 8.417657852172852,
          "acoustic_entropy_side": 8.448122024536133,
          "hz": 9016.43338188839
        },
        {
          "acoustic_entropy": 8.423003196716309,
          "acoustic_entropy_side": 8.448122024536133,
          "hz": 9876.909183162974
        },
        {
          "acoustic_entropy": 8.41800594329834,
          "acoustic_entropy_side": 8.448122024536133,
          "hz": 10813.587699516042
        },
        {
          "acoustic_entropy": 8.428939819335938,
          "acoustic_entropy_side": 8.448122024536133,
          "hz": 11833.21735289826
        },
        {
          "acoustic_entropy": 8.43763256072998,
          "acoustic_entropy_side": 8.448122024536133,
          "hz": 12943.144197493959
        },
        {
          "acoustic_entropy": 8.446011543273926,
          "acoustic_entropy_side": 8.448122024536133,
          "hz": 14151.364845322005
        },
        {
          "acoustic_entropy": 8.445280075073242,
          "acoustic_entropy_side": 8.448122024536133,
          "hz": 15466.58407886509
        },
        {
          "acoustic_entropy": 8.431997299194336,
          "acoustic_entropy_side": 8.448122024536133,
          "hz": 16898.27756580493
        },
        {
          "acoustic_entropy": 8.446700096130371,
          "acoustic_entropy_side": 8.448122024536133,
          "hz": 18456.760127700032
        },
        {
          "acoustic_entropy": 8.448078155517578,
          "acoustic_entropy_side": 8.448122024536133,
          "hz": 20153.260054456492
        },
        {
          "acoustic_entropy": 8.448102951049805,
          "acoustic_entropy_side": 8.448122024536133,
          "hz": 22000.00000000001
        }
      ],
      "diff_acoustic_entropy": 2.2746918201446533,
      "sn": 6
    },
    {
      "acoustic_entropy": 12.145687103271484,
      "acoustic_entropy_mono": 11.899820327758789,
      "band_eliminated_acoustic_entropies": [
        {
          "acoustic_entropy": 12.019815444946289,
          "acoustic_entropy_side": 12.1455078125,
          "hz": 129.47220167065723
        },
        {
          "acoustic_entropy": 11.546835899353027,
          "acoustic_entropy_side": 12.145330429077148,
          "hz": 202.92927478742237
        },
        {
          "acoustic_entropy": 12.473146438598633,
          "acoustic_entropy_side": 12.15295696258545,
          "hz": 282.89161906338205
        },
        {
          "acoustic_entropy": 11.779934883117676,
          "acoustic_entropy_side": 12.145052909851074,
          "hz": 369.9353335868758
        },
        {
          "acoustic_entropy": 11.972198486328125,
          "acoustic_entropy_side": 12.195709228515625,
          "hz": 464.6875360973435
        },
        {
          "acoustic_entropy": 10.70107650756836,
          "acoustic_entropy_side": 12.154425621032715,
          "hz": 567.8308811364784
        },
        {
          "acoustic_entropy": 12.640478134155273,
          "acoustic_entropy_side": 12.257999420166016,
          "hz": 680.1084783214808
        },
        {
          "acoustic_entropy": 11.02865219116211,
          "acoustic_entropy_side": 12.029459953308105,
          "hz": 802.3292461747484
        },
        {
          "acoustic_entropy": 11.988921165466309,
          "acoustic_entropy_side": 12.046666145324707,
          "hz": 935.3737400823702
        },
        {
          "acoustic_entropy": 11.668353080749512,
          "acoustic_entropy_side": 12.07190227508545,
          "hz": 1080.2004963696966
        },
        {
          "acoustic_entropy": 11.794085502624512,
          "acoustic_entropy_side": 11.6608304977417,
          "hz": 1237.8529382007157
        },
        {
          "acoustic_entropy": 10.753872871398926,
          "acoustic_entropy_side": 12.155126571655273,
          "hz": 1409.4668930556702
        },
        {
          "acoustic_entropy": 12.493221282958984,
          "acoustic_entropy_side": 12.129874229431152,
          "hz": 1596.2787759475705
        },
        {
          "acoustic_entropy": 11.5535306930542,
          "acoustic_entropy_side": 12.155046463012695,
          "hz": 1799.6344973346393
        },
        {
          "acoustic_entropy": 12.439433097839355,
          "acoustic_entropy_side": 12.138118743896484,
          "hz": 2020.9991599069049
        },
        {
          "acoustic_entropy": 11.236205101013184,
          "acoustic_entropy_side": 12.166622161865234,
          "hz": 2261.9676141086993
        },
        {
          "acoustic_entropy": 11.843951225280762,
          "acoustic_entropy_side": 12.193181037902832,
          "hz": 2524.2759484456974
        },
        {
          "acoustic_entropy": 11.904335021972656,
          "acoustic_entropy_side": 12.119769096374512,
          "hz": 2809.813997359896
        },
        {
          "acoustic_entropy": 11.49609088897705,
          "acoustic_entropy_side": 12.015908241271973,
          "hz": 3120.6389567871424
        },
        {
          "acoustic_entropy": 11.987151145935059,
          "acoustic_entropy_side": 12.146821975708008,
          "hz": 3458.990205492291
        },
        {
          "acoustic_entropy": 11.661669731140137,
          "acoustic_entropy_side": 12.14101791381836,
          "hz": 3827.305438964164
        },
        {
          "acoustic_entropy": 11.751445770263672,
          "acoustic_entropy_side": 12.14507007598877,
          "hz": 4228.238232109126
        },
        {
          "acoustic_entropy": 11.975410461425781,
          "acoustic_entropy_side": 12.145502090454102,
          "hz": 4664.6771572759235
        },
        {
          "acoustic_entropy": 12.065629005432129,
          "acoustic_entropy_side": 12.146110534667969,
          "hz": 5139.766595350093
        },
        {
          "acoustic_entropy": 11.982715606689453,
          "acoustic_entropy_side": 12.145689010620117,
          "hz": 5656.929389854203
        },
        {
          "acoustic_entropy": 12.0642728805542,
          "acoustic_entropy_side": 12.145761489868164,
          "hz": 6219.891507268283
        },
        {
          "acoustic_entropy": 12.067706108093262,
          "acoustic_entropy_side": 12.1456880569458,
          "hz": 6832.70888123896
        },
        {
          "acoustic_entropy": 11.991294860839844,
          "acoustic_entropy_side": 12.145687103271484,
          "hz": 7499.796634079867
        },
        {
          "acoustic_entropy": 12.012691497802734,
          "acoustic_entropy_side": 12.145687103271484,
          "hz": 8225.96088609342
        },
        {
          "acoustic_entropy": 12.005102157592773,
          "acoustic_entropy_side": 12.145687103271484,
          "hz": 9016.43338188839
        },
        {
          "acoustic_entropy": 12.137042999267578,
          "acoustic_entropy_side": 12.145687103271484,
          "hz": 9876.909183162974
        },
        {
          "acoustic_entropy": 12.118776321411133,
          "acoustic_entropy_side": 12.145687103271484,
          "hz": 10813.587699516042
        },
        {
          "acoustic_entropy": 12.099372863769531,
          "acoustic_entropy_side": 12.145687103271484,
          "hz": 11833.21735289826
        },
        {
          "acoustic_entropy": 12.040792465209961,
          "acoustic_entropy_side": 12.145687103271484,
          "hz": 12943.144197493959
        },
        {
          "acoustic_entropy": 12.102407455444336,
          "acoustic_entropy_side": 12.145687103271484,
          "hz": 14151.364845322005
        },
        {
          "acoustic_entropy": 12.049476623535156,
          "acoustic_entropy_side": 12.145687103271484,
          "hz": 15466.58407886509
        },
        {
          "acoustic_entropy": 11.8441801071167,
          "acoustic_entropy_side": 12.145687103271484,
          "hz": 16898.27756580493
        },
        {
          "acoustic_entropy": 12.07894515991211,
          "acoustic_entropy_side": 12.145687103271484,
          "hz": 18456.760127700032
        },
        {
          "acoustic_entropy": 12.138447761535645,
          "acoustic_entropy_side": 12.145687103271484,
          "hz": 20153.260054456492
        },
        {
          "acoustic_entropy": 12.145357131958008,
          "acoustic_entropy_side": 12.145687103271484,
          "hz": 22000.00000000001
        }
      ],
      "diff_acoustic_entropy": 3.398837089538574,
      "sn": 12
    },
    {
      "acoustic_entropy": 17.08285903930664,
      "acoustic_entropy_mono": 15.432639122009277,
      "band_eliminated_acoustic_entropies": [
        {
          "acoustic_entropy": 17.165843963623047,
          "acoustic_entropy_side": 17.130409240722656,
          "hz": 129.47220167065723
        },
        {
          "acoustic_entropy": 17.178831100463867,
          "acoustic_entropy_side": 17.26057243347168,
          "hz": 202.92927478742237
        },
        {
          "acoustic_entropy": 17.34023666381836,
          "acoustic_entropy_side": 17.27396011352539,
          "hz": 282.89161906338205
        },
        {
          "acoustic_entropy": 16.91799545288086,
          "acoustic_entropy_side": 17.111328125,
          "hz": 369.9353335868758
        },
        {
          "acoustic_entropy": 16.330751419067383,
          "acoustic_entropy_side": 17.125398635864258,
          "hz": 464.6875360973435
        },
        {
          "acoustic_entropy": 16.58344268798828,
          "acoustic_entropy_side": 16.798629760742188,
          "hz": 567.8308811364784
        },
        {
          "acoustic_entropy": 18.225563049316406,
          "acoustic_entropy_side": 17.09932518005371,
          "hz": 680.1084783214808
        },
        {
          "acoustic_entropy": 17.413820266723633,
          "acoustic_entropy_side": 17.272829055786133,
          "hz": 802.3292461747484
        },
        {
          "acoustic_entropy": 16.950576782226562,
          "acoustic_entropy_side": 16.949748992919922,
          "hz": 935.3737400823702
        },
        {
          "acoustic_entropy": 17.26974105834961,
          "acoustic_entropy_side": 17.714561462402344,
          "hz": 1080.2004963696966
        },
        {
          "acoustic_entropy": 16.817121505737305,
          "acoustic_entropy_side": 17.28392219543457,
          "hz": 1237.8529382007157
        },
        {
          "acoustic_entropy": 16.414670944213867,
          "acoustic_entropy_side": 17.586929321289062,
          "hz": 1409.4668930556702
        },
        {
          "acoustic_entropy": 16.810802459716797,
          "acoustic_entropy_side": 16.982481002807617,
          "hz": 1596.2787759475705
        },
        {
          "acoustic_entropy": 17.008846282958984,
          "acoustic_entropy_side": 17.17093276977539,
          "hz": 1799.6344973346393
        },
        {
          "acoustic_entropy": 17.323013305664062,
          "acoustic_entropy_side": 16.761371612548828,
          "hz": 2020.9991599069049
        },
        {
          "acoustic_entropy": 16.93079948425293,
          "acoustic_entropy_side": 17.37266731262207,
          "hz": 2261.9676141086993
        },
        {
          "acoustic_entropy": 17.68574333190918,
          "acoustic_entropy_side": 17.058115005493164,
