{
  "acoustic_entropy": 128.72325134277344,
  "bands": [
    {
      "high_freq": 148.1999969482422,
      "loudness": -19.78897476196289,
      "loudness_range": 7.426876068115234,
      "mid_mean": -16.660839080810547,
      "mid_to_side_loudness": -9.341629028320312,
      "mid_to_side_loudness_range": 8.295656204223633,
      "side_mean": -26.45691680908203
    },
    {
      "high_freq": 392.3793640136719,
      "loudness": -23.363534927368164,
      "loudness_range": 6.808422088623047,
      "low_freq": 148.1999969482422,
      "mid_mean": -19.990968704223633,
      "mid_to_side_loudness": -13.372730255126953,
      "mid_to_side_loudness_range": 8.887964248657227,
      "side_mean": -34.06251907348633
    },
    {
      "high_freq": 794.6976318359375,
      "loudness": -32.94380569458008,
      "loudness_range": 8.687925338745117,
      "low_freq": 392.3793640136719,
      "mid_mean": -29.600269317626953,
      "mid_to_side_loudness": -11.903441429138184,
      "mid_to_side_loudness_range": 10.748144149780273,
      "side_mean": -42.079044342041016
    },
    {
      "high_freq": 1457.5709228515625,
      "loudness": -37.310768127441406,
      "loudness_range": 14.123638153076172,
      "low_freq": 794.6976318359375,
      "mid_mean": -34.25625228881836,
      "mid_to_side_loudness": -9.041813850402832,
      "mid_to_side_loudness_range": 11.183476448059082,
      "side_mean": -43.56915283203125
    },
    {
      "high_freq": 2549.74365234375,
      "loudness": -34.66785430908203,
      "loudness_range": 8.7518310546875,
      "low_freq": 1457.5709228515625,
      "mid_mean": -32.19357681274414,
      "mid_to_side_loudness": -6.588949203491211,
      "mid_to_side_loudness_range": 9.792218208312988,
      "side_mean": -39.13683319091797
    },
    {
      "high_freq": 4349.24462890625,
      "loudness": -38.01046371459961,
      "loudness_range": 15.703521728515625,
      "low_freq": 2549.74365234375,
      "mid_mean": -35.73200225830078,
      "mid_to_side_loudness": -5.548076629638672,
      "mid_to_side_loudness_range": 8.333760261535645,
      "side_mean": -41.32318115234375
    },
    {
      "high_freq": 7314.1640625,
      "loudness": -40.83616638183594,
      "loudness_range": 16.38423728942871,
      "low_freq": 4349.24462890625,
      "mid_mean": -37.92912673950195,
      "mid_to_side_loudness": -9.305961608886719,
      "mid_to_side_loudness_range": 11.974274635314941,
      "side_mean": -47.446372985839844
    },
    {
      "high_freq": 12199.2666015625,
      "loudness": -41.91432571411133,
      "loudness_range": 6.921558380126953,
      "low_freq": 7314.1640625,
      "mid_mean": -38.48172378540039,
      "mid_to_side_loudness": -13.444314956665039,
      "mid_to_side_loudness_range": 6.999995231628418,
      "side_mean": -53.46565246582031
    },
    {
      "loudness": -48.17159652709961,
      "loudness_range": 7.244743347167969,
      "low_freq": 12199.2666015625,
      "mid_mean": -44.99274826049805,
      "mid_to_side_loudness": -10.523895263671875,
      "mid_to_side_loudness_range": 5.577399253845215,
      "side_mean": -56.721229553222656
    }
  ],
  "bands_short": [
    {
      "high_freq": 148.1999969482422,
      "loudness": -20.664297103881836,
      "loudness_range": 10.153782844543457,
      "mid_mean": -17.612598419189453,
      "mid_to_side_loudness": -10.18258285522461,
      "mid_to_side_loudness_range": 13.184030532836914,
      "side_mean": -28.164461135864258
    },
    {
      "high_freq": 392.3793640136719,
      "loudness": -22.629070281982422,
      "loudness_range": 7.7475128173828125,
      "low_freq": 148.1999969482422,
      "mid_mean": -19.34052848815918,
      "mid_to_side_loudness": -11.685359001159668,
      "mid_to_side_loudness_range": 11.391501426696777,
      "side_mean": -31.656312942504883
    },
    {
      "high_freq": 794.6976318359375,
      "loudness": -32.10577392578125,
      "loudness_range": 10.745611190795898,
      "low_freq": 392.3793640136719,
      "mid_mean": -28.78343963623047,
      "mid_to_side_loudness": -12.286237716674805,
      "mid_to_side_loudness_range": 12.68637752532959,
      "side_mean": -41.547698974609375
    },
    {
      "high_freq": 1457.5709228515625,
      "loudness": -38.082889556884766,
      "loudness_range": 16.61192512512207,
      "low_freq": 794.6976318359375,
      "mid_mean": -34.94611740112305,
      "mid_to_side_loudness": -10.719287872314453,
      "mid_to_side_loudness_range": 12.939967155456543,
      "side_mean": -46.29469680786133
    },
    {
      "high_freq": 2549.74365234375,
      "loudness": -36.574981689453125,
      "loudness_range": 17.735374450683594,
      "low_freq": 1457.5709228515625,
      "mid_mean": -33.546775817871094,
      "mid_to_side_loudness": -9.961590766906738,
      "mid_to_side_loudness_range": 12.780157089233398,
      "side_mean": -44.11113739013672
    },
    {
      "high_freq": 4349.24462890625,
      "loudness": -41.29768753051758,
      "loudness_range": 22.387584686279297,
      "low_freq": 2549.74365234375,
      "mid_mean": -38.47213363647461,
      "mid_to_side_loudness": -8.546623229980469,
      "mid_to_side_loudness_range": 11.194988250732422,
      "side_mean": -47.58113098144531
    },
    {
      "high_freq": 7314.1640625,
      "loudness": -42.13047790527344,
      "loudness_range": 17.72869300842285,
      "low_freq": 4349.24462890625,
      "mid_mean": -38.9886474609375,
      "mid_to_side_loudness": -11.382834434509277,
      "mid_to_side_loudness_range": 13.911048889160156,
      "side_mean": -52.18446350097656
    },
    {
      "high_freq": 12199.2666015625,
      "loudness": -42.07795333862305,
      "loudness_range": 7.2410736083984375,
      "low_freq": 7314.1640625,
      "mid_mean": -38.64201354980469,
      "mid_to_side_loudness": -13.71983814239502,
      "mid_to_side_loudness_range": 8.834329605102539,
      "side_mean": -53.900062561035156
    },
    {
      "loudness": -48.24631881713867,
      "loudness_range": 7.877460479736328,
      "low_freq": 12199.2666015625,
      "mid_mean": -45.09162139892578,
      "mid_to_side_loudness": -10.801831245422363,
      "mid_to_side_loudness_range": 6.633705139160156,
      "side_mean": -56.937503814697266
    }
  ],
  "bandwidth": 184.15150451660156,
  "channels": 2,
  "covariance": [
    [
      15.632584571838379,
      17.420812606811523,
      14.824804306030273,
      15.063835144042969,
      12.603802680969238,
      15.059511184692383,
      5.499612808227539,
      3.665153741836548,
      8.98367977142334,
      9.322210311889648,
      5.020405292510986,
      2.640434503555298,
      8.848495483398438,
      10.647819519042969,
      10.111796379089355,
      10.058300971984863,
      11.1295804977417,
      9.77347469329834
    ],
    [
      17.420812606811523,
      27.844688415527344,
      16.413557052612305,
      21.83591651916504,
      15.15468692779541,
      21.67673110961914,
      8.212679862976074,
      8.300567626953125,
      9.19140338897705,
      11.10554313659668,
      6.316701412200928,
      2.886256694793701,
      12.55017375946045,
      17.99018096923828,
      12.0692777633667,
      16.324304580688477,
      13.453317642211914,
      15.82590389251709
    ],
    [
      14.824804306030273,
      16.413557052612305,
      16.79192543029785,
      15.591400146484375,
      11.81393814086914,
      12.788676261901855,
      3.5459227561950684,
      1.3291233777999878,
      7.840500354766846,
      9.972819328308105,
      4.064235210418701,
      2.2639293670654297,
      6.8136067390441895,
      7.6755266189575195,
      9.219939231872559,
      9.296091079711914,
      9.824996948242188,
      8.846098899841309
    ],
    [
      15.063835144042969,
      21.83591651916504,
      15.591400146484375,
      19.79958724975586,
      13.263574600219727,
      17.494869232177734,
      6.034116268157959,
      4.75349760055542,
      8.933671951293945,
      11.687928199768066,
      5.852177143096924,
      3.1589255332946777,
      10.240152359008789,
      14.085775375366211,
      10.412135124206543,
      13.806023597717285,
      11.613394737243652,
      13.060127258300781
    ],
    [
      12.603802680969238,
      15.15468692779541,
      11.81393814086914,
      13.263574600219727,
      16.591171264648438,
      18.80405616760254,
      11.808625221252441,
      10.308411598205566,
      12.079440116882324,
      8.561132431030273,
      8.904077529907227,
      6.523481369018555,
      15.027175903320312,
      18.95655059814453,
      13.044654846191406,
      14.301458358764648,
      15.179970741271973,
      13.250992774963379
    ],
    [
      15.059511184692383,
      21.67673110961914,
      12.788676261901855,
      17.494869232177734,
      18.80405616760254,
      30.556394577026367,
      16.83033561706543,
      18.762210845947266,
      13.487665176391602,
      8.551019668579102,
      14.216550827026367,
      11.009437561035156,
      20.036298751831055,
      27.37562370300293,
      15.227394104003906,
      20.903942108154297,
      18.399635314941406,
      19.386558532714844
    ],
    [
      5.499612808227539,
      8.212679862976074,
      3.5459227561950684,
      6.034116268157959,
      11.808625221252441,
      16.83033561706543,
      25.982378005981445,
      30.928157806396484,
      15.44197940826416,
      8.137337684631348,
      12.283191680908203,
      9.520031929016113,
      22.871448516845703,
      24.7282772064209,
      12.91805648803711,
      17.54915428161621,
      15.613347053527832,
      14.736689567565918
    ],
    [
      3.665153741836548,
      8.300567626953125,
      1.3291233777999878,
      4.75349760055542,
      10.308411598205566,
      18.762210845947266,
      30.928157806396484,
      51.53394317626953,
      13.96133041381836,
      6.9784369468688965,
      10.4503755569458,
      6.278454780578613,
      20.953092575073242,
      21.858991622924805,
      10.547337532043457,
      16.395366668701172,
      14.196300506591797,
      14.824682235717773
    ],
    [
      8.98367977142334,
      9.19140338897705,
      7.840500354766846,
      8.933671951293945,
      12.079440116882324,
      13.487665176391602,
      15.44197940826416,
      13.96133041381836,
      19.808950424194336,
      19.93562126159668,
      9.366950035095215,
      7.268163681030273,
      16.14627456665039,
      16.445270538330078,
      11.852212905883789,
      14.867773056030273,
      14.747846603393555,
      12.100325584411621
    ],
    [
      9.322210311889648,
      11.10554313659668,
      9.972819328308105,
      11.687928199768066,
      8.561132431030273,
      8.551019668579102,
      8.137337684631348,
      6.9784369468688965,
      19.93562126159668,
      36.584678649902344,
      3.548813581466675,
      1.1332299709320068,
      6.266581058502197,
      2.452418804168701,
      8.039725303649902,
      12.558282852172852,
      9.974567413330078,
      10.273216247558594
    ],
    [
      5.020405292510986,
      6.316701412200928,
      4.064235210418701,
      5.852177143096924,
      8.904077529907227,
      14.216550827026367,
      12.283191680908203,
      10.4503755569458,
      9.366950035095215,
      3.548813581466675,
      32.5477180480957,
      40.34228515625,
      16.725788116455078,
      23.53847885131836,
      9.056039810180664,
      17.382286071777344,
      12.162711143493652,
      13.84338092803955
    ],
    [
      2.640434503555298,
      2.886256694793701,
      2.2639293670654297,
      3.1589255332946777,
      6.523481369018555,
      11.009437561035156,
      9.520031929016113,
      6.278454780578613,
      7.268163681030273,
      1.1332299709320068,
      40.34228515625,
      57.241580963134766,
      14.594883918762207,
      22.2796630859375,
      7.572394371032715,
      16.60531997680664,
      10.100377082824707,
      12.715956687927246
    ],
    [
      8.848495483398438,
      12.55017375946045,
      6.8136067390441895,
      10.240152359008789,
      15.027175903320312,
      20.036298751831055,
      22.871448516845703,
      20.953092575073242,
      16.14627456665039,
      6.266581058502197,
      16.725788116455078,
      14.594883918762207,
      34.40762710571289,
      47.07660675048828,
      16.474740982055664,
      22.236469268798828,
      18.35011863708496,
      17.793882369995117
    ],
    [
      10.647819519042969,
      17.99018096923828,
      7.6755266189575195,
      14.085775375366211,
      18.95655059814453,
      27.37562370300293,
      24.7282772064209,
      21.858991622924805,
      16.445270538330078,
      2.452418804168701,
      23.53847885131836,
      22.2796630859375,
      47.07660675048828,
      77.90538024902344,
      18.422449111938477,
      29.819787979125977,
      21.83711051940918,
      24.092853546142578
    ],
    [
      10.111796379089355,
      12.0692777633667,
      9.219939231872559,
      10.412135124206543,
      13.044654846191406,
      15.227394104003906,
      12.91805648803711,
      10.547337532043457,
      11.852212905883789,
      8.039725303649902,
      9.056039810180664,
      7.572394371032715,
      16.474740982055664,
      18.422449111938477,
      13.337480545043945,
      14.623503684997559,
      13.694047927856445,
      11.965317726135254
    ],
    [
      10.058300971984863,
      16.324304580688477,
      9.296091079711914,
      13.806023597717285,
      14.301458358764648,
      20.903942108154297,
      17.54915428161621,
      16.395366668701172,
      14.867773056030273,
      12.558282852172852,
      17.382286071777344,
      16.60531997680664,
      22.236469268798828,
      29.819787979125977,
      14.623503684997559,
      41.74128723144531,
      16.659292221069336,
      32.75819396972656
    ],
    [
      11.1295804977417,
      13.453317642211914,
      9.824996948242188,
      11.613394737243652,
      15.179970741271973,
      18.399635314941406,
      15.613347053527832,
      14.196300506591797,
      14.747846603393555,
      9.974567413330078,
      12.162711143493652,
      10.100377082824707,
      18.35011863708496,
      21.83711051940918,
      13.694047927856445,
      16.659292221069336,
      16.510316848754883,
      14.488492012023926
    ],
    [
      9.77347469329834,
      15.82590389251709,
      8.846098899841309,
      13.060127258300781,
      13.250992774963379,
      19.386558532714844,
      14.736689567565918,
      14.824682235717773,
      12.100325584411621,
      10.273216247558594,
      13.84338092803955,
      12.715956687927246,
      17.793882369995117,
      24.092853546142578,
      11.965317726135254,
      32.75819396972656,
      14.488492012023926,
      27.772968292236328
    ]
  ],
  "covariance_short": [
    [
      21.159772872924805,
      18.395055770874023,
      15.411493301391602,
      14.944450378417969,
      12.286319732666016,
      11.972018241882324,
      3.942655563354492,
      6.4100751876831055,
      3.7507636547088623,
      4.442435264587402,
      3.053239583969116,
      5.679415225982666,
      5.47126579284668,
      10.91919231414795,
      9.936136245727539,
      10.465022087097168,
      10.529753684997559,
      9.987910270690918
    ],
    [
      18.395055770874023,
      34.3792839050293,
      14.768861770629883,
      19.227081298828125,
      14.608396530151367,
      17.265867233276367,
      6.054250240325928,
      10.513108253479004,
      4.352257251739502,
      5.478050708770752,
      5.524484157562256,
      8.258624076843262,
      7.7180633544921875,
      16.160192489624023,
      11.148175239562988,
      14.433093070983887,
      12.505497932434082,
      14.875265121459961
    ],
    [
      15.411493301391602,
      14.768861770629883,
      16.815412521362305,
      14.280854225158691,
      12.554571151733398,
      11.914397239685059,
      3.8129682540893555,
      5.506158351898193,
      3.526092767715454,
      4.0246758460998535,
      3.5042691230773926,
      5.730982780456543,
      5.0874738693237305,
      9.516012191772461,
      10.05005168914795,
      9.748886108398438,
      10.679341316223145,
      8.759596824645996
    ],
    [
      14.944450378417969,
      19.227081298828125,
      14.280854225158691,
      23.872209548950195,
      13.310306549072266,
      16.212316513061523,
      6.075839996337891,
      10.185073852539062,
      4.853257179260254,
      5.513447284698486,
      5.619290828704834,
      8.220216751098633,
      7.4308977127075195,
      15.400971412658691,
      10.48742961883545,
      14.024375915527344,
      11.472600936889648,
      13.022841453552246
    ],
    [
      12.286319732666016,
      14.608396530151367,
      12.554571151733398,
      13.310306549072266,
      21.662246704101562,
      16.81551742553711,
      11.27791690826416,
      13.734073638916016,
      7.645829677581787,
      8.03479290008545,
      9.830336570739746,
      11.855493545532227,
      12.234262466430664,
      17.394168853759766,
      14.234797477722168,
      14.857455253601074,
      15.620591163635254,
      13.117307662963867
    ],
    [
      11.972018241882324,
      17.265867233276367,
      11.914397239685059,
      16.212316513061523,
      16.81551742553711,
      29.616497039794922,
      14.581127166748047,
      21.218643188476562,
      9.488140106201172,
      10.143692016601562,
      14.804232597351074,
      18.418764114379883,
      15.177366256713867,
      24.068275451660156,
      14.069282531738281,
      19.639698028564453,
      16.095233917236328,
      17.71383285522461
    ],
    [
      3.942655563354492,
      6.054250240325928,
      3.8129682540893555,
      6.075839996337891,
      11.27791690826416,
      14.581127166748047,
      30.20697021484375,
      34.80036163330078,
      19.3721923828125,
      14.811549186706543,
      21.634998321533203,
      22.172855377197266,
      23.164642333984375,
      25.046201705932617,
      13.349398612976074,
      18.597856521606445,
      15.915081977844238,
      15.407510757446289
    ],
    [
      6.4100751876831055,
      10.513108253479004,
      5.506158351898193,
      10.185073852539062,
      13.734073638916016,
      21.218643188476562,
      34.80036163330078,
      59.47349548339844,
      20.448711395263672,
      20.02255630493164,
      22.671655654907227,
      25.757539749145508,
      23.942367553710938,
      31.589529037475586,
      15.174405097961426,
      24.74836540222168,
      19.106489181518555,
      21.290973663330078
    ],
    [
      3.7507636547088623,
      4.352257251739502,
      3.526092767715454,
      4.853257179260254,
      7.645829677581787,
      9.488140106201172,
      19.3721923828125,
      20.448711395263672,
      31.72130584716797,
      35.213863372802734,
      17.918109893798828,
      21.056203842163086,
      19.41718864440918,
      22.35249900817871,
      10.635543823242188,
      16.933124542236328,
      12.842926979064941,
      13.008522033691406
    ],
    [
      4.442435264587402,
      5.478050708770752,
      4.0246758460998535,
      5.513447284698486,
      8.03479290008545,
      10.143692016601562,
      14.811549186706543,
      20.02255630493164,
      35.213863372802734,
      61.26750564575195,
      12.983331680297852,
      21.785905838012695,
      13.388628005981445,
      21.41180992126465,
      9.922835350036621,
      19.146345138549805,
      11.83753776550293,
      14.805699348449707
    ],
    [
      3.053239583969116,
      5.524484157562256,
      3.5042691230773926,
      5.619290828704834,
      9.830336570739746,
      14.804232597351074,
      21.634998321533203,
      22.671655654907227,
      17.918109893798828,
      12.983331680297852,
      46.23129653930664,
      56.1850700378418,
      22.834705352783203,
      30.663772583007812,
      12.497600555419922,
      22.8780574798584,
      15.719365119934082,
      18.613285064697266
    ],
    [
      5.679415225982666,
      8.258624076843262,
      5.730982780456543,
      8.220216751098633,
      11.855493545532227,
      18.418764114379883,
      22.172855377197266,
      25.757539749145508,
      21.056203842163086,
      21.785905838012695,
      56.1850700378418,
      85.58497619628906,
      22.928115844726562,
      39.01991653442383,
      14.87470531463623,
      30.721935272216797,
      18.030824661254883,
      25.27333641052246
    ],
    [
      5.47126579284668,
      7.7180633544921875,
      5.0874738693237305,
      7.4308977127075195,
      12.234262466430664,
      15.177366256713867,
      23.164642333984375,
      23.942367553710938,
      19.41718864440918,
      13.388628005981445,
      22.834705352783203,
      22.928115844726562,
      32.55234909057617,
      40.18220901489258,
      14.243446350097656,
      20.53805923461914,
      16.759252548217773,
      16.802217483520508
    ],
    [
      10.91919231414795,
      16.160192489624023,
      9.516012191772461,
      15.400971412658691,
      17.394168853759766,
      24.068275451660156,
      25.046201705932617,
      31.589529037475586,
      22.35249900817871,
      21.41180992126465,
      30.663772583007812,
      39.01991653442383,
      40.18220901489258,
      84.47941589355469,
      17.603668212890625,
      50.52381896972656,
      21.76531410217285,
      41.842491149902344
    ],
    [
      9.936136245727539,
      11.148175239562988,
      10.05005168914795,
      10.48742961883545,
      14.234797477722168,
      14.069282531738281,
      13.349398612976074,
      15.174405097961426,
      10.635543823242188,
      9.922835350036621,
      12.497600555419922,
      14.87470531463623,
      14.243446350097656,
      17.603668212890625,
      14.489449501037598,
      15.145179748535156,
      14.755037307739258,
      12.425722122192383
    ],
    [
      10.465022087097168,
      14.433093070983887,
      9.748886108398438,
      14.024375915527344,
      14.857455253601074,
      19.639698028564453,
      18.597856521606445,
      24.74836540222168,
      16.933124542236328,
      19.146345138549805,
      22.8780574798584,
      30.721935272216797,
      20.53805923461914,
      50.52381896972656,
      15.145179748535156,
      42.04240798950195,
      17.6934814453125,
      33.992576599121094
    ],
    [
      10.529753684997559,
      12.505497932434082,
      10.679341316223145,
      11.472600936889648,
      15.620591163635254,
      16.095233917236328,
      15.915081977844238,
      19.106489181518555,
      12.842926979064941,
      11.83753776550293,
      15.719365119934082,
      18.030824661254883,
      16.759252548217773,
      21.76531410217285,
      14.755037307739258,
      17.6934814453125,
      17.547393798828125,
      15.034832954406738
    ],
    [
      9.987910270690918,
      14.875265121459961,
      8.759596824645996,
      13.022841453552246,
      13.117307662963867,
      17.71383285522461,
      15.407510757446289,
      21.290973663330078,
      13.008522033691406,
      14.805699348449707,
      18.613285064697266,
      25.27333641052246,
      16.802217483520508,
      41.842491149902344,
      12.425722122192383,
      33.992576599121094,
      15.034832954406738,
      29.356111526489258
    ]
  ],
  "damage": -5.830968379974365,
  "diff_bandwidth": 244.28805541992188,
  "dissonance": 5.378801726596329,
  "drr": 2.5688962936401367,
  "dynamics": 2.586514472961426,
  "format": 1245190,
  "frames": 1452032,
  "loudness": -14.252753257751465,
  "loudness_range": 6.808732032775879,
  "loudness_range_short": 7.471875190734863,
  "lowpass_true_peak_15khz": -0.39174684882164,
  "mastering3_acoustic_entropies": [
    {
      "acoustic_entropy": 4.760030746459961,
      "acoustic_entropy_mono": 4.510314464569092,
      "band_eliminated_acoustic_entropies": [
        {
          "acoustic_entropy": 4.851567268371582,
          "acoustic_entropy_side": 4.703929901123047,
          "hz": 129.47220167065723
        },
        {
          "acoustic_entropy": 4.979583740234375,
          "acoustic_entropy_side": 4.78739070892334,
          "hz": 202.92927478742237
        },
        {
          "acoustic_entropy": 4.8400492668151855,
          "acoustic_entropy_side": 4.7545881271362305,
          "hz": 282.89161906338205
        },
        {
          "acoustic_entropy": 4.764413356781006,
          "acoustic_entropy_side": 4.7524027824401855,
          "hz": 369.9353335868758
        },
        {
          "acoustic_entropy": 4.909510135650635,
          "acoustic_entropy_side": 4.756237983703613,
          "hz": 464.6875360973435
        },
        {
          "acoustic_entropy": 4.645077228546143,
          "acoustic_entropy_side": 4.76417350769043,
          "hz": 567.8308811364784
        },
        {
          "acoustic_entropy": 4.820457458496094,
          "acoustic_entropy_side": 4.764967441558838,
          "hz": 680.1084783214808
        },
        {
          "acoustic_entropy": 4.582757472991943,
          "acoustic_entropy_side": 4.718276023864746,
          "hz": 802.3292461747484
        },
        {
          "acoustic_entropy": 4.746603012084961,
          "acoustic_entropy_side": 4.7324442863464355,
          "hz": 935.3737400823702
        },
        {
          "acoustic_entropy": 4.630741119384766,
          "acoustic_entropy_side": 4.698416233062744,
          "hz": 1080.2004963696966
        },
        {
          "acoustic_entropy": 4.563470363616943,
          "acoustic_entropy_side": 4.687881946563721,
          "hz": 1237.8529382007157
        },
        {
          "acoustic_entropy": 4.612391948699951,
          "acoustic_entropy_side": 4.7258477210998535,
          "hz": 1409.4668930556702
        },
        {
          "acoustic_entropy": 4.3783860206604,
          "acoustic_entropy_side": 4.646763801574707,
          "hz": 1596.2787759475705
        },
        {
          "acoustic_entropy": 4.740240097045898,
          "acoustic_entropy_side": 4.7590861320495605,
          "hz": 1799.6344973346393
        },
        {
          "acoustic_entropy": 4.692880630493164,
          "acoustic_entropy_side": 4.738092422485352,
          "hz": 2020.9991599069049
        },
        {
          "acoustic_entropy": 4.745350360870361,
          "acoustic_entropy_side": 4.788259506225586,
          "hz": 2261.9676141086993
        },
        {
          "acoustic_entropy": 4.723196029663086,
          "acoustic_entropy_side": 4.771708011627197,
          "hz": 2524.2759484456974
        },
        {
          "acoustic_entropy": 4.682274341583252,
          "acoustic_entropy_side": 4.623180389404297,
          "hz": 2809.813997359896
        },
        {
          "acoustic_entropy": 4.248721599578857,
          "acoustic_entropy_side": 4.174041271209717,
          "hz": 3120.6389567871424
        },
        {
          "acoustic_entropy": 4.835622310638428,
          "acoustic_entropy_side": 4.878884792327881,
          "hz": 3458.990205492291
        },
        {
          "acoustic_entropy": 4.91202974319458,
          "acoustic_entropy_side": 4.869057655334473,
          "hz": 3827.305438964164
        },
        {
          "acoustic_entropy": 4.739276885986328,
          "acoustic_entropy_side": 4.763734817504883,
          "hz": 4228.238232109126
        },
        {
          "acoustic_entropy": 4.522552490234375,
          "acoustic_entropy_side": 4.70007848739624,
          "hz": 4664.6771572759235
        },
        {
          "acoustic_entropy": 5.134113311767578,
          "acoustic_entropy_side": 4.908933162689209,
          "hz": 5139.766595350093
        },
        {
          "acoustic_entropy": 5.23585319519043,
          "acoustic_entropy_side": 4.9642558097839355,
          "hz": 5656.929389854203
        },
        {
          "acoustic_entropy": 4.894186496734619,
          "acoustic_entropy_side": 4.817968845367432,
          "hz": 6219.891507268283
        },
        {
          "acoustic_entropy": 4.69704008102417,
          "acoustic_entropy_side": 4.769511699676514,
          "hz": 6832.70888123896
        },
        {
          "acoustic_entropy": 4.792966842651367,
          "acoustic_entropy_side": 4.782923698425293,
          "hz": 7499.796634079867
        },
        {
          "acoustic_entropy": 4.759325981140137,
          "acoustic_entropy_side": 4.756189823150635,
          "hz": 8225.96088609342
        },
        {
          "acoustic_entropy": 4.763298511505127,
          "acoustic_entropy_side": 4.754833698272705,
          "hz": 9016.43338188839
        },
        {
          "acoustic_entropy": 4.757980823516846,
          "acoustic_entropy_side": 4.760258674621582,
          "hz": 9876.909183162974
        },
        {
          "acoustic_entropy": 4.755500316619873,
          "acoustic_entropy_side": 4.760037899017334,
          "hz": 10813.587699516042
        },
        {
          "acoustic_entropy": 4.767590045928955,
          "acoustic_entropy_side": 4.760240077972412,
          "hz": 11833.21735289826
        },
        {
          "acoustic_entropy": 4.7624335289001465,
          "acoustic_entropy_side": 4.760110855102539,
          "hz": 12943.144197493959
        },
        {
          "acoustic_entropy": 4.761716365814209,
          "acoustic_entropy_side": 4.7601189613342285,
          "hz": 14151.364845322005
        },
        {
          "acoustic_entropy": 4.76223611831665,
          "acoustic_entropy_side": 4.760134220123291,
          "hz": 15466.58407886509
        },
        {
          "acoustic_entropy": 4.760621547698975,
          "acoustic_entropy_side": 4.760049819946289,
          "hz": 16898.27756580493
        },
        {
          "acoustic_entropy": 4.760363578796387,
          "acoustic_entropy_side": 4.76003885269165,
          "hz": 18456.760127700032
        },
        {
          "acoustic_entropy": 4.760343551635742,
          "acoustic_entropy_side": 4.760042667388916,
          "hz": 20153.260054456492
        },
        {
          "acoustic_entropy": 4.760053634643555,
          "acoustic_entropy_side": 4.7600321769714355,
          "hz": 22000.00000000001
        }
      ],
      "diff_acoustic_entropy": 5.4838786125183105,
      "sn": 6
    },
    {
      "acoustic_entropy": 9.804590225219727,
      "acoustic_entropy_mono": 9.180397987365723,
      "band_eliminated_acoustic_entropies": [
        {
          "acoustic_entropy": 9.824737548828125,
          "acoustic_entropy_side": 9.88848876953125,
          "hz": 129.47220167065723
        },
        {
          "acoustic_entropy": 9.55557632446289,
          "acoustic_entropy_side": 9.552372932434082,
          "hz": 202.92927478742237
        },
        {
          "acoustic_entropy": 9.825510025024414,
          "acoustic_entropy_side": 9.842942237854004,
          "hz": 282.89161906338205
        },
        {
          "acoustic_entropy": 9.71053409576416,
          "acoustic_entropy_side": 9.759172439575195,
          "hz": 369.9353335868758
        },
        {
          "acoustic_entropy": 9.99884033203125,
          "acoustic_entropy_side": 9.805444717407227,
          "hz": 464.6875360973435
        },
        {
          "acoustic_entropy": 9.637069702148438,
          "acoustic_entropy_side": 9.669079780578613,
          "hz": 567.8308811364784
        },
        {
          "acoustic_entropy": 9.948962211608887,
          "acoustic_entropy_side": 9.777790069580078,
          "hz": 680.1084783214808
        },
        {
          "acoustic_entropy": 9.865421295166016,
          "acoustic_entropy_side": 9.563346862792969,
          "hz": 802.3292461747484
        },
        {
          "acoustic_entropy": 9.884374618530273,
          "acoustic_entropy_side": 9.945741653442383,
          "hz": 935.3737400823702
        },
        {
          "acoustic_entropy": 9.407228469848633,
          "acoustic_entropy_side": 9.565245628356934,
          "hz": 1080.2004963696966
        },
        {
          "acoustic_entropy": 9.69969654083252,
          "acoustic_entropy_side": 9.641737937927246,
          "hz": 1237.8529382007157
        },
        {
          "acoustic_entropy": 10.282819747924805,
          "acoustic_entropy_side": 10.267252922058105,
          "hz": 1409.4668930556702
        },
        {
          "acoustic_entropy": 10.150397300720215,
          "acoustic_entropy_side": 9.975707054138184,
          "hz": 1596.2787759475705
        },
        {
          "acoustic_entropy": 9.613409042358398,
          "acoustic_entropy_side": 10.083212852478027,
          "hz": 1799.6344973346393
        },
        {
          "acoustic_entropy": 10.452751159667969,
          "acoustic_entropy_side": 10.098316192626953,
          "hz": 2020.9991599069049
        },
        {
          "acoustic_entropy": 9.616997718811035,
          "acoustic_entropy_side": 9.636248588562012,
          "hz": 2261.9676141086993
        },
        {
          "acoustic_entropy": 10.038817405700684,
          "acoustic_entropy_side": 10.168057441711426,
          "hz": 2524.2759484456974
        },
        {
          "acoustic_entropy": 9.76201057434082,
          "acoustic_entropy_side": 9.925925254821777,
          "hz": 2809.813997359896
        },
        {
          "acoustic_entropy": 9.964323997497559,
          "acoustic_entropy_side": 10.362000465393066,
          "hz": 3120.6389567871424
        },
        {
          "acoustic_entropy": 9.67036247253418,
          "acoustic_entropy_side": 10.013934135437012,
          "hz": 3458.990205492291
        },
        {
          "acoustic_entropy": 9.921170234680176,
          "acoustic_entropy_side": 10.20771312713623,
          "hz": 3827.305438964164
        },
        {
          "acoustic_entropy": 9.683145523071289,
          "acoustic_entropy_side": 9.806930541992188,
          "hz": 4228.238232109126
        },
        {
          "acoustic_entropy": 9.648447036743164,
          "acoustic_entropy_side": 9.951651573181152,
          "hz": 4664.6771572759235
        },
        {
          "acoustic_entropy": 10.302916526794434,
          "acoustic_entropy_side": 9.839143753051758,
          "hz": 5139.766595350093
        },
        {
          "acoustic_entropy": 10.091073036193848,
          "acoustic_entropy_side": 9.880804061889648,
          "hz": 5656.929389854203
        },
        {
          "acoustic_entropy": 9.736827850341797,
          "acoustic_entropy_side": 9.826563835144043,
          "hz": 6219.891507268283
        },
        {
          "acoustic_entropy": 10.023984909057617,
          "acoustic_entropy_side": 10.324687004089355,
          "hz": 6832.70888123896
        },
        {
          "acoustic_entropy": 9.531095504760742,
          "acoustic_entropy_side": 9.70081901550293,
          "hz": 7499.796634079867
        },
        {
          "acoustic_entropy": 9.710347175598145,
          "acoustic_entropy_side": 9.776412963867188,
          "hz": 8225.96088609342
        },
        {
          "acoustic_entropy": 9.845276832580566,
          "acoustic_entropy_side": 9.816216468811035,
          "hz": 9016.43338188839
        },
        {
          "acoustic_entropy": 9.813533782958984,
          "acoustic_entropy_side": 9.802701950073242,
          "hz": 9876.909183162974
        },
        {
          "acoustic_entropy": 9.814922332763672,
          "acoustic_entropy_side": 9.801647186279297,
          "hz": 10813.587699516042
        },
        {
          "acoustic_entropy": 9.774660110473633,
          "acoustic_entropy_side": 9.80344295501709,
          "hz": 11833.21735289826
        },
        {
          "acoustic_entropy": 9.79575252532959,
          "acoustic_entropy_side": 9.803838729858398,
          "hz": 12943.144197493959
        },
        {
          "acoustic_entropy": 9.803359031677246,
          "acoustic_entropy_side": 9.802369117736816,
          "hz": 14151.364845322005
        },
        {
          "acoustic_entropy": 9.802194595336914,
          "acoustic_entropy_side": 9.802770614624023,
          "hz": 15466.58407886509
        },
        {
          "acoustic_entropy": 9.800232887268066,
          "acoustic_entropy_side": 9.80420970916748,
          "hz": 16898.27756580493
        },
        {
          "acoustic_entropy": 9.801424980163574,
          "acoustic_entropy_side": 9.80451488494873,
          "hz": 18456.760127700032
        },
        {
          "acoustic_entropy": 9.803488731384277,
          "acoustic_entropy_side": 9.804168701171875,
          "hz": 20153.260054456492
        },
        {
          "acoustic_entropy": 9.804475784301758,
          "acoustic_entropy_side": 9.804533958435059,
          "hz": 22000.00000000001
        }
      ],
      "diff_acoustic_entropy": 11.650299072265625,
      "sn": 12
    },
    {
      "acoustic_entropy": 19.87945556640625,
      "acoustic_entropy_mono": 13.896039009094238,
      "band_eliminated_acoustic_entropies": [
        {
          "acoustic_entropy": 19.915008544921875,
          "acoustic_entropy_side": 19.908945083618164,
          "hz": 129.47220167065723
        },
        {
          "acoustic_entropy": 19.723228454589844,
          "acoustic_entropy_side": 19.731271743774414,
          "hz": 202.92927478742237
        },
        {
          "acoustic_entropy": 19.89493179321289,
          "acoustic_entropy_side": 19.938093185424805,
          "hz": 282.89161906338205
        },
        {
          "acoustic_entropy": 19.876190185546875,
          "acoustic_entropy_side": 20.07084846496582,
          "hz": 369.9353335868758
        },
        {
          "acoustic_entropy": 19.71295738220215,
          "acoustic_entropy_side": 19.842105865478516,
          "hz": 464.6875360973435
        },
        {
          "acoustic_entropy": 20.31731414794922,
          "acoustic_entropy_side": 20.472707748413086,
          "hz": 567.8308811364784
        },
        {
          "acoustic_entropy": 19.483068466186523,
          "acoustic_entropy_side": 19.402891159057617,
          "hz": 680.1084783214808
        },
        {
          "acoustic_entropy": 20.649219512939453,
          "acoustic_entropy_side": 20.717864990234375,
          "hz": 802.3292461747484
        },
        {
          "acoustic_entropy": 19.8115291595459,
          "acoustic_entropy_side": 19.966922760009766,
          "hz": 935.3737400823702
        },
        {
          "acoustic_entropy": 20.858884811401367,
          "acoustic_entropy_side": 20.2663631439209,
          "hz": 1080.2004963696966
        },
        {
          "acoustic_entropy": 18.975069046020508,
          "acoustic_entropy_side": 18.911296844482422,
          "hz": 1237.8529382007157
        },
        {
          "acoustic_entropy": 19.833145141601562,
          "acoustic_entropy_side": 19.522441864013672,
          "hz": 1409.4668930556702
        },
        {
          "acoustic_entropy": 20.71363067626953,
          "acoustic_entropy_side": 20.83180809020996,
          "hz": 1596.2787759475705
        },
        {
          "acoustic_entropy": 18.860185623168945,
          "acoustic_entropy_side": 19.576929092407227,
          "hz": 1799.6344973346393
        },
        {
          "acoustic_entropy": 20.337047576904297,
          "acoustic_entropy_side": 20.581085205078125,
          "hz": 2020.9991599069049
        },
        {
          "acoustic_entropy": 20.328767776489258,
          "acoustic_entropy_side": 20.13601303100586,
          "hz": 2261.9676141086993
        },
        {
          "acoustic_entropy": 20.79646873474121,
          "acoustic_entropy_side": 21.548892974853516,
          "hz": 2524.2759484456974
        },
        {
          "acoustic_entropy": 21.05492401123047,
          "acoustic_entropy_side": 21.196271896362305,
          "hz": 2809.813997359896
        },
        {
          "acoustic_entropy": 20.500869750976562,
