{
  "acoustic_entropy": 186.787841796875,
  "bands": [
    {
      "high_freq": 148.1999969482422,
      "loudness": -26.546850204467773,
      "loudness_range": 24.48162841796875,
      "mid_mean": -23.062007904052734,
      "mid_to_side_loudness": -24.84963035583496,
      "mid_to_side_loudness_range": 10.945201873779297,
      "side_mean": -49.704437255859375
    },
    {
      "high_freq": 392.3793640136719,
      "loudness": -22.658649444580078,
      "loudness_range": 6.245212554931641,
      "low_freq": 148.1999969482422,
      "mid_mean": -19.330581665039062,
      "mid_to_side_loudness": -13.276775360107422,
      "mid_to_side_loudness_range": 17.86180877685547,
      "side_mean": -32.4337043762207
    },
    {
      "high_freq": 794.6976318359375,
      "loudness": -24.22136116027832,
      "loudness_range": 12.095169067382812,
      "low_freq": 392.3793640136719,
      "mid_mean": -21.578929901123047,
      "mid_to_side_loudness": -8.09505844116211,
      "mid_to_side_loudness_range": 18.362701416015625,
      "side_mean": -28.167789459228516
    },
    {
      "high_freq": 1457.5709228515625,
      "loudness": -25.357099533081055,
      "loudness_range": 15.744012832641602,
      "low_freq": 794.6976318359375,
      "mid_mean": -23.763410568237305,
      "mid_to_side_loudness": -4.947895526885986,
      "mid_to_side_loudness_range": 20.007139205932617,
      "side_mean": -26.13701057434082
    },
    {
      "high_freq": 2549.74365234375,
      "loudness": -24.774208068847656,
      "loudness_range": 12.865304946899414,
      "low_freq": 1457.5709228515625,
      "mid_mean": -22.105260848999023,
      "mid_to_side_loudness": -7.515799522399902,
      "mid_to_side_loudness_range": 15.08875560760498,
      "side_mean": -29.67094612121582
    },
    {
      "high_freq": 4349.24462890625,
      "loudness": -27.189157485961914,
      "loudness_range": 12.182966232299805,
      "low_freq": 2549.74365234375,
      "mid_mean": -24.664989471435547,
      "mid_to_side_loudness": -7.181162357330322,
      "mid_to_side_loudness_range": 16.874980926513672,
      "side_mean": -32.00434494018555
    },
    {
      "high_freq": 7314.1640625,
      "loudness": -32.67753219604492,
      "loudness_range": 18.24137306213379,
      "low_freq": 4349.24462890625,
      "mid_mean": -30.32975196838379,
      "mid_to_side_loudness": -7.707989692687988,
      "mid_to_side_loudness_range": 17.97852897644043,
      "side_mean": -37.96345901489258
    },
    {
      "high_freq": 12199.2666015625,
      "loudness": -35.175048828125,
      "loudness_range": 21.091876983642578,
      "low_freq": 7314.1640625,
      "mid_mean": -32.099632263183594,
      "mid_to_side_loudness": -11.938338279724121,
      "mid_to_side_loudness_range": 21.07645034790039,
      "side_mean": -43.935325622558594
    },
    {
      "loudness": -38.67955780029297,
      "loudness_range": 24.19904899597168,
      "low_freq": 12199.2666015625,
      "mid_mean": -36.371437072753906,
      "mid_to_side_loudness": -12.14215087890625,
      "mid_to_side_loudness_range": 23.56792449951172,
      "side_mean": -51.44914245605469
    }
  ],
  "bands_short": [
    {
      "high_freq": 148.1999969482422,
      "loudness": -34.3658447265625,
      "loudness_range": 39.282344818115234,
      "mid_mean": -30.948192596435547,
      "mid_to_side_loudness": -24.726932525634766,
      "mid_to_side_loudness_range": 15.43023681640625,
      "side_mean": -57.200618743896484
    },
    {
      "high_freq": 392.3793640136719,
      "loudness": -23.136919021606445,
      "loudness_range": 11.116539001464844,
      "low_freq": 148.1999969482422,
      "mid_mean": -19.855470657348633,
      "mid_to_side_loudness": -13.694442749023438,
      "mid_to_side_loudness_range": 20.141674041748047,
      "side_mean": -33.02067565917969
    },
    {
      "high_freq": 794.6976318359375,
      "loudness": -25.006332397460938,
      "loudness_range": 13.480953216552734,
      "low_freq": 392.3793640136719,
      "mid_mean": -22.491079330444336,
      "mid_to_side_loudness": -7.983133792877197,
      "mid_to_side_loudness_range": 18.80917739868164,
      "side_mean": -28.47156524658203
    },
    {
      "high_freq": 1457.5709228515625,
      "loudness": -25.06116485595703,
      "loudness_range": 16.319110870361328,
      "low_freq": 794.6976318359375,
      "mid_mean": -23.593910217285156,
      "mid_to_side_loudness": -4.4767022132873535,
      "mid_to_side_loudness_range": 19.682640075683594,
      "side_mean": -26.150774002075195
    },
    {
      "high_freq": 2549.74365234375,
      "loudness": -25.68730354309082,
      "loudness_range": 16.286760330200195,
      "low_freq": 1457.5709228515625,
      "mid_mean": -23.151655197143555,
      "mid_to_side_loudness": -7.06614351272583,
      "mid_to_side_loudness_range": 15.638890266418457,
      "side_mean": -29.396316528320312
    },
    {
      "high_freq": 4349.24462890625,
      "loudness": -28.33338737487793,
      "loudness_range": 16.369718551635742,
      "low_freq": 2549.74365234375,
      "mid_mean": -26.057600021362305,
      "mid_to_side_loudness": -6.759139537811279,
      "mid_to_side_loudness_range": 18.133066177368164,
      "side_mean": -32.5730094909668
    },
    {
      "high_freq": 7314.1640625,
      "loudness": -34.078453063964844,
      "loudness_range": 23.16135025024414,
      "low_freq": 4349.24462890625,
      "mid_mean": -31.984729766845703,
      "mid_to_side_loudness": -7.609189033508301,
      "mid_to_side_loudness_range": 21.89215087890625,
      "side_mean": -39.51074981689453
    },
    {
      "high_freq": 12199.2666015625,
      "loudness": -36.92207336425781,
      "loudness_range": 25.572345733642578,
      "low_freq": 7314.1640625,
      "mid_mean": -34.193668365478516,
      "mid_to_side_loudness": -10.775995254516602,
      "mid_to_side_loudness_range": 24.712602615356445,
      "side_mean": -46.88936233520508
    },
    {
      "loudness": -41.495052337646484,
      "loudness_range": 28.704317092895508,
      "low_freq": 12199.2666015625,
      "mid_mean": -40.148658752441406,
      "mid_to_side_loudness": -11.363916397094727,
      "mid_to_side_loudness_range": 24.870988845825195,
      "side_mean": -54.32612609863281
    }
  ],
  "bandwidth": 621.537353515625,
  "channels": 2,
  "covariance": [
    [
      84.9460220336914,
      74.70760345458984,
      4.546113967895508,
      2.464433193206787,
      -5.709124565124512,
      0.8780461549758911,
      -2.60567569732666,
      1.9756739139556885,
      2.795616865158081,
      -1.3374450206756592,
      9.953719139099121,
      15.593358993530273,
      35.94427490234375,
      40.97959518432617,
      48.009212493896484,
      66.39411163330078,
      62.22663116455078,
      90.16703796386719
    ],
    [
      74.70760345458984,
      96.13683319091797,
      4.857646465301514,
      10.342440605163574,
      -4.662491798400879,
      9.5640287399292,
      0.035761356353759766,
      13.123581886291504,
      7.17466402053833,
      8.913301467895508,
      14.052632331848145,
      26.212291717529297,
      42.3778076171875,
      51.7547607421875,
      52.73201370239258,
      69.51614379882812,
      65.29239654541016,
      94.42693328857422
    ],
    [
      4.546113967895508,
      4.857646465301514,
      8.210609436035156,
      5.374752998352051,
      5.275232791900635,
      2.537924289703369,
      5.6355366706848145,
      1.1515640020370483,
      4.999807834625244,
      7.720799446105957,
      2.2225096225738525,
      5.066250324249268,
      0.3802724778652191,
      2.5524542331695557,
      -0.6264618039131165,
      0.39226233959198,
      -1.0155867338180542,
      -1.2628300189971924
    ],
    [
      2.464433193206787,
      10.342440605163574,
      5.374752998352051,
      43.78023910522461,
      19.206939697265625,
      41.71321487426758,
      24.043182373046875,
      36.35887908935547,
      21.299779891967773,
      47.61130142211914,
      12.557496070861816,
      37.678993225097656,
      5.459968090057373,
      26.29656219482422,
      1.0402265787124634,
      14.731417655944824,
      -10.489778518676758,
      8.058403968811035
    ],
    [
      -5.709124565124512,
      -4.662491798400879,
      5.275232791900635,
      19.206939697265625,
      17.887968063354492,
      18.817628860473633,
      17.520071029663086,
      14.731870651245117,
      12.968433380126953,
      25.254377365112305,
      6.474132061004639,
      18.45390510559082,
      -3.783137559890747,
      8.213207244873047,
      -8.213861465454102,
      -2.5092616081237793,
      -14.422489166259766,
      -8.742439270019531
    ],
    [
      0.8780461549758911,
      9.5640287399292,
      2.537924289703369,
      41.71321487426758,
      18.817628860473633,
      63.45600891113281,
      23.830799102783203,
      49.23558807373047,
      21.00959587097168,
      50.72943878173828,
      13.547039031982422,
      41.79133224487305,
      6.910250186920166,
      31.52955436706543,
      2.8703510761260986,
      19.873868942260742,
      -7.205593109130859,
      12.267230033874512
    ],
    [
      -2.60567569732666,
      0.035761356353759766,
      5.6355366706848145,
      24.043182373046875,
      17.520071029663086,
      23.830799102783203,
      28.527965545654297,
      18.630207061767578,
      18.53095245361328,
      31.135202407836914,
      12.60776424407959,
      24.955598831176758,
      -0.3032446503639221,
      13.66248607635498,
      -4.809584140777588,
      0.3735440969467163,
      -14.586140632629395,
      -3.613596200942993
    ],
    [
      1.9756739139556885,
      13.123581886291504,
      1.1515640020370483,
      36.35887908935547,
      14.731870651245117,
      49.23558807373047,
      18.630207061767578,
      59.71566390991211,
      18.69928550720215,
      43.25820541381836,
      13.960912704467773,
      37.402923583984375,
      10.368513107299805,
      29.985048294067383,
      8.371171951293945,
      22.661331176757812,
      -2.732013463973999,
      20.03666877746582
    ],
    [
      2.795616865158081,
      7.17466402053833,
      4.999807834625244,
      21.299779891967773,
      12.968433380126953,
      21.00959587097168,
      18.53095245361328,
      18.69928550720215,
      20.475723266601562,
      27.123456954956055,
      13.2018461227417,
      21.86626434326172,
      4.167476654052734,
      13.714171409606934,
      0.24824179708957672,
      4.394619464874268,
      -9.526689529418945,
      3.308279275894165
    ],
    [
      -1.3374450206756592,
      8.913301467895508,
      7.720799446105957,
      47.61130142211914,
      25.254377365112305,
      50.72943878173828,
      31.135202407836914,
      43.25820541381836,
      27.123456954956055,
      65.03060150146484,
      16.417749404907227,
      50.69078063964844,
      6.495264530181885,
      35.18208694458008,
      1.0307247638702393,
      17.111013412475586,
      -11.303983688354492,
      4.609624862670898
    ],
    [
      9.953719139099121,
      14.052632331848145,
      2.2225096225738525,
      12.557496070861816,
      6.474132061004639,
      13.547039031982422,
      12.60776424407959,
      13.960912704467773,
      13.2018461227417,
      16.417749404907227,
      20.658571243286133,
      21.39457893371582,
      17.025556564331055,
      20.85378074645996,
      17.17986488342285,
      17.719379425048828,
      8.154313087463379,
      22.321475982666016
    ],
    [
      15.593358993530273,
      26.212291717529297,
      5.066250324249268,
      37.678993225097656,
      18.45390510559082,
      41.79133224487305,
      24.955598831176758,
      37.402923583984375,
      21.86626434326172,
      50.69078063964844,
      21.39457893371582,
      59.432613372802734,
      22.257709503173828,
      57.89299011230469,
      20.308019638061523,
      43.94810104370117,
      14.735675811767578,
      35.6688232421875
    ],
    [
      35.94427490234375,
      42.3778076171875,
      0.3802724778652191,
      5.459968090057373,
      -3.783137559890747,
      6.910250186920166,
      -0.3032446503639221,
      10.368513107299805,
      4.167476654052734,
      6.495264530181885,
      17.025556564331055,
      22.257709503173828,
      46.61726379394531,
      43.93888473510742,
      49.78506851196289,
      58.31388854980469,
      49.233131408691406,
      71.246337890625
    ],
    [
      40.97959518432617,
      51.7547607421875,
      2.5524542331695557,
      26.29656219482422,
      8.213207244873047,
      31.52955436706543,
      13.66248607635498,
      29.985048294067383,
      13.714171409606934,
      35.18208694458008,
      20.85378074645996,
      57.89299011230469,
      43.93888473510742,
      89.5907211303711,
      47.69636917114258,
      83.32164764404297,
      53.51048278808594,
      89.69758605957031
    ],
    [
      48.009212493896484,
      52.73201370239258,
      -0.6264618039131165,
      1.0402265787124634,
      -8.213861465454102,
      2.8703510761260986,
      -4.809584140777588,
      8.371171951293945,
      0.24824179708957672,
      1.0307247638702393,
      17.17986488342285,
      20.308019638061523,
      49.78506851196289,
      47.69636917114258,
      69.99578857421875,
      69.3570327758789,
      67.93407440185547,
      91.32120513916016
    ],
    [
      66.39411163330078,
      69.51614379882812,
      0.39226233959198,
      14.731417655944824,
      -2.5092616081237793,
      19.873868942260742,
      0.3735440969467163,
      22.661331176757812,
      4.394619464874268,
      17.111013412475586,
      17.719379425048828,
      43.94810104370117,
      58.31388854980469,
      83.32164764404297,
      69.3570327758789,
      122.46426391601562,
      84.81327056884766,
      130.77069091796875
    ],
    [
      62.22663116455078,
      65.29239654541016,
      -1.0155867338180542,
      -10.489778518676758,
      -14.422489166259766,
      -7.205593109130859,
      -14.586140632629395,
      -2.732013463973999,
      -9.526689529418945,
      -11.303983688354492,
      8.154313087463379,
      14.735675811767578,
      49.233131408691406,
      53.51048278808594,
      67.93407440185547,
      84.81327056884766,
      110.90390014648438,
      119.21135711669922
    ],
    [
      90.16703796386719,
      94.42693328857422,
      -1.2628300189971924,
      8.058403968811035,
      -8.742439270019531,
      12.267230033874512,
      -3.613596200942993,
      20.03666877746582,
      3.308279275894165,
      4.609624862670898,
      22.321475982666016,
      35.6688232421875,
      71.246337890625,
      89.69758605957031,
      91.32120513916016,
      130.77069091796875,
      119.21135711669922,
      196.78717041015625
    ]
  ],
  "covariance_short": [
    [
      163.84921264648438,
      123.51606750488281,
      11.217174530029297,
      11.258275985717773,
      -3.5962207317352295,
      19.337121963500977,
      2.8534040451049805,
      19.601415634155273,
      7.680576801300049,
      15.333050727844238,
      14.546730041503906,
      31.759538650512695,
      42.95535659790039,
      58.27447509765625,
      53.56713104248047,
      79.34685516357422,
      75.48650360107422,
      101.28873443603516
    ],
    [
      123.51606750488281,
      110.39723205566406,
      12.322769165039062,
      14.281295776367188,
      0.7190939784049988,
      21.89144515991211,
      5.554000377655029,
      22.93282127380371,
      10.17484188079834,
      20.461912155151367,
      15.818719863891602,
      33.715736389160156,
      37.97008514404297,
      53.00230407714844,
      44.07198715209961,
      62.18356704711914,
      61.0042839050293,
      74.74224090576172
    ],
    [
      11.217174530029297,
      12.322769165039062,
      19.604337692260742,
      8.94719409942627,
      7.735584259033203,
      5.5049943923950195,
      7.5034284591674805,
      5.060834884643555,
      9.156201362609863,
      8.024532318115234,
      8.90188217163086,
      9.157234191894531,
      6.581365585327148,
      7.260190010070801,
      6.874556064605713,
      6.4207329750061035,
      7.046339988708496,
      4.874864101409912
    ],
    [
      11.258275985717773,
      14.281295776367188,
      8.94719409942627,
      51.446685791015625,
      19.690074920654297,
      35.028228759765625,
      23.573137283325195,
      36.57493591308594,
      26.043333053588867,
      39.14604568481445,
      17.762880325317383,
      36.53667068481445,
      9.78972053527832,
      28.850048065185547,
      9.480907440185547,
      24.800695419311523,
      2.8742117881774902,
      14.716087341308594
    ],
    [
      -3.5962207317352295,
      0.7190939784049988,
      7.735584259033203,
      19.690074920654297,
      25.443702697753906,
      15.566466331481934,
      18.550010681152344,
      15.868484497070312,
      17.92422866821289,
      21.014652252197266,
      13.513590812683105,
      19.512468338012695,
      2.20395565032959,
      13.477307319641113,
      -0.615399956703186,
      5.765366077423096,
      -7.171047210693359,
      -0.14397960901260376
    ],
    [
      19.337121963500977,
      21.89144515991211,
      5.5049943923950195,
      35.028228759765625,
      15.566466331481934,
      52.68899917602539,
      20.00248146057129,
      43.83070755004883,
      21.955570220947266,
      39.817657470703125,
      15.38498306274414,
      35.55139923095703,
      10.885130882263184,
      30.53238296508789,
      10.409832954406738,
      25.925434112548828,
      5.095109462738037,
      19.179367065429688
    ],
    [
      2.8534040451049805,
      5.554000377655029,
      7.5034284591674805,
      23.573137283325195,
      18.550010681152344,
      20.00248146057129,
      33.13822937011719,
      19.839834213256836,
      23.749128341674805,
      25.74298095703125,
      18.500734329223633,
      26.511199951171875,
      4.434016227722168,
      17.836153030395508,
      0.7439486384391785,
      9.673514366149902,
      -7.516724586486816,
      2.889070510864258
    ],
    [
      19.601415634155273,
      22.93282127380371,
      5.060834884643555,
      36.57493591308594,
      15.868484497070312,
      43.83070755004883,
      19.839834213256836,
      57.94276428222656,
      22.65630340576172,
      43.40509033203125,
      15.795434951782227,
      35.69792938232422,
      10.981704711914062,
      29.607694625854492,
      11.38782024383545,
      25.10502815246582,
      5.713531494140625,
      18.070329666137695
    ],
    [
      7.680576801300049,
      10.17484188079834,
      9.156201362609863,
      26.043333053588867,
      17.92422866821289,
      21.955570220947266,
      23.749128341674805,
      22.65630340576172,
      34.724449157714844,
      28.423236846923828,
      23.218948364257812,
      28.669694900512695,
      10.43934440612793,
      22.56110954284668,
      7.811803817749023,
      14.574459075927734,
      -2.6179463863372803,
      9.47173023223877
    ],
    [
      15.333050727844238,
      20.461912155151367,
      8.024532318115234,
      39.14604568481445,
      21.014652252197266,
      39.817657470703125,
      25.74298095703125,
      43.40509033203125,
      28.423236846923828,
      58.024757385253906,
      19.76569366455078,
      45.48682403564453,
      12.195899963378906,
      37.791847229003906,
      10.953293800354004,
      26.01898765563965,
      4.51143217086792,
      15.218795776367188
    ],
    [
      14.546730041503906,
      15.818719863891602,
      8.90188217163086,
      17.762880325317383,
      13.513590812683105,
      15.38498306274414,
      18.500734329223633,
      15.795434951782227,
      23.218948364257812,
      19.76569366455078,
      37.48128890991211,
      31.832340240478516,
      29.48003578186035,
      34.097740173339844,
      24.852630615234375,
      34.16489791870117,
      17.283077239990234,
      28.799924850463867
    ],
    [
      31.759538650512695,
      33.715736389160156,
      9.157234191894531,
      36.53667068481445,
      19.512468338012695,
      35.55139923095703,
      26.511199951171875,
      35.69792938232422,
      28.669694900512695,
      45.48682403564453,
      31.832340240478516,
      70.04141235351562,
      31.554122924804688,
      71.46269989013672,
      26.286663055419922,
      61.742095947265625,
      23.91984748840332,
      44.49135971069336
    ],
    [
      42.95535659790039,
      37.97008514404297,
      6.581365585327148,
      9.78972053527832,
      2.20395565032959,
      10.885130882263184,
      4.434016227722168,
      10.981704711914062,
      10.43934440612793,
      12.195899963378906,
      29.48003578186035,
      31.554122924804688,
      65.211181640625,
      58.793880462646484,
      56.72542190551758,
      79.41582489013672,
      62.42647933959961,
      77.17928314208984
    ],
    [
      58.27447509765625,
      53.00230407714844,
      7.260190010070801,
      28.850048065185547,
      13.477307319641113,
      30.53238296508789,
      17.836153030395508,
      29.607694625854492,
      22.56110954284668,
      37.791847229003906,
      34.097740173339844,
      71.46269989013672,
      58.793880462646484,
      117.38158416748047,
      53.50626754760742,
      113.33882141113281,
      63.54639434814453,
      102.4079360961914
    ],
    [
      53.56713104248047,
      44.07198715209961,
      6.874556064605713,
      9.480907440185547,
      -0.615399956703186,
      10.409832954406738,
      0.7439486384391785,
      11.38782024383545,
      7.811803817749023,
      10.953293800354004,
      24.852630615234375,
      26.286663055419922,
      56.72542190551758,
      53.50626754760742,
      77.81623077392578,
      79.21204376220703,
      79.24383544921875,
      88.30773162841797
    ],
    [
      79.34685516357422,
      62.18356704711914,
      6.4207329750061035,
      24.800695419311523,
      5.765366077423096,
      25.925434112548828,
      9.673514366149902,
      25.10502815246582,
      14.574459075927734,
      26.01898765563965,
      34.16489791870117,
      61.742095947265625,
      79.41582489013672,
      113.33882141113281,
      79.21204376220703,
      163.7962188720703,
      102.14576721191406,
      152.5769805908203
    ],
    [
      75.48650360107422,
      61.0042839050293,
      7.046339988708496,
      2.8742117881774902,
      -7.171047210693359,
      5.095109462738037,
      -7.516724586486816,
      5.713531494140625,
      -2.6179463863372803,
      4.51143217086792,
      17.283077239990234,
      23.91984748840332,
      62.42647933959961,
      63.54639434814453,
      79.24383544921875,
      102.14576721191406,
      132.07815551757812,
      128.73936462402344
    ],
    [
      101.28873443603516,
      74.74224090576172,
      4.874864101409912,
      14.716087341308594,
      -0.14397960901260376,
      19.179367065429688,
      2.889070510864258,
      18.070329666137695,
      9.47173023223877,
      15.218795776367188,
      28.799924850463867,
      44.49135971069336,
      77.17928314208984,
      102.4079360961914,
      88.30773162841797,
      152.5769805908203,
      128.73936462402344,
      194.0808868408203
    ]
  ],
  "damage": -8.562210083007812,
  "diff_bandwidth": 536.436767578125,
  "dissonance": 9.201091226267646,
  "drr": 11.395186424255371,
  "dynamics": 2.909832000732422,
  "format": 1245190,
  "frames": 10947520,
  "loudness": -12.049535751342773,
  "loudness_range": 5.3326005935668945,
  "loudness_range_short": 11.283061981201172,
  "lowpass_true_peak_15khz": -0.22449329495429993,
  "mastering3_acoustic_entropies": [
    {
      "acoustic_entropy": 6.55172061920166,
      "acoustic_entropy_mono": 6.075496196746826,
      "band_eliminated_acoustic_entropies": [
        {
          "acoustic_entropy": 6.263592720031738,
          "acoustic_entropy_side": 6.551749229431152,
          "hz": 129.47220167065723
        },
        {
          "acoustic_entropy": 6.1203789710998535,
          "acoustic_entropy_side": 6.55200719833374,
          "hz": 202.92927478742237
        },
        {
          "acoustic_entropy": 6.8816423416137695,
          "acoustic_entropy_side": 6.5506768226623535,
          "hz": 282.89161906338205
        },
        {
          "acoustic_entropy": 6.641366481781006,
          "acoustic_entropy_side": 6.542497158050537,
          "hz": 369.9353335868758
        },
        {
          "acoustic_entropy": 6.495112895965576,
          "acoustic_entropy_side": 6.505948066711426,
          "hz": 464.6875360973435
        },
        {
          "acoustic_entropy": 6.390433311462402,
          "acoustic_entropy_side": 6.532543182373047,
          "hz": 567.8308811364784
        },
        {
          "acoustic_entropy": 6.496576309204102,
          "acoustic_entropy_side": 6.488494396209717,
          "hz": 680.1084783214808
        },
        {
          "acoustic_entropy": 6.495357036590576,
          "acoustic_entropy_side": 6.528993129730225,
          "hz": 802.3292461747484
        },
        {
          "acoustic_entropy": 6.655364513397217,
          "acoustic_entropy_side": 6.514530181884766,
          "hz": 935.3737400823702
        },
        {
          "acoustic_entropy": 6.455716133117676,
          "acoustic_entropy_side": 6.480131149291992,
          "hz": 1080.2004963696966
        },
        {
          "acoustic_entropy": 6.460308074951172,
          "acoustic_entropy_side": 6.468351364135742,
          "hz": 1237.8529382007157
        },
        {
          "acoustic_entropy": 6.74823522567749,
          "acoustic_entropy_side": 6.534565448760986,
          "hz": 1409.4668930556702
        },
        {
          "acoustic_entropy": 6.5809221267700195,
          "acoustic_entropy_side": 6.53862190246582,
          "hz": 1596.2787759475705
        },
        {
          "acoustic_entropy": 6.313288688659668,
          "acoustic_entropy_side": 6.524472236633301,
          "hz": 1799.6344973346393
        },
        {
          "acoustic_entropy": 6.539755344390869,
          "acoustic_entropy_side": 6.5393147468566895,
          "hz": 2020.9991599069049
        },
        {
          "acoustic_entropy": 6.615819454193115,
          "acoustic_entropy_side": 6.52198600769043,
          "hz": 2261.9676141086993
        },
        {
          "acoustic_entropy": 6.672587871551514,
          "acoustic_entropy_side": 6.5373454093933105,
          "hz": 2524.2759484456974
        },
        {
          "acoustic_entropy": 6.607829570770264,
          "acoustic_entropy_side": 6.531732082366943,
          "hz": 2809.813997359896
        },
        {
          "acoustic_entropy": 6.775229454040527,
          "acoustic_entropy_side": 6.593609809875488,
          "hz": 3120.6389567871424
        },
        {
          "acoustic_entropy": 6.759518146514893,
          "acoustic_entropy_side": 6.6780476570129395,
          "hz": 3458.990205492291
        },
        {
          "acoustic_entropy": 6.556875705718994,
          "acoustic_entropy_side": 6.754793167114258,
          "hz": 3827.305438964164
        },
        {
          "acoustic_entropy": 6.635511875152588,
          "acoustic_entropy_side": 6.749173164367676,
          "hz": 4228.238232109126
        },
        {
          "acoustic_entropy": 6.7333574295043945,
          "acoustic_entropy_side": 6.730340003967285,
          "hz": 4664.6771572759235
        },
        {
          "acoustic_entropy": 6.815603256225586,
          "acoustic_entropy_side": 6.795605182647705,
          "hz": 5139.766595350093
        },
        {
          "acoustic_entropy": 6.768169403076172,
          "acoustic_entropy_side": 6.75960111618042,
          "hz": 5656.929389854203
        },
        {
          "acoustic_entropy": 6.741115093231201,
          "acoustic_entropy_side": 6.716963768005371,
          "hz": 6219.891507268283
        },
        {
          "acoustic_entropy": 6.669368267059326,
          "acoustic_entropy_side": 6.650984287261963,
          "hz": 6832.70888123896
        },
        {
          "acoustic_entropy": 6.57125997543335,
          "acoustic_entropy_side": 6.566171646118164,
          "hz": 7499.796634079867
        },
        {
          "acoustic_entropy": 6.580813407897949,
          "acoustic_entropy_side": 6.548287868499756,
          "hz": 8225.96088609342
        },
        {
          "acoustic_entropy": 6.564951419830322,
          "acoustic_entropy_side": 6.5383405685424805,
          "hz": 9016.43338188839
        },
        {
          "acoustic_entropy": 6.5357537269592285,
          "acoustic_entropy_side": 6.545742511749268,
          "hz": 9876.909183162974
        },
        {
          "acoustic_entropy": 6.537955284118652,
          "acoustic_entropy_side": 6.547132968902588,
          "hz": 10813.587699516042
        },
        {
          "acoustic_entropy": 6.578184127807617,
          "acoustic_entropy_side": 6.5510053634643555,
          "hz": 11833.21735289826
        },
        {
          "acoustic_entropy": 6.560189247131348,
          "acoustic_entropy_side": 6.5535969734191895,
          "hz": 12943.144197493959
        },
        {
          "acoustic_entropy": 6.5562744140625,
          "acoustic_entropy_side": 6.547971248626709,
          "hz": 14151.364845322005
        },
        {
          "acoustic_entropy": 6.5042219161987305,
          "acoustic_entropy_side": 6.545949459075928,
          "hz": 15466.58407886509
        },
        {
          "acoustic_entropy": 6.5280046463012695,
          "acoustic_entropy_side": 6.547873497009277,
          "hz": 16898.27756580493
        },
        {
          "acoustic_entropy": 6.533154487609863,
          "acoustic_entropy_side": 6.540667533874512,
          "hz": 18456.760127700032
        },
        {
          "acoustic_entropy": 6.558356285095215,
          "acoustic_entropy_side": 6.556014537811279,
          "hz": 20153.260054456492
        },
        {
          "acoustic_entropy": 6.551735877990723,
          "acoustic_entropy_side": 6.5517354011535645,
          "hz": 22000.00000000001
        }
      ],
      "diff_acoustic_entropy": 5.97169828414917,
      "sn": 6
    },
    {
      "acoustic_entropy": 10.876317024230957,
      "acoustic_entropy_mono": 8.879542350769043,
      "band_eliminated_acoustic_entropies": [
        {
          "acoustic_entropy": 10.650762557983398,
          "acoustic_entropy_side": 10.876317024230957,
          "hz": 129.47220167065723
        },
        {
          "acoustic_entropy": 10.432080268859863,
          "acoustic_entropy_side": 10.876137733459473,
          "hz": 202.92927478742237
        },
        {
          "acoustic_entropy": 11.177095413208008,
          "acoustic_entropy_side": 10.853853225708008,
          "hz": 282.89161906338205
        },
        {
          "acoustic_entropy": 11.339035987854004,
          "acoustic_entropy_side": 10.888079643249512,
          "hz": 369.9353335868758
        },
        {
          "acoustic_entropy": 11.026224136352539,
          "acoustic_entropy_side": 10.80263900756836,
          "hz": 464.6875360973435
        },
        {
          "acoustic_entropy": 10.856505393981934,
          "acoustic_entropy_side": 10.86369800567627,
          "hz": 567.8308811364784
        },
        {
          "acoustic_entropy": 11.177950859069824,
          "acoustic_entropy_side": 10.79504108428955,
          "hz": 680.1084783214808
        },
        {
          "acoustic_entropy": 11.175198554992676,
          "acoustic_entropy_side": 10.803750991821289,
          "hz": 802.3292461747484
        },
        {
          "acoustic_entropy": 10.911795616149902,
          "acoustic_entropy_side": 10.79271411895752,
          "hz": 935.3737400823702
        },
        {
          "acoustic_entropy": 10.804563522338867,
          "acoustic_entropy_side": 10.60618782043457,
          "hz": 1080.2004963696966
        },
        {
          "acoustic_entropy": 10.716497421264648,
          "acoustic_entropy_side": 10.724360466003418,
          "hz": 1237.8529382007157
        },
        {
          "acoustic_entropy": 10.74545955657959,
          "acoustic_entropy_side": 10.850317001342773,
          "hz": 1409.4668930556702
        },
        {
          "acoustic_entropy": 10.926108360290527,
          "acoustic_entropy_side": 10.847009658813477,
          "hz": 1596.2787759475705
        },
        {
          "acoustic_entropy": 10.765496253967285,
          "acoustic_entropy_side": 10.922891616821289,
          "hz": 1799.6344973346393
        },
        {
          "acoustic_entropy": 10.893804550170898,
          "acoustic_entropy_side": 10.696252822875977,
          "hz": 2020.9991599069049
        },
        {
          "acoustic_entropy": 11.056849479675293,
          "acoustic_entropy_side": 10.922564506530762,
          "hz": 2261.9676141086993
        },
        {
          "acoustic_entropy": 11.026900291442871,
          "acoustic_entropy_side": 10.911385536193848,
          "hz": 2524.2759484456974
        },
        {
          "acoustic_entropy": 10.782702445983887,
          "acoustic_entropy_side": 10.919342041015625,
          "hz": 2809.813997359896
        },
        {
          "acoustic_entropy": 10.840328216552734,
          "acoustic_entropy_side": 10.844167709350586,
          "hz": 3120.6389567871424
        },
        {
          "acoustic_entropy": 11.278578758239746,
          "acoustic_entropy_side": 10.885997772216797,
          "hz": 3458.990205492291
        },
        {
          "acoustic_entropy": 10.956330299377441,
          "acoustic_entropy_side": 10.883537292480469,
          "hz": 3827.305438964164
        },
        {
          "acoustic_entropy": 10.932242393493652,
          "acoustic_entropy_side": 10.864570617675781,
          "hz": 4228.238232109126
        },
        {
          "acoustic_entropy": 11.013450622558594,
          "acoustic_entropy_side": 10.802716255187988,
          "hz": 4664.6771572759235
        },
        {
          "acoustic_entropy": 10.860054016113281,
          "acoustic_entropy_side": 10.806950569152832,
          "hz": 5139.766595350093
        },
        {
          "acoustic_entropy": 10.863289833068848,
          "acoustic_entropy_side": 10.85135269165039,
          "hz": 5656.929389854203
        },
        {
          "acoustic_entropy": 10.8756103515625,
          "acoustic_entropy_side": 10.840800285339355,
          "hz": 6219.891507268283
        },
        {
          "acoustic_entropy": 10.865533828735352,
          "acoustic_entropy_side": 10.85712718963623,
          "hz": 6832.70888123896
        },
        {
          "acoustic_entropy": 10.868846893310547,
          "acoustic_entropy_side": 10.909887313842773,
          "hz": 7499.796634079867
        },
        {
          "acoustic_entropy": 10.936914443969727,
          "acoustic_entropy_side": 10.90116024017334,
          "hz": 8225.96088609342
        },
        {
          "acoustic_entropy": 10.966973304748535,
          "acoustic_entropy_side": 10.916481018066406,
          "hz": 9016.43338188839
        },
        {
          "acoustic_entropy": 10.945905685424805,
          "acoustic_entropy_side": 10.938872337341309,
          "hz": 9876.909183162974
        },
        {
          "acoustic_entropy": 10.86826229095459,
          "acoustic_entropy_side": 10.929941177368164,
          "hz": 10813.587699516042
        },
        {
          "acoustic_entropy": 10.90248966217041,
          "acoustic_entropy_side": 10.91476058959961,
          "hz": 11833.21735289826
        },
        {
          "acoustic_entropy": 10.885645866394043,
          "acoustic_entropy_side": 10.908482551574707,
          "hz": 12943.144197493959
        },
        {
          "acoustic_entropy": 10.831355094909668,
          "acoustic_entropy_side": 10.906020164489746,
          "hz": 14151.364845322005
        },
        {
          "acoustic_entropy": 11.03976821899414,
          "acoustic_entropy_side": 10.985125541687012,
          "hz": 15466.58407886509
        },
        {
          "acoustic_entropy": 11.210418701171875,
          "acoustic_entropy_side": 11.083420753479004,
          "hz": 16898.27756580493
        },
        {
          "acoustic_entropy": 11.045939445495605,
          "acoustic_entropy_side": 10.96331787109375,
          "hz": 18456.760127700032
        },
        {
          "acoustic_entropy": 10.911408424377441,
          "acoustic_entropy_side": 10.89677619934082,
          "hz": 20153.260054456492
        },
        {
          "acoustic_entropy": 10.876363754272461,
          "acoustic_entropy_side": 10.876328468322754,
          "hz": 22000.00000000001
        }
      ],
      "diff_acoustic_entropy": 9.032609939575195,
      "sn": 12
    },
    {
      "acoustic_entropy": 16.567026138305664,
      "acoustic_entropy_mono": 13.212068557739258,
      "band_eliminated_acoustic_entropies": [
        {
          "acoustic_entropy": 16.060598373413086,
          "acoustic_entropy_side": 16.577146530151367,
          "hz": 129.47220167065723
        },
        {
          "acoustic_entropy": 16.920055389404297,
          "acoustic_entropy_side": 16.618616104125977,
          "hz": 202.92927478742237
        },
        {
          "acoustic_entropy": 16.148347854614258,
          "acoustic_entropy_side": 16.26823616027832,
          "hz": 282.89161906338205
        },
        {
          "acoustic_entropy": 15.982275009155273,
          "acoustic_entropy_side": 16.86845588684082,
          "hz": 369.9353335868758
        },
        {
          "acoustic_entropy": 16.19893455505371,
          "acoustic_entropy_side": 16.00440788269043,
          "hz": 464.6875360973435
        },
        {
          "acoustic_entropy": 16.6502742767334,
          "acoustic_entropy_side": 16.8171329498291,
          "hz": 567.8308811364784
        },
        {
          "acoustic_entropy": 17.0125732421875,
          "acoustic_entropy_side": 16.703800201416016,
          "hz": 680.1084783214808
        },
        {
          "acoustic_entropy": 16.992673873901367,
          "acoustic_entropy_side": 16.667505264282227,
          "hz": 802.3292461747484
        },
        {
          "acoustic_entropy": 16.579715728759766,
          "acoustic_entropy_side": 16.633193969726562,
          "hz": 935.3737400823702
        },
        {
          "acoustic_entropy": 16.584056854248047,
          "acoustic_entropy_side": 16.481081008911133,
          "hz": 1080.2004963696966
        },
        {
          "acoustic_entropy": 16.457321166992188,
          "acoustic_entropy_side": 16.273330688476562,
          "hz": 1237.8529382007157
        },
        {
          "acoustic_entropy": 16.434770584106445,
          "acoustic_entropy_side": 16.626968383789062,
          "hz": 1409.4668930556702
        },
        {
          "acoustic_entropy": 16.367395401000977,
          "acoustic_entropy_side": 16.351131439208984,
          "hz": 1596.2787759475705
        },
        {
          "acoustic_entropy": 16.37313461303711,
          "acoustic_entropy_side": 16.6487979888916,
          "hz": 1799.6344973346393
        },
        {
          "acoustic_entropy": 16.54883575439453,
          "acoustic_entropy_side": 16.19278335571289,
          "hz": 2020.9991599069049
        },
        {
          "acoustic_entropy": 16.592039108276367,
          "acoustic_entropy_side": 16.82402992248535,
          "hz": 2261.9676141086993
        },
        {
          "acoustic_entropy": 16.496776580810547,
          "acoustic_entropy_side": 16.531774520874023,
          "hz": 2524.2759484456974
        },
        {
          "acoustic_entropy": 16.5577449798584,
          "acoustic_entropy_side": 16.68637466430664,
          "hz": 2809.813997359896
        },
        {
          "acoustic_entropy": 16.648744583129883,
