{
  "acoustic_entropy": 66.7219009399414,
  "bands": [
    {
      "high_freq": 148.1999969482422,
      "loudness": -43.37008285522461,
      "loudness_range": 9.864681243896484,
      "mid_mean": -41.617698669433594,
      "mid_to_side_loudness": -5.784305095672607,
      "mid_to_side_loudness_range": 10.562984466552734,
      "side_mean": -47.91035079956055
    },
    {
      "high_freq": 392.3793640136719,
      "loudness": -35.92555618286133,
      "loudness_range": 14.247980117797852,
      "low_freq": 148.1999969482422,
      "mid_mean": -34.13096618652344,
      "mid_to_side_loudness": -4.274885654449463,
      "mid_to_side_loudness_range": 7.154355049133301,
      "side_mean": -38.6733512878418
    },
    {
      "high_freq": 794.6976318359375,
      "loudness": -49.86668395996094,
      "loudness_range": 18.08450698852539,
      "low_freq": 392.3793640136719,
      "mid_mean": -52.60090637207031,
      "mid_to_side_loudness": -0.6781347990036011,
      "mid_to_side_loudness_range": 6.6764373779296875,
      "side_mean": -53.396766662597656
    },
    {
      "high_freq": 1457.5709228515625,
      "loudness": -59.69556427001953,
      "loudness_range": 21.220565795898438,
      "low_freq": 794.6976318359375,
      "mid_mean": -60.35890197753906,
      "mid_to_side_loudness": -0.5267415642738342,
      "mid_to_side_loudness_range": 2.778810977935791,
      "side_mean": -60.74740219116211
    },
    {
      "high_freq": 2549.74365234375,
      "loudness": -59.558414459228516,
      "loudness_range": 20.314544677734375,
      "low_freq": 1457.5709228515625,
      "mid_mean": -60.3057861328125,
      "mid_to_side_loudness": -0.43028444051742554,
      "mid_to_side_loudness_range": 2.678105354309082,
      "side_mean": -60.523677825927734
    },
    {
      "high_freq": 4349.24462890625,
      "loudness": -60.67265319824219,
      "loudness_range": 20.970653533935547,
      "low_freq": 2549.74365234375,
      "mid_mean": -61.042118072509766,
      "mid_to_side_loudness": -0.6831703186035156,
      "mid_to_side_loudness_range": 1.7917475700378418,
      "side_mean": -61.46424102783203
    },
    {
      "high_freq": 7314.1640625,
      "loudness": -68.20952606201172,
      "loudness_range": 20.973445892333984,
      "low_freq": 4349.24462890625,
      "mid_mean": -65.51510620117188,
      "mid_to_side_loudness": -0.2744673788547516,
      "mid_to_side_loudness_range": 1.365997076034546,
      "side_mean": -65.60099792480469
    },
    {
      "high_freq": 12199.2666015625,
      "loudness": -76.69305419921875,
      "loudness_range": 16.38445281982422,
      "low_freq": 7314.1640625,
      "mid_mean": -68.65902709960938,
      "mid_to_side_loudness": -0.7776333093643188,
      "mid_to_side_loudness_range": 1.3127495050430298,
      "side_mean": -68.80440521240234
    },
    {
      "loudness": 0,
      "loudness_range": 0,
      "low_freq": 12199.2666015625,
      "mid_mean": -69.24043273925781,
      "mid_to_side_loudness": -2.740541458129883,
      "mid_to_side_loudness_range": 3.952850580215454,
      "side_mean": -69.59799194335938
    }
  ],
  "bands_short": [
    {
      "high_freq": 148.1999969482422,
      "loudness": -45.4481201171875,
      "loudness_range": 8.585891723632812,
      "mid_mean": -43.9924430847168,
      "mid_to_side_loudness": -5.925600528717041,
      "mid_to_side_loudness_range": 17.224254608154297,
      "side_mean": -51.72639846801758
    },
    {
      "high_freq": 392.3793640136719,
      "loudness": -36.050743103027344,
      "loudness_range": 12.46255874633789,
      "low_freq": 148.1999969482422,
      "mid_mean": -34.26418685913086,
      "mid_to_side_loudness": -4.724156856536865,
      "mid_to_side_loudness_range": 8.676957130432129,
      "side_mean": -39.243125915527344
    },
    {
      "high_freq": 794.6976318359375,
      "loudness": -46.95209884643555,
      "loudness_range": 24.656465530395508,
      "low_freq": 392.3793640136719,
      "mid_mean": -50.20458221435547,
      "mid_to_side_loudness": -1.5433095693588257,
      "mid_to_side_loudness_range": 10.615631103515625,
      "side_mean": -51.628536224365234
    },
    {
      "high_freq": 1457.5709228515625,
      "loudness": -59.17222213745117,
      "loudness_range": 23.58395767211914,
      "low_freq": 794.6976318359375,
      "mid_mean": -60.06692123413086,
      "mid_to_side_loudness": -0.6231191158294678,
      "mid_to_side_loudness_range": 6.1789140701293945,
      "side_mean": -60.402774810791016
    },
    {
      "high_freq": 2549.74365234375,
      "loudness": -59.709503173828125,
      "loudness_range": 20.738391876220703,
      "low_freq": 1457.5709228515625,
      "mid_mean": -60.44152069091797,
      "mid_to_side_loudness": -0.49521297216415405,
      "mid_to_side_loudness_range": 5.120345115661621,
      "side_mean": -60.68049240112305
    },
    {
      "high_freq": 4349.24462890625,
      "loudness": -60.808349609375,
      "loudness_range": 21.442440032958984,
      "low_freq": 2549.74365234375,
      "mid_mean": -61.14493942260742,
      "mid_to_side_loudness": -0.6150422692298889,
      "mid_to_side_loudness_range": 4.118131160736084,
      "side_mean": -61.523719787597656
    },
    {
      "high_freq": 7314.1640625,
      "loudness": -67.83311462402344,
      "loudness_range": 21.34386444091797,
      "low_freq": 4349.24462890625,
      "mid_mean": -65.2461929321289,
      "mid_to_side_loudness": 0.03661906719207764,
      "mid_to_side_loudness_range": 3.2119815349578857,
      "side_mean": -65.42111206054688
    },
    {
      "high_freq": 12199.2666015625,
      "loudness": -76.63226318359375,
      "loudness_range": 16.141700744628906,
      "low_freq": 7314.1640625,
      "mid_mean": -68.64030456542969,
      "mid_to_side_loudness": -0.7545923590660095,
      "mid_to_side_loudness_range": 2.195484161376953,
      "side_mean": -68.77942657470703
    },
    {
      "loudness": 0,
      "loudness_range": 0,
      "low_freq": 12199.2666015625,
      "mid_mean": -69.23684692382812,
      "mid_to_side_loudness": -2.7420713901519775,
      "mid_to_side_loudness_range": 4.258815288543701,
      "side_mean": -69.5950927734375
    }
  ],
  "bandwidth": 320.7455139160156,
  "channels": 2,
  "covariance": [
    [
      38.62854766845703,
      30.408447265625,
      27.843303680419922,
      30.190994262695312,
      37.552093505859375,
      37.33403396606445,
      26.100961685180664,
      25.343677520751953,
      26.04435920715332,
      25.584300994873047,
      24.635658264160156,
      23.9282283782959,
      12.859485626220703,
      12.719365119934082,
      3.4691734313964844,
      3.1111443042755127,
      1.099147081375122,
      0.5772886872291565
    ],
    [
      30.408447265625,
      49.20192337036133,
      27.590341567993164,
      30.412521362304688,
      48.56963348388672,
      46.75392532348633,
      30.667757034301758,
      30.114988327026367,
      30.819042205810547,
      30.489913940429688,
      29.236190795898438,
      28.274503707885742,
      15.460262298583984,
      15.329438209533691,
      4.833347320556641,
      4.386066436767578,
      1.5597425699234009,
      0.8334852457046509
    ],
    [
      27.843303680419922,
      27.590341567993164,
      43.804588317871094,
      46.51904296875,
      46.19862747192383,
      46.78024673461914,
      39.173240661621094,
      39.73134231567383,
      36.77385711669922,
      37.396671295166016,
      37.76945495605469,
      37.46598815917969,
      23.1656436920166,
      23.099348068237305,
      7.899454116821289,
      7.423175811767578,
      1.4421577453613281,
      0.9952057003974915
    ],
    [
      30.190994262695312,
      30.412521362304688,
      46.51904296875,
      52.25896453857422,
      52.140010833740234,
      53.66181182861328,
      45.00335693359375,
      45.73566818237305,
      42.79254913330078,
      43.629371643066406,
      43.15879821777344,
      42.9690055847168,
      26.909465789794922,
      26.920673370361328,
      9.267322540283203,
      8.70678997039795,
      1.6628228425979614,
      1.1578147411346436
    ],
    [
      37.552093505859375,
      48.56963348388672,
      46.19862747192383,
      52.140010833740234,
      96.65619659423828,
      96.44635772705078,
      69.00044250488281,
      68.51310729980469,
      67.64542388916016,
      67.48126220703125,
      65.28424835205078,
      63.701717376708984,
      37.70737075805664,
      37.46311950683594,
      12.320343017578125,
      11.39149284362793,
      3.403740882873535,
      1.9956799745559692
    ],
    [
      37.33403396606445,
      46.75392532348633,
      46.78024673461914,
      53.66181182861328,
      96.44635772705078,
      99.17092895507812,
      72.01779174804688,
      71.59464263916016,
      70.56941986083984,
      70.51864624023438,
      68.1100082397461,
      66.58145904541016,
      39.747764587402344,
      39.58031463623047,
      12.91019058227539,
      11.920731544494629,
      3.38796329498291,
      2.0033648014068604
    ],
    [
      26.100961685180664,
      30.667757034301758,
      39.173240661621094,
      45.00335693359375,
      69.00044250488281,
      72.01779174804688,
      57.63242721557617,
      57.82131576538086,
      55.11712646484375,
      55.54890823364258,
      54.45760726928711,
      53.83019256591797,
      33.322654724121094,
      33.305240631103516,
      11.108166694641113,
      10.32736873626709,
      2.3875958919525146,
      1.5325247049331665
    ],
    [
      25.343677520751953,
      30.114988327026367,
      39.73134231567383,
      45.73566818237305,
      68.51310729980469,
      71.59464263916016,
      57.82131576538086,
      58.65349578857422,
      55.41769027709961,
      55.88652420043945,
      55.100643157958984,
      54.528011322021484,
      34.08296585083008,
      34.06629180908203,
      11.523006439208984,
      10.733697891235352,
      2.390456199645996,
      1.5696163177490234
    ],
    [
      26.04435920715332,
      30.819042205810547,
      36.77385711669922,
      42.79254913330078,
      67.64542388916016,
      70.56941986083984,
      55.11712646484375,
      55.41769027709961,
      53.866947174072266,
      53.96778106689453,
      52.65817642211914,
      51.85932540893555,
      31.9913272857666,
      31.951339721679688,
      10.667832374572754,
      9.914159774780273,
      2.362234115600586,
      1.4980626106262207
    ],
    [
      25.584300994873047,
      30.489913940429688,
      37.396671295166016,
      43.629371643066406,
      67.48126220703125,
      70.51864624023438,
      55.54890823364258,
      55.88652420043945,
      53.96778106689453,
      54.58198547363281,
      53.029300689697266,
      52.37132263183594,
      32.359344482421875,
      32.34597396850586,
      10.842190742492676,
      10.102354049682617,
      2.3585634231567383,
      1.5131312608718872
    ],
    [
      24.635658264160156,
      29.236190795898438,
      37.76945495605469,
      43.15879821777344,
      65.28424835205078,
      68.1100082397461,
      54.45760726928711,
      55.100643157958984,
      52.65817642211914,
      53.029300689697266,
      52.78361511230469,
      52.07017135620117,
      32.30839538574219,
      32.25180435180664,
      10.847357749938965,
      10.11266803741455,
      2.276167631149292,
      1.4897338151931763
    ],
    [
      23.9282283782959,
      28.274503707885742,
      37.46598815917969,
      42.9690055847168,
      63.701717376708984,
      66.58145904541016,
      53.83019256591797,
      54.528011322021484,
      51.85932540893555,
      52.37132263183594,
      52.07017135620117,
      51.62111282348633,
      32.06016159057617,
      32.057952880859375,
      10.785993576049805,
      10.06104564666748,
      2.2165451049804688,
      1.4638861417770386
    ],
    [
      12.859485626220703,
      15.460262298583984,
      23.1656436920166,
      26.909465789794922,
      37.70737075805664,
      39.747764587402344,
      33.322654724121094,
      34.08296585083008,
      31.9913272857666,
      32.359344482421875,
      32.30839538574219,
      32.06016159057617,
      20.626338958740234,
      20.62619972229004,
      7.196396350860596,
      6.7512006759643555,
      1.3433178663253784,
      0.936987578868866
    ],
    [
      12.719365119934082,
      15.329438209533691,
      23.099348068237305,
      26.920673370361328,
      37.46311950683594,
      39.58031463623047,
      33.305240631103516,
      34.06629180908203,
      31.951339721679688,
      32.34597396850586,
      32.25180435180664,
      32.057952880859375,
      20.62619972229004,
      20.6798038482666,
      7.197861194610596,
      6.7456374168396,
      1.3321551084518433,
      0.9296951293945312
    ],
    [
      3.4691734313964844,
      4.833347320556641,
      7.899454116821289,
      9.267322540283203,
      12.320343017578125,
      12.91019058227539,
      11.108166694641113,
      11.523006439208984,
      10.667832374572754,
      10.842190742492676,
      10.847357749938965,
      10.785993576049805,
      7.196396350860596,
      7.197861194610596,
      2.699470043182373,
      2.5557100772857666,
      0.46403467655181885,
      0.3465133607387543
    ],
    [
      3.1111443042755127,
      4.386066436767578,
      7.423175811767578,
      8.70678997039795,
      11.39149284362793,
      11.920731544494629,
      10.32736873626709,
      10.733697891235352,
      9.914159774780273,
      10.102354049682617,
      10.11266803741455,
      10.06104564666748,
      6.7512006759643555,
      6.7456374168396,
      2.5557100772857666,
      2.4308481216430664,
      0.43275877833366394,
      0.3278544843196869
    ],
    [
      1.099147081375122,
      1.5597425699234009,
      1.4421577453613281,
      1.6628228425979614,
      3.403740882873535,
      3.38796329498291,
      2.3875958919525146,
      2.390456199645996,
      2.362234115600586,
      2.3585634231567383,
      2.276167631149292,
      2.2165451049804688,
      1.3433178663253784,
      1.3321551084518433,
      0.46403467655181885,
      0.43275877833366394,
      0.1312718540430069,
      0.0778484046459198
    ],
    [
      0.5772886872291565,
      0.8334852457046509,
      0.9952057003974915,
      1.1578147411346436,
      1.9956799745559692,
      2.0033648014068604,
      1.5325247049331665,
      1.5696163177490234,
      1.4980626106262207,
      1.5131312608718872,
      1.4897338151931763,
      1.4638861417770386,
      0.936987578868866,
      0.9296951293945312,
      0.3465133607387543,
      0.3278544843196869,
      0.0778484046459198,
      0.05291900783777237
    ]
  ],
  "covariance_short": [
    [
      42.93888854980469,
      23.691844940185547,
      21.565237045288086,
      23.353893280029297,
      38.7026252746582,
      35.542449951171875,
      20.912551879882812,
      19.925647735595703,
      20.708784103393555,
      20.126562118530273,
      18.99895668029785,
      18.386173248291016,
      10.042710304260254,
      9.470160484313965,
      2.203138589859009,
      1.9939824342727661,
      0.9740465879440308,
      0.463291198015213
    ],
    [
      23.691844940185547,
      73.39248657226562,
      19.914485931396484,
      21.080781936645508,
      75.74988555908203,
      69.62073516845703,
      38.770538330078125,
      37.591522216796875,
      37.08062744140625,
      36.174800872802734,
      34.59556198120117,
      33.087432861328125,
      18.272212982177734,
      17.72495460510254,
      5.403818607330322,
      4.875013828277588,
      2.4549286365509033,
      1.2462217807769775
    ],
    [
      21.565237045288086,
      19.914485931396484,
      39.48243713378906,
      39.04314422607422,
      50.933868408203125,
      50.14300537109375,
      37.03936767578125,
      37.233890533447266,
      32.269989013671875,
      32.733638763427734,
      33.16645812988281,
      32.91529083251953,
      21.576152801513672,
      21.319469451904297,
      6.907646656036377,
      6.512575149536133,
      1.2783457040786743,
      0.8775745630264282
    ],
    [
      23.353893280029297,
      21.080781936645508,
      39.04314422607422,
      46.78346633911133,
      58.14632034301758,
      57.53477096557617,
      41.559818267822266,
      41.795101165771484,
      37.152854919433594,
      37.84839630126953,
      37.56778335571289,
      37.47168731689453,
      24.315420150756836,
      24.198274612426758,
      8.040922164916992,
      7.551831245422363,
      1.494668960571289,
      1.026467204093933
    ],
    [
      38.7026252746582,
      75.74988555908203,
      50.933868408203125,
      58.14632034301758,
      143.90830993652344,
      136.74679565429688,
      88.75924682617188,
      88.35749053955078,
      81.72444915771484,
      81.9791259765625,
      79.50814056396484,
      78.26651763916016,
      48.86090850830078,
      48.28404235839844,
      15.77379035949707,
      14.732962608337402,
      4.099907875061035,
      2.4487268924713135
    ],
    [
      35.542449951171875,
      69.62073516845703,
      50.14300537109375,
      57.53477096557617,
      136.74679565429688,
      139.3871612548828,
      89.47966766357422,
      89.34102630615234,
      82.2589340209961,
      82.5116958618164,
      80.14049530029297,
      78.80734252929688,
      49.87481689453125,
      49.31136703491211,
      16.044082641601562,
      15.01329231262207,
      3.97737455368042,
      2.4093823432922363
    ],
    [
      20.912551879882812,
      38.770538330078125,
      37.03936767578125,
      41.559818267822266,
      88.75924682617188,
      89.47966766357422,
      65.90908813476562,
      64.62608337402344,
      57.432193756103516,
      57.6767578125,
      57.01059341430664,
      56.37184524536133,
      37.04448699951172,
      36.717952728271484,
      12.132326126098633,
      11.39305591583252,
      2.536215305328369,
      1.655321478843689
    ],
    [
      19.925647735595703,
      37.591522216796875,
      37.233890533447266,
      41.795101165771484,
      88.35749053955078,
      89.34102630615234,
      64.62608337402344,
      66.52252197265625,
      57.41001510620117,
      57.79468536376953,
      57.29280471801758,
      56.72966003417969,
      37.468441009521484,
      37.15885543823242,
      12.443796157836914,
      11.690640449523926,
      2.5328335762023926,
      1.6859101057052612
    ],
    [
      20.708784103393555,
      37.08062744140625,
      32.269989013671875,
      37.152854919433594,
      81.72444915771484,
      82.2589340209961,
      57.432193756103516,
      57.41001510620117,
      53.611358642578125,
      52.91925048828125,
      51.71641159057617,
      50.960304260253906,
      32.95161437988281,
      32.690345764160156,
      10.771944999694824,
      10.087535858154297,
      2.3552069664001465,
      1.5007816553115845
    ],
    [
      20.126562118530273,
      36.174800872802734,
      32.733638763427734,
      37.84839630126953,
      81.9791259765625,
      82.5116958618164,
      57.6767578125,
      57.79468536376953,
      52.91925048828125,
      54.15264892578125,
      51.99501419067383,
      51.421485900878906,
      33.224735260009766,
      32.997093200683594,
      10.959936141967773,
      10.269675254821777,
      2.3502912521362305,
      1.5198216438293457
    ],
    [
      18.99895668029785,
      34.59556198120117,
      33.16645812988281,
      37.56778335571289,
      79.50814056396484,
      80.14049530029297,
      57.01059341430664,
      57.29280471801758,
      51.71641159057617,
      51.99501419067383,
      52.29353332519531,
      51.254600524902344,
      33.44002914428711,
      33.15990447998047,
      10.979790687561035,
      10.293807983398438,
      2.2796249389648438,
      1.5003061294555664
    ],
    [
      18.386173248291016,
      33.087432861328125,
      32.91529083251953,
      37.47168731689453,
      78.26651763916016,
      78.80734252929688,
      56.37184524536133,
      56.72966003417969,
      50.960304260253906,
      51.421485900878906,
      51.254600524902344,
      51.286190032958984,
      33.181148529052734,
      32.95793533325195,
      10.915748596191406,
      10.24337100982666,
      2.2242703437805176,
      1.4762377738952637
    ],
    [
      10.042710304260254,
      18.272212982177734,
      21.576152801513672,
      24.315420150756836,
      48.86090850830078,
      49.87481689453125,
      37.04448699951172,
      37.468441009521484,
      32.95161437988281,
      33.224735260009766,
      33.44002914428711,
      33.181148529052734,
      22.702293395996094,
      22.32131576538086,
      7.551259994506836,
      7.115932941436768,
      1.4202677011489868,
      0.9853931069374084
    ],
    [
      9.470160484313965,
      17.72495460510254,
      21.319469451904297,
      24.198274612426758,
      48.28404235839844,
      49.31136703491211,
      36.717952728271484,
      37.15885543823242,
      32.690345764160156,
      32.997093200683594,
      33.15990447998047,
      32.95793533325195,
      22.32131576538086,
      22.41465950012207,
      7.535250663757324,
      7.097000598907471,
      1.3925306797027588,
      0.9719355702400208
    ],
    [
      2.203138589859009,
      5.403818607330322,
      6.907646656036377,
      8.040922164916992,
      15.77379035949707,
      16.044082641601562,
      12.132326126098633,
      12.443796157836914,
      10.771944999694824,
      10.959936141967773,
      10.979790687561035,
      10.915748596191406,
      7.551259994506836,
      7.535250663757324,
      2.8851656913757324,
      2.7088513374328613,
      0.4860917925834656,
      0.3653413951396942
    ],
    [
      1.9939824342727661,
      4.875013828277588,
      6.512575149536133,
      7.551831245422363,
      14.732962608337402,
      15.01329231262207,
      11.39305591583252,
      11.690640449523926,
      10.087535858154297,
      10.269675254821777,
      10.293807983398438,
      10.24337100982666,
      7.115932941436768,
      7.097000598907471,
      2.7088513374328613,
      2.610626697540283,
      0.4549396336078644,
      0.34611719846725464
    ],
    [
      0.9740465879440308,
      2.4549286365509033,
      1.2783457040786743,
      1.494668960571289,
      4.099907875061035,
      3.97737455368042,
      2.536215305328369,
      2.5328335762023926,
      2.3552069664001465,
      2.3502912521362305,
      2.2796249389648438,
      2.2242703437805176,
      1.4202677011489868,
      1.3925306797027588,
      0.4860917925834656,
      0.4549396336078644,
      0.13839273154735565,
      0.0816558301448822
    ],
    [
      0.463291198015213,
      1.2462217807769775,
      0.8775745630264282,
      1.026467204093933,
      2.4487268924713135,
      2.4093823432922363,
      1.655321478843689,
      1.6859101057052612,
      1.5007816553115845,
      1.5198216438293457,
      1.5003061294555664,
      1.4762377738952637,
      0.9853931069374084,
      0.9719355702400208,
      0.3653413951396942,
      0.34611719846725464,
      0.0816558301448822,
      0.058035049587488174
    ]
  ],
  "damage": -21.583023071289062,
  "diff_bandwidth": 336.7173156738281,
  "dissonance": 5.743319930522346,
  "drr": 0.4340859055519104,
  "dynamics": 4.321755409240723,
  "format": 1245190,
  "frames": 1114048,
  "loudness": -30.945873260498047,
  "loudness_range": 13.099462509155273,
  "loudness_range_short": 12.83407211303711,
  "lowpass_true_peak_15khz": -11.4071626663208,
  "mastering3_acoustic_entropies": [
    {
      "acoustic_entropy": 4.292910575866699,
      "acoustic_entropy_mono": 3.5732154846191406,
      "band_eliminated_acoustic_entropies": [
        {
          "acoustic_entropy": 4.299130439758301,
          "acoustic_entropy_side": 4.293094158172607,
          "hz": 129.47220167065723
        },
        {
          "acoustic_entropy": 4.184916019439697,
          "acoustic_entropy_side": 4.317359447479248,
          "hz": 202.92927478742237
        },
        {
          "acoustic_entropy": 4.131991863250732,
          "acoustic_entropy_side": 4.2263007164001465,
          "hz": 282.89161906338205
        },
        {
          "acoustic_entropy": 4.679506778717041,
          "acoustic_entropy_side": 4.420742034912109,
          "hz": 369.9353335868758
        },
        {
          "acoustic_entropy": 3.2569406032562256,
          "acoustic_entropy_side": 4.2540388107299805,
          "hz": 464.6875360973435
        },
        {
          "acoustic_entropy": 4.212892055511475,
          "acoustic_entropy_side": 4.241639614105225,
          "hz": 567.8308811364784
        },
        {
          "acoustic_entropy": 4.292200088500977,
          "acoustic_entropy_side": 4.290558815002441,
          "hz": 680.1084783214808
        },
        {
          "acoustic_entropy": 4.225236892700195,
          "acoustic_entropy_side": 4.252127170562744,
          "hz": 802.3292461747484
        },
        {
          "acoustic_entropy": 4.192148208618164,
          "acoustic_entropy_side": 4.249781131744385,
          "hz": 935.3737400823702
        },
        {
          "acoustic_entropy": 4.277273654937744,
          "acoustic_entropy_side": 4.2849273681640625,
          "hz": 1080.2004963696966
        },
        {
          "acoustic_entropy": 4.282717704772949,
          "acoustic_entropy_side": 4.290581703186035,
          "hz": 1237.8529382007157
        },
        {
          "acoustic_entropy": 4.286323070526123,
          "acoustic_entropy_side": 4.291372776031494,
          "hz": 1409.4668930556702
        },
        {
          "acoustic_entropy": 4.285363674163818,
          "acoustic_entropy_side": 4.289162635803223,
          "hz": 1596.2787759475705
        },
        {
          "acoustic_entropy": 4.283305644989014,
          "acoustic_entropy_side": 4.287609100341797,
          "hz": 1799.6344973346393
        },
        {
          "acoustic_entropy": 4.2887091636657715,
          "acoustic_entropy_side": 4.2909836769104,
          "hz": 2020.9991599069049
        },
        {
          "acoustic_entropy": 4.283510208129883,
          "acoustic_entropy_side": 4.288957118988037,
          "hz": 2261.9676141086993
        },
        {
          "acoustic_entropy": 4.279735088348389,
          "acoustic_entropy_side": 4.287327289581299,
          "hz": 2524.2759484456974
        },
        {
          "acoustic_entropy": 4.2777838706970215,
          "acoustic_entropy_side": 4.286031246185303,
          "hz": 2809.813997359896
        },
        {
          "acoustic_entropy": 4.278043746948242,
          "acoustic_entropy_side": 4.287056922912598,
          "hz": 3120.6389567871424
        },
        {
          "acoustic_entropy": 4.281992435455322,
          "acoustic_entropy_side": 4.288853168487549,
          "hz": 3458.990205492291
        },
        {
          "acoustic_entropy": 4.286291599273682,
          "acoustic_entropy_side": 4.2902421951293945,
          "hz": 3827.305438964164
        },
        {
          "acoustic_entropy": 4.288603782653809,
          "acoustic_entropy_side": 4.290635585784912,
          "hz": 4228.238232109126
        },
        {
          "acoustic_entropy": 4.2920050621032715,
          "acoustic_entropy_side": 4.293042182922363,
          "hz": 4664.6771572759235
        },
        {
          "acoustic_entropy": 4.2909088134765625,
          "acoustic_entropy_side": 4.291872978210449,
          "hz": 5139.766595350093
        },
        {
          "acoustic_entropy": 4.292131423950195,
          "acoustic_entropy_side": 4.2925591468811035,
          "hz": 5656.929389854203
        },
        {
          "acoustic_entropy": 4.29240083694458,
          "acoustic_entropy_side": 4.292696475982666,
          "hz": 6219.891507268283
        },
        {
          "acoustic_entropy": 4.292699813842773,
          "acoustic_entropy_side": 4.292825698852539,
          "hz": 6832.70888123896
        },
        {
          "acoustic_entropy": 4.292807102203369,
          "acoustic_entropy_side": 4.292862892150879,
          "hz": 7499.796634079867
        },
        {
          "acoustic_entropy": 4.292832851409912,
          "acoustic_entropy_side": 4.292873859405518,
          "hz": 8225.96088609342
        },
        {
          "acoustic_entropy": 4.292901515960693,
          "acoustic_entropy_side": 4.292905807495117,
          "hz": 9016.43338188839
        },
        {
          "acoustic_entropy": 4.292906284332275,
          "acoustic_entropy_side": 4.292908668518066,
          "hz": 9876.909183162974
        },
        {
          "acoustic_entropy": 4.29290771484375,
          "acoustic_entropy_side": 4.292909145355225,
          "hz": 10813.587699516042
        },
        {
          "acoustic_entropy": 4.292908668518066,
          "acoustic_entropy_side": 4.292909145355225,
          "hz": 11833.21735289826
        },
        {
          "acoustic_entropy": 4.292909145355225,
          "acoustic_entropy_side": 4.292909622192383,
          "hz": 12943.144197493959
        },
        {
          "acoustic_entropy": 4.292909622192383,
          "acoustic_entropy_side": 4.292910575866699,
          "hz": 14151.364845322005
        },
        {
          "acoustic_entropy": 4.292910099029541,
          "acoustic_entropy_side": 4.292910575866699,
          "hz": 15466.58407886509
        },
        {
          "acoustic_entropy": 4.292910575866699,
          "acoustic_entropy_side": 4.292910575866699,
          "hz": 16898.27756580493
        },
        {
          "acoustic_entropy": 4.292910575866699,
          "acoustic_entropy_side": 4.292910575866699,
          "hz": 18456.760127700032
        },
        {
          "acoustic_entropy": 4.292910575866699,
          "acoustic_entropy_side": 4.292910575866699,
          "hz": 20153.260054456492
        },
        {
          "acoustic_entropy": 4.292910575866699,
          "acoustic_entropy_side": 4.292910575866699,
          "hz": 22000.00000000001
        }
      ],
      "diff_acoustic_entropy": 0.5728691220283508,
      "sn": 6
    },
    {
      "acoustic_entropy": 5.710972785949707,
      "acoustic_entropy_mono": 5.689126014709473,
      "band_eliminated_acoustic_entropies": [
        {
          "acoustic_entropy": 5.535373687744141,
          "acoustic_entropy_side": 5.656867027282715,
          "hz": 129.47220167065723
        },
        {
          "acoustic_entropy": 5.603481769561768,
          "acoustic_entropy_side": 5.728516578674316,
          "hz": 202.92927478742237
        },
        {
          "acoustic_entropy": 5.707109451293945,
          "acoustic_entropy_side": 5.594905376434326,
          "hz": 282.89161906338205
        },
        {
          "acoustic_entropy": 6.250019073486328,
          "acoustic_entropy_side": 5.705690383911133,
          "hz": 369.9353335868758
        },
        {
          "acoustic_entropy": 5.124365329742432,
          "acoustic_entropy_side": 5.808623313903809,
          "hz": 464.6875360973435
        },
        {
          "acoustic_entropy": 5.71935510635376,
          "acoustic_entropy_side": 5.746826171875,
          "hz": 567.8308811364784
        },
        {
          "acoustic_entropy": 5.663797378540039,
          "acoustic_entropy_side": 5.6299214363098145,
          "hz": 680.1084783214808
        },
        {
          "acoustic_entropy": 5.5992937088012695,
          "acoustic_entropy_side": 5.637039661407471,
          "hz": 802.3292461747484
        },
        {
          "acoustic_entropy": 5.572487831115723,
          "acoustic_entropy_side": 5.673442840576172,
          "hz": 935.3737400823702
        },
        {
          "acoustic_entropy": 5.779116153717041,
          "acoustic_entropy_side": 5.755675315856934,
          "hz": 1080.2004963696966
        },
        {
          "acoustic_entropy": 5.656562328338623,
          "acoustic_entropy_side": 5.670111656188965,
          "hz": 1237.8529382007157
        },
        {
          "acoustic_entropy": 5.694174766540527,
          "acoustic_entropy_side": 5.721725940704346,
          "hz": 1409.4668930556702
        },
        {
          "acoustic_entropy": 5.70172643661499,
          "acoustic_entropy_side": 5.689843654632568,
          "hz": 1596.2787759475705
        },
        {
          "acoustic_entropy": 5.698343753814697,
          "acoustic_entropy_side": 5.699005126953125,
          "hz": 1799.6344973346393
        },
        {
          "acoustic_entropy": 5.694408893585205,
          "acoustic_entropy_side": 5.701830863952637,
          "hz": 2020.9991599069049
        },
        {
          "acoustic_entropy": 5.682858467102051,
          "acoustic_entropy_side": 5.691256999969482,
          "hz": 2261.9676141086993
        },
        {
          "acoustic_entropy": 5.93474817276001,
          "acoustic_entropy_side": 5.831963062286377,
          "hz": 2524.2759484456974
        },
        {
          "acoustic_entropy": 5.668666839599609,
          "acoustic_entropy_side": 5.682758331298828,
          "hz": 2809.813997359896
        },
        {
          "acoustic_entropy": 5.690797805786133,
          "acoustic_entropy_side": 5.703339099884033,
          "hz": 3120.6389567871424
        },
        {
          "acoustic_entropy": 5.707698822021484,
          "acoustic_entropy_side": 5.7074294090271,
          "hz": 3458.990205492291
        },
        {
          "acoustic_entropy": 5.70505952835083,
          "acoustic_entropy_side": 5.711599826812744,
          "hz": 3827.305438964164
        },
        {
          "acoustic_entropy": 5.688446998596191,
          "acoustic_entropy_side": 5.698150157928467,
          "hz": 4228.238232109126
        },
        {
          "acoustic_entropy": 5.7138566970825195,
          "acoustic_entropy_side": 5.7111287117004395,
          "hz": 4664.6771572759235
        },
        {
          "acoustic_entropy": 5.70512580871582,
          "acoustic_entropy_side": 5.708711624145508,
          "hz": 5139.766595350093
        },
        {
          "acoustic_entropy": 5.710320472717285,
          "acoustic_entropy_side": 5.710669040679932,
          "hz": 5656.929389854203
        },
        {
          "acoustic_entropy": 5.709164619445801,
          "acoustic_entropy_side": 5.7105607986450195,
          "hz": 6219.891507268283
        },
        {
          "acoustic_entropy": 5.709925651550293,
          "acoustic_entropy_side": 5.7108683586120605,
          "hz": 6832.70888123896
        },
        {
          "acoustic_entropy": 5.710885524749756,
          "acoustic_entropy_side": 5.71097469329834,
          "hz": 7499.796634079867
        },
        {
          "acoustic_entropy": 5.711176872253418,
          "acoustic_entropy_side": 5.711070537567139,
          "hz": 8225.96088609342
        },
        {
          "acoustic_entropy": 5.711004734039307,
          "acoustic_entropy_side": 5.710977554321289,
          "hz": 9016.43338188839
        },
        {
          "acoustic_entropy": 5.710961818695068,
          "acoustic_entropy_side": 5.71096658706665,
          "hz": 9876.909183162974
        },
        {
          "acoustic_entropy": 5.710962772369385,
          "acoustic_entropy_side": 5.710967540740967,
          "hz": 10813.587699516042
        },
        {
          "acoustic_entropy": 5.710975170135498,
          "acoustic_entropy_side": 5.710974216461182,
          "hz": 11833.21735289826
        },
        {
          "acoustic_entropy": 5.710975170135498,
          "acoustic_entropy_side": 5.710973739624023,
          "hz": 12943.144197493959
        },
        {
          "acoustic_entropy": 5.710974216461182,
          "acoustic_entropy_side": 5.710971832275391,
          "hz": 14151.364845322005
        },
        {
          "acoustic_entropy": 5.710973739624023,
          "acoustic_entropy_side": 5.710973262786865,
          "hz": 15466.58407886509
        },
        {
          "acoustic_entropy": 5.710976600646973,
          "acoustic_entropy_side": 5.710972785949707,
          "hz": 16898.27756580493
        },
        {
          "acoustic_entropy": 5.710978984832764,
          "acoustic_entropy_side": 5.710973262786865,
          "hz": 18456.760127700032
        },
        {
          "acoustic_entropy": 5.710972785949707,
          "acoustic_entropy_side": 5.710972785949707,
          "hz": 20153.260054456492
        },
        {
          "acoustic_entropy": 5.710972785949707,
          "acoustic_entropy_side": 5.710972785949707,
          "hz": 22000.00000000001
        }
      ],
      "diff_acoustic_entropy": 1.1628893613815308,
      "sn": 12
    },
    {
      "acoustic_entropy": 8.40549087524414,
      "acoustic_entropy_mono": 7.945807933807373,
      "band_eliminated_acoustic_entropies": [
        {
          "acoustic_entropy": 7.479032516479492,
          "acoustic_entropy_side": 8.19865894317627,
          "hz": 129.47220167065723
        },
        {
          "acoustic_entropy": 9.052095413208008,
          "acoustic_entropy_side": 8.691469192504883,
          "hz": 202.92927478742237
        },
        {
          "acoustic_entropy": 7.995856285095215,
          "acoustic_entropy_side": 8.579649925231934,
          "hz": 282.89161906338205
        },
        {
          "acoustic_entropy": 8.564258575439453,
          "acoustic_entropy_side": 8.313592910766602,
          "hz": 369.9353335868758
        },
        {
          "acoustic_entropy": 8.029829025268555,
          "acoustic_entropy_side": 8.00469970703125,
          "hz": 464.6875360973435
        },
        {
          "acoustic_entropy": 8.353899002075195,
          "acoustic_entropy_side": 8.19870376586914,
          "hz": 567.8308811364784
        },
        {
          "acoustic_entropy": 8.448076248168945,
          "acoustic_entropy_side": 8.322250366210938,
          "hz": 680.1084783214808
        },
        {
          "acoustic_entropy": 7.9016642570495605,
          "acoustic_entropy_side": 8.055763244628906,
          "hz": 802.3292461747484
        },
        {
          "acoustic_entropy": 8.369307518005371,
          "acoustic_entropy_side": 8.306114196777344,
          "hz": 935.3737400823702
        },
        {
          "acoustic_entropy": 8.784222602844238,
          "acoustic_entropy_side": 8.590394020080566,
          "hz": 1080.2004963696966
        },
        {
          "acoustic_entropy": 8.453455924987793,
          "acoustic_entropy_side": 8.42854118347168,
          "hz": 1237.8529382007157
        },
        {
          "acoustic_entropy": 8.17834186553955,
          "acoustic_entropy_side": 8.145378112792969,
          "hz": 1409.4668930556702
        },
        {
          "acoustic_entropy": 8.483261108398438,
          "acoustic_entropy_side": 8.47617244720459,
          "hz": 1596.2787759475705
        },
        {
          "acoustic_entropy": 8.403936386108398,
          "acoustic_entropy_side": 8.412885665893555,
          "hz": 1799.6344973346393
        },
        {
          "acoustic_entropy": 8.224747657775879,
          "acoustic_entropy_side": 8.293268203735352,
          "hz": 2020.9991599069049
        },
        {
          "acoustic_entropy": 8.03046989440918,
          "acoustic_entropy_side": 8.119817733764648,
          "hz": 2261.9676141086993
        },
        {
          "acoustic_entropy": 8.571044921875,
          "acoustic_entropy_side": 8.198395729064941,
          "hz": 2524.2759484456974
        },
        {
          "acoustic_entropy": 8.426007270812988,
          "acoustic_entropy_side": 8.427345275878906,
          "hz": 2809.813997359896
        },
        {
          "acoustic_entropy": 8.33105182647705,
          "acoustic_entropy_side": 8.359930038452148,
          "hz": 3120.6389567871424
        },
        {
          "acoustic_entropy": 8.358102798461914,
          "acoustic_entropy_side": 8.369136810302734,
