{
  "acoustic_entropy": 223.82376098632812,
  "bands": [
    {
      "high_freq": 148.1999969482422,
      "loudness": -45.38718795776367,
      "loudness_range": 32.32532501220703,
      "mid_mean": -45.10211181640625,
      "mid_to_side_loudness": -0.4601045846939087,
      "mid_to_side_loudness_range": 9.939362525939941,
      "side_mean": -44.45240020751953
    },
    {
      "high_freq": 392.3793640136719,
      "loudness": -33.60739517211914,
      "loudness_range": 15.633991241455078,
      "low_freq": 148.1999969482422,
      "mid_mean": -33.535282135009766,
      "mid_to_side_loudness": 0.7959077954292297,
      "mid_to_side_loudness_range": 7.1451849937438965,
      "side_mean": -32.701637268066406
    },
    {
      "high_freq": 794.6976318359375,
      "loudness": -33.868228912353516,
      "loudness_range": 16.68413543701172,
      "low_freq": 392.3793640136719,
      "mid_mean": -33.49300003051758,
      "mid_to_side_loudness": 0.4065569043159485,
      "mid_to_side_loudness_range": 5.627541542053223,
      "side_mean": -33.09385299682617
    },
    {
      "high_freq": 1457.5709228515625,
      "loudness": -37.152278900146484,
      "loudness_range": 17.14901351928711,
      "low_freq": 794.6976318359375,
      "mid_mean": -36.357295989990234,
      "mid_to_side_loudness": -0.45567357540130615,
      "mid_to_side_loudness_range": 6.439453601837158,
      "side_mean": -36.84648513793945
    },
    {
      "high_freq": 2549.74365234375,
      "loudness": -35.702640533447266,
      "loudness_range": 17.865224838256836,
      "low_freq": 1457.5709228515625,
      "mid_mean": -34.82851791381836,
      "mid_to_side_loudness": -0.4740184247493744,
      "mid_to_side_loudness_range": 4.040127754211426,
      "side_mean": -35.321006774902344
    },
    {
      "high_freq": 4349.24462890625,
      "loudness": -41.798458099365234,
      "loudness_range": 22.39150619506836,
      "low_freq": 2549.74365234375,
      "mid_mean": -41.23728942871094,
      "mid_to_side_loudness": 0.11032915115356445,
      "mid_to_side_loudness_range": 4.136190891265869,
      "side_mean": -41.11545181274414
    },
    {
      "high_freq": 7314.1640625,
      "loudness": -55.180259704589844,
      "loudness_range": 26.112545013427734,
      "low_freq": 4349.24462890625,
      "mid_mean": -54.45603942871094,
      "mid_to_side_loudness": -0.010771569795906544,
      "mid_to_side_loudness_range": 3.150947332382202,
      "side_mean": -54.45165252685547
    },
    {
      "high_freq": 12199.2666015625,
      "loudness": -63.18501281738281,
      "loudness_range": 27.221843719482422,
      "low_freq": 7314.1640625,
      "mid_mean": -61.13512420654297,
      "mid_to_side_loudness": -0.018068792298436165,
      "mid_to_side_loudness_range": 1.5763682126998901,
      "side_mean": -61.15216827392578
    },
    {
      "loudness": -67.81703186035156,
      "loudness_range": 25.297496795654297,
      "low_freq": 12199.2666015625,
      "mid_mean": -64.76228332519531,
      "mid_to_side_loudness": 0.03053947165608406,
      "mid_to_side_loudness_range": 1.0217711925506592,
      "side_mean": -64.7475357055664
    }
  ],
  "bands_short": [
    {
      "high_freq": 148.1999969482422,
      "loudness": -50.313385009765625,
      "loudness_range": 33.186058044433594,
      "mid_mean": -49.242950439453125,
      "mid_to_side_loudness": -1.5671290159225464,
      "mid_to_side_loudness_range": 12.871821403503418,
      "side_mean": -50.528076171875
    },
    {
      "high_freq": 392.3793640136719,
      "loudness": -34.24714279174805,
      "loudness_range": 17.263057708740234,
      "low_freq": 148.1999969482422,
      "mid_mean": -34.420780181884766,
      "mid_to_side_loudness": 1.0060807466506958,
      "mid_to_side_loudness_range": 9.850698471069336,
      "side_mean": -33.36075210571289
    },
    {
      "high_freq": 794.6976318359375,
      "loudness": -34.1762809753418,
      "loudness_range": 18.13041114807129,
      "low_freq": 392.3793640136719,
      "mid_mean": -33.84511947631836,
      "mid_to_side_loudness": 0.13702607154846191,
      "mid_to_side_loudness_range": 9.38862419128418,
      "side_mean": -33.7140998840332
    },
    {
      "high_freq": 1457.5709228515625,
      "loudness": -37.73118591308594,
      "loudness_range": 18.503259658813477,
      "low_freq": 794.6976318359375,
      "mid_mean": -37.11621856689453,
      "mid_to_side_loudness": -0.3598136603832245,
      "mid_to_side_loudness_range": 9.087377548217773,
      "side_mean": -37.499874114990234
    },
    {
      "high_freq": 2549.74365234375,
      "loudness": -36.777000427246094,
      "loudness_range": 19.721044540405273,
      "low_freq": 1457.5709228515625,
      "mid_mean": -36.030399322509766,
      "mid_to_side_loudness": -0.38614609837532043,
      "mid_to_side_loudness_range": 6.203927993774414,
      "side_mean": -36.439964294433594
    },
    {
      "high_freq": 4349.24462890625,
      "loudness": -42.475284576416016,
      "loudness_range": 24.2548885345459,
      "low_freq": 2549.74365234375,
      "mid_mean": -41.977352142333984,
      "mid_to_side_loudness": 0.05873663350939751,
      "mid_to_side_loudness_range": 5.954641819000244,
      "side_mean": -41.9158935546875
    },
    {
      "high_freq": 7314.1640625,
      "loudness": -56.073089599609375,
      "loudness_range": 27.351913452148438,
      "low_freq": 4349.24462890625,
      "mid_mean": -55.483680725097656,
      "mid_to_side_loudness": -0.027487928047776222,
      "mid_to_side_loudness_range": 4.749809265136719,
      "side_mean": -55.49738693237305
    },
    {
      "high_freq": 12199.2666015625,
      "loudness": -64.17693328857422,
      "loudness_range": 28.258636474609375,
      "low_freq": 7314.1640625,
      "mid_mean": -62.085411071777344,
      "mid_to_side_loudness": -0.00846510287374258,
      "mid_to_side_loudness_range": 2.9836878776550293,
      "side_mean": -62.09467697143555
    },
    {
      "loudness": -68.58727264404297,
      "loudness_range": 26.533344268798828,
      "low_freq": 12199.2666015625,
      "mid_mean": -65.49626159667969,
      "mid_to_side_loudness": 0.042407456785440445,
      "mid_to_side_loudness_range": 2.1567282676696777,
      "side_mean": -65.48484802246094
    }
  ],
  "bandwidth": 689.64990234375,
  "channels": 2,
  "covariance": [
    [
      113.87147521972656,
      108.83067321777344,
      20.561128616333008,
      20.407093048095703,
      11.198494911193848,
      12.289129257202148,
      8.179461479187012,
      6.249574184417725,
      6.5130391120910645,
      6.270386695861816,
      3.2191901206970215,
      2.886406421661377,
      7.186671733856201,
      7.368406295776367,
      4.075020790100098,
      4.1906914710998535,
      4.3003668785095215,
      4.415866851806641
    ],
    [
      108.83067321777344,
      122.55409240722656,
      17.55118179321289,
      17.77212142944336,
      7.811312675476074,
      8.904035568237305,
      4.777945518493652,
      2.432623863220215,
      3.2187955379486084,
      3.0960490703582764,
      -0.1696445196866989,
      -0.5830792188644409,
      2.9018259048461914,
      2.8888585567474365,
      0.5811680555343628,
      0.6085599064826965,
      2.0374820232391357,
      2.1156718730926514
    ],
    [
      20.561128616333008,
      17.55118179321289,
      34.65324401855469,
      29.70777702331543,
      23.497879028320312,
      23.333213806152344,
      21.53621482849121,
      21.49721336364746,
      20.743427276611328,
      20.408597946166992,
      22.53779411315918,
      22.942459106445312,
      25.05453109741211,
      25.445531845092773,
      21.0712890625,
      21.114797592163086,
      15.837420463562012,
      15.874115943908691
    ],
    [
      20.407093048095703,
      17.77212142944336,
      29.70777702331543,
      32.16960906982422,
      23.180082321166992,
      22.989444732666016,
      20.95956802368164,
      20.990421295166016,
      20.006967544555664,
      19.647247314453125,
      22.117216110229492,
      22.4343318939209,
      24.471942901611328,
      24.777490615844727,
      19.93454933166504,
      20.037111282348633,
      15.02531623840332,
      15.048983573913574
    ],
    [
      11.198494911193848,
      7.811312675476074,
      23.497879028320312,
      23.180082321166992,
      35.90440368652344,
      33.142578125,
      26.421674728393555,
      26.198766708374023,
      26.519725799560547,
      26.47956085205078,
      29.401100158691406,
      29.59663963317871,
      30.878177642822266,
      31.39546012878418,
      25.77880096435547,
      25.80911636352539,
      18.6601619720459,
      18.665990829467773
    ],
    [
      12.289129257202148,
      8.904035568237305,
      23.333213806152344,
      22.989444732666016,
      33.142578125,
      34.557159423828125,
      25.4541015625,
      25.053743362426758,
      26.826745986938477,
      26.8297119140625,
      29.486286163330078,
      29.741716384887695,
      31.354835510253906,
      31.892412185668945,
      26.345584869384766,
      26.360748291015625,
      19.144731521606445,
      19.1710205078125
    ],
    [
      8.179461479187012,
      4.777945518493652,
      21.53621482849121,
      20.95956802368164,
      26.421674728393555,
      25.4541015625,
      36.24034881591797,
      33.6481819152832,
      31.499378204345703,
      31.552242279052734,
      37.37208557128906,
      37.10715103149414,
      39.62860107421875,
      40.04578399658203,
      34.172481536865234,
      34.263877868652344,
      25.882526397705078,
      25.898174285888672
    ],
    [
      6.249574184417725,
      2.432623863220215,
      21.49721336364746,
      20.990421295166016,
      26.198766708374023,
      25.053743362426758,
      33.6481819152832,
      36.803924560546875,
      31.24831771850586,
      31.074745178222656,
      37.338741302490234,
      37.28742218017578,
      40.19269943237305,
      40.535335540771484,
      34.269107818603516,
      34.343326568603516,
      25.825286865234375,
      25.84563446044922
    ],
    [
      6.5130391120910645,
      3.2187955379486084,
      20.743427276611328,
      20.006967544555664,
      26.519725799560547,
      26.826745986938477,
      31.499378204345703,
      31.24831771850586,
      38.77720260620117,
      37.50102233886719,
      42.6480827331543,
      42.3769645690918,
      45.008216857910156,
      45.481689453125,
      38.05991744995117,
      38.116336822509766,
      28.177173614501953,
      28.228185653686523
    ],
    [
      6.270386695861816,
      3.0960490703582764,
      20.408597946166992,
      19.647247314453125,
      26.47956085205078,
      26.8297119140625,
      31.552242279052734,
      31.074745178222656,
      37.50102233886719,
      38.36406707763672,
      42.204856872558594,
      41.843780517578125,
      44.5443000793457,
      44.98073959350586,
      37.65245056152344,
      37.7021369934082,
      27.870983123779297,
      27.92453956604004
    ],
    [
      3.2191901206970215,
      -0.1696445196866989,
      22.53779411315918,
      22.117216110229492,
      29.401100158691406,
      29.486286163330078,
      37.37208557128906,
      37.338741302490234,
      42.6480827331543,
      42.204856872558594,
      58.58538055419922,
      56.94695281982422,
      59.449039459228516,
      59.966270446777344,
      51.48396682739258,
      51.51319885253906,
      38.79383850097656,
      38.829097747802734
    ],
    [
      2.886406421661377,
      -0.5830792188644409,
      22.942459106445312,
      22.4343318939209,
      29.59663963317871,
      29.741716384887695,
      37.10715103149414,
      37.28742218017578,
      42.3769645690918,
      41.843780517578125,
      56.94695281982422,
      57.73928451538086,
      59.06642150878906,
      59.571083068847656,
      51.29253387451172,
      51.28866958618164,
      38.658077239990234,
      38.70866775512695
    ],
    [
      7.186671733856201,
      2.9018259048461914,
      25.05453109741211,
      24.471942901611328,
      30.878177642822266,
      31.354835510253906,
      39.62860107421875,
      40.19269943237305,
      45.008216857910156,
      44.5443000793457,
      59.449039459228516,
      59.06642150878906,
      70.12144470214844,
      70.25205993652344,
      58.82537841796875,
      58.81102752685547,
      44.83297348022461,
      44.86566925048828
    ],
    [
      7.368406295776367,
      2.8888585567474365,
      25.445531845092773,
      24.777490615844727,
      31.39546012878418,
      31.892412185668945,
      40.04578399658203,
      40.535335540771484,
      45.481689453125,
      44.98073959350586,
      59.966270446777344,
      59.571083068847656,
      70.25205993652344,
      71.45549011230469,
      59.33052444458008,
      59.335201263427734,
      45.21370315551758,
      45.246395111083984
    ],
    [
      4.075020790100098,
      0.5811680555343628,
      21.0712890625,
      19.93454933166504,
      25.77880096435547,
      26.345584869384766,
      34.172481536865234,
      34.269107818603516,
      38.05991744995117,
      37.65245056152344,
      51.48396682739258,
      51.29253387451172,
      58.82537841796875,
      59.33052444458008,
      54.61842346191406,
      54.46709442138672,
      42.17388153076172,
      42.208194732666016
    ],
    [
      4.1906914710998535,
      0.6085599064826965,
      21.114797592163086,
      20.037111282348633,
      25.80911636352539,
      26.360748291015625,
      34.263877868652344,
      34.343326568603516,
      38.116336822509766,
      37.7021369934082,
      51.51319885253906,
      51.28866958618164,
      58.81102752685547,
      59.335201263427734,
      54.46709442138672,
      54.55693054199219,
      42.1632194519043,
      42.1961784362793
    ],
    [
      4.3003668785095215,
      2.0374820232391357,
      15.837420463562012,
      15.02531623840332,
      18.6601619720459,
      19.144731521606445,
      25.882526397705078,
      25.825286865234375,
      28.177173614501953,
      27.870983123779297,
      38.79383850097656,
      38.658077239990234,
      44.83297348022461,
      45.21370315551758,
      42.17388153076172,
      42.1632194519043,
      34.67155075073242,
      34.6652717590332
    ],
    [
      4.415866851806641,
      2.1156718730926514,
      15.874115943908691,
      15.048983573913574,
      18.665990829467773,
      19.1710205078125,
      25.898174285888672,
      25.84563446044922,
      28.228185653686523,
      27.92453956604004,
      38.829097747802734,
      38.70866775512695,
      44.86566925048828,
      45.246395111083984,
      42.208194732666016,
      42.1961784362793,
      34.6652717590332,
      34.71699523925781
    ]
  ],
  "covariance_short": [
    [
      119.365234375,
      120.379638671875,
      24.06702423095703,
      22.30454444885254,
      11.155542373657227,
      11.760099411010742,
      8.4393892288208,
      6.492586135864258,
      7.060278415679932,
      6.909327507019043,
      3.829939842224121,
      3.1503119468688965,
      6.082464694976807,
      6.265722274780273,
      3.238795042037964,
      3.433382987976074,
      3.370910406112671,
      3.4462902545928955
    ],
    [
      120.379638671875,
      138.40731811523438,
      25.622089385986328,
      25.33997344970703,
      11.134105682373047,
      11.756047248840332,
      8.38171672821045,
      5.885158538818359,
      6.574769496917725,
      6.2698235511779785,
      2.9972941875457764,
      2.377793073654175,
      6.356944561004639,
      6.553379058837891,
      3.192707061767578,
      3.4108994007110596,
      3.6074540615081787,
      3.671642541885376
    ],
    [
      24.06702423095703,
      25.622089385986328,
      40.813961029052734,
      33.6685676574707,
      26.20351219177246,
      25.378509521484375,
      22.712846755981445,
      22.282550811767578,
      21.634191513061523,
      21.07042694091797,
      22.86548614501953,
      23.294687271118164,
      24.487934112548828,
      24.847429275512695,
      19.417993545532227,
      19.482051849365234,
      14.10220718383789,
      14.116896629333496
    ],
    [
      22.30454444885254,
      25.33997344970703,
      33.6685676574707,
      40.07594680786133,
      25.79010581970215,
      25.76799774169922,
      22.64727020263672,
      22.35744857788086,
      21.76083755493164,
      21.185819625854492,
      23.076169967651367,
      23.57893943786621,
      24.843196868896484,
      25.16570281982422,
      19.190214157104492,
      19.315040588378906,
      14.040864944458008,
      14.048532485961914
    ],
    [
      11.155542373657227,
      11.134105682373047,
      26.20351219177246,
      25.79010581970215,
      42.6297607421875,
      36.19060134887695,
      29.303062438964844,
      28.242340087890625,
      29.355335235595703,
      29.2607421875,
      30.867752075195312,
      31.348751068115234,
      31.561365127563477,
      32.04313659667969,
      25.22916030883789,
      25.292219161987305,
      17.721336364746094,
      17.744625091552734
    ],
    [
      11.760099411010742,
      11.756047248840332,
      25.378509521484375,
      25.76799774169922,
      36.19060134887695,
      41.413021087646484,
      28.276643753051758,
      27.041784286499023,
      29.8575382232666,
      29.869735717773438,
      31.21611213684082,
      31.70332908630371,
      32.38927459716797,
      32.90486526489258,
      25.837182998657227,
      25.855430603027344,
      18.205411911010742,
      18.230533599853516
    ],
    [
      8.4393892288208,
      8.38171672821045,
      22.712846755981445,
      22.64727020263672,
      29.303062438964844,
      28.276643753051758,
      42.46379852294922,
      37.027381896972656,
      35.19219970703125,
      35.09409713745117,
      39.64407730102539,
      39.51238250732422,
      41.081703186035156,
      41.41044616699219,
      33.61781692504883,
      33.7081298828125,
      24.41005516052246,
      24.419191360473633
    ],
    [
      6.492586135864258,
      5.885158538818359,
      22.282550811767578,
      22.35744857788086,
      28.242340087890625,
      27.041784286499023,
      37.027381896972656,
      42.178504943847656,
      34.434173583984375,
      34.19453048706055,
      39.41032791137695,
      39.452789306640625,
      41.2281379699707,
      41.49396514892578,
      33.28313446044922,
      33.34771728515625,
      24.096546173095703,
      24.104270935058594
    ],
    [
      7.060278415679932,
      6.574769496917725,
      21.634191513061523,
      21.76083755493164,
      29.355335235595703,
      29.8575382232666,
      35.19219970703125,
      34.434173583984375,
      47.51142883300781,
      44.257057189941406,
      47.40189743041992,
      47.173954010009766,
      48.71878433227539,
      49.10040283203125,
      38.89305114746094,
      38.959877014160156,
      27.70061492919922,
      27.758163452148438
    ],
    [
      6.909327507019043,
      6.2698235511779785,
      21.07042694091797,
      21.185819625854492,
      29.2607421875,
      29.869735717773438,
      35.09409713745117,
      34.19453048706055,
      44.257057189941406,
      46.410621643066406,
      46.66004943847656,
      46.450828552246094,
      48.11307907104492,
      48.46467971801758,
      38.335262298583984,
      38.37343215942383,
      27.338911056518555,
      27.388652801513672
    ],
    [
      3.829939842224121,
      2.9972941875457764,
      22.86548614501953,
      23.076169967651367,
      30.867752075195312,
      31.21611213684082,
      39.64407730102539,
      39.41032791137695,
      47.40189743041992,
      46.66004943847656,
      66.72876739501953,
      63.558353424072266,
      63.15055465698242,
      63.624935150146484,
      52.21422576904297,
      52.24138641357422,
      37.92195510864258,
      37.95215606689453
    ],
    [
      3.1503119468688965,
      2.377793073654175,
      23.294687271118164,
      23.57893943786621,
      31.348751068115234,
      31.70332908630371,
      39.51238250732422,
      39.452789306640625,
      47.173954010009766,
      46.450828552246094,
      63.558353424072266,
      65.76570129394531,
      62.963565826416016,
      63.43922424316406,
      52.25373458862305,
      52.25725173950195,
      38.00650405883789,
      38.04905319213867
    ],
    [
      6.082464694976807,
      6.356944561004639,
      24.487934112548828,
      24.843196868896484,
      31.561365127563477,
      32.38927459716797,
      41.081703186035156,
      41.2281379699707,
      48.71878433227539,
      48.11307907104492,
      63.15055465698242,
      62.963565826416016,
      74.41487121582031,
      73.83112335205078,
      58.87098693847656,
      58.83610534667969,
      43.41255569458008,
      43.44070816040039
    ],
    [
      6.265722274780273,
      6.553379058837891,
      24.847429275512695,
      25.16570281982422,
      32.04313659667969,
      32.90486526489258,
      41.41044616699219,
      41.49396514892578,
      49.10040283203125,
      48.46467971801758,
      63.624935150146484,
      63.43922424316406,
      73.83112335205078,
      75.60932922363281,
      59.37034225463867,
      59.36824035644531,
      43.78839111328125,
      43.82123565673828
    ],
    [
      3.238795042037964,
      3.192707061767578,
      19.417993545532227,
      19.190214157104492,
      25.22916030883789,
      25.837182998657227,
      33.61781692504883,
      33.28313446044922,
      38.89305114746094,
      38.335262298583984,
      52.21422576904297,
      52.25373458862305,
      58.87098693847656,
      59.37034225463867,
      54.59775924682617,
      54.18315124511719,
      40.8128547668457,
      40.836090087890625
    ],
    [
      3.433382987976074,
      3.4108994007110596,
      19.482051849365234,
      19.315040588378906,
      25.292219161987305,
      25.855430603027344,
      33.7081298828125,
      33.34771728515625,
      38.959877014160156,
      38.37343215942383,
      52.24138641357422,
      52.25725173950195,
      58.83610534667969,
      59.36824035644531,
      54.18315124511719,
      54.52527618408203,
      40.79207229614258,
      40.81149673461914
    ],
    [
      3.370910406112671,
      3.6074540615081787,
      14.10220718383789,
      14.040864944458008,
      17.721336364746094,
      18.205411911010742,
      24.41005516052246,
      24.096546173095703,
      27.70061492919922,
      27.338911056518555,
      37.92195510864258,
      38.00650405883789,
      43.41255569458008,
      43.78839111328125,
      40.8128547668457,
      40.79207229614258,
      33.621097564697266,
      33.53850555419922
    ],
    [
      3.4462902545928955,
      3.671642541885376,
      14.116896629333496,
      14.048532485961914,
      17.744625091552734,
      18.230533599853516,
      24.419191360473633,
      24.104270935058594,
      27.758163452148438,
      27.388652801513672,
      37.95215606689453,
      38.04905319213867,
      43.44070816040039,
      43.82123565673828,
      40.836090087890625,
      40.81149673461914,
      33.53850555419922,
      33.6420783996582
    ]
  ],
  "damage": -15.883905410766602,
  "diff_bandwidth": 735.749755859375,
  "dissonance": 6.830012513883404,
  "drr": 3.364701986312866,
  "dynamics": 4.808053016662598,
  "format": 1245190,
  "frames": 32979904,
  "loudness": -23.96242904663086,
  "loudness_range": 13.866605758666992,
  "loudness_range_short": 15.75660514831543,
  "lowpass_true_peak_15khz": -0.4323253035545349,
  "mastering3_acoustic_entropies": [
    {
      "acoustic_entropy": 6.2068586349487305,
      "acoustic_entropy_mono": 5.401811122894287,
      "band_eliminated_acoustic_entropies": [
        {
          "acoustic_entropy": 6.23751163482666,
          "acoustic_entropy_side": 6.219825744628906,
          "hz": 129.47220167065723
        },
        {
          "acoustic_entropy": 6.381407260894775,
          "acoustic_entropy_side": 6.39914608001709,
          "hz": 202.92927478742237
        },
        {
          "acoustic_entropy": 6.192876815795898,
          "acoustic_entropy_side": 6.29787540435791,
          "hz": 282.89161906338205
        },
        {
          "acoustic_entropy": 6.330517768859863,
          "acoustic_entropy_side": 6.409112453460693,
          "hz": 369.9353335868758
        },
        {
          "acoustic_entropy": 5.513917922973633,
          "acoustic_entropy_side": 6.016109466552734,
          "hz": 464.6875360973435
        },
        {
          "acoustic_entropy": 6.260256767272949,
          "acoustic_entropy_side": 6.426567077636719,
          "hz": 567.8308811364784
        },
        {
          "acoustic_entropy": 5.131747245788574,
          "acoustic_entropy_side": 5.62225866317749,
          "hz": 680.1084783214808
        },
        {
          "acoustic_entropy": 6.119095325469971,
          "acoustic_entropy_side": 6.013028621673584,
          "hz": 802.3292461747484
        },
        {
          "acoustic_entropy": 5.485812664031982,
          "acoustic_entropy_side": 5.4983673095703125,
          "hz": 935.3737400823702
        },
        {
          "acoustic_entropy": 6.065890789031982,
          "acoustic_entropy_side": 5.664592742919922,
          "hz": 1080.2004963696966
        },
        {
          "acoustic_entropy": 5.708590984344482,
          "acoustic_entropy_side": 6.02263879776001,
          "hz": 1237.8529382007157
        },
        {
          "acoustic_entropy": 6.3109002113342285,
          "acoustic_entropy_side": 6.248102188110352,
          "hz": 1409.4668930556702
        },
        {
          "acoustic_entropy": 5.901735305786133,
          "acoustic_entropy_side": 5.874981880187988,
          "hz": 1596.2787759475705
        },
        {
          "acoustic_entropy": 6.0863423347473145,
          "acoustic_entropy_side": 6.059581756591797,
          "hz": 1799.6344973346393
        },
        {
          "acoustic_entropy": 5.254108428955078,
          "acoustic_entropy_side": 5.666749954223633,
          "hz": 2020.9991599069049
        },
        {
          "acoustic_entropy": 6.088757514953613,
          "acoustic_entropy_side": 6.156569480895996,
          "hz": 2261.9676141086993
        },
        {
          "acoustic_entropy": 5.887939929962158,
          "acoustic_entropy_side": 6.047683238983154,
          "hz": 2524.2759484456974
        },
        {
          "acoustic_entropy": 6.099101543426514,
          "acoustic_entropy_side": 6.19287633895874,
          "hz": 2809.813997359896
        },
        {
          "acoustic_entropy": 6.178267002105713,
          "acoustic_entropy_side": 6.203423976898193,
          "hz": 3120.6389567871424
        },
        {
          "acoustic_entropy": 6.126631736755371,
          "acoustic_entropy_side": 6.139860153198242,
          "hz": 3458.990205492291
        },
        {
          "acoustic_entropy": 6.215889930725098,
          "acoustic_entropy_side": 6.132319927215576,
          "hz": 3827.305438964164
        },
        {
          "acoustic_entropy": 6.13400411605835,
          "acoustic_entropy_side": 6.18316650390625,
          "hz": 4228.238232109126
        },
        {
          "acoustic_entropy": 5.953459739685059,
          "acoustic_entropy_side": 5.9825263023376465,
          "hz": 4664.6771572759235
        },
        {
          "acoustic_entropy": 6.180880069732666,
          "acoustic_entropy_side": 6.182274341583252,
          "hz": 5139.766595350093
        },
        {
          "acoustic_entropy": 6.077639579772949,
          "acoustic_entropy_side": 6.177162170410156,
          "hz": 5656.929389854203
        },
        {
          "acoustic_entropy": 6.163311004638672,
          "acoustic_entropy_side": 6.1868157386779785,
          "hz": 6219.891507268283
        },
        {
          "acoustic_entropy": 6.1996026039123535,
          "acoustic_entropy_side": 6.204025745391846,
          "hz": 6832.70888123896
        },
        {
          "acoustic_entropy": 6.150383472442627,
          "acoustic_entropy_side": 6.188187599182129,
          "hz": 7499.796634079867
        },
        {
          "acoustic_entropy": 6.204729080200195,
          "acoustic_entropy_side": 6.2058329582214355,
          "hz": 8225.96088609342
        },
        {
          "acoustic_entropy": 6.202380180358887,
          "acoustic_entropy_side": 6.205573558807373,
          "hz": 9016.43338188839
        },
        {
          "acoustic_entropy": 6.206214427947998,
          "acoustic_entropy_side": 6.206586837768555,
          "hz": 9876.909183162974
        },
        {
          "acoustic_entropy": 6.205560684204102,
          "acoustic_entropy_side": 6.206310272216797,
          "hz": 10813.587699516042
        },
        {
          "acoustic_entropy": 6.206300735473633,
          "acoustic_entropy_side": 6.206615924835205,
          "hz": 11833.21735289826
        },
        {
          "acoustic_entropy": 6.206061363220215,
          "acoustic_entropy_side": 6.20650577545166,
          "hz": 12943.144197493959
        },
        {
          "acoustic_entropy": 6.206156253814697,
          "acoustic_entropy_side": 6.206568241119385,
          "hz": 14151.364845322005
        },
        {
          "acoustic_entropy": 6.20648193359375,
          "acoustic_entropy_side": 6.2066731452941895,
          "hz": 15466.58407886509
        },
        {
          "acoustic_entropy": 6.206459999084473,
          "acoustic_entropy_side": 6.20665168762207,
          "hz": 16898.27756580493
        },
        {
          "acoustic_entropy": 6.206722259521484,
          "acoustic_entropy_side": 6.206793308258057,
          "hz": 18456.760127700032
        },
        {
          "acoustic_entropy": 6.206772804260254,
          "acoustic_entropy_side": 6.206818103790283,
          "hz": 20153.260054456492
        },
        {
          "acoustic_entropy": 6.2068562507629395,
          "acoustic_entropy_side": 6.2068562507629395,
          "hz": 22000.00000000001
        }
      ],
      "diff_acoustic_entropy": 3.8988590240478516,
      "sn": 6
    },
    {
      "acoustic_entropy": 9.784231185913086,
      "acoustic_entropy_mono": 10.54256534576416,
      "band_eliminated_acoustic_entropies": [
        {
          "acoustic_entropy": 9.874608993530273,
          "acoustic_entropy_side": 9.856072425842285,
          "hz": 129.47220167065723
        },
        {
          "acoustic_entropy": 10.374695777893066,
          "acoustic_entropy_side": 10.284477233886719,
          "hz": 202.92927478742237
        },
        {
          "acoustic_entropy": 10.133932113647461,
          "acoustic_entropy_side": 10.422883987426758,
          "hz": 282.89161906338205
        },
        {
          "acoustic_entropy": 9.600666046142578,
          "acoustic_entropy_side": 9.62593936920166,
          "hz": 369.9353335868758
        },
        {
          "acoustic_entropy": 9.973849296569824,
          "acoustic_entropy_side": 9.453764915466309,
          "hz": 464.6875360973435
        },
        {
          "acoustic_entropy": 10.475244522094727,
          "acoustic_entropy_side": 10.845909118652344,
          "hz": 567.8308811364784
        },
        {
          "acoustic_entropy": 8.68024730682373,
          "acoustic_entropy_side": 9.537893295288086,
          "hz": 680.1084783214808
        },
        {
          "acoustic_entropy": 10.707586288452148,
          "acoustic_entropy_side": 10.429947853088379,
          "hz": 802.3292461747484
        },
        {
          "acoustic_entropy": 9.625482559204102,
          "acoustic_entropy_side": 9.344233512878418,
          "hz": 935.3737400823702
        },
        {
          "acoustic_entropy": 9.569993019104004,
          "acoustic_entropy_side": 9.583738327026367,
          "hz": 1080.2004963696966
        },
        {
          "acoustic_entropy": 9.460847854614258,
          "acoustic_entropy_side": 9.971867561340332,
          "hz": 1237.8529382007157
        },
        {
          "acoustic_entropy": 9.623453140258789,
          "acoustic_entropy_side": 9.579768180847168,
          "hz": 1409.4668930556702
        },
        {
          "acoustic_entropy": 8.760285377502441,
          "acoustic_entropy_side": 9.333911895751953,
          "hz": 1596.2787759475705
        },
        {
          "acoustic_entropy": 10.562650680541992,
          "acoustic_entropy_side": 10.123023986816406,
          "hz": 1799.6344973346393
        },
        {
          "acoustic_entropy": 9.808206558227539,
          "acoustic_entropy_side": 9.647505760192871,
          "hz": 2020.9991599069049
        },
        {
          "acoustic_entropy": 9.911911964416504,
          "acoustic_entropy_side": 9.823954582214355,
          "hz": 2261.9676141086993
        },
        {
          "acoustic_entropy": 10.125958442687988,
          "acoustic_entropy_side": 9.660771369934082,
          "hz": 2524.2759484456974
        },
        {
          "acoustic_entropy": 10.33520793914795,
          "acoustic_entropy_side": 10.634519577026367,
          "hz": 2809.813997359896
        },
        {
          "acoustic_entropy": 10.042318344116211,
          "acoustic_entropy_side": 9.890806198120117,
          "hz": 3120.6389567871424
        },
        {
          "acoustic_entropy": 9.91634464263916,
          "acoustic_entropy_side": 9.927029609680176,
          "hz": 3458.990205492291
        },
        {
          "acoustic_entropy": 9.822234153747559,
          "acoustic_entropy_side": 10.008078575134277,
          "hz": 3827.305438964164
        },
        {
          "acoustic_entropy": 9.761932373046875,
          "acoustic_entropy_side": 9.790492057800293,
          "hz": 4228.238232109126
        },
        {
          "acoustic_entropy": 9.886383056640625,
          "acoustic_entropy_side": 9.852704048156738,
          "hz": 4664.6771572759235
        },
        {
          "acoustic_entropy": 9.791927337646484,
          "acoustic_entropy_side": 9.804245948791504,
          "hz": 5139.766595350093
        },
        {
          "acoustic_entropy": 9.785232543945312,
          "acoustic_entropy_side": 9.784262657165527,
          "hz": 5656.929389854203
        },
        {
          "acoustic_entropy": 9.888712882995605,
          "acoustic_entropy_side": 9.840044021606445,
          "hz": 6219.891507268283
        },
        {
          "acoustic_entropy": 9.75786304473877,
          "acoustic_entropy_side": 9.779343605041504,
          "hz": 6832.70888123896
        },
        {
          "acoustic_entropy": 9.84027099609375,
          "acoustic_entropy_side": 9.817888259887695,
          "hz": 7499.796634079867
        },
        {
          "acoustic_entropy": 9.793882369995117,
          "acoustic_entropy_side": 9.787620544433594,
          "hz": 8225.96088609342
        },
        {
          "acoustic_entropy": 9.788077354431152,
          "acoustic_entropy_side": 9.783056259155273,
          "hz": 9016.43338188839
        },
        {
          "acoustic_entropy": 9.785613059997559,
          "acoustic_entropy_side": 9.778985977172852,
          "hz": 9876.909183162974
        },
        {
          "acoustic_entropy": 9.79432201385498,
          "acoustic_entropy_side": 9.782496452331543,
          "hz": 10813.587699516042
        },
        {
          "acoustic_entropy": 9.788433074951172,
          "acoustic_entropy_side": 9.78093433380127,
          "hz": 11833.21735289826
        },
        {
          "acoustic_entropy": 9.788019180297852,
          "acoustic_entropy_side": 9.781835556030273,
          "hz": 12943.144197493959
        },
        {
          "acoustic_entropy": 9.784435272216797,
          "acoustic_entropy_side": 9.78434944152832,
          "hz": 14151.364845322005
        },
        {
          "acoustic_entropy": 9.784314155578613,
          "acoustic_entropy_side": 9.784696578979492,
          "hz": 15466.58407886509
        },
        {
          "acoustic_entropy": 9.78169059753418,
          "acoustic_entropy_side": 9.783099174499512,
          "hz": 16898.27756580493
        },
        {
          "acoustic_entropy": 9.781981468200684,
          "acoustic_entropy_side": 9.783157348632812,
          "hz": 18456.760127700032
        },
        {
          "acoustic_entropy": 9.783226013183594,
          "acoustic_entropy_side": 9.783777236938477,
          "hz": 20153.260054456492
        },
        {
          "acoustic_entropy": 9.784212112426758,
          "acoustic_entropy_side": 9.784220695495605,
          "hz": 22000.00000000001
        }
      ],
      "diff_acoustic_entropy": 7.2313361167907715,
      "sn": 12
    },
    {
      "acoustic_entropy": 16.9136962890625,
      "acoustic_entropy_mono": 16.819101333618164,
      "band_eliminated_acoustic_entropies": [
        {
          "acoustic_entropy": 16.39558982849121,
          "acoustic_entropy_side": 17.104846954345703,
          "hz": 129.47220167065723
        },
        {
          "acoustic_entropy": 15.67449951171875,
          "acoustic_entropy_side": 17.026477813720703,
          "hz": 202.92927478742237
        },
        {
          "acoustic_entropy": 16.83344078063965,
          "acoustic_entropy_side": 16.810508728027344,
          "hz": 282.89161906338205
        },
        {
          "acoustic_entropy": 17.464502334594727,
          "acoustic_entropy_side": 16.867765426635742,
          "hz": 369.9353335868758
        },
        {
          "acoustic_entropy": 17.325820922851562,
          "acoustic_entropy_side": 17.527267456054688,
          "hz": 464.6875360973435
        },
        {
          "acoustic_entropy": 17.074443817138672,
          "acoustic_entropy_side": 17.34516716003418,
          "hz": 567.8308811364784
        },
        {
          "acoustic_entropy": 18.09503173828125,
          "acoustic_entropy_side": 17.418977737426758,
          "hz": 680.1084783214808
        },
        {
          "acoustic_entropy": 17.617494583129883,
          "acoustic_entropy_side": 17.85558319091797,
          "hz": 802.3292461747484
        },
        {
          "acoustic_entropy": 15.708354949951172,
          "acoustic_entropy_side": 16.532155990600586,
          "hz": 935.3737400823702
        },
        {
          "acoustic_entropy": 17.39333724975586,
          "acoustic_entropy_side": 17.646495819091797,
          "hz": 1080.2004963696966
        },
        {
          "acoustic_entropy": 16.7901611328125,
          "acoustic_entropy_side": 17.68370246887207,
          "hz": 1237.8529382007157
        },
        {
          "acoustic_entropy": 17.108972549438477,
          "acoustic_entropy_side": 17.055910110473633,
          "hz": 1409.4668930556702
        },
        {
          "acoustic_entropy": 16.933691024780273,
          "acoustic_entropy_side": 17.395811080932617,
          "hz": 1596.2787759475705
        },
        {
          "acoustic_entropy": 18.442277908325195,
          "acoustic_entropy_side": 17.60396957397461,
          "hz": 1799.6344973346393
        },
        {
          "acoustic_entropy": 17.392871856689453,
          "acoustic_entropy_side": 17.13654327392578,
          "hz": 2020.9991599069049
        },
        {
          "acoustic_entropy": 17.236839294433594,
          "acoustic_entropy_side": 17.149723052978516,
          "hz": 2261.9676141086993
        },
        {
          "acoustic_entropy": 16.68781280517578,
          "acoustic_entropy_side": 17.03338623046875,
          "hz": 2524.2759484456974
        },
        {
          "acoustic_entropy": 17.85133171081543,
          "acoustic_entropy_side": 18.75187110900879,
          "hz": 2809.813997359896
        },
        {
          "acoustic_entropy": 16.556453704833984,
          "acoustic_entropy_side": 17.203039169311523,
          "hz": 3120.6389567871424
        },
        {
          "acoustic_entropy": 17.25962257385254,
