{
  "acoustic_entropy": 117.26058959960938,
  "bands": [
    {
      "high_freq": 148.1999969482422,
      "loudness": -60.373172760009766,
      "loudness_range": 18.163166046142578,
      "mid_mean": -57.25862503051758,
      "mid_to_side_loudness": -6.30579948425293,
      "mid_to_side_loudness_range": 8.647266387939453,
      "side_mean": -62.616615295410156
    },
    {
      "high_freq": 392.3793640136719,
      "loudness": -48.785335540771484,
      "loudness_range": 25.60367202758789,
      "low_freq": 148.1999969482422,
      "mid_mean": -47.915313720703125,
      "mid_to_side_loudness": -3.415329694747925,
      "mid_to_side_loudness_range": 11.072239875793457,
      "side_mean": -51.58717346191406
    },
    {
      "high_freq": 794.6976318359375,
      "loudness": -49.99172592163086,
      "loudness_range": 27.643535614013672,
      "low_freq": 392.3793640136719,
      "mid_mean": -50.947811126708984,
      "mid_to_side_loudness": -1.3382859230041504,
      "mid_to_side_loudness_range": 10.638751983642578,
      "side_mean": -52.13625717163086
    },
    {
      "high_freq": 1457.5709228515625,
      "loudness": -55.64249801635742,
      "loudness_range": 28.67745590209961,
      "low_freq": 794.6976318359375,
      "mid_mean": -57.5528450012207,
      "mid_to_side_loudness": 0.8498427271842957,
      "mid_to_side_loudness_range": 8.672834396362305,
      "side_mean": -56.86989212036133
    },
    {
      "high_freq": 2549.74365234375,
      "loudness": -61.37794876098633,
      "loudness_range": 29.707054138183594,
      "low_freq": 1457.5709228515625,
      "mid_mean": -62.4644660949707,
      "mid_to_side_loudness": -0.09124334156513214,
      "mid_to_side_loudness_range": 8.176525115966797,
      "side_mean": -62.55445861816406
    },
    {
      "high_freq": 4349.24462890625,
      "loudness": -67.23713684082031,
      "loudness_range": 28.657764434814453,
      "low_freq": 2549.74365234375,
      "mid_mean": -67.28440856933594,
      "mid_to_side_loudness": 0.36432725191116333,
      "mid_to_side_loudness_range": 5.966179847717285,
      "side_mean": -67.14732360839844
    },
    {
      "high_freq": 7314.1640625,
      "loudness": -74.67032623291016,
      "loudness_range": 21.58936309814453,
      "low_freq": 4349.24462890625,
      "mid_mean": -69.57598876953125,
      "mid_to_side_loudness": 0.047893226146698,
      "mid_to_side_loudness_range": 3.3632888793945312,
      "side_mean": -69.55006408691406
    },
    {
      "high_freq": 12199.2666015625,
      "loudness": -77.33860778808594,
      "loudness_range": 21.03730010986328,
      "low_freq": 7314.1640625,
      "mid_mean": -69.96302795410156,
      "mid_to_side_loudness": 0.055538903921842575,
      "mid_to_side_loudness_range": 0.9794102907180786,
      "side_mean": -69.95497131347656
    },
    {
      "loudness": 0,
      "loudness_range": 0,
      "low_freq": 12199.2666015625,
      "mid_mean": -69.99747467041016,
      "mid_to_side_loudness": 0.2316930592060089,
      "mid_to_side_loudness_range": 3.372584342956543,
      "side_mean": -69.99738311767578
    }
  ],
  "bands_short": [
    {
      "high_freq": 148.1999969482422,
      "loudness": -62.382896423339844,
      "loudness_range": 17.043487548828125,
      "mid_mean": -59.0802116394043,
      "mid_to_side_loudness": -6.791701793670654,
      "mid_to_side_loudness_range": 12.539514541625977,
      "side_mean": -64.48033142089844
    },
    {
      "high_freq": 392.3793640136719,
      "loudness": -49.71630096435547,
      "loudness_range": 25.708026885986328,
      "low_freq": 148.1999969482422,
      "mid_mean": -49.27784729003906,
      "mid_to_side_loudness": -3.370875597000122,
      "mid_to_side_loudness_range": 11.751542091369629,
      "side_mean": -52.35921096801758
    },
    {
      "high_freq": 794.6976318359375,
      "loudness": -49.684303283691406,
      "loudness_range": 28.457653045654297,
      "low_freq": 392.3793640136719,
      "mid_mean": -50.449344635009766,
      "mid_to_side_loudness": -1.892799973487854,
      "mid_to_side_loudness_range": 11.746726036071777,
      "side_mean": -52.19392013549805
    },
    {
      "high_freq": 1457.5709228515625,
      "loudness": -55.90000915527344,
      "loudness_range": 28.704795837402344,
      "low_freq": 794.6976318359375,
      "mid_mean": -57.845149993896484,
      "mid_to_side_loudness": 0.9699541926383972,
      "mid_to_side_loudness_range": 9.582463264465332,
      "side_mean": -57.07796096801758
    },
    {
      "high_freq": 2549.74365234375,
      "loudness": -62.14863204956055,
      "loudness_range": 29.908870697021484,
      "low_freq": 1457.5709228515625,
      "mid_mean": -62.99834060668945,
      "mid_to_side_loudness": -0.11527145653963089,
      "mid_to_side_loudness_range": 9.485969543457031,
      "side_mean": -63.10993957519531
    },
    {
      "high_freq": 4349.24462890625,
      "loudness": -67.53137969970703,
      "loudness_range": 28.15212631225586,
      "low_freq": 2549.74365234375,
      "mid_mean": -67.48765563964844,
      "mid_to_side_loudness": 0.4397389590740204,
      "mid_to_side_loudness_range": 7.704552173614502,
      "side_mean": -67.32260131835938
    },
    {
      "high_freq": 7314.1640625,
      "loudness": -74.47147369384766,
      "loudness_range": 22.359790802001953,
      "low_freq": 4349.24462890625,
      "mid_mean": -69.63214874267578,
      "mid_to_side_loudness": 0.095488041639328,
      "mid_to_side_loudness_range": 4.666973114013672,
      "side_mean": -69.60369873046875
    },
    {
      "high_freq": 12199.2666015625,
      "loudness": -76.75332641601562,
      "loudness_range": 19.727161407470703,
      "low_freq": 7314.1640625,
      "mid_mean": -69.97172546386719,
      "mid_to_side_loudness": 0.04049430787563324,
      "mid_to_side_loudness_range": 2.172776460647583,
      "side_mean": -69.96834564208984
    },
    {
      "loudness": 0,
      "loudness_range": 0,
      "low_freq": 12199.2666015625,
      "mid_mean": -69.99742126464844,
      "mid_to_side_loudness": 0.3917146921157837,
      "mid_to_side_loudness_range": 10.372472763061523,
      "side_mean": -69.99732971191406
    }
  ],
  "bandwidth": 525.51171875,
  "channels": 2,
  "covariance": [
    [
      37.10863494873047,
      23.34250831604004,
      36.49530792236328,
      37.48873519897461,
      38.551883697509766,
      38.53895950317383,
      32.93654251098633,
      33.01301956176758,
      24.789731979370117,
      24.72662925720215,
      10.713255882263184,
      11.338436126708984,
      1.8474880456924438,
      1.8158658742904663,
      0.12980978190898895,
      0.157960906624794,
      -0.003811997827142477,
      -0.003888647770509124
    ],
    [
      23.34250831604004,
      19.29621124267578,
      24.599027633666992,
      24.170875549316406,
      26.24724769592285,
      25.782651901245117,
      22.297822952270508,
      22.843069076538086,
      17.031831741333008,
      17.377843856811523,
      7.39130163192749,
      7.7976789474487305,
      1.2244017124176025,
      1.1777862310409546,
      0.10531629621982574,
      0.1288478821516037,
      -0.0025205307174474,
      -0.0026042754761874676
    ],
    [
      36.49530792236328,
      24.599027633666992,
      90.64900207519531,
      83.68102264404297,
      78.93678283691406,
      78.03986358642578,
      71.92581939697266,
      72.15190887451172,
      60.564048767089844,
      58.415130615234375,
      28.927600860595703,
      30.714622497558594,
      5.655252933502197,
      5.9754414558410645,
      0.4961238503456116,
      0.6089237332344055,
      -0.006630769465118647,
      -0.007260492537170649
    ],
    [
      37.48873519897461,
      24.170875549316406,
      83.68102264404297,
      97.82076263427734,
      91.61962890625,
      89.87714385986328,
      80.48234558105469,
      81.51046752929688,
      65.37291717529297,
      63.759822845458984,
      32.094642639160156,
      33.92884826660156,
      6.212522983551025,
      6.543679237365723,
      0.49844232201576233,
      0.6108329892158508,
      -0.007522971369326115,
      -0.008163114078342915
    ],
    [
      38.551883697509766,
      26.24724769592285,
      78.93678283691406,
      91.61962890625,
      116.97869873046875,
      106.68145751953125,
      91.16496276855469,
      90.91041564941406,
      70.51161193847656,
      71.7632827758789,
      34.721832275390625,
      36.01593780517578,
      6.341054439544678,
      6.636270046234131,
      0.4597782492637634,
      0.5690904259681702,
      -0.008878396824002266,
      -0.009472502395510674
    ],
    [
      38.53895950317383,
      25.782651901245117,
      78.03986358642578,
      89.87714385986328,
      106.68145751953125,
      108.38127136230469,
      89.61753845214844,
      89.02339172363281,
      70.75931549072266,
      70.82678985595703,
      35.13242721557617,
      36.96403121948242,
      6.765765190124512,
      7.130465507507324,
      0.524396538734436,
      0.6519531607627869,
      -0.007935592904686928,
      -0.008612683974206448
    ],
    [
      32.93654251098633,
      22.297822952270508,
      71.92581939697266,
      80.48234558105469,
      91.16496276855469,
      89.61753845214844,
      92.8751449584961,
      91.01187896728516,
      70.83283996582031,
      71.49610900878906,
      35.634395599365234,
      37.431617736816406,
      7.171010971069336,
      7.374932289123535,
      0.6919395327568054,
      0.8944188952445984,
      -0.006634749937802553,
      -0.007341655902564526
    ],
    [
      33.01301956176758,
      22.843069076538086,
      72.15190887451172,
      81.51046752929688,
      90.91041564941406,
      89.02339172363281,
      91.01187896728516,
      97.00694274902344,
      71.26952362060547,
      72.69755554199219,
      35.34517288208008,
      37.460235595703125,
      7.165850639343262,
      7.523217678070068,
      0.6779252886772156,
      0.8781777024269104,
      -0.007178428117185831,
      -0.007836882025003433
    ],
    [
      24.789731979370117,
      17.031831741333008,
      60.564048767089844,
      65.37291717529297,
      70.51161193847656,
      70.75931549072266,
      70.83283996582031,
      71.26952362060547,
      69.25032806396484,
      67.62857055664062,
      36.64425277709961,
      38.64274597167969,
      7.821596622467041,
      8.222504615783691,
      0.7253027558326721,
      0.9144406318664551,
      -0.0035148118622601032,
      -0.004357581492513418
    ],
    [
      24.72662925720215,
      17.377843856811523,
      58.415130615234375,
      63.759822845458984,
      71.7632827758789,
      70.82678985595703,
      71.49610900878906,
      72.69755554199219,
      67.62857055664062,
      70.94255828857422,
      37.31190490722656,
      39.30695343017578,
      8.131653785705566,
      8.535837173461914,
      0.7581803798675537,
      0.9526500701904297,
      -0.0034219000954180956,
      -0.004287079442292452
    ],
    [
      10.713255882263184,
      7.39130163192749,
      28.927600860595703,
      32.094642639160156,
      34.721832275390625,
      35.13242721557617,
      35.634395599365234,
      35.34517288208008,
      36.64425277709961,
      37.31190490722656,
      26.275434494018555,
      27.274415969848633,
      6.394845008850098,
      6.615069389343262,
      0.5677374601364136,
      0.7099935412406921,
      0.0006255652406252921,
      1.1211747732886579e-05
    ],
    [
      11.338436126708984,
      7.7976789474487305,
      30.714622497558594,
      33.92884826660156,
      36.01593780517578,
      36.96403121948242,
      37.431617736816406,
      37.460235595703125,
      38.64274597167969,
      39.30695343017578,
      27.274415969848633,
      29.498123168945312,
      6.900420188903809,
      7.138824462890625,
      0.6357733607292175,
      0.8035767674446106,
      0.0006760040996596217,
      4.062142033944838e-05
    ],
    [
      1.8474880456924438,
      1.2244017124176025,
      5.655252933502197,
      6.212522983551025,
      6.341054439544678,
      6.765765190124512,
      7.171010971069336,
      7.165850639343262,
      7.821596622467041,
      8.131653785705566,
      6.394845008850098,
      6.900420188903809,
      2.650465726852417,
      2.692505121231079,
      0.3670487105846405,
      0.46256300806999207,
      0.0017508914461359382,
      0.001467325259000063
    ],
    [
      1.8158658742904663,
      1.1777862310409546,
      5.9754414558410645,
      6.543679237365723,
      6.636270046234131,
      7.130465507507324,
      7.374932289123535,
      7.523217678070068,
      8.222504615783691,
      8.535837173461914,
      6.615069389343262,
      7.138824462890625,
      2.692505121231079,
      2.8686089515686035,
      0.37406685948371887,
      0.47351717948913574,
      0.0017643498722463846,
      0.0014822036027908325
    ],
    [
      0.12980978190898895,
      0.10531629621982574,
      0.4961238503456116,
      0.49844232201576233,
      0.4597782492637634,
      0.524396538734436,
      0.6919395327568054,
      0.6779252886772156,
      0.7253027558326721,
      0.7581803798675537,
      0.5677374601364136,
      0.6357733607292175,
      0.3670487105846405,
      0.37406685948371887,
      0.14526963233947754,
      0.1870662271976471,
      0.0007488865521736443,
      0.0006735071074217558
    ],
    [
      0.157960906624794,
      0.1288478821516037,
      0.6089237332344055,
      0.6108329892158508,
      0.5690904259681702,
      0.6519531607627869,
      0.8944188952445984,
      0.8781777024269104,
      0.9144406318664551,
      0.9526500701904297,
      0.7099935412406921,
      0.8035767674446106,
      0.46256300806999207,
      0.47351717948913574,
      0.1870662271976471,
      0.24972335994243622,
      0.0008245660574175417,
      0.0007589968154206872
    ],
    [
      -0.003811997827142477,
      -0.0025205307174474,
      -0.006630769465118647,
      -0.007522971369326115,
      -0.008878396824002266,
      -0.007935592904686928,
      -0.006634749937802553,
      -0.007178428117185831,
      -0.0035148118622601032,
      -0.0034219000954180956,
      0.0006255652406252921,
      0.0006760040996596217,
      0.0017508914461359382,
      0.0017643498722463846,
      0.0007488865521736443,
      0.0008245660574175417,
      1.0109596587426495e-05,
      8.89227885636501e-06
    ],
    [
      -0.003888647770509124,
      -0.0026042754761874676,
      -0.007260492537170649,
      -0.008163114078342915,
      -0.009472502395510674,
      -0.008612683974206448,
      -0.007341655902564526,
      -0.007836882025003433,
      -0.004357581492513418,
      -0.004287079442292452,
      1.1211747732886579e-05,
      4.062142033944838e-05,
      0.001467325259000063,
      0.0014822036027908325,
      0.0006735071074217558,
      0.0007589968154206872,
      8.89227885636501e-06,
      8.118603545881342e-06
    ]
  ],
  "covariance_short": [
    [
      31.532047271728516,
      14.31958293914795,
      33.4664306640625,
      31.141281127929688,
      31.46438217163086,
      31.756027221679688,
      27.75710678100586,
      27.831523895263672,
      20.766328811645508,
      20.522336959838867,
      9.3659029006958,
      9.973005294799805,
      1.5300241708755493,
      1.5390907526016235,
      0.10905586928129196,
      0.12660998106002808,
      -0.0028458875603973866,
      -0.002948352135717869
    ],
    [
      14.31958293914795,
      11.522773742675781,
      17.18585205078125,
      16.020061492919922,
      16.115121841430664,
      16.51785659790039,
      15.323546409606934,
      15.408933639526367,
      12.113642692565918,
      12.049415588378906,
      5.572700023651123,
      5.941525459289551,
      0.8450633883476257,
      0.8530454635620117,
      0.05568179115653038,
      0.0632849857211113,
      -0.0016855340218171477,
      -0.001737621845677495
    ],
    [
      33.4664306640625,
      17.18585205078125,
      94.080078125,
      85.9858627319336,
      89.80577850341797,
      84.92313385009766,
      74.5601577758789,
      75.54219818115234,
      58.19820022583008,
      55.9321403503418,
      26.911157608032227,
      28.604982376098633,
      4.745129108428955,
      5.010876178741455,
      0.3188091814517975,
      0.3530998229980469,
      -0.0076730200089514256,
      -0.008189491927623749
    ],
    [
      31.141281127929688,
      16.020061492919922,
      85.9858627319336,
      93.82291412353516,
      91.95047760009766,
      88.50410461425781,
      77.5703353881836,
      79.4473648071289,
      60.96408462524414,
      59.03746795654297,
      29.35228157043457,
      31.248384475708008,
      5.24652624130249,
      5.589138984680176,
      0.3372776508331299,
      0.3752351403236389,
      -0.007413163781166077,
      -0.00804415624588728
    ],
    [
      31.46438217163086,
      16.115121841430664,
      89.80577850341797,
      91.95047760009766,
      122.75934600830078,
      107.77883911132812,
      91.84220886230469,
      93.0719985961914,
      70.54180908203125,
      71.26248168945312,
      34.89139175415039,
      36.71742248535156,
      6.311666488647461,
      6.727436542510986,
      0.37682706117630005,
      0.4249418079853058,
      -0.008889498189091682,
      -0.009530908428132534
    ],
    [
      31.756027221679688,
      16.51785659790039,
      84.92313385009766,
      88.50410461425781,
      107.77883911132812,
      109.08811950683594,
      89.07546997070312,
      89.46233367919922,
      69.46979522705078,
      69.17928314208984,
      34.50067901611328,
      36.773651123046875,
      6.475858211517334,
      6.883504390716553,
      0.3848516643047333,
      0.4418361783027649,
      -0.007959759794175625,
      -0.008677606470882893
    ],
    [
      27.75710678100586,
      15.323546409606934,
      74.5601577758789,
      77.5703353881836,
      91.84220886230469,
      89.07546997070312,
      92.331298828125,
      89.81407928466797,
      68.35340881347656,
      68.982666015625,
      34.31452560424805,
      36.500640869140625,
      6.553485870361328,
      6.85986852645874,
      0.5101628303527832,
      0.6008839011192322,
      -0.006387143861502409,
      -0.0071789054200053215
    ],
    [
      27.831523895263672,
      15.408933639526367,
      75.54219818115234,
      79.4473648071289,
      93.0719985961914,
      89.46233367919922,
      89.81407928466797,
      96.56221771240234,
      69.14364624023438,
      70.39386749267578,
      34.524871826171875,
      37.032554626464844,
      6.6474809646606445,
      7.100505828857422,
      0.5086693167686462,
      0.602436900138855,
      -0.007047440391033888,
      -0.007770307827740908
    ],
    [
      20.766328811645508,
      12.113642692565918,
      58.19820022583008,
      60.96408462524414,
      70.54180908203125,
      69.46979522705078,
      68.35340881347656,
      69.14364624023438,
      66.23939514160156,
      63.58186721801758,
      34.80572509765625,
      36.959625244140625,
      7.050926685333252,
      7.530534267425537,
      0.5258009433746338,
      0.6021749973297119,
      -0.0031428663060069084,
      -0.004073945339769125
    ],
    [
      20.522336959838867,
      12.049415588378906,
      55.9321403503418,
      59.03746795654297,
      71.26248168945312,
      69.17928314208984,
      68.982666015625,
      70.39386749267578,
      63.58186721801758,
      67.30452728271484,
      35.21853256225586,
      37.35193634033203,
      7.291199684143066,
      7.7796549797058105,
      0.5569738149642944,
      0.625911295413971,
      -0.0029725362546741962,
      -0.0039058695547282696
    ],
    [
      9.3659029006958,
      5.572700023651123,
      26.911157608032227,
      29.35228157043457,
      34.89139175415039,
      34.50067901611328,
      34.31452560424805,
      34.524871826171875,
      34.80572509765625,
      35.21853256225586,
      25.04157066345215,
      25.758142471313477,
      5.911167144775391,
      6.17436408996582,
      0.4453238844871521,
      0.508428692817688,
      0.001179368351586163,
      0.00047688520862720907
    ],
    [
      9.973005294799805,
      5.941525459289551,
      28.604982376098633,
      31.248384475708008,
      36.71742248535156,
      36.773651123046875,
      36.500640869140625,
      37.032554626464844,
      36.959625244140625,
      37.35193634033203,
      25.758142471313477,
      28.26629066467285,
      6.323881149291992,
      6.627167701721191,
      0.4889694154262543,
      0.5610618591308594,
      0.0010792776010930538,
      0.00037351343780755997
    ],
    [
      1.5300241708755493,
      0.8450633883476257,
      4.745129108428955,
      5.24652624130249,
      6.311666488647461,
      6.475858211517334,
      6.553485870361328,
      6.6474809646606445,
      7.050926685333252,
      7.291199684143066,
      5.911167144775391,
      6.323881149291992,
      2.54331374168396,
      2.545001745223999,
      0.2859478294849396,
      0.3272636830806732,
      0.0024099890142679214,
      0.002093947259709239
    ],
    [
      1.5390907526016235,
      0.8530454635620117,
      5.010876178741455,
      5.589138984680176,
      6.727436542510986,
      6.883504390716553,
      6.85986852645874,
      7.100505828857422,
      7.530534267425537,
      7.7796549797058105,
      6.17436408996582,
      6.627167701721191,
      2.545001745223999,
      2.754812717437744,
      0.2915337383747101,
      0.33689436316490173,
      0.0024140377063304186,
      0.0020944993011653423
    ],
    [
      0.10905586928129196,
      0.05568179115653038,
      0.3188091814517975,
      0.3372776508331299,
      0.37682706117630005,
      0.3848516643047333,
      0.5101628303527832,
      0.5086693167686462,
      0.5258009433746338,
      0.5569738149642944,
      0.4453238844871521,
      0.4889694154262543,
      0.2859478294849396,
      0.2915337383747101,
      0.1194956973195076,
      0.13638684153556824,
      0.001240961835719645,
      0.001124911243095994
    ],
    [
      0.12660998106002808,
      0.0632849857211113,
      0.3530998229980469,
      0.3752351403236389,
      0.4249418079853058,
      0.4418361783027649,
      0.6008839011192322,
      0.602436900138855,
      0.6021749973297119,
      0.625911295413971,
      0.508428692817688,
      0.5610618591308594,
      0.3272636830806732,
      0.33689436316490173,
      0.13638684153556824,
      0.16865527629852295,
      0.0013825894566252828,
      0.0012760089011862874
    ],
    [
      -0.0028458875603973866,
      -0.0016855340218171477,
      -0.0076730200089514256,
      -0.007413163781166077,
      -0.008889498189091682,
      -0.007959759794175625,
      -0.006387143861502409,
      -0.007047440391033888,
      -0.0031428663060069084,
      -0.0029725362546741962,
      0.001179368351586163,
      0.0010792776010930538,
      0.0024099890142679214,
      0.0024140377063304186,
      0.001240961835719645,
      0.0013825894566252828,
      3.935312633984722e-05,
      3.482634201645851e-05
    ],
    [
      -0.002948352135717869,
      -0.001737621845677495,
      -0.008189491927623749,
      -0.00804415624588728,
      -0.009530908428132534,
      -0.008677606470882893,
      -0.0071789054200053215,
      -0.007770307827740908,
      -0.004073945339769125,
      -0.0039058695547282696,
      0.00047688520862720907,
      0.00037351343780755997,
      0.002093947259709239,
      0.0020944993011653423,
      0.001124911243095994,
      0.0012760089011862874,
      3.482634201645851e-05,
      3.3437961974414065e-05
    ]
  ],
  "damage": -26.689199447631836,
  "diff_bandwidth": 550.766357421875,
  "dissonance": 2.960630722888375,
  "drr": 9.9713716506958,
  "dynamics": 7.4863786697387695,
  "format": 1245190,
  "frames": 14576576,
  "loudness": -39.31939697265625,
  "loudness_range": 28.450279235839844,
  "loudness_range_short": 29.080915451049805,
  "lowpass_true_peak_15khz": -12.107829093933105,
  "mastering3_acoustic_entropies": [
    {
      "acoustic_entropy": 6.360961437225342,
      "acoustic_entropy_mono": 5.88978910446167,
      "band_eliminated_acoustic_entropies": [
        {
          "acoustic_entropy": 6.369788646697998,
          "acoustic_entropy_side": 6.36165189743042,
          "hz": 129.47220167065723
        },
        {
          "acoustic_entropy": 6.320863246917725,
          "acoustic_entropy_side": 6.374601364135742,
          "hz": 202.92927478742237
        },
        {
          "acoustic_entropy": 6.424640655517578,
          "acoustic_entropy_side": 6.332010746002197,
          "hz": 282.89161906338205
        },
        {
          "acoustic_entropy": 6.727376461029053,
          "acoustic_entropy_side": 6.226477146148682,
          "hz": 369.9353335868758
        },
        {
          "acoustic_entropy": 4.937157154083252,
          "acoustic_entropy_side": 5.818840980529785,
          "hz": 464.6875360973435
        },
        {
          "acoustic_entropy": 6.755199909210205,
          "acoustic_entropy_side": 6.793779373168945,
          "hz": 567.8308811364784
        },
        {
          "acoustic_entropy": 5.819662094116211,
          "acoustic_entropy_side": 5.973640441894531,
          "hz": 680.1084783214808
        },
        {
          "acoustic_entropy": 6.681386470794678,
          "acoustic_entropy_side": 6.589526653289795,
          "hz": 802.3292461747484
        },
        {
          "acoustic_entropy": 6.406249046325684,
          "acoustic_entropy_side": 6.435416221618652,
          "hz": 935.3737400823702
        },
        {
          "acoustic_entropy": 5.893313407897949,
          "acoustic_entropy_side": 5.962371826171875,
          "hz": 1080.2004963696966
        },
        {
          "acoustic_entropy": 5.877366542816162,
          "acoustic_entropy_side": 6.452563285827637,
          "hz": 1237.8529382007157
        },
        {
          "acoustic_entropy": 6.348300933837891,
          "acoustic_entropy_side": 6.548627853393555,
          "hz": 1409.4668930556702
        },
        {
          "acoustic_entropy": 6.019707679748535,
          "acoustic_entropy_side": 6.129612922668457,
          "hz": 1596.2787759475705
        },
        {
          "acoustic_entropy": 6.2266926765441895,
          "acoustic_entropy_side": 6.302227020263672,
          "hz": 1799.6344973346393
        },
        {
          "acoustic_entropy": 6.457722187042236,
          "acoustic_entropy_side": 6.53471565246582,
          "hz": 2020.9991599069049
        },
        {
          "acoustic_entropy": 6.336134910583496,
          "acoustic_entropy_side": 6.2036848068237305,
          "hz": 2261.9676141086993
        },
        {
          "acoustic_entropy": 6.019673824310303,
          "acoustic_entropy_side": 6.392965316772461,
          "hz": 2524.2759484456974
        },
        {
          "acoustic_entropy": 6.466311454772949,
          "acoustic_entropy_side": 6.424672603607178,
          "hz": 2809.813997359896
        },
        {
          "acoustic_entropy": 6.497603893280029,
          "acoustic_entropy_side": 6.527669906616211,
          "hz": 3120.6389567871424
        },
        {
          "acoustic_entropy": 6.359610080718994,
          "acoustic_entropy_side": 6.356288433074951,
          "hz": 3458.990205492291
        },
        {
          "acoustic_entropy": 6.404359340667725,
          "acoustic_entropy_side": 6.381585597991943,
          "hz": 3827.305438964164
        },
        {
          "acoustic_entropy": 6.397345066070557,
          "acoustic_entropy_side": 6.376760959625244,
          "hz": 4228.238232109126
        },
        {
          "acoustic_entropy": 6.367687702178955,
          "acoustic_entropy_side": 6.366633892059326,
          "hz": 4664.6771572759235
        },
        {
          "acoustic_entropy": 6.361924648284912,
          "acoustic_entropy_side": 6.362895488739014,
          "hz": 5139.766595350093
        },
        {
          "acoustic_entropy": 6.362377166748047,
          "acoustic_entropy_side": 6.361804485321045,
          "hz": 5656.929389854203
        },
        {
          "acoustic_entropy": 6.362539768218994,
          "acoustic_entropy_side": 6.3619279861450195,
          "hz": 6219.891507268283
        },
        {
          "acoustic_entropy": 6.3612236976623535,
          "acoustic_entropy_side": 6.360930919647217,
          "hz": 6832.70888123896
        },
        {
          "acoustic_entropy": 6.361072540283203,
          "acoustic_entropy_side": 6.36098575592041,
          "hz": 7499.796634079867
        },
        {
          "acoustic_entropy": 6.361024379730225,
          "acoustic_entropy_side": 6.361003875732422,
          "hz": 8225.96088609342
        },
        {
          "acoustic_entropy": 6.3609185218811035,
          "acoustic_entropy_side": 6.360924243927002,
          "hz": 9016.43338188839
        },
        {
          "acoustic_entropy": 6.360967636108398,
          "acoustic_entropy_side": 6.360963344573975,
          "hz": 9876.909183162974
        },
        {
          "acoustic_entropy": 6.360962867736816,
          "acoustic_entropy_side": 6.360961437225342,
          "hz": 10813.587699516042
        },
        {
          "acoustic_entropy": 6.360960960388184,
          "acoustic_entropy_side": 6.3609619140625,
          "hz": 11833.21735289826
        },
        {
          "acoustic_entropy": 6.3609619140625,
          "acoustic_entropy_side": 6.360961437225342,
          "hz": 12943.144197493959
        },
        {
          "acoustic_entropy": 6.360961437225342,
          "acoustic_entropy_side": 6.360961437225342,
          "hz": 14151.364845322005
        },
        {
          "acoustic_entropy": 6.360961437225342,
          "acoustic_entropy_side": 6.360961437225342,
          "hz": 15466.58407886509
        },
        {
          "acoustic_entropy": 6.360961437225342,
          "acoustic_entropy_side": 6.360961437225342,
          "hz": 16898.27756580493
        },
        {
          "acoustic_entropy": 6.360961437225342,
          "acoustic_entropy_side": 6.360961437225342,
          "hz": 18456.760127700032
        },
        {
          "acoustic_entropy": 6.360961437225342,
          "acoustic_entropy_side": 6.360961437225342,
          "hz": 20153.260054456492
        },
        {
          "acoustic_entropy": 6.360961437225342,
          "acoustic_entropy_side": 6.360961437225342,
          "hz": 22000.00000000001
        }
      ],
      "diff_acoustic_entropy": 2.5960350036621094,
      "sn": 6
    },
    {
      "acoustic_entropy": 9.510964393615723,
      "acoustic_entropy_mono": 8.448358535766602,
      "band_eliminated_acoustic_entropies": [
        {
          "acoustic_entropy": 9.519329071044922,
          "acoustic_entropy_side": 9.549715042114258,
          "hz": 129.47220167065723
        },
        {
          "acoustic_entropy": 9.243385314941406,
          "acoustic_entropy_side": 9.302545547485352,
          "hz": 202.92927478742237
        },
        {
          "acoustic_entropy": 8.411847114562988,
          "acoustic_entropy_side": 9.143208503723145,
          "hz": 282.89161906338205
        },
        {
          "acoustic_entropy": 9.994831085205078,
          "acoustic_entropy_side": 9.54073715209961,
          "hz": 369.9353335868758
        },
        {
          "acoustic_entropy": 8.99516487121582,
          "acoustic_entropy_side": 9.635294914245605,
          "hz": 464.6875360973435
        },
        {
          "acoustic_entropy": 9.206866264343262,
          "acoustic_entropy_side": 8.988823890686035,
          "hz": 567.8308811364784
        },
        {
          "acoustic_entropy": 9.0104398727417,
          "acoustic_entropy_side": 9.750592231750488,
          "hz": 680.1084783214808
        },
        {
          "acoustic_entropy": 9.873579978942871,
          "acoustic_entropy_side": 9.872962951660156,
          "hz": 802.3292461747484
        },
        {
          "acoustic_entropy": 8.852339744567871,
          "acoustic_entropy_side": 9.568657875061035,
          "hz": 935.3737400823702
        },
        {
          "acoustic_entropy": 9.287644386291504,
          "acoustic_entropy_side": 9.493906021118164,
          "hz": 1080.2004963696966
        },
        {
          "acoustic_entropy": 9.500325202941895,
          "acoustic_entropy_side": 10.08825969696045,
          "hz": 1237.8529382007157
        },
        {
          "acoustic_entropy": 9.095232963562012,
          "acoustic_entropy_side": 9.38961124420166,
          "hz": 1409.4668930556702
        },
        {
          "acoustic_entropy": 9.493613243103027,
          "acoustic_entropy_side": 9.717142105102539,
          "hz": 1596.2787759475705
        },
        {
          "acoustic_entropy": 9.688884735107422,
          "acoustic_entropy_side": 9.805028915405273,
          "hz": 1799.6344973346393
        },
        {
          "acoustic_entropy": 9.005576133728027,
          "acoustic_entropy_side": 9.192580223083496,
          "hz": 2020.9991599069049
        },
        {
          "acoustic_entropy": 9.348167419433594,
          "acoustic_entropy_side": 9.397567749023438,
          "hz": 2261.9676141086993
        },
        {
          "acoustic_entropy": 8.96285343170166,
          "acoustic_entropy_side": 9.194906234741211,
          "hz": 2524.2759484456974
        },
        {
          "acoustic_entropy": 9.454682350158691,
          "acoustic_entropy_side": 9.447701454162598,
          "hz": 2809.813997359896
        },
        {
          "acoustic_entropy": 9.430081367492676,
          "acoustic_entropy_side": 9.418008804321289,
          "hz": 3120.6389567871424
        },
        {
          "acoustic_entropy": 9.339035034179688,
          "acoustic_entropy_side": 9.270095825195312,
          "hz": 3458.990205492291
        },
        {
          "acoustic_entropy": 9.534602165222168,
          "acoustic_entropy_side": 9.554286003112793,
          "hz": 3827.305438964164
        },
        {
          "acoustic_entropy": 9.490981101989746,
          "acoustic_entropy_side": 9.508467674255371,
          "hz": 4228.238232109126
        },
        {
          "acoustic_entropy": 9.516175270080566,
          "acoustic_entropy_side": 9.51347827911377,
          "hz": 4664.6771572759235
        },
        {
          "acoustic_entropy": 9.512837409973145,
          "acoustic_entropy_side": 9.515365600585938,
          "hz": 5139.766595350093
        },
        {
          "acoustic_entropy": 9.509243965148926,
          "acoustic_entropy_side": 9.509885787963867,
          "hz": 5656.929389854203
        },
        {
          "acoustic_entropy": 9.509200096130371,
          "acoustic_entropy_side": 9.510318756103516,
          "hz": 6219.891507268283
        },
        {
          "acoustic_entropy": 9.512736320495605,
          "acoustic_entropy_side": 9.512354850769043,
          "hz": 6832.70888123896
        },
        {
          "acoustic_entropy": 9.511425018310547,
          "acoustic_entropy_side": 9.511137008666992,
          "hz": 7499.796634079867
        },
        {
          "acoustic_entropy": 9.511494636535645,
          "acoustic_entropy_side": 9.511343002319336,
          "hz": 8225.96088609342
        },
        {
          "acoustic_entropy": 9.511590957641602,
          "acoustic_entropy_side": 9.511422157287598,
          "hz": 9016.43338188839
        },
        {
          "acoustic_entropy": 9.511005401611328,
          "acoustic_entropy_side": 9.510991096496582,
          "hz": 9876.909183162974
        },
        {
          "acoustic_entropy": 9.510967254638672,
          "acoustic_entropy_side": 9.510963439941406,
          "hz": 10813.587699516042
        },
        {
          "acoustic_entropy": 9.510965347290039,
          "acoustic_entropy_side": 9.510966300964355,
          "hz": 11833.21735289826
        },
        {
          "acoustic_entropy": 9.510966300964355,
          "acoustic_entropy_side": 9.510966300964355,
          "hz": 12943.144197493959
        },
        {
          "acoustic_entropy": 9.510965347290039,
          "acoustic_entropy_side": 9.510965347290039,
          "hz": 14151.364845322005
        },
        {
          "acoustic_entropy": 9.510964393615723,
          "acoustic_entropy_side": 9.510964393615723,
          "hz": 15466.58407886509
        },
        {
          "acoustic_entropy": 9.510964393615723,
          "acoustic_entropy_side": 9.510964393615723,
          "hz": 16898.27756580493
        },
        {
          "acoustic_entropy": 9.510964393615723,
          "acoustic_entropy_side": 9.510964393615723,
          "hz": 18456.760127700032
        },
        {
          "acoustic_entropy": 9.510964393615723,
          "acoustic_entropy_side": 9.510964393615723,
          "hz": 20153.260054456492
        },
        {
          "acoustic_entropy": 9.510964393615723,
          "acoustic_entropy_side": 9.510964393615723,
          "hz": 22000.00000000001
        }
      ],
      "diff_acoustic_entropy": 3.0921921730041504,
      "sn": 12
    },
    {
      "acoustic_entropy": 15.725943565368652,
      "acoustic_entropy_mono": 14.036203384399414,
      "band_eliminated_acoustic_entropies": [
        {
          "acoustic_entropy": 15.844541549682617,
          "acoustic_entropy_side": 16.002286911010742,
          "hz": 129.47220167065723
        },
        {
          "acoustic_entropy": 16.122983932495117,
          "acoustic_entropy_side": 15.950315475463867,
          "hz": 202.92927478742237
        },
        {
          "acoustic_entropy": 15.309325218200684,
          "acoustic_entropy_side": 16.369159698486328,
          "hz": 282.89161906338205
        },
        {
          "acoustic_entropy": 16.60145378112793,
          "acoustic_entropy_side": 15.578885078430176,
          "hz": 369.9353335868758
        },
        {
          "acoustic_entropy": 15.333074569702148,
          "acoustic_entropy_side": 16.202268600463867,
          "hz": 464.6875360973435
        },
        {
          "acoustic_entropy": 16.870864868164062,
          "acoustic_entropy_side": 16.024904251098633,
          "hz": 567.8308811364784
        },
        {
          "acoustic_entropy": 15.83480453491211,
          "acoustic_entropy_side": 16.63336944580078,
          "hz": 680.1084783214808
        },
        {
          "acoustic_entropy": 15.93184757232666,
          "acoustic_entropy_side": 15.29774284362793,
          "hz": 802.3292461747484
        },
        {
          "acoustic_entropy": 16.171789169311523,
          "acoustic_entropy_side": 15.093621253967285,
          "hz": 935.3737400823702
        },
        {
          "acoustic_entropy": 16.420534133911133,
          "acoustic_entropy_side": 16.036224365234375,
          "hz": 1080.2004963696966
        },
        {
          "acoustic_entropy": 15.096627235412598,
          "acoustic_entropy_side": 15.553608894348145,
          "hz": 1237.8529382007157
        },
        {
          "acoustic_entropy": 15.33913516998291,
          "acoustic_entropy_side": 16.217164993286133,
          "hz": 1409.4668930556702
        },
        {
          "acoustic_entropy": 16.39911651611328,
          "acoustic_entropy_side": 16.447364807128906,
          "hz": 1596.2787759475705
        },
        {
          "acoustic_entropy": 15.619046211242676,
          "acoustic_entropy_side": 16.34099006652832,
          "hz": 1799.6344973346393
        },
        {
          "acoustic_entropy": 15.63710880279541,
          "acoustic_entropy_side": 15.743557929992676,
          "hz": 2020.9991599069049
        },
        {
          "acoustic_entropy": 15.883520126342773,
          "acoustic_entropy_side": 15.476893424987793,
          "hz": 2261.9676141086993
        },
        {
          "acoustic_entropy": 15.724298477172852,
