{
  "acoustic_entropy": 158.62115478515625,
  "bands": [
    {
      "high_freq": 148.1999969482422,
      "loudness": -35.30738067626953,
      "loudness_range": 22.102502822875977,
      "mid_mean": -32.112789154052734,
      "mid_to_side_loudness": -24.288005828857422,
      "mid_to_side_loudness_range": 14.490553855895996,
      "side_mean": -57.499839782714844
    },
    {
      "high_freq": 392.3793640136719,
      "loudness": -32.29580307006836,
      "loudness_range": 14.553573608398438,
      "low_freq": 148.1999969482422,
      "mid_mean": -28.75279426574707,
      "mid_to_side_loudness": -20.467628479003906,
      "mid_to_side_loudness_range": 14.607938766479492,
      "side_mean": -51.51351547241211
    },
    {
      "high_freq": 794.6976318359375,
      "loudness": -30.616195678710938,
      "loudness_range": 17.505577087402344,
      "low_freq": 392.3793640136719,
      "mid_mean": -27.11195182800293,
      "mid_to_side_loudness": -19.292810440063477,
      "mid_to_side_loudness_range": 15.00872802734375,
      "side_mean": -47.808494567871094
    },
    {
      "high_freq": 1457.5709228515625,
      "loudness": -29.973907470703125,
      "loudness_range": 23.90683937072754,
      "low_freq": 794.6976318359375,
      "mid_mean": -26.77389144897461,
      "mid_to_side_loudness": -20.254743576049805,
      "mid_to_side_loudness_range": 13.63048267364502,
      "side_mean": -50.01185607910156
    },
    {
      "high_freq": 2549.74365234375,
      "loudness": -29.456403732299805,
      "loudness_range": 24.40367317199707,
      "low_freq": 1457.5709228515625,
      "mid_mean": -26.70088768005371,
      "mid_to_side_loudness": -21.185749053955078,
      "mid_to_side_loudness_range": 15.244251251220703,
      "side_mean": -51.43040084838867
    },
    {
      "high_freq": 4349.24462890625,
      "loudness": -36.71548843383789,
      "loudness_range": 23.76248550415039,
      "low_freq": 2549.74365234375,
      "mid_mean": -33.681053161621094,
      "mid_to_side_loudness": -23.709888458251953,
      "mid_to_side_loudness_range": 14.66837215423584,
      "side_mean": -58.839942932128906
    },
    {
      "high_freq": 7314.1640625,
      "loudness": -40.30674743652344,
      "loudness_range": 27.877159118652344,
      "low_freq": 4349.24462890625,
      "mid_mean": -38.815364837646484,
      "mid_to_side_loudness": -29.65468406677246,
      "mid_to_side_loudness_range": 27.910003662109375,
      "side_mean": -65.63089752197266
    },
    {
      "high_freq": 12199.2666015625,
      "loudness": -44.10977554321289,
      "loudness_range": 28.405012130737305,
      "low_freq": 7314.1640625,
      "mid_mean": -48.69244384765625,
      "mid_to_side_loudness": -34.99481201171875,
      "mid_to_side_loudness_range": 37.2448616027832,
      "side_mean": -69.129150390625
    },
    {
      "loudness": -60.88249588012695,
      "loudness_range": 26.157207489013672,
      "low_freq": 12199.2666015625,
      "mid_mean": -57.2576789855957,
      "mid_to_side_loudness": -33.02410888671875,
      "mid_to_side_loudness_range": 33.86031723022461,
      "side_mean": -69.94049835205078
    }
  ],
  "bands_short": [
    {
      "high_freq": 148.1999969482422,
      "loudness": -38.876487731933594,
      "loudness_range": 20.73085594177246,
      "mid_mean": -35.7403678894043,
      "mid_to_side_loudness": -24.508188247680664,
      "mid_to_side_loudness_range": 18.77832794189453,
      "side_mean": -60.56071853637695
    },
    {
      "high_freq": 392.3793640136719,
      "loudness": -32.18086624145508,
      "loudness_range": 17.541824340820312,
      "low_freq": 148.1999969482422,
      "mid_mean": -28.58737564086914,
      "mid_to_side_loudness": -20.468454360961914,
      "mid_to_side_loudness_range": 17.25635528564453,
      "side_mean": -51.43962860107422
    },
    {
      "high_freq": 794.6976318359375,
      "loudness": -31.46796989440918,
      "loudness_range": 19.563941955566406,
      "low_freq": 392.3793640136719,
      "mid_mean": -28.106277465820312,
      "mid_to_side_loudness": -18.676393508911133,
      "mid_to_side_loudness_range": 18.992055892944336,
      "side_mean": -48.517452239990234
    },
    {
      "high_freq": 1457.5709228515625,
      "loudness": -30.2835636138916,
      "loudness_range": 24.30525016784668,
      "low_freq": 794.6976318359375,
      "mid_mean": -27.2044734954834,
      "mid_to_side_loudness": -19.665090560913086,
      "mid_to_side_loudness_range": 16.11453628540039,
      "side_mean": -50.09064483642578
    },
    {
      "high_freq": 2549.74365234375,
      "loudness": -29.688976287841797,
      "loudness_range": 24.61993980407715,
      "low_freq": 1457.5709228515625,
      "mid_mean": -26.783906936645508,
      "mid_to_side_loudness": -20.49627113342285,
      "mid_to_side_loudness_range": 18.014968872070312,
      "side_mean": -51.785484313964844
    },
    {
      "high_freq": 4349.24462890625,
      "loudness": -36.72737503051758,
      "loudness_range": 23.889190673828125,
      "low_freq": 2549.74365234375,
      "mid_mean": -33.956172943115234,
      "mid_to_side_loudness": -22.376049041748047,
      "mid_to_side_loudness_range": 19.171279907226562,
      "side_mean": -59.057830810546875
    },
    {
      "high_freq": 7314.1640625,
      "loudness": -42.074951171875,
      "loudness_range": 31.261056900024414,
      "low_freq": 4349.24462890625,
      "mid_mean": -41.83137893676758,
      "mid_to_side_loudness": -26.187789916992188,
      "mid_to_side_loudness_range": 28.945335388183594,
      "side_mean": -66.20807647705078
    },
    {
      "high_freq": 12199.2666015625,
      "loudness": -47.26883316040039,
      "loudness_range": 33.913272857666016,
      "low_freq": 7314.1640625,
      "mid_mean": -51.49269104003906,
      "mid_to_side_loudness": -28.34278678894043,
      "mid_to_side_loudness_range": 35.0733528137207,
      "side_mean": -69.27840423583984
    },
    {
      "loudness": -63.462257385253906,
      "loudness_range": 27.199142456054688,
      "low_freq": 12199.2666015625,
      "mid_mean": -59.027652740478516,
      "mid_to_side_loudness": -29.486595153808594,
      "mid_to_side_loudness_range": 30.315505981445312,
      "side_mean": -69.94853210449219
    }
  ],
  "bandwidth": 868.3837280273438,
  "channels": 2,
  "covariance": [
    [
      66.33732604980469,
      41.53140640258789,
      24.860939025878906,
      18.49242401123047,
      12.524170875549316,
      12.861101150512695,
      39.413299560546875,
      35.96103286743164,
      44.607322692871094,
      47.26546859741211,
      42.02647399902344,
      33.10667419433594,
      32.27958297729492,
      15.664196968078613,
      54.37568664550781,
      3.079407215118408,
      30.734289169311523,
      0.23762711882591248
    ],
    [
      41.53140640258789,
      50.698890686035156,
      18.13529396057129,
      35.810577392578125,
      9.283166885375977,
      14.256330490112305,
      29.367687225341797,
      46.951351165771484,
      32.11894226074219,
      52.667640686035156,
      31.670255661010742,
      36.638553619384766,
      27.057958602905273,
      14.957128524780273,
      58.67123794555664,
      2.768366575241089,
      34.69525146484375,
      0.11680101603269577
    ],
    [
      24.860939025878906,
      18.13529396057129,
      31.25841522216797,
      18.010583877563477,
      17.905250549316406,
      15.384881973266602,
      23.520858764648438,
      23.531702041625977,
      23.261640548706055,
      25.356712341308594,
      28.727073669433594,
      22.386539459228516,
      34.73711395263672,
      9.563182830810547,
      48.32683181762695,
      1.9297009706497192,
      31.117097854614258,
      0.1423175185918808
    ],
    [
      18.49242401123047,
      35.810577392578125,
      18.010583877563477,
      46.19765090942383,
      12.584198951721191,
      19.012300491333008,
      17.99835968017578,
      49.067508697509766,
      18.072834014892578,
      48.9718132019043,
      21.829723358154297,
      36.285057067871094,
      24.68043327331543,
      15.39993667602539,
      59.34212875366211,
      3.204972267150879,
      37.31074905395508,
      0.055011335760354996
    ],
    [
      12.524170875549316,
      9.283166885375977,
      17.905250549316406,
      12.584198951721191,
      43.677650451660156,
      31.746238708496094,
      35.42223358154297,
      34.173614501953125,
      23.280866622924805,
      26.407995223999023,
      29.00261878967285,
      23.876916885375977,
      21.354162216186523,
      5.722439289093018,
      27.74822998046875,
      -0.00992631632834673,
      18.096723556518555,
      0.015134012326598167
    ],
    [
      12.861101150512695,
      14.256330490112305,
      15.384881973266602,
      19.012300491333008,
      31.746238708496094,
      41.54155731201172,
      28.93731689453125,
      37.11103820800781,
      19.909563064575195,
      30.44551658630371,
      22.817995071411133,
      26.161043167114258,
      13.98888874053955,
      7.291740417480469,
      27.277015686035156,
      0.8250678181648254,
      18.784114837646484,
      0.013751506805419922
    ],
    [
      39.413299560546875,
      29.367687225341797,
      23.520858764648438,
      17.99835968017578,
      35.42223358154297,
      28.93731689453125,
      78.82139587402344,
      62.42037582397461,
      65.79511260986328,
      61.17662811279297,
      56.48650360107422,
      42.51973342895508,
      34.178157806396484,
      10.929343223571777,
      52.51823806762695,
      1.3061892986297607,
      29.300527572631836,
      -0.00442429818212986
    ],
    [
      35.96103286743164,
      46.951351165771484,
      23.531702041625977,
      49.067508697509766,
      34.173614501953125,
      37.11103820800781,
      62.42037582397461,
      93.7318344116211,
      54.61713409423828,
      87.7894287109375,
      47.341129302978516,
      57.4797477722168,
      27.70130729675293,
      17.74254608154297,
      74.65233612060547,
      2.864461898803711,
      44.124595642089844,
      0.005625288002192974
    ],
    [
      44.607322692871094,
      32.11894226074219,
      23.261640548706055,
      18.072834014892578,
      23.280866622924805,
      19.909563064575195,
      65.79511260986328,
      54.61713409423828,
      92.17208862304688,
      70.06476593017578,
      68.39669036865234,
      49.13035202026367,
      50.51559829711914,
      16.30534553527832,
      64.46731567382812,
      2.591609001159668,
      37.73502731323242,
      0.05188394710421562
    ],
    [
      47.26546859741211,
      52.667640686035156,
      25.356712341308594,
      48.9718132019043,
      26.407995223999023,
      30.44551658630371,
      61.17662811279297,
      87.7894287109375,
      70.06476593017578,
      99.89374542236328,
      58.80807876586914,
      65.37718200683594,
      42.00407791137695,
      24.067689895629883,
      89.18000793457031,
      4.420382976531982,
      51.68309783935547,
      0.06668191403150558
    ],
    [
      42.02647399902344,
      31.670255661010742,
      28.727073669433594,
      21.829723358154297,
      29.00261878967285,
      22.817995071411133,
      56.48650360107422,
      47.341129302978516,
      68.39669036865234,
      58.80807876586914,
      85.13359069824219,
      56.177398681640625,
      77.92980194091797,
      23.00135040283203,
      90.5328140258789,
      2.848177194595337,
      56.152339935302734,
      0.11739570647478104
    ],
    [
      33.10667419433594,
      36.638553619384766,
      22.386539459228516,
      36.285057067871094,
      23.876916885375977,
      26.161043167114258,
      42.51973342895508,
      57.4797477722168,
      49.13035202026367,
      65.37718200683594,
      56.177398681640625,
      58.19492721557617,
      52.02151870727539,
      24.733867645263672,
      77.94647216796875,
      4.180369853973389,
      47.37633514404297,
      0.11627236008644104
    ],
    [
      32.27958297729492,
      27.057958602905273,
      34.73711395263672,
      24.68043327331543,
      21.354162216186523,
      13.98888874053955,
      34.178157806396484,
      27.70130729675293,
      50.51559829711914,
      42.00407791137695,
      77.92980194091797,
      52.02151870727539,
      135.6873016357422,
      29.472200393676758,
      139.18714904785156,
      4.830190658569336,
      89.53480529785156,
      0.23104709386825562
    ],
    [
      15.664196968078613,
      14.957128524780273,
      9.563182830810547,
      15.39993667602539,
      5.722439289093018,
      7.291740417480469,
      10.929343223571777,
      17.74254608154297,
      16.30534553527832,
      24.067689895629883,
      23.00135040283203,
      24.733867645263672,
      29.472200393676758,
      20.594074249267578,
      41.24978256225586,
      5.60736083984375,
      24.723772048950195,
      0.26072752475738525
    ],
    [
      54.37568664550781,
      58.67123794555664,
      48.32683181762695,
      59.34212875366211,
      27.74822998046875,
      27.277015686035156,
      52.51823806762695,
      74.65233612060547,
      64.46731567382812,
      89.18000793457031,
      90.5328140258789,
      77.94647216796875,
      139.18714904785156,
      41.24978256225586,
      201.15664672851562,
      8.94624137878418,
      122.69862365722656,
      0.37264373898506165
    ],
    [
      3.079407215118408,
      2.768366575241089,
      1.9297009706497192,
      3.204972267150879,
      -0.00992631632834673,
      0.8250678181648254,
      1.3061892986297607,
      2.864461898803711,
      2.591609001159668,
      4.420382976531982,
      2.848177194595337,
      4.180369853973389,
      4.830190658569336,
      5.60736083984375,
      8.94624137878418,
      3.4601199626922607,
      5.4607672691345215,
      0.20652227103710175
    ],
    [
      30.734289169311523,
      34.69525146484375,
      31.117097854614258,
      37.31074905395508,
      18.096723556518555,
      18.784114837646484,
      29.300527572631836,
      44.124595642089844,
      37.73502731323242,
      51.68309783935547,
      56.152339935302734,
      47.37633514404297,
      89.53480529785156,
      24.723772048950195,
      122.69862365722656,
      5.4607672691345215,
      80.3336181640625,
      0.27334126830101013
    ],
    [
      0.23762711882591248,
      0.11680101603269577,
      0.1423175185918808,
      0.055011335760354996,
      0.015134012326598167,
      0.013751506805419922,
      -0.00442429818212986,
      0.005625288002192974,
      0.05188394710421562,
      0.06668191403150558,
      0.11739570647478104,
      0.11627236008644104,
      0.23104709386825562,
      0.26072752475738525,
      0.37264373898506165,
      0.20652227103710175,
      0.27334126830101013,
      0.03701897710561752
    ]
  ],
  "covariance_short": [
    [
      63.669395446777344,
      28.041231155395508,
      25.260379791259766,
      17.168903350830078,
      10.735391616821289,
      10.104020118713379,
      33.77943420410156,
      31.277624130249023,
      34.03154754638672,
      42.31644058227539,
      27.14019012451172,
      27.618446350097656,
      27.367027282714844,
      9.988277435302734,
      40.73923110961914,
      2.074817419052124,
      20.061368942260742,
      0.15728984773159027
    ],
    [
      28.041231155395508,
      34.438289642333984,
      12.524199485778809,
      26.91499137878418,
      3.888627290725708,
      8.793805122375488,
      19.757102966308594,
      33.21513748168945,
      19.56441879272461,
      38.010719299316406,
      15.968524932861328,
      24.071855545043945,
      14.225902557373047,
      8.56809139251709,
      35.231971740722656,
      2.1150870323181152,
      17.570938110351562,
      0.09861796349287033
    ],
    [
      25.260379791259766,
      12.524199485778809,
      35.5109748840332,
      18.312368392944336,
      18.256467819213867,
      14.091261863708496,
      23.958620071411133,
      22.301855087280273,
      20.38788414001465,
      25.827526092529297,
      25.27910804748535,
      20.87830352783203,
      38.09501647949219,
      6.91113805770874,
      45.73750305175781,
      1.0794789791107178,
      28.515666961669922,
      0.14158864319324493
    ],
    [
      17.168903350830078,
      26.91499137878418,
      18.312368392944336,
      51.35417556762695,
      13.10647964477539,
      21.910396575927734,
      18.62255096435547,
      50.242271423339844,
      16.54251480102539,
      49.998836517333984,
      21.1044979095459,
      36.37528610229492,
      30.631160736083984,
      12.58791732788086,
      60.513980865478516,
      2.561244010925293,
      33.890869140625,
      0.047666843980550766
    ],
    [
      10.735391616821289,
      3.888627290725708,
      18.256467819213867,
      13.10647964477539,
      58.61598205566406,
      35.42877197265625,
      44.358909606933594,
      37.25897979736328,
      26.318851470947266,
      27.239852905273438,
      35.54951477050781,
      25.26206398010254,
      38.88050079345703,
      4.321911334991455,
      34.625282287597656,
      -0.3705221116542816,
      21.273788452148438,
      0.020956939086318016
    ],
    [
      10.104020118713379,
      8.793805122375488,
      14.091261863708496,
      21.910396575927734,
      35.42877197265625,
      48.8129768371582,
      31.098188400268555,
      41.49861145019531,
      19.17893409729004,
      34.08574295043945,
      23.631999969482422,
      27.97751235961914,
      26.141263961791992,
      6.06074857711792,
      34.610538482666016,
      0.393116295337677,
      20.36343765258789,
      -0.02823491021990776
    ],
    [
      33.77943420410156,
      19.757102966308594,
      23.958620071411133,
      18.62255096435547,
      44.358909606933594,
      31.098188400268555,
      87.70356750488281,
      63.06443786621094,
      63.62961959838867,
      60.101802825927734,
      55.41694641113281,
      42.51872253417969,
      48.00733184814453,
      8.09191608428955,
      51.53331756591797,
      0.7991825938224792,
      27.153905868530273,
      0.02120872773230076
    ],
    [
      31.277624130249023,
      33.21513748168945,
      22.301855087280273,
      50.242271423339844,
      37.25897979736328,
      41.49861145019531,
      63.06443786621094,
      95.02000427246094,
      48.02625274658203,
      86.24300384521484,
      43.25523376464844,
      56.735862731933594,
      42.07843780517578,
      14.433340072631836,
      74.38613891601562,
      2.180621385574341,
      39.32793426513672,
      0.0114179952070117
    ],
    [
      34.03154754638672,
      19.56441879272461,
      20.38788414001465,
      16.54251480102539,
      26.318851470947266,
      19.17893409729004,
      63.62961959838867,
      48.02625274658203,
      92.2236099243164,
      63.79779052734375,
      65.53382110595703,
      45.052001953125,
      57.46358871459961,
      11.184219360351562,
      55.919368743896484,
      1.477551817893982,
      31.239850997924805,
      0.06763220578432083
    ],
    [
      42.31644058227539,
      38.010719299316406,
      25.827526092529297,
      49.998836517333984,
      27.239852905273438,
      34.08574295043945,
      60.101802825927734,
      86.24300384521484,
      63.79779052734375,
      101.74951171875,
      53.912208557128906,
      65.36811065673828,
      56.138545989990234,
      20.79149055480957,
      86.55315399169922,
      3.69913387298584,
      45.03504180908203,
      0.06642825901508331
    ],
    [
      27.14019012451172,
      15.968524932861328,
      25.27910804748535,
      21.1044979095459,
      35.54951477050781,
      23.631999969482422,
      55.41694641113281,
      43.25523376464844,
      65.53382110595703,
      53.912208557128906,
      94.16462707519531,
      53.405067443847656,
      98.03398132324219,
      16.206111907958984,
      89.50145721435547,
      1.2716405391693115,
      53.5296630859375,
      0.10348150879144669
    ],
    [
      27.618446350097656,
      24.071855545043945,
      20.87830352783203,
      36.37528610229492,
      25.26206398010254,
      27.97751235961914,
      42.51872253417969,
      56.735862731933594,
      45.052001953125,
      65.36811065673828,
      53.405067443847656,
      60.79597473144531,
      63.05427551269531,
      21.92738151550293,
      76.62368774414062,
      3.602893829345703,
      41.78278350830078,
      0.11546973139047623
    ],
    [
      27.367027282714844,
      14.225902557373047,
      38.09501647949219,
      30.631160736083984,
      38.88050079345703,
      26.141263961791992,
      48.00733184814453,
      42.07843780517578,
      57.46358871459961,
      56.138545989990234,
      98.03398132324219,
      63.05427551269531,
      170.3453369140625,
      26.28656578063965,
      159.6687469482422,
      3.173341989517212,
      97.71934509277344,
      0.2548075318336487
    ],
    [
      9.988277435302734,
      8.56809139251709,
      6.91113805770874,
      12.58791732788086,
      4.321911334991455,
      6.06074857711792,
      8.09191608428955,
      14.433340072631836,
      11.184219360351562,
      20.79149055480957,
      16.206111907958984,
      21.92738151550293,
      26.28656578063965,
      22.63139533996582,
      32.29725646972656,
      5.453253269195557,
      16.79545783996582,
      0.29563817381858826
    ],
    [
      40.73923110961914,
      35.231971740722656,
      45.73750305175781,
      60.513980865478516,
      34.625282287597656,
      34.610538482666016,
      51.53331756591797,
      74.38613891601562,
      55.919368743896484,
      86.55315399169922,
      89.50145721435547,
      76.62368774414062,
      159.6687469482422,
      32.29725646972656,
      192.67001342773438,
      5.786665916442871,
      115.80473327636719,
      0.3128702640533447
    ],
    [
      2.074817419052124,
      2.1150870323181152,
      1.0794789791107178,
      2.561244010925293,
      -0.3705221116542816,
      0.393116295337677,
      0.7991825938224792,
      2.180621385574341,
      1.477551817893982,
      3.69913387298584,
      1.2716405391693115,
      3.602893829345703,
      3.173341989517212,
      5.453253269195557,
      5.786665916442871,
      3.3801326751708984,
      2.929309844970703,
      0.2467183768749237
    ],
    [
      20.061368942260742,
      17.570938110351562,
      28.515666961669922,
      33.890869140625,
      21.273788452148438,
      20.36343765258789,
      27.153905868530273,
      39.32793426513672,
      31.239850997924805,
      45.03504180908203,
      53.5296630859375,
      41.78278350830078,
      97.71934509277344,
      16.79545783996582,
      115.80473327636719,
      2.929309844970703,
      76.02954864501953,
      0.23709504306316376
    ],
    [
      0.15728984773159027,
      0.09861796349287033,
      0.14158864319324493,
      0.047666843980550766,
      0.020956939086318016,
      -0.02823491021990776,
      0.02120872773230076,
      0.0114179952070117,
      0.06763220578432083,
      0.06642825901508331,
      0.10348150879144669,
      0.11546973139047623,
      0.2548075318336487,
      0.29563817381858826,
      0.3128702640533447,
      0.2467183768749237,
      0.23709504306316376,
      0.06701195985078812
    ]
  ],
  "damage": -13.263326644897461,
  "diff_bandwidth": 876.4122314453125,
  "dissonance": 7.235527035306983,
  "drr": 7.616086006164551,
  "dynamics": 5.40174674987793,
  "format": 1245190,
  "frames": 4037568,
  "loudness": -18.837291717529297,
  "loudness_range": 15.17829418182373,
  "loudness_range_short": 17.248409271240234,
  "lowpass_true_peak_15khz": -1.7054749727249146,
  "mastering3_acoustic_entropies": [
    {
      "acoustic_entropy": 9.363544464111328,
      "acoustic_entropy_mono": 9.341107368469238,
      "band_eliminated_acoustic_entropies": [
        {
          "acoustic_entropy": 9.359625816345215,
          "acoustic_entropy_side": 9.363544464111328,
          "hz": 129.47220167065723
        },
        {
          "acoustic_entropy": 8.584076881408691,
          "acoustic_entropy_side": 9.363536834716797,
          "hz": 202.92927478742237
        },
        {
          "acoustic_entropy": 9.287172317504883,
          "acoustic_entropy_side": 9.36359691619873,
          "hz": 282.89161906338205
        },
        {
          "acoustic_entropy": 9.386143684387207,
          "acoustic_entropy_side": 9.363541603088379,
          "hz": 369.9353335868758
        },
        {
          "acoustic_entropy": 9.597452163696289,
          "acoustic_entropy_side": 9.363529205322266,
          "hz": 464.6875360973435
        },
        {
          "acoustic_entropy": 8.80044174194336,
          "acoustic_entropy_side": 9.363678932189941,
          "hz": 567.8308811364784
        },
        {
          "acoustic_entropy": 8.630322456359863,
          "acoustic_entropy_side": 9.346041679382324,
          "hz": 680.1084783214808
        },
        {
          "acoustic_entropy": 9.719271659851074,
          "acoustic_entropy_side": 9.367520332336426,
          "hz": 802.3292461747484
        },
        {
          "acoustic_entropy": 10.05090045928955,
          "acoustic_entropy_side": 9.376236915588379,
          "hz": 935.3737400823702
        },
        {
          "acoustic_entropy": 9.791528701782227,
          "acoustic_entropy_side": 9.385430335998535,
          "hz": 1080.2004963696966
        },
        {
          "acoustic_entropy": 9.695527076721191,
          "acoustic_entropy_side": 9.361564636230469,
          "hz": 1237.8529382007157
        },
        {
          "acoustic_entropy": 9.609715461730957,
          "acoustic_entropy_side": 9.338627815246582,
          "hz": 1409.4668930556702
        },
        {
          "acoustic_entropy": 9.763224601745605,
          "acoustic_entropy_side": 9.3606538772583,
          "hz": 1596.2787759475705
        },
        {
          "acoustic_entropy": 9.61609172821045,
          "acoustic_entropy_side": 9.351024627685547,
          "hz": 1799.6344973346393
        },
        {
          "acoustic_entropy": 10.041143417358398,
          "acoustic_entropy_side": 9.367570877075195,
          "hz": 2020.9991599069049
        },
        {
          "acoustic_entropy": 9.355829238891602,
          "acoustic_entropy_side": 9.352702140808105,
          "hz": 2261.9676141086993
        },
        {
          "acoustic_entropy": 9.3731050491333,
          "acoustic_entropy_side": 9.363773345947266,
          "hz": 2524.2759484456974
        },
        {
          "acoustic_entropy": 9.693807601928711,
          "acoustic_entropy_side": 9.364302635192871,
          "hz": 2809.813997359896
        },
        {
          "acoustic_entropy": 8.983166694641113,
          "acoustic_entropy_side": 9.36351203918457,
          "hz": 3120.6389567871424
        },
        {
          "acoustic_entropy": 9.190032005310059,
          "acoustic_entropy_side": 9.36349105834961,
          "hz": 3458.990205492291
        },
        {
          "acoustic_entropy": 8.832477569580078,
          "acoustic_entropy_side": 9.363429069519043,
          "hz": 3827.305438964164
        },
        {
          "acoustic_entropy": 9.242252349853516,
          "acoustic_entropy_side": 9.363532066345215,
          "hz": 4228.238232109126
        },
        {
          "acoustic_entropy": 9.316564559936523,
          "acoustic_entropy_side": 9.363536834716797,
          "hz": 4664.6771572759235
        },
        {
          "acoustic_entropy": 9.39529037475586,
          "acoustic_entropy_side": 9.363542556762695,
          "hz": 5139.766595350093
        },
        {
          "acoustic_entropy": 9.255884170532227,
          "acoustic_entropy_side": 9.363536834716797,
          "hz": 5656.929389854203
        },
        {
          "acoustic_entropy": 9.367852210998535,
          "acoustic_entropy_side": 9.363540649414062,
          "hz": 6219.891507268283
        },
        {
          "acoustic_entropy": 9.29115104675293,
          "acoustic_entropy_side": 9.363543510437012,
          "hz": 6832.70888123896
        },
        {
          "acoustic_entropy": 9.30840015411377,
          "acoustic_entropy_side": 9.363545417785645,
          "hz": 7499.796634079867
        },
        {
          "acoustic_entropy": 9.296439170837402,
          "acoustic_entropy_side": 9.363545417785645,
          "hz": 8225.96088609342
        },
        {
          "acoustic_entropy": 9.195415496826172,
          "acoustic_entropy_side": 9.363545417785645,
          "hz": 9016.43338188839
        },
        {
          "acoustic_entropy": 9.175243377685547,
          "acoustic_entropy_side": 9.363545417785645,
          "hz": 9876.909183162974
        },
        {
          "acoustic_entropy": 9.233678817749023,
          "acoustic_entropy_side": 9.363545417785645,
          "hz": 10813.587699516042
        },
        {
          "acoustic_entropy": 9.219286918640137,
          "acoustic_entropy_side": 9.363545417785645,
          "hz": 11833.21735289826
        },
        {
          "acoustic_entropy": 9.296943664550781,
          "acoustic_entropy_side": 9.363544464111328,
          "hz": 12943.144197493959
        },
        {
          "acoustic_entropy": 9.35403060913086,
          "acoustic_entropy_side": 9.363544464111328,
          "hz": 14151.364845322005
        },
        {
          "acoustic_entropy": 9.361847877502441,
          "acoustic_entropy_side": 9.363544464111328,
          "hz": 15466.58407886509
        },
        {
          "acoustic_entropy": 9.363134384155273,
          "acoustic_entropy_side": 9.363544464111328,
          "hz": 16898.27756580493
        },
        {
          "acoustic_entropy": 9.36347770690918,
          "acoustic_entropy_side": 9.363544464111328,
          "hz": 18456.760127700032
        },
        {
          "acoustic_entropy": 9.363542556762695,
          "acoustic_entropy_side": 9.363544464111328,
          "hz": 20153.260054456492
        },
        {
          "acoustic_entropy": 9.363544464111328,
          "acoustic_entropy_side": 9.363544464111328,
          "hz": 22000.00000000001
        }
      ],
      "diff_acoustic_entropy": 5.6827778816223145,
      "sn": 6
    },
    {
      "acoustic_entropy": 13.228259086608887,
      "acoustic_entropy_mono": 13.220662117004395,
      "band_eliminated_acoustic_entropies": [
        {
          "acoustic_entropy": 13.062960624694824,
          "acoustic_entropy_side": 13.22824478149414,
          "hz": 129.47220167065723
        },
        {
          "acoustic_entropy": 11.96561050415039,
          "acoustic_entropy_side": 13.227239608764648,
          "hz": 202.92927478742237
        },
        {
          "acoustic_entropy": 13.542874336242676,
          "acoustic_entropy_side": 13.227723121643066,
          "hz": 282.89161906338205
        },
        {
          "acoustic_entropy": 13.059423446655273,
          "acoustic_entropy_side": 13.227851867675781,
          "hz": 369.9353335868758
        },
        {
          "acoustic_entropy": 13.28571891784668,
          "acoustic_entropy_side": 13.228638648986816,
          "hz": 464.6875360973435
        },
        {
          "acoustic_entropy": 12.128746032714844,
          "acoustic_entropy_side": 13.231968879699707,
          "hz": 567.8308811364784
        },
        {
          "acoustic_entropy": 13.074983596801758,
          "acoustic_entropy_side": 13.207115173339844,
          "hz": 680.1084783214808
        },
        {
          "acoustic_entropy": 13.095438957214355,
          "acoustic_entropy_side": 13.253310203552246,
          "hz": 802.3292461747484
        },
        {
          "acoustic_entropy": 12.511194229125977,
          "acoustic_entropy_side": 13.233335494995117,
          "hz": 935.3737400823702
        },
        {
          "acoustic_entropy": 13.370281219482422,
          "acoustic_entropy_side": 13.186416625976562,
          "hz": 1080.2004963696966
        },
        {
          "acoustic_entropy": 13.22851276397705,
          "acoustic_entropy_side": 13.2383394241333,
          "hz": 1237.8529382007157
        },
        {
          "acoustic_entropy": 14.170756340026855,
          "acoustic_entropy_side": 13.233104705810547,
          "hz": 1409.4668930556702
        },
        {
          "acoustic_entropy": 14.707425117492676,
          "acoustic_entropy_side": 13.231742858886719,
          "hz": 1596.2787759475705
        },
        {
          "acoustic_entropy": 13.414108276367188,
          "acoustic_entropy_side": 13.256450653076172,
          "hz": 1799.6344973346393
        },
        {
          "acoustic_entropy": 13.411723136901855,
          "acoustic_entropy_side": 13.21465015411377,
          "hz": 2020.9991599069049
        },
        {
          "acoustic_entropy": 13.229728698730469,
          "acoustic_entropy_side": 13.240028381347656,
          "hz": 2261.9676141086993
        },
        {
          "acoustic_entropy": 13.200013160705566,
          "acoustic_entropy_side": 13.232433319091797,
          "hz": 2524.2759484456974
        },
        {
          "acoustic_entropy": 13.099922180175781,
          "acoustic_entropy_side": 13.238822937011719,
          "hz": 2809.813997359896
        },
        {
          "acoustic_entropy": 13.034903526306152,
          "acoustic_entropy_side": 13.22081184387207,
          "hz": 3120.6389567871424
        },
        {
          "acoustic_entropy": 13.387328147888184,
          "acoustic_entropy_side": 13.228782653808594,
          "hz": 3458.990205492291
        },
        {
          "acoustic_entropy": 13.220413208007812,
          "acoustic_entropy_side": 13.228397369384766,
          "hz": 3827.305438964164
        },
        {
          "acoustic_entropy": 13.23148250579834,
          "acoustic_entropy_side": 13.228333473205566,
          "hz": 4228.238232109126
        },
        {
          "acoustic_entropy": 13.378387451171875,
          "acoustic_entropy_side": 13.228391647338867,
          "hz": 4664.6771572759235
        },
        {
          "acoustic_entropy": 13.3496675491333,
          "acoustic_entropy_side": 13.228311538696289,
          "hz": 5139.766595350093
        },
        {
          "acoustic_entropy": 13.221583366394043,
          "acoustic_entropy_side": 13.228303909301758,
          "hz": 5656.929389854203
        },
        {
          "acoustic_entropy": 13.262430191040039,
          "acoustic_entropy_side": 13.228275299072266,
          "hz": 6219.891507268283
        },
        {
          "acoustic_entropy": 13.255842208862305,
          "acoustic_entropy_side": 13.22826862335205,
          "hz": 6832.70888123896
        },
        {
          "acoustic_entropy": 13.257746696472168,
          "acoustic_entropy_side": 13.22826099395752,
          "hz": 7499.796634079867
        },
        {
          "acoustic_entropy": 13.268034934997559,
          "acoustic_entropy_side": 13.228260040283203,
          "hz": 8225.96088609342
        },
        {
          "acoustic_entropy": 13.286393165588379,
          "acoustic_entropy_side": 13.228260040283203,
          "hz": 9016.43338188839
        },
        {
          "acoustic_entropy": 13.286969184875488,
          "acoustic_entropy_side": 13.228260040283203,
          "hz": 9876.909183162974
        },
        {
          "acoustic_entropy": 13.270474433898926,
          "acoustic_entropy_side": 13.228260040283203,
          "hz": 10813.587699516042
        },
        {
          "acoustic_entropy": 13.292105674743652,
          "acoustic_entropy_side": 13.228260040283203,
          "hz": 11833.21735289826
        },
        {
          "acoustic_entropy": 13.29336166381836,
          "acoustic_entropy_side": 13.228259086608887,
          "hz": 12943.144197493959
        },
        {
          "acoustic_entropy": 13.244885444641113,
          "acoustic_entropy_side": 13.228259086608887,
          "hz": 14151.364845322005
        },
        {
          "acoustic_entropy": 13.231270790100098,
          "acoustic_entropy_side": 13.228259086608887,
          "hz": 15466.58407886509
        },
        {
          "acoustic_entropy": 13.228494644165039,
          "acoustic_entropy_side": 13.228259086608887,
          "hz": 16898.27756580493
        },
        {
          "acoustic_entropy": 13.228328704833984,
          "acoustic_entropy_side": 13.228259086608887,
          "hz": 18456.760127700032
        },
        {
          "acoustic_entropy": 13.228282928466797,
          "acoustic_entropy_side": 13.228259086608887,
          "hz": 20153.260054456492
        },
        {
          "acoustic_entropy": 13.228259086608887,
          "acoustic_entropy_side": 13.228259086608887,
          "hz": 22000.00000000001
        }
      ],
      "diff_acoustic_entropy": 8.066386222839355,
      "sn": 12
    },
    {
      "acoustic_entropy": 19.004276275634766,
      "acoustic_entropy_mono": 19.689525604248047,
      "band_eliminated_acoustic_entropies": [
        {
          "acoustic_entropy": 18.401395797729492,
          "acoustic_entropy_side": 19.003719329833984,
          "hz": 129.47220167065723
        },
        {
          "acoustic_entropy": 18.203628540039062,
          "acoustic_entropy_side": 18.925701141357422,
          "hz": 202.92927478742237
        },
        {
          "acoustic_entropy": 19.276933670043945,
          "acoustic_entropy_side": 18.951091766357422,
          "hz": 282.89161906338205
        },
        {
          "acoustic_entropy": 19.211254119873047,
          "acoustic_entropy_side": 18.997873306274414,
          "hz": 369.9353335868758
        },
        {
          "acoustic_entropy": 18.355836868286133,
          "acoustic_entropy_side": 19.04010772705078,
          "hz": 464.6875360973435
        },
        {
          "acoustic_entropy": 18.19513511657715,
          "acoustic_entropy_side": 19.018230438232422,
          "hz": 567.8308811364784
        },
        {
          "acoustic_entropy": 18.527793884277344,
          "acoustic_entropy_side": 18.85173797607422,
          "hz": 680.1084783214808
        },
        {
          "acoustic_entropy": 18.050397872924805,
          "acoustic_entropy_side": 18.9151554107666,
          "hz": 802.3292461747484
        },
        {
          "acoustic_entropy": 18.1384334564209,
          "acoustic_entropy_side": 19.234996795654297,
          "hz": 935.3737400823702
        },
        {
          "acoustic_entropy": 19.20696449279785,
          "acoustic_entropy_side": 19.17945671081543,
          "hz": 1080.2004963696966
        },
        {
          "acoustic_entropy": 18.239931106567383,
          "acoustic_entropy_side": 18.526899337768555,
          "hz": 1237.8529382007157
        },
        {
          "acoustic_entropy": 18.965024948120117,
          "acoustic_entropy_side": 18.96592140197754,
          "hz": 1409.4668930556702
        },
        {
          "acoustic_entropy": 18.436649322509766,
          "acoustic_entropy_side": 18.564088821411133,
          "hz": 1596.2787759475705
        },
        {
          "acoustic_entropy": 19.192943572998047,
          "acoustic_entropy_side": 19.6322021484375,
          "hz": 1799.6344973346393
        },
        {
          "acoustic_entropy": 18.964651107788086,
          "acoustic_entropy_side": 18.836071014404297,
          "hz": 2020.9991599069049
        },
        {
          "acoustic_entropy": 18.326425552368164,
          "acoustic_entropy_side": 19.356107711791992,
          "hz": 2261.9676141086993
        },
        {
          "acoustic_entropy": 19.05990219116211,
          "acoustic_entropy_side": 18.8302059173584,
          "hz": 2524.2759484456974
        },
        {
          "acoustic_entropy": 18.889930725097656,
          "acoustic_entropy_side": 18.894428253173828,
          "hz": 2809.813997359896
        },
        {
