{
  "acoustic_entropy": 125.38525390625,
  "bands": [
    {
      "high_freq": 148.1999969482422,
      "loudness": -71.87372589111328,
      "loudness_range": 25.861480712890625,
      "mid_mean": -65.58499145507812,
      "mid_to_side_loudness": -6.939089775085449,
      "mid_to_side_loudness_range": 7.0037031173706055,
      "side_mean": -68.13521575927734
    },
    {
      "high_freq": 392.3793640136719,
      "loudness": -46.70829772949219,
      "loudness_range": 31.61915397644043,
      "low_freq": 148.1999969482422,
      "mid_mean": -44.56496047973633,
      "mid_to_side_loudness": -8.030177116394043,
      "mid_to_side_loudness_range": 11.81851577758789,
      "side_mean": -54.21998596191406
    },
    {
      "high_freq": 794.6976318359375,
      "loudness": -42.397987365722656,
      "loudness_range": 27.546728134155273,
      "low_freq": 392.3793640136719,
      "mid_mean": -41.39517593383789,
      "mid_to_side_loudness": -3.000227689743042,
      "mid_to_side_loudness_range": 9.958892822265625,
      "side_mean": -44.3350715637207
    },
    {
      "high_freq": 1457.5709228515625,
      "loudness": -46.1148681640625,
      "loudness_range": 30.286212921142578,
      "low_freq": 794.6976318359375,
      "mid_mean": -45.38062286376953,
      "mid_to_side_loudness": -3.492854118347168,
      "mid_to_side_loudness_range": 10.868253707885742,
      "side_mean": -50.816307067871094
    },
    {
      "high_freq": 2549.74365234375,
      "loudness": -51.89705276489258,
      "loudness_range": 36.55255889892578,
      "low_freq": 1457.5709228515625,
      "mid_mean": -59.53778839111328,
      "mid_to_side_loudness": -0.8588882684707642,
      "mid_to_side_loudness_range": 6.888823509216309,
      "side_mean": -59.98159408569336
    },
    {
      "high_freq": 4349.24462890625,
      "loudness": -54.29527282714844,
      "loudness_range": 29.993335723876953,
      "low_freq": 2549.74365234375,
      "mid_mean": -64.35907745361328,
      "mid_to_side_loudness": -1.450341820716858,
      "mid_to_side_loudness_range": 6.327571392059326,
      "side_mean": -64.95319366455078
    },
    {
      "high_freq": 7314.1640625,
      "loudness": -63.848777770996094,
      "loudness_range": 26.82242202758789,
      "low_freq": 4349.24462890625,
      "mid_mean": -68.03862762451172,
      "mid_to_side_loudness": -0.27924978733062744,
      "mid_to_side_loudness_range": 3.765263557434082,
      "side_mean": -67.96049499511719
    },
    {
      "high_freq": 12199.2666015625,
      "loudness": -72.6266860961914,
      "loudness_range": 23.26097869873047,
      "low_freq": 7314.1640625,
      "mid_mean": -69.4342041015625,
      "mid_to_side_loudness": -0.8386166095733643,
      "mid_to_side_loudness_range": 2.3794946670532227,
      "side_mean": -69.47459411621094
    },
    {
      "loudness": 0,
      "loudness_range": 0,
      "low_freq": 12199.2666015625,
      "mid_mean": -69.93230438232422,
      "mid_to_side_loudness": -0.9508002400398254,
      "mid_to_side_loudness_range": 1.5292768478393555,
      "side_mean": -69.94327545166016
    }
  ],
  "bands_short": [
    {
      "high_freq": 148.1999969482422,
      "loudness": -74.31431579589844,
      "loudness_range": 22.818546295166016,
      "mid_mean": -67.39642333984375,
      "mid_to_side_loudness": -6.889593601226807,
      "mid_to_side_loudness_range": 13.556035995483398,
      "side_mean": -69.1793212890625
    },
    {
      "high_freq": 392.3793640136719,
      "loudness": -49.03891372680664,
      "loudness_range": 32.767616271972656,
      "low_freq": 148.1999969482422,
      "mid_mean": -48.87074279785156,
      "mid_to_side_loudness": -7.527425765991211,
      "mid_to_side_loudness_range": 14.946024894714355,
      "side_mean": -56.238037109375
    },
    {
      "high_freq": 794.6976318359375,
      "loudness": -42.893760681152344,
      "loudness_range": 29.25959587097168,
      "low_freq": 392.3793640136719,
      "mid_mean": -41.751556396484375,
      "mid_to_side_loudness": -4.021228790283203,
      "mid_to_side_loudness_range": 13.825915336608887,
      "side_mean": -46.37510299682617
    },
    {
      "high_freq": 1457.5709228515625,
      "loudness": -46.86655807495117,
      "loudness_range": 30.441226959228516,
      "low_freq": 794.6976318359375,
      "mid_mean": -46.415809631347656,
      "mid_to_side_loudness": -3.4876270294189453,
      "mid_to_side_loudness_range": 11.614129066467285,
      "side_mean": -51.73162078857422
    },
    {
      "high_freq": 2549.74365234375,
      "loudness": -53.36993408203125,
      "loudness_range": 37.0828971862793,
      "low_freq": 1457.5709228515625,
      "mid_mean": -60.37942123413086,
      "mid_to_side_loudness": -0.9734959006309509,
      "mid_to_side_loudness_range": 9.555874824523926,
      "side_mean": -60.82398223876953
    },
    {
      "high_freq": 4349.24462890625,
      "loudness": -56.087642669677734,
      "loudness_range": 31.942066192626953,
      "low_freq": 2549.74365234375,
      "mid_mean": -64.6689453125,
      "mid_to_side_loudness": -1.3185639381408691,
      "mid_to_side_loudness_range": 9.54608154296875,
      "side_mean": -65.18359375
    },
    {
      "high_freq": 7314.1640625,
      "loudness": -66.10997009277344,
      "loudness_range": 27.919326782226562,
      "low_freq": 4349.24462890625,
      "mid_mean": -68.45655822753906,
      "mid_to_side_loudness": -0.33906254172325134,
      "mid_to_side_loudness_range": 5.7865095138549805,
      "side_mean": -68.37981414794922
    },
    {
      "high_freq": 12199.2666015625,
      "loudness": -73.81402587890625,
      "loudness_range": 23.038509368896484,
      "low_freq": 7314.1640625,
      "mid_mean": -69.59954071044922,
      "mid_to_side_loudness": -0.8482142090797424,
      "mid_to_side_loudness_range": 3.4160971641540527,
      "side_mean": -69.62899780273438
    },
    {
      "loudness": -86.04971313476562,
      "loudness_range": 9.553077697753906,
      "low_freq": 12199.2666015625,
      "mid_mean": -69.93268585205078,
      "mid_to_side_loudness": -0.95843505859375,
      "mid_to_side_loudness_range": 2.596139907836914,
      "side_mean": -69.94368743896484
    }
  ],
  "bandwidth": 721.91455078125,
  "channels": 2,
  "covariance": [
    [
      36.97642135620117,
      22.293622970581055,
      36.34900665283203,
      36.79155731201172,
      32.35280990600586,
      32.92169952392578,
      39.2569580078125,
      44.02005386352539,
      59.40712356567383,
      58.77064895629883,
      42.70269012451172,
      39.539207458496094,
      19.954320907592773,
      20.420053482055664,
      5.817173004150391,
      5.509384632110596,
      0.1629316657781601,
      0.17148582637310028
    ],
    [
      22.293622970581055,
      14.871244430541992,
      19.199573516845703,
      19.63022232055664,
      15.13735294342041,
      15.61385726928711,
      19.914051055908203,
      22.076536178588867,
      30.481569290161133,
      30.26711082458496,
      21.964723587036133,
      20.505407333374023,
      10.695015907287598,
      10.91663932800293,
      3.113018274307251,
      2.939383029937744,
      0.09538479894399643,
      0.10128961503505707
    ],
    [
      36.34900665283203,
      19.199573516845703,
      126.50743865966797,
      99.58450317382812,
      70.78559112548828,
      76.5005111694336,
      57.06779098510742,
      63.22715759277344,
      89.82449340820312,
      86.6266098022461,
      64.58525848388672,
      59.20472717285156,
      26.99995994567871,
      28.067218780517578,
      7.2247419357299805,
      7.111838340759277,
      0.2172962874174118,
      0.2166319489479065
    ],
    [
      36.79155731201172,
      19.63022232055664,
      99.58450317382812,
      103.1672134399414,
      62.752952575683594,
      63.989017486572266,
      60.86632537841797,
      78.78765106201172,
      92.27674102783203,
      89.08680725097656,
      63.083595275878906,
      57.82061767578125,
      25.567058563232422,
      26.61541748046875,
      6.791598796844482,
      6.612310886383057,
      0.2290196567773819,
      0.2273293435573578
    ],
    [
      32.35280990600586,
      15.13735294342041,
      70.78559112548828,
      62.752952575683594,
      95.04444122314453,
      88.22692108154297,
      68.2619857788086,
      73.45195007324219,
      90.94627380371094,
      89.59834289550781,
      63.361637115478516,
      57.308048248291016,
      25.39501190185547,
      26.47018814086914,
      6.855186462402344,
      6.619204521179199,
      0.21158570051193237,
      0.20891189575195312
    ],
    [
      32.92169952392578,
      15.61385726928711,
      76.5005111694336,
      63.989017486572266,
      88.22692108154297,
      99.42330932617188,
      65.80427551269531,
      73.34825134277344,
      92.2549819946289,
      90.60549926757812,
      64.34429168701172,
      57.82322692871094,
      27.858488082885742,
      29.138713836669922,
      7.759064674377441,
      7.4392194747924805,
      0.221269890666008,
      0.2297980636358261
    ],
    [
      39.2569580078125,
      19.914051055908203,
      57.06779098510742,
      60.86632537841797,
      68.2619857788086,
      65.80427551269531,
      112.6429214477539,
      109.06330108642578,
      104.4923324584961,
      102.61290740966797,
      71.9889907836914,
      66.29605102539062,
      30.861257553100586,
      31.93126678466797,
      9.051962852478027,
      8.445276260375977,
      0.3127269744873047,
      0.3135415315628052
    ],
    [
      44.02005386352539,
      22.076536178588867,
      63.22715759277344,
      78.78765106201172,
      73.45195007324219,
      73.34825134277344,
      109.06330108642578,
      142.63116455078125,
      122.68865966796875,
      119.99140930175781,
      81.10980224609375,
      74.04859924316406,
      33.88463592529297,
      35.06912612915039,
      9.743175506591797,
      9.118997573852539,
      0.36258915066719055,
      0.36211755871772766
    ],
    [
      59.40712356567383,
      30.481569290161133,
      89.82449340820312,
      92.27674102783203,
      90.94627380371094,
      92.2549819946289,
      104.4923324584961,
      122.68865966796875,
      166.86509704589844,
      162.38270568847656,
      115.29449462890625,
      105.35118103027344,
      46.87039566040039,
      48.72697830200195,
      13.530714988708496,
      12.665645599365234,
      0.3954443037509918,
      0.40241530537605286
    ],
    [
      58.77064895629883,
      30.26711082458496,
      86.6266098022461,
      89.08680725097656,
      89.59834289550781,
      90.60549926757812,
      102.61290740966797,
      119.99140930175781,
      162.38270568847656,
      160.28378295898438,
      113.28639221191406,
      103.7975845336914,
      46.281211853027344,
      48.00663757324219,
      13.392702102661133,
      12.523900032043457,
      0.40111982822418213,
      0.40829411149024963
    ],
    [
      42.70269012451172,
      21.964723587036133,
      64.58525848388672,
      63.083595275878906,
      63.361637115478516,
      64.34429168701172,
      71.9889907836914,
      81.10980224609375,
      115.29449462890625,
      113.28639221191406,
      89.4378662109375,
      81.984130859375,
      39.08431625366211,
      40.33372497558594,
      11.778753280639648,
      11.03048324584961,
      0.3377220332622528,
      0.3445771634578705
    ],
    [
      39.539207458496094,
      20.505407333374023,
      59.20472717285156,
      57.82061767578125,
      57.308048248291016,
      57.82322692871094,
      66.29605102539062,
      74.04859924316406,
      105.35118103027344,
      103.7975845336914,
      81.984130859375,
      76.51983642578125,
      36.85109329223633,
      37.91408920288086,
      11.081393241882324,
      10.457917213439941,
      0.32301032543182373,
      0.3275393545627594
    ],
    [
      19.954320907592773,
      10.695015907287598,
      26.99995994567871,
      25.567058563232422,
      25.39501190185547,
      27.858488082885742,
      30.861257553100586,
      33.88463592529297,
      46.87039566040039,
      46.281211853027344,
      39.08431625366211,
      36.85109329223633,
      23.06264877319336,
      23.49867057800293,
      7.797379970550537,
      7.378025054931641,
      0.2171548753976822,
      0.22489379346370697
    ],
    [
      20.420053482055664,
      10.91663932800293,
      28.067218780517578,
      26.61541748046875,
      26.47018814086914,
      29.138713836669922,
      31.93126678466797,
      35.06912612915039,
      48.72697830200195,
      48.00663757324219,
      40.33372497558594,
      37.91408920288086,
      23.49867057800293,
      24.33868408203125,
      7.880031108856201,
      7.438826560974121,
      0.21626445651054382,
      0.22460238635540009
    ],
    [
      5.817173004150391,
      3.113018274307251,
      7.2247419357299805,
      6.791598796844482,
      6.855186462402344,
      7.759064674377441,
      9.051962852478027,
      9.743175506591797,
      13.530714988708496,
      13.392702102661133,
      11.778753280639648,
      11.081393241882324,
      7.797379970550537,
      7.880031108856201,
      3.432929039001465,
      3.1434061527252197,
      0.10342060774564743,
      0.10707274824380875
    ],
    [
      5.509384632110596,
      2.939383029937744,
      7.111838340759277,
      6.612310886383057,
      6.619204521179199,
      7.4392194747924805,
      8.445276260375977,
      9.118997573852539,
      12.665645599365234,
      12.523900032043457,
      11.03048324584961,
      10.457917213439941,
      7.378025054931641,
      7.438826560974121,
      3.1434061527252197,
      2.999513864517212,
      0.09482451528310776,
      0.0987153872847557
    ],
    [
      0.1629316657781601,
      0.09538479894399643,
      0.2172962874174118,
      0.2290196567773819,
      0.21158570051193237,
      0.221269890666008,
      0.3127269744873047,
      0.36258915066719055,
      0.3954443037509918,
      0.40111982822418213,
      0.3377220332622528,
      0.32301032543182373,
      0.2171548753976822,
      0.21626445651054382,
      0.10342060774564743,
      0.09482451528310776,
      0.006343515124171972,
      0.006268605124205351
    ],
    [
      0.17148582637310028,
      0.10128961503505707,
      0.2166319489479065,
      0.2273293435573578,
      0.20891189575195312,
      0.2297980636358261,
      0.3135415315628052,
      0.36211755871772766,
      0.40241530537605286,
      0.40829411149024963,
      0.3445771634578705,
      0.3275393545627594,
      0.22489379346370697,
      0.22460238635540009,
      0.10707274824380875,
      0.0987153872847557,
      0.006268605124205351,
      0.006509294733405113
    ]
  ],
  "covariance_short": [
    [
      20.491792678833008,
      8.974703788757324,
      26.433956146240234,
      24.213735580444336,
      20.55190086364746,
      22.201791763305664,
      24.844758987426758,
      27.14058494567871,
      36.76958084106445,
      36.57487106323242,
      27.480911254882812,
      25.431751251220703,
      11.502311706542969,
      11.75924301147461,
      3.1238858699798584,
      3.0149548053741455,
      0.10244528949260712,
      0.10818181186914444
    ],
    [
      8.974703788757324,
      5.093907356262207,
      9.805245399475098,
      9.324417114257812,
      6.422772407531738,
      7.028439521789551,
      8.306447982788086,
      9.172993659973145,
      12.984161376953125,
      13.005804061889648,
      9.64360523223877,
      8.99380874633789,
      4.083785057067871,
      4.1375885009765625,
      1.0342481136322021,
      1.0157897472381592,
      0.033650968223810196,
      0.03523746505379677
    ],
    [
      26.433956146240234,
      9.805245399475098,
      151.97528076171875,
      109.28490447998047,
      79.63361358642578,
      95.46315002441406,
      58.71141052246094,
      75.26712036132812,
      95.58949279785156,
      91.49903869628906,
      65.57022857666016,
      60.36909103393555,
      25.074064254760742,
      26.430585861206055,
      6.211654186248779,
      5.97730016708374,
      0.2545942962169647,
      0.2535918653011322
    ],
    [
      24.213735580444336,
      9.324417114257812,
      109.28490447998047,
      97.10511779785156,
      63.246009826660156,
      71.43144989013672,
      58.633567810058594,
      74.67581939697266,
      88.29302978515625,
      85.2134780883789,
      60.06208419799805,
      55.46683883666992,
      22.10321044921875,
      23.290241241455078,
      5.25216817855835,
      5.0318145751953125,
      0.22030559182167053,
      0.22066427767276764
    ],
    [
      20.55190086364746,
      6.422772407531738,
      79.63361358642578,
      63.246009826660156,
      103.27426147460938,
      93.37980651855469,
      75.7608642578125,
      78.55207061767578,
      85.56522369384766,
      83.4690933227539,
      58.71711349487305,
      53.10017395019531,
      20.953813552856445,
      22.053081512451172,
      5.270676612854004,
      5.103318214416504,
      0.248228520154953,
      0.24033786356449127
    ],
    [
      22.201791763305664,
      7.028439521789551,
      95.46315002441406,
      71.43144989013672,
      93.37980651855469,
      118.25546264648438,
      70.26942443847656,
      76.80728912353516,
      93.12722778320312,
      90.98419189453125,
      64.89673614501953,
      58.696712493896484,
      24.58611488342285,
      26.030729293823242,
      6.293727397918701,
      5.971762180328369,
      0.25417375564575195,
      0.2580622136592865
    ],
    [
      24.844758987426758,
      8.306447982788086,
      58.71141052246094,
      58.633567810058594,
      75.7608642578125,
      70.26942443847656,
      123.9734878540039,
      117.15979766845703,
      100.22515106201172,
      98.3676986694336,
      70.3740234375,
      64.99703216552734,
      26.002260208129883,
      27.22420883178711,
      6.925282001495361,
      6.5366902351379395,
      0.34055784344673157,
      0.33864614367485046
    ],
    [
      27.14058494567871,
      9.172993659973145,
      75.26712036132812,
      74.67581939697266,
      78.55207061767578,
      76.80728912353516,
      117.15979766845703,
      146.15476989746094,
      114.81908416748047,
      112.6342544555664,
      78.2024917602539,
      72.01032257080078,
      28.089656829833984,
      29.39891815185547,
      7.318711757659912,
      6.917291641235352,
      0.38220518827438354,
      0.3755490779876709
    ],
    [
      36.76958084106445,
      12.984161376953125,
      95.58949279785156,
      88.29302978515625,
      85.56522369384766,
      93.12722778320312,
      100.22515106201172,
      114.81908416748047,
      151.10289001464844,
      146.37579345703125,
      104.17974853515625,
      95.63924407958984,
      37.083736419677734,
      38.90803909301758,
      9.719452857971191,
      9.13228988647461,
      0.3964413106441498,
      0.4036291837692261
    ],
    [
      36.57487106323242,
      13.005804061889648,
      91.49903869628906,
      85.2134780883789,
      83.4690933227539,
      90.98419189453125,
      98.3676986694336,
      112.6342544555664,
      146.37579345703125,
      145.8407440185547,
      102.47010040283203,
      94.63719940185547,
      36.87986373901367,
      38.53479766845703,
      9.665303230285645,
      9.115775108337402,
      0.40338045358657837,
      0.4118904769420624
    ],
    [
      27.480911254882812,
      9.64360523223877,
      65.57022857666016,
      60.06208419799805,
      58.71711349487305,
      64.89673614501953,
      70.3740234375,
      78.2024917602539,
      104.17974853515625,
      102.47010040283203,
      83.38495635986328,
      75.86538696289062,
      32.43278121948242,
      33.80470275878906,
      8.946653366088867,
      8.50026798248291,
      0.3591979742050171,
      0.3695746064186096
    ],
    [
      25.431751251220703,
      8.99380874633789,
      60.36909103393555,
      55.46683883666992,
      53.10017395019531,
      58.696712493896484,
      64.99703216552734,
      72.01032257080078,
      95.63924407958984,
      94.63719940185547,
      75.86538696289062,
      71.47671508789062,
      30.49590492248535,
      31.6210880279541,
      8.338973999023438,
      7.962602615356445,
      0.3419497311115265,
      0.34956592321395874
    ],
    [
      11.502311706542969,
      4.083785057067871,
      25.074064254760742,
      22.10321044921875,
      20.953813552856445,
      24.58611488342285,
      26.002260208129883,
      28.089656829833984,
      37.083736419677734,
      36.87986373901367,
      32.43278121948242,
      30.49590492248535,
      17.8053035736084,
      18.081523895263672,
      5.758469104766846,
      5.507110118865967,
      0.2433951497077942,
      0.2526380717754364
    ],
    [
      11.75924301147461,
      4.1375885009765625,
      26.430585861206055,
      23.290241241455078,
      22.053081512451172,
      26.030729293823242,
      27.22420883178711,
      29.39891815185547,
      38.90803909301758,
      38.53479766845703,
      33.80470275878906,
      31.6210880279541,
      18.081523895263672,
      19.04674530029297,
      5.83290433883667,
      5.559720993041992,
      0.2446966916322708,
      0.25521329045295715
    ],
    [
      3.1238858699798584,
      1.0342481136322021,
      6.211654186248779,
      5.25216817855835,
      5.270676612854004,
      6.293727397918701,
      6.925282001495361,
      7.318711757659912,
      9.719452857971191,
      9.665303230285645,
      8.946653366088867,
      8.338973999023438,
      5.758469104766846,
      5.83290433883667,
      2.7298409938812256,
      2.5163984298706055,
      0.13614660501480103,
      0.14064934849739075
    ],
    [
      3.0149548053741455,
      1.0157897472381592,
      5.97730016708374,
      5.0318145751953125,
      5.103318214416504,
      5.971762180328369,
      6.5366902351379395,
      6.917291641235352,
      9.13228988647461,
      9.115775108337402,
      8.50026798248291,
      7.962602615356445,
      5.507110118865967,
      5.559720993041992,
      2.5163984298706055,
      2.4911389350891113,
      0.1300022155046463,
      0.13508811593055725
    ],
    [
      0.10244528949260712,
      0.033650968223810196,
      0.2545942962169647,
      0.22030559182167053,
      0.248228520154953,
      0.25417375564575195,
      0.34055784344673157,
      0.38220518827438354,
      0.3964413106441498,
      0.40338045358657837,
      0.3591979742050171,
      0.3419497311115265,
      0.2433951497077942,
      0.2446966916322708,
      0.13614660501480103,
      0.1300022155046463,
      0.018548164516687393,
      0.018496470525860786
    ],
    [
      0.10818181186914444,
      0.03523746505379677,
      0.2535918653011322,
      0.22066427767276764,
      0.24033786356449127,
      0.2580622136592865,
      0.33864614367485046,
      0.3755490779876709,
      0.4036291837692261,
      0.4118904769420624,
      0.3695746064186096,
      0.34956592321395874,
      0.2526380717754364,
      0.25521329045295715,
      0.14064934849739075,
      0.13508811593055725,
      0.018496470525860786,
      0.019768239930272102
    ]
  ],
  "damage": -21.15221405029297,
  "diff_bandwidth": 748.7582397460938,
  "dissonance": 5.1273054253196175,
  "drr": 10.821477890014648,
  "dynamics": 7.710281848907471,
  "format": 1245190,
  "frames": 16394240,
  "loudness": -33.65074157714844,
  "loudness_range": 25.376741409301758,
  "loudness_range_short": 29.149124145507812,
  "lowpass_true_peak_15khz": -3.9614367485046387,
  "mastering3_acoustic_entropies": [
    {
      "acoustic_entropy": 6.9176788330078125,
      "acoustic_entropy_mono": 6.426770210266113,
      "band_eliminated_acoustic_entropies": [
        {
          "acoustic_entropy": 6.917848587036133,
          "acoustic_entropy_side": 6.917684555053711,
          "hz": 129.47220167065723
        },
        {
          "acoustic_entropy": 6.9261651039123535,
          "acoustic_entropy_side": 6.918191432952881,
          "hz": 202.92927478742237
        },
        {
          "acoustic_entropy": 7.002788543701172,
          "acoustic_entropy_side": 6.934757232666016,
          "hz": 282.89161906338205
        },
        {
          "acoustic_entropy": 7.025432586669922,
          "acoustic_entropy_side": 6.986896991729736,
          "hz": 369.9353335868758
        },
        {
          "acoustic_entropy": 6.154184341430664,
          "acoustic_entropy_side": 6.874378681182861,
          "hz": 464.6875360973435
        },
        {
          "acoustic_entropy": 6.884710311889648,
          "acoustic_entropy_side": 6.873657703399658,
          "hz": 567.8308811364784
        },
        {
          "acoustic_entropy": 6.864182472229004,
          "acoustic_entropy_side": 6.9533586502075195,
          "hz": 680.1084783214808
        },
        {
          "acoustic_entropy": 6.967823505401611,
          "acoustic_entropy_side": 7.127583026885986,
          "hz": 802.3292461747484
        },
        {
          "acoustic_entropy": 7.138782978057861,
          "acoustic_entropy_side": 6.997930526733398,
          "hz": 935.3737400823702
        },
        {
          "acoustic_entropy": 6.989516735076904,
          "acoustic_entropy_side": 6.874424934387207,
          "hz": 1080.2004963696966
        },
        {
          "acoustic_entropy": 7.094227313995361,
          "acoustic_entropy_side": 6.953128814697266,
          "hz": 1237.8529382007157
        },
        {
          "acoustic_entropy": 7.564252853393555,
          "acoustic_entropy_side": 6.7214860916137695,
          "hz": 1409.4668930556702
        },
        {
          "acoustic_entropy": 6.536614418029785,
          "acoustic_entropy_side": 6.947141647338867,
          "hz": 1596.2787759475705
        },
        {
          "acoustic_entropy": 6.6401286125183105,
          "acoustic_entropy_side": 6.687478065490723,
          "hz": 1799.6344973346393
        },
        {
          "acoustic_entropy": 6.882065773010254,
          "acoustic_entropy_side": 6.82553768157959,
          "hz": 2020.9991599069049
        },
        {
          "acoustic_entropy": 6.708948612213135,
          "acoustic_entropy_side": 6.8437395095825195,
          "hz": 2261.9676141086993
        },
        {
          "acoustic_entropy": 6.827259540557861,
          "acoustic_entropy_side": 6.840566158294678,
          "hz": 2524.2759484456974
        },
        {
          "acoustic_entropy": 7.0792236328125,
          "acoustic_entropy_side": 7.045108795166016,
          "hz": 2809.813997359896
        },
        {
          "acoustic_entropy": 6.735068321228027,
          "acoustic_entropy_side": 6.854432582855225,
          "hz": 3120.6389567871424
        },
        {
          "acoustic_entropy": 6.848124980926514,
          "acoustic_entropy_side": 6.88698673248291,
          "hz": 3458.990205492291
        },
        {
          "acoustic_entropy": 6.7114644050598145,
          "acoustic_entropy_side": 6.81816291809082,
          "hz": 3827.305438964164
        },
        {
          "acoustic_entropy": 6.877496242523193,
          "acoustic_entropy_side": 6.900250434875488,
          "hz": 4228.238232109126
        },
        {
          "acoustic_entropy": 6.919501304626465,
          "acoustic_entropy_side": 6.913041114807129,
          "hz": 4664.6771572759235
        },
        {
          "acoustic_entropy": 6.9107441902160645,
          "acoustic_entropy_side": 6.911383628845215,
          "hz": 5139.766595350093
        },
        {
          "acoustic_entropy": 6.925565719604492,
          "acoustic_entropy_side": 6.922252178192139,
          "hz": 5656.929389854203
        },
        {
          "acoustic_entropy": 6.916950702667236,
          "acoustic_entropy_side": 6.917299747467041,
          "hz": 6219.891507268283
        },
        {
          "acoustic_entropy": 6.916809558868408,
          "acoustic_entropy_side": 6.917264461517334,
          "hz": 6832.70888123896
        },
        {
          "acoustic_entropy": 6.9141693115234375,
          "acoustic_entropy_side": 6.914872169494629,
          "hz": 7499.796634079867
        },
        {
          "acoustic_entropy": 6.913496494293213,
          "acoustic_entropy_side": 6.915217876434326,
          "hz": 8225.96088609342
        },
        {
          "acoustic_entropy": 6.917596340179443,
          "acoustic_entropy_side": 6.917630195617676,
          "hz": 9016.43338188839
        },
        {
          "acoustic_entropy": 6.917667865753174,
          "acoustic_entropy_side": 6.9176764488220215,
          "hz": 9876.909183162974
        },
        {
          "acoustic_entropy": 6.9176788330078125,
          "acoustic_entropy_side": 6.9176788330078125,
          "hz": 10813.587699516042
        },
        {
          "acoustic_entropy": 6.91767692565918,
          "acoustic_entropy_side": 6.91767692565918,
          "hz": 11833.21735289826
        },
        {
          "acoustic_entropy": 6.91767692565918,
          "acoustic_entropy_side": 6.917677879333496,
          "hz": 12943.144197493959
        },
        {
          "acoustic_entropy": 6.9176788330078125,
          "acoustic_entropy_side": 6.9176788330078125,
          "hz": 14151.364845322005
        },
        {
          "acoustic_entropy": 6.9176788330078125,
          "acoustic_entropy_side": 6.9176788330078125,
          "hz": 15466.58407886509
        },
        {
          "acoustic_entropy": 6.9176788330078125,
          "acoustic_entropy_side": 6.9176788330078125,
          "hz": 16898.27756580493
        },
        {
          "acoustic_entropy": 6.9176788330078125,
          "acoustic_entropy_side": 6.9176788330078125,
          "hz": 18456.760127700032
        },
        {
          "acoustic_entropy": 6.9176788330078125,
          "acoustic_entropy_side": 6.9176788330078125,
          "hz": 20153.260054456492
        },
        {
          "acoustic_entropy": 6.9176788330078125,
          "acoustic_entropy_side": 6.9176788330078125,
          "hz": 22000.00000000001
        }
      ],
      "diff_acoustic_entropy": 3.9411911964416504,
      "sn": 6
    },
    {
      "acoustic_entropy": 10.543961524963379,
      "acoustic_entropy_mono": 9.348573684692383,
      "band_eliminated_acoustic_entropies": [
        {
          "acoustic_entropy": 10.548951148986816,
          "acoustic_entropy_side": 10.544556617736816,
          "hz": 129.47220167065723
        },
        {
          "acoustic_entropy": 10.516751289367676,
          "acoustic_entropy_side": 10.543281555175781,
          "hz": 202.92927478742237
        },
        {
          "acoustic_entropy": 9.972529411315918,
          "acoustic_entropy_side": 10.55151081085205,
          "hz": 282.89161906338205
        },
        {
          "acoustic_entropy": 10.540156364440918,
          "acoustic_entropy_side": 10.757080078125,
          "hz": 369.9353335868758
        },
        {
          "acoustic_entropy": 9.594743728637695,
          "acoustic_entropy_side": 10.218950271606445,
          "hz": 464.6875360973435
        },
        {
          "acoustic_entropy": 10.566483497619629,
          "acoustic_entropy_side": 11.17624282836914,
          "hz": 567.8308811364784
        },
        {
          "acoustic_entropy": 10.955578804016113,
          "acoustic_entropy_side": 11.009847640991211,
          "hz": 680.1084783214808
        },
        {
          "acoustic_entropy": 11.436162948608398,
          "acoustic_entropy_side": 11.449549674987793,
          "hz": 802.3292461747484
        },
        {
          "acoustic_entropy": 10.516518592834473,
          "acoustic_entropy_side": 10.627324104309082,
          "hz": 935.3737400823702
        },
        {
          "acoustic_entropy": 10.807644844055176,
          "acoustic_entropy_side": 11.008164405822754,
          "hz": 1080.2004963696966
        },
        {
          "acoustic_entropy": 9.861822128295898,
          "acoustic_entropy_side": 10.993359565734863,
          "hz": 1237.8529382007157
        },
        {
          "acoustic_entropy": 11.306982040405273,
          "acoustic_entropy_side": 10.477058410644531,
          "hz": 1409.4668930556702
        },
        {
          "acoustic_entropy": 10.569511413574219,
          "acoustic_entropy_side": 10.504659652709961,
          "hz": 1596.2787759475705
        },
        {
          "acoustic_entropy": 10.489886283874512,
          "acoustic_entropy_side": 10.485018730163574,
          "hz": 1799.6344973346393
        },
        {
          "acoustic_entropy": 10.809220314025879,
          "acoustic_entropy_side": 10.862305641174316,
          "hz": 2020.9991599069049
        },
        {
          "acoustic_entropy": 10.525921821594238,
          "acoustic_entropy_side": 10.489547729492188,
          "hz": 2261.9676141086993
        },
        {
          "acoustic_entropy": 10.332470893859863,
          "acoustic_entropy_side": 10.50015926361084,
          "hz": 2524.2759484456974
        },
        {
          "acoustic_entropy": 10.638566970825195,
          "acoustic_entropy_side": 10.667871475219727,
          "hz": 2809.813997359896
        },
        {
          "acoustic_entropy": 10.697131156921387,
          "acoustic_entropy_side": 10.5372896194458,
          "hz": 3120.6389567871424
        },
        {
          "acoustic_entropy": 10.451441764831543,
          "acoustic_entropy_side": 10.467035293579102,
          "hz": 3458.990205492291
        },
        {
          "acoustic_entropy": 10.56653881072998,
          "acoustic_entropy_side": 10.53931713104248,
          "hz": 3827.305438964164
        },
        {
          "acoustic_entropy": 10.609703063964844,
          "acoustic_entropy_side": 10.586603164672852,
          "hz": 4228.238232109126
        },
        {
          "acoustic_entropy": 10.557693481445312,
          "acoustic_entropy_side": 10.54915714263916,
          "hz": 4664.6771572759235
        },
        {
          "acoustic_entropy": 10.563950538635254,
          "acoustic_entropy_side": 10.558470726013184,
          "hz": 5139.766595350093
        },
        {
          "acoustic_entropy": 10.56934928894043,
          "acoustic_entropy_side": 10.555213928222656,
          "hz": 5656.929389854203
        },
        {
          "acoustic_entropy": 10.556050300598145,
          "acoustic_entropy_side": 10.54761791229248,
          "hz": 6219.891507268283
        },
        {
          "acoustic_entropy": 10.550325393676758,
          "acoustic_entropy_side": 10.546542167663574,
          "hz": 6832.70888123896
        },
        {
          "acoustic_entropy": 10.557755470275879,
          "acoustic_entropy_side": 10.548608779907227,
          "hz": 7499.796634079867
        },
        {
          "acoustic_entropy": 10.552801132202148,
          "acoustic_entropy_side": 10.547239303588867,
          "hz": 8225.96088609342
        },
        {
          "acoustic_entropy": 10.544411659240723,
          "acoustic_entropy_side": 10.544182777404785,
          "hz": 9016.43338188839
        },
        {
          "acoustic_entropy": 10.544180870056152,
          "acoustic_entropy_side": 10.544085502624512,
          "hz": 9876.909183162974
        },
        {
          "acoustic_entropy": 10.544063568115234,
          "acoustic_entropy_side": 10.544031143188477,
          "hz": 10813.587699516042
        },
        {
          "acoustic_entropy": 10.544010162353516,
          "acoustic_entropy_side": 10.543986320495605,
          "hz": 11833.21735289826
        },
        {
          "acoustic_entropy": 10.543970108032227,
          "acoustic_entropy_side": 10.543964385986328,
          "hz": 12943.144197493959
        },
        {
          "acoustic_entropy": 10.543962478637695,
          "acoustic_entropy_side": 10.543962478637695,
          "hz": 14151.364845322005
        },
        {
          "acoustic_entropy": 10.543961524963379,
          "acoustic_entropy_side": 10.543961524963379,
          "hz": 15466.58407886509
        },
        {
          "acoustic_entropy": 10.543961524963379,
          "acoustic_entropy_side": 10.543961524963379,
          "hz": 16898.27756580493
        },
        {
          "acoustic_entropy": 10.543961524963379,
          "acoustic_entropy_side": 10.543961524963379,
          "hz": 18456.760127700032
        },
        {
          "acoustic_entropy": 10.543961524963379,
          "acoustic_entropy_side": 10.543961524963379,
          "hz": 20153.260054456492
        },
        {
          "acoustic_entropy": 10.543961524963379,
          "acoustic_entropy_side": 10.543961524963379,
          "hz": 22000.00000000001
        }
      ],
      "diff_acoustic_entropy": 6.846595764160156,
      "sn": 12
    },
    {
      "acoustic_entropy": 18.065338134765625,
      "acoustic_entropy_mono": 15.90146541595459,
      "band_eliminated_acoustic_entropies": [
        {
          "acoustic_entropy": 18.122961044311523,
          "acoustic_entropy_side": 18.08051109313965,
          "hz": 129.47220167065723
        },
        {
          "acoustic_entropy": 18.055644989013672,
          "acoustic_entropy_side": 18.073274612426758,
          "hz": 202.92927478742237
        },
        {
          "acoustic_entropy": 17.645612716674805,
          "acoustic_entropy_side": 17.84185791015625,
          "hz": 282.89161906338205
        },
        {
          "acoustic_entropy": 18.23231315612793,
          "acoustic_entropy_side": 18.037715911865234,
          "hz": 369.9353335868758
        },
        {
          "acoustic_entropy": 16.68512725830078,
          "acoustic_entropy_side": 18.089359283447266,
          "hz": 464.6875360973435
        },
        {
          "acoustic_entropy": 16.765178680419922,
          "acoustic_entropy_side": 18.347368240356445,
          "hz": 567.8308811364784
        },
        {
          "acoustic_entropy": 17.507143020629883,
          "acoustic_entropy_side": 18.3450870513916,
          "hz": 680.1084783214808
        },
        {
          "acoustic_entropy": 18.774394989013672,
          "acoustic_entropy_side": 17.969043731689453,
          "hz": 802.3292461747484
        },
        {
          "acoustic_entropy": 17.573698043823242,
          "acoustic_entropy_side": 18.19171714782715,
          "hz": 935.3737400823702
        },
        {
          "acoustic_entropy": 17.481985092163086,
          "acoustic_entropy_side": 17.749664306640625,
          "hz": 1080.2004963696966
        },
        {
          "acoustic_entropy": 17.86874771118164,
          "acoustic_entropy_side": 17.687698364257812,
          "hz": 1237.8529382007157
        },
        {
          "acoustic_entropy": 17.913339614868164,
          "acoustic_entropy_side": 17.73801040649414,
          "hz": 1409.4668930556702
        },
        {
          "acoustic_entropy": 17.974069595336914,
          "acoustic_entropy_side": 18.522388458251953,
          "hz": 1596.2787759475705
        },
        {
          "acoustic_entropy": 17.844482421875,
          "acoustic_entropy_side": 18.309574127197266,
          "hz": 1799.6344973346393
        },
        {
          "acoustic_entropy": 18.096086502075195,
          "acoustic_entropy_side": 17.928077697753906,
          "hz": 2020.9991599069049
        },
        {
          "acoustic_entropy": 17.909786224365234,
          "acoustic_entropy_side": 18.095788955688477,
          "hz": 2261.9676141086993
        },
        {
          "acoustic_entropy": 18.183170318603516,
          "acoustic_entropy_side": 18.159818649291992,
          "hz": 2524.2759484456974
        },
        {
          "acoustic_entropy": 17.881366729736328,
          "acoustic_entropy_side": 17.896419525146484,
          "hz": 2809.813997359896
        },
        {
          "acoustic_entropy": 17.662559509277344,
