{
  "acoustic_entropy": 188.34754943847656,
  "bands": [
    {
      "high_freq": 148.1999969482422,
      "loudness": -33.57352066040039,
      "loudness_range": 18.22918701171875,
      "mid_mean": -30.250831604003906,
      "mid_to_side_loudness": -12.284157752990723,
      "mid_to_side_loudness_range": 12.564674377441406,
      "side_mean": -42.775272369384766
    },
    {
      "high_freq": 392.3793640136719,
      "loudness": -24.807552337646484,
      "loudness_range": 10.89377212524414,
      "low_freq": 148.1999969482422,
      "mid_mean": -21.683778762817383,
      "mid_to_side_loudness": -9.107880592346191,
      "mid_to_side_loudness_range": 12.833436965942383,
      "side_mean": -31.3428955078125
    },
    {
      "high_freq": 794.6976318359375,
      "loudness": -26.2869815826416,
      "loudness_range": 14.089624404907227,
      "low_freq": 392.3793640136719,
      "mid_mean": -23.389310836791992,
      "mid_to_side_loudness": -7.956664085388184,
      "mid_to_side_loudness_range": 11.484720230102539,
      "side_mean": -31.84235954284668
    },
    {
      "high_freq": 1457.5709228515625,
      "loudness": -32.9868049621582,
      "loudness_range": 22.718374252319336,
      "low_freq": 794.6976318359375,
      "mid_mean": -30.618776321411133,
      "mid_to_side_loudness": -6.041215419769287,
      "mid_to_side_loudness_range": 14.159214973449707,
      "side_mean": -37.009220123291016
    },
    {
      "high_freq": 2549.74365234375,
      "loudness": -38.06245422363281,
      "loudness_range": 29.319618225097656,
      "low_freq": 1457.5709228515625,
      "mid_mean": -36.0799560546875,
      "mid_to_side_loudness": -5.519070148468018,
      "mid_to_side_loudness_range": 18.10854148864746,
      "side_mean": -42.015708923339844
    },
    {
      "high_freq": 4349.24462890625,
      "loudness": -41.02677536010742,
      "loudness_range": 25.762775421142578,
      "low_freq": 2549.74365234375,
      "mid_mean": -38.643951416015625,
      "mid_to_side_loudness": -6.760954856872559,
      "mid_to_side_loudness_range": 15.862092971801758,
      "side_mean": -46.070316314697266
    },
    {
      "high_freq": 7314.1640625,
      "loudness": -45.02555465698242,
      "loudness_range": 20.502391815185547,
      "low_freq": 4349.24462890625,
      "mid_mean": -42.41905975341797,
      "mid_to_side_loudness": -7.818704128265381,
      "mid_to_side_loudness_range": 15.335616111755371,
      "side_mean": -51.60481643676758
    },
    {
      "high_freq": 12199.2666015625,
      "loudness": -52.406070709228516,
      "loudness_range": 17.01618194580078,
      "low_freq": 7314.1640625,
      "mid_mean": -51.10218048095703,
      "mid_to_side_loudness": -7.609297752380371,
      "mid_to_side_loudness_range": 15.771512031555176,
      "side_mean": -58.1479377746582
    },
    {
      "loudness": -63.431922912597656,
      "loudness_range": 20.00210189819336,
      "low_freq": 12199.2666015625,
      "mid_mean": -60.41982650756836,
      "mid_to_side_loudness": -7.3299384117126465,
      "mid_to_side_loudness_range": 15.050690650939941,
      "side_mean": -65.52076721191406
    }
  ],
  "bands_short": [
    {
      "high_freq": 148.1999969482422,
      "loudness": -38.91942596435547,
      "loudness_range": 23.620059967041016,
      "mid_mean": -36.02201843261719,
      "mid_to_side_loudness": -11.109488487243652,
      "mid_to_side_loudness_range": 19.93663787841797,
      "side_mean": -47.37124252319336
    },
    {
      "high_freq": 392.3793640136719,
      "loudness": -24.935026168823242,
      "loudness_range": 12.695858001708984,
      "low_freq": 148.1999969482422,
      "mid_mean": -21.94754409790039,
      "mid_to_side_loudness": -9.229694366455078,
      "mid_to_side_loudness_range": 13.987335205078125,
      "side_mean": -31.527660369873047
    },
    {
      "high_freq": 794.6976318359375,
      "loudness": -27.108192443847656,
      "loudness_range": 15.791414260864258,
      "low_freq": 392.3793640136719,
      "mid_mean": -24.316862106323242,
      "mid_to_side_loudness": -7.956264972686768,
      "mid_to_side_loudness_range": 14.050480842590332,
      "side_mean": -32.82188034057617
    },
    {
      "high_freq": 1457.5709228515625,
      "loudness": -31.924650192260742,
      "loudness_range": 21.644569396972656,
      "low_freq": 794.6976318359375,
      "mid_mean": -29.834102630615234,
      "mid_to_side_loudness": -5.6003923416137695,
      "mid_to_side_loudness_range": 16.163349151611328,
      "side_mean": -35.782066345214844
    },
    {
      "high_freq": 2549.74365234375,
      "loudness": -38.80206298828125,
      "loudness_range": 30.45833969116211,
      "low_freq": 1457.5709228515625,
      "mid_mean": -37.07395935058594,
      "mid_to_side_loudness": -4.964954376220703,
      "mid_to_side_loudness_range": 19.419967651367188,
      "side_mean": -42.634605407714844
    },
    {
      "high_freq": 4349.24462890625,
      "loudness": -42.10971450805664,
      "loudness_range": 28.1135196685791,
      "low_freq": 2549.74365234375,
      "mid_mean": -39.8306999206543,
      "mid_to_side_loudness": -6.424193859100342,
      "mid_to_side_loudness_range": 17.87163734436035,
      "side_mean": -47.142486572265625
    },
    {
      "high_freq": 7314.1640625,
      "loudness": -45.80774688720703,
      "loudness_range": 23.08116912841797,
      "low_freq": 4349.24462890625,
      "mid_mean": -43.48207473754883,
      "mid_to_side_loudness": -7.399527072906494,
      "mid_to_side_loudness_range": 17.57509422302246,
      "side_mean": -52.64699172973633
    },
    {
      "high_freq": 12199.2666015625,
      "loudness": -53.85293197631836,
      "loudness_range": 21.245391845703125,
      "low_freq": 7314.1640625,
      "mid_mean": -52.96162414550781,
      "mid_to_side_loudness": -7.057773113250732,
      "mid_to_side_loudness_range": 17.249923706054688,
      "side_mean": -59.51865005493164
    },
    {
      "loudness": -65.3433609008789,
      "loudness_range": 21.736209869384766,
      "low_freq": 12199.2666015625,
      "mid_mean": -62.17986297607422,
      "mid_to_side_loudness": -6.748385429382324,
      "mid_to_side_loudness_range": 16.044452667236328,
      "side_mean": -66.66790771484375
    }
  ],
  "bandwidth": 606.139892578125,
  "channels": 2,
  "covariance": [
    [
      39.10639953613281,
      30.526607513427734,
      7.821070194244385,
      4.071156024932861,
      7.229374885559082,
      3.4014523029327393,
      6.752252578735352,
      5.369025230407715,
      6.970864295959473,
      5.969951152801514,
      9.431466102600098,
      4.86696720123291,
      8.23617935180664,
      7.8024001121521,
      8.382019996643066,
      3.6390299797058105,
      6.9395527839660645,
      2.17472505569458
    ],
    [
      30.526607513427734,
      39.85306167602539,
      8.305099487304688,
      5.789679527282715,
      7.121039867401123,
      5.091835975646973,
      8.282766342163086,
      5.704521656036377,
      9.18337631225586,
      7.099912166595459,
      13.682731628417969,
      11.013741493225098,
      11.279095649719238,
      12.395140647888184,
      10.812230110168457,
      8.09338665008545,
      7.343529224395752,
      5.097161769866943
    ],
    [
      7.821070194244385,
      8.305099487304688,
      18.06340980529785,
      9.62535285949707,
      5.629654407501221,
      4.946905136108398,
      4.35783576965332,
      3.8989756107330322,
      5.2687835693359375,
      3.8034303188323975,
      7.429508209228516,
      7.241192817687988,
      7.011215686798096,
      5.086882591247559,
      6.801496982574463,
      3.898021936416626,
      4.0213823318481445,
      2.191926956176758
    ],
    [
      4.071156024932861,
      5.789679527282715,
      9.62535285949707,
      17.027605056762695,
      2.9124035835266113,
      5.310210704803467,
      2.1128952503204346,
      2.55937123298645,
      3.504398822784424,
      5.243691921234131,
      2.9384751319885254,
      4.308121681213379,
      3.3393330574035645,
      7.368339538574219,
      5.98069953918457,
      4.668459892272949,
      2.952841281890869,
      1.9993728399276733
    ],
    [
      7.229374885559082,
      7.121039867401123,
      5.629654407501221,
      2.9124035835266113,
      30.125131607055664,
      17.992111206054688,
      19.799076080322266,
      12.710923194885254,
      20.900922775268555,
      13.928657531738281,
      24.57671356201172,
      19.858360290527344,
      15.209982872009277,
      12.782039642333984,
      19.44160270690918,
      12.675329208374023,
      7.752425670623779,
      3.978588104248047
    ],
    [
      3.4014523029327393,
      5.091835975646973,
      4.946905136108398,
      5.310210704803467,
      17.992111206054688,
      19.81207847595215,
      15.81473445892334,
      13.476524353027344,
      16.31065559387207,
      14.674800872802734,
      15.794596672058105,
      17.207441329956055,
      9.811278343200684,
      12.982436180114746,
      14.104726791381836,
      10.523966789245605,
      4.326779842376709,
      2.6524815559387207
    ],
    [
      6.752252578735352,
      8.282766342163086,
      4.35783576965332,
      2.1128952503204346,
      19.799076080322266,
      15.81473445892334,
      76.1737060546875,
      46.67549514770508,
      85.91505432128906,
      55.5238037109375,
      44.05908203125,
      36.471343994140625,
      30.136701583862305,
      27.392072677612305,
      34.830570220947266,
      21.73882293701172,
      13.216367721557617,
      4.84250020980835
    ],
    [
      5.369025230407715,
      5.704521656036377,
      3.8989756107330322,
      2.55937123298645,
      12.710923194885254,
      13.476524353027344,
      46.67549514770508,
      44.61024475097656,
      51.63749694824219,
      46.740142822265625,
      24.081987380981445,
      25.17931365966797,
      17.051502227783203,
      20.14287757873535,
      19.687904357910156,
      15.401775360107422,
      6.601658344268799,
      3.590534210205078
    ],
    [
      6.970864295959473,
      9.18337631225586,
      5.2687835693359375,
      3.504398822784424,
      20.900922775268555,
      16.31065559387207,
      85.91505432128906,
      51.63749694824219,
      120.29304504394531,
      76.38587951660156,
      57.62112045288086,
      44.68608474731445,
      42.553775787353516,
      36.327308654785156,
      43.30839157104492,
      26.022260665893555,
      15.233935356140137,
      4.869783878326416
    ],
    [
      5.969951152801514,
      7.099912166595459,
      3.8034303188323975,
      5.243691921234131,
      13.928657531738281,
      14.674800872802734,
      55.5238037109375,
      46.740142822265625,
      76.38587951660156,
      73.13294219970703,
      34.100894927978516,
      33.66878890991211,
      25.764467239379883,
      29.199607849121094,
      26.478796005249023,
      22.68970489501953,
      8.87054443359375,
      6.074711799621582
    ],
    [
      9.431466102600098,
      13.682731628417969,
      7.429508209228516,
      2.9384751319885254,
      24.57671356201172,
      15.794596672058105,
      44.05908203125,
      24.081987380981445,
      57.62112045288086,
      34.100894927978516,
      85.20075225830078,
      54.58319854736328,
      55.49748611450195,
      39.7509880065918,
      45.83790969848633,
      25.56779670715332,
      19.229650497436523,
      8.074454307556152
    ],
    [
      4.86696720123291,
      11.013741493225098,
      7.241192817687988,
      4.308121681213379,
      19.858360290527344,
      17.207441329956055,
      36.471343994140625,
      25.17931365966797,
      44.68608474731445,
      33.66878890991211,
      54.58319854736328,
      59.15310287475586,
      35.6829833984375,
      42.68061065673828,
      36.209285736083984,
      30.5907039642334,
      15.28822135925293,
      12.978151321411133
    ],
    [
      8.23617935180664,
      11.279095649719238,
      7.011215686798096,
      3.3393330574035645,
      15.209982872009277,
      9.811278343200684,
      30.136701583862305,
      17.051502227783203,
      42.553775787353516,
      25.764467239379883,
      55.49748611450195,
      35.6829833984375,
      61.11304473876953,
      37.311161041259766,
      41.524906158447266,
      21.146127700805664,
      26.653865814208984,
      9.214080810546875
    ],
    [
      7.8024001121521,
      12.395140647888184,
      5.086882591247559,
      7.368339538574219,
      12.782039642333984,
      12.982436180114746,
      27.392072677612305,
      20.14287757873535,
      36.327308654785156,
      29.199607849121094,
      39.7509880065918,
      42.68061065673828,
      37.311161041259766,
      57.12523651123047,
      46.76959991455078,
      36.559532165527344,
      25.778736114501953,
      17.231367111206055
    ],
    [
      8.382019996643066,
      10.812230110168457,
      6.801496982574463,
      5.98069953918457,
      19.44160270690918,
      14.104726791381836,
      34.830570220947266,
      19.687904357910156,
      43.30839157104492,
      26.478796005249023,
      45.83790969848633,
      36.209285736083984,
      41.524906158447266,
      46.76959991455078,
      69.32994079589844,
      41.08966064453125,
      39.617130279541016,
      18.171857833862305
    ],
    [
      3.6390299797058105,
      8.09338665008545,
      3.898021936416626,
      4.668459892272949,
      12.675329208374023,
      10.523966789245605,
      21.73882293701172,
      15.401775360107422,
      26.022260665893555,
      22.68970489501953,
      25.56779670715332,
      30.5907039642334,
      21.146127700805664,
      36.559532165527344,
      41.08966064453125,
      40.13262176513672,
      23.649234771728516,
      20.10102081298828
    ],
    [
      6.9395527839660645,
      7.343529224395752,
      4.0213823318481445,
      2.952841281890869,
      7.752425670623779,
      4.326779842376709,
      13.216367721557617,
      6.601658344268799,
      15.233935356140137,
      8.87054443359375,
      19.229650497436523,
      15.28822135925293,
      26.653865814208984,
      25.778736114501953,
      39.617130279541016,
      23.649234771728516,
      37.48495101928711,
      16.241561889648438
    ],
    [
      2.17472505569458,
      5.097161769866943,
      2.191926956176758,
      1.9993728399276733,
      3.978588104248047,
      2.6524815559387207,
      4.84250020980835,
      3.590534210205078,
      4.869783878326416,
      6.074711799621582,
      8.074454307556152,
      12.978151321411133,
      9.214080810546875,
      17.231367111206055,
      18.171857833862305,
      20.10102081298828,
      16.241561889648438,
      16.326690673828125
    ]
  ],
  "covariance_short": [
    [
      69.39075469970703,
      38.0240478515625,
      18.82577896118164,
      7.581533908843994,
      16.577232360839844,
      8.13762092590332,
      10.288541793823242,
      7.4337639808654785,
      10.64948844909668,
      5.987509727478027,
      16.237390518188477,
      9.565055847167969,
      12.197826385498047,
      7.663003921508789,
      10.72581672668457,
      3.6259706020355225,
      7.5063276290893555,
      1.4378955364227295
    ],
    [
      38.0240478515625,
      53.079010009765625,
      13.567709922790527,
      8.233243942260742,
      11.957013130187988,
      8.443151473999023,
      9.811817169189453,
      7.46118688583374,
      11.427961349487305,
      7.635830879211426,
      18.171972274780273,
      14.332097053527832,
      12.265528678894043,
      10.815634727478027,
      13.203035354614258,
      6.8758864402771,
      5.856332302093506,
      2.166496753692627
    ],
    [
      18.82577896118164,
      13.567709922790527,
      25.53376579284668,
      12.802668571472168,
      8.103758811950684,
      7.4863176345825195,
      4.597015380859375,
      4.7728095054626465,
      6.078617572784424,
      5.19246244430542,
      8.44810962677002,
      7.6432785987854,
      7.523824691772461,
      7.286940574645996,
      9.97848892211914,
      5.166935443878174,
      6.325507640838623,
      2.5504913330078125
    ],
    [
      7.581533908843994,
      8.233243942260742,
      12.802668571472168,
      20.831092834472656,
      4.351798057556152,
      6.402613162994385,
      2.145040273666382,
      2.6694719791412354,
      3.575000286102295,
      5.3975749015808105,
      4.224188804626465,
      4.740297317504883,
      4.357137680053711,
      7.6132893562316895,
      7.377011299133301,
      4.939777851104736,
      4.249183654785156,
      2.0252108573913574
    ],
    [
      16.577232360839844,
      11.957013130187988,
      8.103758811950684,
      4.351798057556152,
      38.49665069580078,
      20.49198341369629,
      21.88508415222168,
      13.773353576660156,
      24.108173370361328,
      15.185844421386719,
      28.516637802124023,
      21.83060073852539,
      17.3535213470459,
      14.241178512573242,
      22.8673095703125,
      13.224495887756348,
      10.518304824829102,
      3.6524875164031982
    ],
    [
      8.13762092590332,
      8.443151473999023,
      7.4863176345825195,
      6.402613162994385,
      20.49198341369629,
      25.238990783691406,
      15.916478157043457,
      13.861871719360352,
      16.27910804748535,
      14.693962097167969,
      16.56267547607422,
      19.346942901611328,
      10.268278121948242,
      14.62288761138916,
      16.197595596313477,
      11.82285213470459,
      6.249889373779297,
      2.928158760070801
    ],
    [
      10.288541793823242,
      9.811817169189453,
      4.597015380859375,
      2.145040273666382,
      21.88508415222168,
      15.916478157043457,
      71.96528625488281,
      39.33655548095703,
      82.39226531982422,
      51.85102462768555,
      44.070030212402344,
      35.18423843383789,
      33.18281936645508,
      29.00543785095215,
      40.66733169555664,
      22.350971221923828,
      17.024951934814453,
      5.049961566925049
    ],
    [
      7.4337639808654785,
      7.46118688583374,
      4.7728095054626465,
      2.6694719791412354,
      13.773353576660156,
      13.861871719360352,
      39.33655548095703,
      40.502445220947266,
      46.031700134277344,
      40.873382568359375,
      22.9007625579834,
      25.129161834716797,
      16.05057716369629,
      21.092975616455078,
      22.023813247680664,
      16.368789672851562,
      7.9366326332092285,
      3.8526530265808105
    ],
    [
      10.64948844909668,
      11.427961349487305,
      6.078617572784424,
      3.575000286102295,
      24.108173370361328,
      16.27910804748535,
      82.39226531982422,
      46.031700134277344,
      129.19773864746094,
      79.93995666503906,
      64.86517333984375,
      47.743316650390625,
      51.41157150268555,
      42.24745559692383,
      58.17222595214844,
      31.179475784301758,
      25.090261459350586,
      7.061870098114014
    ],
    [
      5.987509727478027,
      7.635830879211426,
      5.19246244430542,
      5.3975749015808105,
      15.185844421386719,
      14.693962097167969,
      51.85102462768555,
      40.873382568359375,
      79.93995666503906,
      79.23739624023438,
      36.582176208496094,
      37.199317932128906,
      28.933086395263672,
      33.45787048339844,
      34.33719253540039,
      26.2172908782959,
      14.00418472290039,
      6.784754753112793
    ],
    [
      16.237390518188477,
      18.171972274780273,
      8.44810962677002,
      4.224188804626465,
      28.516637802124023,
      16.56267547607422,
      44.070030212402344,
      22.9007625579834,
      64.86517333984375,
      36.582176208496094,
      100.3129653930664,
      61.097564697265625,
      67.28038787841797,
      46.46211242675781,
      62.318931579589844,
      31.46664810180664,
      29.05489730834961,
      10.079766273498535
    ],
    [
      9.565055847167969,
      14.332097053527832,
      7.6432785987854,
      4.740297317504883,
      21.83060073852539,
      19.346942901611328,
      35.18423843383789,
      25.129161834716797,
      47.743316650390625,
      37.199317932128906,
      61.097564697265625,
      67.22057342529297,
      41.02906799316406,
      49.490013122558594,
      44.46437454223633,
      33.9148063659668,
      19.28246307373047,
      12.00146484375
    ],
    [
      12.197826385498047,
      12.265528678894043,
      7.523824691772461,
      4.357137680053711,
      17.3535213470459,
      10.268278121948242,
      33.18281936645508,
      16.05057716369629,
      51.41157150268555,
      28.933086395263672,
      67.28038787841797,
      41.02906799316406,
      77.00171661376953,
      42.885684967041016,
      54.123226165771484,
      26.939064025878906,
      32.39885330200195,
      11.361005783081055
    ],
    [
      7.663003921508789,
      10.815634727478027,
      7.286940574645996,
      7.6132893562316895,
      14.241178512573242,
      14.62288761138916,
      29.00543785095215,
      21.092975616455078,
      42.24745559692383,
      33.45787048339844,
      46.46211242675781,
      49.490013122558594,
      42.885684967041016,
      63.83989715576172,
      50.38787078857422,
      38.48983383178711,
      25.604154586791992,
      15.75611686706543
    ],
    [
      10.72581672668457,
      13.203035354614258,
      9.97848892211914,
      7.377011299133301,
      22.8673095703125,
      16.197595596313477,
      40.66733169555664,
      22.023813247680664,
      58.17222595214844,
      34.33719253540039,
      62.318931579589844,
      44.46437454223633,
      54.123226165771484,
      50.38787078857422,
      85.44755554199219,
      45.49188232421875,
      46.121891021728516,
      17.603260040283203
    ],
    [
      3.6259706020355225,
      6.8758864402771,
      5.166935443878174,
      4.939777851104736,
      13.224495887756348,
      11.82285213470459,
      22.350971221923828,
      16.368789672851562,
      31.179475784301758,
      26.2172908782959,
      31.46664810180664,
      33.9148063659668,
      26.939064025878906,
      38.48983383178711,
      45.49188232421875,
      41.00251770019531,
      24.947067260742188,
      17.7477970123291
    ],
    [
      7.5063276290893555,
      5.856332302093506,
      6.325507640838623,
      4.249183654785156,
      10.518304824829102,
      6.249889373779297,
      17.024951934814453,
      7.9366326332092285,
      25.090261459350586,
      14.00418472290039,
      29.05489730834961,
      19.28246307373047,
      32.39885330200195,
      25.604154586791992,
      46.121891021728516,
      24.947067260742188,
      39.52089309692383,
      15.400233268737793
    ],
    [
      1.4378955364227295,
      2.166496753692627,
      2.5504913330078125,
      2.0252108573913574,
      3.6524875164031982,
      2.928158760070801,
      5.049961566925049,
      3.8526530265808105,
      7.061870098114014,
      6.784754753112793,
      10.079766273498535,
      12.00146484375,
      11.361005783081055,
      15.75611686706543,
      17.603260040283203,
      17.7477970123291,
      15.400233268737793,
      14.558770179748535
    ]
  ],
  "damage": -9.545380592346191,
  "diff_bandwidth": 669.9046020507812,
  "dissonance": 5.073327283494033,
  "drr": 1.5083427429199219,
  "dynamics": 3.7143547534942627,
  "format": 1245190,
  "frames": 6817792,
  "loudness": -16.52588653564453,
  "loudness_range": 10.335025787353516,
  "loudness_range_short": 12.739948272705078,
  "lowpass_true_peak_15khz": -0.6201423406600952,
  "mastering3_acoustic_entropies": [
    {
      "acoustic_entropy": 9.39684009552002,
      "acoustic_entropy_mono": 10.224977493286133,
      "band_eliminated_acoustic_entropies": [
        {
          "acoustic_entropy": 9.437104225158691,
          "acoustic_entropy_side": 9.397768020629883,
          "hz": 129.47220167065723
        },
        {
          "acoustic_entropy": 9.94835376739502,
          "acoustic_entropy_side": 9.430696487426758,
          "hz": 202.92927478742237
        },
        {
          "acoustic_entropy": 10.422736167907715,
          "acoustic_entropy_side": 9.438077926635742,
          "hz": 282.89161906338205
        },
        {
          "acoustic_entropy": 9.539644241333008,
          "acoustic_entropy_side": 9.633909225463867,
          "hz": 369.9353335868758
        },
        {
          "acoustic_entropy": 10.019735336303711,
          "acoustic_entropy_side": 9.252275466918945,
          "hz": 464.6875360973435
        },
        {
          "acoustic_entropy": 9.337278366088867,
          "acoustic_entropy_side": 9.792168617248535,
          "hz": 567.8308811364784
        },
        {
          "acoustic_entropy": 9.831778526306152,
          "acoustic_entropy_side": 9.4594144821167,
          "hz": 680.1084783214808
        },
        {
          "acoustic_entropy": 9.580841064453125,
          "acoustic_entropy_side": 9.53714656829834,
          "hz": 802.3292461747484
        },
        {
          "acoustic_entropy": 10.001579284667969,
          "acoustic_entropy_side": 9.2803316116333,
          "hz": 935.3737400823702
        },
        {
          "acoustic_entropy": 9.995744705200195,
          "acoustic_entropy_side": 9.572725296020508,
          "hz": 1080.2004963696966
        },
        {
          "acoustic_entropy": 9.77231216430664,
          "acoustic_entropy_side": 9.467317581176758,
          "hz": 1237.8529382007157
        },
        {
          "acoustic_entropy": 9.8422269821167,
          "acoustic_entropy_side": 9.383590698242188,
          "hz": 1409.4668930556702
        },
        {
          "acoustic_entropy": 9.447134971618652,
          "acoustic_entropy_side": 9.417705535888672,
          "hz": 1596.2787759475705
        },
        {
          "acoustic_entropy": 9.695416450500488,
          "acoustic_entropy_side": 9.514519691467285,
          "hz": 1799.6344973346393
        },
        {
          "acoustic_entropy": 10.177926063537598,
          "acoustic_entropy_side": 9.212634086608887,
          "hz": 2020.9991599069049
        },
        {
          "acoustic_entropy": 9.086034774780273,
          "acoustic_entropy_side": 9.426156997680664,
          "hz": 2261.9676141086993
        },
        {
          "acoustic_entropy": 9.2339448928833,
          "acoustic_entropy_side": 9.394607543945312,
          "hz": 2524.2759484456974
        },
        {
          "acoustic_entropy": 9.399809837341309,
          "acoustic_entropy_side": 9.398130416870117,
          "hz": 2809.813997359896
        },
        {
          "acoustic_entropy": 9.267168045043945,
          "acoustic_entropy_side": 9.407737731933594,
          "hz": 3120.6389567871424
        },
        {
          "acoustic_entropy": 9.111480712890625,
          "acoustic_entropy_side": 9.395496368408203,
          "hz": 3458.990205492291
        },
        {
          "acoustic_entropy": 8.968326568603516,
          "acoustic_entropy_side": 9.400189399719238,
          "hz": 3827.305438964164
        },
        {
          "acoustic_entropy": 8.831012725830078,
          "acoustic_entropy_side": 9.386234283447266,
          "hz": 4228.238232109126
        },
        {
          "acoustic_entropy": 9.347799301147461,
          "acoustic_entropy_side": 9.401070594787598,
          "hz": 4664.6771572759235
        },
        {
          "acoustic_entropy": 9.100432395935059,
          "acoustic_entropy_side": 9.394691467285156,
          "hz": 5139.766595350093
        },
        {
          "acoustic_entropy": 9.222495079040527,
          "acoustic_entropy_side": 9.394877433776855,
          "hz": 5656.929389854203
        },
        {
          "acoustic_entropy": 9.390670776367188,
          "acoustic_entropy_side": 9.397175788879395,
          "hz": 6219.891507268283
        },
        {
          "acoustic_entropy": 9.415035247802734,
          "acoustic_entropy_side": 9.398598670959473,
          "hz": 6832.70888123896
        },
        {
          "acoustic_entropy": 9.431715965270996,
          "acoustic_entropy_side": 9.398544311523438,
          "hz": 7499.796634079867
        },
        {
          "acoustic_entropy": 9.422944068908691,
          "acoustic_entropy_side": 9.397521018981934,
          "hz": 8225.96088609342
        },
        {
          "acoustic_entropy": 9.420498847961426,
          "acoustic_entropy_side": 9.39717960357666,
          "hz": 9016.43338188839
        },
        {
          "acoustic_entropy": 9.4808349609375,
          "acoustic_entropy_side": 9.398816108703613,
          "hz": 9876.909183162974
        },
        {
          "acoustic_entropy": 9.489611625671387,
          "acoustic_entropy_side": 9.399360656738281,
          "hz": 10813.587699516042
        },
        {
          "acoustic_entropy": 9.474742889404297,
          "acoustic_entropy_side": 9.397627830505371,
          "hz": 11833.21735289826
        },
        {
          "acoustic_entropy": 9.420194625854492,
          "acoustic_entropy_side": 9.397013664245605,
          "hz": 12943.144197493959
        },
        {
          "acoustic_entropy": 9.397541999816895,
          "acoustic_entropy_side": 9.396862030029297,
          "hz": 14151.364845322005
        },
        {
          "acoustic_entropy": 9.399412155151367,
          "acoustic_entropy_side": 9.396849632263184,
          "hz": 15466.58407886509
        },
        {
          "acoustic_entropy": 9.413251876831055,
          "acoustic_entropy_side": 9.396883010864258,
          "hz": 16898.27756580493
        },
        {
          "acoustic_entropy": 9.399297714233398,
          "acoustic_entropy_side": 9.396842956542969,
          "hz": 18456.760127700032
        },
        {
          "acoustic_entropy": 9.397117614746094,
          "acoustic_entropy_side": 9.39684009552002,
          "hz": 20153.260054456492
        },
        {
          "acoustic_entropy": 9.396862983703613,
          "acoustic_entropy_side": 9.39684009552002,
          "hz": 22000.00000000001
        }
      ],
      "diff_acoustic_entropy": 5.117938041687012,
      "sn": 6
    },
    {
      "acoustic_entropy": 15.046158790588379,
      "acoustic_entropy_mono": 14.72790241241455,
      "band_eliminated_acoustic_entropies": [
        {
          "acoustic_entropy": 15.282913208007812,
          "acoustic_entropy_side": 15.039749145507812,
          "hz": 129.47220167065723
        },
        {
          "acoustic_entropy": 14.72149658203125,
          "acoustic_entropy_side": 15.094165802001953,
          "hz": 202.92927478742237
        },
        {
          "acoustic_entropy": 15.093770980834961,
          "acoustic_entropy_side": 15.002115249633789,
          "hz": 282.89161906338205
        },
        {
          "acoustic_entropy": 14.116669654846191,
          "acoustic_entropy_side": 15.33573055267334,
          "hz": 369.9353335868758
        },
        {
          "acoustic_entropy": 14.922294616699219,
          "acoustic_entropy_side": 15.089736938476562,
          "hz": 464.6875360973435
        },
        {
          "acoustic_entropy": 13.635260581970215,
          "acoustic_entropy_side": 14.899168014526367,
          "hz": 567.8308811364784
        },
        {
          "acoustic_entropy": 15.176674842834473,
          "acoustic_entropy_side": 15.116217613220215,
          "hz": 680.1084783214808
        },
        {
          "acoustic_entropy": 15.261919021606445,
          "acoustic_entropy_side": 15.25318431854248,
          "hz": 802.3292461747484
        },
        {
          "acoustic_entropy": 16.408409118652344,
          "acoustic_entropy_side": 15.506375312805176,
          "hz": 935.3737400823702
        },
        {
          "acoustic_entropy": 15.20718765258789,
          "acoustic_entropy_side": 15.435050964355469,
          "hz": 1080.2004963696966
        },
        {
          "acoustic_entropy": 15.364876747131348,
          "acoustic_entropy_side": 15.16464900970459,
          "hz": 1237.8529382007157
        },
        {
          "acoustic_entropy": 15.153934478759766,
          "acoustic_entropy_side": 15.405299186706543,
          "hz": 1409.4668930556702
        },
        {
          "acoustic_entropy": 14.716987609863281,
          "acoustic_entropy_side": 15.15723705291748,
          "hz": 1596.2787759475705
        },
        {
          "acoustic_entropy": 15.346088409423828,
          "acoustic_entropy_side": 15.286995887756348,
          "hz": 1799.6344973346393
        },
        {
          "acoustic_entropy": 14.756925582885742,
          "acoustic_entropy_side": 14.900845527648926,
          "hz": 2020.9991599069049
        },
        {
          "acoustic_entropy": 15.031970024108887,
          "acoustic_entropy_side": 15.123035430908203,
          "hz": 2261.9676141086993
        },
        {
          "acoustic_entropy": 15.312308311462402,
          "acoustic_entropy_side": 15.138617515563965,
          "hz": 2524.2759484456974
        },
        {
          "acoustic_entropy": 15.093725204467773,
          "acoustic_entropy_side": 14.939434051513672,
          "hz": 2809.813997359896
        },
        {
          "acoustic_entropy": 14.911762237548828,
          "acoustic_entropy_side": 14.97995376586914,
          "hz": 3120.6389567871424
        },
        {
          "acoustic_entropy": 15.097321510314941,
          "acoustic_entropy_side": 14.976277351379395,
          "hz": 3458.990205492291
        },
        {
          "acoustic_entropy": 15.029499053955078,
          "acoustic_entropy_side": 15.024662971496582,
          "hz": 3827.305438964164
        },
        {
          "acoustic_entropy": 14.908036231994629,
          "acoustic_entropy_side": 14.918412208557129,
          "hz": 4228.238232109126
        },
        {
          "acoustic_entropy": 15.278046607971191,
          "acoustic_entropy_side": 15.052212715148926,
          "hz": 4664.6771572759235
        },
        {
          "acoustic_entropy": 15.003798484802246,
          "acoustic_entropy_side": 15.022290229797363,
          "hz": 5139.766595350093
        },
        {
          "acoustic_entropy": 15.133859634399414,
          "acoustic_entropy_side": 15.028681755065918,
          "hz": 5656.929389854203
        },
        {
          "acoustic_entropy": 15.03519344329834,
          "acoustic_entropy_side": 15.046736717224121,
          "hz": 6219.891507268283
        },
        {
          "acoustic_entropy": 14.3873929977417,
          "acoustic_entropy_side": 15.024028778076172,
          "hz": 6832.70888123896
        },
        {
          "acoustic_entropy": 14.523611068725586,
          "acoustic_entropy_side": 15.024499893188477,
          "hz": 7499.796634079867
        },
        {
          "acoustic_entropy": 14.638697624206543,
          "acoustic_entropy_side": 15.033743858337402,
          "hz": 8225.96088609342
        },
        {
          "acoustic_entropy": 15.046646118164062,
          "acoustic_entropy_side": 15.045336723327637,
          "hz": 9016.43338188839
        },
        {
          "acoustic_entropy": 14.71039867401123,
          "acoustic_entropy_side": 15.051623344421387,
          "hz": 9876.909183162974
        },
        {
          "acoustic_entropy": 14.678117752075195,
          "acoustic_entropy_side": 15.049201011657715,
          "hz": 10813.587699516042
        },
        {
          "acoustic_entropy": 14.732037544250488,
          "acoustic_entropy_side": 15.046982765197754,
          "hz": 11833.21735289826
        },
        {
          "acoustic_entropy": 15.031668663024902,
          "acoustic_entropy_side": 15.0465087890625,
          "hz": 12943.144197493959
        },
        {
          "acoustic_entropy": 15.042427062988281,
          "acoustic_entropy_side": 15.046181678771973,
          "hz": 14151.364845322005
        },
        {
          "acoustic_entropy": 15.0393705368042,
          "acoustic_entropy_side": 15.046164512634277,
          "hz": 15466.58407886509
        },
        {
          "acoustic_entropy": 15.036164283752441,
          "acoustic_entropy_side": 15.046225547790527,
          "hz": 16898.27756580493
        },
        {
          "acoustic_entropy": 15.021493911743164,
          "acoustic_entropy_side": 15.046099662780762,
          "hz": 18456.760127700032
        },
        {
          "acoustic_entropy": 15.043068885803223,
          "acoustic_entropy_side": 15.046154975891113,
          "hz": 20153.260054456492
        },
        {
          "acoustic_entropy": 15.046061515808105,
          "acoustic_entropy_side": 15.046158790588379,
          "hz": 22000.00000000001
        }
      ],
      "diff_acoustic_entropy": 7.260890007019043,
      "sn": 12
    },
    {
      "acoustic_entropy": 23.054691314697266,
      "acoustic_entropy_mono": 22.53429412841797,
      "band_eliminated_acoustic_entropies": [
        {
          "acoustic_entropy": 22.04085350036621,
          "acoustic_entropy_side": 23.035276412963867,
          "hz": 129.47220167065723
        },
        {
          "acoustic_entropy": 23.470556259155273,
          "acoustic_entropy_side": 23.524044036865234,
          "hz": 202.92927478742237
        },
        {
          "acoustic_entropy": 24.112945556640625,
          "acoustic_entropy_side": 23.383344650268555,
          "hz": 282.89161906338205
        },
        {
          "acoustic_entropy": 23.306787490844727,
          "acoustic_entropy_side": 23.721431732177734,
          "hz": 369.9353335868758
        },
        {
          "acoustic_entropy": 24.130212783813477,
          "acoustic_entropy_side": 23.184253692626953,
          "hz": 464.6875360973435
        },
        {
          "acoustic_entropy": 21.94826889038086,
          "acoustic_entropy_side": 23.516305923461914,
          "hz": 567.8308811364784
        },
        {
          "acoustic_entropy": 23.752944946289062,
          "acoustic_entropy_side": 23.55558204650879,
          "hz": 680.1084783214808
        },
        {
          "acoustic_entropy": 22.60252571105957,
          "acoustic_entropy_side": 23.095111846923828,
          "hz": 802.3292461747484
        },
        {
          "acoustic_entropy": 24.203271865844727,
          "acoustic_entropy_side": 23.650449752807617,
          "hz": 935.3737400823702
        },
        {
          "acoustic_entropy": 23.48491859436035,
          "acoustic_entropy_side": 23.487028121948242,
          "hz": 1080.2004963696966
        },
        {
          "acoustic_entropy": 23.40191078186035,
          "acoustic_entropy_side": 23.298316955566406,
          "hz": 1237.8529382007157
        },
        {
          "acoustic_entropy": 23.00504493713379,
          "acoustic_entropy_side": 24.13739585876465,
          "hz": 1409.4668930556702
        },
        {
          "acoustic_entropy": 23.33018684387207,
          "acoustic_entropy_side": 23.496286392211914,
          "hz": 1596.2787759475705
        },
        {
          "acoustic_entropy": 23.66744613647461,
          "acoustic_entropy_side": 22.96700096130371,
          "hz": 1799.6344973346393
        },
        {
          "acoustic_entropy": 22.55988311767578,
          "acoustic_entropy_side": 23.523908615112305,
          "hz": 2020.9991599069049
        },
        {
          "acoustic_entropy": 23.442686080932617,
          "acoustic_entropy_side": 23.38142204284668,
          "hz": 2261.9676141086993
        },
        {
          "acoustic_entropy": 23.511228561401367,
          "acoustic_entropy_side": 23.52566909790039,
          "hz": 2524.2759484456974
        },
        {
          "acoustic_entropy": 23.5904541015625,
          "acoustic_entropy_side": 23.113100051879883,
          "hz": 2809.813997359896
        },
        {
          "acoustic_entropy": 23.085464477539062,
          "acoustic_entropy_side": 23.054210662841797,
          "hz": 3120.6389567871424
        },
        {
