{
  "acoustic_entropy": 236.96615600585938,
  "bands": [
    {
      "high_freq": 148.1999969482422,
      "loudness": -23.32807159423828,
      "loudness_range": 7.657949447631836,
      "mid_mean": -20.051137924194336,
      "mid_to_side_loudness": -14.341727256774902,
      "mid_to_side_loudness_range": 26.701034545898438,
      "side_mean": -35.896358489990234
    },
    {
      "high_freq": 392.3793640136719,
      "loudness": -24.7076473236084,
      "loudness_range": 7.088773727416992,
      "low_freq": 148.1999969482422,
      "mid_mean": -22.204151153564453,
      "mid_to_side_loudness": -5.814123630523682,
      "mid_to_side_loudness_range": 8.469460487365723,
      "side_mean": -28.191253662109375
    },
    {
      "high_freq": 794.6976318359375,
      "loudness": -23.651243209838867,
      "loudness_range": 9.612218856811523,
      "low_freq": 392.3793640136719,
      "mid_mean": -21.199291229248047,
      "mid_to_side_loudness": -5.424026966094971,
      "mid_to_side_loudness_range": 9.034313201904297,
      "side_mean": -26.846134185791016
    },
    {
      "high_freq": 1457.5709228515625,
      "loudness": -23.47580909729004,
      "loudness_range": 13.454458236694336,
      "low_freq": 794.6976318359375,
      "mid_mean": -20.755998611450195,
      "mid_to_side_loudness": -6.959763050079346,
      "mid_to_side_loudness_range": 10.89967155456543,
      "side_mean": -27.95848274230957
    },
    {
      "high_freq": 2549.74365234375,
      "loudness": -21.613239288330078,
      "loudness_range": 13.287700653076172,
      "low_freq": 1457.5709228515625,
      "mid_mean": -19.053525924682617,
      "mid_to_side_loudness": -5.282846450805664,
      "mid_to_side_loudness_range": 8.71106243133545,
      "side_mean": -25.00986099243164
    },
    {
      "high_freq": 4349.24462890625,
      "loudness": -21.485633850097656,
      "loudness_range": 13.054656028747559,
      "low_freq": 2549.74365234375,
      "mid_mean": -18.779144287109375,
      "mid_to_side_loudness": -6.402591228485107,
      "mid_to_side_loudness_range": 9.005757331848145,
      "side_mean": -25.504602432250977
    },
    {
      "high_freq": 7314.1640625,
      "loudness": -25.819660186767578,
      "loudness_range": 11.17470932006836,
      "low_freq": 4349.24462890625,
      "mid_mean": -23.141395568847656,
      "mid_to_side_loudness": -6.111367702484131,
      "mid_to_side_loudness_range": 7.5572075843811035,
      "side_mean": -29.632287979125977
    },
    {
      "high_freq": 12199.2666015625,
      "loudness": -27.39640998840332,
      "loudness_range": 11.046722412109375,
      "low_freq": 7314.1640625,
      "mid_mean": -24.762460708618164,
      "mid_to_side_loudness": -6.689352035522461,
      "mid_to_side_loudness_range": 11.084449768066406,
      "side_mean": -31.699121475219727
    },
    {
      "loudness": -32.36937713623047,
      "loudness_range": 18.829090118408203,
      "low_freq": 12199.2666015625,
      "mid_mean": -29.67926025390625,
      "mid_to_side_loudness": -7.212817192077637,
      "mid_to_side_loudness_range": 12.349617004394531,
      "side_mean": -37.066349029541016
    }
  ],
  "bands_short": [
    {
      "high_freq": 148.1999969482422,
      "loudness": -27.39586067199707,
      "loudness_range": 20.66431999206543,
      "mid_mean": -24.321239471435547,
      "mid_to_side_loudness": -14.81957721710205,
      "mid_to_side_loudness_range": 30.196792602539062,
      "side_mean": -41.24964904785156
    },
    {
      "high_freq": 392.3793640136719,
      "loudness": -25.08580780029297,
      "loudness_range": 12.874780654907227,
      "low_freq": 148.1999969482422,
      "mid_mean": -22.742319107055664,
      "mid_to_side_loudness": -6.105175971984863,
      "mid_to_side_loudness_range": 12.784055709838867,
      "side_mean": -29.034650802612305
    },
    {
      "high_freq": 794.6976318359375,
      "loudness": -24.373165130615234,
      "loudness_range": 12.478384017944336,
      "low_freq": 392.3793640136719,
      "mid_mean": -22.227998733520508,
      "mid_to_side_loudness": -4.899988651275635,
      "mid_to_side_loudness_range": 11.828649520874023,
      "side_mean": -27.273155212402344
    },
    {
      "high_freq": 1457.5709228515625,
      "loudness": -24.340534210205078,
      "loudness_range": 17.65652847290039,
      "low_freq": 794.6976318359375,
      "mid_mean": -21.897680282592773,
      "mid_to_side_loudness": -6.5167555809021,
      "mid_to_side_loudness_range": 13.764013290405273,
      "side_mean": -28.63204574584961
    },
    {
      "high_freq": 2549.74365234375,
      "loudness": -22.564319610595703,
      "loudness_range": 15.997611999511719,
      "low_freq": 1457.5709228515625,
      "mid_mean": -20.208995819091797,
      "mid_to_side_loudness": -4.980804920196533,
      "mid_to_side_loudness_range": 11.336807250976562,
      "side_mean": -25.83980941772461
    },
    {
      "high_freq": 4349.24462890625,
      "loudness": -22.437461853027344,
      "loudness_range": 16.039321899414062,
      "low_freq": 2549.74365234375,
      "mid_mean": -19.936603546142578,
      "mid_to_side_loudness": -5.967545032501221,
      "mid_to_side_loudness_range": 11.073587417602539,
      "side_mean": -26.192676544189453
    },
    {
      "high_freq": 7314.1640625,
      "loudness": -26.569156646728516,
      "loudness_range": 14.160051345825195,
      "low_freq": 4349.24462890625,
      "mid_mean": -24.084014892578125,
      "mid_to_side_loudness": -6.011143684387207,
      "mid_to_side_loudness_range": 10.081734657287598,
      "side_mean": -30.41025733947754
    },
    {
      "high_freq": 12199.2666015625,
      "loudness": -28.584304809570312,
      "loudness_range": 14.877897262573242,
      "low_freq": 7314.1640625,
      "mid_mean": -26.079174041748047,
      "mid_to_side_loudness": -6.961215019226074,
      "mid_to_side_loudness_range": 13.767646789550781,
      "side_mean": -33.25741195678711
    },
    {
      "loudness": -34.510494232177734,
      "loudness_range": 22.963075637817383,
      "low_freq": 12199.2666015625,
      "mid_mean": -32.05910110473633,
      "mid_to_side_loudness": -6.867005348205566,
      "mid_to_side_loudness_range": 13.717318534851074,
      "side_mean": -38.86585235595703
    }
  ],
  "bandwidth": 964.4005737304688,
  "channels": 2,
  "covariance": [
    [
      13.080132484436035,
      5.268011093139648,
      2.1473264694213867,
      4.592755317687988,
      2.5251784324645996,
      4.074276924133301,
      1.1061450242996216,
      2.747141122817993,
      0.7786818742752075,
      2.893491268157959,
      2.093702554702759,
      3.852820634841919,
      1.6283543109893799,
      3.9222970008850098,
      2.204735040664673,
      3.25600004196167,
      3.01031756401062,
      2.3483188152313232
    ],
    [
      5.268011093139648,
      89.75218963623047,
      9.34974193572998,
      17.37345314025879,
      15.612136840820312,
      21.490184783935547,
      14.819657325744629,
      25.312633514404297,
      22.80704116821289,
      24.86248207092285,
      26.65524673461914,
      31.32134437561035,
      22.510467529296875,
      26.568906784057617,
      16.671600341796875,
      20.162073135375977,
      35.4959831237793,
      30.022659301757812
    ],
    [
      2.1473264694213867,
      9.34974193572998,
      12.961841583251953,
      11.095033645629883,
      3.2639007568359375,
      7.443331718444824,
      -0.3018503189086914,
      4.626073360443115,
      1.8428572416305542,
      6.259959697723389,
      4.038613796234131,
      7.0787434577941895,
      2.5460734367370605,
      5.913180351257324,
      4.774877071380615,
      5.589032173156738,
      8.818678855895996,
      5.912153244018555
    ],
    [
      4.592755317687988,
      17.37345314025879,
      11.095033645629883,
      21.947572708129883,
      4.696401596069336,
      11.933558464050293,
      1.0791558027267456,
      6.174867153167725,
      2.7933764457702637,
      8.16490364074707,
      4.311347007751465,
      8.866581916809082,
      3.1706831455230713,
      9.752995491027832,
      5.283030033111572,
      8.939990043640137,
      11.809408187866211,
      8.862985610961914
    ],
    [
      2.5251784324645996,
      15.612136840820312,
      3.2639007568359375,
      4.696401596069336,
      16.11572265625,
      11.273479461669922,
      9.027993202209473,
      9.206793785095215,
      8.425137519836426,
      8.076153755187988,
      10.144253730773926,
      9.710904121398926,
      8.024202346801758,
      8.05081844329834,
      6.231840133666992,
      5.276127338409424,
      9.274429321289062,
      6.526129722595215
    ],
    [
      4.074276924133301,
      21.490184783935547,
      7.443331718444824,
      11.933558464050293,
      11.273479461669922,
      18.28055763244629,
      7.266336441040039,
      12.972603797912598,
      7.819619655609131,
      11.776308059692383,
      9.46432113647461,
      14.126684188842773,
      7.510139465332031,
      12.524635314941406,
      7.364047050476074,
      10.043567657470703,
      13.618972778320312,
      11.435155868530273
    ],
    [
      1.1061450242996216,
      14.819657325744629,
      -0.3018503189086914,
      1.0791558027267456,
      9.027993202209473,
      7.266336441040039,
      27.9232234954834,
      17.844209671020508,
      20.854629516601562,
      12.707234382629395,
      15.20708179473877,
      12.149378776550293,
      13.678133010864258,
      10.821328163146973,
      7.496911525726318,
      8.002250671386719,
      11.07953929901123,
      12.465479850769043
    ],
    [
      2.747141122817993,
      25.312633514404297,
      4.626073360443115,
      6.174867153167725,
      9.206793785095215,
      12.972603797912598,
      17.844209671020508,
      23.758216857910156,
      18.068603515625,
      17.87561798095703,
      15.539021492004395,
      18.969209671020508,
      14.052151679992676,
      16.357831954956055,
      10.28377628326416,
      12.745033264160156,
      17.715038299560547,
      16.437227249145508
    ],
    [
      0.7786818742752075,
      22.80704116821289,
      1.8428572416305542,
      2.7933764457702637,
      8.425137519836426,
      7.819619655609131,
      20.854629516601562,
      18.068603515625,
      23.647464752197266,
      16.79287338256836,
      18.68643569946289,
      16.041183471679688,
      16.35588836669922,
      13.592181205749512,
      10.1033353805542,
      9.966266632080078,
      16.805194854736328,
      15.65902328491211
    ],
    [
      2.893491268157959,
      24.86248207092285,
      6.259959697723389,
      8.16490364074707,
      8.076153755187988,
      11.776308059692383,
      12.707234382629395,
      17.87561798095703,
      16.79287338256836,
      19.94380760192871,
      15.59279727935791,
      19.30757713317871,
      13.552742004394531,
      16.430328369140625,
      10.402483940124512,
      12.234636306762695,
      18.542072296142578,
      14.932943344116211
    ],
    [
      2.093702554702759,
      26.65524673461914,
      4.038613796234131,
      4.311347007751465,
      10.144253730773926,
      9.46432113647461,
      15.20708179473877,
      15.539021492004395,
      18.68643569946289,
      15.59279727935791,
      23.799495697021484,
      18.340492248535156,
      18.151763916015625,
      14.838796615600586,
      11.352621078491211,
      11.229546546936035,
      19.807926177978516,
      17.169919967651367
    ],
    [
      3.852820634841919,
      31.32134437561035,
      7.0787434577941895,
      8.866581916809082,
      9.710904121398926,
      14.126684188842773,
      12.149378776550293,
      18.969209671020508,
      16.041183471679688,
      19.30757713317871,
      18.340492248535156,
      23.13562774658203,
      15.378046989440918,
      18.548290252685547,
      11.196020126342773,
      14.315078735351562,
      21.77256965637207,
      18.115692138671875
    ],
    [
      1.6283543109893799,
      22.510467529296875,
      2.5460734367370605,
      3.1706831455230713,
      8.024202346801758,
      7.510139465332031,
      13.678133010864258,
      14.052151679992676,
      16.35588836669922,
      13.552742004394531,
      18.151763916015625,
      15.378046989440918,
      17.49384117126465,
      14.281547546386719,
      10.848518371582031,
      11.798147201538086,
      18.9639892578125,
      17.411453247070312
    ],
    [
      3.9222970008850098,
      26.568906784057617,
      5.913180351257324,
      9.752995491027832,
      8.05081844329834,
      12.524635314941406,
      10.821328163146973,
      16.357831954956055,
      13.592181205749512,
      16.430328369140625,
      14.838796615600586,
      18.548290252685547,
      14.281547546386719,
      21.20037841796875,
      12.641613960266113,
      19.40723419189453,
      23.148193359375,
      22.49195098876953
    ],
    [
      2.204735040664673,
      16.671600341796875,
      4.774877071380615,
      5.283030033111572,
      6.231840133666992,
      7.364047050476074,
      7.496911525726318,
      10.28377628326416,
      10.1033353805542,
      10.402483940124512,
      11.352621078491211,
      11.196020126342773,
      10.848518371582031,
      12.641613960266113,
      16.01827049255371,
      12.785303115844727,
      20.075824737548828,
      16.37884521484375
    ],
    [
      3.25600004196167,
      20.162073135375977,
      5.589032173156738,
      8.939990043640137,
      5.276127338409424,
      10.043567657470703,
      8.002250671386719,
      12.745033264160156,
      9.966266632080078,
      12.234636306762695,
      11.229546546936035,
      14.315078735351562,
      11.798147201538086,
      19.40723419189453,
      12.785303115844727,
      27.310243606567383,
      23.17784881591797,
      30.005207061767578
    ],
    [
      3.01031756401062,
      35.4959831237793,
      8.818678855895996,
      11.809408187866211,
      9.274429321289062,
      13.618972778320312,
      11.07953929901123,
      17.715038299560547,
      16.805194854736328,
      18.542072296142578,
      19.807926177978516,
      21.77256965637207,
      18.9639892578125,
      23.148193359375,
      20.075824737548828,
      23.17784881591797,
      40.878334045410156,
      34.10314178466797
    ],
    [
      2.3483188152313232,
      30.022659301757812,
      5.912153244018555,
      8.862985610961914,
      6.526129722595215,
      11.435155868530273,
      12.465479850769043,
      16.437227249145508,
      15.65902328491211,
      14.932943344116211,
      17.169919967651367,
      18.115692138671875,
      17.411453247070312,
      22.49195098876953,
      16.37884521484375,
      30.005207061767578,
      34.10314178466797,
      48.55537033081055
    ]
  ],
  "covariance_short": [
    [
      54.336456298828125,
      16.084877014160156,
      17.778461456298828,
      15.271950721740723,
      9.822458267211914,
      11.463946342468262,
      7.925093173980713,
      8.241476058959961,
      6.410924911499023,
      9.592337608337402,
      9.150663375854492,
      10.07132625579834,
      9.573099136352539,
      11.393101692199707,
      10.016438484191895,
      11.568699836730957,
      10.048755645751953,
      9.732823371887207
    ],
    [
      16.084877014160156,
      113.52548217773438,
      14.916155815124512,
      26.096769332885742,
      13.722077369689941,
      17.56939697265625,
      19.775453567504883,
      25.48605728149414,
      25.189477920532227,
      26.192258834838867,
      29.277326583862305,
      32.48893737792969,
      26.748241424560547,
      30.51431655883789,
      21.40836524963379,
      28.280879974365234,
      39.96699905395508,
      38.14082336425781
    ],
    [
      17.778461456298828,
      14.916155815124512,
      30.10970115661621,
      19.315052032470703,
      8.998259544372559,
      12.459501266479492,
      6.587989330291748,
      11.242341995239258,
      9.16320514678955,
      13.143879890441895,
      11.539278984069824,
      13.730195999145508,
      10.58541488647461,
      12.82478141784668,
      11.827105522155762,
      13.945270538330078,
      15.607250213623047,
      14.070844650268555
    ],
    [
      15.271950721740723,
      26.096769332885742,
      19.315052032470703,
      35.808258056640625,
      10.257765769958496,
      16.621971130371094,
      8.618913650512695,
      13.445573806762695,
      11.014739036560059,
      16.232402801513672,
      11.859387397766113,
      16.455888748168945,
      10.94543170928955,
      17.008811950683594,
      11.637330055236816,
      16.694198608398438,
      17.37671661376953,
      16.836729049682617
    ],
    [
      9.822458267211914,
      13.722077369689941,
      8.998259544372559,
      10.257765769958496,
      26.467601776123047,
      15.567716598510742,
      15.066938400268555,
      13.32530689239502,
      14.040083885192871,
      12.656474113464355,
      16.856016159057617,
      13.883530616760254,
      14.079490661621094,
      12.785379409790039,
      10.826531410217285,
      9.576766014099121,
      12.034587860107422,
      9.270609855651855
    ],
    [
      11.463946342468262,
      17.56939697265625,
      12.459501266479492,
      16.621971130371094,
      15.567716598510742,
      24.04878807067871,
      12.950481414794922,
      16.134788513183594,
      12.414921760559082,
      15.419305801391602,
      13.628215789794922,
      16.982257843017578,
      11.840860366821289,
      16.131559371948242,
      10.347077369689941,
      13.348616600036621,
      14.69935131072998,
      13.931057929992676
    ],
    [
      7.925093173980713,
      19.775453567504883,
      6.587989330291748,
      8.618913650512695,
      15.066938400268555,
      12.950481414794922,
      47.87582778930664,
      27.666248321533203,
      34.38848876953125,
      21.87216567993164,
      28.32464027404785,
      20.828676223754883,
      25.565494537353516,
      19.094785690307617,
      17.055641174316406,
      15.36427116394043,
      19.559659957885742,
      18.232868194580078
    ],
    [
      8.241476058959961,
      25.48605728149414,
      11.242341995239258,
      13.445573806762695,
      13.32530689239502,
      16.134788513183594,
      27.666248321533203,
      32.777652740478516,
      25.565492630004883,
      23.830705642700195,
      22.737930297851562,
      24.519744873046875,
      20.752483367919922,
      22.01386260986328,
      14.722339630126953,
      17.964111328125,
      20.723249435424805,
      20.454355239868164
    ],
    [
      6.410924911499023,
      25.189477920532227,
      9.16320514678955,
      11.014739036560059,
      14.040083885192871,
      12.414921760559082,
      34.38848876953125,
      25.565492630004883,
      38.275455474853516,
      25.687044143676758,
      30.517709732055664,
      24.133270263671875,
      27.390058517456055,
      21.86373519897461,
      19.505922317504883,
      18.307422637939453,
      24.573726654052734,
      22.81464195251465
    ],
    [
      9.592337608337402,
      26.192258834838867,
      13.143879890441895,
      16.232402801513672,
      12.656474113464355,
      15.419305801391602,
      21.87216567993164,
      23.830705642700195,
      25.687044143676758,
      29.763931274414062,
      23.79881477355957,
      26.812496185302734,
      21.328153610229492,
      23.823171615600586,
      16.205846786499023,
      19.11495590209961,
      22.791318893432617,
      20.703777313232422
    ],
    [
      9.150663375854492,
      29.277326583862305,
      11.539278984069824,
      11.859387397766113,
      16.856016159057617,
      13.628215789794922,
      28.32464027404785,
      22.737930297851562,
      30.517709732055664,
      23.79881477355957,
      39.2230339050293,
      27.552658081054688,
      31.285709381103516,
      23.75906753540039,
      21.826547622680664,
      21.136829376220703,
      28.274723052978516,
      25.302181243896484
    ],
    [
      10.07132625579834,
      32.48893737792969,
      13.730195999145508,
      16.455888748168945,
      13.883530616760254,
      16.982257843017578,
      20.828676223754883,
      24.519744873046875,
      24.133270263671875,
      26.812496185302734,
      27.552658081054688,
      32.3449821472168,
      23.594493865966797,
      26.6584529876709,
      17.62952995300293,
      22.265836715698242,
      26.76134490966797,
      24.951828002929688
    ],
    [
      9.573099136352539,
      26.748241424560547,
      10.58541488647461,
      10.94543170928955,
      14.079490661621094,
      11.840860366821289,
      25.565494537353516,
      20.752483367919922,
      27.390058517456055,
      21.328153610229492,
      31.285709381103516,
      23.594493865966797,
      33.08763885498047,
      24.87654685974121,
      23.670963287353516,
      24.33231544494629,
      30.743545532226562,
      27.40630531311035
    ],
    [
      11.393101692199707,
      30.51431655883789,
      12.82478141784668,
      17.008811950683594,
      12.785379409790039,
      16.131559371948242,
      19.094785690307617,
      22.01386260986328,
      21.86373519897461,
      23.823171615600586,
      23.75906753540039,
      26.6584529876709,
      24.87654685974121,
      32.675113677978516,
      21.675363540649414,
      31.825180053710938,
      32.47563171386719,
      33.66018295288086
    ],
    [
      10.016438484191895,
      21.40836524963379,
      11.827105522155762,
      11.637330055236816,
      10.826531410217285,
      10.347077369689941,
      17.055641174316406,
      14.722339630126953,
      19.505922317504883,
      16.205846786499023,
      21.826547622680664,
      17.62952995300293,
      23.670963287353516,
      21.675363540649414,
      33.43994140625,
      27.118423461914062,
      36.71232986450195,
      30.398630142211914
    ],
    [
      11.568699836730957,
      28.280879974365234,
      13.945270538330078,
      16.694198608398438,
      9.576766014099121,
      13.348616600036621,
      15.36427116394043,
      17.964111328125,
      18.307422637939453,
      19.11495590209961,
      21.136829376220703,
      22.265836715698242,
      24.33231544494629,
      31.825180053710938,
      27.118423461914062,
      49.287078857421875,
      42.433677673339844,
      51.709251403808594
    ],
    [
      10.048755645751953,
      39.96699905395508,
      15.607250213623047,
      17.37671661376953,
      12.034587860107422,
      14.69935131072998,
      19.559659957885742,
      20.723249435424805,
      24.573726654052734,
      22.791318893432617,
      28.274723052978516,
      26.76134490966797,
      30.743545532226562,
      32.47563171386719,
      36.71232986450195,
      42.433677673339844,
      67.61685180664062,
      57.788909912109375
    ],
    [
      9.732823371887207,
      38.14082336425781,
      14.070844650268555,
      16.836729049682617,
      9.270609855651855,
      13.931057929992676,
      18.232868194580078,
      20.454355239868164,
      22.81464195251465,
      20.703777313232422,
      25.302181243896484,
      24.951828002929688,
      27.40630531311035,
      33.66018295288086,
      30.398630142211914,
      51.709251403808594,
      57.788909912109375,
      79.07076263427734
    ]
  ],
  "damage": -9.06618595123291,
  "diff_bandwidth": 953.9368896484375,
  "dissonance": 11.061885451813403,
  "drr": 5.780109405517578,
  "dynamics": 2.8310670852661133,
  "format": 1245190,
  "frames": 3821568,
  "loudness": -10.429756164550781,
  "loudness_range": 7.202561855316162,
  "loudness_range_short": 9.851303100585938,
  "lowpass_true_peak_15khz": 0.8718191981315613,
  "mastering3_acoustic_entropies": [
    {
      "acoustic_entropy": 6.536860466003418,
      "acoustic_entropy_mono": 6.178694725036621,
      "band_eliminated_acoustic_entropies": [
        {
          "acoustic_entropy": 6.520392894744873,
          "acoustic_entropy_side": 6.536857604980469,
          "hz": 129.47220167065723
        },
        {
          "acoustic_entropy": 6.556027412414551,
          "acoustic_entropy_side": 6.537914752960205,
          "hz": 202.92927478742237
        },
        {
          "acoustic_entropy": 6.519800662994385,
          "acoustic_entropy_side": 6.540966033935547,
          "hz": 282.89161906338205
        },
        {
          "acoustic_entropy": 6.543416976928711,
          "acoustic_entropy_side": 6.542618751525879,
          "hz": 369.9353335868758
        },
        {
          "acoustic_entropy": 6.37904167175293,
          "acoustic_entropy_side": 6.510716915130615,
          "hz": 464.6875360973435
        },
        {
          "acoustic_entropy": 6.887613296508789,
          "acoustic_entropy_side": 6.4932026863098145,
          "hz": 567.8308811364784
        },
        {
          "acoustic_entropy": 6.746794700622559,
          "acoustic_entropy_side": 6.483254432678223,
          "hz": 680.1084783214808
        },
        {
          "acoustic_entropy": 6.214194297790527,
          "acoustic_entropy_side": 6.495634078979492,
          "hz": 802.3292461747484
        },
        {
          "acoustic_entropy": 5.728504180908203,
          "acoustic_entropy_side": 6.501391410827637,
          "hz": 935.3737400823702
        },
        {
          "acoustic_entropy": 6.646187782287598,
          "acoustic_entropy_side": 6.5405592918396,
          "hz": 1080.2004963696966
        },
        {
          "acoustic_entropy": 6.649583339691162,
          "acoustic_entropy_side": 6.553891181945801,
          "hz": 1237.8529382007157
        },
        {
          "acoustic_entropy": 6.562760829925537,
          "acoustic_entropy_side": 6.459150314331055,
          "hz": 1409.4668930556702
        },
        {
          "acoustic_entropy": 6.494525909423828,
          "acoustic_entropy_side": 6.5455169677734375,
          "hz": 1596.2787759475705
        },
        {
          "acoustic_entropy": 6.460443019866943,
          "acoustic_entropy_side": 6.521644115447998,
          "hz": 1799.6344973346393
        },
        {
          "acoustic_entropy": 6.54783821105957,
          "acoustic_entropy_side": 6.573557376861572,
          "hz": 2020.9991599069049
        },
        {
          "acoustic_entropy": 6.4603776931762695,
          "acoustic_entropy_side": 6.4541730880737305,
          "hz": 2261.9676141086993
        },
        {
          "acoustic_entropy": 6.491747856140137,
          "acoustic_entropy_side": 6.5209503173828125,
          "hz": 2524.2759484456974
        },
        {
          "acoustic_entropy": 6.43999719619751,
          "acoustic_entropy_side": 6.560618877410889,
          "hz": 2809.813997359896
        },
        {
          "acoustic_entropy": 6.773631572723389,
          "acoustic_entropy_side": 6.569705009460449,
          "hz": 3120.6389567871424
        },
        {
          "acoustic_entropy": 6.4601240158081055,
          "acoustic_entropy_side": 6.454835891723633,
          "hz": 3458.990205492291
        },
        {
          "acoustic_entropy": 6.5402350425720215,
          "acoustic_entropy_side": 6.533636569976807,
          "hz": 3827.305438964164
        },
        {
          "acoustic_entropy": 6.426743030548096,
          "acoustic_entropy_side": 6.592642307281494,
          "hz": 4228.238232109126
        },
        {
          "acoustic_entropy": 6.405913352966309,
          "acoustic_entropy_side": 6.572023868560791,
          "hz": 4664.6771572759235
        },
        {
          "acoustic_entropy": 6.561900615692139,
          "acoustic_entropy_side": 6.544915676116943,
          "hz": 5139.766595350093
        },
        {
          "acoustic_entropy": 6.598259925842285,
          "acoustic_entropy_side": 6.53501033782959,
          "hz": 5656.929389854203
        },
        {
          "acoustic_entropy": 6.518759250640869,
          "acoustic_entropy_side": 6.545040607452393,
          "hz": 6219.891507268283
        },
        {
          "acoustic_entropy": 6.519497871398926,
          "acoustic_entropy_side": 6.534296989440918,
          "hz": 6832.70888123896
        },
        {
          "acoustic_entropy": 6.461284160614014,
          "acoustic_entropy_side": 6.4389543533325195,
          "hz": 7499.796634079867
        },
        {
          "acoustic_entropy": 6.540596008300781,
          "acoustic_entropy_side": 6.456899166107178,
          "hz": 8225.96088609342
        },
        {
          "acoustic_entropy": 6.553157806396484,
          "acoustic_entropy_side": 6.4224138259887695,
          "hz": 9016.43338188839
        },
        {
          "acoustic_entropy": 6.4858078956604,
          "acoustic_entropy_side": 6.514338493347168,
          "hz": 9876.909183162974
        },
        {
          "acoustic_entropy": 6.4637451171875,
          "acoustic_entropy_side": 6.551118850708008,
          "hz": 10813.587699516042
        },
        {
          "acoustic_entropy": 6.3895745277404785,
          "acoustic_entropy_side": 6.500469207763672,
          "hz": 11833.21735289826
        },
        {
          "acoustic_entropy": 6.520582675933838,
          "acoustic_entropy_side": 6.531439304351807,
          "hz": 12943.144197493959
        },
        {
          "acoustic_entropy": 6.494844436645508,
          "acoustic_entropy_side": 6.490715503692627,
          "hz": 14151.364845322005
        },
        {
          "acoustic_entropy": 6.396038055419922,
          "acoustic_entropy_side": 6.4639668464660645,
          "hz": 15466.58407886509
        },
        {
          "acoustic_entropy": 6.478678226470947,
          "acoustic_entropy_side": 6.467637538909912,
          "hz": 16898.27756580493
        },
        {
          "acoustic_entropy": 6.457200050354004,
          "acoustic_entropy_side": 6.497390270233154,
          "hz": 18456.760127700032
        },
        {
          "acoustic_entropy": 6.471189022064209,
          "acoustic_entropy_side": 6.516973495483398,
          "hz": 20153.260054456492
        },
        {
          "acoustic_entropy": 6.521361351013184,
          "acoustic_entropy_side": 6.534152507781982,
          "hz": 22000.00000000001
        }
      ],
      "diff_acoustic_entropy": 5.085153102874756,
      "sn": 6
    },
    {
      "acoustic_entropy": 11.354330062866211,
      "acoustic_entropy_mono": 10.144984245300293,
      "band_eliminated_acoustic_entropies": [
        {
          "acoustic_entropy": 10.702154159545898,
          "acoustic_entropy_side": 11.371696472167969,
          "hz": 129.47220167065723
        },
        {
          "acoustic_entropy": 11.894214630126953,
          "acoustic_entropy_side": 11.21876049041748,
          "hz": 202.92927478742237
        },
        {
          "acoustic_entropy": 11.289283752441406,
          "acoustic_entropy_side": 11.250531196594238,
          "hz": 282.89161906338205
        },
        {
          "acoustic_entropy": 11.540300369262695,
          "acoustic_entropy_side": 11.399585723876953,
          "hz": 369.9353335868758
        },
        {
          "acoustic_entropy": 11.370514869689941,
          "acoustic_entropy_side": 11.388742446899414,
          "hz": 464.6875360973435
        },
        {
          "acoustic_entropy": 11.484526634216309,
          "acoustic_entropy_side": 11.17779541015625,
          "hz": 567.8308811364784
        },
        {
          "acoustic_entropy": 11.370649337768555,
          "acoustic_entropy_side": 11.189586639404297,
          "hz": 680.1084783214808
        },
        {
          "acoustic_entropy": 10.6368989944458,
          "acoustic_entropy_side": 11.547411918640137,
          "hz": 802.3292461747484
        },
        {
          "acoustic_entropy": 10.52713394165039,
          "acoustic_entropy_side": 11.290822982788086,
          "hz": 935.3737400823702
        },
        {
          "acoustic_entropy": 11.908271789550781,
          "acoustic_entropy_side": 11.34299373626709,
          "hz": 1080.2004963696966
        },
        {
          "acoustic_entropy": 11.315791130065918,
          "acoustic_entropy_side": 11.04171085357666,
          "hz": 1237.8529382007157
        },
        {
          "acoustic_entropy": 10.962406158447266,
          "acoustic_entropy_side": 11.18433666229248,
          "hz": 1409.4668930556702
        },
        {
          "acoustic_entropy": 11.336044311523438,
          "acoustic_entropy_side": 11.254436492919922,
          "hz": 1596.2787759475705
        },
        {
          "acoustic_entropy": 11.131643295288086,
          "acoustic_entropy_side": 11.077498435974121,
          "hz": 1799.6344973346393
        },
        {
          "acoustic_entropy": 10.828802108764648,
          "acoustic_entropy_side": 10.822861671447754,
          "hz": 2020.9991599069049
        },
        {
          "acoustic_entropy": 11.075779914855957,
          "acoustic_entropy_side": 11.247979164123535,
          "hz": 2261.9676141086993
        },
        {
          "acoustic_entropy": 10.805508613586426,
          "acoustic_entropy_side": 10.84528923034668,
          "hz": 2524.2759484456974
        },
        {
          "acoustic_entropy": 10.92921257019043,
          "acoustic_entropy_side": 11.069238662719727,
          "hz": 2809.813997359896
        },
        {
          "acoustic_entropy": 11.280533790588379,
          "acoustic_entropy_side": 11.347173690795898,
          "hz": 3120.6389567871424
        },
        {
          "acoustic_entropy": 10.586379051208496,
          "acoustic_entropy_side": 10.802255630493164,
          "hz": 3458.990205492291
        },
        {
          "acoustic_entropy": 11.25727653503418,
          "acoustic_entropy_side": 11.413674354553223,
          "hz": 3827.305438964164
        },
        {
          "acoustic_entropy": 11.078837394714355,
          "acoustic_entropy_side": 11.210884094238281,
          "hz": 4228.238232109126
        },
        {
          "acoustic_entropy": 10.687704086303711,
          "acoustic_entropy_side": 11.337318420410156,
          "hz": 4664.6771572759235
        },
        {
          "acoustic_entropy": 11.220393180847168,
          "acoustic_entropy_side": 11.423638343811035,
          "hz": 5139.766595350093
        },
        {
          "acoustic_entropy": 11.358163833618164,
          "acoustic_entropy_side": 11.354860305786133,
          "hz": 5656.929389854203
        },
        {
          "acoustic_entropy": 11.541667938232422,
          "acoustic_entropy_side": 11.355114936828613,
          "hz": 6219.891507268283
        },
        {
          "acoustic_entropy": 11.504562377929688,
          "acoustic_entropy_side": 11.40565013885498,
          "hz": 6832.70888123896
        },
        {
          "acoustic_entropy": 11.124499320983887,
          "acoustic_entropy_side": 10.93135929107666,
          "hz": 7499.796634079867
        },
        {
          "acoustic_entropy": 11.178754806518555,
          "acoustic_entropy_side": 11.019792556762695,
          "hz": 8225.96088609342
        },
        {
          "acoustic_entropy": 11.52206802368164,
          "acoustic_entropy_side": 11.120579719543457,
          "hz": 9016.43338188839
        },
        {
          "acoustic_entropy": 11.28012466430664,
          "acoustic_entropy_side": 10.918167114257812,
          "hz": 9876.909183162974
        },
        {
          "acoustic_entropy": 11.220975875854492,
          "acoustic_entropy_side": 11.165299415588379,
          "hz": 10813.587699516042
        },
        {
          "acoustic_entropy": 11.181571006774902,
          "acoustic_entropy_side": 11.219902038574219,
          "hz": 11833.21735289826
        },
        {
          "acoustic_entropy": 11.45910930633545,
          "acoustic_entropy_side": 11.1116361618042,
          "hz": 12943.144197493959
        },
        {
          "acoustic_entropy": 11.815570831298828,
          "acoustic_entropy_side": 11.178194999694824,
          "hz": 14151.364845322005
        },
        {
          "acoustic_entropy": 11.309558868408203,
          "acoustic_entropy_side": 11.31684684753418,
          "hz": 15466.58407886509
        },
        {
          "acoustic_entropy": 11.113492965698242,
          "acoustic_entropy_side": 11.31044864654541,
          "hz": 16898.27756580493
        },
        {
          "acoustic_entropy": 10.905367851257324,
          "acoustic_entropy_side": 11.33071231842041,
          "hz": 18456.760127700032
        },
        {
          "acoustic_entropy": 10.822330474853516,
          "acoustic_entropy_side": 11.322802543640137,
          "hz": 20153.260054456492
        },
        {
          "acoustic_entropy": 11.124956130981445,
          "acoustic_entropy_side": 11.34178638458252,
          "hz": 22000.00000000001
        }
      ],
      "diff_acoustic_entropy": 10.08474063873291,
      "sn": 12
    },
    {
      "acoustic_entropy": 16.914644241333008,
      "acoustic_entropy_mono": 15.92752456665039,
      "band_eliminated_acoustic_entropies": [
        {
          "acoustic_entropy": 16.337247848510742,
          "acoustic_entropy_side": 17.309112548828125,
          "hz": 129.47220167065723
        },
        {
          "acoustic_entropy": 17.420652389526367,
          "acoustic_entropy_side": 17.170515060424805,
          "hz": 202.92927478742237
        },
        {
          "acoustic_entropy": 17.5523738861084,
          "acoustic_entropy_side": 17.52321434020996,
          "hz": 282.89161906338205
        },
        {
          "acoustic_entropy": 17.104326248168945,
          "acoustic_entropy_side": 16.826108932495117,
          "hz": 369.9353335868758
        },
        {
          "acoustic_entropy": 17.6680965423584,
          "acoustic_entropy_side": 17.030317306518555,
          "hz": 464.6875360973435
        },
        {
          "acoustic_entropy": 16.517349243164062,
          "acoustic_entropy_side": 17.05474090576172,
          "hz": 567.8308811364784
        },
        {
          "acoustic_entropy": 16.879419326782227,
          "acoustic_entropy_side": 16.882122039794922,
          "hz": 680.1084783214808
        },
        {
          "acoustic_entropy": 16.39410400390625,
          "acoustic_entropy_side": 16.628847122192383,
          "hz": 802.3292461747484
        },
        {
          "acoustic_entropy": 17.393321990966797,
          "acoustic_entropy_side": 16.657346725463867,
          "hz": 935.3737400823702
        },
        {
          "acoustic_entropy": 17.721473693847656,
          "acoustic_entropy_side": 17.111787796020508,
          "hz": 1080.2004963696966
        },
        {
          "acoustic_entropy": 17.68347930908203,
          "acoustic_entropy_side": 16.997671127319336,
          "hz": 1237.8529382007157
        },
        {
          "acoustic_entropy": 17.009822845458984,
          "acoustic_entropy_side": 16.844467163085938,
          "hz": 1409.4668930556702
        },
        {
          "acoustic_entropy": 16.960336685180664,
          "acoustic_entropy_side": 16.93337059020996,
          "hz": 1596.2787759475705
        },
        {
          "acoustic_entropy": 17.368331909179688,
          "acoustic_entropy_side": 16.748397827148438,
          "hz": 1799.6344973346393
        },
        {
          "acoustic_entropy": 17.230546951293945,
          "acoustic_entropy_side": 16.939537048339844,
          "hz": 2020.9991599069049
        },
        {
          "acoustic_entropy": 17.122413635253906,
          "acoustic_entropy_side": 16.92601203918457,
          "hz": 2261.9676141086993
        },
        {
          "acoustic_entropy": 17.043540954589844,
          "acoustic_entropy_side": 16.949275970458984,
          "hz": 2524.2759484456974
        },
        {
          "acoustic_entropy": 17.47088050842285,
          "acoustic_entropy_side": 17.457275390625,
          "hz": 2809.813997359896
        },
        {
