{
  "acoustic_entropy": 251.50387573242188,
  "bands": [
    {
      "high_freq": 148.1999969482422,
      "loudness": -26.192928314208984,
      "loudness_range": 18.195587158203125,
      "mid_mean": -25.251541137695312,
      "mid_to_side_loudness": -1.9880629777908325,
      "mid_to_side_loudness_range": 8.643187522888184,
      "side_mean": -27.064075469970703
    },
    {
      "high_freq": 392.3793640136719,
      "loudness": -22.70508575439453,
      "loudness_range": 5.236021041870117,
      "low_freq": 148.1999969482422,
      "mid_mean": -21.738933563232422,
      "mid_to_side_loudness": -0.7460684180259705,
      "mid_to_side_loudness_range": 5.119260311126709,
      "side_mean": -22.504350662231445
    },
    {
      "high_freq": 794.6976318359375,
      "loudness": -21.635740280151367,
      "loudness_range": 7.160087585449219,
      "low_freq": 392.3793640136719,
      "mid_mean": -20.917646408081055,
      "mid_to_side_loudness": -0.23541508615016937,
      "mid_to_side_loudness_range": 5.259194374084473,
      "side_mean": -21.1781005859375
    },
    {
      "high_freq": 1457.5709228515625,
      "loudness": -21.0450439453125,
      "loudness_range": 8.76401138305664,
      "low_freq": 794.6976318359375,
      "mid_mean": -20.616382598876953,
      "mid_to_side_loudness": 0.3021611273288727,
      "mid_to_side_loudness_range": 4.831718444824219,
      "side_mean": -20.299880981445312
    },
    {
      "high_freq": 2549.74365234375,
      "loudness": -23.690942764282227,
      "loudness_range": 13.68770980834961,
      "low_freq": 1457.5709228515625,
      "mid_mean": -22.65168571472168,
      "mid_to_side_loudness": -0.8766868114471436,
      "mid_to_side_loudness_range": 4.091047286987305,
      "side_mean": -23.536706924438477
    },
    {
      "high_freq": 4349.24462890625,
      "loudness": -26.967851638793945,
      "loudness_range": 12.541898727416992,
      "low_freq": 2549.74365234375,
      "mid_mean": -26.261667251586914,
      "mid_to_side_loudness": -0.27978211641311646,
      "mid_to_side_loudness_range": 3.869072437286377,
      "side_mean": -26.586097717285156
    },
    {
      "high_freq": 7314.1640625,
      "loudness": -34.32604217529297,
      "loudness_range": 18.47946548461914,
      "low_freq": 4349.24462890625,
      "mid_mean": -33.07004165649414,
      "mid_to_side_loudness": -1.494061827659607,
      "mid_to_side_loudness_range": 4.993451118469238,
      "side_mean": -34.637245178222656
    },
    {
      "high_freq": 12199.2666015625,
      "loudness": -44.67263412475586,
      "loudness_range": 26.677122116088867,
      "low_freq": 7314.1640625,
      "mid_mean": -43.46760177612305,
      "mid_to_side_loudness": -2.018988847732544,
      "mid_to_side_loudness_range": 10.845612525939941,
      "side_mean": -45.56378936767578
    },
    {
      "loudness": -51.54571533203125,
      "loudness_range": 29.662879943847656,
      "low_freq": 12199.2666015625,
      "mid_mean": -51.060813903808594,
      "mid_to_side_loudness": -2.6853890419006348,
      "mid_to_side_loudness_range": 12.237274169921875,
      "side_mean": -53.58585739135742
    }
  ],
  "bands_short": [
    {
      "high_freq": 148.1999969482422,
      "loudness": -29.224720001220703,
      "loudness_range": 22.547636032104492,
      "mid_mean": -28.781259536743164,
      "mid_to_side_loudness": -1.5584408044815063,
      "mid_to_side_loudness_range": 15.443987846374512,
      "side_mean": -30.205913543701172
    },
    {
      "high_freq": 392.3793640136719,
      "loudness": -22.55624008178711,
      "loudness_range": 8.522712707519531,
      "low_freq": 148.1999969482422,
      "mid_mean": -21.795480728149414,
      "mid_to_side_loudness": -0.7577989101409912,
      "mid_to_side_loudness_range": 9.134256362915039,
      "side_mean": -22.548498153686523
    },
    {
      "high_freq": 794.6976318359375,
      "loudness": -22.00704002380371,
      "loudness_range": 9.416669845581055,
      "low_freq": 392.3793640136719,
      "mid_mean": -21.452640533447266,
      "mid_to_side_loudness": -0.28734290599823,
      "mid_to_side_loudness_range": 9.210665702819824,
      "side_mean": -21.768638610839844
    },
    {
      "high_freq": 1457.5709228515625,
      "loudness": -21.734670639038086,
      "loudness_range": 12.160561561584473,
      "low_freq": 794.6976318359375,
      "mid_mean": -21.432323455810547,
      "mid_to_side_loudness": 0.21109014749526978,
      "mid_to_side_loudness_range": 9.277129173278809,
      "side_mean": -21.20860481262207
    },
    {
      "high_freq": 2549.74365234375,
      "loudness": -24.47757339477539,
      "loudness_range": 14.9263916015625,
      "low_freq": 1457.5709228515625,
      "mid_mean": -23.557018280029297,
      "mid_to_side_loudness": -0.8761911988258362,
      "mid_to_side_loudness_range": 7.397731781005859,
      "side_mean": -24.435646057128906
    },
    {
      "high_freq": 4349.24462890625,
      "loudness": -27.443737030029297,
      "loudness_range": 15.174257278442383,
      "low_freq": 2549.74365234375,
      "mid_mean": -26.866615295410156,
      "mid_to_side_loudness": -0.1636616438627243,
      "mid_to_side_loudness_range": 5.991501808166504,
      "side_mean": -27.029321670532227
    },
    {
      "high_freq": 7314.1640625,
      "loudness": -35.351993560791016,
      "loudness_range": 20.131628036499023,
      "low_freq": 4349.24462890625,
      "mid_mean": -34.40376663208008,
      "mid_to_side_loudness": -1.0438940525054932,
      "mid_to_side_loudness_range": 7.439038276672363,
      "side_mean": -35.470436096191406
    },
    {
      "high_freq": 12199.2666015625,
      "loudness": -46.01310729980469,
      "loudness_range": 30.661617279052734,
      "low_freq": 7314.1640625,
      "mid_mean": -44.938140869140625,
      "mid_to_side_loudness": -1.7968950271606445,
      "mid_to_side_loudness_range": 10.735088348388672,
      "side_mean": -46.95158767700195
    },
    {
      "loudness": -52.430702209472656,
      "loudness_range": 31.69239044189453,
      "low_freq": 12199.2666015625,
      "mid_mean": -52.65647888183594,
      "mid_to_side_loudness": -2.2728536128997803,
      "mid_to_side_loudness_range": 11.478994369506836,
      "side_mean": -54.7093391418457
    }
  ],
  "bandwidth": 767.1290283203125,
  "channels": 2,
  "covariance": [
    [
      58.85316467285156,
      43.317264556884766,
      5.1334686279296875,
      6.2920122146606445,
      -0.08225764334201813,
      1.3691496849060059,
      6.912097454071045,
      3.9290835857391357,
      11.158507347106934,
      9.265974998474121,
      10.988608360290527,
      12.526650428771973,
      13.300252914428711,
      8.322844505310059,
      44.16663360595703,
      31.765058517456055,
      52.73250961303711,
      38.643653869628906
    ],
    [
      43.317264556884766,
      47.97517395019531,
      4.104991436004639,
      6.2355146408081055,
      -0.28217825293540955,
      1.431563138961792,
      7.174360752105713,
      4.0703511238098145,
      8.63691234588623,
      7.263502597808838,
      8.088622093200684,
      8.808518409729004,
      4.680007457733154,
      1.774587869644165,
      28.82398223876953,
      21.97650146484375,
      37.55351257324219,
      29.44295883178711
    ],
    [
      5.1334686279296875,
      4.104991436004639,
      5.035563945770264,
      3.596465826034546,
      2.196359872817993,
      1.8829847574234009,
      1.1162235736846924,
      1.1856786012649536,
      2.3344130516052246,
      2.822208881378174,
      2.920182228088379,
      3.095722198486328,
      5.907802581787109,
      6.18181037902832,
      6.835532188415527,
      6.320215702056885,
      7.662896633148193,
      7.057584285736084
    ],
    [
      6.2920122146606445,
      6.2355146408081055,
      3.596465826034546,
      5.438581943511963,
      1.581055760383606,
      2.098374843597412,
      1.5058059692382812,
      1.1241780519485474,
      2.3619487285614014,
      2.5482099056243896,
      2.0678231716156006,
      2.060617685317993,
      2.661407709121704,
      3.3006772994995117,
      5.707759857177734,
      5.721579551696777,
      7.411457538604736,
      7.186513900756836
    ],
    [
      -0.08225764334201813,
      -0.28217825293540955,
      2.196359872817993,
      1.581055760383606,
      8.15068531036377,
      6.434927940368652,
      3.44797945022583,
      2.7792344093322754,
      4.151106834411621,
      4.740318298339844,
      6.283249855041504,
      5.729763031005859,
      4.575682163238525,
      5.460550308227539,
      6.937735557556152,
      7.15042781829834,
      6.952011585235596,
      7.020263195037842
    ],
    [
      1.3691496849060059,
      1.431563138961792,
      1.8829847574234009,
      2.098374843597412,
      6.434927940368652,
      8.34742259979248,
      4.276632785797119,
      3.565852165222168,
      6.102978706359863,
      6.8548479080200195,
      6.763782024383545,
      6.414638996124268,
      1.1260228157043457,
      2.4592623710632324,
      7.689870357513428,
      7.649508476257324,
      9.443406105041504,
      9.786678314208984
    ],
    [
      6.912097454071045,
      7.174360752105713,
      1.1162235736846924,
      1.5058059692382812,
      3.44797945022583,
      4.276632785797119,
      12.837477684020996,
      10.759655952453613,
      10.187821388244629,
      10.420279502868652,
      10.873538970947266,
      10.961152076721191,
      2.6971914768218994,
      3.225644111633301,
      13.735533714294434,
      12.409004211425781,
      18.44390106201172,
      15.653507232666016
    ],
    [
      3.9290835857391357,
      4.0703511238098145,
      1.1856786012649536,
      1.1241780519485474,
      2.7792344093322754,
      3.565852165222168,
      10.759655952453613,
      11.734465599060059,
      8.681464195251465,
      9.12446117401123,
      9.491850852966309,
      9.874043464660645,
      3.652128219604492,
      4.299665451049805,
      11.244339942932129,
      9.793619155883789,
      14.58774185180664,
      12.252477645874023
    ],
    [
      11.158507347106934,
      8.63691234588623,
      2.3344130516052246,
      2.3619487285614014,
      4.151106834411621,
      6.102978706359863,
      10.187821388244629,
      8.681464195251465,
      20.188556671142578,
      20.200429916381836,
      16.487564086914062,
      16.41184425354004,
      3.814323902130127,
      4.954901695251465,
      22.00226402282715,
      20.3236026763916,
      29.483606338500977,
      26.61054229736328
    ],
    [
      9.265974998474121,
      7.263502597808838,
      2.822208881378174,
      2.5482099056243896,
      4.740318298339844,
      6.8548479080200195,
      10.420279502868652,
      9.12446117401123,
      20.200429916381836,
      22.229049682617188,
      17.58426856994629,
      17.138540267944336,
      4.324108123779297,
      6.476315975189209,
      21.376296997070312,
      20.568859100341797,
      27.963895797729492,
      26.14015007019043
    ],
    [
      10.988608360290527,
      8.088622093200684,
      2.920182228088379,
      2.0678231716156006,
      6.283249855041504,
      6.763782024383545,
      10.873538970947266,
      9.491850852966309,
      16.487564086914062,
      17.58426856994629,
      23.87904167175293,
      21.76229476928711,
      9.63436508178711,
      11.442187309265137,
      25.322254180908203,
      23.989831924438477,
      29.854475021362305,
      27.174545288085938
    ],
    [
      12.526650428771973,
      8.808518409729004,
      3.095722198486328,
      2.060617685317993,
      5.729763031005859,
      6.414638996124268,
      10.961152076721191,
      9.874043464660645,
      16.41184425354004,
      17.138540267944336,
      21.76229476928711,
      22.181554794311523,
      8.651318550109863,
      9.96907901763916,
      23.598398208618164,
      22.622886657714844,
      29.105939865112305,
      26.94308853149414
    ],
    [
      13.300252914428711,
      4.680007457733154,
      5.907802581787109,
      2.661407709121704,
      4.575682163238525,
      1.1260228157043457,
      2.6971914768218994,
      3.652128219604492,
      3.814323902130127,
      4.324108123779297,
      9.63436508178711,
      8.651318550109863,
      43.44908905029297,
      39.18739318847656,
      43.73823165893555,
      34.281253814697266,
      36.05389404296875,
      24.8402099609375
    ],
    [
      8.322844505310059,
      1.774587869644165,
      6.18181037902832,
      3.3006772994995117,
      5.460550308227539,
      2.4592623710632324,
      3.225644111633301,
      4.299665451049805,
      4.954901695251465,
      6.476315975189209,
      11.442187309265137,
      9.96907901763916,
      39.18739318847656,
      39.577701568603516,
      35.43244171142578,
      31.59515953063965,
      27.184663772583008,
      21.92707633972168
    ],
    [
      44.16663360595703,
      28.82398223876953,
      6.835532188415527,
      5.707759857177734,
      6.937735557556152,
      7.689870357513428,
      13.735533714294434,
      11.244339942932129,
      22.00226402282715,
      21.376296997070312,
      25.322254180908203,
      23.598398208618164,
      43.73823165893555,
      35.43244171142578,
      103.73076629638672,
      74.30659484863281,
      106.51652526855469,
      72.19035339355469
    ],
    [
      31.765058517456055,
      21.97650146484375,
      6.320215702056885,
      5.721579551696777,
      7.15042781829834,
      7.649508476257324,
      12.409004211425781,
      9.793619155883789,
      20.3236026763916,
      20.568859100341797,
      23.989831924438477,
      22.622886657714844,
      34.281253814697266,
      31.59515953063965,
      74.30659484863281,
      60.82857894897461,
      76.7200698852539,
      58.78583908081055
    ],
    [
      52.73250961303711,
      37.55351257324219,
      7.662896633148193,
      7.411457538604736,
      6.952011585235596,
      9.443406105041504,
      18.44390106201172,
      14.58774185180664,
      29.483606338500977,
      27.963895797729492,
      29.854475021362305,
      29.105939865112305,
      36.05389404296875,
      27.184663772583008,
      106.51652526855469,
      76.7200698852539,
      132.5186767578125,
      95.82994079589844
    ],
    [
      38.643653869628906,
      29.44295883178711,
      7.057584285736084,
      7.186513900756836,
      7.020263195037842,
      9.786678314208984,
      15.653507232666016,
      12.252477645874023,
      26.61054229736328,
      26.14015007019043,
      27.174545288085938,
      26.94308853149414,
      24.8402099609375,
      21.92707633972168,
      72.19035339355469,
      58.78583908081055,
      95.82994079589844,
      78.25978088378906
    ]
  ],
  "covariance_short": [
    [
      76.82537078857422,
      49.554141998291016,
      11.106489181518555,
      11.646757125854492,
      -1.7064423561096191,
      -0.039156876504421234,
      7.6677937507629395,
      5.247036933898926,
      10.499926567077637,
      9.009038925170898,
      10.57204818725586,
      11.556702613830566,
      10.800403594970703,
      6.939043045043945,
      37.8580207824707,
      28.926156997680664,
      42.22993087768555,
      33.24071502685547
    ],
    [
      49.554141998291016,
      62.01904296875,
      8.626189231872559,
      9.702303886413574,
      -2.323747396469116,
      -0.4056479334831238,
      5.625406265258789,
      4.118063449859619,
      6.194262504577637,
      5.089145660400391,
      7.8229217529296875,
      8.347493171691895,
      5.681121349334717,
      2.657944917678833,
      25.151344299316406,
      20.555557250976562,
      32.09543228149414,
      26.04296112060547
    ],
    [
      11.106489181518555,
      8.626189231872559,
      12.644105911254883,
      6.634890556335449,
      2.8357794284820557,
      2.902745246887207,
      3.5837855339050293,
      3.823134660720825,
      4.599696636199951,
      4.659890174865723,
      5.17534065246582,
      5.161031246185303,
      7.561826705932617,
      7.274703502655029,
      11.93958854675293,
      11.209588050842285,
      12.972631454467773,
      11.192513465881348
    ],
    [
      11.646757125854492,
      9.702303886413574,
      6.634890556335449,
      11.390049934387207,
      1.4901725053787231,
      2.2120654582977295,
      3.7206156253814697,
      2.8546295166015625,
      3.89672589302063,
      3.8129026889801025,
      4.092931270599365,
      3.8596882820129395,
      4.342153549194336,
      3.8215725421905518,
      9.957286834716797,
      10.182744026184082,
      11.817546844482422,
      10.727890968322754
    ],
    [
      -1.7064423561096191,
      -2.323747396469116,
      2.8357794284820557,
      1.4901725053787231,
      15.107168197631836,
      9.50997543334961,
      5.608638763427734,
      5.571399688720703,
      7.030003547668457,
      7.451752662658691,
      10.00858211517334,
      9.418218612670898,
      7.1249847412109375,
      7.750062942504883,
      11.099446296691895,
      12.166850090026855,
      10.764449119567871,
      10.689282417297363
    ],
    [
      -0.039156876504421234,
      -0.4056479334831238,
      2.902745246887207,
      2.2120654582977295,
      9.50997543334961,
      14.804569244384766,
      6.269532680511475,
      6.320559501647949,
      8.447810173034668,
      8.910874366760254,
      10.122236251831055,
      9.726826667785645,
      4.177234649658203,
      5.094537734985352,
      11.843633651733398,
      12.700926780700684,
      12.771492958068848,
      12.794474601745605
    ],
    [
      7.6677937507629395,
      5.625406265258789,
      3.5837855339050293,
      3.7206156253814697,
      5.608638763427734,
      6.269532680511475,
      21.082744598388672,
      15.82888412475586,
      12.855809211730957,
      13.300151824951172,
      14.574642181396484,
      14.374835014343262,
      6.815739631652832,
      6.395608425140381,
      18.049762725830078,
      18.399629592895508,
      21.184185028076172,
      19.20176887512207
    ],
    [
      5.247036933898926,
      4.118063449859619,
      3.823134660720825,
      2.8546295166015625,
      5.571399688720703,
      6.320559501647949,
      15.82888412475586,
      20.923049926757812,
      11.978336334228516,
      12.737970352172852,
      13.608652114868164,
      13.712148666381836,
      7.683933258056641,
      7.712296009063721,
      16.096839904785156,
      16.579023361206055,
      18.08711814880371,
      16.671262741088867
    ],
    [
      10.499926567077637,
      6.194262504577637,
      4.599696636199951,
      3.89672589302063,
      7.030003547668457,
      8.447810173034668,
      12.855809211730957,
      11.978336334228516,
      27.97414779663086,
      25.09362030029297,
      21.216304779052734,
      20.79869842529297,
      9.659039497375488,
      9.305134773254395,
      27.057270050048828,
      27.259294509887695,
      32.584747314453125,
      30.54498863220215
    ],
    [
      9.009038925170898,
      5.089145660400391,
      4.659890174865723,
      3.8129026889801025,
      7.451752662658691,
      8.910874366760254,
      13.300151824951172,
      12.737970352172852,
      25.09362030029297,
      29.012184143066406,
      21.958778381347656,
      21.225200653076172,
      9.484476089477539,
      10.01559066772461,
      26.465442657470703,
      27.487037658691406,
      31.37688636779785,
      29.98879623413086
    ],
    [
      10.57204818725586,
      7.8229217529296875,
      5.17534065246582,
      4.092931270599365,
      10.00858211517334,
      10.122236251831055,
      14.574642181396484,
      13.608652114868164,
      21.216304779052734,
      21.958778381347656,
      31.800094604492188,
      27.697341918945312,
      16.684919357299805,
      16.816099166870117,
      34.17693328857422,
      34.22148132324219,
      36.77690124511719,
      34.13882064819336
    ],
    [
      11.556702613830566,
      8.347493171691895,
      5.161031246185303,
      3.8596882820129395,
      9.418218612670898,
      9.726826667785645,
      14.374835014343262,
      13.712148666381836,
      20.79869842529297,
      21.225200653076172,
      27.697341918945312,
      29.391223907470703,
      14.866703987121582,
      14.867347717285156,
      31.56073760986328,
      32.21470642089844,
      34.75532913208008,
      32.941707611083984
    ],
    [
      10.800403594970703,
      5.681121349334717,
      7.561826705932617,
      4.342153549194336,
      7.1249847412109375,
      4.177234649658203,
      6.815739631652832,
      7.683933258056641,
      9.659039497375488,
      9.484476089477539,
      16.684919357299805,
      14.866703987121582,
      50.74632263183594,
      44.42905044555664,
      52.182796478271484,
      43.039188385009766,
      44.13028335571289,
      33.198692321777344
    ],
    [
      6.939043045043945,
      2.657944917678833,
      7.274703502655029,
      3.8215725421905518,
      7.750062942504883,
      5.094537734985352,
      6.395608425140381,
      7.712296009063721,
      9.305134773254395,
      10.01559066772461,
      16.816099166870117,
      14.867347717285156,
      44.42905044555664,
      45.64146423339844,
      41.90732955932617,
      38.542842864990234,
      33.12400436401367,
      28.18409538269043
    ],
    [
      37.8580207824707,
      25.151344299316406,
      11.93958854675293,
      9.957286834716797,
      11.099446296691895,
      11.843633651733398,
      18.049762725830078,
      16.096839904785156,
      27.057270050048828,
      26.465442657470703,
      34.17693328857422,
      31.56073760986328,
      52.182796478271484,
      41.90732955932617,
      111.74677276611328,
      83.0329360961914,
      108.68213653564453,
      78.40654754638672
    ],
    [
      28.926156997680664,
      20.555557250976562,
      11.209588050842285,
      10.182744026184082,
      12.166850090026855,
      12.700926780700684,
      18.399629592895508,
      16.579023361206055,
      27.259294509887695,
      27.487037658691406,
      34.22148132324219,
      32.21470642089844,
      43.039188385009766,
      38.542842864990234,
      83.0329360961914,
      75.2914810180664,
      82.40034484863281,
      68.53011322021484
    ],
    [
      42.22993087768555,
      32.09543228149414,
      12.972631454467773,
      11.817546844482422,
      10.764449119567871,
      12.771492958068848,
      21.184185028076172,
      18.08711814880371,
      32.584747314453125,
      31.37688636779785,
      36.77690124511719,
      34.75532913208008,
      44.13028335571289,
      33.12400436401367,
      108.68213653564453,
      82.40034484863281,
      129.3830108642578,
      97.7111587524414
    ],
    [
      33.24071502685547,
      26.04296112060547,
      11.192513465881348,
      10.727890968322754,
      10.689282417297363,
      12.794474601745605,
      19.20176887512207,
      16.671262741088867,
      30.54498863220215,
      29.98879623413086,
      34.13882064819336,
      32.941707611083984,
      33.198692321777344,
      28.18409538269043,
      78.40654754638672,
      68.53011322021484,
      97.7111587524414,
      83.907958984375
    ]
  ],
  "damage": -6.766000270843506,
  "diff_bandwidth": 796.8545532226562,
  "dissonance": 7.682311705711341,
  "drr": 4.958639621734619,
  "dynamics": 2.1227223873138428,
  "format": 1245190,
  "frames": 6477824,
  "loudness": -11.442229270935059,
  "loudness_range": 5.835536003112793,
  "loudness_range_short": 7.25092887878418,
  "lowpass_true_peak_15khz": 0.4671851396560669,
  "mastering3_acoustic_entropies": [
    {
      "acoustic_entropy": 6.017390251159668,
      "acoustic_entropy_mono": 6.1541948318481445,
      "band_eliminated_acoustic_entropies": [
        {
          "acoustic_entropy": 5.989567756652832,
          "acoustic_entropy_side": 6.0216779708862305,
          "hz": 129.47220167065723
        },
        {
          "acoustic_entropy": 6.0953192710876465,
          "acoustic_entropy_side": 6.110642910003662,
          "hz": 202.92927478742237
        },
        {
          "acoustic_entropy": 6.026686668395996,
          "acoustic_entropy_side": 6.049811363220215,
          "hz": 282.89161906338205
        },
        {
          "acoustic_entropy": 6.288190841674805,
          "acoustic_entropy_side": 6.182196140289307,
          "hz": 369.9353335868758
        },
        {
          "acoustic_entropy": 6.351984024047852,
          "acoustic_entropy_side": 6.165382385253906,
          "hz": 464.6875360973435
        },
        {
          "acoustic_entropy": 6.243054389953613,
          "acoustic_entropy_side": 6.216362476348877,
          "hz": 567.8308811364784
        },
        {
          "acoustic_entropy": 6.233962059020996,
          "acoustic_entropy_side": 6.278616905212402,
          "hz": 680.1084783214808
        },
        {
          "acoustic_entropy": 6.474180221557617,
          "acoustic_entropy_side": 6.428139686584473,
          "hz": 802.3292461747484
        },
        {
          "acoustic_entropy": 6.110877990722656,
          "acoustic_entropy_side": 6.093886375427246,
          "hz": 935.3737400823702
        },
        {
          "acoustic_entropy": 5.90618896484375,
          "acoustic_entropy_side": 5.9092183113098145,
          "hz": 1080.2004963696966
        },
        {
          "acoustic_entropy": 5.729027271270752,
          "acoustic_entropy_side": 5.902501583099365,
          "hz": 1237.8529382007157
        },
        {
          "acoustic_entropy": 5.923873424530029,
          "acoustic_entropy_side": 5.747204303741455,
          "hz": 1409.4668930556702
        },
        {
          "acoustic_entropy": 5.365464687347412,
          "acoustic_entropy_side": 5.528199195861816,
          "hz": 1596.2787759475705
        },
        {
          "acoustic_entropy": 5.983815670013428,
          "acoustic_entropy_side": 6.569094657897949,
          "hz": 1799.6344973346393
        },
        {
          "acoustic_entropy": 6.694913387298584,
          "acoustic_entropy_side": 6.450218677520752,
          "hz": 2020.9991599069049
        },
        {
          "acoustic_entropy": 5.966850757598877,
          "acoustic_entropy_side": 6.097000598907471,
          "hz": 2261.9676141086993
        },
        {
          "acoustic_entropy": 6.017302989959717,
          "acoustic_entropy_side": 6.109468460083008,
          "hz": 2524.2759484456974
        },
        {
          "acoustic_entropy": 5.8024678230285645,
          "acoustic_entropy_side": 5.838983535766602,
          "hz": 2809.813997359896
        },
        {
          "acoustic_entropy": 6.19317626953125,
          "acoustic_entropy_side": 6.062348365783691,
          "hz": 3120.6389567871424
        },
        {
          "acoustic_entropy": 6.058267116546631,
          "acoustic_entropy_side": 6.131083011627197,
          "hz": 3458.990205492291
        },
        {
          "acoustic_entropy": 5.963777542114258,
          "acoustic_entropy_side": 6.0051069259643555,
          "hz": 3827.305438964164
        },
        {
          "acoustic_entropy": 5.662661075592041,
          "acoustic_entropy_side": 5.81516695022583,
          "hz": 4228.238232109126
        },
        {
          "acoustic_entropy": 5.967527389526367,
          "acoustic_entropy_side": 5.975398540496826,
          "hz": 4664.6771572759235
        },
        {
          "acoustic_entropy": 5.980112075805664,
          "acoustic_entropy_side": 6.1111063957214355,
          "hz": 5139.766595350093
        },
        {
          "acoustic_entropy": 6.054698944091797,
          "acoustic_entropy_side": 6.148012638092041,
          "hz": 5656.929389854203
        },
        {
          "acoustic_entropy": 6.151196002960205,
          "acoustic_entropy_side": 6.131597995758057,
          "hz": 6219.891507268283
        },
        {
          "acoustic_entropy": 5.953760147094727,
          "acoustic_entropy_side": 6.020965576171875,
          "hz": 6832.70888123896
        },
        {
          "acoustic_entropy": 6.032992839813232,
          "acoustic_entropy_side": 6.021483421325684,
          "hz": 7499.796634079867
        },
        {
          "acoustic_entropy": 6.12108039855957,
          "acoustic_entropy_side": 6.013281345367432,
          "hz": 8225.96088609342
        },
        {
          "acoustic_entropy": 6.1677751541137695,
          "acoustic_entropy_side": 6.017887592315674,
          "hz": 9016.43338188839
        },
        {
          "acoustic_entropy": 6.162178993225098,
          "acoustic_entropy_side": 6.014400005340576,
          "hz": 9876.909183162974
        },
        {
          "acoustic_entropy": 6.173673152923584,
          "acoustic_entropy_side": 6.013802528381348,
          "hz": 10813.587699516042
        },
        {
          "acoustic_entropy": 6.157923698425293,
          "acoustic_entropy_side": 6.014110088348389,
          "hz": 11833.21735289826
        },
        {
          "acoustic_entropy": 6.129591464996338,
          "acoustic_entropy_side": 6.0171051025390625,
          "hz": 12943.144197493959
        },
        {
          "acoustic_entropy": 6.096092224121094,
          "acoustic_entropy_side": 6.021312713623047,
          "hz": 14151.364845322005
        },
        {
          "acoustic_entropy": 6.050447463989258,
          "acoustic_entropy_side": 6.0208539962768555,
          "hz": 15466.58407886509
        },
        {
          "acoustic_entropy": 5.995453357696533,
          "acoustic_entropy_side": 6.020679950714111,
          "hz": 16898.27756580493
        },
        {
          "acoustic_entropy": 6.008054256439209,
          "acoustic_entropy_side": 6.023491859436035,
          "hz": 18456.760127700032
        },
        {
          "acoustic_entropy": 5.99681282043457,
          "acoustic_entropy_side": 6.022092342376709,
          "hz": 20153.260054456492
        },
        {
          "acoustic_entropy": 6.010197162628174,
          "acoustic_entropy_side": 6.016751289367676,
          "hz": 22000.00000000001
        }
      ],
      "diff_acoustic_entropy": 4.331602573394775,
      "sn": 6
    },
    {
      "acoustic_entropy": 10.758025169372559,
      "acoustic_entropy_mono": 11.726628303527832,
      "band_eliminated_acoustic_entropies": [
        {
          "acoustic_entropy": 10.862419128417969,
          "acoustic_entropy_side": 10.80084228515625,
          "hz": 129.47220167065723
        },
        {
          "acoustic_entropy": 10.491552352905273,
          "acoustic_entropy_side": 11.359829902648926,
          "hz": 202.92927478742237
        },
        {
          "acoustic_entropy": 11.417387962341309,
          "acoustic_entropy_side": 11.102014541625977,
          "hz": 282.89161906338205
        },
        {
          "acoustic_entropy": 11.114261627197266,
          "acoustic_entropy_side": 11.25251293182373,
          "hz": 369.9353335868758
        },
        {
          "acoustic_entropy": 10.38947582244873,
          "acoustic_entropy_side": 10.744874954223633,
          "hz": 464.6875360973435
        },
        {
          "acoustic_entropy": 11.141615867614746,
          "acoustic_entropy_side": 10.901384353637695,
          "hz": 567.8308811364784
        },
        {
          "acoustic_entropy": 10.316387176513672,
          "acoustic_entropy_side": 10.946722984313965,
          "hz": 680.1084783214808
        },
        {
          "acoustic_entropy": 10.973526954650879,
          "acoustic_entropy_side": 11.055808067321777,
          "hz": 802.3292461747484
        },
        {
          "acoustic_entropy": 10.676718711853027,
          "acoustic_entropy_side": 10.638107299804688,
          "hz": 935.3737400823702
        },
        {
          "acoustic_entropy": 9.877558708190918,
          "acoustic_entropy_side": 10.5686674118042,
          "hz": 1080.2004963696966
        },
        {
          "acoustic_entropy": 11.187969207763672,
          "acoustic_entropy_side": 11.515199661254883,
          "hz": 1237.8529382007157
        },
        {
          "acoustic_entropy": 10.855711936950684,
          "acoustic_entropy_side": 10.809455871582031,
          "hz": 1409.4668930556702
        },
        {
          "acoustic_entropy": 10.156333923339844,
          "acoustic_entropy_side": 10.676128387451172,
          "hz": 1596.2787759475705
        },
        {
          "acoustic_entropy": 11.335345268249512,
          "acoustic_entropy_side": 11.680915832519531,
          "hz": 1799.6344973346393
        },
        {
          "acoustic_entropy": 10.388676643371582,
          "acoustic_entropy_side": 10.556488990783691,
          "hz": 2020.9991599069049
        },
        {
          "acoustic_entropy": 10.684591293334961,
          "acoustic_entropy_side": 10.976486206054688,
          "hz": 2261.9676141086993
        },
        {
          "acoustic_entropy": 10.399055480957031,
          "acoustic_entropy_side": 10.379261016845703,
          "hz": 2524.2759484456974
        },
        {
          "acoustic_entropy": 10.754499435424805,
          "acoustic_entropy_side": 10.799397468566895,
          "hz": 2809.813997359896
        },
        {
          "acoustic_entropy": 10.805160522460938,
          "acoustic_entropy_side": 10.716270446777344,
          "hz": 3120.6389567871424
        },
        {
          "acoustic_entropy": 10.200186729431152,
          "acoustic_entropy_side": 10.250387191772461,
          "hz": 3458.990205492291
        },
        {
          "acoustic_entropy": 10.841999053955078,
          "acoustic_entropy_side": 10.811461448669434,
          "hz": 3827.305438964164
        },
        {
          "acoustic_entropy": 10.998326301574707,
          "acoustic_entropy_side": 11.017523765563965,
          "hz": 4228.238232109126
        },
        {
          "acoustic_entropy": 10.58621597290039,
          "acoustic_entropy_side": 10.738967895507812,
          "hz": 4664.6771572759235
        },
        {
          "acoustic_entropy": 10.675919532775879,
          "acoustic_entropy_side": 10.64537239074707,
          "hz": 5139.766595350093
        },
        {
          "acoustic_entropy": 10.510998725891113,
          "acoustic_entropy_side": 10.598281860351562,
          "hz": 5656.929389854203
        },
        {
          "acoustic_entropy": 11.24919605255127,
          "acoustic_entropy_side": 10.702956199645996,
          "hz": 6219.891507268283
        },
        {
          "acoustic_entropy": 10.530012130737305,
          "acoustic_entropy_side": 10.60360336303711,
          "hz": 6832.70888123896
        },
        {
          "acoustic_entropy": 10.651585578918457,
          "acoustic_entropy_side": 10.743860244750977,
          "hz": 7499.796634079867
        },
        {
          "acoustic_entropy": 10.643115997314453,
          "acoustic_entropy_side": 10.777030944824219,
          "hz": 8225.96088609342
        },
        {
          "acoustic_entropy": 10.579171180725098,
          "acoustic_entropy_side": 10.770503044128418,
          "hz": 9016.43338188839
        },
        {
          "acoustic_entropy": 10.44875717163086,
          "acoustic_entropy_side": 10.752923965454102,
          "hz": 9876.909183162974
        },
        {
          "acoustic_entropy": 10.513078689575195,
          "acoustic_entropy_side": 10.759703636169434,
          "hz": 10813.587699516042
        },
        {
          "acoustic_entropy": 10.503988265991211,
          "acoustic_entropy_side": 10.762778282165527,
          "hz": 11833.21735289826
        },
        {
          "acoustic_entropy": 10.556344032287598,
          "acoustic_entropy_side": 10.767068862915039,
          "hz": 12943.144197493959
        },
        {
          "acoustic_entropy": 10.604697227478027,
          "acoustic_entropy_side": 10.765509605407715,
          "hz": 14151.364845322005
        },
        {
          "acoustic_entropy": 10.63096809387207,
          "acoustic_entropy_side": 10.76290512084961,
          "hz": 15466.58407886509
        },
        {
          "acoustic_entropy": 10.699024200439453,
          "acoustic_entropy_side": 10.762322425842285,
          "hz": 16898.27756580493
        },
        {
          "acoustic_entropy": 10.717691421508789,
          "acoustic_entropy_side": 10.759635925292969,
          "hz": 18456.760127700032
        },
        {
          "acoustic_entropy": 10.694673538208008,
          "acoustic_entropy_side": 10.758131980895996,
          "hz": 20153.260054456492
        },
        {
          "acoustic_entropy": 10.745604515075684,
          "acoustic_entropy_side": 10.764190673828125,
          "hz": 22000.00000000001
        }
      ],
      "diff_acoustic_entropy": 8.012567520141602,
      "sn": 12
    },
    {
      "acoustic_entropy": 17.550216674804688,
      "acoustic_entropy_mono": 16.405912399291992,
      "band_eliminated_acoustic_entropies": [
        {
          "acoustic_entropy": 17.383604049682617,
          "acoustic_entropy_side": 17.52181625366211,
          "hz": 129.47220167065723
        },
        {
          "acoustic_entropy": 17.134729385375977,
          "acoustic_entropy_side": 17.485139846801758,
          "hz": 202.92927478742237
        },
        {
          "acoustic_entropy": 18.062349319458008,
          "acoustic_entropy_side": 17.7233943939209,
          "hz": 282.89161906338205
        },
        {
          "acoustic_entropy": 17.940279006958008,
          "acoustic_entropy_side": 18.06859016418457,
          "hz": 369.9353335868758
        },
        {
          "acoustic_entropy": 17.17478370666504,
          "acoustic_entropy_side": 17.50701904296875,
          "hz": 464.6875360973435
        },
        {
          "acoustic_entropy": 17.749975204467773,
          "acoustic_entropy_side": 17.728662490844727,
          "hz": 567.8308811364784
        },
        {
          "acoustic_entropy": 17.351150512695312,
          "acoustic_entropy_side": 17.893278121948242,
          "hz": 680.1084783214808
        },
        {
          "acoustic_entropy": 17.968425750732422,
          "acoustic_entropy_side": 18.07862091064453,
          "hz": 802.3292461747484
        },
        {
          "acoustic_entropy": 17.612565994262695,
          "acoustic_entropy_side": 17.592073440551758,
          "hz": 935.3737400823702
        },
        {
          "acoustic_entropy": 17.3546199798584,
          "acoustic_entropy_side": 17.88921546936035,
          "hz": 1080.2004963696966
        },
        {
          "acoustic_entropy": 17.96451759338379,
          "acoustic_entropy_side": 17.810081481933594,
          "hz": 1237.8529382007157
        },
        {
          "acoustic_entropy": 17.608745574951172,
          "acoustic_entropy_side": 17.817726135253906,
          "hz": 1409.4668930556702
        },
        {
          "acoustic_entropy": 16.833209991455078,
          "acoustic_entropy_side": 17.813905715942383,
          "hz": 1596.2787759475705
        },
        {
          "acoustic_entropy": 16.81072998046875,
          "acoustic_entropy_side": 17.38405418395996,
          "hz": 1799.6344973346393
        },
        {
          "acoustic_entropy": 17.686546325683594,
          "acoustic_entropy_side": 17.31195068359375,
          "hz": 2020.9991599069049
        },
        {
          "acoustic_entropy": 17.995824813842773,
          "acoustic_entropy_side": 17.911964416503906,
          "hz": 2261.9676141086993
        },
        {
          "acoustic_entropy": 18.39518165588379,
          "acoustic_entropy_side": 17.927900314331055,
          "hz": 2524.2759484456974
        },
        {
          "acoustic_entropy": 17.177274703979492,
          "acoustic_entropy_side": 17.660839080810547,
          "hz": 2809.813997359896
        },
        {
          "acoustic_entropy": 18.06938934326172,
