{
  "acoustic_entropy": 88.20001983642578,
  "bands": [
    {
      "high_freq": 148.1999969482422,
      "loudness": -37.54241943359375,
      "loudness_range": 10.981216430664062,
      "mid_mean": -33.985435485839844,
      "mid_to_side_loudness": -20.75011444091797,
      "mid_to_side_loudness_range": 12.972744941711426,
      "side_mean": -56.318603515625
    },
    {
      "high_freq": 392.3793640136719,
      "loudness": -29.775239944458008,
      "loudness_range": 13.279569625854492,
      "low_freq": 148.1999969482422,
      "mid_mean": -26.232940673828125,
      "mid_to_side_loudness": -20.30621337890625,
      "mid_to_side_loudness_range": 13.295499801635742,
      "side_mean": -46.48750686645508
    },
    {
      "high_freq": 794.6976318359375,
      "loudness": -35.722984313964844,
      "loudness_range": 13.789846420288086,
      "low_freq": 392.3793640136719,
      "mid_mean": -32.333736419677734,
      "mid_to_side_loudness": -18.084152221679688,
      "mid_to_side_loudness_range": 11.07017707824707,
      "side_mean": -52.45634078979492
    },
    {
      "high_freq": 1457.5709228515625,
      "loudness": -36.1181526184082,
      "loudness_range": 26.601173400878906,
      "low_freq": 794.6976318359375,
      "mid_mean": -32.96794891357422,
      "mid_to_side_loudness": -16.224834442138672,
      "mid_to_side_loudness_range": 15.915532112121582,
      "side_mean": -51.93880844116211
    },
    {
      "high_freq": 2549.74365234375,
      "loudness": -40.151145935058594,
      "loudness_range": 25.773372650146484,
      "low_freq": 1457.5709228515625,
      "mid_mean": -36.99867630004883,
      "mid_to_side_loudness": -15.470303535461426,
      "mid_to_side_loudness_range": 19.699792861938477,
      "side_mean": -55.193294525146484
    },
    {
      "high_freq": 4349.24462890625,
      "loudness": -49.21549606323242,
      "loudness_range": 31.127838134765625,
      "low_freq": 2549.74365234375,
      "mid_mean": -46.32611083984375,
      "mid_to_side_loudness": -16.641504287719727,
      "mid_to_side_loudness_range": 24.19896697998047,
      "side_mean": -62.58475112915039
    },
    {
      "high_freq": 7314.1640625,
      "loudness": -60.742950439453125,
      "loudness_range": 21.169044494628906,
      "low_freq": 4349.24462890625,
      "mid_mean": -57.884849548339844,
      "mid_to_side_loudness": -21.25245475769043,
      "mid_to_side_loudness_range": 28.686622619628906,
      "side_mean": -68.88681030273438
    },
    {
      "high_freq": 12199.2666015625,
      "loudness": -64.93721771240234,
      "loudness_range": 13.5430908203125,
      "low_freq": 7314.1640625,
      "mid_mean": -61.24262619018555,
      "mid_to_side_loudness": -26.417177200317383,
      "mid_to_side_loudness_range": 42.06918716430664,
      "side_mean": -69.85543823242188
    },
    {
      "loudness": -71.68557739257812,
      "loudness_range": 5.114189147949219,
      "low_freq": 12199.2666015625,
      "mid_mean": -65.94900512695312,
      "mid_to_side_loudness": -21.38200569152832,
      "mid_to_side_loudness_range": 26.43239402770996,
      "side_mean": -69.96163177490234
    }
  ],
  "bands_short": [
    {
      "high_freq": 148.1999969482422,
      "loudness": -43.22347640991211,
      "loudness_range": 13.626087188720703,
      "mid_mean": -39.63733673095703,
      "mid_to_side_loudness": -20.924747467041016,
      "mid_to_side_loudness_range": 19.658899307250977,
      "side_mean": -60.99060821533203
    },
    {
      "high_freq": 392.3793640136719,
      "loudness": -29.606435775756836,
      "loudness_range": 14.363405227661133,
      "low_freq": 148.1999969482422,
      "mid_mean": -26.09440803527832,
      "mid_to_side_loudness": -19.893890380859375,
      "mid_to_side_loudness_range": 14.839203834533691,
      "side_mean": -46.36690902709961
    },
    {
      "high_freq": 794.6976318359375,
      "loudness": -35.99481201171875,
      "loudness_range": 15.668964385986328,
      "low_freq": 392.3793640136719,
      "mid_mean": -32.599822998046875,
      "mid_to_side_loudness": -17.070859909057617,
      "mid_to_side_loudness_range": 13.786916732788086,
      "side_mean": -52.3845329284668
    },
    {
      "high_freq": 1457.5709228515625,
      "loudness": -37.19668960571289,
      "loudness_range": 27.00751495361328,
      "low_freq": 794.6976318359375,
      "mid_mean": -33.93989181518555,
      "mid_to_side_loudness": -14.970316886901855,
      "mid_to_side_loudness_range": 17.299745559692383,
      "side_mean": -52.384063720703125
    },
    {
      "high_freq": 2549.74365234375,
      "loudness": -42.108131408691406,
      "loudness_range": 27.649728775024414,
      "low_freq": 1457.5709228515625,
      "mid_mean": -38.99739456176758,
      "mid_to_side_loudness": -13.616198539733887,
      "mid_to_side_loudness_range": 19.351972579956055,
      "side_mean": -55.49559020996094
    },
    {
      "high_freq": 4349.24462890625,
      "loudness": -51.31075668334961,
      "loudness_range": 29.85708236694336,
      "low_freq": 2549.74365234375,
      "mid_mean": -50.47590637207031,
      "mid_to_side_loudness": -14.714224815368652,
      "mid_to_side_loudness_range": 22.403987884521484,
      "side_mean": -62.77879333496094
    },
    {
      "high_freq": 7314.1640625,
      "loudness": -62.98337173461914,
      "loudness_range": 21.70217514038086,
      "low_freq": 4349.24462890625,
      "mid_mean": -59.74589538574219,
      "mid_to_side_loudness": -17.690349578857422,
      "mid_to_side_loudness_range": 28.023340225219727,
      "side_mean": -68.91471862792969
    },
    {
      "high_freq": 12199.2666015625,
      "loudness": -66.34308624267578,
      "loudness_range": 14.995983123779297,
      "low_freq": 7314.1640625,
      "mid_mean": -62.301334381103516,
      "mid_to_side_loudness": -22.006492614746094,
      "mid_to_side_loudness_range": 35.946434020996094,
      "side_mean": -69.87003326416016
    },
    {
      "loudness": -71.89313507080078,
      "loudness_range": 5.820587158203125,
      "low_freq": 12199.2666015625,
      "mid_mean": -66.08050537109375,
      "mid_to_side_loudness": -21.74843406677246,
      "mid_to_side_loudness_range": 29.815340042114258,
      "side_mean": -69.96134185791016
    }
  ],
  "bandwidth": 604.2789916992188,
  "channels": 2,
  "covariance": [
    [
      22.448780059814453,
      12.731527328491211,
      14.757621765136719,
      12.581172943115234,
      17.56485939025879,
      17.78742027282715,
      18.004507064819336,
      22.218334197998047,
      17.561691284179688,
      21.310710906982422,
      26.8110294342041,
      16.05194664001465,
      14.013531684875488,
      1.360318899154663,
      7.936781883239746,
      -0.18891602754592896,
      1.7471565008163452,
      -0.05781909078359604
    ],
    [
      12.731527328491211,
      35.308677673339844,
      9.908692359924316,
      13.998281478881836,
      12.031756401062012,
      39.068748474121094,
      13.891483306884766,
      43.32219314575195,
      12.291486740112305,
      36.93821334838867,
      17.331920623779297,
      21.156089782714844,
      25.71078109741211,
      2.605334520339966,
      16.480615615844727,
      0.1404276192188263,
      5.85474967956543,
      -0.024515150114893913
    ],
    [
      14.757621765136719,
      9.908692359924316,
      29.905712127685547,
      20.453800201416016,
      31.281251907348633,
      25.34902000427246,
      45.614078521728516,
      43.8343391418457,
      38.75161361694336,
      37.11625289916992,
      44.25361633300781,
      25.111167907714844,
      27.777780532836914,
      5.405958652496338,
      17.146465301513672,
      0.8666466474533081,
      5.6937255859375,
      -0.022406352683901787
    ],
    [
      12.581172943115234,
      13.998281478881836,
      20.453800201416016,
      30.241304397583008,
      20.847068786621094,
      28.210477828979492,
      31.215591430664062,
      44.10135269165039,
      27.936155319213867,
      37.300750732421875,
      32.31820297241211,
      25.466459274291992,
      22.773052215576172,
      6.007479190826416,
      13.431416511535645,
      1.1150703430175781,
      4.219832420349121,
      -0.01377475168555975
    ],
    [
      17.56485939025879,
      12.031756401062012,
      31.281251907348633,
      20.847068786621094,
      37.951866149902344,
      29.50534439086914,
      50.786865234375,
      48.27907943725586,
      44.41835403442383,
      41.20317459106445,
      51.033721923828125,
      28.801746368408203,
      31.263473510742188,
      5.659212589263916,
      19.084915161132812,
      0.8734109997749329,
      6.04766845703125,
      -0.03354610875248909
    ],
    [
      17.78742027282715,
      39.068748474121094,
      25.34902000427246,
      28.210477828979492,
      29.50534439086914,
      64.05564880371094,
      38.44212341308594,
      77.60262298583984,
      33.101112365722656,
      64.79258728027344,
      40.22514724731445,
      39.99955749511719,
      43.51082229614258,
      7.039548397064209,
      27.60411262512207,
      0.9527045488357544,
      9.973986625671387,
      -0.024468200281262398
    ],
    [
      18.004507064819336,
      13.891483306884766,
      45.614078521728516,
      31.215591430664062,
      50.786865234375,
      38.44212341308594,
      103.20913696289062,
      77.41088104248047,
      90.08152770996094,
      66.9945297241211,
      83.84358215332031,
      38.77489471435547,
      62.40849304199219,
      9.590688705444336,
      38.17111587524414,
      1.4937571287155151,
      11.122572898864746,
      -0.008046580478549004
    ],
    [
      22.218334197998047,
      43.32219314575195,
      43.8343391418457,
      44.10135269165039,
      48.27907943725586,
      77.60262298583984,
      77.41088104248047,
      114.1093521118164,
      65.3799057006836,
      92.79544067382812,
      71.16448974609375,
      57.523441314697266,
      64.36322021484375,
      11.666315078735352,
      40.23670959472656,
      1.7501091957092285,
      13.969526290893555,
      -0.009701618924736977
    ],
    [
      17.561691284179688,
      12.291486740112305,
      38.75161361694336,
      27.936155319213867,
      44.41835403442383,
      33.101112365722656,
      90.08152770996094,
      65.3799057006836,
      90.77490234375,
      60.555198669433594,
      79.71849060058594,
      33.15085983276367,
      61.570945739746094,
      8.559988975524902,
      37.846187591552734,
      1.5970486402511597,
      11.400918006896973,
      0.007497407030314207
    ],
    [
      21.310710906982422,
      36.93821334838867,
      37.11625289916992,
      37.300750732421875,
      41.20317459106445,
      64.79258728027344,
      66.9945297241211,
      92.79544067382812,
      60.555198669433594,
      82.98406982421875,
      65.87876892089844,
      50.48057556152344,
      56.77187728881836,
      11.164822578430176,
      35.40541458129883,
      1.7335928678512573,
      12.32304859161377,
      0.0028009519446641207
    ],
    [
      26.8110294342041,
      17.331920623779297,
      44.25361633300781,
      32.31820297241211,
      51.033721923828125,
      40.22514724731445,
      83.84358215332031,
      71.16448974609375,
      79.71849060058594,
      65.87876892089844,
      103.83576965332031,
      51.32066345214844,
      63.783897399902344,
      10.552184104919434,
      36.828285217285156,
      1.5994466543197632,
      12.053641319274902,
      -0.018178798258304596
    ],
    [
      16.05194664001465,
      21.156089782714844,
      25.111167907714844,
      25.466459274291992,
      28.801746368408203,
      39.99955749511719,
      38.77489471435547,
      57.523441314697266,
      33.15085983276367,
      50.48057556152344,
      51.32066345214844,
      45.16945266723633,
      31.816139221191406,
      9.1799955368042,
      18.808889389038086,
      1.501341700553894,
      6.849055290222168,
      0.02498178742825985
    ],
    [
      14.013531684875488,
      25.71078109741211,
      27.777780532836914,
      22.773052215576172,
      31.263473510742188,
      43.51082229614258,
      62.40849304199219,
      64.36322021484375,
      61.570945739746094,
      56.77187728881836,
      63.783897399902344,
      31.816139221191406,
      63.8474235534668,
      7.718575954437256,
      41.005096435546875,
      1.4467859268188477,
      15.46818733215332,
      -0.0007388818194158375
    ],
    [
      1.360318899154663,
      2.605334520339966,
      5.405958652496338,
      6.007479190826416,
      5.659212589263916,
      7.039548397064209,
      9.590688705444336,
      11.666315078735352,
      8.559988975524902,
      11.164822578430176,
      10.552184104919434,
      9.1799955368042,
      7.718575954437256,
      3.588480234146118,
      4.953385829925537,
      0.8714052438735962,
      2.047022819519043,
      0.028100162744522095
    ],
    [
      7.936781883239746,
      16.480615615844727,
      17.146465301513672,
      13.431416511535645,
      19.084915161132812,
      27.60411262512207,
      38.17111587524414,
      40.23670959472656,
      37.846187591552734,
      35.40541458129883,
      36.828285217285156,
      18.808889389038086,
      41.005096435546875,
      4.953385829925537,
      29.46683692932129,
      1.0481799840927124,
      11.887283325195312,
      0.0003840095305349678
    ],
    [
      -0.18891602754592896,
      0.1404276192188263,
      0.8666466474533081,
      1.1150703430175781,
      0.8734109997749329,
      0.9527045488357544,
      1.4937571287155151,
      1.7501091957092285,
      1.5970486402511597,
      1.7335928678512573,
      1.5994466543197632,
      1.501341700553894,
      1.4467859268188477,
      0.8714052438735962,
      1.0481799840927124,
      0.33385205268859863,
      0.5210506319999695,
      0.011828262358903885
    ],
    [
      1.7471565008163452,
      5.85474967956543,
      5.6937255859375,
      4.219832420349121,
      6.04766845703125,
      9.973986625671387,
      11.122572898864746,
      13.969526290893555,
      11.400918006896973,
      12.32304859161377,
      12.053641319274902,
      6.849055290222168,
      15.46818733215332,
      2.047022819519043,
      11.887283325195312,
      0.5210506319999695,
      6.0406928062438965,
      0.0032358195167034864
    ],
    [
      -0.05781909078359604,
      -0.024515150114893913,
      -0.022406352683901787,
      -0.01377475168555975,
      -0.03354610875248909,
      -0.024468200281262398,
      -0.008046580478549004,
      -0.009701618924736977,
      0.007497407030314207,
      0.0028009519446641207,
      -0.018178798258304596,
      0.02498178742825985,
      -0.0007388818194158375,
      0.028100162744522095,
      0.0003840095305349678,
      0.011828262358903885,
      0.0032358195167034864,
      0.0011985608143731952
    ]
  ],
  "covariance_short": [
    [
      26.080427169799805,
      4.841228485107422,
      9.929378509521484,
      7.1972246170043945,
      10.231205940246582,
      9.869851112365723,
      10.453067779541016,
      12.78760814666748,
      12.702305793762207,
      14.74754810333252,
      18.416200637817383,
      8.00766372680664,
      8.151411056518555,
      1.0402579307556152,
      4.747467517852783,
      -0.012446973472833633,
      2.147732734680176,
      -0.0432087779045105
    ],
    [
      4.841228485107422,
      24.584922790527344,
      5.404664039611816,
      9.971660614013672,
      6.0644378662109375,
      24.645092010498047,
      5.807619094848633,
      26.205921173095703,
      7.804460525512695,
      24.21660041809082,
      28.870485305786133,
      12.443374633789062,
      14.178321838378906,
      2.0265300273895264,
      10.003170013427734,
      0.2189987748861313,
      4.646404266357422,
      -0.0112928980961442
    ],
    [
      9.929378509521484,
      5.404664039611816,
      31.3765926361084,
      18.92070198059082,
      30.508939743041992,
      23.598562240600586,
      42.890594482421875,
      40.017005920410156,
      36.14086151123047,
      34.96308517456055,
      40.186790466308594,
      23.650766372680664,
      22.30094337463379,
      4.69080114364624,
      12.708053588867188,
      0.654869556427002,
      4.8508806228637695,
      -0.025946976616978645
    ],
    [
      7.1972246170043945,
      9.971660614013672,
      18.92070198059082,
      30.761964797973633,
      19.21101951599121,
      27.181079864501953,
      26.912933349609375,
      41.52693557739258,
      23.280813217163086,
      36.14137268066406,
      33.068016052246094,
      24.236793518066406,
      15.851836204528809,
      5.697617053985596,
      8.927969932556152,
      0.9852395057678223,
      3.033674478530884,
      -0.010408259928226471
    ],
    [
      10.231205940246582,
      6.0644378662109375,
      30.508939743041992,
      19.21101951599121,
      39.087825775146484,
      26.84819221496582,
      48.62832260131836,
      44.57012176513672,
      42.84834671020508,
      38.99802017211914,
      46.49876022338867,
      26.747106552124023,
      26.013927459716797,
      5.061445713043213,
      15.141550064086914,
      0.7574652433395386,
      5.554044246673584,
      -0.030749553814530373
    ],
    [
      9.869851112365723,
      24.645092010498047,
      23.598562240600586,
      27.181079864501953,
      26.84819221496582,
      64.082275390625,
      35.60244369506836,
      75.39407348632812,
      29.94843292236328,
      63.87704849243164,
      70.72174072265625,
      38.7256965637207,
      34.932334899902344,
      6.910384178161621,
      22.35439109802246,
      0.8501904606819153,
      9.456646919250488,
      -0.02194313146173954
    ],
    [
      10.453067779541016,
      5.807619094848633,
      42.890594482421875,
      26.912933349609375,
      48.62832260131836,
      35.60244369506836,
      99.26131439208984,
      69.32150268554688,
      83.70906066894531,
      62.06142807006836,
      74.17906188964844,
      36.074275970458984,
      51.561275482177734,
      8.809793472290039,
      29.999679565429688,
      1.230556607246399,
      10.147757530212402,
      -0.010630732402205467
    ],
    [
      12.78760814666748,
      26.205921173095703,
      40.017005920410156,
      41.52693557739258,
      44.57012176513672,
      75.39407348632812,
      69.32150268554688,
      111.5440902709961,
      55.994937896728516,
      90.93728637695312,
      92.26828002929688,
      55.82876968383789,
      47.44230270385742,
      11.329788208007812,
      28.996562957763672,
      1.5722384452819824,
      11.51991081237793,
      -0.008374619297683239
    ],
    [
      12.702305793762207,
      7.804460525512695,
      36.14086151123047,
      23.280813217163086,
      42.84834671020508,
      29.94843292236328,
      83.70906066894531,
      55.994937896728516,
      91.54312133789062,
      53.806907653808594,
      77.65847778320312,
      30.012516021728516,
      56.1285400390625,
      7.6297221183776855,
      33.49235153198242,
      1.5181093215942383,
      11.271102905273438,
      0.009166671894490719
    ],
    [
      14.74754810333252,
      24.21660041809082,
      34.96308517456055,
      36.14137268066406,
      38.99802017211914,
      63.87704849243164,
      62.06142807006836,
      90.93728637695312,
      53.806907653808594,
      84.61984252929688,
      83.49273681640625,
      50.746097564697266,
      42.144412994384766,
      11.247241973876953,
      25.71053695678711,
      1.6344139575958252,
      10.272915840148926,
      0.0055717951618134975
    ],
    [
      18.416200637817383,
      28.870485305786133,
      40.186790466308594,
      33.068016052246094,
      46.49876022338867,
      70.72174072265625,
      74.17906188964844,
      92.26828002929688,
      77.65847778320312,
      83.49273681640625,
      135.2415008544922,
      55.52002716064453,
      72.9129638671875,
      10.237417221069336,
      46.522403717041016,
      1.5234812498092651,
      19.04862403869629,
      -0.02773093990981579
    ],
    [
      8.00766372680664,
      12.443374633789062,
      23.650766372680664,
      24.236793518066406,
      26.747106552124023,
      38.7256965637207,
      36.074275970458984,
      55.82876968383789,
      30.012516021728516,
      50.746097564697266,
      55.52002716064453,
      45.06438064575195,
      22.495874404907227,
      9.34434700012207,
      12.960230827331543,
      1.448712706565857,
      5.030268669128418,
      0.030576394870877266
    ],
    [
      8.151411056518555,
      14.178321838378906,
      22.30094337463379,
      15.851836204528809,
      26.013927459716797,
      34.932334899902344,
      51.561275482177734,
      47.44230270385742,
      56.1285400390625,
      42.144412994384766,
      72.9129638671875,
      22.495874404907227,
      54.247676849365234,
      5.353175640106201,
      35.17975997924805,
      1.1957446336746216,
      13.989251136779785,
      -0.0025037729647010565
    ],
    [
      1.0402579307556152,
      2.0265300273895264,
      4.69080114364624,
      5.697617053985596,
      5.061445713043213,
      6.910384178161621,
      8.809793472290039,
      11.329788208007812,
      7.6297221183776855,
      11.247241973876953,
      10.237417221069336,
      9.34434700012207,
      5.353175640106201,
      3.8559298515319824,
      3.0507125854492188,
      0.8833020925521851,
      1.179136037826538,
      0.0331452414393425
    ],
    [
      4.747467517852783,
      10.003170013427734,
      12.708053588867188,
      8.927969932556152,
      15.141550064086914,
      22.35439109802246,
      29.999679565429688,
      28.996562957763672,
      33.49235153198242,
      25.71053695678711,
      46.522403717041016,
      12.960230827331543,
      35.17975997924805,
      3.0507125854492188,
      25.992029190063477,
      0.758293092250824,
      10.728777885437012,
      -0.006841861642897129
    ],
    [
      -0.012446973472833633,
      0.2189987748861313,
      0.654869556427002,
      0.9852395057678223,
      0.7574652433395386,
      0.8501904606819153,
      1.230556607246399,
      1.5722384452819824,
      1.5181093215942383,
      1.6344139575958252,
      1.5234812498092651,
      1.448712706565857,
      1.1957446336746216,
      0.8833020925521851,
      0.758293092250824,
      0.37650156021118164,
      0.2977363169193268,
      0.01546112634241581
    ],
    [
      2.147732734680176,
      4.646404266357422,
      4.8508806228637695,
      3.033674478530884,
      5.554044246673584,
      9.456646919250488,
      10.147757530212402,
      11.51991081237793,
      11.271102905273438,
      10.272915840148926,
      19.04862403869629,
      5.030268669128418,
      13.989251136779785,
      1.179136037826538,
      10.728777885437012,
      0.2977363169193268,
      5.496856212615967,
      -0.00654984638094902
    ],
    [
      -0.0432087779045105,
      -0.0112928980961442,
      -0.025946976616978645,
      -0.010408259928226471,
      -0.030749553814530373,
      -0.02194313146173954,
      -0.010630732402205467,
      -0.008374619297683239,
      0.009166671894490719,
      0.0055717951618134975,
      -0.02773093990981579,
      0.030576394870877266,
      -0.0025037729647010565,
      0.0331452414393425,
      -0.006841861642897129,
      0.01546112634241581,
      -0.00654984638094902,
      0.0019030725816264749
    ]
  ],
  "damage": -11.992124557495117,
  "diff_bandwidth": 698.2531127929688,
  "dissonance": 6.25405756050636,
  "drr": 4.966446399688721,
  "dynamics": 5.3206095695495605,
  "format": 1245190,
  "frames": 2290624,
  "loudness": -22.817264556884766,
  "loudness_range": 14.901121139526367,
  "loudness_range_short": 16.353919982910156,
  "lowpass_true_peak_15khz": -0.11348132789134979,
  "mastering3_acoustic_entropies": [
    {
      "acoustic_entropy": 6.341371536254883,
      "acoustic_entropy_mono": 6.369259834289551,
      "band_eliminated_acoustic_entropies": [
        {
          "acoustic_entropy": 6.342044353485107,
          "acoustic_entropy_side": 6.341372489929199,
          "hz": 129.47220167065723
        },
        {
          "acoustic_entropy": 6.320786952972412,
          "acoustic_entropy_side": 6.341375827789307,
          "hz": 202.92927478742237
        },
        {
          "acoustic_entropy": 5.843125820159912,
          "acoustic_entropy_side": 6.355804920196533,
          "hz": 282.89161906338205
        },
        {
          "acoustic_entropy": 6.332986354827881,
          "acoustic_entropy_side": 6.3444390296936035,
          "hz": 369.9353335868758
        },
        {
          "acoustic_entropy": 6.298399925231934,
          "acoustic_entropy_side": 6.340590000152588,
          "hz": 464.6875360973435
        },
        {
          "acoustic_entropy": 6.398195743560791,
          "acoustic_entropy_side": 6.341299057006836,
          "hz": 567.8308811364784
        },
        {
          "acoustic_entropy": 6.330572128295898,
          "acoustic_entropy_side": 6.3416619300842285,
          "hz": 680.1084783214808
        },
        {
          "acoustic_entropy": 6.282108306884766,
          "acoustic_entropy_side": 6.342174053192139,
          "hz": 802.3292461747484
        },
        {
          "acoustic_entropy": 6.566384315490723,
          "acoustic_entropy_side": 6.350866794586182,
          "hz": 935.3737400823702
        },
        {
          "acoustic_entropy": 6.061507225036621,
          "acoustic_entropy_side": 6.349870204925537,
          "hz": 1080.2004963696966
        },
        {
          "acoustic_entropy": 6.282027721405029,
          "acoustic_entropy_side": 6.3430256843566895,
          "hz": 1237.8529382007157
        },
        {
          "acoustic_entropy": 6.3227667808532715,
          "acoustic_entropy_side": 6.341809272766113,
          "hz": 1409.4668930556702
        },
        {
          "acoustic_entropy": 6.212038040161133,
          "acoustic_entropy_side": 6.342767715454102,
          "hz": 1596.2787759475705
        },
        {
          "acoustic_entropy": 6.298359394073486,
          "acoustic_entropy_side": 6.342696189880371,
          "hz": 1799.6344973346393
        },
        {
          "acoustic_entropy": 6.339639663696289,
          "acoustic_entropy_side": 6.345335960388184,
          "hz": 2020.9991599069049
        },
        {
          "acoustic_entropy": 6.2562079429626465,
          "acoustic_entropy_side": 6.341811656951904,
          "hz": 2261.9676141086993
        },
        {
          "acoustic_entropy": 6.268588066101074,
          "acoustic_entropy_side": 6.341762542724609,
          "hz": 2524.2759484456974
        },
        {
          "acoustic_entropy": 6.393755912780762,
          "acoustic_entropy_side": 6.341790676116943,
          "hz": 2809.813997359896
        },
        {
          "acoustic_entropy": 6.3556437492370605,
          "acoustic_entropy_side": 6.341724395751953,
          "hz": 3120.6389567871424
        },
        {
          "acoustic_entropy": 6.398927688598633,
          "acoustic_entropy_side": 6.34147834777832,
          "hz": 3458.990205492291
        },
        {
          "acoustic_entropy": 6.408642292022705,
          "acoustic_entropy_side": 6.341578006744385,
          "hz": 3827.305438964164
        },
        {
          "acoustic_entropy": 5.546143054962158,
          "acoustic_entropy_side": 6.34008264541626,
          "hz": 4228.238232109126
        },
        {
          "acoustic_entropy": 6.336236953735352,
          "acoustic_entropy_side": 6.341403961181641,
          "hz": 4664.6771572759235
        },
        {
          "acoustic_entropy": 6.34228515625,
          "acoustic_entropy_side": 6.341378688812256,
          "hz": 5139.766595350093
        },
        {
          "acoustic_entropy": 6.33935022354126,
          "acoustic_entropy_side": 6.341374397277832,
          "hz": 5656.929389854203
        },
        {
          "acoustic_entropy": 6.340291976928711,
          "acoustic_entropy_side": 6.341372966766357,
          "hz": 6219.891507268283
        },
        {
          "acoustic_entropy": 6.345067024230957,
          "acoustic_entropy_side": 6.341372013092041,
          "hz": 6832.70888123896
        },
        {
          "acoustic_entropy": 6.346299171447754,
          "acoustic_entropy_side": 6.341372013092041,
          "hz": 7499.796634079867
        },
        {
          "acoustic_entropy": 6.3461761474609375,
          "acoustic_entropy_side": 6.341372013092041,
          "hz": 8225.96088609342
        },
        {
          "acoustic_entropy": 6.344777584075928,
          "acoustic_entropy_side": 6.341372013092041,
          "hz": 9016.43338188839
        },
        {
          "acoustic_entropy": 6.344396591186523,
          "acoustic_entropy_side": 6.341372013092041,
          "hz": 9876.909183162974
        },
        {
          "acoustic_entropy": 6.343639850616455,
          "acoustic_entropy_side": 6.341371536254883,
          "hz": 10813.587699516042
        },
        {
          "acoustic_entropy": 6.342626094818115,
          "acoustic_entropy_side": 6.341371536254883,
          "hz": 11833.21735289826
        },
        {
          "acoustic_entropy": 6.342177391052246,
          "acoustic_entropy_side": 6.341371536254883,
          "hz": 12943.144197493959
        },
        {
          "acoustic_entropy": 6.341870307922363,
          "acoustic_entropy_side": 6.341371536254883,
          "hz": 14151.364845322005
        },
        {
          "acoustic_entropy": 6.341552257537842,
          "acoustic_entropy_side": 6.341371536254883,
          "hz": 15466.58407886509
        },
        {
          "acoustic_entropy": 6.341392993927002,
          "acoustic_entropy_side": 6.341371536254883,
          "hz": 16898.27756580493
        },
        {
          "acoustic_entropy": 6.341372489929199,
          "acoustic_entropy_side": 6.341371536254883,
          "hz": 18456.760127700032
        },
        {
          "acoustic_entropy": 6.341371536254883,
          "acoustic_entropy_side": 6.341371536254883,
          "hz": 20153.260054456492
        },
        {
          "acoustic_entropy": 6.341371536254883,
          "acoustic_entropy_side": 6.341371536254883,
          "hz": 22000.00000000001
        }
      ],
      "diff_acoustic_entropy": 4.121291637420654,
      "sn": 6
    },
    {
      "acoustic_entropy": 8.41704273223877,
      "acoustic_entropy_mono": 8.263263702392578,
      "band_eliminated_acoustic_entropies": [
        {
          "acoustic_entropy": 8.424885749816895,
          "acoustic_entropy_side": 8.417040824890137,
          "hz": 129.47220167065723
        },
        {
          "acoustic_entropy": 8.397318840026855,
          "acoustic_entropy_side": 8.41716480255127,
          "hz": 202.92927478742237
        },
        {
          "acoustic_entropy": 8.117789268493652,
          "acoustic_entropy_side": 8.383073806762695,
          "hz": 282.89161906338205
        },
        {
          "acoustic_entropy": 8.323627471923828,
          "acoustic_entropy_side": 8.414604187011719,
          "hz": 369.9353335868758
        },
        {
          "acoustic_entropy": 8.375506401062012,
          "acoustic_entropy_side": 8.416893005371094,
          "hz": 464.6875360973435
        },
        {
          "acoustic_entropy": 8.358039855957031,
          "acoustic_entropy_side": 8.416831970214844,
          "hz": 567.8308811364784
        },
        {
          "acoustic_entropy": 8.45841121673584,
          "acoustic_entropy_side": 8.418118476867676,
          "hz": 680.1084783214808
        },
        {
          "acoustic_entropy": 8.465179443359375,
          "acoustic_entropy_side": 8.417278289794922,
          "hz": 802.3292461747484
        },
        {
          "acoustic_entropy": 8.693778991699219,
          "acoustic_entropy_side": 8.478188514709473,
          "hz": 935.3737400823702
        },
        {
          "acoustic_entropy": 7.926897048950195,
          "acoustic_entropy_side": 8.437536239624023,
          "hz": 1080.2004963696966
        },
        {
          "acoustic_entropy": 8.454442977905273,
          "acoustic_entropy_side": 8.40042781829834,
          "hz": 1237.8529382007157
        },
        {
          "acoustic_entropy": 8.292699813842773,
          "acoustic_entropy_side": 8.420727729797363,
          "hz": 1409.4668930556702
        },
        {
          "acoustic_entropy": 8.607303619384766,
          "acoustic_entropy_side": 8.428869247436523,
          "hz": 1596.2787759475705
        },
        {
          "acoustic_entropy": 8.396897315979004,
          "acoustic_entropy_side": 8.424759864807129,
          "hz": 1799.6344973346393
        },
        {
          "acoustic_entropy": 8.307281494140625,
          "acoustic_entropy_side": 8.421917915344238,
          "hz": 2020.9991599069049
        },
        {
          "acoustic_entropy": 8.227262496948242,
          "acoustic_entropy_side": 8.433107376098633,
          "hz": 2261.9676141086993
        },
        {
          "acoustic_entropy": 8.287413597106934,
          "acoustic_entropy_side": 8.419706344604492,
          "hz": 2524.2759484456974
        },
        {
          "acoustic_entropy": 8.383064270019531,
          "acoustic_entropy_side": 8.419197082519531,
          "hz": 2809.813997359896
        },
        {
          "acoustic_entropy": 8.385077476501465,
          "acoustic_entropy_side": 8.417299270629883,
          "hz": 3120.6389567871424
        },
        {
          "acoustic_entropy": 8.409160614013672,
          "acoustic_entropy_side": 8.41747760772705,
          "hz": 3458.990205492291
        },
        {
          "acoustic_entropy": 8.39907455444336,
          "acoustic_entropy_side": 8.416858673095703,
          "hz": 3827.305438964164
        },
        {
          "acoustic_entropy": 7.0005340576171875,
          "acoustic_entropy_side": 8.4086275100708,
          "hz": 4228.238232109126
        },
        {
          "acoustic_entropy": 8.422002792358398,
          "acoustic_entropy_side": 8.417134284973145,
          "hz": 4664.6771572759235
        },
        {
          "acoustic_entropy": 8.406182289123535,
          "acoustic_entropy_side": 8.417040824890137,
          "hz": 5139.766595350093
        },
        {
          "acoustic_entropy": 8.401468276977539,
          "acoustic_entropy_side": 8.417045593261719,
          "hz": 5656.929389854203
        },
        {
          "acoustic_entropy": 8.39594841003418,
          "acoustic_entropy_side": 8.41704273223877,
          "hz": 6219.891507268283
        },
        {
          "acoustic_entropy": 8.398703575134277,
          "acoustic_entropy_side": 8.417043685913086,
          "hz": 6832.70888123896
        },
        {
          "acoustic_entropy": 8.39664363861084,
          "acoustic_entropy_side": 8.41704273223877,
          "hz": 7499.796634079867
        },
        {
          "acoustic_entropy": 8.397857666015625,
          "acoustic_entropy_side": 8.417041778564453,
          "hz": 8225.96088609342
        },
        {
          "acoustic_entropy": 8.397380828857422,
          "acoustic_entropy_side": 8.417041778564453,
          "hz": 9016.43338188839
        },
        {
          "acoustic_entropy": 8.403858184814453,
          "acoustic_entropy_side": 8.41704273223877,
          "hz": 9876.909183162974
        },
        {
          "acoustic_entropy": 8.406210899353027,
          "acoustic_entropy_side": 8.41704273223877,
          "hz": 10813.587699516042
        },
        {
          "acoustic_entropy": 8.405769348144531,
          "acoustic_entropy_side": 8.41704273223877,
          "hz": 11833.21735289826
        },
        {
          "acoustic_entropy": 8.409049034118652,
          "acoustic_entropy_side": 8.41704273223877,
          "hz": 12943.144197493959
        },
        {
          "acoustic_entropy": 8.411717414855957,
          "acoustic_entropy_side": 8.41704273223877,
          "hz": 14151.364845322005
        },
        {
          "acoustic_entropy": 8.414470672607422,
          "acoustic_entropy_side": 8.41704273223877,
          "hz": 15466.58407886509
        },
        {
          "acoustic_entropy": 8.416688919067383,
          "acoustic_entropy_side": 8.41704273223877,
          "hz": 16898.27756580493
        },
        {
          "acoustic_entropy": 8.417036056518555,
          "acoustic_entropy_side": 8.41704273223877,
          "hz": 18456.760127700032
        },
        {
          "acoustic_entropy": 8.41704273223877,
          "acoustic_entropy_side": 8.41704273223877,
          "hz": 20153.260054456492
        },
        {
          "acoustic_entropy": 8.41704273223877,
          "acoustic_entropy_side": 8.41704273223877,
          "hz": 22000.00000000001
        }
      ],
      "diff_acoustic_entropy": 5.733361721038818,
      "sn": 12
    },
    {
      "acoustic_entropy": 12.286215782165527,
      "acoustic_entropy_mono": 10.63707160949707,
      "band_eliminated_acoustic_entropies": [
        {
          "acoustic_entropy": 12.41964340209961,
          "acoustic_entropy_side": 12.286170959472656,
          "hz": 129.47220167065723
        },
        {
          "acoustic_entropy": 12.276402473449707,
          "acoustic_entropy_side": 12.26418685913086,
          "hz": 202.92927478742237
        },
        {
          "acoustic_entropy": 11.80817985534668,
          "acoustic_entropy_side": 11.9995698928833,
          "hz": 282.89161906338205
        },
        {
          "acoustic_entropy": 12.909733772277832,
          "acoustic_entropy_side": 12.906670570373535,
          "hz": 369.9353335868758
        },
        {
          "acoustic_entropy": 12.423306465148926,
          "acoustic_entropy_side": 12.806479454040527,
          "hz": 464.6875360973435
        },
        {
          "acoustic_entropy": 12.435700416564941,
          "acoustic_entropy_side": 12.46945858001709,
          "hz": 567.8308811364784
        },
        {
          "acoustic_entropy": 12.339363098144531,
          "acoustic_entropy_side": 12.333939552307129,
          "hz": 680.1084783214808
        },
        {
          "acoustic_entropy": 12.495680809020996,
          "acoustic_entropy_side": 12.333970069885254,
          "hz": 802.3292461747484
        },
        {
          "acoustic_entropy": 12.586944580078125,
          "acoustic_entropy_side": 12.636453628540039,
          "hz": 935.3737400823702
        },
        {
          "acoustic_entropy": 11.281332015991211,
          "acoustic_entropy_side": 12.144637107849121,
          "hz": 1080.2004963696966
        },
        {
          "acoustic_entropy": 12.306736946105957,
          "acoustic_entropy_side": 12.252572059631348,
          "hz": 1237.8529382007157
        },
        {
          "acoustic_entropy": 12.309807777404785,
          "acoustic_entropy_side": 12.297111511230469,
          "hz": 1409.4668930556702
        },
        {
          "acoustic_entropy": 12.595151901245117,
          "acoustic_entropy_side": 12.41773509979248,
          "hz": 1596.2787759475705
        },
        {
          "acoustic_entropy": 12.393339157104492,
          "acoustic_entropy_side": 12.39084529876709,
          "hz": 1799.6344973346393
        },
        {
          "acoustic_entropy": 12.53240966796875,
          "acoustic_entropy_side": 12.37294864654541,
          "hz": 2020.9991599069049
        },
        {
          "acoustic_entropy": 12.510885238647461,
          "acoustic_entropy_side": 12.53557300567627,
          "hz": 2261.9676141086993
        },
        {
          "acoustic_entropy": 12.361310958862305,
          "acoustic_entropy_side": 12.343439102172852,
          "hz": 2524.2759484456974
        },
        {
          "acoustic_entropy": 12.450408935546875,
          "acoustic_entropy_side": 12.42723560333252,
