{
  "acoustic_entropy": 208.54501342773438,
  "bands": [
    {
      "high_freq": 148.1999969482422,
      "loudness": -20.87576675415039,
      "loudness_range": 13.75713062286377,
      "mid_mean": -17.321372985839844,
      "mid_to_side_loudness": -21.60951042175293,
      "mid_to_side_loudness_range": 17.807043075561523,
      "side_mean": -39.51191711425781
    },
    {
      "high_freq": 392.3793640136719,
      "loudness": -19.17963409423828,
      "loudness_range": 10.99508285522461,
      "low_freq": 148.1999969482422,
      "mid_mean": -15.816390037536621,
      "mid_to_side_loudness": -13.334210395812988,
      "mid_to_side_loudness_range": 15.523455619812012,
      "side_mean": -28.97846031188965
    },
    {
      "high_freq": 794.6976318359375,
      "loudness": -21.01966094970703,
      "loudness_range": 11.773923873901367,
      "low_freq": 392.3793640136719,
      "mid_mean": -17.844013214111328,
      "mid_to_side_loudness": -10.704606056213379,
      "mid_to_side_loudness_range": 11.948974609375,
      "side_mean": -28.54530906677246
    },
    {
      "high_freq": 1457.5709228515625,
      "loudness": -24.175283432006836,
      "loudness_range": 9.606542587280273,
      "low_freq": 794.6976318359375,
      "mid_mean": -21.318803787231445,
      "mid_to_side_loudness": -8.084688186645508,
      "mid_to_side_loudness_range": 12.434149742126465,
      "side_mean": -29.54269790649414
    },
    {
      "high_freq": 2549.74365234375,
      "loudness": -21.211200714111328,
      "loudness_range": 8.323246002197266,
      "low_freq": 1457.5709228515625,
      "mid_mean": -18.28636932373047,
      "mid_to_side_loudness": -8.110574722290039,
      "mid_to_side_loudness_range": 9.828076362609863,
      "side_mean": -26.434629440307617
    },
    {
      "high_freq": 4349.24462890625,
      "loudness": -21.69532012939453,
      "loudness_range": 10.59305191040039,
      "low_freq": 2549.74365234375,
      "mid_mean": -18.723384857177734,
      "mid_to_side_loudness": -8.720392227172852,
      "mid_to_side_loudness_range": 10.898811340332031,
      "side_mean": -27.38714027404785
    },
    {
      "high_freq": 7314.1640625,
      "loudness": -25.78730583190918,
      "loudness_range": 16.498788833618164,
      "low_freq": 4349.24462890625,
      "mid_mean": -22.379091262817383,
      "mid_to_side_loudness": -13.237123489379883,
      "mid_to_side_loudness_range": 11.52633285522461,
      "side_mean": -35.96059036254883
    },
    {
      "high_freq": 12199.2666015625,
      "loudness": -28.722421646118164,
      "loudness_range": 17.462018966674805,
      "low_freq": 7314.1640625,
      "mid_mean": -25.335628509521484,
      "mid_to_side_loudness": -13.35068416595459,
      "mid_to_side_loudness_range": 12.586169242858887,
      "side_mean": -38.799434661865234
    },
    {
      "loudness": -38.29557800292969,
      "loudness_range": 17.532569885253906,
      "low_freq": 12199.2666015625,
      "mid_mean": -35.1909065246582,
      "mid_to_side_loudness": -11.880867958068848,
      "mid_to_side_loudness_range": 10.461077690124512,
      "side_mean": -48.54008102416992
    }
  ],
  "bands_short": [
    {
      "high_freq": 148.1999969482422,
      "loudness": -26.463356018066406,
      "loudness_range": 24.80382537841797,
      "mid_mean": -22.922555923461914,
      "mid_to_side_loudness": -22.24944305419922,
      "mid_to_side_loudness_range": 24.830543518066406,
      "side_mean": -46.540916442871094
    },
    {
      "high_freq": 392.3793640136719,
      "loudness": -18.414213180541992,
      "loudness_range": 13.054915428161621,
      "low_freq": 148.1999969482422,
      "mid_mean": -14.991782188415527,
      "mid_to_side_loudness": -14.976811408996582,
      "mid_to_side_loudness_range": 17.023521423339844,
      "side_mean": -29.88838768005371
    },
    {
      "high_freq": 794.6976318359375,
      "loudness": -22.166532516479492,
      "loudness_range": 15.300803184509277,
      "low_freq": 392.3793640136719,
      "mid_mean": -19.23628044128418,
      "mid_to_side_loudness": -10.288792610168457,
      "mid_to_side_loudness_range": 17.243755340576172,
      "side_mean": -29.443614959716797
    },
    {
      "high_freq": 1457.5709228515625,
      "loudness": -24.029638290405273,
      "loudness_range": 11.647998809814453,
      "low_freq": 794.6976318359375,
      "mid_mean": -21.28862190246582,
      "mid_to_side_loudness": -8.014690399169922,
      "mid_to_side_loudness_range": 14.267756462097168,
      "side_mean": -29.409921646118164
    },
    {
      "high_freq": 2549.74365234375,
      "loudness": -21.766647338867188,
      "loudness_range": 10.615364074707031,
      "low_freq": 1457.5709228515625,
      "mid_mean": -18.92555046081543,
      "mid_to_side_loudness": -8.15559196472168,
      "mid_to_side_loudness_range": 12.447821617126465,
      "side_mean": -27.128923416137695
    },
    {
      "high_freq": 4349.24462890625,
      "loudness": -22.36505126953125,
      "loudness_range": 12.730371475219727,
      "low_freq": 2549.74365234375,
      "mid_mean": -19.423046112060547,
      "mid_to_side_loudness": -8.961616516113281,
      "mid_to_side_loudness_range": 12.938661575317383,
      "side_mean": -28.336196899414062
    },
    {
      "high_freq": 7314.1640625,
      "loudness": -26.698774337768555,
      "loudness_range": 18.96498680114746,
      "low_freq": 4349.24462890625,
      "mid_mean": -23.403766632080078,
      "mid_to_side_loudness": -13.070180892944336,
      "mid_to_side_loudness_range": 14.399944305419922,
      "side_mean": -36.85478591918945
    },
    {
      "high_freq": 12199.2666015625,
      "loudness": -30.170236587524414,
      "loudness_range": 20.430126190185547,
      "low_freq": 7314.1640625,
      "mid_mean": -26.892475128173828,
      "mid_to_side_loudness": -13.2716646194458,
      "mid_to_side_loudness_range": 15.722665786743164,
      "side_mean": -40.71160125732422
    },
    {
      "loudness": -41.48634338378906,
      "loudness_range": 24.841516494750977,
      "low_freq": 12199.2666015625,
      "mid_mean": -38.33113479614258,
      "mid_to_side_loudness": -11.633667945861816,
      "mid_to_side_loudness_range": 14.990497589111328,
      "side_mean": -52.27117156982422
    }
  ],
  "bandwidth": 657.775390625,
  "channels": 2,
  "covariance": [
    [
      33.65433883666992,
      18.646642684936523,
      16.234848022460938,
      14.45818042755127,
      12.85669231414795,
      13.559209823608398,
      4.699986457824707,
      4.923217296600342,
      6.511828422546387,
      11.169034957885742,
      10.905077934265137,
      18.151966094970703,
      18.812522888183594,
      22.562074661254883,
      20.20684051513672,
      20.96869659423828,
      19.303150177001953,
      33.25834274291992
    ],
    [
      18.646642684936523,
      40.797088623046875,
      13.839412689208984,
      23.561817169189453,
      11.042621612548828,
      17.40083122253418,
      9.25149154663086,
      10.62714958190918,
      9.308955192565918,
      21.047760009765625,
      13.558272361755371,
      29.8396053314209,
      21.311580657958984,
      32.96208572387695,
      22.219375610351562,
      31.31562614440918,
      26.440004348754883,
      41.82547378540039
    ],
    [
      16.234848022460938,
      13.839412689208984,
      17.858192443847656,
      13.326838493347168,
      11.148222923278809,
      10.996977806091309,
      5.145998477935791,
      4.388460159301758,
      5.822538375854492,
      10.127283096313477,
      9.125594139099121,
      15.187443733215332,
      15.855494499206543,
      18.462583541870117,
      17.67376136779785,
      19.27494239807129,
      15.006111145019531,
      26.569705963134766
    ],
    [
      14.45818042755127,
      23.561817169189453,
      13.326838493347168,
      36.1674919128418,
      13.250202178955078,
      22.50484275817871,
      10.045875549316406,
      7.584460735321045,
      10.24370288848877,
      20.390804290771484,
      13.10497760772705,
      28.77979278564453,
      20.313920974731445,
      29.851613998413086,
      23.265453338623047,
      33.028568267822266,
      24.44550895690918,
      39.01398849487305
    ],
    [
      12.85669231414795,
      11.042621612548828,
      11.148222923278809,
      13.250202178955078,
      19.811800003051758,
      12.537426948547363,
      7.234354019165039,
      1.647417664527893,
      7.058394432067871,
      8.478872299194336,
      9.00165843963623,
      13.145606994628906,
      15.844446182250977,
      15.905189514160156,
      17.471538543701172,
      17.856748580932617,
      11.824816703796387,
      19.324975967407227
    ],
    [
      13.559209823608398,
      17.40083122253418,
      10.996977806091309,
      22.50484275817871,
      12.537426948547363,
      24.294803619384766,
      7.994460582733154,
      4.233641624450684,
      7.899219512939453,
      14.844528198242188,
      9.94692611694336,
      21.43288803100586,
      16.19999885559082,
      22.652040481567383,
      19.182819366455078,
      24.96738052368164,
      19.604141235351562,
      30.759479522705078
    ],
    [
      4.699986457824707,
      9.25149154663086,
      5.145998477935791,
      10.045875549316406,
      7.234354019165039,
      7.994460582733154,
      13.087366104125977,
      6.099433898925781,
      6.277642726898193,
      8.6630277633667,
      5.77625846862793,
      10.684746742248535,
      8.505352973937988,
      11.511323928833008,
      8.30343246459961,
      11.714803695678711,
      7.053243160247803,
      13.949864387512207
    ],
    [
      4.923217296600342,
      10.62714958190918,
      4.388460159301758,
      7.584460735321045,
      1.647417664527893,
      4.233641624450684,
      6.099433898925781,
      17.263334274291992,
      3.0713791847229004,
      10.85021686553955,
      3.371241569519043,
      10.76065731048584,
      5.526267051696777,
      11.007427215576172,
      4.907314777374268,
      8.42071533203125,
      5.293731212615967,
      11.127394676208496
    ],
    [
      6.511828422546387,
      9.308955192565918,
      5.822538375854492,
      10.24370288848877,
      7.058394432067871,
      7.899219512939453,
      6.277642726898193,
      3.0713791847229004,
      8.852874755859375,
      9.096890449523926,
      7.824800968170166,
      11.534422874450684,
      11.362650871276855,
      12.439643859863281,
      10.374095916748047,
      13.470455169677734,
      9.651391983032227,
      16.97140884399414
    ],
    [
      11.169034957885742,
      21.047760009765625,
      10.127283096313477,
      20.390804290771484,
      8.478872299194336,
      14.844528198242188,
      8.6630277633667,
      10.85021686553955,
      9.096890449523926,
      21.626365661621094,
      11.035173416137695,
      25.565143585205078,
      16.208778381347656,
      25.921550750732422,
      17.554689407348633,
      25.951889038085938,
      19.998838424682617,
      31.844133377075195
    ],
    [
      10.905077934265137,
      13.558272361755371,
      9.125594139099121,
      13.10497760772705,
      9.00165843963623,
      9.94692611694336,
      5.77625846862793,
      3.371241569519043,
      7.824800968170166,
      11.035173416137695,
      12.553895950317383,
      17.830617904663086,
      17.48270606994629,
      20.38067054748535,
      16.013025283813477,
      20.38618278503418,
      15.884756088256836,
      26.879297256469727
    ],
    [
      18.151966094970703,
      29.8396053314209,
      15.187443733215332,
      28.77979278564453,
      13.145606994628906,
      21.43288803100586,
      10.684746742248535,
      10.76065731048584,
      11.534422874450684,
      25.565143585205078,
      17.830617904663086,
      39.030677795410156,
      25.972909927368164,
      40.115901947021484,
      27.106456756591797,
      39.891746520996094,
      31.638595581054688,
      49.933494567871094
    ],
    [
      18.812522888183594,
      21.311580657958984,
      15.855494499206543,
      20.313920974731445,
      15.844446182250977,
      16.19999885559082,
      8.505352973937988,
      5.526267051696777,
      11.362650871276855,
      16.208778381347656,
      17.48270606994629,
      25.972909927368164,
      33.399322509765625,
      31.886037826538086,
      28.908838272094727,
      32.84672546386719,
      25.74052619934082,
      40.778968811035156
    ],
    [
      22.562074661254883,
      32.96208572387695,
      18.462583541870117,
      29.851613998413086,
      15.905189514160156,
      22.652040481567383,
      11.511323928833008,
      11.007427215576172,
      12.439643859863281,
      25.921550750732422,
      20.38067054748535,
      40.115901947021484,
      31.886037826538086,
      54.43741989135742,
      31.587553024291992,
      46.36744689941406,
      35.97270584106445,
      60.06611251831055
    ],
    [
      20.20684051513672,
      22.219375610351562,
      17.67376136779785,
      23.265453338623047,
      17.471538543701172,
      19.182819366455078,
      8.30343246459961,
      4.907314777374268,
      10.374095916748047,
      17.554689407348633,
      16.013025283813477,
      27.106456756591797,
      28.908838272094727,
      31.587553024291992,
      39.5781364440918,
      37.938114166259766,
      33.72138977050781,
      43.555355072021484
    ],
    [
      20.96869659423828,
      31.31562614440918,
      19.27494239807129,
      33.028568267822266,
      17.856748580932617,
      24.96738052368164,
      11.714803695678711,
      8.42071533203125,
      13.470455169677734,
      25.951889038085938,
      20.38618278503418,
      39.891746520996094,
      32.84672546386719,
      46.36744689941406,
      37.938114166259766,
      60.2880859375,
      41.43796157836914,
      61.549217224121094
    ],
    [
      19.303150177001953,
      26.440004348754883,
      15.006111145019531,
      24.44550895690918,
      11.824816703796387,
      19.604141235351562,
      7.053243160247803,
      5.293731212615967,
      9.651391983032227,
      19.998838424682617,
      15.884756088256836,
      31.638595581054688,
      25.74052619934082,
      35.97270584106445,
      33.72138977050781,
      41.43796157836914,
      46.995357513427734,
      54.73762130737305
    ],
    [
      33.25834274291992,
      41.82547378540039,
      26.569705963134766,
      39.01398849487305,
      19.324975967407227,
      30.759479522705078,
      13.949864387512207,
      11.127394676208496,
      16.97140884399414,
      31.844133377075195,
      26.879297256469727,
      49.933494567871094,
      40.778968811035156,
      60.06611251831055,
      43.555355072021484,
      61.549217224121094,
      54.73762130737305,
      95.44722747802734
    ]
  ],
  "covariance_short": [
    [
      61.223690032958984,
      30.677274703979492,
      18.73612403869629,
      15.055913925170898,
      13.894021987915039,
      17.003742218017578,
      4.401341915130615,
      6.527786731719971,
      8.631040573120117,
      14.564470291137695,
      15.245378494262695,
      23.967041015625,
      21.597572326660156,
      28.09242820739746,
      20.465913772583008,
      23.56538200378418,
      23.32699966430664,
      35.996829986572266
    ],
    [
      30.677274703979492,
      72.73265075683594,
      19.770442962646484,
      31.26630973815918,
      19.026710510253906,
      30.759721755981445,
      12.30827808380127,
      15.352701187133789,
      15.054597854614258,
      30.413984298706055,
      21.740175247192383,
      43.005210876464844,
      32.87198257446289,
      46.46577453613281,
      33.31727600097656,
      44.99551010131836,
      41.9387321472168,
      60.912841796875
    ],
    [
      18.73612403869629,
      19.770442962646484,
      23.610456466674805,
      13.498861312866211,
      14.663140296936035,
      13.164106369018555,
      4.411334991455078,
      5.132966041564941,
      6.68134069442749,
      10.934441566467285,
      10.688570022583008,
      16.205190658569336,
      17.465970993041992,
      19.649110794067383,
      16.843666076660156,
      17.707088470458984,
      17.64260482788086,
      27.934642791748047
    ],
    [
      15.055913925170898,
      31.26630973815918,
      13.498861312866211,
      38.24580764770508,
      14.346829414367676,
      26.490615844726562,
      9.558817863464355,
      10.096319198608398,
      10.456156730651855,
      20.907567977905273,
      13.539064407348633,
      28.829788208007812,
      19.91112518310547,
      28.51311683654785,
      21.756528854370117,
      29.784006118774414,
      25.78105926513672,
      36.41769790649414
    ],
    [
      13.894021987915039,
      19.026710510253906,
      14.663140296936035,
      14.346829414367676,
      35.272769927978516,
      18.861461639404297,
      9.842719078063965,
      3.428945541381836,
      10.420564651489258,
      11.364182472229004,
      13.71433162689209,
      17.090923309326172,
      20.584339141845703,
      20.412763595581055,
      20.28012466430664,
      22.142658233642578,
      17.003643035888672,
      23.981937408447266
    ],
    [
      17.003742218017578,
      30.759721755981445,
      13.164106369018555,
      26.490615844726562,
      18.861461639404297,
      40.86759567260742,
      10.23741340637207,
      7.562975883483887,
      11.0088472366333,
      21.129182815551758,
      14.44828987121582,
      30.260875701904297,
      20.676488876342773,
      29.960693359375,
      23.64546775817871,
      29.585750579833984,
      26.901702880859375,
      37.75404739379883
    ],
    [
      4.401341915130615,
      12.30827808380127,
      4.411334991455078,
      9.558817863464355,
      9.842719078063965,
      10.23741340637207,
      19.120092391967773,
      7.640826225280762,
      8.985208511352539,
      9.965267181396484,
      7.868281364440918,
      12.15588092803955,
      10.609929084777832,
      12.291427612304688,
      9.367469787597656,
      14.186430931091309,
      10.925013542175293,
      15.745100021362305
    ],
    [
      6.527786731719971,
      15.352701187133789,
      5.132966041564941,
      10.096319198608398,
      3.428945541381836,
      7.562975883483887,
      7.640826225280762,
      21.219528198242188,
      5.023029804229736,
      13.549890518188477,
      5.587494373321533,
      14.589576721191406,
      8.418822288513184,
      14.911996841430664,
      8.086570739746094,
      14.073988914489746,
      10.874486923217773,
      16.75684928894043
    ],
    [
      8.631040573120117,
      15.054597854614258,
      6.68134069442749,
      10.456156730651855,
      10.420564651489258,
      11.0088472366333,
      8.985208511352539,
      5.023029804229736,
      14.8790864944458,
      12.323600769042969,
      12.12558364868164,
      15.464259147644043,
      15.479897499084473,
      15.771843910217285,
      12.790553092956543,
      16.439491271972656,
      14.285757064819336,
      20.91779327392578
    ],
    [
      14.564470291137695,
      30.413984298706055,
      10.934441566467285,
      20.907567977905273,
      11.364182472229004,
      21.129182815551758,
      9.965267181396484,
      13.549890518188477,
      12.323600769042969,
      29.480560302734375,
      14.596877098083496,
      31.96236228942871,
      19.738367080688477,
      31.14434814453125,
      19.907421112060547,
      29.500629425048828,
      25.114665985107422,
      35.86387252807617
    ],
    [
      15.245378494262695,
      21.740175247192383,
      10.688570022583008,
      13.539064407348633,
      13.71433162689209,
      14.44828987121582,
      7.868281364440918,
      5.587494373321533,
      12.12558364868164,
      14.596877098083496,
      20.048192977905273,
      24.100852966308594,
      24.17734718322754,
      26.044008255004883,
      20.480072021484375,
      24.95844078063965,
      22.977394104003906,
      33.1578483581543
    ],
    [
      23.967041015625,
      43.005210876464844,
      16.205190658569336,
      28.829788208007812,
      17.090923309326172,
      30.260875701904297,
      12.15588092803955,
      14.589576721191406,
      15.464259147644043,
      31.96236228942871,
      24.100852966308594,
      50.346134185791016,
      31.0941104888916,
      47.65463638305664,
      30.45224952697754,
      43.597511291503906,
      38.25009536743164,
      56.119056701660156
    ],
    [
      21.597572326660156,
      32.87198257446289,
      17.465970993041992,
      19.91112518310547,
      20.584339141845703,
      20.676488876342773,
      10.609929084777832,
      8.418822288513184,
      15.479897499084473,
      19.738367080688477,
      24.17734718322754,
      31.0941104888916,
      47.87104797363281,
      40.62260055541992,
      37.58591079711914,
      40.691123962402344,
      38.29862976074219,
      51.28231430053711
    ],
    [
      28.09242820739746,
      46.46577453613281,
      19.649110794067383,
      28.51311683654785,
      20.412763595581055,
      29.960693359375,
      12.291427612304688,
      14.911996841430664,
      15.771843910217285,
      31.14434814453125,
      26.044008255004883,
      47.65463638305664,
      40.62260055541992,
      67.96307373046875,
      38.7632942199707,
      56.372703552246094,
      47.57941818237305,
      70.65100860595703
    ],
    [
      20.465913772583008,
      33.31727600097656,
      16.843666076660156,
      21.756528854370117,
      20.28012466430664,
      23.64546775817871,
      9.367469787597656,
      8.086570739746094,
      12.790553092956543,
      19.907421112060547,
      20.480072021484375,
      30.45224952697754,
      37.58591079711914,
      38.7632942199707,
      53.72789001464844,
      48.41421890258789,
      52.77281188964844,
      54.06351852416992
    ],
    [
      23.56538200378418,
      44.99551010131836,
      17.707088470458984,
      29.784006118774414,
      22.142658233642578,
      29.585750579833984,
      14.186430931091309,
      14.073988914489746,
      16.439491271972656,
      29.500629425048828,
      24.95844078063965,
      43.597511291503906,
      40.691123962402344,
      56.372703552246094,
      48.41421890258789,
      83.7991943359375,
      59.793495178222656,
      80.78328704833984
    ],
    [
      23.32699966430664,
      41.9387321472168,
      17.64260482788086,
      25.78105926513672,
      17.003643035888672,
      26.901702880859375,
      10.925013542175293,
      10.874486923217773,
      14.285757064819336,
      25.114665985107422,
      22.977394104003906,
      38.25009536743164,
      38.29862976074219,
      47.57941818237305,
      52.77281188964844,
      59.793495178222656,
      75.12548065185547,
      76.32453918457031
    ],
    [
      35.996829986572266,
      60.912841796875,
      27.934642791748047,
      36.41769790649414,
      23.981937408447266,
      37.75404739379883,
      15.745100021362305,
      16.75684928894043,
      20.91779327392578,
      35.86387252807617,
      33.1578483581543,
      56.119056701660156,
      51.28231430053711,
      70.65100860595703,
      54.06351852416992,
      80.78328704833984,
      76.32453918457031,
      123.81825256347656
    ]
  ],
  "damage": -4.780220031738281,
  "diff_bandwidth": 633.6356201171875,
  "dissonance": 9.725530736893976,
  "drr": 14.996467590332031,
  "dynamics": 2.993799924850464,
  "format": 1245190,
  "frames": 11404224,
  "loudness": -9.204488754272461,
  "loudness_range": 7.970573425292969,
  "loudness_range_short": 9.27575397491455,
  "lowpass_true_peak_15khz": 1.7136117219924927,
  "mastering3_acoustic_entropies": [
    {
      "acoustic_entropy": 5.5053606033325195,
      "acoustic_entropy_mono": 5.9191718101501465,
      "band_eliminated_acoustic_entropies": [
        {
          "acoustic_entropy": 5.6334228515625,
          "acoustic_entropy_side": 5.505359172821045,
          "hz": 129.47220167065723
        },
        {
          "acoustic_entropy": 5.668211936950684,
          "acoustic_entropy_side": 5.505527973175049,
          "hz": 202.92927478742237
        },
        {
          "acoustic_entropy": 5.735111236572266,
          "acoustic_entropy_side": 5.507791042327881,
          "hz": 282.89161906338205
        },
        {
          "acoustic_entropy": 5.606065273284912,
          "acoustic_entropy_side": 5.530884742736816,
          "hz": 369.9353335868758
        },
        {
          "acoustic_entropy": 5.4267354011535645,
          "acoustic_entropy_side": 5.543145179748535,
          "hz": 464.6875360973435
        },
        {
          "acoustic_entropy": 6.04023551940918,
          "acoustic_entropy_side": 5.527020454406738,
          "hz": 567.8308811364784
        },
        {
          "acoustic_entropy": 5.415215492248535,
          "acoustic_entropy_side": 5.526858806610107,
          "hz": 680.1084783214808
        },
        {
          "acoustic_entropy": 5.8124680519104,
          "acoustic_entropy_side": 5.51818323135376,
          "hz": 802.3292461747484
        },
        {
          "acoustic_entropy": 5.683656215667725,
          "acoustic_entropy_side": 5.467155456542969,
          "hz": 935.3737400823702
        },
        {
          "acoustic_entropy": 5.823494911193848,
          "acoustic_entropy_side": 5.58613395690918,
          "hz": 1080.2004963696966
        },
        {
          "acoustic_entropy": 5.694395542144775,
          "acoustic_entropy_side": 5.554544448852539,
          "hz": 1237.8529382007157
        },
        {
          "acoustic_entropy": 5.638269901275635,
          "acoustic_entropy_side": 5.528501033782959,
          "hz": 1409.4668930556702
        },
        {
          "acoustic_entropy": 5.7826151847839355,
          "acoustic_entropy_side": 5.582822322845459,
          "hz": 1596.2787759475705
        },
        {
          "acoustic_entropy": 5.805542469024658,
          "acoustic_entropy_side": 5.687600135803223,
          "hz": 1799.6344973346393
        },
        {
          "acoustic_entropy": 5.579334259033203,
          "acoustic_entropy_side": 5.559896469116211,
          "hz": 2020.9991599069049
        },
        {
          "acoustic_entropy": 5.932248592376709,
          "acoustic_entropy_side": 5.490748882293701,
          "hz": 2261.9676141086993
        },
        {
          "acoustic_entropy": 5.497937202453613,
          "acoustic_entropy_side": 5.568721294403076,
          "hz": 2524.2759484456974
        },
        {
          "acoustic_entropy": 5.490970134735107,
          "acoustic_entropy_side": 5.495156764984131,
          "hz": 2809.813997359896
        },
        {
          "acoustic_entropy": 5.604481220245361,
          "acoustic_entropy_side": 5.499405860900879,
          "hz": 3120.6389567871424
        },
        {
          "acoustic_entropy": 5.589435577392578,
          "acoustic_entropy_side": 5.479172706604004,
          "hz": 3458.990205492291
        },
        {
          "acoustic_entropy": 5.542008876800537,
          "acoustic_entropy_side": 5.493910312652588,
          "hz": 3827.305438964164
        },
        {
          "acoustic_entropy": 5.6502556800842285,
          "acoustic_entropy_side": 5.600489139556885,
          "hz": 4228.238232109126
        },
        {
          "acoustic_entropy": 5.789856910705566,
          "acoustic_entropy_side": 5.689751625061035,
          "hz": 4664.6771572759235
        },
        {
          "acoustic_entropy": 5.596074104309082,
          "acoustic_entropy_side": 5.586237907409668,
          "hz": 5139.766595350093
        },
        {
          "acoustic_entropy": 5.60826301574707,
          "acoustic_entropy_side": 5.548494815826416,
          "hz": 5656.929389854203
        },
        {
          "acoustic_entropy": 5.4834394454956055,
          "acoustic_entropy_side": 5.561320781707764,
          "hz": 6219.891507268283
        },
        {
          "acoustic_entropy": 6.002904415130615,
          "acoustic_entropy_side": 5.600157737731934,
          "hz": 6832.70888123896
        },
        {
          "acoustic_entropy": 5.581739902496338,
          "acoustic_entropy_side": 5.563080787658691,
          "hz": 7499.796634079867
        },
        {
          "acoustic_entropy": 5.429942607879639,
          "acoustic_entropy_side": 5.513021945953369,
          "hz": 8225.96088609342
        },
        {
          "acoustic_entropy": 5.444056034088135,
          "acoustic_entropy_side": 5.506155967712402,
          "hz": 9016.43338188839
        },
        {
          "acoustic_entropy": 5.754048824310303,
          "acoustic_entropy_side": 5.500190258026123,
          "hz": 9876.909183162974
        },
        {
          "acoustic_entropy": 5.611624717712402,
          "acoustic_entropy_side": 5.497101783752441,
          "hz": 10813.587699516042
        },
        {
          "acoustic_entropy": 5.6361002922058105,
          "acoustic_entropy_side": 5.496212482452393,
          "hz": 11833.21735289826
        },
        {
          "acoustic_entropy": 5.646724224090576,
          "acoustic_entropy_side": 5.4759955406188965,
          "hz": 12943.144197493959
        },
        {
          "acoustic_entropy": 5.537705898284912,
          "acoustic_entropy_side": 5.504951477050781,
          "hz": 14151.364845322005
        },
        {
          "acoustic_entropy": 5.480763912200928,
          "acoustic_entropy_side": 5.505551338195801,
          "hz": 15466.58407886509
        },
        {
          "acoustic_entropy": 5.494832515716553,
          "acoustic_entropy_side": 5.505331039428711,
          "hz": 16898.27756580493
        },
        {
          "acoustic_entropy": 5.50250244140625,
          "acoustic_entropy_side": 5.5053629875183105,
          "hz": 18456.760127700032
        },
        {
          "acoustic_entropy": 5.5051469802856445,
          "acoustic_entropy_side": 5.505366325378418,
          "hz": 20153.260054456492
        },
        {
          "acoustic_entropy": 5.505403995513916,
          "acoustic_entropy_side": 5.505364418029785,
          "hz": 22000.00000000001
        }
      ],
      "diff_acoustic_entropy": 4.808787822723389,
      "sn": 6
    },
    {
      "acoustic_entropy": 10.231157302856445,
      "acoustic_entropy_mono": 9.303707122802734,
      "band_eliminated_acoustic_entropies": [
        {
          "acoustic_entropy": 9.994507789611816,
          "acoustic_entropy_side": 10.230998039245605,
          "hz": 129.47220167065723
        },
        {
          "acoustic_entropy": 10.489477157592773,
          "acoustic_entropy_side": 10.211376190185547,
          "hz": 202.92927478742237
        },
        {
          "acoustic_entropy": 10.849881172180176,
          "acoustic_entropy_side": 10.1253023147583,
          "hz": 282.89161906338205
        },
        {
          "acoustic_entropy": 10.132847785949707,
          "acoustic_entropy_side": 9.962468147277832,
          "hz": 369.9353335868758
        },
        {
          "acoustic_entropy": 9.764748573303223,
          "acoustic_entropy_side": 9.969437599182129,
          "hz": 464.6875360973435
        },
        {
          "acoustic_entropy": 10.419650077819824,
          "acoustic_entropy_side": 10.120694160461426,
          "hz": 567.8308811364784
        },
        {
          "acoustic_entropy": 9.566934585571289,
          "acoustic_entropy_side": 10.1675386428833,
          "hz": 680.1084783214808
        },
        {
          "acoustic_entropy": 10.13862419128418,
          "acoustic_entropy_side": 10.208287239074707,
          "hz": 802.3292461747484
        },
        {
          "acoustic_entropy": 9.914066314697266,
          "acoustic_entropy_side": 9.989315032958984,
          "hz": 935.3737400823702
        },
        {
          "acoustic_entropy": 10.062736511230469,
          "acoustic_entropy_side": 10.059042930603027,
          "hz": 1080.2004963696966
        },
        {
          "acoustic_entropy": 9.988826751708984,
          "acoustic_entropy_side": 10.149051666259766,
          "hz": 1237.8529382007157
        },
        {
          "acoustic_entropy": 9.617375373840332,
          "acoustic_entropy_side": 10.098786354064941,
          "hz": 1409.4668930556702
        },
        {
          "acoustic_entropy": 10.242792129516602,
          "acoustic_entropy_side": 10.026558876037598,
          "hz": 1596.2787759475705
        },
        {
          "acoustic_entropy": 10.092850685119629,
          "acoustic_entropy_side": 9.871580123901367,
          "hz": 1799.6344973346393
        },
        {
          "acoustic_entropy": 9.860709190368652,
          "acoustic_entropy_side": 10.096537590026855,
          "hz": 2020.9991599069049
        },
        {
          "acoustic_entropy": 10.125658988952637,
          "acoustic_entropy_side": 10.231795310974121,
          "hz": 2261.9676141086993
        },
        {
          "acoustic_entropy": 9.965603828430176,
          "acoustic_entropy_side": 10.009675979614258,
          "hz": 2524.2759484456974
        },
        {
          "acoustic_entropy": 9.869771003723145,
          "acoustic_entropy_side": 10.161823272705078,
          "hz": 2809.813997359896
        },
        {
          "acoustic_entropy": 10.286277770996094,
          "acoustic_entropy_side": 10.315838813781738,
          "hz": 3120.6389567871424
        },
        {
          "acoustic_entropy": 10.081951141357422,
          "acoustic_entropy_side": 10.140985488891602,
          "hz": 3458.990205492291
        },
        {
          "acoustic_entropy": 10.068488121032715,
          "acoustic_entropy_side": 10.112250328063965,
          "hz": 3827.305438964164
        },
        {
          "acoustic_entropy": 9.98604965209961,
          "acoustic_entropy_side": 9.960847854614258,
          "hz": 4228.238232109126
        },
        {
          "acoustic_entropy": 9.939665794372559,
          "acoustic_entropy_side": 10.116254806518555,
          "hz": 4664.6771572759235
        },
        {
          "acoustic_entropy": 9.965797424316406,
          "acoustic_entropy_side": 10.073927879333496,
          "hz": 5139.766595350093
        },
        {
          "acoustic_entropy": 10.124189376831055,
          "acoustic_entropy_side": 10.184189796447754,
          "hz": 5656.929389854203
        },
        {
          "acoustic_entropy": 10.21906566619873,
          "acoustic_entropy_side": 10.20356559753418,
          "hz": 6219.891507268283
        },
        {
          "acoustic_entropy": 10.227506637573242,
          "acoustic_entropy_side": 10.160713195800781,
          "hz": 6832.70888123896
        },
        {
          "acoustic_entropy": 10.221814155578613,
          "acoustic_entropy_side": 10.180682182312012,
          "hz": 7499.796634079867
        },
        {
          "acoustic_entropy": 10.258865356445312,
          "acoustic_entropy_side": 10.244140625,
          "hz": 8225.96088609342
        },
        {
          "acoustic_entropy": 10.256505012512207,
          "acoustic_entropy_side": 10.247018814086914,
          "hz": 9016.43338188839
        },
        {
          "acoustic_entropy": 10.011602401733398,
          "acoustic_entropy_side": 10.26714038848877,
          "hz": 9876.909183162974
        },
        {
          "acoustic_entropy": 10.108306884765625,
          "acoustic_entropy_side": 10.298089027404785,
          "hz": 10813.587699516042
        },
        {
          "acoustic_entropy": 10.198394775390625,
          "acoustic_entropy_side": 10.316353797912598,
          "hz": 11833.21735289826
        },
        {
          "acoustic_entropy": 10.243684768676758,
          "acoustic_entropy_side": 10.262813568115234,
          "hz": 12943.144197493959
        },
        {
          "acoustic_entropy": 10.233396530151367,
          "acoustic_entropy_side": 10.255861282348633,
          "hz": 14151.364845322005
        },
        {
          "acoustic_entropy": 10.223748207092285,
          "acoustic_entropy_side": 10.237058639526367,
          "hz": 15466.58407886509
        },
        {
          "acoustic_entropy": 10.216418266296387,
          "acoustic_entropy_side": 10.232572555541992,
          "hz": 16898.27756580493
        },
        {
          "acoustic_entropy": 10.222310066223145,
          "acoustic_entropy_side": 10.231305122375488,
          "hz": 18456.760127700032
        },
        {
          "acoustic_entropy": 10.225984573364258,
          "acoustic_entropy_side": 10.231074333190918,
          "hz": 20153.260054456492
        },
        {
          "acoustic_entropy": 10.229702949523926,
          "acoustic_entropy_side": 10.231098175048828,
          "hz": 22000.00000000001
        }
      ],
      "diff_acoustic_entropy": 7.742668628692627,
      "sn": 12
    },
    {
      "acoustic_entropy": 16.90437126159668,
      "acoustic_entropy_mono": 12.943799018859863,
      "band_eliminated_acoustic_entropies": [
        {
          "acoustic_entropy": 15.483802795410156,
          "acoustic_entropy_side": 16.908626556396484,
          "hz": 129.47220167065723
        },
        {
          "acoustic_entropy": 18.724538803100586,
          "acoustic_entropy_side": 17.048635482788086,
          "hz": 202.92927478742237
        },
        {
          "acoustic_entropy": 17.958080291748047,
          "acoustic_entropy_side": 17.661298751831055,
          "hz": 282.89161906338205
        },
        {
          "acoustic_entropy": 17.073997497558594,
          "acoustic_entropy_side": 17.14742088317871,
          "hz": 369.9353335868758
        },
        {
          "acoustic_entropy": 17.227540969848633,
          "acoustic_entropy_side": 17.623462677001953,
          "hz": 464.6875360973435
        },
        {
          "acoustic_entropy": 17.914087295532227,
          "acoustic_entropy_side": 17.480955123901367,
          "hz": 567.8308811364784
        },
        {
          "acoustic_entropy": 16.534255981445312,
          "acoustic_entropy_side": 16.732791900634766,
          "hz": 680.1084783214808
        },
        {
          "acoustic_entropy": 17.683338165283203,
          "acoustic_entropy_side": 17.47186279296875,
          "hz": 802.3292461747484
        },
        {
          "acoustic_entropy": 17.48908805847168,
          "acoustic_entropy_side": 17.337905883789062,
          "hz": 935.3737400823702
        },
        {
          "acoustic_entropy": 16.59771728515625,
          "acoustic_entropy_side": 16.632722854614258,
          "hz": 1080.2004963696966
        },
        {
          "acoustic_entropy": 17.231285095214844,
          "acoustic_entropy_side": 16.73049545288086,
          "hz": 1237.8529382007157
        },
        {
          "acoustic_entropy": 16.760337829589844,
          "acoustic_entropy_side": 17.26795196533203,
          "hz": 1409.4668930556702
        },
        {
          "acoustic_entropy": 17.24090003967285,
          "acoustic_entropy_side": 17.14327049255371,
          "hz": 1596.2787759475705
        },
        {
          "acoustic_entropy": 16.886987686157227,
          "acoustic_entropy_side": 16.70858383178711,
          "hz": 1799.6344973346393
        },
        {
          "acoustic_entropy": 16.96092414855957,
          "acoustic_entropy_side": 17.041221618652344,
          "hz": 2020.9991599069049
        },
        {
          "acoustic_entropy": 17.395442962646484,
          "acoustic_entropy_side": 17.206050872802734,
          "hz": 2261.9676141086993
        },
        {
          "acoustic_entropy": 17.282766342163086,
          "acoustic_entropy_side": 17.41082000732422,
          "hz": 2524.2759484456974
        },
        {
          "acoustic_entropy": 17.12261962890625,
          "acoustic_entropy_side": 17.16228675842285,
          "hz": 2809.813997359896
        },
        {
          "acoustic_entropy": 16.685121536254883,
