{
  "acoustic_entropy": 185.66598510742188,
  "bands": [
    {
      "high_freq": 148.1999969482422,
      "loudness": -26.34461784362793,
      "loudness_range": 7.22184944152832,
      "mid_mean": -23.193565368652344,
      "mid_to_side_loudness": -9.967732429504395,
      "mid_to_side_loudness_range": 9.197746276855469,
      "side_mean": -33.32618713378906
    },
    {
      "high_freq": 392.3793640136719,
      "loudness": -28.423715591430664,
      "loudness_range": 17.832124710083008,
      "low_freq": 148.1999969482422,
      "mid_mean": -25.523588180541992,
      "mid_to_side_loudness": -7.67216682434082,
      "mid_to_side_loudness_range": 8.46989631652832,
      "side_mean": -33.515682220458984
    },
    {
      "high_freq": 794.6976318359375,
      "loudness": -27.20442008972168,
      "loudness_range": 18.24628448486328,
      "low_freq": 392.3793640136719,
      "mid_mean": -24.39492416381836,
      "mid_to_side_loudness": -7.1413469314575195,
      "mid_to_side_loudness_range": 10.452879905700684,
      "side_mean": -31.977920532226562
    },
    {
      "high_freq": 1457.5709228515625,
      "loudness": -28.288055419921875,
      "loudness_range": 17.66088104248047,
      "low_freq": 794.6976318359375,
      "mid_mean": -25.68057632446289,
      "mid_to_side_loudness": -8.437402725219727,
      "mid_to_side_loudness_range": 10.381668090820312,
      "side_mean": -34.6612434387207
    },
    {
      "high_freq": 2549.74365234375,
      "loudness": -33.69480895996094,
      "loudness_range": 17.456727981567383,
      "low_freq": 1457.5709228515625,
      "mid_mean": -30.80551528930664,
      "mid_to_side_loudness": -7.102951526641846,
      "mid_to_side_loudness_range": 10.759976387023926,
      "side_mean": -38.71940612792969
    },
    {
      "high_freq": 4349.24462890625,
      "loudness": -39.19379425048828,
      "loudness_range": 24.338783264160156,
      "low_freq": 2549.74365234375,
      "mid_mean": -36.3980712890625,
      "mid_to_side_loudness": -7.544844627380371,
      "mid_to_side_loudness_range": 11.425334930419922,
      "side_mean": -45.13213348388672
    },
    {
      "high_freq": 7314.1640625,
      "loudness": -47.83058166503906,
      "loudness_range": 29.44930648803711,
      "low_freq": 4349.24462890625,
      "mid_mean": -45.03682327270508,
      "mid_to_side_loudness": -8.587702751159668,
      "mid_to_side_loudness_range": 13.467430114746094,
      "side_mean": -55.177974700927734
    },
    {
      "high_freq": 12199.2666015625,
      "loudness": -52.428218841552734,
      "loudness_range": 30.782516479492188,
      "low_freq": 7314.1640625,
      "mid_mean": -51.71530532836914,
      "mid_to_side_loudness": -9.03050422668457,
      "mid_to_side_loudness_range": 15.006169319152832,
      "side_mean": -59.51708984375
    },
    {
      "loudness": -66.62902069091797,
      "loudness_range": 25.102920532226562,
      "low_freq": 12199.2666015625,
      "mid_mean": -62.29579544067383,
      "mid_to_side_loudness": -8.259453773498535,
      "mid_to_side_loudness_range": 12.667779922485352,
      "side_mean": -67.43424224853516
    }
  ],
  "bands_short": [
    {
      "high_freq": 148.1999969482422,
      "loudness": -28.351106643676758,
      "loudness_range": 14.185005187988281,
      "mid_mean": -25.38170623779297,
      "mid_to_side_loudness": -9.758490562438965,
      "mid_to_side_loudness_range": 14.94816780090332,
      "side_mean": -35.46211624145508
    },
    {
      "high_freq": 392.3793640136719,
      "loudness": -28.6754150390625,
      "loudness_range": 19.685531616210938,
      "low_freq": 148.1999969482422,
      "mid_mean": -25.978792190551758,
      "mid_to_side_loudness": -7.120197772979736,
      "mid_to_side_loudness_range": 12.87049674987793,
      "side_mean": -33.46501922607422
    },
    {
      "high_freq": 794.6976318359375,
      "loudness": -28.10544204711914,
      "loudness_range": 19.75350570678711,
      "low_freq": 392.3793640136719,
      "mid_mean": -25.75924301147461,
      "mid_to_side_loudness": -6.358529090881348,
      "mid_to_side_loudness_range": 13.753074645996094,
      "side_mean": -32.828453063964844
    },
    {
      "high_freq": 1457.5709228515625,
      "loudness": -28.167272567749023,
      "loudness_range": 18.902856826782227,
      "low_freq": 794.6976318359375,
      "mid_mean": -25.612512588500977,
      "mid_to_side_loudness": -7.568556785583496,
      "mid_to_side_loudness_range": 13.690645217895508,
      "side_mean": -34.14270782470703
    },
    {
      "high_freq": 2549.74365234375,
      "loudness": -34.47797393798828,
      "loudness_range": 20.6661319732666,
      "low_freq": 1457.5709228515625,
      "mid_mean": -31.933076858520508,
      "mid_to_side_loudness": -6.611005783081055,
      "mid_to_side_loudness_range": 13.859380722045898,
      "side_mean": -39.357486724853516
    },
    {
      "high_freq": 4349.24462890625,
      "loudness": -40.22965621948242,
      "loudness_range": 27.299211502075195,
      "low_freq": 2549.74365234375,
      "mid_mean": -37.70945739746094,
      "mid_to_side_loudness": -6.718748092651367,
      "mid_to_side_loudness_range": 14.155213356018066,
      "side_mean": -45.796119689941406
    },
    {
      "high_freq": 7314.1640625,
      "loudness": -48.93642044067383,
      "loudness_range": 33.094757080078125,
      "low_freq": 4349.24462890625,
      "mid_mean": -46.97998809814453,
      "mid_to_side_loudness": -7.382366180419922,
      "mid_to_side_loudness_range": 15.192688941955566,
      "side_mean": -55.74427032470703
    },
    {
      "high_freq": 12199.2666015625,
      "loudness": -54.24554443359375,
      "loudness_range": 32.62518310546875,
      "low_freq": 7314.1640625,
      "mid_mean": -54.08927917480469,
      "mid_to_side_loudness": -7.121982574462891,
      "mid_to_side_loudness_range": 16.20749855041504,
      "side_mean": -60.121238708496094
    },
    {
      "loudness": -67.82707977294922,
      "loudness_range": 25.960895538330078,
      "low_freq": 12199.2666015625,
      "mid_mean": -63.30596160888672,
      "mid_to_side_loudness": -6.826934337615967,
      "mid_to_side_loudness_range": 13.26762580871582,
      "side_mean": -67.54109191894531
    }
  ],
  "bandwidth": 546.8740844726562,
  "channels": 2,
  "covariance": [
    [
      12.813371658325195,
      5.68182897567749,
      2.6353726387023926,
      -0.33240464329719543,
      1.3651329278945923,
      -0.9348131418228149,
      1.3371716737747192,
      -1.3085825443267822,
      -0.5767844915390015,
      -2.9404239654541016,
      0.8143506646156311,
      -2.268415689468384,
      2.3035590648651123,
      -0.3402564525604248,
      1.1226805448532104,
      -1.2494862079620361,
      1.936631441116333,
      -0.08308214694261551
    ],
    [
      5.68182897567749,
      10.555782318115234,
      2.9600017070770264,
      0.6316244006156921,
      3.859241247177124,
      0.770753026008606,
      3.8988802433013916,
      1.392738699913025,
      2.4492390155792236,
      -0.9018016457557678,
      3.9413912296295166,
      -0.21615548431873322,
      6.47640323638916,
      1.2471554279327393,
      6.122525215148926,
      1.5838104486465454,
      5.698145389556885,
      1.4482436180114746
    ],
    [
      2.6353726387023926,
      2.9600017070770264,
      40.92190933227539,
      33.422733306884766,
      29.79068946838379,
      25.474645614624023,
      26.13349151611328,
      23.369028091430664,
      28.04159927368164,
      25.063283920288086,
      41.23834991455078,
      33.77259063720703,
      47.46510696411133,
      38.01368713378906,
      43.80006790161133,
      26.529159545898438,
      31.098037719726562,
      10.166109085083008
    ],
    [
      -0.33240464329719543,
      0.6316244006156921,
      33.422733306884766,
      35.84404373168945,
      25.77373504638672,
      24.846101760864258,
      21.667613983154297,
      19.890649795532227,
      25.40354347229004,
      25.388280868530273,
      38.32981872558594,
      35.283782958984375,
      43.80333709716797,
      39.14799499511719,
      43.72129440307617,
      27.655113220214844,
      29.72428321838379,
      10.021870613098145
    ],
    [
      1.3651329278945923,
      3.859241247177124,
      29.79068946838379,
      25.77373504638672,
      51.42648696899414,
      42.90751647949219,
      41.85260772705078,
      35.709163665771484,
      27.547338485717773,
      23.730348587036133,
      34.85865783691406,
      32.124691009521484,
      43.237369537353516,
      33.87611389160156,
      28.25636863708496,
      13.495048522949219,
      27.078393936157227,
      8.653271675109863
    ],
    [
      -0.9348131418228149,
      0.770753026008606,
      25.474645614624023,
      24.846101760864258,
      42.90751647949219,
      44.76469039916992,
      35.165157318115234,
      32.361454010009766,
      24.711397171020508,
      24.43025016784668,
      31.032058715820312,
      32.40961837768555,
      37.24118423461914,
      34.032901763916016,
      26.1955509185791,
      15.284114837646484,
      22.78159523010254,
      8.274996757507324
    ],
    [
      1.3371716737747192,
      3.8988802433013916,
      26.13349151611328,
      21.667613983154297,
      41.85260772705078,
      35.165157318115234,
      59.741600036621094,
      43.53091049194336,
      31.890178680419922,
      21.022153854370117,
      39.63275909423828,
      28.735734939575195,
      44.32121658325195,
      30.591323852539062,
      27.702709197998047,
      11.64739990234375,
      24.588844299316406,
      7.34104585647583
    ],
    [
      -1.3085825443267822,
      1.392738699913025,
      23.369028091430664,
      19.890649795532227,
      35.709163665771484,
      32.361454010009766,
      43.53091049194336,
      46.49386978149414,
      26.89649200439453,
      23.093673706054688,
      33.290748596191406,
      30.142492294311523,
      38.30408477783203,
      29.80401611328125,
      24.866872787475586,
      13.442949295043945,
      21.95363998413086,
      7.469745635986328
    ],
    [
      -0.5767844915390015,
      2.4492390155792236,
      28.04159927368164,
      25.40354347229004,
      27.547338485717773,
      24.711397171020508,
      31.890178680419922,
      26.89649200439453,
      44.606224060058594,
      32.9273681640625,
      51.93002700805664,
      40.13459014892578,
      56.87364959716797,
      43.31473922729492,
      59.106224060058594,
      35.075862884521484,
      34.11505126953125,
      11.313916206359863
    ],
    [
      -2.9404239654541016,
      -0.9018016457557678,
      25.063283920288086,
      25.388280868530273,
      23.730348587036133,
      24.43025016784668,
      21.022153854370117,
      23.093673706054688,
      32.9273681640625,
      36.57502365112305,
      41.051597595214844,
      41.56705856323242,
      43.454200744628906,
      42.30710983276367,
      50.17058181762695,
      33.991783142089844,
      28.918664932250977,
      10.893122673034668
    ],
    [
      0.8143506646156311,
      3.9413912296295166,
      41.23834991455078,
      38.32981872558594,
      34.85865783691406,
      31.032058715820312,
      39.63275909423828,
      33.290748596191406,
      51.93002700805664,
      41.051597595214844,
      80.21492767333984,
      56.2488899230957,
      84.35626983642578,
      63.919124603271484,
      82.87602233886719,
      49.73252868652344,
      54.14693069458008,
      18.24518394470215
    ],
    [
      -2.268415689468384,
      -0.21615548431873322,
      33.77259063720703,
      35.283782958984375,
      32.124691009521484,
      32.40961837768555,
      28.735734939575195,
      30.142492294311523,
      40.13459014892578,
      41.56705856323242,
      56.2488899230957,
      57.73118591308594,
      61.60227966308594,
      56.92793273925781,
      62.61317443847656,
      41.670867919921875,
      39.41538619995117,
      14.715934753417969
    ],
    [
      2.3035590648651123,
      6.47640323638916,
      47.46510696411133,
      43.80333709716797,
      43.237369537353516,
      37.24118423461914,
      44.32121658325195,
      38.30408477783203,
      56.87364959716797,
      43.454200744628906,
      84.35626983642578,
      61.60227966308594,
      107.08506774902344,
      78.35433197021484,
      102.4213638305664,
      60.86407470703125,
      70.19462585449219,
      24.41443634033203
    ],
    [
      -0.3402564525604248,
      1.2471554279327393,
      38.01368713378906,
      39.14799499511719,
      33.87611389160156,
      34.032901763916016,
      30.591323852539062,
      29.80401611328125,
      43.31473922729492,
      42.30710983276367,
      63.919124603271484,
      56.92793273925781,
      78.35433197021484,
      79.83368682861328,
      93.01824188232422,
      61.12910461425781,
      56.1517219543457,
      21.319711685180664
    ],
    [
      1.1226805448532104,
      6.122525215148926,
      43.80006790161133,
      43.72129440307617,
      28.25636863708496,
      26.1955509185791,
      27.702709197998047,
      24.866872787475586,
      59.106224060058594,
      50.17058181762695,
      82.87602233886719,
      62.61317443847656,
      102.4213638305664,
      93.01824188232422,
      153.97254943847656,
      91.28659057617188,
      78.13951873779297,
      26.44045066833496
    ],
    [
      -1.2494862079620361,
      1.5838104486465454,
      26.529159545898438,
      27.655113220214844,
      13.495048522949219,
      15.284114837646484,
      11.64739990234375,
      13.442949295043945,
      35.075862884521484,
      33.991783142089844,
      49.73252868652344,
      41.670867919921875,
      60.86407470703125,
      61.12910461425781,
      91.28659057617188,
      62.478397369384766,
      46.400840759277344,
      17.913877487182617
    ],
    [
      1.936631441116333,
      5.698145389556885,
      31.098037719726562,
      29.72428321838379,
      27.078393936157227,
      22.78159523010254,
      24.588844299316406,
      21.95363998413086,
      34.11505126953125,
      28.918664932250977,
      54.14693069458008,
      39.41538619995117,
      70.19462585449219,
      56.1517219543457,
      78.13951873779297,
      46.400840759277344,
      56.98064041137695,
      20.569210052490234
    ],
    [
      -0.08308214694261551,
      1.4482436180114746,
      10.166109085083008,
      10.021870613098145,
      8.653271675109863,
      8.274996757507324,
      7.34104585647583,
      7.469745635986328,
      11.313916206359863,
      10.893122673034668,
      18.24518394470215,
      14.715934753417969,
      24.41443634033203,
      21.319711685180664,
      26.44045066833496,
      17.913877487182617,
      20.569210052490234,
      9.028889656066895
    ]
  ],
  "covariance_short": [
    [
      31.329042434692383,
      13.709548950195312,
      10.615096092224121,
      3.659031867980957,
      3.7960762977600098,
      0.45192086696624756,
      4.726545333862305,
      -0.2680140733718872,
      0.7939737439155579,
      -3.021507501602173,
      2.5313451290130615,
      -3.3601694107055664,
      4.287749290466309,
      -1.9484195709228516,
      3.239616870880127,
      -2.3059842586517334,
      2.8104848861694336,
      -0.5580425262451172
    ],
    [
      13.709548950195312,
      22.4222412109375,
      4.507293224334717,
      0.48813170194625854,
      2.726059913635254,
      -2.254920244216919,
      3.7105650901794434,
      0.6656559705734253,
      -0.2690635919570923,
      -4.936178684234619,
      -0.4694168269634247,
      -5.940433979034424,
      0.5993140339851379,
      -5.808389663696289,
      -1.9785517454147339,
      -4.511270999908447,
      0.4261729419231415,
      -0.9310891032218933
    ],
    [
      10.615096092224121,
      4.507293224334717,
      49.501102447509766,
      33.17291259765625,
      35.52592849731445,
      26.269283294677734,
      27.333087921142578,
      22.11924171447754,
      31.923707962036133,
      25.266508102416992,
      45.55866622924805,
      33.921817779541016,
      52.76444625854492,
      36.622074127197266,
      49.66492462158203,
      26.944477081298828,
      31.617170333862305,
      10.04190731048584
    ],
    [
      3.659031867980957,
      0.48813170194625854,
      33.17291259765625,
      37.201881408691406,
      27.35159683227539,
      25.434873580932617,
      20.012008666992188,
      18.69832992553711,
      28.37646484375,
      25.595884323120117,
      42.29340362548828,
      35.58873748779297,
      49.279300689697266,
      38.20494842529297,
      47.78233337402344,
      28.730281829833984,
      29.94024658203125,
      10.199258804321289
    ],
    [
      3.7960762977600098,
      2.726059913635254,
      35.52592849731445,
      27.35159683227539,
      65.46831512451172,
      45.114723205566406,
      45.952919006347656,
      38.3474006652832,
      38.26145935058594,
      27.54388999938965,
      48.025306701660156,
      36.90659713745117,
      61.454524993896484,
      38.49691390991211,
      45.948360443115234,
      18.87516975402832,
      32.354164123535156,
      9.322391510009766
    ],
    [
      0.45192086696624756,
      -2.254920244216919,
      26.269283294677734,
      25.434873580932617,
      45.114723205566406,
      51.75981140136719,
      33.583824157714844,
      33.41343307495117,
      30.929048538208008,
      26.339969635009766,
      38.5515022277832,
      35.70371627807617,
      50.39482498168945,
      38.19428253173828,
      38.6092643737793,
      19.97296142578125,
      25.400985717773438,
      8.322964668273926
    ],
    [
      4.726545333862305,
      3.7105650901794434,
      27.333087921142578,
      20.012008666992188,
      45.952919006347656,
      33.583824157714844,
      65.0230484008789,
      42.34452819824219,
      40.554874420166016,
      23.31174659729004,
      50.90607833862305,
      31.434520721435547,
      59.667911529541016,
      32.59613800048828,
      39.9492073059082,
      15.796104431152344,
      30.094074249267578,
      8.836389541625977
    ],
    [
      -0.2680140733718872,
      0.6656559705734253,
      22.11924171447754,
      18.69832992553711,
      38.3474006652832,
      33.41343307495117,
      42.34452819824219,
      49.38190460205078,
      31.771203994750977,
      24.401580810546875,
      39.53623580932617,
      32.344757080078125,
      46.690372467041016,
      31.54930305480957,
      31.24553871154785,
      15.342354774475098,
      23.036100387573242,
      7.809192657470703
    ],
    [
      0.7939737439155579,
      -0.2690635919570923,
      31.923707962036133,
      28.37646484375,
      38.26145935058594,
      30.929048538208008,
      40.554874420166016,
      31.771203994750977,
      62.74982452392578,
      39.86467361450195,
      68.07471466064453,
      48.93575668334961,
      76.72953796386719,
      51.37429428100586,
      71.13275146484375,
      40.90501403808594,
      39.15973663330078,
      12.62102222442627
    ],
    [
      -3.021507501602173,
      -4.936178684234619,
      25.266508102416992,
      25.595884323120117,
      27.54388999938965,
      26.339969635009766,
      23.31174659729004,
      24.401580810546875,
      39.86467361450195,
      43.24916076660156,
      49.214332580566406,
      46.323402404785156,
      54.93153762817383,
      46.361087799072266,
      56.251976013183594,
      37.35654067993164,
      30.06049156188965,
      11.171082496643066
    ],
    [
      2.5313451290130615,
      -0.4694168269634247,
      45.55866622924805,
      42.29340362548828,
      48.025306701660156,
      38.5515022277832,
      50.90607833862305,
      39.53623580932617,
      68.07471466064453,
      49.214332580566406,
      103.58348846435547,
      67.91065979003906,
      107.52857971191406,
      74.1676254272461,
      99.01193237304688,
      57.0170783996582,
      61.571773529052734,
      20.74588394165039
    ],
    [
      -3.3601694107055664,
      -5.940433979034424,
      33.921817779541016,
      35.58873748779297,
      36.90659713745117,
      35.70371627807617,
      31.434520721435547,
      32.344757080078125,
      48.93575668334961,
      46.323402404785156,
      67.91065979003906,
      68.69918823242188,
      77.1939697265625,
      64.81387329101562,
      73.90010070800781,
      48.26858139038086,
      42.93977737426758,
      16.15462303161621
    ],
    [
      4.287749290466309,
      0.5993140339851379,
      52.76444625854492,
      49.279300689697266,
      61.454524993896484,
      50.39482498168945,
      59.667911529541016,
      46.690372467041016,
      76.72953796386719,
      54.93153762817383,
      107.52857971191406,
      77.1939697265625,
      139.1346893310547,
      92.98388671875,
      126.04405212402344,
      70.9977798461914,
      78.57908630371094,
      26.69429588317871
    ],
    [
      -1.9484195709228516,
      -5.808389663696289,
      36.622074127197266,
      38.20494842529297,
      38.49691390991211,
      38.19428253173828,
      32.59613800048828,
      31.54930305480957,
      51.37429428100586,
      46.361087799072266,
      74.1676254272461,
      64.81387329101562,
      92.98388671875,
      87.05138397216797,
      99.73112487792969,
      65.69436645507812,
      55.65861511230469,
      21.500659942626953
    ],
    [
      3.239616870880127,
      -1.9785517454147339,
      49.66492462158203,
      47.78233337402344,
      45.948360443115234,
      38.6092643737793,
      39.9492073059082,
      31.24553871154785,
      71.13275146484375,
      56.251976013183594,
      99.01193237304688,
      73.90010070800781,
      126.04405212402344,
      99.73112487792969,
      157.75259399414062,
      93.0127182006836,
      81.14592742919922,
      27.289886474609375
    ],
    [
      -2.3059842586517334,
      -4.511270999908447,
      26.944477081298828,
      28.730281829833984,
      18.87516975402832,
      19.97296142578125,
      15.796104431152344,
      15.342354774475098,
      40.90501403808594,
      37.35654067993164,
      57.0170783996582,
      48.26858139038086,
      70.9977798461914,
      65.69436645507812,
      93.0127182006836,
      66.60601806640625,
      45.80997085571289,
      18.129703521728516
    ],
    [
      2.8104848861694336,
      0.4261729419231415,
      31.617170333862305,
      29.94024658203125,
      32.354164123535156,
      25.400985717773438,
      30.094074249267578,
      23.036100387573242,
      39.15973663330078,
      30.06049156188965,
      61.571773529052734,
      42.93977737426758,
      78.57908630371094,
      55.65861511230469,
      81.14592742919922,
      45.80997085571289,
      57.2349739074707,
      19.9847469329834
    ],
    [
      -0.5580425262451172,
      -0.9310891032218933,
      10.04190731048584,
      10.199258804321289,
      9.322391510009766,
      8.322964668273926,
      8.836389541625977,
      7.809192657470703,
      12.62102222442627,
      11.171082496643066,
      20.74588394165039,
      16.15462303161621,
      26.69429588317871,
      21.500659942626953,
      27.289886474609375,
      18.129703521728516,
      19.9847469329834,
      9.004734992980957
    ]
  ],
  "damage": -11.016585350036621,
  "diff_bandwidth": 521.953857421875,
  "dissonance": 5.789882185429375,
  "drr": 3.6139743328094482,
  "dynamics": 3.7786333560943604,
  "format": 1245190,
  "frames": 2395072,
  "loudness": -16.376018524169922,
  "loudness_range": 9.07576847076416,
  "loudness_range_short": 12.889580726623535,
  "lowpass_true_peak_15khz": -1.1723133325576782,
  "mastering3_acoustic_entropies": [
    {
      "acoustic_entropy": 6.213818550109863,
      "acoustic_entropy_mono": 5.834822177886963,
      "band_eliminated_acoustic_entropies": [
        {
          "acoustic_entropy": 6.128746509552002,
          "acoustic_entropy_side": 6.214497089385986,
          "hz": 129.47220167065723
        },
        {
          "acoustic_entropy": 5.649052619934082,
          "acoustic_entropy_side": 6.218003273010254,
          "hz": 202.92927478742237
        },
        {
          "acoustic_entropy": 6.217947483062744,
          "acoustic_entropy_side": 6.254487037658691,
          "hz": 282.89161906338205
        },
        {
          "acoustic_entropy": 6.322515487670898,
          "acoustic_entropy_side": 6.0855183601379395,
          "hz": 369.9353335868758
        },
        {
          "acoustic_entropy": 6.259382247924805,
          "acoustic_entropy_side": 6.384070873260498,
          "hz": 464.6875360973435
        },
        {
          "acoustic_entropy": 6.714683532714844,
          "acoustic_entropy_side": 6.240536689758301,
          "hz": 567.8308811364784
        },
        {
          "acoustic_entropy": 6.871707439422607,
          "acoustic_entropy_side": 6.13344669342041,
          "hz": 680.1084783214808
        },
        {
          "acoustic_entropy": 6.281310558319092,
          "acoustic_entropy_side": 6.189607620239258,
          "hz": 802.3292461747484
        },
        {
          "acoustic_entropy": 4.88493013381958,
          "acoustic_entropy_side": 6.2201080322265625,
          "hz": 935.3737400823702
        },
        {
          "acoustic_entropy": 6.302321910858154,
          "acoustic_entropy_side": 6.286853313446045,
          "hz": 1080.2004963696966
        },
        {
          "acoustic_entropy": 5.598874092102051,
          "acoustic_entropy_side": 6.080963134765625,
          "hz": 1237.8529382007157
        },
        {
          "acoustic_entropy": 6.19407320022583,
          "acoustic_entropy_side": 6.236979007720947,
          "hz": 1409.4668930556702
        },
        {
          "acoustic_entropy": 6.256416320800781,
          "acoustic_entropy_side": 6.223029613494873,
          "hz": 1596.2787759475705
        },
        {
          "acoustic_entropy": 6.260827541351318,
          "acoustic_entropy_side": 6.1928205490112305,
          "hz": 1799.6344973346393
        },
        {
          "acoustic_entropy": 5.96639347076416,
          "acoustic_entropy_side": 6.18752908706665,
          "hz": 2020.9991599069049
        },
        {
          "acoustic_entropy": 6.167913913726807,
          "acoustic_entropy_side": 6.196474075317383,
          "hz": 2261.9676141086993
        },
        {
          "acoustic_entropy": 6.163600444793701,
          "acoustic_entropy_side": 6.192887783050537,
          "hz": 2524.2759484456974
        },
        {
          "acoustic_entropy": 6.21622371673584,
          "acoustic_entropy_side": 6.211752891540527,
          "hz": 2809.813997359896
        },
        {
          "acoustic_entropy": 6.1801438331604,
          "acoustic_entropy_side": 6.206851959228516,
          "hz": 3120.6389567871424
        },
        {
          "acoustic_entropy": 6.152256488800049,
          "acoustic_entropy_side": 6.202329635620117,
          "hz": 3458.990205492291
        },
        {
          "acoustic_entropy": 6.136171817779541,
          "acoustic_entropy_side": 6.204695224761963,
          "hz": 3827.305438964164
        },
        {
          "acoustic_entropy": 6.154185771942139,
          "acoustic_entropy_side": 6.208138465881348,
          "hz": 4228.238232109126
        },
        {
          "acoustic_entropy": 6.092114448547363,
          "acoustic_entropy_side": 6.213918209075928,
          "hz": 4664.6771572759235
        },
        {
          "acoustic_entropy": 6.06171989440918,
          "acoustic_entropy_side": 6.213548183441162,
          "hz": 5139.766595350093
        },
        {
          "acoustic_entropy": 6.020027160644531,
          "acoustic_entropy_side": 6.211824417114258,
          "hz": 5656.929389854203
        },
        {
          "acoustic_entropy": 6.084731101989746,
          "acoustic_entropy_side": 6.212856769561768,
          "hz": 6219.891507268283
        },
        {
          "acoustic_entropy": 6.099905490875244,
          "acoustic_entropy_side": 6.213197231292725,
          "hz": 6832.70888123896
        },
        {
          "acoustic_entropy": 6.151466369628906,
          "acoustic_entropy_side": 6.214078426361084,
          "hz": 7499.796634079867
        },
        {
          "acoustic_entropy": 6.161570072174072,
          "acoustic_entropy_side": 6.213645935058594,
          "hz": 8225.96088609342
        },
        {
          "acoustic_entropy": 6.208296775817871,
          "acoustic_entropy_side": 6.213779449462891,
          "hz": 9016.43338188839
        },
        {
          "acoustic_entropy": 6.195130825042725,
          "acoustic_entropy_side": 6.213870048522949,
          "hz": 9876.909183162974
        },
        {
          "acoustic_entropy": 6.21282958984375,
          "acoustic_entropy_side": 6.2138590812683105,
          "hz": 10813.587699516042
        },
        {
          "acoustic_entropy": 6.214315414428711,
          "acoustic_entropy_side": 6.213838577270508,
          "hz": 11833.21735289826
        },
        {
          "acoustic_entropy": 6.208117961883545,
          "acoustic_entropy_side": 6.213815212249756,
          "hz": 12943.144197493959
        },
        {
          "acoustic_entropy": 6.212889671325684,
          "acoustic_entropy_side": 6.213818073272705,
          "hz": 14151.364845322005
        },
        {
          "acoustic_entropy": 6.213581562042236,
          "acoustic_entropy_side": 6.213817596435547,
          "hz": 15466.58407886509
        },
        {
          "acoustic_entropy": 6.213737964630127,
          "acoustic_entropy_side": 6.213818550109863,
          "hz": 16898.27756580493
        },
        {
          "acoustic_entropy": 6.2137932777404785,
          "acoustic_entropy_side": 6.213818550109863,
          "hz": 18456.760127700032
        },
        {
          "acoustic_entropy": 6.213810920715332,
          "acoustic_entropy_side": 6.213818550109863,
          "hz": 20153.260054456492
        },
        {
          "acoustic_entropy": 6.213818073272705,
          "acoustic_entropy_side": 6.213818550109863,
          "hz": 22000.00000000001
        }
      ],
      "diff_acoustic_entropy": 4.513535976409912,
      "sn": 6
    },
    {
      "acoustic_entropy": 9.19038200378418,
      "acoustic_entropy_mono": 9.53799819946289,
      "band_eliminated_acoustic_entropies": [
        {
          "acoustic_entropy": 9.621502876281738,
          "acoustic_entropy_side": 9.21539306640625,
          "hz": 129.47220167065723
        },
        {
          "acoustic_entropy": 8.964576721191406,
          "acoustic_entropy_side": 9.206515312194824,
          "hz": 202.92927478742237
        },
        {
          "acoustic_entropy": 9.807113647460938,
          "acoustic_entropy_side": 9.205547332763672,
          "hz": 282.89161906338205
        },
        {
          "acoustic_entropy": 9.570169448852539,
          "acoustic_entropy_side": 9.255705833435059,
          "hz": 369.9353335868758
        },
        {
          "acoustic_entropy": 9.440762519836426,
          "acoustic_entropy_side": 9.282928466796875,
          "hz": 464.6875360973435
        },
        {
          "acoustic_entropy": 9.905405044555664,
          "acoustic_entropy_side": 9.300622940063477,
          "hz": 567.8308811364784
        },
        {
          "acoustic_entropy": 9.927912712097168,
          "acoustic_entropy_side": 9.286460876464844,
          "hz": 680.1084783214808
        },
        {
          "acoustic_entropy": 9.420334815979004,
          "acoustic_entropy_side": 9.353721618652344,
          "hz": 802.3292461747484
        },
        {
          "acoustic_entropy": 9.427864074707031,
          "acoustic_entropy_side": 9.34293270111084,
          "hz": 935.3737400823702
        },
        {
          "acoustic_entropy": 9.929088592529297,
          "acoustic_entropy_side": 9.63457202911377,
          "hz": 1080.2004963696966
        },
        {
          "acoustic_entropy": 9.290931701660156,
          "acoustic_entropy_side": 9.355114936828613,
          "hz": 1237.8529382007157
        },
        {
          "acoustic_entropy": 9.042804718017578,
          "acoustic_entropy_side": 9.083847045898438,
          "hz": 1409.4668930556702
        },
        {
          "acoustic_entropy": 9.256009101867676,
          "acoustic_entropy_side": 9.252385139465332,
          "hz": 1596.2787759475705
        },
        {
          "acoustic_entropy": 9.00098991394043,
          "acoustic_entropy_side": 9.335248947143555,
          "hz": 1799.6344973346393
        },
        {
          "acoustic_entropy": 9.034279823303223,
          "acoustic_entropy_side": 9.236738204956055,
          "hz": 2020.9991599069049
        },
        {
          "acoustic_entropy": 9.032648086547852,
          "acoustic_entropy_side": 9.250433921813965,
          "hz": 2261.9676141086993
        },
        {
          "acoustic_entropy": 9.374576568603516,
          "acoustic_entropy_side": 9.269196510314941,
          "hz": 2524.2759484456974
        },
        {
          "acoustic_entropy": 9.511370658874512,
          "acoustic_entropy_side": 9.29858112335205,
          "hz": 2809.813997359896
        },
        {
          "acoustic_entropy": 9.191380500793457,
          "acoustic_entropy_side": 9.205354690551758,
          "hz": 3120.6389567871424
        },
        {
          "acoustic_entropy": 9.21589183807373,
          "acoustic_entropy_side": 9.230530738830566,
          "hz": 3458.990205492291
        },
        {
          "acoustic_entropy": 9.185234069824219,
          "acoustic_entropy_side": 9.219337463378906,
          "hz": 3827.305438964164
        },
        {
          "acoustic_entropy": 9.200191497802734,
          "acoustic_entropy_side": 9.213475227355957,
          "hz": 4228.238232109126
        },
        {
          "acoustic_entropy": 9.220804214477539,
          "acoustic_entropy_side": 9.23267936706543,
          "hz": 4664.6771572759235
        },
        {
          "acoustic_entropy": 8.975470542907715,
          "acoustic_entropy_side": 9.199263572692871,
          "hz": 5139.766595350093
        },
        {
          "acoustic_entropy": 9.090156555175781,
          "acoustic_entropy_side": 9.202855110168457,
          "hz": 5656.929389854203
        },
        {
          "acoustic_entropy": 8.998137474060059,
          "acoustic_entropy_side": 9.191170692443848,
          "hz": 6219.891507268283
        },
        {
          "acoustic_entropy": 9.061771392822266,
          "acoustic_entropy_side": 9.195509910583496,
          "hz": 6832.70888123896
        },
        {
          "acoustic_entropy": 9.07471752166748,
          "acoustic_entropy_side": 9.196795463562012,
          "hz": 7499.796634079867
        },
        {
          "acoustic_entropy": 9.105754852294922,
          "acoustic_entropy_side": 9.193753242492676,
          "hz": 8225.96088609342
        },
        {
          "acoustic_entropy": 9.177650451660156,
          "acoustic_entropy_side": 9.18913459777832,
          "hz": 9016.43338188839
        },
        {
          "acoustic_entropy": 9.178496360778809,
          "acoustic_entropy_side": 9.19147777557373,
          "hz": 9876.909183162974
        },
        {
          "acoustic_entropy": 9.258164405822754,
          "acoustic_entropy_side": 9.190470695495605,
          "hz": 10813.587699516042
        },
        {
          "acoustic_entropy": 9.189106941223145,
          "acoustic_entropy_side": 9.187475204467773,
          "hz": 11833.21735289826
        },
        {
          "acoustic_entropy": 9.186336517333984,
          "acoustic_entropy_side": 9.190342903137207,
          "hz": 12943.144197493959
        },
        {
          "acoustic_entropy": 9.187629699707031,
          "acoustic_entropy_side": 9.190378189086914,
          "hz": 14151.364845322005
        },
        {
          "acoustic_entropy": 9.19025993347168,
          "acoustic_entropy_side": 9.190381050109863,
          "hz": 15466.58407886509
        },
        {
          "acoustic_entropy": 9.190439224243164,
          "acoustic_entropy_side": 9.190382957458496,
          "hz": 16898.27756580493
        },
        {
          "acoustic_entropy": 9.19044303894043,
          "acoustic_entropy_side": 9.190382957458496,
          "hz": 18456.760127700032
        },
        {
          "acoustic_entropy": 9.190425872802734,
          "acoustic_entropy_side": 9.190382957458496,
          "hz": 20153.260054456492
        },
        {
          "acoustic_entropy": 9.190386772155762,
          "acoustic_entropy_side": 9.19038200378418,
          "hz": 22000.00000000001
        }
      ],
      "diff_acoustic_entropy": 7.15407657623291,
      "sn": 12
    },
    {
      "acoustic_entropy": 15.564569473266602,
      "acoustic_entropy_mono": 14.68806266784668,
      "band_eliminated_acoustic_entropies": [
        {
          "acoustic_entropy": 15.637494087219238,
          "acoustic_entropy_side": 15.540384292602539,
          "hz": 129.47220167065723
        },
        {
          "acoustic_entropy": 15.203978538513184,
          "acoustic_entropy_side": 15.874267578125,
          "hz": 202.92927478742237
        },
        {
          "acoustic_entropy": 15.997790336608887,
          "acoustic_entropy_side": 15.857392311096191,
          "hz": 282.89161906338205
        },
        {
          "acoustic_entropy": 16.364667892456055,
          "acoustic_entropy_side": 15.954373359680176,
          "hz": 369.9353335868758
        },
        {
          "acoustic_entropy": 15.619738578796387,
          "acoustic_entropy_side": 16.06655502319336,
          "hz": 464.6875360973435
        },
        {
          "acoustic_entropy": 16.185365676879883,
          "acoustic_entropy_side": 15.94344711303711,
          "hz": 567.8308811364784
        },
        {
          "acoustic_entropy": 16.16478729248047,
          "acoustic_entropy_side": 16.413331985473633,
          "hz": 680.1084783214808
        },
        {
          "acoustic_entropy": 16.674158096313477,
          "acoustic_entropy_side": 16.08974266052246,
          "hz": 802.3292461747484
        },
        {
          "acoustic_entropy": 16.008020401000977,
          "acoustic_entropy_side": 15.972339630126953,
          "hz": 935.3737400823702
        },
        {
          "acoustic_entropy": 15.747537612915039,
          "acoustic_entropy_side": 15.871192932128906,
          "hz": 1080.2004963696966
        },
        {
          "acoustic_entropy": 16.20970916748047,
          "acoustic_entropy_side": 15.44759750366211,
          "hz": 1237.8529382007157
        },
        {
          "acoustic_entropy": 15.389270782470703,
          "acoustic_entropy_side": 15.734594345092773,
          "hz": 1409.4668930556702
        },
        {
          "acoustic_entropy": 16.53847885131836,
          "acoustic_entropy_side": 16.03554344177246,
          "hz": 1596.2787759475705
        },
        {
          "acoustic_entropy": 16.58500099182129,
          "acoustic_entropy_side": 15.88875675201416,
          "hz": 1799.6344973346393
        },
        {
          "acoustic_entropy": 16.220108032226562,
          "acoustic_entropy_side": 16.092750549316406,
          "hz": 2020.9991599069049
        },
        {
          "acoustic_entropy": 16.09657859802246,
          "acoustic_entropy_side": 15.506073951721191,
          "hz": 2261.9676141086993
        },
        {
          "acoustic_entropy": 15.973511695861816,
          "acoustic_entropy_side": 16.036413192749023,
          "hz": 2524.2759484456974
        },
        {
          "acoustic_entropy": 15.867716789245605,
          "acoustic_entropy_side": 15.595595359802246,
          "hz": 2809.813997359896
        },
        {
          "acoustic_entropy": 15.263381958007812,
          "acoustic_entropy_side": 15.550544738769531,
          "hz": 3120.6389567871424
        },
        {
