{
  "acoustic_entropy": 169.2645263671875,
  "bands": [
    {
      "high_freq": 148.1999969482422,
      "loudness": -39.69142150878906,
      "loudness_range": 28.55656623840332,
      "mid_mean": -39.426353454589844,
      "mid_to_side_loudness": 0.6388230323791504,
      "mid_to_side_loudness_range": 4.971371173858643,
      "side_mean": -38.753177642822266
    },
    {
      "high_freq": 392.3793640136719,
      "loudness": -32.75726318359375,
      "loudness_range": 14.884828567504883,
      "low_freq": 148.1999969482422,
      "mid_mean": -30.756380081176758,
      "mid_to_side_loudness": -4.50931978225708,
      "mid_to_side_loudness_range": 12.642560958862305,
      "side_mean": -35.29891586303711
    },
    {
      "high_freq": 794.6976318359375,
      "loudness": -29.060714721679688,
      "loudness_range": 18.614181518554688,
      "low_freq": 392.3793640136719,
      "mid_mean": -26.284481048583984,
      "mid_to_side_loudness": -7.889095783233643,
      "mid_to_side_loudness_range": 14.16545295715332,
      "side_mean": -34.33621597290039
    },
    {
      "high_freq": 1457.5709228515625,
      "loudness": -32.704166412353516,
      "loudness_range": 26.610626220703125,
      "low_freq": 794.6976318359375,
      "mid_mean": -29.85609245300293,
      "mid_to_side_loudness": -7.462347984313965,
      "mid_to_side_loudness_range": 13.161681175231934,
      "side_mean": -37.84043884277344
    },
    {
      "high_freq": 2549.74365234375,
      "loudness": -37.54454040527344,
      "loudness_range": 31.31153678894043,
      "low_freq": 1457.5709228515625,
      "mid_mean": -34.94359588623047,
      "mid_to_side_loudness": -5.662851333618164,
      "mid_to_side_loudness_range": 9.15323543548584,
      "side_mean": -41.535926818847656
    },
    {
      "high_freq": 4349.24462890625,
      "loudness": -44.995994567871094,
      "loudness_range": 31.145944595336914,
      "low_freq": 2549.74365234375,
      "mid_mean": -43.50615310668945,
      "mid_to_side_loudness": -2.3731229305267334,
      "mid_to_side_loudness_range": 4.659018039703369,
      "side_mean": -46.21352005004883
    },
    {
      "high_freq": 7314.1640625,
      "loudness": -54.232757568359375,
      "loudness_range": 25.374698638916016,
      "low_freq": 4349.24462890625,
      "mid_mean": -53.872581481933594,
      "mid_to_side_loudness": 0.5696842670440674,
      "mid_to_side_loudness_range": 3.188458204269409,
      "side_mean": -53.34044647216797
    },
    {
      "high_freq": 12199.2666015625,
      "loudness": -61.87160110473633,
      "loudness_range": 11.858619689941406,
      "low_freq": 7314.1640625,
      "mid_mean": -61.42635726928711,
      "mid_to_side_loudness": 1.6076847314834595,
      "mid_to_side_loudness_range": 6.761226654052734,
      "side_mean": -60.06623458862305
    },
    {
      "loudness": -62.60026931762695,
      "loudness_range": 4.696010589599609,
      "low_freq": 12199.2666015625,
      "mid_mean": -61.27311706542969,
      "mid_to_side_loudness": -0.2617441415786743,
      "mid_to_side_loudness_range": 0.6062812209129333,
      "side_mean": -61.49007034301758
    }
  ],
  "bands_short": [
    {
      "high_freq": 148.1999969482422,
      "loudness": -42.09359359741211,
      "loudness_range": 30.772680282592773,
      "mid_mean": -41.88925552368164,
      "mid_to_side_loudness": 0.49825936555862427,
      "mid_to_side_loudness_range": 8.545219421386719,
      "side_mean": -41.16352844238281
    },
    {
      "high_freq": 392.3793640136719,
      "loudness": -33.980735778808594,
      "loudness_range": 17.95634651184082,
      "low_freq": 148.1999969482422,
      "mid_mean": -32.1469841003418,
      "mid_to_side_loudness": -4.058070182800293,
      "mid_to_side_loudness_range": 13.103265762329102,
      "side_mean": -36.305233001708984
    },
    {
      "high_freq": 794.6976318359375,
      "loudness": -29.990966796875,
      "loudness_range": 19.85343360900879,
      "low_freq": 392.3793640136719,
      "mid_mean": -27.496845245361328,
      "mid_to_side_loudness": -7.285511016845703,
      "mid_to_side_loudness_range": 16.026290893554688,
      "side_mean": -34.878421783447266
    },
    {
      "high_freq": 1457.5709228515625,
      "loudness": -33.14873123168945,
      "loudness_range": 27.81553840637207,
      "low_freq": 794.6976318359375,
      "mid_mean": -30.39423179626465,
      "mid_to_side_loudness": -7.20336389541626,
      "mid_to_side_loudness_range": 14.279458045959473,
      "side_mean": -38.14548110961914
    },
    {
      "high_freq": 2549.74365234375,
      "loudness": -39.6231803894043,
      "loudness_range": 33.533390045166016,
      "low_freq": 1457.5709228515625,
      "mid_mean": -37.16004943847656,
      "mid_to_side_loudness": -5.438746452331543,
      "mid_to_side_loudness_range": 10.235146522521973,
      "side_mean": -43.15890884399414
    },
    {
      "high_freq": 4349.24462890625,
      "loudness": -47.12723922729492,
      "loudness_range": 33.11292266845703,
      "low_freq": 2549.74365234375,
      "mid_mean": -45.738468170166016,
      "mid_to_side_loudness": -2.280857563018799,
      "mid_to_side_loudness_range": 5.848979949951172,
      "side_mean": -48.24821472167969
    },
    {
      "high_freq": 7314.1640625,
      "loudness": -55.572227478027344,
      "loudness_range": 26.142784118652344,
      "low_freq": 4349.24462890625,
      "mid_mean": -55.08718490600586,
      "mid_to_side_loudness": 0.5239490270614624,
      "mid_to_side_loudness_range": 4.367982387542725,
      "side_mean": -54.60512161254883
    },
    {
      "high_freq": 12199.2666015625,
      "loudness": -62.6282958984375,
      "loudness_range": 13.016765594482422,
      "low_freq": 7314.1640625,
      "mid_mean": -61.986331939697266,
      "mid_to_side_loudness": 1.494745135307312,
      "mid_to_side_loudness_range": 6.552003383636475,
      "side_mean": -60.73385238647461
    },
    {
      "loudness": -62.83140182495117,
      "loudness_range": 5.106494903564453,
      "low_freq": 12199.2666015625,
      "mid_mean": -61.47125244140625,
      "mid_to_side_loudness": -0.26032307744026184,
      "mid_to_side_loudness_range": 1.5209988355636597,
      "side_mean": -61.686195373535156
    }
  ],
  "bandwidth": 768.72705078125,
  "channels": 2,
  "covariance": [
    [
      87.41838836669922,
      95.7691879272461,
      25.57575225830078,
      35.352943420410156,
      9.017123222351074,
      16.867090225219727,
      -0.1528414636850357,
      3.9567651748657227,
      -13.479657173156738,
      -5.915266036987305,
      -12.231218338012695,
      -3.7985687255859375,
      6.044219493865967,
      4.042496681213379,
      11.394946098327637,
      2.7348949909210205,
      3.282243013381958,
      3.6299328804016113
    ],
    [
      95.7691879272461,
      107.3386001586914,
      28.454145431518555,
      39.544227600097656,
      10.53873348236084,
      18.78249740600586,
      -0.19327501952648163,
      4.768074989318848,
      -14.73469066619873,
      -6.626605987548828,
      -13.745110511779785,
      -4.356788158416748,
      6.161909580230713,
      3.9594626426696777,
      11.996305465698242,
      2.2613844871520996,
      3.2705047130584717,
      3.6423115730285645
    ],
    [
      25.57575225830078,
      28.454145431518555,
      34.41435623168945,
      26.501195907592773,
      16.638214111328125,
      14.758195877075195,
      13.461915969848633,
      10.774221420288086,
      7.012150287628174,
      9.692564010620117,
      5.444437503814697,
      8.732194900512695,
      5.458427906036377,
      4.833858489990234,
      5.297296047210693,
      1.5359991788864136,
      1.6715748310089111,
      1.7659120559692383
    ],
    [
      35.352943420410156,
      39.544227600097656,
      26.501195907592773,
      39.69370651245117,
      6.764096736907959,
      14.207611083984375,
      -2.0040647983551025,
      4.367048740386963,
      -10.472291946411133,
      -3.201237916946411,
      -9.150818824768066,
      -3.159715414047241,
      2.2631211280822754,
      0.8021209239959717,
      6.665992259979248,
      0.8319442868232727,
      2.0066471099853516,
      2.1540849208831787
    ],
    [
      9.017123222351074,
      10.53873348236084,
      16.638214111328125,
      6.764096736907959,
      52.24229431152344,
      29.999637603759766,
      56.01828384399414,
      39.91203308105469,
      56.428714752197266,
      51.54093933105469,
      52.11864471435547,
      49.171913146972656,
      26.191959381103516,
      27.824993133544922,
      5.388019561767578,
      9.170570373535156,
      0.4606858789920807,
      0.2864905595779419
    ],
    [
      16.867090225219727,
      18.78249740600586,
      14.758195877075195,
      14.207611083984375,
      29.999637603759766,
      29.908584594726562,
      26.998281478881836,
      26.07064437866211,
      28.708053588867188,
      29.84473419189453,
      28.9505615234375,
      29.547719955444336,
      17.15921974182129,
      17.724483489990234,
      5.83098840713501,
      6.410714626312256,
      0.8489581942558289,
      0.7755228281021118
    ],
    [
      -0.1528414636850357,
      -0.19327501952648163,
      13.461915969848633,
      -2.0040647983551025,
      56.01828384399414,
      26.998281478881836,
      89.97698974609375,
      58.815399169921875,
      90.1180191040039,
      79.57746887207031,
      85.57354736328125,
      79.03766632080078,
      44.24949645996094,
      47.66105270385742,
      6.411134719848633,
      15.847270965576172,
      0.6098873019218445,
      0.30196577310562134
    ],
    [
      3.9567651748657227,
      4.768074989318848,
      10.774221420288086,
      4.367048740386963,
      39.91203308105469,
      26.07064437866211,
      58.815399169921875,
      50.42430877685547,
      65.53860473632812,
      61.14748764038086,
      66.3549575805664,
      63.02922439575195,
      38.1125602722168,
      40.61688232421875,
      7.731622219085693,
      14.591728210449219,
      1.1316434144973755,
      0.8940833210945129
    ],
    [
      -13.479657173156738,
      -14.73469066619873,
      7.012150287628174,
      -10.472291946411133,
      56.428714752197266,
      28.708053588867188,
      90.1180191040039,
      65.53860473632812,
      121.48140716552734,
      98.39974975585938,
      110.47266387939453,
      98.84986114501953,
      55.81065368652344,
      60.483760833740234,
      6.8864569664001465,
      20.7445011138916,
      0.9056699275970459,
      0.48818305134773254
    ],
    [
      -5.915266036987305,
      -6.626605987548828,
      9.692564010620117,
      -3.201237916946411,
      51.54093933105469,
      29.84473419189453,
      79.57746887207031,
      61.14748764038086,
      98.39974975585938,
      92.86369323730469,
      99.08580017089844,
      93.44588470458984,
      55.63121795654297,
      59.798004150390625,
      9.606161117553711,
      21.669391632080078,
      1.5919517278671265,
      1.1720930337905884
    ],
    [
      -12.231218338012695,
      -13.745110511779785,
      5.444437503814697,
      -9.150818824768066,
      52.11864471435547,
      28.9505615234375,
      85.57354736328125,
      66.3549575805664,
      110.47266387939453,
      99.08580017089844,
      119.96380615234375,
      108.94254302978516,
      68.15724182128906,
      72.75619506835938,
      11.436299324035645,
      26.974239349365234,
      1.787807583808899,
      1.3009350299835205
    ],
    [
      -3.7985687255859375,
      -4.356788158416748,
      8.732194900512695,
      -3.159715414047241,
      49.171913146972656,
      29.547719955444336,
      79.03766632080078,
      63.02922439575195,
      98.84986114501953,
      93.44588470458984,
      108.94254302978516,
      105.45294952392578,
      67.95671844482422,
      72.40699768066406,
      13.429197311401367,
      27.509912490844727,
      2.3248043060302734,
      1.8517041206359863
    ],
    [
      6.044219493865967,
      6.161909580230713,
      5.458427906036377,
      2.2631211280822754,
      26.191959381103516,
      17.15921974182129,
      44.24949645996094,
      38.1125602722168,
      55.81065368652344,
      55.63121795654297,
      68.15724182128906,
      67.95671844482422,
      60.91846466064453,
      62.603981018066406,
      19.342348098754883,
      29.716936111450195,
      6.888363361358643,
      6.589877128601074
    ],
    [
      4.042496681213379,
      3.9594626426696777,
      4.833858489990234,
      0.8021209239959717,
      27.824993133544922,
      17.724483489990234,
      47.66105270385742,
      40.61688232421875,
      60.483760833740234,
      59.798004150390625,
      72.75619506835938,
      72.40699768066406,
      62.603981018066406,
      65.39515686035156,
      18.91254997253418,
      30.141742706298828,
      6.79025936126709,
      6.404118061065674
    ],
    [
      11.394946098327637,
      11.996305465698242,
      5.297296047210693,
      6.665992259979248,
      5.388019561767578,
      5.83098840713501,
      6.411134719848633,
      7.731622219085693,
      6.8864569664001465,
      9.606161117553711,
      11.436299324035645,
      13.429197311401367,
      19.342348098754883,
      18.91254997253418,
      13.034549713134766,
      14.10042953491211,
      5.423010349273682,
      5.4327006340026855
    ],
    [
      2.7348949909210205,
      2.2613844871520996,
      1.5359991788864136,
      0.8319442868232727,
      9.170570373535156,
      6.410714626312256,
      15.847270965576172,
      14.591728210449219,
      20.7445011138916,
      21.669391632080078,
      26.974239349365234,
      27.509912490844727,
      29.716936111450195,
      30.141742706298828,
      14.10042953491211,
      19.300495147705078,
      5.725212097167969,
      5.585702419281006
    ],
    [
      3.282243013381958,
      3.2705047130584717,
      1.6715748310089111,
      2.0066471099853516,
      0.4606858789920807,
      0.8489581942558289,
      0.6098873019218445,
      1.1316434144973755,
      0.9056699275970459,
      1.5919517278671265,
      1.787807583808899,
      2.3248043060302734,
      6.888363361358643,
      6.79025936126709,
      5.423010349273682,
      5.725212097167969,
      3.4866957664489746,
      3.468445062637329
    ],
    [
      3.6299328804016113,
      3.6423115730285645,
      1.7659120559692383,
      2.1540849208831787,
      0.2864905595779419,
      0.7755228281021118,
      0.30196577310562134,
      0.8940833210945129,
      0.48818305134773254,
      1.1720930337905884,
      1.3009350299835205,
      1.8517041206359863,
      6.589877128601074,
      6.404118061065674,
      5.4327006340026855,
      5.585702419281006,
      3.468445062637329,
      3.504945755004883
    ]
  ],
  "covariance_short": [
    [
      107.94139099121094,
      114.2464828491211,
      29.285673141479492,
      41.046329498291016,
      10.06937313079834,
      18.061473846435547,
      3.067925453186035,
      8.472368240356445,
      -7.710255146026611,
      -3.240222215652466,
      -3.227708578109741,
      3.240565776824951,
      9.322188377380371,
      7.666335105895996,
      11.031699180603027,
      4.331181526184082,
      2.780301094055176,
      3.101411819458008
    ],
    [
      114.2464828491211,
      130.00827026367188,
      32.76897430419922,
      45.86995315551758,
      12.205421447753906,
      20.048057556152344,
      4.369416236877441,
      10.211379051208496,
      -7.451000213623047,
      -2.8930256366729736,
      -2.672222852706909,
      4.732165813446045,
      10.49797248840332,
      8.772867202758789,
      11.787943840026855,
      4.436984062194824,
      2.75825572013855,
      3.1091198921203613
    ],
    [
      29.285673141479492,
      32.76897430419922,
      43.224853515625,
      34.136383056640625,
      18.30605697631836,
      16.87986183166504,
      13.034525871276855,
      11.652777671813965,
      6.958087921142578,
      8.587081909179688,
      6.466439723968506,
      9.293635368347168,
      5.9827094078063965,
      5.361117839813232,
      5.900282859802246,
      1.9384913444519043,
      1.5636922121047974,
      1.674224615097046
    ],
    [
      41.046329498291016,
      45.86995315551758,
      34.136383056640625,
      49.238807678222656,
      11.09291934967041,
      19.200712203979492,
      0.38047298789024353,
      7.148295879364014,
      -7.994369029998779,
      -1.202682375907898,
      -4.141062259674072,
      2.548698902130127,
      5.698844909667969,
      4.394950866699219,
      7.685420989990234,
      2.394808769226074,
      1.903681755065918,
      2.046663999557495
    ],
    [
      10.06937313079834,
      12.205421447753906,
      18.30605697631836,
      11.09291934967041,
      57.75749588012695,
      31.0956974029541,
      59.392826080322266,
      44.852783203125,
      64.94620513916016,
      56.432594299316406,
      58.35281753540039,
      53.050148010253906,
      29.060714721679688,
      30.527671813964844,
      6.695217609405518,
      10.529866218566895,
      1.4073197841644287,
      1.2986944913864136
    ],
    [
      18.061473846435547,
      20.048057556152344,
      16.87986183166504,
      19.200712203979492,
      31.0956974029541,
      34.276824951171875,
      26.74972915649414,
      26.782180786132812,
      30.20821762084961,
      30.410888671875,
      29.247772216796875,
      29.279674530029297,
      17.272436141967773,
      17.765905380249023,
      6.579312801361084,
      6.874385833740234,
      1.519240379333496,
      1.4768860340118408
    ],
    [
      3.067925453186035,
      4.369416236877441,
      13.034525871276855,
      0.38047298789024353,
      59.392826080322266,
      26.74972915649414,
      100.4695053100586,
      65.6302719116211,
      104.56404113769531,
      86.05757904052734,
      93.52117919921875,
      82.62869262695312,
      46.04591751098633,
      49.07322311401367,
      7.8049702644348145,
      16.736597061157227,
      1.4994393587112427,
      1.263305902481079
    ],
    [
      8.472368240356445,
      10.211379051208496,
      11.652777671813965,
      7.148295879364014,
      44.852783203125,
      26.782180786132812,
      65.6302719116211,
      58.17179489135742,
      76.1204605102539,
      67.7703857421875,
      71.66159057617188,
      66.15161895751953,
      38.4933967590332,
      41.05149459838867,
      8.330964088439941,
      14.598526000976562,
      1.706926703453064,
      1.4322186708450317
    ],
    [
      -7.710255146026611,
      -7.451000213623047,
      6.958087921142578,
      -7.994369029998779,
      64.94620513916016,
      30.20821762084961,
      104.56404113769531,
      76.1204605102539,
      140.48011779785156,
      113.3012924194336,
      122.68740844726562,
      108.94416046142578,
      61.41488265991211,
      65.71115112304688,
      9.618603706359863,
      23.094181060791016,
      2.224493980407715,
      1.8380680084228516
    ],
    [
      -3.240222215652466,
      -2.8930256366729736,
      8.587081909179688,
      -1.202682375907898,
      56.432594299316406,
      30.410888671875,
      86.05757904052734,
      67.7703857421875,
      113.3012924194336,
      103.6112289428711,
      107.21205139160156,
      98.24197387695312,
      57.64822006225586,
      61.89693069458008,
      11.2886323928833,
      22.668621063232422,
      2.6217925548553467,
      2.165029525756836
    ],
    [
      -3.227708578109741,
      -2.672222852706909,
      6.466439723968506,
      -4.141062259674072,
      58.35281753540039,
      29.247772216796875,
      93.52117919921875,
      71.66159057617188,
      122.68740844726562,
      107.21205139160156,
      127.34501647949219,
      115.20004272460938,
      72.33219909667969,
      76.22795867919922,
      15.105753898620605,
      29.272459030151367,
      3.6456828117370605,
      3.2423183917999268
    ],
    [
      3.240565776824951,
      4.732165813446045,
      9.293635368347168,
      2.548698902130127,
      53.050148010253906,
      29.279674530029297,
      82.62869262695312,
      66.15161895751953,
      108.94416046142578,
      98.24197387695312,
      115.20004272460938,
      110.88904571533203,
      70.57136535644531,
      74.97240447998047,
      16.39067840576172,
      29.138124465942383,
      4.00756311416626,
      3.4906952381134033
    ],
    [
      9.322188377380371,
      10.49797248840332,
      5.9827094078063965,
      5.698844909667969,
      29.060714721679688,
      17.272436141967773,
      46.04591751098633,
      38.4933967590332,
      61.41488265991211,
      57.64822006225586,
      72.33219909667969,
      70.57136535644531,
      62.26548385620117,
      63.14372634887695,
      20.874313354492188,
      30.18642807006836,
      7.809146881103516,
      7.613055229187012
    ],
    [
      7.666335105895996,
      8.772867202758789,
      5.361117839813232,
      4.394950866699219,
      30.527671813964844,
      17.765905380249023,
      49.07322311401367,
      41.05149459838867,
      65.71115112304688,
      61.89693069458008,
      76.22795867919922,
      74.97240447998047,
      63.14372634887695,
      65.99677276611328,
      20.650300979614258,
      30.602144241333008,
      7.8167643547058105,
      7.428686618804932
    ],
    [
      11.031699180603027,
      11.787943840026855,
      5.900282859802246,
      7.685420989990234,
      6.695217609405518,
      6.579312801361084,
      7.8049702644348145,
      8.330964088439941,
      9.618603706359863,
      11.2886323928833,
      15.105753898620605,
      16.39067840576172,
      20.874313354492188,
      20.650300979614258,
      14.156752586364746,
      15.156774520874023,
      5.957944393157959,
      5.9871416091918945
    ],
    [
      4.331181526184082,
      4.436984062194824,
      1.9384913444519043,
      2.394808769226074,
      10.529866218566895,
      6.874385833740234,
      16.736597061157227,
      14.598526000976562,
      23.094181060791016,
      22.668621063232422,
      29.272459030151367,
      29.138124465942383,
      30.18642807006836,
      30.602144241333008,
      15.156774520874023,
      19.9797306060791,
      6.414319038391113,
      6.306834697723389
    ],
    [
      2.780301094055176,
      2.75825572013855,
      1.5636922121047974,
      1.903681755065918,
      1.4073197841644287,
      1.519240379333496,
      1.4994393587112427,
      1.706926703453064,
      2.224493980407715,
      2.6217925548553467,
      3.6456828117370605,
      4.00756311416626,
      7.809146881103516,
      7.8167643547058105,
      5.957944393157959,
      6.414319038391113,
      4.116684436798096,
      4.008050441741943
    ],
    [
      3.101411819458008,
      3.1091198921203613,
      1.674224615097046,
      2.046663999557495,
      1.2986944913864136,
      1.4768860340118408,
      1.263305902481079,
      1.4322186708450317,
      1.8380680084228516,
      2.165029525756836,
      3.2423183917999268,
      3.4906952381134033,
      7.613055229187012,
      7.428686618804932,
      5.9871416091918945,
      6.306834697723389,
      4.008050441741943,
      4.118434429168701
    ]
  ],
  "damage": -13.23542308807373,
  "diff_bandwidth": 837.2467651367188,
  "dissonance": 4.892409089523083,
  "drr": 12.910361289978027,
  "dynamics": 4.725147724151611,
  "format": 1245190,
  "frames": 7157696,
  "loudness": -19.702716827392578,
  "loudness_range": 14.813373565673828,
  "loudness_range_short": 17.973129272460938,
  "lowpass_true_peak_15khz": -0.14544078707695007,
  "mastering3_acoustic_entropies": [
    {
      "acoustic_entropy": 8.488128662109375,
      "acoustic_entropy_mono": 8.007590293884277,
      "band_eliminated_acoustic_entropies": [
        {
          "acoustic_entropy": 8.475865364074707,
          "acoustic_entropy_side": 8.487936019897461,
          "hz": 129.47220167065723
        },
        {
          "acoustic_entropy": 8.52042007446289,
          "acoustic_entropy_side": 8.469690322875977,
          "hz": 202.92927478742237
        },
        {
          "acoustic_entropy": 8.662060737609863,
          "acoustic_entropy_side": 8.456518173217773,
          "hz": 282.89161906338205
        },
        {
          "acoustic_entropy": 8.41978645324707,
          "acoustic_entropy_side": 8.464322090148926,
          "hz": 369.9353335868758
        },
        {
          "acoustic_entropy": 7.436000823974609,
          "acoustic_entropy_side": 8.155817985534668,
          "hz": 464.6875360973435
        },
        {
          "acoustic_entropy": 8.073055267333984,
          "acoustic_entropy_side": 8.795846939086914,
          "hz": 567.8308811364784
        },
        {
          "acoustic_entropy": 7.845711708068848,
          "acoustic_entropy_side": 8.182229042053223,
          "hz": 680.1084783214808
        },
        {
          "acoustic_entropy": 9.070924758911133,
          "acoustic_entropy_side": 8.268207550048828,
          "hz": 802.3292461747484
        },
        {
          "acoustic_entropy": 7.981080532073975,
          "acoustic_entropy_side": 8.302054405212402,
          "hz": 935.3737400823702
        },
        {
          "acoustic_entropy": 8.030173301696777,
          "acoustic_entropy_side": 8.209319114685059,
          "hz": 1080.2004963696966
        },
        {
          "acoustic_entropy": 8.826937675476074,
          "acoustic_entropy_side": 8.409154891967773,
          "hz": 1237.8529382007157
        },
        {
          "acoustic_entropy": 8.3040132522583,
          "acoustic_entropy_side": 8.500011444091797,
          "hz": 1409.4668930556702
        },
        {
          "acoustic_entropy": 7.859296798706055,
          "acoustic_entropy_side": 8.451074600219727,
          "hz": 1596.2787759475705
        },
        {
          "acoustic_entropy": 8.330761909484863,
          "acoustic_entropy_side": 8.424881935119629,
          "hz": 1799.6344973346393
        },
        {
          "acoustic_entropy": 8.485827445983887,
          "acoustic_entropy_side": 8.518144607543945,
          "hz": 2020.9991599069049
        },
        {
          "acoustic_entropy": 8.259846687316895,
          "acoustic_entropy_side": 8.437933921813965,
          "hz": 2261.9676141086993
        },
        {
          "acoustic_entropy": 8.365131378173828,
          "acoustic_entropy_side": 8.432053565979004,
          "hz": 2524.2759484456974
        },
        {
          "acoustic_entropy": 8.420025825500488,
          "acoustic_entropy_side": 8.447725296020508,
          "hz": 2809.813997359896
        },
        {
          "acoustic_entropy": 8.363425254821777,
          "acoustic_entropy_side": 8.423222541809082,
          "hz": 3120.6389567871424
        },
        {
          "acoustic_entropy": 8.289013862609863,
          "acoustic_entropy_side": 8.413535118103027,
          "hz": 3458.990205492291
        },
        {
          "acoustic_entropy": 8.273248672485352,
          "acoustic_entropy_side": 8.388710021972656,
          "hz": 3827.305438964164
        },
        {
          "acoustic_entropy": 8.29638671875,
          "acoustic_entropy_side": 8.404894828796387,
          "hz": 4228.238232109126
        },
        {
          "acoustic_entropy": 8.254895210266113,
          "acoustic_entropy_side": 8.383773803710938,
          "hz": 4664.6771572759235
        },
        {
          "acoustic_entropy": 8.270164489746094,
          "acoustic_entropy_side": 8.385150909423828,
          "hz": 5139.766595350093
        },
        {
          "acoustic_entropy": 8.398157119750977,
          "acoustic_entropy_side": 8.442387580871582,
          "hz": 5656.929389854203
        },
        {
          "acoustic_entropy": 8.457642555236816,
          "acoustic_entropy_side": 8.472622871398926,
          "hz": 6219.891507268283
        },
        {
          "acoustic_entropy": 8.477062225341797,
          "acoustic_entropy_side": 8.481419563293457,
          "hz": 6832.70888123896
        },
        {
          "acoustic_entropy": 8.477936744689941,
          "acoustic_entropy_side": 8.481002807617188,
          "hz": 7499.796634079867
        },
        {
          "acoustic_entropy": 8.47822380065918,
          "acoustic_entropy_side": 8.479959487915039,
          "hz": 8225.96088609342
        },
        {
          "acoustic_entropy": 8.482582092285156,
          "acoustic_entropy_side": 8.48320198059082,
          "hz": 9016.43338188839
        },
        {
          "acoustic_entropy": 8.484598159790039,
          "acoustic_entropy_side": 8.484851837158203,
          "hz": 9876.909183162974
        },
        {
          "acoustic_entropy": 8.486937522888184,
          "acoustic_entropy_side": 8.4870023727417,
          "hz": 10813.587699516042
        },
        {
          "acoustic_entropy": 8.48793888092041,
          "acoustic_entropy_side": 8.487959861755371,
          "hz": 11833.21735289826
        },
        {
          "acoustic_entropy": 8.488090515136719,
          "acoustic_entropy_side": 8.488099098205566,
          "hz": 12943.144197493959
        },
        {
          "acoustic_entropy": 8.488113403320312,
          "acoustic_entropy_side": 8.488117218017578,
          "hz": 14151.364845322005
        },
        {
          "acoustic_entropy": 8.488123893737793,
          "acoustic_entropy_side": 8.488125801086426,
          "hz": 15466.58407886509
        },
        {
          "acoustic_entropy": 8.488127708435059,
          "acoustic_entropy_side": 8.488127708435059,
          "hz": 16898.27756580493
        },
        {
          "acoustic_entropy": 8.488127708435059,
          "acoustic_entropy_side": 8.488127708435059,
          "hz": 18456.760127700032
        },
        {
          "acoustic_entropy": 8.488128662109375,
          "acoustic_entropy_side": 8.488128662109375,
          "hz": 20153.260054456492
        },
        {
          "acoustic_entropy": 8.488128662109375,
          "acoustic_entropy_side": 8.488128662109375,
          "hz": 22000.00000000001
        }
      ],
      "diff_acoustic_entropy": 4.239128589630127,
      "sn": 6
    },
    {
      "acoustic_entropy": 12.379261016845703,
      "acoustic_entropy_mono": 11.46998119354248,
      "band_eliminated_acoustic_entropies": [
        {
          "acoustic_entropy": 12.788971900939941,
          "acoustic_entropy_side": 12.690938949584961,
          "hz": 129.47220167065723
        },
        {
          "acoustic_entropy": 12.775588989257812,
          "acoustic_entropy_side": 12.624821662902832,
          "hz": 202.92927478742237
        },
        {
          "acoustic_entropy": 13.285775184631348,
          "acoustic_entropy_side": 12.646523475646973,
          "hz": 282.89161906338205
        },
        {
          "acoustic_entropy": 12.45329475402832,
          "acoustic_entropy_side": 12.65078353881836,
          "hz": 369.9353335868758
        },
        {
          "acoustic_entropy": 12.884949684143066,
          "acoustic_entropy_side": 12.651596069335938,
          "hz": 464.6875360973435
        },
        {
          "acoustic_entropy": 11.94304084777832,
          "acoustic_entropy_side": 12.085850715637207,
          "hz": 567.8308811364784
        },
        {
          "acoustic_entropy": 11.758217811584473,
          "acoustic_entropy_side": 12.209161758422852,
          "hz": 680.1084783214808
        },
        {
          "acoustic_entropy": 12.478280067443848,
          "acoustic_entropy_side": 12.59191608428955,
          "hz": 802.3292461747484
        },
        {
          "acoustic_entropy": 12.68228530883789,
          "acoustic_entropy_side": 12.3333740234375,
          "hz": 935.3737400823702
        },
        {
          "acoustic_entropy": 13.418437004089355,
          "acoustic_entropy_side": 11.939228057861328,
          "hz": 1080.2004963696966
        },
        {
          "acoustic_entropy": 12.535467147827148,
          "acoustic_entropy_side": 12.603178977966309,
          "hz": 1237.8529382007157
        },
        {
          "acoustic_entropy": 12.610088348388672,
          "acoustic_entropy_side": 12.546797752380371,
          "hz": 1409.4668930556702
        },
        {
          "acoustic_entropy": 12.050704002380371,
          "acoustic_entropy_side": 12.344718933105469,
          "hz": 1596.2787759475705
        },
        {
          "acoustic_entropy": 12.269680976867676,
          "acoustic_entropy_side": 12.397838592529297,
          "hz": 1799.6344973346393
        },
        {
          "acoustic_entropy": 12.236440658569336,
          "acoustic_entropy_side": 12.454601287841797,
          "hz": 2020.9991599069049
        },
        {
          "acoustic_entropy": 12.10837173461914,
          "acoustic_entropy_side": 12.383025169372559,
          "hz": 2261.9676141086993
        },
        {
          "acoustic_entropy": 12.350015640258789,
          "acoustic_entropy_side": 12.348658561706543,
          "hz": 2524.2759484456974
        },
        {
          "acoustic_entropy": 12.401627540588379,
          "acoustic_entropy_side": 12.348700523376465,
          "hz": 2809.813997359896
        },
        {
          "acoustic_entropy": 12.153724670410156,
          "acoustic_entropy_side": 12.227651596069336,
          "hz": 3120.6389567871424
        },
        {
          "acoustic_entropy": 12.357169151306152,
          "acoustic_entropy_side": 12.339001655578613,
          "hz": 3458.990205492291
        },
        {
          "acoustic_entropy": 12.2200288772583,
          "acoustic_entropy_side": 12.28951358795166,
          "hz": 3827.305438964164
        },
        {
          "acoustic_entropy": 12.1575288772583,
          "acoustic_entropy_side": 12.276851654052734,
          "hz": 4228.238232109126
        },
        {
          "acoustic_entropy": 12.194543838500977,
          "acoustic_entropy_side": 12.289066314697266,
          "hz": 4664.6771572759235
        },
        {
          "acoustic_entropy": 12.2031831741333,
          "acoustic_entropy_side": 12.295015335083008,
          "hz": 5139.766595350093
        },
        {
          "acoustic_entropy": 12.254892349243164,
          "acoustic_entropy_side": 12.309700965881348,
          "hz": 5656.929389854203
        },
        {
          "acoustic_entropy": 12.30682373046875,
          "acoustic_entropy_side": 12.346700668334961,
          "hz": 6219.891507268283
        },
        {
          "acoustic_entropy": 12.335047721862793,
          "acoustic_entropy_side": 12.35452938079834,
          "hz": 6832.70888123896
        },
        {
          "acoustic_entropy": 12.327618598937988,
          "acoustic_entropy_side": 12.346348762512207,
          "hz": 7499.796634079867
        },
        {
          "acoustic_entropy": 12.327240943908691,
          "acoustic_entropy_side": 12.338830947875977,
          "hz": 8225.96088609342
        },
        {
          "acoustic_entropy": 12.34592056274414,
          "acoustic_entropy_side": 12.351198196411133,
          "hz": 9016.43338188839
        },
        {
          "acoustic_entropy": 12.354317665100098,
          "acoustic_entropy_side": 12.357111930847168,
          "hz": 9876.909183162974
        },
        {
          "acoustic_entropy": 12.367949485778809,
          "acoustic_entropy_side": 12.368919372558594,
          "hz": 10813.587699516042
        },
        {
          "acoustic_entropy": 12.376522064208984,
          "acoustic_entropy_side": 12.37691593170166,
          "hz": 11833.21735289826
        },
        {
          "acoustic_entropy": 12.37849235534668,
          "acoustic_entropy_side": 12.378715515136719,
          "hz": 12943.144197493959
        },
        {
          "acoustic_entropy": 12.37881088256836,
          "acoustic_entropy_side": 12.378962516784668,
          "hz": 14151.364845322005
        },
        {
          "acoustic_entropy": 12.37901782989502,
          "acoustic_entropy_side": 12.379095077514648,
          "hz": 15466.58407886509
        },
        {
          "acoustic_entropy": 12.379166603088379,
          "acoustic_entropy_side": 12.3792085647583,
          "hz": 16898.27756580493
        },
        {
          "acoustic_entropy": 12.379226684570312,
          "acoustic_entropy_side": 12.37924861907959,
          "hz": 18456.760127700032
        },
        {
          "acoustic_entropy": 12.379243850708008,
          "acoustic_entropy_side": 12.379252433776855,
          "hz": 20153.260054456492
        },
        {
          "acoustic_entropy": 12.379255294799805,
          "acoustic_entropy_side": 12.37925910949707,
          "hz": 22000.00000000001
        }
      ],
      "diff_acoustic_entropy": 6.799145221710205,
      "sn": 12
    },
    {
      "acoustic_entropy": 19.917987823486328,
      "acoustic_entropy_mono": 18.074066162109375,
      "band_eliminated_acoustic_entropies": [
        {
          "acoustic_entropy": 19.136852264404297,
          "acoustic_entropy_side": 19.106597900390625,
          "hz": 129.47220167065723
        },
        {
          "acoustic_entropy": 19.520572662353516,
          "acoustic_entropy_side": 18.905635833740234,
          "hz": 202.92927478742237
        },
        {
          "acoustic_entropy": 19.09595489501953,
          "acoustic_entropy_side": 19.6733455657959,
          "hz": 282.89161906338205
        },
        {
          "acoustic_entropy": 19.316577911376953,
          "acoustic_entropy_side": 19.62002182006836,
          "hz": 369.9353335868758
        },
        {
          "acoustic_entropy": 19.81656265258789,
          "acoustic_entropy_side": 20.46030044555664,
          "hz": 464.6875360973435
        },
        {
          "acoustic_entropy": 19.710424423217773,
          "acoustic_entropy_side": 19.91340446472168,
          "hz": 567.8308811364784
        },
        {
          "acoustic_entropy": 17.578855514526367,
          "acoustic_entropy_side": 19.54850196838379,
          "hz": 680.1084783214808
        },
        {
          "acoustic_entropy": 18.859546661376953,
          "acoustic_entropy_side": 19.686105728149414,
          "hz": 802.3292461747484
        },
        {
          "acoustic_entropy": 19.609516143798828,
          "acoustic_entropy_side": 19.140987396240234,
          "hz": 935.3737400823702
        },
        {
          "acoustic_entropy": 18.50496482849121,
          "acoustic_entropy_side": 19.727436065673828,
          "hz": 1080.2004963696966
        },
        {
          "acoustic_entropy": 18.341480255126953,
          "acoustic_entropy_side": 18.761621475219727,
          "hz": 1237.8529382007157
        },
        {
          "acoustic_entropy": 18.44382667541504,
          "acoustic_entropy_side": 19.276710510253906,
          "hz": 1409.4668930556702
        },
        {
          "acoustic_entropy": 19.860177993774414,
          "acoustic_entropy_side": 20.09122085571289,
          "hz": 1596.2787759475705
        },
        {
          "acoustic_entropy": 19.50786781311035,
          "acoustic_entropy_side": 19.609899520874023,
          "hz": 1799.6344973346393
        },
        {
          "acoustic_entropy": 19.14708137512207,
          "acoustic_entropy_side": 19.12144660949707,
          "hz": 2020.9991599069049
        },
        {
          "acoustic_entropy": 19.73969268798828,
          "acoustic_entropy_side": 19.637807846069336,
          "hz": 2261.9676141086993
        },
        {
          "acoustic_entropy": 20.061279296875,
          "acoustic_entropy_side": 20.11503028869629,
          "hz": 2524.2759484456974
        },
        {
          "acoustic_entropy": 19.97647476196289,
          "acoustic_entropy_side": 20.019773483276367,
          "hz": 2809.813997359896
        },
        {
          "acoustic_entropy": 19.797361373901367,
          "acoustic_entropy_side": 19.745759963989258,
