{
  "acoustic_entropy": 30.027481079101562,
  "bands": [
    {
      "high_freq": 148.1999969482422,
      "loudness": -64.33637237548828,
      "loudness_range": 2.0643348693847656,
      "mid_mean": -62.953887939453125,
      "mid_to_side_loudness": -22.933696746826172,
      "mid_to_side_loudness_range": 6.980955123901367,
      "side_mean": -69.8830795288086
    },
    {
      "high_freq": 392.3793640136719,
      "loudness": -75.22257995605469,
      "loudness_range": 17.472408294677734,
      "low_freq": 148.1999969482422,
      "mid_mean": -67.9419174194336,
      "mid_to_side_loudness": -18.847806930541992,
      "mid_to_side_loudness_range": 20.991283416748047,
      "side_mean": -69.8753662109375
    },
    {
      "high_freq": 794.6976318359375,
      "loudness": -64.54953002929688,
      "loudness_range": 27.096237182617188,
      "low_freq": 392.3793640136719,
      "mid_mean": -67.50801849365234,
      "mid_to_side_loudness": -13.579331398010254,
      "mid_to_side_loudness_range": 20.240297317504883,
      "side_mean": -69.4723892211914
    },
    {
      "high_freq": 1457.5709228515625,
      "loudness": -47.839881896972656,
      "loudness_range": 37.532569885253906,
      "low_freq": 794.6976318359375,
      "mid_mean": -62.19498062133789,
      "mid_to_side_loudness": -8.940196990966797,
      "mid_to_side_loudness_range": 22.370840072631836,
      "side_mean": -65.3504867553711
    },
    {
      "high_freq": 2549.74365234375,
      "loudness": -53.104042053222656,
      "loudness_range": 35.34067916870117,
      "low_freq": 1457.5709228515625,
      "mid_mean": -64.73490905761719,
      "mid_to_side_loudness": -12.715169906616211,
      "mid_to_side_loudness_range": 18.66447639465332,
      "side_mean": -67.79695129394531
    },
    {
      "high_freq": 4349.24462890625,
      "loudness": -60.21047592163086,
      "loudness_range": 29.898303985595703,
      "low_freq": 2549.74365234375,
      "mid_mean": -66.56051635742188,
      "mid_to_side_loudness": -15.92348575592041,
      "mid_to_side_loudness_range": 19.79654312133789,
      "side_mean": -69.3768310546875
    },
    {
      "high_freq": 7314.1640625,
      "loudness": -77.41144561767578,
      "loudness_range": 20.794139862060547,
      "low_freq": 4349.24462890625,
      "mid_mean": -68.40187072753906,
      "mid_to_side_loudness": -22.094932556152344,
      "mid_to_side_loudness_range": 24.20542335510254,
      "side_mean": -69.95219421386719
    },
    {
      "high_freq": 12199.2666015625,
      "loudness": 0,
      "loudness_range": 0,
      "low_freq": 7314.1640625,
      "mid_mean": -69.56766510009766,
      "mid_to_side_loudness": -13.79214096069336,
      "mid_to_side_loudness_range": 9.148387908935547,
      "side_mean": -69.98278045654297
    },
    {
      "loudness": 0,
      "loudness_range": 0,
      "low_freq": 12199.2666015625,
      "mid_mean": -69.7811050415039,
      "mid_to_side_loudness": -4.816455364227295,
      "mid_to_side_loudness_range": 4.740840911865234,
      "side_mean": -69.92779541015625
    }
  ],
  "bands_short": [
    {
      "high_freq": 148.1999969482422,
      "loudness": -64.85848236083984,
      "loudness_range": 2.4545936584472656,
      "mid_mean": -63.348304748535156,
      "mid_to_side_loudness": -23.140003204345703,
      "mid_to_side_loudness_range": 8.221063613891602,
      "side_mean": -69.89732360839844
    },
    {
      "high_freq": 392.3793640136719,
      "loudness": -71.79166412353516,
      "loudness_range": 9.2479248046875,
      "low_freq": 148.1999969482422,
      "mid_mean": -66.99376678466797,
      "mid_to_side_loudness": -20.304729461669922,
      "mid_to_side_loudness_range": 18.6104736328125,
      "side_mean": -69.88072967529297
    },
    {
      "high_freq": 794.6976318359375,
      "loudness": -68.641845703125,
      "loudness_range": 29.896114349365234,
      "low_freq": 392.3793640136719,
      "mid_mean": -68.30976867675781,
      "mid_to_side_loudness": -13.184680938720703,
      "mid_to_side_loudness_range": 21.261438369750977,
      "side_mean": -69.54824829101562
    },
    {
      "high_freq": 1457.5709228515625,
      "loudness": -51.98265075683594,
      "loudness_range": 41.152374267578125,
      "low_freq": 794.6976318359375,
      "mid_mean": -63.98125457763672,
      "mid_to_side_loudness": -8.619277000427246,
      "mid_to_side_loudness_range": 22.702838897705078,
      "side_mean": -65.82042694091797
    },
    {
      "high_freq": 2549.74365234375,
      "loudness": -56.088069915771484,
      "loudness_range": 37.64046859741211,
      "low_freq": 1457.5709228515625,
      "mid_mean": -65.86239624023438,
      "mid_to_side_loudness": -11.905298233032227,
      "mid_to_side_loudness_range": 19.45047378540039,
      "side_mean": -68.00109100341797
    },
    {
      "high_freq": 4349.24462890625,
      "loudness": -62.83772277832031,
      "loudness_range": 32.051631927490234,
      "low_freq": 2549.74365234375,
      "mid_mean": -67.36914825439453,
      "mid_to_side_loudness": -14.894631385803223,
      "mid_to_side_loudness_range": 18.14133071899414,
      "side_mean": -69.4194564819336
    },
    {
      "high_freq": 7314.1640625,
      "loudness": -78.13036346435547,
      "loudness_range": 15.120918273925781,
      "low_freq": 4349.24462890625,
      "mid_mean": -68.69367218017578,
      "mid_to_side_loudness": -20.814939498901367,
      "mid_to_side_loudness_range": 23.29245948791504,
      "side_mean": -69.95012664794922
    },
    {
      "high_freq": 12199.2666015625,
      "loudness": -82.02831268310547,
      "loudness_range": 2.0618667602539062,
      "low_freq": 7314.1640625,
      "mid_mean": -69.57154083251953,
      "mid_to_side_loudness": -13.770832061767578,
      "mid_to_side_loudness_range": 8.487651824951172,
      "side_mean": -69.98291778564453
    },
    {
      "loudness": 0,
      "loudness_range": 0,
      "low_freq": 12199.2666015625,
      "mid_mean": -69.77947235107422,
      "mid_to_side_loudness": -4.8227643966674805,
      "mid_to_side_loudness_range": 5.006814956665039,
      "side_mean": -69.92752838134766
    }
  ],
  "bandwidth": 1178.80810546875,
  "channels": 2,
  "covariance": [
    [
      20.947294235229492,
      0.3379251956939697,
      7.4784088134765625,
      0.4220140278339386,
      9.379240989685059,
      1.7658300399780273,
      25.8914794921875,
      14.689313888549805,
      18.49016761779785,
      7.447969913482666,
      12.394673347473145,
      2.1366095542907715,
      6.1254096031188965,
      0.16517773270606995,
      1.3701369762420654,
      0.04191761836409569,
      0.6308078765869141,
      0.18474052846431732
    ],
    [
      0.3379251956939697,
      0.009505570866167545,
      0.12973280251026154,
      0.015544043853878975,
      0.18430005013942719,
      0.06145831197500229,
      0.5680844187736511,
      0.41673338413238525,
      0.39987045526504517,
      0.22633671760559082,
      0.2590600848197937,
      0.08144371956586838,
      0.11077955365180969,
      0.007005271967500448,
      0.01991666480898857,
      0.0009543323540128767,
      0.009664192795753479,
      0.0033967350609600544
    ],
    [
      7.4784088134765625,
      0.12973280251026154,
      12.560325622558594,
      0.7237476706504822,
      18.88848114013672,
      2.505781412124634,
      38.54447937011719,
      15.716683387756348,
      30.85370635986328,
      10.298355102539062,
      22.375316619873047,
      3.324223041534424,
      11.229859352111816,
      0.2642790377140045,
      0.9033908843994141,
      0.011051910929381847,
      0.23373720049858093,
      0.05529668554663658
    ],
    [
      0.4220140278339386,
      0.015544043853878975,
      0.7237476706504822,
      0.15279030799865723,
      1.1518275737762451,
      0.4492934048175812,
      3.003626823425293,
      2.193721294403076,
      2.5570528507232666,
      1.7063106298446655,
      1.556526780128479,
      0.5954058170318604,
      0.6835374236106873,
      0.05573461949825287,
      0.04749320447444916,
      0.0009348425664938986,
      0.01363219041377306,
      0.003859309945255518
    ],
    [
      9.379240989685059,
      0.18430005013942719,
      18.88848114013672,
      1.1518275737762451,
      32.14201354980469,
      4.630423069000244,
      68.49360656738281,
      27.866369247436523,
      52.26725387573242,
      17.31346893310547,
      37.91537094116211,
      5.957422733306885,
      17.381046295166016,
      0.4883517920970917,
      1.2301607131958008,
      0.013254732824862003,
      0.29777058959007263,
      0.06971682608127594
    ],
    [
      1.7658300399780273,
      0.06145831197500229,
      2.505781412124634,
      0.4492934048175812,
      4.630423069000244,
      1.819188117980957,
      12.61957836151123,
      9.32119369506836,
      10.103850364685059,
      6.475067138671875,
      6.248510837554932,
      2.2982242107391357,
      2.480278491973877,
      0.20458492636680603,
      0.17739266157150269,
      0.0041762529872357845,
      0.05580628663301468,
      0.016303125768899918
    ],
    [
      25.8914794921875,
      0.5680844187736511,
      38.54447937011719,
      3.003626823425293,
      68.49360656738281,
      12.61957836151123,
      178.08358764648438,
      86.85128021240234,
      128.03024291992188,
      49.47515106201172,
      85.68989562988281,
      16.005748748779297,
      35.239437103271484,
      1.2364646196365356,
      2.700655698776245,
      0.04777435213327408,
      0.8165742754936218,
      0.22590000927448273
    ],
    [
      14.689313888549805,
      0.41673338413238525,
      15.716683387756348,
      2.193721294403076,
      27.866369247436523,
      9.32119369506836,
      86.85128021240234,
      65.75365447998047,
      61.08332061767578,
      35.88648223876953,
      36.74806213378906,
      11.550350189208984,
      14.180480003356934,
      0.8794232606887817,
      1.2356741428375244,
      0.03474265709519386,
      0.45604294538497925,
      0.14256274700164795
    ],
    [
      18.49016761779785,
      0.39987045526504517,
      30.85370635986328,
      2.5570528507232666,
      52.26725387573242,
      10.103850364685059,
      128.03024291992188,
      61.08332061767578,
      101.67947387695312,
      41.247982025146484,
      66.90521240234375,
      13.120292663574219,
      29.103084564208984,
      1.0798008441925049,
      2.1376683712005615,
      0.03131016343832016,
      0.5820214748382568,
      0.15160773694515228
    ],
    [
      7.447969913482666,
      0.22633671760559082,
      10.298355102539062,
      1.7063106298446655,
      17.31346893310547,
      6.475067138671875,
      49.47515106201172,
      35.88648223876953,
      41.247982025146484,
      26.517988204956055,
      23.884109497070312,
      8.370733261108398,
      10.140157699584961,
      0.7236811518669128,
      0.7766215801239014,
      0.016588035970926285,
      0.23493970930576324,
      0.0675610899925232
    ],
    [
      12.394673347473145,
      0.2590600848197937,
      22.375316619873047,
      1.556526780128479,
      37.91537094116211,
      6.248510837554932,
      85.68989562988281,
      36.74806213378906,
      66.90521240234375,
      23.884109497070312,
      47.128414154052734,
      8.202648162841797,
      20.967775344848633,
      0.6801977753639221,
      1.520436406135559,
      0.019058434292674065,
      0.3931097090244293,
      0.096662238240242
    ],
    [
      2.1366095542907715,
      0.08144371956586838,
      3.324223041534424,
      0.5954058170318604,
      5.957422733306885,
      2.2982242107391357,
      16.005748748779297,
      11.550350189208984,
      13.120292663574219,
      8.370733261108398,
      8.202648162841797,
      3.0388104915618896,
      3.3585894107818604,
      0.27278977632522583,
      0.23409795761108398,
      0.004905305337160826,
      0.06885211169719696,
      0.019595980644226074
    ],
    [
      6.1254096031188965,
      0.11077955365180969,
      11.229859352111816,
      0.6835374236106873,
      17.381046295166016,
      2.480278491973877,
      35.239437103271484,
      14.180480003356934,
      29.103084564208984,
      10.140157699584961,
      20.967775344848633,
      3.3585894107818604,
      10.868988990783691,
      0.3028498589992523,
      0.8385909795761108,
      0.008035354316234589,
      0.19419778883457184,
      0.042634736746549606
    ],
    [
      0.16517773270606995,
      0.007005271967500448,
      0.2642790377140045,
      0.05573461949825287,
      0.4883517920970917,
      0.20458492636680603,
      1.2364646196365356,
      0.8794232606887817,
      1.0798008441925049,
      0.7236811518669128,
      0.6801977753639221,
      0.27278977632522583,
      0.3028498589992523,
      0.028748521581292152,
      0.019604036584496498,
      0.0003761396510526538,
      0.005313708912581205,
      0.0015012692892923951
    ],
    [
      1.3701369762420654,
      0.01991666480898857,
      0.9033908843994141,
      0.04749320447444916,
      1.2301607131958008,
      0.17739266157150269,
      2.700655698776245,
      1.2356741428375244,
      2.1376683712005615,
      0.7766215801239014,
      1.520436406135559,
      0.23409795761108398,
      0.8385909795761108,
      0.019604036584496498,
      0.12089600414037704,
      0.002302540000528097,
      0.042601920664310455,
      0.010940607637166977
    ],
    [
      0.04191761836409569,
      0.0009543323540128767,
      0.011051910929381847,
      0.0009348425664938986,
      0.013254732824862003,
      0.0041762529872357845,
      0.04777435213327408,
      0.03474265709519386,
      0.03131016343832016,
      0.016588035970926285,
      0.019058434292674065,
      0.004905305337160826,
      0.008035354316234589,
      0.0003761396510526538,
      0.002302540000528097,
      0.00013779393339063972,
      0.0012759719975292683,
      0.0005006571882404387
    ],
    [
      0.6308078765869141,
      0.009664192795753479,
      0.23373720049858093,
      0.01363219041377306,
      0.29777058959007263,
      0.05580628663301468,
      0.8165742754936218,
      0.45604294538497925,
      0.5820214748382568,
      0.23493970930576324,
      0.3931097090244293,
      0.06885211169719696,
      0.19419778883457184,
      0.005313708912581205,
      0.042601920664310455,
      0.0012759719975292683,
      0.01967860385775566,
      0.005786592606455088
    ],
    [
      0.18474052846431732,
      0.0033967350609600544,
      0.05529668554663658,
      0.003859309945255518,
      0.06971682608127594,
      0.016303125768899918,
      0.22590000927448273,
      0.14256274700164795,
      0.15160773694515228,
      0.0675610899925232,
      0.096662238240242,
      0.019595980644226074,
      0.042634736746549606,
      0.0015012692892923951,
      0.010940607637166977,
      0.0005006571882404387,
      0.005786592606455088,
      0.0021485649049282074
    ]
  ],
  "covariance_short": [
    [
      19.202816009521484,
      0.2788383662700653,
      9.205392837524414,
      0.3389844298362732,
      5.785202980041504,
      1.3016557693481445,
      18.580923080444336,
      11.64397144317627,
      13.188411712646484,
      5.701308727264404,
      8.606589317321777,
      1.676879644393921,
      4.462759971618652,
      0.14570879936218262,
      1.3075865507125854,
      0.03859464079141617,
      0.6062968969345093,
      0.17318738996982574
    ],
    [
      0.2788383662700653,
      0.00922843161970377,
      0.13586318492889404,
      0.011454028077423573,
      0.11002781987190247,
      0.0448068305850029,
      0.40649405121803284,
      0.3199436366558075,
      0.2859557271003723,
      0.1753699630498886,
      0.18247662484645844,
      0.06643439829349518,
      0.07664968073368073,
      0.006500612013041973,
      0.016355818137526512,
      0.0008312283898703754,
      0.008479855954647064,
      0.003007833380252123
    ],
    [
      9.205392837524414,
      0.13586318492889404,
      9.529621124267578,
      0.4480891525745392,
      11.50728702545166,
      1.4630346298217773,
      25.815393447875977,
      10.16026782989502,
      20.568010330200195,
      5.955930233001709,
      14.830370903015137,
      1.9795514345169067,
      7.6886420249938965,
      0.17713066935539246,
      1.0498820543289185,
      0.015675446018576622,
      0.3290293514728546,
      0.07483644783496857
    ],
    [
      0.3389844298362732,
      0.011454028077423573,
      0.4480891525745392,
      0.14187540113925934,
      0.8221625089645386,
      0.40110212564468384,
      2.56054425239563,
      1.9674205780029297,
      2.161846876144409,
      1.5303865671157837,
      1.2769346237182617,
      0.5566591024398804,
      0.49506935477256775,
      0.05832800269126892,
      0.030828388407826424,
      0.00091940863057971,
      0.011723319068551064,
      0.003830911824479699
    ],
    [
      5.785202980041504,
      0.11002781987190247,
      11.50728702545166,
      0.8221625089645386,
      20.118619918823242,
      3.0473527908325195,
      44.37223434448242,
      17.207311630249023,
      35.142906188964844,
      10.89631462097168,
      25.441997528076172,
      4.115388870239258,
      12.117227554321289,
      0.4078797399997711,
      1.110740065574646,
      0.0072623491287231445,
      0.24792109429836273,
      0.041625991463661194
    ],
    [
      1.3016557693481445,
      0.0448068305850029,
      1.4630346298217773,
      0.40110212564468384,
      3.0473527908325195,
      1.6320947408676147,
      10.383397102355957,
      8.18714427947998,
      8.282027244567871,
      5.82807731628418,
      4.838289260864258,
      2.149535655975342,
      1.6461092233657837,
      0.21960724890232086,
      0.10749712586402893,
      0.003652069717645645,
      0.044100482016801834,
      0.014688476920127869
    ],
    [
      18.580923080444336,
      0.40649405121803284,
      25.815393447875977,
      2.56054425239563,
      44.37223434448242,
      10.383397102355957,
      129.85824584960938,
      71.47115325927734,
      95.49060821533203,
      41.47062683105469,
      61.624019622802734,
      14.155804634094238,
      25.9061222076416,
      1.2697677612304688,
      2.4571480751037598,
      0.0353202186524868,
      0.7132099270820618,
      0.16679659485816956
    ],
    [
      11.64397144317627,
      0.3199436366558075,
      10.16026782989502,
      1.9674205780029297,
      17.207311630249023,
      8.18714427947998,
      71.47115325927734,
      60.98100662231445,
      49.436649322509766,
      33.232662200927734,
      27.198366165161133,
      11.072468757629395,
      8.80750846862793,
      0.9445560574531555,
      0.8298598527908325,
      0.03276102989912033,
      0.38754191994667053,
      0.13301226496696472
    ],
    [
      13.188411712646484,
      0.2859557271003723,
      20.568010330200195,
      2.161846876144409,
      35.142906188964844,
      8.282027244567871,
      95.49060821533203,
      49.436649322509766,
      77.39827728271484,
      33.8587760925293,
      49.50065231323242,
      11.484986305236816,
      21.677640914916992,
      1.09419584274292,
      1.9623216390609741,
      0.0232462789863348,
      0.5215902924537659,
      0.11429477483034134
    ],
    [
      5.701308727264404,
      0.1753699630498886,
      5.955930233001709,
      1.5303865671157837,
      10.89631462097168,
      5.82807731628418,
      41.47062683105469,
      33.232662200927734,
      33.8587760925293,
      24.8341007232666,
      18.092897415161133,
      8.11977481842041,
      6.316031455993652,
      0.7896311283111572,
      0.46760448813438416,
      0.015841186046600342,
      0.19551751017570496,
      0.06471113115549088
    ],
    [
      8.606589317321777,
      0.18247662484645844,
      14.830370903015137,
      1.2769346237182617,
      25.441997528076172,
      4.838289260864258,
      61.624019622802734,
      27.198366165161133,
      49.50065231323242,
      18.092897415161133,
      34.743988037109375,
      6.7755818367004395,
      15.735785484313965,
      0.6624631285667419,
      1.4279778003692627,
      0.012983851134777069,
      0.3526637554168701,
      0.068242646753788
    ],
    [
      1.676879644393921,
      0.06643439829349518,
      1.9795514345169067,
      0.5566591024398804,
      4.115388870239258,
      2.149535655975342,
      14.155804634094238,
      11.072468757629395,
      11.484986305236816,
      8.11977481842041,
      6.7755818367004395,
      3.1146364212036133,
      2.3162171840667725,
      0.3121207654476166,
      0.14081968367099762,
      0.004858231637626886,
      0.057862333953380585,
      0.019344672560691833
    ],
    [
      4.462759971618652,
      0.07664968073368073,
      7.6886420249938965,
      0.49506935477256775,
      12.117227554321289,
      1.6461092233657837,
      25.9061222076416,
      8.80750846862793,
      21.677640914916992,
      6.316031455993652,
      15.735785484313965,
      2.3162171840667725,
      8.368684768676758,
      0.25728362798690796,
      0.8443644046783447,
      0.005394237581640482,
      0.188303604722023,
      0.030602626502513885
    ],
    [
      0.14570879936218262,
      0.006500612013041973,
      0.17713066935539246,
      0.05832800269126892,
      0.4078797399997711,
      0.21960724890232086,
      1.2697677612304688,
      0.9445560574531555,
      1.09419584274292,
      0.7896311283111572,
      0.6624631285667419,
      0.3121207654476166,
      0.25728362798690796,
      0.038341064006090164,
      0.013760714791715145,
      0.00041213457006961107,
      0.004999016877263784,
      0.0016425920184701681
    ],
    [
      1.3075865507125854,
      0.016355818137526512,
      1.0498820543289185,
      0.030828388407826424,
      1.110740065574646,
      0.10749712586402893,
      2.4571480751037598,
      0.8298598527908325,
      1.9623216390609741,
      0.46760448813438416,
      1.4279778003692627,
      0.14081968367099762,
      0.8443644046783447,
      0.013760714791715145,
      0.15913183987140656,
      0.0020734325516968966,
      0.04805763438344002,
      0.010152367874979973
    ],
    [
      0.03859464079141617,
      0.0008312283898703754,
      0.015675446018576622,
      0.00091940863057971,
      0.0072623491287231445,
      0.003652069717645645,
      0.0353202186524868,
      0.03276102989912033,
      0.0232462789863348,
      0.015841186046600342,
      0.012983851134777069,
      0.004858231637626886,
      0.005394237581640482,
      0.00041213457006961107,
      0.0020734325516968966,
      0.00014234238187782466,
      0.0012452087830752134,
      0.0005023974808864295
    ],
    [
      0.6062968969345093,
      0.008479855954647064,
      0.3290293514728546,
      0.011723319068551064,
      0.24792109429836273,
      0.044100482016801834,
      0.7132099270820618,
      0.38754191994667053,
      0.5215902924537659,
      0.19551751017570496,
      0.3526637554168701,
      0.057862333953380585,
      0.188303604722023,
      0.004999016877263784,
      0.04805763438344002,
      0.0012452087830752134,
      0.021410798653960228,
      0.005809598136693239
    ],
    [
      0.17318738996982574,
      0.003007833380252123,
      0.07483644783496857,
      0.003830911824479699,
      0.041625991463661194,
      0.014688476920127869,
      0.16679659485816956,
      0.13301226496696472,
      0.11429477483034134,
      0.06471113115549088,
      0.068242646753788,
      0.019344672560691833,
      0.030602626502513885,
      0.0016425920184701681,
      0.010152367874979973,
      0.0005023974808864295,
      0.005809598136693239,
      0.0023869157303124666
    ]
  ],
  "damage": -25.668346405029297,
  "diff_bandwidth": 1184.03857421875,
  "dissonance": 10.22269229416012,
  "drr": 1.990172028541565,
  "dynamics": 11.258874893188477,
  "format": 1245190,
  "frames": 1617856,
  "loudness": -52.256317138671875,
  "loudness_range": 34.43255615234375,
  "loudness_range_short": 31.352191925048828,
  "lowpass_true_peak_15khz": -11.930813789367676,
  "mastering3_acoustic_entropies": [
    {
      "acoustic_entropy": 5.038043975830078,
      "acoustic_entropy_mono": 4.451009750366211,
      "band_eliminated_acoustic_entropies": [
        {
          "acoustic_entropy": 5.038042068481445,
          "acoustic_entropy_side": 5.038043975830078,
          "hz": 129.47220167065723
        },
        {
          "acoustic_entropy": 5.037972927093506,
          "acoustic_entropy_side": 5.038043975830078,
          "hz": 202.92927478742237
        },
        {
          "acoustic_entropy": 5.037703990936279,
          "acoustic_entropy_side": 5.038043975830078,
          "hz": 282.89161906338205
        },
        {
          "acoustic_entropy": 5.039150238037109,
          "acoustic_entropy_side": 5.038043975830078,
          "hz": 369.9353335868758
        },
        {
          "acoustic_entropy": 5.037034511566162,
          "acoustic_entropy_side": 5.038043022155762,
          "hz": 464.6875360973435
        },
        {
          "acoustic_entropy": 5.038482189178467,
          "acoustic_entropy_side": 5.03804349899292,
          "hz": 567.8308811364784
        },
        {
          "acoustic_entropy": 5.042177200317383,
          "acoustic_entropy_side": 5.038048267364502,
          "hz": 680.1084783214808
        },
        {
          "acoustic_entropy": 5.038276672363281,
          "acoustic_entropy_side": 5.038097858428955,
          "hz": 802.3292461747484
        },
        {
          "acoustic_entropy": 5.041034698486328,
          "acoustic_entropy_side": 5.0387959480285645,
          "hz": 935.3737400823702
        },
        {
          "acoustic_entropy": 5.106709957122803,
          "acoustic_entropy_side": 5.05341911315918,
          "hz": 1080.2004963696966
        },
        {
          "acoustic_entropy": 4.158836841583252,
          "acoustic_entropy_side": 4.793850421905518,
          "hz": 1237.8529382007157
        },
        {
          "acoustic_entropy": 4.551360607147217,
          "acoustic_entropy_side": 4.858534336090088,
          "hz": 1409.4668930556702
        },
        {
          "acoustic_entropy": 4.77185583114624,
          "acoustic_entropy_side": 4.984398365020752,
          "hz": 1596.2787759475705
        },
        {
          "acoustic_entropy": 5.009118556976318,
          "acoustic_entropy_side": 5.042256832122803,
          "hz": 1799.6344973346393
        },
        {
          "acoustic_entropy": 5.035961627960205,
          "acoustic_entropy_side": 5.048717498779297,
          "hz": 2020.9991599069049
        },
        {
          "acoustic_entropy": 4.798876762390137,
          "acoustic_entropy_side": 5.030751705169678,
          "hz": 2261.9676141086993
        },
        {
          "acoustic_entropy": 4.932671546936035,
          "acoustic_entropy_side": 5.028682231903076,
          "hz": 2524.2759484456974
        },
        {
          "acoustic_entropy": 5.0774335861206055,
          "acoustic_entropy_side": 5.0388031005859375,
          "hz": 2809.813997359896
        },
        {
          "acoustic_entropy": 5.023718357086182,
          "acoustic_entropy_side": 5.0381269454956055,
          "hz": 3120.6389567871424
        },
        {
          "acoustic_entropy": 5.028226852416992,
          "acoustic_entropy_side": 5.038046836853027,
          "hz": 3458.990205492291
        },
        {
          "acoustic_entropy": 5.039770126342773,
          "acoustic_entropy_side": 5.038076400756836,
          "hz": 3827.305438964164
        },
        {
          "acoustic_entropy": 5.034017562866211,
          "acoustic_entropy_side": 5.038026809692383,
          "hz": 4228.238232109126
        },
        {
          "acoustic_entropy": 5.035407066345215,
          "acoustic_entropy_side": 5.0380353927612305,
          "hz": 4664.6771572759235
        },
        {
          "acoustic_entropy": 5.040907382965088,
          "acoustic_entropy_side": 5.038043975830078,
          "hz": 5139.766595350093
        },
        {
          "acoustic_entropy": 5.038010597229004,
          "acoustic_entropy_side": 5.03804349899292,
          "hz": 5656.929389854203
        },
        {
          "acoustic_entropy": 5.0381999015808105,
          "acoustic_entropy_side": 5.038043975830078,
          "hz": 6219.891507268283
        },
        {
          "acoustic_entropy": 5.038031101226807,
          "acoustic_entropy_side": 5.038043975830078,
          "hz": 6832.70888123896
        },
        {
          "acoustic_entropy": 5.037958145141602,
          "acoustic_entropy_side": 5.038043975830078,
          "hz": 7499.796634079867
        },
        {
          "acoustic_entropy": 5.038032531738281,
          "acoustic_entropy_side": 5.038043975830078,
          "hz": 8225.96088609342
        },
        {
          "acoustic_entropy": 5.0380425453186035,
          "acoustic_entropy_side": 5.038043975830078,
          "hz": 9016.43338188839
        },
        {
          "acoustic_entropy": 5.038043975830078,
          "acoustic_entropy_side": 5.038043975830078,
          "hz": 9876.909183162974
        },
        {
          "acoustic_entropy": 5.038043975830078,
          "acoustic_entropy_side": 5.038043975830078,
          "hz": 10813.587699516042
        },
        {
          "acoustic_entropy": 5.038043975830078,
          "acoustic_entropy_side": 5.038043975830078,
          "hz": 11833.21735289826
        },
        {
          "acoustic_entropy": 5.038043975830078,
          "acoustic_entropy_side": 5.038043975830078,
          "hz": 12943.144197493959
        },
        {
          "acoustic_entropy": 5.038043975830078,
          "acoustic_entropy_side": 5.038043975830078,
          "hz": 14151.364845322005
        },
        {
          "acoustic_entropy": 5.038043975830078,
          "acoustic_entropy_side": 5.038043975830078,
          "hz": 15466.58407886509
        },
        {
          "acoustic_entropy": 5.038043975830078,
          "acoustic_entropy_side": 5.038043975830078,
          "hz": 16898.27756580493
        },
        {
          "acoustic_entropy": 5.038043975830078,
          "acoustic_entropy_side": 5.038043975830078,
          "hz": 18456.760127700032
        },
        {
          "acoustic_entropy": 5.038043975830078,
          "acoustic_entropy_side": 5.038043975830078,
          "hz": 20153.260054456492
        },
        {
          "acoustic_entropy": 5.038043975830078,
          "acoustic_entropy_side": 5.038043975830078,
          "hz": 22000.00000000001
        }
      ],
      "diff_acoustic_entropy": 4.181996822357178,
      "sn": 6
    },
    {
      "acoustic_entropy": 6.7817583084106445,
      "acoustic_entropy_mono": 5.385380744934082,
      "band_eliminated_acoustic_entropies": [
        {
          "acoustic_entropy": 6.7815775871276855,
          "acoustic_entropy_side": 6.7817583084106445,
          "hz": 129.47220167065723
        },
        {
          "acoustic_entropy": 6.781095027923584,
          "acoustic_entropy_side": 6.781758785247803,
          "hz": 202.92927478742237
        },
        {
          "acoustic_entropy": 6.777905464172363,
          "acoustic_entropy_side": 6.781757831573486,
          "hz": 282.89161906338205
        },
        {
          "acoustic_entropy": 6.774386882781982,
          "acoustic_entropy_side": 6.7817535400390625,
          "hz": 369.9353335868758
        },
        {
          "acoustic_entropy": 6.760222434997559,
          "acoustic_entropy_side": 6.781727313995361,
          "hz": 464.6875360973435
        },
        {
          "acoustic_entropy": 6.741210460662842,
          "acoustic_entropy_side": 6.781708240509033,
          "hz": 567.8308811364784
        },
        {
          "acoustic_entropy": 6.7338480949401855,
          "acoustic_entropy_side": 6.78164529800415,
          "hz": 680.1084783214808
        },
        {
          "acoustic_entropy": 6.735174655914307,
          "acoustic_entropy_side": 6.7813720703125,
          "hz": 802.3292461747484
        },
        {
          "acoustic_entropy": 6.792919158935547,
          "acoustic_entropy_side": 6.780525207519531,
          "hz": 935.3737400823702
        },
        {
          "acoustic_entropy": 6.925906181335449,
          "acoustic_entropy_side": 6.78518533706665,
          "hz": 1080.2004963696966
        },
        {
          "acoustic_entropy": 6.0221123695373535,
          "acoustic_entropy_side": 5.869822025299072,
          "hz": 1237.8529382007157
        },
        {
          "acoustic_entropy": 6.274932861328125,
          "acoustic_entropy_side": 6.268025875091553,
          "hz": 1409.4668930556702
        },
        {
          "acoustic_entropy": 6.087152481079102,
          "acoustic_entropy_side": 6.243758201599121,
          "hz": 1596.2787759475705
        },
        {
          "acoustic_entropy": 6.443136692047119,
          "acoustic_entropy_side": 6.697869300842285,
          "hz": 1799.6344973346393
        },
        {
          "acoustic_entropy": 6.327819347381592,
          "acoustic_entropy_side": 6.6605143547058105,
          "hz": 2020.9991599069049
        },
        {
          "acoustic_entropy": 6.706646919250488,
          "acoustic_entropy_side": 6.649984359741211,
          "hz": 2261.9676141086993
        },
        {
          "acoustic_entropy": 6.779549598693848,
          "acoustic_entropy_side": 6.680620193481445,
          "hz": 2524.2759484456974
        },
        {
          "acoustic_entropy": 6.681029796600342,
          "acoustic_entropy_side": 6.778759002685547,
          "hz": 2809.813997359896
        },
        {
          "acoustic_entropy": 6.749386787414551,
          "acoustic_entropy_side": 6.780003070831299,
          "hz": 3120.6389567871424
        },
        {
          "acoustic_entropy": 6.780439376831055,
          "acoustic_entropy_side": 6.780692100524902,
          "hz": 3458.990205492291
        },
        {
          "acoustic_entropy": 6.744234561920166,
          "acoustic_entropy_side": 6.780884265899658,
          "hz": 3827.305438964164
        },
        {
          "acoustic_entropy": 6.742002487182617,
          "acoustic_entropy_side": 6.781309604644775,
          "hz": 4228.238232109126
        },
        {
          "acoustic_entropy": 6.7514424324035645,
          "acoustic_entropy_side": 6.781686305999756,
          "hz": 4664.6771572759235
        },
        {
          "acoustic_entropy": 6.762217044830322,
          "acoustic_entropy_side": 6.781747817993164,
          "hz": 5139.766595350093
        },
        {
          "acoustic_entropy": 6.763105392456055,
          "acoustic_entropy_side": 6.781757354736328,
          "hz": 5656.929389854203
        },
        {
          "acoustic_entropy": 6.770605564117432,
          "acoustic_entropy_side": 6.7817583084106445,
          "hz": 6219.891507268283
        },
        {
          "acoustic_entropy": 6.7778639793396,
          "acoustic_entropy_side": 6.7817583084106445,
          "hz": 6832.70888123896
        },
        {
          "acoustic_entropy": 6.780747890472412,
          "acoustic_entropy_side": 6.7817583084106445,
          "hz": 7499.796634079867
        },
        {
          "acoustic_entropy": 6.781599044799805,
          "acoustic_entropy_side": 6.7817583084106445,
          "hz": 8225.96088609342
        },
        {
          "acoustic_entropy": 6.781726837158203,
          "acoustic_entropy_side": 6.7817583084106445,
          "hz": 9016.43338188839
        },
        {
          "acoustic_entropy": 6.781742095947266,
          "acoustic_entropy_side": 6.7817583084106445,
          "hz": 9876.909183162974
        },
        {
          "acoustic_entropy": 6.781746864318848,
          "acoustic_entropy_side": 6.7817583084106445,
          "hz": 10813.587699516042
        },
        {
          "acoustic_entropy": 6.781750679016113,
          "acoustic_entropy_side": 6.7817583084106445,
          "hz": 11833.21735289826
        },
        {
          "acoustic_entropy": 6.78175163269043,
          "acoustic_entropy_side": 6.7817583084106445,
          "hz": 12943.144197493959
        },
        {
          "acoustic_entropy": 6.781754016876221,
          "acoustic_entropy_side": 6.7817583084106445,
          "hz": 14151.364845322005
        },
        {
          "acoustic_entropy": 6.7817535400390625,
          "acoustic_entropy_side": 6.781758785247803,
          "hz": 15466.58407886509
        },
        {
          "acoustic_entropy": 6.781755447387695,
          "acoustic_entropy_side": 6.781758785247803,
          "hz": 16898.27756580493
        },
        {
          "acoustic_entropy": 6.781754970550537,
          "acoustic_entropy_side": 6.7817583084106445,
          "hz": 18456.760127700032
        },
        {
          "acoustic_entropy": 6.781757831573486,
          "acoustic_entropy_side": 6.781758785247803,
          "hz": 20153.260054456492
        },
        {
          "acoustic_entropy": 6.7817583084106445,
          "acoustic_entropy_side": 6.7817583084106445,
          "hz": 22000.00000000001
        }
      ],
      "diff_acoustic_entropy": 4.9366135597229,
      "sn": 12
    },
    {
      "acoustic_entropy": 9.952986717224121,
      "acoustic_entropy_mono": 7.830282211303711,
      "band_eliminated_acoustic_entropies": [
        {
          "acoustic_entropy": 10.014419555664062,
          "acoustic_entropy_side": 9.952988624572754,
          "hz": 129.47220167065723
        },
        {
          "acoustic_entropy": 9.426172256469727,
          "acoustic_entropy_side": 9.953006744384766,
          "hz": 202.92927478742237
        },
        {
          "acoustic_entropy": 9.94417953491211,
          "acoustic_entropy_side": 9.9528169631958,
          "hz": 282.89161906338205
        },
        {
          "acoustic_entropy": 9.956745147705078,
          "acoustic_entropy_side": 9.952091217041016,
          "hz": 369.9353335868758
        },
        {
          "acoustic_entropy": 9.962600708007812,
          "acoustic_entropy_side": 9.949061393737793,
          "hz": 464.6875360973435
        },
        {
          "acoustic_entropy": 9.95671272277832,
          "acoustic_entropy_side": 9.944315910339355,
          "hz": 567.8308811364784
        },
        {
          "acoustic_entropy": 9.874545097351074,
          "acoustic_entropy_side": 9.931703567504883,
          "hz": 680.1084783214808
        },
        {
          "acoustic_entropy": 9.863537788391113,
          "acoustic_entropy_side": 9.930622100830078,
          "hz": 802.3292461747484
        },
        {
          "acoustic_entropy": 9.895447731018066,
          "acoustic_entropy_side": 9.945687294006348,
          "hz": 935.3737400823702
        },
        {
          "acoustic_entropy": 10.15255355834961,
          "acoustic_entropy_side": 9.919903755187988,
          "hz": 1080.2004963696966
        },
        {
          "acoustic_entropy": 9.456157684326172,
          "acoustic_entropy_side": 9.735194206237793,
          "hz": 1237.8529382007157
        },
        {
          "acoustic_entropy": 9.728571891784668,
          "acoustic_entropy_side": 9.877105712890625,
          "hz": 1409.4668930556702
        },
        {
          "acoustic_entropy": 9.457498550415039,
          "acoustic_entropy_side": 9.746180534362793,
          "hz": 1596.2787759475705
        },
        {
          "acoustic_entropy": 9.996170043945312,
          "acoustic_entropy_side": 10.014752388000488,
          "hz": 1799.6344973346393
        },
        {
          "acoustic_entropy": 9.819962501525879,
          "acoustic_entropy_side": 9.952969551086426,
          "hz": 2020.9991599069049
        },
        {
          "acoustic_entropy": 9.879987716674805,
          "acoustic_entropy_side": 9.831302642822266,
          "hz": 2261.9676141086993
