{
  "acoustic_entropy": 212.8502655029297,
  "bands": [
    {
      "high_freq": 148.1999969482422,
      "loudness": -47.435848236083984,
      "loudness_range": 37.32388687133789,
      "mid_mean": -50.28092575073242,
      "mid_to_side_loudness": 0.5076162219047546,
      "mid_to_side_loudness_range": 15.415952682495117,
      "side_mean": -48.526126861572266
    },
    {
      "high_freq": 392.3793640136719,
      "loudness": -36.759521484375,
      "loudness_range": 21.132638931274414,
      "low_freq": 148.1999969482422,
      "mid_mean": -36.84767150878906,
      "mid_to_side_loudness": 0.8488210439682007,
      "mid_to_side_loudness_range": 8.290325164794922,
      "side_mean": -35.889225006103516
    },
    {
      "high_freq": 794.6976318359375,
      "loudness": -37.51539611816406,
      "loudness_range": 20.727802276611328,
      "low_freq": 392.3793640136719,
      "mid_mean": -37.119110107421875,
      "mid_to_side_loudness": -0.10056579858064651,
      "mid_to_side_loudness_range": 8.774133682250977,
      "side_mean": -37.09828186035156
    },
    {
      "high_freq": 1457.5709228515625,
      "loudness": -41.44462966918945,
      "loudness_range": 19.711166381835938,
      "low_freq": 794.6976318359375,
      "mid_mean": -40.63206100463867,
      "mid_to_side_loudness": -0.5565025210380554,
      "mid_to_side_loudness_range": 6.208171367645264,
      "side_mean": -41.23581314086914
    },
    {
      "high_freq": 2549.74365234375,
      "loudness": -42.0260124206543,
      "loudness_range": 20.1314640045166,
      "low_freq": 1457.5709228515625,
      "mid_mean": -41.56700134277344,
      "mid_to_side_loudness": 0.21389339864253998,
      "mid_to_side_loudness_range": 5.416391849517822,
      "side_mean": -41.3842658996582
    },
    {
      "high_freq": 4349.24462890625,
      "loudness": -45.374446868896484,
      "loudness_range": 23.90552520751953,
      "low_freq": 2549.74365234375,
      "mid_mean": -44.95586013793945,
      "mid_to_side_loudness": 0.07902737706899643,
      "mid_to_side_loudness_range": 4.501753807067871,
      "side_mean": -44.87246322631836
    },
    {
      "high_freq": 7314.1640625,
      "loudness": -60.371131896972656,
      "loudness_range": 26.533721923828125,
      "low_freq": 4349.24462890625,
      "mid_mean": -59.193721771240234,
      "mid_to_side_loudness": -0.14538760483264923,
      "mid_to_side_loudness_range": 3.403367519378662,
      "side_mean": -59.30911636352539
    },
    {
      "high_freq": 12199.2666015625,
      "loudness": -67.62371826171875,
      "loudness_range": 25.375167846679688,
      "low_freq": 7314.1640625,
      "mid_mean": -64.56082153320312,
      "mid_to_side_loudness": -0.022924533113837242,
      "mid_to_side_loudness_range": 1.440441370010376,
      "side_mean": -64.5713119506836
    },
    {
      "loudness": -71.97579193115234,
      "loudness_range": 24.676441192626953,
      "low_freq": 12199.2666015625,
      "mid_mean": -67.31669616699219,
      "mid_to_side_loudness": -0.014004074968397617,
      "mid_to_side_loudness_range": 1.102129578590393,
      "side_mean": -67.32160186767578
    }
  ],
  "bands_short": [
    {
      "high_freq": 148.1999969482422,
      "loudness": -53.5366096496582,
      "loudness_range": 36.95973587036133,
      "mid_mean": -53.46732711791992,
      "mid_to_side_loudness": -0.9146708250045776,
      "mid_to_side_loudness_range": 16.08513069152832,
      "side_mean": -53.40156555175781
    },
    {
      "high_freq": 392.3793640136719,
      "loudness": -36.95066833496094,
      "loudness_range": 22.271453857421875,
      "low_freq": 148.1999969482422,
      "mid_mean": -37.42875671386719,
      "mid_to_side_loudness": 1.1706339120864868,
      "mid_to_side_loudness_range": 10.79883861541748,
      "side_mean": -36.05750274658203
    },
    {
      "high_freq": 794.6976318359375,
      "loudness": -37.567989349365234,
      "loudness_range": 21.460308074951172,
      "low_freq": 392.3793640136719,
      "mid_mean": -37.31324768066406,
      "mid_to_side_loudness": -0.013447454199194908,
      "mid_to_side_loudness_range": 11.188600540161133,
      "side_mean": -37.309078216552734
    },
    {
      "high_freq": 1457.5709228515625,
      "loudness": -41.552616119384766,
      "loudness_range": 20.22443389892578,
      "low_freq": 794.6976318359375,
      "mid_mean": -40.81209182739258,
      "mid_to_side_loudness": -0.5592091083526611,
      "mid_to_side_loudness_range": 8.707075119018555,
      "side_mean": -41.44528579711914
    },
    {
      "high_freq": 2549.74365234375,
      "loudness": -42.599918365478516,
      "loudness_range": 20.84052085876465,
      "low_freq": 1457.5709228515625,
      "mid_mean": -42.258392333984375,
      "mid_to_side_loudness": 0.2131171077489853,
      "mid_to_side_loudness_range": 7.519465923309326,
      "side_mean": -42.05022048950195
    },
    {
      "high_freq": 4349.24462890625,
      "loudness": -45.839534759521484,
      "loudness_range": 24.737777709960938,
      "low_freq": 2549.74365234375,
      "mid_mean": -45.49476623535156,
      "mid_to_side_loudness": 0.021485967561602592,
      "mid_to_side_loudness_range": 6.2532196044921875,
      "side_mean": -45.471378326416016
    },
    {
      "high_freq": 7314.1640625,
      "loudness": -60.913639068603516,
      "loudness_range": 27.0159912109375,
      "low_freq": 4349.24462890625,
      "mid_mean": -59.65492248535156,
      "mid_to_side_loudness": -0.1437470018863678,
      "mid_to_side_loudness_range": 5.019238471984863,
      "side_mean": -59.77201461791992
    },
    {
      "high_freq": 12199.2666015625,
      "loudness": -68.0772705078125,
      "loudness_range": 25.730091094970703,
      "low_freq": 7314.1640625,
      "mid_mean": -64.89575958251953,
      "mid_to_side_loudness": -0.019898854196071625,
      "mid_to_side_loudness_range": 2.702497959136963,
      "side_mean": -64.90438079833984
    },
    {
      "loudness": -72.20893859863281,
      "loudness_range": 24.222984313964844,
      "low_freq": 12199.2666015625,
      "mid_mean": -67.54340362548828,
      "mid_to_side_loudness": 0.02370409108698368,
      "mid_to_side_loudness_range": 2.4960832595825195,
      "side_mean": -67.5479507446289
    }
  ],
  "bandwidth": 592.56787109375,
  "channels": 2,
  "covariance": [
    [
      151.8988494873047,
      172.98983764648438,
      53.536216735839844,
      51.71331024169922,
      45.77882766723633,
      45.64686965942383,
      39.81444549560547,
      38.22383117675781,
      34.969295501708984,
      35.636592864990234,
      38.708457946777344,
      40.23761749267578,
      38.00709915161133,
      37.93913269042969,
      27.782955169677734,
      27.789169311523438,
      19.441129684448242,
      19.36907386779785
    ],
    [
      172.98983764648438,
      214.0582275390625,
      60.73811721801758,
      59.441673278808594,
      49.187774658203125,
      49.094486236572266,
      40.70529556274414,
      38.88104248046875,
      34.23819351196289,
      34.869388580322266,
      37.49482345581055,
      39.25495529174805,
      38.055641174316406,
      38.150123596191406,
      27.472627639770508,
      27.472036361694336,
      19.75552749633789,
      19.7021484375
    ],
    [
      53.536216735839844,
      60.73811721801758,
      56.19512939453125,
      50.312591552734375,
      36.264461517333984,
      35.622718811035156,
      32.29912567138672,
      31.620664596557617,
      29.40399169921875,
      31.240726470947266,
      32.46529769897461,
      33.25391387939453,
      29.788726806640625,
      29.592443466186523,
      21.75189781188965,
      21.69312286376953,
      13.841176986694336,
      13.825764656066895
    ],
    [
      51.71331024169922,
      59.441673278808594,
      50.312591552734375,
      54.6615104675293,
      35.21072769165039,
      34.11505126953125,
      32.73189926147461,
      31.803489685058594,
      29.603721618652344,
      31.26121711730957,
      32.865821838378906,
      33.72487258911133,
      29.949874877929688,
      29.734472274780273,
      22.143178939819336,
      22.069583892822266,
      14.221078872680664,
      14.197270393371582
    ],
    [
      45.77882766723633,
      49.187774658203125,
      36.264461517333984,
      35.21072769165039,
      53.42579650878906,
      49.913970947265625,
      37.146484375,
      36.573909759521484,
      36.900108337402344,
      37.999473571777344,
      40.98321533203125,
      42.16028594970703,
      35.2670783996582,
      35.326622009277344,
      26.655029296875,
      26.613510131835938,
      15.896567344665527,
      15.877622604370117
    ],
    [
      45.64686965942383,
      49.094486236572266,
      35.622718811035156,
      34.11505126953125,
      49.913970947265625,
      57.716766357421875,
      35.55496597290039,
      34.80286407470703,
      35.35176467895508,
      36.21254348754883,
      39.87570571899414,
      40.80781936645508,
      32.51041030883789,
      32.67063522338867,
      24.8428955078125,
      24.86219024658203,
      14.629240989685059,
      14.607202529907227
    ],
    [
      39.81444549560547,
      40.70529556274414,
      32.29912567138672,
      32.73189926147461,
      37.146484375,
      35.55496597290039,
      52.504207611083984,
      47.280296325683594,
      42.33694839477539,
      44.12173843383789,
      50.0112419128418,
      51.62797546386719,
      45.121665954589844,
      44.814788818359375,
      33.36450958251953,
      33.26652526855469,
      21.491586685180664,
      21.454736709594727
    ],
    [
      38.22383117675781,
      38.88104248046875,
      31.620664596557617,
      31.803489685058594,
      36.573909759521484,
      34.80286407470703,
      47.280296325683594,
      48.398712158203125,
      41.4430046081543,
      43.74266815185547,
      48.88884735107422,
      50.426055908203125,
      44.56163024902344,
      44.30221939086914,
      32.42192459106445,
      32.3448600769043,
      20.75743293762207,
      20.7219295501709
    ],
    [
      34.969295501708984,
      34.23819351196289,
      29.40399169921875,
      29.603721618652344,
      36.900108337402344,
      35.35176467895508,
      42.33694839477539,
      41.4430046081543,
      50.249141693115234,
      49.42645263671875,
      52.029571533203125,
      53.818145751953125,
      46.11241912841797,
      46.02365493774414,
      33.60886001586914,
      33.51827621459961,
      21.00396728515625,
      20.96626091003418
    ],
    [
      35.636592864990234,
      34.869388580322266,
      31.240726470947266,
      31.26121711730957,
      37.999473571777344,
      36.21254348754883,
      44.12173843383789,
      43.74266815185547,
      49.42645263671875,
      53.52665710449219,
      54.03493118286133,
      55.80887985229492,
      48.54859161376953,
      48.3211555480957,
      35.13394546508789,
      35.012901306152344,
      21.95935821533203,
      21.918533325195312
    ],
    [
      38.708457946777344,
      37.49482345581055,
      32.46529769897461,
      32.865821838378906,
      40.98321533203125,
      39.87570571899414,
      50.0112419128418,
      48.88884735107422,
      52.029571533203125,
      54.03493118286133,
      67.67115020751953,
      67.94731140136719,
      56.4039421081543,
      56.192989349365234,
      41.167972564697266,
      41.12569808959961,
      25.82317352294922,
      25.787029266357422
    ],
    [
      40.23761749267578,
      39.25495529174805,
      33.25391387939453,
      33.72487258911133,
      42.16028594970703,
      40.80781936645508,
      51.62797546386719,
      50.426055908203125,
      53.818145751953125,
      55.80887985229492,
      67.94731140136719,
      71.53141784667969,
      57.967369079589844,
      57.75871658325195,
      42.41615676879883,
      42.344566345214844,
      26.60586929321289,
      26.576589584350586
    ],
    [
      38.00709915161133,
      38.055641174316406,
      29.788726806640625,
      29.949874877929688,
      35.2670783996582,
      32.51041030883789,
      45.121665954589844,
      44.56163024902344,
      46.11241912841797,
      48.54859161376953,
      56.4039421081543,
      57.967369079589844,
      58.37671661376953,
      57.69219207763672,
      40.90001678466797,
      40.81422424316406,
      26.63603401184082,
      26.60826301574707
    ],
    [
      37.93913269042969,
      38.150123596191406,
      29.592443466186523,
      29.734472274780273,
      35.326622009277344,
      32.67063522338867,
      44.814788818359375,
      44.30221939086914,
      46.02365493774414,
      48.3211555480957,
      56.192989349365234,
      57.75871658325195,
      57.69219207763672,
      57.94567108154297,
      40.856727600097656,
      40.7715950012207,
      26.60758399963379,
      26.585988998413086
    ],
    [
      27.782955169677734,
      27.472627639770508,
      21.75189781188965,
      22.143178939819336,
      26.655029296875,
      24.8428955078125,
      33.36450958251953,
      32.42192459106445,
      33.60886001586914,
      35.13394546508789,
      41.167972564697266,
      42.41615676879883,
      40.90001678466797,
      40.856727600097656,
      33.070335388183594,
      32.91778564453125,
      21.884374618530273,
      21.85405158996582
    ],
    [
      27.789169311523438,
      27.472036361694336,
      21.69312286376953,
      22.069583892822266,
      26.613510131835938,
      24.86219024658203,
      33.26652526855469,
      32.3448600769043,
      33.51827621459961,
      35.012901306152344,
      41.12569808959961,
      42.344566345214844,
      40.81422424316406,
      40.7715950012207,
      32.91778564453125,
      32.89967727661133,
      21.79776954650879,
      21.771665573120117
    ],
    [
      19.441129684448242,
      19.75552749633789,
      13.841176986694336,
      14.221078872680664,
      15.896567344665527,
      14.629240989685059,
      21.491586685180664,
      20.75743293762207,
      21.00396728515625,
      21.95935821533203,
      25.82317352294922,
      26.60586929321289,
      26.63603401184082,
      26.60758399963379,
      21.884374618530273,
      21.79776954650879,
      16.12581443786621,
      16.086332321166992
    ],
    [
      19.36907386779785,
      19.7021484375,
      13.825764656066895,
      14.197270393371582,
      15.877622604370117,
      14.607202529907227,
      21.454736709594727,
      20.7219295501709,
      20.96626091003418,
      21.918533325195312,
      25.787029266357422,
      26.576589584350586,
      26.60826301574707,
      26.585988998413086,
      21.85405158996582,
      21.771665573120117,
      16.086332321166992,
      16.08004379272461
    ]
  ],
  "covariance_short": [
    [
      134.71755981445312,
      148.5678253173828,
      50.85831832885742,
      46.5737190246582,
      39.582218170166016,
      39.189849853515625,
      34.26662063598633,
      32.29325485229492,
      28.516876220703125,
      28.803903579711914,
      31.482227325439453,
      32.67434310913086,
      29.926424026489258,
      29.934621810913086,
      21.675640106201172,
      21.721132278442383,
      14.877486228942871,
      14.818883895874023
    ],
    [
      148.5678253173828,
      180.16494750976562,
      58.49245834350586,
      55.997493743896484,
      43.90565490722656,
      43.98420715332031,
      36.25307846069336,
      33.96060562133789,
      28.84200096130371,
      29.066030502319336,
      31.508821487426758,
      33.03336715698242,
      30.577238082885742,
      30.714195251464844,
      22.1639461517334,
      22.213314056396484,
      15.296734809875488,
      15.24022102355957
    ],
    [
      50.85831832885742,
      58.49245834350586,
      63.76844024658203,
      54.048492431640625,
      39.46670913696289,
      38.154701232910156,
      33.501827239990234,
      32.96115493774414,
      30.954626083374023,
      32.59947204589844,
      33.67621612548828,
      34.74911117553711,
      29.93820571899414,
      29.782472610473633,
      21.327495574951172,
      21.275386810302734,
      13.165806770324707,
      13.132317543029785
    ],
    [
      46.5737190246582,
      55.997493743896484,
      54.048492431640625,
      62.56926345825195,
      38.49161911010742,
      37.727901458740234,
      33.998382568359375,
      33.09684753417969,
      31.067346572875977,
      32.737003326416016,
      34.45009231567383,
      35.56631851196289,
      30.32370376586914,
      30.16050148010254,
      21.823293685913086,
      21.764354705810547,
      13.586917877197266,
      13.544818878173828
    ],
    [
      39.582218170166016,
      43.90565490722656,
      39.46670913696289,
      38.49161911010742,
      58.0358772277832,
      50.61023712158203,
      37.82240295410156,
      37.20927810668945,
      37.17542266845703,
      38.37248611450195,
      41.632362365722656,
      42.740997314453125,
      34.698516845703125,
      34.66590118408203,
      25.380138397216797,
      25.343935012817383,
      14.694795608520508,
      14.692522048950195
    ],
    [
      39.189849853515625,
      43.98420715332031,
      38.154701232910156,
      37.727901458740234,
      50.61023712158203,
      60.4606819152832,
      36.88810729980469,
      36.12139892578125,
      35.87479782104492,
      36.68500518798828,
      40.29093551635742,
      41.44258117675781,
      32.54167175292969,
      32.474857330322266,
      23.73006820678711,
      23.722118377685547,
      13.526514053344727,
      13.516077995300293
    ],
    [
      34.26662063598633,
      36.25307846069336,
      33.501827239990234,
      33.998382568359375,
      37.82240295410156,
      36.88810729980469,
      54.02785110473633,
      46.667701721191406,
      42.467037200927734,
      43.696266174316406,
      50.252052307128906,
      51.438751220703125,
      43.42758560180664,
      43.2480354309082,
      31.512887954711914,
      31.445592880249023,
      19.866647720336914,
      19.8278865814209
    ],
    [
      32.29325485229492,
      33.96060562133789,
      32.96115493774414,
      33.09684753417969,
      37.20927810668945,
      36.12139892578125,
      46.667701721191406,
      50.67332077026367,
      42.0588264465332,
      43.65203857421875,
      49.38950729370117,
      50.6747932434082,
      43.35097122192383,
      43.177345275878906,
      30.929298400878906,
      30.87277603149414,
      19.38819694519043,
      19.345184326171875
    ],
    [
      28.516876220703125,
      28.84200096130371,
      30.954626083374023,
      31.067346572875977,
      37.17542266845703,
      35.87479782104492,
      42.467037200927734,
      42.0588264465332,
      53.87147521972656,
      50.773921966552734,
      53.18088912963867,
      54.618507385253906,
      45.713871002197266,
      45.644866943359375,
      32.471763610839844,
      32.420082092285156,
      19.66597557067871,
      19.62544822692871
    ],
    [
      28.803903579711914,
      29.066030502319336,
      32.59947204589844,
      32.737003326416016,
      38.37248611450195,
      36.68500518798828,
      43.696266174316406,
      43.65203857421875,
      50.773921966552734,
      56.485084533691406,
      54.844207763671875,
      56.39155960083008,
      47.6639518737793,
      47.466033935546875,
      33.658912658691406,
      33.571712493896484,
      20.410123825073242,
      20.36976432800293
    ],
    [
      31.482227325439453,
      31.508821487426758,
      33.67621612548828,
      34.45009231567383,
      41.632362365722656,
      40.29093551635742,
      50.252052307128906,
      49.38950729370117,
      53.18088912963867,
      54.844207763671875,
      71.99185180664062,
      70.70780181884766,
      56.731239318847656,
      56.44794845581055,
      40.52103042602539,
      40.496498107910156,
      24.85601806640625,
      24.80718231201172
    ],
    [
      32.67434310913086,
      33.03336715698242,
      34.74911117553711,
      35.56631851196289,
      42.740997314453125,
      41.44258117675781,
      51.438751220703125,
      50.6747932434082,
      54.618507385253906,
      56.39155960083008,
      70.70780181884766,
      75.6801986694336,
      58.150760650634766,
      57.8753547668457,
      41.672569274902344,
      41.625186920166016,
      25.576929092407227,
      25.53199577331543
    ],
    [
      29.926424026489258,
      30.577238082885742,
      29.93820571899414,
      30.32370376586914,
      34.698516845703125,
      32.54167175292969,
      43.42758560180664,
      43.35097122192383,
      45.713871002197266,
      47.6639518737793,
      56.731239318847656,
      58.150760650634766,
      58.667625427246094,
      57.33623504638672,
      39.55036926269531,
      39.50542068481445,
      25.28236961364746,
      25.247785568237305
    ],
    [
      29.934621810913086,
      30.714195251464844,
      29.782472610473633,
      30.16050148010254,
      34.66590118408203,
      32.474857330322266,
      43.2480354309082,
      43.177345275878906,
      45.644866943359375,
      47.466033935546875,
      56.44794845581055,
      57.8753547668457,
      57.33623504638672,
      58.14817810058594,
      39.528526306152344,
      39.49273681640625,
      25.26409912109375,
      25.234033584594727
    ],
    [
      21.675640106201172,
      22.1639461517334,
      21.327495574951172,
      21.823293685913086,
      25.380138397216797,
      23.73006820678711,
      31.512887954711914,
      30.929298400878906,
      32.471763610839844,
      33.658912658691406,
      40.52103042602539,
      41.672569274902344,
      39.55036926269531,
      39.528526306152344,
      32.37040710449219,
      32.081024169921875,
      20.785001754760742,
      20.75963020324707
    ],
    [
      21.721132278442383,
      22.213314056396484,
      21.275386810302734,
      21.764354705810547,
      25.343935012817383,
      23.722118377685547,
      31.445592880249023,
      30.87277603149414,
      32.420082092285156,
      33.571712493896484,
      40.496498107910156,
      41.625186920166016,
      39.50542068481445,
      39.49273681640625,
      32.081024169921875,
      32.23875427246094,
      20.733184814453125,
      20.71152114868164
    ],
    [
      14.877486228942871,
      15.296734809875488,
      13.165806770324707,
      13.586917877197266,
      14.694795608520508,
      13.526514053344727,
      19.866647720336914,
      19.38819694519043,
      19.66597557067871,
      20.410123825073242,
      24.85601806640625,
      25.576929092407227,
      25.28236961364746,
      25.26409912109375,
      20.785001754760742,
      20.733184814453125,
      15.452363967895508,
      15.368673324584961
    ],
    [
      14.818883895874023,
      15.24022102355957,
      13.132317543029785,
      13.544818878173828,
      14.692522048950195,
      13.516077995300293,
      19.8278865814209,
      19.345184326171875,
      19.62544822692871,
      20.36976432800293,
      24.80718231201172,
      25.53199577331543,
      25.247785568237305,
      25.234033584594727,
      20.75963020324707,
      20.71152114868164,
      15.368673324584961,
      15.413273811340332
    ]
  ],
  "damage": -18.636096954345703,
  "diff_bandwidth": 656.5343627929688,
  "dissonance": 5.64494162076881,
  "drr": -3.9464704990386963,
  "dynamics": 5.682656764984131,
  "format": 1245190,
  "frames": 20869056,
  "loudness": -27.367097854614258,
  "loudness_range": 17.56963539123535,
  "loudness_range_short": 18.598220825195312,
  "lowpass_true_peak_15khz": -3.775571823120117,
  "mastering3_acoustic_entropies": [
    {
      "acoustic_entropy": 5.944671154022217,
      "acoustic_entropy_mono": 5.503143310546875,
      "band_eliminated_acoustic_entropies": [
        {
          "acoustic_entropy": 5.942112922668457,
          "acoustic_entropy_side": 5.944516658782959,
          "hz": 129.47220167065723
        },
        {
          "acoustic_entropy": 5.078728675842285,
          "acoustic_entropy_side": 5.50364875793457,
          "hz": 202.92927478742237
        },
        {
          "acoustic_entropy": 6.083924293518066,
          "acoustic_entropy_side": 5.244137763977051,
          "hz": 282.89161906338205
        },
        {
          "acoustic_entropy": 5.996737003326416,
          "acoustic_entropy_side": 5.3020853996276855,
          "hz": 369.9353335868758
        },
        {
          "acoustic_entropy": 5.77291202545166,
          "acoustic_entropy_side": 5.835601329803467,
          "hz": 464.6875360973435
        },
        {
          "acoustic_entropy": 5.6834917068481445,
          "acoustic_entropy_side": 5.904779434204102,
          "hz": 567.8308811364784
        },
        {
          "acoustic_entropy": 5.933526515960693,
          "acoustic_entropy_side": 6.114360332489014,
          "hz": 680.1084783214808
        },
        {
          "acoustic_entropy": 6.149947643280029,
          "acoustic_entropy_side": 6.134236812591553,
          "hz": 802.3292461747484
        },
        {
          "acoustic_entropy": 6.060249328613281,
          "acoustic_entropy_side": 6.052197456359863,
          "hz": 935.3737400823702
        },
        {
          "acoustic_entropy": 6.537068843841553,
          "acoustic_entropy_side": 6.173605442047119,
          "hz": 1080.2004963696966
        },
        {
          "acoustic_entropy": 5.22718620300293,
          "acoustic_entropy_side": 5.656816005706787,
          "hz": 1237.8529382007157
        },
        {
          "acoustic_entropy": 5.490965366363525,
          "acoustic_entropy_side": 5.975775241851807,
          "hz": 1409.4668930556702
        },
        {
          "acoustic_entropy": 6.136629104614258,
          "acoustic_entropy_side": 5.921524524688721,
          "hz": 1596.2787759475705
        },
        {
          "acoustic_entropy": 6.0933918952941895,
          "acoustic_entropy_side": 6.038861274719238,
          "hz": 1799.6344973346393
        },
        {
          "acoustic_entropy": 6.28980016708374,
          "acoustic_entropy_side": 6.308125972747803,
          "hz": 2020.9991599069049
        },
        {
          "acoustic_entropy": 5.5102739334106445,
          "acoustic_entropy_side": 5.595040798187256,
          "hz": 2261.9676141086993
        },
        {
          "acoustic_entropy": 5.952136039733887,
          "acoustic_entropy_side": 6.053264617919922,
          "hz": 2524.2759484456974
        },
        {
          "acoustic_entropy": 5.952518939971924,
          "acoustic_entropy_side": 6.020146369934082,
          "hz": 2809.813997359896
        },
        {
          "acoustic_entropy": 5.885776519775391,
          "acoustic_entropy_side": 5.899639129638672,
          "hz": 3120.6389567871424
        },
        {
          "acoustic_entropy": 5.796818256378174,
          "acoustic_entropy_side": 5.85757303237915,
          "hz": 3458.990205492291
        },
        {
          "acoustic_entropy": 5.635298252105713,
          "acoustic_entropy_side": 5.790142059326172,
          "hz": 3827.305438964164
        },
        {
          "acoustic_entropy": 5.850942134857178,
          "acoustic_entropy_side": 5.920053005218506,
          "hz": 4228.238232109126
        },
        {
          "acoustic_entropy": 5.8738932609558105,
          "acoustic_entropy_side": 5.911654472351074,
          "hz": 4664.6771572759235
        },
        {
          "acoustic_entropy": 5.98180627822876,
          "acoustic_entropy_side": 5.964175224304199,
          "hz": 5139.766595350093
        },
        {
          "acoustic_entropy": 5.967114448547363,
          "acoustic_entropy_side": 5.95552921295166,
          "hz": 5656.929389854203
        },
        {
          "acoustic_entropy": 5.952896595001221,
          "acoustic_entropy_side": 5.949437141418457,
          "hz": 6219.891507268283
        },
        {
          "acoustic_entropy": 5.9624738693237305,
          "acoustic_entropy_side": 5.953694820404053,
          "hz": 6832.70888123896
        },
        {
          "acoustic_entropy": 5.947813510894775,
          "acoustic_entropy_side": 5.946744918823242,
          "hz": 7499.796634079867
        },
        {
          "acoustic_entropy": 5.9460225105285645,
          "acoustic_entropy_side": 5.945359230041504,
          "hz": 8225.96088609342
        },
        {
          "acoustic_entropy": 5.945513725280762,
          "acoustic_entropy_side": 5.945034503936768,
          "hz": 9016.43338188839
        },
        {
          "acoustic_entropy": 5.945592880249023,
          "acoustic_entropy_side": 5.945146083831787,
          "hz": 9876.909183162974
        },
        {
          "acoustic_entropy": 5.945560932159424,
          "acoustic_entropy_side": 5.945111274719238,
          "hz": 10813.587699516042
        },
        {
          "acoustic_entropy": 5.944947242736816,
          "acoustic_entropy_side": 5.944792747497559,
          "hz": 11833.21735289826
        },
        {
          "acoustic_entropy": 5.945239067077637,
          "acoustic_entropy_side": 5.9449567794799805,
          "hz": 12943.144197493959
        },
        {
          "acoustic_entropy": 5.945313453674316,
          "acoustic_entropy_side": 5.945001602172852,
          "hz": 14151.364845322005
        },
        {
          "acoustic_entropy": 5.94488000869751,
          "acoustic_entropy_side": 5.944774150848389,
          "hz": 15466.58407886509
        },
        {
          "acoustic_entropy": 5.945010185241699,
          "acoustic_entropy_side": 5.944843292236328,
          "hz": 16898.27756580493
        },
        {
          "acoustic_entropy": 5.944860458374023,
          "acoustic_entropy_side": 5.9447712898254395,
          "hz": 18456.760127700032
        },
        {
          "acoustic_entropy": 5.9447550773620605,
          "acoustic_entropy_side": 5.9447126388549805,
          "hz": 20153.260054456492
        },
        {
          "acoustic_entropy": 5.944671630859375,
          "acoustic_entropy_side": 5.944671154022217,
          "hz": 22000.00000000001
        }
      ],
      "diff_acoustic_entropy": 2.137718915939331,
      "sn": 6
    },
    {
      "acoustic_entropy": 9.971009254455566,
      "acoustic_entropy_mono": 9.206892967224121,
      "band_eliminated_acoustic_entropies": [
        {
          "acoustic_entropy": 9.99525260925293,
          "acoustic_entropy_side": 9.974122047424316,
          "hz": 129.47220167065723
        },
        {
          "acoustic_entropy": 9.539895057678223,
          "acoustic_entropy_side": 9.524558067321777,
          "hz": 202.92927478742237
        },
        {
          "acoustic_entropy": 10.336006164550781,
          "acoustic_entropy_side": 10.55614948272705,
          "hz": 282.89161906338205
        },
        {
          "acoustic_entropy": 10.404345512390137,
          "acoustic_entropy_side": 10.408323287963867,
          "hz": 369.9353335868758
        },
        {
          "acoustic_entropy": 9.268208503723145,
          "acoustic_entropy_side": 9.76966667175293,
          "hz": 464.6875360973435
        },
        {
          "acoustic_entropy": 10.755431175231934,
          "acoustic_entropy_side": 11.267117500305176,
          "hz": 567.8308811364784
        },
        {
          "acoustic_entropy": 10.445878982543945,
          "acoustic_entropy_side": 9.87197208404541,
          "hz": 680.1084783214808
        },
        {
          "acoustic_entropy": 10.712162971496582,
          "acoustic_entropy_side": 10.510904312133789,
          "hz": 802.3292461747484
        },
        {
          "acoustic_entropy": 10.848374366760254,
          "acoustic_entropy_side": 10.47106647491455,
          "hz": 935.3737400823702
        },
        {
          "acoustic_entropy": 10.594746589660645,
          "acoustic_entropy_side": 10.251745223999023,
          "hz": 1080.2004963696966
        },
        {
          "acoustic_entropy": 9.546737670898438,
          "acoustic_entropy_side": 9.515596389770508,
          "hz": 1237.8529382007157
        },
        {
          "acoustic_entropy": 9.687990188598633,
          "acoustic_entropy_side": 9.827293395996094,
          "hz": 1409.4668930556702
        },
        {
          "acoustic_entropy": 10.50603199005127,
          "acoustic_entropy_side": 10.078569412231445,
          "hz": 1596.2787759475705
        },
        {
          "acoustic_entropy": 9.951141357421875,
          "acoustic_entropy_side": 10.43940544128418,
          "hz": 1799.6344973346393
        },
        {
          "acoustic_entropy": 10.585563659667969,
          "acoustic_entropy_side": 10.722331047058105,
          "hz": 2020.9991599069049
        },
        {
          "acoustic_entropy": 10.138039588928223,
          "acoustic_entropy_side": 9.657241821289062,
          "hz": 2261.9676141086993
        },
        {
          "acoustic_entropy": 10.262226104736328,
          "acoustic_entropy_side": 9.949725151062012,
          "hz": 2524.2759484456974
        },
        {
          "acoustic_entropy": 9.832475662231445,
          "acoustic_entropy_side": 10.02215576171875,
          "hz": 2809.813997359896
        },
        {
          "acoustic_entropy": 9.672952651977539,
          "acoustic_entropy_side": 10.034549713134766,
          "hz": 3120.6389567871424
        },
        {
          "acoustic_entropy": 10.044814109802246,
          "acoustic_entropy_side": 10.152364730834961,
          "hz": 3458.990205492291
        },
        {
          "acoustic_entropy": 9.549617767333984,
          "acoustic_entropy_side": 9.979536056518555,
          "hz": 3827.305438964164
        },
        {
          "acoustic_entropy": 10.003582954406738,
          "acoustic_entropy_side": 9.986146926879883,
          "hz": 4228.238232109126
        },
        {
          "acoustic_entropy": 10.071723937988281,
          "acoustic_entropy_side": 10.016878128051758,
          "hz": 4664.6771572759235
        },
        {
          "acoustic_entropy": 10.012410163879395,
          "acoustic_entropy_side": 9.997941017150879,
          "hz": 5139.766595350093
        },
        {
          "acoustic_entropy": 10.016221046447754,
          "acoustic_entropy_side": 9.97756290435791,
          "hz": 5656.929389854203
        },
        {
          "acoustic_entropy": 9.992023468017578,
          "acoustic_entropy_side": 9.97650146484375,
          "hz": 6219.891507268283
        },
        {
          "acoustic_entropy": 9.99356460571289,
          "acoustic_entropy_side": 9.98746395111084,
          "hz": 6832.70888123896
        },
        {
          "acoustic_entropy": 9.9774808883667,
          "acoustic_entropy_side": 9.976593971252441,
          "hz": 7499.796634079867
        },
        {
          "acoustic_entropy": 9.982110977172852,
          "acoustic_entropy_side": 9.977529525756836,
          "hz": 8225.96088609342
        },
        {
          "acoustic_entropy": 9.982316970825195,
          "acoustic_entropy_side": 9.97688102722168,
          "hz": 9016.43338188839
        },
        {
          "acoustic_entropy": 9.975015640258789,
          "acoustic_entropy_side": 9.973199844360352,
          "hz": 9876.909183162974
        },
        {
          "acoustic_entropy": 9.975902557373047,
          "acoustic_entropy_side": 9.97351360321045,
          "hz": 10813.587699516042
        },
        {
          "acoustic_entropy": 9.97646713256836,
          "acoustic_entropy_side": 9.9738130569458,
          "hz": 11833.21735289826
        },
        {
          "acoustic_entropy": 9.974126815795898,
          "acoustic_entropy_side": 9.972646713256836,
          "hz": 12943.144197493959
        },
        {
          "acoustic_entropy": 9.97214126586914,
          "acoustic_entropy_side": 9.97165298461914,
          "hz": 14151.364845322005
        },
        {
          "acoustic_entropy": 9.972043991088867,
          "acoustic_entropy_side": 9.971540451049805,
          "hz": 15466.58407886509
        },
        {
          "acoustic_entropy": 9.973175048828125,
          "acoustic_entropy_side": 9.972060203552246,
          "hz": 16898.27756580493
        },
        {
          "acoustic_entropy": 9.97290325164795,
          "acoustic_entropy_side": 9.971982955932617,
          "hz": 18456.760127700032
        },
        {
          "acoustic_entropy": 9.971675872802734,
          "acoustic_entropy_side": 9.971339225769043,
          "hz": 20153.260054456492
        },
        {
          "acoustic_entropy": 9.971017837524414,
          "acoustic_entropy_side": 9.971013069152832,
          "hz": 22000.00000000001
        }
      ],
      "diff_acoustic_entropy": 4.124533653259277,
      "sn": 12
    },
    {
      "acoustic_entropy": 18.596954345703125,
      "acoustic_entropy_mono": 17.917238235473633,
      "band_eliminated_acoustic_entropies": [
        {
          "acoustic_entropy": 18.284774780273438,
          "acoustic_entropy_side": 18.606266021728516,
          "hz": 129.47220167065723
        },
        {
          "acoustic_entropy": 19.514507293701172,
          "acoustic_entropy_side": 19.44135284423828,
          "hz": 202.92927478742237
        },
        {
          "acoustic_entropy": 18.690505981445312,
          "acoustic_entropy_side": 19.60274314880371,
          "hz": 282.89161906338205
        },
        {
          "acoustic_entropy": 19.029075622558594,
          "acoustic_entropy_side": 18.22231674194336,
          "hz": 369.9353335868758
        },
        {
          "acoustic_entropy": 18.437925338745117,
          "acoustic_entropy_side": 20.98822021484375,
          "hz": 464.6875360973435
        },
        {
          "acoustic_entropy": 18.58059310913086,
          "acoustic_entropy_side": 19.935026168823242,
          "hz": 567.8308811364784
        },
        {
          "acoustic_entropy": 18.38810157775879,
          "acoustic_entropy_side": 18.289310455322266,
          "hz": 680.1084783214808
        },
        {
          "acoustic_entropy": 18.055723190307617,
          "acoustic_entropy_side": 18.907508850097656,
          "hz": 802.3292461747484
        },
        {
          "acoustic_entropy": 19.2961368560791,
          "acoustic_entropy_side": 17.953725814819336,
          "hz": 935.3737400823702
        },
        {
          "acoustic_entropy": 18.098997116088867,
          "acoustic_entropy_side": 17.983007431030273,
          "hz": 1080.2004963696966
        },
        {
          "acoustic_entropy": 18.72731590270996,
          "acoustic_entropy_side": 19.694019317626953,
          "hz": 1237.8529382007157
        },
        {
          "acoustic_entropy": 19.615686416625977,
          "acoustic_entropy_side": 18.87822151184082,
          "hz": 1409.4668930556702
        },
        {
          "acoustic_entropy": 19.19566535949707,
          "acoustic_entropy_side": 18.944791793823242,
          "hz": 1596.2787759475705
        },
        {
          "acoustic_entropy": 18.881250381469727,
          "acoustic_entropy_side": 19.309343338012695,
          "hz": 1799.6344973346393
        },
        {
          "acoustic_entropy": 18.635578155517578,
          "acoustic_entropy_side": 18.223695755004883,
          "hz": 2020.9991599069049
        },
        {
          "acoustic_entropy": 20.163358688354492,
          "acoustic_entropy_side": 19.4351749420166,
          "hz": 2261.9676141086993
        },
        {
          "acoustic_entropy": 17.331838607788086,
          "acoustic_entropy_side": 18.149337768554688,
          "hz": 2524.2759484456974
        },
        {
          "acoustic_entropy": 18.50659942626953,
          "acoustic_entropy_side": 18.16960906982422,
          "hz": 2809.813997359896
        },
        {
          "acoustic_entropy": 18.940223693847656,
          "acoustic_entropy_side": 19.22060775756836,
          "hz": 3120.6389567871424
        },
        {
