{
  "acoustic_entropy": 121.07452392578125,
  "bands": [
    {
      "high_freq": 148.1999969482422,
      "loudness": -66.93050384521484,
      "loudness_range": 23.311344146728516,
      "mid_mean": -61.788875579833984,
      "mid_to_side_loudness": -12.436232566833496,
      "mid_to_side_loudness_range": 5.930854797363281,
      "side_mean": -68.16938781738281
    },
    {
      "high_freq": 392.3793640136719,
      "loudness": -43.815975189208984,
      "loudness_range": 23.42720603942871,
      "low_freq": 148.1999969482422,
      "mid_mean": -40.73166275024414,
      "mid_to_side_loudness": -10.976489067077637,
      "mid_to_side_loudness_range": 10.480672836303711,
      "side_mean": -53.22162628173828
    },
    {
      "high_freq": 794.6976318359375,
      "loudness": -36.04338073730469,
      "loudness_range": 21.43743133544922,
      "low_freq": 392.3793640136719,
      "mid_mean": -33.31790542602539,
      "mid_to_side_loudness": -7.406723499298096,
      "mid_to_side_loudness_range": 8.115243911743164,
      "side_mean": -41.15241622924805
    },
    {
      "high_freq": 1457.5709228515625,
      "loudness": -43.78575897216797,
      "loudness_range": 28.488924026489258,
      "low_freq": 794.6976318359375,
      "mid_mean": -42.82709884643555,
      "mid_to_side_loudness": -3.238471746444702,
      "mid_to_side_loudness_range": 9.983075141906738,
      "side_mean": -46.16558837890625
    },
    {
      "high_freq": 2549.74365234375,
      "loudness": -51.18284606933594,
      "loudness_range": 31.108402252197266,
      "low_freq": 1457.5709228515625,
      "mid_mean": -54.515838623046875,
      "mid_to_side_loudness": -3.963000535964966,
      "mid_to_side_loudness_range": 8.100869178771973,
      "side_mean": -57.23948669433594
    },
    {
      "high_freq": 4349.24462890625,
      "loudness": -54.14170837402344,
      "loudness_range": 29.868736267089844,
      "low_freq": 2549.74365234375,
      "mid_mean": -57.987361907958984,
      "mid_to_side_loudness": -7.512446880340576,
      "mid_to_side_loudness_range": 11.002047538757324,
      "side_mean": -62.48152542114258
    },
    {
      "high_freq": 7314.1640625,
      "loudness": -68.4961929321289,
      "loudness_range": 25.700523376464844,
      "low_freq": 4349.24462890625,
      "mid_mean": -66.15177917480469,
      "mid_to_side_loudness": -5.6263933181762695,
      "mid_to_side_loudness_range": 8.577937126159668,
      "side_mean": -67.80561828613281
    },
    {
      "high_freq": 12199.2666015625,
      "loudness": -75.02828216552734,
      "loudness_range": 21.579021453857422,
      "low_freq": 7314.1640625,
      "mid_mean": -68.51298522949219,
      "mid_to_side_loudness": -3.8691937923431396,
      "mid_to_side_loudness_range": 7.4230194091796875,
      "side_mean": -69.2681884765625
    },
    {
      "loudness": -82.13166809082031,
      "loudness_range": 15.087905883789062,
      "low_freq": 12199.2666015625,
      "mid_mean": -69.72052001953125,
      "mid_to_side_loudness": -2.362017869949341,
      "mid_to_side_loudness_range": 4.666593074798584,
      "side_mean": -69.8656997680664
    }
  ],
  "bands_short": [
    {
      "high_freq": 148.1999969482422,
      "loudness": -70.57369232177734,
      "loudness_range": 21.79692840576172,
      "mid_mean": -64.44818115234375,
      "mid_to_side_loudness": -11.767194747924805,
      "mid_to_side_loudness_range": 10.879244804382324,
      "side_mean": -68.9045639038086
    },
    {
      "high_freq": 392.3793640136719,
      "loudness": -47.05354690551758,
      "loudness_range": 23.927452087402344,
      "low_freq": 148.1999969482422,
      "mid_mean": -44.014522552490234,
      "mid_to_side_loudness": -10.23276424407959,
      "mid_to_side_loudness_range": 13.056556701660156,
      "side_mean": -55.26678466796875
    },
    {
      "high_freq": 794.6976318359375,
      "loudness": -36.455902099609375,
      "loudness_range": 23.346357345581055,
      "low_freq": 392.3793640136719,
      "mid_mean": -33.69223403930664,
      "mid_to_side_loudness": -8.021523475646973,
      "mid_to_side_loudness_range": 10.893203735351562,
      "side_mean": -42.095001220703125
    },
    {
      "high_freq": 1457.5709228515625,
      "loudness": -44.13318634033203,
      "loudness_range": 29.439165115356445,
      "low_freq": 794.6976318359375,
      "mid_mean": -43.35175704956055,
      "mid_to_side_loudness": -3.696415662765503,
      "mid_to_side_loudness_range": 12.988655090332031,
      "side_mean": -47.25798416137695
    },
    {
      "high_freq": 2549.74365234375,
      "loudness": -52.22947311401367,
      "loudness_range": 31.69879150390625,
      "low_freq": 1457.5709228515625,
      "mid_mean": -55.35542297363281,
      "mid_to_side_loudness": -3.898737668991089,
      "mid_to_side_loudness_range": 10.054731369018555,
      "side_mean": -57.98258972167969
    },
    {
      "high_freq": 4349.24462890625,
      "loudness": -55.108028411865234,
      "loudness_range": 30.929256439208984,
      "low_freq": 2549.74365234375,
      "mid_mean": -58.44004821777344,
      "mid_to_side_loudness": -6.919760227203369,
      "mid_to_side_loudness_range": 12.616753578186035,
      "side_mean": -62.5662956237793
    },
    {
      "high_freq": 7314.1640625,
      "loudness": -69.24858093261719,
      "loudness_range": 25.867969512939453,
      "low_freq": 4349.24462890625,
      "mid_mean": -66.60939025878906,
      "mid_to_side_loudness": -5.3737897872924805,
      "mid_to_side_loudness_range": 9.868846893310547,
      "side_mean": -68.0488052368164
    },
    {
      "high_freq": 12199.2666015625,
      "loudness": -75.94111633300781,
      "loudness_range": 19.257186889648438,
      "low_freq": 7314.1640625,
      "mid_mean": -68.79198455810547,
      "mid_to_side_loudness": -3.712188482284546,
      "mid_to_side_loudness_range": 7.957091331481934,
      "side_mean": -69.40278625488281
    },
    {
      "loudness": -81.42945098876953,
      "loudness_range": 15.124137878417969,
      "low_freq": 12199.2666015625,
      "mid_mean": -69.75045013427734,
      "mid_to_side_loudness": -2.1957459449768066,
      "mid_to_side_loudness_range": 5.580597400665283,
      "side_mean": -69.8744125366211
    }
  ],
  "bandwidth": 716.630859375,
  "channels": 2,
  "covariance": [
    [
      40.39136505126953,
      15.203810691833496,
      23.902368545532227,
      31.071575164794922,
      25.1155948638916,
      26.67160415649414,
      31.645084381103516,
      32.06831741333008,
      43.704200744628906,
      41.99368667602539,
      35.34060287475586,
      31.5406436920166,
      17.794466018676758,
      13.167179107666016,
      4.238562107086182,
      2.210364580154419,
      0.9549313187599182,
      0.44198521971702576
    ],
    [
      15.203810691833496,
      6.891200542449951,
      9.840080261230469,
      11.231409072875977,
      9.366182327270508,
      10.119502067565918,
      13.302787780761719,
      13.210887908935547,
      17.506628036499023,
      17.13542366027832,
      14.040678977966309,
      12.924674987792969,
      7.831395149230957,
      5.985201835632324,
      1.883061408996582,
      1.030929446220398,
      0.4774177074432373,
      0.2246696799993515
    ],
    [
      23.902368545532227,
      9.840080261230469,
      70.8560791015625,
      54.844669342041016,
      37.9006233215332,
      47.384010314941406,
      43.65275192260742,
      51.11387252807617,
      69.730224609375,
      61.99663162231445,
      56.293235778808594,
      42.836421966552734,
      20.03724479675293,
      13.275984764099121,
      5.7961530685424805,
      3.338355779647827,
      1.1314185857772827,
      0.5675460696220398
    ],
    [
      31.071575164794922,
      11.231409072875977,
      54.844669342041016,
      69.87671661376953,
      34.328548431396484,
      42.5970573425293,
      43.183570861816406,
      50.07929229736328,
      73.28826141357422,
      65.57597351074219,
      62.48611831665039,
      46.95705032348633,
      22.472667694091797,
      14.871767044067383,
      6.920840740203857,
      3.803781509399414,
      1.3409746885299683,
      0.6699059009552002
    ],
    [
      25.1155948638916,
      9.366182327270508,
      37.9006233215332,
      34.328548431396484,
      61.570281982421875,
      61.26594161987305,
      55.19762420654297,
      60.06911849975586,
      74.58799743652344,
      69.08878326416016,
      70.8653793334961,
      55.25517654418945,
      27.084413528442383,
      17.81358528137207,
      7.8435492515563965,
      4.007839202880859,
      1.4366704225540161,
      0.7573697566986084
    ],
    [
      26.67160415649414,
      10.119502067565918,
      47.384010314941406,
      42.5970573425293,
      61.26594161987305,
      73.66279602050781,
      60.59814453125,
      70.26920318603516,
      85.1591796875,
      79.12434387207031,
      77.57182312011719,
      60.77433395385742,
      29.695980072021484,
      19.380538940429688,
      8.903023719787598,
      4.607461929321289,
      1.689617395401001,
      0.8737871050834656
    ],
    [
      31.645084381103516,
      13.302787780761719,
      43.65275192260742,
      43.183570861816406,
      55.19762420654297,
      60.59814453125,
      106.1326675415039,
      102.13731384277344,
      90.87760162353516,
      87.29893493652344,
      92.94619750976562,
      72.34602355957031,
      39.19086456298828,
      27.14824104309082,
      12.843326568603516,
      7.066339015960693,
      2.6416678428649902,
      1.320889949798584
    ],
    [
      32.06831741333008,
      13.210887908935547,
      51.11387252807617,
      50.07929229736328,
      60.06911849975586,
      70.26920318603516,
      102.13731384277344,
      114.81519317626953,
      101.68067932128906,
      96.68257141113281,
      99.78068542480469,
      77.0809555053711,
      41.005859375,
      28.064485549926758,
      13.738021850585938,
      7.4667253494262695,
      2.784848928451538,
      1.384837031364441
    ],
    [
      43.704200744628906,
      17.506628036499023,
      69.730224609375,
      73.28826141357422,
      74.58799743652344,
      85.1591796875,
      90.87760162353516,
      101.68067932128906,
      152.83653259277344,
      136.24346923828125,
      129.31051635742188,
      95.77894592285156,
      49.347198486328125,
      31.787044525146484,
      16.62541961669922,
      8.688223838806152,
      3.378945827484131,
      1.6296336650848389
    ],
    [
      41.99368667602539,
      17.13542366027832,
      61.99663162231445,
      65.57597351074219,
      69.08878326416016,
      79.12434387207031,
      87.29893493652344,
      96.68257141113281,
      136.24346923828125,
      126.6903305053711,
      117.87657165527344,
      89.66050720214844,
      45.92204284667969,
      30.46160888671875,
      15.419422149658203,
      8.340532302856445,
      3.137798309326172,
      1.5159896612167358
    ],
    [
      35.34060287475586,
      14.040678977966309,
      56.293235778808594,
      62.48611831665039,
      70.8653793334961,
      77.57182312011719,
      92.94619750976562,
      99.78068542480469,
      129.31051635742188,
      117.87657165527344,
      137.2774658203125,
      99.51175689697266,
      50.94676971435547,
      32.605560302734375,
      17.5688533782959,
      8.983516693115234,
      3.294942617416382,
      1.6064809560775757
    ],
    [
      31.5406436920166,
      12.924674987792969,
      42.836421966552734,
      46.95705032348633,
      55.25517654418945,
      60.77433395385742,
      72.34602355957031,
      77.0809555053711,
      95.77894592285156,
      89.66050720214844,
      99.51175689697266,
      78.0361557006836,
      40.20912170410156,
      27.076358795166016,
      13.141079902648926,
      7.034445285797119,
      2.508523941040039,
      1.2483335733413696
    ],
    [
      17.794466018676758,
      7.831395149230957,
      20.03724479675293,
      22.472667694091797,
      27.084413528442383,
      29.695980072021484,
      39.19086456298828,
      41.005859375,
      49.347198486328125,
      45.92204284667969,
      50.94676971435547,
      40.20912170410156,
      30.440692901611328,
      20.55752944946289,
      13.817031860351562,
      7.853947639465332,
      2.799124002456665,
      1.3843514919281006
    ],
    [
      13.167179107666016,
      5.985201835632324,
      13.275984764099121,
      14.871767044067383,
      17.81358528137207,
      19.380538940429688,
      27.14824104309082,
      28.064485549926758,
      31.787044525146484,
      30.46160888671875,
      32.605560302734375,
      27.076358795166016,
      20.55752944946289,
      15.305947303771973,
      8.777220726013184,
      5.179132461547852,
      1.8787063360214233,
      0.9442412853240967
    ],
    [
      4.238562107086182,
      1.883061408996582,
      5.7961530685424805,
      6.920840740203857,
      7.8435492515563965,
      8.903023719787598,
      12.843326568603516,
      13.738021850585938,
      16.62541961669922,
      15.419422149658203,
      17.5688533782959,
      13.141079902648926,
      13.817031860351562,
      8.777220726013184,
      10.617624282836914,
      6.42265510559082,
      2.20025897026062,
      1.0721750259399414
    ],
    [
      2.210364580154419,
      1.030929446220398,
      3.338355779647827,
      3.803781509399414,
      4.007839202880859,
      4.607461929321289,
      7.066339015960693,
      7.4667253494262695,
      8.688223838806152,
      8.340532302856445,
      8.983516693115234,
      7.034445285797119,
      7.853947639465332,
      5.179132461547852,
      6.42265510559082,
      4.140546798706055,
      1.3624869585037231,
      0.6703553795814514
    ],
    [
      0.9549313187599182,
      0.4774177074432373,
      1.1314185857772827,
      1.3409746885299683,
      1.4366704225540161,
      1.689617395401001,
      2.6416678428649902,
      2.784848928451538,
      3.378945827484131,
      3.137798309326172,
      3.294942617416382,
      2.508523941040039,
      2.799124002456665,
      1.8787063360214233,
      2.20025897026062,
      1.3624869585037231,
      0.6064004898071289,
      0.2981888949871063
    ],
    [
      0.44198521971702576,
      0.2246696799993515,
      0.5675460696220398,
      0.6699059009552002,
      0.7573697566986084,
      0.8737871050834656,
      1.320889949798584,
      1.384837031364441,
      1.6296336650848389,
      1.5159896612167358,
      1.6064809560775757,
      1.2483335733413696,
      1.3843514919281006,
      0.9442412853240967,
      1.0721750259399414,
      0.6703553795814514,
      0.2981888949871063,
      0.1550234854221344
    ]
  ],
  "covariance_short": [
    [
      24.005760192871094,
      7.0254130363464355,
      20.796710968017578,
      20.64089584350586,
      17.928064346313477,
      19.457012176513672,
      22.37544059753418,
      24.604732513427734,
      29.658815383911133,
      28.56598472595215,
      24.482131958007812,
      22.22368049621582,
      11.786953926086426,
      9.126812934875488,
      2.6045734882354736,
      1.430132269859314,
      0.562921404838562,
      0.26246440410614014
    ],
    [
      7.0254130363464355,
      2.877713918685913,
      6.6318769454956055,
      6.191086769104004,
      5.332432270050049,
      5.723616600036621,
      7.3543925285339355,
      7.981822490692139,
      9.196192741394043,
      9.050888061523438,
      7.621054172515869,
      7.096599102020264,
      3.9645907878875732,
      3.2223293781280518,
      0.8525363206863403,
      0.5284767150878906,
      0.19641351699829102,
      0.09598542749881744
    ],
    [
      20.796710968017578,
      6.6318769454956055,
      70.34771728515625,
      48.684688568115234,
      39.76332092285156,
      48.5763053894043,
      39.113433837890625,
      49.8557014465332,
      60.900634765625,
      54.95107650756836,
      48.21442794799805,
      39.1378288269043,
      16.482532501220703,
      11.935357093811035,
      3.4066898822784424,
      1.9869747161865234,
      0.7826679348945618,
      0.4218732416629791
    ],
    [
      20.64089584350586,
      6.191086769104004,
      48.684688568115234,
      59.65559768676758,
      32.1860466003418,
      40.00787353515625,
      37.75720977783203,
      46.0914306640625,
      62.01014709472656,
      56.082603454589844,
      52.318599700927734,
      40.466819763183594,
      17.159109115600586,
      11.895809173583984,
      4.4918622970581055,
      2.499789237976074,
      1.0256479978561401,
      0.5437636375427246
    ],
    [
      17.928064346313477,
      5.332432270050049,
      39.76332092285156,
      32.1860466003418,
      67.53837585449219,
      64.33390045166016,
      57.56708908081055,
      65.50312805175781,
      76.17803192138672,
      69.32251739501953,
      71.02845001220703,
      55.1019172668457,
      24.369834899902344,
      15.92691707611084,
      6.030059814453125,
      2.9506995677948,
      1.0757631063461304,
      0.5709278583526611
    ],
    [
      19.457012176513672,
      5.723616600036621,
      48.5763053894043,
      40.00787353515625,
      64.33390045166016,
      79.98725128173828,
      63.19184112548828,
      75.6241683959961,
      83.82350158691406,
      77.24745178222656,
      76.13101196289062,
      60.441436767578125,
      26.39817237854004,
      17.44784164428711,
      6.895195007324219,
      3.477069616317749,
      1.3124679327011108,
      0.7073888778686523
    ],
    [
      22.37544059753418,
      7.3543925285339355,
      39.113433837890625,
      37.75720977783203,
      57.56708908081055,
      63.19184112548828,
      111.51590728759766,
      106.986083984375,
      91.04340362548828,
      87.55696868896484,
      92.93733215332031,
      73.1414794921875,
      36.56296157836914,
      25.619598388671875,
      10.963017463684082,
      6.070245742797852,
      2.3116836547851562,
      1.201484203338623
    ],
    [
      24.604732513427734,
      7.981822490692139,
      49.8557014465332,
      46.0914306640625,
      65.50312805175781,
      75.6241683959961,
      106.986083984375,
      127.98390197753906,
      104.17666625976562,
      98.88284301757812,
      101.43641662597656,
      79.21410369873047,
      38.734127044677734,
      26.786014556884766,
      11.587617874145508,
      6.277629375457764,
      2.454843759536743,
      1.270110011100769
    ],
    [
      29.658815383911133,
      9.196192741394043,
      60.900634765625,
      62.01014709472656,
      76.17803192138672,
      83.82350158691406,
      91.04340362548828,
      104.17666625976562,
      148.84210205078125,
      131.15969848632812,
      124.91468048095703,
      93.88220977783203,
      44.291900634765625,
      28.754554748535156,
      13.603656768798828,
      7.041567325592041,
      3.012532949447632,
      1.493765115737915
    ],
    [
      28.56598472595215,
      9.050888061523438,
      54.95107650756836,
      56.082603454589844,
      69.32251739501953,
      77.24745178222656,
      87.55696868896484,
      98.88284301757812,
      131.15969848632812,
      122.73367309570312,
      113.58965301513672,
      87.50885772705078,
      41.12321853637695,
      27.56096076965332,
      12.660592079162598,
      6.815461158752441,
      2.7764604091644287,
      1.394853115081787
    ],
    [
      24.482131958007812,
      7.621054172515869,
      48.21442794799805,
      52.318599700927734,
      71.02845001220703,
      76.13101196289062,
      92.93733215332031,
      101.43641662597656,
      124.91468048095703,
      113.58965301513672,
      133.44091796875,
      97.15109252929688,
      46.146278381347656,
      29.542470932006836,
      14.614753723144531,
      7.438252925872803,
      2.912630796432495,
      1.4500898122787476
    ],
    [
      22.22368049621582,
      7.096599102020264,
      39.1378288269043,
      40.466819763183594,
      55.1019172668457,
      60.441436767578125,
      73.1414794921875,
      79.21410369873047,
      93.88220977783203,
      87.50885772705078,
      97.15109252929688,
      78.08629608154297,
      37.13810729980469,
      25.10602378845215,
      11.295207977294922,
      6.044644355773926,
      2.251811981201172,
      1.14987313747406
    ],
    [
      11.786953926086426,
      3.9645907878875732,
      16.482532501220703,
      17.159109115600586,
      24.369834899902344,
      26.39817237854004,
      36.56296157836914,
      38.734127044677734,
      44.291900634765625,
      41.12321853637695,
      46.146278381347656,
      37.13810729980469,
      28.105440139770508,
      19.066417694091797,
      11.509533882141113,
      6.702693939208984,
      2.5888831615448,
      1.3560765981674194
    ],
    [
      9.126812934875488,
      3.2223293781280518,
      11.935357093811035,
      11.895809173583984,
      15.92691707611084,
      17.44784164428711,
      25.619598388671875,
      26.786014556884766,
      28.754554748535156,
      27.56096076965332,
      29.542470932006836,
      25.10602378845215,
      19.066417694091797,
      14.596609115600586,
      7.567920207977295,
      4.63223123550415,
      1.7575637102127075,
      0.9311906695365906
    ],
    [
      2.6045734882354736,
      0.8525363206863403,
      3.4066898822784424,
      4.4918622970581055,
      6.030059814453125,
      6.895195007324219,
      10.963017463684082,
      11.587617874145508,
      13.603656768798828,
      12.660592079162598,
      14.614753723144531,
      11.295207977294922,
      11.509533882141113,
      7.567920207977295,
      8.16178035736084,
      4.9819464683532715,
      1.9660074710845947,
      1.0469119548797607
    ],
    [
      1.430132269859314,
      0.5284767150878906,
      1.9869747161865234,
      2.499789237976074,
      2.9506995677948,
      3.477069616317749,
      6.070245742797852,
      6.277629375457764,
      7.041567325592041,
      6.815461158752441,
      7.438252925872803,
      6.044644355773926,
      6.702693939208984,
      4.63223123550415,
      4.9819464683532715,
      3.347161293029785,
      1.2494434118270874,
      0.6790693998336792
    ],
    [
      0.562921404838562,
      0.19641351699829102,
      0.7826679348945618,
      1.0256479978561401,
      1.0757631063461304,
      1.3124679327011108,
      2.3116836547851562,
      2.454843759536743,
      3.012532949447632,
      2.7764604091644287,
      2.912630796432495,
      2.251811981201172,
      2.5888831615448,
      1.7575637102127075,
      1.9660074710845947,
      1.2494434118270874,
      0.6821752786636353,
      0.3618236184120178
    ],
    [
      0.26246440410614014,
      0.09598542749881744,
      0.4218732416629791,
      0.5437636375427246,
      0.5709278583526611,
      0.7073888778686523,
      1.201484203338623,
      1.270110011100769,
      1.493765115737915,
      1.394853115081787,
      1.4500898122787476,
      1.14987313747406,
      1.3560765981674194,
      0.9311906695365906,
      1.0469119548797607,
      0.6790693998336792,
      0.3618236184120178,
      0.20476862788200378
    ]
  ],
  "damage": -18.07638168334961,
  "diff_bandwidth": 734.6986694335938,
  "dissonance": 7.159207236954556,
  "drr": 1.9648334980010986,
  "dynamics": 6.584359169006348,
  "format": 1245190,
  "frames": 6623232,
  "loudness": -29.720333099365234,
  "loudness_range": 21.124006271362305,
  "loudness_range_short": 23.058156967163086,
  "lowpass_true_peak_15khz": -5.715035915374756,
  "mastering3_acoustic_entropies": [
    {
      "acoustic_entropy": 6.417538642883301,
      "acoustic_entropy_mono": 6.250111103057861,
      "band_eliminated_acoustic_entropies": [
        {
          "acoustic_entropy": 6.417507171630859,
          "acoustic_entropy_side": 6.417538642883301,
          "hz": 129.47220167065723
        },
        {
          "acoustic_entropy": 6.405242443084717,
          "acoustic_entropy_side": 6.417498588562012,
          "hz": 202.92927478742237
        },
        {
          "acoustic_entropy": 6.294694900512695,
          "acoustic_entropy_side": 6.415046691894531,
          "hz": 282.89161906338205
        },
        {
          "acoustic_entropy": 6.270559310913086,
          "acoustic_entropy_side": 6.40481424331665,
          "hz": 369.9353335868758
        },
        {
          "acoustic_entropy": 6.395450592041016,
          "acoustic_entropy_side": 6.378413200378418,
          "hz": 464.6875360973435
        },
        {
          "acoustic_entropy": 6.98992395401001,
          "acoustic_entropy_side": 6.409553050994873,
          "hz": 567.8308811364784
        },
        {
          "acoustic_entropy": 6.138357162475586,
          "acoustic_entropy_side": 6.5612616539001465,
          "hz": 680.1084783214808
        },
        {
          "acoustic_entropy": 6.1463189125061035,
          "acoustic_entropy_side": 6.565305709838867,
          "hz": 802.3292461747484
        },
        {
          "acoustic_entropy": 6.339328289031982,
          "acoustic_entropy_side": 6.321012496948242,
          "hz": 935.3737400823702
        },
        {
          "acoustic_entropy": 6.212086200714111,
          "acoustic_entropy_side": 6.2532734870910645,
          "hz": 1080.2004963696966
        },
        {
          "acoustic_entropy": 6.440448760986328,
          "acoustic_entropy_side": 6.192169666290283,
          "hz": 1237.8529382007157
        },
        {
          "acoustic_entropy": 6.7087788581848145,
          "acoustic_entropy_side": 6.533412456512451,
          "hz": 1409.4668930556702
        },
        {
          "acoustic_entropy": 6.3123579025268555,
          "acoustic_entropy_side": 6.098886013031006,
          "hz": 1596.2787759475705
        },
        {
          "acoustic_entropy": 6.552505016326904,
          "acoustic_entropy_side": 6.323554992675781,
          "hz": 1799.6344973346393
        },
        {
          "acoustic_entropy": 6.253088474273682,
          "acoustic_entropy_side": 6.373355388641357,
          "hz": 2020.9991599069049
        },
        {
          "acoustic_entropy": 6.378709316253662,
          "acoustic_entropy_side": 6.406965255737305,
          "hz": 2261.9676141086993
        },
        {
          "acoustic_entropy": 6.43880033493042,
          "acoustic_entropy_side": 6.415806770324707,
          "hz": 2524.2759484456974
        },
        {
          "acoustic_entropy": 6.482089042663574,
          "acoustic_entropy_side": 6.414200305938721,
          "hz": 2809.813997359896
        },
        {
          "acoustic_entropy": 6.332540988922119,
          "acoustic_entropy_side": 6.416591167449951,
          "hz": 3120.6389567871424
        },
        {
          "acoustic_entropy": 6.360195159912109,
          "acoustic_entropy_side": 6.415339469909668,
          "hz": 3458.990205492291
        },
        {
          "acoustic_entropy": 6.410387992858887,
          "acoustic_entropy_side": 6.417487621307373,
          "hz": 3827.305438964164
        },
        {
          "acoustic_entropy": 6.416778087615967,
          "acoustic_entropy_side": 6.417637348175049,
          "hz": 4228.238232109126
        },
        {
          "acoustic_entropy": 6.413344860076904,
          "acoustic_entropy_side": 6.417108058929443,
          "hz": 4664.6771572759235
        },
        {
          "acoustic_entropy": 6.416984558105469,
          "acoustic_entropy_side": 6.417464733123779,
          "hz": 5139.766595350093
        },
        {
          "acoustic_entropy": 6.417560577392578,
          "acoustic_entropy_side": 6.417508125305176,
          "hz": 5656.929389854203
        },
        {
          "acoustic_entropy": 6.417544364929199,
          "acoustic_entropy_side": 6.417531967163086,
          "hz": 6219.891507268283
        },
        {
          "acoustic_entropy": 6.417567729949951,
          "acoustic_entropy_side": 6.417540073394775,
          "hz": 6832.70888123896
        },
        {
          "acoustic_entropy": 6.41757869720459,
          "acoustic_entropy_side": 6.417539596557617,
          "hz": 7499.796634079867
        },
        {
          "acoustic_entropy": 6.4175896644592285,
          "acoustic_entropy_side": 6.417540550231934,
          "hz": 8225.96088609342
        },
        {
          "acoustic_entropy": 6.417541980743408,
          "acoustic_entropy_side": 6.417541980743408,
          "hz": 9016.43338188839
        },
        {
          "acoustic_entropy": 6.4175238609313965,
          "acoustic_entropy_side": 6.417547225952148,
          "hz": 9876.909183162974
        },
        {
          "acoustic_entropy": 6.41757869720459,
          "acoustic_entropy_side": 6.417543888092041,
          "hz": 10813.587699516042
        },
        {
          "acoustic_entropy": 6.417555809020996,
          "acoustic_entropy_side": 6.417538166046143,
          "hz": 11833.21735289826
        },
        {
          "acoustic_entropy": 6.417537689208984,
          "acoustic_entropy_side": 6.417538642883301,
          "hz": 12943.144197493959
        },
        {
          "acoustic_entropy": 6.417538166046143,
          "acoustic_entropy_side": 6.417538642883301,
          "hz": 14151.364845322005
        },
        {
          "acoustic_entropy": 6.417539119720459,
          "acoustic_entropy_side": 6.417538642883301,
          "hz": 15466.58407886509
        },
        {
          "acoustic_entropy": 6.417538642883301,
          "acoustic_entropy_side": 6.417538642883301,
          "hz": 16898.27756580493
        },
        {
          "acoustic_entropy": 6.417538642883301,
          "acoustic_entropy_side": 6.417538642883301,
          "hz": 18456.760127700032
        },
        {
          "acoustic_entropy": 6.417538642883301,
          "acoustic_entropy_side": 6.417538642883301,
          "hz": 20153.260054456492
        },
        {
          "acoustic_entropy": 6.417538642883301,
          "acoustic_entropy_side": 6.417538642883301,
          "hz": 22000.00000000001
        }
      ],
      "diff_acoustic_entropy": 3.1445486545562744,
      "sn": 6
    },
    {
      "acoustic_entropy": 9.740727424621582,
      "acoustic_entropy_mono": 10.084870338439941,
      "band_eliminated_acoustic_entropies": [
        {
          "acoustic_entropy": 9.740777969360352,
          "acoustic_entropy_side": 9.740729331970215,
          "hz": 129.47220167065723
        },
        {
          "acoustic_entropy": 9.725579261779785,
          "acoustic_entropy_side": 9.7406587600708,
          "hz": 202.92927478742237
        },
        {
          "acoustic_entropy": 9.680597305297852,
          "acoustic_entropy_side": 9.734268188476562,
          "hz": 282.89161906338205
        },
        {
          "acoustic_entropy": 9.90514087677002,
          "acoustic_entropy_side": 9.749876976013184,
          "hz": 369.9353335868758
        },
        {
          "acoustic_entropy": 10.10837459564209,
          "acoustic_entropy_side": 9.682400703430176,
          "hz": 464.6875360973435
        },
        {
          "acoustic_entropy": 10.27808666229248,
          "acoustic_entropy_side": 10.020270347595215,
          "hz": 567.8308811364784
        },
        {
          "acoustic_entropy": 10.16650390625,
          "acoustic_entropy_side": 9.717623710632324,
          "hz": 680.1084783214808
        },
        {
          "acoustic_entropy": 8.339178085327148,
          "acoustic_entropy_side": 9.732185363769531,
          "hz": 802.3292461747484
        },
        {
          "acoustic_entropy": 9.092836380004883,
          "acoustic_entropy_side": 9.566302299499512,
          "hz": 935.3737400823702
        },
        {
          "acoustic_entropy": 9.39783763885498,
          "acoustic_entropy_side": 10.074278831481934,
          "hz": 1080.2004963696966
        },
        {
          "acoustic_entropy": 10.049371719360352,
          "acoustic_entropy_side": 9.95164680480957,
          "hz": 1237.8529382007157
        },
        {
          "acoustic_entropy": 9.476191520690918,
          "acoustic_entropy_side": 9.833707809448242,
          "hz": 1409.4668930556702
        },
        {
          "acoustic_entropy": 9.70279598236084,
          "acoustic_entropy_side": 9.502372741699219,
          "hz": 1596.2787759475705
        },
        {
          "acoustic_entropy": 9.537444114685059,
          "acoustic_entropy_side": 9.62778377532959,
          "hz": 1799.6344973346393
        },
        {
          "acoustic_entropy": 9.595318794250488,
          "acoustic_entropy_side": 9.584016799926758,
          "hz": 2020.9991599069049
        },
        {
          "acoustic_entropy": 10.00860595703125,
          "acoustic_entropy_side": 9.70244312286377,
          "hz": 2261.9676141086993
        },
        {
          "acoustic_entropy": 9.629475593566895,
          "acoustic_entropy_side": 9.72150993347168,
          "hz": 2524.2759484456974
        },
        {
          "acoustic_entropy": 9.79898738861084,
          "acoustic_entropy_side": 9.696571350097656,
          "hz": 2809.813997359896
        },
        {
          "acoustic_entropy": 10.306983947753906,
          "acoustic_entropy_side": 9.694952964782715,
          "hz": 3120.6389567871424
        },
        {
          "acoustic_entropy": 9.771993637084961,
          "acoustic_entropy_side": 9.706938743591309,
          "hz": 3458.990205492291
        },
        {
          "acoustic_entropy": 9.805099487304688,
          "acoustic_entropy_side": 9.71269416809082,
          "hz": 3827.305438964164
        },
        {
          "acoustic_entropy": 9.725768089294434,
          "acoustic_entropy_side": 9.738932609558105,
          "hz": 4228.238232109126
        },
        {
          "acoustic_entropy": 9.788128852844238,
          "acoustic_entropy_side": 9.750798225402832,
          "hz": 4664.6771572759235
        },
        {
          "acoustic_entropy": 9.754682540893555,
          "acoustic_entropy_side": 9.745925903320312,
          "hz": 5139.766595350093
        },
        {
          "acoustic_entropy": 9.748760223388672,
          "acoustic_entropy_side": 9.742491722106934,
          "hz": 5656.929389854203
        },
        {
          "acoustic_entropy": 9.74348258972168,
          "acoustic_entropy_side": 9.741294860839844,
          "hz": 6219.891507268283
        },
        {
          "acoustic_entropy": 9.74179744720459,
          "acoustic_entropy_side": 9.740734100341797,
          "hz": 6832.70888123896
        },
        {
          "acoustic_entropy": 9.741325378417969,
          "acoustic_entropy_side": 9.740678787231445,
          "hz": 7499.796634079867
        },
        {
          "acoustic_entropy": 9.739045143127441,
          "acoustic_entropy_side": 9.740696907043457,
          "hz": 8225.96088609342
        },
        {
          "acoustic_entropy": 9.738273620605469,
          "acoustic_entropy_side": 9.740748405456543,
          "hz": 9016.43338188839
        },
        {
          "acoustic_entropy": 9.739025115966797,
          "acoustic_entropy_side": 9.74048900604248,
          "hz": 9876.909183162974
        },
        {
          "acoustic_entropy": 9.738972663879395,
          "acoustic_entropy_side": 9.740594863891602,
          "hz": 10813.587699516042
        },
        {
          "acoustic_entropy": 9.740473747253418,
          "acoustic_entropy_side": 9.74071979522705,
          "hz": 11833.21735289826
        },
        {
          "acoustic_entropy": 9.74069881439209,
          "acoustic_entropy_side": 9.74071979522705,
          "hz": 12943.144197493959
        },
        {
          "acoustic_entropy": 9.74072551727295,
          "acoustic_entropy_side": 9.740728378295898,
          "hz": 14151.364845322005
        },
        {
          "acoustic_entropy": 9.740724563598633,
          "acoustic_entropy_side": 9.740727424621582,
          "hz": 15466.58407886509
        },
        {
          "acoustic_entropy": 9.740728378295898,
          "acoustic_entropy_side": 9.740726470947266,
          "hz": 16898.27756580493
        },
        {
          "acoustic_entropy": 9.740728378295898,
          "acoustic_entropy_side": 9.740727424621582,
          "hz": 18456.760127700032
        },
        {
          "acoustic_entropy": 9.740728378295898,
          "acoustic_entropy_side": 9.740727424621582,
          "hz": 20153.260054456492
        },
        {
          "acoustic_entropy": 9.740727424621582,
          "acoustic_entropy_side": 9.740727424621582,
          "hz": 22000.00000000001
        }
      ],
      "diff_acoustic_entropy": 5.389246940612793,
      "sn": 12
    },
    {
      "acoustic_entropy": 15.619033813476562,
      "acoustic_entropy_mono": 15.272294044494629,
      "band_eliminated_acoustic_entropies": [
        {
          "acoustic_entropy": 15.618783950805664,
          "acoustic_entropy_side": 15.619384765625,
          "hz": 129.47220167065723
        },
        {
          "acoustic_entropy": 15.625771522521973,
          "acoustic_entropy_side": 15.612610816955566,
          "hz": 202.92927478742237
        },
        {
          "acoustic_entropy": 15.42375373840332,
          "acoustic_entropy_side": 15.553842544555664,
          "hz": 282.89161906338205
        },
        {
          "acoustic_entropy": 16.081588745117188,
          "acoustic_entropy_side": 15.69745922088623,
          "hz": 369.9353335868758
        },
        {
          "acoustic_entropy": 15.73403549194336,
          "acoustic_entropy_side": 15.73929214477539,
          "hz": 464.6875360973435
        },
        {
          "acoustic_entropy": 15.937180519104004,
          "acoustic_entropy_side": 16.61777687072754,
          "hz": 567.8308811364784
        },
        {
          "acoustic_entropy": 16.331907272338867,
          "acoustic_entropy_side": 15.68144416809082,
          "hz": 680.1084783214808
        },
        {
          "acoustic_entropy": 15.561853408813477,
          "acoustic_entropy_side": 16.257463455200195,
          "hz": 802.3292461747484
        },
        {
          "acoustic_entropy": 14.158693313598633,
          "acoustic_entropy_side": 15.49827766418457,
          "hz": 935.3737400823702
        },
        {
          "acoustic_entropy": 15.499274253845215,
          "acoustic_entropy_side": 15.086339950561523,
          "hz": 1080.2004963696966
        },
        {
          "acoustic_entropy": 15.707043647766113,
          "acoustic_entropy_side": 16.03725242614746,
          "hz": 1237.8529382007157
        },
        {
          "acoustic_entropy": 16.189517974853516,
          "acoustic_entropy_side": 16.213397979736328,
          "hz": 1409.4668930556702
        },
        {
          "acoustic_entropy": 15.873931884765625,
          "acoustic_entropy_side": 15.809752464294434,
          "hz": 1596.2787759475705
        },
        {
          "acoustic_entropy": 16.411142349243164,
          "acoustic_entropy_side": 16.71038246154785,
          "hz": 1799.6344973346393
        },
        {
          "acoustic_entropy": 14.900763511657715,
          "acoustic_entropy_side": 15.32669734954834,
          "hz": 2020.9991599069049
        },
        {
          "acoustic_entropy": 16.356931686401367,
          "acoustic_entropy_side": 15.316020011901855,
          "hz": 2261.9676141086993
        },
        {
          "acoustic_entropy": 15.505072593688965,
          "acoustic_entropy_side": 15.515724182128906,
          "hz": 2524.2759484456974
        },
        {
          "acoustic_entropy": 16.402034759521484,
          "acoustic_entropy_side": 15.852212905883789,
          "hz": 2809.813997359896
        },
        {
          "acoustic_entropy": 14.989373207092285,
          "acoustic_entropy_side": 15.220844268798828,
          "hz": 3120.6389567871424
        },
        {
          "acoustic_entropy": 15.402173042297363,
