{
  "acoustic_entropy": 117.48287200927734,
  "bands": [
    {
      "high_freq": 148.1999969482422,
      "loudness": -44.07561111450195,
      "loudness_range": 22.13391876220703,
      "mid_mean": -40.397216796875,
      "mid_to_side_loudness": -20.532264709472656,
      "mid_to_side_loudness_range": 10.207625389099121,
      "side_mean": -60.31309127807617
    },
    {
      "high_freq": 392.3793640136719,
      "loudness": -26.595354080200195,
      "loudness_range": 14.334760665893555,
      "low_freq": 148.1999969482422,
      "mid_mean": -23.211545944213867,
      "mid_to_side_loudness": -13.402304649353027,
      "mid_to_side_loudness_range": 13.862295150756836,
      "side_mean": -36.88569641113281
    },
    {
      "high_freq": 794.6976318359375,
      "loudness": -33.49506378173828,
      "loudness_range": 17.63640594482422,
      "low_freq": 392.3793640136719,
      "mid_mean": -30.191823959350586,
      "mid_to_side_loudness": -12.883901596069336,
      "mid_to_side_loudness_range": 12.588622093200684,
      "side_mean": -43.07323455810547
    },
    {
      "high_freq": 1457.5709228515625,
      "loudness": -38.05222702026367,
      "loudness_range": 21.083826065063477,
      "low_freq": 794.6976318359375,
      "mid_mean": -34.80586624145508,
      "mid_to_side_loudness": -12.770177841186523,
      "mid_to_side_loudness_range": 10.882606506347656,
      "side_mean": -48.29079818725586
    },
    {
      "high_freq": 2549.74365234375,
      "loudness": -41.3109245300293,
      "loudness_range": 21.52887535095215,
      "low_freq": 1457.5709228515625,
      "mid_mean": -38.092201232910156,
      "mid_to_side_loudness": -12.234177589416504,
      "mid_to_side_loudness_range": 14.22420883178711,
      "side_mean": -51.99810791015625
    },
    {
      "high_freq": 4349.24462890625,
      "loudness": -50.447174072265625,
      "loudness_range": 24.17007064819336,
      "low_freq": 2549.74365234375,
      "mid_mean": -47.0044059753418,
      "mid_to_side_loudness": -13.809185028076172,
      "mid_to_side_loudness_range": 14.25953483581543,
      "side_mean": -60.40018844604492
    },
    {
      "high_freq": 7314.1640625,
      "loudness": -63.280853271484375,
      "loudness_range": 13.602584838867188,
      "low_freq": 4349.24462890625,
      "mid_mean": -59.5470085144043,
      "mid_to_side_loudness": -16.738563537597656,
      "mid_to_side_loudness_range": 10.260065078735352,
      "side_mean": -68.96005249023438
    },
    {
      "high_freq": 12199.2666015625,
      "loudness": -69.39030456542969,
      "loudness_range": 6.205741882324219,
      "low_freq": 7314.1640625,
      "mid_mean": -64.44658660888672,
      "mid_to_side_loudness": -32.0247802734375,
      "mid_to_side_loudness_range": 29.730710983276367,
      "side_mean": -69.9752426147461
    },
    {
      "loudness": 0,
      "loudness_range": 0,
      "low_freq": 12199.2666015625,
      "mid_mean": -66.54061126708984,
      "mid_to_side_loudness": -19.480838775634766,
      "mid_to_side_loudness_range": 13.141877174377441,
      "side_mean": -69.94896697998047
    }
  ],
  "bands_short": [
    {
      "high_freq": 148.1999969482422,
      "loudness": -48.17014694213867,
      "loudness_range": 21.379322052001953,
      "mid_mean": -44.51935958862305,
      "mid_to_side_loudness": -20.889015197753906,
      "mid_to_side_loudness_range": 13.454523086547852,
      "side_mean": -63.63889694213867
    },
    {
      "high_freq": 392.3793640136719,
      "loudness": -27.025768280029297,
      "loudness_range": 15.526592254638672,
      "low_freq": 148.1999969482422,
      "mid_mean": -23.62462615966797,
      "mid_to_side_loudness": -13.385229110717773,
      "mid_to_side_loudness_range": 15.134578704833984,
      "side_mean": -37.41815948486328
    },
    {
      "high_freq": 794.6976318359375,
      "loudness": -33.398372650146484,
      "loudness_range": 17.076032638549805,
      "low_freq": 392.3793640136719,
      "mid_mean": -30.244922637939453,
      "mid_to_side_loudness": -12.017755508422852,
      "mid_to_side_loudness_range": 14.754549980163574,
      "side_mean": -42.56124496459961
    },
    {
      "high_freq": 1457.5709228515625,
      "loudness": -38.66649627685547,
      "loudness_range": 22.061386108398438,
      "low_freq": 794.6976318359375,
      "mid_mean": -35.48828887939453,
      "mid_to_side_loudness": -12.310334205627441,
      "mid_to_side_loudness_range": 15.630522727966309,
      "side_mean": -48.80527114868164
    },
    {
      "high_freq": 2549.74365234375,
      "loudness": -41.863834381103516,
      "loudness_range": 23.505996704101562,
      "low_freq": 1457.5709228515625,
      "mid_mean": -38.80320358276367,
      "mid_to_side_loudness": -11.734312057495117,
      "mid_to_side_loudness_range": 16.613248825073242,
      "side_mean": -52.47587585449219
    },
    {
      "high_freq": 4349.24462890625,
      "loudness": -50.6804084777832,
      "loudness_range": 25.700420379638672,
      "low_freq": 2549.74365234375,
      "mid_mean": -47.36521530151367,
      "mid_to_side_loudness": -13.092235565185547,
      "mid_to_side_loudness_range": 15.471086502075195,
      "side_mean": -60.228118896484375
    },
    {
      "high_freq": 7314.1640625,
      "loudness": -63.1448974609375,
      "loudness_range": 14.954486846923828,
      "low_freq": 4349.24462890625,
      "mid_mean": -59.42679977416992,
      "mid_to_side_loudness": -16.001285552978516,
      "mid_to_side_loudness_range": 11.350709915161133,
      "side_mean": -68.73295593261719
    },
    {
      "high_freq": 12199.2666015625,
      "loudness": -69.52586364746094,
      "loudness_range": 6.110267639160156,
      "low_freq": 7314.1640625,
      "mid_mean": -64.54532623291016,
      "mid_to_side_loudness": -35.28464889526367,
      "mid_to_side_loudness_range": 52.39936828613281,
      "side_mean": -69.97510528564453
    },
    {
      "loudness": -72.67466735839844,
      "loudness_range": 1.6156463623046875,
      "low_freq": 12199.2666015625,
      "mid_mean": -66.53655242919922,
      "mid_to_side_loudness": -19.768526077270508,
      "mid_to_side_loudness_range": 13.52340030670166,
      "side_mean": -69.94890594482422
    }
  ],
  "bandwidth": 482.58465576171875,
  "channels": 2,
  "covariance": [
    [
      54.69108963012695,
      35.923397064208984,
      19.036319732666016,
      14.91075611114502,
      17.169708251953125,
      16.15904998779297,
      24.1690673828125,
      29.71234703063965,
      21.433670043945312,
      24.428064346313477,
      23.055089950561523,
      16.35149574279785,
      10.535900115966797,
      1.663196086883545,
      2.99695086479187,
      -0.027056477963924408,
      0.9394592046737671,
      -0.005522284656763077
    ],
    [
      35.923397064208984,
      33.29548263549805,
      13.270271301269531,
      10.570892333984375,
      14.504265785217285,
      13.112225532531738,
      18.5310001373291,
      21.57828712463379,
      17.969324111938477,
      26.893709182739258,
      19.145265579223633,
      17.496244430541992,
      13.458695411682129,
      1.8464195728302002,
      5.513883590698242,
      0.027353256940841675,
      2.365933656692505,
      0.0068070851266384125
    ],
    [
      19.036319732666016,
      13.270271301269531,
      30.984682083129883,
      20.096965789794922,
      16.397541046142578,
      13.725702285766602,
      18.393524169921875,
      18.902246475219727,
      15.149049758911133,
      13.903234481811523,
      12.793149948120117,
      10.300348281860352,
      6.242572784423828,
      1.0828711986541748,
      2.5375709533691406,
      0.0046746269799768925,
      0.7285367846488953,
      -0.013648050837218761
    ],
    [
      14.91075611114502,
      10.570892333984375,
      20.096965789794922,
      29.351459503173828,
      10.03900146484375,
      13.769438743591309,
      12.235365867614746,
      18.349943161010742,
      7.979501724243164,
      11.137542724609375,
      6.224894046783447,
      6.916341304779053,
      1.8478877544403076,
      0.5677297115325928,
      1.1460877656936646,
      0.002976367250084877,
      0.5365214347839355,
      -0.011862444691359997
    ],
    [
      17.169708251953125,
      14.504265785217285,
      16.397541046142578,
      10.03900146484375,
      36.83638381958008,
      27.77978515625,
      24.707870483398438,
      20.54981231689453,
      27.255218505859375,
      23.122425079345703,
      28.29593849182129,
      18.787160873413086,
      13.648244857788086,
      2.6835803985595703,
      4.1046142578125,
      0.07676379382610321,
      0.9963502287864685,
      -0.010908924043178558
    ],
    [
      16.15904998779297,
      13.112225532531738,
      13.725702285766602,
      13.769438743591309,
      27.77978515625,
      37.084659576416016,
      21.55094337463379,
      23.40764617919922,
      22.50775718688965,
      23.411848068237305,
      23.92622184753418,
      18.21533203125,
      11.374571800231934,
      2.5740551948547363,
      3.443885326385498,
      0.07004880905151367,
      1.045336127281189,
      -0.013085179962217808
    ],
    [
      24.1690673828125,
      18.5310001373291,
      18.393524169921875,
      12.235365867614746,
      24.707870483398438,
      21.55094337463379,
      60.82135009765625,
      50.17523193359375,
      56.06329345703125,
      48.92444610595703,
      53.22496032714844,
      39.52729415893555,
      24.54414939880371,
      4.709976673126221,
      6.932292938232422,
      0.097005695104599,
      1.3546770811080933,
      -0.016775179654359818
    ],
    [
      29.71234703063965,
      21.57828712463379,
      18.902246475219727,
      18.349943161010742,
      20.54981231689453,
      23.40764617919922,
      50.17523193359375,
      62.332515716552734,
      51.8006706237793,
      53.45136260986328,
      51.4408073425293,
      38.89665603637695,
      23.01888084411621,
      4.537135124206543,
      6.622603416442871,
      0.039773836731910706,
      1.5119280815124512,
      -0.02257210947573185
    ],
    [
      21.433670043945312,
      17.969324111938477,
      15.149049758911133,
      7.979501724243164,
      27.255218505859375,
      22.50775718688965,
      56.06329345703125,
      51.8006706237793,
      73.1120376586914,
      59.45882034301758,
      63.99364471435547,
      46.02013397216797,
      29.26371955871582,
      5.461402416229248,
      8.03598403930664,
      0.10471468418836594,
      1.5061067342758179,
      -0.01779528148472309
    ],
    [
      24.428064346313477,
      26.893709182739258,
      13.903234481811523,
      11.137542724609375,
      23.122425079345703,
      23.411848068237305,
      48.92444610595703,
      53.45136260986328,
      59.45882034301758,
      80.61769104003906,
      59.49639129638672,
      52.948097229003906,
      35.37322998046875,
      6.143514156341553,
      12.532824516296387,
      0.09742338955402374,
      4.798554420471191,
      -0.005930861923843622
    ],
    [
      23.055089950561523,
      19.145265579223633,
      12.793149948120117,
      6.224894046783447,
      28.29593849182129,
      23.92622184753418,
      53.22496032714844,
      51.4408073425293,
      63.99364471435547,
      59.49639129638672,
      74.77262115478516,
      50.7961540222168,
      31.02903175354004,
      5.321387767791748,
      9.215024948120117,
      0.15866318345069885,
      1.8139965534210205,
      -0.018843691796064377
    ],
    [
      16.35149574279785,
      17.496244430541992,
      10.300348281860352,
      6.916341304779053,
      18.787160873413086,
      18.21533203125,
      39.52729415893555,
      38.89665603637695,
      46.02013397216797,
      52.948097229003906,
      50.7961540222168,
      45.09818649291992,
      25.281896591186523,
      4.475625514984131,
      8.719246864318848,
      0.14633874595165253,
      2.8658227920532227,
      -0.00497104786336422
    ],
    [
      10.535900115966797,
      13.458695411682129,
      6.242572784423828,
      1.8478877544403076,
      13.648244857788086,
      11.374571800231934,
      24.54414939880371,
      23.01888084411621,
      29.26371955871582,
      35.37322998046875,
      31.02903175354004,
      25.281896591186523,
      21.70624351501465,
      3.339702606201172,
      7.792840957641602,
      0.05884290486574173,
      2.7741494178771973,
      -0.0021252406295388937
    ],
    [
      1.663196086883545,
      1.8464195728302002,
      1.0828711986541748,
      0.5677297115325928,
      2.6835803985595703,
      2.5740551948547363,
      4.709976673126221,
      4.537135124206543,
      5.461402416229248,
      6.143514156341553,
      5.321387767791748,
      4.475625514984131,
      3.339702606201172,
      0.8933135867118835,
      1.1832926273345947,
      0.022983700037002563,
      0.3404611051082611,
      -0.001969356322661042
    ],
    [
      2.99695086479187,
      5.513883590698242,
      2.5375709533691406,
      1.1460877656936646,
      4.1046142578125,
      3.443885326385498,
      6.932292938232422,
      6.622603416442871,
      8.03598403930664,
      12.532824516296387,
      9.215024948120117,
      8.719246864318848,
      7.792840957641602,
      1.1832926273345947,
      4.028873443603516,
      0.04730872064828873,
      1.315250039100647,
      0.0008136500255204737
    ],
    [
      -0.027056477963924408,
      0.027353256940841675,
      0.0046746269799768925,
      0.002976367250084877,
      0.07676379382610321,
      0.07004880905151367,
      0.097005695104599,
      0.039773836731910706,
      0.10471468418836594,
      0.09742338955402374,
      0.15866318345069885,
      0.14633874595165253,
      0.05884290486574173,
      0.022983700037002563,
      0.04730872064828873,
      0.008553680963814259,
      0.004316379781812429,
      -1.8798127712216228e-05
    ],
    [
      0.9394592046737671,
      2.365933656692505,
      0.7285367846488953,
      0.5365214347839355,
      0.9963502287864685,
      1.045336127281189,
      1.3546770811080933,
      1.5119280815124512,
      1.5061067342758179,
      4.798554420471191,
      1.8139965534210205,
      2.8658227920532227,
      2.7741494178771973,
      0.3404611051082611,
      1.315250039100647,
      0.004316379781812429,
      0.7179061770439148,
      0.0014155536191537976
    ],
    [
      -0.005522284656763077,
      0.0068070851266384125,
      -0.013648050837218761,
      -0.011862444691359997,
      -0.010908924043178558,
      -0.013085179962217808,
      -0.016775179654359818,
      -0.02257210947573185,
      -0.01779528148472309,
      -0.005930861923843622,
      -0.018843691796064377,
      -0.00497104786336422,
      -0.0021252406295388937,
      -0.001969356322661042,
      0.0008136500255204737,
      -1.8798127712216228e-05,
      0.0014155536191537976,
      0.000196193388546817
    ]
  ],
  "covariance_short": [
    [
      49.328948974609375,
      23.757993698120117,
      12.631279945373535,
      8.358957290649414,
      13.89065933227539,
      11.460372924804688,
      18.174598693847656,
      22.84901237487793,
      21.53312873840332,
      23.53706169128418,
      23.165658950805664,
      14.492817878723145,
      11.077296257019043,
      1.676571011543274,
      3.366269826889038,
      -0.023843348026275635,
      0.832544207572937,
      -0.006066529545933008
    ],
    [
      23.757993698120117,
      20.080358505249023,
      5.262430667877197,
      3.9701411724090576,
      8.823325157165527,
      8.026310920715332,
      10.463991165161133,
      12.519165992736816,
      13.860405921936035,
      19.48222541809082,
      15.777754783630371,
      12.955187797546387,
      9.78469467163086,
      1.367316722869873,
      3.8240246772766113,
      0.008723492734134197,
      1.5104185342788696,
      0.003863678313791752
    ],
    [
      12.631279945373535,
      5.262430667877197,
      33.5397834777832,
      20.678977966308594,
      17.980815887451172,
      13.984209060668945,
      19.390525817871094,
      18.61076545715332,
      15.66770076751709,
      13.808762550354004,
      13.363868713378906,
      10.242840766906738,
      6.872457981109619,
      0.9709686636924744,
      2.8044207096099854,
      0.007040689699351788,
      0.7329840660095215,
      -0.011039840057492256
    ],
    [
      8.358957290649414,
      3.9701411724090576,
      20.678977966308594,
      32.99541091918945,
      11.85972785949707,
      16.970327377319336,
      12.503402709960938,
      18.905336380004883,
      9.219701766967773,
      12.135290145874023,
      7.689782619476318,
      7.736132621765137,
      3.3877649307250977,
      0.6215354800224304,
      1.5865378379821777,
      0.0071136136539280415,
      0.5302492380142212,
      -0.011022337712347507
    ],
    [
      13.89065933227539,
      8.823325157165527,
      17.980815887451172,
      11.85972785949707,
      40.323448181152344,
      26.699581146240234,
      26.440649032592773,
      20.059612274169922,
      25.665237426757812,
      21.28966522216797,
      27.149995803833008,
      16.685977935791016,
      12.634264945983887,
      2.369842052459717,
      4.251709461212158,
      0.0690368115901947,
      1.061703085899353,
      -0.010390298441052437
    ],
    [
      11.460372924804688,
      8.026310920715332,
      13.984209060668945,
      16.970327377319336,
      26.699581146240234,
      40.154571533203125,
      18.857486724853516,
      21.576871871948242,
      16.326875686645508,
      17.892793655395508,
      17.006855010986328,
      13.278460502624512,
      7.933837890625,
      1.8256325721740723,
      2.876246452331543,
      0.05975343659520149,
      0.872437596321106,
      -0.011208571493625641
    ],
    [
      18.174598693847656,
      10.463991165161133,
      19.390525817871094,
      12.503402709960938,
      26.440649032592773,
      18.857486724853516,
      66.99220275878906,
      48.662296295166016,
      59.391685485839844,
      49.15904235839844,
      56.068397521972656,
      38.682960510253906,
      27.924819946289062,
      6.547597408294678,
      7.365621089935303,
      0.08939123153686523,
      1.4855209589004517,
      -0.016594476997852325
    ],
    [
      22.84901237487793,
      12.519165992736816,
      18.61076545715332,
      18.905336380004883,
      20.059612274169922,
      21.576871871948242,
      48.662296295166016,
      65.63349151611328,
      50.701568603515625,
      53.524288177490234,
      51.17512512207031,
      38.34593963623047,
      25.310123443603516,
      6.2038445472717285,
      6.692038059234619,
      0.03940340131521225,
      1.6926343441009521,
      -0.027217349037528038
    ],
    [
      21.53312873840332,
      13.860405921936035,
      15.66770076751709,
      9.219701766967773,
      25.665237426757812,
      16.326875686645508,
      59.391685485839844,
      50.701568603515625,
      80.74784851074219,
      58.670780181884766,
      67.54911804199219,
      45.61172866821289,
      32.8994140625,
      7.295081615447998,
      8.435068130493164,
      0.10609882324934006,
      1.6359831094741821,
      -0.015325948596000671
    ],
    [
      23.53706169128418,
      19.48222541809082,
      13.808762550354004,
      12.135290145874023,
      21.28966522216797,
      17.892793655395508,
      49.15904235839844,
      53.524288177490234,
      58.670780181884766,
      81.76309967041016,
      60.70090866088867,
      52.70972442626953,
      37.11543655395508,
      7.923505783081055,
      12.103901863098145,
      0.10250884294509888,
      4.638697624206543,
      -0.007873685099184513
    ],
    [
      23.165658950805664,
      15.777754783630371,
      13.363868713378906,
      7.689782619476318,
      27.149995803833008,
      17.006855010986328,
      56.068397521972656,
      51.17512512207031,
      67.54911804199219,
      60.70090866088867,
      80.75150299072266,
      50.127174377441406,
      35.261905670166016,
      7.414786338806152,
      9.59728717803955,
      0.15748488903045654,
      2.002708673477173,
      -0.022154053673148155
    ],
    [
      14.492817878723145,
      12.955187797546387,
      10.242840766906738,
      7.736132621765137,
      16.685977935791016,
      13.278460502624512,
      38.682960510253906,
      38.34593963623047,
      45.61172866821289,
      52.70972442626953,
      50.127174377441406,
      45.691776275634766,
      26.629680633544922,
      6.111172199249268,
      8.201552391052246,
      0.14009016752243042,
      2.8213717937469482,
      -0.0069123064167797565
    ],
    [
      11.077296257019043,
      9.78469467163086,
      6.872457981109619,
      3.3877649307250977,
      12.634264945983887,
      7.933837890625,
      27.924819946289062,
      25.310123443603516,
      32.8994140625,
      37.11543655395508,
      35.261905670166016,
      26.629680633544922,
      25.06460952758789,
      4.576301097869873,
      8.05126953125,
      0.05264049023389816,
      2.9192895889282227,
      -0.003442951710894704
    ],
    [
      1.676571011543274,
      1.367316722869873,
      0.9709686636924744,
      0.6215354800224304,
      2.369842052459717,
      1.8256325721740723,
      6.547597408294678,
      6.2038445472717285,
      7.295081615447998,
      7.923505783081055,
      7.414786338806152,
      6.111172199249268,
      4.576301097869873,
      1.9215384721755981,
      1.278757929801941,
      0.023696325719356537,
      0.4127294719219208,
      -0.003029447514563799
    ],
    [
      3.366269826889038,
      3.8240246772766113,
      2.8044207096099854,
      1.5865378379821777,
      4.251709461212158,
      2.876246452331543,
      7.365621089935303,
      6.692038059234619,
      8.435068130493164,
      12.103901863098145,
      9.59728717803955,
      8.201552391052246,
      8.05126953125,
      1.278757929801941,
      4.3122029304504395,
      0.03537414222955704,
      1.359906792640686,
      0.0006094860145822167
    ],
    [
      -0.023843348026275635,
      0.008723492734134197,
      0.007040689699351788,
      0.0071136136539280415,
      0.0690368115901947,
      0.05975343659520149,
      0.08939123153686523,
      0.03940340131521225,
      0.10609882324934006,
      0.10250884294509888,
      0.15748488903045654,
      0.14009016752243042,
      0.05264049023389816,
      0.023696325719356537,
      0.03537414222955704,
      0.011226526461541653,
      0.003947572782635689,
      -2.201212919317186e-05
    ],
    [
      0.832544207572937,
      1.5104185342788696,
      0.7329840660095215,
      0.5302492380142212,
      1.061703085899353,
      0.872437596321106,
      1.4855209589004517,
      1.6926343441009521,
      1.6359831094741821,
      4.638697624206543,
      2.002708673477173,
      2.8213717937469482,
      2.9192895889282227,
      0.4127294719219208,
      1.359906792640686,
      0.003947572782635689,
      0.7667357325553894,
      0.001038214424625039
    ],
    [
      -0.006066529545933008,
      0.003863678313791752,
      -0.011039840057492256,
      -0.011022337712347507,
      -0.010390298441052437,
      -0.011208571493625641,
      -0.016594476997852325,
      -0.027217349037528038,
      -0.015325948596000671,
      -0.007873685099184513,
      -0.022154053673148155,
      -0.0069123064167797565,
      -0.003442951710894704,
      -0.003029447514563799,
      0.0006094860145822167,
      -2.201212919317186e-05,
      0.001038214424625039,
      0.0004935546894557774
    ]
  ],
  "damage": -11.566387176513672,
  "diff_bandwidth": 507.2080078125,
  "dissonance": 3.0350389910305453,
  "drr": 4.6942973136901855,
  "dynamics": 3.9030354022979736,
  "format": 1245190,
  "frames": 3564480,
  "loudness": -20.585424423217773,
  "loudness_range": 12.763640403747559,
  "loudness_range_short": 14.087148666381836,
  "lowpass_true_peak_15khz": -4.986846446990967,
  "mastering3_acoustic_entropies": [
    {
      "acoustic_entropy": 8.086546897888184,
      "acoustic_entropy_mono": 8.16733455657959,
      "band_eliminated_acoustic_entropies": [
        {
          "acoustic_entropy": 8.091869354248047,
          "acoustic_entropy_side": 8.086548805236816,
          "hz": 129.47220167065723
        },
        {
          "acoustic_entropy": 8.090977668762207,
          "acoustic_entropy_side": 8.086326599121094,
          "hz": 202.92927478742237
        },
        {
          "acoustic_entropy": 8.250853538513184,
          "acoustic_entropy_side": 8.029714584350586,
          "hz": 282.89161906338205
        },
        {
          "acoustic_entropy": 8.535639762878418,
          "acoustic_entropy_side": 8.091718673706055,
          "hz": 369.9353335868758
        },
        {
          "acoustic_entropy": 8.118804931640625,
          "acoustic_entropy_side": 8.206659317016602,
          "hz": 464.6875360973435
        },
        {
          "acoustic_entropy": 8.137248039245605,
          "acoustic_entropy_side": 8.023966789245605,
          "hz": 567.8308811364784
        },
        {
          "acoustic_entropy": 8.35750675201416,
          "acoustic_entropy_side": 8.115259170532227,
          "hz": 680.1084783214808
        },
        {
          "acoustic_entropy": 8.201751708984375,
          "acoustic_entropy_side": 8.293740272521973,
          "hz": 802.3292461747484
        },
        {
          "acoustic_entropy": 8.262161254882812,
          "acoustic_entropy_side": 8.090142250061035,
          "hz": 935.3737400823702
        },
        {
          "acoustic_entropy": 8.410551071166992,
          "acoustic_entropy_side": 8.114959716796875,
          "hz": 1080.2004963696966
        },
        {
          "acoustic_entropy": 8.088312149047852,
          "acoustic_entropy_side": 8.12141227722168,
          "hz": 1237.8529382007157
        },
        {
          "acoustic_entropy": 8.415945053100586,
          "acoustic_entropy_side": 8.091897010803223,
          "hz": 1409.4668930556702
        },
        {
          "acoustic_entropy": 7.823587894439697,
          "acoustic_entropy_side": 8.104936599731445,
          "hz": 1596.2787759475705
        },
        {
          "acoustic_entropy": 8.46831226348877,
          "acoustic_entropy_side": 8.104972839355469,
          "hz": 1799.6344973346393
        },
        {
          "acoustic_entropy": 8.226274490356445,
          "acoustic_entropy_side": 8.080946922302246,
          "hz": 2020.9991599069049
        },
        {
          "acoustic_entropy": 8.122615814208984,
          "acoustic_entropy_side": 8.087847709655762,
          "hz": 2261.9676141086993
        },
        {
          "acoustic_entropy": 8.09967041015625,
          "acoustic_entropy_side": 8.086862564086914,
          "hz": 2524.2759484456974
        },
        {
          "acoustic_entropy": 8.079590797424316,
          "acoustic_entropy_side": 8.08655071258545,
          "hz": 2809.813997359896
        },
        {
          "acoustic_entropy": 8.0473051071167,
          "acoustic_entropy_side": 8.084708213806152,
          "hz": 3120.6389567871424
        },
        {
          "acoustic_entropy": 8.110498428344727,
          "acoustic_entropy_side": 8.086071968078613,
          "hz": 3458.990205492291
        },
        {
          "acoustic_entropy": 8.080577850341797,
          "acoustic_entropy_side": 8.086540222167969,
          "hz": 3827.305438964164
        },
        {
          "acoustic_entropy": 8.103642463684082,
          "acoustic_entropy_side": 8.086523056030273,
          "hz": 4228.238232109126
        },
        {
          "acoustic_entropy": 7.890085220336914,
          "acoustic_entropy_side": 8.094436645507812,
          "hz": 4664.6771572759235
        },
        {
          "acoustic_entropy": 8.134149551391602,
          "acoustic_entropy_side": 8.086690902709961,
          "hz": 5139.766595350093
        },
        {
          "acoustic_entropy": 8.086215019226074,
          "acoustic_entropy_side": 8.086546897888184,
          "hz": 5656.929389854203
        },
        {
          "acoustic_entropy": 8.086474418640137,
          "acoustic_entropy_side": 8.086546897888184,
          "hz": 6219.891507268283
        },
        {
          "acoustic_entropy": 8.086562156677246,
          "acoustic_entropy_side": 8.086546897888184,
          "hz": 6832.70888123896
        },
        {
          "acoustic_entropy": 8.086546897888184,
          "acoustic_entropy_side": 8.086546897888184,
          "hz": 7499.796634079867
        },
        {
          "acoustic_entropy": 8.08653736114502,
          "acoustic_entropy_side": 8.086546897888184,
          "hz": 8225.96088609342
        },
        {
          "acoustic_entropy": 8.086540222167969,
          "acoustic_entropy_side": 8.086546897888184,
          "hz": 9016.43338188839
        },
        {
          "acoustic_entropy": 8.086545944213867,
          "acoustic_entropy_side": 8.086546897888184,
          "hz": 9876.909183162974
        },
        {
          "acoustic_entropy": 8.086546897888184,
          "acoustic_entropy_side": 8.086546897888184,
          "hz": 10813.587699516042
        },
        {
          "acoustic_entropy": 8.086546897888184,
          "acoustic_entropy_side": 8.086546897888184,
          "hz": 11833.21735289826
        },
        {
          "acoustic_entropy": 8.086546897888184,
          "acoustic_entropy_side": 8.086546897888184,
          "hz": 12943.144197493959
        },
        {
          "acoustic_entropy": 8.086546897888184,
          "acoustic_entropy_side": 8.086546897888184,
          "hz": 14151.364845322005
        },
        {
          "acoustic_entropy": 8.086546897888184,
          "acoustic_entropy_side": 8.086546897888184,
          "hz": 15466.58407886509
        },
        {
          "acoustic_entropy": 8.086546897888184,
          "acoustic_entropy_side": 8.086546897888184,
          "hz": 16898.27756580493
        },
        {
          "acoustic_entropy": 8.086546897888184,
          "acoustic_entropy_side": 8.086546897888184,
          "hz": 18456.760127700032
        },
        {
          "acoustic_entropy": 8.086546897888184,
          "acoustic_entropy_side": 8.086546897888184,
          "hz": 20153.260054456492
        },
        {
          "acoustic_entropy": 8.086546897888184,
          "acoustic_entropy_side": 8.086546897888184,
          "hz": 22000.00000000001
        }
      ],
      "diff_acoustic_entropy": 3.6401891708374023,
      "sn": 6
    },
    {
      "acoustic_entropy": 11.378366470336914,
      "acoustic_entropy_mono": 11.285017967224121,
      "band_eliminated_acoustic_entropies": [
        {
          "acoustic_entropy": 11.394986152648926,
          "acoustic_entropy_side": 11.378387451171875,
          "hz": 129.47220167065723
        },
        {
          "acoustic_entropy": 11.412178039550781,
          "acoustic_entropy_side": 11.377403259277344,
          "hz": 202.92927478742237
        },
        {
          "acoustic_entropy": 11.893155097961426,
          "acoustic_entropy_side": 11.435070037841797,
          "hz": 282.89161906338205
        },
        {
          "acoustic_entropy": 11.909399032592773,
          "acoustic_entropy_side": 11.701578140258789,
          "hz": 369.9353335868758
        },
        {
          "acoustic_entropy": 10.726388931274414,
          "acoustic_entropy_side": 10.981064796447754,
          "hz": 464.6875360973435
        },
        {
          "acoustic_entropy": 11.47238826751709,
          "acoustic_entropy_side": 11.083517074584961,
          "hz": 567.8308811364784
        },
        {
          "acoustic_entropy": 11.762681007385254,
          "acoustic_entropy_side": 11.311447143554688,
          "hz": 680.1084783214808
        },
        {
          "acoustic_entropy": 11.337498664855957,
          "acoustic_entropy_side": 11.843103408813477,
          "hz": 802.3292461747484
        },
        {
          "acoustic_entropy": 11.343385696411133,
          "acoustic_entropy_side": 11.424761772155762,
          "hz": 935.3737400823702
        },
        {
          "acoustic_entropy": 11.805800437927246,
          "acoustic_entropy_side": 11.531506538391113,
          "hz": 1080.2004963696966
        },
        {
          "acoustic_entropy": 11.648195266723633,
          "acoustic_entropy_side": 11.538494110107422,
          "hz": 1237.8529382007157
        },
        {
          "acoustic_entropy": 11.258207321166992,
          "acoustic_entropy_side": 11.371979713439941,
          "hz": 1409.4668930556702
        },
        {
          "acoustic_entropy": 11.356854438781738,
          "acoustic_entropy_side": 11.36218547821045,
          "hz": 1596.2787759475705
        },
        {
          "acoustic_entropy": 12.008156776428223,
          "acoustic_entropy_side": 11.421228408813477,
          "hz": 1799.6344973346393
        },
        {
          "acoustic_entropy": 11.272018432617188,
          "acoustic_entropy_side": 11.363066673278809,
          "hz": 2020.9991599069049
        },
        {
          "acoustic_entropy": 11.35550594329834,
          "acoustic_entropy_side": 11.467668533325195,
          "hz": 2261.9676141086993
        },
        {
          "acoustic_entropy": 11.1791353225708,
          "acoustic_entropy_side": 11.423344612121582,
          "hz": 2524.2759484456974
        },
        {
          "acoustic_entropy": 11.275944709777832,
          "acoustic_entropy_side": 11.37865924835205,
          "hz": 2809.813997359896
        },
        {
          "acoustic_entropy": 11.4967041015625,
          "acoustic_entropy_side": 11.378950119018555,
          "hz": 3120.6389567871424
        },
        {
          "acoustic_entropy": 11.684699058532715,
          "acoustic_entropy_side": 11.379775047302246,
          "hz": 3458.990205492291
        },
        {
          "acoustic_entropy": 11.41417407989502,
          "acoustic_entropy_side": 11.378616333007812,
          "hz": 3827.305438964164
        },
        {
          "acoustic_entropy": 11.438155174255371,
          "acoustic_entropy_side": 11.378602981567383,
          "hz": 4228.238232109126
        },
        {
          "acoustic_entropy": 10.799154281616211,
          "acoustic_entropy_side": 11.366214752197266,
          "hz": 4664.6771572759235
        },
        {
          "acoustic_entropy": 11.417325019836426,
          "acoustic_entropy_side": 11.377938270568848,
          "hz": 5139.766595350093
        },
        {
          "acoustic_entropy": 11.382083892822266,
          "acoustic_entropy_side": 11.378371238708496,
          "hz": 5656.929389854203
        },
        {
          "acoustic_entropy": 11.379189491271973,
          "acoustic_entropy_side": 11.37836742401123,
          "hz": 6219.891507268283
        },
        {
          "acoustic_entropy": 11.37891960144043,
          "acoustic_entropy_side": 11.378366470336914,
          "hz": 6832.70888123896
        },
        {
          "acoustic_entropy": 11.378450393676758,
          "acoustic_entropy_side": 11.378366470336914,
          "hz": 7499.796634079867
        },
        {
          "acoustic_entropy": 11.378478050231934,
          "acoustic_entropy_side": 11.378366470336914,
          "hz": 8225.96088609342
        },
        {
          "acoustic_entropy": 11.378434181213379,
          "acoustic_entropy_side": 11.378366470336914,
          "hz": 9016.43338188839
        },
        {
          "acoustic_entropy": 11.378385543823242,
          "acoustic_entropy_side": 11.378366470336914,
          "hz": 9876.909183162974
        },
        {
          "acoustic_entropy": 11.378369331359863,
          "acoustic_entropy_side": 11.378366470336914,
          "hz": 10813.587699516042
        },
        {
          "acoustic_entropy": 11.378366470336914,
          "acoustic_entropy_side": 11.378366470336914,
          "hz": 11833.21735289826
        },
        {
          "acoustic_entropy": 11.37836742401123,
          "acoustic_entropy_side": 11.378366470336914,
          "hz": 12943.144197493959
        },
        {
          "acoustic_entropy": 11.37836742401123,
          "acoustic_entropy_side": 11.378366470336914,
          "hz": 14151.364845322005
        },
        {
          "acoustic_entropy": 11.378366470336914,
          "acoustic_entropy_side": 11.378366470336914,
          "hz": 15466.58407886509
        },
        {
          "acoustic_entropy": 11.378366470336914,
          "acoustic_entropy_side": 11.378366470336914,
          "hz": 16898.27756580493
        },
        {
          "acoustic_entropy": 11.378366470336914,
          "acoustic_entropy_side": 11.378366470336914,
          "hz": 18456.760127700032
        },
        {
          "acoustic_entropy": 11.378366470336914,
          "acoustic_entropy_side": 11.378366470336914,
          "hz": 20153.260054456492
        },
        {
          "acoustic_entropy": 11.378366470336914,
          "acoustic_entropy_side": 11.378366470336914,
          "hz": 22000.00000000001
        }
      ],
      "diff_acoustic_entropy": 5.206092357635498,
      "sn": 12
    },
    {
      "acoustic_entropy": 16.780548095703125,
      "acoustic_entropy_mono": 14.624825477600098,
      "band_eliminated_acoustic_entropies": [
        {
          "acoustic_entropy": 16.70171546936035,
          "acoustic_entropy_side": 16.781553268432617,
          "hz": 129.47220167065723
        },
        {
          "acoustic_entropy": 16.802104949951172,
          "acoustic_entropy_side": 16.806133270263672,
          "hz": 202.92927478742237
        },
        {
          "acoustic_entropy": 17.769729614257812,
          "acoustic_entropy_side": 17.28799057006836,
          "hz": 282.89161906338205
        },
        {
          "acoustic_entropy": 17.792057037353516,
          "acoustic_entropy_side": 17.66048240661621,
          "hz": 369.9353335868758
        },
        {
          "acoustic_entropy": 16.6223087310791,
          "acoustic_entropy_side": 16.351430892944336,
          "hz": 464.6875360973435
        },
        {
          "acoustic_entropy": 16.845966339111328,
          "acoustic_entropy_side": 16.72471046447754,
          "hz": 567.8308811364784
        },
        {
          "acoustic_entropy": 17.515817642211914,
          "acoustic_entropy_side": 16.821971893310547,
          "hz": 680.1084783214808
        },
        {
          "acoustic_entropy": 17.289806365966797,
          "acoustic_entropy_side": 17.263324737548828,
          "hz": 802.3292461747484
        },
        {
          "acoustic_entropy": 16.517688751220703,
          "acoustic_entropy_side": 16.503618240356445,
          "hz": 935.3737400823702
        },
        {
          "acoustic_entropy": 17.291038513183594,
          "acoustic_entropy_side": 17.003799438476562,
          "hz": 1080.2004963696966
        },
        {
          "acoustic_entropy": 17.594558715820312,
          "acoustic_entropy_side": 18.054948806762695,
          "hz": 1237.8529382007157
        },
        {
          "acoustic_entropy": 16.43634796142578,
          "acoustic_entropy_side": 16.634414672851562,
          "hz": 1409.4668930556702
        },
        {
          "acoustic_entropy": 16.6743221282959,
          "acoustic_entropy_side": 16.579509735107422,
          "hz": 1596.2787759475705
        },
        {
          "acoustic_entropy": 17.29686737060547,
          "acoustic_entropy_side": 17.04183578491211,
          "hz": 1799.6344973346393
        },
        {
          "acoustic_entropy": 17.100080490112305,
          "acoustic_entropy_side": 16.285890579223633,
          "hz": 2020.9991599069049
        },
        {
          "acoustic_entropy": 17.029090881347656,
          "acoustic_entropy_side": 16.746870040893555,
          "hz": 2261.9676141086993
        },
        {
          "acoustic_entropy": 16.82813835144043,
