{
  "acoustic_entropy": 199.40931701660156,
  "bands": [
    {
      "high_freq": 148.1999969482422,
      "loudness": -37.7824592590332,
      "loudness_range": 17.24181365966797,
      "mid_mean": -35.49348831176758,
      "mid_to_side_loudness": -5.209263324737549,
      "mid_to_side_loudness_range": 9.502937316894531,
      "side_mean": -40.56822967529297
    },
    {
      "high_freq": 392.3793640136719,
      "loudness": -29.361507415771484,
      "loudness_range": 14.170660018920898,
      "low_freq": 148.1999969482422,
      "mid_mean": -27.968673706054688,
      "mid_to_side_loudness": -2.4050915241241455,
      "mid_to_side_loudness_range": 8.786676406860352,
      "side_mean": -30.291513442993164
    },
    {
      "high_freq": 794.6976318359375,
      "loudness": -30.82546615600586,
      "loudness_range": 15.920034408569336,
      "low_freq": 392.3793640136719,
      "mid_mean": -28.903017044067383,
      "mid_to_side_loudness": -3.7318220138549805,
      "mid_to_side_loudness_range": 8.6909761428833,
      "side_mean": -32.69491195678711
    },
    {
      "high_freq": 1457.5709228515625,
      "loudness": -33.49257278442383,
      "loudness_range": 18.044269561767578,
      "low_freq": 794.6976318359375,
      "mid_mean": -31.749927520751953,
      "mid_to_side_loudness": -3.481337547302246,
      "mid_to_side_loudness_range": 9.94282054901123,
      "side_mean": -35.387351989746094
    },
    {
      "high_freq": 2549.74365234375,
      "loudness": -37.678104400634766,
      "loudness_range": 20.029876708984375,
      "low_freq": 1457.5709228515625,
      "mid_mean": -36.332027435302734,
      "mid_to_side_loudness": -1.8709070682525635,
      "mid_to_side_loudness_range": 5.737420082092285,
      "side_mean": -38.228057861328125
    },
    {
      "high_freq": 4349.24462890625,
      "loudness": -44.40207290649414,
      "loudness_range": 19.56534194946289,
      "low_freq": 2549.74365234375,
      "mid_mean": -43.75165557861328,
      "mid_to_side_loudness": -0.5905960202217102,
      "mid_to_side_loudness_range": 5.9341535568237305,
      "side_mean": -44.2803955078125
    },
    {
      "high_freq": 7314.1640625,
      "loudness": -55.39677429199219,
      "loudness_range": 22.041133880615234,
      "low_freq": 4349.24462890625,
      "mid_mean": -53.922340393066406,
      "mid_to_side_loudness": -1.7156553268432617,
      "mid_to_side_loudness_range": 8.630663871765137,
      "side_mean": -55.5733528137207
    },
    {
      "high_freq": 12199.2666015625,
      "loudness": -61.585105895996094,
      "loudness_range": 22.650096893310547,
      "low_freq": 7314.1640625,
      "mid_mean": -58.66858673095703,
      "mid_to_side_loudness": -3.228667736053467,
      "mid_to_side_loudness_range": 8.810011863708496,
      "side_mean": -61.704254150390625
    },
    {
      "loudness": -65.86241912841797,
      "loudness_range": 13.190502166748047,
      "low_freq": 12199.2666015625,
      "mid_mean": -62.99347686767578,
      "mid_to_side_loudness": -1.7820566892623901,
      "mid_to_side_loudness_range": 5.676759243011475,
      "side_mean": -64.47862243652344
    }
  ],
  "bands_short": [
    {
      "high_freq": 148.1999969482422,
      "loudness": -40.49417495727539,
      "loudness_range": 20.659528732299805,
      "mid_mean": -38.56647491455078,
      "mid_to_side_loudness": -4.496008396148682,
      "mid_to_side_loudness_range": 13.660894393920898,
      "side_mean": -43.0372200012207
    },
    {
      "high_freq": 392.3793640136719,
      "loudness": -29.69533348083496,
      "loudness_range": 15.39188003540039,
      "low_freq": 148.1999969482422,
      "mid_mean": -28.361083984375,
      "mid_to_side_loudness": -2.5642244815826416,
      "mid_to_side_loudness_range": 11.106559753417969,
      "side_mean": -30.835630416870117
    },
    {
      "high_freq": 794.6976318359375,
      "loudness": -31.001867294311523,
      "loudness_range": 17.252151489257812,
      "low_freq": 392.3793640136719,
      "mid_mean": -29.207021713256836,
      "mid_to_side_loudness": -3.567507743835449,
      "mid_to_side_loudness_range": 11.113642692565918,
      "side_mean": -32.888431549072266
    },
    {
      "high_freq": 1457.5709228515625,
      "loudness": -33.6825065612793,
      "loudness_range": 19.38383674621582,
      "low_freq": 794.6976318359375,
      "mid_mean": -32.06352615356445,
      "mid_to_side_loudness": -3.4697072505950928,
      "mid_to_side_loudness_range": 12.617918014526367,
      "side_mean": -35.68848419189453
    },
    {
      "high_freq": 2549.74365234375,
      "loudness": -38.111568450927734,
      "loudness_range": 21.346359252929688,
      "low_freq": 1457.5709228515625,
      "mid_mean": -36.87724304199219,
      "mid_to_side_loudness": -1.8836896419525146,
      "mid_to_side_loudness_range": 8.512589454650879,
      "side_mean": -38.78030014038086
    },
    {
      "high_freq": 4349.24462890625,
      "loudness": -44.214778900146484,
      "loudness_range": 21.37220001220703,
      "low_freq": 2549.74365234375,
      "mid_mean": -43.63077926635742,
      "mid_to_side_loudness": -0.6629127860069275,
      "mid_to_side_loudness_range": 8.225564002990723,
      "side_mean": -44.2469482421875
    },
    {
      "high_freq": 7314.1640625,
      "loudness": -55.921199798583984,
      "loudness_range": 23.768688201904297,
      "low_freq": 4349.24462890625,
      "mid_mean": -54.6102180480957,
      "mid_to_side_loudness": -1.2458699941635132,
      "mid_to_side_loudness_range": 9.966158866882324,
      "side_mean": -55.818641662597656
    },
    {
      "high_freq": 12199.2666015625,
      "loudness": -62.43717575073242,
      "loudness_range": 22.637107849121094,
      "low_freq": 7314.1640625,
      "mid_mean": -59.61052703857422,
      "mid_to_side_loudness": -2.61255145072937,
      "mid_to_side_loudness_range": 9.42048454284668,
      "side_mean": -62.057979583740234
    },
    {
      "loudness": -66.64984130859375,
      "loudness_range": 13.395610809326172,
      "low_freq": 12199.2666015625,
      "mid_mean": -63.76801681518555,
      "mid_to_side_loudness": -1.248222827911377,
      "mid_to_side_loudness_range": 5.797231197357178,
      "side_mean": -64.81785583496094
    }
  ],
  "bandwidth": 603.4959716796875,
  "channels": 2,
  "covariance": [
    [
      39.666900634765625,
      35.57381820678711,
      16.659019470214844,
      19.874923706054688,
      16.87415313720703,
      17.926496505737305,
      13.599160194396973,
      15.379444122314453,
      19.19830322265625,
      19.119165420532227,
      18.85917091369629,
      21.414491653442383,
      23.74694061279297,
      21.49587059020996,
      19.86263084411621,
      14.505966186523438,
      10.258180618286133,
      6.600264549255371
    ],
    [
      35.57381820678711,
      45.276039123535156,
      16.9986515045166,
      21.34522247314453,
      16.63981819152832,
      18.770858764648438,
      13.216607093811035,
      15.703585624694824,
      18.800569534301758,
      18.8319149017334,
      18.081401824951172,
      21.476694107055664,
      24.492416381835938,
      22.76715850830078,
      20.672555923461914,
      16.00971221923828,
      10.821260452270508,
      7.719644546508789
    ],
    [
      16.659019470214844,
      16.9986515045166,
      26.63595962524414,
      26.464406967163086,
      18.640483856201172,
      19.764842987060547,
      13.871846199035645,
      12.113497734069824,
      19.686599731445312,
      20.024118423461914,
      20.80764389038086,
      21.45941162109375,
      23.4532527923584,
      20.793087005615234,
      20.59501075744629,
      13.766888618469238,
      9.889322280883789,
      5.768426895141602
    ],
    [
      19.874923706054688,
      21.34522247314453,
      26.464406967163086,
      40.36062240600586,
      21.911334991455078,
      25.1656494140625,
      21.34041976928711,
      17.839492797851562,
      21.724430084228516,
      22.605966567993164,
      24.78386116027832,
      24.935710906982422,
      26.098888397216797,
      23.884693145751953,
      20.344823837280273,
      13.52647876739502,
      8.766349792480469,
      4.9886298179626465
    ],
    [
      16.87415313720703,
      16.63981819152832,
      18.640483856201172,
      21.911334991455078,
      33.54511642456055,
      30.19455909729004,
      18.357036590576172,
      19.72932243347168,
      26.2161922454834,
      26.20987892150879,
      25.658695220947266,
      28.977869033813477,
      22.78325843811035,
      23.37504005432129,
      16.718873977661133,
      12.212303161621094,
      7.770791053771973,
      4.881960868835449
    ],
    [
      17.926496505737305,
      18.770858764648438,
      19.764842987060547,
      25.1656494140625,
      30.19455909729004,
      41.13262176513672,
      20.04911994934082,
      24.010181427001953,
      29.157093048095703,
      31.689733505249023,
      29.187217712402344,
      34.23809051513672,
      23.023958206176758,
      26.666034698486328,
      14.460598945617676,
      12.784669876098633,
      6.968472003936768,
      5.449382305145264
    ],
    [
      13.599160194396973,
      13.216607093811035,
      13.871846199035645,
      21.34041976928711,
      18.357036590576172,
      20.04911994934082,
      46.61602783203125,
      32.353187561035156,
      23.72047233581543,
      22.41398048400879,
      27.51187515258789,
      27.045799255371094,
      21.40845489501953,
      19.839981079101562,
      14.727330207824707,
      9.121528625488281,
      5.439953327178955,
      2.924367904663086
    ],
    [
      15.379444122314453,
      15.703585624694824,
      12.113497734069824,
      17.839492797851562,
      19.72932243347168,
      24.010181427001953,
      32.353187561035156,
      38.96156311035156,
      30.484054565429688,
      31.925439834594727,
      30.188764572143555,
      34.56899642944336,
      21.061107635498047,
      23.894620895385742,
      13.735533714294434,
      10.665841102600098,
      6.491761207580566,
      4.282571792602539
    ],
    [
      19.19830322265625,
      18.800569534301758,
      19.686599731445312,
      21.724430084228516,
      26.2161922454834,
      29.157093048095703,
      23.72047233581543,
      30.484054565429688,
      50.23289108276367,
      48.32798767089844,
      41.69607162475586,
      46.48274612426758,
      35.269866943359375,
      35.71290969848633,
      32.19124221801758,
      24.60195541381836,
      17.045700073242188,
      11.82463264465332
    ],
    [
      19.119165420532227,
      18.8319149017334,
      20.024118423461914,
      22.605966567993164,
      26.20987892150879,
      31.689733505249023,
      22.41398048400879,
      31.925439834594727,
      48.32798767089844,
      54.41634750366211,
      43.361778259277344,
      51.39057540893555,
      34.6745491027832,
      37.67655563354492,
      29.7369384765625,
      24.534774780273438,
      16.28378677368164,
      12.187654495239258
    ],
    [
      18.85917091369629,
      18.081401824951172,
      20.80764389038086,
      24.78386116027832,
      25.658695220947266,
      29.187217712402344,
      27.51187515258789,
      30.188764572143555,
      41.69607162475586,
      43.361778259277344,
      46.88104248046875,
      48.94805908203125,
      37.60997009277344,
      37.412052154541016,
      31.24477195739746,
      23.289005279541016,
      15.564132690429688,
      10.4788818359375
    ],
    [
      21.414491653442383,
      21.476694107055664,
      21.45941162109375,
      24.935710906982422,
      28.977869033813477,
      34.23809051513672,
      27.045799255371094,
      34.56899642944336,
      46.48274612426758,
      51.39057540893555,
      48.94805908203125,
      59.31867980957031,
      37.9803581237793,
      41.612754821777344,
      29.506303787231445,
      23.677658081054688,
      15.166650772094727,
      10.790955543518066
    ],
    [
      23.74694061279297,
      24.492416381835938,
      23.4532527923584,
      26.098888397216797,
      22.78325843811035,
      23.023958206176758,
      21.40845489501953,
      21.061107635498047,
      35.269866943359375,
      34.6745491027832,
      37.60997009277344,
      37.9803581237793,
      52.34703826904297,
      43.27788162231445,
      51.117149353027344,
      35.18221664428711,
      25.83247947692871,
      16.56694984436035
    ],
    [
      21.49587059020996,
      22.76715850830078,
      20.793087005615234,
      23.884693145751953,
      23.37504005432129,
      26.666034698486328,
      19.839981079101562,
      23.894620895385742,
      35.71290969848633,
      37.67655563354492,
      37.412052154541016,
      41.612754821777344,
      43.27788162231445,
      42.77888870239258,
      37.832149505615234,
      29.338266372680664,
      19.816186904907227,
      14.017845153808594
    ],
    [
      19.86263084411621,
      20.672555923461914,
      20.59501075744629,
      20.344823837280273,
      16.718873977661133,
      14.460598945617676,
      14.727330207824707,
      13.735533714294434,
      32.19124221801758,
      29.7369384765625,
      31.24477195739746,
      29.506303787231445,
      51.117149353027344,
      37.832149505615234,
      60.57357406616211,
      40.36979675292969,
      31.655973434448242,
      20.08610725402832
    ],
    [
      14.505966186523438,
      16.00971221923828,
      13.766888618469238,
      13.52647876739502,
      12.212303161621094,
      12.784669876098633,
      9.121528625488281,
      10.665841102600098,
      24.60195541381836,
      24.534774780273438,
      23.289005279541016,
      23.677658081054688,
      35.18221664428711,
      29.338266372680664,
      40.36979675292969,
      31.448226928710938,
      22.866493225097656,
      17.319677352905273
    ],
    [
      10.258180618286133,
      10.821260452270508,
      9.889322280883789,
      8.766349792480469,
      7.770791053771973,
      6.968472003936768,
      5.439953327178955,
      6.491761207580566,
      17.045700073242188,
      16.28378677368164,
      15.564132690429688,
      15.166650772094727,
      25.83247947692871,
      19.816186904907227,
      31.655973434448242,
      22.866493225097656,
      18.88736343383789,
      13.047128677368164
    ],
    [
      6.600264549255371,
      7.719644546508789,
      5.768426895141602,
      4.9886298179626465,
      4.881960868835449,
      5.449382305145264,
      2.924367904663086,
      4.282571792602539,
      11.82463264465332,
      12.187654495239258,
      10.4788818359375,
      10.790955543518066,
      16.56694984436035,
      14.017845153808594,
      20.08610725402832,
      17.319677352905273,
      13.047128677368164,
      11.190957069396973
    ]
  ],
  "covariance_short": [
    [
      55.017601013183594,
      45.430667877197266,
      16.227703094482422,
      18.42410659790039,
      16.484338760375977,
      18.80071449279785,
      11.701199531555176,
      14.599217414855957,
      16.849855422973633,
      16.70709228515625,
      17.272998809814453,
      20.650667190551758,
      20.313087463378906,
      20.448211669921875,
      13.339493751525879,
      10.485407829284668,
      5.724001407623291,
      3.859830617904663
    ],
    [
      45.430667877197266,
      61.18805694580078,
      16.696163177490234,
      21.761388778686523,
      16.7244815826416,
      20.083364486694336,
      12.22827434539795,
      14.633819580078125,
      17.287416458129883,
      17.04677963256836,
      17.622364044189453,
      20.846330642700195,
      24.09271240234375,
      23.21963119506836,
      18.399316787719727,
      14.185853958129883,
      8.06416130065918,
      5.7284836769104
    ],
    [
      16.227703094482422,
      16.696163177490234,
      31.935333251953125,
      28.25922393798828,
      20.870067596435547,
      21.454193115234375,
      15.959994316101074,
      13.973068237304688,
      20.554109573364258,
      20.610700607299805,
      21.18627166748047,
      21.59855842590332,
      24.103073120117188,
      21.028751373291016,
      19.893686294555664,
      13.669469833374023,
      8.578500747680664,
      5.396590709686279
    ],
    [
      18.42410659790039,
      21.761388778686523,
      28.25922393798828,
      45.7655143737793,
      24.202259063720703,
      27.143869400024414,
      23.513465881347656,
      20.08285140991211,
      22.719696044921875,
      23.65015983581543,
      24.94951057434082,
      25.465469360351562,
      26.644004821777344,
      24.46822738647461,
      19.786550521850586,
      13.776901245117188,
      7.741153717041016,
      4.935899257659912
    ],
    [
      16.484338760375977,
      16.7244815826416,
      20.870067596435547,
      24.202259063720703,
      39.125205993652344,
      33.52307891845703,
      21.0172119140625,
      22.494991302490234,
      29.530790328979492,
      29.350130081176758,
      28.777847290039062,
      32.41973876953125,
      24.50672149658203,
      25.105449676513672,
      16.953350067138672,
      12.758668899536133,
      6.912865161895752,
      4.604301929473877
    ],
    [
      18.80071449279785,
      20.083364486694336,
      21.454193115234375,
      27.143869400024414,
      33.52307891845703,
      47.887351989746094,
      22.329559326171875,
      26.77722930908203,
      32.32962417602539,
      34.38786315917969,
      30.825986862182617,
      35.903564453125,
      24.864213943481445,
      28.539854049682617,
      14.790945053100586,
      12.947564125061035,
      6.262062072753906,
      4.851395130157471
    ],
    [
      11.701199531555176,
      12.22827434539795,
      15.959994316101074,
      23.513465881347656,
      21.0172119140625,
      22.329559326171875,
      53.3932991027832,
      35.14109802246094,
      25.633127212524414,
      24.93501853942871,
      30.515960693359375,
      29.70087242126465,
      23.32176399230957,
      21.012271881103516,
      14.161712646484375,
      9.036492347717285,
      4.36558723449707,
      2.6797547340393066
    ],
    [
      14.599217414855957,
      14.633819580078125,
      13.973068237304688,
      20.08285140991211,
      22.494991302490234,
      26.77722930908203,
      35.14109802246094,
      44.66306686401367,
      31.832284927368164,
      32.9999885559082,
      32.21818542480469,
      36.321102142333984,
      21.194021224975586,
      24.12500762939453,
      11.634682655334473,
      9.652544021606445,
      4.670073986053467,
      3.4674506187438965
    ],
    [
      16.849855422973633,
      17.287416458129883,
      20.554109573364258,
      22.719696044921875,
      29.530790328979492,
      32.32962417602539,
      25.633127212524414,
      31.832284927368164,
      56.2734489440918,
      50.958988189697266,
      47.42509841918945,
      51.84574890136719,
      36.13363265991211,
      36.51803207397461,
      29.632587432861328,
      23.486265182495117,
      14.140751838684082,
      10.282017707824707
    ],
    [
      16.70709228515625,
      17.04677963256836,
      20.610700607299805,
      23.65015983581543,
      29.350130081176758,
      34.38786315917969,
      24.93501853942871,
      32.9999885559082,
      50.958988189697266,
      58.613922119140625,
      46.517147064208984,
      54.371219635009766,
      35.65723419189453,
      38.54978561401367,
      27.854095458984375,
      23.53790283203125,
      13.751962661743164,
      10.6815767288208
    ],
    [
      17.272998809814453,
      17.622364044189453,
      21.18627166748047,
      24.94951057434082,
      28.777847290039062,
      30.825986862182617,
      30.515960693359375,
      32.21818542480469,
      47.42509841918945,
      46.517147064208984,
      54.15557098388672,
      53.87002944946289,
      39.73277282714844,
      38.32451629638672,
      31.135833740234375,
      23.4810848236084,
      13.914993286132812,
      9.71442985534668
    ],
    [
      20.650667190551758,
      20.846330642700195,
      21.59855842590332,
      25.465469360351562,
      32.41973876953125,
      35.903564453125,
      29.70087242126465,
      36.321102142333984,
      51.84574890136719,
      54.371219635009766,
      53.87002944946289,
      66.57796478271484,
      40.08653259277344,
      43.0928955078125,
      29.3317813873291,
      23.90654754638672,
      13.392545700073242,
      9.890999794006348
    ],
    [
      20.313087463378906,
      24.09271240234375,
      24.103073120117188,
      26.644004821777344,
      24.50672149658203,
      24.864213943481445,
      23.32176399230957,
      21.194021224975586,
      36.13363265991211,
      35.65723419189453,
      39.73277282714844,
      40.08653259277344,
      55.39263916015625,
      44.29060363769531,
      50.151309967041016,
      34.228328704833984,
      24.527708053588867,
      15.811087608337402
    ],
    [
      20.448211669921875,
      23.21963119506836,
      21.028751373291016,
      24.46822738647461,
      25.105449676513672,
      28.539854049682617,
      21.012271881103516,
      24.12500762939453,
      36.51803207397461,
      38.54978561401367,
      38.32451629638672,
      43.0928955078125,
      44.29060363769531,
      45.00998306274414,
      35.410743713378906,
      28.3958740234375,
      16.411401748657227,
      12.337855339050293
    ],
    [
      13.339493751525879,
      18.399316787719727,
      19.893686294555664,
      19.786550521850586,
      16.953350067138672,
      14.790945053100586,
      14.161712646484375,
      11.634682655334473,
      29.632587432861328,
      27.854095458984375,
      31.135833740234375,
      29.3317813873291,
      50.151309967041016,
      35.410743713378906,
      58.17443084716797,
      38.149200439453125,
      30.136581420898438,
      19.134965896606445
    ],
    [
      10.485407829284668,
      14.185853958129883,
      13.669469833374023,
      13.776901245117188,
      12.758668899536133,
      12.947564125061035,
      9.036492347717285,
      9.652544021606445,
      23.486265182495117,
      23.53790283203125,
      23.4810848236084,
      23.90654754638672,
      34.228328704833984,
      28.3958740234375,
      38.149200439453125,
      30.55670166015625,
      20.287052154541016,
      16.099367141723633
    ],
    [
      5.724001407623291,
      8.06416130065918,
      8.578500747680664,
      7.741153717041016,
      6.912865161895752,
      6.262062072753906,
      4.36558723449707,
      4.670073986053467,
      14.140751838684082,
      13.751962661743164,
      13.914993286132812,
      13.392545700073242,
      24.527708053588867,
      16.411401748657227,
      30.136581420898438,
      20.287052154541016,
      19.32366180419922,
      12.682597160339355
    ],
    [
      3.859830617904663,
      5.7284836769104,
      5.396590709686279,
      4.935899257659912,
      4.604301929473877,
      4.851395130157471,
      2.6797547340393066,
      3.4674506187438965,
      10.282017707824707,
      10.6815767288208,
      9.71442985534668,
      9.890999794006348,
      15.811087608337402,
      12.337855339050293,
      19.134965896606445,
      16.099367141723633,
      12.682597160339355,
      10.92359447479248
    ]
  ],
  "damage": -14.797746658325195,
  "diff_bandwidth": 626.4605102539062,
  "dissonance": 5.100025375601064,
  "drr": 2.1099016666412354,
  "dynamics": 4.140525817871094,
  "format": 1245190,
  "frames": 4445120,
  "loudness": -20.89131736755371,
  "loudness_range": 13.178975105285645,
  "loudness_range_short": 14.16543960571289,
  "lowpass_true_peak_15khz": -3.1185696125030518,
  "mastering3_acoustic_entropies": [
    {
      "acoustic_entropy": 7.362186431884766,
      "acoustic_entropy_mono": 6.754317760467529,
      "band_eliminated_acoustic_entropies": [
        {
          "acoustic_entropy": 7.355737686157227,
          "acoustic_entropy_side": 7.360142230987549,
          "hz": 129.47220167065723
        },
        {
          "acoustic_entropy": 7.323155403137207,
          "acoustic_entropy_side": 7.339338302612305,
          "hz": 202.92927478742237
        },
        {
          "acoustic_entropy": 6.67553186416626,
          "acoustic_entropy_side": 6.893305778503418,
          "hz": 282.89161906338205
        },
        {
          "acoustic_entropy": 8.024337768554688,
          "acoustic_entropy_side": 7.535759925842285,
          "hz": 369.9353335868758
        },
        {
          "acoustic_entropy": 6.840185165405273,
          "acoustic_entropy_side": 7.572885513305664,
          "hz": 464.6875360973435
        },
        {
          "acoustic_entropy": 7.096229076385498,
          "acoustic_entropy_side": 7.382828712463379,
          "hz": 567.8308811364784
        },
        {
          "acoustic_entropy": 7.608128547668457,
          "acoustic_entropy_side": 7.61321496963501,
          "hz": 680.1084783214808
        },
        {
          "acoustic_entropy": 7.740801811218262,
          "acoustic_entropy_side": 7.484183311462402,
          "hz": 802.3292461747484
        },
        {
          "acoustic_entropy": 7.342379093170166,
          "acoustic_entropy_side": 7.555331230163574,
          "hz": 935.3737400823702
        },
        {
          "acoustic_entropy": 8.11491584777832,
          "acoustic_entropy_side": 7.593911647796631,
          "hz": 1080.2004963696966
        },
        {
          "acoustic_entropy": 7.378142833709717,
          "acoustic_entropy_side": 7.547623634338379,
          "hz": 1237.8529382007157
        },
        {
          "acoustic_entropy": 6.788771629333496,
          "acoustic_entropy_side": 7.0417985916137695,
          "hz": 1409.4668930556702
        },
        {
          "acoustic_entropy": 6.970449924468994,
          "acoustic_entropy_side": 7.338759899139404,
          "hz": 1596.2787759475705
        },
        {
          "acoustic_entropy": 7.627309322357178,
          "acoustic_entropy_side": 7.494143009185791,
          "hz": 1799.6344973346393
        },
        {
          "acoustic_entropy": 8.200789451599121,
          "acoustic_entropy_side": 7.604557991027832,
          "hz": 2020.9991599069049
        },
        {
          "acoustic_entropy": 7.536877155303955,
          "acoustic_entropy_side": 7.255771636962891,
          "hz": 2261.9676141086993
        },
        {
          "acoustic_entropy": 7.299533367156982,
          "acoustic_entropy_side": 7.389598846435547,
          "hz": 2524.2759484456974
        },
        {
          "acoustic_entropy": 7.789205074310303,
          "acoustic_entropy_side": 7.618295192718506,
          "hz": 2809.813997359896
        },
        {
          "acoustic_entropy": 7.426119804382324,
          "acoustic_entropy_side": 7.384994029998779,
          "hz": 3120.6389567871424
        },
        {
          "acoustic_entropy": 7.453734874725342,
          "acoustic_entropy_side": 7.418989181518555,
          "hz": 3458.990205492291
        },
        {
          "acoustic_entropy": 7.447091102600098,
          "acoustic_entropy_side": 7.4058661460876465,
          "hz": 3827.305438964164
        },
        {
          "acoustic_entropy": 7.398876667022705,
          "acoustic_entropy_side": 7.381392002105713,
          "hz": 4228.238232109126
        },
        {
          "acoustic_entropy": 7.377058029174805,
          "acoustic_entropy_side": 7.375093936920166,
          "hz": 4664.6771572759235
        },
        {
          "acoustic_entropy": 7.373215198516846,
          "acoustic_entropy_side": 7.368706703186035,
          "hz": 5139.766595350093
        },
        {
          "acoustic_entropy": 7.363208770751953,
          "acoustic_entropy_side": 7.36309814453125,
          "hz": 5656.929389854203
        },
        {
          "acoustic_entropy": 7.362221717834473,
          "acoustic_entropy_side": 7.362430572509766,
          "hz": 6219.891507268283
        },
        {
          "acoustic_entropy": 7.361574172973633,
          "acoustic_entropy_side": 7.362323760986328,
          "hz": 6832.70888123896
        },
        {
          "acoustic_entropy": 7.361164569854736,
          "acoustic_entropy_side": 7.362120151519775,
          "hz": 7499.796634079867
        },
        {
          "acoustic_entropy": 7.362231731414795,
          "acoustic_entropy_side": 7.362404823303223,
          "hz": 8225.96088609342
        },
        {
          "acoustic_entropy": 7.361542701721191,
          "acoustic_entropy_side": 7.362164497375488,
          "hz": 9016.43338188839
        },
        {
          "acoustic_entropy": 7.36228609085083,
          "acoustic_entropy_side": 7.362423896789551,
          "hz": 9876.909183162974
        },
        {
          "acoustic_entropy": 7.363036632537842,
          "acoustic_entropy_side": 7.362738132476807,
          "hz": 10813.587699516042
        },
        {
          "acoustic_entropy": 7.363526344299316,
          "acoustic_entropy_side": 7.363016128540039,
          "hz": 11833.21735289826
        },
        {
          "acoustic_entropy": 7.367358684539795,
          "acoustic_entropy_side": 7.364852428436279,
          "hz": 12943.144197493959
        },
        {
          "acoustic_entropy": 7.364325046539307,
          "acoustic_entropy_side": 7.363227844238281,
          "hz": 14151.364845322005
        },
        {
          "acoustic_entropy": 7.362578868865967,
          "acoustic_entropy_side": 7.362372398376465,
          "hz": 15466.58407886509
        },
        {
          "acoustic_entropy": 7.362215995788574,
          "acoustic_entropy_side": 7.3622026443481445,
          "hz": 16898.27756580493
        },
        {
          "acoustic_entropy": 7.362186908721924,
          "acoustic_entropy_side": 7.362187385559082,
          "hz": 18456.760127700032
        },
        {
          "acoustic_entropy": 7.362186431884766,
          "acoustic_entropy_side": 7.362186431884766,
          "hz": 20153.260054456492
        },
        {
          "acoustic_entropy": 7.362186908721924,
          "acoustic_entropy_side": 7.362186431884766,
          "hz": 22000.00000000001
        }
      ],
      "diff_acoustic_entropy": 2.5176377296447754,
      "sn": 6
    },
    {
      "acoustic_entropy": 12.275029182434082,
      "acoustic_entropy_mono": 9.981894493103027,
      "band_eliminated_acoustic_entropies": [
        {
          "acoustic_entropy": 12.178539276123047,
          "acoustic_entropy_side": 12.360785484313965,
          "hz": 129.47220167065723
        },
        {
          "acoustic_entropy": 12.12704086303711,
          "acoustic_entropy_side": 12.171174049377441,
          "hz": 202.92927478742237
        },
        {
          "acoustic_entropy": 10.55586051940918,
          "acoustic_entropy_side": 11.011933326721191,
          "hz": 282.89161906338205
        },
        {
          "acoustic_entropy": 12.324891090393066,
          "acoustic_entropy_side": 11.988920211791992,
          "hz": 369.9353335868758
        },
        {
          "acoustic_entropy": 11.706427574157715,
          "acoustic_entropy_side": 12.614089965820312,
          "hz": 464.6875360973435
        },
        {
          "acoustic_entropy": 11.429404258728027,
          "acoustic_entropy_side": 12.30738353729248,
          "hz": 567.8308811364784
        },
        {
          "acoustic_entropy": 11.067228317260742,
          "acoustic_entropy_side": 11.693764686584473,
          "hz": 680.1084783214808
        },
        {
          "acoustic_entropy": 12.086935997009277,
          "acoustic_entropy_side": 12.235565185546875,
          "hz": 802.3292461747484
        },
        {
          "acoustic_entropy": 12.765996932983398,
          "acoustic_entropy_side": 12.875608444213867,
          "hz": 935.3737400823702
        },
        {
          "acoustic_entropy": 12.480557441711426,
          "acoustic_entropy_side": 12.467536926269531,
          "hz": 1080.2004963696966
        },
        {
          "acoustic_entropy": 12.337092399597168,
          "acoustic_entropy_side": 12.09842586517334,
          "hz": 1237.8529382007157
        },
        {
          "acoustic_entropy": 10.571444511413574,
          "acoustic_entropy_side": 12.280016899108887,
          "hz": 1409.4668930556702
        },
        {
          "acoustic_entropy": 11.762994766235352,
          "acoustic_entropy_side": 12.444975852966309,
          "hz": 1596.2787759475705
        },
        {
          "acoustic_entropy": 10.890625953674316,
          "acoustic_entropy_side": 11.905665397644043,
          "hz": 1799.6344973346393
        },
        {
          "acoustic_entropy": 12.353425979614258,
          "acoustic_entropy_side": 12.285655975341797,
          "hz": 2020.9991599069049
        },
        {
          "acoustic_entropy": 10.707441329956055,
          "acoustic_entropy_side": 11.298311233520508,
          "hz": 2261.9676141086993
        },
        {
          "acoustic_entropy": 11.602758407592773,
          "acoustic_entropy_side": 11.85251235961914,
          "hz": 2524.2759484456974
        },
        {
          "acoustic_entropy": 12.123025894165039,
          "acoustic_entropy_side": 12.138339042663574,
          "hz": 2809.813997359896
        },
        {
          "acoustic_entropy": 11.945378303527832,
          "acoustic_entropy_side": 12.100581169128418,
          "hz": 3120.6389567871424
        },
        {
          "acoustic_entropy": 11.84079360961914,
          "acoustic_entropy_side": 11.965733528137207,
          "hz": 3458.990205492291
        },
        {
          "acoustic_entropy": 12.400262832641602,
          "acoustic_entropy_side": 12.34455394744873,
          "hz": 3827.305438964164
        },
        {
          "acoustic_entropy": 12.024250984191895,
          "acoustic_entropy_side": 12.150845527648926,
          "hz": 4228.238232109126
        },
        {
          "acoustic_entropy": 12.176590919494629,
          "acoustic_entropy_side": 12.213088035583496,
          "hz": 4664.6771572759235
        },
        {
          "acoustic_entropy": 12.242302894592285,
          "acoustic_entropy_side": 12.255974769592285,
          "hz": 5139.766595350093
        },
        {
          "acoustic_entropy": 12.269331932067871,
          "acoustic_entropy_side": 12.270941734313965,
          "hz": 5656.929389854203
        },
        {
          "acoustic_entropy": 12.279387474060059,
          "acoustic_entropy_side": 12.27484130859375,
          "hz": 6219.891507268283
        },
        {
          "acoustic_entropy": 12.281673431396484,
          "acoustic_entropy_side": 12.275368690490723,
          "hz": 6832.70888123896
        },
        {
          "acoustic_entropy": 12.286422729492188,
          "acoustic_entropy_side": 12.27647590637207,
          "hz": 7499.796634079867
        },
        {
          "acoustic_entropy": 12.275863647460938,
          "acoustic_entropy_side": 12.276032447814941,
          "hz": 8225.96088609342
        },
        {
          "acoustic_entropy": 12.278742790222168,
          "acoustic_entropy_side": 12.278735160827637,
          "hz": 9016.43338188839
        },
        {
          "acoustic_entropy": 12.275629997253418,
          "acoustic_entropy_side": 12.277233123779297,
          "hz": 9876.909183162974
        },
        {
          "acoustic_entropy": 12.265777587890625,
          "acoustic_entropy_side": 12.277386665344238,
          "hz": 10813.587699516042
        },
        {
          "acoustic_entropy": 12.257340431213379,
          "acoustic_entropy_side": 12.266766548156738,
          "hz": 11833.21735289826
        },
        {
          "acoustic_entropy": 12.248276710510254,
          "acoustic_entropy_side": 12.258081436157227,
          "hz": 12943.144197493959
        },
        {
          "acoustic_entropy": 12.255964279174805,
          "acoustic_entropy_side": 12.27305793762207,
          "hz": 14151.364845322005
        },
        {
          "acoustic_entropy": 12.275480270385742,
          "acoustic_entropy_side": 12.27531623840332,
          "hz": 15466.58407886509
        },
        {
          "acoustic_entropy": 12.275290489196777,
          "acoustic_entropy_side": 12.275063514709473,
          "hz": 16898.27756580493
        },
        {
          "acoustic_entropy": 12.27507209777832,
          "acoustic_entropy_side": 12.275036811828613,
          "hz": 18456.760127700032
        },
        {
          "acoustic_entropy": 12.275031089782715,
          "acoustic_entropy_side": 12.275032997131348,
          "hz": 20153.260054456492
        },
        {
          "acoustic_entropy": 12.275029182434082,
          "acoustic_entropy_side": 12.275029182434082,
          "hz": 22000.00000000001
        }
      ],
      "diff_acoustic_entropy": 4.978029251098633,
      "sn": 12
    },
    {
      "acoustic_entropy": 16.61614227294922,
      "acoustic_entropy_mono": 15.92803955078125,
      "band_eliminated_acoustic_entropies": [
        {
          "acoustic_entropy": 17.048158645629883,
          "acoustic_entropy_side": 16.744792938232422,
          "hz": 129.47220167065723
        },
        {
          "acoustic_entropy": 16.791112899780273,
          "acoustic_entropy_side": 17.069786071777344,
          "hz": 202.92927478742237
        },
        {
          "acoustic_entropy": 17.607213973999023,
          "acoustic_entropy_side": 17.4537296295166,
          "hz": 282.89161906338205
        },
        {
          "acoustic_entropy": 16.923059463500977,
          "acoustic_entropy_side": 16.870935440063477,
          "hz": 369.9353335868758
        },
        {
          "acoustic_entropy": 16.122455596923828,
          "acoustic_entropy_side": 16.07758903503418,
          "hz": 464.6875360973435
        },
        {
          "acoustic_entropy": 17.796920776367188,
          "acoustic_entropy_side": 17.969999313354492,
          "hz": 567.8308811364784
        },
        {
          "acoustic_entropy": 17.623275756835938,
          "acoustic_entropy_side": 16.746992111206055,
          "hz": 680.1084783214808
        },
        {
          "acoustic_entropy": 18.18221664428711,
          "acoustic_entropy_side": 17.582504272460938,
          "hz": 802.3292461747484
        },
        {
          "acoustic_entropy": 17.430871963500977,
          "acoustic_entropy_side": 17.162870407104492,
          "hz": 935.3737400823702
        },
        {
          "acoustic_entropy": 17.832887649536133,
          "acoustic_entropy_side": 16.675954818725586,
          "hz": 1080.2004963696966
        },
        {
          "acoustic_entropy": 17.196165084838867,
          "acoustic_entropy_side": 16.89863395690918,
          "hz": 1237.8529382007157
        },
        {
          "acoustic_entropy": 17.633499145507812,
          "acoustic_entropy_side": 16.93407440185547,
          "hz": 1409.4668930556702
        },
        {
          "acoustic_entropy": 17.21526336669922,
          "acoustic_entropy_side": 16.543386459350586,
          "hz": 1596.2787759475705
        },
        {
          "acoustic_entropy": 16.896015167236328,
          "acoustic_entropy_side": 17.64426612854004,
          "hz": 1799.6344973346393
        },
        {
          "acoustic_entropy": 17.135292053222656,
          "acoustic_entropy_side": 16.417434692382812,
          "hz": 2020.9991599069049
        },
        {
          "acoustic_entropy": 17.077381134033203,
          "acoustic_entropy_side": 17.4561710357666,
          "hz": 2261.9676141086993
        },
        {
          "acoustic_entropy": 16.882644653320312,
          "acoustic_entropy_side": 17.57961654663086,
          "hz": 2524.2759484456974
        },
        {
          "acoustic_entropy": 17.2532958984375,
          "acoustic_entropy_side": 16.7280216217041,
          "hz": 2809.813997359896
        },
        {
          "acoustic_entropy": 16.817825317382812,
