{
  "acoustic_entropy": 165.19808959960938,
  "bands": [
    {
      "high_freq": 148.1999969482422,
      "loudness": -33.84116744995117,
      "loudness_range": 12.482294082641602,
      "mid_mean": -30.13820457458496,
      "mid_to_side_loudness": -34.10223388671875,
      "mid_to_side_loudness_range": 49.649776458740234,
      "side_mean": -70
    },
    {
      "high_freq": 392.3793640136719,
      "loudness": -30.510225296020508,
      "loudness_range": 14.601554870605469,
      "low_freq": 148.1999969482422,
      "mid_mean": -26.832239151000977,
      "mid_to_side_loudness": -18.0345401763916,
      "mid_to_side_loudness_range": 36.14876937866211,
      "side_mean": -70
    },
    {
      "high_freq": 794.6976318359375,
      "loudness": -32.65016555786133,
      "loudness_range": 19.344295501708984,
      "low_freq": 392.3793640136719,
      "mid_mean": -28.947677612304688,
      "mid_to_side_loudness": -11.519161224365234,
      "mid_to_side_loudness_range": 22.561267852783203,
      "side_mean": -70
    },
    {
      "high_freq": 1457.5709228515625,
      "loudness": -36.11587905883789,
      "loudness_range": 25.128612518310547,
      "low_freq": 794.6976318359375,
      "mid_mean": -32.4229736328125,
      "mid_to_side_loudness": -11.051688194274902,
      "mid_to_side_loudness_range": 22.07353973388672,
      "side_mean": -70
    },
    {
      "high_freq": 2549.74365234375,
      "loudness": -36.520606994628906,
      "loudness_range": 24.434139251708984,
      "low_freq": 1457.5709228515625,
      "mid_mean": -32.82766342163086,
      "mid_to_side_loudness": -14.581185340881348,
      "mid_to_side_loudness_range": 31.9515380859375,
      "side_mean": -70
    },
    {
      "high_freq": 4349.24462890625,
      "loudness": -36.32535171508789,
      "loudness_range": 18.94179344177246,
      "low_freq": 2549.74365234375,
      "mid_mean": -32.632205963134766,
      "mid_to_side_loudness": -42.03392028808594,
      "mid_to_side_loudness_range": 59.36863708496094,
      "side_mean": -69.99959564208984
    },
    {
      "high_freq": 7314.1640625,
      "loudness": -39.28572463989258,
      "loudness_range": 15.366573333740234,
      "low_freq": 4349.24462890625,
      "mid_mean": -35.580867767333984,
      "mid_to_side_loudness": -36.179649353027344,
      "mid_to_side_loudness_range": 53.827552795410156,
      "side_mean": -69.99874114990234
    },
    {
      "high_freq": 12199.2666015625,
      "loudness": -43.01023864746094,
      "loudness_range": 13.780139923095703,
      "low_freq": 7314.1640625,
      "mid_mean": -39.30195617675781,
      "mid_to_side_loudness": -37.71501541137695,
      "mid_to_side_loudness_range": 55.51994323730469,
      "side_mean": -69.99900817871094
    },
    {
      "loudness": -48.84096145629883,
      "loudness_range": 12.435539245605469,
      "low_freq": 12199.2666015625,
      "mid_mean": -45.12763214111328,
      "mid_to_side_loudness": -45.677513122558594,
      "mid_to_side_loudness_range": 21.883392333984375,
      "side_mean": -69.96202850341797
    }
  ],
  "bands_short": [
    {
      "high_freq": 148.1999969482422,
      "loudness": -36.38357162475586,
      "loudness_range": 19.974857330322266,
      "mid_mean": -32.700225830078125,
      "mid_to_side_loudness": -22.0676326751709,
      "mid_to_side_loudness_range": 42.19560623168945,
      "side_mean": -70
    },
    {
      "high_freq": 392.3793640136719,
      "loudness": -31.675121307373047,
      "loudness_range": 17.72421646118164,
      "low_freq": 148.1999969482422,
      "mid_mean": -27.983631134033203,
      "mid_to_side_loudness": -14.12549877166748,
      "mid_to_side_loudness_range": 46.66600036621094,
      "side_mean": -70
    },
    {
      "high_freq": 794.6976318359375,
      "loudness": -34.66646194458008,
      "loudness_range": 25.563030242919922,
      "low_freq": 392.3793640136719,
      "mid_mean": -31.022226333618164,
      "mid_to_side_loudness": -11.96036434173584,
      "mid_to_side_loudness_range": 34.122318267822266,
      "side_mean": -70
    },
    {
      "high_freq": 1457.5709228515625,
      "loudness": -38.65583801269531,
      "loudness_range": 29.067779541015625,
      "low_freq": 794.6976318359375,
      "mid_mean": -34.97827911376953,
      "mid_to_side_loudness": -6.088253021240234,
      "mid_to_side_loudness_range": 63.922332763671875,
      "side_mean": -70
    },
    {
      "high_freq": 2549.74365234375,
      "loudness": -39.23043441772461,
      "loudness_range": 27.890214920043945,
      "low_freq": 1457.5709228515625,
      "mid_mean": -35.57514572143555,
      "mid_to_side_loudness": -5.725616455078125,
      "mid_to_side_loudness_range": 84.64434814453125,
      "side_mean": -70
    },
    {
      "high_freq": 4349.24462890625,
      "loudness": -37.817081451416016,
      "loudness_range": 22.45619773864746,
      "low_freq": 2549.74365234375,
      "mid_mean": -34.125938415527344,
      "mid_to_side_loudness": -14.32711410522461,
      "mid_to_side_loudness_range": 38.218299865722656,
      "side_mean": -69.99964141845703
    },
    {
      "high_freq": 7314.1640625,
      "loudness": -40.54198455810547,
      "loudness_range": 18.857351303100586,
      "low_freq": 4349.24462890625,
      "mid_mean": -36.846920013427734,
      "mid_to_side_loudness": -13.250439643859863,
      "mid_to_side_loudness_range": 39.171844482421875,
      "side_mean": -69.99890899658203
    },
    {
      "high_freq": 12199.2666015625,
      "loudness": -44.4475212097168,
      "loudness_range": 16.39895248413086,
      "low_freq": 7314.1640625,
      "mid_mean": -40.73935317993164,
      "mid_to_side_loudness": -16.05258560180664,
      "mid_to_side_loudness_range": 41.94525909423828,
      "side_mean": -69.99911499023438
    },
    {
      "loudness": -50.23007583618164,
      "loudness_range": 15.701763153076172,
      "low_freq": 12199.2666015625,
      "mid_mean": -46.51005554199219,
      "mid_to_side_loudness": -39.67710876464844,
      "mid_to_side_loudness_range": 22.05743408203125,
      "side_mean": -69.96266174316406
    }
  ],
  "bandwidth": 782.1435546875,
  "channels": 2,
  "covariance": [
    [
      29.366920471191406,
      0,
      6.133596420288086,
      0,
      3.386023759841919,
      0,
      11.2658109664917,
      -7.52116875446518e-08,
      10.334094047546387,
      -3.472184459951677e-07,
      14.172148704528809,
      0.00024984771152958274,
      9.744619369506836,
      -0.0021884131710976362,
      5.999380588531494,
      -0.00359318102709949,
      -0.05737636983394623,
      0.030515456572175026
    ],
    [
      0,
      1.0007047816264214e-13,
      0,
      4.336387477398007e-13,
      0,
      6.33779704065085e-13,
      0,
      1.80126855271745e-12,
      0,
      3.735964662632263e-12,
      0,
      3.335682641561477e-12,
      0,
      -3.0354711799684964e-12,
      0,
      7.80549756773663e-12,
      0,
      1.192406395844614e-09
    ],
    [
      6.133596420288086,
      0,
      30.567232131958008,
      0,
      15.004670143127441,
      0,
      18.649917602539062,
      0,
      22.4907169342041,
      1.8145176028383503e-08,
      17.73895835876465,
      0.0005667575169354677,
      9.25643539428711,
      0.0001962997775990516,
      5.347042560577393,
      -0.000715455855242908,
      4.353374481201172,
      -0.05556807294487953
    ],
    [
      0,
      4.336387477398007e-13,
      0,
      7.471929325264526e-12,
      0,
      1.037397251435479e-11,
      0,
      2.141508151365379e-11,
      0,
      6.521259227065812e-11,
      0,
      3.215597926820024e-11,
      0,
      -6.668029323142477e-11,
      -6.738472535516848e-08,
      1.0554099955095708e-10,
      -4.9859359307902196e-08,
      2.116924235906481e-08
    ],
    [
      3.386023759841919,
      0,
      15.004670143127441,
      0,
      42.508968353271484,
      0,
      33.882362365722656,
      -6.187043055660979e-08,
      36.310848236083984,
      -2.6533714958532073e-07,
      25.941137313842773,
      0.0015042999293655157,
      15.972711563110352,
      0.002154019195586443,
      13.369156837463379,
      0.0013688933104276657,
      12.53544807434082,
      -0.04905000701546669
    ],
    [
      0,
      6.33779704065085e-13,
      0,
      1.037397251435479e-11,
      0,
      1.6311488618137027e-11,
      0,
      3.112191754306437e-11,
      0,
      8.365892006922948e-11,
      0,
      2.982100330561899e-11,
      0,
      -1.2705614338415216e-10,
      0,
      7.361851406262332e-11,
      0,
      2.9963203473926114e-08
    ],
    [
      11.2658109664917,
      0,
      18.649917602539062,
      0,
      33.882362365722656,
      0,
      68.96465301513672,
      -8.857546163199004e-08,
      61.76014709472656,
      -5.179688855605491e-07,
      45.48017883300781,
      0.0005530652706511319,
      30.582406997680664,
      -0.002414857503026724,
      24.79669189453125,
      -0.0021523337345570326,
      20.109230041503906,
      -0.05623529851436615
    ],
    [
      -7.52116875446518e-08,
      1.80126855271745e-12,
      0,
      2.141508151365379e-11,
      -6.187043055660979e-08,
      3.112191754306437e-11,
      -8.857546163199004e-08,
      7.001597912559276e-11,
      0,
      1.969387014577606e-10,
      0,
      1.2695608453405782e-10,
      -6.305381816673616e-08,
      -1.486713668841233e-10,
      -2.31407483397561e-07,
      3.686262683988417e-10,
      -1.6309073203046864e-07,
      6.36361860983925e-08
    ],
    [
      10.334094047546387,
      0,
      22.4907169342041,
      0,
      36.310848236083984,
      0,
      61.76014709472656,
      0,
      74.0970687866211,
      -4.149158883137716e-08,
      57.0208740234375,
      0.0001768342190189287,
      38.8625373840332,
      -0.003831197042018175,
      29.892074584960938,
      -0.004328907933086157,
      23.869781494140625,
      -0.09651340544223785
    ],
    [
      -3.472184459951677e-07,
      3.735964662632263e-12,
      1.8145176028383503e-08,
      6.521259227065812e-11,
      -2.6533714958532073e-07,
      8.365892006922948e-11,
      -5.179688855605491e-07,
      1.969387014577606e-10,
      -4.149158883137716e-08,
      7.228090348476712e-10,
      -8.280917285219402e-08,
      1.986298903133843e-09,
      -4.6705702061444754e-07,
      2.417769540130621e-09,
      -1.1731102631529211e-06,
      4.749545201576666e-09,
      -8.010864007701457e-07,
      1.9879240653608576e-07
    ],
    [
      14.172148704528809,
      0,
      17.73895835876465,
      0,
      25.941137313842773,
      0,
      45.48017883300781,
      0,
      57.0208740234375,
      -8.280917285219402e-08,
      53.46685028076172,
      -0.00012351933401077986,
      37.997562408447266,
      -0.00555039569735527,
      28.118358612060547,
      -0.005797380115836859,
      19.598407745361328,
      -0.07101771235466003
    ],
    [
      0.00024984771152958274,
      3.335682641561477e-12,
      0.0005667575169354677,
      3.215597926820024e-11,
      0.0015042999293655157,
      2.982100330561899e-11,
      0.0005530652706511319,
      1.2695608453405782e-10,
      0.0001768342190189287,
      1.986298903133843e-09,
      -0.00012351933401077986,
      3.316950460430235e-05,
      -0.0007243145955726504,
      7.423097849823534e-05,
      0.00013684523582924157,
      5.438708467409015e-05,
      0.0009506389033049345,
      8.831314335111529e-05
    ],
    [
      9.744619369506836,
      0,
      9.25643539428711,
      0,
      15.972711563110352,
      0,
      30.582406997680664,
      -6.305381816673616e-08,
      38.8625373840332,
      -4.6705702061444754e-07,
      37.997562408447266,
      -0.0007243145955726504,
      31.609920501708984,
      -0.005203684326261282,
      24.18834686279297,
      -0.0049551730044186115,
      16.081315994262695,
      -0.05228760838508606
    ],
    [
      -0.0021884131710976362,
      -3.0354711799684964e-12,
      0.0001962997775990516,
      -6.668029323142477e-11,
      0.002154019195586443,
      -1.2705614338415216e-10,
      -0.002414857503026724,
      -1.486713668841233e-10,
      -0.003831197042018175,
      2.417769540130621e-09,
      -0.00555039569735527,
      7.423097849823534e-05,
      -0.005203684326261282,
      0.00021301595552358776,
      -0.0017159177223220468,
      0.00014985023881308734,
      0.0016822144389152527,
      0.0003186280664522201
    ],
    [
      5.999380588531494,
      0,
      5.347042560577393,
      -6.738472535516848e-08,
      13.369156837463379,
      0,
      24.79669189453125,
      -2.31407483397561e-07,
      29.892074584960938,
      -1.1731102631529211e-06,
      28.118358612060547,
      0.00013684523582924157,
      24.18834686279297,
      -0.0017159177223220468,
      23.653223037719727,
      -0.001643432886339724,
      17.733152389526367,
      -0.05773866921663284
    ],
    [
      -0.00359318102709949,
      7.80549756773663e-12,
      -0.000715455855242908,
      1.0554099955095708e-10,
      0.0013688933104276657,
      7.361851406262332e-11,
      -0.0021523337345570326,
      3.686262683988417e-10,
      -0.004328907933086157,
      4.749545201576666e-09,
      -0.005797380115836859,
      5.438708467409015e-05,
      -0.0049551730044186115,
      0.00014985023881308734,
      -0.001643432886339724,
      0.00012091481039533392,
      0.0011746380478143692,
      0.0002580001309979707
    ],
    [
      -0.05737636983394623,
      0,
      4.353374481201172,
      -4.9859359307902196e-08,
      12.53544807434082,
      0,
      20.109230041503906,
      -1.6309073203046864e-07,
      23.869781494140625,
      -8.010864007701457e-07,
      19.598407745361328,
      0.0009506389033049345,
      16.081315994262695,
      0.0016822144389152527,
      17.733152389526367,
      0.0011746380478143692,
      19.264190673828125,
      -0.08101799339056015
    ],
    [
      0.030515456572175026,
      1.192406395844614e-09,
      -0.05556807294487953,
      2.116924235906481e-08,
      -0.04905000701546669,
      2.9963203473926114e-08,
      -0.05623529851436615,
      6.36361860983925e-08,
      -0.09651340544223785,
      1.9879240653608576e-07,
      -0.07101771235466003,
      8.831314335111529e-05,
      -0.05228760838508606,
      0.0003186280664522201,
      -0.05773866921663284,
      0.0002580001309979707,
      -0.08101799339056015,
      0.0018747959984466434
    ]
  ],
  "covariance_short": [
    [
      49.62001419067383,
      0,
      10.29069709777832,
      0,
      5.167520523071289,
      0,
      12.380167961120605,
      0,
      12.039135932922363,
      8.155168984558259e-08,
      13.542786598205566,
      0.00048287553363479674,
      10.346457481384277,
      0.0004849380347877741,
      6.114119052886963,
      -0.0007835653377696872,
      -0.24540968239307404,
      0.027895305305719376
    ],
    [
      0,
      1.0679692265085083e-13,
      0,
      3.637770152383618e-13,
      0,
      5.406594226139982e-13,
      0,
      1.682051524974637e-12,
      0,
      3.3874650046811228e-12,
      0,
      3.731217591840252e-12,
      0,
      1.1113554737943176e-12,
      0,
      7.485796704731484e-12,
      0,
      1.0580171183605103e-09
    ],
    [
      10.29069709777832,
      0,
      43.63039016723633,
      0,
      27.38080406188965,
      0,
      26.223623275756836,
      0,
      25.912622451782227,
      -8.90666917996441e-09,
      17.731903076171875,
      -6.337060654004745e-07,
      9.761065483093262,
      -0.0014578739646822214,
      6.689761638641357,
      -0.0017300909385085106,
      5.3909430503845215,
      -0.06369329243898392
    ],
    [
      0,
      3.637770152383618e-13,
      0,
      9.418153756879377e-12,
      0,
      1.2788931372242907e-11,
      0,
      2.1876682756993837e-11,
      0,
      5.90620330420677e-11,
      0,
      2.5097276687424674e-11,
      0,
      -6.696167231812211e-11,
      0,
      1.1096868215987321e-11,
      0,
      2.111945818228378e-08
    ],
    [
      5.167520523071289,
      0,
      27.38080406188965,
      0,
      72.90005493164062,
      0,
      60.45450973510742,
      0,
      57.9536018371582,
      -4.1870858780157505e-08,
      37.6812744140625,
      -0.0005260308389551938,
      25.410539627075195,
      -0.002592084463685751,
      21.75568199157715,
      -0.002375588985159993,
      19.492509841918945,
      -0.10587763041257858
    ],
    [
      0,
      5.406594226139982e-13,
      0,
      1.2788931372242907e-11,
      0,
      2.631876661052246e-11,
      0,
      3.807310369752237e-11,
      0,
      9.442850668062164e-11,
      0,
      3.395141112694233e-11,
      0,
      -1.3500800477572739e-10,
      0,
      -2.830118518010183e-12,
      0,
      3.662965042394717e-08
    ],
    [
      12.380167961120605,
      0,
      26.223623275756836,
      0,
      60.45450973510742,
      0,
      97.20304870605469,
      0,
      81.7254867553711,
      -1.520008652278193e-07,
      54.052371978759766,
      -0.001895969151519239,
      37.2988166809082,
      -0.007144538220018148,
      31.208072662353516,
      -0.005034586414694786,
      26.190214157104492,
      -0.11406021565198898
    ],
    [
      0,
      1.682051524974637e-12,
      0,
      2.1876682756993837e-11,
      0,
      3.807310369752237e-11,
      0,
      9.058381822413253e-11,
      0,
      2.2211424366425092e-10,
      0,
      2.0542388623479013e-10,
      0,
      5.0975505067052396e-11,
      0,
      6.145762232456775e-10,
      0,
      7.430613635506234e-08
    ],
    [
      12.039135932922363,
      0,
      25.912622451782227,
      0,
      57.9536018371582,
      0,
      81.7254867553711,
      0,
      92.3815689086914,
      -1.5718356394245347e-07,
      66.2179183959961,
      -0.0023844114039093256,
      47.2193603515625,
      -0.009904563426971436,
      37.56460189819336,
      -0.00810463260859251,
      29.772302627563477,
      -0.14949731528759003
    ],
    [
      8.155168984558259e-08,
      3.3874650046811228e-12,
      -8.90666917996441e-09,
      5.90620330420677e-11,
      -4.1870858780157505e-08,
      9.442850668062164e-11,
      -1.520008652278193e-07,
      2.2211424366425092e-10,
      -1.5718356394245347e-07,
      1.3568115520001811e-09,
      -8.554630426260701e-08,
      1.3644134710943945e-08,
      -6.667033858320792e-08,
      2.5330505692977567e-08,
      1.1981487801904223e-08,
      2.981764879450566e-08,
      -8.790569694383521e-08,
      2.518256678740727e-07
    ],
    [
      13.542786598205566,
      0,
      17.731903076171875,
      0,
      37.6812744140625,
      0,
      54.052371978759766,
      0,
      66.2179183959961,
      -8.554630426260701e-08,
      61.1725959777832,
      -0.001131247146986425,
      46.28845977783203,
      -0.0065125273540616035,
      34.81169128417969,
      -0.00586357619613409,
      23.340810775756836,
      -0.09679308533668518
    ],
    [
      0.00048287553363479674,
      3.731217591840252e-12,
      -6.337060654004745e-07,
      2.5097276687424674e-11,
      -0.0005260308389551938,
      3.395141112694233e-11,
      -0.001895969151519239,
      2.0542388623479013e-10,
      -0.0023844114039093256,
      1.3644134710943945e-08,
      -0.001131247146986425,
      0.0002411313180346042,
      -0.001033108332194388,
      0.0005332637811079621,
      0.00017633936658967286,
      0.00040337577229365706,
      0.0013684300938621163,
      0.0005970036145299673
    ],
    [
      10.346457481384277,
      0,
      9.761065483093262,
      0,
      25.410539627075195,
      0,
      37.2988166809082,
      0,
      47.2193603515625,
      -6.667033858320792e-08,
      46.28845977783203,
      -0.001033108332194388,
      41.918575286865234,
      -0.004435567185282707,
      33.29667663574219,
      -0.0038607146125286818,
      21.22307014465332,
      -0.0838996097445488
    ],
    [
      0.0004849380347877741,
      1.1113554737943176e-12,
      -0.0014578739646822214,
      -6.696167231812211e-11,
      -0.002592084463685751,
      -1.3500800477572739e-10,
      -0.007144538220018148,
      5.0975505067052396e-11,
      -0.009904563426971436,
      2.5330505692977567e-08,
      -0.0065125273540616035,
      0.0005332637811079621,
      -0.004435567185282707,
      0.0015215252060443163,
      0.00044765957864001393,
      0.0011123231379315257,
      0.004493295680731535,
      0.002088272711262107
    ],
    [
      6.114119052886963,
      0,
      6.689761638641357,
      0,
      21.75568199157715,
      0,
      31.208072662353516,
      0,
      37.56460189819336,
      1.1981487801904223e-08,
      34.81169128417969,
      0.00017633936658967286,
      33.29667663574219,
      0.00044765957864001393,
      33.659889221191406,
      0.00010764460603240877,
      24.92003631591797,
      -0.1051301583647728
    ],
    [
      -0.0007835653377696872,
      7.485796704731484e-12,
      -0.0017300909385085106,
      1.1096868215987321e-11,
      -0.002375588985159993,
      -2.830118518010183e-12,
      -0.005034586414694786,
      6.145762232456775e-10,
      -0.00810463260859251,
      2.981764879450566e-08,
      -0.00586357619613409,
      0.00040337577229365706,
      -0.0038607146125286818,
      0.0011123231379315257,
      0.00010764460603240877,
      0.0009238285128958523,
      0.0032911915332078934,
      0.0017088664462789893
    ],
    [
      -0.24540968239307404,
      0,
      5.3909430503845215,
      0,
      19.492509841918945,
      0,
      26.190214157104492,
      0,
      29.772302627563477,
      -8.790569694383521e-08,
      23.340810775756836,
      0.0013684300938621163,
      21.22307014465332,
      0.004493295680731535,
      24.92003631591797,
      0.0032911915332078934,
      27.649553298950195,
      -0.13644807040691376
    ],
    [
      0.027895305305719376,
      1.0580171183605103e-09,
      -0.06369329243898392,
      2.111945818228378e-08,
      -0.10587763041257858,
      3.662965042394717e-08,
      -0.11406021565198898,
      7.430613635506234e-08,
      -0.14949731528759003,
      2.518256678740727e-07,
      -0.09679308533668518,
      0.0005970036145299673,
      -0.0838996097445488,
      0.002088272711262107,
      -0.1051301583647728,
      0.0017088664462789893,
      -0.13644807040691376,
      0.00648057647049427
    ]
  ],
  "damage": -15.177923202514648,
  "diff_bandwidth": 824.13525390625,
  "dissonance": 7.544164228662917,
  "drr": 14.880840301513672,
  "dynamics": 4.353025436401367,
  "format": 1245190,
  "frames": 7691200,
  "loudness": -20.151412963867188,
  "loudness_range": 12.608930587768555,
  "loudness_range_short": 16.311635971069336,
  "lowpass_true_peak_15khz": -1.7108293771743774,
  "mastering3_acoustic_entropies": [
    {
      "acoustic_entropy": 9.335935592651367,
      "acoustic_entropy_mono": 9.335935592651367,
      "band_eliminated_acoustic_entropies": [
        {
          "acoustic_entropy": 9.531060218811035,
          "acoustic_entropy_side": 9.335935592651367,
          "hz": 129.47220167065723
        },
        {
          "acoustic_entropy": 9.561324119567871,
          "acoustic_entropy_side": 9.335935592651367,
          "hz": 202.92927478742237
        },
        {
          "acoustic_entropy": 8.615381240844727,
          "acoustic_entropy_side": 9.335935592651367,
          "hz": 282.89161906338205
        },
        {
          "acoustic_entropy": 9.592172622680664,
          "acoustic_entropy_side": 9.335935592651367,
          "hz": 369.9353335868758
        },
        {
          "acoustic_entropy": 8.975706100463867,
          "acoustic_entropy_side": 9.335935592651367,
          "hz": 464.6875360973435
        },
        {
          "acoustic_entropy": 8.819289207458496,
          "acoustic_entropy_side": 9.335935592651367,
          "hz": 567.8308811364784
        },
        {
          "acoustic_entropy": 8.906460762023926,
          "acoustic_entropy_side": 9.335935592651367,
          "hz": 680.1084783214808
        },
        {
          "acoustic_entropy": 9.008256912231445,
          "acoustic_entropy_side": 9.335935592651367,
          "hz": 802.3292461747484
        },
        {
          "acoustic_entropy": 9.702705383300781,
          "acoustic_entropy_side": 9.335935592651367,
          "hz": 935.3737400823702
        },
        {
          "acoustic_entropy": 9.193277359008789,
          "acoustic_entropy_side": 9.335935592651367,
          "hz": 1080.2004963696966
        },
        {
          "acoustic_entropy": 9.622974395751953,
          "acoustic_entropy_side": 9.335935592651367,
          "hz": 1237.8529382007157
        },
        {
          "acoustic_entropy": 9.178791046142578,
          "acoustic_entropy_side": 9.335935592651367,
          "hz": 1409.4668930556702
        },
        {
          "acoustic_entropy": 9.058751106262207,
          "acoustic_entropy_side": 9.335935592651367,
          "hz": 1596.2787759475705
        },
        {
          "acoustic_entropy": 8.934290885925293,
          "acoustic_entropy_side": 9.335935592651367,
          "hz": 1799.6344973346393
        },
        {
          "acoustic_entropy": 9.56155776977539,
          "acoustic_entropy_side": 9.335935592651367,
          "hz": 2020.9991599069049
        },
        {
          "acoustic_entropy": 8.95992374420166,
          "acoustic_entropy_side": 9.335935592651367,
          "hz": 2261.9676141086993
        },
        {
          "acoustic_entropy": 8.977636337280273,
          "acoustic_entropy_side": 9.335935592651367,
          "hz": 2524.2759484456974
        },
        {
          "acoustic_entropy": 9.284759521484375,
          "acoustic_entropy_side": 9.335935592651367,
          "hz": 2809.813997359896
        },
        {
          "acoustic_entropy": 9.048104286193848,
          "acoustic_entropy_side": 9.335935592651367,
          "hz": 3120.6389567871424
        },
        {
          "acoustic_entropy": 9.697543144226074,
          "acoustic_entropy_side": 9.335935592651367,
          "hz": 3458.990205492291
        },
        {
          "acoustic_entropy": 9.485434532165527,
          "acoustic_entropy_side": 9.335935592651367,
          "hz": 3827.305438964164
        },
        {
          "acoustic_entropy": 9.303404808044434,
          "acoustic_entropy_side": 9.335935592651367,
          "hz": 4228.238232109126
        },
        {
          "acoustic_entropy": 9.370831489562988,
          "acoustic_entropy_side": 9.335935592651367,
          "hz": 4664.6771572759235
        },
        {
          "acoustic_entropy": 9.362669944763184,
          "acoustic_entropy_side": 9.335935592651367,
          "hz": 5139.766595350093
        },
        {
          "acoustic_entropy": 9.358136177062988,
          "acoustic_entropy_side": 9.335935592651367,
          "hz": 5656.929389854203
        },
        {
          "acoustic_entropy": 9.383472442626953,
          "acoustic_entropy_side": 9.335935592651367,
          "hz": 6219.891507268283
        },
        {
          "acoustic_entropy": 9.307856559753418,
          "acoustic_entropy_side": 9.335935592651367,
          "hz": 6832.70888123896
        },
        {
          "acoustic_entropy": 9.301909446716309,
          "acoustic_entropy_side": 9.335935592651367,
          "hz": 7499.796634079867
        },
        {
          "acoustic_entropy": 9.366423606872559,
          "acoustic_entropy_side": 9.335935592651367,
          "hz": 8225.96088609342
        },
        {
          "acoustic_entropy": 9.292472839355469,
          "acoustic_entropy_side": 9.335935592651367,
          "hz": 9016.43338188839
        },
        {
          "acoustic_entropy": 9.274736404418945,
          "acoustic_entropy_side": 9.335935592651367,
          "hz": 9876.909183162974
        },
        {
          "acoustic_entropy": 9.260279655456543,
          "acoustic_entropy_side": 9.335935592651367,
          "hz": 10813.587699516042
        },
        {
          "acoustic_entropy": 9.247509002685547,
          "acoustic_entropy_side": 9.335935592651367,
          "hz": 11833.21735289826
        },
        {
          "acoustic_entropy": 9.268439292907715,
          "acoustic_entropy_side": 9.335935592651367,
          "hz": 12943.144197493959
        },
        {
          "acoustic_entropy": 9.260859489440918,
          "acoustic_entropy_side": 9.335935592651367,
          "hz": 14151.364845322005
        },
        {
          "acoustic_entropy": 9.286108016967773,
          "acoustic_entropy_side": 9.335935592651367,
          "hz": 15466.58407886509
        },
        {
          "acoustic_entropy": 9.30477237701416,
          "acoustic_entropy_side": 9.335935592651367,
          "hz": 16898.27756580493
        },
        {
          "acoustic_entropy": 9.325638771057129,
          "acoustic_entropy_side": 9.335935592651367,
          "hz": 18456.760127700032
        },
        {
          "acoustic_entropy": 9.337969779968262,
          "acoustic_entropy_side": 9.335935592651367,
          "hz": 20153.260054456492
        },
        {
          "acoustic_entropy": 9.336935043334961,
          "acoustic_entropy_side": 9.335935592651367,
          "hz": 22000.00000000001
        }
      ],
      "diff_acoustic_entropy": 7.19114875793457,
      "sn": 6
    },
    {
      "acoustic_entropy": 14.260932922363281,
      "acoustic_entropy_mono": 14.260932922363281,
      "band_eliminated_acoustic_entropies": [
        {
          "acoustic_entropy": 13.837714195251465,
          "acoustic_entropy_side": 14.260932922363281,
          "hz": 129.47220167065723
        },
        {
          "acoustic_entropy": 14.724055290222168,
          "acoustic_entropy_side": 14.260932922363281,
          "hz": 202.92927478742237
        },
        {
          "acoustic_entropy": 14.530716896057129,
          "acoustic_entropy_side": 14.260932922363281,
          "hz": 282.89161906338205
        },
        {
          "acoustic_entropy": 14.588372230529785,
          "acoustic_entropy_side": 14.260932922363281,
          "hz": 369.9353335868758
        },
        {
          "acoustic_entropy": 13.213406562805176,
          "acoustic_entropy_side": 14.260932922363281,
          "hz": 464.6875360973435
        },
        {
          "acoustic_entropy": 13.594548225402832,
          "acoustic_entropy_side": 14.260932922363281,
          "hz": 567.8308811364784
        },
        {
          "acoustic_entropy": 13.89513111114502,
          "acoustic_entropy_side": 14.260932922363281,
          "hz": 680.1084783214808
        },
        {
          "acoustic_entropy": 13.639886856079102,
          "acoustic_entropy_side": 14.260932922363281,
          "hz": 802.3292461747484
        },
        {
          "acoustic_entropy": 14.037895202636719,
          "acoustic_entropy_side": 14.260932922363281,
          "hz": 935.3737400823702
        },
        {
          "acoustic_entropy": 13.371504783630371,
          "acoustic_entropy_side": 14.260932922363281,
          "hz": 1080.2004963696966
        },
        {
          "acoustic_entropy": 14.004563331604004,
          "acoustic_entropy_side": 14.260932922363281,
          "hz": 1237.8529382007157
        },
        {
          "acoustic_entropy": 13.57176399230957,
          "acoustic_entropy_side": 14.260932922363281,
          "hz": 1409.4668930556702
        },
        {
          "acoustic_entropy": 13.813874244689941,
          "acoustic_entropy_side": 14.260932922363281,
          "hz": 1596.2787759475705
        },
        {
          "acoustic_entropy": 14.006426811218262,
          "acoustic_entropy_side": 14.260932922363281,
          "hz": 1799.6344973346393
        },
        {
          "acoustic_entropy": 14.13481616973877,
          "acoustic_entropy_side": 14.260932922363281,
          "hz": 2020.9991599069049
        },
        {
          "acoustic_entropy": 13.922198295593262,
          "acoustic_entropy_side": 14.260932922363281,
          "hz": 2261.9676141086993
        },
        {
          "acoustic_entropy": 14.457921981811523,
          "acoustic_entropy_side": 14.260932922363281,
          "hz": 2524.2759484456974
        },
        {
          "acoustic_entropy": 14.132135391235352,
          "acoustic_entropy_side": 14.260932922363281,
          "hz": 2809.813997359896
        },
        {
          "acoustic_entropy": 14.065199851989746,
          "acoustic_entropy_side": 14.260932922363281,
          "hz": 3120.6389567871424
        },
        {
          "acoustic_entropy": 14.209368705749512,
          "acoustic_entropy_side": 14.260932922363281,
          "hz": 3458.990205492291
        },
        {
          "acoustic_entropy": 14.08018970489502,
          "acoustic_entropy_side": 14.260932922363281,
          "hz": 3827.305438964164
        },
        {
          "acoustic_entropy": 14.215824127197266,
          "acoustic_entropy_side": 14.260932922363281,
          "hz": 4228.238232109126
        },
        {
          "acoustic_entropy": 14.118709564208984,
          "acoustic_entropy_side": 14.260932922363281,
          "hz": 4664.6771572759235
        },
        {
          "acoustic_entropy": 14.232115745544434,
          "acoustic_entropy_side": 14.260932922363281,
          "hz": 5139.766595350093
        },
        {
          "acoustic_entropy": 14.206160545349121,
          "acoustic_entropy_side": 14.260932922363281,
          "hz": 5656.929389854203
        },
        {
          "acoustic_entropy": 14.04967212677002,
          "acoustic_entropy_side": 14.260932922363281,
          "hz": 6219.891507268283
        },
        {
          "acoustic_entropy": 14.157258987426758,
          "acoustic_entropy_side": 14.260932922363281,
          "hz": 6832.70888123896
        },
        {
          "acoustic_entropy": 14.027287483215332,
          "acoustic_entropy_side": 14.260932922363281,
          "hz": 7499.796634079867
        },
        {
          "acoustic_entropy": 14.089035987854004,
          "acoustic_entropy_side": 14.260932922363281,
          "hz": 8225.96088609342
        },
        {
          "acoustic_entropy": 14.158615112304688,
          "acoustic_entropy_side": 14.260932922363281,
          "hz": 9016.43338188839
        },
        {
          "acoustic_entropy": 14.269767761230469,
          "acoustic_entropy_side": 14.260932922363281,
          "hz": 9876.909183162974
        },
        {
          "acoustic_entropy": 14.144272804260254,
          "acoustic_entropy_side": 14.260932922363281,
          "hz": 10813.587699516042
        },
        {
          "acoustic_entropy": 14.000920295715332,
          "acoustic_entropy_side": 14.260932922363281,
          "hz": 11833.21735289826
        },
        {
          "acoustic_entropy": 14.060262680053711,
          "acoustic_entropy_side": 14.260932922363281,
          "hz": 12943.144197493959
        },
        {
          "acoustic_entropy": 14.014347076416016,
          "acoustic_entropy_side": 14.260932922363281,
          "hz": 14151.364845322005
        },
        {
          "acoustic_entropy": 14.004425048828125,
          "acoustic_entropy_side": 14.260932922363281,
          "hz": 15466.58407886509
        },
        {
          "acoustic_entropy": 13.970762252807617,
          "acoustic_entropy_side": 14.260932922363281,
          "hz": 16898.27756580493
        },
        {
          "acoustic_entropy": 14.054539680480957,
          "acoustic_entropy_side": 14.260932922363281,
          "hz": 18456.760127700032
        },
        {
          "acoustic_entropy": 14.102569580078125,
          "acoustic_entropy_side": 14.260932922363281,
          "hz": 20153.260054456492
        },
        {
          "acoustic_entropy": 14.222063064575195,
          "acoustic_entropy_side": 14.260932922363281,
          "hz": 22000.00000000001
        }
      ],
      "diff_acoustic_entropy": 10.798920631408691,
      "sn": 12
    },
    {
      "acoustic_entropy": 18.208459854125977,
      "acoustic_entropy_mono": 18.20846176147461,
      "band_eliminated_acoustic_entropies": [
        {
          "acoustic_entropy": 17.86736488342285,
          "acoustic_entropy_side": 18.208459854125977,
          "hz": 129.47220167065723
        },
        {
          "acoustic_entropy": 18.767118453979492,
          "acoustic_entropy_side": 18.208459854125977,
          "hz": 202.92927478742237
        },
        {
          "acoustic_entropy": 18.08442497253418,
          "acoustic_entropy_side": 18.208459854125977,
          "hz": 282.89161906338205
        },
        {
          "acoustic_entropy": 19.111316680908203,
          "acoustic_entropy_side": 18.208459854125977,
          "hz": 369.9353335868758
        },
        {
          "acoustic_entropy": 18.300844192504883,
          "acoustic_entropy_side": 18.208459854125977,
          "hz": 464.6875360973435
        },
        {
          "acoustic_entropy": 19.543399810791016,
          "acoustic_entropy_side": 18.208459854125977,
          "hz": 567.8308811364784
        },
        {
          "acoustic_entropy": 17.599529266357422,
          "acoustic_entropy_side": 18.208459854125977,
          "hz": 680.1084783214808
        },
        {
          "acoustic_entropy": 18.501251220703125,
          "acoustic_entropy_side": 18.208459854125977,
          "hz": 802.3292461747484
        },
        {
          "acoustic_entropy": 18.280454635620117,
          "acoustic_entropy_side": 18.208459854125977,
          "hz": 935.3737400823702
        },
        {
          "acoustic_entropy": 17.922033309936523,
          "acoustic_entropy_side": 18.208459854125977,
          "hz": 1080.2004963696966
        },
        {
          "acoustic_entropy": 18.05106544494629,
          "acoustic_entropy_side": 18.208459854125977,
          "hz": 1237.8529382007157
        },
        {
          "acoustic_entropy": 17.947946548461914,
          "acoustic_entropy_side": 18.208459854125977,
          "hz": 1409.4668930556702
        },
        {
          "acoustic_entropy": 18.269540786743164,
          "acoustic_entropy_side": 18.208459854125977,
          "hz": 1596.2787759475705
        },
        {
          "acoustic_entropy": 17.968456268310547,
          "acoustic_entropy_side": 18.208459854125977,
          "hz": 1799.6344973346393
        },
        {
          "acoustic_entropy": 18.808584213256836,
          "acoustic_entropy_side": 18.208459854125977,
          "hz": 2020.9991599069049
        },
        {
          "acoustic_entropy": 18.69864273071289,
          "acoustic_entropy_side": 18.208459854125977,
          "hz": 2261.9676141086993
        },
        {
          "acoustic_entropy": 18.358957290649414,
          "acoustic_entropy_side": 18.208459854125977,
          "hz": 2524.2759484456974
        },
        {
          "acoustic_entropy": 18.34931182861328,
          "acoustic_entropy_side": 18.208459854125977,
          "hz": 2809.813997359896
        },
        {
          "acoustic_entropy": 17.980470657348633,
          "acoustic_entropy_side": 18.208459854125977,
          "hz": 3120.6389567871424
        },
        {
          "acoustic_entropy": 18.474409103393555,
          "acoustic_entropy_side": 18.208459854125977,
          "hz": 3458.990205492291
        },
        {
          "acoustic_entropy": 18.01740074157715,
          "acoustic_entropy_side": 18.208459854125977,
          "hz": 3827.305438964164
        },
        {
          "acoustic_entropy": 18.09002113342285,
          "acoustic_entropy_side": 18.208459854125977,
          "hz": 4228.238232109126
        },
        {
          "acoustic_entropy": 17.988996505737305,
          "acoustic_entropy_side": 18.208459854125977,
          "hz": 4664.6771572759235
        },
        {
          "acoustic_entropy": 17.989280700683594,
          "acoustic_entropy_side": 18.208459854125977,
          "hz": 5139.766595350093
        },
        {
