{
  "acoustic_entropy": 57.475250244140625,
  "bands": [
    {
      "high_freq": 148.1999969482422,
      "loudness": 0,
      "loudness_range": 0,
      "mid_mean": -69.86719512939453,
      "mid_to_side_loudness": -7.492275714874268,
      "mid_to_side_loudness_range": 13.490095138549805,
      "side_mean": -69.98406219482422
    },
    {
      "high_freq": 392.3793640136719,
      "loudness": -38.961997985839844,
      "loudness_range": 20.882783889770508,
      "low_freq": 148.1999969482422,
      "mid_mean": -35.95404052734375,
      "mid_to_side_loudness": -8.139726638793945,
      "mid_to_side_loudness_range": 16.12633514404297,
      "side_mean": -50.09156799316406
    },
    {
      "high_freq": 794.6976318359375,
      "loudness": -39.5078010559082,
      "loudness_range": 18.666902542114258,
      "low_freq": 392.3793640136719,
      "mid_mean": -36.68028259277344,
      "mid_to_side_loudness": -7.138767719268799,
      "mid_to_side_loudness_range": 20.289974212646484,
      "side_mean": -47.77336502075195
    },
    {
      "high_freq": 1457.5709228515625,
      "loudness": -39.81217956542969,
      "loudness_range": 18.68239402770996,
      "low_freq": 794.6976318359375,
      "mid_mean": -36.9996452331543,
      "mid_to_side_loudness": -9.481005668640137,
      "mid_to_side_loudness_range": 18.04640769958496,
      "side_mean": -52.1864128112793
    },
    {
      "high_freq": 2549.74365234375,
      "loudness": -40.68229293823242,
      "loudness_range": 16.829532623291016,
      "low_freq": 1457.5709228515625,
      "mid_mean": -37.64950942993164,
      "mid_to_side_loudness": -8.18936824798584,
      "mid_to_side_loudness_range": 15.226300239562988,
      "side_mean": -51.77881622314453
    },
    {
      "high_freq": 4349.24462890625,
      "loudness": -40.93925476074219,
      "loudness_range": 16.55726432800293,
      "low_freq": 2549.74365234375,
      "mid_mean": -37.88125228881836,
      "mid_to_side_loudness": -7.166602611541748,
      "mid_to_side_loudness_range": 13.870216369628906,
      "side_mean": -51.67386245727539
    },
    {
      "high_freq": 7314.1640625,
      "loudness": -52.07710647583008,
      "loudness_range": 15.4022216796875,
      "low_freq": 4349.24462890625,
      "mid_mean": -53.14272689819336,
      "mid_to_side_loudness": -6.172113418579102,
      "mid_to_side_loudness_range": 12.591327667236328,
      "side_mean": -58.85751724243164
    },
    {
      "high_freq": 12199.2666015625,
      "loudness": -71.46202850341797,
      "loudness_range": 13.97787094116211,
      "low_freq": 7314.1640625,
      "mid_mean": -66.66559600830078,
      "mid_to_side_loudness": -2.5677130222320557,
      "mid_to_side_loudness_range": 5.5846381187438965,
      "side_mean": -68.09999084472656
    },
    {
      "loudness": -79.49720764160156,
      "loudness_range": 10.533981323242188,
      "low_freq": 12199.2666015625,
      "mid_mean": -69.21177673339844,
      "mid_to_side_loudness": -0.4877557158470154,
      "mid_to_side_loudness_range": 2.568565845489502,
      "side_mean": -69.33142852783203
    }
  ],
  "bands_short": [
    {
      "high_freq": 148.1999969482422,
      "loudness": -80.44407653808594,
      "loudness_range": 16.39020538330078,
      "mid_mean": -69.62348937988281,
      "mid_to_side_loudness": -6.956875324249268,
      "mid_to_side_loudness_range": 21.49221420288086,
      "side_mean": -69.90461730957031
    },
    {
      "high_freq": 392.3793640136719,
      "loudness": -44.54279327392578,
      "loudness_range": 33.65689468383789,
      "low_freq": 148.1999969482422,
      "mid_mean": -43.56382751464844,
      "mid_to_side_loudness": -6.897968769073486,
      "mid_to_side_loudness_range": 19.734169006347656,
      "side_mean": -55.28232955932617
    },
    {
      "high_freq": 794.6976318359375,
      "loudness": -44.12177276611328,
      "loudness_range": 34.361854553222656,
      "low_freq": 392.3793640136719,
      "mid_mean": -45.06948471069336,
      "mid_to_side_loudness": -4.639169692993164,
      "mid_to_side_loudness_range": 22.074115753173828,
      "side_mean": -53.501739501953125
    },
    {
      "high_freq": 1457.5709228515625,
      "loudness": -45.948516845703125,
      "loudness_range": 34.212806701660156,
      "low_freq": 794.6976318359375,
      "mid_mean": -43.86996841430664,
      "mid_to_side_loudness": -7.2836995124816895,
      "mid_to_side_loudness_range": 18.14677619934082,
      "side_mean": -55.30944061279297
    },
    {
      "high_freq": 2549.74365234375,
      "loudness": -45.01185607910156,
      "loudness_range": 31.908193588256836,
      "low_freq": 1457.5709228515625,
      "mid_mean": -44.623634338378906,
      "mid_to_side_loudness": -6.9574360847473145,
      "mid_to_side_loudness_range": 18.769813537597656,
      "side_mean": -55.878414154052734
    },
    {
      "high_freq": 4349.24462890625,
      "loudness": -45.241031646728516,
      "loudness_range": 31.324766159057617,
      "low_freq": 2549.74365234375,
      "mid_mean": -44.492923736572266,
      "mid_to_side_loudness": -5.410068511962891,
      "mid_to_side_loudness_range": 15.441902160644531,
      "side_mean": -55.266685485839844
    },
    {
      "high_freq": 7314.1640625,
      "loudness": -55.686275482177734,
      "loudness_range": 27.09946060180664,
      "low_freq": 4349.24462890625,
      "mid_mean": -57.44095993041992,
      "mid_to_side_loudness": -4.540904521942139,
      "mid_to_side_loudness_range": 10.999796867370605,
      "side_mean": -61.64716339111328
    },
    {
      "high_freq": 12199.2666015625,
      "loudness": -72.55679321289062,
      "loudness_range": 18.873302459716797,
      "low_freq": 7314.1640625,
      "mid_mean": -67.5204849243164,
      "mid_to_side_loudness": -2.387277841567993,
      "mid_to_side_loudness_range": 9.899323463439941,
      "side_mean": -68.50322723388672
    },
    {
      "loudness": -80.92758178710938,
      "loudness_range": 13.796981811523438,
      "low_freq": 12199.2666015625,
      "mid_mean": -69.2928466796875,
      "mid_to_side_loudness": -0.3994786739349365,
      "mid_to_side_loudness_range": 5.524271011352539,
      "side_mean": -69.39192962646484
    }
  ],
  "bandwidth": 880.0054931640625,
  "channels": 2,
  "covariance": [
    [
      0.05460744351148605,
      0.007091321516782045,
      1.1915656328201294,
      1.7642098665237427,
      1.0883162021636963,
      1.4125205278396606,
      0.9170151948928833,
      1.39840829372406,
      0.6512300968170166,
      1.2251523733139038,
      0.673312783241272,
      1.067962884902954,
      0.9534303545951843,
      0.5153205990791321,
      0.25567811727523804,
      0.18651755154132843,
      0.012527864426374435,
      0.01413235068321228
    ],
    [
      0.007091321516782045,
      0.0010136559139937162,
      0.12881633639335632,
      0.2083527147769928,
      0.12201838195323944,
      0.17589810490608215,
      0.09368123859167099,
      0.16609598696231842,
      0.05946404114365578,
      0.1391582489013672,
      0.06299921125173569,
      0.11695202440023422,
      0.1005004346370697,
      0.04902990162372589,
      0.023257505148649216,
      0.01757212169468403,
      0.0003794642398133874,
      0.0006523796473629773
    ],
    [
      1.1915656328201294,
      0.12881633639335632,
      61.660282135009766,
      64.40772247314453,
      57.2784423828125,
      49.48521423339844,
      53.38834762573242,
      47.94133758544922,
      49.02604675292969,
      49.780452728271484,
      49.48196792602539,
      44.29121017456055,
      43.76626968383789,
      32.82109069824219,
      18.16739845275879,
      12.166922569274902,
      2.9804134368896484,
      2.503350019454956
    ],
    [
      1.7642098665237427,
      0.2083527147769928,
      64.40772247314453,
      149.1414794921875,
      60.37794876098633,
      100.16072845458984,
      62.88355255126953,
      123.45348358154297,
      49.9435920715332,
      127.79960632324219,
      50.832767486572266,
      121.7908935546875,
      112.57070922851562,
      77.7100601196289,
      29.98863983154297,
      18.734031677246094,
      4.845118999481201,
      3.9649477005004883
    ],
    [
      1.0883162021636963,
      0.12201838195323944,
      57.2784423828125,
      60.37794876098633,
      55.84278869628906,
      49.37940979003906,
      49.818878173828125,
      45.735618591308594,
      46.58657455444336,
      46.48653030395508,
      47.105186462402344,
      41.64860534667969,
      42.12352752685547,
      31.112672805786133,
      17.515260696411133,
      11.543343544006348,
      3.187052011489868,
      2.575197219848633
    ],
    [
      1.4125205278396606,
      0.17589810490608215,
      49.48521423339844,
      100.16072845458984,
      49.37940979003906,
      98.79390716552734,
      43.45321273803711,
      84.23644256591797,
      34.012454986572266,
      77.64286041259766,
      34.858314514160156,
      74.99249267578125,
      71.47647857666016,
      44.39988327026367,
      19.588848114013672,
      12.032014846801758,
      3.760735034942627,
      2.8043158054351807
    ],
    [
      0.9170151948928833,
      0.09368123859167099,
      53.38834762573242,
      62.88355255126953,
      49.818878173828125,
      43.45321273803711,
      60.20068359375,
      48.225929260253906,
      49.0132942199707,
      57.358280181884766,
      49.45671081542969,
      52.64472579956055,
      50.742340087890625,
      42.83009338378906,
      20.62319564819336,
      13.54789924621582,
      3.6295812129974365,
      3.07794189453125
    ],
    [
      1.39840829372406,
      0.16609598696231842,
      47.94133758544922,
      123.45348358154297,
      45.735618591308594,
      84.23644256591797,
      48.225929260253906,
      105.62835693359375,
      38.40410614013672,
      107.45259857177734,
      39.21528625488281,
      103.97364807128906,
      96.02445220947266,
      66.280029296875,
      25.65854263305664,
      15.785558700561523,
      4.6345648765563965,
      3.6887173652648926
    ],
    [
      0.6512300968170166,
      0.05946404114365578,
      49.02604675292969,
      49.9435920715332,
      46.58657455444336,
      34.012454986572266,
      49.0132942199707,
      38.40410614013672,
      47.598480224609375,
      47.85308074951172,
      48.02676773071289,
      44.337440490722656,
      43.81201934814453,
      38.9659423828125,
      19.301536560058594,
      12.459097862243652,
      3.838266134262085,
      3.162710666656494
    ],
    [
      1.2251523733139038,
      0.1391582489013672,
      49.780452728271484,
      127.79960632324219,
      46.48653030395508,
      77.64286041259766,
      57.358280181884766,
      107.45259857177734,
      47.85308074951172,
      119.81269836425781,
      48.75889587402344,
      114.81536865234375,
      105.3448715209961,
      79.33241271972656,
      29.489505767822266,
      18.13735008239746,
      5.271108150482178,
      4.32139253616333
    ],
    [
      0.673312783241272,
      0.06299921125173569,
      49.48196792602539,
      50.832767486572266,
      47.105186462402344,
      34.858314514160156,
      49.45671081542969,
      39.21528625488281,
      48.02676773071289,
      48.75889587402344,
      48.53876876831055,
      44.977577209472656,
      44.267974853515625,
      39.39088439941406,
      19.439390182495117,
      12.512835502624512,
      3.8927016258239746,
      3.1988229751586914
    ],
    [
      1.067962884902954,
      0.11695202440023422,
      44.29121017456055,
      121.7908935546875,
      41.64860534667969,
      74.99249267578125,
      52.64472579956055,
      103.97364807128906,
      44.337440490722656,
      114.81536865234375,
      44.977577209472656,
      112.70709991455078,
      104.91558074951172,
      78.45833587646484,
      29.158254623413086,
      17.752260208129883,
      5.537913799285889,
      4.4720988273620605
    ],
    [
      0.9534303545951843,
      0.1005004346370697,
      43.76626968383789,
      112.57070922851562,
      42.12352752685547,
      71.47647857666016,
      50.742340087890625,
      96.02445220947266,
      43.81201934814453,
      105.3448715209961,
      44.267974853515625,
      104.91558074951172,
      99.69893646240234,
      73.91717529296875,
      27.95269203186035,
      16.91267204284668,
      5.512100696563721,
      4.400700569152832
    ],
    [
      0.5153205990791321,
      0.04902990162372589,
      32.82109069824219,
      77.7100601196289,
      31.112672805786133,
      44.39988327026367,
      42.83009338378906,
      66.280029296875,
      38.9659423828125,
      79.33241271972656,
      39.39088439941406,
      78.45833587646484,
      73.91717529296875,
      60.126792907714844,
      22.778148651123047,
      13.855624198913574,
      4.720635414123535,
      3.823185920715332
    ],
    [
      0.25567811727523804,
      0.023257505148649216,
      18.16739845275879,
      29.98863983154297,
      17.515260696411133,
      19.588848114013672,
      20.62319564819336,
      25.65854263305664,
      19.301536560058594,
      29.489505767822266,
      19.439390182495117,
      29.158254623413086,
      27.95269203186035,
      22.778148651123047,
      10.002685546875,
      6.256278038024902,
      2.2025084495544434,
      1.7648404836654663
    ],
    [
      0.18651755154132843,
      0.01757212169468403,
      12.166922569274902,
      18.734031677246094,
      11.543343544006348,
      12.032014846801758,
      13.54789924621582,
      15.785558700561523,
      12.459097862243652,
      18.13735008239746,
      12.512835502624512,
      17.752260208129883,
      16.91267204284668,
      13.855624198913574,
      6.256278038024902,
      4.021580219268799,
      1.3074512481689453,
      1.0680062770843506
    ],
    [
      0.012527864426374435,
      0.0003794642398133874,
      2.9804134368896484,
      4.845118999481201,
      3.187052011489868,
      3.760735034942627,
      3.6295812129974365,
      4.6345648765563965,
      3.838266134262085,
      5.271108150482178,
      3.8927016258239746,
      5.537913799285889,
      5.512100696563721,
      4.720635414123535,
      2.2025084495544434,
      1.3074512481689453,
      0.6873514652252197,
      0.5187094807624817
    ],
    [
      0.01413235068321228,
      0.0006523796473629773,
      2.503350019454956,
      3.9649477005004883,
      2.575197219848633,
      2.8043158054351807,
      3.07794189453125,
      3.6887173652648926,
      3.162710666656494,
      4.32139253616333,
      3.1988229751586914,
      4.4720988273620605,
      4.400700569152832,
      3.823185920715332,
      1.7648404836654663,
      1.0680062770843506,
      0.5187094807624817,
      0.39930373430252075
    ]
  ],
  "covariance_short": [
    [
      0.7817661166191101,
      0.19049802422523499,
      7.35836935043335,
      7.045549392700195,
      7.504772663116455,
      6.097638130187988,
      6.361195087432861,
      5.617583751678467,
      5.813863277435303,
      5.359995365142822,
      5.8712944984436035,
      5.118473529815674,
      5.263737201690674,
      3.5719449520111084,
      1.970009446144104,
      1.4476202726364136,
      0.36314356327056885,
      0.3040965497493744
    ],
    [
      0.19049802422523499,
      0.0742514356970787,
      1.935554027557373,
      2.073310375213623,
      2.0655579566955566,
      1.8258590698242188,
      1.7430588006973267,
      1.6244876384735107,
      1.5231971740722656,
      1.5898785591125488,
      1.555548071861267,
      1.4078660011291504,
      1.3170342445373535,
      0.901630163192749,
      0.43917563557624817,
      0.3326052725315094,
      0.0682462602853775,
      0.058166489005088806
    ],
    [
      7.35836935043335,
      1.935554027557373,
      146.82054138183594,
      116.89729309082031,
      153.01895141601562,
      104.02754211425781,
      132.42669677734375,
      84.10487365722656,
      132.7227325439453,
      98.17403411865234,
      129.4287872314453,
      99.77749633789062,
      112.05048370361328,
      80.78961944580078,
      37.82596206665039,
      25.30097770690918,
      8.349672317504883,
      6.865207195281982
    ],
    [
      7.045549392700195,
      2.073310375213623,
      116.89729309082031,
      145.227294921875,
      134.82833862304688,
      132.1973876953125,
      117.76931762695312,
      116.6331787109375,
      113.84332275390625,
      129.4991455078125,
      113.11241149902344,
      124.99079895019531,
      114.42144012451172,
      85.77112579345703,
      33.51937484741211,
      22.402402877807617,
      7.371121406555176,
      5.932736873626709
    ],
    [
      7.504772663116455,
      2.0655579566955566,
      153.01895141601562,
      134.82833862304688,
      184.5301513671875,
      122.69856262207031,
      145.65383911132812,
      94.74854278564453,
      148.22869873046875,
      112.21595764160156,
      144.39669799804688,
      114.37199401855469,
      128.30429077148438,
      91.35057067871094,
      40.15059280395508,
      26.35597038269043,
      8.981804847717285,
      7.25272798538208
    ],
    [
      6.097638130187988,
      1.8258590698242188,
      104.02754211425781,
      132.1973876953125,
      122.69856262207031,
      134.94761657714844,
      102.46654510498047,
      111.66484832763672,
      100.12619018554688,
      117.6784439086914,
      98.33145141601562,
      116.4409408569336,
      108.04817199707031,
      76.51924133300781,
      29.19215202331543,
      18.884855270385742,
      6.7460761070251465,
      5.216597557067871
    ],
    [
      6.361195087432861,
      1.7430588006973267,
      132.42669677734375,
      117.76931762695312,
      145.65383911132812,
      102.46654510498047,
      137.97586059570312,
      88.68197631835938,
      135.5417938232422,
      104.98084259033203,
      130.79246520996094,
      107.07415771484375,
      111.48846435546875,
      85.21849060058594,
      37.028480529785156,
      24.7298526763916,
      8.400459289550781,
      6.860482692718506
    ],
    [
      5.617583751678467,
      1.6244876384735107,
      84.10487365722656,
      116.6331787109375,
      94.74854278564453,
      111.66484832763672,
      88.68197631835938,
      104.03430938720703,
      82.83738708496094,
      107.5448989868164,
      79.99113464355469,
      106.47584533691406,
      92.84251403808594,
      69.90275573730469,
      26.784839630126953,
      17.87027359008789,
      6.1192474365234375,
      4.861555099487305
    ],
    [
      5.813863277435303,
      1.5231971740722656,
      132.7227325439453,
      113.84332275390625,
      148.22869873046875,
      100.12619018554688,
      135.5417938232422,
      82.83738708496094,
      143.45819091796875,
      102.12519836425781,
      137.16827392578125,
      106.15387725830078,
      115.05598449707031,
      87.05892944335938,
      37.764827728271484,
      24.71990203857422,
      8.859837532043457,
      7.185733795166016
    ],
    [
      5.359995365142822,
      1.5898785591125488,
      98.17403411865234,
      129.4991455078125,
      112.21595764160156,
      117.6784439086914,
      104.98084259033203,
      107.5448989868164,
      102.12519836425781,
      124.26766204833984,
      102.2845687866211,
      118.80795288085938,
      104.34820556640625,
      82.08574676513672,
      30.10953712463379,
      19.859357833862305,
      6.915620803833008,
      5.575748443603516
    ],
    [
      5.8712944984436035,
      1.555548071861267,
      129.4287872314453,
      113.11241149902344,
      144.39669799804688,
      98.33145141601562,
      130.79246520996094,
      79.99113464355469,
      137.16827392578125,
      102.2845687866211,
      140.30039978027344,
      103.43563079833984,
      112.33626556396484,
      86.05885314941406,
      37.25414276123047,
      24.392568588256836,
      8.845792770385742,
      7.165622234344482
    ],
    [
      5.118473529815674,
      1.4078660011291504,
      99.77749633789062,
      124.99079895019531,
      114.37199401855469,
      116.4409408569336,
      107.07415771484375,
      106.47584533691406,
      106.15387725830078,
      118.80795288085938,
      103.43563079833984,
      120.5848617553711,
      109.35807800292969,
      84.41349792480469,
      31.665084838867188,
      20.57343101501465,
      7.498825550079346,
      6.0319647789001465
    ],
    [
      5.263737201690674,
      1.3170342445373535,
      112.05048370361328,
      114.42144012451172,
      128.30429077148438,
      108.04817199707031,
      111.48846435546875,
      92.84251403808594,
      115.05598449707031,
      104.34820556640625,
      112.33626556396484,
      109.35807800292969,
      114.21455383300781,
      83.34989166259766,
      34.443115234375,
      22.119924545288086,
      8.121103286743164,
      6.566646575927734
    ],
    [
      3.5719449520111084,
      0.901630163192749,
      80.78961944580078,
      85.77112579345703,
      91.35057067871094,
      76.51924133300781,
      85.21849060058594,
      69.90275573730469,
      87.05892944335938,
      82.08574676513672,
      86.05885314941406,
      84.41349792480469,
      83.34989166259766,
      65.933837890625,
      26.46831512451172,
      17.119192123413086,
      6.5656843185424805,
      5.347409248352051
    ],
    [
      1.970009446144104,
      0.43917563557624817,
      37.82596206665039,
      33.51937484741211,
      40.15059280395508,
      29.19215202331543,
      37.028480529785156,
      26.784839630126953,
      37.764827728271484,
      30.10953712463379,
      37.25414276123047,
      31.665084838867188,
      34.443115234375,
      26.46831512451172,
      13.61253547668457,
      9.003087997436523,
      3.3782734870910645,
      2.768449068069458
    ],
    [
      1.4476202726364136,
      0.3326052725315094,
      25.30097770690918,
      22.402402877807617,
      26.35597038269043,
      18.884855270385742,
      24.7298526763916,
      17.87027359008789,
      24.71990203857422,
      19.859357833862305,
      24.392568588256836,
      20.57343101501465,
      22.119924545288086,
      17.119192123413086,
      9.003087997436523,
      6.1552414894104,
      2.1351821422576904,
      1.7745801210403442
    ],
    [
      0.36314356327056885,
      0.0682462602853775,
      8.349672317504883,
      7.371121406555176,
      8.981804847717285,
      6.7460761070251465,
      8.400459289550781,
      6.1192474365234375,
      8.859837532043457,
      6.915620803833008,
      8.845792770385742,
      7.498825550079346,
      8.121103286743164,
      6.5656843185424805,
      3.3782734870910645,
      2.1351821422576904,
      1.1251076459884644,
      0.8885290026664734
    ],
    [
      0.3040965497493744,
      0.058166489005088806,
      6.865207195281982,
      5.932736873626709,
      7.25272798538208,
      5.216597557067871,
      6.860482692718506,
      4.861555099487305,
      7.185733795166016,
      5.575748443603516,
      7.165622234344482,
      6.0319647789001465,
      6.566646575927734,
      5.347409248352051,
      2.768449068069458,
      1.7745801210403442,
      0.8885290026664734,
      0.7231900691986084
    ]
  ],
  "damage": -19.060123443603516,
  "diff_bandwidth": 879.7221069335938,
  "dissonance": 2.178133648804233,
  "drr": -2.1824936866760254,
  "dynamics": 6.888523101806641,
  "format": 1245190,
  "frames": 786368,
  "loudness": -27.41942596435547,
  "loudness_range": 15.138134002685547,
  "loudness_range_short": 30.625072479248047,
  "lowpass_true_peak_15khz": -11.22107982635498,
  "mastering3_acoustic_entropies": [
    {
      "acoustic_entropy": 4.758371829986572,
      "acoustic_entropy_mono": 4.7838006019592285,
      "band_eliminated_acoustic_entropies": [
        {
          "acoustic_entropy": 4.758371829986572,
          "acoustic_entropy_side": 4.758371829986572,
          "hz": 129.47220167065723
        },
        {
          "acoustic_entropy": 4.758373260498047,
          "acoustic_entropy_side": 4.758371829986572,
          "hz": 202.92927478742237
        },
        {
          "acoustic_entropy": 4.758463382720947,
          "acoustic_entropy_side": 4.758378028869629,
          "hz": 282.89161906338205
        },
        {
          "acoustic_entropy": 4.814321041107178,
          "acoustic_entropy_side": 4.784302711486816,
          "hz": 369.9353335868758
        },
        {
          "acoustic_entropy": 4.8367509841918945,
          "acoustic_entropy_side": 4.778127670288086,
          "hz": 464.6875360973435
        },
        {
          "acoustic_entropy": 4.758464813232422,
          "acoustic_entropy_side": 4.758376598358154,
          "hz": 567.8308811364784
        },
        {
          "acoustic_entropy": 4.766808032989502,
          "acoustic_entropy_side": 4.773825168609619,
          "hz": 680.1084783214808
        },
        {
          "acoustic_entropy": 4.63347053527832,
          "acoustic_entropy_side": 4.686559200286865,
          "hz": 802.3292461747484
        },
        {
          "acoustic_entropy": 4.791757583618164,
          "acoustic_entropy_side": 4.760632038116455,
          "hz": 935.3737400823702
        },
        {
          "acoustic_entropy": 4.802504539489746,
          "acoustic_entropy_side": 4.759931564331055,
          "hz": 1080.2004963696966
        },
        {
          "acoustic_entropy": 4.284420013427734,
          "acoustic_entropy_side": 4.772515296936035,
          "hz": 1237.8529382007157
        },
        {
          "acoustic_entropy": 4.784372329711914,
          "acoustic_entropy_side": 4.758145809173584,
          "hz": 1409.4668930556702
        },
        {
          "acoustic_entropy": 4.718194484710693,
          "acoustic_entropy_side": 4.7982306480407715,
          "hz": 1596.2787759475705
        },
        {
          "acoustic_entropy": 4.661676406860352,
          "acoustic_entropy_side": 4.771947383880615,
          "hz": 1799.6344973346393
        },
        {
          "acoustic_entropy": 4.718080520629883,
          "acoustic_entropy_side": 4.759012222290039,
          "hz": 2020.9991599069049
        },
        {
          "acoustic_entropy": 4.810790538787842,
          "acoustic_entropy_side": 4.761620044708252,
          "hz": 2261.9676141086993
        },
        {
          "acoustic_entropy": 4.678123950958252,
          "acoustic_entropy_side": 4.755667686462402,
          "hz": 2524.2759484456974
        },
        {
          "acoustic_entropy": 4.759725570678711,
          "acoustic_entropy_side": 4.758434772491455,
          "hz": 2809.813997359896
        },
        {
          "acoustic_entropy": 4.751170635223389,
          "acoustic_entropy_side": 4.757762908935547,
          "hz": 3120.6389567871424
        },
        {
          "acoustic_entropy": 4.742931365966797,
          "acoustic_entropy_side": 4.75673770904541,
          "hz": 3458.990205492291
        },
        {
          "acoustic_entropy": 4.726243495941162,
          "acoustic_entropy_side": 4.771013259887695,
          "hz": 3827.305438964164
        },
        {
          "acoustic_entropy": 4.700473308563232,
          "acoustic_entropy_side": 4.751339912414551,
          "hz": 4228.238232109126
        },
        {
          "acoustic_entropy": 4.722138404846191,
          "acoustic_entropy_side": 4.753331661224365,
          "hz": 4664.6771572759235
        },
        {
          "acoustic_entropy": 4.745902061462402,
          "acoustic_entropy_side": 4.756368160247803,
          "hz": 5139.766595350093
        },
        {
          "acoustic_entropy": 4.751030445098877,
          "acoustic_entropy_side": 4.757953643798828,
          "hz": 5656.929389854203
        },
        {
          "acoustic_entropy": 4.747224807739258,
          "acoustic_entropy_side": 4.758130073547363,
          "hz": 6219.891507268283
        },
        {
          "acoustic_entropy": 4.746066093444824,
          "acoustic_entropy_side": 4.756922245025635,
          "hz": 6832.70888123896
        },
        {
          "acoustic_entropy": 4.757049083709717,
          "acoustic_entropy_side": 4.758033752441406,
          "hz": 7499.796634079867
        },
        {
          "acoustic_entropy": 4.758347511291504,
          "acoustic_entropy_side": 4.758365154266357,
          "hz": 8225.96088609342
        },
        {
          "acoustic_entropy": 4.75836181640625,
          "acoustic_entropy_side": 4.758368015289307,
          "hz": 9016.43338188839
        },
        {
          "acoustic_entropy": 4.758366584777832,
          "acoustic_entropy_side": 4.758371353149414,
          "hz": 9876.909183162974
        },
        {
          "acoustic_entropy": 4.758369445800781,
          "acoustic_entropy_side": 4.758371829986572,
          "hz": 10813.587699516042
        },
        {
          "acoustic_entropy": 4.758367538452148,
          "acoustic_entropy_side": 4.758371829986572,
          "hz": 11833.21735289826
        },
        {
          "acoustic_entropy": 4.758365154266357,
          "acoustic_entropy_side": 4.758371353149414,
          "hz": 12943.144197493959
        },
        {
          "acoustic_entropy": 4.7583699226379395,
          "acoustic_entropy_side": 4.758371353149414,
          "hz": 14151.364845322005
        },
        {
          "acoustic_entropy": 4.758371829986572,
          "acoustic_entropy_side": 4.758371829986572,
          "hz": 15466.58407886509
        },
        {
          "acoustic_entropy": 4.758371829986572,
          "acoustic_entropy_side": 4.758371829986572,
          "hz": 16898.27756580493
        },
        {
          "acoustic_entropy": 4.758371829986572,
          "acoustic_entropy_side": 4.758371829986572,
          "hz": 18456.760127700032
        },
        {
          "acoustic_entropy": 4.758371829986572,
          "acoustic_entropy_side": 4.758371829986572,
          "hz": 20153.260054456492
        },
        {
          "acoustic_entropy": 4.758371829986572,
          "acoustic_entropy_side": 4.758371829986572,
          "hz": 22000.00000000001
        }
      ],
      "diff_acoustic_entropy": 5.798532485961914,
      "sn": 6
    },
    {
      "acoustic_entropy": 5.9832563400268555,
      "acoustic_entropy_mono": 5.808545112609863,
      "band_eliminated_acoustic_entropies": [
        {
          "acoustic_entropy": 5.9832563400268555,
          "acoustic_entropy_side": 5.9832563400268555,
          "hz": 129.47220167065723
        },
        {
          "acoustic_entropy": 5.983255863189697,
          "acoustic_entropy_side": 5.983256816864014,
          "hz": 202.92927478742237
        },
        {
          "acoustic_entropy": 5.982550144195557,
          "acoustic_entropy_side": 5.983275413513184,
          "hz": 282.89161906338205
        },
        {
          "acoustic_entropy": 6.0279541015625,
          "acoustic_entropy_side": 6.036192893981934,
          "hz": 369.9353335868758
        },
        {
          "acoustic_entropy": 6.099959373474121,
          "acoustic_entropy_side": 6.032945156097412,
          "hz": 464.6875360973435
        },
        {
          "acoustic_entropy": 5.983307838439941,
          "acoustic_entropy_side": 5.983281135559082,
          "hz": 567.8308811364784
        },
        {
          "acoustic_entropy": 6.014061450958252,
          "acoustic_entropy_side": 6.013861656188965,
          "hz": 680.1084783214808
        },
        {
          "acoustic_entropy": 5.68362283706665,
          "acoustic_entropy_side": 5.653499603271484,
          "hz": 802.3292461747484
        },
        {
          "acoustic_entropy": 6.050107955932617,
          "acoustic_entropy_side": 6.004431247711182,
          "hz": 935.3737400823702
        },
        {
          "acoustic_entropy": 6.041928768157959,
          "acoustic_entropy_side": 5.987709999084473,
          "hz": 1080.2004963696966
        },
        {
          "acoustic_entropy": 5.84955358505249,
          "acoustic_entropy_side": 6.025471210479736,
          "hz": 1237.8529382007157
        },
        {
          "acoustic_entropy": 6.0633344650268555,
          "acoustic_entropy_side": 5.975130558013916,
          "hz": 1409.4668930556702
        },
        {
          "acoustic_entropy": 5.998116970062256,
          "acoustic_entropy_side": 6.006589412689209,
          "hz": 1596.2787759475705
        },
        {
          "acoustic_entropy": 5.921648025512695,
          "acoustic_entropy_side": 6.006560802459717,
          "hz": 1799.6344973346393
        },
        {
          "acoustic_entropy": 5.9504170417785645,
          "acoustic_entropy_side": 5.987326622009277,
          "hz": 2020.9991599069049
        },
        {
          "acoustic_entropy": 6.048922538757324,
          "acoustic_entropy_side": 6.001095771789551,
          "hz": 2261.9676141086993
        },
        {
          "acoustic_entropy": 5.898469924926758,
          "acoustic_entropy_side": 5.959922790527344,
          "hz": 2524.2759484456974
        },
        {
          "acoustic_entropy": 5.984057426452637,
          "acoustic_entropy_side": 5.983932971954346,
          "hz": 2809.813997359896
        },
        {
          "acoustic_entropy": 5.974325180053711,
          "acoustic_entropy_side": 5.984505653381348,
          "hz": 3120.6389567871424
        },
        {
          "acoustic_entropy": 5.973079204559326,
          "acoustic_entropy_side": 5.98447847366333,
          "hz": 3458.990205492291
        },
        {
          "acoustic_entropy": 5.988485336303711,
          "acoustic_entropy_side": 6.005064010620117,
          "hz": 3827.305438964164
        },
        {
          "acoustic_entropy": 5.9308977127075195,
          "acoustic_entropy_side": 5.978034973144531,
          "hz": 4228.238232109126
        },
        {
          "acoustic_entropy": 5.943858623504639,
          "acoustic_entropy_side": 5.977498531341553,
          "hz": 4664.6771572759235
        },
        {
          "acoustic_entropy": 5.971642971038818,
          "acoustic_entropy_side": 5.979997158050537,
          "hz": 5139.766595350093
        },
        {
          "acoustic_entropy": 5.975672721862793,
          "acoustic_entropy_side": 5.982019424438477,
          "hz": 5656.929389854203
        },
        {
          "acoustic_entropy": 5.971679210662842,
          "acoustic_entropy_side": 5.982741355895996,
          "hz": 6219.891507268283
        },
        {
          "acoustic_entropy": 5.963128566741943,
          "acoustic_entropy_side": 5.9797043800354,
          "hz": 6832.70888123896
        },
        {
          "acoustic_entropy": 5.980837821960449,
          "acoustic_entropy_side": 5.982450485229492,
          "hz": 7499.796634079867
        },
        {
          "acoustic_entropy": 5.983226299285889,
          "acoustic_entropy_side": 5.9832377433776855,
          "hz": 8225.96088609342
        },
        {
          "acoustic_entropy": 5.983224391937256,
          "acoustic_entropy_side": 5.983240127563477,
          "hz": 9016.43338188839
        },
        {
          "acoustic_entropy": 5.983242034912109,
          "acoustic_entropy_side": 5.9832563400268555,
          "hz": 9876.909183162974
        },
        {
          "acoustic_entropy": 5.983250141143799,
          "acoustic_entropy_side": 5.983257293701172,
          "hz": 10813.587699516042
        },
        {
          "acoustic_entropy": 5.983245849609375,
          "acoustic_entropy_side": 5.9832563400268555,
          "hz": 11833.21735289826
        },
        {
          "acoustic_entropy": 5.98323917388916,
          "acoustic_entropy_side": 5.983255863189697,
          "hz": 12943.144197493959
        },
        {
          "acoustic_entropy": 5.98325252532959,
          "acoustic_entropy_side": 5.983255863189697,
          "hz": 14151.364845322005
        },
        {
          "acoustic_entropy": 5.9832563400268555,
          "acoustic_entropy_side": 5.983256816864014,
          "hz": 15466.58407886509
        },
        {
          "acoustic_entropy": 5.9832563400268555,
          "acoustic_entropy_side": 5.983256816864014,
          "hz": 16898.27756580493
        },
        {
          "acoustic_entropy": 5.9832563400268555,
          "acoustic_entropy_side": 5.9832563400268555,
          "hz": 18456.760127700032
        },
        {
          "acoustic_entropy": 5.9832563400268555,
          "acoustic_entropy_side": 5.9832563400268555,
          "hz": 20153.260054456492
        },
        {
          "acoustic_entropy": 5.9832563400268555,
          "acoustic_entropy_side": 5.9832563400268555,
          "hz": 22000.00000000001
        }
      ],
      "diff_acoustic_entropy": 7.423764705657959,
      "sn": 12
    },
    {
      "acoustic_entropy": 8.696747779846191,
      "acoustic_entropy_mono": 7.405831813812256,
      "band_eliminated_acoustic_entropies": [
        {
          "acoustic_entropy": 8.696745872497559,
          "acoustic_entropy_side": 8.696747779846191,
          "hz": 129.47220167065723
        },
        {
          "acoustic_entropy": 8.696462631225586,
          "acoustic_entropy_side": 8.696743965148926,
          "hz": 202.92927478742237
        },
        {
          "acoustic_entropy": 8.694704055786133,
          "acoustic_entropy_side": 8.698225021362305,
          "hz": 282.89161906338205
        },
        {
          "acoustic_entropy": 8.665178298950195,
          "acoustic_entropy_side": 8.810566902160645,
          "hz": 369.9353335868758
        },
        {
          "acoustic_entropy": 8.67587947845459,
          "acoustic_entropy_side": 8.525491714477539,
          "hz": 464.6875360973435
        },
        {
          "acoustic_entropy": 8.697386741638184,
          "acoustic_entropy_side": 8.69686508178711,
          "hz": 567.8308811364784
        },
        {
          "acoustic_entropy": 8.574466705322266,
          "acoustic_entropy_side": 8.602954864501953,
          "hz": 680.1084783214808
        },
        {
          "acoustic_entropy": 8.906198501586914,
          "acoustic_entropy_side": 9.14156723022461,
          "hz": 802.3292461747484
        },
        {
          "acoustic_entropy": 8.52310848236084,
          "acoustic_entropy_side": 8.595040321350098,
          "hz": 935.3737400823702
        },
        {
          "acoustic_entropy": 8.904603004455566,
          "acoustic_entropy_side": 8.759629249572754,
          "hz": 1080.2004963696966
        },
        {
          "acoustic_entropy": 8.393277168273926,
          "acoustic_entropy_side": 8.67748737335205,
          "hz": 1237.8529382007157
        },
        {
          "acoustic_entropy": 8.6464204788208,
          "acoustic_entropy_side": 8.635344505310059,
          "hz": 1409.4668930556702
        },
        {
          "acoustic_entropy": 8.739107131958008,
          "acoustic_entropy_side": 8.661834716796875,
          "hz": 1596.2787759475705
        },
        {
          "acoustic_entropy": 8.706887245178223,
          "acoustic_entropy_side": 8.796138763427734,
          "hz": 1799.6344973346393
        },
        {
          "acoustic_entropy": 8.70859146118164,
          "acoustic_entropy_side": 8.646075248718262,
          "hz": 2020.9991599069049
        },
        {
          "acoustic_entropy": 8.587717056274414,
          "acoustic_entropy_side": 8.627747535705566,
          "hz": 2261.9676141086993
        },
        {
          "acoustic_entropy": 8.767930030822754,
          "acoustic_entropy_side": 8.703336715698242,
          "hz": 2524.2759484456974
        },
        {
          "acoustic_entropy": 8.718364715576172,
          "acoustic_entropy_side": 8.689992904663086,
          "hz": 2809.813997359896
        },
        {
          "acoustic_entropy": 8.728132247924805,
          "acoustic_entropy_side": 8.698647499084473,
          "hz": 3120.6389567871424
        },
