{
  "acoustic_entropy": 240.41409301757812,
  "bands": [
    {
      "high_freq": 148.1999969482422,
      "loudness": -25.1539363861084,
      "loudness_range": 13.55293083190918,
      "mid_mean": -23.159929275512695,
      "mid_to_side_loudness": -4.204130172729492,
      "mid_to_side_loudness_range": 11.513757705688477,
      "side_mean": -27.654958724975586
    },
    {
      "high_freq": 392.3793640136719,
      "loudness": -25.193796157836914,
      "loudness_range": 7.306640625,
      "low_freq": 148.1999969482422,
      "mid_mean": -23.437166213989258,
      "mid_to_side_loudness": -3.08843731880188,
      "mid_to_side_loudness_range": 8.709554672241211,
      "side_mean": -26.628955841064453
    },
    {
      "high_freq": 794.6976318359375,
      "loudness": -23.944290161132812,
      "loudness_range": 7.917684555053711,
      "low_freq": 392.3793640136719,
      "mid_mean": -21.797513961791992,
      "mid_to_side_loudness": -4.633342266082764,
      "mid_to_side_loudness_range": 9.713363647460938,
      "side_mean": -26.425657272338867
    },
    {
      "high_freq": 1457.5709228515625,
      "loudness": -24.153242111206055,
      "loudness_range": 9.349740982055664,
      "low_freq": 794.6976318359375,
      "mid_mean": -22.327632904052734,
      "mid_to_side_loudness": -3.4373717308044434,
      "mid_to_side_loudness_range": 8.661282539367676,
      "side_mean": -25.970638275146484
    },
    {
      "high_freq": 2549.74365234375,
      "loudness": -22.272010803222656,
      "loudness_range": 9.69807243347168,
      "low_freq": 1457.5709228515625,
      "mid_mean": -20.442337036132812,
      "mid_to_side_loudness": -3.4709367752075195,
      "mid_to_side_loudness_range": 8.437578201293945,
      "side_mean": -23.963760375976562
    },
    {
      "high_freq": 4349.24462890625,
      "loudness": -26.43052864074707,
      "loudness_range": 10.485658645629883,
      "low_freq": 2549.74365234375,
      "mid_mean": -24.711397171020508,
      "mid_to_side_loudness": -2.974609136581421,
      "mid_to_side_loudness_range": 7.228367805480957,
      "side_mean": -27.721576690673828
    },
    {
      "high_freq": 7314.1640625,
      "loudness": -33.08035659790039,
      "loudness_range": 13.594655990600586,
      "low_freq": 4349.24462890625,
      "mid_mean": -31.84408950805664,
      "mid_to_side_loudness": -1.3155843019485474,
      "mid_to_side_loudness_range": 3.3461666107177734,
      "side_mean": -33.15078353881836
    },
    {
      "high_freq": 12199.2666015625,
      "loudness": -35.64992141723633,
      "loudness_range": 14.759183883666992,
      "low_freq": 7314.1640625,
      "mid_mean": -34.81917953491211,
      "mid_to_side_loudness": -0.35666337609291077,
      "mid_to_side_loudness_range": 1.0018203258514404,
      "side_mean": -35.163299560546875
    },
    {
      "loudness": -45.58203887939453,
      "loudness_range": 17.59658432006836,
      "low_freq": 12199.2666015625,
      "mid_mean": -45.4551887512207,
      "mid_to_side_loudness": 0.5937076210975647,
      "mid_to_side_loudness_range": 3.508820056915283,
      "side_mean": -44.83404541015625
    }
  ],
  "bands_short": [
    {
      "high_freq": 148.1999969482422,
      "loudness": -29.81666374206543,
      "loudness_range": 20.335100173950195,
      "mid_mean": -27.61992835998535,
      "mid_to_side_loudness": -5.679150581359863,
      "mid_to_side_loudness_range": 14.402121543884277,
      "side_mean": -33.6177978515625
    },
    {
      "high_freq": 392.3793640136719,
      "loudness": -24.33435821533203,
      "loudness_range": 12.491662979125977,
      "low_freq": 148.1999969482422,
      "mid_mean": -22.865129470825195,
      "mid_to_side_loudness": -2.7559359073638916,
      "mid_to_side_loudness_range": 12.317937850952148,
      "side_mean": -25.774900436401367
    },
    {
      "high_freq": 794.6976318359375,
      "loudness": -25.442852020263672,
      "loudness_range": 10.413660049438477,
      "low_freq": 392.3793640136719,
      "mid_mean": -23.70219612121582,
      "mid_to_side_loudness": -3.6919186115264893,
      "mid_to_side_loudness_range": 11.451054573059082,
      "side_mean": -27.38594627380371
    },
    {
      "high_freq": 1457.5709228515625,
      "loudness": -23.71874237060547,
      "loudness_range": 11.695755004882812,
      "low_freq": 794.6976318359375,
      "mid_mean": -21.955400466918945,
      "mid_to_side_loudness": -3.7735519409179688,
      "mid_to_side_loudness_range": 11.612537384033203,
      "side_mean": -25.858091354370117
    },
    {
      "high_freq": 2549.74365234375,
      "loudness": -22.705034255981445,
      "loudness_range": 11.614068984985352,
      "low_freq": 1457.5709228515625,
      "mid_mean": -21.028146743774414,
      "mid_to_side_loudness": -3.2886087894439697,
      "mid_to_side_loudness_range": 10.199207305908203,
      "side_mean": -24.38433265686035
    },
    {
      "high_freq": 4349.24462890625,
      "loudness": -27.03244400024414,
      "loudness_range": 13.141597747802734,
      "low_freq": 2549.74365234375,
      "mid_mean": -25.395841598510742,
      "mid_to_side_loudness": -2.884269952774048,
      "mid_to_side_loudness_range": 8.581954956054688,
      "side_mean": -28.326217651367188
    },
    {
      "high_freq": 7314.1640625,
      "loudness": -34.771240234375,
      "loudness_range": 18.05396270751953,
      "low_freq": 4349.24462890625,
      "mid_mean": -33.515689849853516,
      "mid_to_side_loudness": -1.5330169200897217,
      "mid_to_side_loudness_range": 5.063162803649902,
      "side_mean": -35.03249740600586
    },
    {
      "high_freq": 12199.2666015625,
      "loudness": -38.89727020263672,
      "loudness_range": 22.02210807800293,
      "low_freq": 7314.1640625,
      "mid_mean": -38.0743408203125,
      "mid_to_side_loudness": -0.44305503368377686,
      "mid_to_side_loudness_range": 1.9871680736541748,
      "side_mean": -38.51026916503906
    },
    {
      "loudness": -50.101593017578125,
      "loudness_range": 24.947669982910156,
      "low_freq": 12199.2666015625,
      "mid_mean": -50.54644012451172,
      "mid_to_side_loudness": 1.094377875328064,
      "mid_to_side_loudness_range": 4.580255031585693,
      "side_mean": -49.11066436767578
    }
  ],
  "bandwidth": 789.5149536132812,
  "channels": 2,
  "covariance": [
    [
      33.257843017578125,
      31.18958854675293,
      9.004536628723145,
      7.554876327514648,
      4.796721935272217,
      1.2819430828094482,
      5.665722846984863,
      5.67291784286499,
      7.1100969314575195,
      6.843736171722412,
      6.751154899597168,
      6.126133441925049,
      3.3244993686676025,
      3.0232672691345215,
      2.378847122192383,
      2.438889741897583,
      5.361205577850342,
      4.977571964263916
    ],
    [
      31.18958854675293,
      48.71070098876953,
      8.301677703857422,
      10.915809631347656,
      3.1667654514312744,
      -3.6022191047668457,
      4.889303684234619,
      5.0630621910095215,
      6.435471534729004,
      5.747231483459473,
      5.58094596862793,
      4.983891487121582,
      1.3005149364471436,
      0.904356837272644,
      0.4894329309463501,
      0.8642290234565735,
      6.548825263977051,
      5.579309463500977
    ],
    [
      9.004536628723145,
      8.301677703857422,
      13.501615524291992,
      8.32188892364502,
      7.88271427154541,
      6.472375392913818,
      5.9331374168396,
      7.21628999710083,
      6.801590919494629,
      6.548451900482178,
      6.542212963104248,
      5.833680152893066,
      4.259470462799072,
      3.4976065158843994,
      4.240649700164795,
      4.02606725692749,
      6.1658935546875,
      6.810825824737549
    ],
    [
      7.554876327514648,
      10.915809631347656,
      8.32188892364502,
      13.468730926513672,
      6.379804611206055,
      4.183150291442871,
      5.420280456542969,
      7.112376689910889,
      6.649792671203613,
      6.481969833374023,
      6.749382972717285,
      6.634769439697266,
      5.503544330596924,
      5.430911540985107,
      5.735811233520508,
      5.892126083374023,
      10.49954891204834,
      10.207743644714355
    ],
    [
      4.796721935272217,
      3.1667654514312744,
      7.88271427154541,
      6.379804611206055,
      16.43412971496582,
      7.753610134124756,
      10.080544471740723,
      5.894953727722168,
      9.983394622802734,
      5.941449165344238,
      8.058349609375,
      4.8198137283325195,
      3.529423475265503,
      2.022125482559204,
      2.9960222244262695,
      2.645867347717285,
      4.697821140289307,
      6.0419020652771
    ],
    [
      1.2819430828094482,
      -3.6022191047668457,
      6.472375392913818,
      4.183150291442871,
      7.753610134124756,
      12.978611946105957,
      4.742278575897217,
      6.703689098358154,
      4.06038236618042,
      7.3644795417785645,
      3.338559150695801,
      5.521119594573975,
      2.622213840484619,
      2.9738636016845703,
      2.84525203704834,
      2.6378839015960693,
      2.6952898502349854,
      3.115269899368286
    ],
    [
      5.665722846984863,
      4.889303684234619,
      5.9331374168396,
      5.420280456542969,
      10.080544471740723,
      4.742278575897217,
      18.395145416259766,
      9.445079803466797,
      11.879666328430176,
      9.168707847595215,
      10.258797645568848,
      8.881853103637695,
      5.715054035186768,
      4.753620624542236,
      3.8082218170166016,
      3.712848424911499,
      6.005771160125732,
      6.594173431396484
    ],
    [
      5.67291784286499,
      5.0630621910095215,
      7.21628999710083,
      7.112376689910889,
      5.894953727722168,
      6.703689098358154,
      9.445079803466797,
      14.456113815307617,
      9.18524169921875,
      11.571518898010254,
      8.38742446899414,
      10.124212265014648,
      6.36784029006958,
      6.6137189865112305,
      5.515893936157227,
      5.5891900062561035,
      8.897418975830078,
      8.641519546508789
    ],
    [
      7.1100969314575195,
      6.435471534729004,
      6.801590919494629,
      6.649792671203613,
      9.983394622802734,
      4.06038236618042,
      11.879666328430176,
      9.18524169921875,
      18.166547775268555,
      10.415425300598145,
      15.226086616516113,
      10.95602035522461,
      8.685707092285156,
      7.181829929351807,
      6.621716499328613,
      6.492790222167969,
      9.226062774658203,
      10.04367733001709
    ],
    [
      6.843736171722412,
      5.747231483459473,
      6.548451900482178,
      6.481969833374023,
      5.941449165344238,
      7.3644795417785645,
      9.168707847595215,
      11.571518898010254,
      10.415425300598145,
      15.289933204650879,
      9.226773262023926,
      12.904654502868652,
      6.870083332061768,
      7.930457592010498,
      6.05801248550415,
      6.264490127563477,
      8.136001586914062,
      7.546504020690918
    ],
    [
      6.751154899597168,
      5.58094596862793,
      6.542212963104248,
      6.749382972717285,
      8.058349609375,
      3.338559150695801,
      10.258797645568848,
      8.38742446899414,
      15.226086616516113,
      9.226773262023926,
      18.772289276123047,
      13.244625091552734,
      13.15958309173584,
      11.697300910949707,
      10.453986167907715,
      10.306727409362793,
      11.335247039794922,
      11.980607032775879
    ],
    [
      6.126133441925049,
      4.983891487121582,
      5.833680152893066,
      6.634769439697266,
      4.8198137283325195,
      5.521119594573975,
      8.881853103637695,
      10.124212265014648,
      10.95602035522461,
      12.904654502868652,
      13.244625091552734,
      16.819599151611328,
      11.75157356262207,
      12.799345016479492,
      9.823612213134766,
      10.051798820495605,
      10.988967895507812,
      10.16865062713623
    ],
    [
      3.3244993686676025,
      1.3005149364471436,
      4.259470462799072,
      5.503544330596924,
      3.529423475265503,
      2.622213840484619,
      5.715054035186768,
      6.36784029006958,
      8.685707092285156,
      6.870083332061768,
      13.15958309173584,
      11.75157356262207,
      24.95566177368164,
      23.681127548217773,
      24.70511817932129,
      24.358976364135742,
      23.320167541503906,
      23.45896339416504
    ],
    [
      3.0232672691345215,
      0.904356837272644,
      3.4976065158843994,
      5.430911540985107,
      2.022125482559204,
      2.9738636016845703,
      4.753620624542236,
      6.6137189865112305,
      7.181829929351807,
      7.930457592010498,
      11.697300910949707,
      12.799345016479492,
      23.681127548217773,
      24.63135528564453,
      24.264049530029297,
      24.346105575561523,
      23.634075164794922,
      22.54734992980957
    ],
    [
      2.378847122192383,
      0.4894329309463501,
      4.240649700164795,
      5.735811233520508,
      2.9960222244262695,
      2.84525203704834,
      3.8082218170166016,
      5.515893936157227,
      6.621716499328613,
      6.05801248550415,
      10.453986167907715,
      9.823612213134766,
      24.70511817932129,
      24.264049530029297,
      28.85646629333496,
      28.52096176147461,
      27.467308044433594,
      27.248554229736328
    ],
    [
      2.438889741897583,
      0.8642290234565735,
      4.02606725692749,
      5.892126083374023,
      2.645867347717285,
      2.6378839015960693,
      3.712848424911499,
      5.5891900062561035,
      6.492790222167969,
      6.264490127563477,
      10.306727409362793,
      10.051798820495605,
      24.358976364135742,
      24.346105575561523,
      28.52096176147461,
      28.594568252563477,
      27.685108184814453,
      27.168636322021484
    ],
    [
      5.361205577850342,
      6.548825263977051,
      6.1658935546875,
      10.49954891204834,
      4.697821140289307,
      2.6952898502349854,
      6.005771160125732,
      8.897418975830078,
      9.226062774658203,
      8.136001586914062,
      11.335247039794922,
      10.988967895507812,
      23.320167541503906,
      23.634075164794922,
      27.467308044433594,
      27.685108184814453,
      40.303314208984375,
      38.532466888427734
    ],
    [
      4.977571964263916,
      5.579309463500977,
      6.810825824737549,
      10.207743644714355,
      6.0419020652771,
      3.115269899368286,
      6.594173431396484,
      8.641519546508789,
      10.04367733001709,
      7.546504020690918,
      11.980607032775879,
      10.16865062713623,
      23.45896339416504,
      22.54734992980957,
      27.248554229736328,
      27.168636322021484,
      38.532466888427734,
      38.36946487426758
    ]
  ],
  "covariance_short": [
    [
      56.05378723144531,
      41.02212905883789,
      19.289228439331055,
      14.639936447143555,
      4.0669941902160645,
      3.343475580215454,
      5.836791038513184,
      5.832897186279297,
      7.61183500289917,
      6.665865421295166,
      7.590294361114502,
      6.802488803863525,
      6.161018371582031,
      6.611971378326416,
      5.679355621337891,
      5.930364608764648,
      7.690787315368652,
      7.028868675231934
    ],
    [
      41.02212905883789,
      56.634490966796875,
      20.690052032470703,
      23.00016212463379,
      3.6876630783081055,
      1.6717065572738647,
      7.065421104431152,
      5.884978294372559,
      7.941408157348633,
      7.577872276306152,
      7.66615629196167,
      7.923591613769531,
      6.1907148361206055,
      6.658318519592285,
      6.322962284088135,
      6.777451992034912,
      8.59871768951416,
      7.646049499511719
    ],
    [
      19.289228439331055,
      20.690052032470703,
      24.855693817138672,
      17.1419734954834,
      8.811031341552734,
      7.162812232971191,
      8.192546844482422,
      9.261817932128906,
      8.444092750549316,
      9.121404647827148,
      9.177056312561035,
      9.0132417678833,
      8.62130355834961,
      8.963067054748535,
      9.796121597290039,
      9.932268142700195,
      13.00908088684082,
      12.849921226501465
    ],
    [
      14.639936447143555,
      23.00016212463379,
      17.1419734954834,
      28.32400131225586,
      6.3553853034973145,
      4.112198829650879,
      7.624383926391602,
      7.807982921600342,
      8.507376670837402,
      8.036980628967285,
      8.909002304077148,
      8.739699363708496,
      8.904796600341797,
      9.13086223602295,
      9.900811195373535,
      10.424093246459961,
      14.924654960632324,
      14.18588638305664
    ],
    [
      4.0669941902160645,
      3.6876630783081055,
      8.811031341552734,
      6.3553853034973145,
      22.505321502685547,
      10.968646049499512,
      11.848215103149414,
      8.521944046020508,
      11.509943962097168,
      8.19869613647461,
      10.806865692138672,
      6.7592949867248535,
      7.003338813781738,
      5.503260612487793,
      7.006479740142822,
      6.5222930908203125,
      9.700461387634277,
      11.477493286132812
    ],
    [
      3.343475580215454,
      1.6717065572738647,
      7.162812232971191,
      4.112198829650879,
      10.968646049499512,
      17.66083335876465,
      6.615936756134033,
      9.82082748413086,
      5.951979637145996,
      9.79387378692627,
      5.669285297393799,
      7.86700963973999,
      6.225268363952637,
      7.180968761444092,
      6.823875904083252,
      6.783544063568115,
      8.303881645202637,
      8.243642807006836
    ],
    [
      5.836791038513184,
      7.065421104431152,
      8.192546844482422,
      7.624383926391602,
      11.848215103149414,
      6.615936756134033,
      26.58617401123047,
      11.821434020996094,
      15.581875801086426,
      11.126191139221191,
      14.26110553741455,
      10.62313461303711,
      9.912369728088379,
      7.9318084716796875,
      8.038269996643066,
      7.54805850982666,
      12.209324836730957,
      13.860227584838867
    ],
    [
      5.832897186279297,
      5.884978294372559,
      9.261817932128906,
      7.807982921600342,
      8.521944046020508,
      9.82082748413086,
      11.821434020996094,
      18.370540618896484,
      10.57837200164795,
      13.880290031433105,
      9.957548141479492,
      11.979377746582031,
      8.988823890686035,
      9.628369331359863,
      8.139605522155762,
      8.23861312866211,
      11.581488609313965,
      11.236442565917969
    ],
    [
      7.61183500289917,
      7.941408157348633,
      8.444092750549316,
      8.507376670837402,
      11.509943962097168,
      5.951979637145996,
      15.581875801086426,
      10.57837200164795,
      24.294137954711914,
      13.265846252441406,
      19.875896453857422,
      13.740262985229492,
      12.692782402038574,
      10.659341812133789,
      10.466296195983887,
      10.189108848571777,
      14.062149047851562,
      15.406536102294922
    ],
    [
      6.665865421295166,
      7.577872276306152,
      9.121404647827148,
      8.036980628967285,
      8.19869613647461,
      9.79387378692627,
      11.126191139221191,
      13.880290031433105,
      13.265846252441406,
      19.681589126586914,
      11.681294441223145,
      15.352743148803711,
      10.005006790161133,
      11.352448463439941,
      8.837090492248535,
      9.025426864624023,
      12.063584327697754,
      11.382275581359863
    ],
    [
      7.590294361114502,
      7.66615629196167,
      9.177056312561035,
      8.909002304077148,
      10.806865692138672,
      5.669285297393799,
      14.26110553741455,
      9.957548141479492,
      19.875896453857422,
      11.681294441223145,
      26.39734649658203,
      18.6752986907959,
      20.033363342285156,
      18.10228157043457,
      18.080921173095703,
      17.90664291381836,
      20.56881332397461,
      21.4500675201416
    ],
    [
      6.802488803863525,
      7.923591613769531,
      9.0132417678833,
      8.739699363708496,
      6.7592949867248535,
      7.86700963973999,
      10.62313461303711,
      11.979377746582031,
      13.740262985229492,
      15.352743148803711,
      18.6752986907959,
      22.884449005126953,
      18.492822647094727,
      20.119586944580078,
      17.303699493408203,
      17.741680145263672,
      19.402463912963867,
      18.056398391723633
    ],
    [
      6.161018371582031,
      6.1907148361206055,
      8.62130355834961,
      8.904796600341797,
      7.003338813781738,
      6.225268363952637,
      9.912369728088379,
      8.988823890686035,
      12.692782402038574,
      10.005006790161133,
      20.033363342285156,
      18.492822647094727,
      39.3566780090332,
      37.841575622558594,
      42.575477600097656,
      42.46170425415039,
      43.5889892578125,
      42.841217041015625
    ],
    [
      6.611971378326416,
      6.658318519592285,
      8.963067054748535,
      9.13086223602295,
      5.503260612487793,
      7.180968761444092,
      7.9318084716796875,
      9.628369331359863,
      10.659341812133789,
      11.352448463439941,
      18.10228157043457,
      20.119586944580078,
      37.841575622558594,
      40.63725280761719,
      42.712005615234375,
      43.35792922973633,
      44.12465286254883,
      41.442626953125
    ],
    [
      5.679355621337891,
      6.322962284088135,
      9.796121597290039,
      9.900811195373535,
      7.006479740142822,
      6.823875904083252,
      8.038269996643066,
      8.139605522155762,
      10.466296195983887,
      8.837090492248535,
      18.080921173095703,
      17.303699493408203,
      42.575477600097656,
      42.712005615234375,
      56.65156173706055,
      56.40497970581055,
      56.67639923095703,
      55.1580924987793
    ],
    [
      5.930364608764648,
      6.777451992034912,
      9.932268142700195,
      10.424093246459961,
      6.5222930908203125,
      6.783544063568115,
      7.54805850982666,
      8.23861312866211,
      10.189108848571777,
      9.025426864624023,
      17.90664291381836,
      17.741680145263672,
      42.46170425415039,
      43.35792922973633,
      56.40497970581055,
      57.109004974365234,
      57.07700729370117,
      55.082584381103516
    ],
    [
      7.690787315368652,
      8.59871768951416,
      13.00908088684082,
      14.924654960632324,
      9.700461387634277,
      8.303881645202637,
      12.209324836730957,
      11.581488609313965,
      14.062149047851562,
      12.063584327697754,
      20.56881332397461,
      19.402463912963867,
      43.5889892578125,
      44.12465286254883,
      56.67639923095703,
      57.07700729370117,
      79.85958862304688,
      72.09444427490234
    ],
    [
      7.028868675231934,
      7.646049499511719,
      12.849921226501465,
      14.18588638305664,
      11.477493286132812,
      8.243642807006836,
      13.860227584838867,
      11.236442565917969,
      15.406536102294922,
      11.382275581359863,
      21.4500675201416,
      18.056398391723633,
      42.841217041015625,
      41.442626953125,
      55.1580924987793,
      55.082584381103516,
      72.09444427490234,
      72.42020416259766
    ]
  ],
  "damage": -8.29478931427002,
  "diff_bandwidth": 790.1590576171875,
  "dissonance": 9.620866865969223,
  "drr": 0.41683101654052734,
  "dynamics": 2.1702425479888916,
  "format": 1245190,
  "frames": 9259008,
  "loudness": -12.27583122253418,
  "loudness_range": 5.406225204467773,
  "loudness_range_short": 7.8177490234375,
  "lowpass_true_peak_15khz": -0.6435868740081787,
  "mastering3_acoustic_entropies": [
    {
      "acoustic_entropy": 6.365781784057617,
      "acoustic_entropy_mono": 6.007962703704834,
      "band_eliminated_acoustic_entropies": [
        {
          "acoustic_entropy": 6.309471607208252,
          "acoustic_entropy_side": 6.350821495056152,
          "hz": 129.47220167065723
        },
        {
          "acoustic_entropy": 6.341796875,
          "acoustic_entropy_side": 6.243368625640869,
          "hz": 202.92927478742237
        },
        {
          "acoustic_entropy": 6.2815728187561035,
          "acoustic_entropy_side": 6.407796859741211,
          "hz": 282.89161906338205
        },
        {
          "acoustic_entropy": 6.36670446395874,
          "acoustic_entropy_side": 6.413059234619141,
          "hz": 369.9353335868758
        },
        {
          "acoustic_entropy": 6.237386703491211,
          "acoustic_entropy_side": 6.467471599578857,
          "hz": 464.6875360973435
        },
        {
          "acoustic_entropy": 6.206614017486572,
          "acoustic_entropy_side": 6.395613670349121,
          "hz": 567.8308811364784
        },
        {
          "acoustic_entropy": 6.1704840660095215,
          "acoustic_entropy_side": 6.344350337982178,
          "hz": 680.1084783214808
        },
        {
          "acoustic_entropy": 6.08104944229126,
          "acoustic_entropy_side": 6.317843437194824,
          "hz": 802.3292461747484
        },
        {
          "acoustic_entropy": 5.859008312225342,
          "acoustic_entropy_side": 6.221816539764404,
          "hz": 935.3737400823702
        },
        {
          "acoustic_entropy": 6.177814483642578,
          "acoustic_entropy_side": 6.287135124206543,
          "hz": 1080.2004963696966
        },
        {
          "acoustic_entropy": 6.808696269989014,
          "acoustic_entropy_side": 6.412501811981201,
          "hz": 1237.8529382007157
        },
        {
          "acoustic_entropy": 6.224722385406494,
          "acoustic_entropy_side": 6.283997535705566,
          "hz": 1409.4668930556702
        },
        {
          "acoustic_entropy": 6.5120368003845215,
          "acoustic_entropy_side": 6.339637756347656,
          "hz": 1596.2787759475705
        },
        {
          "acoustic_entropy": 6.176406383514404,
          "acoustic_entropy_side": 6.344484329223633,
          "hz": 1799.6344973346393
        },
        {
          "acoustic_entropy": 6.312607765197754,
          "acoustic_entropy_side": 6.374368190765381,
          "hz": 2020.9991599069049
        },
        {
          "acoustic_entropy": 6.635968208312988,
          "acoustic_entropy_side": 6.465040683746338,
          "hz": 2261.9676141086993
        },
        {
          "acoustic_entropy": 6.7162275314331055,
          "acoustic_entropy_side": 6.471415996551514,
          "hz": 2524.2759484456974
        },
        {
          "acoustic_entropy": 6.752414703369141,
          "acoustic_entropy_side": 6.4359354972839355,
          "hz": 2809.813997359896
        },
        {
          "acoustic_entropy": 6.666748046875,
          "acoustic_entropy_side": 6.379589080810547,
          "hz": 3120.6389567871424
        },
        {
          "acoustic_entropy": 6.189077377319336,
          "acoustic_entropy_side": 6.203750133514404,
          "hz": 3458.990205492291
        },
        {
          "acoustic_entropy": 6.177178859710693,
          "acoustic_entropy_side": 6.232987403869629,
          "hz": 3827.305438964164
        },
        {
          "acoustic_entropy": 6.20039176940918,
          "acoustic_entropy_side": 6.174544334411621,
          "hz": 4228.238232109126
        },
        {
          "acoustic_entropy": 6.2798752784729,
          "acoustic_entropy_side": 6.296370029449463,
          "hz": 4664.6771572759235
        },
        {
          "acoustic_entropy": 6.312255859375,
          "acoustic_entropy_side": 6.328302383422852,
          "hz": 5139.766595350093
        },
        {
          "acoustic_entropy": 6.31053352355957,
          "acoustic_entropy_side": 6.338191509246826,
          "hz": 5656.929389854203
        },
        {
          "acoustic_entropy": 6.352695941925049,
          "acoustic_entropy_side": 6.363555431365967,
          "hz": 6219.891507268283
        },
        {
          "acoustic_entropy": 6.318530082702637,
          "acoustic_entropy_side": 6.369451522827148,
          "hz": 6832.70888123896
        },
        {
          "acoustic_entropy": 6.336577415466309,
          "acoustic_entropy_side": 6.359836578369141,
          "hz": 7499.796634079867
        },
        {
          "acoustic_entropy": 6.292819976806641,
          "acoustic_entropy_side": 6.36246395111084,
          "hz": 8225.96088609342
        },
        {
          "acoustic_entropy": 6.2971720695495605,
          "acoustic_entropy_side": 6.349339485168457,
          "hz": 9016.43338188839
        },
        {
          "acoustic_entropy": 6.341684341430664,
          "acoustic_entropy_side": 6.358521938323975,
          "hz": 9876.909183162974
        },
        {
          "acoustic_entropy": 6.335012912750244,
          "acoustic_entropy_side": 6.351551055908203,
          "hz": 10813.587699516042
        },
        {
          "acoustic_entropy": 6.264313220977783,
          "acoustic_entropy_side": 6.30584192276001,
          "hz": 11833.21735289826
        },
        {
          "acoustic_entropy": 6.3365349769592285,
          "acoustic_entropy_side": 6.311977863311768,
          "hz": 12943.144197493959
        },
        {
          "acoustic_entropy": 6.458703517913818,
          "acoustic_entropy_side": 6.33098840713501,
          "hz": 14151.364845322005
        },
        {
          "acoustic_entropy": 6.334352493286133,
          "acoustic_entropy_side": 6.3443217277526855,
          "hz": 15466.58407886509
        },
        {
          "acoustic_entropy": 6.3423991203308105,
          "acoustic_entropy_side": 6.357383728027344,
          "hz": 16898.27756580493
        },
        {
          "acoustic_entropy": 6.361625671386719,
          "acoustic_entropy_side": 6.36401891708374,
          "hz": 18456.760127700032
        },
        {
          "acoustic_entropy": 6.365323543548584,
          "acoustic_entropy_side": 6.365562915802002,
          "hz": 20153.260054456492
        },
        {
          "acoustic_entropy": 6.365772247314453,
          "acoustic_entropy_side": 6.365777969360352,
          "hz": 22000.00000000001
        }
      ],
      "diff_acoustic_entropy": 4.8030476570129395,
      "sn": 6
    },
    {
      "acoustic_entropy": 9.792139053344727,
      "acoustic_entropy_mono": 9.7974271774292,
      "band_eliminated_acoustic_entropies": [
        {
          "acoustic_entropy": 10.100399017333984,
          "acoustic_entropy_side": 9.75724983215332,
          "hz": 129.47220167065723
        },
        {
          "acoustic_entropy": 10.432877540588379,
          "acoustic_entropy_side": 10.176752090454102,
          "hz": 202.92927478742237
        },
        {
          "acoustic_entropy": 10.228178024291992,
          "acoustic_entropy_side": 10.29808521270752,
          "hz": 282.89161906338205
        },
        {
          "acoustic_entropy": 10.251832008361816,
          "acoustic_entropy_side": 9.953556060791016,
          "hz": 369.9353335868758
        },
        {
          "acoustic_entropy": 9.890007972717285,
          "acoustic_entropy_side": 9.601852416992188,
          "hz": 464.6875360973435
        },
        {
          "acoustic_entropy": 10.01083755493164,
          "acoustic_entropy_side": 10.175862312316895,
          "hz": 567.8308811364784
        },
        {
          "acoustic_entropy": 10.225773811340332,
          "acoustic_entropy_side": 10.054718971252441,
          "hz": 680.1084783214808
        },
        {
          "acoustic_entropy": 10.738204956054688,
          "acoustic_entropy_side": 9.998284339904785,
          "hz": 802.3292461747484
        },
        {
          "acoustic_entropy": 9.868550300598145,
          "acoustic_entropy_side": 10.517189025878906,
          "hz": 935.3737400823702
        },
        {
          "acoustic_entropy": 10.688165664672852,
          "acoustic_entropy_side": 9.862875938415527,
          "hz": 1080.2004963696966
        },
        {
          "acoustic_entropy": 10.113192558288574,
          "acoustic_entropy_side": 9.97692584991455,
          "hz": 1237.8529382007157
        },
        {
          "acoustic_entropy": 9.877769470214844,
          "acoustic_entropy_side": 10.171260833740234,
          "hz": 1409.4668930556702
        },
        {
          "acoustic_entropy": 10.076034545898438,
          "acoustic_entropy_side": 9.631675720214844,
          "hz": 1596.2787759475705
        },
        {
          "acoustic_entropy": 9.685102462768555,
          "acoustic_entropy_side": 9.33864688873291,
          "hz": 1799.6344973346393
        },
        {
          "acoustic_entropy": 9.536616325378418,
          "acoustic_entropy_side": 9.795903205871582,
          "hz": 2020.9991599069049
        },
        {
          "acoustic_entropy": 10.63576889038086,
          "acoustic_entropy_side": 10.079667091369629,
          "hz": 2261.9676141086993
        },
        {
          "acoustic_entropy": 9.8197021484375,
          "acoustic_entropy_side": 9.753257751464844,
          "hz": 2524.2759484456974
        },
        {
          "acoustic_entropy": 9.442281723022461,
          "acoustic_entropy_side": 9.651651382446289,
          "hz": 2809.813997359896
        },
        {
          "acoustic_entropy": 10.398040771484375,
          "acoustic_entropy_side": 9.867844581604004,
          "hz": 3120.6389567871424
        },
        {
          "acoustic_entropy": 9.97610855102539,
          "acoustic_entropy_side": 10.051549911499023,
          "hz": 3458.990205492291
        },
        {
          "acoustic_entropy": 9.751544952392578,
          "acoustic_entropy_side": 9.800259590148926,
          "hz": 3827.305438964164
        },
        {
          "acoustic_entropy": 9.702140808105469,
          "acoustic_entropy_side": 9.710122108459473,
          "hz": 4228.238232109126
        },
        {
          "acoustic_entropy": 9.766948699951172,
          "acoustic_entropy_side": 9.78048038482666,
          "hz": 4664.6771572759235
        },
        {
          "acoustic_entropy": 9.867011070251465,
          "acoustic_entropy_side": 9.840521812438965,
          "hz": 5139.766595350093
        },
        {
          "acoustic_entropy": 9.9041109085083,
          "acoustic_entropy_side": 9.871613502502441,
          "hz": 5656.929389854203
        },
        {
          "acoustic_entropy": 9.897537231445312,
          "acoustic_entropy_side": 9.838212013244629,
          "hz": 6219.891507268283
        },
        {
          "acoustic_entropy": 9.858861923217773,
          "acoustic_entropy_side": 9.83443546295166,
          "hz": 6832.70888123896
        },
        {
          "acoustic_entropy": 9.67758560180664,
          "acoustic_entropy_side": 9.78370475769043,
          "hz": 7499.796634079867
        },
        {
          "acoustic_entropy": 9.697242736816406,
          "acoustic_entropy_side": 9.780634880065918,
          "hz": 8225.96088609342
        },
        {
          "acoustic_entropy": 9.804295539855957,
          "acoustic_entropy_side": 9.807401657104492,
          "hz": 9016.43338188839
        },
        {
          "acoustic_entropy": 9.944475173950195,
          "acoustic_entropy_side": 9.868550300598145,
          "hz": 9876.909183162974
        },
        {
          "acoustic_entropy": 9.851759910583496,
          "acoustic_entropy_side": 9.813301086425781,
          "hz": 10813.587699516042
        },
        {
          "acoustic_entropy": 9.769514083862305,
          "acoustic_entropy_side": 9.790617942810059,
          "hz": 11833.21735289826
        },
        {
          "acoustic_entropy": 9.851899147033691,
          "acoustic_entropy_side": 9.787243843078613,
          "hz": 12943.144197493959
        },
        {
          "acoustic_entropy": 9.714746475219727,
          "acoustic_entropy_side": 9.776456832885742,
          "hz": 14151.364845322005
        },
        {
          "acoustic_entropy": 9.727556228637695,
          "acoustic_entropy_side": 9.794785499572754,
          "hz": 15466.58407886509
        },
        {
          "acoustic_entropy": 9.758976936340332,
          "acoustic_entropy_side": 9.796567916870117,
          "hz": 16898.27756580493
        },
        {
          "acoustic_entropy": 9.801665306091309,
          "acoustic_entropy_side": 9.79879379272461,
          "hz": 18456.760127700032
        },
        {
          "acoustic_entropy": 9.793998718261719,
          "acoustic_entropy_side": 9.79289722442627,
          "hz": 20153.260054456492
        },
        {
          "acoustic_entropy": 9.792109489440918,
          "acoustic_entropy_side": 9.792123794555664,
          "hz": 22000.00000000001
        }
      ],
      "diff_acoustic_entropy": 8.595980644226074,
      "sn": 12
    },
    {
      "acoustic_entropy": 15.84682846069336,
      "acoustic_entropy_mono": 12.401543617248535,
      "band_eliminated_acoustic_entropies": [
        {
          "acoustic_entropy": 15.096704483032227,
          "acoustic_entropy_side": 16.236696243286133,
          "hz": 129.47220167065723
        },
        {
          "acoustic_entropy": 15.224761009216309,
          "acoustic_entropy_side": 15.474638938903809,
          "hz": 202.92927478742237
        },
        {
          "acoustic_entropy": 14.769954681396484,
          "acoustic_entropy_side": 15.518293380737305,
          "hz": 282.89161906338205
        },
        {
          "acoustic_entropy": 15.235247611999512,
          "acoustic_entropy_side": 15.648246765136719,
          "hz": 369.9353335868758
        },
        {
          "acoustic_entropy": 15.216711044311523,
          "acoustic_entropy_side": 15.135331153869629,
          "hz": 464.6875360973435
        },
        {
          "acoustic_entropy": 15.673738479614258,
          "acoustic_entropy_side": 15.993569374084473,
          "hz": 567.8308811364784
        },
        {
          "acoustic_entropy": 15.210522651672363,
          "acoustic_entropy_side": 15.417372703552246,
          "hz": 680.1084783214808
        },
        {
          "acoustic_entropy": 15.467659950256348,
          "acoustic_entropy_side": 15.84687328338623,
          "hz": 802.3292461747484
        },
        {
          "acoustic_entropy": 14.505316734313965,
          "acoustic_entropy_side": 15.417398452758789,
          "hz": 935.3737400823702
        },
        {
          "acoustic_entropy": 15.151510238647461,
          "acoustic_entropy_side": 15.558712005615234,
          "hz": 1080.2004963696966
        },
        {
          "acoustic_entropy": 15.428854942321777,
          "acoustic_entropy_side": 15.487515449523926,
          "hz": 1237.8529382007157
        },
        {
          "acoustic_entropy": 14.591413497924805,
          "acoustic_entropy_side": 14.978179931640625,
          "hz": 1409.4668930556702
        },
        {
          "acoustic_entropy": 15.320874214172363,
          "acoustic_entropy_side": 15.314988136291504,
          "hz": 1596.2787759475705
        },
        {
          "acoustic_entropy": 16.212743759155273,
          "acoustic_entropy_side": 15.4296875,
          "hz": 1799.6344973346393
        },
        {
          "acoustic_entropy": 15.615095138549805,
          "acoustic_entropy_side": 15.8218412399292,
          "hz": 2020.9991599069049
        },
        {
          "acoustic_entropy": 15.718446731567383,
          "acoustic_entropy_side": 15.823314666748047,
          "hz": 2261.9676141086993
        },
        {
          "acoustic_entropy": 15.78819465637207,
          "acoustic_entropy_side": 15.444825172424316,
          "hz": 2524.2759484456974
        },
        {
          "acoustic_entropy": 15.250866889953613,
          "acoustic_entropy_side": 15.225584030151367,
          "hz": 2809.813997359896
        },
        {
          "acoustic_entropy": 16.164478302001953,
          "acoustic_entropy_side": 15.953019142150879,
          "hz": 3120.6389567871424
        },
        {
          "acoustic_entropy": 15.1333646774292,
          "acoustic_entropy_side": 15.726763725280762,
          "hz": 3458.990205492291
