{
  "acoustic_entropy": 120.12812805175781,
  "bands": [
    {
      "high_freq": 148.1999969482422,
      "loudness": -48.08245086669922,
      "loudness_range": 22.263648986816406,
      "mid_mean": -44.85968780517578,
      "mid_to_side_loudness": -12.322437286376953,
      "mid_to_side_loudness_range": 16.51929473876953,
      "side_mean": -57.7927131652832
    },
    {
      "high_freq": 392.3793640136719,
      "loudness": -30.3837890625,
      "loudness_range": 22.015281677246094,
      "low_freq": 148.1999969482422,
      "mid_mean": -26.892309188842773,
      "mid_to_side_loudness": -17.484786987304688,
      "mid_to_side_loudness_range": 16.208192825317383,
      "side_mean": -45.4749870300293
    },
    {
      "high_freq": 794.6976318359375,
      "loudness": -34.67340087890625,
      "loudness_range": 18.496601104736328,
      "low_freq": 392.3793640136719,
      "mid_mean": -31.264244079589844,
      "mid_to_side_loudness": -14.990946769714355,
      "mid_to_side_loudness_range": 12.199041366577148,
      "side_mean": -46.88901901245117
    },
    {
      "high_freq": 1457.5709228515625,
      "loudness": -40.07670593261719,
      "loudness_range": 20.21575164794922,
      "low_freq": 794.6976318359375,
      "mid_mean": -37.26228713989258,
      "mid_to_side_loudness": -8.968843460083008,
      "mid_to_side_loudness_range": 8.252218246459961,
      "side_mean": -46.9930534362793
    },
    {
      "high_freq": 2549.74365234375,
      "loudness": -44.096012115478516,
      "loudness_range": 22.155704498291016,
      "low_freq": 1457.5709228515625,
      "mid_mean": -42.062034606933594,
      "mid_to_side_loudness": -5.771090030670166,
      "mid_to_side_loudness_range": 6.741448402404785,
      "side_mean": -50.24806213378906
    },
    {
      "high_freq": 4349.24462890625,
      "loudness": -48.90817642211914,
      "loudness_range": 25.473541259765625,
      "low_freq": 2549.74365234375,
      "mid_mean": -50.277381896972656,
      "mid_to_side_loudness": -3.145179510116577,
      "mid_to_side_loudness_range": 6.769050121307373,
      "side_mean": -53.29637908935547
    },
    {
      "high_freq": 7314.1640625,
      "loudness": -58.77713394165039,
      "loudness_range": 30.286235809326172,
      "low_freq": 4349.24462890625,
      "mid_mean": -57.894920349121094,
      "mid_to_side_loudness": 0.9487605094909668,
      "mid_to_side_loudness_range": 5.579690456390381,
      "side_mean": -57.07522964477539
    },
    {
      "high_freq": 12199.2666015625,
      "loudness": -63.92112350463867,
      "loudness_range": 20.303428649902344,
      "low_freq": 7314.1640625,
      "mid_mean": -61.77170944213867,
      "mid_to_side_loudness": -0.09452355653047562,
      "mid_to_side_loudness_range": 2.4806528091430664,
      "side_mean": -61.87497329711914
    },
    {
      "loudness": -66.40399169921875,
      "loudness_range": 8.843849182128906,
      "low_freq": 12199.2666015625,
      "mid_mean": -63.903079986572266,
      "mid_to_side_loudness": -0.7245383262634277,
      "mid_to_side_loudness_range": 1.5715413093566895,
      "side_mean": -64.42571258544922
    }
  ],
  "bands_short": [
    {
      "high_freq": 148.1999969482422,
      "loudness": -54.343868255615234,
      "loudness_range": 16.463546752929688,
      "mid_mean": -52.168792724609375,
      "mid_to_side_loudness": -8.05909538269043,
      "mid_to_side_loudness_range": 17.106752395629883,
      "side_mean": -59.745052337646484
    },
    {
      "high_freq": 392.3793640136719,
      "loudness": -31.39653205871582,
      "loudness_range": 25.10380744934082,
      "low_freq": 148.1999969482422,
      "mid_mean": -28.09410285949707,
      "mid_to_side_loudness": -16.398839950561523,
      "mid_to_side_loudness_range": 18.96160888671875,
      "side_mean": -46.28676223754883
    },
    {
      "high_freq": 794.6976318359375,
      "loudness": -35.990482330322266,
      "loudness_range": 21.17856788635254,
      "low_freq": 392.3793640136719,
      "mid_mean": -32.674102783203125,
      "mid_to_side_loudness": -14.172628402709961,
      "mid_to_side_loudness_range": 15.974763870239258,
      "side_mean": -48.06130599975586
    },
    {
      "high_freq": 1457.5709228515625,
      "loudness": -41.30997085571289,
      "loudness_range": 24.186508178710938,
      "low_freq": 794.6976318359375,
      "mid_mean": -38.57736587524414,
      "mid_to_side_loudness": -8.731457710266113,
      "mid_to_side_loudness_range": 11.390594482421875,
      "side_mean": -48.63264465332031
    },
    {
      "high_freq": 2549.74365234375,
      "loudness": -46.57661437988281,
      "loudness_range": 26.592910766601562,
      "low_freq": 1457.5709228515625,
      "mid_mean": -45.0446891784668,
      "mid_to_side_loudness": -5.557097434997559,
      "mid_to_side_loudness_range": 9.034552574157715,
      "side_mean": -52.67312240600586
    },
    {
      "high_freq": 4349.24462890625,
      "loudness": -52.331050872802734,
      "loudness_range": 31.319076538085938,
      "low_freq": 2549.74365234375,
      "mid_mean": -53.334590911865234,
      "mid_to_side_loudness": -2.6210010051727295,
      "mid_to_side_loudness_range": 7.735267639160156,
      "side_mean": -55.773014068603516
    },
    {
      "high_freq": 7314.1640625,
      "loudness": -63.44831466674805,
      "loudness_range": 30.418243408203125,
      "low_freq": 4349.24462890625,
      "mid_mean": -61.05946731567383,
      "mid_to_side_loudness": 0.18753229081630707,
      "mid_to_side_loudness_range": 5.861386299133301,
      "side_mean": -60.90300369262695
    },
    {
      "high_freq": 12199.2666015625,
      "loudness": -67.22029113769531,
      "loudness_range": 18.43734359741211,
      "low_freq": 7314.1640625,
      "mid_mean": -64.27527618408203,
      "mid_to_side_loudness": -0.15743747353553772,
      "mid_to_side_loudness_range": 2.563413381576538,
      "side_mean": -64.41383361816406
    },
    {
      "loudness": -67.4417953491211,
      "loudness_range": 7.1963653564453125,
      "low_freq": 12199.2666015625,
      "mid_mean": -64.65743255615234,
      "mid_to_side_loudness": -0.765123188495636,
      "mid_to_side_loudness_range": 1.8145312070846558,
      "side_mean": -65.1717529296875
    }
  ],
  "bandwidth": 458.5443420410156,
  "channels": 2,
  "covariance": [
    [
      61.037933349609375,
      19.17818260192871,
      11.669004440307617,
      4.603824615478516,
      22.141719818115234,
      19.78496551513672,
      20.746381759643555,
      20.933809280395508,
      25.35578155517578,
      31.859094619750977,
      38.55447769165039,
      35.66739273071289,
      29.18603515625,
      31.06089210510254,
      17.668773651123047,
      17.791234970092773,
      6.879386901855469,
      6.336081027984619
    ],
    [
      19.17818260192871,
      15.82008171081543,
      1.478280782699585,
      1.986983060836792,
      6.348081588745117,
      7.264813423156738,
      5.531292915344238,
      6.639329433441162,
      6.21219539642334,
      15.762601852416992,
      14.646161079406738,
      14.968400955200195,
      9.30285358428955,
      10.825225830078125,
      5.029934406280518,
      6.08685302734375,
      3.0348763465881348,
      2.8393709659576416
    ],
    [
      11.669004440307617,
      1.478280782699585,
      63.78439712524414,
      44.042884826660156,
      21.56980323791504,
      21.75409507751465,
      30.951499938964844,
      32.47847366333008,
      26.45250701904297,
      37.35325622558594,
      41.21556091308594,
      38.90751647949219,
      29.90297508239746,
      30.952960968017578,
      15.888520240783691,
      17.2153377532959,
      7.643585681915283,
      7.265542984008789
    ],
    [
      4.603824615478516,
      1.986983060836792,
      44.042884826660156,
      56.02357864379883,
      17.386924743652344,
      21.679262161254883,
      21.894147872924805,
      24.375673294067383,
      17.668781280517578,
      30.268247604370117,
      29.667070388793945,
      30.166650772094727,
      18.591655731201172,
      21.624956130981445,
      7.774477005004883,
      10.37466812133789,
      4.036812782287598,
      4.409824371337891
    ],
    [
      22.141719818115234,
      6.348081588745117,
      21.56980323791504,
      17.386924743652344,
      45.7916259765625,
      34.604461669921875,
      30.996225357055664,
      33.96537780761719,
      32.97083282470703,
      45.67754364013672,
      48.620304107666016,
      44.373268127441406,
      31.489892959594727,
      34.02317428588867,
      16.23569107055664,
      16.549510955810547,
      5.7762603759765625,
      5.431385040283203
    ],
    [
      19.78496551513672,
      7.264813423156738,
      21.75409507751465,
      21.679262161254883,
      34.604461669921875,
      41.26408767700195,
      25.261871337890625,
      32.75056457519531,
      28.171735763549805,
      46.01621627807617,
      46.55305099487305,
      43.82324981689453,
      29.73333168029785,
      33.286521911621094,
      14.129094123840332,
      15.315913200378418,
      4.829757213592529,
      4.947700023651123
    ],
    [
      20.746381759643555,
      5.531292915344238,
      30.951499938964844,
      21.894147872924805,
      30.996225357055664,
      25.261871337890625,
      59.633731842041016,
      48.386863708496094,
      45.47337341308594,
      51.404541015625,
      59.034481048583984,
      52.93301773071289,
      41.062744140625,
      41.13349151611328,
      23.707921981811523,
      22.40128517150879,
      9.368834495544434,
      8.084383010864258
    ],
    [
      20.933809280395508,
      6.639329433441162,
      32.47847366333008,
      24.375673294067383,
      33.96537780761719,
      32.75056457519531,
      48.386863708496094,
      58.48324966430664,
      41.59233093261719,
      57.25517272949219,
      61.943084716796875,
      57.875572204589844,
      40.83742141723633,
      44.78196716308594,
      21.610214233398438,
      22.747333526611328,
      7.9658074378967285,
      7.6299147605896
    ],
    [
      25.35578155517578,
      6.21219539642334,
      26.45250701904297,
      17.668781280517578,
      32.97083282470703,
      28.171735763549805,
      45.47337341308594,
      41.59233093261719,
      70.03042602539062,
      61.80332946777344,
      70.178466796875,
      64.29645538330078,
      52.96894836425781,
      52.9067497253418,
      28.907852172851562,
      27.420385360717773,
      10.740168571472168,
      9.682308197021484
    ],
    [
      31.859094619750977,
      15.762601852416992,
      37.35325622558594,
      30.268247604370117,
      45.67754364013672,
      46.01621627807617,
      51.404541015625,
      57.25517272949219,
      61.80332946777344,
      95.70154571533203,
      96.10550689697266,
      89.91841888427734,
      66.26851654052734,
      71.42364501953125,
      34.0428352355957,
      35.9744873046875,
      13.168811798095703,
      12.968219757080078
    ],
    [
      38.55447769165039,
      14.646161079406738,
      41.21556091308594,
      29.667070388793945,
      48.620304107666016,
      46.55305099487305,
      59.034481048583984,
      61.943084716796875,
      70.178466796875,
      96.10550689697266,
      119.83515167236328,
      104.91670227050781,
      85.26268005371094,
      89.17290496826172,
      47.87664794921875,
      46.92410659790039,
      17.880992889404297,
      16.582321166992188
    ],
    [
      35.66739273071289,
      14.968400955200195,
      38.90751647949219,
      30.166650772094727,
      44.373268127441406,
      43.82324981689453,
      52.93301773071289,
      57.875572204589844,
      64.29645538330078,
      89.91841888427734,
      104.91670227050781,
      99.1250991821289,
      76.41947174072266,
      82.68567657470703,
      41.506736755371094,
      43.30948257446289,
      15.952320098876953,
      15.649641990661621
    ],
    [
      29.18603515625,
      9.30285358428955,
      29.90297508239746,
      18.591655731201172,
      31.489892959594727,
      29.73333168029785,
      41.062744140625,
      40.83742141723633,
      52.96894836425781,
      66.26851654052734,
      85.26268005371094,
      76.41947174072266,
      73.59823608398438,
      74.26377868652344,
      43.500511169433594,
      42.71873474121094,
      16.585369110107422,
      15.544586181640625
    ],
    [
      31.06089210510254,
      10.825225830078125,
      30.952960968017578,
      21.624956130981445,
      34.02317428588867,
      33.286521911621094,
      41.13349151611328,
      44.78196716308594,
      52.9067497253418,
      71.42364501953125,
      89.17290496826172,
      82.68567657470703,
      74.26377868652344,
      81.32878875732422,
      44.14507293701172,
      45.663429260253906,
      16.637863159179688,
      16.549348831176758
    ],
    [
      17.668773651123047,
      5.029934406280518,
      15.888520240783691,
      7.774477005004883,
      16.23569107055664,
      14.129094123840332,
      23.707921981811523,
      21.610214233398438,
      28.907852172851562,
      34.0428352355957,
      47.87664794921875,
      41.506736755371094,
      43.500511169433594,
      44.14507293701172,
      32.376792907714844,
      30.925514221191406,
      13.1195650100708,
      12.15280532836914
    ],
    [
      17.791234970092773,
      6.08685302734375,
      17.2153377532959,
      10.37466812133789,
      16.549510955810547,
      15.315913200378418,
      22.40128517150879,
      22.747333526611328,
      27.420385360717773,
      35.9744873046875,
      46.92410659790039,
      43.30948257446289,
      42.71873474121094,
      45.663429260253906,
      30.925514221191406,
      32.06541442871094,
      12.844401359558105,
      12.553678512573242
    ],
    [
      6.879386901855469,
      3.0348763465881348,
      7.643585681915283,
      4.036812782287598,
      5.7762603759765625,
      4.829757213592529,
      9.368834495544434,
      7.9658074378967285,
      10.740168571472168,
      13.168811798095703,
      17.880992889404297,
      15.952320098876953,
      16.585369110107422,
      16.637863159179688,
      13.1195650100708,
      12.844401359558105,
      6.983846187591553,
      6.358529090881348
    ],
    [
      6.336081027984619,
      2.8393709659576416,
      7.265542984008789,
      4.409824371337891,
      5.431385040283203,
      4.947700023651123,
      8.084383010864258,
      7.6299147605896,
      9.682308197021484,
      12.968219757080078,
      16.582321166992188,
      15.649641990661621,
      15.544586181640625,
      16.549348831176758,
      12.15280532836914,
      12.553678512573242,
      6.358529090881348,
      6.236825466156006
    ]
  ],
  "covariance_short": [
    [
      44.874000549316406,
      12.638784408569336,
      20.975004196166992,
      17.20013427734375,
      20.35439682006836,
      19.088390350341797,
      24.358871459960938,
      25.257572174072266,
      28.70378875732422,
      38.42806625366211,
      45.92290115356445,
      41.80797576904297,
      33.89107131958008,
      36.14385986328125,
      17.126272201538086,
      17.317846298217773,
      6.653087615966797,
      6.1375651359558105
    ],
    [
      12.638784408569336,
      12.728523254394531,
      0.68617844581604,
      3.4547438621520996,
      3.575974702835083,
      3.95913028717041,
      3.6069483757019043,
      4.612434387207031,
      3.28780198097229,
      9.419269561767578,
      8.818963050842285,
      9.046271324157715,
      5.466364860534668,
      6.404810905456543,
      2.714867115020752,
      3.4391672611236572,
      1.8372681140899658,
      1.7708909511566162
    ],
    [
      20.975004196166992,
      0.68617844581604,
      80.98444366455078,
      46.710914611816406,
      28.19573211669922,
      25.752450942993164,
      43.55958938598633,
      44.55359649658203,
      41.83184051513672,
      45.852622985839844,
      50.593994140625,
      45.9175910949707,
      32.184879302978516,
      32.01263427734375,
      12.897910118103027,
      13.181222915649414,
      4.72222900390625,
      4.3537468910217285
    ],
    [
      17.20013427734375,
      3.4547438621520996,
      46.710914611816406,
      64.02428436279297,
      22.630369186401367,
      26.449384689331055,
      30.889822006225586,
      35.79920959472656,
      29.608591079711914,
      36.272281646728516,
      36.95149230957031,
      34.79658126831055,
      19.60802459716797,
      20.786663055419922,
      5.381221294403076,
      6.960211753845215,
      2.107893705368042,
      2.190816879272461
    ],
    [
      20.35439682006836,
      3.575974702835083,
      28.19573211669922,
      22.630369186401367,
      60.13572692871094,
      40.17675018310547,
      44.33452224731445,
      43.354644775390625,
      51.3857536315918,
      52.61043930053711,
      57.364952087402344,
      52.28561782836914,
      32.627681732177734,
      35.108707427978516,
      12.798551559448242,
      12.865435600280762,
      3.891965866088867,
      3.652157783508301
    ],
    [
      19.088390350341797,
      3.95913028717041,
      25.752450942993164,
      26.449384689331055,
      40.17675018310547,
      53.054901123046875,
      34.25977325439453,
      47.19530487060547,
      42.25791549682617,
      54.34107208251953,
      55.25912857055664,
      51.38127899169922,
      30.432415008544922,
      33.367549896240234,
      10.537416458129883,
      11.543479919433594,
      3.1697335243225098,
      3.3506619930267334
    ],
    [
      24.358871459960938,
      3.6069483757019043,
      43.55958938598633,
      30.889822006225586,
      44.33452224731445,
      34.25977325439453,
      78.44918060302734,
      61.82584762573242,
      67.89518737792969,
      65.2025146484375,
      71.8386459350586,
      64.20882415771484,
      43.95279312133789,
      43.33097457885742,
      18.82647705078125,
      17.39632797241211,
      6.558274269104004,
      5.554255485534668
    ],
    [
      25.257572174072266,
      4.612434387207031,
      44.55359649658203,
      35.79920959472656,
      43.354644775390625,
      47.19530487060547,
      61.82584762573242,
      78.70851135253906,
      62.188941955566406,
      73.67855072021484,
      76.7522201538086,
      70.36703491210938,
      43.85044860839844,
      45.55104064941406,
      16.870819091796875,
      17.227176666259766,
      5.646852970123291,
      5.246705532073975
    ],
    [
      28.70378875732422,
      3.28780198097229,
      41.83184051513672,
      29.608591079711914,
      51.3857536315918,
      42.25791549682617,
      67.89518737792969,
      62.188941955566406,
      102.65074920654297,
      86.25477600097656,
      95.73551940917969,
      87.44769287109375,
      61.548866271972656,
      60.98128890991211,
      24.11090850830078,
      22.359357833862305,
      7.506039619445801,
      6.599589824676514
    ],
    [
      38.42806625366211,
      9.419269561767578,
      45.852622985839844,
      36.272281646728516,
      52.61043930053711,
      54.34107208251953,
      65.2025146484375,
      73.67855072021484,
      86.25477600097656,
      104.97733306884766,
      104.8194580078125,
      97.70079040527344,
      63.76487731933594,
      66.45797729492188,
      24.043739318847656,
      25.03082275390625,
      8.37360668182373,
      8.15861701965332
    ],
    [
      45.92290115356445,
      8.818963050842285,
      50.593994140625,
      36.95149230957031,
      57.364952087402344,
      55.25912857055664,
      71.8386459350586,
      76.7522201538086,
      95.73551940917969,
      104.8194580078125,
      132.37353515625,
      116.0449447631836,
      85.1124496459961,
      86.67925262451172,
      36.611236572265625,
      35.395660400390625,
      12.606224060058594,
      11.489203453063965
    ],
    [
      41.80797576904297,
      9.046271324157715,
      45.9175910949707,
      34.79658126831055,
      52.28561782836914,
      51.38127899169922,
      64.20882415771484,
      70.36703491210938,
      87.44769287109375,
      97.70079040527344,
      116.0449447631836,
      109.35246276855469,
      76.8779525756836,
      80.03374481201172,
      31.02567481994629,
      31.91375160217285,
      10.51954174041748,
      10.26881217956543
    ],
    [
      33.89107131958008,
      5.466364860534668,
      32.184879302978516,
      19.60802459716797,
      32.627681732177734,
      30.432415008544922,
      43.95279312133789,
      43.85044860839844,
      61.548866271972656,
      63.76487731933594,
      85.1124496459961,
      76.8779525756836,
      74.18656921386719,
      74.02427673339844,
      36.254878997802734,
      35.2977180480957,
      12.323835372924805,
      11.607044219970703
    ],
    [
      36.14385986328125,
      6.404810905456543,
      32.01263427734375,
      20.786663055419922,
      35.108707427978516,
      33.367549896240234,
      43.33097457885742,
      45.55104064941406,
      60.98128890991211,
      66.45797729492188,
      86.67925262451172,
      80.03374481201172,
      74.02427673339844,
      79.26251220703125,
      37.11061477661133,
      37.74577713012695,
      12.431770324707031,
      12.417624473571777
    ],
    [
      17.126272201538086,
      2.714867115020752,
      12.897910118103027,
      5.381221294403076,
      12.798551559448242,
      10.537416458129883,
      18.82647705078125,
      16.870819091796875,
      24.11090850830078,
      24.043739318847656,
      36.611236572265625,
      31.02567481994629,
      36.254878997802734,
      37.11061477661133,
      28.20903968811035,
      26.613853454589844,
      10.995150566101074,
      10.353943824768066
    ],
    [
      17.317846298217773,
      3.4391672611236572,
      13.181222915649414,
      6.960211753845215,
      12.865435600280762,
      11.543479919433594,
      17.39632797241211,
      17.227176666259766,
      22.359357833862305,
      25.03082275390625,
      35.395660400390625,
      31.91375160217285,
      35.2977180480957,
      37.74577713012695,
      26.613853454589844,
      27.20029067993164,
      10.537750244140625,
      10.485157012939453
    ],
    [
      6.653087615966797,
      1.8372681140899658,
      4.72222900390625,
      2.107893705368042,
      3.891965866088867,
      3.1697335243225098,
      6.558274269104004,
      5.646852970123291,
      7.506039619445801,
      8.37360668182373,
      12.606224060058594,
      10.51954174041748,
      12.323835372924805,
      12.431770324707031,
      10.995150566101074,
      10.537750244140625,
      6.260413646697998,
      5.784917831420898
    ],
    [
      6.1375651359558105,
      1.7708909511566162,
      4.3537468910217285,
      2.190816879272461,
      3.652157783508301,
      3.3506619930267334,
      5.554255485534668,
      5.246705532073975,
      6.599589824676514,
      8.15861701965332,
      11.489203453063965,
      10.26881217956543,
      11.607044219970703,
      12.417624473571777,
      10.353943824768066,
      10.485157012939453,
      5.784917831420898,
      5.816868782043457
    ]
  ],
  "damage": -12.884339332580566,
  "diff_bandwidth": 487.2120361328125,
  "dissonance": 3.171085216139894,
  "drr": 3.9112226963043213,
  "dynamics": 5.15437650680542,
  "format": 1245190,
  "frames": 3798976,
  "loudness": -22.693038940429688,
  "loudness_range": 16.241554260253906,
  "loudness_range_short": 21.097026824951172,
  "lowpass_true_peak_15khz": -3.4823062419891357,
  "mastering3_acoustic_entropies": [
    {
      "acoustic_entropy": 8.811138153076172,
      "acoustic_entropy_mono": 9.395651817321777,
      "band_eliminated_acoustic_entropies": [
        {
          "acoustic_entropy": 8.811565399169922,
          "acoustic_entropy_side": 8.81113338470459,
          "hz": 129.47220167065723
        },
        {
          "acoustic_entropy": 8.837335586547852,
          "acoustic_entropy_side": 8.805710792541504,
          "hz": 202.92927478742237
        },
        {
          "acoustic_entropy": 9.099244117736816,
          "acoustic_entropy_side": 8.786980628967285,
          "hz": 282.89161906338205
        },
        {
          "acoustic_entropy": 8.85653305053711,
          "acoustic_entropy_side": 8.832757949829102,
          "hz": 369.9353335868758
        },
        {
          "acoustic_entropy": 9.183744430541992,
          "acoustic_entropy_side": 8.787388801574707,
          "hz": 464.6875360973435
        },
        {
          "acoustic_entropy": 7.733952522277832,
          "acoustic_entropy_side": 8.784700393676758,
          "hz": 567.8308811364784
        },
        {
          "acoustic_entropy": 9.196038246154785,
          "acoustic_entropy_side": 8.827435493469238,
          "hz": 680.1084783214808
        },
        {
          "acoustic_entropy": 9.198888778686523,
          "acoustic_entropy_side": 8.846902847290039,
          "hz": 802.3292461747484
        },
        {
          "acoustic_entropy": 9.255096435546875,
          "acoustic_entropy_side": 8.84973430633545,
          "hz": 935.3737400823702
        },
        {
          "acoustic_entropy": 8.702433586120605,
          "acoustic_entropy_side": 8.826486587524414,
          "hz": 1080.2004963696966
        },
        {
          "acoustic_entropy": 9.317329406738281,
          "acoustic_entropy_side": 8.895116806030273,
          "hz": 1237.8529382007157
        },
        {
          "acoustic_entropy": 8.71485424041748,
          "acoustic_entropy_side": 8.7949857711792,
          "hz": 1409.4668930556702
        },
        {
          "acoustic_entropy": 8.83110237121582,
          "acoustic_entropy_side": 8.886886596679688,
          "hz": 1596.2787759475705
        },
        {
          "acoustic_entropy": 9.001789093017578,
          "acoustic_entropy_side": 8.838942527770996,
          "hz": 1799.6344973346393
        },
        {
          "acoustic_entropy": 8.910144805908203,
          "acoustic_entropy_side": 8.747517585754395,
          "hz": 2020.9991599069049
        },
        {
          "acoustic_entropy": 8.977936744689941,
          "acoustic_entropy_side": 9.052873611450195,
          "hz": 2261.9676141086993
        },
        {
          "acoustic_entropy": 8.922971725463867,
          "acoustic_entropy_side": 8.834671020507812,
          "hz": 2524.2759484456974
        },
        {
          "acoustic_entropy": 8.842257499694824,
          "acoustic_entropy_side": 8.840170860290527,
          "hz": 2809.813997359896
        },
        {
          "acoustic_entropy": 8.843265533447266,
          "acoustic_entropy_side": 8.794023513793945,
          "hz": 3120.6389567871424
        },
        {
          "acoustic_entropy": 9.12266731262207,
          "acoustic_entropy_side": 8.971619606018066,
          "hz": 3458.990205492291
        },
        {
          "acoustic_entropy": 8.951045989990234,
          "acoustic_entropy_side": 8.885477066040039,
          "hz": 3827.305438964164
        },
        {
          "acoustic_entropy": 8.823005676269531,
          "acoustic_entropy_side": 8.801196098327637,
          "hz": 4228.238232109126
        },
        {
          "acoustic_entropy": 8.873135566711426,
          "acoustic_entropy_side": 8.808172225952148,
          "hz": 4664.6771572759235
        },
        {
          "acoustic_entropy": 8.869016647338867,
          "acoustic_entropy_side": 8.808330535888672,
          "hz": 5139.766595350093
        },
        {
          "acoustic_entropy": 8.896519660949707,
          "acoustic_entropy_side": 8.863940238952637,
          "hz": 5656.929389854203
        },
        {
          "acoustic_entropy": 8.860092163085938,
          "acoustic_entropy_side": 8.89421272277832,
          "hz": 6219.891507268283
        },
        {
          "acoustic_entropy": 8.823786735534668,
          "acoustic_entropy_side": 8.81302547454834,
          "hz": 6832.70888123896
        },
        {
          "acoustic_entropy": 8.803033828735352,
          "acoustic_entropy_side": 8.805709838867188,
          "hz": 7499.796634079867
        },
        {
          "acoustic_entropy": 8.803478240966797,
          "acoustic_entropy_side": 8.80678653717041,
          "hz": 8225.96088609342
        },
        {
          "acoustic_entropy": 8.804400444030762,
          "acoustic_entropy_side": 8.807510375976562,
          "hz": 9016.43338188839
        },
        {
          "acoustic_entropy": 8.80480670928955,
          "acoustic_entropy_side": 8.807244300842285,
          "hz": 9876.909183162974
        },
        {
          "acoustic_entropy": 8.807388305664062,
          "acoustic_entropy_side": 8.809368133544922,
          "hz": 10813.587699516042
        },
        {
          "acoustic_entropy": 8.810300827026367,
          "acoustic_entropy_side": 8.810749053955078,
          "hz": 11833.21735289826
        },
        {
          "acoustic_entropy": 8.811251640319824,
          "acoustic_entropy_side": 8.811029434204102,
          "hz": 12943.144197493959
        },
        {
          "acoustic_entropy": 8.810952186584473,
          "acoustic_entropy_side": 8.811033248901367,
          "hz": 14151.364845322005
        },
        {
          "acoustic_entropy": 8.811077117919922,
          "acoustic_entropy_side": 8.811123847961426,
          "hz": 15466.58407886509
        },
        {
          "acoustic_entropy": 8.811091423034668,
          "acoustic_entropy_side": 8.811121940612793,
          "hz": 16898.27756580493
        },
        {
          "acoustic_entropy": 8.811153411865234,
          "acoustic_entropy_side": 8.811136245727539,
          "hz": 18456.760127700032
        },
        {
          "acoustic_entropy": 8.811257362365723,
          "acoustic_entropy_side": 8.8111572265625,
          "hz": 20153.260054456492
        },
        {
          "acoustic_entropy": 8.811155319213867,
          "acoustic_entropy_side": 8.811141014099121,
          "hz": 22000.00000000001
        }
      ],
      "diff_acoustic_entropy": 5.739112854003906,
      "sn": 6
    },
    {
      "acoustic_entropy": 14.278997421264648,
      "acoustic_entropy_mono": 13.834898948669434,
      "band_eliminated_acoustic_entropies": [
        {
          "acoustic_entropy": 14.275312423706055,
          "acoustic_entropy_side": 14.278939247131348,
          "hz": 129.47220167065723
        },
        {
          "acoustic_entropy": 14.18954086303711,
          "acoustic_entropy_side": 14.266408920288086,
          "hz": 202.92927478742237
        },
        {
          "acoustic_entropy": 13.713869094848633,
          "acoustic_entropy_side": 14.16723918914795,
          "hz": 282.89161906338205
        },
        {
          "acoustic_entropy": 13.245185852050781,
          "acoustic_entropy_side": 14.288293838500977,
          "hz": 369.9353335868758
        },
        {
          "acoustic_entropy": 12.808941841125488,
          "acoustic_entropy_side": 14.215521812438965,
          "hz": 464.6875360973435
        },
        {
          "acoustic_entropy": 12.837477684020996,
          "acoustic_entropy_side": 14.392219543457031,
          "hz": 567.8308811364784
        },
        {
          "acoustic_entropy": 14.02647876739502,
          "acoustic_entropy_side": 14.254504203796387,
          "hz": 680.1084783214808
        },
        {
          "acoustic_entropy": 14.120071411132812,
          "acoustic_entropy_side": 14.177386283874512,
          "hz": 802.3292461747484
        },
        {
          "acoustic_entropy": 13.582975387573242,
          "acoustic_entropy_side": 14.403627395629883,
          "hz": 935.3737400823702
        },
        {
          "acoustic_entropy": 13.186959266662598,
          "acoustic_entropy_side": 14.316781997680664,
          "hz": 1080.2004963696966
        },
        {
          "acoustic_entropy": 14.16483211517334,
          "acoustic_entropy_side": 14.453547477722168,
          "hz": 1237.8529382007157
        },
        {
          "acoustic_entropy": 13.813325881958008,
          "acoustic_entropy_side": 14.074111938476562,
          "hz": 1409.4668930556702
        },
        {
          "acoustic_entropy": 14.249744415283203,
          "acoustic_entropy_side": 14.066126823425293,
          "hz": 1596.2787759475705
        },
        {
          "acoustic_entropy": 14.414320945739746,
          "acoustic_entropy_side": 14.239468574523926,
          "hz": 1799.6344973346393
        },
        {
          "acoustic_entropy": 14.19824504852295,
          "acoustic_entropy_side": 14.087530136108398,
          "hz": 2020.9991599069049
        },
        {
          "acoustic_entropy": 13.983641624450684,
          "acoustic_entropy_side": 14.562602996826172,
          "hz": 2261.9676141086993
        },
        {
          "acoustic_entropy": 14.133379936218262,
          "acoustic_entropy_side": 14.164639472961426,
          "hz": 2524.2759484456974
        },
        {
          "acoustic_entropy": 14.030354499816895,
          "acoustic_entropy_side": 14.138836860656738,
          "hz": 2809.813997359896
        },
        {
          "acoustic_entropy": 14.122020721435547,
          "acoustic_entropy_side": 14.184614181518555,
          "hz": 3120.6389567871424
        },
        {
          "acoustic_entropy": 14.263031959533691,
          "acoustic_entropy_side": 14.34212875366211,
          "hz": 3458.990205492291
        },
        {
          "acoustic_entropy": 14.288155555725098,
          "acoustic_entropy_side": 14.260157585144043,
          "hz": 3827.305438964164
        },
        {
          "acoustic_entropy": 14.228970527648926,
          "acoustic_entropy_side": 14.223678588867188,
          "hz": 4228.238232109126
        },
        {
          "acoustic_entropy": 14.258875846862793,
          "acoustic_entropy_side": 14.25300121307373,
          "hz": 4664.6771572759235
        },
        {
          "acoustic_entropy": 14.16654109954834,
          "acoustic_entropy_side": 14.230255126953125,
          "hz": 5139.766595350093
        },
        {
          "acoustic_entropy": 14.141084671020508,
          "acoustic_entropy_side": 14.200557708740234,
          "hz": 5656.929389854203
        },
        {
          "acoustic_entropy": 14.318952560424805,
          "acoustic_entropy_side": 14.308679580688477,
          "hz": 6219.891507268283
        },
        {
          "acoustic_entropy": 14.245585441589355,
          "acoustic_entropy_side": 14.23875617980957,
          "hz": 6832.70888123896
        },
        {
          "acoustic_entropy": 14.215619087219238,
          "acoustic_entropy_side": 14.247404098510742,
          "hz": 7499.796634079867
        },
        {
          "acoustic_entropy": 14.240825653076172,
          "acoustic_entropy_side": 14.26145076751709,
          "hz": 8225.96088609342
        },
        {
          "acoustic_entropy": 14.264785766601562,
          "acoustic_entropy_side": 14.266783714294434,
          "hz": 9016.43338188839
        },
        {
          "acoustic_entropy": 14.270126342773438,
          "acoustic_entropy_side": 14.273796081542969,
          "hz": 9876.909183162974
        },
        {
          "acoustic_entropy": 14.26977252960205,
          "acoustic_entropy_side": 14.275837898254395,
          "hz": 10813.587699516042
        },
        {
          "acoustic_entropy": 14.272686004638672,
          "acoustic_entropy_side": 14.276704788208008,
          "hz": 11833.21735289826
        },
        {
          "acoustic_entropy": 14.27349853515625,
          "acoustic_entropy_side": 14.278414726257324,
          "hz": 12943.144197493959
        },
        {
          "acoustic_entropy": 14.276769638061523,
          "acoustic_entropy_side": 14.278471946716309,
          "hz": 14151.364845322005
        },
        {
          "acoustic_entropy": 14.278660774230957,
          "acoustic_entropy_side": 14.278932571411133,
          "hz": 15466.58407886509
        },
        {
          "acoustic_entropy": 14.27892017364502,
          "acoustic_entropy_side": 14.278999328613281,
          "hz": 16898.27756580493
        },
        {
          "acoustic_entropy": 14.27836799621582,
          "acoustic_entropy_side": 14.278882026672363,
          "hz": 18456.760127700032
        },
        {
          "acoustic_entropy": 14.277512550354004,
          "acoustic_entropy_side": 14.27868938446045,
          "hz": 20153.260054456492
        },
        {
          "acoustic_entropy": 14.278797149658203,
          "acoustic_entropy_side": 14.278961181640625,
          "hz": 22000.00000000001
        }
      ],
      "diff_acoustic_entropy": 9.488626480102539,
      "sn": 12
    },
    {
      "acoustic_entropy": 21.37370491027832,
      "acoustic_entropy_mono": 19.316547393798828,
      "band_eliminated_acoustic_entropies": [
        {
          "acoustic_entropy": 21.389793395996094,
          "acoustic_entropy_side": 21.35976219177246,
          "hz": 129.47220167065723
        },
        {
          "acoustic_entropy": 21.568458557128906,
          "acoustic_entropy_side": 21.112089157104492,
          "hz": 202.92927478742237
        },
        {
          "acoustic_entropy": 20.851226806640625,
          "acoustic_entropy_side": 20.54395866394043,
          "hz": 282.89161906338205
        },
        {
          "acoustic_entropy": 21.078786849975586,
          "acoustic_entropy_side": 21.065523147583008,
          "hz": 369.9353335868758
        },
        {
          "acoustic_entropy": 20.79120635986328,
          "acoustic_entropy_side": 20.72018814086914,
          "hz": 464.6875360973435
        },
        {
          "acoustic_entropy": 20.122295379638672,
          "acoustic_entropy_side": 21.518287658691406,
          "hz": 567.8308811364784
        },
        {
          "acoustic_entropy": 21.00102996826172,
          "acoustic_entropy_side": 20.639005661010742,
          "hz": 680.1084783214808
        },
        {
          "acoustic_entropy": 21.271408081054688,
          "acoustic_entropy_side": 21.26386260986328,
          "hz": 802.3292461747484
        },
        {
          "acoustic_entropy": 20.018430709838867,
          "acoustic_entropy_side": 20.890689849853516,
          "hz": 935.3737400823702
        },
        {
          "acoustic_entropy": 20.924999237060547,
          "acoustic_entropy_side": 20.29030990600586,
          "hz": 1080.2004963696966
        },
        {
          "acoustic_entropy": 19.690811157226562,
          "acoustic_entropy_side": 21.328205108642578,
          "hz": 1237.8529382007157
        },
        {
          "acoustic_entropy": 20.148910522460938,
          "acoustic_entropy_side": 20.833959579467773,
          "hz": 1409.4668930556702
        },
        {
          "acoustic_entropy": 20.108203887939453,
          "acoustic_entropy_side": 20.89624786376953,
          "hz": 1596.2787759475705
        },
        {
          "acoustic_entropy": 20.81859588623047,
          "acoustic_entropy_side": 21.818227767944336,
          "hz": 1799.6344973346393
        },
        {
          "acoustic_entropy": 20.95426368713379,
          "acoustic_entropy_side": 21.498558044433594,
          "hz": 2020.9991599069049
        },
        {
          "acoustic_entropy": 21.475561141967773,
          "acoustic_entropy_side": 21.4083194732666,
          "hz": 2261.9676141086993
        },
        {
          "acoustic_entropy": 20.782533645629883,
          "acoustic_entropy_side": 21.315671920776367,
          "hz": 2524.2759484456974
        },
        {
          "acoustic_entropy": 19.55181884765625,
          "acoustic_entropy_side": 20.608858108520508,
          "hz": 2809.813997359896
        },
        {
          "acoustic_entropy": 21.456003189086914,
          "acoustic_entropy_side": 21.63743782043457,
          "hz": 3120.6389567871424
        },
        {
