{
  "acoustic_entropy": 205.49024963378906,
  "bands": [
    {
      "high_freq": 148.1999969482422,
      "loudness": -40.70460891723633,
      "loudness_range": 35.49290466308594,
      "mid_mean": -41.520076751708984,
      "mid_to_side_loudness": -2.4720020294189453,
      "mid_to_side_loudness_range": 12.140506744384766,
      "side_mean": -41.62356185913086
    },
    {
      "high_freq": 392.3793640136719,
      "loudness": -28.962507247924805,
      "loudness_range": 18.99262046813965,
      "low_freq": 148.1999969482422,
      "mid_mean": -27.361732482910156,
      "mid_to_side_loudness": -2.6999120712280273,
      "mid_to_side_loudness_range": 8.909388542175293,
      "side_mean": -30.122066497802734
    },
    {
      "high_freq": 794.6976318359375,
      "loudness": -28.180471420288086,
      "loudness_range": 19.384031295776367,
      "low_freq": 392.3793640136719,
      "mid_mean": -26.55225372314453,
      "mid_to_side_loudness": -2.399733781814575,
      "mid_to_side_loudness_range": 6.802351951599121,
      "side_mean": -29.063831329345703
    },
    {
      "high_freq": 1457.5709228515625,
      "loudness": -32.262020111083984,
      "loudness_range": 27.545400619506836,
      "low_freq": 794.6976318359375,
      "mid_mean": -30.665821075439453,
      "mid_to_side_loudness": -2.4177067279815674,
      "mid_to_side_loudness_range": 6.196708679199219,
      "side_mean": -33.126251220703125
    },
    {
      "high_freq": 2549.74365234375,
      "loudness": -35.20811080932617,
      "loudness_range": 30.124765396118164,
      "low_freq": 1457.5709228515625,
      "mid_mean": -33.63391876220703,
      "mid_to_side_loudness": -2.5326900482177734,
      "mid_to_side_loudness_range": 5.488897323608398,
      "side_mean": -36.27786636352539
    },
    {
      "high_freq": 4349.24462890625,
      "loudness": -42.2562255859375,
      "loudness_range": 31.67926788330078,
      "low_freq": 2549.74365234375,
      "mid_mean": -40.80875015258789,
      "mid_to_side_loudness": -2.311826467514038,
      "mid_to_side_loudness_range": 4.0911946296691895,
      "side_mean": -43.24662780761719
    },
    {
      "high_freq": 7314.1640625,
      "loudness": -52.478275299072266,
      "loudness_range": 33.6673583984375,
      "low_freq": 4349.24462890625,
      "mid_mean": -52.47639083862305,
      "mid_to_side_loudness": -2.0651638507843018,
      "mid_to_side_loudness_range": 4.168393611907959,
      "side_mean": -54.26274871826172
    },
    {
      "high_freq": 12199.2666015625,
      "loudness": -58.73172378540039,
      "loudness_range": 28.539989471435547,
      "low_freq": 7314.1640625,
      "mid_mean": -59.85422897338867,
      "mid_to_side_loudness": -1.424332618713379,
      "mid_to_side_loudness_range": 2.965703010559082,
      "side_mean": -60.694671630859375
    },
    {
      "loudness": -61.21464538574219,
      "loudness_range": 7.619220733642578,
      "low_freq": 12199.2666015625,
      "mid_mean": -60.78162384033203,
      "mid_to_side_loudness": 1.1239439249038696,
      "mid_to_side_loudness_range": 5.784689903259277,
      "side_mean": -59.842586517333984
    }
  ],
  "bands_short": [
    {
      "high_freq": 148.1999969482422,
      "loudness": -46.264766693115234,
      "loudness_range": 35.51861572265625,
      "mid_mean": -45.242454528808594,
      "mid_to_side_loudness": -3.063793420791626,
      "mid_to_side_loudness_range": 15.877978324890137,
      "side_mean": -48.0675048828125
    },
    {
      "high_freq": 392.3793640136719,
      "loudness": -29.78467559814453,
      "loudness_range": 20.913875579833984,
      "low_freq": 148.1999969482422,
      "mid_mean": -28.550580978393555,
      "mid_to_side_loudness": -2.1703081130981445,
      "mid_to_side_loudness_range": 11.686420440673828,
      "side_mean": -30.722110748291016
    },
    {
      "high_freq": 794.6976318359375,
      "loudness": -28.028179168701172,
      "loudness_range": 19.331687927246094,
      "low_freq": 392.3793640136719,
      "mid_mean": -26.435226440429688,
      "mid_to_side_loudness": -2.738490343093872,
      "mid_to_side_loudness_range": 9.847696304321289,
      "side_mean": -29.252235412597656
    },
    {
      "high_freq": 1457.5709228515625,
      "loudness": -32.19758605957031,
      "loudness_range": 27.673194885253906,
      "low_freq": 794.6976318359375,
      "mid_mean": -30.816307067871094,
      "mid_to_side_loudness": -2.261108160018921,
      "mid_to_side_loudness_range": 9.331913948059082,
      "side_mean": -33.107940673828125
    },
    {
      "high_freq": 2549.74365234375,
      "loudness": -35.4682731628418,
      "loudness_range": 30.457002639770508,
      "low_freq": 1457.5709228515625,
      "mid_mean": -34.10690689086914,
      "mid_to_side_loudness": -2.4080052375793457,
      "mid_to_side_loudness_range": 8.216569900512695,
      "side_mean": -36.72612762451172
    },
    {
      "high_freq": 4349.24462890625,
      "loudness": -42.312931060791016,
      "loudness_range": 32.039710998535156,
      "low_freq": 2549.74365234375,
      "mid_mean": -40.974246978759766,
      "mid_to_side_loudness": -2.2669456005096436,
      "mid_to_side_loudness_range": 6.437992572784424,
      "side_mean": -43.41948318481445
    },
    {
      "high_freq": 7314.1640625,
      "loudness": -52.196075439453125,
      "loudness_range": 33.17931365966797,
      "low_freq": 4349.24462890625,
      "mid_mean": -52.93575668334961,
      "mid_to_side_loudness": -2.1146841049194336,
      "mid_to_side_loudness_range": 5.767734527587891,
      "side_mean": -54.69734573364258
    },
    {
      "high_freq": 12199.2666015625,
      "loudness": -58.518184661865234,
      "loudness_range": 27.806594848632812,
      "low_freq": 7314.1640625,
      "mid_mean": -60.30251693725586,
      "mid_to_side_loudness": -1.412665843963623,
      "mid_to_side_loudness_range": 4.01540470123291,
      "side_mean": -61.1107177734375
    },
    {
      "loudness": -61.36214065551758,
      "loudness_range": 7.797191619873047,
      "low_freq": 12199.2666015625,
      "mid_mean": -60.939170837402344,
      "mid_to_side_loudness": 1.2264858484268188,
      "mid_to_side_loudness_range": 6.41353178024292,
      "side_mean": -59.95524978637695
    }
  ],
  "bandwidth": 698.85009765625,
  "channels": 2,
  "covariance": [
    [
      162.17213439941406,
      132.0290069580078,
      51.77224349975586,
      51.02139663696289,
      42.666404724121094,
      44.00340270996094,
      51.89621353149414,
      55.219383239746094,
      60.2325439453125,
      59.856201171875,
      70.56855773925781,
      73.21479797363281,
      74.63504028320312,
      70.60798645019531,
      58.00288009643555,
      55.515560150146484,
      10.142741203308105,
      9.157855033874512
    ],
    [
      132.0290069580078,
      146.62379455566406,
      44.78083419799805,
      41.23928451538086,
      37.13105010986328,
      37.114986419677734,
      41.06743621826172,
      42.5456657409668,
      48.299278259277344,
      48.73289108276367,
      52.898921966552734,
      53.98340606689453,
      57.41415023803711,
      54.01576614379883,
      45.59688186645508,
      43.89043426513672,
      7.307212829589844,
      5.278306484222412
    ],
    [
      51.77224349975586,
      44.78083419799805,
      42.54768753051758,
      36.48308563232422,
      34.12440490722656,
      34.81196975708008,
      40.14299774169922,
      40.568485260009766,
      46.05165100097656,
      44.25941467285156,
      47.30009460449219,
      46.30926513671875,
      47.729183197021484,
      44.149566650390625,
      34.17451477050781,
      31.61570167541504,
      3.6590311527252197,
      2.0605199337005615
    ],
    [
      51.02139663696289,
      41.23928451538086,
      36.48308563232422,
      41.30720520019531,
      34.35454177856445,
      35.41499710083008,
      42.022422790527344,
      43.07251739501953,
      47.40404510498047,
      45.953311920166016,
      50.4334831237793,
      49.74968338012695,
      50.62272644042969,
      47.26367950439453,
      36.47306823730469,
      33.97243118286133,
      4.655681133270264,
      3.0339033603668213
    ],
    [
      42.666404724121094,
      37.13105010986328,
      34.12440490722656,
      34.35454177856445,
      46.263126373291016,
      42.96642303466797,
      55.54120635986328,
      54.21449279785156,
      59.14435577392578,
      56.73433303833008,
      61.61207580566406,
      59.6686897277832,
      60.33686828613281,
      55.59893035888672,
      43.26774215698242,
      39.83284378051758,
      5.432189464569092,
      2.9689221382141113
    ],
    [
      44.00340270996094,
      37.114986419677734,
      34.81196975708008,
      35.41499710083008,
      42.96642303466797,
      45.59324645996094,
      53.99171447753906,
      53.201698303222656,
      57.08795166015625,
      55.96684646606445,
      61.14914321899414,
      59.8973274230957,
      61.05915832519531,
      56.832550048828125,
      43.89003372192383,
      40.68168640136719,
      5.595235347747803,
      3.1625828742980957
    ],
    [
      51.89621353149414,
      41.06743621826172,
      40.14299774169922,
      42.022422790527344,
      55.54120635986328,
      53.99171447753906,
      95.18234252929688,
      89.03271484375,
      93.52118682861328,
      89.15583801269531,
      97.29156494140625,
      93.9137191772461,
      94.56410217285156,
      86.90047454833984,
      68.36547088623047,
      63.18183898925781,
      8.829026222229004,
      5.19014835357666
    ],
    [
      55.219383239746094,
      42.5456657409668,
      40.568485260009766,
      43.07251739501953,
      54.21449279785156,
      53.201698303222656,
      89.03271484375,
      88.12678527832031,
      91.16791534423828,
      87.42113494873047,
      95.95703125,
      93.05068969726562,
      93.58665466308594,
      86.5726089477539,
      68.12139129638672,
      63.214599609375,
      9.012813568115234,
      5.707828521728516
    ],
    [
      60.2325439453125,
      48.299278259277344,
      46.05165100097656,
      47.40404510498047,
      59.14435577392578,
      57.08795166015625,
      93.52118682861328,
      91.16791534423828,
      112.53785705566406,
      104.09183502197266,
      111.47090148925781,
      108.16954803466797,
      108.89976501464844,
      101.18378448486328,
      80.02617645263672,
      74.50418090820312,
      11.17187213897705,
      6.469333648681641
    ],
    [
      59.856201171875,
      48.73289108276367,
      44.25941467285156,
      45.953311920166016,
      56.73433303833008,
      55.96684646606445,
      89.15583801269531,
      87.42113494873047,
      104.09183502197266,
      101.4963150024414,
      108.19915771484375,
      106.12372589111328,
      106.90948486328125,
      99.96027374267578,
      78.63133239746094,
      73.58196258544922,
      11.38332462310791,
      7.047900199890137
    ],
    [
      70.56855773925781,
      52.898921966552734,
      47.30009460449219,
      50.4334831237793,
      61.61207580566406,
      61.14914321899414,
      97.29156494140625,
      95.95703125,
      111.47090148925781,
      108.19915771484375,
      130.3611297607422,
      126.70046997070312,
      128.0301513671875,
      120.89936828613281,
      96.0096664428711,
      90.2867431640625,
      15.681873321533203,
      11.22683334350586
    ],
    [
      73.21479797363281,
      53.98340606689453,
      46.30926513671875,
      49.74968338012695,
      59.6686897277832,
      59.8973274230957,
      93.9137191772461,
      93.05068969726562,
      108.16954803466797,
      106.12372589111328,
      126.70046997070312,
      127.4989013671875,
      127.38768768310547,
      121.27162170410156,
      95.63121032714844,
      90.56398010253906,
      15.542342185974121,
      11.48521614074707
    ],
    [
      74.63504028320312,
      57.41415023803711,
      47.729183197021484,
      50.62272644042969,
      60.33686828613281,
      61.05915832519531,
      94.56410217285156,
      93.58665466308594,
      108.89976501464844,
      106.90948486328125,
      128.0301513671875,
      127.38768768310547,
      140.7212371826172,
      132.887451171875,
      105.37545013427734,
      99.25675964355469,
      22.062944412231445,
      17.658374786376953
    ],
    [
      70.60798645019531,
      54.01576614379883,
      44.149566650390625,
      47.26367950439453,
      55.59893035888672,
      56.832550048828125,
      86.90047454833984,
      86.5726089477539,
      101.18378448486328,
      99.96027374267578,
      120.89936828613281,
      121.27162170410156,
      132.887451171875,
      127.2403564453125,
      100.3954086303711,
      95.26739501953125,
      20.777873992919922,
      16.71389389038086
    ],
    [
      58.00288009643555,
      45.59688186645508,
      34.17451477050781,
      36.47306823730469,
      43.26774215698242,
      43.89003372192383,
      68.36547088623047,
      68.12139129638672,
      80.02617645263672,
      78.63133239746094,
      96.0096664428711,
      95.63121032714844,
      105.37545013427734,
      100.3954086303711,
      85.24835205078125,
      80.5655746459961,
      20.272502899169922,
      15.376933097839355
    ],
    [
      55.515560150146484,
      43.89043426513672,
      31.61570167541504,
      33.97243118286133,
      39.83284378051758,
      40.68168640136719,
      63.18183898925781,
      63.214599609375,
      74.50418090820312,
      73.58196258544922,
      90.2867431640625,
      90.56398010253906,
      99.25675964355469,
      95.26739501953125,
      80.5655746459961,
      76.93583679199219,
      18.775074005126953,
      14.370954513549805
    ],
    [
      10.142741203308105,
      7.307212829589844,
      3.6590311527252197,
      4.655681133270264,
      5.432189464569092,
      5.595235347747803,
      8.829026222229004,
      9.012813568115234,
      11.17187213897705,
      11.38332462310791,
      15.681873321533203,
      15.542342185974121,
      22.062944412231445,
      20.777873992919922,
      20.272502899169922,
      18.775074005126953,
      12.838757514953613,
      9.245361328125
    ],
    [
      9.157855033874512,
      5.278306484222412,
      2.0605199337005615,
      3.0339033603668213,
      2.9689221382141113,
      3.1625828742980957,
      5.19014835357666,
      5.707828521728516,
      6.469333648681641,
      7.047900199890137,
      11.22683334350586,
      11.48521614074707,
      17.658374786376953,
      16.71389389038086,
      15.376933097839355,
      14.370954513549805,
      9.245361328125,
      8.902132987976074
    ]
  ],
  "covariance_short": [
    [
      156.1153106689453,
      146.7886962890625,
      55.13581466674805,
      52.51067352294922,
      34.440731048583984,
      37.39777755737305,
      44.23052978515625,
      46.89656448364258,
      49.20750045776367,
      50.60200119018555,
      61.378631591796875,
      64.07333374023438,
      66.60054779052734,
      63.26399612426758,
      52.007164001464844,
      50.04307556152344,
      9.041375160217285,
      8.210652351379395
    ],
    [
      146.7886962890625,
      166.32298278808594,
      55.2684211730957,
      55.055660247802734,
      35.073265075683594,
      38.090633392333984,
      44.44266128540039,
      47.351375579833984,
      48.33498764038086,
      49.97899627685547,
      60.46434783935547,
      63.65604782104492,
      65.60607147216797,
      62.37286376953125,
      51.52314376831055,
      49.58221435546875,
      8.875716209411621,
      8.345006942749023
    ],
    [
      55.13581466674805,
      55.2684211730957,
      54.336448669433594,
      44.708168029785156,
      36.13520431518555,
      36.773834228515625,
      43.355712890625,
      43.74835205078125,
      47.306949615478516,
      46.236820220947266,
      49.3664436340332,
      49.12502670288086,
      51.194122314453125,
      47.47642135620117,
      36.34062576293945,
      33.62368392944336,
      3.683704376220703,
      2.616835832595825
    ],
    [
      52.51067352294922,
      55.055660247802734,
      44.708168029785156,
      51.8786735534668,
      34.17959213256836,
      36.08951950073242,
      42.94065856933594,
      43.89187240600586,
      47.4797248840332,
      46.68326950073242,
      51.11409378051758,
      51.0897331237793,
      52.58305358886719,
      49.19841766357422,
      37.59843444824219,
      35.061954498291016,
      4.5726165771484375,
      3.378110885620117
    ],
    [
      34.440731048583984,
      35.073265075683594,
      36.13520431518555,
      34.17959213256836,
      45.48141098022461,
      39.86537551879883,
      51.16756057739258,
      49.50407409667969,
      55.14711380004883,
      53.609371185302734,
      56.583984375,
      55.47295379638672,
      56.283226013183594,
      52.00215148925781,
      39.192562103271484,
      36.04596710205078,
      4.272432804107666,
      1.9943351745605469
    ],
    [
      37.39777755737305,
      38.090633392333984,
      36.773834228515625,
      36.08951950073242,
      39.86537551879883,
      45.95518112182617,
      50.82850646972656,
      49.99624252319336,
      53.95281982421875,
      53.7113037109375,
      57.46091079711914,
      57.029476165771484,
      58.148590087890625,
      54.28207778930664,
      40.67845916748047,
      37.750736236572266,
      4.67872953414917,
      2.5727481842041016
    ],
    [
      44.23052978515625,
      44.44266128540039,
      43.355712890625,
      42.94065856933594,
      51.16756057739258,
      50.82850646972656,
      95.15019989013672,
      85.15216064453125,
      90.54569244384766,
      87.15343475341797,
      94.11615753173828,
      91.49653625488281,
      92.5687484741211,
      85.37364196777344,
      65.41860961914062,
      60.3630485534668,
      7.9034647941589355,
      4.601417541503906
    ],
    [
      46.89656448364258,
      47.351375579833984,
      43.74835205078125,
      43.89187240600586,
      49.50407409667969,
      49.99624252319336,
      85.15216064453125,
      88.17860412597656,
      87.55657196044922,
      85.14777374267578,
      92.4151611328125,
      90.30448150634766,
      91.10584259033203,
      84.67119598388672,
      64.90519714355469,
      60.147422790527344,
      8.13176155090332,
      5.099554538726807
    ],
    [
      49.20750045776367,
      48.33498764038086,
      47.306949615478516,
      47.4797248840332,
      55.14711380004883,
      53.95281982421875,
      90.54569244384766,
      87.55657196044922,
      114.7880630493164,
      103.59957885742188,
      110.53363800048828,
      107.46790313720703,
      108.21208953857422,
      100.7966537475586,
      78.13352966308594,
      72.51248931884766,
      10.47729206085205,
      5.934761047363281
    ],
    [
      50.60200119018555,
      49.97899627685547,
      46.236820220947266,
      46.68326950073242,
      53.609371185302734,
      53.7113037109375,
      87.15343475341797,
      85.14777374267578,
      103.59957885742188,
      105.57613372802734,
      107.78562927246094,
      106.4181900024414,
      107.14488983154297,
      100.40452575683594,
      77.13543701171875,
      71.98725891113281,
      10.548934936523438,
      6.400148391723633
    ],
    [
      61.378631591796875,
      60.46434783935547,
      49.3664436340332,
      51.11409378051758,
      56.583984375,
      57.46091079711914,
      94.11615753173828,
      92.4151611328125,
      110.53363800048828,
      107.78562927246094,
      131.57589721679688,
      126.30630493164062,
      127.32022094726562,
      120.37779235839844,
      94.03495025634766,
      88.26785278320312,
      14.715747833251953,
      10.474921226501465
    ],
    [
      64.07333374023438,
      63.65604782104492,
      49.12502670288086,
      51.0897331237793,
      55.47295379638672,
      57.029476165771484,
      91.49653625488281,
      90.30448150634766,
      107.46790313720703,
      106.4181900024414,
      126.30630493164062,
      129.58795166015625,
      127.10919189453125,
      121.18655395507812,
      93.9610824584961,
      88.87258911132812,
      14.684720039367676,
      10.70583438873291
    ],
    [
      66.60054779052734,
      65.60607147216797,
      51.194122314453125,
      52.58305358886719,
      56.283226013183594,
      58.148590087890625,
      92.5687484741211,
      91.10584259033203,
      108.21208953857422,
      107.14488983154297,
      127.32022094726562,
      127.10919189453125,
      141.7153778076172,
      133.32562255859375,
      103.83967590332031,
      97.69072723388672,
      20.775720596313477,
      16.64250373840332
    ],
    [
      63.26399612426758,
      62.37286376953125,
      47.47642135620117,
      49.19841766357422,
      52.00215148925781,
      54.28207778930664,
      85.37364196777344,
      84.67119598388672,
      100.7966537475586,
      100.40452575683594,
      120.37779235839844,
      121.18655395507812,
      133.32562255859375,
      128.488525390625,
      99.14444732666016,
      94.01270294189453,
      19.76568603515625,
      15.875886917114258
    ],
    [
      52.007164001464844,
      51.52314376831055,
      36.34062576293945,
      37.59843444824219,
      39.192562103271484,
      40.67845916748047,
      65.41860961914062,
      64.90519714355469,
      78.13352966308594,
      77.13543701171875,
      94.03495025634766,
      93.9610824584961,
      103.83967590332031,
      99.14444732666016,
      83.81438446044922,
      79.0655746459961,
      18.85526466369629,
      14.42058277130127
    ],
    [
      50.04307556152344,
      49.58221435546875,
      33.62368392944336,
      35.061954498291016,
      36.04596710205078,
      37.750736236572266,
      60.3630485534668,
      60.147422790527344,
      72.51248931884766,
      71.98725891113281,
      88.26785278320312,
      88.87258911132812,
      97.69072723388672,
      94.01270294189453,
      79.0655746459961,
      75.90031433105469,
      17.654598236083984,
      13.607954978942871
    ],
    [
      9.041375160217285,
      8.875716209411621,
      3.683704376220703,
      4.5726165771484375,
      4.272432804107666,
      4.67872953414917,
      7.9034647941589355,
      8.13176155090332,
      10.47729206085205,
      10.548934936523438,
      14.715747833251953,
      14.684720039367676,
      20.775720596313477,
      19.76568603515625,
      18.85526466369629,
      17.654598236083984,
      12.313945770263672,
      9.01338005065918
    ],
    [
      8.210652351379395,
      8.345006942749023,
      2.616835832595825,
      3.378110885620117,
      1.9943351745605469,
      2.5727481842041016,
      4.601417541503906,
      5.099554538726807,
      5.934761047363281,
      6.400148391723633,
      10.474921226501465,
      10.70583438873291,
      16.64250373840332,
      15.875886917114258,
      14.42058277130127,
      13.607954978942871,
      9.01338005065918,
      9.195391654968262
    ]
  ],
  "damage": -11.961396217346191,
  "diff_bandwidth": 728.7160034179688,
  "dissonance": 6.415366219187098,
  "drr": -0.296986848115921,
  "dynamics": 5.77107048034668,
  "format": 1245190,
  "frames": 8661952,
  "loudness": -18.864253997802734,
  "loudness_range": 19.967697143554688,
  "loudness_range_short": 20.366249084472656,
  "lowpass_true_peak_15khz": 0.12304563820362091,
  "mastering3_acoustic_entropies": [
    {
      "acoustic_entropy": 5.212362766265869,
      "acoustic_entropy_mono": 5.442567825317383,
      "band_eliminated_acoustic_entropies": [
        {
          "acoustic_entropy": 5.2190093994140625,
          "acoustic_entropy_side": 5.212522029876709,
          "hz": 129.47220167065723
        },
        {
          "acoustic_entropy": 5.457974910736084,
          "acoustic_entropy_side": 5.221339225769043,
          "hz": 202.92927478742237
        },
        {
          "acoustic_entropy": 5.652547836303711,
          "acoustic_entropy_side": 5.319662094116211,
          "hz": 282.89161906338205
        },
        {
          "acoustic_entropy": 5.133127212524414,
          "acoustic_entropy_side": 5.366336345672607,
          "hz": 369.9353335868758
        },
        {
          "acoustic_entropy": 5.343179225921631,
          "acoustic_entropy_side": 5.232290744781494,
          "hz": 464.6875360973435
        },
        {
          "acoustic_entropy": 5.590099334716797,
          "acoustic_entropy_side": 5.3049445152282715,
          "hz": 567.8308811364784
        },
        {
          "acoustic_entropy": 5.437081813812256,
          "acoustic_entropy_side": 5.377716064453125,
          "hz": 680.1084783214808
        },
        {
          "acoustic_entropy": 5.464523792266846,
          "acoustic_entropy_side": 5.579425811767578,
          "hz": 802.3292461747484
        },
        {
          "acoustic_entropy": 5.565479278564453,
          "acoustic_entropy_side": 5.339407920837402,
          "hz": 935.3737400823702
        },
        {
          "acoustic_entropy": 5.0467095375061035,
          "acoustic_entropy_side": 5.286168098449707,
          "hz": 1080.2004963696966
        },
        {
          "acoustic_entropy": 5.3169660568237305,
          "acoustic_entropy_side": 5.424232006072998,
          "hz": 1237.8529382007157
        },
        {
          "acoustic_entropy": 5.4279561042785645,
          "acoustic_entropy_side": 5.463056564331055,
          "hz": 1409.4668930556702
        },
        {
          "acoustic_entropy": 5.458276748657227,
          "acoustic_entropy_side": 5.277868747711182,
          "hz": 1596.2787759475705
        },
        {
          "acoustic_entropy": 5.362515449523926,
          "acoustic_entropy_side": 5.20466423034668,
          "hz": 1799.6344973346393
        },
        {
          "acoustic_entropy": 5.26014518737793,
          "acoustic_entropy_side": 5.196272850036621,
          "hz": 2020.9991599069049
        },
        {
          "acoustic_entropy": 5.283090114593506,
          "acoustic_entropy_side": 5.180049896240234,
          "hz": 2261.9676141086993
        },
        {
          "acoustic_entropy": 5.180797100067139,
          "acoustic_entropy_side": 5.191226005554199,
          "hz": 2524.2759484456974
        },
        {
          "acoustic_entropy": 5.286449909210205,
          "acoustic_entropy_side": 5.242720603942871,
          "hz": 2809.813997359896
        },
        {
          "acoustic_entropy": 5.1383843421936035,
          "acoustic_entropy_side": 5.179200649261475,
          "hz": 3120.6389567871424
        },
        {
          "acoustic_entropy": 5.180845260620117,
          "acoustic_entropy_side": 5.208562850952148,
          "hz": 3458.990205492291
        },
        {
          "acoustic_entropy": 5.209411144256592,
          "acoustic_entropy_side": 5.224849224090576,
          "hz": 3827.305438964164
        },
        {
          "acoustic_entropy": 5.286231517791748,
          "acoustic_entropy_side": 5.217498302459717,
          "hz": 4228.238232109126
        },
        {
          "acoustic_entropy": 5.228474140167236,
          "acoustic_entropy_side": 5.210002899169922,
          "hz": 4664.6771572759235
        },
        {
          "acoustic_entropy": 5.236654281616211,
          "acoustic_entropy_side": 5.211827278137207,
          "hz": 5139.766595350093
        },
        {
          "acoustic_entropy": 5.2287821769714355,
          "acoustic_entropy_side": 5.213775634765625,
          "hz": 5656.929389854203
        },
        {
          "acoustic_entropy": 5.2254557609558105,
          "acoustic_entropy_side": 5.2128400802612305,
          "hz": 6219.891507268283
        },
        {
          "acoustic_entropy": 5.236521244049072,
          "acoustic_entropy_side": 5.2145819664001465,
          "hz": 6832.70888123896
        },
        {
          "acoustic_entropy": 5.236877918243408,
          "acoustic_entropy_side": 5.21416711807251,
          "hz": 7499.796634079867
        },
        {
          "acoustic_entropy": 5.235348701477051,
          "acoustic_entropy_side": 5.215036392211914,
          "hz": 8225.96088609342
        },
        {
          "acoustic_entropy": 5.242798805236816,
          "acoustic_entropy_side": 5.216822624206543,
          "hz": 9016.43338188839
        },
        {
          "acoustic_entropy": 5.246496677398682,
          "acoustic_entropy_side": 5.217884063720703,
          "hz": 9876.909183162974
        },
        {
          "acoustic_entropy": 5.246336460113525,
          "acoustic_entropy_side": 5.217827320098877,
          "hz": 10813.587699516042
        },
        {
          "acoustic_entropy": 5.24542760848999,
          "acoustic_entropy_side": 5.2190022468566895,
          "hz": 11833.21735289826
        },
        {
          "acoustic_entropy": 5.2466301918029785,
          "acoustic_entropy_side": 5.219590187072754,
          "hz": 12943.144197493959
        },
        {
          "acoustic_entropy": 5.246026992797852,
          "acoustic_entropy_side": 5.218283176422119,
          "hz": 14151.364845322005
        },
        {
          "acoustic_entropy": 5.242695331573486,
          "acoustic_entropy_side": 5.215406894683838,
          "hz": 15466.58407886509
        },
        {
          "acoustic_entropy": 5.243600368499756,
          "acoustic_entropy_side": 5.212774276733398,
          "hz": 16898.27756580493
        },
        {
          "acoustic_entropy": 5.237443923950195,
          "acoustic_entropy_side": 5.212414264678955,
          "hz": 18456.760127700032
        },
        {
          "acoustic_entropy": 5.23190450668335,
          "acoustic_entropy_side": 5.2123823165893555,
          "hz": 20153.260054456492
        },
        {
          "acoustic_entropy": 5.219315052032471,
          "acoustic_entropy_side": 5.212365627288818,
          "hz": 22000.00000000001
        }
      ],
      "diff_acoustic_entropy": 1.4393572807312012,
      "sn": 6
    },
    {
      "acoustic_entropy": 8.895917892456055,
      "acoustic_entropy_mono": 8.861359596252441,
      "band_eliminated_acoustic_entropies": [
        {
          "acoustic_entropy": 8.882810592651367,
          "acoustic_entropy_side": 8.880110740661621,
          "hz": 129.47220167065723
        },
        {
          "acoustic_entropy": 8.375250816345215,
          "acoustic_entropy_side": 8.550850868225098,
          "hz": 202.92927478742237
        },
        {
          "acoustic_entropy": 8.648259162902832,
          "acoustic_entropy_side": 8.800370216369629,
          "hz": 282.89161906338205
        },
        {
          "acoustic_entropy": 8.379755020141602,
          "acoustic_entropy_side": 9.118337631225586,
          "hz": 369.9353335868758
        },
        {
          "acoustic_entropy": 9.228116035461426,
          "acoustic_entropy_side": 8.457315444946289,
          "hz": 464.6875360973435
        },
        {
          "acoustic_entropy": 9.32724380493164,
          "acoustic_entropy_side": 9.318511962890625,
          "hz": 567.8308811364784
        },
        {
          "acoustic_entropy": 9.131182670593262,
          "acoustic_entropy_side": 9.00069522857666,
          "hz": 680.1084783214808
        },
        {
          "acoustic_entropy": 9.592530250549316,
          "acoustic_entropy_side": 9.736374855041504,
          "hz": 802.3292461747484
        },
        {
          "acoustic_entropy": 9.25275993347168,
          "acoustic_entropy_side": 9.095919609069824,
          "hz": 935.3737400823702
        },
        {
          "acoustic_entropy": 8.65941333770752,
          "acoustic_entropy_side": 9.243358612060547,
          "hz": 1080.2004963696966
        },
        {
          "acoustic_entropy": 8.86843490600586,
          "acoustic_entropy_side": 8.509872436523438,
          "hz": 1237.8529382007157
        },
        {
          "acoustic_entropy": 9.137060165405273,
          "acoustic_entropy_side": 9.028340339660645,
          "hz": 1409.4668930556702
        },
        {
          "acoustic_entropy": 9.057002067565918,
          "acoustic_entropy_side": 9.095934867858887,
          "hz": 1596.2787759475705
        },
        {
          "acoustic_entropy": 9.030251502990723,
          "acoustic_entropy_side": 9.159029006958008,
          "hz": 1799.6344973346393
        },
        {
          "acoustic_entropy": 8.780774116516113,
          "acoustic_entropy_side": 8.897286415100098,
          "hz": 2020.9991599069049
        },
        {
          "acoustic_entropy": 8.802948951721191,
          "acoustic_entropy_side": 8.948002815246582,
          "hz": 2261.9676141086993
        },
        {
          "acoustic_entropy": 8.828696250915527,
          "acoustic_entropy_side": 8.867650032043457,
          "hz": 2524.2759484456974
        },
        {
          "acoustic_entropy": 8.832804679870605,
          "acoustic_entropy_side": 8.873151779174805,
          "hz": 2809.813997359896
        },
        {
          "acoustic_entropy": 8.861666679382324,
          "acoustic_entropy_side": 8.807368278503418,
          "hz": 3120.6389567871424
        },
        {
          "acoustic_entropy": 8.753756523132324,
          "acoustic_entropy_side": 8.8701810836792,
          "hz": 3458.990205492291
        },
        {
          "acoustic_entropy": 8.816064834594727,
          "acoustic_entropy_side": 8.871293067932129,
          "hz": 3827.305438964164
        },
        {
          "acoustic_entropy": 8.757028579711914,
          "acoustic_entropy_side": 8.839744567871094,
          "hz": 4228.238232109126
        },
        {
          "acoustic_entropy": 8.928616523742676,
          "acoustic_entropy_side": 8.91295337677002,
          "hz": 4664.6771572759235
        },
        {
          "acoustic_entropy": 8.856916427612305,
          "acoustic_entropy_side": 8.879012107849121,
          "hz": 5139.766595350093
        },
        {
          "acoustic_entropy": 8.876802444458008,
          "acoustic_entropy_side": 8.894377708435059,
          "hz": 5656.929389854203
        },
        {
          "acoustic_entropy": 8.887056350708008,
          "acoustic_entropy_side": 8.898639678955078,
          "hz": 6219.891507268283
        },
        {
          "acoustic_entropy": 8.867515563964844,
          "acoustic_entropy_side": 8.893217086791992,
          "hz": 6832.70888123896
        },
        {
          "acoustic_entropy": 8.906131744384766,
          "acoustic_entropy_side": 8.906375885009766,
          "hz": 7499.796634079867
        },
        {
          "acoustic_entropy": 8.908589363098145,
          "acoustic_entropy_side": 8.895482063293457,
          "hz": 8225.96088609342
        },
        {
          "acoustic_entropy": 8.904481887817383,
          "acoustic_entropy_side": 8.900983810424805,
          "hz": 9016.43338188839
        },
        {
          "acoustic_entropy": 8.910599708557129,
          "acoustic_entropy_side": 8.903179168701172,
          "hz": 9876.909183162974
        },
        {
          "acoustic_entropy": 8.915593147277832,
          "acoustic_entropy_side": 8.904657363891602,
          "hz": 10813.587699516042
        },
        {
          "acoustic_entropy": 8.915058135986328,
          "acoustic_entropy_side": 8.904479026794434,
          "hz": 11833.21735289826
        },
        {
          "acoustic_entropy": 8.920011520385742,
          "acoustic_entropy_side": 8.90621280670166,
          "hz": 12943.144197493959
        },
        {
          "acoustic_entropy": 8.91762638092041,
          "acoustic_entropy_side": 8.90662670135498,
          "hz": 14151.364845322005
        },
        {
          "acoustic_entropy": 8.917548179626465,
          "acoustic_entropy_side": 8.903558731079102,
          "hz": 15466.58407886509
        },
        {
          "acoustic_entropy": 8.917800903320312,
          "acoustic_entropy_side": 8.897723197937012,
          "hz": 16898.27756580493
        },
        {
          "acoustic_entropy": 8.915925979614258,
          "acoustic_entropy_side": 8.896227836608887,
          "hz": 18456.760127700032
        },
        {
          "acoustic_entropy": 8.913782119750977,
          "acoustic_entropy_side": 8.8960542678833,
          "hz": 20153.260054456492
        },
        {
          "acoustic_entropy": 8.908369064331055,
          "acoustic_entropy_side": 8.895941734313965,
          "hz": 22000.00000000001
        }
      ],
      "diff_acoustic_entropy": 3.050731897354126,
      "sn": 12
    },
    {
      "acoustic_entropy": 14.857108116149902,
      "acoustic_entropy_mono": 14.222661018371582,
      "band_eliminated_acoustic_entropies": [
        {
          "acoustic_entropy": 14.518125534057617,
          "acoustic_entropy_side": 14.722038269042969,
          "hz": 129.47220167065723
        },
        {
          "acoustic_entropy": 14.508008003234863,
          "acoustic_entropy_side": 15.316800117492676,
          "hz": 202.92927478742237
        },
        {
          "acoustic_entropy": 14.833856582641602,
          "acoustic_entropy_side": 14.77802848815918,
          "hz": 282.89161906338205
        },
        {
          "acoustic_entropy": 14.021673202514648,
          "acoustic_entropy_side": 13.874005317687988,
          "hz": 369.9353335868758
        },
        {
          "acoustic_entropy": 15.064133644104004,
          "acoustic_entropy_side": 14.356573104858398,
          "hz": 464.6875360973435
        },
        {
          "acoustic_entropy": 14.470467567443848,
          "acoustic_entropy_side": 15.35534381866455,
          "hz": 567.8308811364784
        },
        {
          "acoustic_entropy": 14.835942268371582,
          "acoustic_entropy_side": 14.70828628540039,
          "hz": 680.1084783214808
        },
        {
          "acoustic_entropy": 15.035151481628418,
          "acoustic_entropy_side": 15.266962051391602,
          "hz": 802.3292461747484
        },
        {
          "acoustic_entropy": 15.62951374053955,
          "acoustic_entropy_side": 15.397260665893555,
          "hz": 935.3737400823702
        },
        {
          "acoustic_entropy": 15.595779418945312,
          "acoustic_entropy_side": 15.22572135925293,
          "hz": 1080.2004963696966
        },
        {
          "acoustic_entropy": 14.517535209655762,
          "acoustic_entropy_side": 14.173036575317383,
          "hz": 1237.8529382007157
        },
        {
          "acoustic_entropy": 15.063713073730469,
          "acoustic_entropy_side": 14.373356819152832,
          "hz": 1409.4668930556702
        },
        {
          "acoustic_entropy": 13.919299125671387,
          "acoustic_entropy_side": 14.794356346130371,
          "hz": 1596.2787759475705
        },
        {
          "acoustic_entropy": 15.004074096679688,
          "acoustic_entropy_side": 15.333956718444824,
          "hz": 1799.6344973346393
        },
        {
          "acoustic_entropy": 14.443739891052246,
          "acoustic_entropy_side": 14.356163024902344,
          "hz": 2020.9991599069049
        },
        {
          "acoustic_entropy": 14.322236061096191,
          "acoustic_entropy_side": 14.349273681640625,
          "hz": 2261.9676141086993
        },
        {
          "acoustic_entropy": 14.911258697509766,
          "acoustic_entropy_side": 14.676953315734863,
          "hz": 2524.2759484456974
        },
        {
          "acoustic_entropy": 14.488009452819824,
          "acoustic_entropy_side": 14.574631690979004,
          "hz": 2809.813997359896
        },
        {
          "acoustic_entropy": 14.182587623596191,
          "acoustic_entropy_side": 14.386361122131348,
          "hz": 3120.6389567871424
        },
        {
          "acoustic_entropy": 14.56157398223877,
          "acoustic_entropy_side": 14.760078430175781,
          "hz": 3458.990205492291
        },
        {
