{
  "acoustic_entropy": 199.27708435058594,
  "bands": [
    {
      "high_freq": 148.1999969482422,
      "loudness": -21.247983932495117,
      "loudness_range": 6.399984359741211,
      "mid_mean": -17.605905532836914,
      "mid_to_side_loudness": -27.85822105407715,
      "mid_to_side_loudness_range": 27.654354095458984,
      "side_mean": -50.51533889770508
    },
    {
      "high_freq": 392.3793640136719,
      "loudness": -28.142642974853516,
      "loudness_range": 6.840702056884766,
      "low_freq": 148.1999969482422,
      "mid_mean": -25.360157012939453,
      "mid_to_side_loudness": -8.069757461547852,
      "mid_to_side_loudness_range": 15.766953468322754,
      "side_mean": -34.430442810058594
    },
    {
      "high_freq": 794.6976318359375,
      "loudness": -28.94944953918457,
      "loudness_range": 6.29625129699707,
      "low_freq": 392.3793640136719,
      "mid_mean": -26.286579132080078,
      "mid_to_side_loudness": -6.65749979019165,
      "mid_to_side_loudness_range": 12.222359657287598,
      "side_mean": -33.792179107666016
    },
    {
      "high_freq": 1457.5709228515625,
      "loudness": -28.27909278869629,
      "loudness_range": 12.94717788696289,
      "low_freq": 794.6976318359375,
      "mid_mean": -26.063692092895508,
      "mid_to_side_loudness": -4.570435047149658,
      "mid_to_side_loudness_range": 8.8591947555542,
      "side_mean": -31.107723236083984
    },
    {
      "high_freq": 2549.74365234375,
      "loudness": -26.991710662841797,
      "loudness_range": 12.959009170532227,
      "low_freq": 1457.5709228515625,
      "mid_mean": -24.38128089904785,
      "mid_to_side_loudness": -5.976851463317871,
      "mid_to_side_loudness_range": 9.929489135742188,
      "side_mean": -31.06374168395996
    },
    {
      "high_freq": 4349.24462890625,
      "loudness": -31.811616897583008,
      "loudness_range": 11.913288116455078,
      "low_freq": 2549.74365234375,
      "mid_mean": -28.855609893798828,
      "mid_to_side_loudness": -8.023978233337402,
      "mid_to_side_loudness_range": 9.718256950378418,
      "side_mean": -37.52253341674805
    },
    {
      "high_freq": 7314.1640625,
      "loudness": -34.95463943481445,
      "loudness_range": 11.812494277954102,
      "low_freq": 4349.24462890625,
      "mid_mean": -31.78719139099121,
      "mid_to_side_loudness": -9.477889060974121,
      "mid_to_side_loudness_range": 12.430627822875977,
      "side_mean": -42.155296325683594
    },
    {
      "high_freq": 12199.2666015625,
      "loudness": -38.51866149902344,
      "loudness_range": 6.88641357421875,
      "low_freq": 7314.1640625,
      "mid_mean": -35.160831451416016,
      "mid_to_side_loudness": -11.449009895324707,
      "mid_to_side_loudness_range": 12.549300193786621,
      "side_mean": -48.37454605102539
    },
    {
      "loudness": -41.795074462890625,
      "loudness_range": 6.848102569580078,
      "low_freq": 12199.2666015625,
      "mid_mean": -38.42734909057617,
      "mid_to_side_loudness": -14.074430465698242,
      "mid_to_side_loudness_range": 9.296886444091797,
      "side_mean": -54.88418960571289
    }
  ],
  "bands_short": [
    {
      "high_freq": 148.1999969482422,
      "loudness": -23.977388381958008,
      "loudness_range": 18.42363166809082,
      "mid_mean": -20.71854591369629,
      "mid_to_side_loudness": -27.708898544311523,
      "mid_to_side_loudness_range": 29.002193450927734,
      "side_mean": -53.59093475341797
    },
    {
      "high_freq": 392.3793640136719,
      "loudness": -27.64905548095703,
      "loudness_range": 13.85869026184082,
      "low_freq": 148.1999969482422,
      "mid_mean": -24.947202682495117,
      "mid_to_side_loudness": -8.627095222473145,
      "mid_to_side_loudness_range": 18.421688079833984,
      "side_mean": -34.817264556884766
    },
    {
      "high_freq": 794.6976318359375,
      "loudness": -30.231924057006836,
      "loudness_range": 12.060367584228516,
      "low_freq": 392.3793640136719,
      "mid_mean": -27.946945190429688,
      "mid_to_side_loudness": -6.298630237579346,
      "mid_to_side_loudness_range": 15.726067543029785,
      "side_mean": -34.83440399169922
    },
    {
      "high_freq": 1457.5709228515625,
      "loudness": -28.79597282409668,
      "loudness_range": 15.37431526184082,
      "low_freq": 794.6976318359375,
      "mid_mean": -26.95197868347168,
      "mid_to_side_loudness": -4.077281951904297,
      "mid_to_side_loudness_range": 13.493346214294434,
      "side_mean": -31.5044002532959
    },
    {
      "high_freq": 2549.74365234375,
      "loudness": -28.68145179748535,
      "loudness_range": 16.421640396118164,
      "low_freq": 1457.5709228515625,
      "mid_mean": -26.478879928588867,
      "mid_to_side_loudness": -5.087696075439453,
      "mid_to_side_loudness_range": 13.537508010864258,
      "side_mean": -32.18746566772461
    },
    {
      "high_freq": 4349.24462890625,
      "loudness": -33.54591751098633,
      "loudness_range": 16.8533935546875,
      "low_freq": 2549.74365234375,
      "mid_mean": -30.869455337524414,
      "mid_to_side_loudness": -7.171511173248291,
      "mid_to_side_loudness_range": 12.695011138916016,
      "side_mean": -38.7385139465332
    },
    {
      "high_freq": 7314.1640625,
      "loudness": -37.875152587890625,
      "loudness_range": 19.982799530029297,
      "low_freq": 4349.24462890625,
      "mid_mean": -35.07579040527344,
      "mid_to_side_loudness": -7.692069053649902,
      "mid_to_side_loudness_range": 12.063036918640137,
      "side_mean": -43.54290008544922
    },
    {
      "high_freq": 12199.2666015625,
      "loudness": -41.547691345214844,
      "loudness_range": 19.774864196777344,
      "low_freq": 7314.1640625,
      "mid_mean": -38.41557693481445,
      "mid_to_side_loudness": -10.436429023742676,
      "mid_to_side_loudness_range": 13.08256721496582,
      "side_mean": -51.76084899902344
    },
    {
      "loudness": -45.051815032958984,
      "loudness_range": 21.404769897460938,
      "low_freq": 12199.2666015625,
      "mid_mean": -42.01568603515625,
      "mid_to_side_loudness": -13.981670379638672,
      "mid_to_side_loudness_range": 9.876853942871094,
      "side_mean": -57.643253326416016
    }
  ],
  "bandwidth": 441.9385070800781,
  "channels": 2,
  "covariance": [
    [
      12.152785301208496,
      2.751039981842041,
      5.047236442565918,
      1.023937702178955,
      3.897918224334717,
      1.8475921154022217,
      2.926727056503296,
      1.4190551042556763,
      3.8198602199554443,
      2.24748158454895,
      1.235551357269287,
      -0.13794885575771332,
      0.8782081007957458,
      -0.7348681092262268,
      0.8775650262832642,
      -0.5529097318649292,
      2.7851765155792236,
      2.714822292327881
    ],
    [
      2.751039981842041,
      62.877777099609375,
      2.6660072803497314,
      4.185473442077637,
      7.201584815979004,
      9.24251937866211,
      0.5373183488845825,
      2.745195150375366,
      4.685873508453369,
      8.525320053100586,
      3.94517183303833,
      6.68027925491333,
      5.530411720275879,
      7.890286922454834,
      5.315459251403809,
      19.87237548828125,
      7.392616271972656,
      37.860599517822266
    ],
    [
      5.047236442565918,
      2.6660072803497314,
      13.582352638244629,
      8.748698234558105,
      8.213497161865234,
      6.96804141998291,
      6.960276126861572,
      5.150553226470947,
      6.323974609375,
      5.509599685668945,
      7.7755560874938965,
      6.195957183837891,
      6.858439922332764,
      5.289780139923096,
      5.758971214294434,
      4.604802131652832,
      5.553958415985107,
      7.306942939758301
    ],
    [
      1.023937702178955,
      4.185473442077637,
      8.748698234558105,
      45.66582107543945,
      5.07706880569458,
      20.680471420288086,
      8.138670921325684,
      15.2076416015625,
      2.3115055561065674,
      5.140265464782715,
      2.9457454681396484,
      4.070834159851074,
      1.9784458875656128,
      5.238106727600098,
      2.7974720001220703,
      6.009247303009033,
      2.4823615550994873,
      5.148013114929199
    ],
    [
      3.897918224334717,
      7.201584815979004,
      8.213497161865234,
      5.07706880569458,
      15.06657600402832,
      10.0012788772583,
      5.889999866485596,
      4.910203456878662,
      8.197409629821777,
      8.738249778747559,
      6.494556903839111,
      6.5030412673950195,
      6.372748374938965,
      6.01858377456665,
      4.651777267456055,
      5.807129383087158,
      5.390951633453369,
      7.763587951660156
    ],
    [
      1.8475921154022217,
      9.24251937866211,
      6.96804141998291,
      20.680471420288086,
      10.0012788772583,
      22.976898193359375,
      3.4242968559265137,
      7.79022741317749,
      5.4393534660339355,
      8.205373764038086,
      4.155533313751221,
      5.454156875610352,
      3.647599697113037,
      5.753912448883057,
      4.508838653564453,
      9.685882568359375,
      5.317554473876953,
      8.895626068115234
    ],
    [
      2.926727056503296,
      0.5373183488845825,
      6.960276126861572,
      8.138670921325684,
      5.889999866485596,
      3.4242968559265137,
      30.804243087768555,
      24.505718231201172,
      11.068303108215332,
      11.071170806884766,
      12.085241317749023,
      14.95138931274414,
      8.649006843566895,
      13.974361419677734,
      5.233219623565674,
      8.648061752319336,
      3.0847742557525635,
      6.606131076812744
    ],
    [
      1.4190551042556763,
      2.745195150375366,
      5.150553226470947,
      15.2076416015625,
      4.910203456878662,
      7.79022741317749,
      24.505718231201172,
      28.35795021057129,
      7.692715167999268,
      10.346362113952637,
      7.517144203186035,
      12.087879180908203,
      5.365550994873047,
      10.925359725952148,
      3.3015804290771484,
      9.235817909240723,
      1.9478061199188232,
      6.268513202667236
    ],
    [
      3.8198602199554443,
      4.685873508453369,
      6.323974609375,
      2.3115055561065674,
      8.197409629821777,
      5.4393534660339355,
      11.068303108215332,
      7.692715167999268,
      25.812641143798828,
      20.127731323242188,
      10.393028259277344,
      12.160970687866211,
      12.91789436340332,
      14.851285934448242,
      5.903210163116455,
      8.033933639526367,
      4.638818740844727,
      7.267691612243652
    ],
    [
      2.24748158454895,
      8.525320053100586,
      5.509599685668945,
      5.140265464782715,
      8.738249778747559,
      8.205373764038086,
      11.071170806884766,
      10.346362113952637,
      20.127731323242188,
      27.67078399658203,
      9.153571128845215,
      15.773210525512695,
      10.36075496673584,
      17.034509658813477,
      5.220798015594482,
      11.598470687866211,
      4.169085502624512,
      8.437783241271973
    ],
    [
      1.235551357269287,
      3.94517183303833,
      7.7755560874938965,
      2.9457454681396484,
      6.494556903839111,
      4.155533313751221,
      12.085241317749023,
      7.517144203186035,
      10.393028259277344,
      9.153571128845215,
      20.20948028564453,
      19.16469383239746,
      16.325281143188477,
      15.491823196411133,
      11.370312690734863,
      10.666788101196289,
      8.970624923706055,
      10.620491027832031
    ],
    [
      -0.13794885575771332,
      6.68027925491333,
      6.195957183837891,
      4.070834159851074,
      6.5030412673950195,
      5.454156875610352,
      14.95138931274414,
      12.087879180908203,
      12.160970687866211,
      15.773210525512695,
      19.16469383239746,
      28.926116943359375,
      14.444080352783203,
      22.037126541137695,
      9.308904647827148,
      13.876500129699707,
      6.0973310470581055,
      9.925286293029785
    ],
    [
      0.8782081007957458,
      5.530411720275879,
      6.858439922332764,
      1.9784458875656128,
      6.372748374938965,
      3.647599697113037,
      8.649006843566895,
      5.365550994873047,
      12.91789436340332,
      10.36075496673584,
      16.325281143188477,
      14.444080352783203,
      20.0496826171875,
      15.660056114196777,
      12.255880355834961,
      10.202061653137207,
      9.481432914733887,
      10.461869239807129
    ],
    [
      -0.7348681092262268,
      7.890286922454834,
      5.289780139923096,
      5.238106727600098,
      6.01858377456665,
      5.753912448883057,
      13.974361419677734,
      10.925359725952148,
      14.851285934448242,
      17.034509658813477,
      15.491823196411133,
      22.037126541137695,
      15.660056114196777,
      25.931602478027344,
      9.044343948364258,
      16.12299346923828,
      5.118367671966553,
      10.237993240356445
    ],
    [
      0.8775650262832642,
      5.315459251403809,
      5.758971214294434,
      2.7974720001220703,
      4.651777267456055,
      4.508838653564453,
      5.233219623565674,
      3.3015804290771484,
      5.903210163116455,
      5.220798015594482,
      11.370312690734863,
      9.308904647827148,
      12.255880355834961,
      9.044343948364258,
      14.069891929626465,
      9.463396072387695,
      13.124933242797852,
      12.015864372253418
    ],
    [
      -0.5529097318649292,
      19.87237548828125,
      4.604802131652832,
      6.009247303009033,
      5.807129383087158,
      9.685882568359375,
      8.648061752319336,
      9.235817909240723,
      8.033933639526367,
      11.598470687866211,
      10.666788101196289,
      13.876500129699707,
      10.202061653137207,
      16.12299346923828,
      9.463396072387695,
      29.584680557250977,
      6.768854141235352,
      21.758407592773438
    ],
    [
      2.7851765155792236,
      7.392616271972656,
      5.553958415985107,
      2.4823615550994873,
      5.390951633453369,
      5.317554473876953,
      3.0847742557525635,
      1.9478061199188232,
      4.638818740844727,
      4.169085502624512,
      8.970624923706055,
      6.0973310470581055,
      9.481432914733887,
      5.118367671966553,
      13.124933242797852,
      6.768854141235352,
      21.09362030029297,
      14.779598236083984
    ],
    [
      2.714822292327881,
      37.860599517822266,
      7.306942939758301,
      5.148013114929199,
      7.763587951660156,
      8.895626068115234,
      6.606131076812744,
      6.268513202667236,
      7.267691612243652,
      8.437783241271973,
      10.620491027832031,
      9.925286293029785,
      10.461869239807129,
      10.237993240356445,
      12.015864372253418,
      21.758407592773438,
      14.779598236083984,
      38.74351501464844
    ]
  ],
  "covariance_short": [
    [
      55.78589630126953,
      25.728784561157227,
      11.07151985168457,
      -1.2241593599319458,
      4.0896830558776855,
      -0.8522211313247681,
      2.856215238571167,
      2.6974375247955322,
      4.156576633453369,
      3.3866653442382812,
      1.3337024450302124,
      -0.6507962942123413,
      3.459127426147461,
      0.24581065773963928,
      9.299284934997559,
      5.323181629180908,
      13.753829956054688,
      11.547992706298828
    ],
    [
      25.728784561157227,
      70.28788757324219,
      6.28784704208374,
      4.071014404296875,
      7.790793418884277,
      6.319522380828857,
      2.7622756958007812,
      5.713038921356201,
      5.382526874542236,
      8.758343696594238,
      6.888031005859375,
      9.994338035583496,
      9.46812915802002,
      10.650657653808594,
      12.306072235107422,
      43.98521041870117,
      14.402202606201172,
      35.83985900878906
    ],
    [
      11.07151985168457,
      6.28784704208374,
      29.846542358398438,
      9.465413093566895,
      15.419517517089844,
      8.933694839477539,
      9.301665306091309,
      6.951740264892578,
      11.750325202941895,
      7.247740268707275,
      13.749391555786133,
      7.166524887084961,
      16.84465217590332,
      8.916193008422852,
      17.314538955688477,
      10.850147247314453,
      18.621225357055664,
      16.866596221923828
    ],
    [
      -1.2241593599319458,
      4.071014404296875,
      9.465413093566895,
      48.85089111328125,
      9.66075611114502,
      25.915678024291992,
      7.6309003829956055,
      13.380120277404785,
      4.591085910797119,
      6.67819881439209,
      4.842203140258789,
      5.220386028289795,
      4.783587455749512,
      5.782116889953613,
      4.283010482788086,
      6.140817642211914,
      4.702934741973877,
      5.700465679168701
    ],
    [
      4.0896830558776855,
      7.790793418884277,
      15.419517517089844,
      9.66075611114502,
      29.354480743408203,
      13.396002769470215,
      11.154916763305664,
      8.956172943115234,
      14.218859672546387,
      10.676572799682617,
      16.805208206176758,
      10.606599807739258,
      17.289440155029297,
      11.645445823669434,
      16.213716506958008,
      11.45363998413086,
      17.877355575561523,
      15.525513648986816
    ],
    [
      -0.8522211313247681,
      6.319522380828857,
      8.933694839477539,
      25.915678024291992,
      13.396002769470215,
      29.691181182861328,
      7.5320892333984375,
      11.547151565551758,
      7.341720104217529,
      9.366531372070312,
      6.849634170532227,
      8.298310279846191,
      7.05186128616333,
      8.438433647155762,
      6.153565883636475,
      7.931102275848389,
      6.6776509284973145,
      6.886322021484375
    ],
    [
      2.856215238571167,
      2.7622756958007812,
      9.301665306091309,
      7.6309003829956055,
      11.154916763305664,
      7.5320892333984375,
      40.06517791748047,
      24.485111236572266,
      19.197303771972656,
      14.832228660583496,
      20.720539093017578,
      19.437397003173828,
      15.086448669433594,
      15.44894790649414,
      10.41030502319336,
      11.9315767288208,
      8.265915870666504,
      9.957778930664062
    ],
    [
      2.6974375247955322,
      5.713038921356201,
      6.951740264892578,
      13.380120277404785,
      8.956172943115234,
      11.547151565551758,
      24.485111236572266,
      32.40992736816406,
      12.354316711425781,
      13.702698707580566,
      13.13992691040039,
      16.43461036682129,
      9.422920227050781,
      12.339287757873535,
      7.127397537231445,
      11.970918655395508,
      6.17587423324585,
      8.7673921585083
    ],
    [
      4.156576633453369,
      5.382526874542236,
      11.750325202941895,
      4.591085910797119,
      14.218859672546387,
      7.341720104217529,
      19.197303771972656,
      12.354316711425781,
      43.72816848754883,
      29.127483367919922,
      23.555438995361328,
      20.199419021606445,
      25.416889190673828,
      21.83449363708496,
      17.198497772216797,
      16.542255401611328,
      15.100105285644531,
      15.019729614257812
    ],
    [
      3.3866653442382812,
      8.758343696594238,
      7.247740268707275,
      6.67819881439209,
      10.676572799682617,
      9.366531372070312,
      14.832228660583496,
      13.702698707580566,
      29.127483367919922,
      38.35002517700195,
      15.630952835083008,
      22.50889778137207,
      16.448217391967773,
      22.18998146057129,
      11.105498313903809,
      15.961338996887207,
      9.975508689880371,
      11.6581449508667
    ],
    [
      1.3337024450302124,
      6.888031005859375,
      13.749391555786133,
      4.842203140258789,
      16.805208206176758,
      6.849634170532227,
      20.720539093017578,
      13.13992691040039,
      23.555438995361328,
      15.630952835083008,
      40.93742752075195,
      29.508371353149414,
      35.24986267089844,
      26.26508903503418,
      28.88451385498047,
      24.08570671081543,
      25.53285789489746,
      23.78626251220703
    ],
    [
      -0.6507962942123413,
      9.994338035583496,
      7.166524887084961,
      5.220386028289795,
      10.606599807739258,
      8.298310279846191,
      19.437397003173828,
      16.43461036682129,
      20.199419021606445,
      22.50889778137207,
      29.508371353149414,
      41.02054214477539,
      24.31854820251465,
      30.337129592895508,
      18.530498504638672,
      22.980369567871094,
      14.726765632629395,
      16.679039001464844
    ],
    [
      3.459127426147461,
      9.46812915802002,
      16.84465217590332,
      4.783587455749512,
      17.289440155029297,
      7.05186128616333,
      15.086448669433594,
      9.422920227050781,
      25.416889190673828,
      16.448217391967773,
      35.24986267089844,
      24.31854820251465,
      46.988487243652344,
      30.051511764526367,
      41.60029602050781,
      32.839569091796875,
      37.409706115722656,
      33.631507873535156
    ],
    [
      0.24581065773963928,
      10.650657653808594,
      8.916193008422852,
      5.782116889953613,
      11.645445823669434,
      8.438433647155762,
      15.44894790649414,
      12.339287757873535,
      21.83449363708496,
      22.18998146057129,
      26.26508903503418,
      30.337129592895508,
      30.051511764526367,
      36.39060974121094,
      25.296222686767578,
      29.403608322143555,
      20.831350326538086,
      21.878305435180664
    ],
    [
      9.299284934997559,
      12.306072235107422,
      17.314538955688477,
      4.283010482788086,
      16.213716506958008,
      6.153565883636475,
      10.41030502319336,
      7.127397537231445,
      17.198497772216797,
      11.105498313903809,
      28.88451385498047,
      18.530498504638672,
      41.60029602050781,
      25.296222686767578,
      57.30662536621094,
      39.85340118408203,
      57.1256103515625,
      47.72879409790039
    ],
    [
      5.323181629180908,
      43.98521041870117,
      10.850147247314453,
      6.140817642211914,
      11.45363998413086,
      7.931102275848389,
      11.9315767288208,
      11.970918655395508,
      16.542255401611328,
      15.961338996887207,
      24.08570671081543,
      22.980369567871094,
      32.839569091796875,
      29.403608322143555,
      39.85340118408203,
      71.49919128417969,
      36.66298294067383,
      55.919673919677734
    ],
    [
      13.753829956054688,
      14.402202606201172,
      18.621225357055664,
      4.702934741973877,
      17.877355575561523,
      6.6776509284973145,
      8.265915870666504,
      6.17587423324585,
      15.100105285644531,
      9.975508689880371,
      25.53285789489746,
      14.726765632629395,
      37.409706115722656,
      20.831350326538086,
      57.1256103515625,
      36.66298294067383,
      69.39078521728516,
      53.66847610473633
    ],
    [
      11.547992706298828,
      35.83985900878906,
      16.866596221923828,
      5.700465679168701,
      15.525513648986816,
      6.886322021484375,
      9.957778930664062,
      8.7673921585083,
      15.019729614257812,
      11.6581449508667,
      23.78626251220703,
      16.679039001464844,
      33.631507873535156,
      21.878305435180664,
      47.72879409790039,
      55.919673919677734,
      53.66847610473633,
      60.463470458984375
    ]
  ],
  "damage": -7.903021335601807,
  "diff_bandwidth": 466.013916015625,
  "dissonance": 7.163998789532812,
  "drr": 9.929884910583496,
  "dynamics": 1.9980765581130981,
  "format": 1245190,
  "frames": 5951424,
  "loudness": -14.395968437194824,
  "loudness_range": 4.116734504699707,
  "loudness_range_short": 8.693124771118164,
  "lowpass_true_peak_15khz": 0.846112072467804,
  "mastering3_acoustic_entropies": [
    {
      "acoustic_entropy": 9.18491268157959,
      "acoustic_entropy_mono": 9.794222831726074,
      "band_eliminated_acoustic_entropies": [
        {
          "acoustic_entropy": 9.522591590881348,
          "acoustic_entropy_side": 9.184911727905273,
          "hz": 129.47220167065723
        },
        {
          "acoustic_entropy": 8.512547492980957,
          "acoustic_entropy_side": 9.18608570098877,
          "hz": 202.92927478742237
        },
        {
          "acoustic_entropy": 9.511809349060059,
          "acoustic_entropy_side": 9.241629600524902,
          "hz": 282.89161906338205
        },
        {
          "acoustic_entropy": 9.624573707580566,
          "acoustic_entropy_side": 9.376457214355469,
          "hz": 369.9353335868758
        },
        {
          "acoustic_entropy": 9.700490951538086,
          "acoustic_entropy_side": 9.319217681884766,
          "hz": 464.6875360973435
        },
        {
          "acoustic_entropy": 9.786935806274414,
          "acoustic_entropy_side": 9.449024200439453,
          "hz": 567.8308811364784
        },
        {
          "acoustic_entropy": 9.807125091552734,
          "acoustic_entropy_side": 9.498025894165039,
          "hz": 680.1084783214808
        },
        {
          "acoustic_entropy": 9.379688262939453,
          "acoustic_entropy_side": 9.339034080505371,
          "hz": 802.3292461747484
        },
        {
          "acoustic_entropy": 8.874184608459473,
          "acoustic_entropy_side": 9.472041130065918,
          "hz": 935.3737400823702
        },
        {
          "acoustic_entropy": 9.357321739196777,
          "acoustic_entropy_side": 9.218167304992676,
          "hz": 1080.2004963696966
        },
        {
          "acoustic_entropy": 9.607115745544434,
          "acoustic_entropy_side": 9.045454978942871,
          "hz": 1237.8529382007157
        },
        {
          "acoustic_entropy": 8.949094772338867,
          "acoustic_entropy_side": 8.992053985595703,
          "hz": 1409.4668930556702
        },
        {
          "acoustic_entropy": 9.622417449951172,
          "acoustic_entropy_side": 9.250411033630371,
          "hz": 1596.2787759475705
        },
        {
          "acoustic_entropy": 8.906571388244629,
          "acoustic_entropy_side": 9.719764709472656,
          "hz": 1799.6344973346393
        },
        {
          "acoustic_entropy": 8.626998901367188,
          "acoustic_entropy_side": 9.137816429138184,
          "hz": 2020.9991599069049
        },
        {
          "acoustic_entropy": 9.091238975524902,
          "acoustic_entropy_side": 8.833195686340332,
          "hz": 2261.9676141086993
        },
        {
          "acoustic_entropy": 9.387113571166992,
          "acoustic_entropy_side": 9.115965843200684,
          "hz": 2524.2759484456974
        },
        {
          "acoustic_entropy": 9.02957820892334,
          "acoustic_entropy_side": 8.910305976867676,
          "hz": 2809.813997359896
        },
        {
          "acoustic_entropy": 8.981423377990723,
          "acoustic_entropy_side": 8.910441398620605,
          "hz": 3120.6389567871424
        },
        {
          "acoustic_entropy": 9.471139907836914,
          "acoustic_entropy_side": 9.241622924804688,
          "hz": 3458.990205492291
        },
        {
          "acoustic_entropy": 9.110640525817871,
          "acoustic_entropy_side": 9.223575592041016,
          "hz": 3827.305438964164
        },
        {
          "acoustic_entropy": 9.161666870117188,
          "acoustic_entropy_side": 9.187189102172852,
          "hz": 4228.238232109126
        },
        {
          "acoustic_entropy": 9.316413879394531,
          "acoustic_entropy_side": 9.214762687683105,
          "hz": 4664.6771572759235
        },
        {
          "acoustic_entropy": 8.852073669433594,
          "acoustic_entropy_side": 9.210351943969727,
          "hz": 5139.766595350093
        },
        {
          "acoustic_entropy": 9.18825912475586,
          "acoustic_entropy_side": 9.190117835998535,
          "hz": 5656.929389854203
        },
        {
          "acoustic_entropy": 9.191423416137695,
          "acoustic_entropy_side": 9.189326286315918,
          "hz": 6219.891507268283
        },
        {
          "acoustic_entropy": 9.297658920288086,
          "acoustic_entropy_side": 9.198655128479004,
          "hz": 6832.70888123896
        },
        {
          "acoustic_entropy": 9.204981803894043,
          "acoustic_entropy_side": 9.19878101348877,
          "hz": 7499.796634079867
        },
        {
          "acoustic_entropy": 9.249922752380371,
          "acoustic_entropy_side": 9.196880340576172,
          "hz": 8225.96088609342
        },
        {
          "acoustic_entropy": 9.187895774841309,
          "acoustic_entropy_side": 9.188711166381836,
          "hz": 9016.43338188839
        },
        {
          "acoustic_entropy": 9.119451522827148,
          "acoustic_entropy_side": 9.182924270629883,
          "hz": 9876.909183162974
        },
        {
          "acoustic_entropy": 9.124407768249512,
          "acoustic_entropy_side": 9.183155059814453,
          "hz": 10813.587699516042
        },
        {
          "acoustic_entropy": 9.155217170715332,
          "acoustic_entropy_side": 9.185546875,
          "hz": 11833.21735289826
        },
        {
          "acoustic_entropy": 9.236468315124512,
          "acoustic_entropy_side": 9.186534881591797,
          "hz": 12943.144197493959
        },
        {
          "acoustic_entropy": 9.19467544555664,
          "acoustic_entropy_side": 9.184078216552734,
          "hz": 14151.364845322005
        },
        {
          "acoustic_entropy": 9.140056610107422,
          "acoustic_entropy_side": 9.184442520141602,
          "hz": 15466.58407886509
        },
        {
          "acoustic_entropy": 9.18990421295166,
          "acoustic_entropy_side": 9.184844970703125,
          "hz": 16898.27756580493
        },
        {
          "acoustic_entropy": 9.196420669555664,
          "acoustic_entropy_side": 9.184903144836426,
          "hz": 18456.760127700032
        },
        {
          "acoustic_entropy": 9.187491416931152,
          "acoustic_entropy_side": 9.184906959533691,
          "hz": 20153.260054456492
        },
        {
          "acoustic_entropy": 9.186309814453125,
          "acoustic_entropy_side": 9.18491268157959,
          "hz": 22000.00000000001
        }
      ],
      "diff_acoustic_entropy": 7.856637954711914,
      "sn": 6
    },
    {
      "acoustic_entropy": 13.47502326965332,
      "acoustic_entropy_mono": 13.717561721801758,
      "band_eliminated_acoustic_entropies": [
        {
          "acoustic_entropy": 13.12880802154541,
          "acoustic_entropy_side": 13.475104331970215,
          "hz": 129.47220167065723
        },
        {
          "acoustic_entropy": 13.596077919006348,
          "acoustic_entropy_side": 13.4873628616333,
          "hz": 202.92927478742237
        },
        {
          "acoustic_entropy": 13.163043022155762,
          "acoustic_entropy_side": 13.565773963928223,
          "hz": 282.89161906338205
        },
        {
          "acoustic_entropy": 13.650540351867676,
          "acoustic_entropy_side": 13.48302936553955,
          "hz": 369.9353335868758
        },
        {
          "acoustic_entropy": 13.532052040100098,
          "acoustic_entropy_side": 13.383336067199707,
          "hz": 464.6875360973435
        },
        {
          "acoustic_entropy": 13.94229793548584,
          "acoustic_entropy_side": 13.874527931213379,
          "hz": 567.8308811364784
        },
        {
          "acoustic_entropy": 13.931196212768555,
          "acoustic_entropy_side": 13.832857131958008,
          "hz": 680.1084783214808
        },
        {
          "acoustic_entropy": 13.671981811523438,
          "acoustic_entropy_side": 13.448319435119629,
          "hz": 802.3292461747484
        },
        {
          "acoustic_entropy": 13.013304710388184,
          "acoustic_entropy_side": 13.561156272888184,
          "hz": 935.3737400823702
        },
        {
          "acoustic_entropy": 13.545393943786621,
          "acoustic_entropy_side": 13.785748481750488,
          "hz": 1080.2004963696966
        },
        {
          "acoustic_entropy": 13.237736701965332,
          "acoustic_entropy_side": 13.444899559020996,
          "hz": 1237.8529382007157
        },
        {
          "acoustic_entropy": 12.922823905944824,
          "acoustic_entropy_side": 13.83799934387207,
          "hz": 1409.4668930556702
        },
        {
          "acoustic_entropy": 14.169694900512695,
          "acoustic_entropy_side": 13.489120483398438,
          "hz": 1596.2787759475705
        },
        {
          "acoustic_entropy": 13.321791648864746,
          "acoustic_entropy_side": 13.677162170410156,
          "hz": 1799.6344973346393
        },
        {
          "acoustic_entropy": 13.507845878601074,
          "acoustic_entropy_side": 14.340729713439941,
          "hz": 2020.9991599069049
        },
        {
          "acoustic_entropy": 13.79583740234375,
          "acoustic_entropy_side": 13.172065734863281,
          "hz": 2261.9676141086993
        },
        {
          "acoustic_entropy": 13.640019416809082,
          "acoustic_entropy_side": 13.598228454589844,
          "hz": 2524.2759484456974
        },
        {
          "acoustic_entropy": 12.715497970581055,
          "acoustic_entropy_side": 13.30752944946289,
          "hz": 2809.813997359896
        },
        {
          "acoustic_entropy": 13.184354782104492,
          "acoustic_entropy_side": 13.566534996032715,
          "hz": 3120.6389567871424
        },
        {
          "acoustic_entropy": 13.435465812683105,
          "acoustic_entropy_side": 13.334600448608398,
          "hz": 3458.990205492291
        },
        {
          "acoustic_entropy": 13.594139099121094,
          "acoustic_entropy_side": 13.155081748962402,
          "hz": 3827.305438964164
        },
        {
          "acoustic_entropy": 13.44127082824707,
          "acoustic_entropy_side": 13.306425094604492,
          "hz": 4228.238232109126
        },
        {
          "acoustic_entropy": 13.878250122070312,
          "acoustic_entropy_side": 13.56246566772461,
          "hz": 4664.6771572759235
        },
        {
          "acoustic_entropy": 13.363322257995605,
          "acoustic_entropy_side": 13.689537048339844,
          "hz": 5139.766595350093
        },
        {
          "acoustic_entropy": 13.453047752380371,
          "acoustic_entropy_side": 13.363321304321289,
          "hz": 5656.929389854203
        },
        {
          "acoustic_entropy": 13.644582748413086,
          "acoustic_entropy_side": 13.44750690460205,
          "hz": 6219.891507268283
        },
        {
          "acoustic_entropy": 13.574694633483887,
          "acoustic_entropy_side": 13.642998695373535,
          "hz": 6832.70888123896
        },
        {
          "acoustic_entropy": 13.767569541931152,
          "acoustic_entropy_side": 13.673528671264648,
          "hz": 7499.796634079867
        },
        {
          "acoustic_entropy": 13.609211921691895,
          "acoustic_entropy_side": 13.553579330444336,
          "hz": 8225.96088609342
        },
        {
          "acoustic_entropy": 13.57734489440918,
          "acoustic_entropy_side": 13.52187442779541,
          "hz": 9016.43338188839
        },
        {
          "acoustic_entropy": 13.447596549987793,
          "acoustic_entropy_side": 13.480549812316895,
          "hz": 9876.909183162974
        },
        {
          "acoustic_entropy": 13.28587818145752,
          "acoustic_entropy_side": 13.471585273742676,
          "hz": 10813.587699516042
        },
        {
          "acoustic_entropy": 13.466318130493164,
          "acoustic_entropy_side": 13.48979377746582,
          "hz": 11833.21735289826
        },
        {
          "acoustic_entropy": 13.443367958068848,
          "acoustic_entropy_side": 13.500692367553711,
          "hz": 12943.144197493959
        },
        {
          "acoustic_entropy": 13.426888465881348,
          "acoustic_entropy_side": 13.4743013381958,
          "hz": 14151.364845322005
        },
        {
          "acoustic_entropy": 13.460262298583984,
          "acoustic_entropy_side": 13.474457740783691,
          "hz": 15466.58407886509
        },
        {
          "acoustic_entropy": 13.48572826385498,
          "acoustic_entropy_side": 13.475796699523926,
          "hz": 16898.27756580493
        },
        {
          "acoustic_entropy": 13.468108177185059,
          "acoustic_entropy_side": 13.475177764892578,
          "hz": 18456.760127700032
        },
        {
          "acoustic_entropy": 13.454641342163086,
          "acoustic_entropy_side": 13.475022315979004,
          "hz": 20153.260054456492
        },
        {
          "acoustic_entropy": 13.474029541015625,
          "acoustic_entropy_side": 13.475019454956055,
          "hz": 22000.00000000001
        }
      ],
      "diff_acoustic_entropy": 10.883359909057617,
      "sn": 12
    },
    {
      "acoustic_entropy": 20.320289611816406,
      "acoustic_entropy_mono": 17.285568237304688,
      "band_eliminated_acoustic_entropies": [
        {
          "acoustic_entropy": 20.167259216308594,
          "acoustic_entropy_side": 20.32303237915039,
          "hz": 129.47220167065723
        },
        {
          "acoustic_entropy": 20.781993865966797,
          "acoustic_entropy_side": 20.297252655029297,
          "hz": 202.92927478742237
        },
        {
          "acoustic_entropy": 20.712404251098633,
          "acoustic_entropy_side": 20.80788803100586,
          "hz": 282.89161906338205
        },
        {
          "acoustic_entropy": 20.615825653076172,
          "acoustic_entropy_side": 20.161991119384766,
          "hz": 369.9353335868758
        },
        {
          "acoustic_entropy": 20.377498626708984,
          "acoustic_entropy_side": 20.407712936401367,
          "hz": 464.6875360973435
        },
        {
          "acoustic_entropy": 21.511510848999023,
          "acoustic_entropy_side": 20.594938278198242,
          "hz": 567.8308811364784
        },
        {
          "acoustic_entropy": 20.256072998046875,
          "acoustic_entropy_side": 20.22555160522461,
          "hz": 680.1084783214808
        },
        {
          "acoustic_entropy": 20.45056915283203,
          "acoustic_entropy_side": 20.43822479248047,
          "hz": 802.3292461747484
        },
        {
          "acoustic_entropy": 18.66244125366211,
          "acoustic_entropy_side": 20.209033966064453,
          "hz": 935.3737400823702
        },
        {
          "acoustic_entropy": 19.21331024169922,
          "acoustic_entropy_side": 20.6325626373291,
          "hz": 1080.2004963696966
        },
        {
          "acoustic_entropy": 21.011030197143555,
          "acoustic_entropy_side": 20.4998722076416,
          "hz": 1237.8529382007157
        },
        {
          "acoustic_entropy": 20.148387908935547,
          "acoustic_entropy_side": 20.09360694885254,
          "hz": 1409.4668930556702
        },
        {
          "acoustic_entropy": 21.825550079345703,
          "acoustic_entropy_side": 20.97554588317871,
          "hz": 1596.2787759475705
        },
        {
          "acoustic_entropy": 19.482681274414062,
          "acoustic_entropy_side": 19.742633819580078,
          "hz": 1799.6344973346393
        },
        {
          "acoustic_entropy": 20.409318923950195,
          "acoustic_entropy_side": 21.15097999572754,
          "hz": 2020.9991599069049
        },
        {
          "acoustic_entropy": 20.393930435180664,
          "acoustic_entropy_side": 20.663007736206055,
          "hz": 2261.9676141086993
        },
        {
          "acoustic_entropy": 20.227201461791992,
          "acoustic_entropy_side": 20.186935424804688,
          "hz": 2524.2759484456974
        },
        {
          "acoustic_entropy": 20.404640197753906,
          "acoustic_entropy_side": 20.301937103271484,
          "hz": 2809.813997359896
        },
        {
          "acoustic_entropy": 20.398006439208984,
          "acoustic_entropy_side": 20.4923095703125,
          "hz": 3120.6389567871424
