{
  "acoustic_entropy": 60.72138595581055,
  "bands": [
    {
      "high_freq": 148.1999969482422,
      "loudness": -68.01152801513672,
      "loudness_range": 22.254119873046875,
      "mid_mean": -63.672882080078125,
      "mid_to_side_loudness": -25.193172454833984,
      "mid_to_side_loudness_range": 10.19767951965332,
      "side_mean": -69.65128326416016
    },
    {
      "high_freq": 392.3793640136719,
      "loudness": -43.42736053466797,
      "loudness_range": 33.75054168701172,
      "low_freq": 148.1999969482422,
      "mid_mean": -51.44927978515625,
      "mid_to_side_loudness": -19.284847259521484,
      "mid_to_side_loudness_range": 17.21912384033203,
      "side_mean": -62.60471725463867
    },
    {
      "high_freq": 794.6976318359375,
      "loudness": -49.05952835083008,
      "loudness_range": 31.366199493408203,
      "low_freq": 392.3793640136719,
      "mid_mean": -54.24680709838867,
      "mid_to_side_loudness": -17.06851577758789,
      "mid_to_side_loudness_range": 18.983966827392578,
      "side_mean": -64.37010192871094
    },
    {
      "high_freq": 1457.5709228515625,
      "loudness": -55.72880172729492,
      "loudness_range": 35.279258728027344,
      "low_freq": 794.6976318359375,
      "mid_mean": -59.8831787109375,
      "mid_to_side_loudness": -16.633825302124023,
      "mid_to_side_loudness_range": 15.742307662963867,
      "side_mean": -66.79729461669922
    },
    {
      "high_freq": 2549.74365234375,
      "loudness": -66.13911437988281,
      "loudness_range": 33.87302017211914,
      "low_freq": 1457.5709228515625,
      "mid_mean": -63.314815521240234,
      "mid_to_side_loudness": -16.997758865356445,
      "mid_to_side_loudness_range": 15.224857330322266,
      "side_mean": -68.48178100585938
    },
    {
      "high_freq": 4349.24462890625,
      "loudness": -70.02494049072266,
      "loudness_range": 28.19739532470703,
      "low_freq": 2549.74365234375,
      "mid_mean": -64.508056640625,
      "mid_to_side_loudness": -18.534008026123047,
      "mid_to_side_loudness_range": 14.01071548461914,
      "side_mean": -69.37559509277344
    },
    {
      "high_freq": 7314.1640625,
      "loudness": -73.48123931884766,
      "loudness_range": 20.460662841796875,
      "low_freq": 4349.24462890625,
      "mid_mean": -66.41954803466797,
      "mid_to_side_loudness": -20.551610946655273,
      "mid_to_side_loudness_range": 13.198776245117188,
      "side_mean": -69.92305755615234
    },
    {
      "high_freq": 12199.2666015625,
      "loudness": -80.1524887084961,
      "loudness_range": 16.175765991210938,
      "low_freq": 7314.1640625,
      "mid_mean": -68.72826385498047,
      "mid_to_side_loudness": -13.185615539550781,
      "mid_to_side_loudness_range": 8.798636436462402,
      "side_mean": -69.9585189819336
    },
    {
      "loudness": 0,
      "loudness_range": 0,
      "low_freq": 12199.2666015625,
      "mid_mean": -69.79576873779297,
      "mid_to_side_loudness": -1.0829827785491943,
      "mid_to_side_loudness_range": 1.2950334548950195,
      "side_mean": -69.8483657836914
    }
  ],
  "bands_short": [
    {
      "high_freq": 148.1999969482422,
      "loudness": -70.68993377685547,
      "loudness_range": 16.176902770996094,
      "mid_mean": -65.35960388183594,
      "mid_to_side_loudness": -25.414690017700195,
      "mid_to_side_loudness_range": 14.710586547851562,
      "side_mean": -69.90423583984375
    },
    {
      "high_freq": 392.3793640136719,
      "loudness": -46.3030891418457,
      "loudness_range": 34.66577911376953,
      "low_freq": 148.1999969482422,
      "mid_mean": -53.262386322021484,
      "mid_to_side_loudness": -18.76024627685547,
      "mid_to_side_loudness_range": 18.3475284576416,
      "side_mean": -63.503700256347656
    },
    {
      "high_freq": 794.6976318359375,
      "loudness": -49.55015182495117,
      "loudness_range": 32.77141571044922,
      "low_freq": 392.3793640136719,
      "mid_mean": -54.81169128417969,
      "mid_to_side_loudness": -16.510881423950195,
      "mid_to_side_loudness_range": 18.867137908935547,
      "side_mean": -64.45252990722656
    },
    {
      "high_freq": 1457.5709228515625,
      "loudness": -56.550174713134766,
      "loudness_range": 34.57761001586914,
      "low_freq": 794.6976318359375,
      "mid_mean": -60.52656555175781,
      "mid_to_side_loudness": -15.975701332092285,
      "mid_to_side_loudness_range": 15.842427253723145,
      "side_mean": -66.98733520507812
    },
    {
      "high_freq": 2549.74365234375,
      "loudness": -67.28998565673828,
      "loudness_range": 33.3697509765625,
      "low_freq": 1457.5709228515625,
      "mid_mean": -64.03276824951172,
      "mid_to_side_loudness": -16.312747955322266,
      "mid_to_side_loudness_range": 15.165596008300781,
      "side_mean": -68.58641052246094
    },
    {
      "high_freq": 4349.24462890625,
      "loudness": -71.11390686035156,
      "loudness_range": 26.839916229248047,
      "low_freq": 2549.74365234375,
      "mid_mean": -65.1966552734375,
      "mid_to_side_loudness": -17.69788932800293,
      "mid_to_side_loudness_range": 12.738683700561523,
      "side_mean": -69.40795135498047
    },
    {
      "high_freq": 7314.1640625,
      "loudness": -74.2193374633789,
      "loudness_range": 20.689918518066406,
      "low_freq": 4349.24462890625,
      "mid_mean": -66.84292602539062,
      "mid_to_side_loudness": -19.847408294677734,
      "mid_to_side_loudness_range": 11.966713905334473,
      "side_mean": -69.92232513427734
    },
    {
      "high_freq": 12199.2666015625,
      "loudness": -80.32550811767578,
      "loudness_range": 15.866241455078125,
      "low_freq": 7314.1640625,
      "mid_mean": -68.90579986572266,
      "mid_to_side_loudness": -12.679672241210938,
      "mid_to_side_loudness_range": 5.5815935134887695,
      "side_mean": -69.95899963378906
    },
    {
      "loudness": -83.89752960205078,
      "loudness_range": 1.7127304077148438,
      "low_freq": 12199.2666015625,
      "mid_mean": -69.79655456542969,
      "mid_to_side_loudness": -1.080261468887329,
      "mid_to_side_loudness_range": 2.933034896850586,
      "side_mean": -69.84811401367188
    }
  ],
  "bandwidth": 502.4706115722656,
  "channels": 2,
  "covariance": [
    [
      40.186153411865234,
      5.4472737312316895,
      68.45072937011719,
      30.2012882232666,
      56.1088981628418,
      22.90057945251465,
      20.30239486694336,
      0.9007844924926758,
      18.63852882385254,
      3.2328670024871826,
      17.152742385864258,
      2.0877187252044678,
      7.10901403427124,
      0.26299425959587097,
      0.35314178466796875,
      0.007356910966336727,
      0.1916404366493225,
      0.18840040266513824
    ],
    [
      5.4472737312316895,
      1.5657533407211304,
      6.409910202026367,
      3.4707906246185303,
      6.085071563720703,
      3.0136914253234863,
      1.975555658340454,
      -0.05147384852170944,
      2.157529354095459,
      0.35479536652565,
      2.362032890319824,
      0.46539971232414246,
      1.2827166318893433,
      0.08826139569282532,
      0.12068067491054535,
      -0.0007195139769464731,
      0.013698285445570946,
      0.010679760947823524
    ],
    [
      68.45072937011719,
      6.409910202026367,
      258.50091552734375,
      127.40216827392578,
      180.3643341064453,
      69.949462890625,
      118.70533752441406,
      30.154842376708984,
      98.81641387939453,
      29.370574951171875,
      70.7132568359375,
      11.460653305053711,
      29.448043823242188,
      0.8019371628761292,
      5.85294246673584,
      0.10394799709320068,
      0.7670060396194458,
      0.5636695027351379
    ],
    [
      30.2012882232666,
      3.4707906246185303,
      127.40216827392578,
      84.88150787353516,
      85.18465423583984,
      41.3338508605957,
      63.14570617675781,
      21.659320831298828,
      50.91764450073242,
      19.617267608642578,
      31.999847412109375,
      7.182292461395264,
      11.138908386230469,
      0.5056045055389404,
      1.9028639793395996,
      0.05003964900970459,
      0.34469765424728394,
      0.2357267141342163
    ],
    [
      56.1088981628418,
      6.085071563720703,
      180.3643341064453,
      85.18465423583984,
      194.91006469726562,
      81.16868591308594,
      117.75320434570312,
      33.7833366394043,
      79.49126434326172,
      21.059856414794922,
      64.42744445800781,
      10.279853820800781,
      31.963621139526367,
      0.8735777139663696,
      9.426295280456543,
      0.1766718327999115,
      0.8468441963195801,
      0.49037957191467285
    ],
    [
      22.90057945251465,
      3.0136914253234863,
      69.949462890625,
      41.3338508605957,
      81.16868591308594,
      47.518680572509766,
      48.59614562988281,
      18.379932403564453,
      29.46233367919922,
      10.395207405090332,
      23.02112579345703,
      5.410262584686279,
      10.432948112487793,
      0.5021106600761414,
      3.8832974433898926,
      0.10202957689762115,
      0.40438976883888245,
      0.18095557391643524
    ],
    [
      20.30239486694336,
      1.975555658340454,
      118.70533752441406,
      63.14570617675781,
      117.75320434570312,
      48.59614562988281,
      139.3848114013672,
      56.11613464355469,
      86.24808502197266,
      26.001407623291016,
      69.29641723632812,
      11.840795516967773,
      39.83116912841797,
      1.0762903690338135,
      17.535615921020508,
      0.3273124098777771,
      0.9696115851402283,
      0.3204681873321533
    ],
    [
      0.9007844924926758,
      -0.05147384852170944,
      30.154842376708984,
      21.659320831298828,
      33.7833366394043,
      18.379932403564453,
      56.11613464355469,
      34.19329071044922,
      27.974376678466797,
      11.495118141174316,
      24.273685455322266,
      5.778014183044434,
      16.958301544189453,
      0.584091067314148,
      9.729907035827637,
      0.23067855834960938,
      0.48697370290756226,
      0.10864034295082092
    ],
    [
      18.63852882385254,
      2.157529354095459,
      98.81641387939453,
      50.91764450073242,
      79.49126434326172,
      29.46233367919922,
      86.24808502197266,
      27.974376678466797,
      78.41618347167969,
      24.053733825683594,
      55.889896392822266,
      9.556938171386719,
      24.19794273376465,
      0.6235117316246033,
      7.421050548553467,
      0.15557503700256348,
      0.3715518116950989,
      0.20415252447128296
    ],
    [
      3.2328670024871826,
      0.35479536652565,
      29.370574951171875,
      19.617267608642578,
      21.059856414794922,
      10.395207405090332,
      26.001407623291016,
      11.495118141174316,
      24.053733825683594,
      11.398200035095215,
      13.71926498413086,
      3.8539719581604004,
      3.993485450744629,
      0.18245738744735718,
      0.9228335022926331,
      0.04958387464284897,
      0.055961936712265015,
      0.05159735679626465
    ],
    [
      17.152742385864258,
      2.362032890319824,
      70.7132568359375,
      31.999847412109375,
      64.42744445800781,
      23.02112579345703,
      69.29641723632812,
      24.273685455322266,
      55.889896392822266,
      13.71926498413086,
      51.29167556762695,
      7.744551181793213,
      27.7819766998291,
      0.7555039525032043,
      9.978994369506836,
      0.16422978043556213,
      0.5130566954612732,
      0.1659226417541504
    ],
    [
      2.0877187252044678,
      0.46539971232414246,
      11.460653305053711,
      7.182292461395264,
      10.279853820800781,
      5.410262584686279,
      11.840795516967773,
      5.778014183044434,
      9.556938171386719,
      3.8539719581604004,
      7.744551181793213,
      2.312642812728882,
      3.6128315925598145,
      0.18817263841629028,
      1.4898995161056519,
      0.05798499286174774,
      0.07166220992803574,
      0.021112406626343727
    ],
    [
      7.10901403427124,
      1.2827166318893433,
      29.448043823242188,
      11.138908386230469,
      31.963621139526367,
      10.432948112487793,
      39.83116912841797,
      16.958301544189453,
      24.19794273376465,
      3.993485450744629,
      27.7819766998291,
      3.6128315925598145,
      26.117097854614258,
      0.6638283133506775,
      11.691925048828125,
      0.15003475546836853,
      0.5046163201332092,
      0.10851620882749557
    ],
    [
      0.26299425959587097,
      0.08826139569282532,
      0.8019371628761292,
      0.5056045055389404,
      0.8735777139663696,
      0.5021106600761414,
      1.0762903690338135,
      0.584091067314148,
      0.6235117316246033,
      0.18245738744735718,
      0.7555039525032043,
      0.18817263841629028,
      0.6638283133506775,
      0.03810299560427666,
      0.31816351413726807,
      0.005848926492035389,
      0.014920620247721672,
      0.002508508739992976
    ],
    [
      0.35314178466796875,
      0.12068067491054535,
      5.85294246673584,
      1.9028639793395996,
      9.426295280456543,
      3.8832974433898926,
      17.535615921020508,
      9.729907035827637,
      7.421050548553467,
      0.9228335022926331,
      9.978994369506836,
      1.4898995161056519,
      11.691925048828125,
      0.31816351413726807,
      8.265923500061035,
      0.12872976064682007,
      0.32190391421318054,
      0.04058024659752846
    ],
    [
      0.007356910966336727,
      -0.0007195139769464731,
      0.10394799709320068,
      0.05003964900970459,
      0.1766718327999115,
      0.10202957689762115,
      0.3273124098777771,
      0.23067855834960938,
      0.15557503700256348,
      0.04958387464284897,
      0.16422978043556213,
      0.05798499286174774,
      0.15003475546836853,
      0.005848926492035389,
      0.12872976064682007,
      0.007123209070414305,
      0.004086015280336142,
      0.0012482315069064498
    ],
    [
      0.1916404366493225,
      0.013698285445570946,
      0.7670060396194458,
      0.34469765424728394,
      0.8468441963195801,
      0.40438976883888245,
      0.9696115851402283,
      0.48697370290756226,
      0.3715518116950989,
      0.055961936712265015,
      0.5130566954612732,
      0.07166220992803574,
      0.5046163201332092,
      0.014920620247721672,
      0.32190391421318054,
      0.004086015280336142,
      0.033769670873880386,
      0.005658131558448076
    ],
    [
      0.18840040266513824,
      0.010679760947823524,
      0.5636695027351379,
      0.2357267141342163,
      0.49037957191467285,
      0.18095557391643524,
      0.3204681873321533,
      0.10864034295082092,
      0.20415252447128296,
      0.05159735679626465,
      0.1659226417541504,
      0.021112406626343727,
      0.10851620882749557,
      0.002508508739992976,
      0.04058024659752846,
      0.0012482315069064498,
      0.005658131558448076,
      0.004261888097971678
    ]
  ],
  "covariance_short": [
    [
      17.585433959960938,
      0.6328552961349487,
      41.467002868652344,
      16.425792694091797,
      36.16038131713867,
      13.64440631866455,
      15.307450294494629,
      1.9616752862930298,
      12.91757869720459,
      3.1221468448638916,
      10.02641487121582,
      1.490387201309204,
      3.6277573108673096,
      0.1667557656764984,
      0.2534122169017792,
      0.010764858685433865,
      0.15203796327114105,
      0.13617819547653198
    ],
    [
      0.6328552961349487,
      0.07648143172264099,
      1.5364571809768677,
      0.893913745880127,
      1.4703047275543213,
      0.7172539830207825,
      0.6185058355331421,
      0.08283838629722595,
      0.6541359424591064,
      0.16303953528404236,
      0.6003627777099609,
      0.1292620599269867,
      0.25052085518836975,
      0.020865298807621002,
      0.016644392162561417,
      -0.00016063882503658533,
      0.0038384096696972847,
      0.0028332408983260393
    ],
    [
      41.467002868652344,
      1.5364571809768677,
      230.5876007080078,
      113.09280395507812,
      160.82244873046875,
      63.21933364868164,
      101.38636779785156,
      25.358983993530273,
      83.38670349121094,
      26.680641174316406,
      54.26994705200195,
      10.306456565856934,
      19.258319854736328,
      0.7667238116264343,
      3.538376569747925,
      0.09024575352668762,
      0.6568881869316101,
      0.5148186087608337
    ],
    [
      16.425792694091797,
      0.893913745880127,
      113.09280395507812,
      79.37498474121094,
      74.04080200195312,
      36.73323059082031,
      52.81668472290039,
      17.774492263793945,
      43.62464141845703,
      17.702247619628906,
      24.133134841918945,
      6.434749603271484,
      6.223677635192871,
      0.4544684886932373,
      0.6319945454597473,
      0.04157239943742752,
      0.2731800377368927,
      0.209665909409523
    ],
    [
      36.16038131713867,
      1.4703047275543213,
      160.82244873046875,
      74.04080200195312,
      197.56900024414062,
      82.17695617675781,
      114.03558349609375,
      32.7879753112793,
      72.11034393310547,
      19.64853858947754,
      56.38627243041992,
      9.867827415466309,
      27.003976821899414,
      0.9335349798202515,
      7.596563339233398,
      0.171939879655838,
      0.818798303604126,
      0.476043701171875
    ],
    [
      13.64440631866455,
      0.7172539830207825,
      63.21933364868164,
      36.73323059082031,
      82.17695617675781,
      49.714378356933594,
      49.618263244628906,
      18.28803062438965,
      28.658388137817383,
      10.301356315612793,
      21.93712615966797,
      5.423620223999023,
      9.994049072265625,
      0.5476106405258179,
      3.3862743377685547,
      0.10127303004264832,
      0.3879885971546173,
      0.1791258007287979
    ],
    [
      15.307450294494629,
      0.6185058355331421,
      101.38636779785156,
      52.81668472290039,
      114.03558349609375,
      49.618263244628906,
      130.438232421875,
      50.8318977355957,
      77.853759765625,
      23.75359344482422,
      59.91781997680664,
      10.908817291259766,
      32.788482666015625,
      1.0488590002059937,
      13.628348350524902,
      0.3094383776187897,
      0.8896792531013489,
      0.3020557463169098
    ],
    [
      1.9616752862930298,
      0.08283838629722595,
      25.358983993530273,
      17.774492263793945,
      32.7879753112793,
      18.28803062438965,
      50.8318977355957,
      32.15953063964844,
      25.076974868774414,
      10.574213027954102,
      21.5585994720459,
      5.33437442779541,
      14.609373092651367,
      0.5536409616470337,
      7.610764503479004,
      0.2196582853794098,
      0.41700950264930725,
      0.10347262769937515
    ],
    [
      12.91757869720459,
      0.6541359424591064,
      83.38670349121094,
      43.62464141845703,
      72.11034393310547,
      28.658388137817383,
      77.853759765625,
      25.076974868774414,
      70.08555603027344,
      21.539216995239258,
      47.2178955078125,
      8.788610458374023,
      19.463563919067383,
      0.6424860954284668,
      6.071032524108887,
      0.1507580280303955,
      0.3538631796836853,
      0.18444041907787323
    ],
    [
      3.1221468448638916,
      0.16303953528404236,
      26.680641174316406,
      17.702247619628906,
      19.64853858947754,
      10.301356315612793,
      23.75359344482422,
      10.574213027954102,
      21.539216995239258,
      10.93889331817627,
      11.858787536621094,
      3.6518919467926025,
      3.152019500732422,
      0.199415922164917,
      0.75502610206604,
      0.045303210616111755,
      0.05310026928782463,
      0.049297187477350235
    ],
    [
      10.02641487121582,
      0.6003627777099609,
      54.26994705200195,
      24.133134841918945,
      56.38627243041992,
      21.93712615966797,
      59.91781997680664,
      21.5585994720459,
      47.2178955078125,
      11.858787536621094,
      43.44527053833008,
      6.8465256690979,
      22.73583221435547,
      0.7379287481307983,
      8.107059478759766,
      0.15349572896957397,
      0.4878394901752472,
      0.1453479677438736
    ],
    [
      1.490387201309204,
      0.1292620599269867,
      10.306456565856934,
      6.434749603271484,
      9.867827415466309,
      5.423620223999023,
      10.908817291259766,
      5.33437442779541,
      8.788610458374023,
      3.6518919467926025,
      6.8465256690979,
      2.3534014225006104,
      3.0625228881835938,
      0.1936698704957962,
      1.1911120414733887,
      0.05576610192656517,
      0.06288857758045197,
      0.02010643109679222
    ],
    [
      3.6277573108673096,
      0.25052085518836975,
      19.258319854736328,
      6.223677635192871,
      27.003976821899414,
      9.994049072265625,
      32.788482666015625,
      14.609373092651367,
      19.463563919067383,
      3.152019500732422,
      22.73583221435547,
      3.0625228881835938,
      22.914453506469727,
      0.5947369933128357,
      9.950815200805664,
      0.14330466091632843,
      0.48278164863586426,
      0.09529295563697815
    ],
    [
      0.1667557656764984,
      0.020865298807621002,
      0.7667238116264343,
      0.4544684886932373,
      0.9335349798202515,
      0.5476106405258179,
      1.0488590002059937,
      0.5536409616470337,
      0.6424860954284668,
      0.199415922164917,
      0.7379287481307983,
      0.1936698704957962,
      0.5947369933128357,
      0.04698045924305916,
      0.24784307181835175,
      0.006330761127173901,
      0.012141662649810314,
      0.002480305265635252
    ],
    [
      0.2534122169017792,
      0.016644392162561417,
      3.538376569747925,
      0.6319945454597473,
      7.596563339233398,
      3.3862743377685547,
      13.628348350524902,
      7.610764503479004,
      6.071032524108887,
      0.75502610206604,
      8.107059478759766,
      1.1911120414733887,
      9.950815200805664,
      0.24784307181835175,
      7.120099067687988,
      0.10860425978899002,
      0.3090570867061615,
      0.03416816517710686
    ],
    [
      0.010764858685433865,
      -0.00016063882503658533,
      0.09024575352668762,
      0.04157239943742752,
      0.171939879655838,
      0.10127303004264832,
      0.3094383776187897,
      0.2196582853794098,
      0.1507580280303955,
      0.045303210616111755,
      0.15349572896957397,
      0.05576610192656517,
      0.14330466091632843,
      0.006330761127173901,
      0.10860425978899002,
      0.00930619053542614,
      0.003271650057286024,
      0.0012335199862718582
    ],
    [
      0.15203796327114105,
      0.0038384096696972847,
      0.6568881869316101,
      0.2731800377368927,
      0.818798303604126,
      0.3879885971546173,
      0.8896792531013489,
      0.41700950264930725,
      0.3538631796836853,
      0.05310026928782463,
      0.4878394901752472,
      0.06288857758045197,
      0.48278164863586426,
      0.012141662649810314,
      0.3090570867061615,
      0.003271650057286024,
      0.04404197633266449,
      0.0054389298893511295
    ],
    [
      0.13617819547653198,
      0.0028332408983260393,
      0.5148186087608337,
      0.209665909409523,
      0.476043701171875,
      0.1791258007287979,
      0.3020557463169098,
      0.10347262769937515,
      0.18444041907787323,
      0.049297187477350235,
      0.1453479677438736,
      0.02010643109679222,
      0.09529295563697815,
      0.002480305265635252,
      0.03416816517710686,
      0.0012335199862718582,
      0.0054389298893511295,
      0.004969416651874781
    ]
  ],
  "damage": -19.301069259643555,
  "diff_bandwidth": 520.2207641601562,
  "dissonance": 3.7972225670895146,
  "drr": 8.512481689453125,
  "dynamics": 8.889820098876953,
  "format": 1245190,
  "frames": 3892160,
  "loudness": -36.1649055480957,
  "loudness_range": 33.41465759277344,
  "loudness_range_short": 37.50065994262695,
  "lowpass_true_peak_15khz": -8.536872863769531,
  "mastering3_acoustic_entropies": [
    {
      "acoustic_entropy": 7.040055751800537,
      "acoustic_entropy_mono": 6.9446187019348145,
      "band_eliminated_acoustic_entropies": [
        {
          "acoustic_entropy": 7.040525913238525,
          "acoustic_entropy_side": 7.040055274963379,
          "hz": 129.47220167065723
        },
        {
          "acoustic_entropy": 7.063758373260498,
          "acoustic_entropy_side": 7.03987979888916,
          "hz": 202.92927478742237
        },
        {
          "acoustic_entropy": 7.126916885375977,
          "acoustic_entropy_side": 7.038290023803711,
          "hz": 282.89161906338205
        },
        {
          "acoustic_entropy": 6.360326290130615,
          "acoustic_entropy_side": 6.975820541381836,
          "hz": 369.9353335868758
        },
        {
          "acoustic_entropy": 7.154407501220703,
          "acoustic_entropy_side": 7.085043430328369,
          "hz": 464.6875360973435
        },
        {
          "acoustic_entropy": 6.486605644226074,
          "acoustic_entropy_side": 7.01171875,
          "hz": 567.8308811364784
        },
        {
          "acoustic_entropy": 6.885961532592773,
          "acoustic_entropy_side": 7.028830051422119,
          "hz": 680.1084783214808
        },
        {
          "acoustic_entropy": 7.00736665725708,
          "acoustic_entropy_side": 7.053629398345947,
          "hz": 802.3292461747484
        },
        {
          "acoustic_entropy": 6.9343390464782715,
          "acoustic_entropy_side": 7.043163776397705,
          "hz": 935.3737400823702
        },
        {
          "acoustic_entropy": 6.989203453063965,
          "acoustic_entropy_side": 7.026494979858398,
          "hz": 1080.2004963696966
        },
        {
          "acoustic_entropy": 6.593391418457031,
          "acoustic_entropy_side": 7.008646011352539,
          "hz": 1237.8529382007157
        },
        {
          "acoustic_entropy": 7.158944129943848,
          "acoustic_entropy_side": 7.034947872161865,
          "hz": 1409.4668930556702
        },
        {
          "acoustic_entropy": 7.166357517242432,
          "acoustic_entropy_side": 7.039497375488281,
          "hz": 1596.2787759475705
        },
        {
          "acoustic_entropy": 6.858967304229736,
          "acoustic_entropy_side": 7.041011810302734,
          "hz": 1799.6344973346393
        },
        {
          "acoustic_entropy": 7.232412338256836,
          "acoustic_entropy_side": 7.039976596832275,
          "hz": 2020.9991599069049
        },
        {
          "acoustic_entropy": 7.132150650024414,
          "acoustic_entropy_side": 7.039968490600586,
          "hz": 2261.9676141086993
        },
        {
          "acoustic_entropy": 7.104490756988525,
          "acoustic_entropy_side": 7.040030002593994,
          "hz": 2524.2759484456974
        },
        {
          "acoustic_entropy": 7.094139575958252,
          "acoustic_entropy_side": 7.040048599243164,
          "hz": 2809.813997359896
        },
        {
          "acoustic_entropy": 7.092469692230225,
          "acoustic_entropy_side": 7.040037631988525,
          "hz": 3120.6389567871424
        },
        {
          "acoustic_entropy": 7.064486980438232,
          "acoustic_entropy_side": 7.040046691894531,
          "hz": 3458.990205492291
        },
        {
          "acoustic_entropy": 7.0803399085998535,
          "acoustic_entropy_side": 7.0400543212890625,
          "hz": 3827.305438964164
        },
        {
          "acoustic_entropy": 7.088132858276367,
          "acoustic_entropy_side": 7.040053844451904,
          "hz": 4228.238232109126
        },
        {
          "acoustic_entropy": 7.089205741882324,
          "acoustic_entropy_side": 7.0400567054748535,
          "hz": 4664.6771572759235
        },
        {
          "acoustic_entropy": 7.077722549438477,
          "acoustic_entropy_side": 7.040055751800537,
          "hz": 5139.766595350093
        },
        {
          "acoustic_entropy": 7.0665130615234375,
          "acoustic_entropy_side": 7.040055751800537,
          "hz": 5656.929389854203
        },
        {
          "acoustic_entropy": 7.049086570739746,
          "acoustic_entropy_side": 7.040055751800537,
          "hz": 6219.891507268283
        },
        {
          "acoustic_entropy": 7.057025909423828,
          "acoustic_entropy_side": 7.040056228637695,
          "hz": 6832.70888123896
        },
        {
          "acoustic_entropy": 7.085044860839844,
          "acoustic_entropy_side": 7.040056228637695,
          "hz": 7499.796634079867
        },
        {
          "acoustic_entropy": 7.050703048706055,
          "acoustic_entropy_side": 7.040055751800537,
          "hz": 8225.96088609342
        },
        {
          "acoustic_entropy": 7.040332794189453,
          "acoustic_entropy_side": 7.040055751800537,
          "hz": 9016.43338188839
        },
        {
          "acoustic_entropy": 7.039697647094727,
          "acoustic_entropy_side": 7.040055751800537,
          "hz": 9876.909183162974
        },
        {
          "acoustic_entropy": 7.048567295074463,
          "acoustic_entropy_side": 7.040055751800537,
          "hz": 10813.587699516042
        },
        {
          "acoustic_entropy": 7.046456813812256,
          "acoustic_entropy_side": 7.040055751800537,
          "hz": 11833.21735289826
        },
        {
          "acoustic_entropy": 7.040085792541504,
          "acoustic_entropy_side": 7.040055751800537,
          "hz": 12943.144197493959
        },
        {
          "acoustic_entropy": 7.04005765914917,
          "acoustic_entropy_side": 7.040055751800537,
          "hz": 14151.364845322005
        },
        {
          "acoustic_entropy": 7.040055751800537,
          "acoustic_entropy_side": 7.040055751800537,
          "hz": 15466.58407886509
        },
        {
          "acoustic_entropy": 7.040055751800537,
          "acoustic_entropy_side": 7.040055751800537,
          "hz": 16898.27756580493
        },
        {
          "acoustic_entropy": 7.040055751800537,
          "acoustic_entropy_side": 7.040055751800537,
          "hz": 18456.760127700032
        },
        {
          "acoustic_entropy": 7.040055751800537,
          "acoustic_entropy_side": 7.040055751800537,
          "hz": 20153.260054456492
        },
        {
          "acoustic_entropy": 7.040055751800537,
          "acoustic_entropy_side": 7.040055751800537,
          "hz": 22000.00000000001
        }
      ],
      "diff_acoustic_entropy": 3.0727999210357666,
      "sn": 6
    },
    {
      "acoustic_entropy": 9.172454833984375,
      "acoustic_entropy_mono": 8.70859432220459,
      "band_eliminated_acoustic_entropies": [
        {
          "acoustic_entropy": 9.171907424926758,
          "acoustic_entropy_side": 9.172454833984375,
          "hz": 129.47220167065723
        },
        {
          "acoustic_entropy": 9.121903419494629,
          "acoustic_entropy_side": 9.172635078430176,
          "hz": 202.92927478742237
        },
        {
          "acoustic_entropy": 9.1179838180542,
          "acoustic_entropy_side": 9.17537784576416,
          "hz": 282.89161906338205
        },
        {
          "acoustic_entropy": 8.217949867248535,
          "acoustic_entropy_side": 8.883622169494629,
          "hz": 369.9353335868758
        },
        {
          "acoustic_entropy": 9.650259971618652,
          "acoustic_entropy_side": 9.218127250671387,
          "hz": 464.6875360973435
        },
        {
          "acoustic_entropy": 8.919401168823242,
          "acoustic_entropy_side": 9.205718994140625,
          "hz": 567.8308811364784
        },
        {
          "acoustic_entropy": 9.385963439941406,
          "acoustic_entropy_side": 9.239112854003906,
          "hz": 680.1084783214808
        },
        {
          "acoustic_entropy": 9.115165710449219,
          "acoustic_entropy_side": 9.228107452392578,
          "hz": 802.3292461747484
        },
        {
          "acoustic_entropy": 9.242340087890625,
          "acoustic_entropy_side": 9.171401023864746,
          "hz": 935.3737400823702
        },
        {
          "acoustic_entropy": 9.117755889892578,
          "acoustic_entropy_side": 8.955872535705566,
          "hz": 1080.2004963696966
        },
        {
          "acoustic_entropy": 8.78635311126709,
          "acoustic_entropy_side": 9.014235496520996,
          "hz": 1237.8529382007157
        },
        {
          "acoustic_entropy": 9.218857765197754,
          "acoustic_entropy_side": 9.1736478805542,
          "hz": 1409.4668930556702
        },
        {
          "acoustic_entropy": 9.030355453491211,
          "acoustic_entropy_side": 9.174510955810547,
          "hz": 1596.2787759475705
        },
        {
          "acoustic_entropy": 8.70169448852539,
          "acoustic_entropy_side": 9.174713134765625,
          "hz": 1799.6344973346393
        },
        {
          "acoustic_entropy": 9.07253360748291,
          "acoustic_entropy_side": 9.17323112487793,
          "hz": 2020.9991599069049
        },
        {
          "acoustic_entropy": 8.973392486572266,
          "acoustic_entropy_side": 9.172439575195312,
          "hz": 2261.9676141086993
        },
        {
          "acoustic_entropy": 9.052884101867676,
          "acoustic_entropy_side": 9.172440528869629,
          "hz": 2524.2759484456974
        },
        {
          "acoustic_entropy": 9.07197093963623,
          "acoustic_entropy_side": 9.172380447387695,
          "hz": 2809.813997359896
        },
        {
          "acoustic_entropy": 9.041275978088379,
          "acoustic_entropy_side": 9.172468185424805,
          "hz": 3120.6389567871424
        },
        {
          "acoustic_entropy": 9.010662078857422,
          "acoustic_entropy_side": 9.172475814819336,
          "hz": 3458.990205492291
        },
        {
          "acoustic_entropy": 8.997920989990234,
          "acoustic_entropy_side": 9.172454833984375,
          "hz": 3827.305438964164
        },
        {
          "acoustic_entropy": 9.067732810974121,
          "acoustic_entropy_side": 9.172444343566895,
          "hz": 4228.238232109126
        },
        {
          "acoustic_entropy": 9.141219139099121,
          "acoustic_entropy_side": 9.172457695007324,
          "hz": 4664.6771572759235
        },
        {
          "acoustic_entropy": 9.135778427124023,
          "acoustic_entropy_side": 9.172453880310059,
          "hz": 5139.766595350093
        },
        {
          "acoustic_entropy": 9.151116371154785,
          "acoustic_entropy_side": 9.172454833984375,
          "hz": 5656.929389854203
        },
        {
          "acoustic_entropy": 9.169110298156738,
          "acoustic_entropy_side": 9.172454833984375,
          "hz": 6219.891507268283
        },
        {
          "acoustic_entropy": 9.174070358276367,
          "acoustic_entropy_side": 9.172455787658691,
          "hz": 6832.70888123896
        },
        {
          "acoustic_entropy": 8.969006538391113,
          "acoustic_entropy_side": 9.172454833984375,
          "hz": 7499.796634079867
        },
        {
          "acoustic_entropy": 9.208701133728027,
          "acoustic_entropy_side": 9.172454833984375,
          "hz": 8225.96088609342
        },
        {
          "acoustic_entropy": 9.17257022857666,
          "acoustic_entropy_side": 9.172454833984375,
          "hz": 9016.43338188839
        },
        {
          "acoustic_entropy": 9.180356979370117,
          "acoustic_entropy_side": 9.172454833984375,
          "hz": 9876.909183162974
        },
        {
          "acoustic_entropy": 9.169233322143555,
          "acoustic_entropy_side": 9.172454833984375,
          "hz": 10813.587699516042
        },
        {
          "acoustic_entropy": 9.186370849609375,
          "acoustic_entropy_side": 9.172454833984375,
          "hz": 11833.21735289826
        },
        {
          "acoustic_entropy": 9.172679901123047,
          "acoustic_entropy_side": 9.172454833984375,
          "hz": 12943.144197493959
        },
        {
          "acoustic_entropy": 9.172466278076172,
          "acoustic_entropy_side": 9.172454833984375,
          "hz": 14151.364845322005
        },
        {
          "acoustic_entropy": 9.172454833984375,
          "acoustic_entropy_side": 9.172454833984375,
          "hz": 15466.58407886509
        },
        {
          "acoustic_entropy": 9.172455787658691,
          "acoustic_entropy_side": 9.172454833984375,
          "hz": 16898.27756580493
        },
        {
          "acoustic_entropy": 9.172452926635742,
          "acoustic_entropy_side": 9.172453880310059,
          "hz": 18456.760127700032
        },
        {
          "acoustic_entropy": 9.172452926635742,
          "acoustic_entropy_side": 9.172453880310059,
          "hz": 20153.260054456492
        },
        {
          "acoustic_entropy": 9.172454833984375,
          "acoustic_entropy_side": 9.172454833984375,
          "hz": 22000.00000000001
        }
      ],
      "diff_acoustic_entropy": 4.186415672302246,
      "sn": 12
    },
    {
      "acoustic_entropy": 14.027763366699219,
      "acoustic_entropy_mono": 12.934161186218262,
      "band_eliminated_acoustic_entropies": [
        {
          "acoustic_entropy": 14.031018257141113,
          "acoustic_entropy_side": 14.027771949768066,
          "hz": 129.47220167065723
        },
        {
          "acoustic_entropy": 14.018133163452148,
          "acoustic_entropy_side": 14.030263900756836,
          "hz": 202.92927478742237
        },
        {
          "acoustic_entropy": 14.587475776672363,
          "acoustic_entropy_side": 13.999350547790527,
          "hz": 282.89161906338205
        },
        {
          "acoustic_entropy": 13.99555492401123,
          "acoustic_entropy_side": 14.279511451721191,
          "hz": 369.9353335868758
        },
        {
          "acoustic_entropy": 14.733358383178711,
          "acoustic_entropy_side": 13.798089027404785,
          "hz": 464.6875360973435
        },
        {
          "acoustic_entropy": 13.993555068969727,
          "acoustic_entropy_side": 14.293098449707031,
          "hz": 567.8308811364784
        },
        {
          "acoustic_entropy": 14.62037181854248,
          "acoustic_entropy_side": 14.354316711425781,
          "hz": 680.1084783214808
        },
        {
          "acoustic_entropy": 14.33537769317627,
          "acoustic_entropy_side": 14.229850769042969,
          "hz": 802.3292461747484
        },
        {
          "acoustic_entropy": 14.672625541687012,
          "acoustic_entropy_side": 14.017168998718262,
          "hz": 935.3737400823702
        },
        {
          "acoustic_entropy": 13.802331924438477,
          "acoustic_entropy_side": 13.75364875793457,
          "hz": 1080.2004963696966
        },
        {
          "acoustic_entropy": 14.040315628051758,
          "acoustic_entropy_side": 13.779048919677734,
          "hz": 1237.8529382007157
        },
        {
          "acoustic_entropy": 14.129904747009277,
          "acoustic_entropy_side": 13.9790620803833,
          "hz": 1409.4668930556702
        },
        {
          "acoustic_entropy": 13.908187866210938,
          "acoustic_entropy_side": 13.978609085083008,
          "hz": 1596.2787759475705
        },
        {
          "acoustic_entropy": 13.568522453308105,
          "acoustic_entropy_side": 13.857417106628418,
          "hz": 1799.6344973346393
        },
        {
          "acoustic_entropy": 14.19655990600586,
          "acoustic_entropy_side": 14.020343780517578,
          "hz": 2020.9991599069049
        },
        {
          "acoustic_entropy": 13.938279151916504,
          "acoustic_entropy_side": 14.048872947692871,
          "hz": 2261.9676141086993
        },
        {
          "acoustic_entropy": 14.103144645690918,
          "acoustic_entropy_side": 14.049239158630371,
          "hz": 2524.2759484456974
        },
        {
