{
  "acoustic_entropy": 92.7159194946289,
  "bands": [
    {
      "high_freq": 148.1999969482422,
      "loudness": -34.985069274902344,
      "loudness_range": 18.279823303222656,
      "mid_mean": -31.381526947021484,
      "mid_to_side_loudness": -50.8624267578125,
      "mid_to_side_loudness_range": 12.469623565673828,
      "side_mean": -69.3885269165039
    },
    {
      "high_freq": 392.3793640136719,
      "loudness": -22.52214241027832,
      "loudness_range": 12.485008239746094,
      "low_freq": 148.1999969482422,
      "mid_mean": -18.83175277709961,
      "mid_to_side_loudness": -48.14936447143555,
      "mid_to_side_loudness_range": 7.1517333984375,
      "side_mean": -64.98457336425781
    },
    {
      "high_freq": 794.6976318359375,
      "loudness": -24.47454261779785,
      "loudness_range": 17.016069412231445,
      "low_freq": 392.3793640136719,
      "mid_mean": -20.795032501220703,
      "mid_to_side_loudness": -48.43519973754883,
      "mid_to_side_loudness_range": 8.656242370605469,
      "side_mean": -65.9413070678711
    },
    {
      "high_freq": 1457.5709228515625,
      "loudness": -37.12913513183594,
      "loudness_range": 21.644695281982422,
      "low_freq": 794.6976318359375,
      "mid_mean": -33.47893142700195,
      "mid_to_side_loudness": -48.693939208984375,
      "mid_to_side_loudness_range": 9.19765853881836,
      "side_mean": -69.5055160522461
    },
    {
      "high_freq": 2549.74365234375,
      "loudness": -42.997352600097656,
      "loudness_range": 28.90827178955078,
      "low_freq": 1457.5709228515625,
      "mid_mean": -39.46833038330078,
      "mid_to_side_loudness": -47.67827224731445,
      "mid_to_side_loudness_range": 7.670833587646484,
      "side_mean": -69.61882781982422
    },
    {
      "high_freq": 4349.24462890625,
      "loudness": -51.631980895996094,
      "loudness_range": 20.56841278076172,
      "low_freq": 2549.74365234375,
      "mid_mean": -47.86911392211914,
      "mid_to_side_loudness": -48.052642822265625,
      "mid_to_side_loudness_range": 13.010292053222656,
      "side_mean": -69.98055267333984
    },
    {
      "high_freq": 7314.1640625,
      "loudness": -63.717506408691406,
      "loudness_range": 12.170623779296875,
      "low_freq": 4349.24462890625,
      "mid_mean": -59.67204284667969,
      "mid_to_side_loudness": -47.892791748046875,
      "mid_to_side_loudness_range": 58.868377685546875,
      "side_mean": -69.9994125366211
    },
    {
      "high_freq": 12199.2666015625,
      "loudness": -67.21780395507812,
      "loudness_range": 6.1295013427734375,
      "low_freq": 7314.1640625,
      "mid_mean": -62.70351791381836,
      "mid_to_side_loudness": -37.14083480834961,
      "mid_to_side_loudness_range": 55.93147659301758,
      "side_mean": -69.99977111816406
    },
    {
      "loudness": -67.06034851074219,
      "loudness_range": 0.42717742919921875,
      "low_freq": 12199.2666015625,
      "mid_mean": -62.715091705322266,
      "mid_to_side_loudness": -15.515471458435059,
      "mid_to_side_loudness_range": 0.7748022079467773,
      "side_mean": -69.50608825683594
    }
  ],
  "bands_short": [
    {
      "high_freq": 148.1999969482422,
      "loudness": -38.86195755004883,
      "loudness_range": 23.98193359375,
      "mid_mean": -35.23393630981445,
      "mid_to_side_loudness": -50.23072052001953,
      "mid_to_side_loudness_range": 13.609600067138672,
      "side_mean": -69.5282211303711
    },
    {
      "high_freq": 392.3793640136719,
      "loudness": -24.090608596801758,
      "loudness_range": 16.365699768066406,
      "low_freq": 148.1999969482422,
      "mid_mean": -20.40812873840332,
      "mid_to_side_loudness": -48.80643081665039,
      "mid_to_side_loudness_range": 13.19668960571289,
      "side_mean": -66.16437530517578
    },
    {
      "high_freq": 794.6976318359375,
      "loudness": -24.183734893798828,
      "loudness_range": 17.836631774902344,
      "low_freq": 392.3793640136719,
      "mid_mean": -20.517311096191406,
      "mid_to_side_loudness": -47.448116302490234,
      "mid_to_side_loudness_range": 8.225574493408203,
      "side_mean": -65.92961120605469
    },
    {
      "high_freq": 1457.5709228515625,
      "loudness": -37.23539352416992,
      "loudness_range": 23.040361404418945,
      "low_freq": 794.6976318359375,
      "mid_mean": -33.591270446777344,
      "mid_to_side_loudness": -47.13798904418945,
      "mid_to_side_loudness_range": 6.433197021484375,
      "side_mean": -69.52347564697266
    },
    {
      "high_freq": 2549.74365234375,
      "loudness": -45.02156066894531,
      "loudness_range": 30.375158309936523,
      "low_freq": 1457.5709228515625,
      "mid_mean": -41.3986930847168,
      "mid_to_side_loudness": -46.85927200317383,
      "mid_to_side_loudness_range": 8.719467163085938,
      "side_mean": -69.6788101196289
    },
    {
      "high_freq": 4349.24462890625,
      "loudness": -52.71738052368164,
      "loudness_range": 20.699039459228516,
      "low_freq": 2549.74365234375,
      "mid_mean": -48.95911407470703,
      "mid_to_side_loudness": -46.86021423339844,
      "mid_to_side_loudness_range": 47.58190155029297,
      "side_mean": -69.98126983642578
    },
    {
      "high_freq": 7314.1640625,
      "loudness": -64.1176528930664,
      "loudness_range": 12.614089965820312,
      "low_freq": 4349.24462890625,
      "mid_mean": -59.999481201171875,
      "mid_to_side_loudness": -39.76728820800781,
      "mid_to_side_loudness_range": 56.85144805908203,
      "side_mean": -69.9994125366211
    },
    {
      "high_freq": 12199.2666015625,
      "loudness": -67.43992614746094,
      "loudness_range": 6.656665802001953,
      "low_freq": 7314.1640625,
      "mid_mean": -62.87130355834961,
      "mid_to_side_loudness": -20.89884376525879,
      "mid_to_side_loudness_range": 52.176841735839844,
      "side_mean": -69.99977111816406
    },
    {
      "loudness": -67.07183074951172,
      "loudness_range": 0.9662704467773438,
      "low_freq": 12199.2666015625,
      "mid_mean": -62.71669387817383,
      "mid_to_side_loudness": -15.584915161132812,
      "mid_to_side_loudness_range": 2.169632911682129,
      "side_mean": -69.5179443359375
    }
  ],
  "bandwidth": 494.1544189453125,
  "channels": 2,
  "covariance": [
    [
      44.269168853759766,
      3.5791163444519043,
      2.3585867881774902,
      -0.38275423645973206,
      4.989690780639648,
      0.17434430122375488,
      4.176121711730957,
      -0.1937849372625351,
      4.085549354553223,
      -0.3431282937526703,
      3.789268970489502,
      0.004273440223187208,
      4.078797817230225,
      6.335237412713468e-05,
      1.9811649322509766,
      0.00010357331484556198,
      0.05974394455552101,
      0.009028366766870022
    ],
    [
      3.5791163444519043,
      0.6800837516784668,
      0.40319547057151794,
      0.3533763587474823,
      0.2039991021156311,
      0.1771956831216812,
      0.014494281262159348,
      0.04524197056889534,
      -0.09267496317625046,
      -0.009822371415793896,
      0.09406658262014389,
      0.005503978114575148,
      0.41628021001815796,
      0.00010273479711031541,
      0.2395813763141632,
      -2.437256080156658e-05,
      0.09647810459136963,
      0.006914572790265083
    ],
    [
      2.3585867881774902,
      0.40319547057151794,
      23.502227783203125,
      12.939306259155273,
      -0.1910463273525238,
      -2.930853843688965,
      4.2388434410095215,
      -0.602806806564331,
      -0.4879452884197235,
      -1.2160398960113525,
      5.688351154327393,
      -0.015464048832654953,
      1.448974609375,
      -0.0014762507053092122,
      0.32116448879241943,
      -0.0008996747783385217,
      0.0784563198685646,
      -0.005115965846925974
    ],
    [
      -0.38275423645973206,
      0.3533763587474823,
      12.939306259155273,
      10.57286548614502,
      -0.5573772192001343,
      -0.32141801714897156,
      1.5212980508804321,
      -0.13475188612937927,
      -0.11352318525314331,
      -0.6808143854141235,
      4.09347677230835,
      0.002566467970609665,
      2.334770917892456,
      -0.0007425466319546103,
      1.1805227994918823,
      -0.0005847183056175709,
      0.8091636896133423,
      0.04795389622449875
    ],
    [
      4.989690780639648,
      0.2039991021156311,
      -0.1910463273525238,
      -0.5573772192001343,
      36.51067352294922,
      17.683528900146484,
      28.564279556274414,
      2.1295552253723145,
      40.56966018676758,
      1.9873046875,
      21.981861114501953,
      0.0906616747379303,
      9.54546070098877,
      0.0025968870613723993,
      4.062263011932373,
      0.00085165083874017,
      0.17053522169589996,
      -0.0036988030187785625
    ],
    [
      0.17434430122375488,
      0.1771956831216812,
      -2.930853843688965,
      -0.32141801714897156,
      17.683528900146484,
      12.308873176574707,
      12.527515411376953,
      1.4650650024414062,
      20.954030990600586,
      1.4062923192977905,
      10.4195556640625,
      0.06601286679506302,
      5.477105617523193,
      0.001802717219106853,
      2.6485111713409424,
      0.0004773903638124466,
      0.7174293398857117,
      0.04109368473291397
    ],
    [
      4.176121711730957,
      0.014494281262159348,
      4.2388434410095215,
      1.5212980508804321,
      28.564279556274414,
      12.527515411376953,
      55.40934371948242,
      4.940548419952393,
      63.265438079833984,
      3.9683594703674316,
      36.777122497558594,
      0.18990124762058258,
      17.80876922607422,
      0.007248973473906517,
      8.19766902923584,
      0.002930046059191227,
      0.29472169280052185,
      -0.004665271379053593
    ],
    [
      -0.1937849372625351,
      0.04524197056889534,
      -0.602806806564331,
      -0.13475188612937927,
      2.1295552253723145,
      1.4650650024414062,
      4.940548419952393,
      1.1041386127471924,
      5.988917827606201,
      0.8050488829612732,
      3.7133309841156006,
      0.05102347582578659,
      2.3292722702026367,
      0.002276739338412881,
      1.2580629587173462,
      0.0008790905121713877,
      0.12470177561044693,
      0.004962839186191559
    ],
    [
      4.085549354553223,
      -0.09267496317625046,
      -0.4879452884197235,
      -0.11352318525314331,
      40.56966018676758,
      20.954030990600586,
      63.265438079833984,
      5.988917827606201,
      96.2347183227539,
      6.325647830963135,
      52.35206604003906,
      0.28750550746917725,
      25.578468322753906,
      0.010825585573911667,
      11.642487525939941,
      0.004194921813905239,
      0.36889398097991943,
      -0.010775662958621979
    ],
    [
      -0.3431282937526703,
      -0.009822371415793896,
      -1.2160398960113525,
      -0.6808143854141235,
      1.9873046875,
      1.4062923192977905,
      3.9683594703674316,
      0.8050488829612732,
      6.325647830963135,
      1.1843689680099487,
      4.078341484069824,
      0.058638330549001694,
      2.6121327877044678,
      0.0024693752638995647,
      1.477535605430603,
      0.0010148618603125215,
      0.11382049322128296,
      0.003793393261730671
    ],
    [
      3.789268970489502,
      0.09406658262014389,
      5.688351154327393,
      4.09347677230835,
      21.981861114501953,
      10.4195556640625,
      36.777122497558594,
      3.7133309841156006,
      52.35206604003906,
      4.078341484069824,
      44.55312728881836,
      0.24346493184566498,
      21.078258514404297,
      0.0082820113748312,
      9.995550155639648,
      0.0032970074098557234,
      0.39583051204681396,
      0.0028172635938972235
    ],
    [
      0.004273440223187208,
      0.005503978114575148,
      -0.015464048832654953,
      0.002566467970609665,
      0.0906616747379303,
      0.06601286679506302,
      0.18990124762058258,
      0.05102347582578659,
      0.28750550746917725,
      0.058638330549001694,
      0.24346493184566498,
      0.006933089345693588,
      0.16571803390979767,
      0.0002840213128365576,
      0.10102314502000809,
      0.00010601102258078754,
      0.006947385147213936,
      0.00027521580341272056
    ],
    [
      4.078797817230225,
      0.41628021001815796,
      1.448974609375,
      2.334770917892456,
      9.54546070098877,
      5.477105617523193,
      17.80876922607422,
      2.3292722702026367,
      25.578468322753906,
      2.6121327877044678,
      21.078258514404297,
      0.16571803390979767,
      16.292619705200195,
      0.0074720983393490314,
      8.503941535949707,
      0.0025889798998832703,
      1.7203457355499268,
      0.10378222912549973
    ],
    [
      6.335237412713468e-05,
      0.00010273479711031541,
      -0.0014762507053092122,
      -0.0007425466319546103,
      0.0025968870613723993,
      0.001802717219106853,
      0.007248973473906517,
      0.002276739338412881,
      0.010825585573911667,
      0.0024693752638995647,
      0.0082820113748312,
      0.0002840213128365576,
      0.0074720983393490314,
      2.323656008229591e-05,
      0.004743669182062149,
      8.324705959239509e-06,
      0.00016484520165249705,
      6.649440365436021e-06
    ],
    [
      1.9811649322509766,
      0.2395813763141632,
      0.32116448879241943,
      1.1805227994918823,
      4.062263011932373,
      2.6485111713409424,
      8.19766902923584,
      1.2580629587173462,
      11.642487525939941,
      1.477535605430603,
      9.995550155639648,
      0.10102314502000809,
      8.503941535949707,
      0.004743669182062149,
      5.150505542755127,
      0.0020261481404304504,
      1.1795868873596191,
      0.07420884817838669
    ],
    [
      0.00010357331484556198,
      -2.437256080156658e-05,
      -0.0008996747783385217,
      -0.0005847183056175709,
      0.00085165083874017,
      0.0004773903638124466,
      0.002930046059191227,
      0.0008790905121713877,
      0.004194921813905239,
      0.0010148618603125215,
      0.0032970074098557234,
      0.00010601102258078754,
      0.0025889798998832703,
      8.324705959239509e-06,
      0.0020261481404304504,
      6.644207587669371e-06,
      3.1424654025613563e-06,
      -1.6002708207452088e-06
    ],
    [
      0.05974394455552101,
      0.09647810459136963,
      0.0784563198685646,
      0.8091636896133423,
      0.17053522169589996,
      0.7174293398857117,
      0.29472169280052185,
      0.12470177561044693,
      0.36889398097991943,
      0.11382049322128296,
      0.39583051204681396,
      0.006947385147213936,
      1.7203457355499268,
      0.00016484520165249705,
      1.1795868873596191,
      3.1424654025613563e-06,
      1.0711318254470825,
      0.0714852437376976
    ],
    [
      0.009028366766870022,
      0.006914572790265083,
      -0.005115965846925974,
      0.04795389622449875,
      -0.0036988030187785625,
      0.04109368473291397,
      -0.004665271379053593,
      0.004962839186191559,
      -0.010775662958621979,
      0.003793393261730671,
      0.0028172635938972235,
      0.00027521580341272056,
      0.10378222912549973,
      6.649440365436021e-06,
      0.07420884817838669,
      -1.6002708207452088e-06,
      0.0714852437376976,
      0.005422617774456739
    ]
  ],
  "covariance_short": [
    [
      65.82817840576172,
      4.460657596588135,
      6.934927940368652,
      -1.5460070371627808,
      2.768289089202881,
      -1.8392131328582764,
      4.554972171783447,
      -0.3765276372432709,
      0.9971494078636169,
      -0.559478759765625,
      2.0470080375671387,
      -0.0007439506007358432,
      4.003778457641602,
      0.00011036214709747583,
      2.093975782394409,
      -0.0006366677698679268,
      0.06954789161682129,
      0.006430656183511019
    ],
    [
      4.460657596588135,
      0.6894747614860535,
      0.5862271189689636,
      0.22977039217948914,
      0.09804750978946686,
      0.06554992496967316,
      0.141241654753685,
      0.029729319736361504,
      -0.08437267690896988,
      -0.017913978546857834,
      0.13628864288330078,
      0.00344299478456378,
      0.4184931516647339,
      7.541713421232998e-05,
      0.24448426067829132,
      -4.3273521441733465e-05,
      0.0740387961268425,
      0.0047135245986282825
    ],
    [
      6.934927940368652,
      0.5862271189689636,
      36.788787841796875,
      16.06134033203125,
      -0.18075615167617798,
      -5.339698791503906,
      5.560248374938965,
      -0.5844796895980835,
      0.5248934030532837,
      -1.3125824928283691,
      6.636547565460205,
      -0.01829378493130207,
      2.126708745956421,
      -0.0010439017787575722,
      0.826305091381073,
      -0.0009276261553168297,
      0.06675197184085846,
      -0.006823307368904352
    ],
    [
      -1.5460070371627808,
      0.22977039217948914,
      16.06134033203125,
      13.89531135559082,
      -0.150694340467453,
      0.18330010771751404,
      2.181457042694092,
      0.22964903712272644,
      1.3612074851989746,
      -0.43248093128204346,
      4.997992992401123,
      0.014996714890003204,
      2.425252676010132,
      -5.3071740694576874e-05,
      1.3065005540847778,
      -0.00036649039248004556,
      0.6384831666946411,
      0.03432106599211693
    ],
    [
      2.768289089202881,
      0.09804750978946686,
      -0.18075615167617798,
      -0.150694340467453,
      40.88485336303711,
      19.74236488342285,
      32.854827880859375,
      2.351599931716919,
      43.87834167480469,
      1.8728564977645874,
      23.128122329711914,
      0.10045009851455688,
      9.815983772277832,
      0.00270283967256546,
      4.022833824157715,
      0.00111396552529186,
      0.2665219306945801,
      -0.004075672011822462
    ],
    [
      -1.8392131328582764,
      0.06554992496967316,
      -5.339698791503906,
      0.18330010771751404,
      19.74236488342285,
      16.751609802246094,
      14.87260913848877,
      1.7031021118164062,
      22.48939323425293,
      1.3618290424346924,
      11.272269248962402,
      0.07937026023864746,
      5.734381198883057,
      0.0021015701349824667,
      2.6817562580108643,
      0.0009072788525372744,
      0.7597914338111877,
      0.04136362671852112
    ],
    [
      4.554972171783447,
      0.141241654753685,
      5.560248374938965,
      2.181457042694092,
      32.854827880859375,
      14.87260913848877,
      61.34883499145508,
      5.1986470222473145,
      67.5705795288086,
      3.7231714725494385,
      38.33076477050781,
      0.20829735696315765,
      17.988494873046875,
      0.008031110279262066,
      8.015405654907227,
      0.0032584453001618385,
      0.3797852098941803,
      -0.0002109262568410486
    ],
    [
      -0.3765276372432709,
      0.029729319736361504,
      -0.5844796895980835,
      0.22964903712272644,
      2.351599931716919,
      1.7031021118164062,
      5.1986470222473145,
      1.4363633394241333,
      6.364528656005859,
      0.7953224182128906,
      3.891207456588745,
      0.0626632571220398,
      2.3353769779205322,
      0.002843743422999978,
      1.218809962272644,
      0.0011194442631676793,
      0.13689373433589935,
      0.005023266188800335
    ],
    [
      0.9971494078636169,
      -0.08437267690896988,
      0.5248934030532837,
      1.3612074851989746,
      43.87834167480469,
      22.48939323425293,
      67.5705795288086,
      6.364528656005859,
      105.19691467285156,
      6.308184623718262,
      57.39817810058594,
      0.3313264846801758,
      27.467235565185547,
      0.012568394653499126,
      12.284539222717285,
      0.004886256996542215,
      0.5210959911346436,
      -0.0038948587607592344
    ],
    [
      -0.559478759765625,
      -0.017913978546857834,
      -1.3125824928283691,
      -0.43248093128204346,
      1.8728564977645874,
      1.3618290424346924,
      3.7231714725494385,
      0.7953224182128906,
      6.308184623718262,
      1.319995403289795,
      4.029402732849121,
      0.07017576694488525,
      2.4800095558166504,
      0.002919350052252412,
      1.4259146451950073,
      0.0011615289840847254,
      0.11999215930700302,
      0.0030545140616595745
    ],
    [
      2.0470080375671387,
      0.13628864288330078,
      6.636547565460205,
      4.997992992401123,
      23.128122329711914,
      11.272269248962402,
      38.33076477050781,
      3.891207456588745,
      57.39817810058594,
      4.029402732849121,
      49.3447265625,
      0.28251758217811584,
      22.114933013916016,
      0.009510235860943794,
      10.354406356811523,
      0.0039016862865537405,
      0.5027086734771729,
      0.0067732552997767925
    ],
    [
      -0.0007439506007358432,
      0.00344299478456378,
      -0.01829378493130207,
      0.014996714890003204,
      0.10045009851455688,
      0.07937026023864746,
      0.20829735696315765,
      0.0626632571220398,
      0.3313264846801758,
      0.07017576694488525,
      0.28251758217811584,
      0.01355587039142847,
      0.1830456703901291,
      0.000478193600429222,
      0.11707564443349838,
      0.0002561017463449389,
      0.008263593539595604,
      0.00042302862857468426
    ],
    [
      4.003778457641602,
      0.4184931516647339,
      2.126708745956421,
      2.425252676010132,
      9.815983772277832,
      5.734381198883057,
      17.988494873046875,
      2.3353769779205322,
      27.467235565185547,
      2.4800095558166504,
      22.114933013916016,
      0.1830456703901291,
      17.45538902282715,
      0.00860297679901123,
      8.82059097290039,
      0.0031204246915876865,
      1.7118855714797974,
      0.0994412824511528
    ],
    [
      0.00011036214709747583,
      7.541713421232998e-05,
      -0.0010439017787575722,
      -5.3071740694576874e-05,
      0.00270283967256546,
      0.0021015701349824667,
      0.008031110279262066,
      0.002843743422999978,
      0.012568394653499126,
      0.002919350052252412,
      0.009510235860943794,
      0.000478193600429222,
      0.00860297679901123,
      4.738188363262452e-05,
      0.005443759262561798,
      2.717533971008379e-05,
      0.00022569579596165568,
      1.3122101336193737e-05
    ],
    [
      2.093975782394409,
      0.24448426067829132,
      0.826305091381073,
      1.3065005540847778,
      4.022833824157715,
      2.6817562580108643,
      8.015405654907227,
      1.218809962272644,
      12.284539222717285,
      1.4259146451950073,
      10.354406356811523,
      0.11707564443349838,
      8.82059097290039,
      0.005443759262561798,
      5.574414253234863,
      0.0023881986271589994,
      1.178435206413269,
      0.07164042443037033
    ],
    [
      -0.0006366677698679268,
      -4.3273521441733465e-05,
      -0.0009276261553168297,
      -0.00036649039248004556,
      0.00111396552529186,
      0.0009072788525372744,
      0.0032584453001618385,
      0.0011194442631676793,
      0.004886256996542215,
      0.0011615289840847254,
      0.0039016862865537405,
      0.0002561017463449389,
      0.0031204246915876865,
      2.717533971008379e-05,
      0.0023881986271589994,
      3.801269849645905e-05,
      8.29123928269837e-06,
      8.092144526017364e-06
    ],
    [
      0.06954789161682129,
      0.0740387961268425,
      0.06675197184085846,
      0.6384831666946411,
      0.2665219306945801,
      0.7597914338111877,
      0.3797852098941803,
      0.13689373433589935,
      0.5210959911346436,
      0.11999215930700302,
      0.5027086734771729,
      0.008263593539595604,
      1.7118855714797974,
      0.00022569579596165568,
      1.178435206413269,
      8.29123928269837e-06,
      1.1146705150604248,
      0.06884058564901352
    ],
    [
      0.006430656183511019,
      0.0047135245986282825,
      -0.006823307368904352,
      0.03432106599211693,
      -0.004075672011822462,
      0.04136362671852112,
      -0.0002109262568410486,
      0.005023266188800335,
      -0.0038948587607592344,
      0.0030545140616595745,
      0.0067732552997767925,
      0.00042302862857468426,
      0.0994412824511528,
      1.3122101336193737e-05,
      0.07164042443037033,
      8.092144526017364e-06,
      0.06884058564901352,
      0.009078159928321838
    ]
  ],
  "damage": -5.547430992126465,
  "diff_bandwidth": 508.61004638671875,
  "dissonance": 3.1026147014013503,
  "drr": -13.763936042785645,
  "dynamics": 3.007535696029663,
  "format": 1245190,
  "frames": 8644544,
  "loudness": -15.248944282531738,
  "loudness_range": 7.885870933532715,
  "loudness_range_short": 10.353055953979492,
  "lowpass_true_peak_15khz": -2.8633058071136475,
  "mastering3_acoustic_entropies": [
    {
      "acoustic_entropy": 8.508828163146973,
      "acoustic_entropy_mono": 8.508829116821289,
      "band_eliminated_acoustic_entropies": [
        {
          "acoustic_entropy": 8.504770278930664,
          "acoustic_entropy_side": 8.508828163146973,
          "hz": 129.47220167065723
        },
        {
          "acoustic_entropy": 8.530439376831055,
          "acoustic_entropy_side": 8.508828163146973,
          "hz": 202.92927478742237
        },
        {
          "acoustic_entropy": 8.50963020324707,
          "acoustic_entropy_side": 8.508828163146973,
          "hz": 282.89161906338205
        },
        {
          "acoustic_entropy": 8.311241149902344,
          "acoustic_entropy_side": 8.508828163146973,
          "hz": 369.9353335868758
        },
        {
          "acoustic_entropy": 8.140865325927734,
          "acoustic_entropy_side": 8.508828163146973,
          "hz": 464.6875360973435
        },
        {
          "acoustic_entropy": 7.931053161621094,
          "acoustic_entropy_side": 8.508829116821289,
          "hz": 567.8308811364784
        },
        {
          "acoustic_entropy": 7.795976638793945,
          "acoustic_entropy_side": 8.508828163146973,
          "hz": 680.1084783214808
        },
        {
          "acoustic_entropy": 8.462821006774902,
          "acoustic_entropy_side": 8.508828163146973,
          "hz": 802.3292461747484
        },
        {
          "acoustic_entropy": 8.849431991577148,
          "acoustic_entropy_side": 8.508828163146973,
          "hz": 935.3737400823702
        },
        {
          "acoustic_entropy": 8.231014251708984,
          "acoustic_entropy_side": 8.508828163146973,
          "hz": 1080.2004963696966
        },
        {
          "acoustic_entropy": 8.320172309875488,
          "acoustic_entropy_side": 8.508828163146973,
          "hz": 1237.8529382007157
        },
        {
          "acoustic_entropy": 8.124594688415527,
          "acoustic_entropy_side": 8.508828163146973,
          "hz": 1409.4668930556702
        },
        {
          "acoustic_entropy": 8.168901443481445,
          "acoustic_entropy_side": 8.508828163146973,
          "hz": 1596.2787759475705
        },
        {
          "acoustic_entropy": 8.21028995513916,
          "acoustic_entropy_side": 8.508828163146973,
          "hz": 1799.6344973346393
        },
        {
          "acoustic_entropy": 7.936246395111084,
          "acoustic_entropy_side": 8.508828163146973,
          "hz": 2020.9991599069049
        },
        {
          "acoustic_entropy": 8.095843315124512,
          "acoustic_entropy_side": 8.508828163146973,
          "hz": 2261.9676141086993
        },
        {
          "acoustic_entropy": 8.389680862426758,
          "acoustic_entropy_side": 8.508828163146973,
          "hz": 2524.2759484456974
        },
        {
          "acoustic_entropy": 8.47119426727295,
          "acoustic_entropy_side": 8.508828163146973,
          "hz": 2809.813997359896
        },
        {
          "acoustic_entropy": 8.499224662780762,
          "acoustic_entropy_side": 8.508828163146973,
          "hz": 3120.6389567871424
        },
        {
          "acoustic_entropy": 8.504776954650879,
          "acoustic_entropy_side": 8.508828163146973,
          "hz": 3458.990205492291
        },
        {
          "acoustic_entropy": 8.488688468933105,
          "acoustic_entropy_side": 8.508828163146973,
          "hz": 3827.305438964164
        },
        {
          "acoustic_entropy": 8.497061729431152,
          "acoustic_entropy_side": 8.508828163146973,
          "hz": 4228.238232109126
        },
        {
          "acoustic_entropy": 8.507547378540039,
          "acoustic_entropy_side": 8.508828163146973,
          "hz": 4664.6771572759235
        },
        {
          "acoustic_entropy": 8.508755683898926,
          "acoustic_entropy_side": 8.508828163146973,
          "hz": 5139.766595350093
        },
        {
          "acoustic_entropy": 8.50879192352295,
          "acoustic_entropy_side": 8.508828163146973,
          "hz": 5656.929389854203
        },
        {
          "acoustic_entropy": 8.508804321289062,
          "acoustic_entropy_side": 8.508828163146973,
          "hz": 6219.891507268283
        },
        {
          "acoustic_entropy": 8.508807182312012,
          "acoustic_entropy_side": 8.508828163146973,
          "hz": 6832.70888123896
        },
        {
          "acoustic_entropy": 8.508805274963379,
          "acoustic_entropy_side": 8.508828163146973,
          "hz": 7499.796634079867
        },
        {
          "acoustic_entropy": 8.508822441101074,
          "acoustic_entropy_side": 8.508828163146973,
          "hz": 8225.96088609342
        },
        {
          "acoustic_entropy": 8.508825302124023,
          "acoustic_entropy_side": 8.508828163146973,
          "hz": 9016.43338188839
        },
        {
          "acoustic_entropy": 8.508828163146973,
          "acoustic_entropy_side": 8.508828163146973,
          "hz": 9876.909183162974
        },
        {
          "acoustic_entropy": 8.50882625579834,
          "acoustic_entropy_side": 8.508828163146973,
          "hz": 10813.587699516042
        },
        {
          "acoustic_entropy": 8.50882625579834,
          "acoustic_entropy_side": 8.508828163146973,
          "hz": 11833.21735289826
        },
        {
          "acoustic_entropy": 8.508828163146973,
          "acoustic_entropy_side": 8.508828163146973,
          "hz": 12943.144197493959
        },
        {
          "acoustic_entropy": 8.508828163146973,
          "acoustic_entropy_side": 8.508828163146973,
          "hz": 14151.364845322005
        },
        {
          "acoustic_entropy": 8.508828163146973,
          "acoustic_entropy_side": 8.508828163146973,
          "hz": 15466.58407886509
        },
        {
          "acoustic_entropy": 8.508828163146973,
          "acoustic_entropy_side": 8.508828163146973,
          "hz": 16898.27756580493
        },
        {
          "acoustic_entropy": 8.508828163146973,
          "acoustic_entropy_side": 8.508828163146973,
          "hz": 18456.760127700032
        },
        {
          "acoustic_entropy": 8.508828163146973,
          "acoustic_entropy_side": 8.508828163146973,
          "hz": 20153.260054456492
        },
        {
          "acoustic_entropy": 8.508828163146973,
          "acoustic_entropy_side": 8.508828163146973,
          "hz": 22000.00000000001
        }
      ],
      "diff_acoustic_entropy": 6.124569416046143,
      "sn": 6
    },
    {
      "acoustic_entropy": 11.762683868408203,
      "acoustic_entropy_mono": 11.762687683105469,
      "band_eliminated_acoustic_entropies": [
        {
          "acoustic_entropy": 12.05506706237793,
          "acoustic_entropy_side": 11.762683868408203,
          "hz": 129.47220167065723
        },
        {
          "acoustic_entropy": 12.72728157043457,
          "acoustic_entropy_side": 11.762683868408203,
          "hz": 202.92927478742237
        },
        {
          "acoustic_entropy": 11.757011413574219,
          "acoustic_entropy_side": 11.762683868408203,
          "hz": 282.89161906338205
        },
        {
          "acoustic_entropy": 12.686774253845215,
          "acoustic_entropy_side": 11.762683868408203,
          "hz": 369.9353335868758
        },
        {
          "acoustic_entropy": 12.151142120361328,
          "acoustic_entropy_side": 11.762685775756836,
          "hz": 464.6875360973435
        },
        {
          "acoustic_entropy": 11.310403823852539,
          "acoustic_entropy_side": 11.76268482208252,
          "hz": 567.8308811364784
        },
        {
          "acoustic_entropy": 10.810861587524414,
          "acoustic_entropy_side": 11.762683868408203,
          "hz": 680.1084783214808
        },
        {
          "acoustic_entropy": 11.566932678222656,
          "acoustic_entropy_side": 11.762685775756836,
          "hz": 802.3292461747484
        },
        {
          "acoustic_entropy": 12.286276817321777,
          "acoustic_entropy_side": 11.762683868408203,
          "hz": 935.3737400823702
        },
        {
          "acoustic_entropy": 13.022135734558105,
          "acoustic_entropy_side": 11.762685775756836,
          "hz": 1080.2004963696966
        },
        {
          "acoustic_entropy": 11.790637016296387,
          "acoustic_entropy_side": 11.762683868408203,
          "hz": 1237.8529382007157
        },
        {
          "acoustic_entropy": 11.560845375061035,
          "acoustic_entropy_side": 11.76268482208252,
          "hz": 1409.4668930556702
        },
        {
          "acoustic_entropy": 12.343608856201172,
          "acoustic_entropy_side": 11.762683868408203,
          "hz": 1596.2787759475705
        },
        {
          "acoustic_entropy": 11.942943572998047,
          "acoustic_entropy_side": 11.762683868408203,
          "hz": 1799.6344973346393
        },
        {
          "acoustic_entropy": 11.5338773727417,
          "acoustic_entropy_side": 11.762685775756836,
          "hz": 2020.9991599069049
        },
        {
          "acoustic_entropy": 11.774130821228027,
          "acoustic_entropy_side": 11.762685775756836,
          "hz": 2261.9676141086993
        },
        {
          "acoustic_entropy": 11.59654426574707,
          "acoustic_entropy_side": 11.762683868408203,
          "hz": 2524.2759484456974
        },
        {
          "acoustic_entropy": 11.531810760498047,
          "acoustic_entropy_side": 11.762683868408203,
          "hz": 2809.813997359896
        },
        {
          "acoustic_entropy": 11.610681533813477,
          "acoustic_entropy_side": 11.762683868408203,
          "hz": 3120.6389567871424
        },
        {
          "acoustic_entropy": 11.799646377563477,
          "acoustic_entropy_side": 11.762683868408203,
          "hz": 3458.990205492291
        },
        {
          "acoustic_entropy": 11.762035369873047,
          "acoustic_entropy_side": 11.762683868408203,
          "hz": 3827.305438964164
        },
        {
          "acoustic_entropy": 11.720504760742188,
          "acoustic_entropy_side": 11.762683868408203,
          "hz": 4228.238232109126
        },
        {
          "acoustic_entropy": 11.766740798950195,
          "acoustic_entropy_side": 11.762683868408203,
          "hz": 4664.6771572759235
        },
        {
          "acoustic_entropy": 11.763965606689453,
          "acoustic_entropy_side": 11.762683868408203,
          "hz": 5139.766595350093
        },
        {
          "acoustic_entropy": 11.763224601745605,
          "acoustic_entropy_side": 11.762683868408203,
          "hz": 5656.929389854203
        },
        {
          "acoustic_entropy": 11.762957572937012,
          "acoustic_entropy_side": 11.762683868408203,
          "hz": 6219.891507268283
        },
        {
          "acoustic_entropy": 11.762931823730469,
          "acoustic_entropy_side": 11.762683868408203,
          "hz": 6832.70888123896
        },
        {
          "acoustic_entropy": 11.762943267822266,
          "acoustic_entropy_side": 11.762683868408203,
          "hz": 7499.796634079867
        },
        {
          "acoustic_entropy": 11.762768745422363,
          "acoustic_entropy_side": 11.762683868408203,
          "hz": 8225.96088609342
        },
        {
          "acoustic_entropy": 11.762701988220215,
          "acoustic_entropy_side": 11.762683868408203,
          "hz": 9016.43338188839
        },
        {
          "acoustic_entropy": 11.76269245147705,
          "acoustic_entropy_side": 11.762683868408203,
          "hz": 9876.909183162974
        },
        {
          "acoustic_entropy": 11.76274299621582,
          "acoustic_entropy_side": 11.762683868408203,
          "hz": 10813.587699516042
        },
        {
          "acoustic_entropy": 11.762735366821289,
          "acoustic_entropy_side": 11.762683868408203,
          "hz": 11833.21735289826
        },
        {
          "acoustic_entropy": 11.762686729431152,
          "acoustic_entropy_side": 11.762683868408203,
          "hz": 12943.144197493959
        },
        {
          "acoustic_entropy": 11.762683868408203,
          "acoustic_entropy_side": 11.762683868408203,
          "hz": 14151.364845322005
        },
        {
          "acoustic_entropy": 11.762683868408203,
          "acoustic_entropy_side": 11.762683868408203,
          "hz": 15466.58407886509
        },
        {
          "acoustic_entropy": 11.762683868408203,
          "acoustic_entropy_side": 11.762683868408203,
          "hz": 16898.27756580493
        },
        {
          "acoustic_entropy": 11.762683868408203,
          "acoustic_entropy_side": 11.762683868408203,
          "hz": 18456.760127700032
        },
        {
          "acoustic_entropy": 11.76268482208252,
          "acoustic_entropy_side": 11.762683868408203,
          "hz": 20153.260054456492
        },
        {
          "acoustic_entropy": 11.76268482208252,
          "acoustic_entropy_side": 11.762683868408203,
          "hz": 22000.00000000001
        }
      ],
      "diff_acoustic_entropy": 8.286768913269043,
      "sn": 12
    },
    {
      "acoustic_entropy": 16.248003005981445,
      "acoustic_entropy_mono": 16.2468318939209,
      "band_eliminated_acoustic_entropies": [
        {
          "acoustic_entropy": 15.905754089355469,
          "acoustic_entropy_side": 16.248003005981445,
          "hz": 129.47220167065723
        },
        {
          "acoustic_entropy": 16.377662658691406,
          "acoustic_entropy_side": 16.248003005981445,
          "hz": 202.92927478742237
        },
        {
          "acoustic_entropy": 15.78675651550293,
          "acoustic_entropy_side": 16.247941970825195,
          "hz": 282.89161906338205
        },
        {
          "acoustic_entropy": 16.520811080932617,
          "acoustic_entropy_side": 16.24785041809082,
          "hz": 369.9353335868758
        },
        {
          "acoustic_entropy": 17.50465965270996,
          "acoustic_entropy_side": 16.247169494628906,
          "hz": 464.6875360973435
        },
        {
          "acoustic_entropy": 15.165653228759766,
          "acoustic_entropy_side": 16.24799919128418,
          "hz": 567.8308811364784
        },
        {
          "acoustic_entropy": 15.30678653717041,
          "acoustic_entropy_side": 16.2479248046875,
          "hz": 680.1084783214808
        },
        {
          "acoustic_entropy": 16.4880313873291,
          "acoustic_entropy_side": 16.247983932495117,
          "hz": 802.3292461747484
        },
        {
          "acoustic_entropy": 15.934805870056152,
          "acoustic_entropy_side": 16.248001098632812,
          "hz": 935.3737400823702
        },
        {
          "acoustic_entropy": 16.443828582763672,
          "acoustic_entropy_side": 16.24798583984375,
          "hz": 1080.2004963696966
        },
        {
          "acoustic_entropy": 15.818727493286133,
          "acoustic_entropy_side": 16.247997283935547,
          "hz": 1237.8529382007157
        },
        {
          "acoustic_entropy": 15.263880729675293,
          "acoustic_entropy_side": 16.248004913330078,
          "hz": 1409.4668930556702
        },
        {
          "acoustic_entropy": 16.137887954711914,
          "acoustic_entropy_side": 16.247989654541016,
