{
  "acoustic_entropy": 176.14901733398438,
  "bands": [
    {
      "high_freq": 148.1999969482422,
      "loudness": -20.51404571533203,
      "loudness_range": 8.729480743408203,
      "mid_mean": -17.074501037597656,
      "mid_to_side_loudness": -12.992289543151855,
      "mid_to_side_loudness_range": 9.8470458984375,
      "side_mean": -30.074682235717773
    },
    {
      "high_freq": 392.3793640136719,
      "loudness": -17.136329650878906,
      "loudness_range": 5.387063980102539,
      "low_freq": 148.1999969482422,
      "mid_mean": -13.730555534362793,
      "mid_to_side_loudness": -11.822940826416016,
      "mid_to_side_loudness_range": 5.0579986572265625,
      "side_mean": -25.48213005065918
    },
    {
      "high_freq": 794.6976318359375,
      "loudness": -18.793119430541992,
      "loudness_range": 7.362770080566406,
      "low_freq": 392.3793640136719,
      "mid_mean": -15.954506874084473,
      "mid_to_side_loudness": -7.5333099365234375,
      "mid_to_side_loudness_range": 9.59872817993164,
      "side_mean": -23.370988845825195
    },
    {
      "high_freq": 1457.5709228515625,
      "loudness": -20.617752075195312,
      "loudness_range": 7.922055244445801,
      "low_freq": 794.6976318359375,
      "mid_mean": -17.882307052612305,
      "mid_to_side_loudness": -7.165011405944824,
      "mid_to_side_loudness_range": 10.048711776733398,
      "side_mean": -24.89106559753418
    },
    {
      "high_freq": 2549.74365234375,
      "loudness": -15.537714004516602,
      "loudness_range": 5.3713836669921875,
      "low_freq": 1457.5709228515625,
      "mid_mean": -12.524476051330566,
      "mid_to_side_loudness": -8.381132125854492,
      "mid_to_side_loudness_range": 6.659200191497803,
      "side_mean": -20.77423095703125
    },
    {
      "high_freq": 4349.24462890625,
      "loudness": -18.625537872314453,
      "loudness_range": 4.8118896484375,
      "low_freq": 2549.74365234375,
      "mid_mean": -15.965863227844238,
      "mid_to_side_loudness": -6.194407939910889,
      "mid_to_side_loudness_range": 7.144783973693848,
      "side_mean": -22.060672760009766
    },
    {
      "high_freq": 7314.1640625,
      "loudness": -26.20950698852539,
      "loudness_range": 8.37518310546875,
      "low_freq": 4349.24462890625,
      "mid_mean": -24.250202178955078,
      "mid_to_side_loudness": -3.2480971813201904,
      "mid_to_side_loudness_range": 3.6777801513671875,
      "side_mean": -27.46280860900879
    },
    {
      "high_freq": 12199.2666015625,
      "loudness": -30.217029571533203,
      "loudness_range": 11.923421859741211,
      "low_freq": 7314.1640625,
      "mid_mean": -30.246326446533203,
      "mid_to_side_loudness": 1.197065830230713,
      "mid_to_side_loudness_range": 3.8890531063079834,
      "side_mean": -29.029115676879883
    },
    {
      "loudness": -35.690711975097656,
      "loudness_range": 12.882875442504883,
      "low_freq": 12199.2666015625,
      "mid_mean": -38.216548919677734,
      "mid_to_side_loudness": 4.856000900268555,
      "mid_to_side_loudness_range": 5.160796165466309,
      "side_mean": -33.27379608154297
    }
  ],
  "bands_short": [
    {
      "high_freq": 148.1999969482422,
      "loudness": -25.539043426513672,
      "loudness_range": 18.182720184326172,
      "mid_mean": -22.21335220336914,
      "mid_to_side_loudness": -12.928135871887207,
      "mid_to_side_loudness_range": 15.772689819335938,
      "side_mean": -35.26463317871094
    },
    {
      "high_freq": 392.3793640136719,
      "loudness": -16.99507713317871,
      "loudness_range": 8.632381439208984,
      "low_freq": 148.1999969482422,
      "mid_mean": -13.599306106567383,
      "mid_to_side_loudness": -12.50317668914795,
      "mid_to_side_loudness_range": 9.663554191589355,
      "side_mean": -26.027833938598633
    },
    {
      "high_freq": 794.6976318359375,
      "loudness": -19.981605529785156,
      "loudness_range": 11.690133094787598,
      "low_freq": 392.3793640136719,
      "mid_mean": -17.36037254333496,
      "mid_to_side_loudness": -7.024036407470703,
      "mid_to_side_loudness_range": 12.651970863342285,
      "side_mean": -24.204050064086914
    },
    {
      "high_freq": 1457.5709228515625,
      "loudness": -20.96553611755371,
      "loudness_range": 11.2694091796875,
      "low_freq": 794.6976318359375,
      "mid_mean": -18.4127254486084,
      "mid_to_side_loudness": -6.803924083709717,
      "mid_to_side_loudness_range": 13.099059104919434,
      "side_mean": -25.02536392211914
    },
    {
      "high_freq": 2549.74365234375,
      "loudness": -15.873759269714355,
      "loudness_range": 6.739182472229004,
      "low_freq": 1457.5709228515625,
      "mid_mean": -12.88701343536377,
      "mid_to_side_loudness": -8.380192756652832,
      "mid_to_side_loudness_range": 8.426466941833496,
      "side_mean": -21.193391799926758
    },
    {
      "high_freq": 4349.24462890625,
      "loudness": -18.55198097229004,
      "loudness_range": 6.209975242614746,
      "low_freq": 2549.74365234375,
      "mid_mean": -15.90395736694336,
      "mid_to_side_loudness": -6.287135124206543,
      "mid_to_side_loudness_range": 8.196971893310547,
      "side_mean": -22.13423728942871
    },
    {
      "high_freq": 7314.1640625,
      "loudness": -26.61423110961914,
      "loudness_range": 10.897567749023438,
      "low_freq": 4349.24462890625,
      "mid_mean": -24.697223663330078,
      "mid_to_side_loudness": -3.197934865951538,
      "mid_to_side_loudness_range": 4.56077241897583,
      "side_mean": -27.85051918029785
    },
    {
      "high_freq": 12199.2666015625,
      "loudness": -30.996919631958008,
      "loudness_range": 14.759706497192383,
      "low_freq": 7314.1640625,
      "mid_mean": -31.01194190979004,
      "mid_to_side_loudness": 1.1811014413833618,
      "mid_to_side_loudness_range": 4.353110313415527,
      "side_mean": -29.821462631225586
    },
    {
      "loudness": -36.91244125366211,
      "loudness_range": 17.465267181396484,
      "low_freq": 12199.2666015625,
      "mid_mean": -39.375587463378906,
      "mid_to_side_loudness": 4.79380989074707,
      "mid_to_side_loudness_range": 5.425881385803223,
      "side_mean": -34.51095199584961
    }
  ],
  "bandwidth": 796.6549072265625,
  "channels": 2,
  "covariance": [
    [
      17.412921905517578,
      11.192037582397461,
      0.43841037154197693,
      -0.38704901933670044,
      5.839805603027344,
      0.6607463955879211,
      6.465757846832275,
      -0.08625180274248123,
      4.755687236785889,
      0.7641551494598389,
      3.5666472911834717,
      1.9375207424163818,
      3.639972686767578,
      3.3983402252197266,
      8.56872844696045,
      7.928576946258545,
      11.40550708770752,
      9.852876663208008
    ],
    [
      11.192037582397461,
      15.059060096740723,
      -0.2642139196395874,
      0.8026107549667358,
      1.586829423904419,
      0.8275468349456787,
      2.7231550216674805,
      0.9310011863708496,
      3.1914169788360596,
      2.1882052421569824,
      2.317617416381836,
      2.4085161685943604,
      2.490339756011963,
      2.9641339778900146,
      4.718760967254639,
      4.3946452140808105,
      3.9775760173797607,
      3.2037811279296875
    ],
    [
      0.43841037154197693,
      -0.2642139196395874,
      5.487231731414795,
      3.7310585975646973,
      2.371328830718994,
      2.2911558151245117,
      0.9908501505851746,
      2.184723377227783,
      1.3748607635498047,
      1.203941822052002,
      1.2382330894470215,
      1.4191534519195557,
      3.268827199935913,
      3.2099618911743164,
      2.512599468231201,
      2.480896472930908,
      2.5270769596099854,
      1.4635626077651978
    ],
    [
      -0.38704901933670044,
      0.8026107549667358,
      3.7310585975646973,
      5.717917442321777,
      0.87537682056427,
      4.0904541015625,
      -0.20612533390522003,
      3.9357857704162598,
      0.29611775279045105,
      2.8083667755126953,
      0.7399544715881348,
      2.875058889389038,
      4.139532089233398,
      4.560817241668701,
      2.7909107208251953,
      2.552881956100464,
      0.853708028793335,
      -0.08851016312837601
    ],
    [
      5.839805603027344,
      1.586829423904419,
      2.371328830718994,
      0.87537682056427,
      11.115219116210938,
      3.1240217685699463,
      4.510343074798584,
      1.2664376497268677,
      2.330099105834961,
      0.33468177914619446,
      2.346717119216919,
      1.6236742734909058,
      3.674299955368042,
      3.3507771492004395,
      6.277222156524658,
      5.572649955749512,
      8.572877883911133,
      7.801681995391846
    ],
    [
      0.6607463955879211,
      0.8275468349456787,
      2.2911558151245117,
      4.0904541015625,
      3.1240217685699463,
      7.347435474395752,
      0.872455894947052,
      5.877020835876465,
      1.4494653940200806,
      5.4664154052734375,
      1.9580212831497192,
      5.8844990730285645,
      5.540822982788086,
      6.288955211639404,
      5.871291637420654,
      5.201941013336182,
      4.198511123657227,
      2.8567097187042236
    ],
    [
      6.465757846832275,
      2.7231550216674805,
      0.9908501505851746,
      -0.20612533390522003,
      4.510343074798584,
      0.872455894947052,
      11.131052017211914,
      1.8715236186981201,
      2.396651268005371,
      0.0950244590640068,
      2.0832571983337402,
      0.8799325823783875,
      2.2772438526153564,
      1.9662822484970093,
      4.682832717895508,
      4.310272216796875,
      6.461598873138428,
      5.752779006958008
    ],
    [
      -0.08625180274248123,
      0.9310011863708496,
      2.184723377227783,
      3.9357857704162598,
      1.2664376497268677,
      5.877020835876465,
      1.8715236186981201,
      8.523670196533203,
      2.074941396713257,
      7.5531744956970215,
      2.3148293495178223,
      7.306811332702637,
      5.976126670837402,
      7.464311599731445,
      6.709017276763916,
      5.939332008361816,
      3.605567216873169,
      2.2324178218841553
    ],
    [
      4.755687236785889,
      3.1914169788360596,
      1.3748607635498047,
      0.29611775279045105,
      2.330099105834961,
      1.4494653940200806,
      2.396651268005371,
      2.074941396713257,
      7.103654861450195,
      5.4112019538879395,
      4.393097877502441,
      4.489291191101074,
      3.3450236320495605,
      3.8295648097991943,
      5.394550323486328,
      5.200178623199463,
      5.51514196395874,
      4.421823501586914
    ],
    [
      0.7641551494598389,
      2.1882052421569824,
      1.203941822052002,
      2.8083667755126953,
      0.33468177914619446,
      5.4664154052734375,
      0.0950244590640068,
      7.5531744956970215,
      5.4112019538879395,
      12.673994064331055,
      3.9705379009246826,
      10.152169227600098,
      5.812399387359619,
      7.933855056762695,
      7.853243350982666,
      7.4332098960876465,
      4.9188923835754395,
      3.5963551998138428
    ],
    [
      3.5666472911834717,
      2.317617416381836,
      1.2382330894470215,
      0.7399544715881348,
      2.346717119216919,
      1.9580212831497192,
      2.0832571983337402,
      2.3148293495178223,
      4.393097877502441,
      3.9705379009246826,
      4.661018371582031,
      4.597726345062256,
      3.528549909591675,
      4.068473815917969,
      5.027433395385742,
      4.528110027313232,
      4.824052810668945,
      3.807415008544922
    ],
    [
      1.9375207424163818,
      2.4085161685943604,
      1.4191534519195557,
      2.875058889389038,
      1.6236742734909058,
      5.8844990730285645,
      0.8799325823783875,
      7.306811332702637,
      4.489291191101074,
      10.152169227600098,
      4.597726345062256,
      10.99992847442627,
      6.895296573638916,
      9.259234428405762,
      9.409798622131348,
      9.046192169189453,
      6.322160720825195,
      5.000611305236816
    ],
    [
      3.639972686767578,
      2.490339756011963,
      3.268827199935913,
      4.139532089233398,
      3.674299955368042,
      5.540822982788086,
      2.2772438526153564,
      5.976126670837402,
      3.3450236320495605,
      5.812399387359619,
      3.528549909591675,
      6.895296573638916,
      9.76198673248291,
      10.871143341064453,
      11.459278106689453,
      10.67221736907959,
      8.474264144897461,
      6.669548988342285
    ],
    [
      3.3983402252197266,
      2.9641339778900146,
      3.2099618911743164,
      4.560817241668701,
      3.3507771492004395,
      6.288955211639404,
      1.9662822484970093,
      7.464311599731445,
      3.8295648097991943,
      7.933855056762695,
      4.068473815917969,
      9.259234428405762,
      10.871143341064453,
      13.789141654968262,
      13.017444610595703,
      13.067574501037598,
      8.119750022888184,
      7.144579887390137
    ],
    [
      8.56872844696045,
      4.718760967254639,
      2.512599468231201,
      2.7909107208251953,
      6.277222156524658,
      5.871291637420654,
      4.682832717895508,
      6.709017276763916,
      5.394550323486328,
      7.853243350982666,
      5.027433395385742,
      9.409798622131348,
      11.459278106689453,
      13.017444610595703,
      20.236434936523438,
      18.6572208404541,
      18.481897354125977,
      16.37785530090332
    ],
    [
      7.928576946258545,
      4.3946452140808105,
      2.480896472930908,
      2.552881956100464,
      5.572649955749512,
      5.201941013336182,
      4.310272216796875,
      5.939332008361816,
      5.200178623199463,
      7.4332098960876465,
      4.528110027313232,
      9.046192169189453,
      10.67221736907959,
      13.067574501037598,
      18.6572208404541,
      19.58033561706543,
      16.824337005615234,
      16.981800079345703
    ],
    [
      11.40550708770752,
      3.9775760173797607,
      2.5270769596099854,
      0.853708028793335,
      8.572877883911133,
      4.198511123657227,
      6.461598873138428,
      3.605567216873169,
      5.51514196395874,
      4.9188923835754395,
      4.824052810668945,
      6.322160720825195,
      8.474264144897461,
      8.119750022888184,
      18.481897354125977,
      16.824337005615234,
      25.014358520507812,
      21.931983947753906
    ],
    [
      9.852876663208008,
      3.2037811279296875,
      1.4635626077651978,
      -0.08851016312837601,
      7.801681995391846,
      2.8567097187042236,
      5.752779006958008,
      2.2324178218841553,
      4.421823501586914,
      3.5963551998138428,
      3.807415008544922,
      5.000611305236816,
      6.669548988342285,
      7.144579887390137,
      16.37785530090332,
      16.981800079345703,
      21.931983947753906,
      22.89639663696289
    ]
  ],
  "covariance_short": [
    [
      41.220603942871094,
      27.434953689575195,
      2.68856143951416,
      1.4925005435943604,
      5.467229843139648,
      -1.296351671218872,
      7.863556861877441,
      0.3797656297683716,
      4.756972312927246,
      1.1051172018051147,
      4.078680038452148,
      2.6100316047668457,
      2.7389588356018066,
      2.607992172241211,
      8.8404541015625,
      8.11834716796875,
      12.73177719116211,
      11.177207946777344
    ],
    [
      27.434953689575195,
      42.048980712890625,
      2.5368905067443848,
      4.557021141052246,
      2.5387496948242188,
      0.1728454828262329,
      4.7471466064453125,
      1.9262146949768066,
      2.9661409854888916,
      2.6886932849884033,
      2.347646474838257,
      3.371856212615967,
      2.522608757019043,
      3.5401036739349365,
      5.619080543518066,
      5.71846342086792,
      5.233943462371826,
      4.145911693572998
    ],
    [
      2.68856143951416,
      2.5368905067443848,
      12.0994873046875,
      7.178041458129883,
      5.82159948348999,
      4.643097877502441,
      3.269942283630371,
      3.6324141025543213,
      1.5777465105056763,
      2.0571906566619873,
      1.9762276411056519,
      2.4807116985321045,
      5.614917755126953,
      5.348515033721924,
      6.0040106773376465,
      5.802651405334473,
      7.534119606018066,
      6.275660514831543
    ],
    [
      1.4925005435943604,
      4.557021141052246,
      7.178041458129883,
      13.67342472076416,
      3.8244762420654297,
      6.829841136932373,
      1.8934797048568726,
      6.155897617340088,
      0.6567125916481018,
      3.626758575439453,
      1.6468952894210815,
      3.754248857498169,
      6.172623157501221,
      6.467005729675293,
      5.148706436157227,
      4.989543437957764,
      4.2389397621154785,
      3.1716713905334473
    ],
    [
      5.467229843139648,
      2.5387496948242188,
      5.82159948348999,
      3.8244762420654297,
      23.14275550842285,
      8.569099426269531,
      6.2056779861450195,
      3.5017971992492676,
      2.417952537536621,
      1.654478907585144,
      3.4112048149108887,
      3.690743923187256,
      6.513635158538818,
      6.153656482696533,
      8.158689498901367,
      7.362083435058594,
      11.000834465026855,
      10.109612464904785
    ],
    [
      -1.296351671218872,
      0.1728454828262329,
      4.643097877502441,
      6.829841136932373,
      8.569099426269531,
      14.742593765258789,
      1.5192065238952637,
      9.595118522644043,
      1.5829658508300781,
      7.400023937225342,
      3.0841917991638184,
      8.297536849975586,
      8.69499683380127,
      9.878241539001465,
      8.759860038757324,
      8.096517562866211,
      7.898280143737793,
      6.566119194030762
    ],
    [
      7.863556861877441,
      4.7471466064453125,
      3.269942283630371,
      1.8934797048568726,
      6.2056779861450195,
      1.5192065238952637,
      19.887531280517578,
      6.074864864349365,
      3.513571262359619,
      1.6288410425186157,
      2.8562042713165283,
      2.4748034477233887,
      3.829240560531616,
      3.70869517326355,
      5.4525227546691895,
      5.153574466705322,
      7.016528129577637,
      6.126440048217773
    ],
    [
      0.3797656297683716,
      1.9262146949768066,
      3.6324141025543213,
      6.155897617340088,
      3.5017971992492676,
      9.595118522644043,
      6.074864864349365,
      15.428961753845215,
      3.480315923690796,
      10.136368751525879,
      4.12009859085083,
      10.365751266479492,
      8.997209548950195,
      10.816088676452637,
      9.437804222106934,
      8.768680572509766,
      7.444231986999512,
      5.786724090576172
    ],
    [
      4.756972312927246,
      2.9661409854888916,
      1.5777465105056763,
      0.6567125916481018,
      2.417952537536621,
      1.5829658508300781,
      3.513571262359619,
      3.480315923690796,
      9.7537202835083,
      7.455127716064453,
      5.477665424346924,
      5.631232738494873,
      3.809171676635742,
      4.011227130889893,
      5.6570868492126465,
      5.179531574249268,
      6.3089919090271,
      5.2224650382995605
    ],
    [
      1.1051172018051147,
      2.6886932849884033,
      2.0571906566619873,
      3.626758575439453,
      1.654478907585144,
      7.400023937225342,
      1.6288410425186157,
      10.136368751525879,
      7.455127716064453,
      16.01262855529785,
      5.648473262786865,
      12.123480796813965,
      7.805826187133789,
      10.089876174926758,
      9.198721885681152,
      8.950529098510742,
      7.737438201904297,
      6.12402868270874
    ],
    [
      4.078680038452148,
      2.347646474838257,
      1.9762276411056519,
      1.6468952894210815,
      3.4112048149108887,
      3.0841917991638184,
      2.8562042713165283,
      4.12009859085083,
      5.477665424346924,
      5.648473262786865,
      7.48868465423584,
      7.171988487243652,
      5.285646915435791,
      5.744028091430664,
      6.633261680603027,
      6.079558372497559,
      6.838871955871582,
      5.71836519241333
    ],
    [
      2.6100316047668457,
      3.371856212615967,
      2.4807116985321045,
      3.754248857498169,
      3.690743923187256,
      8.297536849975586,
      2.4748034477233887,
      10.365751266479492,
      5.631232738494873,
      12.123480796813965,
      7.171988487243652,
      15.136673927307129,
      10.126138687133789,
      12.937496185302734,
      12.474043846130371,
      12.023965835571289,
      10.241570472717285,
      8.607221603393555
    ],
    [
      2.7389588356018066,
      2.522608757019043,
      5.614917755126953,
      6.172623157501221,
      6.513635158538818,
      8.69499683380127,
      3.829240560531616,
      8.997209548950195,
      3.809171676635742,
      7.805826187133789,
      5.285646915435791,
      10.126138687133789,
      15.756767272949219,
      16.32768440246582,
      17.559696197509766,
      16.688671112060547,
      14.630836486816406,
      13.050599098205566
    ],
    [
      2.607992172241211,
      3.5401036739349365,
      5.348515033721924,
      6.467005729675293,
      6.153656482696533,
      9.878241539001465,
      3.70869517326355,
      10.816088676452637,
      4.011227130889893,
      10.089876174926758,
      5.744028091430664,
      12.937496185302734,
      16.32768440246582,
      19.798707962036133,
      18.968976974487305,
      19.08899688720703,
      14.465625762939453,
      13.533788681030273
    ],
    [
      8.8404541015625,
      5.619080543518066,
      6.0040106773376465,
      5.148706436157227,
      8.158689498901367,
      8.759860038757324,
      5.4525227546691895,
      9.437804222106934,
      5.6570868492126465,
      9.198721885681152,
      6.633261680603027,
      12.474043846130371,
      17.559696197509766,
      18.968976974487305,
      29.731386184692383,
      27.875669479370117,
      27.67262840270996,
      25.365528106689453
    ],
    [
      8.11834716796875,
      5.71846342086792,
      5.802651405334473,
      4.989543437957764,
      7.362083435058594,
      8.096517562866211,
      5.153574466705322,
      8.768680572509766,
      5.179531574249268,
      8.950529098510742,
      6.079558372497559,
      12.023965835571289,
      16.688671112060547,
      19.08899688720703,
      27.875669479370117,
      29.036212921142578,
      26.137454986572266,
      25.977418899536133
    ],
    [
      12.73177719116211,
      5.233943462371826,
      7.534119606018066,
      4.2389397621154785,
      11.000834465026855,
      7.898280143737793,
      7.016528129577637,
      7.444231986999512,
      6.3089919090271,
      7.737438201904297,
      6.838871955871582,
      10.241570472717285,
      14.630836486816406,
      14.465625762939453,
      27.67262840270996,
      26.137454986572266,
      38.4821891784668,
      34.73678207397461
    ],
    [
      11.177207946777344,
      4.145911693572998,
      6.275660514831543,
      3.1716713905334473,
      10.109612464904785,
      6.566119194030762,
      6.126440048217773,
      5.786724090576172,
      5.2224650382995605,
      6.12402868270874,
      5.71836519241333,
      8.607221603393555,
      13.050599098205566,
      13.533788681030273,
      25.365528106689453,
      25.977418899536133,
      34.73678207397461,
      35.415523529052734
    ]
  ],
  "damage": -3.2104196548461914,
  "diff_bandwidth": 768.9435424804688,
  "dissonance": 10.737488060313593,
  "drr": 16.197187423706055,
  "dynamics": 1.2129967212677002,
  "format": 1245190,
  "frames": 5828544,
  "loudness": -6.614320755004883,
  "loudness_range": 2.5807676315307617,
  "loudness_range_short": 4.282993316650391,
  "lowpass_true_peak_15khz": -0.03911153972148895,
  "mastering3_acoustic_entropies": [
    {
      "acoustic_entropy": 4.827607154846191,
      "acoustic_entropy_mono": 4.4230499267578125,
      "band_eliminated_acoustic_entropies": [
        {
          "acoustic_entropy": 4.798646450042725,
          "acoustic_entropy_side": 4.827698707580566,
          "hz": 129.47220167065723
        },
        {
          "acoustic_entropy": 4.781036853790283,
          "acoustic_entropy_side": 4.828865051269531,
          "hz": 202.92927478742237
        },
        {
          "acoustic_entropy": 4.9849934577941895,
          "acoustic_entropy_side": 4.8319597244262695,
          "hz": 282.89161906338205
        },
        {
          "acoustic_entropy": 5.0675482749938965,
          "acoustic_entropy_side": 4.840273380279541,
          "hz": 369.9353335868758
        },
        {
          "acoustic_entropy": 5.042841911315918,
          "acoustic_entropy_side": 4.857851982116699,
          "hz": 464.6875360973435
        },
        {
          "acoustic_entropy": 5.213782787322998,
          "acoustic_entropy_side": 4.819534778594971,
          "hz": 567.8308811364784
        },
        {
          "acoustic_entropy": 5.362844944000244,
          "acoustic_entropy_side": 4.878879547119141,
          "hz": 680.1084783214808
        },
        {
          "acoustic_entropy": 4.465047836303711,
          "acoustic_entropy_side": 4.824220657348633,
          "hz": 802.3292461747484
        },
        {
          "acoustic_entropy": 4.3530144691467285,
          "acoustic_entropy_side": 4.822092533111572,
          "hz": 935.3737400823702
        },
        {
          "acoustic_entropy": 4.707477569580078,
          "acoustic_entropy_side": 4.820037364959717,
          "hz": 1080.2004963696966
        },
        {
          "acoustic_entropy": 4.515437602996826,
          "acoustic_entropy_side": 4.810910224914551,
          "hz": 1237.8529382007157
        },
        {
          "acoustic_entropy": 4.7978291511535645,
          "acoustic_entropy_side": 4.814052104949951,
          "hz": 1409.4668930556702
        },
        {
          "acoustic_entropy": 4.681155681610107,
          "acoustic_entropy_side": 4.819096088409424,
          "hz": 1596.2787759475705
        },
        {
          "acoustic_entropy": 4.758518218994141,
          "acoustic_entropy_side": 4.816443920135498,
          "hz": 1799.6344973346393
        },
        {
          "acoustic_entropy": 4.80129337310791,
          "acoustic_entropy_side": 4.803376197814941,
          "hz": 2020.9991599069049
        },
        {
          "acoustic_entropy": 4.774905204772949,
          "acoustic_entropy_side": 4.8306074142456055,
          "hz": 2261.9676141086993
        },
        {
          "acoustic_entropy": 4.186655044555664,
          "acoustic_entropy_side": 4.79420804977417,
          "hz": 2524.2759484456974
        },
        {
          "acoustic_entropy": 4.8014702796936035,
          "acoustic_entropy_side": 4.767539978027344,
          "hz": 2809.813997359896
        },
        {
          "acoustic_entropy": 4.776342868804932,
          "acoustic_entropy_side": 4.775888442993164,
          "hz": 3120.6389567871424
        },
        {
          "acoustic_entropy": 4.815303802490234,
          "acoustic_entropy_side": 4.81060266494751,
          "hz": 3458.990205492291
        },
        {
          "acoustic_entropy": 4.857133865356445,
          "acoustic_entropy_side": 4.808845043182373,
          "hz": 3827.305438964164
        },
        {
          "acoustic_entropy": 4.835684776306152,
          "acoustic_entropy_side": 4.802190780639648,
          "hz": 4228.238232109126
        },
        {
          "acoustic_entropy": 4.738654613494873,
          "acoustic_entropy_side": 4.801319122314453,
          "hz": 4664.6771572759235
        },
        {
          "acoustic_entropy": 4.7186665534973145,
          "acoustic_entropy_side": 4.803483963012695,
          "hz": 5139.766595350093
        },
        {
          "acoustic_entropy": 4.701227188110352,
          "acoustic_entropy_side": 4.796509265899658,
          "hz": 5656.929389854203
        },
        {
          "acoustic_entropy": 4.742679119110107,
          "acoustic_entropy_side": 4.805521011352539,
          "hz": 6219.891507268283
        },
        {
          "acoustic_entropy": 4.75754976272583,
          "acoustic_entropy_side": 4.81313943862915,
          "hz": 6832.70888123896
        },
        {
          "acoustic_entropy": 4.758049011230469,
          "acoustic_entropy_side": 4.808127403259277,
          "hz": 7499.796634079867
        },
        {
          "acoustic_entropy": 4.764658451080322,
          "acoustic_entropy_side": 4.80656099319458,
          "hz": 8225.96088609342
        },
        {
          "acoustic_entropy": 4.767583847045898,
          "acoustic_entropy_side": 4.799693584442139,
          "hz": 9016.43338188839
        },
        {
          "acoustic_entropy": 4.723062515258789,
          "acoustic_entropy_side": 4.761955738067627,
          "hz": 9876.909183162974
        },
        {
          "acoustic_entropy": 4.742302417755127,
          "acoustic_entropy_side": 4.775606155395508,
          "hz": 10813.587699516042
        },
        {
          "acoustic_entropy": 4.786722660064697,
          "acoustic_entropy_side": 4.792888641357422,
          "hz": 11833.21735289826
        },
        {
          "acoustic_entropy": 4.821752071380615,
          "acoustic_entropy_side": 4.816518306732178,
          "hz": 12943.144197493959
        },
        {
          "acoustic_entropy": 4.824655055999756,
          "acoustic_entropy_side": 4.819283962249756,
          "hz": 14151.364845322005
        },
        {
          "acoustic_entropy": 4.830081462860107,
          "acoustic_entropy_side": 4.826757431030273,
          "hz": 15466.58407886509
        },
        {
          "acoustic_entropy": 4.818366050720215,
          "acoustic_entropy_side": 4.817440509796143,
          "hz": 16898.27756580493
        },
        {
          "acoustic_entropy": 4.821518421173096,
          "acoustic_entropy_side": 4.8213114738464355,
          "hz": 18456.760127700032
        },
        {
          "acoustic_entropy": 4.825622081756592,
          "acoustic_entropy_side": 4.825419902801514,
          "hz": 20153.260054456492
        },
        {
          "acoustic_entropy": 4.8276801109313965,
          "acoustic_entropy_side": 4.827573776245117,
          "hz": 22000.00000000001
        }
      ],
      "diff_acoustic_entropy": 5.673566818237305,
      "sn": 6
    },
    {
      "acoustic_entropy": 7.826463222503662,
      "acoustic_entropy_mono": 7.492884159088135,
      "band_eliminated_acoustic_entropies": [
        {
          "acoustic_entropy": 7.733860969543457,
          "acoustic_entropy_side": 7.793774127960205,
          "hz": 129.47220167065723
        },
        {
          "acoustic_entropy": 7.682603359222412,
          "acoustic_entropy_side": 7.802076816558838,
          "hz": 202.92927478742237
        },
        {
          "acoustic_entropy": 7.938180446624756,
          "acoustic_entropy_side": 7.850683689117432,
          "hz": 282.89161906338205
        },
        {
          "acoustic_entropy": 8.265885353088379,
          "acoustic_entropy_side": 7.788051605224609,
          "hz": 369.9353335868758
        },
        {
          "acoustic_entropy": 7.613550186157227,
          "acoustic_entropy_side": 7.8202338218688965,
          "hz": 464.6875360973435
        },
        {
          "acoustic_entropy": 7.470685005187988,
          "acoustic_entropy_side": 7.7597336769104,
          "hz": 567.8308811364784
        },
        {
          "acoustic_entropy": 8.150835990905762,
          "acoustic_entropy_side": 7.680613040924072,
          "hz": 680.1084783214808
        },
        {
          "acoustic_entropy": 7.882950782775879,
          "acoustic_entropy_side": 7.787240505218506,
          "hz": 802.3292461747484
        },
        {
          "acoustic_entropy": 7.023715019226074,
          "acoustic_entropy_side": 7.777732849121094,
          "hz": 935.3737400823702
        },
        {
          "acoustic_entropy": 7.527883052825928,
          "acoustic_entropy_side": 7.819218635559082,
          "hz": 1080.2004963696966
        },
        {
          "acoustic_entropy": 7.908845901489258,
          "acoustic_entropy_side": 7.8203558921813965,
          "hz": 1237.8529382007157
        },
        {
          "acoustic_entropy": 7.9839630126953125,
          "acoustic_entropy_side": 7.8664021492004395,
          "hz": 1409.4668930556702
        },
        {
          "acoustic_entropy": 7.581915378570557,
          "acoustic_entropy_side": 7.868829250335693,
          "hz": 1596.2787759475705
        },
        {
          "acoustic_entropy": 7.815354824066162,
          "acoustic_entropy_side": 7.856436252593994,
          "hz": 1799.6344973346393
        },
        {
          "acoustic_entropy": 7.8713226318359375,
          "acoustic_entropy_side": 7.8395891189575195,
          "hz": 2020.9991599069049
        },
        {
          "acoustic_entropy": 7.838479995727539,
          "acoustic_entropy_side": 7.780978679656982,
          "hz": 2261.9676141086993
        },
        {
          "acoustic_entropy": 7.095267295837402,
          "acoustic_entropy_side": 7.827351093292236,
          "hz": 2524.2759484456974
        },
        {
          "acoustic_entropy": 7.74362850189209,
          "acoustic_entropy_side": 7.790476322174072,
          "hz": 2809.813997359896
        },
        {
          "acoustic_entropy": 7.788527488708496,
          "acoustic_entropy_side": 7.706395149230957,
          "hz": 3120.6389567871424
        },
        {
          "acoustic_entropy": 7.71682596206665,
          "acoustic_entropy_side": 7.761775970458984,
          "hz": 3458.990205492291
        },
        {
          "acoustic_entropy": 7.714887619018555,
          "acoustic_entropy_side": 7.753182888031006,
          "hz": 3827.305438964164
        },
        {
          "acoustic_entropy": 7.748201370239258,
          "acoustic_entropy_side": 7.778814315795898,
          "hz": 4228.238232109126
        },
        {
          "acoustic_entropy": 7.842787265777588,
          "acoustic_entropy_side": 7.7971930503845215,
          "hz": 4664.6771572759235
        },
        {
          "acoustic_entropy": 7.8768157958984375,
          "acoustic_entropy_side": 7.84163761138916,
          "hz": 5139.766595350093
        },
        {
          "acoustic_entropy": 7.842740535736084,
          "acoustic_entropy_side": 7.812246799468994,
          "hz": 5656.929389854203
        },
        {
          "acoustic_entropy": 7.891167640686035,
          "acoustic_entropy_side": 7.853992938995361,
          "hz": 6219.891507268283
        },
        {
          "acoustic_entropy": 7.887570381164551,
          "acoustic_entropy_side": 7.835608005523682,
          "hz": 6832.70888123896
        },
        {
          "acoustic_entropy": 7.87853479385376,
          "acoustic_entropy_side": 7.844754695892334,
          "hz": 7499.796634079867
        },
        {
          "acoustic_entropy": 7.90031623840332,
          "acoustic_entropy_side": 7.841161727905273,
          "hz": 8225.96088609342
        },
        {
          "acoustic_entropy": 7.873208045959473,
          "acoustic_entropy_side": 7.83897066116333,
          "hz": 9016.43338188839
        },
        {
          "acoustic_entropy": 7.909648418426514,
          "acoustic_entropy_side": 7.935141563415527,
          "hz": 9876.909183162974
        },
        {
          "acoustic_entropy": 7.958092212677002,
          "acoustic_entropy_side": 7.945322513580322,
          "hz": 10813.587699516042
        },
        {
          "acoustic_entropy": 7.9849982261657715,
          "acoustic_entropy_side": 7.91526460647583,
          "hz": 11833.21735289826
        },
        {
          "acoustic_entropy": 8.036873817443848,
          "acoustic_entropy_side": 7.954331398010254,
          "hz": 12943.144197493959
        },
        {
          "acoustic_entropy": 8.019205093383789,
          "acoustic_entropy_side": 7.960868835449219,
          "hz": 14151.364845322005
        },
        {
          "acoustic_entropy": 8.005438804626465,
          "acoustic_entropy_side": 7.964601993560791,
          "hz": 15466.58407886509
        },
        {
          "acoustic_entropy": 7.959403991699219,
          "acoustic_entropy_side": 7.941647529602051,
          "hz": 16898.27756580493
        },
        {
          "acoustic_entropy": 7.8915324211120605,
          "acoustic_entropy_side": 7.8832573890686035,
          "hz": 18456.760127700032
        },
        {
          "acoustic_entropy": 7.84868049621582,
          "acoustic_entropy_side": 7.842867374420166,
          "hz": 20153.260054456492
        },
        {
          "acoustic_entropy": 7.825606346130371,
          "acoustic_entropy_side": 7.824675559997559,
          "hz": 22000.00000000001
        }
      ],
      "diff_acoustic_entropy": 8.90150260925293,
      "sn": 12
    },
    {
      "acoustic_entropy": 12.81778621673584,
      "acoustic_entropy_mono": 9.813841819763184,
      "band_eliminated_acoustic_entropies": [
        {
          "acoustic_entropy": 11.737630844116211,
          "acoustic_entropy_side": 12.591754913330078,
          "hz": 129.47220167065723
        },
        {
          "acoustic_entropy": 12.924073219299316,
          "acoustic_entropy_side": 12.615744590759277,
          "hz": 202.92927478742237
        },
        {
          "acoustic_entropy": 12.872428894042969,
          "acoustic_entropy_side": 12.88647747039795,
          "hz": 282.89161906338205
        },
        {
          "acoustic_entropy": 12.67007064819336,
          "acoustic_entropy_side": 12.957027435302734,
          "hz": 369.9353335868758
        },
        {
          "acoustic_entropy": 12.284711837768555,
          "acoustic_entropy_side": 12.742546081542969,
          "hz": 464.6875360973435
        },
        {
          "acoustic_entropy": 12.474539756774902,
          "acoustic_entropy_side": 12.912031173706055,
          "hz": 567.8308811364784
        },
        {
          "acoustic_entropy": 12.689743995666504,
          "acoustic_entropy_side": 12.519170761108398,
          "hz": 680.1084783214808
        },
        {
          "acoustic_entropy": 11.179605484008789,
          "acoustic_entropy_side": 12.528071403503418,
          "hz": 802.3292461747484
        },
        {
          "acoustic_entropy": 11.790616035461426,
          "acoustic_entropy_side": 12.797408103942871,
          "hz": 935.3737400823702
        },
        {
          "acoustic_entropy": 12.39499568939209,
          "acoustic_entropy_side": 12.695919036865234,
          "hz": 1080.2004963696966
        },
        {
          "acoustic_entropy": 11.661806106567383,
          "acoustic_entropy_side": 12.723579406738281,
          "hz": 1237.8529382007157
        },
        {
          "acoustic_entropy": 12.80390453338623,
          "acoustic_entropy_side": 12.730632781982422,
          "hz": 1409.4668930556702
        },
        {
          "acoustic_entropy": 12.458701133728027,
          "acoustic_entropy_side": 12.750824928283691,
          "hz": 1596.2787759475705
        },
        {
          "acoustic_entropy": 12.103461265563965,
          "acoustic_entropy_side": 12.528778076171875,
          "hz": 1799.6344973346393
        },
        {
          "acoustic_entropy": 12.647759437561035,
          "acoustic_entropy_side": 12.598036766052246,
          "hz": 2020.9991599069049
        },
        {
          "acoustic_entropy": 12.70718002319336,
          "acoustic_entropy_side": 12.809206008911133,
          "hz": 2261.9676141086993
        },
        {
          "acoustic_entropy": 12.511860847473145,
          "acoustic_entropy_side": 12.55905532836914,
          "hz": 2524.2759484456974
        },
        {
          "acoustic_entropy": 12.591754913330078,
          "acoustic_entropy_side": 12.705967903137207,
          "hz": 2809.813997359896
        },
        {
          "acoustic_entropy": 12.654562950134277,
          "acoustic_entropy_side": 12.706157684326172,
          "hz": 3120.6389567871424
        },
        {
