{
  "acoustic_entropy": 201.17367553710938,
  "bands": [
    {
      "high_freq": 148.1999969482422,
      "loudness": -33.5527229309082,
      "loudness_range": 21.57633399963379,
      "mid_mean": -32.17314529418945,
      "mid_to_side_loudness": -2.2227091789245605,
      "mid_to_side_loudness_range": 8.930747032165527,
      "side_mean": -34.521446228027344
    },
    {
      "high_freq": 392.3793640136719,
      "loudness": -25.151039123535156,
      "loudness_range": 12.15233039855957,
      "low_freq": 148.1999969482422,
      "mid_mean": -23.870182037353516,
      "mid_to_side_loudness": -1.685018539428711,
      "mid_to_side_loudness_range": 6.189228534698486,
      "side_mean": -25.582788467407227
    },
    {
      "high_freq": 794.6976318359375,
      "loudness": -23.72330665588379,
      "loudness_range": 14.749820709228516,
      "low_freq": 392.3793640136719,
      "mid_mean": -22.474822998046875,
      "mid_to_side_loudness": -1.6389124393463135,
      "mid_to_side_loudness_range": 5.621897220611572,
      "side_mean": -24.176841735839844
    },
    {
      "high_freq": 1457.5709228515625,
      "loudness": -25.0666561126709,
      "loudness_range": 20.078258514404297,
      "low_freq": 794.6976318359375,
      "mid_mean": -23.78554344177246,
      "mid_to_side_loudness": -1.8163671493530273,
      "mid_to_side_loudness_range": 5.0983805656433105,
      "side_mean": -25.683063507080078
    },
    {
      "high_freq": 2549.74365234375,
      "loudness": -27.154483795166016,
      "loudness_range": 20.131357192993164,
      "low_freq": 1457.5709228515625,
      "mid_mean": -25.732126235961914,
      "mid_to_side_loudness": -2.0313520431518555,
      "mid_to_side_loudness_range": 4.558773040771484,
      "side_mean": -27.859909057617188
    },
    {
      "high_freq": 4349.24462890625,
      "loudness": -32.15566635131836,
      "loudness_range": 21.83372688293457,
      "low_freq": 2549.74365234375,
      "mid_mean": -30.971038818359375,
      "mid_to_side_loudness": -1.7854950428009033,
      "mid_to_side_loudness_range": 3.801537275314331,
      "side_mean": -32.711761474609375
    },
    {
      "high_freq": 7314.1640625,
      "loudness": -41.245460510253906,
      "loudness_range": 22.95607566833496,
      "low_freq": 4349.24462890625,
      "mid_mean": -40.30767822265625,
      "mid_to_side_loudness": -1.920992374420166,
      "mid_to_side_loudness_range": 3.4143409729003906,
      "side_mean": -42.22808837890625
    },
    {
      "high_freq": 12199.2666015625,
      "loudness": -50.670162200927734,
      "loudness_range": 25.900089263916016,
      "low_freq": 7314.1640625,
      "mid_mean": -52.25388717651367,
      "mid_to_side_loudness": -2.0519046783447266,
      "mid_to_side_loudness_range": 3.344865322113037,
      "side_mean": -53.9249382019043
    },
    {
      "loudness": -62.99205780029297,
      "loudness_range": 27.41747283935547,
      "low_freq": 12199.2666015625,
      "mid_mean": -60.585445404052734,
      "mid_to_side_loudness": -2.6106815338134766,
      "mid_to_side_loudness_range": 4.355200290679932,
      "side_mean": -62.273841857910156
    }
  ],
  "bands_short": [
    {
      "high_freq": 148.1999969482422,
      "loudness": -38.92947769165039,
      "loudness_range": 27.85208511352539,
      "mid_mean": -37.88603973388672,
      "mid_to_side_loudness": -2.562044143676758,
      "mid_to_side_loudness_range": 14.974206924438477,
      "side_mean": -40.351348876953125
    },
    {
      "high_freq": 392.3793640136719,
      "loudness": -25.254413604736328,
      "loudness_range": 13.586118698120117,
      "low_freq": 148.1999969482422,
      "mid_mean": -24.12487030029297,
      "mid_to_side_loudness": -1.607790231704712,
      "mid_to_side_loudness_range": 9.761208534240723,
      "side_mean": -25.792762756347656
    },
    {
      "high_freq": 794.6976318359375,
      "loudness": -23.903017044067383,
      "loudness_range": 16.129926681518555,
      "low_freq": 392.3793640136719,
      "mid_mean": -22.810544967651367,
      "mid_to_side_loudness": -1.545762062072754,
      "mid_to_side_loudness_range": 9.030150413513184,
      "side_mean": -24.446115493774414
    },
    {
      "high_freq": 1457.5709228515625,
      "loudness": -25.2740478515625,
      "loudness_range": 20.593029022216797,
      "low_freq": 794.6976318359375,
      "mid_mean": -24.21062660217285,
      "mid_to_side_loudness": -1.677649974822998,
      "mid_to_side_loudness_range": 8.226948738098145,
      "side_mean": -25.928129196166992
    },
    {
      "high_freq": 2549.74365234375,
      "loudness": -27.112085342407227,
      "loudness_range": 20.85186004638672,
      "low_freq": 1457.5709228515625,
      "mid_mean": -25.81878089904785,
      "mid_to_side_loudness": -2.0268144607543945,
      "mid_to_side_loudness_range": 7.32520055770874,
      "side_mean": -27.95697021484375
    },
    {
      "high_freq": 4349.24462890625,
      "loudness": -32.3934326171875,
      "loudness_range": 22.202972412109375,
      "low_freq": 2549.74365234375,
      "mid_mean": -31.27928924560547,
      "mid_to_side_loudness": -1.718810796737671,
      "mid_to_side_loudness_range": 5.939455032348633,
      "side_mean": -33.02910232543945
    },
    {
      "high_freq": 7314.1640625,
      "loudness": -41.570674896240234,
      "loudness_range": 23.514429092407227,
      "low_freq": 4349.24462890625,
      "mid_mean": -40.87021255493164,
      "mid_to_side_loudness": -1.7843650579452515,
      "mid_to_side_loudness_range": 5.032734394073486,
      "side_mean": -42.631858825683594
    },
    {
      "high_freq": 12199.2666015625,
      "loudness": -51.46499252319336,
      "loudness_range": 26.309497833251953,
      "low_freq": 7314.1640625,
      "mid_mean": -53.020233154296875,
      "mid_to_side_loudness": -1.9203490018844604,
      "mid_to_side_loudness_range": 4.61327600479126,
      "side_mean": -54.56200408935547
    },
    {
      "loudness": -64.0519027709961,
      "loudness_range": 26.457569122314453,
      "low_freq": 12199.2666015625,
      "mid_mean": -61.47880554199219,
      "mid_to_side_loudness": -2.4370574951171875,
      "mid_to_side_loudness_range": 4.898466110229492,
      "side_mean": -62.93108367919922
    }
  ],
  "bandwidth": 763.1804809570312,
  "channels": 2,
  "covariance": [
    [
      58.88698196411133,
      50.6181526184082,
      16.61743927001953,
      16.540407180786133,
      5.764451026916504,
      6.153084754943848,
      3.407819986343384,
      3.575295925140381,
      3.5953078269958496,
      3.6644318103790283,
      8.33940601348877,
      8.631824493408203,
      9.472835540771484,
      8.443078994750977,
      16.41001319885254,
      14.70268440246582,
      14.393034934997559,
      12.53585433959961
    ],
    [
      50.6181526184082,
      57.75245666503906,
      16.732629776000977,
      17.580690383911133,
      6.717399597167969,
      7.1719584465026855,
      5.7247395515441895,
      5.822751045227051,
      6.152571201324463,
      6.5915093421936035,
      10.328943252563477,
      10.418534278869629,
      10.469345092773438,
      10.11223030090332,
      20.212337493896484,
      18.444923400878906,
      16.76294708251953,
      14.863449096679688
    ],
    [
      16.61743927001953,
      16.732629776000977,
      26.286020278930664,
      24.19428253173828,
      16.72106170654297,
      17.329912185668945,
      14.709207534790039,
      15.36549186706543,
      16.031982421875,
      16.121444702148438,
      16.062206268310547,
      15.093914985656738,
      16.426654815673828,
      15.750969886779785,
      23.98958969116211,
      22.500158309936523,
      16.241209030151367,
      13.890297889709473
    ],
    [
      16.540407180786133,
      17.580690383911133,
      24.19428253173828,
      29.252899169921875,
      18.730323791503906,
      19.70318603515625,
      18.55384635925293,
      19.212589263916016,
      18.76465606689453,
      19.332992553710938,
      18.66021728515625,
      18.3604736328125,
      16.844314575195312,
      17.042213439941406,
      27.69168472290039,
      26.477649688720703,
      18.353397369384766,
      16.077129364013672
    ],
    [
      5.764451026916504,
      6.717399597167969,
      16.72106170654297,
      18.730323791503906,
      37.0243034362793,
      35.60188293457031,
      35.22673797607422,
      35.80616760253906,
      32.078025817871094,
      31.66825294494629,
      27.1890811920166,
      25.155492782592773,
      21.432424545288086,
      21.744361877441406,
      32.363739013671875,
      30.866426467895508,
      21.149974822998047,
      18.151456832885742
    ],
    [
      6.153084754943848,
      7.1719584465026855,
      17.329912185668945,
      19.70318603515625,
      35.60188293457031,
      39.0890007019043,
      35.67244338989258,
      37.247802734375,
      32.47422409057617,
      32.69540023803711,
      27.502071380615234,
      25.88519859313965,
      21.07640266418457,
      21.790224075317383,
      32.200138092041016,
      31.097919464111328,
      20.65489959716797,
      18.04925537109375
    ],
    [
      3.407819986343384,
      5.7247395515441895,
      14.709207534790039,
      18.55384635925293,
      35.22673797607422,
      35.67244338989258,
      58.95478439331055,
      56.73417663574219,
      52.902103424072266,
      51.862850189208984,
      46.098663330078125,
      43.52733612060547,
      33.58031463623047,
      33.79426193237305,
      51.272151947021484,
      49.02300262451172,
      32.83783721923828,
      28.20117950439453
    ],
    [
      3.575295925140381,
      5.822751045227051,
      15.36549186706543,
      19.212589263916016,
      35.80616760253906,
      37.247802734375,
      56.73417663574219,
      59.499515533447266,
      51.72162628173828,
      51.62678909301758,
      44.889305114746094,
      42.60236358642578,
      31.67194366455078,
      32.580047607421875,
      49.83030700683594,
      48.02581787109375,
      31.447975158691406,
      27.334983825683594
    ],
    [
      3.5953078269958496,
      6.152571201324463,
      16.031982421875,
      18.76465606689453,
      32.078025817871094,
      32.47422409057617,
      52.902103424072266,
      51.72162628173828,
      60.18248748779297,
      56.65937423706055,
      51.59027862548828,
      48.0765495300293,
      43.82194900512695,
      43.09098815917969,
      58.142879486083984,
      55.235008239746094,
      37.280033111572266,
      31.646678924560547
    ],
    [
      3.6644318103790283,
      6.5915093421936035,
      16.121444702148438,
      19.332992553710938,
      31.66825294494629,
      32.69540023803711,
      51.862850189208984,
      51.62678909301758,
      56.65937423706055,
      57.505332946777344,
      50.57492446899414,
      47.704261779785156,
      42.3554573059082,
      42.296504974365234,
      57.46582794189453,
      55.082679748535156,
      36.25019454956055,
      31.20296859741211
    ],
    [
      8.33940601348877,
      10.328943252563477,
      16.062206268310547,
      18.66021728515625,
      27.1890811920166,
      27.502071380615234,
      46.098663330078125,
      44.889305114746094,
      51.59027862548828,
      50.57492446899414,
      62.86977767944336,
      57.905052185058594,
      53.542503356933594,
      53.663429260253906,
      67.24628448486328,
      64.69097900390625,
      43.53461837768555,
      38.14116668701172
    ],
    [
      8.631824493408203,
      10.418534278869629,
      15.093914985656738,
      18.3604736328125,
      25.155492782592773,
      25.88519859313965,
      43.52733612060547,
      42.60236358642578,
      48.0765495300293,
      47.704261779785156,
      57.905052185058594,
      59.265350341796875,
      50.23225021362305,
      51.9256477355957,
      64.32252502441406,
      62.60759735107422,
      41.36042022705078,
      37.007164001464844
    ],
    [
      9.472835540771484,
      10.469345092773438,
      16.426654815673828,
      16.844314575195312,
      21.432424545288086,
      21.07640266418457,
      33.58031463623047,
      31.67194366455078,
      43.82194900512695,
      42.3554573059082,
      53.542503356933594,
      50.23225021362305,
      69.47918701171875,
      66.40574645996094,
      71.57955169677734,
      68.93305969238281,
      49.118873596191406,
      43.28752136230469
    ],
    [
      8.443078994750977,
      10.11223030090332,
      15.750969886779785,
      17.042213439941406,
      21.744361877441406,
      21.790224075317383,
      33.79426193237305,
      32.580047607421875,
      43.09098815917969,
      42.296504974365234,
      53.663429260253906,
      51.9256477355957,
      66.40574645996094,
      69.04327392578125,
      71.3741683959961,
      69.56135559082031,
      48.47965621948242,
      43.62884521484375
    ],
    [
      16.41001319885254,
      20.212337493896484,
      23.98958969116211,
      27.69168472290039,
      32.363739013671875,
      32.200138092041016,
      51.272151947021484,
      49.83030700683594,
      58.142879486083984,
      57.46582794189453,
      67.24628448486328,
      64.32252502441406,
      71.57955169677734,
      71.3741683959961,
      110.38230895996094,
      104.72560119628906,
      72.48826599121094,
      63.77328872680664
    ],
    [
      14.70268440246582,
      18.444923400878906,
      22.500158309936523,
      26.477649688720703,
      30.866426467895508,
      31.097919464111328,
      49.02300262451172,
      48.02581787109375,
      55.235008239746094,
      55.082679748535156,
      64.69097900390625,
      62.60759735107422,
      68.93305969238281,
      69.56135559082031,
      104.72560119628906,
      100.63078308105469,
      68.73760223388672,
      61.49370193481445
    ],
    [
      14.393034934997559,
      16.76294708251953,
      16.241209030151367,
      18.353397369384766,
      21.149974822998047,
      20.65489959716797,
      32.83783721923828,
      31.447975158691406,
      37.280033111572266,
      36.25019454956055,
      43.53461837768555,
      41.36042022705078,
      49.118873596191406,
      48.47965621948242,
      72.48826599121094,
      68.73760223388672,
      55.57819366455078,
      49.77806854248047
    ],
    [
      12.53585433959961,
      14.863449096679688,
      13.890297889709473,
      16.077129364013672,
      18.151456832885742,
      18.04925537109375,
      28.20117950439453,
      27.334983825683594,
      31.646678924560547,
      31.20296859741211,
      38.14116668701172,
      37.007164001464844,
      43.28752136230469,
      43.62884521484375,
      63.77328872680664,
      61.49370193481445,
      49.77806854248047,
      46.146514892578125
    ]
  ],
  "covariance_short": [
    [
      93.42997741699219,
      73.80792236328125,
      22.26536750793457,
      22.09703254699707,
      10.065040588378906,
      8.965561866760254,
      7.125275135040283,
      6.304684638977051,
      4.8235764503479,
      5.2689208984375,
      11.554280281066895,
      11.203925132751465,
      10.793210983276367,
      10.604561805725098,
      22.028406143188477,
      19.72220230102539,
      16.164045333862305,
      13.782901763916016
    ],
    [
      73.80792236328125,
      87.5084457397461,
      20.57380485534668,
      21.465688705444336,
      10.363357543945312,
      9.535175323486328,
      9.032739639282227,
      8.414499282836914,
      7.022399425506592,
      7.442800998687744,
      13.405400276184082,
      13.43239688873291,
      11.497528076171875,
      11.781966209411621,
      22.202293395996094,
      20.524194717407227,
      15.97652816772461,
      14.28372859954834
    ],
    [
      22.26536750793457,
      20.57380485534668,
      29.012222290039062,
      23.43466567993164,
      15.746800422668457,
      16.063016891479492,
      14.043641090393066,
      13.855788230895996,
      14.369841575622559,
      14.569146156311035,
      15.090065956115723,
      14.538121223449707,
      16.495067596435547,
      15.83999252319336,
      24.542146682739258,
      23.036418914794922,
      15.621075630187988,
      13.577750205993652
    ],
    [
      22.09703254699707,
      21.465688705444336,
      23.43466567993164,
      31.041536331176758,
      16.876983642578125,
      17.983015060424805,
      16.920574188232422,
      16.967544555664062,
      17.115428924560547,
      17.676227569580078,
      17.82207679748535,
      17.708818435668945,
      17.663320541381836,
      17.69574737548828,
      28.344419479370117,
      27.17116355895996,
      17.55227279663086,
      15.70984172821045
    ],
    [
      10.065040588378906,
      10.363357543945312,
      15.746800422668457,
      16.876983642578125,
      39.88449478149414,
      35.00136184692383,
      34.53379440307617,
      34.4394416809082,
      31.319194793701172,
      30.574420928955078,
      26.899927139282227,
      25.610279083251953,
      22.97336196899414,
      22.12004852294922,
      31.51487922668457,
      30.16203498840332,
      19.343820571899414,
      16.91095542907715
    ],
    [
      8.965561866760254,
      9.535175323486328,
      16.063016891479492,
      17.983015060424805,
      35.00136184692383,
      42.41938400268555,
      35.50340270996094,
      36.543582916259766,
      31.88234519958496,
      31.95613670349121,
      27.599565505981445,
      26.853775024414062,
      22.679744720458984,
      22.452289581298828,
      31.333816528320312,
      30.44875717163086,
      18.571834564208984,
      16.61396026611328
    ],
    [
      7.125275135040283,
      9.032739639282227,
      14.043641090393066,
      16.920574188232422,
      34.53379440307617,
      35.50340270996094,
      60.277156829833984,
      53.78562927246094,
      51.819305419921875,
      50.324588775634766,
      46.00792694091797,
      44.4498405456543,
      36.04533767700195,
      35.22643280029297,
      50.15630340576172,
      48.09479522705078,
      29.891036987304688,
      26.115175247192383
    ],
    [
      6.304684638977051,
      8.414499282836914,
      13.855788230895996,
      16.967544555664062,
      34.4394416809082,
      36.543582916259766,
      53.78562927246094,
      59.795684814453125,
      49.49161911010742,
      49.448028564453125,
      43.94590759277344,
      42.91300964355469,
      33.361812591552734,
      33.19538497924805,
      47.6362190246582,
      46.22941970825195,
      27.725093841552734,
      24.641826629638672
    ],
    [
      4.8235764503479,
      7.022399425506592,
      14.369841575622559,
      17.115428924560547,
      31.319194793701172,
      31.88234519958496,
      51.819305419921875,
      49.49161911010742,
      64.16930389404297,
      56.41348648071289,
      53.12788009643555,
      50.46238708496094,
      47.89031219482422,
      45.9937744140625,
      58.29853057861328,
      55.412567138671875,
      35.02455520629883,
      30.171947479248047
    ],
    [
      5.2689208984375,
      7.442800998687744,
      14.569146156311035,
      17.676227569580078,
      30.574420928955078,
      31.95613670349121,
      50.324588775634766,
      49.448028564453125,
      56.41348648071289,
      59.61554718017578,
      50.83548355102539,
      49.40089416503906,
      45.16325378417969,
      44.26085662841797,
      56.58290481567383,
      54.415069580078125,
      33.361751556396484,
      29.179100036621094
    ],
    [
      11.554280281066895,
      13.405400276184082,
      15.090065956115723,
      17.82207679748535,
      26.899927139282227,
      27.599565505981445,
      46.00792694091797,
      43.94590759277344,
      53.12788009643555,
      50.83548355102539,
      65.67660522460938,
      59.488861083984375,
      57.795982360839844,
      56.673423767089844,
      68.60525512695312,
      65.93415832519531,
      42.035926818847656,
      37.182979583740234
    ],
    [
      11.203925132751465,
      13.43239688873291,
      14.538121223449707,
      17.708818435668945,
      25.610279083251953,
      26.853775024414062,
      44.4498405456543,
      42.91300964355469,
      50.46238708496094,
      49.40089416503906,
      59.488861083984375,
      63.10422134399414,
      54.12887191772461,
      55.3758430480957,
      66.36441802978516,
      64.68002319335938,
      40.143001556396484,
      36.315799713134766
    ],
    [
      10.793210983276367,
      11.497528076171875,
      16.495067596435547,
      17.663320541381836,
      22.97336196899414,
      22.679744720458984,
      36.04533767700195,
      33.361812591552734,
      47.89031219482422,
      45.16325378417969,
      57.795982360839844,
      54.12887191772461,
      76.05974578857422,
      70.0586929321289,
      76.20012664794922,
      73.03156280517578,
      49.546119689941406,
      43.814697265625
    ],
    [
      10.604561805725098,
      11.781966209411621,
      15.83999252319336,
      17.69574737548828,
      22.12004852294922,
      22.452289581298828,
      35.22643280029297,
      33.19538497924805,
      45.9937744140625,
      44.26085662841797,
      56.673423767089844,
      55.3758430480957,
      70.0586929321289,
      74.24073791503906,
      74.80347442626953,
      72.99763488769531,
      47.885555267333984,
      43.544193267822266
    ],
    [
      22.028406143188477,
      22.202293395996094,
      24.542146682739258,
      28.344419479370117,
      31.51487922668457,
      31.333816528320312,
      50.15630340576172,
      47.6362190246582,
      58.29853057861328,
      56.58290481567383,
      68.60525512695312,
      66.36441802978516,
      76.20012664794922,
      74.80347442626953,
      111.12638854980469,
      104.62724304199219,
      69.8702163696289,
      61.47570037841797
    ],
    [
      19.72220230102539,
      20.524194717407227,
      23.036418914794922,
      27.17116355895996,
      30.16203498840332,
      30.44875717163086,
      48.09479522705078,
      46.22941970825195,
      55.412567138671875,
      54.415069580078125,
      65.93415832519531,
      64.68002319335938,
      73.03156280517578,
      72.99763488769531,
      104.62724304199219,
      101.22919464111328,
      65.37699127197266,
      59.24839401245117
    ],
    [
      16.164045333862305,
      15.97652816772461,
      15.621075630187988,
      17.55227279663086,
      19.343820571899414,
      18.571834564208984,
      29.891036987304688,
      27.725093841552734,
      35.02455520629883,
      33.361751556396484,
      42.035926818847656,
      40.143001556396484,
      49.546119689941406,
      47.885555267333984,
      69.8702163696289,
      65.37699127197266,
      53.18180847167969,
      46.8041877746582
    ],
    [
      13.782901763916016,
      14.28372859954834,
      13.577750205993652,
      15.70984172821045,
      16.91095542907715,
      16.61396026611328,
      26.115175247192383,
      24.641826629638672,
      30.171947479248047,
      29.179100036621094,
      37.182979583740234,
      36.315799713134766,
      43.814697265625,
      43.544193267822266,
      61.47570037841797,
      59.24839401245117,
      46.8041877746582,
      43.609249114990234
    ]
  ],
  "damage": -8.804569244384766,
  "diff_bandwidth": 780.200927734375,
  "dissonance": 8.500856360310923,
  "drr": 2.1860334873199463,
  "dynamics": 4.2724528312683105,
  "format": 1245190,
  "frames": 9531392,
  "loudness": -14.104376792907715,
  "loudness_range": 13.68587589263916,
  "loudness_range_short": 14.228321075439453,
  "lowpass_true_peak_15khz": 0.15746654570102692,
  "mastering3_acoustic_entropies": [
    {
      "acoustic_entropy": 4.490332126617432,
      "acoustic_entropy_mono": 4.477710247039795,
      "band_eliminated_acoustic_entropies": [
        {
          "acoustic_entropy": 4.501355171203613,
          "acoustic_entropy_side": 4.493456840515137,
          "hz": 129.47220167065723
        },
        {
          "acoustic_entropy": 4.586672782897949,
          "acoustic_entropy_side": 4.540256023406982,
          "hz": 202.92927478742237
        },
        {
          "acoustic_entropy": 4.680871963500977,
          "acoustic_entropy_side": 4.567173480987549,
          "hz": 282.89161906338205
        },
        {
          "acoustic_entropy": 4.532264709472656,
          "acoustic_entropy_side": 4.533141613006592,
          "hz": 369.9353335868758
        },
        {
          "acoustic_entropy": 4.036064147949219,
          "acoustic_entropy_side": 4.408631324768066,
          "hz": 464.6875360973435
        },
        {
          "acoustic_entropy": 4.3373894691467285,
          "acoustic_entropy_side": 4.4531354904174805,
          "hz": 567.8308811364784
        },
        {
          "acoustic_entropy": 4.684035301208496,
          "acoustic_entropy_side": 4.714117050170898,
          "hz": 680.1084783214808
        },
        {
          "acoustic_entropy": 4.4224443435668945,
          "acoustic_entropy_side": 4.531108379364014,
          "hz": 802.3292461747484
        },
        {
          "acoustic_entropy": 4.692941188812256,
          "acoustic_entropy_side": 4.565795421600342,
          "hz": 935.3737400823702
        },
        {
          "acoustic_entropy": 4.560213088989258,
          "acoustic_entropy_side": 4.67706298828125,
          "hz": 1080.2004963696966
        },
        {
          "acoustic_entropy": 4.309445381164551,
          "acoustic_entropy_side": 4.342087268829346,
          "hz": 1237.8529382007157
        },
        {
          "acoustic_entropy": 4.671332836151123,
          "acoustic_entropy_side": 4.718035697937012,
          "hz": 1409.4668930556702
        },
        {
          "acoustic_entropy": 4.300215721130371,
          "acoustic_entropy_side": 4.495601654052734,
          "hz": 1596.2787759475705
        },
        {
          "acoustic_entropy": 4.654754638671875,
          "acoustic_entropy_side": 4.639420032501221,
          "hz": 1799.6344973346393
        },
        {
          "acoustic_entropy": 4.667468547821045,
          "acoustic_entropy_side": 4.593410968780518,
          "hz": 2020.9991599069049
        },
        {
          "acoustic_entropy": 4.4818315505981445,
          "acoustic_entropy_side": 4.473305702209473,
          "hz": 2261.9676141086993
        },
        {
          "acoustic_entropy": 4.312556266784668,
          "acoustic_entropy_side": 4.3652448654174805,
          "hz": 2524.2759484456974
        },
        {
          "acoustic_entropy": 4.42788553237915,
          "acoustic_entropy_side": 4.525426864624023,
          "hz": 2809.813997359896
        },
        {
          "acoustic_entropy": 4.503148555755615,
          "acoustic_entropy_side": 4.4807353019714355,
          "hz": 3120.6389567871424
        },
        {
          "acoustic_entropy": 4.4455156326293945,
          "acoustic_entropy_side": 4.46688175201416,
          "hz": 3458.990205492291
        },
        {
          "acoustic_entropy": 4.445709705352783,
          "acoustic_entropy_side": 4.47257137298584,
          "hz": 3827.305438964164
        },
        {
          "acoustic_entropy": 4.438894748687744,
          "acoustic_entropy_side": 4.479052543640137,
          "hz": 4228.238232109126
        },
        {
          "acoustic_entropy": 4.419595718383789,
          "acoustic_entropy_side": 4.476902961730957,
          "hz": 4664.6771572759235
        },
        {
          "acoustic_entropy": 4.47666597366333,
          "acoustic_entropy_side": 4.488280773162842,
          "hz": 5139.766595350093
        },
        {
          "acoustic_entropy": 4.479454040527344,
          "acoustic_entropy_side": 4.486371040344238,
          "hz": 5656.929389854203
        },
        {
          "acoustic_entropy": 4.472143650054932,
          "acoustic_entropy_side": 4.484328746795654,
          "hz": 6219.891507268283
        },
        {
          "acoustic_entropy": 4.473103046417236,
          "acoustic_entropy_side": 4.485189914703369,
          "hz": 6832.70888123896
        },
        {
          "acoustic_entropy": 4.4786787033081055,
          "acoustic_entropy_side": 4.486509799957275,
          "hz": 7499.796634079867
        },
        {
          "acoustic_entropy": 4.476466178894043,
          "acoustic_entropy_side": 4.486528396606445,
          "hz": 8225.96088609342
        },
        {
          "acoustic_entropy": 4.479279518127441,
          "acoustic_entropy_side": 4.487405776977539,
          "hz": 9016.43338188839
        },
        {
          "acoustic_entropy": 4.480078220367432,
          "acoustic_entropy_side": 4.487882137298584,
          "hz": 9876.909183162974
        },
        {
          "acoustic_entropy": 4.480251312255859,
          "acoustic_entropy_side": 4.487776279449463,
          "hz": 10813.587699516042
        },
        {
          "acoustic_entropy": 4.481190204620361,
          "acoustic_entropy_side": 4.4879302978515625,
          "hz": 11833.21735289826
        },
        {
          "acoustic_entropy": 4.479865074157715,
          "acoustic_entropy_side": 4.486828804016113,
          "hz": 12943.144197493959
        },
        {
          "acoustic_entropy": 4.478382110595703,
          "acoustic_entropy_side": 4.486220836639404,
          "hz": 14151.364845322005
        },
        {
          "acoustic_entropy": 4.482470989227295,
          "acoustic_entropy_side": 4.48745059967041,
          "hz": 15466.58407886509
        },
        {
          "acoustic_entropy": 4.4852070808410645,
          "acoustic_entropy_side": 4.488654136657715,
          "hz": 16898.27756580493
        },
        {
          "acoustic_entropy": 4.487975120544434,
          "acoustic_entropy_side": 4.489404201507568,
          "hz": 18456.760127700032
        },
        {
          "acoustic_entropy": 4.489684104919434,
          "acoustic_entropy_side": 4.49006462097168,
          "hz": 20153.260054456492
        },
        {
          "acoustic_entropy": 4.49027681350708,
          "acoustic_entropy_side": 4.490312099456787,
          "hz": 22000.00000000001
        }
      ],
      "diff_acoustic_entropy": 1.3800740242004395,
      "sn": 6
    },
    {
      "acoustic_entropy": 8.25901985168457,
      "acoustic_entropy_mono": 8.605887413024902,
      "band_eliminated_acoustic_entropies": [
        {
          "acoustic_entropy": 8.252880096435547,
          "acoustic_entropy_side": 8.255681037902832,
          "hz": 129.47220167065723
        },
        {
          "acoustic_entropy": 7.864913463592529,
          "acoustic_entropy_side": 8.293734550476074,
          "hz": 202.92927478742237
        },
        {
          "acoustic_entropy": 8.399454116821289,
          "acoustic_entropy_side": 8.454519271850586,
          "hz": 282.89161906338205
        },
        {
          "acoustic_entropy": 8.311056137084961,
          "acoustic_entropy_side": 8.219013214111328,
          "hz": 369.9353335868758
        },
        {
          "acoustic_entropy": 7.712864875793457,
          "acoustic_entropy_side": 8.274311065673828,
          "hz": 464.6875360973435
        },
        {
          "acoustic_entropy": 8.091764450073242,
          "acoustic_entropy_side": 7.9689226150512695,
          "hz": 567.8308811364784
        },
        {
          "acoustic_entropy": 8.572599411010742,
          "acoustic_entropy_side": 8.433265686035156,
          "hz": 680.1084783214808
        },
        {
          "acoustic_entropy": 7.9900689125061035,
          "acoustic_entropy_side": 7.996351718902588,
          "hz": 802.3292461747484
        },
        {
          "acoustic_entropy": 8.865943908691406,
          "acoustic_entropy_side": 9.167566299438477,
          "hz": 935.3737400823702
        },
        {
          "acoustic_entropy": 8.726574897766113,
          "acoustic_entropy_side": 8.633797645568848,
          "hz": 1080.2004963696966
        },
        {
          "acoustic_entropy": 8.30868148803711,
          "acoustic_entropy_side": 8.22686767578125,
          "hz": 1237.8529382007157
        },
        {
          "acoustic_entropy": 8.041665077209473,
          "acoustic_entropy_side": 8.125638961791992,
          "hz": 1409.4668930556702
        },
        {
          "acoustic_entropy": 8.077323913574219,
          "acoustic_entropy_side": 8.244126319885254,
          "hz": 1596.2787759475705
        },
        {
          "acoustic_entropy": 8.312390327453613,
          "acoustic_entropy_side": 8.68439769744873,
          "hz": 1799.6344973346393
        },
        {
          "acoustic_entropy": 8.117177963256836,
          "acoustic_entropy_side": 8.173345565795898,
          "hz": 2020.9991599069049
        },
        {
          "acoustic_entropy": 8.35583782196045,
          "acoustic_entropy_side": 8.292255401611328,
          "hz": 2261.9676141086993
        },
        {
          "acoustic_entropy": 8.345871925354004,
          "acoustic_entropy_side": 8.085464477539062,
          "hz": 2524.2759484456974
        },
        {
          "acoustic_entropy": 8.320426940917969,
          "acoustic_entropy_side": 8.458308219909668,
          "hz": 2809.813997359896
        },
        {
          "acoustic_entropy": 8.242225646972656,
          "acoustic_entropy_side": 8.179275512695312,
          "hz": 3120.6389567871424
        },
        {
          "acoustic_entropy": 8.233732223510742,
          "acoustic_entropy_side": 8.253378868103027,
          "hz": 3458.990205492291
        },
        {
          "acoustic_entropy": 8.162619590759277,
          "acoustic_entropy_side": 8.103232383728027,
          "hz": 3827.305438964164
        },
        {
          "acoustic_entropy": 8.19890308380127,
          "acoustic_entropy_side": 8.17777156829834,
          "hz": 4228.238232109126
        },
        {
          "acoustic_entropy": 8.135660171508789,
          "acoustic_entropy_side": 8.18299674987793,
          "hz": 4664.6771572759235
        },
        {
          "acoustic_entropy": 8.259236335754395,
          "acoustic_entropy_side": 8.203230857849121,
          "hz": 5139.766595350093
        },
        {
          "acoustic_entropy": 8.22004222869873,
          "acoustic_entropy_side": 8.217963218688965,
          "hz": 5656.929389854203
        },
        {
          "acoustic_entropy": 8.198841094970703,
          "acoustic_entropy_side": 8.204330444335938,
          "hz": 6219.891507268283
        },
        {
          "acoustic_entropy": 8.245437622070312,
          "acoustic_entropy_side": 8.240143775939941,
          "hz": 6832.70888123896
        },
        {
          "acoustic_entropy": 8.248852729797363,
          "acoustic_entropy_side": 8.256953239440918,
          "hz": 7499.796634079867
        },
        {
          "acoustic_entropy": 8.25792407989502,
          "acoustic_entropy_side": 8.260245323181152,
          "hz": 8225.96088609342
        },
        {
          "acoustic_entropy": 8.257343292236328,
          "acoustic_entropy_side": 8.262451171875,
          "hz": 9016.43338188839
        },
        {
          "acoustic_entropy": 8.217130661010742,
          "acoustic_entropy_side": 8.243542671203613,
          "hz": 9876.909183162974
        },
        {
          "acoustic_entropy": 8.229317665100098,
          "acoustic_entropy_side": 8.238862037658691,
          "hz": 10813.587699516042
        },
        {
          "acoustic_entropy": 8.247491836547852,
          "acoustic_entropy_side": 8.23280143737793,
          "hz": 11833.21735289826
        },
        {
          "acoustic_entropy": 8.336722373962402,
          "acoustic_entropy_side": 8.229848861694336,
          "hz": 12943.144197493959
        },
        {
          "acoustic_entropy": 8.359481811523438,
          "acoustic_entropy_side": 8.248607635498047,
          "hz": 14151.364845322005
        },
        {
          "acoustic_entropy": 8.332472801208496,
          "acoustic_entropy_side": 8.23336410522461,
          "hz": 15466.58407886509
        },
        {
          "acoustic_entropy": 8.286768913269043,
          "acoustic_entropy_side": 8.227846145629883,
          "hz": 16898.27756580493
        },
        {
          "acoustic_entropy": 8.234379768371582,
          "acoustic_entropy_side": 8.23632526397705,
          "hz": 18456.760127700032
        },
        {
          "acoustic_entropy": 8.237171173095703,
          "acoustic_entropy_side": 8.249868392944336,
          "hz": 20153.260054456492
        },
        {
          "acoustic_entropy": 8.256855964660645,
          "acoustic_entropy_side": 8.25829029083252,
          "hz": 22000.00000000001
        }
      ],
      "diff_acoustic_entropy": 3.29339861869812,
      "sn": 12
    },
    {
      "acoustic_entropy": 13.692970275878906,
      "acoustic_entropy_mono": 12.8891019821167,
      "band_eliminated_acoustic_entropies": [
        {
          "acoustic_entropy": 13.480944633483887,
          "acoustic_entropy_side": 13.572134017944336,
          "hz": 129.47220167065723
        },
        {
          "acoustic_entropy": 13.075702667236328,
          "acoustic_entropy_side": 13.550278663635254,
          "hz": 202.92927478742237
        },
        {
          "acoustic_entropy": 13.919805526733398,
          "acoustic_entropy_side": 14.095605850219727,
          "hz": 282.89161906338205
        },
        {
          "acoustic_entropy": 14.138023376464844,
          "acoustic_entropy_side": 13.872456550598145,
          "hz": 369.9353335868758
        },
        {
          "acoustic_entropy": 13.350440979003906,
          "acoustic_entropy_side": 13.93906021118164,
          "hz": 464.6875360973435
        },
        {
          "acoustic_entropy": 13.844746589660645,
          "acoustic_entropy_side": 13.959738731384277,
          "hz": 567.8308811364784
        },
        {
          "acoustic_entropy": 13.797823905944824,
          "acoustic_entropy_side": 13.902571678161621,
          "hz": 680.1084783214808
        },
        {
          "acoustic_entropy": 13.865011215209961,
          "acoustic_entropy_side": 13.91166877746582,
          "hz": 802.3292461747484
        },
        {
          "acoustic_entropy": 14.047093391418457,
          "acoustic_entropy_side": 14.410131454467773,
          "hz": 935.3737400823702
        },
        {
          "acoustic_entropy": 13.758822441101074,
          "acoustic_entropy_side": 14.247493743896484,
          "hz": 1080.2004963696966
        },
        {
          "acoustic_entropy": 13.666738510131836,
          "acoustic_entropy_side": 13.574394226074219,
          "hz": 1237.8529382007157
        },
        {
          "acoustic_entropy": 13.722146034240723,
          "acoustic_entropy_side": 13.960894584655762,
          "hz": 1409.4668930556702
        },
        {
          "acoustic_entropy": 13.402441024780273,
          "acoustic_entropy_side": 13.571435928344727,
          "hz": 1596.2787759475705
        },
        {
          "acoustic_entropy": 14.149603843688965,
          "acoustic_entropy_side": 14.552874565124512,
          "hz": 1799.6344973346393
        },
        {
          "acoustic_entropy": 14.039860725402832,
          "acoustic_entropy_side": 13.937527656555176,
          "hz": 2020.9991599069049
        },
        {
          "acoustic_entropy": 13.69890022277832,
          "acoustic_entropy_side": 13.782761573791504,
          "hz": 2261.9676141086993
        },
        {
          "acoustic_entropy": 13.973028182983398,
          "acoustic_entropy_side": 13.928569793701172,
          "hz": 2524.2759484456974
        },
        {
          "acoustic_entropy": 13.28852367401123,
          "acoustic_entropy_side": 13.525355339050293,
          "hz": 2809.813997359896
        },
        {
          "acoustic_entropy": 13.624598503112793,
          "acoustic_entropy_side": 13.859821319580078,
          "hz": 3120.6389567871424
        },
        {
