{
  "acoustic_entropy": 204.1448516845703,
  "bands": [
    {
      "high_freq": 148.1999969482422,
      "loudness": -19.279842376708984,
      "loudness_range": 7.897466659545898,
      "mid_mean": -15.639967918395996,
      "mid_to_side_loudness": -20.618606567382812,
      "mid_to_side_loudness_range": 12.133780479431152,
      "side_mean": -36.50857162475586
    },
    {
      "high_freq": 392.3793640136719,
      "loudness": -21.596418380737305,
      "loudness_range": 8.41425895690918,
      "low_freq": 148.1999969482422,
      "mid_mean": -18.73984146118164,
      "mid_to_side_loudness": -7.959918022155762,
      "mid_to_side_loudness_range": 11.761852264404297,
      "side_mean": -26.734407424926758
    },
    {
      "high_freq": 794.6976318359375,
      "loudness": -19.265119552612305,
      "loudness_range": 9.527156829833984,
      "low_freq": 392.3793640136719,
      "mid_mean": -17.225419998168945,
      "mid_to_side_loudness": -4.834322929382324,
      "mid_to_side_loudness_range": 14.128153800964355,
      "side_mean": -22.178691864013672
    },
    {
      "high_freq": 1457.5709228515625,
      "loudness": -21.10139274597168,
      "loudness_range": 11.222972869873047,
      "low_freq": 794.6976318359375,
      "mid_mean": -18.92851448059082,
      "mid_to_side_loudness": -5.179985046386719,
      "mid_to_side_loudness_range": 13.2366304397583,
      "side_mean": -24.179424285888672
    },
    {
      "high_freq": 2549.74365234375,
      "loudness": -18.426715850830078,
      "loudness_range": 8.100546836853027,
      "low_freq": 1457.5709228515625,
      "mid_mean": -17.387243270874023,
      "mid_to_side_loudness": -1.3221064805984497,
      "mid_to_side_loudness_range": 9.493095397949219,
      "side_mean": -18.771860122680664
    },
    {
      "high_freq": 4349.24462890625,
      "loudness": -17.623197555541992,
      "loudness_range": 9.096413612365723,
      "low_freq": 2549.74365234375,
      "mid_mean": -16.738344192504883,
      "mid_to_side_loudness": -0.981455385684967,
      "mid_to_side_loudness_range": 10.194571495056152,
      "side_mean": -17.81652069091797
    },
    {
      "high_freq": 7314.1640625,
      "loudness": -24.320383071899414,
      "loudness_range": 9.676313400268555,
      "low_freq": 4349.24462890625,
      "mid_mean": -23.262680053710938,
      "mid_to_side_loudness": -1.9417587518692017,
      "mid_to_side_loudness_range": 13.92600154876709,
      "side_mean": -25.378480911254883
    },
    {
      "high_freq": 12199.2666015625,
      "loudness": -30.525781631469727,
      "loudness_range": 13.317960739135742,
      "low_freq": 7314.1640625,
      "mid_mean": -28.926504135131836,
      "mid_to_side_loudness": -3.757697820663452,
      "mid_to_side_loudness_range": 17.322208404541016,
      "side_mean": -33.20969772338867
    },
    {
      "loudness": -38.8225212097168,
      "loudness_range": 8.355670928955078,
      "low_freq": 12199.2666015625,
      "mid_mean": -35.83698654174805,
      "mid_to_side_loudness": -9.053019523620605,
      "mid_to_side_loudness_range": 17.854402542114258,
      "side_mean": -45.6984977722168
    }
  ],
  "bands_short": [
    {
      "high_freq": 148.1999969482422,
      "loudness": -23.045976638793945,
      "loudness_range": 18.76369285583496,
      "mid_mean": -19.40009880065918,
      "mid_to_side_loudness": -24.345970153808594,
      "mid_to_side_loudness_range": 22.83443832397461,
      "side_mean": -44.298980712890625
    },
    {
      "high_freq": 392.3793640136719,
      "loudness": -21.60148811340332,
      "loudness_range": 12.709867477416992,
      "low_freq": 148.1999969482422,
      "mid_mean": -18.91565704345703,
      "mid_to_side_loudness": -8.353734970092773,
      "mid_to_side_loudness_range": 16.974428176879883,
      "side_mean": -27.32270050048828
    },
    {
      "high_freq": 794.6976318359375,
      "loudness": -20.494897842407227,
      "loudness_range": 12.571211814880371,
      "low_freq": 392.3793640136719,
      "mid_mean": -18.89260482788086,
      "mid_to_side_loudness": -4.043938636779785,
      "mid_to_side_loudness_range": 16.34466552734375,
      "side_mean": -23.011808395385742
    },
    {
      "high_freq": 1457.5709228515625,
      "loudness": -21.340866088867188,
      "loudness_range": 13.758060455322266,
      "low_freq": 794.6976318359375,
      "mid_mean": -19.537357330322266,
      "mid_to_side_loudness": -4.423369407653809,
      "mid_to_side_loudness_range": 15.907100677490234,
      "side_mean": -24.16033935546875
    },
    {
      "high_freq": 2549.74365234375,
      "loudness": -18.933168411254883,
      "loudness_range": 10.162901878356934,
      "low_freq": 1457.5709228515625,
      "mid_mean": -18.181421279907227,
      "mid_to_side_loudness": -1.0458699464797974,
      "mid_to_side_loudness_range": 11.708772659301758,
      "side_mean": -19.27406883239746
    },
    {
      "high_freq": 4349.24462890625,
      "loudness": -17.89836311340332,
      "loudness_range": 10.405308723449707,
      "low_freq": 2549.74365234375,
      "mid_mean": -17.291889190673828,
      "mid_to_side_loudness": -0.6782053709030151,
      "mid_to_side_loudness_range": 11.834455490112305,
      "side_mean": -18.13546371459961
    },
    {
      "high_freq": 7314.1640625,
      "loudness": -24.76324462890625,
      "loudness_range": 12.079282760620117,
      "low_freq": 4349.24462890625,
      "mid_mean": -24.067750930786133,
      "mid_to_side_loudness": -1.2170029878616333,
      "mid_to_side_loudness_range": 14.205123901367188,
      "side_mean": -25.57748031616211
    },
    {
      "high_freq": 12199.2666015625,
      "loudness": -31.792579650878906,
      "loudness_range": 16.87814712524414,
      "low_freq": 7314.1640625,
      "mid_mean": -30.6987247467041,
      "mid_to_side_loudness": -2.5142714977264404,
      "mid_to_side_loudness_range": 16.822498321533203,
      "side_mean": -33.98114013671875
    },
    {
      "loudness": -41.457550048828125,
      "loudness_range": 18.13433265686035,
      "low_freq": 12199.2666015625,
      "mid_mean": -38.94380187988281,
      "mid_to_side_loudness": -7.309450626373291,
      "mid_to_side_loudness_range": 20.818761825561523,
      "side_mean": -47.2565803527832
    }
  ],
  "bandwidth": 817.14501953125,
  "channels": 2,
  "covariance": [
    [
      10.060493469238281,
      3.045535087585449,
      3.4148335456848145,
      0.4705301523208618,
      -0.9485849142074585,
      1.57339608669281,
      0.9177116751670837,
      2.015453815460205,
      3.716306209564209,
      3.7415637969970703,
      4.160746097564697,
      3.2813186645507812,
      4.043656826019287,
      3.420344829559326,
      2.2420573234558105,
      4.025824069976807,
      -0.5959395170211792,
      3.72529673576355
    ],
    [
      3.045535087585449,
      11.911416053771973,
      -0.3184393048286438,
      1.8074394464492798,
      -1.9140616655349731,
      -1.3985182046890259,
      -1.3761628866195679,
      -1.3557260036468506,
      1.7872202396392822,
      1.750730276107788,
      2.333338975906372,
      2.022500991821289,
      1.8254121541976929,
      2.5981550216674805,
      0.052742380648851395,
      1.5084270238876343,
      -1.0699735879898071,
      1.295339584350586
    ],
    [
      3.4148335456848145,
      -0.3184393048286438,
      12.61520767211914,
      4.003547191619873,
      2.223651170730591,
      0.23146814107894897,
      1.5863912105560303,
      0.444841593503952,
      1.7838354110717773,
      0.5306349992752075,
      2.0531840324401855,
      -0.6630620360374451,
      3.597574234008789,
      -2.0435352325439453,
      5.336766242980957,
      -0.42685237526893616,
      1.5896538496017456,
      0.5260105133056641
    ],
    [
      0.4705301523208618,
      1.8074394464492798,
      4.003547191619873,
      11.443313598632812,
      2.7268152236938477,
      6.313986778259277,
      3.3030078411102295,
      6.274105548858643,
      3.081310510635376,
      5.272511959075928,
      3.436828136444092,
      5.408200740814209,
      3.680713653564453,
      5.093461036682129,
      4.806079864501953,
      7.144232273101807,
      1.8671783208847046,
      7.07186222076416
    ],
    [
      -0.9485849142074585,
      -1.9140616655349731,
      2.223651170730591,
      2.7268152236938477,
      16.5882568359375,
      3.571260452270508,
      10.24026870727539,
      2.7917494773864746,
      1.901052474975586,
      0.9574499130249023,
      1.9053950309753418,
      0.6671956181526184,
      1.509651780128479,
      -0.6861673593521118,
      3.6020913124084473,
      2.032600164413452,
      1.6125353574752808,
      2.729017734527588
    ],
    [
      1.57339608669281,
      -1.3985182046890259,
      0.23146814107894897,
      6.313986778259277,
      3.571260452270508,
      18.826976776123047,
      4.850468158721924,
      15.540800094604492,
      6.043576717376709,
      13.575506210327148,
      7.086012363433838,
      14.297857284545898,
      4.796806335449219,
      14.020551681518555,
      3.73417329788208,
      16.131145477294922,
      1.6363567113876343,
      13.124112129211426
    ],
    [
      0.9177116751670837,
      -1.3761628866195679,
      1.5863912105560303,
      3.3030078411102295,
      10.24026870727539,
      4.850468158721924,
      20.54422378540039,
      9.270892143249512,
      6.203249454498291,
      4.883282661437988,
      4.8114094734191895,
      4.746309757232666,
      4.908274173736572,
      4.2242865562438965,
      4.446167945861816,
      6.425734043121338,
      0.8666543364524841,
      6.249919414520264
    ],
    [
      2.015453815460205,
      -1.3557260036468506,
      0.444841593503952,
      6.274105548858643,
      2.7917494773864746,
      15.540800094604492,
      9.270892143249512,
      21.398576736450195,
      7.064402103424072,
      14.629255294799805,
      7.033290863037109,
      15.441410064697266,
      6.387683868408203,
      16.495723724365234,
      5.47568941116333,
      19.738954544067383,
      2.1485042572021484,
      15.94233226776123
    ],
    [
      3.716306209564209,
      1.7872202396392822,
      1.7838354110717773,
      3.081310510635376,
      1.901052474975586,
      6.043576717376709,
      6.203249454498291,
      7.064402103424072,
      12.99666976928711,
      8.806844711303711,
      10.041733741760254,
      8.856752395629883,
      7.743289470672607,
      8.610697746276855,
      4.128687858581543,
      9.102935791015625,
      0.3936600089073181,
      8.95297622680664
    ],
    [
      3.7415637969970703,
      1.750730276107788,
      0.5306349992752075,
      5.272511959075928,
      0.9574499130249023,
      13.575506210327148,
      4.883282661437988,
      14.629255294799805,
      8.806844711303711,
      17.15839958190918,
      9.016260147094727,
      16.834983825683594,
      7.775131702423096,
      17.30743980407715,
      5.021875858306885,
      18.164051055908203,
      1.2377004623413086,
      15.549501419067383
    ],
    [
      4.160746097564697,
      2.333338975906372,
      2.0531840324401855,
      3.436828136444092,
      1.9053950309753418,
      7.086012363433838,
      4.8114094734191895,
      7.033290863037109,
      10.041733741760254,
      9.016260147094727,
      14.794897079467773,
      10.731280326843262,
      10.347790718078613,
      9.75841999053955,
      6.7638373374938965,
      11.123947143554688,
      0.557113766670227,
      10.304394721984863
    ],
    [
      3.2813186645507812,
      2.022500991821289,
      -0.6630620360374451,
      5.408200740814209,
      0.6671956181526184,
      14.297857284545898,
      4.746309757232666,
      15.441410064697266,
      8.856752395629883,
      16.834983825683594,
      10.731280326843262,
      20.062721252441406,
      8.18730354309082,
      20.951459884643555,
      5.563174724578857,
      23.25704574584961,
      1.100501298904419,
      19.42868995666504
    ],
    [
      4.043656826019287,
      1.8254121541976929,
      3.597574234008789,
      3.680713653564453,
      1.509651780128479,
      4.796806335449219,
      4.908274173736572,
      6.387683868408203,
      7.743289470672607,
      7.775131702423096,
      10.347790718078613,
      8.18730354309082,
      15.663005828857422,
      9.965042114257812,
      13.480914115905762,
      12.036275863647461,
      3.979736328125,
      12.401800155639648
    ],
    [
      3.420344829559326,
      2.5981550216674805,
      -2.0435352325439453,
      5.093461036682129,
      -0.6861673593521118,
      14.020551681518555,
      4.2242865562438965,
      16.495723724365234,
      8.610697746276855,
      17.30743980407715,
      9.75841999053955,
      20.951459884643555,
      9.965042114257812,
      30.290117263793945,
      6.669049263000488,
      33.70710754394531,
      1.0284088850021362,
      26.182865142822266
    ],
    [
      2.2420573234558105,
      0.052742380648851395,
      5.336766242980957,
      4.806079864501953,
      3.6020913124084473,
      3.73417329788208,
      4.446167945861816,
      5.47568941116333,
      4.128687858581543,
      5.021875858306885,
      6.7638373374938965,
      5.563174724578857,
      13.480914115905762,
      6.669049263000488,
      24.811880111694336,
      12.954343795776367,
      9.001119613647461,
      15.247233390808105
    ],
    [
      4.025824069976807,
      1.5084270238876343,
      -0.42685237526893616,
      7.144232273101807,
      2.032600164413452,
      16.131145477294922,
      6.425734043121338,
      19.738954544067383,
      9.102935791015625,
      18.164051055908203,
      11.123947143554688,
      23.25704574584961,
      12.036275863647461,
      33.70710754394531,
      12.954343795776367,
      48.10535430908203,
      3.1930668354034424,
      38.39854049682617
    ],
    [
      -0.5959395170211792,
      -1.0699735879898071,
      1.5896538496017456,
      1.8671783208847046,
      1.6125353574752808,
      1.6363567113876343,
      0.8666543364524841,
      2.1485042572021484,
      0.3936600089073181,
      1.2377004623413086,
      0.557113766670227,
      1.100501298904419,
      3.979736328125,
      1.0284088850021362,
      9.001119613647461,
      3.1930668354034424,
      9.60703182220459,
      5.364664077758789
    ],
    [
      3.72529673576355,
      1.295339584350586,
      0.5260105133056641,
      7.07186222076416,
      2.729017734527588,
      13.124112129211426,
      6.249919414520264,
      15.94233226776123,
      8.95297622680664,
      15.549501419067383,
      10.304394721984863,
      19.42868995666504,
      12.401800155639648,
      26.182865142822266,
      15.247233390808105,
      38.39854049682617,
      5.364664077758789,
      37.87919235229492
    ]
  ],
  "covariance_short": [
    [
      44.71894454956055,
      15.387404441833496,
      14.110334396362305,
      1.880982756614685,
      2.758307456970215,
      2.2766425609588623,
      2.619560480117798,
      2.465912342071533,
      5.587423801422119,
      4.793701171875,
      5.096439361572266,
      3.7709572315216064,
      5.612843990325928,
      3.8839335441589355,
      5.673669815063477,
      4.194983959197998,
      11.928386688232422,
      6.879933834075928
    ],
    [
      15.387404441833496,
      40.88136672973633,
      6.2389092445373535,
      7.074443340301514,
      -1.1325571537017822,
      -0.8568533062934875,
      -0.6025542616844177,
      -0.16415312886238098,
      1.8728504180908203,
      1.3151230812072754,
      2.2789242267608643,
      0.685185432434082,
      3.525883674621582,
      2.417846918106079,
      4.726366996765137,
      3.0689544677734375,
      8.514348030090332,
      5.061279773712158
    ],
    [
      14.110334396362305,
      6.2389092445373535,
      26.076332092285156,
      5.140528202056885,
      5.286272048950195,
      1.837110996246338,
      0.9137290120124817,
      0.5923731923103333,
      4.422573089599609,
      1.8923923969268799,
      3.662018060684204,
      0.6229022741317749,
      4.742530822753906,
      -0.5377487540245056,
      7.364375591278076,
      0.7321659922599792,
      9.233353614807129,
      3.81033992767334
    ],
    [
      1.880982756614685,
      7.074443340301514,
      5.140528202056885,
      17.557064056396484,
      3.081545114517212,
      6.5316033363342285,
      2.4316914081573486,
      5.511248588562012,
      3.3076369762420654,
      4.57333517074585,
      2.951174736022949,
      4.702558994293213,
      3.684972047805786,
      5.141566753387451,
      5.554895877838135,
      7.005836486816406,
      5.281788349151611,
      7.685924530029297
    ],
    [
      2.758307456970215,
      -1.1325571537017822,
      5.286272048950195,
      3.081545114517212,
      27.648550033569336,
      6.799624919891357,
      14.162757873535156,
      4.666887283325195,
      6.586058616638184,
      3.196519374847412,
      7.090487957000732,
      3.189556360244751,
      4.97261905670166,
      1.8631031513214111,
      6.113017559051514,
      4.726255416870117,
      6.00981330871582,
      5.976165771484375
    ],
    [
      2.2766425609588623,
      -0.8568533062934875,
      1.837110996246338,
      6.5316033363342285,
      6.799624919891357,
      23.659439086914062,
      6.019583702087402,
      17.388486862182617,
      9.02562141418457,
      15.470008850097656,
      9.081306457519531,
      17.016706466674805,
      6.231435298919678,
      15.211482048034668,
      5.930324077606201,
      16.35597801208496,
      5.7618608474731445,
      15.188263893127441
    ],
    [
      2.619560480117798,
      -0.6025542616844177,
      0.9137290120124817,
      2.4316914081573486,
      14.162757873535156,
      6.019583702087402,
      29.414316177368164,
      11.034332275390625,
      9.179530143737793,
      5.316547393798828,
      7.843116283416748,
      5.602395057678223,
      6.713728904724121,
      6.0224833488464355,
      6.283982276916504,
      8.761958122253418,
      6.055370807647705,
      9.181756973266602
    ],
    [
      2.465912342071533,
      -0.16415312886238098,
      0.5923731923103333,
      5.511248588562012,
      4.666887283325195,
      17.388486862182617,
      11.034332275390625,
      28.350488662719727,
      10.120699882507324,
      18.324697494506836,
      9.325643539428711,
      19.633256912231445,
      7.711204528808594,
      19.223024368286133,
      7.917695045471191,
      21.128644943237305,
      8.418953895568848,
      19.22064781188965
    ],
    [
      5.587423801422119,
      1.8728504180908203,
      4.422573089599609,
      3.3076369762420654,
      6.586058616638184,
      9.02562141418457,
      9.179530143737793,
      10.120699882507324,
      21.57311248779297,
      12.129205703735352,
      14.885246276855469,
      12.332341194152832,
      11.232208251953125,
      11.927940368652344,
      7.370838165283203,
      11.98023509979248,
      7.101297855377197,
      13.001233100891113
    ],
    [
      4.793701171875,
      1.3151230812072754,
      1.8923923969268799,
      4.57333517074585,
      3.196519374847412,
      15.470008850097656,
      5.316547393798828,
      18.324697494506836,
      12.129205703735352,
      23.212055206298828,
      11.25960922241211,
      21.906726837158203,
      9.406970977783203,
      21.00162124633789,
      7.614741325378418,
      19.893470764160156,
      7.726192474365234,
      19.125455856323242
    ],
    [
      5.096439361572266,
      2.2789242267608643,
      3.662018060684204,
      2.951174736022949,
      7.090487957000732,
      9.081306457519531,
      7.843116283416748,
      9.325643539428711,
      14.885246276855469,
      11.25960922241211,
      21.58921241760254,
      13.683320999145508,
      15.276823043823242,
      12.989638328552246,
      11.68171215057373,
      14.657097816467285,
      7.985804080963135,
      14.69346809387207
    ],
    [
      3.7709572315216064,
      0.685185432434082,
      0.6229022741317749,
      4.702558994293213,
      3.189556360244751,
      17.016706466674805,
      5.602395057678223,
      19.633256912231445,
      12.332341194152832,
      21.906726837158203,
      13.683320999145508,
      27.29025650024414,
      10.700356483459473,
      25.92926025390625,
      9.151994705200195,
      26.519641876220703,
      7.943915843963623,
      24.60401153564453
    ],
    [
      5.612843990325928,
      3.525883674621582,
      4.742530822753906,
      3.684972047805786,
      4.97261905670166,
      6.231435298919678,
      6.713728904724121,
      7.711204528808594,
      11.232208251953125,
      9.406970977783203,
      15.276823043823242,
      10.700356483459473,
      23.92380714416504,
      14.35733413696289,
      22.520526885986328,
      18.211355209350586,
      15.758743286132812,
      19.236074447631836
    ],
    [
      3.8839335441589355,
      2.417846918106079,
      -0.5377487540245056,
      5.141566753387451,
      1.8631031513214111,
      15.211482048034668,
      6.0224833488464355,
      19.223024368286133,
      11.927940368652344,
      21.00162124633789,
      12.989638328552246,
      25.92926025390625,
      14.35733413696289,
      36.09749221801758,
      12.789904594421387,
      38.153770446777344,
      9.57248592376709,
      33.833595275878906
    ],
    [
      5.673669815063477,
      4.726366996765137,
      7.364375591278076,
      5.554895877838135,
      6.113017559051514,
      5.930324077606201,
      6.283982276916504,
      7.917695045471191,
      7.370838165283203,
      7.614741325378418,
      11.68171215057373,
      9.151994705200195,
      22.520526885986328,
      12.789904594421387,
      40.46610641479492,
      22.516714096069336,
      29.43602180480957,
      26.05242919921875
    ],
    [
      4.194983959197998,
      3.0689544677734375,
      0.7321659922599792,
      7.005836486816406,
      4.726255416870117,
      16.35597801208496,
      8.761958122253418,
      21.128644943237305,
      11.98023509979248,
      19.893470764160156,
      14.657097816467285,
      26.519641876220703,
      18.211355209350586,
      38.153770446777344,
      22.516714096069336,
      58.369083404541016,
      15.26820182800293,
      49.427452087402344
    ],
    [
      11.928386688232422,
      8.514348030090332,
      9.233353614807129,
      5.281788349151611,
      6.00981330871582,
      5.7618608474731445,
      6.055370807647705,
      8.418953895568848,
      7.101297855377197,
      7.726192474365234,
      7.985804080963135,
      7.943915843963623,
      15.758743286132812,
      9.57248592376709,
      29.43602180480957,
      15.26820182800293,
      44.03595733642578,
      21.257722854614258
    ],
    [
      6.879933834075928,
      5.061279773712158,
      3.81033992767334,
      7.685924530029297,
      5.976165771484375,
      15.188263893127441,
      9.181756973266602,
      19.22064781188965,
      13.001233100891113,
      19.125455856323242,
      14.69346809387207,
      24.60401153564453,
      19.236074447631836,
      33.833595275878906,
      26.05242919921875,
      49.427452087402344,
      21.257722854614258,
      58.467071533203125
    ]
  ],
  "damage": -4.999732971191406,
  "diff_bandwidth": 790.3978881835938,
  "dissonance": 10.746658094389979,
  "drr": 15.506685256958008,
  "dynamics": 1.8183354139328003,
  "format": 1245190,
  "frames": 10717120,
  "loudness": -7.308063983917236,
  "loudness_range": 4.025519847869873,
  "loudness_range_short": 6.321633815765381,
  "lowpass_true_peak_15khz": 0.8003090023994446,
  "mastering3_acoustic_entropies": [
    {
      "acoustic_entropy": 5.922039985656738,
      "acoustic_entropy_mono": 5.0621232986450195,
      "band_eliminated_acoustic_entropies": [
        {
          "acoustic_entropy": 5.946957588195801,
          "acoustic_entropy_side": 5.92204475402832,
          "hz": 129.47220167065723
        },
        {
          "acoustic_entropy": 6.037204742431641,
          "acoustic_entropy_side": 5.92274808883667,
          "hz": 202.92927478742237
        },
        {
          "acoustic_entropy": 6.311969757080078,
          "acoustic_entropy_side": 5.92819356918335,
          "hz": 282.89161906338205
        },
        {
          "acoustic_entropy": 5.969714164733887,
          "acoustic_entropy_side": 5.940499305725098,
          "hz": 369.9353335868758
        },
        {
          "acoustic_entropy": 6.288331508636475,
          "acoustic_entropy_side": 5.964895248413086,
          "hz": 464.6875360973435
        },
        {
          "acoustic_entropy": 6.428228855133057,
          "acoustic_entropy_side": 5.979603290557861,
          "hz": 567.8308811364784
        },
        {
          "acoustic_entropy": 6.504565238952637,
          "acoustic_entropy_side": 5.954376220703125,
          "hz": 680.1084783214808
        },
        {
          "acoustic_entropy": 6.123763084411621,
          "acoustic_entropy_side": 5.885211944580078,
          "hz": 802.3292461747484
        },
        {
          "acoustic_entropy": 5.744603157043457,
          "acoustic_entropy_side": 5.915877819061279,
          "hz": 935.3737400823702
        },
        {
          "acoustic_entropy": 5.822621822357178,
          "acoustic_entropy_side": 5.935217380523682,
          "hz": 1080.2004963696966
        },
        {
          "acoustic_entropy": 5.606565952301025,
          "acoustic_entropy_side": 5.88744592666626,
          "hz": 1237.8529382007157
        },
        {
          "acoustic_entropy": 5.8842949867248535,
          "acoustic_entropy_side": 5.9189958572387695,
          "hz": 1409.4668930556702
        },
        {
          "acoustic_entropy": 5.725149631500244,
          "acoustic_entropy_side": 5.950422286987305,
          "hz": 1596.2787759475705
        },
        {
          "acoustic_entropy": 5.686300754547119,
          "acoustic_entropy_side": 5.945887565612793,
          "hz": 1799.6344973346393
        },
        {
          "acoustic_entropy": 6.062806129455566,
          "acoustic_entropy_side": 5.8582963943481445,
          "hz": 2020.9991599069049
        },
        {
          "acoustic_entropy": 5.915408134460449,
          "acoustic_entropy_side": 5.878691673278809,
          "hz": 2261.9676141086993
        },
        {
          "acoustic_entropy": 5.756523609161377,
          "acoustic_entropy_side": 5.8800554275512695,
          "hz": 2524.2759484456974
        },
        {
          "acoustic_entropy": 5.651089191436768,
          "acoustic_entropy_side": 5.86552095413208,
          "hz": 2809.813997359896
        },
        {
          "acoustic_entropy": 5.673210144042969,
          "acoustic_entropy_side": 5.766287326812744,
          "hz": 3120.6389567871424
        },
        {
          "acoustic_entropy": 5.755688667297363,
          "acoustic_entropy_side": 5.822584629058838,
          "hz": 3458.990205492291
        },
        {
          "acoustic_entropy": 5.516259670257568,
          "acoustic_entropy_side": 5.814435958862305,
          "hz": 3827.305438964164
        },
        {
          "acoustic_entropy": 5.644471645355225,
          "acoustic_entropy_side": 5.790811061859131,
          "hz": 4228.238232109126
        },
        {
          "acoustic_entropy": 5.681939601898193,
          "acoustic_entropy_side": 5.847140312194824,
          "hz": 4664.6771572759235
        },
        {
          "acoustic_entropy": 5.736583709716797,
          "acoustic_entropy_side": 5.873498916625977,
          "hz": 5139.766595350093
        },
        {
          "acoustic_entropy": 5.819823265075684,
          "acoustic_entropy_side": 5.909450054168701,
          "hz": 5656.929389854203
        },
        {
          "acoustic_entropy": 6.0058441162109375,
          "acoustic_entropy_side": 5.901613235473633,
          "hz": 6219.891507268283
        },
        {
          "acoustic_entropy": 6.024848461151123,
          "acoustic_entropy_side": 5.855105400085449,
          "hz": 6832.70888123896
        },
        {
          "acoustic_entropy": 5.991289138793945,
          "acoustic_entropy_side": 5.905706405639648,
          "hz": 7499.796634079867
        },
        {
          "acoustic_entropy": 6.018754482269287,
          "acoustic_entropy_side": 5.917541027069092,
          "hz": 8225.96088609342
        },
        {
          "acoustic_entropy": 6.024546146392822,
          "acoustic_entropy_side": 5.919218063354492,
          "hz": 9016.43338188839
        },
        {
          "acoustic_entropy": 6.055339336395264,
          "acoustic_entropy_side": 5.926225185394287,
          "hz": 9876.909183162974
        },
        {
          "acoustic_entropy": 6.026214122772217,
          "acoustic_entropy_side": 5.919182300567627,
          "hz": 10813.587699516042
        },
        {
          "acoustic_entropy": 5.965763092041016,
          "acoustic_entropy_side": 5.914238452911377,
          "hz": 11833.21735289826
        },
        {
          "acoustic_entropy": 5.972390174865723,
          "acoustic_entropy_side": 5.916249752044678,
          "hz": 12943.144197493959
        },
        {
          "acoustic_entropy": 5.940005302429199,
          "acoustic_entropy_side": 5.918538570404053,
          "hz": 14151.364845322005
        },
        {
          "acoustic_entropy": 5.926668643951416,
          "acoustic_entropy_side": 5.921526908874512,
          "hz": 15466.58407886509
        },
        {
          "acoustic_entropy": 5.9228901863098145,
          "acoustic_entropy_side": 5.921984672546387,
          "hz": 16898.27756580493
        },
        {
          "acoustic_entropy": 5.922520160675049,
          "acoustic_entropy_side": 5.922033786773682,
          "hz": 18456.760127700032
        },
        {
          "acoustic_entropy": 5.922330379486084,
          "acoustic_entropy_side": 5.922032356262207,
          "hz": 20153.260054456492
        },
        {
          "acoustic_entropy": 5.922109127044678,
          "acoustic_entropy_side": 5.92203950881958,
          "hz": 22000.00000000001
        }
      ],
      "diff_acoustic_entropy": 5.410560607910156,
      "sn": 6
    },
    {
      "acoustic_entropy": 10.671065330505371,
      "acoustic_entropy_mono": 8.820077896118164,
      "band_eliminated_acoustic_entropies": [
        {
          "acoustic_entropy": 10.755634307861328,
          "acoustic_entropy_side": 10.671092987060547,
          "hz": 129.47220167065723
        },
        {
          "acoustic_entropy": 10.646639823913574,
          "acoustic_entropy_side": 10.669649124145508,
          "hz": 202.92927478742237
        },
        {
          "acoustic_entropy": 10.640402793884277,
          "acoustic_entropy_side": 10.684521675109863,
          "hz": 282.89161906338205
        },
        {
          "acoustic_entropy": 10.162269592285156,
          "acoustic_entropy_side": 10.703245162963867,
          "hz": 369.9353335868758
        },
        {
          "acoustic_entropy": 10.836419105529785,
          "acoustic_entropy_side": 10.704998016357422,
          "hz": 464.6875360973435
        },
        {
          "acoustic_entropy": 10.49482250213623,
          "acoustic_entropy_side": 10.43972396850586,
          "hz": 567.8308811364784
        },
        {
          "acoustic_entropy": 10.639996528625488,
          "acoustic_entropy_side": 10.38210391998291,
          "hz": 680.1084783214808
        },
        {
          "acoustic_entropy": 11.012889862060547,
          "acoustic_entropy_side": 10.808662414550781,
          "hz": 802.3292461747484
        },
        {
          "acoustic_entropy": 10.331424713134766,
          "acoustic_entropy_side": 10.68420696258545,
          "hz": 935.3737400823702
        },
        {
          "acoustic_entropy": 10.647119522094727,
          "acoustic_entropy_side": 10.795622825622559,
          "hz": 1080.2004963696966
        },
        {
          "acoustic_entropy": 10.90799331665039,
          "acoustic_entropy_side": 10.745383262634277,
          "hz": 1237.8529382007157
        },
        {
          "acoustic_entropy": 10.709344863891602,
          "acoustic_entropy_side": 10.687712669372559,
          "hz": 1409.4668930556702
        },
        {
          "acoustic_entropy": 10.551465034484863,
          "acoustic_entropy_side": 10.719608306884766,
          "hz": 1596.2787759475705
        },
        {
          "acoustic_entropy": 10.564430236816406,
          "acoustic_entropy_side": 10.751770973205566,
          "hz": 1799.6344973346393
        },
        {
          "acoustic_entropy": 10.813576698303223,
          "acoustic_entropy_side": 10.687447547912598,
          "hz": 2020.9991599069049
        },
        {
          "acoustic_entropy": 10.721823692321777,
          "acoustic_entropy_side": 10.66520881652832,
          "hz": 2261.9676141086993
        },
        {
          "acoustic_entropy": 10.598349571228027,
          "acoustic_entropy_side": 10.616104125976562,
          "hz": 2524.2759484456974
        },
        {
          "acoustic_entropy": 10.535649299621582,
          "acoustic_entropy_side": 10.630597114562988,
          "hz": 2809.813997359896
        },
        {
          "acoustic_entropy": 10.664946556091309,
          "acoustic_entropy_side": 10.653658866882324,
          "hz": 3120.6389567871424
        },
        {
          "acoustic_entropy": 10.591745376586914,
          "acoustic_entropy_side": 10.643470764160156,
          "hz": 3458.990205492291
        },
        {
          "acoustic_entropy": 10.73493766784668,
          "acoustic_entropy_side": 10.621691703796387,
          "hz": 3827.305438964164
        },
        {
          "acoustic_entropy": 10.696353912353516,
          "acoustic_entropy_side": 10.640275001525879,
          "hz": 4228.238232109126
        },
        {
          "acoustic_entropy": 10.625266075134277,
          "acoustic_entropy_side": 10.621635437011719,
          "hz": 4664.6771572759235
        },
        {
          "acoustic_entropy": 10.724177360534668,
          "acoustic_entropy_side": 10.665102005004883,
          "hz": 5139.766595350093
        },
        {
          "acoustic_entropy": 10.67005729675293,
          "acoustic_entropy_side": 10.674102783203125,
          "hz": 5656.929389854203
        },
        {
          "acoustic_entropy": 10.742621421813965,
          "acoustic_entropy_side": 10.671451568603516,
          "hz": 6219.891507268283
        },
        {
          "acoustic_entropy": 10.55569839477539,
          "acoustic_entropy_side": 10.629439353942871,
          "hz": 6832.70888123896
        },
        {
          "acoustic_entropy": 10.407361030578613,
          "acoustic_entropy_side": 10.629807472229004,
          "hz": 7499.796634079867
        },
        {
          "acoustic_entropy": 10.492837905883789,
          "acoustic_entropy_side": 10.679795265197754,
          "hz": 8225.96088609342
        },
        {
          "acoustic_entropy": 10.453518867492676,
          "acoustic_entropy_side": 10.645170211791992,
          "hz": 9016.43338188839
        },
        {
          "acoustic_entropy": 10.460612297058105,
          "acoustic_entropy_side": 10.629814147949219,
          "hz": 9876.909183162974
        },
        {
          "acoustic_entropy": 10.528205871582031,
          "acoustic_entropy_side": 10.63138198852539,
          "hz": 10813.587699516042
        },
        {
          "acoustic_entropy": 10.603578567504883,
          "acoustic_entropy_side": 10.667609214782715,
          "hz": 11833.21735289826
        },
        {
          "acoustic_entropy": 10.632400512695312,
          "acoustic_entropy_side": 10.701658248901367,
          "hz": 12943.144197493959
        },
        {
          "acoustic_entropy": 10.727153778076172,
          "acoustic_entropy_side": 10.687169075012207,
          "hz": 14151.364845322005
        },
        {
          "acoustic_entropy": 10.67605972290039,
          "acoustic_entropy_side": 10.651844024658203,
          "hz": 15466.58407886509
        },
        {
          "acoustic_entropy": 10.689136505126953,
          "acoustic_entropy_side": 10.6671142578125,
          "hz": 16898.27756580493
        },
        {
          "acoustic_entropy": 10.685843467712402,
          "acoustic_entropy_side": 10.670510292053223,
          "hz": 18456.760127700032
        },
        {
          "acoustic_entropy": 10.67621898651123,
          "acoustic_entropy_side": 10.67080307006836,
          "hz": 20153.260054456492
        },
        {
          "acoustic_entropy": 10.672307014465332,
          "acoustic_entropy_side": 10.671050071716309,
          "hz": 22000.00000000001
        }
      ],
      "diff_acoustic_entropy": 10.12041187286377,
      "sn": 12
    },
    {
      "acoustic_entropy": 15.446209907531738,
      "acoustic_entropy_mono": 11.884292602539062,
      "band_eliminated_acoustic_entropies": [
        {
          "acoustic_entropy": 14.693684577941895,
          "acoustic_entropy_side": 15.460382461547852,
          "hz": 129.47220167065723
        },
        {
          "acoustic_entropy": 15.676688194274902,
          "acoustic_entropy_side": 15.512226104736328,
          "hz": 202.92927478742237
        },
        {
          "acoustic_entropy": 14.906822204589844,
          "acoustic_entropy_side": 14.855857849121094,
          "hz": 282.89161906338205
        },
        {
          "acoustic_entropy": 16.0858211517334,
          "acoustic_entropy_side": 15.866272926330566,
          "hz": 369.9353335868758
        },
        {
          "acoustic_entropy": 15.339020729064941,
          "acoustic_entropy_side": 15.274764060974121,
          "hz": 464.6875360973435
        },
        {
          "acoustic_entropy": 15.023050308227539,
          "acoustic_entropy_side": 15.321287155151367,
          "hz": 567.8308811364784
        },
        {
          "acoustic_entropy": 15.774560928344727,
          "acoustic_entropy_side": 15.225027084350586,
          "hz": 680.1084783214808
        },
        {
          "acoustic_entropy": 15.832781791687012,
          "acoustic_entropy_side": 15.648782730102539,
          "hz": 802.3292461747484
        },
        {
          "acoustic_entropy": 15.163742065429688,
          "acoustic_entropy_side": 15.430810928344727,
          "hz": 935.3737400823702
        },
        {
          "acoustic_entropy": 15.618202209472656,
          "acoustic_entropy_side": 15.389102935791016,
          "hz": 1080.2004963696966
        },
        {
          "acoustic_entropy": 15.45516586303711,
          "acoustic_entropy_side": 15.364178657531738,
          "hz": 1237.8529382007157
        },
        {
          "acoustic_entropy": 15.564414024353027,
          "acoustic_entropy_side": 15.529894828796387,
          "hz": 1409.4668930556702
        },
        {
          "acoustic_entropy": 15.385226249694824,
          "acoustic_entropy_side": 15.263359069824219,
          "hz": 1596.2787759475705
        },
        {
          "acoustic_entropy": 15.115546226501465,
          "acoustic_entropy_side": 15.704550743103027,
          "hz": 1799.6344973346393
        },
        {
          "acoustic_entropy": 15.3540678024292,
          "acoustic_entropy_side": 15.255080223083496,
          "hz": 2020.9991599069049
        },
        {
          "acoustic_entropy": 15.69422721862793,
          "acoustic_entropy_side": 15.517979621887207,
          "hz": 2261.9676141086993
        },
        {
          "acoustic_entropy": 15.35235595703125,
          "acoustic_entropy_side": 15.340004920959473,
          "hz": 2524.2759484456974
        },
        {
          "acoustic_entropy": 15.386506080627441,
          "acoustic_entropy_side": 15.394925117492676,
          "hz": 2809.813997359896
        },
        {
          "acoustic_entropy": 15.172463417053223,
