{
  "acoustic_entropy": 193.08749389648438,
  "bands": [
    {
      "high_freq": 148.1999969482422,
      "loudness": -28.750036239624023,
      "loudness_range": 16.54528045654297,
      "mid_mean": -26.529781341552734,
      "mid_to_side_loudness": -5.0903096199035645,
      "mid_to_side_loudness_range": 11.144377708435059,
      "side_mean": -31.670663833618164
    },
    {
      "high_freq": 392.3793640136719,
      "loudness": -22.097246170043945,
      "loudness_range": 9.682792663574219,
      "low_freq": 148.1999969482422,
      "mid_mean": -19.445194244384766,
      "mid_to_side_loudness": -6.572905540466309,
      "mid_to_side_loudness_range": 9.622307777404785,
      "side_mean": -26.153656005859375
    },
    {
      "high_freq": 794.6976318359375,
      "loudness": -24.663814544677734,
      "loudness_range": 13.848737716674805,
      "low_freq": 392.3793640136719,
      "mid_mean": -22.099458694458008,
      "mid_to_side_loudness": -6.683867931365967,
      "mid_to_side_loudness_range": 13.193206787109375,
      "side_mean": -28.89372444152832
    },
    {
      "high_freq": 1457.5709228515625,
      "loudness": -31.30073356628418,
      "loudness_range": 21.1575984954834,
      "low_freq": 794.6976318359375,
      "mid_mean": -28.864646911621094,
      "mid_to_side_loudness": -6.246766567230225,
      "mid_to_side_loudness_range": 13.158803939819336,
      "side_mean": -35.2485237121582
    },
    {
      "high_freq": 2549.74365234375,
      "loudness": -35.68842697143555,
      "loudness_range": 16.241098403930664,
      "low_freq": 1457.5709228515625,
      "mid_mean": -33.48490905761719,
      "mid_to_side_loudness": -4.718105792999268,
      "mid_to_side_loudness_range": 9.167993545532227,
      "side_mean": -38.25127029418945
    },
    {
      "high_freq": 4349.24462890625,
      "loudness": -38.423702239990234,
      "loudness_range": 19.24344253540039,
      "low_freq": 2549.74365234375,
      "mid_mean": -35.880645751953125,
      "mid_to_side_loudness": -6.692084789276123,
      "mid_to_side_loudness_range": 12.504387855529785,
      "side_mean": -42.645538330078125
    },
    {
      "high_freq": 7314.1640625,
      "loudness": -45.6477165222168,
      "loudness_range": 21.407352447509766,
      "low_freq": 4349.24462890625,
      "mid_mean": -42.82404327392578,
      "mid_to_side_loudness": -8.914328575134277,
      "mid_to_side_loudness_range": 16.81983184814453,
      "side_mean": -52.45760726928711
    },
    {
      "high_freq": 12199.2666015625,
      "loudness": -51.19500732421875,
      "loudness_range": 24.101398468017578,
      "low_freq": 7314.1640625,
      "mid_mean": -48.3263053894043,
      "mid_to_side_loudness": -11.812994956970215,
      "mid_to_side_loudness_range": 20.66529083251953,
      "side_mean": -60.2056999206543
    },
    {
      "loudness": -62.56100082397461,
      "loudness_range": 22.237903594970703,
      "low_freq": 12199.2666015625,
      "mid_mean": -58.602020263671875,
      "mid_to_side_loudness": -12.400823593139648,
      "mid_to_side_loudness_range": 22.786212921142578,
      "side_mean": -67.5346908569336
    }
  ],
  "bands_short": [
    {
      "high_freq": 148.1999969482422,
      "loudness": -34.15940475463867,
      "loudness_range": 22.267467498779297,
      "mid_mean": -32.30735397338867,
      "mid_to_side_loudness": -5.085445404052734,
      "mid_to_side_loudness_range": 17.53708267211914,
      "side_mean": -37.48209762573242
    },
    {
      "high_freq": 392.3793640136719,
      "loudness": -22.02528953552246,
      "loudness_range": 10.280515670776367,
      "low_freq": 148.1999969482422,
      "mid_mean": -19.506223678588867,
      "mid_to_side_loudness": -6.28743839263916,
      "mid_to_side_loudness_range": 11.41585922241211,
      "side_mean": -25.86981773376465
    },
    {
      "high_freq": 794.6976318359375,
      "loudness": -24.82900047302246,
      "loudness_range": 15.026351928710938,
      "low_freq": 392.3793640136719,
      "mid_mean": -22.476280212402344,
      "mid_to_side_loudness": -6.423111915588379,
      "mid_to_side_loudness_range": 15.783769607543945,
      "side_mean": -28.996301651000977
    },
    {
      "high_freq": 1457.5709228515625,
      "loudness": -31.41818618774414,
      "loudness_range": 21.2778263092041,
      "low_freq": 794.6976318359375,
      "mid_mean": -29.2083740234375,
      "mid_to_side_loudness": -5.799954414367676,
      "mid_to_side_loudness_range": 15.83091926574707,
      "side_mean": -35.14390182495117
    },
    {
      "high_freq": 2549.74365234375,
      "loudness": -36.135318756103516,
      "loudness_range": 16.615493774414062,
      "low_freq": 1457.5709228515625,
      "mid_mean": -34.07020950317383,
      "mid_to_side_loudness": -4.438131809234619,
      "mid_to_side_loudness_range": 10.339338302612305,
      "side_mean": -38.551448822021484
    },
    {
      "high_freq": 4349.24462890625,
      "loudness": -38.73130416870117,
      "loudness_range": 19.533456802368164,
      "low_freq": 2549.74365234375,
      "mid_mean": -36.34807205200195,
      "mid_to_side_loudness": -6.170863628387451,
      "mid_to_side_loudness_range": 13.608039855957031,
      "side_mean": -42.66354751586914
    },
    {
      "high_freq": 7314.1640625,
      "loudness": -46.42526626586914,
      "loudness_range": 22.407676696777344,
      "low_freq": 4349.24462890625,
      "mid_mean": -43.81575393676758,
      "mid_to_side_loudness": -7.963002681732178,
      "mid_to_side_loudness_range": 17.6585750579834,
      "side_mean": -52.87077331542969
    },
    {
      "high_freq": 12199.2666015625,
      "loudness": -52.35411834716797,
      "loudness_range": 25.215042114257812,
      "low_freq": 7314.1640625,
      "mid_mean": -50.30839538574219,
      "mid_to_side_loudness": -10.632762908935547,
      "mid_to_side_loudness_range": 20.540876388549805,
      "side_mean": -60.953514099121094
    },
    {
      "loudness": -63.7098503112793,
      "loudness_range": 23.302539825439453,
      "low_freq": 12199.2666015625,
      "mid_mean": -59.576725006103516,
      "mid_to_side_loudness": -11.124094009399414,
      "mid_to_side_loudness_range": 23.81436538696289,
      "side_mean": -67.77739715576172
    }
  ],
  "bandwidth": 512.172607421875,
  "channels": 2,
  "covariance": [
    [
      37.24779510498047,
      28.236919403076172,
      7.990155220031738,
      6.222967147827148,
      4.903810024261475,
      -0.02056480385363102,
      3.752197504043579,
      0.2650105953216553,
      -2.393386125564575,
      -4.4434285163879395,
      -2.6870574951171875,
      -6.189900875091553,
      1.762376308441162,
      -3.1571593284606934,
      5.648733615875244,
      -1.5897825956344604,
      6.350773334503174,
      -2.8257036209106445
    ],
    [
      28.236919403076172,
      35.007057189941406,
      9.089174270629883,
      7.027585506439209,
      4.5165886878967285,
      0.08673550188541412,
      3.401334047317505,
      -0.017800703644752502,
      -2.346284866333008,
      -4.372378349304199,
      -0.6385536193847656,
      -5.621334075927734,
      1.054912805557251,
      -3.5771288871765137,
      5.058318614959717,
      -2.700200319290161,
      5.408698558807373,
      -3.517618179321289
    ],
    [
      7.990155220031738,
      9.089174270629883,
      17.326698303222656,
      8.332137107849121,
      3.4213640689849854,
      1.8904122114181519,
      2.723179817199707,
      2.4394137859344482,
      1.979649543762207,
      1.820305585861206,
      2.9760935306549072,
      1.6059426069259644,
      3.466546058654785,
      3.410780191421509,
      7.705552101135254,
      3.0885393619537354,
      4.357253074645996,
      -0.03330547362565994
    ],
    [
      6.222967147827148,
      7.027585506439209,
      8.332137107849121,
      10.948394775390625,
      3.9470596313476562,
      2.604917287826538,
      4.683680534362793,
      3.841520309448242,
      3.9448609352111816,
      3.0357398986816406,
      3.9009695053100586,
      2.9183831214904785,
      3.7668848037719727,
      4.321868419647217,
      5.305550575256348,
      3.433352470397949,
      3.947805404663086,
      0.4836115837097168
    ],
    [
      4.903810024261475,
      4.5165886878967285,
      3.4213640689849854,
      3.9470596313476562,
      28.17326545715332,
      10.165809631347656,
      23.715087890625,
      13.896781921386719,
      17.694255828857422,
      10.515491485595703,
      22.86200714111328,
      12.130936622619629,
      21.26761817932129,
      12.278764724731445,
      24.547807693481445,
      10.711536407470703,
      19.417442321777344,
      2.68247652053833
    ],
    [
      -0.02056480385363102,
      0.08673550188541412,
      1.8904122114181519,
      2.604917287826538,
      10.165809631347656,
      12.955520629882812,
      11.663240432739258,
      12.101995468139648,
      13.91057300567627,
      12.962080001831055,
      14.189000129699707,
      13.64793586730957,
      9.976794242858887,
      12.9406156539917,
      9.21910285949707,
      10.084197998046875,
      5.924429416656494,
      3.95953369140625
    ],
    [
      3.752197504043579,
      3.401334047317505,
      2.723179817199707,
      4.683680534362793,
      23.715087890625,
      11.663240432739258,
      50.915077209472656,
      23.67991828918457,
      30.49821662902832,
      15.728097915649414,
      29.12535858154297,
      17.23433494567871,
      29.103437423706055,
      16.651811599731445,
      32.132896423339844,
      13.69605541229248,
      29.48970603942871,
      4.06150484085083
    ],
    [
      0.2650105953216553,
      -0.017800703644752502,
      2.4394137859344482,
      3.841520309448242,
      13.896781921386719,
      12.101995468139648,
      23.67991828918457,
      23.146556854248047,
      21.983806610107422,
      18.544795989990234,
      21.911836624145508,
      19.000682830810547,
      18.792966842651367,
      18.77129364013672,
      18.888853073120117,
      15.359762191772461,
      14.061222076416016,
      6.077608585357666
    ],
    [
      -2.393386125564575,
      -2.346284866333008,
      1.979649543762207,
      3.9448609352111816,
      17.694255828857422,
      13.91057300567627,
      30.49821662902832,
      21.983806610107422,
      36.90678405761719,
      23.89322280883789,
      31.333961486816406,
      25.278026580810547,
      28.214527130126953,
      23.851783752441406,
      26.35718536376953,
      18.530630111694336,
      20.01758575439453,
      7.006032466888428
    ],
    [
      -4.4434285163879395,
      -4.372378349304199,
      1.820305585861206,
      3.0357398986816406,
      10.515491485595703,
      12.962080001831055,
      15.728097915649414,
      18.544795989990234,
      23.89322280883789,
      25.098316192626953,
      21.761062622070312,
      25.647506713867188,
      15.414214134216309,
      23.829988479614258,
      11.932975769042969,
      17.79347038269043,
      7.397736072540283,
      7.986952781677246
    ],
    [
      -2.6870574951171875,
      -0.6385536193847656,
      2.9760935306549072,
      3.9009695053100586,
      22.86200714111328,
      14.189000129699707,
      29.12535858154297,
      21.911836624145508,
      31.333961486816406,
      21.761062622070312,
      48.42788314819336,
      27.75458335876465,
      41.693241119384766,
      25.73026466369629,
      40.16328811645508,
      20.529672622680664,
      26.710418701171875,
      6.797077655792236
    ],
    [
      -6.189900875091553,
      -5.621334075927734,
      1.6059426069259644,
      2.9183831214904785,
      12.130936622619629,
      13.64793586730957,
      17.23433494567871,
      19.000682830810547,
      25.278026580810547,
      25.647506713867188,
      27.75458335876465,
      33.026676177978516,
      19.38116455078125,
      28.639039993286133,
      16.312713623046875,
      21.872507095336914,
      9.56212043762207,
      9.616023063659668
    ],
    [
      1.762376308441162,
      1.054912805557251,
      3.466546058654785,
      3.7668848037719727,
      21.26761817932129,
      9.976794242858887,
      29.103437423706055,
      18.792966842651367,
      28.214527130126953,
      15.414214134216309,
      41.693241119384766,
      19.38116455078125,
      58.11144256591797,
      21.46782112121582,
      55.46634292602539,
      17.932260513305664,
      39.37041091918945,
      5.4011335372924805
    ],
    [
      -3.1571593284606934,
      -3.5771288871765137,
      3.410780191421509,
      4.321868419647217,
      12.278764724731445,
      12.9406156539917,
      16.651811599731445,
      18.77129364013672,
      23.851783752441406,
      23.829988479614258,
      25.73026466369629,
      28.639039993286133,
      21.46782112121582,
      34.412513732910156,
      18.46229362487793,
      25.656774520874023,
      14.405488967895508,
      10.751482963562012
    ],
    [
      5.648733615875244,
      5.058318614959717,
      7.705552101135254,
      5.305550575256348,
      24.547807693481445,
      9.21910285949707,
      32.132896423339844,
      18.888853073120117,
      26.35718536376953,
      11.932975769042969,
      40.16328811645508,
      16.312713623046875,
      55.46634292602539,
      18.46229362487793,
      72.78113555908203,
      17.936546325683594,
      49.92400360107422,
      3.303328514099121
    ],
    [
      -1.5897825956344604,
      -2.700200319290161,
      3.0885393619537354,
      3.433352470397949,
      10.711536407470703,
      10.084197998046875,
      13.69605541229248,
      15.359762191772461,
      18.530630111694336,
      17.79347038269043,
      20.529672622680664,
      21.872507095336914,
      17.932260513305664,
      25.656774520874023,
      17.936546325683594,
      24.246843338012695,
      12.036877632141113,
      9.954721450805664
    ],
    [
      6.350773334503174,
      5.408698558807373,
      4.357253074645996,
      3.947805404663086,
      19.417442321777344,
      5.924429416656494,
      29.48970603942871,
      14.061222076416016,
      20.01758575439453,
      7.397736072540283,
      26.710418701171875,
      9.56212043762207,
      39.37041091918945,
      14.405488967895508,
      49.92400360107422,
      12.036877632141113,
      45.33768844604492,
      1.9261527061462402
    ],
    [
      -2.8257036209106445,
      -3.517618179321289,
      -0.03330547362565994,
      0.4836115837097168,
      2.68247652053833,
      3.95953369140625,
      4.06150484085083,
      6.077608585357666,
      7.006032466888428,
      7.986952781677246,
      6.797077655792236,
      9.616023063659668,
      5.4011335372924805,
      10.751482963562012,
      3.303328514099121,
      9.954721450805664,
      1.9261527061462402,
      6.171909809112549
    ]
  ],
  "covariance_short": [
    [
      62.824562072753906,
      41.97591781616211,
      13.27676010131836,
      9.006233215332031,
      -3.6883041858673096,
      -3.059995651245117,
      -6.2647857666015625,
      -5.36005973815918,
      -10.475804328918457,
      -7.185485363006592,
      -13.612916946411133,
      -9.349888801574707,
      -8.72838306427002,
      -5.7138237953186035,
      -8.177119255065918,
      -4.254459857940674,
      -4.178077220916748,
      -2.041872024536133
    ],
    [
      41.97591781616211,
      59.90386199951172,
      13.79133415222168,
      11.356679916381836,
      -0.6759615540504456,
      -0.7025730013847351,
      -2.5591766834259033,
      -2.3869311809539795,
      -6.391990661621094,
      -4.220517635345459,
      -7.776776313781738,
      -5.709306240081787,
      -5.341155052185059,
      -2.6034443378448486,
      -2.760507106781006,
      -2.525047779083252,
      -1.2004997730255127,
      -1.908403992652893
    ],
    [
      13.27676010131836,
      13.79133415222168,
      20.521167755126953,
      8.715296745300293,
      5.3558807373046875,
      1.9845750331878662,
      3.4482147693634033,
      2.1910195350646973,
      1.239548921585083,
      0.5528631210327148,
      1.709441065788269,
      -0.1644747108221054,
      2.777009963989258,
      2.676680564880371,
      9.416200637817383,
      2.499199390411377,
      4.115889549255371,
      -0.5747461318969727
    ],
    [
      9.006233215332031,
      11.356679916381836,
      8.715296745300293,
      13.303220748901367,
      4.24798583984375,
      2.416719675064087,
      4.523349285125732,
      3.4944422245025635,
      2.8523313999176025,
      1.542008638381958,
      3.452388048171997,
      1.7567583322525024,
      3.709578275680542,
      3.8397953510284424,
      6.97153377532959,
      3.186044454574585,
      3.959610939025879,
      0.2565329670906067
    ],
    [
      -3.6883041858673096,
      -0.6759615540504456,
      5.3558807373046875,
      4.24798583984375,
      33.85602569580078,
      10.052783966064453,
      23.088651657104492,
      12.037898063659668,
      17.67645835876465,
      10.196199417114258,
      24.216293334960938,
      12.04172134399414,
      22.94332504272461,
      13.39567756652832,
      29.549924850463867,
      11.130619049072266,
      19.963653564453125,
      2.0389623641967773
    ],
    [
      -3.059995651245117,
      -0.7025730013847351,
      1.9845750331878662,
      2.416719675064087,
      10.052783966064453,
      16.487024307250977,
      10.725839614868164,
      11.461145401000977,
      13.213013648986816,
      12.610872268676758,
      13.262083053588867,
      13.43060302734375,
      9.362874984741211,
      14.019493103027344,
      11.605793952941895,
      10.331064224243164,
      5.09913444519043,
      3.6584832668304443
    ],
    [
      -6.2647857666015625,
      -2.5591766834259033,
      3.4482147693634033,
      4.523349285125732,
      23.088651657104492,
      10.725839614868164,
      52.43860626220703,
      21.83330726623535,
      30.303333282470703,
      15.694479942321777,
      29.276609420776367,
      17.027978897094727,
      29.839311599731445,
      17.95604133605957,
      36.18708419799805,
      13.49631118774414,
      29.687660217285156,
      3.151094436645508
    ],
    [
      -5.36005973815918,
      -2.3869311809539795,
      2.1910195350646973,
      3.4944422245025635,
      12.037898063659668,
      11.461145401000977,
      21.83330726623535,
      25.118181228637695,
      20.897037506103516,
      18.245683670043945,
      20.772457122802734,
      18.932340621948242,
      17.662519454956055,
      20.182382583618164,
      21.499526977539062,
      15.680333137512207,
      12.77617359161377,
      5.810878276824951
    ],
    [
      -10.475804328918457,
      -6.391990661621094,
      1.239548921585083,
      2.8523313999176025,
      17.67645835876465,
      13.213013648986816,
      30.303333282470703,
      20.897037506103516,
      38.654293060302734,
      23.632596969604492,
      31.574108123779297,
      25.17546844482422,
      28.945068359375,
      25.364662170410156,
      30.864585876464844,
      18.87888526916504,
      20.422061920166016,
      6.345302581787109
    ],
    [
      -7.185485363006592,
      -4.220517635345459,
      0.5528631210327148,
      1.542008638381958,
      10.196199417114258,
      12.610872268676758,
      15.694479942321777,
      18.245683670043945,
      23.632596969604492,
      26.549196243286133,
      21.75191879272461,
      25.564489364624023,
      15.257885932922363,
      25.547048568725586,
      16.21830940246582,
      18.524002075195312,
      7.398482799530029,
      7.687854290008545
    ],
    [
      -13.612916946411133,
      -7.776776313781738,
      1.709441065788269,
      3.452388048171997,
      24.216293334960938,
      13.262083053588867,
      29.276609420776367,
      20.772457122802734,
      31.574108123779297,
      21.75191879272461,
      51.59990692138672,
      28.644180297851562,
      44.57590103149414,
      27.183679580688477,
      45.51991653442383,
      21.06874656677246,
      27.812767028808594,
      6.323919296264648
    ],
    [
      -9.349888801574707,
      -5.709306240081787,
      -0.1644747108221054,
      1.7567583322525024,
      12.04172134399414,
      13.43060302734375,
      17.027978897094727,
      18.932340621948242,
      25.17546844482422,
      25.564489364624023,
      28.644180297851562,
      35.15003967285156,
      20.164335250854492,
      31.224138259887695,
      20.6593017578125,
      23.535554885864258,
      9.591745376586914,
      9.598849296569824
    ],
    [
      -8.72838306427002,
      -5.341155052185059,
      2.777009963989258,
      3.709578275680542,
      22.94332504272461,
      9.362874984741211,
      29.839311599731445,
      17.662519454956055,
      28.945068359375,
      15.257885932922363,
      44.57590103149414,
      20.164335250854492,
      64.05286407470703,
      22.417644500732422,
      60.66651153564453,
      17.490629196166992,
      41.84712600708008,
      4.828114986419678
    ],
    [
      -5.7138237953186035,
      -2.6034443378448486,
      2.676680564880371,
      3.8397953510284424,
      13.39567756652832,
      14.019493103027344,
      17.95604133605957,
      20.182382583618164,
      25.364662170410156,
      25.547048568725586,
      27.183679580688477,
      31.224138259887695,
      22.417644500732422,
      40.999473571777344,
      29.17396354675293,
      29.5220890045166,
      14.176883697509766,
      11.369511604309082
    ],
    [
      -8.177119255065918,
      -2.760507106781006,
      9.416200637817383,
      6.97153377532959,
      29.549924850463867,
      11.605793952941895,
      36.18708419799805,
      21.499526977539062,
      30.864585876464844,
      16.21830940246582,
      45.51991653442383,
      20.6593017578125,
      60.66651153564453,
      29.17396354675293,
      90.6175537109375,
      21.992361068725586,
      58.29724884033203,
      3.6659915447235107
    ],
    [
      -4.254459857940674,
      -2.525047779083252,
      2.499199390411377,
      3.186044454574585,
      11.130619049072266,
      10.331064224243164,
      13.49631118774414,
      15.680333137512207,
      18.87888526916504,
      18.524002075195312,
      21.06874656677246,
      23.535554885864258,
      17.490629196166992,
      29.5220890045166,
      21.992361068725586,
      29.993083953857422,
      10.02505874633789,
      11.261408805847168
    ],
    [
      -4.178077220916748,
      -1.2004997730255127,
      4.115889549255371,
      3.959610939025879,
      19.963653564453125,
      5.09913444519043,
      29.687660217285156,
      12.77617359161377,
      20.422061920166016,
      7.398482799530029,
      27.812767028808594,
      9.591745376586914,
      41.84712600708008,
      14.176883697509766,
      58.29724884033203,
      10.02505874633789,
      49.014060974121094,
      1.3054726123809814
    ],
    [
      -2.041872024536133,
      -1.908403992652893,
      -0.5747461318969727,
      0.2565329670906067,
      2.0389623641967773,
      3.6584832668304443,
      3.151094436645508,
      5.810878276824951,
      6.345302581787109,
      7.687854290008545,
      6.323919296264648,
      9.598849296569824,
      4.828114986419678,
      11.369511604309082,
      3.6659915447235107,
      11.261408805847168,
      1.3054726123809814,
      7.222407817840576
    ]
  ],
  "damage": -7.924066066741943,
  "diff_bandwidth": 543.8909912109375,
  "dissonance": 5.270043319088289,
  "drr": 13.758416175842285,
  "dynamics": 2.9546635150909424,
  "format": 1245190,
  "frames": 13578176,
  "loudness": -14.526656150817871,
  "loudness_range": 8.044636726379395,
  "loudness_range_short": 9.532526969909668,
  "lowpass_true_peak_15khz": -0.712230920791626,
  "mastering3_acoustic_entropies": [
    {
      "acoustic_entropy": 9.484010696411133,
      "acoustic_entropy_mono": 9.412575721740723,
      "band_eliminated_acoustic_entropies": [
        {
          "acoustic_entropy": 9.379146575927734,
          "acoustic_entropy_side": 9.479497909545898,
          "hz": 129.47220167065723
        },
        {
          "acoustic_entropy": 9.314443588256836,
          "acoustic_entropy_side": 9.270991325378418,
          "hz": 202.92927478742237
        },
        {
          "acoustic_entropy": 9.323503494262695,
          "acoustic_entropy_side": 9.429713249206543,
          "hz": 282.89161906338205
        },
        {
          "acoustic_entropy": 8.170499801635742,
          "acoustic_entropy_side": 9.46668815612793,
          "hz": 369.9353335868758
        },
        {
          "acoustic_entropy": 9.567438125610352,
          "acoustic_entropy_side": 9.56416130065918,
          "hz": 464.6875360973435
        },
        {
          "acoustic_entropy": 9.407419204711914,
          "acoustic_entropy_side": 9.685467720031738,
          "hz": 567.8308811364784
        },
        {
          "acoustic_entropy": 8.711788177490234,
          "acoustic_entropy_side": 9.428836822509766,
          "hz": 680.1084783214808
        },
        {
          "acoustic_entropy": 8.347538948059082,
          "acoustic_entropy_side": 9.47088623046875,
          "hz": 802.3292461747484
        },
        {
          "acoustic_entropy": 9.2044038772583,
          "acoustic_entropy_side": 9.439667701721191,
          "hz": 935.3737400823702
        },
        {
          "acoustic_entropy": 9.454474449157715,
          "acoustic_entropy_side": 9.569413185119629,
          "hz": 1080.2004963696966
        },
        {
          "acoustic_entropy": 9.425926208496094,
          "acoustic_entropy_side": 9.45016098022461,
          "hz": 1237.8529382007157
        },
        {
          "acoustic_entropy": 8.691338539123535,
          "acoustic_entropy_side": 9.535356521606445,
          "hz": 1409.4668930556702
        },
        {
          "acoustic_entropy": 9.452765464782715,
          "acoustic_entropy_side": 9.531625747680664,
          "hz": 1596.2787759475705
        },
        {
          "acoustic_entropy": 9.7850341796875,
          "acoustic_entropy_side": 9.514711380004883,
          "hz": 1799.6344973346393
        },
        {
          "acoustic_entropy": 9.647371292114258,
          "acoustic_entropy_side": 9.53022289276123,
          "hz": 2020.9991599069049
        },
        {
          "acoustic_entropy": 9.568465232849121,
          "acoustic_entropy_side": 9.51694107055664,
          "hz": 2261.9676141086993
        },
        {
          "acoustic_entropy": 9.44293212890625,
          "acoustic_entropy_side": 9.518475532531738,
          "hz": 2524.2759484456974
        },
        {
          "acoustic_entropy": 9.456637382507324,
          "acoustic_entropy_side": 9.566242218017578,
          "hz": 2809.813997359896
        },
        {
          "acoustic_entropy": 9.156682014465332,
          "acoustic_entropy_side": 9.526350975036621,
          "hz": 3120.6389567871424
        },
        {
          "acoustic_entropy": 9.442241668701172,
          "acoustic_entropy_side": 9.527898788452148,
          "hz": 3458.990205492291
        },
        {
          "acoustic_entropy": 9.508284568786621,
          "acoustic_entropy_side": 9.502710342407227,
          "hz": 3827.305438964164
        },
        {
          "acoustic_entropy": 9.519979476928711,
          "acoustic_entropy_side": 9.505781173706055,
          "hz": 4228.238232109126
        },
        {
          "acoustic_entropy": 9.465713500976562,
          "acoustic_entropy_side": 9.490251541137695,
          "hz": 4664.6771572759235
        },
        {
          "acoustic_entropy": 9.53526496887207,
          "acoustic_entropy_side": 9.487174987792969,
          "hz": 5139.766595350093
        },
        {
          "acoustic_entropy": 9.527703285217285,
          "acoustic_entropy_side": 9.48486614227295,
          "hz": 5656.929389854203
        },
        {
          "acoustic_entropy": 9.485843658447266,
          "acoustic_entropy_side": 9.485169410705566,
          "hz": 6219.891507268283
        },
        {
          "acoustic_entropy": 9.494391441345215,
          "acoustic_entropy_side": 9.484688758850098,
          "hz": 6832.70888123896
        },
        {
          "acoustic_entropy": 9.494343757629395,
          "acoustic_entropy_side": 9.484217643737793,
          "hz": 7499.796634079867
        },
        {
          "acoustic_entropy": 9.509536743164062,
          "acoustic_entropy_side": 9.484152793884277,
          "hz": 8225.96088609342
        },
        {
          "acoustic_entropy": 9.530123710632324,
          "acoustic_entropy_side": 9.484041213989258,
          "hz": 9016.43338188839
        },
        {
          "acoustic_entropy": 9.529438972473145,
          "acoustic_entropy_side": 9.484030723571777,
          "hz": 9876.909183162974
        },
        {
          "acoustic_entropy": 9.562843322753906,
          "acoustic_entropy_side": 9.48402214050293,
          "hz": 10813.587699516042
        },
        {
          "acoustic_entropy": 9.538538932800293,
          "acoustic_entropy_side": 9.484015464782715,
          "hz": 11833.21735289826
        },
        {
          "acoustic_entropy": 9.50245475769043,
          "acoustic_entropy_side": 9.484017372131348,
          "hz": 12943.144197493959
        },
        {
          "acoustic_entropy": 9.490287780761719,
          "acoustic_entropy_side": 9.484014511108398,
          "hz": 14151.364845322005
        },
        {
          "acoustic_entropy": 9.484395980834961,
          "acoustic_entropy_side": 9.484013557434082,
          "hz": 15466.58407886509
        },
        {
          "acoustic_entropy": 9.484067916870117,
          "acoustic_entropy_side": 9.48401165008545,
          "hz": 16898.27756580493
        },
        {
          "acoustic_entropy": 9.484016418457031,
          "acoustic_entropy_side": 9.48401165008545,
          "hz": 18456.760127700032
        },
        {
          "acoustic_entropy": 9.484012603759766,
          "acoustic_entropy_side": 9.484010696411133,
          "hz": 20153.260054456492
        },
        {
          "acoustic_entropy": 9.484010696411133,
          "acoustic_entropy_side": 9.484010696411133,
          "hz": 22000.00000000001
        }
      ],
      "diff_acoustic_entropy": 4.787764072418213,
      "sn": 6
    },
    {
      "acoustic_entropy": 13.16468620300293,
      "acoustic_entropy_mono": 12.28371524810791,
      "band_eliminated_acoustic_entropies": [
        {
          "acoustic_entropy": 13.392904281616211,
          "acoustic_entropy_side": 13.178104400634766,
          "hz": 129.47220167065723
        },
        {
          "acoustic_entropy": 12.672262191772461,
          "acoustic_entropy_side": 13.545839309692383,
          "hz": 202.92927478742237
        },
        {
          "acoustic_entropy": 13.794126510620117,
          "acoustic_entropy_side": 13.374032020568848,
          "hz": 282.89161906338205
        },
        {
          "acoustic_entropy": 12.745081901550293,
          "acoustic_entropy_side": 13.724971771240234,
          "hz": 369.9353335868758
        },
        {
          "acoustic_entropy": 12.40512752532959,
          "acoustic_entropy_side": 13.220455169677734,
          "hz": 464.6875360973435
        },
        {
          "acoustic_entropy": 13.665818214416504,
          "acoustic_entropy_side": 13.112444877624512,
          "hz": 567.8308811364784
        },
        {
          "acoustic_entropy": 12.061391830444336,
          "acoustic_entropy_side": 12.977766036987305,
          "hz": 680.1084783214808
        },
        {
          "acoustic_entropy": 12.199695587158203,
          "acoustic_entropy_side": 13.190808296203613,
          "hz": 802.3292461747484
        },
        {
          "acoustic_entropy": 13.41132640838623,
          "acoustic_entropy_side": 13.091150283813477,
          "hz": 935.3737400823702
        },
        {
          "acoustic_entropy": 12.896269798278809,
          "acoustic_entropy_side": 12.846428871154785,
          "hz": 1080.2004963696966
        },
        {
          "acoustic_entropy": 13.819225311279297,
          "acoustic_entropy_side": 13.366803169250488,
          "hz": 1237.8529382007157
        },
        {
          "acoustic_entropy": 12.471820831298828,
          "acoustic_entropy_side": 13.269413948059082,
          "hz": 1409.4668930556702
        },
        {
          "acoustic_entropy": 13.282949447631836,
          "acoustic_entropy_side": 13.462875366210938,
          "hz": 1596.2787759475705
        },
        {
          "acoustic_entropy": 13.20426082611084,
          "acoustic_entropy_side": 13.16637897491455,
          "hz": 1799.6344973346393
        },
        {
          "acoustic_entropy": 13.410055160522461,
          "acoustic_entropy_side": 13.290178298950195,
          "hz": 2020.9991599069049
        },
        {
          "acoustic_entropy": 13.039466857910156,
          "acoustic_entropy_side": 13.249027252197266,
          "hz": 2261.9676141086993
        },
        {
          "acoustic_entropy": 13.626997947692871,
          "acoustic_entropy_side": 13.352529525756836,
          "hz": 2524.2759484456974
        },
        {
          "acoustic_entropy": 13.202701568603516,
          "acoustic_entropy_side": 13.20656681060791,
          "hz": 2809.813997359896
        },
        {
          "acoustic_entropy": 13.387031555175781,
          "acoustic_entropy_side": 13.455154418945312,
          "hz": 3120.6389567871424
        },
        {
          "acoustic_entropy": 13.796210289001465,
          "acoustic_entropy_side": 13.499173164367676,
          "hz": 3458.990205492291
        },
        {
          "acoustic_entropy": 13.401032447814941,
          "acoustic_entropy_side": 13.346722602844238,
          "hz": 3827.305438964164
        },
        {
          "acoustic_entropy": 13.335518836975098,
          "acoustic_entropy_side": 13.379911422729492,
          "hz": 4228.238232109126
        },
        {
          "acoustic_entropy": 13.226025581359863,
          "acoustic_entropy_side": 13.24712085723877,
          "hz": 4664.6771572759235
        },
        {
          "acoustic_entropy": 13.210053443908691,
          "acoustic_entropy_side": 13.242668151855469,
          "hz": 5139.766595350093
        },
        {
          "acoustic_entropy": 13.266753196716309,
          "acoustic_entropy_side": 13.184837341308594,
          "hz": 5656.929389854203
        },
        {
          "acoustic_entropy": 13.031623840332031,
          "acoustic_entropy_side": 13.195072174072266,
          "hz": 6219.891507268283
        },
        {
          "acoustic_entropy": 12.909147262573242,
          "acoustic_entropy_side": 13.186047554016113,
          "hz": 6832.70888123896
        },
        {
          "acoustic_entropy": 13.033001899719238,
          "acoustic_entropy_side": 13.172015190124512,
          "hz": 7499.796634079867
        },
        {
          "acoustic_entropy": 13.380731582641602,
          "acoustic_entropy_side": 13.169742584228516,
          "hz": 8225.96088609342
        },
        {
          "acoustic_entropy": 13.508736610412598,
          "acoustic_entropy_side": 13.165461540222168,
          "hz": 9016.43338188839
        },
        {
          "acoustic_entropy": 13.402337074279785,
          "acoustic_entropy_side": 13.16517448425293,
          "hz": 9876.909183162974
        },
        {
          "acoustic_entropy": 13.48487663269043,
          "acoustic_entropy_side": 13.164983749389648,
          "hz": 10813.587699516042
        },
        {
          "acoustic_entropy": 13.362411499023438,
          "acoustic_entropy_side": 13.164850234985352,
          "hz": 11833.21735289826
        },
        {
          "acoustic_entropy": 13.087888717651367,
          "acoustic_entropy_side": 13.16482162475586,
          "hz": 12943.144197493959
        },
        {
          "acoustic_entropy": 13.058185577392578,
          "acoustic_entropy_side": 13.164729118347168,
          "hz": 14151.364845322005
        },
        {
          "acoustic_entropy": 13.152463912963867,
          "acoustic_entropy_side": 13.164705276489258,
          "hz": 15466.58407886509
        },
        {
          "acoustic_entropy": 13.164444923400879,
          "acoustic_entropy_side": 13.164694786071777,
          "hz": 16898.27756580493
        },
        {
          "acoustic_entropy": 13.164517402648926,
          "acoustic_entropy_side": 13.164688110351562,
          "hz": 18456.760127700032
        },
        {
          "acoustic_entropy": 13.1646089553833,
          "acoustic_entropy_side": 13.164687156677246,
          "hz": 20153.260054456492
        },
        {
          "acoustic_entropy": 13.164671897888184,
          "acoustic_entropy_side": 13.164687156677246,
          "hz": 22000.00000000001
        }
      ],
      "diff_acoustic_entropy": 7.07027530670166,
      "sn": 12
    },
    {
      "acoustic_entropy": 17.16370391845703,
      "acoustic_entropy_mono": 16.89522361755371,
      "band_eliminated_acoustic_entropies": [
        {
          "acoustic_entropy": 18.178085327148438,
          "acoustic_entropy_side": 17.33548355102539,
          "hz": 129.47220167065723
        },
        {
          "acoustic_entropy": 16.411378860473633,
          "acoustic_entropy_side": 17.55741310119629,
          "hz": 202.92927478742237
        },
        {
          "acoustic_entropy": 17.62260627746582,
          "acoustic_entropy_side": 17.15060806274414,
          "hz": 282.89161906338205
        },
        {
          "acoustic_entropy": 18.152687072753906,
          "acoustic_entropy_side": 17.179868698120117,
          "hz": 369.9353335868758
        },
        {
          "acoustic_entropy": 18.07185173034668,
          "acoustic_entropy_side": 17.074329376220703,
          "hz": 464.6875360973435
        },
        {
          "acoustic_entropy": 18.1827449798584,
          "acoustic_entropy_side": 17.93701171875,
          "hz": 567.8308811364784
        },
        {
          "acoustic_entropy": 17.517658233642578,
          "acoustic_entropy_side": 16.74689483642578,
          "hz": 680.1084783214808
        },
        {
          "acoustic_entropy": 18.142915725708008,
          "acoustic_entropy_side": 17.47075653076172,
          "hz": 802.3292461747484
        },
        {
          "acoustic_entropy": 19.201398849487305,
          "acoustic_entropy_side": 16.764625549316406,
          "hz": 935.3737400823702
        },
        {
          "acoustic_entropy": 17.45078468322754,
          "acoustic_entropy_side": 17.873394012451172,
          "hz": 1080.2004963696966
        },
        {
          "acoustic_entropy": 18.878047943115234,
          "acoustic_entropy_side": 18.09261703491211,
          "hz": 1237.8529382007157
        },
        {
          "acoustic_entropy": 17.908157348632812,
          "acoustic_entropy_side": 16.908435821533203,
          "hz": 1409.4668930556702
        },
        {
          "acoustic_entropy": 17.561046600341797,
          "acoustic_entropy_side": 17.10630989074707,
          "hz": 1596.2787759475705
        },
        {
          "acoustic_entropy": 17.433761596679688,
          "acoustic_entropy_side": 16.889022827148438,
          "hz": 1799.6344973346393
        },
        {
          "acoustic_entropy": 16.74019432067871,
          "acoustic_entropy_side": 17.223617553710938,
          "hz": 2020.9991599069049
        },
        {
          "acoustic_entropy": 17.07367706298828,
          "acoustic_entropy_side": 17.174453735351562,
          "hz": 2261.9676141086993
        },
        {
          "acoustic_entropy": 17.47420883178711,
          "acoustic_entropy_side": 17.216140747070312,
          "hz": 2524.2759484456974
        },
        {
          "acoustic_entropy": 17.741958618164062,
          "acoustic_entropy_side": 17.78634262084961,
          "hz": 2809.813997359896
        },
        {
