{
  "acoustic_entropy": 117.3465347290039,
  "bands": [
    {
      "high_freq": 148.1999969482422,
      "loudness": -38.052650451660156,
      "loudness_range": 17.369422912597656,
      "mid_mean": -34.39628982543945,
      "mid_to_side_loudness": -31.584440231323242,
      "mid_to_side_loudness_range": 7.983217239379883,
      "side_mean": -64.55511474609375
    },
    {
      "high_freq": 392.3793640136719,
      "loudness": -34.901180267333984,
      "loudness_range": 16.96826171875,
      "low_freq": 148.1999969482422,
      "mid_mean": -31.205204010009766,
      "mid_to_side_loudness": -41.93074417114258,
      "mid_to_side_loudness_range": 20.263769149780273,
      "side_mean": -68.04866790771484
    },
    {
      "high_freq": 794.6976318359375,
      "loudness": -32.845909118652344,
      "loudness_range": 22.776615142822266,
      "low_freq": 392.3793640136719,
      "mid_mean": -29.254961013793945,
      "mid_to_side_loudness": -44.33908462524414,
      "mid_to_side_loudness_range": 25.60912322998047,
      "side_mean": -68.50350952148438
    },
    {
      "high_freq": 1457.5709228515625,
      "loudness": -41.85420608520508,
      "loudness_range": 21.981996536254883,
      "low_freq": 794.6976318359375,
      "mid_mean": -38.218502044677734,
      "mid_to_side_loudness": -40.67757797241211,
      "mid_to_side_loudness_range": 23.6339111328125,
      "side_mean": -69.16435241699219
    },
    {
      "high_freq": 2549.74365234375,
      "loudness": -43.6679573059082,
      "loudness_range": 23.039588928222656,
      "low_freq": 1457.5709228515625,
      "mid_mean": -40.36532974243164,
      "mid_to_side_loudness": -30.717140197753906,
      "mid_to_side_loudness_range": 17.79302978515625,
      "side_mean": -67.15693664550781
    },
    {
      "high_freq": 4349.24462890625,
      "loudness": -50.0001106262207,
      "loudness_range": 26.102657318115234,
      "low_freq": 2549.74365234375,
      "mid_mean": -48.92729568481445,
      "mid_to_side_loudness": -24.457412719726562,
      "mid_to_side_loudness_range": 14.600837707519531,
      "side_mean": -67.12702941894531
    },
    {
      "high_freq": 7314.1640625,
      "loudness": -64.66032409667969,
      "loudness_range": 22.586380004882812,
      "low_freq": 4349.24462890625,
      "mid_mean": -59.956180572509766,
      "mid_to_side_loudness": -20.61182975769043,
      "mid_to_side_loudness_range": 13.741048812866211,
      "side_mean": -69.40818786621094
    },
    {
      "high_freq": 12199.2666015625,
      "loudness": -68.28595733642578,
      "loudness_range": 12.928321838378906,
      "low_freq": 7314.1640625,
      "mid_mean": -63.22053146362305,
      "mid_to_side_loudness": -17.102460861206055,
      "mid_to_side_loudness_range": 11.67780876159668,
      "side_mean": -69.5669174194336
    },
    {
      "loudness": -70.48371124267578,
      "loudness_range": 8.642967224121094,
      "low_freq": 12199.2666015625,
      "mid_mean": -64.93927764892578,
      "mid_to_side_loudness": -14.659157752990723,
      "mid_to_side_loudness_range": 7.449880599975586,
      "side_mean": -69.5960922241211
    }
  ],
  "bands_short": [
    {
      "high_freq": 148.1999969482422,
      "loudness": -41.40070724487305,
      "loudness_range": 23.633028030395508,
      "mid_mean": -37.768211364746094,
      "mid_to_side_loudness": -30.777130126953125,
      "mid_to_side_loudness_range": 10.462509155273438,
      "side_mean": -65.70610046386719
    },
    {
      "high_freq": 392.3793640136719,
      "loudness": -35.20421600341797,
      "loudness_range": 18.387794494628906,
      "low_freq": 148.1999969482422,
      "mid_mean": -31.530250549316406,
      "mid_to_side_loudness": -39.31968307495117,
      "mid_to_side_loudness_range": 20.974910736083984,
      "side_mean": -67.27274322509766
    },
    {
      "high_freq": 794.6976318359375,
      "loudness": -33.49989318847656,
      "loudness_range": 24.203033447265625,
      "low_freq": 392.3793640136719,
      "mid_mean": -29.907146453857422,
      "mid_to_side_loudness": -41.24660110473633,
      "mid_to_side_loudness_range": 28.610849380493164,
      "side_mean": -68.84599304199219
    },
    {
      "high_freq": 1457.5709228515625,
      "loudness": -42.4129638671875,
      "loudness_range": 23.583934783935547,
      "low_freq": 794.6976318359375,
      "mid_mean": -38.86172103881836,
      "mid_to_side_loudness": -38.540653228759766,
      "mid_to_side_loudness_range": 27.416994094848633,
      "side_mean": -69.30712890625
    },
    {
      "high_freq": 2549.74365234375,
      "loudness": -44.91866683959961,
      "loudness_range": 25.462478637695312,
      "low_freq": 1457.5709228515625,
      "mid_mean": -41.85993576049805,
      "mid_to_side_loudness": -30.488983154296875,
      "mid_to_side_loudness_range": 21.192171096801758,
      "side_mean": -67.57698059082031
    },
    {
      "high_freq": 4349.24462890625,
      "loudness": -51.551326751708984,
      "loudness_range": 28.363582611083984,
      "low_freq": 2549.74365234375,
      "mid_mean": -50.51103591918945,
      "mid_to_side_loudness": -24.426021575927734,
      "mid_to_side_loudness_range": 17.084545135498047,
      "side_mean": -67.48111724853516
    },
    {
      "high_freq": 7314.1640625,
      "loudness": -65.97051239013672,
      "loudness_range": 22.60865020751953,
      "low_freq": 4349.24462890625,
      "mid_mean": -61.05243682861328,
      "mid_to_side_loudness": -20.314401626586914,
      "mid_to_side_loudness_range": 15.230881690979004,
      "side_mean": -69.48145294189453
    },
    {
      "high_freq": 12199.2666015625,
      "loudness": -69.1383285522461,
      "loudness_range": 13.592639923095703,
      "low_freq": 7314.1640625,
      "mid_mean": -63.87594985961914,
      "mid_to_side_loudness": -17.002300262451172,
      "mid_to_side_loudness_range": 12.47176742553711,
      "side_mean": -69.60851287841797
    },
    {
      "loudness": -71.16194152832031,
      "loudness_range": 8.898796081542969,
      "low_freq": 12199.2666015625,
      "mid_mean": -65.4155502319336,
      "mid_to_side_loudness": -14.666199684143066,
      "mid_to_side_loudness_range": 7.726863861083984,
      "side_mean": -69.6319351196289
    }
  ],
  "bandwidth": 534.2597045898438,
  "channels": 2,
  "covariance": [
    [
      39.343109130859375,
      16.796356201171875,
      15.74325180053711,
      0.36257296800613403,
      9.757075309753418,
      0.40075838565826416,
      8.34298038482666,
      0.10809124261140823,
      11.55581283569336,
      3.174689531326294,
      17.864599227905273,
      4.355203628540039,
      12.462528228759766,
      1.0069069862365723,
      9.242545127868652,
      0.7867928147315979,
      5.6718645095825195,
      0.7716850638389587
    ],
    [
      16.796356201171875,
      8.987974166870117,
      5.91226053237915,
      0.51092129945755,
      3.498246431350708,
      0.434818297624588,
      3.3881421089172363,
      0.28201425075531006,
      4.610483169555664,
      1.7326451539993286,
      7.8969950675964355,
      2.1918604373931885,
      6.464927673339844,
      0.5433414578437805,
      5.051000595092773,
      0.4653138518333435,
      3.2169554233551025,
      0.4460182189941406
    ],
    [
      15.74325180053711,
      5.91226053237915,
      37.205543518066406,
      4.0467987060546875,
      26.92784881591797,
      1.0139002799987793,
      26.723922729492188,
      0.5996791124343872,
      28.234460830688477,
      6.471956729888916,
      38.507972717285156,
      8.015484809875488,
      20.596620559692383,
      1.4660776853561401,
      10.130209922790527,
      0.6718320250511169,
      5.577296733856201,
      0.6763300895690918
    ],
    [
      0.36257296800613403,
      0.51092129945755,
      4.0467987060546875,
      3.251225233078003,
      1.5357599258422852,
      1.8545470237731934,
      1.7204588651657104,
      0.6294373273849487,
      2.8625972270965576,
      1.16331148147583,
      4.097744941711426,
      1.7269177436828613,
      3.2356505393981934,
      0.5921321511268616,
      1.5639358758926392,
      0.30531296133995056,
      1.0032936334609985,
      0.2548570930957794
    ],
    [
      9.757075309753418,
      3.498246431350708,
      26.92784881591797,
      1.5357599258422852,
      62.82387161254883,
      7.741112232208252,
      44.80477523803711,
      2.4803309440612793,
      44.95783615112305,
      10.90733528137207,
      64.39253234863281,
      14.782297134399414,
      30.945253372192383,
      2.511998414993286,
      13.462264060974121,
      0.7081212401390076,
      6.445351600646973,
      0.6563314199447632
    ],
    [
      0.40075838565826416,
      0.434818297624588,
      1.0139002799987793,
      1.8545470237731934,
      7.741112232208252,
      5.552359580993652,
      4.096279621124268,
      1.4636393785476685,
      4.94732141494751,
      2.071167469024658,
      8.944717407226562,
      3.576178789138794,
      5.362788200378418,
      1.0674034357070923,
      1.982059359550476,
      0.3414390981197357,
      0.7906373739242554,
      0.27679163217544556
    ],
    [
      8.34298038482666,
      3.3881421089172363,
      26.723922729492188,
      1.7204588651657104,
      44.80477523803711,
      4.096279621124268,
      59.85597610473633,
      5.9274468421936035,
      50.97248458862305,
      12.334349632263184,
      67.82125091552734,
      15.577908515930176,
      34.64360046386719,
      3.0253443717956543,
      14.469898223876953,
      0.9340522289276123,
      6.789372444152832,
      0.716648519039154
    ],
    [
      0.10809124261140823,
      0.28201425075531006,
      0.5996791124343872,
      0.6294373273849487,
      2.4803309440612793,
      1.4636393785476685,
      5.9274468421936035,
      2.359678030014038,
      4.6214799880981445,
      1.8206576108932495,
      6.365586757659912,
      2.377631425857544,
      4.076178550720215,
      0.8187368512153625,
      1.6144410371780396,
      0.2705669701099396,
      0.563393771648407,
      0.13748714327812195
    ],
    [
      11.55581283569336,
      4.610483169555664,
      28.234460830688477,
      2.8625972270965576,
      44.95783615112305,
      4.94732141494751,
      50.97248458862305,
      4.6214799880981445,
      72.63984680175781,
      17.79712677001953,
      75.14508056640625,
      18.906034469604492,
      39.070499420166016,
      3.683213710784912,
      15.716426849365234,
      1.1708115339279175,
      7.357402324676514,
      0.8471088409423828
    ],
    [
      3.174689531326294,
      1.7326451539993286,
      6.471956729888916,
      1.16331148147583,
      10.90733528137207,
      2.071167469024658,
      12.334349632263184,
      1.8206576108932495,
      17.79712677001953,
      7.1424736976623535,
      20.29543113708496,
      5.973207950592041,
      11.139134407043457,
      1.3856990337371826,
      4.786633491516113,
      0.5423976182937622,
      2.136453628540039,
      0.32603076100349426
    ],
    [
      17.864599227905273,
      7.8969950675964355,
      38.507972717285156,
      4.097744941711426,
      64.39253234863281,
      8.944717407226562,
      67.82125091552734,
      6.365586757659912,
      75.14508056640625,
      20.29543113708496,
      114.97655487060547,
      28.846155166625977,
      59.45426559448242,
      5.638253688812256,
      24.358736038208008,
      1.8148624897003174,
      11.340670585632324,
      1.258691668510437
    ],
    [
      4.355203628540039,
      2.1918604373931885,
      8.015484809875488,
      1.7269177436828613,
      14.782297134399414,
      3.576178789138794,
      15.577908515930176,
      2.377631425857544,
      18.906034469604492,
      5.973207950592041,
      28.846155166625977,
      10.463000297546387,
      17.331619262695312,
      2.5951693058013916,
      6.780806064605713,
      0.8459083437919617,
      2.8187241554260254,
      0.47477465867996216
    ],
    [
      12.462528228759766,
      6.464927673339844,
      20.596620559692383,
      3.2356505393981934,
      30.945253372192383,
      5.362788200378418,
      34.64360046386719,
      4.076178550720215,
      39.070499420166016,
      11.139134407043457,
      59.45426559448242,
      17.331619262695312,
      43.282569885253906,
      4.860320568084717,
      20.689271926879883,
      2.037415027618408,
      10.584728240966797,
      1.3532801866531372
    ],
    [
      1.0069069862365723,
      0.5433414578437805,
      1.4660776853561401,
      0.5921321511268616,
      2.511998414993286,
      1.0674034357070923,
      3.0253443717956543,
      0.8187368512153625,
      3.683213710784912,
      1.3856990337371826,
      5.638253688812256,
      2.5951693058013916,
      4.860320568084717,
      1.1997325420379639,
      2.4151980876922607,
      0.5200158953666687,
      1.0849193334579468,
      0.28324803709983826
    ],
    [
      9.242545127868652,
      5.051000595092773,
      10.130209922790527,
      1.5639358758926392,
      13.462264060974121,
      1.982059359550476,
      14.469898223876953,
      1.6144410371780396,
      15.716426849365234,
      4.786633491516113,
      24.358736038208008,
      6.780806064605713,
      20.689271926879883,
      2.4151980876922607,
      14.885583877563477,
      1.7779080867767334,
      8.65485954284668,
      1.2536112070083618
    ],
    [
      0.7867928147315979,
      0.4653138518333435,
      0.6718320250511169,
      0.30531296133995056,
      0.7081212401390076,
      0.3414390981197357,
      0.9340522289276123,
      0.2705669701099396,
      1.1708115339279175,
      0.5423976182937622,
      1.8148624897003174,
      0.8459083437919617,
      2.037415027618408,
      0.5200158953666687,
      1.7779080867767334,
      0.49750450253486633,
      1.0589150190353394,
      0.32029619812965393
    ],
    [
      5.6718645095825195,
      3.2169554233551025,
      5.577296733856201,
      1.0032936334609985,
      6.445351600646973,
      0.7906373739242554,
      6.789372444152832,
      0.563393771648407,
      7.357402324676514,
      2.136453628540039,
      11.340670585632324,
      2.8187241554260254,
      10.584728240966797,
      1.0849193334579468,
      8.65485954284668,
      1.0589150190353394,
      6.304507255554199,
      0.9355390071868896
    ],
    [
      0.7716850638389587,
      0.4460182189941406,
      0.6763300895690918,
      0.2548570930957794,
      0.6563314199447632,
      0.27679163217544556,
      0.716648519039154,
      0.13748714327812195,
      0.8471088409423828,
      0.32603076100349426,
      1.258691668510437,
      0.47477465867996216,
      1.3532801866531372,
      0.28324803709983826,
      1.2536112070083618,
      0.32029619812965393,
      0.9355390071868896,
      0.2934001386165619
    ]
  ],
  "covariance_short": [
    [
      66.1266098022461,
      24.869895935058594,
      21.132421493530273,
      3.3935108184814453,
      8.817054748535156,
      -0.5321577787399292,
      8.405684471130371,
      0.06021308898925781,
      11.74614429473877,
      2.916855812072754,
      18.042064666748047,
      4.593269348144531,
      13.76562786102295,
      1.1847201585769653,
      10.203082084655762,
      0.915403425693512,
      5.423157215118408,
      0.8082559704780579
    ],
    [
      24.869895935058594,
      11.86417293548584,
      6.981053829193115,
      2.0149457454681396,
      2.7948520183563232,
      -0.036484990268945694,
      2.8453845977783203,
      0.18834926187992096,
      3.834498643875122,
      1.2761309146881104,
      7.617874622344971,
      1.913799524307251,
      6.029651165008545,
      0.5437893271446228,
      4.897521018981934,
      0.48131459951400757,
      2.840447425842285,
      0.4441524147987366
    ],
    [
      21.132421493530273,
      6.981053829193115,
      42.5551872253418,
      5.782121181488037,
      29.57692527770996,
      0.16477590799331665,
      30.284809112548828,
      0.4365045428276062,
      34.0425910949707,
      6.075679302215576,
      41.649139404296875,
      8.461429595947266,
      21.257736206054688,
      1.6015093326568604,
      10.468552589416504,
      0.7381724119186401,
      5.123484134674072,
      0.6910346150398254
    ],
    [
      3.3935108184814453,
      2.0149457454681396,
      5.782121181488037,
      5.43284797668457,
      2.267164468765259,
      1.405747413635254,
      2.5064055919647217,
      0.6510096192359924,
      3.971836805343628,
      1.120090365409851,
      6.467240333557129,
      2.0886600017547607,
      4.5700201988220215,
      0.7032226324081421,
      2.6915197372436523,
      0.42434337735176086,
      1.6862585544586182,
      0.3677659034729004
    ],
    [
      8.817054748535156,
      2.7948520183563232,
      29.57692527770996,
      2.267164468765259,
      71.34576416015625,
      6.251405239105225,
      50.68324279785156,
      1.9038989543914795,
      54.049224853515625,
      10.601107597351074,
      70.6309814453125,
      15.278692245483398,
      31.73583984375,
      2.6744225025177,
      13.433180809020996,
      0.8000748753547668,
      5.990260601043701,
      0.6879527568817139
    ],
    [
      -0.5321577787399292,
      -0.036484990268945694,
      0.16477590799331665,
      1.405747413635254,
      6.251405239105225,
      5.6561174392700195,
      2.831242561340332,
      1.2737053632736206,
      3.8300435543060303,
      1.5754841566085815,
      6.875396251678467,
      2.810821056365967,
      4.104615688323975,
      0.9050523638725281,
      1.5067189931869507,
      0.34224680066108704,
      0.6178826689720154,
      0.2648535966873169
    ],
    [
      8.405684471130371,
      2.8453845977783203,
      30.284809112548828,
      2.5064055919647217,
      50.68324279785156,
      2.831242561340332,
      68.21199798583984,
      5.352535724639893,
      59.020965576171875,
      11.160299301147461,
      72.49208068847656,
      15.283997535705566,
      34.529876708984375,
      3.0257294178009033,
      14.102547645568848,
      0.9773345589637756,
      6.25449800491333,
      0.7332102656364441
    ],
    [
      0.06021308898925781,
      0.18834926187992096,
      0.4365045428276062,
      0.6510096192359924,
      1.9038989543914795,
      1.2737053632736206,
      5.352535724639893,
      2.6445531845092773,
      3.589266777038574,
      1.4892610311508179,
      5.214049816131592,
      1.9309186935424805,
      3.234936475753784,
      0.6890723705291748,
      1.2486425638198853,
      0.24757258594036102,
      0.4841762185096741,
      0.1365204155445099
    ],
    [
      11.74614429473877,
      3.834498643875122,
      34.0425910949707,
      3.971836805343628,
      54.049224853515625,
      3.8300435543060303,
      59.020965576171875,
      3.589266777038574,
      86.72561645507812,
      17.708362579345703,
      83.48133850097656,
      19.476226806640625,
      40.84392166137695,
      3.9652771949768066,
      16.252845764160156,
      1.3096749782562256,
      7.37739372253418,
      0.9529625773429871
    ],
    [
      2.916855812072754,
      1.2761309146881104,
      6.075679302215576,
      1.120090365409851,
      10.601107597351074,
      1.5754841566085815,
      11.160299301147461,
      1.4892610311508179,
      17.708362579345703,
      7.496067523956299,
      18.50439453125,
      5.433733940124512,
      9.444633483886719,
      1.3071341514587402,
      3.9104068279266357,
      0.5016506910324097,
      1.756186604499817,
      0.3103223741054535
    ],
    [
      18.042064666748047,
      7.617874622344971,
      41.649139404296875,
      6.467240333557129,
      70.6309814453125,
      6.875396251678467,
      72.49208068847656,
      5.214049816131592,
      83.48133850097656,
      18.50439453125,
      121.7106704711914,
      28.419008255004883,
      59.27788543701172,
      5.614940166473389,
      24.65976905822754,
      1.9348645210266113,
      11.505661964416504,
      1.3655881881713867
    ],
    [
      4.593269348144531,
      1.913799524307251,
      8.461429595947266,
      2.0886600017547607,
      15.278692245483398,
      2.810821056365967,
      15.283997535705566,
      1.9309186935424805,
      19.476226806640625,
      5.433733940124512,
      28.419008255004883,
      10.658452987670898,
      16.362619400024414,
      2.6362054347991943,
      6.470806121826172,
      0.896356999874115,
      2.8374483585357666,
      0.5391033291816711
    ],
    [
      13.76562786102295,
      6.029651165008545,
      21.257736206054688,
      4.5700201988220215,
      31.73583984375,
      4.104615688323975,
      34.529876708984375,
      3.234936475753784,
      40.84392166137695,
      9.444633483886719,
      59.27788543701172,
      16.362619400024414,
      42.101768493652344,
      5.019112586975098,
      19.671165466308594,
      2.133882761001587,
      9.884663581848145,
      1.4907740354537964
    ],
    [
      1.1847201585769653,
      0.5437893271446228,
      1.6015093326568604,
      0.7032226324081421,
      2.6744225025177,
      0.9050523638725281,
      3.0257294178009033,
      0.6890723705291748,
      3.9652771949768066,
      1.3071341514587402,
      5.614940166473389,
      2.6362054347991943,
      5.019112586975098,
      1.3726921081542969,
      2.488962411880493,
      0.5903865694999695,
      1.2135670185089111,
      0.3446158766746521
    ],
    [
      10.203082084655762,
      4.897521018981934,
      10.468552589416504,
      2.6915197372436523,
      13.433180809020996,
      1.5067189931869507,
      14.102547645568848,
      1.2486425638198853,
      16.252845764160156,
      3.9104068279266357,
      24.65976905822754,
      6.470806121826172,
      19.671165466308594,
      2.488962411880493,
      14.089799880981445,
      1.8267768621444702,
      8.039582252502441,
      1.382167100906372
    ],
    [
      0.915403425693512,
      0.48131459951400757,
      0.7381724119186401,
      0.42434337735176086,
      0.8000748753547668,
      0.34224680066108704,
      0.9773345589637756,
      0.24757258594036102,
      1.3096749782562256,
      0.5016506910324097,
      1.9348645210266113,
      0.896356999874115,
      2.133882761001587,
      0.5903865694999695,
      1.8267768621444702,
      0.5685087442398071,
      1.1528558731079102,
      0.3928760588169098
    ],
    [
      5.423157215118408,
      2.840447425842285,
      5.123484134674072,
      1.6862585544586182,
      5.990260601043701,
      0.6178826689720154,
      6.25449800491333,
      0.4841762185096741,
      7.37739372253418,
      1.756186604499817,
      11.505661964416504,
      2.8374483585357666,
      9.884663581848145,
      1.2135670185089111,
      8.039582252502441,
      1.1528558731079102,
      6.252758979797363,
      1.1826646327972412
    ],
    [
      0.8082559704780579,
      0.4441524147987366,
      0.6910346150398254,
      0.3677659034729004,
      0.6879527568817139,
      0.2648535966873169,
      0.7332102656364441,
      0.1365204155445099,
      0.9529625773429871,
      0.3103223741054535,
      1.3655881881713867,
      0.5391033291816711,
      1.4907740354537964,
      0.3446158766746521,
      1.382167100906372,
      0.3928760588169098,
      1.1826646327972412,
      0.43448102474212646
    ]
  ],
  "damage": -13.983277320861816,
  "diff_bandwidth": 542.5142822265625,
  "dissonance": 3.8508706282312843,
  "drr": -1.28571355342865,
  "dynamics": 4.795466423034668,
  "format": 1245190,
  "frames": 14291904,
  "loudness": -24.101587295532227,
  "loudness_range": 14.585647583007812,
  "loudness_range_short": 17.047834396362305,
  "lowpass_true_peak_15khz": -4.661940574645996,
  "mastering3_acoustic_entropies": [
    {
      "acoustic_entropy": 7.001914024353027,
      "acoustic_entropy_mono": 7.0016865730285645,
      "band_eliminated_acoustic_entropies": [
        {
          "acoustic_entropy": 7.038599491119385,
          "acoustic_entropy_side": 7.001914024353027,
          "hz": 129.47220167065723
        },
        {
          "acoustic_entropy": 6.727723121643066,
          "acoustic_entropy_side": 7.001914024353027,
          "hz": 202.92927478742237
        },
        {
          "acoustic_entropy": 7.6538848876953125,
          "acoustic_entropy_side": 7.001914024353027,
          "hz": 282.89161906338205
        },
        {
          "acoustic_entropy": 6.40083646774292,
          "acoustic_entropy_side": 7.001914024353027,
          "hz": 369.9353335868758
        },
        {
          "acoustic_entropy": 7.198505878448486,
          "acoustic_entropy_side": 7.001914024353027,
          "hz": 464.6875360973435
        },
        {
          "acoustic_entropy": 6.873321533203125,
          "acoustic_entropy_side": 7.001913547515869,
          "hz": 567.8308811364784
        },
        {
          "acoustic_entropy": 6.546591281890869,
          "acoustic_entropy_side": 7.001915454864502,
          "hz": 680.1084783214808
        },
        {
          "acoustic_entropy": 7.073352336883545,
          "acoustic_entropy_side": 7.001914978027344,
          "hz": 802.3292461747484
        },
        {
          "acoustic_entropy": 7.078155040740967,
          "acoustic_entropy_side": 7.001914024353027,
          "hz": 935.3737400823702
        },
        {
          "acoustic_entropy": 6.664250373840332,
          "acoustic_entropy_side": 7.001913547515869,
          "hz": 1080.2004963696966
        },
        {
          "acoustic_entropy": 7.472919464111328,
          "acoustic_entropy_side": 7.001914978027344,
          "hz": 1237.8529382007157
        },
        {
          "acoustic_entropy": 6.9083476066589355,
          "acoustic_entropy_side": 7.001914978027344,
          "hz": 1409.4668930556702
        },
        {
          "acoustic_entropy": 6.996108531951904,
          "acoustic_entropy_side": 7.0019145011901855,
          "hz": 1596.2787759475705
        },
        {
          "acoustic_entropy": 6.4777703285217285,
          "acoustic_entropy_side": 7.001910209655762,
          "hz": 1799.6344973346393
        },
        {
          "acoustic_entropy": 6.851228713989258,
          "acoustic_entropy_side": 7.0019073486328125,
          "hz": 2020.9991599069049
        },
        {
          "acoustic_entropy": 7.068055152893066,
          "acoustic_entropy_side": 7.001915454864502,
          "hz": 2261.9676141086993
        },
        {
          "acoustic_entropy": 6.678758144378662,
          "acoustic_entropy_side": 7.0019121170043945,
          "hz": 2524.2759484456974
        },
        {
          "acoustic_entropy": 6.8156819343566895,
          "acoustic_entropy_side": 7.001913070678711,
          "hz": 2809.813997359896
        },
        {
          "acoustic_entropy": 6.788998126983643,
          "acoustic_entropy_side": 7.001906871795654,
          "hz": 3120.6389567871424
        },
        {
          "acoustic_entropy": 6.873846054077148,
          "acoustic_entropy_side": 7.0019049644470215,
          "hz": 3458.990205492291
        },
        {
          "acoustic_entropy": 6.957737445831299,
          "acoustic_entropy_side": 7.00191593170166,
          "hz": 3827.305438964164
        },
        {
          "acoustic_entropy": 6.9590277671813965,
          "acoustic_entropy_side": 7.001730442047119,
          "hz": 4228.238232109126
        },
        {
          "acoustic_entropy": 7.008227825164795,
          "acoustic_entropy_side": 7.001899242401123,
          "hz": 4664.6771572759235
        },
        {
          "acoustic_entropy": 6.995461940765381,
          "acoustic_entropy_side": 7.001912593841553,
          "hz": 5139.766595350093
        },
        {
          "acoustic_entropy": 6.999997615814209,
          "acoustic_entropy_side": 7.0019145011901855,
          "hz": 5656.929389854203
        },
        {
          "acoustic_entropy": 7.001296520233154,
          "acoustic_entropy_side": 7.001914024353027,
          "hz": 6219.891507268283
        },
        {
          "acoustic_entropy": 7.001061916351318,
          "acoustic_entropy_side": 7.0019145011901855,
          "hz": 6832.70888123896
        },
        {
          "acoustic_entropy": 7.001952648162842,
          "acoustic_entropy_side": 7.0019145011901855,
          "hz": 7499.796634079867
        },
        {
          "acoustic_entropy": 7.001805305480957,
          "acoustic_entropy_side": 7.001914024353027,
          "hz": 8225.96088609342
        },
        {
          "acoustic_entropy": 7.001644134521484,
          "acoustic_entropy_side": 7.001914024353027,
          "hz": 9016.43338188839
        },
        {
          "acoustic_entropy": 7.001829147338867,
          "acoustic_entropy_side": 7.001914024353027,
          "hz": 9876.909183162974
        },
        {
          "acoustic_entropy": 7.00186014175415,
          "acoustic_entropy_side": 7.001914024353027,
          "hz": 10813.587699516042
        },
        {
          "acoustic_entropy": 7.001886367797852,
          "acoustic_entropy_side": 7.001914024353027,
          "hz": 11833.21735289826
        },
        {
          "acoustic_entropy": 7.001893997192383,
          "acoustic_entropy_side": 7.001914024353027,
          "hz": 12943.144197493959
        },
        {
          "acoustic_entropy": 7.001883506774902,
          "acoustic_entropy_side": 7.001914024353027,
          "hz": 14151.364845322005
        },
        {
          "acoustic_entropy": 7.00189733505249,
          "acoustic_entropy_side": 7.001914024353027,
          "hz": 15466.58407886509
        },
        {
          "acoustic_entropy": 7.00190544128418,
          "acoustic_entropy_side": 7.001914024353027,
          "hz": 16898.27756580493
        },
        {
          "acoustic_entropy": 7.001908779144287,
          "acoustic_entropy_side": 7.001914024353027,
          "hz": 18456.760127700032
        },
        {
          "acoustic_entropy": 7.001911163330078,
          "acoustic_entropy_side": 7.001914024353027,
          "hz": 20153.260054456492
        },
        {
          "acoustic_entropy": 7.001914024353027,
          "acoustic_entropy_side": 7.001914024353027,
          "hz": 22000.00000000001
        }
      ],
      "diff_acoustic_entropy": 4.60966682434082,
      "sn": 6
    },
    {
      "acoustic_entropy": 9.048235893249512,
      "acoustic_entropy_mono": 9.044474601745605,
      "band_eliminated_acoustic_entropies": [
        {
          "acoustic_entropy": 9.244148254394531,
          "acoustic_entropy_side": 9.048238754272461,
          "hz": 129.47220167065723
        },
        {
          "acoustic_entropy": 9.72143268585205,
          "acoustic_entropy_side": 9.048258781433105,
          "hz": 202.92927478742237
        },
        {
          "acoustic_entropy": 9.918272972106934,
          "acoustic_entropy_side": 9.048236846923828,
          "hz": 282.89161906338205
        },
        {
          "acoustic_entropy": 10.106443405151367,
          "acoustic_entropy_side": 9.048236846923828,
          "hz": 369.9353335868758
        },
        {
          "acoustic_entropy": 10.901579856872559,
          "acoustic_entropy_side": 9.048236846923828,
          "hz": 464.6875360973435
        },
        {
          "acoustic_entropy": 10.602614402770996,
          "acoustic_entropy_side": 9.048233985900879,
          "hz": 567.8308811364784
        },
        {
          "acoustic_entropy": 10.139412879943848,
          "acoustic_entropy_side": 9.048237800598145,
          "hz": 680.1084783214808
        },
        {
          "acoustic_entropy": 9.925372123718262,
          "acoustic_entropy_side": 9.048226356506348,
          "hz": 802.3292461747484
        },
        {
          "acoustic_entropy": 10.006048202514648,
          "acoustic_entropy_side": 9.048232078552246,
          "hz": 935.3737400823702
        },
        {
          "acoustic_entropy": 9.765938758850098,
          "acoustic_entropy_side": 9.048224449157715,
          "hz": 1080.2004963696966
        },
        {
          "acoustic_entropy": 10.117706298828125,
          "acoustic_entropy_side": 9.048234939575195,
          "hz": 1237.8529382007157
        },
        {
          "acoustic_entropy": 9.175244331359863,
          "acoustic_entropy_side": 9.048238754272461,
          "hz": 1409.4668930556702
        },
        {
          "acoustic_entropy": 9.091992378234863,
          "acoustic_entropy_side": 9.048232078552246,
          "hz": 1596.2787759475705
        },
        {
          "acoustic_entropy": 9.136530876159668,
          "acoustic_entropy_side": 9.04816722869873,
          "hz": 1799.6344973346393
        },
        {
          "acoustic_entropy": 9.009193420410156,
          "acoustic_entropy_side": 9.048103332519531,
          "hz": 2020.9991599069049
        },
        {
          "acoustic_entropy": 9.386039733886719,
          "acoustic_entropy_side": 9.048235893249512,
          "hz": 2261.9676141086993
        },
        {
          "acoustic_entropy": 9.132601737976074,
          "acoustic_entropy_side": 9.048216819763184,
          "hz": 2524.2759484456974
        },
        {
          "acoustic_entropy": 8.949060440063477,
          "acoustic_entropy_side": 9.048166275024414,
          "hz": 2809.813997359896
        },
        {
          "acoustic_entropy": 9.47751235961914,
          "acoustic_entropy_side": 9.047879219055176,
          "hz": 3120.6389567871424
        },
        {
          "acoustic_entropy": 9.199604034423828,
          "acoustic_entropy_side": 9.04798698425293,
          "hz": 3458.990205492291
        },
        {
          "acoustic_entropy": 9.004441261291504,
          "acoustic_entropy_side": 9.048067092895508,
          "hz": 3827.305438964164
        },
        {
          "acoustic_entropy": 9.209733009338379,
          "acoustic_entropy_side": 9.045540809631348,
          "hz": 4228.238232109126
        },
        {
          "acoustic_entropy": 8.940020561218262,
          "acoustic_entropy_side": 9.047932624816895,
          "hz": 4664.6771572759235
        },
        {
          "acoustic_entropy": 8.991387367248535,
          "acoustic_entropy_side": 9.048201560974121,
          "hz": 5139.766595350093
        },
        {
          "acoustic_entropy": 9.016074180603027,
          "acoustic_entropy_side": 9.048230171203613,
          "hz": 5656.929389854203
        },
        {
          "acoustic_entropy": 9.037970542907715,
          "acoustic_entropy_side": 9.048235893249512,
          "hz": 6219.891507268283
        },
        {
          "acoustic_entropy": 9.037137031555176,
          "acoustic_entropy_side": 9.048234939575195,
          "hz": 6832.70888123896
        },
        {
          "acoustic_entropy": 9.041974067687988,
          "acoustic_entropy_side": 9.048233985900879,
          "hz": 7499.796634079867
        },
        {
          "acoustic_entropy": 9.039042472839355,
          "acoustic_entropy_side": 9.04823112487793,
          "hz": 8225.96088609342
        },
        {
          "acoustic_entropy": 9.044301986694336,
          "acoustic_entropy_side": 9.048234939575195,
          "hz": 9016.43338188839
        },
        {
          "acoustic_entropy": 9.048171043395996,
          "acoustic_entropy_side": 9.048238754272461,
          "hz": 9876.909183162974
        },
        {
          "acoustic_entropy": 9.0485258102417,
          "acoustic_entropy_side": 9.048236846923828,
          "hz": 10813.587699516042
        },
        {
          "acoustic_entropy": 9.048455238342285,
          "acoustic_entropy_side": 9.048236846923828,
          "hz": 11833.21735289826
        },
        {
          "acoustic_entropy": 9.048471450805664,
          "acoustic_entropy_side": 9.048237800598145,
          "hz": 12943.144197493959
        },
        {
          "acoustic_entropy": 9.048541069030762,
          "acoustic_entropy_side": 9.048238754272461,
          "hz": 14151.364845322005
        },
        {
          "acoustic_entropy": 9.0485258102417,
          "acoustic_entropy_side": 9.048236846923828,
          "hz": 15466.58407886509
        },
        {
          "acoustic_entropy": 9.048558235168457,
          "acoustic_entropy_side": 9.048235893249512,
          "hz": 16898.27756580493
        },
        {
          "acoustic_entropy": 9.048558235168457,
          "acoustic_entropy_side": 9.048236846923828,
          "hz": 18456.760127700032
        },
        {
          "acoustic_entropy": 9.048295021057129,
          "acoustic_entropy_side": 9.048235893249512,
          "hz": 20153.260054456492
        },
        {
          "acoustic_entropy": 9.048237800598145,
          "acoustic_entropy_side": 9.048235893249512,
          "hz": 22000.00000000001
        }
      ],
      "diff_acoustic_entropy": 6.852122783660889,
      "sn": 12
    },
    {
      "acoustic_entropy": 15.080416679382324,
      "acoustic_entropy_mono": 15.057270050048828,
      "band_eliminated_acoustic_entropies": [
        {
          "acoustic_entropy": 14.378469467163086,
          "acoustic_entropy_side": 15.080426216125488,
          "hz": 129.47220167065723
        },
        {
          "acoustic_entropy": 14.668895721435547,
          "acoustic_entropy_side": 15.080184936523438,
          "hz": 202.92927478742237
        },
        {
          "acoustic_entropy": 16.140361785888672,
          "acoustic_entropy_side": 15.080448150634766,
          "hz": 282.89161906338205
        },
        {
          "acoustic_entropy": 15.896373748779297,
          "acoustic_entropy_side": 15.080565452575684,
          "hz": 369.9353335868758
        },
        {
          "acoustic_entropy": 14.272173881530762,
          "acoustic_entropy_side": 15.080368041992188,
          "hz": 464.6875360973435
        },
        {
          "acoustic_entropy": 16.09010124206543,
          "acoustic_entropy_side": 15.081066131591797,
          "hz": 567.8308811364784
        },
        {
          "acoustic_entropy": 15.989112854003906,
          "acoustic_entropy_side": 15.079874992370605,
          "hz": 680.1084783214808
        },
        {
          "acoustic_entropy": 14.759990692138672,
          "acoustic_entropy_side": 15.079922676086426,
          "hz": 802.3292461747484
        },
        {
          "acoustic_entropy": 15.698037147521973,
          "acoustic_entropy_side": 15.080517768859863,
          "hz": 935.3737400823702
        },
        {
          "acoustic_entropy": 15.567814826965332,
          "acoustic_entropy_side": 15.079246520996094,
          "hz": 1080.2004963696966
        },
        {
          "acoustic_entropy": 15.096266746520996,
          "acoustic_entropy_side": 15.079628944396973,
          "hz": 1237.8529382007157
        },
        {
          "acoustic_entropy": 15.277981758117676,
          "acoustic_entropy_side": 15.081180572509766,
          "hz": 1409.4668930556702
        },
        {
          "acoustic_entropy": 14.421080589294434,
          "acoustic_entropy_side": 15.079876899719238,
          "hz": 1596.2787759475705
        },
        {
          "acoustic_entropy": 14.13123607635498,
          "acoustic_entropy_side": 15.081746101379395,
          "hz": 1799.6344973346393
        },
        {
          "acoustic_entropy": 14.473734855651855,
          "acoustic_entropy_side": 15.08090591430664,
          "hz": 2020.9991599069049
        },
        {
          "acoustic_entropy": 14.938692092895508,
          "acoustic_entropy_side": 15.079310417175293,
          "hz": 2261.9676141086993
        },
        {
          "acoustic_entropy": 15.652850151062012,
          "acoustic_entropy_side": 15.079364776611328,
          "hz": 2524.2759484456974
        },
        {
          "acoustic_entropy": 15.41325855255127,
          "acoustic_entropy_side": 15.084906578063965,
          "hz": 2809.813997359896
        },
        {
