{
  "acoustic_entropy": 193.8900909423828,
  "bands": [
    {
      "high_freq": 148.1999969482422,
      "loudness": -23.69268226623535,
      "loudness_range": 9.143787384033203,
      "mid_mean": -20.049057006835938,
      "mid_to_side_loudness": -23.695356369018555,
      "mid_to_side_loudness_range": 25.856216430664062,
      "side_mean": -42.02714538574219
    },
    {
      "high_freq": 392.3793640136719,
      "loudness": -24.490285873413086,
      "loudness_range": 5.484148025512695,
      "low_freq": 148.1999969482422,
      "mid_mean": -20.918062210083008,
      "mid_to_side_loudness": -15.914474487304688,
      "mid_to_side_loudness_range": 10.016280174255371,
      "side_mean": -37.577823638916016
    },
    {
      "high_freq": 794.6976318359375,
      "loudness": -32.02718734741211,
      "loudness_range": 9.012969970703125,
      "low_freq": 392.3793640136719,
      "mid_mean": -28.547529220581055,
      "mid_to_side_loudness": -14.235929489135742,
      "mid_to_side_loudness_range": 11.166936874389648,
      "side_mean": -42.686439514160156
    },
    {
      "high_freq": 1457.5709228515625,
      "loudness": -30.152559280395508,
      "loudness_range": 11.743667602539062,
      "low_freq": 794.6976318359375,
      "mid_mean": -26.645078659057617,
      "mid_to_side_loudness": -14.451004028320312,
      "mid_to_side_loudness_range": 11.336565017700195,
      "side_mean": -41.4598274230957
    },
    {
      "high_freq": 2549.74365234375,
      "loudness": -25.152549743652344,
      "loudness_range": 15.366508483886719,
      "low_freq": 1457.5709228515625,
      "mid_mean": -21.775375366210938,
      "mid_to_side_loudness": -11.211492538452148,
      "mid_to_side_loudness_range": 6.402976989746094,
      "side_mean": -32.017677307128906
    },
    {
      "high_freq": 4349.24462890625,
      "loudness": -25.98866081237793,
      "loudness_range": 16.680957794189453,
      "low_freq": 2549.74365234375,
      "mid_mean": -22.603317260742188,
      "mid_to_side_loudness": -11.385932922363281,
      "mid_to_side_loudness_range": 6.379049301147461,
      "side_mean": -32.439231872558594
    },
    {
      "high_freq": 7314.1640625,
      "loudness": -29.2506160736084,
      "loudness_range": 12.038976669311523,
      "low_freq": 4349.24462890625,
      "mid_mean": -25.91956329345703,
      "mid_to_side_loudness": -11.035172462463379,
      "mid_to_side_loudness_range": 7.524730682373047,
      "side_mean": -35.95579528808594
    },
    {
      "high_freq": 12199.2666015625,
      "loudness": -30.93018341064453,
      "loudness_range": 12.698474884033203,
      "low_freq": 7314.1640625,
      "mid_mean": -27.491336822509766,
      "mid_to_side_loudness": -13.017117500305176,
      "mid_to_side_loudness_range": 12.291532516479492,
      "side_mean": -40.59444808959961
    },
    {
      "loudness": -38.77067184448242,
      "loudness_range": 15.169134140014648,
      "low_freq": 12199.2666015625,
      "mid_mean": -35.277015686035156,
      "mid_to_side_loudness": -13.935126304626465,
      "mid_to_side_loudness_range": 11.492340087890625,
      "side_mean": -52.74842834472656
    }
  ],
  "bands_short": [
    {
      "high_freq": 148.1999969482422,
      "loudness": -27.336200714111328,
      "loudness_range": 13.814828872680664,
      "mid_mean": -23.766387939453125,
      "mid_to_side_loudness": -23.703716278076172,
      "mid_to_side_loudness_range": 29.39852523803711,
      "side_mean": -46.479034423828125
    },
    {
      "high_freq": 392.3793640136719,
      "loudness": -22.98875617980957,
      "loudness_range": 7.828649520874023,
      "low_freq": 148.1999969482422,
      "mid_mean": -19.415498733520508,
      "mid_to_side_loudness": -18.3196964263916,
      "mid_to_side_loudness_range": 19.641586303710938,
      "side_mean": -37.94070816040039
    },
    {
      "high_freq": 794.6976318359375,
      "loudness": -32.17201232910156,
      "loudness_range": 11.82973861694336,
      "low_freq": 392.3793640136719,
      "mid_mean": -28.762331008911133,
      "mid_to_side_loudness": -13.871341705322266,
      "mid_to_side_loudness_range": 13.634029388427734,
      "side_mean": -42.53178405761719
    },
    {
      "high_freq": 1457.5709228515625,
      "loudness": -30.840974807739258,
      "loudness_range": 14.037334442138672,
      "low_freq": 794.6976318359375,
      "mid_mean": -27.412168502807617,
      "mid_to_side_loudness": -14.335087776184082,
      "mid_to_side_loudness_range": 13.233336448669434,
      "side_mean": -42.16456985473633
    },
    {
      "high_freq": 2549.74365234375,
      "loudness": -25.510892868041992,
      "loudness_range": 15.644296646118164,
      "low_freq": 1457.5709228515625,
      "mid_mean": -22.218793869018555,
      "mid_to_side_loudness": -11.441303253173828,
      "mid_to_side_loudness_range": 8.640348434448242,
      "side_mean": -32.6797981262207
    },
    {
      "high_freq": 4349.24462890625,
      "loudness": -26.00802993774414,
      "loudness_range": 17.980514526367188,
      "low_freq": 2549.74365234375,
      "mid_mean": -22.72383689880371,
      "mid_to_side_loudness": -11.41067886352539,
      "mid_to_side_loudness_range": 8.255904197692871,
      "side_mean": -32.78314971923828
    },
    {
      "high_freq": 7314.1640625,
      "loudness": -29.90838623046875,
      "loudness_range": 14.60007095336914,
      "low_freq": 4349.24462890625,
      "mid_mean": -26.573577880859375,
      "mid_to_side_loudness": -11.865325927734375,
      "mid_to_side_loudness_range": 11.43052864074707,
      "side_mean": -37.596065521240234
    },
    {
      "high_freq": 12199.2666015625,
      "loudness": -32.279762268066406,
      "loudness_range": 16.216764450073242,
      "low_freq": 7314.1640625,
      "mid_mean": -28.881940841674805,
      "mid_to_side_loudness": -13.260579109191895,
      "mid_to_side_loudness_range": 15.113985061645508,
      "side_mean": -43.45108413696289
    },
    {
      "loudness": -40.83958053588867,
      "loudness_range": 19.648662567138672,
      "low_freq": 12199.2666015625,
      "mid_mean": -37.40774154663086,
      "mid_to_side_loudness": -14.480344772338867,
      "mid_to_side_loudness_range": 15.40065860748291,
      "side_mean": -56.51319122314453
    }
  ],
  "bandwidth": 799.5794677734375,
  "channels": 2,
  "covariance": [
    [
      16.85782241821289,
      9.345947265625,
      2.8664772510528564,
      12.52023696899414,
      5.689814567565918,
      5.26002836227417,
      5.31137752532959,
      7.702836990356445,
      6.48524284362793,
      -2.322669267654419,
      9.650911331176758,
      -2.289170503616333,
      8.166894912719727,
      0.5117619037628174,
      4.800652980804443,
      2.1693544387817383,
      7.105445384979248,
      24.680660247802734
    ],
    [
      9.345947265625,
      64.40975952148438,
      6.811805248260498,
      23.865428924560547,
      10.770561218261719,
      13.286491394042969,
      12.901396751403809,
      7.644675254821777,
      21.157541275024414,
      12.891397476196289,
      26.175979614257812,
      8.69703197479248,
      16.291791915893555,
      1.3742396831512451,
      4.49888801574707,
      -5.475961208343506,
      -2.9721741676330566,
      21.80320167541504
    ],
    [
      2.8664772510528564,
      6.811805248260498,
      6.912293910980225,
      2.511347770690918,
      5.563782691955566,
      5.7593255043029785,
      2.0252137184143066,
      3.4515109062194824,
      3.079958915710449,
      6.069302558898926,
      3.6688358783721924,
      3.9305596351623535,
      3.5695741176605225,
      2.8973989486694336,
      1.5480248928070068,
      2.1796984672546387,
      0.23270873725414276,
      5.527881145477295
    ],
    [
      12.52023696899414,
      23.865428924560547,
      2.511347770690918,
      40.47865295410156,
      5.353238582611084,
      11.817946434020996,
      9.85677719116211,
      9.69965934753418,
      16.363370895385742,
      9.249730110168457,
      18.439470291137695,
      8.06908893585205,
      12.18779468536377,
      1.939466953277588,
      4.17372989654541,
      -3.9137494564056396,
      0.2754480838775635,
      15.416546821594238
    ],
    [
      5.689814567565918,
      10.770561218261719,
      5.563782691955566,
      5.353238582611084,
      17.991912841796875,
      4.39225959777832,
      7.068240165710449,
      3.8390467166900635,
      2.449007511138916,
      3.493741273880005,
      3.9463846683502197,
      0.15884403884410858,
      4.615020751953125,
      1.563063621520996,
      3.3155617713928223,
      2.26784348487854,
      4.416719913482666,
      16.041196823120117
    ],
    [
      5.26002836227417,
      13.286491394042969,
      5.7593255043029785,
      11.817946434020996,
      4.39225959777832,
      29.231916427612305,
      7.372281074523926,
      14.190248489379883,
      16.29535484313965,
      17.5052547454834,
      17.672861099243164,
      14.753381729125977,
      11.516987800598145,
      8.167908668518066,
      4.247122764587402,
      6.3565449714660645,
      0.5874789357185364,
      15.821112632751465
    ],
    [
      5.31137752532959,
      12.901396751403809,
      2.0252137184143066,
      9.85677719116211,
      7.068240165710449,
      7.372281074523926,
      21.023717880249023,
      3.1231064796447754,
      13.858110427856445,
      5.403102874755859,
      11.94963264465332,
      4.73074197769165,
      8.003482818603516,
      3.4075262546539307,
      2.4203474521636963,
      2.9767532348632812,
      1.7926373481750488,
      13.153522491455078
    ],
    [
      7.702836990356445,
      7.644675254821777,
      3.4515109062194824,
      9.69965934753418,
      3.8390467166900635,
      14.190248489379883,
      3.1231064796447754,
      33.722267150878906,
      17.26368522644043,
      17.952381134033203,
      20.03108024597168,
      17.01923370361328,
      11.453639030456543,
      9.432344436645508,
      4.4373087882995605,
      9.17838191986084,
      2.7008516788482666,
      20.831769943237305
    ],
    [
      6.48524284362793,
      21.157541275024414,
      3.079958915710449,
      16.363370895385742,
      2.449007511138916,
      16.29535484313965,
      13.858110427856445,
      17.26368522644043,
      30.23375701904297,
      20.770261764526367,
      29.743139266967773,
      18.263580322265625,
      17.61310577392578,
      9.649530410766602,
      4.827398300170898,
      9.032477378845215,
      0.2278081476688385,
      22.000600814819336
    ],
    [
      -2.322669267654419,
      12.891397476196289,
      6.069302558898926,
      9.249730110168457,
      3.493741273880005,
      17.5052547454834,
      5.403102874755859,
      17.952381134033203,
      20.770261764526367,
      34.74446487426758,
      21.153953552246094,
      26.401329040527344,
      9.09035873413086,
      12.123835563659668,
      0.5513518452644348,
      8.558168411254883,
      -7.856468200683594,
      0.34526628255844116
    ],
    [
      9.650911331176758,
      26.175979614257812,
      3.6688358783721924,
      18.439470291137695,
      3.9463846683502197,
      17.672861099243164,
      11.94963264465332,
      20.03108024597168,
      29.743139266967773,
      21.153953552246094,
      39.53694534301758,
      20.03537940979004,
      21.75188636779785,
      11.252132415771484,
      6.22829532623291,
      11.747947692871094,
      1.6804403066635132,
      30.738595962524414
    ],
    [
      -2.289170503616333,
      8.69703197479248,
      3.9305596351623535,
      8.06908893585205,
      0.15884403884410858,
      14.753381729125977,
      4.73074197769165,
      17.01923370361328,
      18.263580322265625,
      26.401329040527344,
      20.03537940979004,
      27.07969093322754,
      8.433156967163086,
      13.627099990844727,
      0.6018136739730835,
      10.716127395629883,
      -7.680586338043213,
      -1.4923877716064453
    ],
    [
      8.166894912719727,
      16.291791915893555,
      3.5695741176605225,
      12.18779468536377,
      4.615020751953125,
      11.516987800598145,
      8.003482818603516,
      11.453639030456543,
      17.61310577392578,
      9.09035873413086,
      21.75188636779785,
      8.433156967163086,
      19.947330474853516,
      7.734066963195801,
      12.1019926071167,
      9.10500717163086,
      9.282414436340332,
      24.084976196289062
    ],
    [
      0.5117619037628174,
      1.3742396831512451,
      2.8973989486694336,
      1.939466953277588,
      1.563063621520996,
      8.167908668518066,
      3.4075262546539307,
      9.432344436645508,
      9.649530410766602,
      12.123835563659668,
      11.252132415771484,
      13.627099990844727,
      7.734066963195801,
      14.012006759643555,
      3.3236589431762695,
      14.450472831726074,
      -0.9797982573509216,
      7.085103988647461
    ],
    [
      4.800652980804443,
      4.49888801574707,
      1.5480248928070068,
      4.17372989654541,
      3.3155617713928223,
      4.247122764587402,
      2.4203474521636963,
      4.4373087882995605,
      4.827398300170898,
      0.5513518452644348,
      6.22829532623291,
      0.6018136739730835,
      12.1019926071167,
      3.3236589431762695,
      20.237483978271484,
      6.392266750335693,
      18.14325714111328,
      13.119548797607422
    ],
    [
      2.1693544387817383,
      -5.475961208343506,
      2.1796984672546387,
      -3.9137494564056396,
      2.26784348487854,
      6.3565449714660645,
      2.9767532348632812,
      9.17838191986084,
      9.032477378845215,
      8.558168411254883,
      11.747947692871094,
      10.716127395629883,
      9.10500717163086,
      14.450472831726074,
      6.392266750335693,
      26.119770050048828,
      6.03942346572876,
      20.56957244873047
    ],
    [
      7.105445384979248,
      -2.9721741676330566,
      0.23270873725414276,
      0.2754480838775635,
      4.416719913482666,
      0.5874789357185364,
      1.7926373481750488,
      2.7008516788482666,
      0.2278081476688385,
      -7.856468200683594,
      1.6804403066635132,
      -7.680586338043213,
      9.282414436340332,
      -0.9797982573509216,
      18.14325714111328,
      6.03942346572876,
      26.43075180053711,
      24.296770095825195
    ],
    [
      24.680660247802734,
      21.80320167541504,
      5.527881145477295,
      15.416546821594238,
      16.041196823120117,
      15.821112632751465,
      13.153522491455078,
      20.831769943237305,
      22.000600814819336,
      0.34526628255844116,
      30.738595962524414,
      -1.4923877716064453,
      24.084976196289062,
      7.085103988647461,
      13.119548797607422,
      20.56957244873047,
      24.296770095825195,
      89.57673645019531
    ]
  ],
  "covariance_short": [
    [
      31.125381469726562,
      15.371005058288574,
      4.538281440734863,
      15.249857902526855,
      5.448497295379639,
      6.623093605041504,
      7.060446739196777,
      9.789901733398438,
      9.16197395324707,
      2.362469434738159,
      12.658763885498047,
      2.096428394317627,
      9.710827827453613,
      1.5707634687423706,
      4.409615516662598,
      8.710511207580566,
      5.116791725158691,
      18.577713012695312
    ],
    [
      15.371005058288574,
      83.72145080566406,
      6.452798843383789,
      37.84810256958008,
      12.240049362182617,
      12.962371826171875,
      12.830795288085938,
      13.76736068725586,
      20.641786575317383,
      10.292473793029785,
      23.250947952270508,
      8.507668495178223,
      15.119945526123047,
      0.38536709547042847,
      4.340569496154785,
      -0.24091801047325134,
      -1.0856961011886597,
      19.970273971557617
    ],
    [
      4.538281440734863,
      6.452798843383789,
      10.736213684082031,
      2.4476332664489746,
      3.5165352821350098,
      1.3165125846862793,
      1.689348578453064,
      1.6856228113174438,
      0.28399360179901123,
      -1.3810265064239502,
      1.0950778722763062,
      -1.1834100484848022,
      2.585728406906128,
      0.8374109268188477,
      0.6068130731582642,
      6.340810775756836,
      0.7202930450439453,
      6.904468536376953
    ],
    [
      15.249857902526855,
      37.84810256958008,
      2.4476332664489746,
      55.49428176879883,
      9.664034843444824,
      14.11161994934082,
      11.582249641418457,
      15.07186222076416,
      18.436649322509766,
      12.008256912231445,
      22.503787994384766,
      10.534475326538086,
      15.520256996154785,
      3.3717377185821533,
      6.787169933319092,
      1.827131748199463,
      2.178218364715576,
      16.796985626220703
    ],
    [
      5.448497295379639,
      12.240049362182617,
      3.5165352821350098,
      9.664034843444824,
      24.561134338378906,
      3.2837705612182617,
      8.35178279876709,
      5.021831512451172,
      3.9356918334960938,
      2.8583426475524902,
      6.104145050048828,
      2.120075225830078,
      5.330805778503418,
      2.6340243816375732,
      3.490283250808716,
      6.87191104888916,
      4.175277233123779,
      14.904900550842285
    ],
    [
      6.623093605041504,
      12.962371826171875,
      1.3165125846862793,
      14.11161994934082,
      3.2837705612182617,
      31.967723846435547,
      7.042822360992432,
      18.199190139770508,
      16.63549041748047,
      16.47748565673828,
      18.999303817749023,
      16.51464080810547,
      12.48705768585205,
      12.625595092773438,
      5.826208114624023,
      13.17170238494873,
      2.822446823120117,
      19.148174285888672
    ],
    [
      7.060446739196777,
      12.830795288085938,
      1.689348578453064,
      11.582249641418457,
      8.35178279876709,
      7.042822360992432,
      29.508800506591797,
      5.830080509185791,
      16.087125778198242,
      7.325893878936768,
      13.80124568939209,
      7.272390842437744,
      11.014460563659668,
      6.4825005531311035,
      5.569962501525879,
      9.849520683288574,
      4.06356143951416,
      13.057392120361328
    ],
    [
      9.789901733398438,
      13.76736068725586,
      1.6856228113174438,
      15.07186222076416,
      5.021831512451172,
      18.199190139770508,
      5.830080509185791,
      42.68739318847656,
      21.299955368041992,
      23.278491973876953,
      26.425241470336914,
      23.45871925354004,
      15.530590057373047,
      18.087724685668945,
      7.677211761474609,
      19.252138137817383,
      5.322458267211914,
      27.038381576538086
    ],
    [
      9.16197395324707,
      20.641786575317383,
      0.28399360179901123,
      18.436649322509766,
      3.9356918334960938,
      16.63549041748047,
      16.087125778198242,
      21.299955368041992,
      36.82746887207031,
      24.496505737304688,
      31.992298126220703,
      23.330684661865234,
      20.25010108947754,
      16.789417266845703,
      8.860108375549316,
      17.086185455322266,
      3.7923033237457275,
      22.887784957885742
    ],
    [
      2.362469434738159,
      10.292473793029785,
      -1.3810265064239502,
      12.008256912231445,
      2.8583426475524902,
      16.47748565673828,
      7.325893878936768,
      23.278491973876953,
      24.496505737304688,
      39.09987258911133,
      25.944194793701172,
      34.60984420776367,
      12.059884071350098,
      22.718416213989258,
      4.850233554840088,
      17.73378562927246,
      -1.8216363191604614,
      10.42676067352295
    ],
    [
      12.658763885498047,
      23.250947952270508,
      1.0950778722763062,
      22.503787994384766,
      6.104145050048828,
      18.999303817749023,
      13.80124568939209,
      26.425241470336914,
      31.992298126220703,
      25.944194793701172,
      46.67259216308594,
      28.758907318115234,
      25.978960037231445,
      21.915504455566406,
      11.093253135681152,
      23.27662467956543,
      5.717071533203125,
      32.06535720825195
    ],
    [
      2.096428394317627,
      8.507668495178223,
      -1.1834100484848022,
      10.534475326538086,
      2.120075225830078,
      16.51464080810547,
      7.272390842437744,
      23.45871925354004,
      23.330684661865234,
      34.60984420776367,
      28.758907318115234,
      40.55210876464844,
      14.048340797424316,
      28.058523178100586,
      6.668184280395508,
      23.850933074951172,
      -0.40049314498901367,
      14.68228530883789
    ],
    [
      9.710827827453613,
      15.119945526123047,
      2.585728406906128,
      15.520256996154785,
      5.330805778503418,
      12.48705768585205,
      11.014460563659668,
      15.530590057373047,
      20.25010108947754,
      12.059884071350098,
      25.978960037231445,
      14.048340797424316,
      30.055728912353516,
      17.828563690185547,
      21.537242889404297,
      24.92745590209961,
      18.14704704284668,
      28.36808204650879
    ],
    [
      1.5707634687423706,
      0.38536709547042847,
      0.8374109268188477,
      3.3717377185821533,
      2.6340243816375732,
      12.625595092773438,
      6.4825005531311035,
      18.087724685668945,
      16.789417266845703,
      22.718416213989258,
      21.915504455566406,
      28.058523178100586,
      17.828563690185547,
      39.303001403808594,
      13.163115501403809,
      41.31317138671875,
      9.6983003616333,
      32.231101989746094
    ],
    [
      4.409615516662598,
      4.340569496154785,
      0.6068130731582642,
      6.787169933319092,
      3.490283250808716,
      5.826208114624023,
      5.569962501525879,
      7.677211761474609,
      8.860108375549316,
      4.850233554840088,
      11.093253135681152,
      6.668184280395508,
      21.537242889404297,
      13.163115501403809,
      35.24514389038086,
      22.479597091674805,
      31.876981735229492,
      22.84761619567871
    ],
    [
      8.710511207580566,
      -0.24091801047325134,
      6.340810775756836,
      1.827131748199463,
      6.87191104888916,
      13.17170238494873,
      9.849520683288574,
      19.252138137817383,
      17.086185455322266,
      17.73378562927246,
      23.27662467956543,
      23.850933074951172,
      24.92745590209961,
      41.31317138671875,
      22.479597091674805,
      79.90933990478516,
      21.9637393951416,
      63.053218841552734
    ],
    [
      5.116791725158691,
      -1.0856961011886597,
      0.7202930450439453,
      2.178218364715576,
      4.175277233123779,
      2.822446823120117,
      4.06356143951416,
      5.322458267211914,
      3.7923033237457275,
      -1.8216363191604614,
      5.717071533203125,
      -0.40049314498901367,
      18.14704704284668,
      9.6983003616333,
      31.876981735229492,
      21.9637393951416,
      46.33306121826172,
      35.97681427001953
    ],
    [
      18.577713012695312,
      19.970273971557617,
      6.904468536376953,
      16.796985626220703,
      14.904900550842285,
      19.148174285888672,
      13.057392120361328,
      27.038381576538086,
      22.887784957885742,
      10.42676067352295,
      32.06535720825195,
      14.68228530883789,
      28.36808204650879,
      32.231101989746094,
      22.84761619567871,
      63.053218841552734,
      35.97681427001953,
      111.54473114013672
    ]
  ],
  "damage": -8.937361717224121,
  "diff_bandwidth": 869.369384765625,
  "dissonance": 10.712671956357775,
  "drr": 13.227335929870605,
  "dynamics": 2.5224478244781494,
  "format": 1245190,
  "frames": 7922624,
  "loudness": -13.56062126159668,
  "loudness_range": 6.892378807067871,
  "loudness_range_short": 7.297727584838867,
  "lowpass_true_peak_15khz": 0.4018361568450928,
  "mastering3_acoustic_entropies": [
    {
      "acoustic_entropy": 6.444432258605957,
      "acoustic_entropy_mono": 6.519306182861328,
      "band_eliminated_acoustic_entropies": [
        {
          "acoustic_entropy": 6.455310344696045,
          "acoustic_entropy_side": 6.444404125213623,
          "hz": 129.47220167065723
        },
        {
          "acoustic_entropy": 6.384032249450684,
          "acoustic_entropy_side": 6.443302631378174,
          "hz": 202.92927478742237
        },
        {
          "acoustic_entropy": 6.8784403800964355,
          "acoustic_entropy_side": 6.444850921630859,
          "hz": 282.89161906338205
        },
        {
          "acoustic_entropy": 6.476619720458984,
          "acoustic_entropy_side": 6.444263935089111,
          "hz": 369.9353335868758
        },
        {
          "acoustic_entropy": 6.374119281768799,
          "acoustic_entropy_side": 6.444314002990723,
          "hz": 464.6875360973435
        },
        {
          "acoustic_entropy": 6.330877304077148,
          "acoustic_entropy_side": 6.444643974304199,
          "hz": 567.8308811364784
        },
        {
          "acoustic_entropy": 6.550158500671387,
          "acoustic_entropy_side": 6.4443511962890625,
          "hz": 680.1084783214808
        },
        {
          "acoustic_entropy": 6.587643623352051,
          "acoustic_entropy_side": 6.444023609161377,
          "hz": 802.3292461747484
        },
        {
          "acoustic_entropy": 6.677676677703857,
          "acoustic_entropy_side": 6.4444403648376465,
          "hz": 935.3737400823702
        },
        {
          "acoustic_entropy": 6.5435566902160645,
          "acoustic_entropy_side": 6.44679069519043,
          "hz": 1080.2004963696966
        },
        {
          "acoustic_entropy": 6.72418737411499,
          "acoustic_entropy_side": 6.444364547729492,
          "hz": 1237.8529382007157
        },
        {
          "acoustic_entropy": 6.368227481842041,
          "acoustic_entropy_side": 6.443531036376953,
          "hz": 1409.4668930556702
        },
        {
          "acoustic_entropy": 6.490476131439209,
          "acoustic_entropy_side": 6.449031352996826,
          "hz": 1596.2787759475705
        },
        {
          "acoustic_entropy": 6.445684432983398,
          "acoustic_entropy_side": 6.4331583976745605,
          "hz": 1799.6344973346393
        },
        {
          "acoustic_entropy": 6.3645710945129395,
          "acoustic_entropy_side": 6.448118209838867,
          "hz": 2020.9991599069049
        },
        {
          "acoustic_entropy": 6.317152500152588,
          "acoustic_entropy_side": 6.444876194000244,
          "hz": 2261.9676141086993
        },
        {
          "acoustic_entropy": 6.523585319519043,
          "acoustic_entropy_side": 6.435873031616211,
          "hz": 2524.2759484456974
        },
        {
          "acoustic_entropy": 6.473872661590576,
          "acoustic_entropy_side": 6.255070686340332,
          "hz": 2809.813997359896
        },
        {
          "acoustic_entropy": 6.383017063140869,
          "acoustic_entropy_side": 6.457213401794434,
          "hz": 3120.6389567871424
        },
        {
          "acoustic_entropy": 6.268130302429199,
          "acoustic_entropy_side": 6.458718299865723,
          "hz": 3458.990205492291
        },
        {
          "acoustic_entropy": 6.394125938415527,
          "acoustic_entropy_side": 6.431119441986084,
          "hz": 3827.305438964164
        },
        {
          "acoustic_entropy": 6.730800151824951,
          "acoustic_entropy_side": 6.457634925842285,
          "hz": 4228.238232109126
        },
        {
          "acoustic_entropy": 6.680861949920654,
          "acoustic_entropy_side": 6.445281982421875,
          "hz": 4664.6771572759235
        },
        {
          "acoustic_entropy": 6.407565116882324,
          "acoustic_entropy_side": 6.455086708068848,
          "hz": 5139.766595350093
        },
        {
          "acoustic_entropy": 6.40205192565918,
          "acoustic_entropy_side": 6.456389427185059,
          "hz": 5656.929389854203
        },
        {
          "acoustic_entropy": 6.520931243896484,
          "acoustic_entropy_side": 6.486184120178223,
          "hz": 6219.891507268283
        },
        {
          "acoustic_entropy": 6.535952091217041,
          "acoustic_entropy_side": 6.4836859703063965,
          "hz": 6832.70888123896
        },
        {
          "acoustic_entropy": 6.6286845207214355,
          "acoustic_entropy_side": 6.473179817199707,
          "hz": 7499.796634079867
        },
        {
          "acoustic_entropy": 6.623493194580078,
          "acoustic_entropy_side": 6.458437442779541,
          "hz": 8225.96088609342
        },
        {
          "acoustic_entropy": 6.551355838775635,
          "acoustic_entropy_side": 6.447662353515625,
          "hz": 9016.43338188839
        },
        {
          "acoustic_entropy": 6.431041717529297,
          "acoustic_entropy_side": 6.4504570960998535,
          "hz": 9876.909183162974
        },
        {
          "acoustic_entropy": 6.580564975738525,
          "acoustic_entropy_side": 6.456600666046143,
          "hz": 10813.587699516042
        },
        {
          "acoustic_entropy": 6.49265718460083,
          "acoustic_entropy_side": 6.451875686645508,
          "hz": 11833.21735289826
        },
        {
          "acoustic_entropy": 6.549516201019287,
          "acoustic_entropy_side": 6.452258110046387,
          "hz": 12943.144197493959
        },
        {
          "acoustic_entropy": 6.572375297546387,
          "acoustic_entropy_side": 6.455822944641113,
          "hz": 14151.364845322005
        },
        {
          "acoustic_entropy": 6.610164642333984,
          "acoustic_entropy_side": 6.467949867248535,
          "hz": 15466.58407886509
        },
        {
          "acoustic_entropy": 6.495983600616455,
          "acoustic_entropy_side": 6.487290859222412,
          "hz": 16898.27756580493
        },
        {
          "acoustic_entropy": 6.435198783874512,
          "acoustic_entropy_side": 6.480148792266846,
          "hz": 18456.760127700032
        },
        {
          "acoustic_entropy": 6.558373928070068,
          "acoustic_entropy_side": 6.457638740539551,
          "hz": 20153.260054456492
        },
        {
          "acoustic_entropy": 6.54812479019165,
          "acoustic_entropy_side": 6.448625564575195,
          "hz": 22000.00000000001
        }
      ],
      "diff_acoustic_entropy": 3.679276704788208,
      "sn": 6
    },
    {
      "acoustic_entropy": 10.535948753356934,
      "acoustic_entropy_mono": 10.498459815979004,
      "band_eliminated_acoustic_entropies": [
        {
          "acoustic_entropy": 10.579577445983887,
          "acoustic_entropy_side": 10.534677505493164,
          "hz": 129.47220167065723
        },
        {
          "acoustic_entropy": 10.799975395202637,
          "acoustic_entropy_side": 10.532191276550293,
          "hz": 202.92927478742237
        },
        {
          "acoustic_entropy": 10.53408432006836,
          "acoustic_entropy_side": 10.528938293457031,
          "hz": 282.89161906338205
        },
        {
          "acoustic_entropy": 11.453290939331055,
          "acoustic_entropy_side": 10.52971363067627,
          "hz": 369.9353335868758
        },
        {
          "acoustic_entropy": 10.274202346801758,
          "acoustic_entropy_side": 10.527681350708008,
          "hz": 464.6875360973435
        },
        {
          "acoustic_entropy": 10.582070350646973,
          "acoustic_entropy_side": 10.529358863830566,
          "hz": 567.8308811364784
        },
        {
          "acoustic_entropy": 10.313225746154785,
          "acoustic_entropy_side": 10.536632537841797,
          "hz": 680.1084783214808
        },
        {
          "acoustic_entropy": 10.892879486083984,
          "acoustic_entropy_side": 10.540497779846191,
          "hz": 802.3292461747484
        },
        {
          "acoustic_entropy": 10.623068809509277,
          "acoustic_entropy_side": 10.539593696594238,
          "hz": 935.3737400823702
        },
        {
          "acoustic_entropy": 10.956305503845215,
          "acoustic_entropy_side": 10.510307312011719,
          "hz": 1080.2004963696966
        },
        {
          "acoustic_entropy": 10.711142539978027,
          "acoustic_entropy_side": 10.492010116577148,
          "hz": 1237.8529382007157
        },
        {
          "acoustic_entropy": 10.980208396911621,
          "acoustic_entropy_side": 10.524378776550293,
          "hz": 1409.4668930556702
        },
        {
          "acoustic_entropy": 9.923331260681152,
          "acoustic_entropy_side": 10.428628921508789,
          "hz": 1596.2787759475705
        },
        {
          "acoustic_entropy": 10.47940731048584,
          "acoustic_entropy_side": 10.560277938842773,
          "hz": 1799.6344973346393
        },
        {
          "acoustic_entropy": 10.517034530639648,
          "acoustic_entropy_side": 10.488493919372559,
          "hz": 2020.9991599069049
        },
        {
          "acoustic_entropy": 10.22655200958252,
          "acoustic_entropy_side": 10.510164260864258,
          "hz": 2261.9676141086993
        },
        {
          "acoustic_entropy": 10.43530559539795,
          "acoustic_entropy_side": 10.447134971618652,
          "hz": 2524.2759484456974
        },
        {
          "acoustic_entropy": 10.625872611999512,
          "acoustic_entropy_side": 10.52970027923584,
          "hz": 2809.813997359896
        },
        {
          "acoustic_entropy": 10.321953773498535,
          "acoustic_entropy_side": 10.10521125793457,
          "hz": 3120.6389567871424
        },
        {
          "acoustic_entropy": 10.414287567138672,
          "acoustic_entropy_side": 10.227927207946777,
          "hz": 3458.990205492291
        },
        {
          "acoustic_entropy": 10.614477157592773,
          "acoustic_entropy_side": 10.392255783081055,
          "hz": 3827.305438964164
        },
        {
          "acoustic_entropy": 10.391754150390625,
          "acoustic_entropy_side": 10.325057983398438,
          "hz": 4228.238232109126
        },
        {
          "acoustic_entropy": 10.495620727539062,
          "acoustic_entropy_side": 10.376386642456055,
          "hz": 4664.6771572759235
        },
        {
          "acoustic_entropy": 10.114524841308594,
          "acoustic_entropy_side": 10.425749778747559,
          "hz": 5139.766595350093
        },
        {
          "acoustic_entropy": 10.270474433898926,
          "acoustic_entropy_side": 10.481435775756836,
          "hz": 5656.929389854203
        },
        {
          "acoustic_entropy": 10.63298225402832,
          "acoustic_entropy_side": 10.589942932128906,
          "hz": 6219.891507268283
        },
        {
          "acoustic_entropy": 10.703080177307129,
          "acoustic_entropy_side": 10.56293773651123,
          "hz": 6832.70888123896
        },
        {
          "acoustic_entropy": 10.651026725769043,
          "acoustic_entropy_side": 10.521050453186035,
          "hz": 7499.796634079867
        },
        {
          "acoustic_entropy": 10.61741828918457,
          "acoustic_entropy_side": 10.526440620422363,
          "hz": 8225.96088609342
        },
        {
          "acoustic_entropy": 10.49539566040039,
          "acoustic_entropy_side": 10.521992683410645,
          "hz": 9016.43338188839
        },
        {
          "acoustic_entropy": 10.643586158752441,
          "acoustic_entropy_side": 10.544268608093262,
          "hz": 9876.909183162974
        },
        {
          "acoustic_entropy": 10.551838874816895,
          "acoustic_entropy_side": 10.552887916564941,
          "hz": 10813.587699516042
        },
        {
          "acoustic_entropy": 10.226994514465332,
          "acoustic_entropy_side": 10.558403968811035,
          "hz": 11833.21735289826
        },
        {
          "acoustic_entropy": 10.600932121276855,
          "acoustic_entropy_side": 10.544654846191406,
          "hz": 12943.144197493959
        },
        {
          "acoustic_entropy": 10.67050552368164,
          "acoustic_entropy_side": 10.54175853729248,
          "hz": 14151.364845322005
        },
        {
          "acoustic_entropy": 10.44438648223877,
          "acoustic_entropy_side": 10.53136157989502,
          "hz": 15466.58407886509
        },
        {
          "acoustic_entropy": 10.570196151733398,
          "acoustic_entropy_side": 10.493359565734863,
          "hz": 16898.27756580493
        },
        {
          "acoustic_entropy": 10.572938919067383,
          "acoustic_entropy_side": 10.4717435836792,
          "hz": 18456.760127700032
        },
        {
          "acoustic_entropy": 10.436841011047363,
          "acoustic_entropy_side": 10.519549369812012,
          "hz": 20153.260054456492
        },
        {
          "acoustic_entropy": 10.260519027709961,
          "acoustic_entropy_side": 10.5320463180542,
          "hz": 22000.00000000001
        }
      ],
      "diff_acoustic_entropy": 7.284658908843994,
      "sn": 12
    },
    {
      "acoustic_entropy": 16.492063522338867,
      "acoustic_entropy_mono": 14.781388282775879,
      "band_eliminated_acoustic_entropies": [
        {
          "acoustic_entropy": 16.49709129333496,
          "acoustic_entropy_side": 16.586017608642578,
          "hz": 129.47220167065723
        },
        {
          "acoustic_entropy": 16.2735595703125,
          "acoustic_entropy_side": 16.14094352722168,
          "hz": 202.92927478742237
        },
        {
          "acoustic_entropy": 15.8589506149292,
          "acoustic_entropy_side": 16.554914474487305,
          "hz": 282.89161906338205
        },
        {
          "acoustic_entropy": 17.075117111206055,
          "acoustic_entropy_side": 16.6042423248291,
          "hz": 369.9353335868758
        },
        {
          "acoustic_entropy": 16.49966049194336,
          "acoustic_entropy_side": 16.54618263244629,
          "hz": 464.6875360973435
        },
        {
          "acoustic_entropy": 16.196556091308594,
          "acoustic_entropy_side": 16.387338638305664,
          "hz": 567.8308811364784
        },
        {
          "acoustic_entropy": 16.22342872619629,
          "acoustic_entropy_side": 16.25152587890625,
          "hz": 680.1084783214808
        },
        {
          "acoustic_entropy": 15.89377212524414,
          "acoustic_entropy_side": 16.340103149414062,
          "hz": 802.3292461747484
        },
        {
          "acoustic_entropy": 16.433513641357422,
          "acoustic_entropy_side": 16.487953186035156,
          "hz": 935.3737400823702
        },
        {
          "acoustic_entropy": 16.490921020507812,
          "acoustic_entropy_side": 16.34958839416504,
          "hz": 1080.2004963696966
        },
        {
          "acoustic_entropy": 16.49213409423828,
          "acoustic_entropy_side": 16.08395004272461,
          "hz": 1237.8529382007157
        },
        {
          "acoustic_entropy": 16.393796920776367,
          "acoustic_entropy_side": 16.50516128540039,
          "hz": 1409.4668930556702
        },
        {
          "acoustic_entropy": 16.071945190429688,
          "acoustic_entropy_side": 16.31777572631836,
          "hz": 1596.2787759475705
        },
        {
          "acoustic_entropy": 16.312307357788086,
          "acoustic_entropy_side": 16.084623336791992,
          "hz": 1799.6344973346393
        },
        {
          "acoustic_entropy": 16.70735740661621,
          "acoustic_entropy_side": 16.35272789001465,
          "hz": 2020.9991599069049
        },
        {
          "acoustic_entropy": 16.11189842224121,
          "acoustic_entropy_side": 16.233165740966797,
          "hz": 2261.9676141086993
        },
        {
          "acoustic_entropy": 16.12550163269043,
          "acoustic_entropy_side": 16.17824363708496,
          "hz": 2524.2759484456974
        },
        {
          "acoustic_entropy": 15.914311408996582,
          "acoustic_entropy_side": 15.97122859954834,
          "hz": 2809.813997359896
        },
        {
          "acoustic_entropy": 16.15053367614746,
