{
  "acoustic_entropy": 163.7637481689453,
  "bands": [
    {
      "high_freq": 148.1999969482422,
      "loudness": -57.44280242919922,
      "loudness_range": 9.309532165527344,
      "mid_mean": -56.56243133544922,
      "mid_to_side_loudness": 0.065496526658535,
      "mid_to_side_loudness_range": 1.945889949798584,
      "side_mean": -56.458473205566406
    },
    {
      "high_freq": 392.3793640136719,
      "loudness": -47.95781326293945,
      "loudness_range": 25.316986083984375,
      "low_freq": 148.1999969482422,
      "mid_mean": -47.33811569213867,
      "mid_to_side_loudness": -0.9990586638450623,
      "mid_to_side_loudness_range": 7.303820610046387,
      "side_mean": -47.84404754638672
    },
    {
      "high_freq": 794.6976318359375,
      "loudness": -47.598716735839844,
      "loudness_range": 25.2813720703125,
      "low_freq": 392.3793640136719,
      "mid_mean": -45.371055603027344,
      "mid_to_side_loudness": -4.530420303344727,
      "mid_to_side_loudness_range": 9.863387107849121,
      "side_mean": -50.91741943359375
    },
    {
      "high_freq": 1457.5709228515625,
      "loudness": -32.97766876220703,
      "loudness_range": 21.969955444335938,
      "low_freq": 794.6976318359375,
      "mid_mean": -31.16620445251465,
      "mid_to_side_loudness": -4.355887413024902,
      "mid_to_side_loudness_range": 11.979072570800781,
      "side_mean": -36.598960876464844
    },
    {
      "high_freq": 2549.74365234375,
      "loudness": -36.5292854309082,
      "loudness_range": 13.387430191040039,
      "low_freq": 1457.5709228515625,
      "mid_mean": -34.28837203979492,
      "mid_to_side_loudness": -4.920805931091309,
      "mid_to_side_loudness_range": 9.463105201721191,
      "side_mean": -41.45711135864258
    },
    {
      "high_freq": 4349.24462890625,
      "loudness": -37.889835357666016,
      "loudness_range": 13.009511947631836,
      "low_freq": 2549.74365234375,
      "mid_mean": -35.667701721191406,
      "mid_to_side_loudness": -3.996704578399658,
      "mid_to_side_loudness_range": 7.870249271392822,
      "side_mean": -40.446685791015625
    },
    {
      "high_freq": 7314.1640625,
      "loudness": -44.6276969909668,
      "loudness_range": 17.819473266601562,
      "low_freq": 4349.24462890625,
      "mid_mean": -43.3181266784668,
      "mid_to_side_loudness": -4.452154636383057,
      "mid_to_side_loudness_range": 7.251932144165039,
      "side_mean": -50.99458312988281
    },
    {
      "high_freq": 12199.2666015625,
      "loudness": -59.83247375488281,
      "loudness_range": 30.857810974121094,
      "low_freq": 7314.1640625,
      "mid_mean": -57.90288543701172,
      "mid_to_side_loudness": -1.6168791055679321,
      "mid_to_side_loudness_range": 2.7528915405273438,
      "side_mean": -59.339534759521484
    },
    {
      "loudness": -68.40653228759766,
      "loudness_range": 11.392810821533203,
      "low_freq": 12199.2666015625,
      "mid_mean": -65.9631118774414,
      "mid_to_side_loudness": 1.6513311862945557,
      "mid_to_side_loudness_range": 2.0659000873565674,
      "side_mean": -64.88451385498047
    }
  ],
  "bands_short": [
    {
      "high_freq": 148.1999969482422,
      "loudness": -59.19810104370117,
      "loudness_range": 9.798553466796875,
      "mid_mean": -58.25164031982422,
      "mid_to_side_loudness": 0.10910236835479736,
      "mid_to_side_loudness_range": 5.4765119552612305,
      "side_mean": -58.102848052978516
    },
    {
      "high_freq": 392.3793640136719,
      "loudness": -48.612117767333984,
      "loudness_range": 25.866374969482422,
      "low_freq": 148.1999969482422,
      "mid_mean": -48.305397033691406,
      "mid_to_side_loudness": -0.9224910140037537,
      "mid_to_side_loudness_range": 9.727392196655273,
      "side_mean": -48.59440994262695
    },
    {
      "high_freq": 794.6976318359375,
      "loudness": -47.97706604003906,
      "loudness_range": 25.55197525024414,
      "low_freq": 392.3793640136719,
      "mid_mean": -45.95931625366211,
      "mid_to_side_loudness": -4.3481059074401855,
      "mid_to_side_loudness_range": 12.9132080078125,
      "side_mean": -51.2426643371582
    },
    {
      "high_freq": 1457.5709228515625,
      "loudness": -33.241668701171875,
      "loudness_range": 22.325044631958008,
      "low_freq": 794.6976318359375,
      "mid_mean": -31.438695907592773,
      "mid_to_side_loudness": -4.602944850921631,
      "mid_to_side_loudness_range": 15.49061393737793,
      "side_mean": -37.10329818725586
    },
    {
      "high_freq": 2549.74365234375,
      "loudness": -36.79019546508789,
      "loudness_range": 13.735286712646484,
      "low_freq": 1457.5709228515625,
      "mid_mean": -35.087162017822266,
      "mid_to_side_loudness": -5.07744026184082,
      "mid_to_side_loudness_range": 10.99346923828125,
      "side_mean": -41.755088806152344
    },
    {
      "high_freq": 4349.24462890625,
      "loudness": -37.96528625488281,
      "loudness_range": 13.24844741821289,
      "low_freq": 2549.74365234375,
      "mid_mean": -35.76567840576172,
      "mid_to_side_loudness": -4.034157752990723,
      "mid_to_side_loudness_range": 9.433178901672363,
      "side_mean": -40.70412063598633
    },
    {
      "high_freq": 7314.1640625,
      "loudness": -44.71126937866211,
      "loudness_range": 17.690990447998047,
      "low_freq": 4349.24462890625,
      "mid_mean": -43.66840362548828,
      "mid_to_side_loudness": -4.495211601257324,
      "mid_to_side_loudness_range": 8.408178329467773,
      "side_mean": -51.17607116699219
    },
    {
      "high_freq": 12199.2666015625,
      "loudness": -59.92729187011719,
      "loudness_range": 30.55419158935547,
      "low_freq": 7314.1640625,
      "mid_mean": -58.03519821166992,
      "mid_to_side_loudness": -1.6202374696731567,
      "mid_to_side_loudness_range": 3.7414493560791016,
      "side_mean": -59.469696044921875
    },
    {
      "loudness": -68.41876983642578,
      "loudness_range": 11.325103759765625,
      "low_freq": 12199.2666015625,
      "mid_mean": -65.96570587158203,
      "mid_to_side_loudness": 1.6409475803375244,
      "mid_to_side_loudness_range": 2.913496494293213,
      "side_mean": -64.89448547363281
    }
  ],
  "bandwidth": 1160.6134033203125,
  "channels": 2,
  "covariance": [
    [
      11.95759391784668,
      11.941893577575684,
      18.989967346191406,
      18.98760223388672,
      7.245481967926025,
      17.501935958862305,
      6.015807628631592,
      7.827208042144775,
      -3.3575868606567383,
      -0.6382569074630737,
      -1.763476848602295,
      -1.4297468662261963,
      -1.8202303647994995,
      8.450262069702148,
      6.95474100112915,
      6.030493259429932,
      2.3971152305603027,
      3.031602382659912
    ],
    [
      11.941893577575684,
      12.35194206237793,
      18.715917587280273,
      18.4523983001709,
      6.953677177429199,
      17.331972122192383,
      5.723720550537109,
      7.0074143409729,
      -3.1553049087524414,
      -0.8655640482902527,
      -1.5734862089157104,
      -1.4605786800384521,
      -1.798652172088623,
      7.971400737762451,
      6.829687595367432,
      5.884899139404297,
      2.3376758098602295,
      2.9116370677948
    ],
    [
      18.989967346191406,
      18.715917587280273,
      75.69560241699219,
      82.91011810302734,
      34.25312805175781,
      53.84349060058594,
      23.96475601196289,
      35.786502838134766,
      -3.834920644760132,
      9.673800468444824,
      -4.492738246917725,
      -4.553446292877197,
      0.6641688942909241,
      14.953862190246582,
      16.144092559814453,
      14.11570930480957,
      5.170870304107666,
      6.047399044036865
    ],
    [
      18.98760223388672,
      18.4523983001709,
      82.91011810302734,
      98.86721801757812,
      39.596702575683594,
      58.11794662475586,
      28.654937744140625,
      44.096595764160156,
      -3.4079501628875732,
      11.58211898803711,
      -4.982847213745117,
      -5.277270317077637,
      0.44024670124053955,
      13.234574317932129,
      16.705337524414062,
      14.618897438049316,
      5.2425456047058105,
      5.937558174133301
    ],
    [
      7.245481967926025,
      6.953677177429199,
      34.25312805175781,
      39.596702575683594,
      72.20899963378906,
      68.28727722167969,
      23.974159240722656,
      33.38983917236328,
      13.099211692810059,
      34.82475280761719,
      -1.171308994293213,
      3.7722673416137695,
      18.655616760253906,
      40.73611068725586,
      29.649639129638672,
      25.857650756835938,
      8.130495071411133,
      10.342592239379883
    ],
    [
      17.501935958862305,
      17.331972122192383,
      53.84349060058594,
      58.11794662475586,
      68.28727722167969,
      88.65208435058594,
      22.148330688476562,
      32.82401657104492,
      10.996058464050293,
      30.613840103149414,
      -2.3629233837127686,
      1.253292202949524,
      14.7434663772583,
      48.774078369140625,
      36.33842849731445,
      31.803085327148438,
      9.978801727294922,
      12.888547897338867
    ],
    [
      6.015807628631592,
      5.723720550537109,
      23.96475601196289,
      28.654937744140625,
      23.974159240722656,
      22.148330688476562,
      71.03558349609375,
      70.41722869873047,
      12.270977973937988,
      42.098915100097656,
      18.049497604370117,
      23.725427627563477,
      28.484895706176758,
      43.46250915527344,
      36.96458435058594,
      33.544857025146484,
      8.2867431640625,
      10.225825309753418
    ],
    [
      7.827208042144775,
      7.0074143409729,
      35.786502838134766,
      44.096595764160156,
      33.38983917236328,
      32.82401657104492,
      70.41722869873047,
      101.31874084472656,
      12.947883605957031,
      44.081417083740234,
      19.57776641845703,
      25.081809997558594,
      30.800134658813477,
      54.69409942626953,
      43.218849182128906,
      39.39730453491211,
      9.999536514282227,
      12.371803283691406
    ],
    [
      -3.3575868606567383,
      -3.1553049087524414,
      -3.834920644760132,
      -3.4079501628875732,
      13.099211692810059,
      10.996058464050293,
      12.270977973937988,
      12.947883605957031,
      31.163969039916992,
      27.427719116210938,
      11.595076560974121,
      10.857154846191406,
      23.45920753479004,
      23.42670249938965,
      19.239978790283203,
      17.098003387451172,
      4.362617015838623,
      5.475827693939209
    ],
    [
      -0.6382569074630737,
      -0.8655640482902527,
      9.673800468444824,
      11.58211898803711,
      34.82475280761719,
      30.613840103149414,
      42.098915100097656,
      44.081417083740234,
      27.427719116210938,
      61.46978759765625,
      11.039252281188965,
      16.74831771850586,
      32.934295654296875,
      47.22223663330078,
      34.27695083618164,
      30.525835037231445,
      6.5362701416015625,
      8.141164779663086
    ],
    [
      -1.763476848602295,
      -1.5734862089157104,
      -4.492738246917725,
      -4.982847213745117,
      -1.171308994293213,
      -2.3629233837127686,
      18.049497604370117,
      19.57776641845703,
      11.595076560974121,
      11.039252281188965,
      27.454147338867188,
      24.258405685424805,
      25.123065948486328,
      22.75166893005371,
      28.088266372680664,
      26.243473052978516,
      5.938879489898682,
      7.511311054229736
    ],
    [
      -1.4297468662261963,
      -1.4605786800384521,
      -4.553446292877197,
      -5.277270317077637,
      3.7722673416137695,
      1.253292202949524,
      23.725427627563477,
      25.081809997558594,
      10.857154846191406,
      16.74831771850586,
      24.258405685424805,
      33.77776336669922,
      25.665847778320312,
      27.92441177368164,
      31.411235809326172,
      29.539831161499023,
      7.321835517883301,
      9.278097152709961
    ],
    [
      -1.8202303647994995,
      -1.798652172088623,
      0.6641688942909241,
      0.44024670124053955,
      18.655616760253906,
      14.7434663772583,
      28.484895706176758,
      30.800134658813477,
      23.45920753479004,
      32.934295654296875,
      25.123065948486328,
      25.665847778320312,
      57.27812194824219,
      50.33245086669922,
      45.83510971069336,
      41.95069885253906,
      10.990806579589844,
      13.655218124389648
    ],
    [
      8.450262069702148,
      7.971400737762451,
      14.953862190246582,
      13.234574317932129,
      40.73611068725586,
      48.774078369140625,
      43.46250915527344,
      54.69409942626953,
      23.42670249938965,
      47.22223663330078,
      22.75166893005371,
      27.92441177368164,
      50.33245086669922,
      90.2771224975586,
      64.90616607666016,
      58.7428092956543,
      15.309412002563477,
      19.569093704223633
    ],
    [
      6.95474100112915,
      6.829687595367432,
      16.144092559814453,
      16.705337524414062,
      29.649639129638672,
      36.33842849731445,
      36.96458435058594,
      43.218849182128906,
      19.239978790283203,
      34.27695083618164,
      28.088266372680664,
      31.411235809326172,
      45.83510971069336,
      64.90616607666016,
      67.1963882446289,
      61.767669677734375,
      15.80107593536377,
      20.07259178161621
    ],
    [
      6.030493259429932,
      5.884899139404297,
      14.11570930480957,
      14.618897438049316,
      25.857650756835938,
      31.803085327148438,
      33.544857025146484,
      39.39730453491211,
      17.098003387451172,
      30.525835037231445,
      26.243473052978516,
      29.539831161499023,
      41.95069885253906,
      58.7428092956543,
      61.767669677734375,
      57.319034576416016,
      14.574132919311523,
      18.610029220581055
    ],
    [
      2.3971152305603027,
      2.3376758098602295,
      5.170870304107666,
      5.2425456047058105,
      8.130495071411133,
      9.978801727294922,
      8.2867431640625,
      9.999536514282227,
      4.362617015838623,
      6.5362701416015625,
      5.938879489898682,
      7.321835517883301,
      10.990806579589844,
      15.309412002563477,
      15.80107593536377,
      14.574132919311523,
      4.920865058898926,
      6.098036766052246
    ],
    [
      3.031602382659912,
      2.9116370677948,
      6.047399044036865,
      5.937558174133301,
      10.342592239379883,
      12.888547897338867,
      10.225825309753418,
      12.371803283691406,
      5.475827693939209,
      8.141164779663086,
      7.511311054229736,
      9.278097152709961,
      13.655218124389648,
      19.569093704223633,
      20.07259178161621,
      18.610029220581055,
      6.098036766052246,
      7.777129650115967
    ]
  ],
  "covariance_short": [
    [
      12.913945198059082,
      11.947726249694824,
      14.084641456604004,
      12.162922859191895,
      5.715236186981201,
      13.430850982666016,
      4.236798286437988,
      4.423128604888916,
      -0.628057599067688,
      0.8369185328483582,
      0.1319981813430786,
      0.07675910741090775,
      -0.4405326247215271,
      8.270275115966797,
      6.3533549308776855,
      5.495303153991699,
      1.7569712400436401,
      2.1714072227478027
    ],
    [
      11.947726249694824,
      13.751240730285645,
      13.710528373718262,
      11.373522758483887,
      5.0812554359436035,
      12.89754867553711,
      3.5694589614868164,
      3.3957958221435547,
      -0.7948043942451477,
      0.45944321155548096,
      0.13527703285217285,
      -0.1602233350276947,
      -0.683291494846344,
      7.84478759765625,
      6.2400593757629395,
      5.357897758483887,
      1.6935827732086182,
      2.060238838195801
    ],
    [
      14.084641456604004,
      13.710528373718262,
      83.42922973632812,
      85.35855102539062,
      33.415283203125,
      55.61267852783203,
      21.083093643188477,
      31.210664749145508,
      -4.54721212387085,
      8.457876205444336,
      -5.402383804321289,
      -4.722854137420654,
      -0.003272993490099907,
      18.653329849243164,
      18.149616241455078,
      16.147510528564453,
      5.864413261413574,
      7.014028549194336
    ],
    [
      12.162922859191895,
      11.373522758483887,
      85.35855102539062,
      102.94745635986328,
      38.598114013671875,
      57.494422912597656,
      25.49736976623535,
      38.55805587768555,
      -4.245121002197266,
      10.038113594055176,
      -6.033867835998535,
      -5.6894097328186035,
      -0.45850053429603577,
      14.079365730285645,
      16.870132446289062,
      15.045426368713379,
      5.415371894836426,
      6.206587314605713
    ],
    [
      5.715236186981201,
      5.0812554359436035,
      33.415283203125,
      38.598114013671875,
      74.06330871582031,
      65.02995300292969,
      21.42725944519043,
      28.69440269470215,
      20.46782112121582,
      34.5438117980957,
      -2.6453611850738525,
      2.8478119373321533,
      20.04003143310547,
      38.6120491027832,
      28.078079223632812,
      24.414901733398438,
      7.8253302574157715,
      9.913628578186035
    ],
    [
      13.430850982666016,
      12.89754867553711,
      55.61267852783203,
      57.494422912597656,
      65.02995300292969,
      87.81382751464844,
      19.029611587524414,
      29.12659454345703,
      15.967150688171387,
      29.813941955566406,
      -3.013150930404663,
      1.2599045038223267,
      15.83054256439209,
      46.76152801513672,
      34.72406005859375,
      30.433502197265625,
      9.642085075378418,
      12.447945594787598
    ],
    [
      4.236798286437988,
      3.5694589614868164,
      21.083093643188477,
      25.49736976623535,
      21.42725944519043,
      19.029611587524414,
      69.6825942993164,
      63.285743713378906,
      21.122844696044922,
      34.19075393676758,
      17.126970291137695,
      23.896142959594727,
      29.128053665161133,
      39.77114486694336,
      34.80803680419922,
      31.719011306762695,
      7.972750663757324,
      9.920716285705566
    ],
    [
      4.423128604888916,
      3.3957958221435547,
      31.210664749145508,
      38.55805587768555,
      28.69440269470215,
      29.12659454345703,
      63.285743713378906,
      98.99411010742188,
      22.11060905456543,
      38.92265319824219,
      17.84527587890625,
      24.71673011779785,
      31.561616897583008,
      49.298423767089844,
      39.36138916015625,
      36.12126541137695,
      9.396125793457031,
      11.751692771911621
    ],
    [
      -0.628057599067688,
      -0.7948043942451477,
      -4.54721212387085,
      -4.245121002197266,
      20.46782112121582,
      15.967150688171387,
      21.122844696044922,
      22.11060905456543,
      47.82715606689453,
      40.39250946044922,
      10.963033676147461,
      14.325075149536133,
      29.73948860168457,
      35.057044982910156,
      24.81964111328125,
      21.898513793945312,
      5.274687767028809,
      6.595041275024414
    ],
    [
      0.8369185328483582,
      0.45944321155548096,
      8.457876205444336,
      10.038113594055176,
      34.5438117980957,
      29.813941955566406,
      34.19075393676758,
      38.92265319824219,
      40.39250946044922,
      64.66275787353516,
      9.550368309020996,
      17.20345687866211,
      36.38308334350586,
      48.17132568359375,
      33.7164421081543,
      30.069435119628906,
      6.502265453338623,
      8.13875675201416
    ],
    [
      0.1319981813430786,
      0.13527703285217285,
      -5.402383804321289,
      -6.033867835998535,
      -2.6453611850738525,
      -3.013150930404663,
      17.126970291137695,
      17.84527587890625,
      10.963033676147461,
      9.550368309020996,
      27.2014102935791,
      23.080322265625,
      23.74299430847168,
      21.25013542175293,
      27.063814163208008,
      25.333322525024414,
      5.811610221862793,
      7.364574432373047
    ],
    [
      0.07675910741090775,
      -0.1602233350276947,
      -4.722854137420654,
      -5.6894097328186035,
      2.8478119373321533,
      1.2599045038223267,
      23.896142959594727,
      24.71673011779785,
      14.325075149536133,
      17.20345687866211,
      23.080322265625,
      36.003623962402344,
      25.403736114501953,
      28.40115737915039,
      31.07393455505371,
      29.19818115234375,
      7.31234073638916,
      9.294347763061523
    ],
    [
      -0.4405326247215271,
      -0.683291494846344,
      -0.003272993490099907,
      -0.45850053429603577,
      20.04003143310547,
      15.83054256439209,
      29.128053665161133,
      31.561616897583008,
      29.73948860168457,
      36.38308334350586,
      23.74299430847168,
      25.403736114501953,
      62.55693435668945,
      53.634700775146484,
      47.25448989868164,
      43.12588882446289,
      11.254666328430176,
      13.979393005371094
    ],
    [
      8.270275115966797,
      7.84478759765625,
      18.653329849243164,
      14.079365730285645,
      38.6120491027832,
      46.76152801513672,
      39.77114486694336,
      49.298423767089844,
      35.057044982910156,
      48.17132568359375,
      21.25013542175293,
      28.40115737915039,
      53.634700775146484,
      90.25990295410156,
      63.94453048706055,
      57.90228271484375,
      15.175329208374023,
      19.44702911376953
    ],
    [
      6.3533549308776855,
      6.2400593757629395,
      18.149616241455078,
      16.870132446289062,
      28.078079223632812,
      34.72406005859375,
      34.80803680419922,
      39.36138916015625,
      24.81964111328125,
      33.7164421081543,
      27.063814163208008,
      31.07393455505371,
      47.25448989868164,
      63.94453048706055,
      66.80204010009766,
      60.97922134399414,
      15.750504493713379,
      19.940744400024414
    ],
    [
      5.495303153991699,
      5.357897758483887,
      16.147510528564453,
      15.045426368713379,
      24.414901733398438,
      30.433502197265625,
      31.719011306762695,
      36.12126541137695,
      21.898513793945312,
      30.069435119628906,
      25.333322525024414,
      29.19818115234375,
      43.12588882446289,
      57.90228271484375,
      60.97922134399414,
      57.04341125488281,
      14.480501174926758,
      18.525249481201172
    ],
    [
      1.7569712400436401,
      1.6935827732086182,
      5.864413261413574,
      5.415371894836426,
      7.8253302574157715,
      9.642085075378418,
      7.972750663757324,
      9.396125793457031,
      5.274687767028809,
      6.502265453338623,
      5.811610221862793,
      7.31234073638916,
      11.254666328430176,
      15.175329208374023,
      15.750504493713379,
      14.480501174926758,
      5.059330463409424,
      6.126586437225342
    ],
    [
      2.1714072227478027,
      2.060238838195801,
      7.014028549194336,
      6.206587314605713,
      9.913628578186035,
      12.447945594787598,
      9.920716285705566,
      11.751692771911621,
      6.595041275024414,
      8.13875675201416,
      7.364574432373047,
      9.294347763061523,
      13.979393005371094,
      19.44702911376953,
      19.940744400024414,
      18.525249481201172,
      6.126586437225342,
      7.925389289855957
    ]
  ],
  "damage": -15.028294563293457,
  "diff_bandwidth": 1170.3087158203125,
  "dissonance": 2.7949700335616305,
  "drr": 3.280466079711914,
  "dynamics": 4.333067417144775,
  "format": 1245190,
  "frames": 4122560,
  "loudness": -24.593774795532227,
  "loudness_range": 22.929134368896484,
  "loudness_range_short": 22.581207275390625,
  "lowpass_true_peak_15khz": -9.769869804382324,
  "mastering3_acoustic_entropies": [
    {
      "acoustic_entropy": 10.438114166259766,
      "acoustic_entropy_mono": 9.375732421875,
      "band_eliminated_acoustic_entropies": [
        {
          "acoustic_entropy": 10.43811321258545,
          "acoustic_entropy_side": 10.438114166259766,
          "hz": 129.47220167065723
        },
        {
          "acoustic_entropy": 10.438236236572266,
          "acoustic_entropy_side": 10.438191413879395,
          "hz": 202.92927478742237
        },
        {
          "acoustic_entropy": 10.43582534790039,
          "acoustic_entropy_side": 10.437679290771484,
          "hz": 282.89161906338205
        },
        {
          "acoustic_entropy": 10.413580894470215,
          "acoustic_entropy_side": 10.374974250793457,
          "hz": 369.9353335868758
        },
        {
          "acoustic_entropy": 10.428105354309082,
          "acoustic_entropy_side": 10.44110107421875,
          "hz": 464.6875360973435
        },
        {
          "acoustic_entropy": 10.432326316833496,
          "acoustic_entropy_side": 10.435335159301758,
          "hz": 567.8308811364784
        },
        {
          "acoustic_entropy": 9.603604316711426,
          "acoustic_entropy_side": 10.377290725708008,
          "hz": 680.1084783214808
        },
        {
          "acoustic_entropy": 9.937363624572754,
          "acoustic_entropy_side": 10.473182678222656,
          "hz": 802.3292461747484
        },
        {
          "acoustic_entropy": 10.40693473815918,
          "acoustic_entropy_side": 10.438299179077148,
          "hz": 935.3737400823702
        },
        {
          "acoustic_entropy": 9.505465507507324,
          "acoustic_entropy_side": 9.895140647888184,
          "hz": 1080.2004963696966
        },
        {
          "acoustic_entropy": 10.300238609313965,
          "acoustic_entropy_side": 10.291557312011719,
          "hz": 1237.8529382007157
        },
        {
          "acoustic_entropy": 10.293994903564453,
          "acoustic_entropy_side": 10.850966453552246,
          "hz": 1409.4668930556702
        },
        {
          "acoustic_entropy": 10.167312622070312,
          "acoustic_entropy_side": 10.418381690979004,
          "hz": 1596.2787759475705
        },
        {
          "acoustic_entropy": 9.367518424987793,
          "acoustic_entropy_side": 10.453022956848145,
          "hz": 1799.6344973346393
        },
        {
          "acoustic_entropy": 9.94937801361084,
          "acoustic_entropy_side": 10.23914623260498,
          "hz": 2020.9991599069049
        },
        {
          "acoustic_entropy": 10.368504524230957,
          "acoustic_entropy_side": 10.430000305175781,
          "hz": 2261.9676141086993
        },
        {
          "acoustic_entropy": 10.00710391998291,
          "acoustic_entropy_side": 10.282829284667969,
          "hz": 2524.2759484456974
        },
        {
          "acoustic_entropy": 9.72612476348877,
          "acoustic_entropy_side": 10.171889305114746,
          "hz": 2809.813997359896
        },
        {
          "acoustic_entropy": 10.326536178588867,
          "acoustic_entropy_side": 10.367764472961426,
          "hz": 3120.6389567871424
        },
        {
          "acoustic_entropy": 10.483664512634277,
          "acoustic_entropy_side": 10.549663543701172,
          "hz": 3458.990205492291
        },
        {
          "acoustic_entropy": 10.443121910095215,
          "acoustic_entropy_side": 10.379721641540527,
          "hz": 3827.305438964164
        },
        {
          "acoustic_entropy": 10.163562774658203,
          "acoustic_entropy_side": 10.305713653564453,
          "hz": 4228.238232109126
        },
        {
          "acoustic_entropy": 10.288917541503906,
          "acoustic_entropy_side": 10.297513008117676,
          "hz": 4664.6771572759235
        },
        {
          "acoustic_entropy": 10.433516502380371,
          "acoustic_entropy_side": 10.395219802856445,
          "hz": 5139.766595350093
        },
        {
          "acoustic_entropy": 10.137468338012695,
          "acoustic_entropy_side": 10.361051559448242,
          "hz": 5656.929389854203
        },
        {
          "acoustic_entropy": 10.311281204223633,
          "acoustic_entropy_side": 10.449308395385742,
          "hz": 6219.891507268283
        },
        {
          "acoustic_entropy": 10.376620292663574,
          "acoustic_entropy_side": 10.438013076782227,
          "hz": 6832.70888123896
        },
        {
          "acoustic_entropy": 10.384028434753418,
          "acoustic_entropy_side": 10.42505931854248,
          "hz": 7499.796634079867
        },
        {
          "acoustic_entropy": 10.186100006103516,
          "acoustic_entropy_side": 10.50546932220459,
          "hz": 8225.96088609342
        },
        {
          "acoustic_entropy": 10.45579719543457,
          "acoustic_entropy_side": 10.45248794555664,
          "hz": 9016.43338188839
        },
        {
          "acoustic_entropy": 10.442627906799316,
          "acoustic_entropy_side": 10.445472717285156,
          "hz": 9876.909183162974
        },
        {
          "acoustic_entropy": 10.470185279846191,
          "acoustic_entropy_side": 10.450340270996094,
          "hz": 10813.587699516042
        },
        {
          "acoustic_entropy": 10.44477653503418,
          "acoustic_entropy_side": 10.44079303741455,
          "hz": 11833.21735289826
        },
        {
          "acoustic_entropy": 10.438753128051758,
          "acoustic_entropy_side": 10.438394546508789,
          "hz": 12943.144197493959
        },
        {
          "acoustic_entropy": 10.438055992126465,
          "acoustic_entropy_side": 10.438082695007324,
          "hz": 14151.364845322005
        },
        {
          "acoustic_entropy": 10.43809700012207,
          "acoustic_entropy_side": 10.438101768493652,
          "hz": 15466.58407886509
        },
        {
          "acoustic_entropy": 10.438114166259766,
          "acoustic_entropy_side": 10.438116073608398,
          "hz": 16898.27756580493
        },
        {
          "acoustic_entropy": 10.438117027282715,
          "acoustic_entropy_side": 10.438117027282715,
          "hz": 18456.760127700032
        },
        {
          "acoustic_entropy": 10.438114166259766,
          "acoustic_entropy_side": 10.438114166259766,
          "hz": 20153.260054456492
        },
        {
          "acoustic_entropy": 10.438114166259766,
          "acoustic_entropy_side": 10.438114166259766,
          "hz": 22000.00000000001
        }
      ],
      "diff_acoustic_entropy": 1.8708714246749878,
      "sn": 6
    },
    {
      "acoustic_entropy": 13.808126449584961,
      "acoustic_entropy_mono": 13.544211387634277,
      "band_eliminated_acoustic_entropies": [
        {
          "acoustic_entropy": 13.80814266204834,
          "acoustic_entropy_side": 13.808130264282227,
          "hz": 129.47220167065723
        },
        {
          "acoustic_entropy": 13.803112030029297,
          "acoustic_entropy_side": 13.805587768554688,
          "hz": 202.92927478742237
        },
        {
          "acoustic_entropy": 13.798993110656738,
          "acoustic_entropy_side": 13.801124572753906,
          "hz": 282.89161906338205
        },
        {
          "acoustic_entropy": 14.033577919006348,
          "acoustic_entropy_side": 14.043925285339355,
          "hz": 369.9353335868758
        },
        {
          "acoustic_entropy": 14.27009391784668,
          "acoustic_entropy_side": 14.064718246459961,
          "hz": 464.6875360973435
        },
        {
          "acoustic_entropy": 13.777215957641602,
          "acoustic_entropy_side": 13.782050132751465,
          "hz": 567.8308811364784
        },
        {
          "acoustic_entropy": 13.879465103149414,
          "acoustic_entropy_side": 13.483528137207031,
          "hz": 680.1084783214808
        },
        {
          "acoustic_entropy": 13.907061576843262,
          "acoustic_entropy_side": 13.690361976623535,
          "hz": 802.3292461747484
        },
        {
          "acoustic_entropy": 14.090506553649902,
          "acoustic_entropy_side": 13.867262840270996,
          "hz": 935.3737400823702
        },
        {
          "acoustic_entropy": 13.969993591308594,
          "acoustic_entropy_side": 13.372249603271484,
          "hz": 1080.2004963696966
        },
        {
          "acoustic_entropy": 14.699129104614258,
          "acoustic_entropy_side": 15.194559097290039,
          "hz": 1237.8529382007157
        },
        {
          "acoustic_entropy": 14.539017677307129,
          "acoustic_entropy_side": 14.548869132995605,
          "hz": 1409.4668930556702
        },
        {
          "acoustic_entropy": 14.272253036499023,
          "acoustic_entropy_side": 14.030152320861816,
          "hz": 1596.2787759475705
        },
        {
          "acoustic_entropy": 14.009859085083008,
          "acoustic_entropy_side": 14.576469421386719,
          "hz": 1799.6344973346393
        },
        {
          "acoustic_entropy": 14.484911918640137,
          "acoustic_entropy_side": 14.887213706970215,
          "hz": 2020.9991599069049
        },
        {
          "acoustic_entropy": 14.783041000366211,
          "acoustic_entropy_side": 14.150321960449219,
          "hz": 2261.9676141086993
        },
        {
          "acoustic_entropy": 13.513266563415527,
          "acoustic_entropy_side": 13.844609260559082,
          "hz": 2524.2759484456974
        },
        {
          "acoustic_entropy": 14.574877738952637,
          "acoustic_entropy_side": 14.150745391845703,
          "hz": 2809.813997359896
        },
        {
          "acoustic_entropy": 14.347636222839355,
          "acoustic_entropy_side": 14.113909721374512,
          "hz": 3120.6389567871424
        },
        {
          "acoustic_entropy": 13.811920166015625,
          "acoustic_entropy_side": 14.10817813873291,
          "hz": 3458.990205492291
        },
        {
          "acoustic_entropy": 13.762784004211426,
          "acoustic_entropy_side": 13.623266220092773,
          "hz": 3827.305438964164
        },
        {
          "acoustic_entropy": 14.261991500854492,
          "acoustic_entropy_side": 14.030295372009277,
          "hz": 4228.238232109126
        },
        {
          "acoustic_entropy": 14.132447242736816,
          "acoustic_entropy_side": 13.897782325744629,
          "hz": 4664.6771572759235
        },
        {
          "acoustic_entropy": 14.199533462524414,
          "acoustic_entropy_side": 13.814292907714844,
          "hz": 5139.766595350093
        },
        {
          "acoustic_entropy": 13.98137378692627,
          "acoustic_entropy_side": 13.814081192016602,
          "hz": 5656.929389854203
        },
        {
          "acoustic_entropy": 13.838334083557129,
          "acoustic_entropy_side": 13.838363647460938,
          "hz": 6219.891507268283
        },
        {
          "acoustic_entropy": 13.8643159866333,
          "acoustic_entropy_side": 13.808279037475586,
          "hz": 6832.70888123896
        },
        {
          "acoustic_entropy": 13.898061752319336,
          "acoustic_entropy_side": 13.812814712524414,
          "hz": 7499.796634079867
        },
        {
          "acoustic_entropy": 14.326804161071777,
          "acoustic_entropy_side": 14.035013198852539,
          "hz": 8225.96088609342
        },
        {
          "acoustic_entropy": 13.8135404586792,
          "acoustic_entropy_side": 13.81485652923584,
          "hz": 9016.43338188839
        },
        {
          "acoustic_entropy": 13.843770027160645,
          "acoustic_entropy_side": 13.813810348510742,
          "hz": 9876.909183162974
        },
        {
          "acoustic_entropy": 13.9137544631958,
          "acoustic_entropy_side": 13.851150512695312,
          "hz": 10813.587699516042
        },
        {
          "acoustic_entropy": 13.838727951049805,
          "acoustic_entropy_side": 13.820591926574707,
          "hz": 11833.21735289826
        },
        {
          "acoustic_entropy": 13.805842399597168,
          "acoustic_entropy_side": 13.806666374206543,
          "hz": 12943.144197493959
        },
        {
          "acoustic_entropy": 13.806745529174805,
          "acoustic_entropy_side": 13.807279586791992,
          "hz": 14151.364845322005
        },
        {
          "acoustic_entropy": 13.807448387145996,
          "acoustic_entropy_side": 13.807585716247559,
          "hz": 15466.58407886509
        },
        {
          "acoustic_entropy": 13.807696342468262,
          "acoustic_entropy_side": 13.807743072509766,
          "hz": 16898.27756580493
        },
        {
          "acoustic_entropy": 13.808052062988281,
          "acoustic_entropy_side": 13.808056831359863,
          "hz": 18456.760127700032
        },
        {
          "acoustic_entropy": 13.80811882019043,
          "acoustic_entropy_side": 13.808119773864746,
          "hz": 20153.260054456492
        },
        {
          "acoustic_entropy": 13.808125495910645,
          "acoustic_entropy_side": 13.808125495910645,
          "hz": 22000.00000000001
        }
      ],
      "diff_acoustic_entropy": 3.275756597518921,
      "sn": 12
    },
    {
      "acoustic_entropy": 20.473041534423828,
      "acoustic_entropy_mono": 17.82880210876465,
      "band_eliminated_acoustic_entropies": [
        {
          "acoustic_entropy": 20.467424392700195,
          "acoustic_entropy_side": 20.47157096862793,
          "hz": 129.47220167065723
        },
        {
          "acoustic_entropy": 20.432418823242188,
          "acoustic_entropy_side": 20.440719604492188,
          "hz": 202.92927478742237
        },
        {
          "acoustic_entropy": 20.668628692626953,
          "acoustic_entropy_side": 20.234134674072266,
          "hz": 282.89161906338205
        },
        {
          "acoustic_entropy": 21.122997283935547,
          "acoustic_entropy_side": 21.11855125427246,
          "hz": 369.9353335868758
        },
        {
          "acoustic_entropy": 20.438718795776367,
          "acoustic_entropy_side": 20.30535888671875,
          "hz": 464.6875360973435
        },
        {
          "acoustic_entropy": 20.506515502929688,
          "acoustic_entropy_side": 20.54354476928711,
          "hz": 567.8308811364784
        },
        {
          "acoustic_entropy": 20.238832473754883,
          "acoustic_entropy_side": 20.8564395904541,
          "hz": 680.1084783214808
        },
        {
          "acoustic_entropy": 20.616455078125,
          "acoustic_entropy_side": 20.794784545898438,
          "hz": 802.3292461747484
        },
        {
          "acoustic_entropy": 19.89474105834961,
          "acoustic_entropy_side": 20.438703536987305,
          "hz": 935.3737400823702
        },
        {
          "acoustic_entropy": 21.091279983520508,
          "acoustic_entropy_side": 20.54515838623047,
          "hz": 1080.2004963696966
        },
        {
          "acoustic_entropy": 21.442241668701172,
          "acoustic_entropy_side": 21.423688888549805,
          "hz": 1237.8529382007157
        },
        {
          "acoustic_entropy": 20.5761775970459,
          "acoustic_entropy_side": 21.11188316345215,
          "hz": 1409.4668930556702
        },
        {
          "acoustic_entropy": 20.376506805419922,
          "acoustic_entropy_side": 21.057130813598633,
          "hz": 1596.2787759475705
        },
        {
          "acoustic_entropy": 19.40488052368164,
          "acoustic_entropy_side": 19.913311004638672,
          "hz": 1799.6344973346393
        },
        {
          "acoustic_entropy": 20.608943939208984,
          "acoustic_entropy_side": 20.999645233154297,
          "hz": 2020.9991599069049
        },
        {
          "acoustic_entropy": 20.507980346679688,
          "acoustic_entropy_side": 20.799863815307617,
          "hz": 2261.9676141086993
        },
        {
          "acoustic_entropy": 20.301593780517578,
          "acoustic_entropy_side": 20.41150665283203,
          "hz": 2524.2759484456974
        },
        {
          "acoustic_entropy": 21.614988327026367,
          "acoustic_entropy_side": 21.1293888092041,
          "hz": 2809.813997359896
