{
  "acoustic_entropy": 218.34576416015625,
  "bands": [
    {
      "high_freq": 148.1999969482422,
      "loudness": -47.70235824584961,
      "loudness_range": 27.452919006347656,
      "mid_mean": -46.77104187011719,
      "mid_to_side_loudness": -1.5114364624023438,
      "mid_to_side_loudness_range": 8.656269073486328,
      "side_mean": -47.52509307861328
    },
    {
      "high_freq": 392.3793640136719,
      "loudness": -41.528873443603516,
      "loudness_range": 14.281318664550781,
      "low_freq": 148.1999969482422,
      "mid_mean": -41.9215087890625,
      "mid_to_side_loudness": 1.3954375982284546,
      "mid_to_side_loudness_range": 7.355319976806641,
      "side_mean": -40.36842727661133
    },
    {
      "high_freq": 794.6976318359375,
      "loudness": -41.8867301940918,
      "loudness_range": 13.107372283935547,
      "low_freq": 392.3793640136719,
      "mid_mean": -41.54209899902344,
      "mid_to_side_loudness": 0.1978132277727127,
      "mid_to_side_loudness_range": 7.322220802307129,
      "side_mean": -41.26639938354492
    },
    {
      "high_freq": 1457.5709228515625,
      "loudness": -46.300533294677734,
      "loudness_range": 13.455062866210938,
      "low_freq": 794.6976318359375,
      "mid_mean": -46.0021858215332,
      "mid_to_side_loudness": 0.38117915391921997,
      "mid_to_side_loudness_range": 5.162869453430176,
      "side_mean": -45.61617660522461
    },
    {
      "high_freq": 2549.74365234375,
      "loudness": -44.848365783691406,
      "loudness_range": 14.533451080322266,
      "low_freq": 1457.5709228515625,
      "mid_mean": -44.67983627319336,
      "mid_to_side_loudness": 0.5262269973754883,
      "mid_to_side_loudness_range": 4.107163906097412,
      "side_mean": -44.062686920166016
    },
    {
      "high_freq": 4349.24462890625,
      "loudness": -49.74738693237305,
      "loudness_range": 19.41202163696289,
      "low_freq": 2549.74365234375,
      "mid_mean": -50.601966857910156,
      "mid_to_side_loudness": 0.4842740297317505,
      "mid_to_side_loudness_range": 3.3923540115356445,
      "side_mean": -50.11737823486328
    },
    {
      "high_freq": 7314.1640625,
      "loudness": -62.510765075683594,
      "loudness_range": 22.024662017822266,
      "low_freq": 4349.24462890625,
      "mid_mean": -61.252498626708984,
      "mid_to_side_loudness": 0.1816144585609436,
      "mid_to_side_loudness_range": 2.998035430908203,
      "side_mean": -61.078861236572266
    },
    {
      "high_freq": 12199.2666015625,
      "loudness": -71.73328399658203,
      "loudness_range": 19.732582092285156,
      "low_freq": 7314.1640625,
      "mid_mean": -66.80777740478516,
      "mid_to_side_loudness": -0.012920034117996693,
      "mid_to_side_loudness_range": 1.6822344064712524,
      "side_mean": -66.80803680419922
    },
    {
      "loudness": -77.88941192626953,
      "loudness_range": 18.286758422851562,
      "low_freq": 12199.2666015625,
      "mid_mean": -68.96038055419922,
      "mid_to_side_loudness": -0.009088166058063507,
      "mid_to_side_loudness_range": 1.2335582971572876,
      "side_mean": -68.9665756225586
    }
  ],
  "bands_short": [
    {
      "high_freq": 148.1999969482422,
      "loudness": -53.11219787597656,
      "loudness_range": 28.96685791015625,
      "mid_mean": -51.496337890625,
      "mid_to_side_loudness": -2.659555673599243,
      "mid_to_side_loudness_range": 11.920309066772461,
      "side_mean": -53.56964874267578
    },
    {
      "high_freq": 392.3793640136719,
      "loudness": -41.977787017822266,
      "loudness_range": 17.31336212158203,
      "low_freq": 148.1999969482422,
      "mid_mean": -42.117156982421875,
      "mid_to_side_loudness": 0.7431705594062805,
      "mid_to_side_loudness_range": 9.939444541931152,
      "side_mean": -41.249507904052734
    },
    {
      "high_freq": 794.6976318359375,
      "loudness": -42.496253967285156,
      "loudness_range": 15.62728500366211,
      "low_freq": 392.3793640136719,
      "mid_mean": -42.522605895996094,
      "mid_to_side_loudness": 0.5490004420280457,
      "mid_to_side_loudness_range": 10.629522323608398,
      "side_mean": -41.89675521850586
    },
    {
      "high_freq": 1457.5709228515625,
      "loudness": -47.208251953125,
      "loudness_range": 17.729015350341797,
      "low_freq": 794.6976318359375,
      "mid_mean": -47.215335845947266,
      "mid_to_side_loudness": 0.43513181805610657,
      "mid_to_side_loudness_range": 8.06660270690918,
      "side_mean": -46.71009063720703
    },
    {
      "high_freq": 2549.74365234375,
      "loudness": -46.868709564208984,
      "loudness_range": 20.769744873046875,
      "low_freq": 1457.5709228515625,
      "mid_mean": -47.00689697265625,
      "mid_to_side_loudness": 0.5363314747810364,
      "mid_to_side_loudness_range": 6.3625898361206055,
      "side_mean": -46.33101272583008
    },
    {
      "high_freq": 4349.24462890625,
      "loudness": -52.00355529785156,
      "loudness_range": 25.328617095947266,
      "low_freq": 2549.74365234375,
      "mid_mean": -52.98420715332031,
      "mid_to_side_loudness": 0.29183417558670044,
      "mid_to_side_loudness_range": 5.275779724121094,
      "side_mean": -52.69706726074219
    },
    {
      "high_freq": 7314.1640625,
      "loudness": -64.40177917480469,
      "loudness_range": 25.499526977539062,
      "low_freq": 4349.24462890625,
      "mid_mean": -62.9745979309082,
      "mid_to_side_loudness": 0.16852696239948273,
      "mid_to_side_loudness_range": 4.370939254760742,
      "side_mean": -62.839508056640625
    },
    {
      "high_freq": 12199.2666015625,
      "loudness": -72.39812469482422,
      "loudness_range": 22.384254455566406,
      "low_freq": 7314.1640625,
      "mid_mean": -67.50010681152344,
      "mid_to_side_loudness": 0.016386743634939194,
      "mid_to_side_loudness_range": 2.6109280586242676,
      "side_mean": -67.4922866821289
    },
    {
      "loudness": -77.24292755126953,
      "loudness_range": 19.454185485839844,
      "low_freq": 12199.2666015625,
      "mid_mean": -69.1762924194336,
      "mid_to_side_loudness": 0.05778844654560089,
      "mid_to_side_loudness_range": 2.78861665725708,
      "side_mean": -69.18032836914062
    }
  ],
  "bandwidth": 569.651611328125,
  "channels": 2,
  "covariance": [
    [
      75.36210632324219,
      72.328857421875,
      17.918283462524414,
      17.32989501953125,
      2.286787271499634,
      3.3233871459960938,
      -0.23931419849395752,
      1.5575066804885864,
      -0.3647826910018921,
      0.08159524947404861,
      12.62903881072998,
      12.615653991699219,
      5.491164207458496,
      5.13210916519165,
      1.5813164710998535,
      1.7092534303665161,
      1.1157126426696777,
      1.0722464323043823
    ],
    [
      72.328857421875,
      81.2262954711914,
      17.9732666015625,
      16.184661865234375,
      2.017866849899292,
      2.4032390117645264,
      -0.6477001905441284,
      0.8515714406967163,
      -0.2950933277606964,
      -0.07541480660438538,
      13.467395782470703,
      13.504839897155762,
      5.934935569763184,
      5.7349853515625,
      2.289727210998535,
      2.3220362663269043,
      1.4196553230285645,
      1.3770051002502441
    ],
    [
      17.918283462524414,
      17.9732666015625,
      31.836956024169922,
      25.0109920501709,
      8.112666130065918,
      11.36288833618164,
      9.54784870147705,
      10.474315643310547,
      7.853881359100342,
      8.90118408203125,
      12.494682312011719,
      11.854108810424805,
      5.99468469619751,
      6.486359596252441,
      2.4354405403137207,
      2.4613912105560303,
      1.09758460521698,
      1.0700795650482178
    ],
    [
      17.32989501953125,
      16.184661865234375,
      25.0109920501709,
      27.384668350219727,
      8.243355751037598,
      11.07700252532959,
      9.280131340026855,
      10.624343872070312,
      6.98685884475708,
      8.149652481079102,
      9.6094331741333,
      9.218568801879883,
      3.2645370960235596,
      3.6523244380950928,
      0.49665185809135437,
      0.54973304271698,
      -0.008811215870082378,
      0.0037845142651349306
    ],
    [
      2.286787271499634,
      2.017866849899292,
      8.112666130065918,
      8.243355751037598,
      25.465837478637695,
      20.063940048217773,
      18.948827743530273,
      19.180051803588867,
      16.61815071105957,
      17.127904891967773,
      20.551841735839844,
      21.235143661499023,
      13.118693351745605,
      13.012879371643066,
      5.498018264770508,
      5.578721523284912,
      1.5283012390136719,
      1.5249775648117065
    ],
    [
      3.3233871459960938,
      2.4032390117645264,
      11.36288833618164,
      11.07700252532959,
      20.063940048217773,
      21.986234664916992,
      17.741783142089844,
      18.371747970581055,
      14.949483871459961,
      15.632035255432129,
      18.229137420654297,
      18.47659683227539,
      10.926518440246582,
      10.92635726928711,
      4.432720184326172,
      4.4667463302612305,
      1.2437020540237427,
      1.251199722290039
    ],
    [
      -0.23931419849395752,
      -0.6477001905441284,
      9.54784870147705,
      9.280131340026855,
      18.948827743530273,
      17.741783142089844,
      29.789791107177734,
      27.0716552734375,
      23.61332130432129,
      23.918371200561523,
      30.310415267944336,
      31.202865600585938,
      20.295364379882812,
      20.567028045654297,
      9.394015312194824,
      9.462775230407715,
      3.3813488483428955,
      3.391117811203003
    ],
    [
      1.5575066804885864,
      0.8515714406967163,
      10.474315643310547,
      10.624343872070312,
      19.180051803588867,
      18.371747970581055,
      27.0716552734375,
      28.352954864501953,
      22.43677520751953,
      23.029788970947266,
      28.353900909423828,
      28.817298889160156,
      17.86080551147461,
      18.113140106201172,
      7.797321796417236,
      7.850423812866211,
      2.6359786987304688,
      2.661755323410034
    ],
    [
      -0.3647826910018921,
      -0.2950933277606964,
      7.853881359100342,
      6.98685884475708,
      16.61815071105957,
      14.949483871459961,
      23.61332130432129,
      22.43677520751953,
      33.75994873046875,
      32.415748596191406,
      35.01944351196289,
      35.91435241699219,
      25.018274307250977,
      25.690235137939453,
      11.440046310424805,
      11.446242332458496,
      4.312188148498535,
      4.294142723083496
    ],
    [
      0.08159524947404861,
      -0.07541480660438538,
      8.90118408203125,
      8.149652481079102,
      17.127904891967773,
      15.632035255432129,
      23.918371200561523,
      23.029788970947266,
      32.415748596191406,
      34.19643783569336,
      34.665191650390625,
      35.65385437011719,
      24.63345718383789,
      25.26858901977539,
      11.269023895263672,
      11.24649429321289,
      4.104333400726318,
      4.091723918914795
    ],
    [
      12.62903881072998,
      13.467395782470703,
      12.494682312011719,
      9.6094331741333,
      20.551841735839844,
      18.229137420654297,
      30.310415267944336,
      28.353900909423828,
      35.01944351196289,
      34.665191650390625,
      66.90383911132812,
      67.91666412353516,
      43.72590637207031,
      44.5142822265625,
      20.592041015625,
      20.596927642822266,
      8.110008239746094,
      8.070828437805176
    ],
    [
      12.615653991699219,
      13.504839897155762,
      11.854108810424805,
      9.218568801879883,
      21.235143661499023,
      18.47659683227539,
      31.202865600585938,
      28.817298889160156,
      35.91435241699219,
      35.65385437011719,
      67.91666412353516,
      70.32492065429688,
      44.57928466796875,
      45.426353454589844,
      20.981992721557617,
      20.97355079650879,
      8.142212867736816,
      8.106127738952637
    ],
    [
      5.491164207458496,
      5.934935569763184,
      5.99468469619751,
      3.2645370960235596,
      13.118693351745605,
      10.926518440246582,
      20.295364379882812,
      17.86080551147461,
      25.018274307250977,
      24.63345718383789,
      43.72590637207031,
      44.57928466796875,
      35.827640533447266,
      36.18888854980469,
      17.586048126220703,
      17.594911575317383,
      7.598201751708984,
      7.52754545211792
    ],
    [
      5.13210916519165,
      5.7349853515625,
      6.486359596252441,
      3.6523244380950928,
      13.012879371643066,
      10.92635726928711,
      20.567028045654297,
      18.113140106201172,
      25.690235137939453,
      25.26858901977539,
      44.5142822265625,
      45.426353454589844,
      36.18888854980469,
      37.32344436645508,
      17.838176727294922,
      17.832256317138672,
      7.6737213134765625,
      7.604516506195068
    ],
    [
      1.5813164710998535,
      2.289727210998535,
      2.4354405403137207,
      0.49665185809135437,
      5.498018264770508,
      4.432720184326172,
      9.394015312194824,
      7.797321796417236,
      11.440046310424805,
      11.269023895263672,
      20.592041015625,
      20.981992721557617,
      17.586048126220703,
      17.838176727294922,
      10.348532676696777,
      10.24767017364502,
      4.68318510055542,
      4.635234832763672
    ],
    [
      1.7092534303665161,
      2.3220362663269043,
      2.4613912105560303,
      0.54973304271698,
      5.578721523284912,
      4.4667463302612305,
      9.462775230407715,
      7.850423812866211,
      11.446242332458496,
      11.24649429321289,
      20.596927642822266,
      20.97355079650879,
      17.594911575317383,
      17.832256317138672,
      10.24767017364502,
      10.28665542602539,
      4.662757873535156,
      4.618203163146973
    ],
    [
      1.1157126426696777,
      1.4196553230285645,
      1.09758460521698,
      -0.008811215870082378,
      1.5283012390136719,
      1.2437020540237427,
      3.3813488483428955,
      2.6359786987304688,
      4.312188148498535,
      4.104333400726318,
      8.110008239746094,
      8.142212867736816,
      7.598201751708984,
      7.6737213134765625,
      4.68318510055542,
      4.662757873535156,
      2.6601130962371826,
      2.6224615573883057
    ],
    [
      1.0722464323043823,
      1.3770051002502441,
      1.0700795650482178,
      0.0037845142651349306,
      1.5249775648117065,
      1.251199722290039,
      3.391117811203003,
      2.661755323410034,
      4.294142723083496,
      4.091723918914795,
      8.070828437805176,
      8.106127738952637,
      7.52754545211792,
      7.604516506195068,
      4.635234832763672,
      4.618203163146973,
      2.6224615573883057,
      2.6013543605804443
    ]
  ],
  "covariance_short": [
    [
      86.58023834228516,
      84.18389892578125,
      19.223825454711914,
      16.63139533996582,
      5.90295934677124,
      7.231438636779785,
      4.518543720245361,
      5.488457202911377,
      4.224252223968506,
      4.485825061798096,
      12.812284469604492,
      13.272710800170898,
      6.431480407714844,
      6.185194969177246,
      2.07604718208313,
      2.1368799209594727,
      0.8843395709991455,
      0.8603010177612305
    ],
    [
      84.18389892578125,
      93.24618530273438,
      22.542724609375,
      19.598163604736328,
      5.24829626083374,
      6.9994730949401855,
      4.229292392730713,
      5.1981000900268555,
      3.603243589401245,
      3.9805898666381836,
      15.614765167236328,
      16.041189193725586,
      8.02038860321045,
      7.891296863555908,
      3.19173526763916,
      3.2602243423461914,
      1.3809092044830322,
      1.3488777875900269
    ],
    [
      19.223825454711914,
      22.542724609375,
      42.77985382080078,
      36.21458435058594,
      11.539554595947266,
      15.169275283813477,
      15.094386100769043,
      15.575778007507324,
      14.109638214111328,
      14.623212814331055,
      18.623046875,
      18.711488723754883,
      9.728009223937988,
      10.054071426391602,
      4.119093418121338,
      4.150730609893799,
      1.72704017162323,
      1.7016750574111938
    ],
    [
      16.63139533996582,
      19.598163604736328,
      36.21458435058594,
      43.027557373046875,
      12.97477912902832,
      15.695557594299316,
      16.041696548461914,
      16.236616134643555,
      14.378969192504883,
      15.355828285217285,
      17.330982208251953,
      17.449054718017578,
      8.26318359375,
      8.569026947021484,
      3.2257392406463623,
      3.255342960357666,
      1.1441541910171509,
      1.1467353105545044
    ],
    [
      5.90295934677124,
      5.24829626083374,
      11.539554595947266,
      12.97477912902832,
      35.78417205810547,
      27.08401107788086,
      26.774316787719727,
      26.69620704650879,
      27.522567749023438,
      27.34670639038086,
      29.261802673339844,
      30.310060501098633,
      16.30729866027832,
      16.449052810668945,
      6.232407093048096,
      6.273627758026123,
      1.6759896278381348,
      1.6857845783233643
    ],
    [
      7.231438636779785,
      6.9994730949401855,
      15.169275283813477,
      15.695557594299316,
      27.08401107788086,
      33.27705383300781,
      26.064085006713867,
      26.369773864746094,
      26.971599578857422,
      27.369281768798828,
      28.757139205932617,
      29.486034393310547,
      15.814778327941895,
      16.07902717590332,
      5.961818218231201,
      5.960138320922852,
      1.5862326622009277,
      1.5974775552749634
    ],
    [
      4.518543720245361,
      4.229292392730713,
      15.094386100769043,
      16.041696548461914,
      26.774316787719727,
      26.064085006713867,
      46.02465057373047,
      40.47390365600586,
      40.49462890625,
      40.42869567871094,
      47.46234130859375,
      48.93640899658203,
      29.096389770507812,
      29.554298400878906,
      12.708174705505371,
      12.721920013427734,
      4.580738067626953,
      4.581388473510742
    ],
    [
      5.488457202911377,
      5.1981000900268555,
      15.575778007507324,
      16.236616134643555,
      26.69620704650879,
      26.369773864746094,
      40.47390365600586,
      44.27237319946289,
      39.91012191772461,
      40.1431884765625,
      45.33626174926758,
      46.57402420043945,
      27.080707550048828,
      27.537506103515625,
      11.36410140991211,
      11.404548645019531,
      3.9879462718963623,
      4.000845432281494
    ],
    [
      4.224252223968506,
      3.603243589401245,
      14.109638214111328,
      14.378969192504883,
      27.522567749023438,
      26.971599578857422,
      40.49462890625,
      39.91012191772461,
      58.442909240722656,
      55.271453857421875,
      56.11017608642578,
      58.009117126464844,
      36.55152130126953,
      37.41117477416992,
      15.661836624145508,
      15.634421348571777,
      5.60659122467041,
      5.591675281524658
    ],
    [
      4.485825061798096,
      3.9805898666381836,
      14.623212814331055,
      15.355828285217285,
      27.34670639038086,
      27.369281768798828,
      40.42869567871094,
      40.1431884765625,
      55.271453857421875,
      59.31876754760742,
      56.031288146972656,
      58.037593841552734,
      36.65212631225586,
      37.44822311401367,
      15.69173526763916,
      15.662408828735352,
      5.511542320251465,
      5.506336212158203
    ],
    [
      12.812284469604492,
      15.614765167236328,
      18.623046875,
      17.330982208251953,
      29.261802673339844,
      28.757139205932617,
      47.46234130859375,
      45.33626174926758,
      56.11017608642578,
      56.031288146972656,
      86.35962677001953,
      87.34648132324219,
      53.27970504760742,
      54.125579833984375,
      24.158649444580078,
      24.25638771057129,
      9.207267761230469,
      9.161163330078125
    ],
    [
      13.272710800170898,
      16.041189193725586,
      18.711488723754883,
      17.449054718017578,
      30.310060501098633,
      29.486034393310547,
      48.93640899658203,
      46.57402420043945,
      58.009117126464844,
      58.037593841552734,
      87.34648132324219,
      91.38185119628906,
      54.83777618408203,
      55.76218032836914,
      24.83757972717285,
      24.913692474365234,
      9.338461875915527,
      9.298519134521484
    ],
    [
      6.431480407714844,
      8.02038860321045,
      9.728009223937988,
      8.26318359375,
      16.30729866027832,
      15.814778327941895,
      29.096389770507812,
      27.080707550048828,
      36.55152130126953,
      36.65212631225586,
      53.27970504760742,
      54.83777618408203,
      42.696685791015625,
      42.80023193359375,
      20.432531356811523,
      20.499849319458008,
      8.440495491027832,
      8.371735572814941
    ],
    [
      6.185194969177246,
      7.891296863555908,
      10.054071426391602,
      8.569026947021484,
      16.449052810668945,
      16.07902717590332,
      29.554298400878906,
      27.537506103515625,
      37.41117477416992,
      37.44822311401367,
      54.125579833984375,
      55.76218032836914,
      42.80023193359375,
      44.21989440917969,
      20.72515869140625,
      20.78130531311035,
      8.5382661819458,
      8.47109603881836
    ],
    [
      2.07604718208313,
      3.19173526763916,
      4.119093418121338,
      3.2257392406463623,
      6.232407093048096,
      5.961818218231201,
      12.708174705505371,
      11.36410140991211,
      15.661836624145508,
      15.69173526763916,
      24.158649444580078,
      24.83757972717285,
      20.432531356811523,
      20.72515869140625,
      12.398713111877441,
      12.279314994812012,
      5.451084613800049,
      5.410102367401123
    ],
    [
      2.1368799209594727,
      3.2602243423461914,
      4.150730609893799,
      3.255342960357666,
      6.273627758026123,
      5.960138320922852,
      12.721920013427734,
      11.404548645019531,
      15.634421348571777,
      15.662408828735352,
      24.25638771057129,
      24.913692474365234,
      20.499849319458008,
      20.78130531311035,
      12.279314994812012,
      12.4249267578125,
      5.433110237121582,
      5.390744686126709
    ],
    [
      0.8843395709991455,
      1.3809092044830322,
      1.72704017162323,
      1.1441541910171509,
      1.6759896278381348,
      1.5862326622009277,
      4.580738067626953,
      3.9879462718963623,
      5.60659122467041,
      5.511542320251465,
      9.207267761230469,
      9.338461875915527,
      8.440495491027832,
      8.5382661819458,
      5.451084613800049,
      5.433110237121582,
      3.1590161323547363,
      3.116590738296509
    ],
    [
      0.8603010177612305,
      1.3488777875900269,
      1.7016750574111938,
      1.1467353105545044,
      1.6857845783233643,
      1.5974775552749634,
      4.581388473510742,
      4.000845432281494,
      5.591675281524658,
      5.506336212158203,
      9.161163330078125,
      9.298519134521484,
      8.371735572814941,
      8.47109603881836,
      5.410102367401123,
      5.390744686126709,
      3.116590738296509,
      3.1091468334198
    ]
  ],
  "damage": -25.951942443847656,
  "diff_bandwidth": 617.501708984375,
  "dissonance": 5.988039156181121,
  "drr": 3.670530319213867,
  "dynamics": 3.5670220851898193,
  "format": 1245190,
  "frames": 10368960,
  "loudness": -31.758913040161133,
  "loudness_range": 9.328067779541016,
  "loudness_range_short": 13.028484344482422,
  "lowpass_true_peak_15khz": -13.547398567199707,
  "mastering3_acoustic_entropies": [
    {
      "acoustic_entropy": 5.885275840759277,
      "acoustic_entropy_mono": 5.634244918823242,
      "band_eliminated_acoustic_entropies": [
        {
          "acoustic_entropy": 6.0699567794799805,
          "acoustic_entropy_side": 5.970527172088623,
          "hz": 129.47220167065723
        },
        {
          "acoustic_entropy": 5.993325233459473,
          "acoustic_entropy_side": 6.014957904815674,
          "hz": 202.92927478742237
        },
        {
          "acoustic_entropy": 6.1692657470703125,
          "acoustic_entropy_side": 6.064842700958252,
          "hz": 282.89161906338205
        },
        {
          "acoustic_entropy": 6.233234882354736,
          "acoustic_entropy_side": 6.408322334289551,
          "hz": 369.9353335868758
        },
        {
          "acoustic_entropy": 5.986073017120361,
          "acoustic_entropy_side": 5.732574939727783,
          "hz": 464.6875360973435
        },
        {
          "acoustic_entropy": 6.805279731750488,
          "acoustic_entropy_side": 6.674623966217041,
          "hz": 567.8308811364784
        },
        {
          "acoustic_entropy": 6.333727836608887,
          "acoustic_entropy_side": 6.369540691375732,
          "hz": 680.1084783214808
        },
        {
          "acoustic_entropy": 6.032168865203857,
          "acoustic_entropy_side": 5.950101375579834,
          "hz": 802.3292461747484
        },
        {
          "acoustic_entropy": 6.435546398162842,
          "acoustic_entropy_side": 6.221968173980713,
          "hz": 935.3737400823702
        },
        {
          "acoustic_entropy": 6.600129127502441,
          "acoustic_entropy_side": 6.586577415466309,
          "hz": 1080.2004963696966
        },
        {
          "acoustic_entropy": 6.144224166870117,
          "acoustic_entropy_side": 6.164134502410889,
          "hz": 1237.8529382007157
        },
        {
          "acoustic_entropy": 6.483321189880371,
          "acoustic_entropy_side": 6.288471698760986,
          "hz": 1409.4668930556702
        },
        {
          "acoustic_entropy": 6.745439529418945,
          "acoustic_entropy_side": 6.2600812911987305,
          "hz": 1596.2787759475705
        },
        {
          "acoustic_entropy": 6.215790271759033,
          "acoustic_entropy_side": 6.124683380126953,
          "hz": 1799.6344973346393
        },
        {
          "acoustic_entropy": 6.039456367492676,
          "acoustic_entropy_side": 5.953451156616211,
          "hz": 2020.9991599069049
        },
        {
          "acoustic_entropy": 6.064537048339844,
          "acoustic_entropy_side": 6.162962436676025,
          "hz": 2261.9676141086993
        },
        {
          "acoustic_entropy": 5.799051761627197,
          "acoustic_entropy_side": 6.187638282775879,
          "hz": 2524.2759484456974
        },
        {
          "acoustic_entropy": 6.597061634063721,
          "acoustic_entropy_side": 6.482530117034912,
          "hz": 2809.813997359896
        },
        {
          "acoustic_entropy": 5.9039177894592285,
          "acoustic_entropy_side": 5.982790470123291,
          "hz": 3120.6389567871424
        },
        {
          "acoustic_entropy": 6.031003475189209,
          "acoustic_entropy_side": 5.927127361297607,
          "hz": 3458.990205492291
        },
        {
          "acoustic_entropy": 5.9185357093811035,
          "acoustic_entropy_side": 6.338587284088135,
          "hz": 3827.305438964164
        },
        {
          "acoustic_entropy": 6.159900188446045,
          "acoustic_entropy_side": 5.918840408325195,
          "hz": 4228.238232109126
        },
        {
          "acoustic_entropy": 6.153367042541504,
          "acoustic_entropy_side": 6.063148498535156,
          "hz": 4664.6771572759235
        },
        {
          "acoustic_entropy": 5.982188701629639,
          "acoustic_entropy_side": 5.919322967529297,
          "hz": 5139.766595350093
        },
        {
          "acoustic_entropy": 5.930024147033691,
          "acoustic_entropy_side": 5.904645919799805,
          "hz": 5656.929389854203
        },
        {
          "acoustic_entropy": 5.878215789794922,
          "acoustic_entropy_side": 5.879429817199707,
          "hz": 6219.891507268283
        },
        {
          "acoustic_entropy": 5.888854026794434,
          "acoustic_entropy_side": 5.885548114776611,
          "hz": 6832.70888123896
        },
        {
          "acoustic_entropy": 5.884008407592773,
          "acoustic_entropy_side": 5.884344100952148,
          "hz": 7499.796634079867
        },
        {
          "acoustic_entropy": 5.886940956115723,
          "acoustic_entropy_side": 5.886241436004639,
          "hz": 8225.96088609342
        },
        {
          "acoustic_entropy": 5.8866424560546875,
          "acoustic_entropy_side": 5.8859686851501465,
          "hz": 9016.43338188839
        },
        {
          "acoustic_entropy": 5.886636734008789,
          "acoustic_entropy_side": 5.88596248626709,
          "hz": 9876.909183162974
        },
        {
          "acoustic_entropy": 5.887131690979004,
          "acoustic_entropy_side": 5.8864264488220215,
          "hz": 10813.587699516042
        },
        {
          "acoustic_entropy": 5.885876655578613,
          "acoustic_entropy_side": 5.885554313659668,
          "hz": 11833.21735289826
        },
        {
          "acoustic_entropy": 5.885462760925293,
          "acoustic_entropy_side": 5.885351657867432,
          "hz": 12943.144197493959
        },
        {
          "acoustic_entropy": 5.885462760925293,
          "acoustic_entropy_side": 5.885354042053223,
          "hz": 14151.364845322005
        },
        {
          "acoustic_entropy": 5.885226249694824,
          "acoustic_entropy_side": 5.885268688201904,
          "hz": 15466.58407886509
        },
        {
          "acoustic_entropy": 5.885240077972412,
          "acoustic_entropy_side": 5.885270595550537,
          "hz": 16898.27756580493
        },
        {
          "acoustic_entropy": 5.885353088378906,
          "acoustic_entropy_side": 5.885317802429199,
          "hz": 18456.760127700032
        },
        {
          "acoustic_entropy": 5.885281562805176,
          "acoustic_entropy_side": 5.885277271270752,
          "hz": 20153.260054456492
        },
        {
          "acoustic_entropy": 5.885275363922119,
          "acoustic_entropy_side": 5.8852763175964355,
          "hz": 22000.00000000001
        }
      ],
      "diff_acoustic_entropy": 5.870247840881348,
      "sn": 6
    },
    {
      "acoustic_entropy": 11.241599082946777,
      "acoustic_entropy_mono": 9.513874053955078,
      "band_eliminated_acoustic_entropies": [
        {
          "acoustic_entropy": 11.266318321228027,
          "acoustic_entropy_side": 11.312776565551758,
          "hz": 129.47220167065723
        },
        {
          "acoustic_entropy": 10.744114875793457,
          "acoustic_entropy_side": 11.242634773254395,
          "hz": 202.92927478742237
        },
        {
          "acoustic_entropy": 10.829174041748047,
          "acoustic_entropy_side": 10.688353538513184,
          "hz": 282.89161906338205
        },
        {
          "acoustic_entropy": 10.063840866088867,
          "acoustic_entropy_side": 10.290068626403809,
          "hz": 369.9353335868758
        },
        {
          "acoustic_entropy": 10.935234069824219,
          "acoustic_entropy_side": 11.178617477416992,
          "hz": 464.6875360973435
        },
        {
          "acoustic_entropy": 11.270496368408203,
          "acoustic_entropy_side": 10.998675346374512,
          "hz": 567.8308811364784
        },
        {
          "acoustic_entropy": 11.517768859863281,
          "acoustic_entropy_side": 11.34183120727539,
          "hz": 680.1084783214808
        },
        {
          "acoustic_entropy": 10.583556175231934,
          "acoustic_entropy_side": 10.873808860778809,
          "hz": 802.3292461747484
        },
        {
          "acoustic_entropy": 10.932577133178711,
          "acoustic_entropy_side": 10.71924877166748,
          "hz": 935.3737400823702
        },
        {
          "acoustic_entropy": 11.38338565826416,
          "acoustic_entropy_side": 11.822135925292969,
          "hz": 1080.2004963696966
        },
        {
          "acoustic_entropy": 10.409340858459473,
          "acoustic_entropy_side": 10.590307235717773,
          "hz": 1237.8529382007157
        },
        {
          "acoustic_entropy": 11.652180671691895,
          "acoustic_entropy_side": 11.51523494720459,
          "hz": 1409.4668930556702
        },
        {
          "acoustic_entropy": 11.711841583251953,
          "acoustic_entropy_side": 11.40146255493164,
          "hz": 1596.2787759475705
        },
        {
          "acoustic_entropy": 10.885809898376465,
          "acoustic_entropy_side": 10.954828262329102,
          "hz": 1799.6344973346393
        },
        {
          "acoustic_entropy": 10.63424015045166,
          "acoustic_entropy_side": 11.10888385772705,
          "hz": 2020.9991599069049
        },
        {
          "acoustic_entropy": 10.854928016662598,
          "acoustic_entropy_side": 11.03717041015625,
          "hz": 2261.9676141086993
        },
        {
          "acoustic_entropy": 10.452881813049316,
          "acoustic_entropy_side": 11.110913276672363,
          "hz": 2524.2759484456974
        },
        {
          "acoustic_entropy": 11.078526496887207,
          "acoustic_entropy_side": 11.338489532470703,
          "hz": 2809.813997359896
        },
        {
          "acoustic_entropy": 11.227217674255371,
          "acoustic_entropy_side": 11.05726146697998,
          "hz": 3120.6389567871424
        },
        {
          "acoustic_entropy": 11.050808906555176,
          "acoustic_entropy_side": 11.1160306930542,
          "hz": 3458.990205492291
        },
        {
          "acoustic_entropy": 10.463543891906738,
          "acoustic_entropy_side": 11.005072593688965,
          "hz": 3827.305438964164
        },
        {
          "acoustic_entropy": 11.259805679321289,
          "acoustic_entropy_side": 11.379554748535156,
          "hz": 4228.238232109126
        },
        {
          "acoustic_entropy": 11.134090423583984,
          "acoustic_entropy_side": 11.128576278686523,
          "hz": 4664.6771572759235
        },
        {
          "acoustic_entropy": 10.992829322814941,
          "acoustic_entropy_side": 11.110356330871582,
          "hz": 5139.766595350093
        },
        {
          "acoustic_entropy": 11.172989845275879,
          "acoustic_entropy_side": 11.212141990661621,
          "hz": 5656.929389854203
        },
        {
          "acoustic_entropy": 11.152785301208496,
          "acoustic_entropy_side": 11.195109367370605,
          "hz": 6219.891507268283
        },
        {
          "acoustic_entropy": 11.187661170959473,
          "acoustic_entropy_side": 11.219827651977539,
          "hz": 6832.70888123896
        },
        {
          "acoustic_entropy": 11.203561782836914,
          "acoustic_entropy_side": 11.225056648254395,
          "hz": 7499.796634079867
        },
        {
          "acoustic_entropy": 11.217857360839844,
          "acoustic_entropy_side": 11.233630180358887,
          "hz": 8225.96088609342
        },
        {
          "acoustic_entropy": 11.231871604919434,
          "acoustic_entropy_side": 11.237464904785156,
          "hz": 9016.43338188839
        },
        {
          "acoustic_entropy": 11.23423957824707,
          "acoustic_entropy_side": 11.238213539123535,
          "hz": 9876.909183162974
        },
        {
          "acoustic_entropy": 11.233931541442871,
          "acoustic_entropy_side": 11.238289833068848,
          "hz": 10813.587699516042
        },
        {
          "acoustic_entropy": 11.240922927856445,
          "acoustic_entropy_side": 11.2412748336792,
          "hz": 11833.21735289826
        },
        {
          "acoustic_entropy": 11.24059009552002,
          "acoustic_entropy_side": 11.2410888671875,
          "hz": 12943.144197493959
        },
        {
          "acoustic_entropy": 11.24068832397461,
          "acoustic_entropy_side": 11.24113655090332,
          "hz": 14151.364845322005
        },
        {
          "acoustic_entropy": 11.241071701049805,
          "acoustic_entropy_side": 11.24140453338623,
          "hz": 15466.58407886509
        },
        {
          "acoustic_entropy": 11.240327835083008,
          "acoustic_entropy_side": 11.240994453430176,
          "hz": 16898.27756580493
        },
        {
          "acoustic_entropy": 11.241433143615723,
          "acoustic_entropy_side": 11.241543769836426,
          "hz": 18456.760127700032
        },
        {
          "acoustic_entropy": 11.24141788482666,
          "acoustic_entropy_side": 11.241512298583984,
          "hz": 20153.260054456492
        },
        {
          "acoustic_entropy": 11.241595268249512,
          "acoustic_entropy_side": 11.241600036621094,
          "hz": 22000.00000000001
        }
      ],
      "diff_acoustic_entropy": 9.543736457824707,
      "sn": 12
    },
    {
      "acoustic_entropy": 16.82560157775879,
      "acoustic_entropy_mono": 16.184547424316406,
      "band_eliminated_acoustic_entropies": [
        {
          "acoustic_entropy": 17.740520477294922,
          "acoustic_entropy_side": 16.694841384887695,
          "hz": 129.47220167065723
        },
        {
          "acoustic_entropy": 16.747758865356445,
          "acoustic_entropy_side": 16.95848846435547,
          "hz": 202.92927478742237
        },
        {
          "acoustic_entropy": 17.10372543334961,
          "acoustic_entropy_side": 17.358572006225586,
          "hz": 282.89161906338205
        },
        {
          "acoustic_entropy": 16.26249885559082,
          "acoustic_entropy_side": 16.384109497070312,
          "hz": 369.9353335868758
        },
        {
          "acoustic_entropy": 17.76000213623047,
          "acoustic_entropy_side": 17.520326614379883,
          "hz": 464.6875360973435
        },
        {
          "acoustic_entropy": 17.47898292541504,
          "acoustic_entropy_side": 17.16594696044922,
          "hz": 567.8308811364784
        },
        {
          "acoustic_entropy": 16.650360107421875,
          "acoustic_entropy_side": 16.509124755859375,
          "hz": 680.1084783214808
        },
        {
          "acoustic_entropy": 17.243051528930664,
          "acoustic_entropy_side": 16.916078567504883,
          "hz": 802.3292461747484
        },
        {
          "acoustic_entropy": 17.311138153076172,
          "acoustic_entropy_side": 16.66282081604004,
          "hz": 935.3737400823702
        },
        {
          "acoustic_entropy": 17.665834426879883,
          "acoustic_entropy_side": 18.035367965698242,
          "hz": 1080.2004963696966
        },
        {
          "acoustic_entropy": 17.36043930053711,
          "acoustic_entropy_side": 16.90860366821289,
          "hz": 1237.8529382007157
        },
        {
          "acoustic_entropy": 16.933063507080078,
          "acoustic_entropy_side": 16.979673385620117,
          "hz": 1409.4668930556702
        },
        {
          "acoustic_entropy": 17.529415130615234,
          "acoustic_entropy_side": 17.328346252441406,
          "hz": 1596.2787759475705
        },
        {
          "acoustic_entropy": 16.85528564453125,
          "acoustic_entropy_side": 16.65730094909668,
          "hz": 1799.6344973346393
        },
        {
          "acoustic_entropy": 16.918664932250977,
          "acoustic_entropy_side": 17.19169044494629,
          "hz": 2020.9991599069049
        },
        {
          "acoustic_entropy": 17.159025192260742,
          "acoustic_entropy_side": 17.246232986450195,
          "hz": 2261.9676141086993
        },
        {
          "acoustic_entropy": 16.801406860351562,
          "acoustic_entropy_side": 17.450651168823242,
          "hz": 2524.2759484456974
        },
        {
          "acoustic_entropy": 17.343608856201172,
          "acoustic_entropy_side": 16.864431381225586,
          "hz": 2809.813997359896
        },
        {
          "acoustic_entropy": 17.349702835083008,
          "acoustic_entropy_side": 17.270654678344727,
