{
  "acoustic_entropy": 209.80499267578125,
  "bands": [
    {
      "high_freq": 148.1999969482422,
      "loudness": -28.39649200439453,
      "loudness_range": 9.51706314086914,
      "mid_mean": -24.860626220703125,
      "mid_to_side_loudness": -25.630062103271484,
      "mid_to_side_loudness_range": 33.411983489990234,
      "side_mean": -51.0236930847168
    },
    {
      "high_freq": 392.3793640136719,
      "loudness": -25.114078521728516,
      "loudness_range": 10.128236770629883,
      "low_freq": 148.1999969482422,
      "mid_mean": -22.150150299072266,
      "mid_to_side_loudness": -8.228713035583496,
      "mid_to_side_loudness_range": 9.323850631713867,
      "side_mean": -30.430082321166992
    },
    {
      "high_freq": 794.6976318359375,
      "loudness": -29.269575119018555,
      "loudness_range": 16.113584518432617,
      "low_freq": 392.3793640136719,
      "mid_mean": -26.741008758544922,
      "mid_to_side_loudness": -5.86037015914917,
      "mid_to_side_loudness_range": 9.144999504089355,
      "side_mean": -32.58351516723633
    },
    {
      "high_freq": 1457.5709228515625,
      "loudness": -35.06423568725586,
      "loudness_range": 19.839323043823242,
      "low_freq": 794.6976318359375,
      "mid_mean": -32.34059524536133,
      "mid_to_side_loudness": -6.8908796310424805,
      "mid_to_side_loudness_range": 8.24866771697998,
      "side_mean": -39.18539810180664
    },
    {
      "high_freq": 2549.74365234375,
      "loudness": -35.23442840576172,
      "loudness_range": 22.9991455078125,
      "low_freq": 1457.5709228515625,
      "mid_mean": -32.323951721191406,
      "mid_to_side_loudness": -8.126138687133789,
      "mid_to_side_loudness_range": 8.218746185302734,
      "side_mean": -40.55148696899414
    },
    {
      "high_freq": 4349.24462890625,
      "loudness": -34.36520767211914,
      "loudness_range": 20.78559112548828,
      "low_freq": 2549.74365234375,
      "mid_mean": -31.311079025268555,
      "mid_to_side_loudness": -8.885965347290039,
      "mid_to_side_loudness_range": 9.538578033447266,
      "side_mean": -40.329307556152344
    },
    {
      "high_freq": 7314.1640625,
      "loudness": -40.70657730102539,
      "loudness_range": 19.002819061279297,
      "low_freq": 4349.24462890625,
      "mid_mean": -37.528263092041016,
      "mid_to_side_loudness": -9.857616424560547,
      "mid_to_side_loudness_range": 9.900135040283203,
      "side_mean": -47.53858184814453
    },
    {
      "high_freq": 12199.2666015625,
      "loudness": -45.614707946777344,
      "loudness_range": 16.434925079345703,
      "low_freq": 7314.1640625,
      "mid_mean": -42.41581726074219,
      "mid_to_side_loudness": -10.24259090423584,
      "mid_to_side_loudness_range": 10.806943893432617,
      "side_mean": -53.016666412353516
    },
    {
      "loudness": -52.45344924926758,
      "loudness_range": 17.842029571533203,
      "low_freq": 12199.2666015625,
      "mid_mean": -49.1755256652832,
      "mid_to_side_loudness": -11.415410041809082,
      "mid_to_side_loudness_range": 13.403966903686523,
      "side_mean": -60.06211853027344
    }
  ],
  "bands_short": [
    {
      "high_freq": 148.1999969482422,
      "loudness": -30.234567642211914,
      "loudness_range": 10.600759506225586,
      "mid_mean": -26.72356605529785,
      "mid_to_side_loudness": -28.679672241210938,
      "mid_to_side_loudness_range": 36.97120666503906,
      "side_mean": -55.452850341796875
    },
    {
      "high_freq": 392.3793640136719,
      "loudness": -25.285898208618164,
      "loudness_range": 11.248044967651367,
      "low_freq": 148.1999969482422,
      "mid_mean": -22.35650062561035,
      "mid_to_side_loudness": -8.960189819335938,
      "mid_to_side_loudness_range": 12.884469032287598,
      "side_mean": -31.30607795715332
    },
    {
      "high_freq": 794.6976318359375,
      "loudness": -29.092458724975586,
      "loudness_range": 17.377666473388672,
      "low_freq": 392.3793640136719,
      "mid_mean": -26.75851058959961,
      "mid_to_side_loudness": -5.696372985839844,
      "mid_to_side_loudness_range": 12.394234657287598,
      "side_mean": -32.45444107055664
    },
    {
      "high_freq": 1457.5709228515625,
      "loudness": -34.86894226074219,
      "loudness_range": 21.045642852783203,
      "low_freq": 794.6976318359375,
      "mid_mean": -32.34584426879883,
      "mid_to_side_loudness": -6.613795757293701,
      "mid_to_side_loudness_range": 11.778249740600586,
      "side_mean": -38.95684814453125
    },
    {
      "high_freq": 2549.74365234375,
      "loudness": -35.810123443603516,
      "loudness_range": 24.590373992919922,
      "low_freq": 1457.5709228515625,
      "mid_mean": -33.08784866333008,
      "mid_to_side_loudness": -7.702455997467041,
      "mid_to_side_loudness_range": 11.62404727935791,
      "side_mean": -40.97353744506836
    },
    {
      "high_freq": 4349.24462890625,
      "loudness": -34.86138153076172,
      "loudness_range": 22.6297607421875,
      "low_freq": 2549.74365234375,
      "mid_mean": -31.957468032836914,
      "mid_to_side_loudness": -8.447628021240234,
      "mid_to_side_loudness_range": 12.516932487487793,
      "side_mean": -40.678340911865234
    },
    {
      "high_freq": 7314.1640625,
      "loudness": -41.295982360839844,
      "loudness_range": 21.457773208618164,
      "low_freq": 4349.24462890625,
      "mid_mean": -38.31367492675781,
      "mid_to_side_loudness": -9.037797927856445,
      "mid_to_side_loudness_range": 13.043924331665039,
      "side_mean": -47.63237762451172
    },
    {
      "high_freq": 12199.2666015625,
      "loudness": -46.94171142578125,
      "loudness_range": 19.051513671875,
      "low_freq": 7314.1640625,
      "mid_mean": -43.890995025634766,
      "mid_to_side_loudness": -9.580692291259766,
      "mid_to_side_loudness_range": 13.368571281433105,
      "side_mean": -54.02545166015625
    },
    {
      "loudness": -56.0855827331543,
      "loudness_range": 24.33039093017578,
      "low_freq": 12199.2666015625,
      "mid_mean": -53.14130401611328,
      "mid_to_side_loudness": -10.393508911132812,
      "mid_to_side_loudness_range": 15.935060501098633,
      "side_mean": -62.26056671142578
    }
  ],
  "bandwidth": 514.4180908203125,
  "channels": 2,
  "covariance": [
    [
      13.24958324432373,
      23.347518920898438,
      4.6075944900512695,
      4.511183261871338,
      6.826753616333008,
      6.142055988311768,
      8.988062858581543,
      8.561968803405762,
      11.419981956481934,
      10.4624662399292,
      8.556337356567383,
      8.95457649230957,
      9.832829475402832,
      9.970535278320312,
      7.457977771759033,
      6.77448034286499,
      7.384248733520508,
      5.159193515777588
    ],
    [
      23.347518920898438,
      162.5478515625,
      17.873943328857422,
      28.610095977783203,
      40.576351165771484,
      36.792884826660156,
      48.5663948059082,
      52.280670166015625,
      66.7562484741211,
      63.759525299072266,
      49.390193939208984,
      53.85315704345703,
      48.26108169555664,
      52.80719757080078,
      25.049373626708984,
      42.33381652832031,
      20.52180290222168,
      23.543746948242188
    ],
    [
      4.6075944900512695,
      17.873943328857422,
      14.067521095275879,
      12.600069999694824,
      7.688135623931885,
      6.861974716186523,
      8.41983413696289,
      8.3080472946167,
      9.809289932250977,
      9.052213668823242,
      9.106477737426758,
      9.16743278503418,
      9.371058464050293,
      10.347206115722656,
      7.033510684967041,
      9.442209243774414,
      6.70772123336792,
      6.960132122039795
    ],
    [
      4.511183261871338,
      28.610095977783203,
      12.600069999694824,
      22.25950813293457,
      14.887571334838867,
      14.49213695526123,
      15.101543426513672,
      15.729915618896484,
      18.63429069519043,
      18.076932907104492,
      15.130849838256836,
      16.591440200805664,
      14.06062126159668,
      16.81305694580078,
      9.00162124633789,
      12.278292655944824,
      7.242611408233643,
      7.001025199890137
    ],
    [
      6.826753616333008,
      40.576351165771484,
      7.688135623931885,
      14.887571334838867,
      37.1201057434082,
      32.35716247558594,
      33.18175506591797,
      32.1247444152832,
      35.78453826904297,
      34.87887191772461,
      30.848411560058594,
      30.738704681396484,
      26.17180061340332,
      28.075666427612305,
      16.177846908569336,
      19.705196380615234,
      12.456117630004883,
      10.060882568359375
    ],
    [
      6.142055988311768,
      36.792884826660156,
      6.861974716186523,
      14.49213695526123,
      32.35716247558594,
      38.00792694091797,
      28.922700881958008,
      30.76641273498535,
      31.314273834228516,
      32.79472351074219,
      26.557126998901367,
      28.94997787475586,
      22.723894119262695,
      26.562763214111328,
      14.645136833190918,
      18.791006088256836,
      10.63994026184082,
      8.934877395629883
    ],
    [
      8.988062858581543,
      48.5663948059082,
      8.41983413696289,
      15.101543426513672,
      33.18175506591797,
      28.922700881958008,
      52.083187103271484,
      46.80434799194336,
      45.40087890625,
      42.630916595458984,
      38.83097457885742,
      37.01658248901367,
      33.18638610839844,
      32.104347229003906,
      22.639793395996094,
      23.629169464111328,
      18.930768966674805,
      14.074124336242676
    ],
    [
      8.561968803405762,
      52.280670166015625,
      8.3080472946167,
      15.729915618896484,
      32.1247444152832,
      30.76641273498535,
      46.80434799194336,
      51.98346710205078,
      44.368385314941406,
      45.4323616027832,
      38.0723762512207,
      40.03485870361328,
      32.30723190307617,
      33.591617584228516,
      20.900169372558594,
      23.616634368896484,
      15.738748550415039,
      12.056897163391113
    ],
    [
      11.419981956481934,
      66.7562484741211,
      9.809289932250977,
      18.63429069519043,
      35.78453826904297,
      31.314273834228516,
      45.40087890625,
      44.368385314941406,
      72.27845764160156,
      63.574913024902344,
      54.22306442260742,
      51.663108825683594,
      47.90890121459961,
      46.140804290771484,
      28.17677116394043,
      31.327835083007812,
      20.75432586669922,
      16.727699279785156
    ],
    [
      10.4624662399292,
      63.759525299072266,
      9.052213668823242,
      18.076932907104492,
      34.87887191772461,
      32.79472351074219,
      42.630916595458984,
      45.4323616027832,
      63.574913024902344,
      65.80978393554688,
      49.41156005859375,
      51.881675720214844,
      43.56953430175781,
      44.96067428588867,
      25.828937530517578,
      29.982927322387695,
      18.137195587158203,
      14.817304611206055
    ],
    [
      8.556337356567383,
      49.390193939208984,
      9.106477737426758,
      15.130849838256836,
      30.848411560058594,
      26.557126998901367,
      38.83097457885742,
      38.0723762512207,
      54.22306442260742,
      49.41156005859375,
      58.1100959777832,
      51.418724060058594,
      45.88557815551758,
      42.039764404296875,
      27.46200180053711,
      28.62177848815918,
      18.714685440063477,
      14.44215202331543
    ],
    [
      8.95457649230957,
      53.85315704345703,
      9.16743278503418,
      16.591440200805664,
      30.738704681396484,
      28.94997787475586,
      37.01658248901367,
      40.03485870361328,
      51.663108825683594,
      51.881675720214844,
      51.418724060058594,
      55.44913101196289,
      41.06292724609375,
      43.76613235473633,
      23.778926849365234,
      28.42226219177246,
      15.2722806930542,
      13.512408256530762
    ],
    [
      9.832829475402832,
      48.26108169555664,
      9.371058464050293,
      14.06062126159668,
      26.17180061340332,
      22.723894119262695,
      33.18638610839844,
      32.30723190307617,
      47.90890121459961,
      43.56953430175781,
      45.88557815551758,
      41.06292724609375,
      49.076900482177734,
      41.999942779541016,
      31.676130294799805,
      31.42055320739746,
      23.908138275146484,
      18.679058074951172
    ],
    [
      9.970535278320312,
      52.80719757080078,
      10.347206115722656,
      16.81305694580078,
      28.075666427612305,
      26.562763214111328,
      32.104347229003906,
      33.591617584228516,
      46.140804290771484,
      44.96067428588867,
      42.039764404296875,
      43.76613235473633,
      41.999942779541016,
      47.244178771972656,
      27.74723243713379,
      34.40534591674805,
      20.287776947021484,
      19.902185440063477
    ],
    [
      7.457977771759033,
      25.049373626708984,
      7.033510684967041,
      9.00162124633789,
      16.177846908569336,
      14.645136833190918,
      22.639793395996094,
      20.900169372558594,
      28.17677116394043,
      25.828937530517578,
      27.46200180053711,
      23.778926849365234,
      31.676130294799805,
      27.74723243713379,
      33.44822692871094,
      28.741920471191406,
      27.802656173706055,
      19.73157501220703
    ],
    [
      6.77448034286499,
      42.33381652832031,
      9.442209243774414,
      12.278292655944824,
      19.705196380615234,
      18.791006088256836,
      23.629169464111328,
      23.616634368896484,
      31.327835083007812,
      29.982927322387695,
      28.62177848815918,
      28.42226219177246,
      31.42055320739746,
      34.40534591674805,
      28.741920471191406,
      44.622066497802734,
      25.545291900634766,
      30.934751510620117
    ],
    [
      7.384248733520508,
      20.52180290222168,
      6.70772123336792,
      7.242611408233643,
      12.456117630004883,
      10.63994026184082,
      18.930768966674805,
      15.738748550415039,
      20.75432586669922,
      18.137195587158203,
      18.714685440063477,
      15.2722806930542,
      23.908138275146484,
      20.287776947021484,
      27.802656173706055,
      25.545291900634766,
      41.365177154541016,
      28.266036987304688
    ],
    [
      5.159193515777588,
      23.543746948242188,
      6.960132122039795,
      7.001025199890137,
      10.060882568359375,
      8.934877395629883,
      14.074124336242676,
      12.056897163391113,
      16.727699279785156,
      14.817304611206055,
      14.44215202331543,
      13.512408256530762,
      18.679058074951172,
      19.902185440063477,
      19.73157501220703,
      30.934751510620117,
      28.266036987304688,
      34.678489685058594
    ]
  ],
  "covariance_short": [
    [
      19.113542556762695,
      19.47008514404297,
      5.386760234832764,
      4.599532127380371,
      4.6054887771606445,
      3.3057193756103516,
      6.50316858291626,
      5.907286167144775,
      9.978904724121094,
      8.97235107421875,
      7.172479629516602,
      7.143436908721924,
      9.324845314025879,
      8.875109672546387,
      7.697288990020752,
      6.478111743927002,
      8.4363374710083,
      4.965968132019043
    ],
    [
      19.47008514404297,
      152.33880615234375,
      18.48151206970215,
      33.74911117553711,
      40.003787994384766,
      36.87379837036133,
      44.7812614440918,
      46.71078872680664,
      62.14287185668945,
      58.43130111694336,
      48.872127532958984,
      51.96173095703125,
      47.845672607421875,
      49.74481964111328,
      28.56147003173828,
      40.215850830078125,
      33.46928024291992,
      21.695842742919922
    ],
    [
      5.386760234832764,
      18.48151206970215,
      17.691743850708008,
      13.543333053588867,
      9.817874908447266,
      7.740174293518066,
      9.436164855957031,
      8.764280319213867,
      10.522839546203613,
      9.01198959350586,
      10.140619277954102,
      9.372117042541504,
      11.020133018493652,
      10.3391695022583,
      9.571556091308594,
      9.803180694580078,
      9.621307373046875,
      6.59583854675293
    ],
    [
      4.599532127380371,
      33.74911117553711,
      13.543333053588867,
      31.549047470092773,
      17.67801284790039,
      17.139183044433594,
      16.87244987487793,
      17.69747543334961,
      21.423473358154297,
      20.882179260253906,
      17.208484649658203,
      18.76110076904297,
      17.116193771362305,
      18.598669052124023,
      12.38992977142334,
      14.197482109069824,
      10.899003982543945,
      7.07987117767334
    ],
    [
      4.6054887771606445,
      40.003787994384766,
      9.817874908447266,
      17.67801284790039,
      44.15311050415039,
      33.534141540527344,
      35.01419448852539,
      31.431806564331055,
      38.745357513427734,
      35.35482406616211,
      34.047813415527344,
      32.242149353027344,
      30.498437881469727,
      30.48145866394043,
      22.010826110839844,
      23.50567626953125,
      19.695247650146484,
      12.457687377929688
    ],
    [
      3.3057193756103516,
      36.87379837036133,
      7.740174293518066,
      17.139183044433594,
      33.534141540527344,
      42.58892059326172,
      29.720455169677734,
      30.55531883239746,
      33.77573776245117,
      34.1146240234375,
      29.128021240234375,
      31.072465896606445,
      25.729942321777344,
      28.641191482543945,
      18.303016662597656,
      22.003297805786133,
      15.525984764099121,
      11.02615737915039
    ],
    [
      6.50316858291626,
      44.7812614440918,
      9.436164855957031,
      16.87244987487793,
      35.01419448852539,
      29.720455169677734,
      59.9246711730957,
      48.03742599487305,
      49.318851470947266,
      43.954551696777344,
      43.59748458862305,
      39.18623733520508,
      38.39540481567383,
      34.49605178833008,
      28.543615341186523,
      25.840543746948242,
      26.1201114654541,
      14.588706970214844
    ],
    [
      5.907286167144775,
      46.71078872680664,
      8.764280319213867,
      17.69747543334961,
      31.431806564331055,
      30.55531883239746,
      48.03742599487305,
      56.01669692993164,
      45.12520217895508,
      45.59104537963867,
      39.45211410522461,
      40.99270248413086,
      34.718963623046875,
      35.18818664550781,
      24.025453567504883,
      25.421234130859375,
      20.824705123901367,
      13.095415115356445
    ],
    [
      9.978904724121094,
      62.14287185668945,
      10.522839546203613,
      21.423473358154297,
      38.745357513427734,
      33.77573776245117,
      49.318851470947266,
      45.12520217895508,
      81.58499908447266,
      65.08321380615234,
      60.195865631103516,
      53.463592529296875,
      54.84735870361328,
      48.2218017578125,
      36.32467269897461,
      34.653072357177734,
      30.907197952270508,
      18.707042694091797
    ],
    [
      8.97235107421875,
      58.43130111694336,
      9.01198959350586,
      20.882179260253906,
      35.35482406616211,
      34.1146240234375,
      43.954551696777344,
      45.59104537963867,
      65.08321380615234,
      69.7447738647461,
      51.487300872802734,
      53.54518127441406,
      46.951419830322266,
      46.68313217163086,
      30.53697967529297,
      32.720149993896484,
      25.242494583129883,
      16.534225463867188
    ],
    [
      7.172479629516602,
      48.872127532958984,
      10.140619277954102,
      17.208484649658203,
      34.047813415527344,
      29.128021240234375,
      43.59748458862305,
      39.45211410522461,
      60.195865631103516,
      51.487300872802734,
      68.24756622314453,
      53.936649322509766,
      54.81728744506836,
      45.932857513427734,
      37.04022979736328,
      32.23320388793945,
      30.141761779785156,
      16.859302520751953
    ],
    [
      7.143436908721924,
      51.96173095703125,
      9.372117042541504,
      18.76110076904297,
      32.242149353027344,
      31.072465896606445,
      39.18623733520508,
      40.99270248413086,
      53.463592529296875,
      53.54518127441406,
      53.936649322509766,
      60.37107467651367,
      45.43427658081055,
      48.087554931640625,
      28.908782958984375,
      32.56816101074219,
      22.989389419555664,
      16.0554256439209
    ],
    [
      9.324845314025879,
      47.845672607421875,
      11.020133018493652,
      17.116193771362305,
      30.498437881469727,
      25.729942321777344,
      38.39540481567383,
      34.718963623046875,
      54.84735870361328,
      46.951419830322266,
      54.81728744506836,
      45.43427658081055,
      62.13765335083008,
      46.04341125488281,
      43.35438537597656,
      35.68294906616211,
      37.94660568237305,
      21.991342544555664
    ],
    [
      8.875109672546387,
      49.74481964111328,
      10.3391695022583,
      18.598669052124023,
      30.48145866394043,
      28.641191482543945,
      34.49605178833008,
      35.18818664550781,
      48.2218017578125,
      46.68313217163086,
      45.932857513427734,
      48.087554931640625,
      46.04341125488281,
      52.92753219604492,
      33.23883819580078,
      38.5049934387207,
      28.707881927490234,
      22.296316146850586
    ],
    [
      7.697288990020752,
      28.56147003173828,
      9.571556091308594,
      12.38992977142334,
      22.010826110839844,
      18.303016662597656,
      28.543615341186523,
      24.025453567504883,
      36.32467269897461,
      30.53697967529297,
      37.04022979736328,
      28.908782958984375,
      43.35438537597656,
      33.23883819580078,
      49.71017837524414,
      34.55095672607422,
      44.324684143066406,
      24.500259399414062
    ],
    [
      6.478111743927002,
      40.215850830078125,
      9.803180694580078,
      14.197482109069824,
      23.50567626953125,
      22.003297805786133,
      25.840543746948242,
      25.421234130859375,
      34.653072357177734,
      32.720149993896484,
      32.23320388793945,
      32.56816101074219,
      35.68294906616211,
      38.5049934387207,
      34.55095672607422,
      49.39693069458008,
      39.4355583190918,
      32.31868362426758
    ],
    [
      8.4363374710083,
      33.46928024291992,
      9.621307373046875,
      10.899003982543945,
      19.695247650146484,
      15.525984764099121,
      26.1201114654541,
      20.824705123901367,
      30.907197952270508,
      25.242494583129883,
      30.141761779785156,
      22.989389419555664,
      37.94660568237305,
      28.707881927490234,
      44.324684143066406,
      39.4355583190918,
      65.49798583984375,
      35.8711051940918
    ],
    [
      4.965968132019043,
      21.695842742919922,
      6.59583854675293,
      7.07987117767334,
      12.457687377929688,
      11.02615737915039,
      14.588706970214844,
      13.095415115356445,
      18.707042694091797,
      16.534225463867188,
      16.859302520751953,
      16.0554256439209,
      21.991342544555664,
      22.296316146850586,
      24.500259399414062,
      32.31868362426758,
      35.8711051940918,
      34.96748352050781
    ]
  ],
  "damage": -11.4574613571167,
  "diff_bandwidth": 551.0551147460938,
  "dissonance": 6.985530608760219,
  "drr": 14.6359281539917,
  "dynamics": 3.3313653469085693,
  "format": 1245190,
  "frames": 12463040,
  "loudness": -17.28781509399414,
  "loudness_range": 8.77922534942627,
  "loudness_range_short": 10.197212219238281,
  "lowpass_true_peak_15khz": -1.7930635213851929,
  "mastering3_acoustic_entropies": [
    {
      "acoustic_entropy": 7.172332286834717,
      "acoustic_entropy_mono": 7.234369277954102,
      "band_eliminated_acoustic_entropies": [
        {
          "acoustic_entropy": 7.130253314971924,
          "acoustic_entropy_side": 7.172848701477051,
          "hz": 129.47220167065723
        },
        {
          "acoustic_entropy": 7.200511455535889,
          "acoustic_entropy_side": 7.12453031539917,
          "hz": 202.92927478742237
        },
        {
          "acoustic_entropy": 7.038728713989258,
          "acoustic_entropy_side": 7.065634250640869,
          "hz": 282.89161906338205
        },
        {
          "acoustic_entropy": 6.512627124786377,
          "acoustic_entropy_side": 7.217339992523193,
          "hz": 369.9353335868758
        },
        {
          "acoustic_entropy": 7.14750862121582,
          "acoustic_entropy_side": 7.410928726196289,
          "hz": 464.6875360973435
        },
        {
          "acoustic_entropy": 6.597991466522217,
          "acoustic_entropy_side": 6.92733907699585,
          "hz": 567.8308811364784
        },
        {
          "acoustic_entropy": 6.861930847167969,
          "acoustic_entropy_side": 7.211040496826172,
          "hz": 680.1084783214808
        },
        {
          "acoustic_entropy": 7.093477725982666,
          "acoustic_entropy_side": 7.268668174743652,
          "hz": 802.3292461747484
        },
        {
          "acoustic_entropy": 6.719674110412598,
          "acoustic_entropy_side": 6.981147766113281,
          "hz": 935.3737400823702
        },
        {
          "acoustic_entropy": 7.008152008056641,
          "acoustic_entropy_side": 7.104677677154541,
          "hz": 1080.2004963696966
        },
        {
          "acoustic_entropy": 7.207732200622559,
          "acoustic_entropy_side": 7.157540321350098,
          "hz": 1237.8529382007157
        },
        {
          "acoustic_entropy": 6.966467380523682,
          "acoustic_entropy_side": 7.232361793518066,
          "hz": 1409.4668930556702
        },
        {
          "acoustic_entropy": 7.2438554763793945,
          "acoustic_entropy_side": 7.181478500366211,
          "hz": 1596.2787759475705
        },
        {
          "acoustic_entropy": 6.943607330322266,
          "acoustic_entropy_side": 7.221907615661621,
          "hz": 1799.6344973346393
        },
        {
          "acoustic_entropy": 6.6820502281188965,
          "acoustic_entropy_side": 7.349972724914551,
          "hz": 2020.9991599069049
        },
        {
          "acoustic_entropy": 7.381525039672852,
          "acoustic_entropy_side": 7.143016338348389,
          "hz": 2261.9676141086993
        },
        {
          "acoustic_entropy": 7.157598495483398,
          "acoustic_entropy_side": 7.211998462677002,
          "hz": 2524.2759484456974
        },
        {
          "acoustic_entropy": 7.084832668304443,
          "acoustic_entropy_side": 7.179632663726807,
          "hz": 2809.813997359896
        },
        {
          "acoustic_entropy": 6.906277656555176,
          "acoustic_entropy_side": 7.14554500579834,
          "hz": 3120.6389567871424
        },
        {
          "acoustic_entropy": 7.09833288192749,
          "acoustic_entropy_side": 7.13367223739624,
          "hz": 3458.990205492291
        },
        {
          "acoustic_entropy": 7.155121803283691,
          "acoustic_entropy_side": 7.08292818069458,
          "hz": 3827.305438964164
        },
        {
          "acoustic_entropy": 7.2418036460876465,
          "acoustic_entropy_side": 7.181385517120361,
          "hz": 4228.238232109126
        },
        {
          "acoustic_entropy": 7.228600978851318,
          "acoustic_entropy_side": 7.191074848175049,
          "hz": 4664.6771572759235
        },
        {
          "acoustic_entropy": 7.0177693367004395,
          "acoustic_entropy_side": 7.168581962585449,
          "hz": 5139.766595350093
        },
        {
          "acoustic_entropy": 7.2327446937561035,
          "acoustic_entropy_side": 7.1732497215271,
          "hz": 5656.929389854203
        },
        {
          "acoustic_entropy": 7.238324165344238,
          "acoustic_entropy_side": 7.18052864074707,
          "hz": 6219.891507268283
        },
        {
          "acoustic_entropy": 7.086592674255371,
          "acoustic_entropy_side": 7.184410572052002,
          "hz": 6832.70888123896
        },
        {
          "acoustic_entropy": 7.077708721160889,
          "acoustic_entropy_side": 7.189109802246094,
          "hz": 7499.796634079867
        },
        {
          "acoustic_entropy": 7.135164260864258,
          "acoustic_entropy_side": 7.199573516845703,
          "hz": 8225.96088609342
        },
        {
          "acoustic_entropy": 7.15639591217041,
          "acoustic_entropy_side": 7.190765380859375,
          "hz": 9016.43338188839
        },
        {
          "acoustic_entropy": 7.148633003234863,
          "acoustic_entropy_side": 7.191732883453369,
          "hz": 9876.909183162974
        },
        {
          "acoustic_entropy": 7.170403003692627,
          "acoustic_entropy_side": 7.188620567321777,
          "hz": 10813.587699516042
        },
        {
          "acoustic_entropy": 7.20562744140625,
          "acoustic_entropy_side": 7.184870719909668,
          "hz": 11833.21735289826
        },
        {
          "acoustic_entropy": 7.219695568084717,
          "acoustic_entropy_side": 7.191177845001221,
          "hz": 12943.144197493959
        },
        {
          "acoustic_entropy": 7.2245378494262695,
          "acoustic_entropy_side": 7.176170349121094,
          "hz": 14151.364845322005
        },
        {
          "acoustic_entropy": 7.212713718414307,
          "acoustic_entropy_side": 7.173419952392578,
          "hz": 15466.58407886509
        },
        {
          "acoustic_entropy": 7.196257591247559,
          "acoustic_entropy_side": 7.172693252563477,
          "hz": 16898.27756580493
        },
        {
          "acoustic_entropy": 7.181817054748535,
          "acoustic_entropy_side": 7.172472953796387,
          "hz": 18456.760127700032
        },
        {
          "acoustic_entropy": 7.177982330322266,
          "acoustic_entropy_side": 7.172489643096924,
          "hz": 20153.260054456492
        },
        {
          "acoustic_entropy": 7.175165176391602,
          "acoustic_entropy_side": 7.172484397888184,
          "hz": 22000.00000000001
        }
      ],
      "diff_acoustic_entropy": 2.5966567993164062,
      "sn": 6
    },
    {
      "acoustic_entropy": 12.16189193725586,
      "acoustic_entropy_mono": 11.6856689453125,
      "band_eliminated_acoustic_entropies": [
        {
          "acoustic_entropy": 12.20252513885498,
          "acoustic_entropy_side": 12.1605806350708,
          "hz": 129.47220167065723
        },
        {
          "acoustic_entropy": 12.246508598327637,
          "acoustic_entropy_side": 12.067667007446289,
          "hz": 202.92927478742237
        },
        {
          "acoustic_entropy": 12.263395309448242,
          "acoustic_entropy_side": 12.062702178955078,
          "hz": 282.89161906338205
        },
        {
          "acoustic_entropy": 11.528111457824707,
          "acoustic_entropy_side": 12.397733688354492,
          "hz": 369.9353335868758
        },
        {
          "acoustic_entropy": 12.509771347045898,
          "acoustic_entropy_side": 12.149689674377441,
          "hz": 464.6875360973435
        },
        {
          "acoustic_entropy": 13.027193069458008,
          "acoustic_entropy_side": 12.723882675170898,
          "hz": 567.8308811364784
        },
        {
          "acoustic_entropy": 12.398801803588867,
          "acoustic_entropy_side": 11.889920234680176,
          "hz": 680.1084783214808
        },
        {
          "acoustic_entropy": 11.640442848205566,
          "acoustic_entropy_side": 11.869671821594238,
          "hz": 802.3292461747484
        },
        {
          "acoustic_entropy": 11.766688346862793,
          "acoustic_entropy_side": 12.035789489746094,
          "hz": 935.3737400823702
        },
        {
          "acoustic_entropy": 11.427234649658203,
          "acoustic_entropy_side": 12.127558708190918,
          "hz": 1080.2004963696966
        },
        {
          "acoustic_entropy": 12.310218811035156,
          "acoustic_entropy_side": 12.23801326751709,
          "hz": 1237.8529382007157
        },
        {
          "acoustic_entropy": 12.061796188354492,
          "acoustic_entropy_side": 12.162732124328613,
          "hz": 1409.4668930556702
        },
        {
          "acoustic_entropy": 12.280034065246582,
          "acoustic_entropy_side": 12.068694114685059,
          "hz": 1596.2787759475705
        },
        {
          "acoustic_entropy": 11.298590660095215,
          "acoustic_entropy_side": 12.118578910827637,
          "hz": 1799.6344973346393
        },
        {
          "acoustic_entropy": 11.451311111450195,
          "acoustic_entropy_side": 12.147990226745605,
          "hz": 2020.9991599069049
        },
        {
          "acoustic_entropy": 12.56978702545166,
          "acoustic_entropy_side": 12.112812995910645,
          "hz": 2261.9676141086993
        },
        {
          "acoustic_entropy": 11.920951843261719,
          "acoustic_entropy_side": 12.157379150390625,
          "hz": 2524.2759484456974
        },
        {
          "acoustic_entropy": 11.57821273803711,
          "acoustic_entropy_side": 11.890140533447266,
          "hz": 2809.813997359896
        },
        {
          "acoustic_entropy": 12.399202346801758,
          "acoustic_entropy_side": 12.108345985412598,
          "hz": 3120.6389567871424
        },
        {
          "acoustic_entropy": 12.185354232788086,
          "acoustic_entropy_side": 12.23979377746582,
          "hz": 3458.990205492291
        },
        {
          "acoustic_entropy": 12.4779052734375,
          "acoustic_entropy_side": 12.242677688598633,
          "hz": 3827.305438964164
        },
        {
          "acoustic_entropy": 11.812267303466797,
          "acoustic_entropy_side": 11.893173217773438,
          "hz": 4228.238232109126
        },
        {
          "acoustic_entropy": 11.977714538574219,
          "acoustic_entropy_side": 12.267341613769531,
          "hz": 4664.6771572759235
        },
        {
          "acoustic_entropy": 12.2622709274292,
          "acoustic_entropy_side": 12.11536693572998,
          "hz": 5139.766595350093
        },
        {
          "acoustic_entropy": 12.026673316955566,
          "acoustic_entropy_side": 12.047527313232422,
          "hz": 5656.929389854203
        },
        {
          "acoustic_entropy": 11.932132720947266,
          "acoustic_entropy_side": 12.074389457702637,
          "hz": 6219.891507268283
        },
        {
          "acoustic_entropy": 11.967216491699219,
          "acoustic_entropy_side": 12.0779390335083,
          "hz": 6832.70888123896
        },
        {
          "acoustic_entropy": 12.041535377502441,
          "acoustic_entropy_side": 12.10960865020752,
          "hz": 7499.796634079867
        },
        {
          "acoustic_entropy": 12.076078414916992,
          "acoustic_entropy_side": 12.152251243591309,
          "hz": 8225.96088609342
        },
        {
          "acoustic_entropy": 12.020892143249512,
          "acoustic_entropy_side": 12.138484954833984,
          "hz": 9016.43338188839
        },
        {
          "acoustic_entropy": 11.977882385253906,
          "acoustic_entropy_side": 12.147568702697754,
          "hz": 9876.909183162974
        },
        {
          "acoustic_entropy": 12.13481330871582,
          "acoustic_entropy_side": 12.158842086791992,
          "hz": 10813.587699516042
        },
        {
          "acoustic_entropy": 12.20292854309082,
          "acoustic_entropy_side": 12.179296493530273,
          "hz": 11833.21735289826
        },
        {
          "acoustic_entropy": 12.090012550354004,
          "acoustic_entropy_side": 12.207117080688477,
          "hz": 12943.144197493959
        },
        {
          "acoustic_entropy": 12.070744514465332,
          "acoustic_entropy_side": 12.185338020324707,
          "hz": 14151.364845322005
        },
        {
          "acoustic_entropy": 12.067014694213867,
          "acoustic_entropy_side": 12.172952651977539,
          "hz": 15466.58407886509
        },
        {
          "acoustic_entropy": 12.052472114562988,
          "acoustic_entropy_side": 12.166634559631348,
          "hz": 16898.27756580493
        },
        {
          "acoustic_entropy": 12.247036933898926,
          "acoustic_entropy_side": 12.163826942443848,
          "hz": 18456.760127700032
        },
        {
          "acoustic_entropy": 12.160733222961426,
          "acoustic_entropy_side": 12.163531303405762,
          "hz": 20153.260054456492
        },
        {
          "acoustic_entropy": 12.1636381149292,
          "acoustic_entropy_side": 12.163321495056152,
          "hz": 22000.00000000001
        }
      ],
      "diff_acoustic_entropy": 5.018145561218262,
      "sn": 12
    },
    {
      "acoustic_entropy": 18.733871459960938,
      "acoustic_entropy_mono": 17.440284729003906,
      "band_eliminated_acoustic_entropies": [
        {
          "acoustic_entropy": 19.1918888092041,
          "acoustic_entropy_side": 18.724828720092773,
          "hz": 129.47220167065723
        },
        {
          "acoustic_entropy": 19.36362648010254,
          "acoustic_entropy_side": 18.24352264404297,
          "hz": 202.92927478742237
        },
        {
          "acoustic_entropy": 18.466678619384766,
          "acoustic_entropy_side": 19.12944984436035,
          "hz": 282.89161906338205
        },
        {
          "acoustic_entropy": 18.806304931640625,
          "acoustic_entropy_side": 18.63968276977539,
          "hz": 369.9353335868758
        },
        {
          "acoustic_entropy": 19.56839942932129,
          "acoustic_entropy_side": 19.765735626220703,
          "hz": 464.6875360973435
        },
        {
          "acoustic_entropy": 18.45671844482422,
          "acoustic_entropy_side": 18.871309280395508,
          "hz": 567.8308811364784
        },
        {
          "acoustic_entropy": 18.979026794433594,
          "acoustic_entropy_side": 19.34196662902832,
          "hz": 680.1084783214808
        },
        {
          "acoustic_entropy": 19.46709442138672,
          "acoustic_entropy_side": 19.299821853637695,
          "hz": 802.3292461747484
        },
        {
          "acoustic_entropy": 19.631851196289062,
          "acoustic_entropy_side": 19.793371200561523,
          "hz": 935.3737400823702
        },
        {
          "acoustic_entropy": 19.13934326171875,
          "acoustic_entropy_side": 18.991952896118164,
          "hz": 1080.2004963696966
        },
        {
          "acoustic_entropy": 20.06707763671875,
          "acoustic_entropy_side": 19.421058654785156,
          "hz": 1237.8529382007157
        },
        {
          "acoustic_entropy": 19.03786277770996,
          "acoustic_entropy_side": 18.593219757080078,
          "hz": 1409.4668930556702
        },
        {
          "acoustic_entropy": 18.898344039916992,
          "acoustic_entropy_side": 18.668075561523438,
          "hz": 1596.2787759475705
        },
        {
          "acoustic_entropy": 19.763708114624023,
          "acoustic_entropy_side": 18.869203567504883,
          "hz": 1799.6344973346393
        },
        {
          "acoustic_entropy": 18.983318328857422,
          "acoustic_entropy_side": 18.448162078857422,
          "hz": 2020.9991599069049
        },
        {
          "acoustic_entropy": 19.18294334411621,
          "acoustic_entropy_side": 18.778287887573242,
          "hz": 2261.9676141086993
        },
        {
          "acoustic_entropy": 19.015216827392578,
          "acoustic_entropy_side": 19.230749130249023,
          "hz": 2524.2759484456974
        },
        {
          "acoustic_entropy": 19.073863983154297,
          "acoustic_entropy_side": 18.841630935668945,
          "hz": 2809.813997359896
        },
        {
          "acoustic_entropy": 19.55429458618164,
          "acoustic_entropy_side": 19.00240135192871,
          "hz": 3120.6389567871424
        },
        {
