{
  "acoustic_entropy": 188.00274658203125,
  "bands": [
    {
      "high_freq": 148.1999969482422,
      "loudness": -30.625093460083008,
      "loudness_range": 13.205575942993164,
      "mid_mean": -27.744478225708008,
      "mid_to_side_loudness": -8.188834190368652,
      "mid_to_side_loudness_range": 11.087752342224121,
      "side_mean": -35.72023391723633
    },
    {
      "high_freq": 392.3793640136719,
      "loudness": -24.31882095336914,
      "loudness_range": 9.837982177734375,
      "low_freq": 148.1999969482422,
      "mid_mean": -22.297073364257812,
      "mid_to_side_loudness": -4.2026848793029785,
      "mid_to_side_loudness_range": 8.23565673828125,
      "side_mean": -26.19086265563965
    },
    {
      "high_freq": 794.6976318359375,
      "loudness": -26.53233528137207,
      "loudness_range": 15.831134796142578,
      "low_freq": 392.3793640136719,
      "mid_mean": -24.952028274536133,
      "mid_to_side_loudness": -2.8213868141174316,
      "mid_to_side_loudness_range": 9.263731002807617,
      "side_mean": -27.71697425842285
    },
    {
      "high_freq": 1457.5709228515625,
      "loudness": -31.781047821044922,
      "loudness_range": 23.403873443603516,
      "low_freq": 794.6976318359375,
      "mid_mean": -30.382020950317383,
      "mid_to_side_loudness": -2.536963701248169,
      "mid_to_side_loudness_range": 7.649456024169922,
      "side_mean": -32.74266815185547
    },
    {
      "high_freq": 2549.74365234375,
      "loudness": -33.48689270019531,
      "loudness_range": 19.38852310180664,
      "low_freq": 1457.5709228515625,
      "mid_mean": -32.392704010009766,
      "mid_to_side_loudness": -1.694632649421692,
      "mid_to_side_loudness_range": 5.133804798126221,
      "side_mean": -33.660118103027344
    },
    {
      "high_freq": 4349.24462890625,
      "loudness": -37.50056076049805,
      "loudness_range": 20.358840942382812,
      "low_freq": 2549.74365234375,
      "mid_mean": -36.442840576171875,
      "mid_to_side_loudness": -1.7430298328399658,
      "mid_to_side_loudness_range": 5.416322708129883,
      "side_mean": -37.383827209472656
    },
    {
      "high_freq": 7314.1640625,
      "loudness": -47.37281799316406,
      "loudness_range": 22.809024810791016,
      "low_freq": 4349.24462890625,
      "mid_mean": -46.19438934326172,
      "mid_to_side_loudness": -2.844930410385132,
      "mid_to_side_loudness_range": 7.963434219360352,
      "side_mean": -50.20690155029297
    },
    {
      "high_freq": 12199.2666015625,
      "loudness": -54.65162658691406,
      "loudness_range": 27.30154800415039,
      "low_freq": 7314.1640625,
      "mid_mean": -53.80976486206055,
      "mid_to_side_loudness": -4.462322235107422,
      "mid_to_side_loudness_range": 10.760284423828125,
      "side_mean": -57.653724670410156
    },
    {
      "loudness": -60.654232025146484,
      "loudness_range": 27.180709838867188,
      "low_freq": 12199.2666015625,
      "mid_mean": -58.92177200317383,
      "mid_to_side_loudness": -6.217304706573486,
      "mid_to_side_loudness_range": 12.271794319152832,
      "side_mean": -63.010135650634766
    }
  ],
  "bands_short": [
    {
      "high_freq": 148.1999969482422,
      "loudness": -38.685787200927734,
      "loudness_range": 20.944332122802734,
      "mid_mean": -36.187171936035156,
      "mid_to_side_loudness": -8.008172035217285,
      "mid_to_side_loudness_range": 18.345069885253906,
      "side_mean": -44.02350616455078
    },
    {
      "high_freq": 392.3793640136719,
      "loudness": -23.833696365356445,
      "loudness_range": 10.248678207397461,
      "low_freq": 148.1999969482422,
      "mid_mean": -21.699813842773438,
      "mid_to_side_loudness": -4.815454959869385,
      "mid_to_side_loudness_range": 10.488653182983398,
      "side_mean": -26.430212020874023
    },
    {
      "high_freq": 794.6976318359375,
      "loudness": -26.851581573486328,
      "loudness_range": 16.518232345581055,
      "low_freq": 392.3793640136719,
      "mid_mean": -25.42642593383789,
      "mid_to_side_loudness": -2.966944694519043,
      "mid_to_side_loudness_range": 13.120970726013184,
      "side_mean": -28.3406982421875
    },
    {
      "high_freq": 1457.5709228515625,
      "loudness": -30.8597412109375,
      "loudness_range": 21.222166061401367,
      "low_freq": 794.6976318359375,
      "mid_mean": -29.74992561340332,
      "mid_to_side_loudness": -2.134620428085327,
      "mid_to_side_loudness_range": 11.608010292053223,
      "side_mean": -31.651996612548828
    },
    {
      "high_freq": 2549.74365234375,
      "loudness": -33.62190628051758,
      "loudness_range": 19.637907028198242,
      "low_freq": 1457.5709228515625,
      "mid_mean": -32.656822204589844,
      "mid_to_side_loudness": -1.5198848247528076,
      "mid_to_side_loudness_range": 7.4261393547058105,
      "side_mean": -33.96482467651367
    },
    {
      "high_freq": 4349.24462890625,
      "loudness": -37.414554595947266,
      "loudness_range": 19.56648826599121,
      "low_freq": 2549.74365234375,
      "mid_mean": -36.4703254699707,
      "mid_to_side_loudness": -1.441203236579895,
      "mid_to_side_loudness_range": 6.699386119842529,
      "side_mean": -37.515079498291016
    },
    {
      "high_freq": 7314.1640625,
      "loudness": -47.33344268798828,
      "loudness_range": 22.44110870361328,
      "low_freq": 4349.24462890625,
      "mid_mean": -46.591896057128906,
      "mid_to_side_loudness": -2.0799825191497803,
      "mid_to_side_loudness_range": 7.576251029968262,
      "side_mean": -50.23072052001953
    },
    {
      "high_freq": 12199.2666015625,
      "loudness": -55.87746810913086,
      "loudness_range": 28.221519470214844,
      "low_freq": 7314.1640625,
      "mid_mean": -55.54575729370117,
      "mid_to_side_loudness": -2.6914305686950684,
      "mid_to_side_loudness_range": 8.797183990478516,
      "side_mean": -57.87312698364258
    },
    {
      "loudness": -62.23674774169922,
      "loudness_range": 27.90850067138672,
      "low_freq": 12199.2666015625,
      "mid_mean": -60.408329010009766,
      "mid_to_side_loudness": -4.607143878936768,
      "mid_to_side_loudness_range": 11.52021312713623,
      "side_mean": -63.18291473388672
    }
  ],
  "bandwidth": 584.4373779296875,
  "channels": 2,
  "covariance": [
    [
      26.666839599609375,
      20.182031631469727,
      10.787269592285156,
      7.264137268066406,
      11.750143051147461,
      9.03308391571045,
      14.233793258666992,
      13.788318634033203,
      11.67765998840332,
      11.407313346862793,
      11.359712600708008,
      11.84357738494873,
      12.407600402832031,
      13.941317558288574,
      14.065619468688965,
      11.62329387664795,
      10.121138572692871,
      7.90350341796875
    ],
    [
      20.182031631469727,
      27.746883392333984,
      12.571009635925293,
      10.748841285705566,
      14.997822761535645,
      11.557527542114258,
      17.05583953857422,
      16.088342666625977,
      14.65075969696045,
      14.37277603149414,
      13.978265762329102,
      13.85637092590332,
      16.90253448486328,
      19.7126522064209,
      18.292346954345703,
      16.206390380859375,
      14.147335052490234,
      11.382822036743164
    ],
    [
      10.787269592285156,
      12.571009635925293,
      25.127222061157227,
      19.08453369140625,
      20.139667510986328,
      16.978490829467773,
      20.61363410949707,
      18.663101196289062,
      18.83261489868164,
      17.016613006591797,
      18.746871948242188,
      15.949993133544922,
      23.04320526123047,
      25.98046112060547,
      26.53229522705078,
      20.552167892456055,
      20.51604652404785,
      13.671850204467773
    ],
    [
      7.264137268066406,
      10.748841285705566,
      19.08453369140625,
      25.003816604614258,
      20.647808074951172,
      22.995546340942383,
      23.9359188079834,
      21.352203369140625,
      21.42940330505371,
      20.454185485839844,
      22.538480758666992,
      18.514081954956055,
      25.76241683959961,
      30.765287399291992,
      26.19377899169922,
      23.243366241455078,
      21.125701904296875,
      15.852654457092285
    ],
    [
      11.750143051147461,
      14.997822761535645,
      20.139667510986328,
      20.647808074951172,
      36.08721160888672,
      30.30628776550293,
      28.454776763916016,
      26.745695114135742,
      29.64485740661621,
      28.807859420776367,
      28.999998092651367,
      24.986907958984375,
      32.390380859375,
      39.66874694824219,
      33.88789749145508,
      29.191396713256836,
      28.117496490478516,
      20.170026779174805
    ],
    [
      9.03308391571045,
      11.557527542114258,
      16.978490829467773,
      22.995546340942383,
      30.30628776550293,
      42.10178756713867,
      34.11933517456055,
      33.22496032714844,
      34.4562873840332,
      34.183998107910156,
      35.96554183959961,
      29.34295654296875,
      37.363670349121094,
      47.33100891113281,
      37.38187789916992,
      34.81278610229492,
      32.00163269042969,
      24.419517517089844
    ],
    [
      14.233793258666992,
      17.05583953857422,
      20.61363410949707,
      23.9359188079834,
      28.454776763916016,
      34.11933517456055,
      73.5993881225586,
      59.43115997314453,
      42.16498565673828,
      39.45805358886719,
      51.338134765625,
      41.045719146728516,
      54.13058853149414,
      56.52192687988281,
      60.67302703857422,
      53.8618049621582,
      51.49525451660156,
      37.7997932434082
    ],
    [
      13.788318634033203,
      16.088342666625977,
      18.663101196289062,
      21.352203369140625,
      26.745695114135742,
      33.22496032714844,
      59.43115997314453,
      59.894893646240234,
      40.03742218017578,
      39.52458953857422,
      46.13438415527344,
      38.62977600097656,
      46.400482177734375,
      52.590030670166016,
      51.37362289428711,
      47.13567352294922,
      43.972660064697266,
      33.43806076049805
    ],
    [
      11.67765998840332,
      14.65075969696045,
      18.83261489868164,
      21.42940330505371,
      29.64485740661621,
      34.4562873840332,
      42.16498565673828,
      40.03742218017578,
      52.63310623168945,
      46.63443374633789,
      45.19929122924805,
      39.25336456298828,
      50.72471237182617,
      53.02814483642578,
      49.51768112182617,
      44.837974548339844,
      43.18617630004883,
      33.01673126220703
    ],
    [
      11.407313346862793,
      14.37277603149414,
      17.016613006591797,
      20.454185485839844,
      28.807859420776367,
      34.183998107910156,
      39.45805358886719,
      39.52458953857422,
      46.63443374633789,
      49.67081069946289,
      43.769622802734375,
      40.61764907836914,
      46.70363998413086,
      50.73874282836914,
      44.107479095458984,
      41.78035354614258,
      39.29261016845703,
      31.229602813720703
    ],
    [
      11.359712600708008,
      13.978265762329102,
      18.746871948242188,
      22.538480758666992,
      28.999998092651367,
      35.96554183959961,
      51.338134765625,
      46.13438415527344,
      45.19929122924805,
      43.769622802734375,
      57.35231018066406,
      45.20284652709961,
      56.804595947265625,
      56.715232849121094,
      57.428401947021484,
      51.60335159301758,
      50.53755187988281,
      38.0349006652832
    ],
    [
      11.84357738494873,
      13.85637092590332,
      15.949993133544922,
      18.514081954956055,
      24.986907958984375,
      29.34295654296875,
      41.045719146728516,
      38.62977600097656,
      39.25336456298828,
      40.61764907836914,
      45.20284652709961,
      46.417083740234375,
      45.62395095825195,
      47.23106002807617,
      45.6311149597168,
      42.96794509887695,
      39.86813735961914,
      32.354469299316406
    ],
    [
      12.407600402832031,
      16.90253448486328,
      23.04320526123047,
      25.76241683959961,
      32.390380859375,
      37.363670349121094,
      54.13058853149414,
      46.400482177734375,
      50.72471237182617,
      46.70363998413086,
      56.804595947265625,
      45.62395095825195,
      70.99413299560547,
      64.0351333618164,
      73.18151092529297,
      60.14409637451172,
      63.458187103271484,
      44.32915496826172
    ],
    [
      13.941317558288574,
      19.7126522064209,
      25.98046112060547,
      30.765287399291992,
      39.66874694824219,
      47.33100891113281,
      56.52192687988281,
      52.590030670166016,
      53.02814483642578,
      50.73874282836914,
      56.715232849121094,
      47.23106002807617,
      64.0351333618164,
      89.0162353515625,
      77.93563842773438,
      69.60057067871094,
      64.19729614257812,
      48.64645004272461
    ],
    [
      14.065619468688965,
      18.292346954345703,
      26.53229522705078,
      26.19377899169922,
      33.88789749145508,
      37.38187789916992,
      60.67302703857422,
      51.37362289428711,
      49.51768112182617,
      44.107479095458984,
      57.428401947021484,
      45.6311149597168,
      73.18151092529297,
      77.93563842773438,
      103.38229370117188,
      76.85106658935547,
      85.59459686279297,
      54.79909896850586
    ],
    [
      11.62329387664795,
      16.206390380859375,
      20.552167892456055,
      23.243366241455078,
      29.191396713256836,
      34.81278610229492,
      53.8618049621582,
      47.13567352294922,
      44.837974548339844,
      41.78035354614258,
      51.60335159301758,
      42.96794509887695,
      60.14409637451172,
      69.60057067871094,
      76.85106658935547,
      65.914306640625,
      64.69802856445312,
      47.54705810546875
    ],
    [
      10.121138572692871,
      14.147335052490234,
      20.51604652404785,
      21.125701904296875,
      28.117496490478516,
      32.00163269042969,
      51.49525451660156,
      43.972660064697266,
      43.18617630004883,
      39.29261016845703,
      50.53755187988281,
      39.86813735961914,
      63.458187103271484,
      64.19729614257812,
      85.59459686279297,
      64.69802856445312,
      76.85147857666016,
      49.37080764770508
    ],
    [
      7.90350341796875,
      11.382822036743164,
      13.671850204467773,
      15.852654457092285,
      20.170026779174805,
      24.419517517089844,
      37.7997932434082,
      33.43806076049805,
      33.01673126220703,
      31.229602813720703,
      38.0349006652832,
      32.354469299316406,
      44.32915496826172,
      48.64645004272461,
      54.79909896850586,
      47.54705810546875,
      49.37080764770508,
      37.05667495727539
    ]
  ],
  "covariance_short": [
    [
      59.26969528198242,
      42.93767166137695,
      18.26618766784668,
      18.873159408569336,
      22.420616149902344,
      22.932302474975586,
      34.86515426635742,
      28.243959426879883,
      29.36433219909668,
      28.625255584716797,
      30.911479949951172,
      27.640384674072266,
      34.96929168701172,
      40.3690185546875,
      42.560855865478516,
      36.45526885986328,
      33.87151336669922,
      25.698150634765625
    ],
    [
      42.93767166137695,
      65.50814819335938,
      20.130882263183594,
      25.130611419677734,
      29.64812469482422,
      29.228837966918945,
      33.64891052246094,
      29.00739860534668,
      37.540775299072266,
      37.383399963378906,
      35.47417449951172,
      32.91804122924805,
      41.42826843261719,
      48.49296569824219,
      42.82682418823242,
      39.83534622192383,
      34.3311882019043,
      28.341354370117188
    ],
    [
      18.26618766784668,
      20.130882263183594,
      24.86774253845215,
      19.41750144958496,
      17.687376022338867,
      13.77711296081543,
      16.628864288330078,
      13.218008041381836,
      15.877962112426758,
      14.456883430480957,
      15.242149353027344,
      13.177396774291992,
      19.31413459777832,
      21.0284423828125,
      20.844301223754883,
      16.931259155273438,
      15.098953247070312,
      10.86896800994873
    ],
    [
      18.873159408569336,
      25.130611419677734,
      19.41750144958496,
      28.841161727905273,
      21.14349365234375,
      20.46344757080078,
      21.031232833862305,
      18.0344295501709,
      20.701826095581055,
      20.361082077026367,
      20.147327423095703,
      18.034324645996094,
      23.758644104003906,
      30.52680778503418,
      25.526695251464844,
      23.26775550842285,
      18.858922958374023,
      15.26876449584961
    ],
    [
      22.420616149902344,
      29.64812469482422,
      17.687376022338867,
      21.14349365234375,
      40.26162338256836,
      30.370996475219727,
      25.063615798950195,
      22.403379440307617,
      28.91666030883789,
      28.835739135742188,
      27.38374900817871,
      24.541240692138672,
      31.58234405517578,
      38.175846099853516,
      31.174474716186523,
      28.085538864135742,
      23.169078826904297,
      19.031129837036133
    ],
    [
      22.932302474975586,
      29.228837966918945,
      13.77711296081543,
      20.46344757080078,
      30.370996475219727,
      45.70413589477539,
      29.997549057006836,
      27.86993408203125,
      31.615373611450195,
      32.943687438964844,
      30.128870010375977,
      27.175153732299805,
      33.531612396240234,
      45.470699310302734,
      34.89327621459961,
      32.718231201171875,
      26.215490341186523,
      22.281719207763672
    ],
    [
      34.86515426635742,
      33.64891052246094,
      16.628864288330078,
      21.031232833862305,
      25.063615798950195,
      29.997549057006836,
      66.37054443359375,
      47.58607482910156,
      40.39759826660156,
      38.29582214355469,
      45.12856674194336,
      38.60012435913086,
      48.21515655517578,
      51.910953521728516,
      55.93454360961914,
      49.24930953979492,
      44.9595947265625,
      34.38090896606445
    ],
    [
      28.243959426879883,
      29.00739860534668,
      13.218008041381836,
      18.0344295501709,
      22.403379440307617,
      27.86993408203125,
      47.58607482910156,
      52.87189483642578,
      35.31739044189453,
      36.448917388916016,
      38.82091522216797,
      35.65883255004883,
      41.59061050415039,
      46.78710174560547,
      46.21060562133789,
      41.57932662963867,
      37.82664108276367,
      29.43032455444336
    ],
    [
      29.36433219909668,
      37.540775299072266,
      15.877962112426758,
      20.701826095581055,
      28.91666030883789,
      31.615373611450195,
      40.39759826660156,
      35.31739044189453,
      54.10782241821289,
      45.561275482177734,
      42.844696044921875,
      38.4120979309082,
      50.8834228515625,
      52.296207427978516,
      48.76973342895508,
      44.59626388549805,
      39.767391204833984,
      32.400962829589844
    ],
    [
      28.625255584716797,
      37.383399963378906,
      14.456883430480957,
      20.361082077026367,
      28.835739135742188,
      32.943687438964844,
      38.29582214355469,
      36.448917388916016,
      45.561275482177734,
      51.770469665527344,
      42.818748474121094,
      39.76780319213867,
      47.83741760253906,
      51.25048828125,
      44.37044906616211,
      42.04193115234375,
      36.671142578125,
      30.76750373840332
    ],
    [
      30.911479949951172,
      35.47417449951172,
      15.242149353027344,
      20.147327423095703,
      27.38374900817871,
      30.128870010375977,
      45.12856674194336,
      38.82091522216797,
      42.844696044921875,
      42.818748474121094,
      54.75883865356445,
      44.93193435668945,
      54.70863723754883,
      52.70797348022461,
      55.87145233154297,
      49.55552291870117,
      46.35383605957031,
      36.370635986328125
    ],
    [
      27.640384674072266,
      32.91804122924805,
      13.177396774291992,
      18.034324645996094,
      24.541240692138672,
      27.175153732299805,
      38.60012435913086,
      35.65883255004883,
      38.4120979309082,
      39.76780319213867,
      44.93193435668945,
      47.234683990478516,
      46.48492431640625,
      47.18303680419922,
      45.71884536743164,
      43.034751892089844,
      38.29405212402344,
      31.99473762512207
    ],
    [
      34.96929168701172,
      41.42826843261719,
      19.31413459777832,
      23.758644104003906,
      31.58234405517578,
      33.531612396240234,
      48.21515655517578,
      41.59061050415039,
      50.8834228515625,
      47.83741760253906,
      54.70863723754883,
      46.48492431640625,
      72.7950668334961,
      62.53277587890625,
      72.9630126953125,
      59.69638442993164,
      59.69367599487305,
      43.81734085083008
    ],
    [
      40.3690185546875,
      48.49296569824219,
      21.0284423828125,
      30.52680778503418,
      38.175846099853516,
      45.470699310302734,
      51.910953521728516,
      46.78710174560547,
      52.296207427978516,
      51.25048828125,
      52.70797348022461,
      47.18303680419922,
      62.53277587890625,
      90.36597442626953,
      77.39652252197266,
      69.87097930908203,
      60.021480560302734,
      48.227874755859375
    ],
    [
      42.560855865478516,
      42.82682418823242,
      20.844301223754883,
      25.526695251464844,
      31.174474716186523,
      34.89327621459961,
      55.93454360961914,
      46.21060562133789,
      48.76973342895508,
      44.37044906616211,
      55.87145233154297,
      45.71884536743164,
      72.9630126953125,
      77.39652252197266,
      101.68960571289062,
      77.25962829589844,
      82.00001525878906,
      55.35245132446289
    ],
    [
      36.45526885986328,
      39.83534622192383,
      16.931259155273438,
      23.26775550842285,
      28.085538864135742,
      32.718231201171875,
      49.24930953979492,
      41.57932662963867,
      44.59626388549805,
      42.04193115234375,
      49.55552291870117,
      43.034751892089844,
      59.69638442993164,
      69.87097930908203,
      77.25962829589844,
      66.91637420654297,
      62.41305160522461,
      47.80935287475586
    ],
    [
      33.87151336669922,
      34.3311882019043,
      15.098953247070312,
      18.858922958374023,
      23.169078826904297,
      26.215490341186523,
      44.9595947265625,
      37.82664108276367,
      39.767391204833984,
      36.671142578125,
      46.35383605957031,
      38.29405212402344,
      59.69367599487305,
      60.021480560302734,
      82.00001525878906,
      62.41305160522461,
      73.54022979736328,
      48.46554946899414
    ],
    [
      25.698150634765625,
      28.341354370117188,
      10.86896800994873,
      15.26876449584961,
      19.031129837036133,
      22.281719207763672,
      34.38090896606445,
      29.43032455444336,
      32.400962829589844,
      30.76750373840332,
      36.370635986328125,
      31.99473762512207,
      43.81734085083008,
      48.227874755859375,
      55.35245132446289,
      47.80935287475586,
      48.46554946899414,
      37.51198196411133
    ]
  ],
  "damage": -9.865617752075195,
  "diff_bandwidth": 612.4269409179688,
  "dissonance": 5.391896278897123,
  "drr": 6.008232116699219,
  "dynamics": 3.5221989154815674,
  "format": 1245190,
  "frames": 5288896,
  "loudness": -16.09976577758789,
  "loudness_range": 10.484221458435059,
  "loudness_range_short": 11.770180702209473,
  "lowpass_true_peak_15khz": -0.5530982613563538,
  "mastering3_acoustic_entropies": [
    {
      "acoustic_entropy": 7.58334493637085,
      "acoustic_entropy_mono": 7.3583245277404785,
      "band_eliminated_acoustic_entropies": [
        {
          "acoustic_entropy": 7.5840373039245605,
          "acoustic_entropy_side": 7.583303928375244,
          "hz": 129.47220167065723
        },
        {
          "acoustic_entropy": 7.643327236175537,
          "acoustic_entropy_side": 7.610933780670166,
          "hz": 202.92927478742237
        },
        {
          "acoustic_entropy": 7.794295310974121,
          "acoustic_entropy_side": 7.537851810455322,
          "hz": 282.89161906338205
        },
        {
          "acoustic_entropy": 7.990322589874268,
          "acoustic_entropy_side": 7.689085006713867,
          "hz": 369.9353335868758
        },
        {
          "acoustic_entropy": 7.457455158233643,
          "acoustic_entropy_side": 7.459061622619629,
          "hz": 464.6875360973435
        },
        {
          "acoustic_entropy": 6.898232936859131,
          "acoustic_entropy_side": 7.691051959991455,
          "hz": 567.8308811364784
        },
        {
          "acoustic_entropy": 7.398008346557617,
          "acoustic_entropy_side": 7.559096336364746,
          "hz": 680.1084783214808
        },
        {
          "acoustic_entropy": 7.424663543701172,
          "acoustic_entropy_side": 7.518393039703369,
          "hz": 802.3292461747484
        },
        {
          "acoustic_entropy": 7.466013431549072,
          "acoustic_entropy_side": 7.5088348388671875,
          "hz": 935.3737400823702
        },
        {
          "acoustic_entropy": 7.601013660430908,
          "acoustic_entropy_side": 7.623600006103516,
          "hz": 1080.2004963696966
        },
        {
          "acoustic_entropy": 6.404347896575928,
          "acoustic_entropy_side": 7.605981349945068,
          "hz": 1237.8529382007157
        },
        {
          "acoustic_entropy": 7.755795001983643,
          "acoustic_entropy_side": 7.310348987579346,
          "hz": 1409.4668930556702
        },
        {
          "acoustic_entropy": 7.2891459465026855,
          "acoustic_entropy_side": 7.349528789520264,
          "hz": 1596.2787759475705
        },
        {
          "acoustic_entropy": 7.519556999206543,
          "acoustic_entropy_side": 7.27564811706543,
          "hz": 1799.6344973346393
        },
        {
          "acoustic_entropy": 7.877318382263184,
          "acoustic_entropy_side": 7.218095779418945,
          "hz": 2020.9991599069049
        },
        {
          "acoustic_entropy": 7.741037845611572,
          "acoustic_entropy_side": 7.722008228302002,
          "hz": 2261.9676141086993
        },
        {
          "acoustic_entropy": 7.681173801422119,
          "acoustic_entropy_side": 7.648828029632568,
          "hz": 2524.2759484456974
        },
        {
          "acoustic_entropy": 7.550032615661621,
          "acoustic_entropy_side": 7.628186225891113,
          "hz": 2809.813997359896
        },
        {
          "acoustic_entropy": 7.506526947021484,
          "acoustic_entropy_side": 7.599799633026123,
          "hz": 3120.6389567871424
        },
        {
          "acoustic_entropy": 7.549485206604004,
          "acoustic_entropy_side": 7.5860419273376465,
          "hz": 3458.990205492291
        },
        {
          "acoustic_entropy": 7.494527339935303,
          "acoustic_entropy_side": 7.588078022003174,
          "hz": 3827.305438964164
        },
        {
          "acoustic_entropy": 7.537952899932861,
          "acoustic_entropy_side": 7.583229064941406,
          "hz": 4228.238232109126
        },
        {
          "acoustic_entropy": 7.558292388916016,
          "acoustic_entropy_side": 7.583651065826416,
          "hz": 4664.6771572759235
        },
        {
          "acoustic_entropy": 7.510767459869385,
          "acoustic_entropy_side": 7.576931953430176,
          "hz": 5139.766595350093
        },
        {
          "acoustic_entropy": 7.539914131164551,
          "acoustic_entropy_side": 7.580821514129639,
          "hz": 5656.929389854203
        },
        {
          "acoustic_entropy": 7.572151184082031,
          "acoustic_entropy_side": 7.582784652709961,
          "hz": 6219.891507268283
        },
        {
          "acoustic_entropy": 7.575283050537109,
          "acoustic_entropy_side": 7.582332611083984,
          "hz": 6832.70888123896
        },
        {
          "acoustic_entropy": 7.571483135223389,
          "acoustic_entropy_side": 7.581655025482178,
          "hz": 7499.796634079867
        },
        {
          "acoustic_entropy": 7.5618367195129395,
          "acoustic_entropy_side": 7.582367420196533,
          "hz": 8225.96088609342
        },
        {
          "acoustic_entropy": 7.530237674713135,
          "acoustic_entropy_side": 7.581761360168457,
          "hz": 9016.43338188839
        },
        {
          "acoustic_entropy": 7.553412437438965,
          "acoustic_entropy_side": 7.5826568603515625,
          "hz": 9876.909183162974
        },
        {
          "acoustic_entropy": 7.5664520263671875,
          "acoustic_entropy_side": 7.583024024963379,
          "hz": 10813.587699516042
        },
        {
          "acoustic_entropy": 7.566178321838379,
          "acoustic_entropy_side": 7.5829949378967285,
          "hz": 11833.21735289826
        },
        {
          "acoustic_entropy": 7.5563812255859375,
          "acoustic_entropy_side": 7.582864284515381,
          "hz": 12943.144197493959
        },
        {
          "acoustic_entropy": 7.5623393058776855,
          "acoustic_entropy_side": 7.583010673522949,
          "hz": 14151.364845322005
        },
        {
          "acoustic_entropy": 7.57912015914917,
          "acoustic_entropy_side": 7.583302974700928,
          "hz": 15466.58407886509
        },
        {
          "acoustic_entropy": 7.581889629364014,
          "acoustic_entropy_side": 7.583329200744629,
          "hz": 16898.27756580493
        },
        {
          "acoustic_entropy": 7.5818257331848145,
          "acoustic_entropy_side": 7.5833353996276855,
          "hz": 18456.760127700032
        },
        {
          "acoustic_entropy": 7.582773208618164,
          "acoustic_entropy_side": 7.5833420753479,
          "hz": 20153.260054456492
        },
        {
          "acoustic_entropy": 7.583261966705322,
          "acoustic_entropy_side": 7.583344459533691,
          "hz": 22000.00000000001
        }
      ],
      "diff_acoustic_entropy": 2.7666287422180176,
      "sn": 6
    },
    {
      "acoustic_entropy": 9.777521133422852,
      "acoustic_entropy_mono": 9.693477630615234,
      "band_eliminated_acoustic_entropies": [
        {
          "acoustic_entropy": 9.763467788696289,
          "acoustic_entropy_side": 9.775201797485352,
          "hz": 129.47220167065723
        },
        {
          "acoustic_entropy": 9.761954307556152,
          "acoustic_entropy_side": 9.988370895385742,
          "hz": 202.92927478742237
        },
        {
          "acoustic_entropy": 10.300487518310547,
          "acoustic_entropy_side": 9.8511381149292,
          "hz": 282.89161906338205
        },
        {
          "acoustic_entropy": 10.61409854888916,
          "acoustic_entropy_side": 10.021745681762695,
          "hz": 369.9353335868758
        },
        {
          "acoustic_entropy": 9.76595401763916,
          "acoustic_entropy_side": 10.190263748168945,
          "hz": 464.6875360973435
        },
        {
          "acoustic_entropy": 10.024827003479004,
          "acoustic_entropy_side": 9.841768264770508,
          "hz": 567.8308811364784
        },
        {
          "acoustic_entropy": 9.888819694519043,
          "acoustic_entropy_side": 9.973932266235352,
          "hz": 680.1084783214808
        },
        {
          "acoustic_entropy": 9.869115829467773,
          "acoustic_entropy_side": 9.997028350830078,
          "hz": 802.3292461747484
        },
        {
          "acoustic_entropy": 10.023566246032715,
          "acoustic_entropy_side": 9.751169204711914,
          "hz": 935.3737400823702
        },
        {
          "acoustic_entropy": 9.764101028442383,
          "acoustic_entropy_side": 9.678401947021484,
          "hz": 1080.2004963696966
        },
        {
          "acoustic_entropy": 8.786858558654785,
          "acoustic_entropy_side": 9.991202354431152,
          "hz": 1237.8529382007157
        },
        {
          "acoustic_entropy": 11.197295188903809,
          "acoustic_entropy_side": 10.429472923278809,
          "hz": 1409.4668930556702
        },
        {
          "acoustic_entropy": 10.23105525970459,
          "acoustic_entropy_side": 9.993569374084473,
          "hz": 1596.2787759475705
        },
        {
          "acoustic_entropy": 10.530707359313965,
          "acoustic_entropy_side": 9.987295150756836,
          "hz": 1799.6344973346393
        },
        {
          "acoustic_entropy": 10.115058898925781,
          "acoustic_entropy_side": 9.827910423278809,
          "hz": 2020.9991599069049
        },
        {
          "acoustic_entropy": 10.133813858032227,
          "acoustic_entropy_side": 9.957925796508789,
          "hz": 2261.9676141086993
        },
        {
          "acoustic_entropy": 9.700762748718262,
          "acoustic_entropy_side": 9.816762924194336,
          "hz": 2524.2759484456974
        },
        {
          "acoustic_entropy": 9.849870681762695,
          "acoustic_entropy_side": 9.830893516540527,
          "hz": 2809.813997359896
        },
        {
          "acoustic_entropy": 9.83224105834961,
          "acoustic_entropy_side": 9.820388793945312,
          "hz": 3120.6389567871424
        },
        {
          "acoustic_entropy": 9.698986053466797,
          "acoustic_entropy_side": 9.748857498168945,
          "hz": 3458.990205492291
        },
        {
          "acoustic_entropy": 10.05712890625,
          "acoustic_entropy_side": 9.897817611694336,
          "hz": 3827.305438964164
        },
        {
          "acoustic_entropy": 9.770359992980957,
          "acoustic_entropy_side": 9.719673156738281,
          "hz": 4228.238232109126
        },
        {
          "acoustic_entropy": 9.772130966186523,
          "acoustic_entropy_side": 9.806733131408691,
          "hz": 4664.6771572759235
        },
        {
          "acoustic_entropy": 9.972143173217773,
          "acoustic_entropy_side": 9.813374519348145,
          "hz": 5139.766595350093
        },
        {
          "acoustic_entropy": 9.782864570617676,
          "acoustic_entropy_side": 9.799797058105469,
          "hz": 5656.929389854203
        },
        {
          "acoustic_entropy": 9.759957313537598,
          "acoustic_entropy_side": 9.7808837890625,
          "hz": 6219.891507268283
        },
        {
          "acoustic_entropy": 9.78458309173584,
          "acoustic_entropy_side": 9.789224624633789,
          "hz": 6832.70888123896
        },
        {
          "acoustic_entropy": 9.795260429382324,
          "acoustic_entropy_side": 9.794297218322754,
          "hz": 7499.796634079867
        },
        {
          "acoustic_entropy": 9.74806022644043,
          "acoustic_entropy_side": 9.787418365478516,
          "hz": 8225.96088609342
        },
        {
          "acoustic_entropy": 9.881746292114258,
          "acoustic_entropy_side": 9.780172348022461,
          "hz": 9016.43338188839
        },
        {
          "acoustic_entropy": 9.71279525756836,
          "acoustic_entropy_side": 9.778703689575195,
          "hz": 9876.909183162974
        },
        {
          "acoustic_entropy": 9.74657154083252,
          "acoustic_entropy_side": 9.779345512390137,
          "hz": 10813.587699516042
        },
        {
          "acoustic_entropy": 9.770874977111816,
          "acoustic_entropy_side": 9.782485961914062,
          "hz": 11833.21735289826
        },
        {
          "acoustic_entropy": 9.761070251464844,
          "acoustic_entropy_side": 9.781767845153809,
          "hz": 12943.144197493959
        },
        {
          "acoustic_entropy": 9.7616605758667,
          "acoustic_entropy_side": 9.779468536376953,
          "hz": 14151.364845322005
        },
        {
          "acoustic_entropy": 9.77038860321045,
          "acoustic_entropy_side": 9.77805233001709,
          "hz": 15466.58407886509
        },
        {
          "acoustic_entropy": 9.777497291564941,
          "acoustic_entropy_side": 9.777963638305664,
          "hz": 16898.27756580493
        },
        {
          "acoustic_entropy": 9.776054382324219,
          "acoustic_entropy_side": 9.777730941772461,
          "hz": 18456.760127700032
        },
        {
          "acoustic_entropy": 9.776782989501953,
          "acoustic_entropy_side": 9.777565002441406,
          "hz": 20153.260054456492
        },
        {
          "acoustic_entropy": 9.777215957641602,
          "acoustic_entropy_side": 9.777530670166016,
          "hz": 22000.00000000001
        }
      ],
      "diff_acoustic_entropy": 5.178313255310059,
      "sn": 12
    },
    {
      "acoustic_entropy": 15.051100730895996,
      "acoustic_entropy_mono": 13.50946044921875,
      "band_eliminated_acoustic_entropies": [
        {
          "acoustic_entropy": 15.146736145019531,
          "acoustic_entropy_side": 15.03386116027832,
          "hz": 129.47220167065723
        },
        {
          "acoustic_entropy": 14.804526329040527,
          "acoustic_entropy_side": 15.239216804504395,
          "hz": 202.92927478742237
        },
        {
          "acoustic_entropy": 14.617773056030273,
          "acoustic_entropy_side": 14.646888732910156,
          "hz": 282.89161906338205
        },
        {
          "acoustic_entropy": 14.664247512817383,
          "acoustic_entropy_side": 15.127902030944824,
          "hz": 369.9353335868758
        },
        {
          "acoustic_entropy": 15.018163681030273,
          "acoustic_entropy_side": 14.956514358520508,
          "hz": 464.6875360973435
        },
        {
          "acoustic_entropy": 15.194207191467285,
          "acoustic_entropy_side": 15.133574485778809,
          "hz": 567.8308811364784
        },
        {
          "acoustic_entropy": 14.583248138427734,
          "acoustic_entropy_side": 14.557446479797363,
          "hz": 680.1084783214808
        },
        {
          "acoustic_entropy": 15.484323501586914,
          "acoustic_entropy_side": 15.230740547180176,
          "hz": 802.3292461747484
        },
        {
          "acoustic_entropy": 14.701909065246582,
          "acoustic_entropy_side": 14.857211112976074,
          "hz": 935.3737400823702
        },
        {
          "acoustic_entropy": 14.805343627929688,
          "acoustic_entropy_side": 15.244553565979004,
          "hz": 1080.2004963696966
        },
        {
          "acoustic_entropy": 13.694913864135742,
          "acoustic_entropy_side": 15.725031852722168,
          "hz": 1237.8529382007157
        },
        {
          "acoustic_entropy": 15.688756942749023,
          "acoustic_entropy_side": 15.605290412902832,
          "hz": 1409.4668930556702
        },
        {
          "acoustic_entropy": 14.731973648071289,
          "acoustic_entropy_side": 14.743117332458496,
          "hz": 1596.2787759475705
        },
        {
          "acoustic_entropy": 15.082961082458496,
          "acoustic_entropy_side": 15.347864151000977,
          "hz": 1799.6344973346393
        },
        {
          "acoustic_entropy": 14.693838119506836,
          "acoustic_entropy_side": 15.028427124023438,
          "hz": 2020.9991599069049
        },
        {
          "acoustic_entropy": 14.93034839630127,
          "acoustic_entropy_side": 15.336507797241211,
          "hz": 2261.9676141086993
        },
        {
          "acoustic_entropy": 15.269892692565918,
          "acoustic_entropy_side": 15.194080352783203,
          "hz": 2524.2759484456974
        },
        {
          "acoustic_entropy": 14.880399703979492,
          "acoustic_entropy_side": 15.056990623474121,
          "hz": 2809.813997359896
        },
        {
          "acoustic_entropy": 15.473292350769043,
          "acoustic_entropy_side": 15.308942794799805,
          "hz": 3120.6389567871424
        },
        {
          "acoustic_entropy": 14.973373413085938,
