{
  "acoustic_entropy": 187.1934356689453,
  "bands": [
    {
      "high_freq": 148.1999969482422,
      "loudness": -14.314820289611816,
      "loudness_range": 5.896755218505859,
      "mid_mean": -11.048686981201172,
      "mid_to_side_loudness": -12.242240905761719,
      "mid_to_side_loudness_range": 26.14552116394043,
      "side_mean": -23.678924560546875
    },
    {
      "high_freq": 392.3793640136719,
      "loudness": -17.068859100341797,
      "loudness_range": 8.043968200683594,
      "low_freq": 148.1999969482422,
      "mid_mean": -14.209222793579102,
      "mid_to_side_loudness": -7.992225646972656,
      "mid_to_side_loudness_range": 17.498878479003906,
      "side_mean": -22.5092830657959
    },
    {
      "high_freq": 794.6976318359375,
      "loudness": -20.0260009765625,
      "loudness_range": 8.268682479858398,
      "low_freq": 392.3793640136719,
      "mid_mean": -17.522186279296875,
      "mid_to_side_loudness": -8.882702827453613,
      "mid_to_side_loudness_range": 23.283695220947266,
      "side_mean": -26.47153663635254
    },
    {
      "high_freq": 1457.5709228515625,
      "loudness": -20.699848175048828,
      "loudness_range": 10.697386741638184,
      "low_freq": 794.6976318359375,
      "mid_mean": -18.59160804748535,
      "mid_to_side_loudness": -4.299771308898926,
      "mid_to_side_loudness_range": 12.301179885864258,
      "side_mean": -23.30436897277832
    },
    {
      "high_freq": 2549.74365234375,
      "loudness": -18.758501052856445,
      "loudness_range": 7.520544052124023,
      "low_freq": 1457.5709228515625,
      "mid_mean": -17.30205535888672,
      "mid_to_side_loudness": -2.9323372840881348,
      "mid_to_side_loudness_range": 13.42741584777832,
      "side_mean": -20.180652618408203
    },
    {
      "high_freq": 4349.24462890625,
      "loudness": -18.33401107788086,
      "loudness_range": 8.002950668334961,
      "low_freq": 2549.74365234375,
      "mid_mean": -16.497533798217773,
      "mid_to_side_loudness": -3.859365940093994,
      "mid_to_side_loudness_range": 12.142986297607422,
      "side_mean": -20.280559539794922
    },
    {
      "high_freq": 7314.1640625,
      "loudness": -21.987592697143555,
      "loudness_range": 9.393836975097656,
      "low_freq": 4349.24462890625,
      "mid_mean": -19.322269439697266,
      "mid_to_side_loudness": -7.294292449951172,
      "mid_to_side_loudness_range": 15.85657024383545,
      "side_mean": -26.796945571899414
    },
    {
      "high_freq": 12199.2666015625,
      "loudness": -26.859237670898438,
      "loudness_range": 12.330926895141602,
      "low_freq": 7314.1640625,
      "mid_mean": -23.38042449951172,
      "mid_to_side_loudness": -13.335335731506348,
      "mid_to_side_loudness_range": 24.83004379272461,
      "side_mean": -39.703102111816406
    },
    {
      "loudness": -34.850711822509766,
      "loudness_range": 13.870227813720703,
      "low_freq": 12199.2666015625,
      "mid_mean": -31.42913818359375,
      "mid_to_side_loudness": -13.312541007995605,
      "mid_to_side_loudness_range": 23.884057998657227,
      "side_mean": -47.23149490356445
    }
  ],
  "bands_short": [
    {
      "high_freq": 148.1999969482422,
      "loudness": -16.75680160522461,
      "loudness_range": 11.875490188598633,
      "mid_mean": -13.499116897583008,
      "mid_to_side_loudness": -14.090546607971191,
      "mid_to_side_loudness_range": 27.3693790435791,
      "side_mean": -28.351232528686523
    },
    {
      "high_freq": 392.3793640136719,
      "loudness": -15.594539642333984,
      "loudness_range": 10.241156578063965,
      "low_freq": 148.1999969482422,
      "mid_mean": -12.876659393310547,
      "mid_to_side_loudness": -8.64103889465332,
      "mid_to_side_loudness_range": 21.2178897857666,
      "side_mean": -21.50200080871582
    },
    {
      "high_freq": 794.6976318359375,
      "loudness": -20.655155181884766,
      "loudness_range": 11.216117858886719,
      "low_freq": 392.3793640136719,
      "mid_mean": -18.413253784179688,
      "mid_to_side_loudness": -8.107892036437988,
      "mid_to_side_loudness_range": 24.27609634399414,
      "side_mean": -26.70589256286621
    },
    {
      "high_freq": 1457.5709228515625,
      "loudness": -21.05238914489746,
      "loudness_range": 13.539776802062988,
      "low_freq": 794.6976318359375,
      "mid_mean": -19.36330795288086,
      "mid_to_side_loudness": -3.949458360671997,
      "mid_to_side_loudness_range": 15.662044525146484,
      "side_mean": -23.447566986083984
    },
    {
      "high_freq": 2549.74365234375,
      "loudness": -19.249849319458008,
      "loudness_range": 9.643671035766602,
      "low_freq": 1457.5709228515625,
      "mid_mean": -17.920677185058594,
      "mid_to_side_loudness": -3.007836103439331,
      "mid_to_side_loudness_range": 15.491426467895508,
      "side_mean": -20.86651039123535
    },
    {
      "high_freq": 4349.24462890625,
      "loudness": -18.64912223815918,
      "loudness_range": 9.695737838745117,
      "low_freq": 2549.74365234375,
      "mid_mean": -16.884469985961914,
      "mid_to_side_loudness": -4.027535915374756,
      "mid_to_side_loudness_range": 14.006477355957031,
      "side_mean": -20.591489791870117
    },
    {
      "high_freq": 7314.1640625,
      "loudness": -22.43712043762207,
      "loudness_range": 11.731613159179688,
      "low_freq": 4349.24462890625,
      "mid_mean": -19.888166427612305,
      "mid_to_side_loudness": -7.094502925872803,
      "mid_to_side_loudness_range": 16.21202850341797,
      "side_mean": -26.939529418945312
    },
    {
      "high_freq": 12199.2666015625,
      "loudness": -28.313724517822266,
      "loudness_range": 13.538515090942383,
      "low_freq": 7314.1640625,
      "mid_mean": -24.852218627929688,
      "mid_to_side_loudness": -12.452079772949219,
      "mid_to_side_loudness_range": 23.36789321899414,
      "side_mean": -39.94361114501953
    },
    {
      "loudness": -36.94255447387695,
      "loudness_range": 18.72564697265625,
      "low_freq": 12199.2666015625,
      "mid_mean": -33.59115219116211,
      "mid_to_side_loudness": -12.387717247009277,
      "mid_to_side_loudness_range": 23.83432388305664,
      "side_mean": -50.004817962646484
    }
  ],
  "bandwidth": 562.062744140625,
  "channels": 2,
  "covariance": [
    [
      19.272621154785156,
      7.983036994934082,
      5.435297966003418,
      9.550416946411133,
      2.3522675037384033,
      2.032205104827881,
      4.38653039932251,
      9.267070770263672,
      -0.8331774473190308,
      -0.44903564453125,
      3.6218349933624268,
      2.294684886932373,
      6.122642993927002,
      7.348161697387695,
      0.5511332154273987,
      11.044774055480957,
      0.3875175416469574,
      13.25524616241455
    ],
    [
      7.983036994934082,
      67.30340576171875,
      -0.3091546893119812,
      27.553821563720703,
      -3.2342538833618164,
      15.398268699645996,
      3.749553680419922,
      17.618478775024414,
      4.7474284172058105,
      19.794147491455078,
      9.379838943481445,
      27.56203269958496,
      6.536383152008057,
      28.254131317138672,
      -6.949002265930176,
      26.064470291137695,
      -14.576227188110352,
      19.18427848815918
    ],
    [
      5.435297966003418,
      -0.3091546893119812,
      13.566941261291504,
      5.327847003936768,
      6.154904842376709,
      -3.3622498512268066,
      7.56087589263916,
      4.4025678634643555,
      1.9509375095367432,
      -2.0818734169006348,
      4.510897159576416,
      -0.04606185108423233,
      6.345198631286621,
      3.652399778366089,
      0.7364063262939453,
      6.563441276550293,
      0.5496501922607422,
      7.862408638000488
    ],
    [
      9.550416946411133,
      27.553821563720703,
      5.327847003936768,
      41.299354553222656,
      2.768764019012451,
      2.36641526222229,
      10.879796981811523,
      18.360395431518555,
      4.093742847442627,
      7.956858158111572,
      7.9962897300720215,
      15.326118469238281,
      8.520974159240723,
      15.805230140686035,
      -3.983459711074829,
      18.640901565551758,
      -8.02767276763916,
      15.919981956481934
    ],
    [
      2.3522675037384033,
      -3.2342538833618164,
      6.154904842376709,
      2.768764019012451,
      16.498342514038086,
      -3.901357889175415,
      10.875243186950684,
      5.441522121429443,
      4.462475776672363,
      -3.0462093353271484,
      3.915705919265747,
      -1.4536322355270386,
      5.668235778808594,
      0.6942137479782104,
      1.4843937158584595,
      6.0162034034729,
      2.7077383995056152,
      6.519958972930908
    ],
    [
      2.032205104827881,
      15.398268699645996,
      -3.3622498512268066,
      2.36641526222229,
      -3.901357889175415,
      23.940580368041992,
      -4.4366455078125,
      4.818999290466309,
      1.773924469947815,
      17.301795959472656,
      2.519925355911255,
      15.45834732055664,
      -5.072707653045654,
      12.754922866821289,
      -3.8824350833892822,
      0.5560405850410461,
      -6.362792015075684,
      -5.070986747741699
    ],
    [
      4.38653039932251,
      3.749553680419922,
      7.56087589263916,
      10.879796981811523,
      10.875243186950684,
      -4.4366455078125,
      27.044240951538086,
      12.611895561218262,
      7.112916946411133,
      -0.08529825508594513,
      8.200813293457031,
      3.7128264904022217,
      9.955781936645508,
      6.456681728363037,
      -0.8061001896858215,
      13.709461212158203,
      -1.4288361072540283,
      11.882373809814453
    ],
    [
      9.267070770263672,
      17.618478775024414,
      4.4025678634643555,
      18.360395431518555,
      5.441522121429443,
      4.818999290466309,
      12.611895561218262,
      24.963340759277344,
      5.212384223937988,
      9.685700416564941,
      9.51762580871582,
      15.572860717773438,
      8.455045700073242,
      16.14514923095703,
      -3.5977959632873535,
      16.83233070373535,
      -7.022783279418945,
      12.99705696105957
    ],
    [
      -0.8331774473190308,
      4.7474284172058105,
      1.9509375095367432,
      4.093742847442627,
      4.462475776672363,
      1.773924469947815,
      7.112916946411133,
      5.212384223937988,
      7.724881649017334,
      5.4132184982299805,
      5.968694686889648,
      7.408743381500244,
      3.6708996295928955,
      6.739571571350098,
      -0.9310231804847717,
      6.0803303718566895,
      -2.620990753173828,
      3.25840163230896
    ],
    [
      -0.44903564453125,
      19.794147491455078,
      -2.0818734169006348,
      7.956858158111572,
      -3.0462093353271484,
      17.301795959472656,
      -0.08529825508594513,
      9.685700416564941,
      5.4132184982299805,
      23.810470581054688,
      5.493556022644043,
      21.108964920043945,
      -3.029594659805298,
      16.52229118347168,
      -4.728872776031494,
      3.562668561935425,
      -9.297243118286133,
      -4.08558988571167
    ],
    [
      3.6218349933624268,
      9.379838943481445,
      4.510897159576416,
      7.9962897300720215,
      3.915705919265747,
      2.519925355911255,
      8.200813293457031,
      9.51762580871582,
      5.968694686889648,
      5.493556022644043,
      9.83420181274414,
      10.773008346557617,
      7.512749671936035,
      12.648347854614258,
      -0.6916550397872925,
      13.3517484664917,
      -3.295635461807251,
      10.415842056274414
    ],
    [
      2.294684886932373,
      27.56203269958496,
      -0.04606185108423233,
      15.326118469238281,
      -1.4536322355270386,
      15.45834732055664,
      3.7128264904022217,
      15.572860717773438,
      7.408743381500244,
      21.108964920043945,
      10.773008346557617,
      30.135005950927734,
      2.0038421154022217,
      25.212318420410156,
      -5.906706809997559,
      14.478504180908203,
      -12.274218559265137,
      5.358187675476074
    ],
    [
      6.122642993927002,
      6.536383152008057,
      6.345198631286621,
      8.520974159240723,
      5.668235778808594,
      -5.072707653045654,
      9.955781936645508,
      8.455045700073242,
      3.6708996295928955,
      -3.029594659805298,
      7.512749671936035,
      2.0038421154022217,
      14.757701873779297,
      7.992687702178955,
      4.631030559539795,
      18.151941299438477,
      3.462057590484619,
      18.93241310119629
    ],
    [
      7.348161697387695,
      28.254131317138672,
      3.652399778366089,
      15.805230140686035,
      0.6942137479782104,
      12.754922866821289,
      6.456681728363037,
      16.14514923095703,
      6.739571571350098,
      16.52229118347168,
      12.648347854614258,
      25.212318420410156,
      7.992687702178955,
      29.303125381469727,
      -4.166900157928467,
      24.6107234954834,
      -10.098398208618164,
      17.093088150024414
    ],
    [
      0.5511332154273987,
      -6.949002265930176,
      0.7364063262939453,
      -3.983459711074829,
      1.4843937158584595,
      -3.8824350833892822,
      -0.8061001896858215,
      -3.5977959632873535,
      -0.9310231804847717,
      -4.728872776031494,
      -0.6916550397872925,
      -5.906706809997559,
      4.631030559539795,
      -4.166900157928467,
      15.740360260009766,
      1.1017651557922363,
      15.873414993286133,
      5.629310607910156
    ],
    [
      11.044774055480957,
      26.064470291137695,
      6.563441276550293,
      18.640901565551758,
      6.0162034034729,
      0.5560405850410461,
      13.709461212158203,
      16.83233070373535,
      6.0803303718566895,
      3.562668561935425,
      13.3517484664917,
      14.478504180908203,
      18.151941299438477,
      24.6107234954834,
      1.1017651557922363,
      46.45589828491211,
      -2.470120429992676,
      39.76551818847656
    ],
    [
      0.3875175416469574,
      -14.576227188110352,
      0.5496501922607422,
      -8.02767276763916,
      2.7077383995056152,
      -6.362792015075684,
      -1.4288361072540283,
      -7.022783279418945,
      -2.620990753173828,
      -9.297243118286133,
      -3.295635461807251,
      -12.274218559265137,
      3.462057590484619,
      -10.098398208618164,
      15.873414993286133,
      -2.470120429992676,
      22.494958877563477,
      5.781489372253418
    ],
    [
      13.25524616241455,
      19.18427848815918,
      7.862408638000488,
      15.919981956481934,
      6.519958972930908,
      -5.070986747741699,
      11.882373809814453,
      12.99705696105957,
      3.25840163230896,
      -4.08558988571167,
      10.415842056274414,
      5.358187675476074,
      18.93241310119629,
      17.093088150024414,
      5.629310607910156,
      39.76551818847656,
      5.781489372253418,
      47.81911849975586
    ]
  ],
  "covariance_short": [
    [
      29.90745735168457,
      7.51041316986084,
      7.625108242034912,
      7.560596466064453,
      1.6369415521621704,
      3.2410342693328857,
      4.189391613006592,
      6.611783981323242,
      -1.7289999723434448,
      1.2099838256835938,
      2.394862413406372,
      2.5435945987701416,
      4.9000020027160645,
      7.546429634094238,
      0.25981926918029785,
      10.606334686279297,
      0.6336073875427246,
      14.1934232711792
    ],
    [
      7.51041316986084,
      71.7203369140625,
      -0.6959362030029297,
      29.46552085876465,
      -2.220107078552246,
      16.346389770507812,
      3.230532169342041,
      15.107206344604492,
      5.151155471801758,
      18.590965270996094,
      8.732498168945312,
      22.673368453979492,
      7.043365478515625,
      21.851871490478516,
      0.30740201473236084,
      17.688575744628906,
      -6.366406440734863,
      16.783845901489258
    ],
    [
      7.625108242034912,
      -0.6959362030029297,
      22.299999237060547,
      8.177352905273438,
      7.401695728302002,
      -3.3939566612243652,
      9.805091857910156,
      6.096683025360107,
      2.3037664890289307,
      -1.8999110460281372,
      5.4853715896606445,
      0.5304641127586365,
      9.257587432861328,
      6.458547115325928,
      1.3276770114898682,
      13.401862144470215,
      1.6119990348815918,
      18.957456588745117
    ],
    [
      7.560596466064453,
      29.46552085876465,
      8.177352905273438,
      51.47377014160156,
      3.594818115234375,
      6.284366607666016,
      13.75622844696045,
      15.945723533630371,
      5.916051387786865,
      12.075358390808105,
      9.78713607788086,
      17.561481475830078,
      9.660941123962402,
      17.475746154785156,
      -1.0807257890701294,
      20.218421936035156,
      -6.579092979431152,
      21.014219284057617
    ],
    [
      1.6369415521621704,
      -2.220107078552246,
      7.401695728302002,
      3.594818115234375,
      25.702991485595703,
      -2.253207206726074,
      13.034350395202637,
      5.752982139587402,
      6.825933933258057,
      -0.7287210822105408,
      4.758974552154541,
      0.8247665166854858,
      5.209898471832275,
      2.3950045108795166,
      -2.4029228687286377,
      7.510802745819092,
      -0.4390527904033661,
      13.686500549316406
    ],
    [
      3.2410342693328857,
      16.346389770507812,
      -3.3939566612243652,
      6.284366607666016,
      -2.253207206726074,
      30.63119888305664,
      -4.835727691650391,
      9.258509635925293,
      3.404649496078491,
      21.633947372436523,
      3.8748722076416016,
      18.59044075012207,
      -3.0328726768493652,
      14.548338890075684,
      -0.8593196272850037,
      0.3484949767589569,
      -3.401928186416626,
      -0.5390484929084778
    ],
    [
      4.189391613006592,
      3.230532169342041,
      9.805091857910156,
      13.75622844696045,
      13.034350395202637,
      -4.835727691650391,
      35.112918853759766,
      13.993169784545898,
      9.95084285736084,
      1.383246898651123,
      11.017823219299316,
      6.068027019500732,
      13.154569625854492,
      8.91283130645752,
      1.1722657680511475,
      17.47681427001953,
      0.7164387106895447,
      22.511112213134766
    ],
    [
      6.611783981323242,
      15.107206344604492,
      6.096683025360107,
      15.945723533630371,
      5.752982139587402,
      9.258509635925293,
      13.993169784545898,
      27.40342903137207,
      7.6290411949157715,
      17.29981231689453,
      11.014183044433594,
      20.693946838378906,
      8.259669303894043,
      18.882715225219727,
      -0.298524409532547,
      14.157795906066895,
      -4.889203071594238,
      16.504310607910156
    ],
    [
      -1.7289999723434448,
      5.151155471801758,
      2.3037664890289307,
      5.916051387786865,
      6.825933933258057,
      3.404649496078491,
      9.95084285736084,
      7.6290411949157715,
      14.382284164428711,
      9.372824668884277,
      9.770031929016113,
      10.60681438446045,
      6.7616448402404785,
      8.777433395385742,
      1.748660683631897,
      7.457489967346191,
      0.0505201481282711,
      10.618185043334961
    ],
    [
      1.2099838256835938,
      18.590965270996094,
      -1.8999110460281372,
      12.075358390808105,
      -0.7287210822105408,
      21.633947372436523,
      1.383246898651123,
      17.29981231689453,
      9.372824668884277,
      34.85849380493164,
      9.099711418151855,
      27.502161026000977,
      0.10170122981071472,
      20.588848114013672,
      -0.6648645401000977,
      3.60007905960083,
      -5.847124099731445,
      4.0985870361328125
    ],
    [
      2.394862413406372,
      8.732498168945312,
      5.4853715896606445,
      9.78713607788086,
      4.758974552154541,
      3.8748722076416016,
      11.017823219299316,
      11.014183044433594,
      9.770031929016113,
      9.099711418151855,
      15.305469512939453,
      14.280316352844238,
      12.385771751403809,
      15.709039688110352,
      4.822751522064209,
      15.36055850982666,
      1.880479335784912,
      20.489646911621094
    ],
    [
      2.5435945987701416,
      22.673368453979492,
      0.5304641127586365,
      17.561481475830078,
      0.8247665166854858,
      18.59044075012207,
      6.068027019500732,
      20.693946838378906,
      10.60681438446045,
      27.502161026000977,
      14.280316352844238,
      40.28316879272461,
      5.304026126861572,
      30.35805892944336,
      -1.3522682189941406,
      14.209650039672852,
      -8.722618103027344,
      14.531005859375
    ],
    [
      4.9000020027160645,
      7.043365478515625,
      9.257587432861328,
      9.660941123962402,
      5.209898471832275,
      -3.0328726768493652,
      13.154569625854492,
      8.259669303894043,
      6.7616448402404785,
      0.10170122981071472,
      12.385771751403809,
      5.304026126861572,
      21.7645206451416,
      11.947598457336426,
      12.492273330688477,
      23.18287467956543,
      11.641121864318848,
      29.057119369506836
    ],
    [
      7.546429634094238,
      21.851871490478516,
      6.458547115325928,
      17.475746154785156,
      2.3950045108795166,
      14.548338890075684,
      8.91283130645752,
      18.882715225219727,
      8.777433395385742,
      20.588848114013672,
      15.709039688110352,
      30.35805892944336,
      11.947598457336426,
      37.264892578125,
      1.2091455459594727,
      24.004697799682617,
      -5.129542350769043,
      27.876466751098633
    ],
    [
      0.25981926918029785,
      0.30740201473236084,
      1.3276770114898682,
      -1.0807257890701294,
      -2.4029228687286377,
      -0.8593196272850037,
      1.1722657680511475,
      -0.298524409532547,
      1.748660683631897,
      -0.6648645401000977,
      4.822751522064209,
      -1.3522682189941406,
      12.492273330688477,
      1.2091455459594727,
      23.939462661743164,
      10.222651481628418,
      25.643157958984375,
      13.710969924926758
    ],
    [
      10.606334686279297,
      17.688575744628906,
      13.401862144470215,
      20.218421936035156,
      7.510802745819092,
      0.3484949767589569,
      17.47681427001953,
      14.157795906066895,
      7.457489967346191,
      3.60007905960083,
      15.36055850982666,
      14.209650039672852,
      23.18287467956543,
      24.004697799682617,
      10.222651481628418,
      52.0609245300293,
      7.679440975189209,
      52.68553924560547
    ],
    [
      0.6336073875427246,
      -6.366406440734863,
      1.6119990348815918,
      -6.579092979431152,
      -0.4390527904033661,
      -3.401928186416626,
      0.7164387106895447,
      -4.889203071594238,
      0.0505201481282711,
      -5.847124099731445,
      1.880479335784912,
      -8.722618103027344,
      11.641121864318848,
      -5.129542350769043,
      25.643157958984375,
      7.679440975189209,
      39.86415481567383,
      17.805816650390625
    ],
    [
      14.1934232711792,
      16.783845901489258,
      18.957456588745117,
      21.014219284057617,
      13.686500549316406,
      -0.5390484929084778,
      22.511112213134766,
      16.504310607910156,
      10.618185043334961,
      4.0985870361328125,
      20.489646911621094,
      14.531005859375,
      29.057119369506836,
      27.876466751098633,
      13.710969924926758,
      52.68553924560547,
      17.805816650390625,
      88.42774963378906
    ]
  ],
  "damage": 0.3365578353404999,
  "diff_bandwidth": 585.8931274414062,
  "dissonance": 9.678912188054522,
  "drr": 16.732177734375,
  "dynamics": 1.5580111742019653,
  "format": 1245190,
  "frames": 9910208,
  "loudness": -5.743126392364502,
  "loudness_range": 4.132015705108643,
  "loudness_range_short": 4.911746501922607,
  "lowpass_true_peak_15khz": 2.060016632080078,
  "mastering3_acoustic_entropies": [
    {
      "acoustic_entropy": 6.222692966461182,
      "acoustic_entropy_mono": 5.763927936553955,
      "band_eliminated_acoustic_entropies": [
        {
          "acoustic_entropy": 6.226548194885254,
          "acoustic_entropy_side": 6.20326566696167,
          "hz": 129.47220167065723
        },
        {
          "acoustic_entropy": 6.251479148864746,
          "acoustic_entropy_side": 6.223226070404053,
          "hz": 202.92927478742237
        },
        {
          "acoustic_entropy": 6.571840763092041,
          "acoustic_entropy_side": 6.331404685974121,
          "hz": 282.89161906338205
        },
        {
          "acoustic_entropy": 6.35518741607666,
          "acoustic_entropy_side": 6.254357814788818,
          "hz": 369.9353335868758
        },
        {
          "acoustic_entropy": 6.402176380157471,
          "acoustic_entropy_side": 6.229449272155762,
          "hz": 464.6875360973435
        },
        {
          "acoustic_entropy": 6.327259540557861,
          "acoustic_entropy_side": 6.216890811920166,
          "hz": 567.8308811364784
        },
        {
          "acoustic_entropy": 6.881818771362305,
          "acoustic_entropy_side": 6.232606887817383,
          "hz": 680.1084783214808
        },
        {
          "acoustic_entropy": 6.313943862915039,
          "acoustic_entropy_side": 6.442962169647217,
          "hz": 802.3292461747484
        },
        {
          "acoustic_entropy": 6.294602394104004,
          "acoustic_entropy_side": 6.37441349029541,
          "hz": 935.3737400823702
        },
        {
          "acoustic_entropy": 5.841180801391602,
          "acoustic_entropy_side": 6.224729537963867,
          "hz": 1080.2004963696966
        },
        {
          "acoustic_entropy": 6.110551834106445,
          "acoustic_entropy_side": 6.2200846672058105,
          "hz": 1237.8529382007157
        },
        {
          "acoustic_entropy": 6.407430648803711,
          "acoustic_entropy_side": 6.275503158569336,
          "hz": 1409.4668930556702
        },
        {
          "acoustic_entropy": 6.274454593658447,
          "acoustic_entropy_side": 6.228404521942139,
          "hz": 1596.2787759475705
        },
        {
          "acoustic_entropy": 6.298549652099609,
          "acoustic_entropy_side": 6.207381725311279,
          "hz": 1799.6344973346393
        },
        {
          "acoustic_entropy": 6.547040939331055,
          "acoustic_entropy_side": 6.200324535369873,
          "hz": 2020.9991599069049
        },
        {
          "acoustic_entropy": 6.2897629737854,
          "acoustic_entropy_side": 6.075324058532715,
          "hz": 2261.9676141086993
        },
        {
          "acoustic_entropy": 6.533024311065674,
          "acoustic_entropy_side": 6.185251712799072,
          "hz": 2524.2759484456974
        },
        {
          "acoustic_entropy": 6.549992561340332,
          "acoustic_entropy_side": 6.293360710144043,
          "hz": 2809.813997359896
        },
        {
          "acoustic_entropy": 6.299938678741455,
          "acoustic_entropy_side": 6.327473163604736,
          "hz": 3120.6389567871424
        },
        {
          "acoustic_entropy": 5.945785999298096,
          "acoustic_entropy_side": 6.024538993835449,
          "hz": 3458.990205492291
        },
        {
          "acoustic_entropy": 5.947547435760498,
          "acoustic_entropy_side": 6.047853946685791,
          "hz": 3827.305438964164
        },
        {
          "acoustic_entropy": 6.192989826202393,
          "acoustic_entropy_side": 6.206592559814453,
          "hz": 4228.238232109126
        },
        {
          "acoustic_entropy": 6.051387786865234,
          "acoustic_entropy_side": 6.0866169929504395,
          "hz": 4664.6771572759235
        },
        {
          "acoustic_entropy": 6.197856426239014,
          "acoustic_entropy_side": 6.082659721374512,
          "hz": 5139.766595350093
        },
        {
          "acoustic_entropy": 6.3388519287109375,
          "acoustic_entropy_side": 6.161080837249756,
          "hz": 5656.929389854203
        },
        {
          "acoustic_entropy": 6.365499496459961,
          "acoustic_entropy_side": 6.19130802154541,
          "hz": 6219.891507268283
        },
        {
          "acoustic_entropy": 6.398404598236084,
          "acoustic_entropy_side": 6.216731071472168,
          "hz": 6832.70888123896
        },
        {
          "acoustic_entropy": 6.324625492095947,
          "acoustic_entropy_side": 6.227528095245361,
          "hz": 7499.796634079867
        },
        {
          "acoustic_entropy": 6.237869739532471,
          "acoustic_entropy_side": 6.222447395324707,
          "hz": 8225.96088609342
        },
        {
          "acoustic_entropy": 6.209640026092529,
          "acoustic_entropy_side": 6.223452568054199,
          "hz": 9016.43338188839
        },
        {
          "acoustic_entropy": 6.190619945526123,
          "acoustic_entropy_side": 6.223267555236816,
          "hz": 9876.909183162974
        },
        {
          "acoustic_entropy": 6.186020374298096,
          "acoustic_entropy_side": 6.22310733795166,
          "hz": 10813.587699516042
        },
        {
          "acoustic_entropy": 6.154182434082031,
          "acoustic_entropy_side": 6.22299337387085,
          "hz": 11833.21735289826
        },
        {
          "acoustic_entropy": 6.161251544952393,
          "acoustic_entropy_side": 6.222823143005371,
          "hz": 12943.144197493959
        },
        {
          "acoustic_entropy": 6.2043375968933105,
          "acoustic_entropy_side": 6.222958087921143,
          "hz": 14151.364845322005
        },
        {
          "acoustic_entropy": 6.200293064117432,
          "acoustic_entropy_side": 6.222804546356201,
          "hz": 15466.58407886509
        },
        {
          "acoustic_entropy": 6.207286834716797,
          "acoustic_entropy_side": 6.2227301597595215,
          "hz": 16898.27756580493
        },
        {
          "acoustic_entropy": 6.212083339691162,
          "acoustic_entropy_side": 6.222703456878662,
          "hz": 18456.760127700032
        },
        {
          "acoustic_entropy": 6.2208170890808105,
          "acoustic_entropy_side": 6.222696304321289,
          "hz": 20153.260054456492
        },
        {
          "acoustic_entropy": 6.219038486480713,
          "acoustic_entropy_side": 6.222683906555176,
          "hz": 22000.00000000001
        }
      ],
      "diff_acoustic_entropy": 3.964198350906372,
      "sn": 6
    },
    {
      "acoustic_entropy": 10.785900115966797,
      "acoustic_entropy_mono": 8.266201972961426,
      "band_eliminated_acoustic_entropies": [
        {
          "acoustic_entropy": 10.735243797302246,
          "acoustic_entropy_side": 10.789148330688477,
          "hz": 129.47220167065723
        },
        {
          "acoustic_entropy": 9.871149063110352,
          "acoustic_entropy_side": 9.962028503417969,
          "hz": 202.92927478742237
        },
        {
          "acoustic_entropy": 11.272260665893555,
          "acoustic_entropy_side": 10.821447372436523,
          "hz": 282.89161906338205
        },
        {
          "acoustic_entropy": 10.910951614379883,
          "acoustic_entropy_side": 10.78870677947998,
          "hz": 369.9353335868758
        },
        {
          "acoustic_entropy": 10.948873519897461,
          "acoustic_entropy_side": 10.837297439575195,
          "hz": 464.6875360973435
        },
        {
          "acoustic_entropy": 11.121343612670898,
          "acoustic_entropy_side": 10.789709091186523,
          "hz": 567.8308811364784
        },
        {
          "acoustic_entropy": 11.589110374450684,
          "acoustic_entropy_side": 10.916118621826172,
          "hz": 680.1084783214808
        },
        {
          "acoustic_entropy": 11.628155708312988,
          "acoustic_entropy_side": 11.126350402832031,
          "hz": 802.3292461747484
        },
        {
          "acoustic_entropy": 11.147364616394043,
          "acoustic_entropy_side": 11.01789665222168,
          "hz": 935.3737400823702
        },
        {
          "acoustic_entropy": 10.820235252380371,
          "acoustic_entropy_side": 10.720322608947754,
          "hz": 1080.2004963696966
        },
        {
          "acoustic_entropy": 10.697731018066406,
          "acoustic_entropy_side": 10.823025703430176,
          "hz": 1237.8529382007157
        },
        {
          "acoustic_entropy": 10.790677070617676,
          "acoustic_entropy_side": 10.831218719482422,
          "hz": 1409.4668930556702
        },
        {
          "acoustic_entropy": 10.970575332641602,
          "acoustic_entropy_side": 10.8896484375,
          "hz": 1596.2787759475705
        },
        {
          "acoustic_entropy": 10.627978324890137,
          "acoustic_entropy_side": 10.778474807739258,
          "hz": 1799.6344973346393
        },
        {
          "acoustic_entropy": 10.761396408081055,
          "acoustic_entropy_side": 10.845250129699707,
          "hz": 2020.9991599069049
        },
        {
          "acoustic_entropy": 11.075776100158691,
          "acoustic_entropy_side": 10.769674301147461,
          "hz": 2261.9676141086993
        },
        {
          "acoustic_entropy": 10.239200592041016,
          "acoustic_entropy_side": 10.856386184692383,
          "hz": 2524.2759484456974
        },
        {
          "acoustic_entropy": 10.480232238769531,
          "acoustic_entropy_side": 10.619917869567871,
          "hz": 2809.813997359896
        },
        {
          "acoustic_entropy": 10.974376678466797,
          "acoustic_entropy_side": 10.801108360290527,
          "hz": 3120.6389567871424
        },
        {
          "acoustic_entropy": 10.22362232208252,
          "acoustic_entropy_side": 10.217154502868652,
          "hz": 3458.990205492291
        },
        {
          "acoustic_entropy": 10.65755844116211,
          "acoustic_entropy_side": 10.582572937011719,
          "hz": 3827.305438964164
        },
        {
          "acoustic_entropy": 10.801841735839844,
          "acoustic_entropy_side": 10.782011032104492,
          "hz": 4228.238232109126
        },
        {
          "acoustic_entropy": 10.721202850341797,
          "acoustic_entropy_side": 10.596923828125,
          "hz": 4664.6771572759235
        },
        {
          "acoustic_entropy": 10.738241195678711,
          "acoustic_entropy_side": 10.58101749420166,
          "hz": 5139.766595350093
        },
        {
          "acoustic_entropy": 10.882488250732422,
          "acoustic_entropy_side": 10.697409629821777,
          "hz": 5656.929389854203
        },
        {
          "acoustic_entropy": 10.964020729064941,
          "acoustic_entropy_side": 10.797377586364746,
          "hz": 6219.891507268283
        },
        {
          "acoustic_entropy": 10.98729419708252,
          "acoustic_entropy_side": 10.86093807220459,
          "hz": 6832.70888123896
        },
        {
          "acoustic_entropy": 10.90654182434082,
          "acoustic_entropy_side": 10.854812622070312,
          "hz": 7499.796634079867
        },
        {
          "acoustic_entropy": 10.850465774536133,
          "acoustic_entropy_side": 10.821647644042969,
          "hz": 8225.96088609342
        },
        {
          "acoustic_entropy": 10.773344993591309,
          "acoustic_entropy_side": 10.825469017028809,
          "hz": 9016.43338188839
        },
        {
          "acoustic_entropy": 10.781875610351562,
          "acoustic_entropy_side": 10.808133125305176,
          "hz": 9876.909183162974
        },
        {
          "acoustic_entropy": 10.849679946899414,
          "acoustic_entropy_side": 10.807052612304688,
          "hz": 10813.587699516042
        },
        {
          "acoustic_entropy": 10.837477684020996,
          "acoustic_entropy_side": 10.796003341674805,
          "hz": 11833.21735289826
        },
        {
          "acoustic_entropy": 10.844494819641113,
          "acoustic_entropy_side": 10.785487174987793,
          "hz": 12943.144197493959
        },
        {
          "acoustic_entropy": 10.803727149963379,
          "acoustic_entropy_side": 10.791006088256836,
          "hz": 14151.364845322005
        },
        {
          "acoustic_entropy": 10.871570587158203,
          "acoustic_entropy_side": 10.785136222839355,
          "hz": 15466.58407886509
        },
        {
          "acoustic_entropy": 10.883133888244629,
          "acoustic_entropy_side": 10.78557300567627,
          "hz": 16898.27756580493
        },
        {
          "acoustic_entropy": 10.878175735473633,
          "acoustic_entropy_side": 10.785797119140625,
          "hz": 18456.760127700032
        },
        {
          "acoustic_entropy": 10.824567794799805,
          "acoustic_entropy_side": 10.785809516906738,
          "hz": 20153.260054456492
        },
        {
          "acoustic_entropy": 10.804770469665527,
          "acoustic_entropy_side": 10.785907745361328,
          "hz": 22000.00000000001
        }
      ],
      "diff_acoustic_entropy": 7.53207540512085,
      "sn": 12
    },
    {
      "acoustic_entropy": 14.218168258666992,
      "acoustic_entropy_mono": 11.555303573608398,
      "band_eliminated_acoustic_entropies": [
        {
          "acoustic_entropy": 14.674603462219238,
          "acoustic_entropy_side": 14.391217231750488,
          "hz": 129.47220167065723
        },
        {
          "acoustic_entropy": 15.9187593460083,
          "acoustic_entropy_side": 16.158891677856445,
          "hz": 202.92927478742237
        },
        {
          "acoustic_entropy": 15.141096115112305,
          "acoustic_entropy_side": 14.607865333557129,
          "hz": 282.89161906338205
        },
        {
          "acoustic_entropy": 14.516737937927246,
          "acoustic_entropy_side": 14.571078300476074,
          "hz": 369.9353335868758
        },
        {
          "acoustic_entropy": 14.839452743530273,
          "acoustic_entropy_side": 14.429208755493164,
          "hz": 464.6875360973435
        },
        {
          "acoustic_entropy": 14.234103202819824,
          "acoustic_entropy_side": 14.412934303283691,
          "hz": 567.8308811364784
        },
        {
          "acoustic_entropy": 15.016176223754883,
          "acoustic_entropy_side": 14.449872970581055,
          "hz": 680.1084783214808
        },
        {
          "acoustic_entropy": 14.516901969909668,
          "acoustic_entropy_side": 14.386706352233887,
          "hz": 802.3292461747484
        },
        {
          "acoustic_entropy": 14.81335163116455,
          "acoustic_entropy_side": 15.114675521850586,
          "hz": 935.3737400823702
        },
        {
          "acoustic_entropy": 14.96013355255127,
          "acoustic_entropy_side": 14.603477478027344,
          "hz": 1080.2004963696966
        },
        {
          "acoustic_entropy": 14.425374984741211,
          "acoustic_entropy_side": 14.886743545532227,
          "hz": 1237.8529382007157
        },
        {
          "acoustic_entropy": 14.699769973754883,
          "acoustic_entropy_side": 14.403361320495605,
          "hz": 1409.4668930556702
        },
        {
          "acoustic_entropy": 14.657020568847656,
          "acoustic_entropy_side": 14.372119903564453,
          "hz": 1596.2787759475705
        },
        {
          "acoustic_entropy": 14.70359992980957,
          "acoustic_entropy_side": 14.562889099121094,
          "hz": 1799.6344973346393
        },
        {
          "acoustic_entropy": 14.7992525100708,
          "acoustic_entropy_side": 14.46153736114502,
          "hz": 2020.9991599069049
        },
        {
          "acoustic_entropy": 15.333969116210938,
          "acoustic_entropy_side": 15.022680282592773,
          "hz": 2261.9676141086993
        },
        {
          "acoustic_entropy": 15.010050773620605,
          "acoustic_entropy_side": 14.352052688598633,
          "hz": 2524.2759484456974
        },
        {
          "acoustic_entropy": 15.084692001342773,
          "acoustic_entropy_side": 15.201305389404297,
