{
  "acoustic_entropy": 228.09632873535156,
  "bands": [
    {
      "high_freq": 148.1999969482422,
      "loudness": -35.18161392211914,
      "loudness_range": 25.256732940673828,
      "mid_mean": -34.139793395996094,
      "mid_to_side_loudness": -2.1539692878723145,
      "mid_to_side_loudness_range": 9.990582466125488,
      "side_mean": -35.550994873046875
    },
    {
      "high_freq": 392.3793640136719,
      "loudness": -26.92623519897461,
      "loudness_range": 17.789011001586914,
      "low_freq": 148.1999969482422,
      "mid_mean": -25.37697982788086,
      "mid_to_side_loudness": -2.708019733428955,
      "mid_to_side_loudness_range": 10.275154113769531,
      "side_mean": -28.14178466796875
    },
    {
      "high_freq": 794.6976318359375,
      "loudness": -27.514678955078125,
      "loudness_range": 15.174797058105469,
      "low_freq": 392.3793640136719,
      "mid_mean": -25.748512268066406,
      "mid_to_side_loudness": -3.1342825889587402,
      "mid_to_side_loudness_range": 8.931314468383789,
      "side_mean": -28.937253952026367
    },
    {
      "high_freq": 1457.5709228515625,
      "loudness": -31.203903198242188,
      "loudness_range": 20.143970489501953,
      "low_freq": 794.6976318359375,
      "mid_mean": -29.902076721191406,
      "mid_to_side_loudness": -1.9209990501403809,
      "mid_to_side_loudness_range": 8.024194717407227,
      "side_mean": -31.713855743408203
    },
    {
      "high_freq": 2549.74365234375,
      "loudness": -33.32505798339844,
      "loudness_range": 22.919137954711914,
      "low_freq": 1457.5709228515625,
      "mid_mean": -31.94243049621582,
      "mid_to_side_loudness": -2.127588987350464,
      "mid_to_side_loudness_range": 6.681431293487549,
      "side_mean": -33.689510345458984
    },
    {
      "high_freq": 4349.24462890625,
      "loudness": -34.743141174316406,
      "loudness_range": 20.70536994934082,
      "low_freq": 2549.74365234375,
      "mid_mean": -34.395751953125,
      "mid_to_side_loudness": -1.0668776035308838,
      "mid_to_side_loudness_range": 4.038302898406982,
      "side_mean": -34.48013687133789
    },
    {
      "high_freq": 7314.1640625,
      "loudness": -43.20213317871094,
      "loudness_range": 21.328975677490234,
      "low_freq": 4349.24462890625,
      "mid_mean": -43.74073791503906,
      "mid_to_side_loudness": 0.277023047208786,
      "mid_to_side_loudness_range": 1.6573877334594727,
      "side_mean": -43.483489990234375
    },
    {
      "high_freq": 12199.2666015625,
      "loudness": -54.4184455871582,
      "loudness_range": 26.910232543945312,
      "low_freq": 7314.1640625,
      "mid_mean": -54.48904800415039,
      "mid_to_side_loudness": 1.8477715253829956,
      "mid_to_side_loudness_range": 4.611530780792236,
      "side_mean": -52.88043975830078
    },
    {
      "loudness": -70.147705078125,
      "loudness_range": 12.651466369628906,
      "low_freq": 12199.2666015625,
      "mid_mean": -66.54869842529297,
      "mid_to_side_loudness": 0.5923110842704773,
      "mid_to_side_loudness_range": 1.8407090902328491,
      "side_mean": -66.1897964477539
    }
  ],
  "bands_short": [
    {
      "high_freq": 148.1999969482422,
      "loudness": -38.278411865234375,
      "loudness_range": 25.74318504333496,
      "mid_mean": -37.45426940917969,
      "mid_to_side_loudness": -2.412788152694702,
      "mid_to_side_loudness_range": 12.857776641845703,
      "side_mean": -39.16558074951172
    },
    {
      "high_freq": 392.3793640136719,
      "loudness": -27.195987701416016,
      "loudness_range": 18.911569595336914,
      "low_freq": 148.1999969482422,
      "mid_mean": -25.79954719543457,
      "mid_to_side_loudness": -2.640193223953247,
      "mid_to_side_loudness_range": 12.246504783630371,
      "side_mean": -28.472089767456055
    },
    {
      "high_freq": 794.6976318359375,
      "loudness": -27.51441764831543,
      "loudness_range": 16.2712345123291,
      "low_freq": 392.3793640136719,
      "mid_mean": -25.92606544494629,
      "mid_to_side_loudness": -3.0188944339752197,
      "mid_to_side_loudness_range": 11.561991691589355,
      "side_mean": -28.990768432617188
    },
    {
      "high_freq": 1457.5709228515625,
      "loudness": -31.5046329498291,
      "loudness_range": 21.621044158935547,
      "low_freq": 794.6976318359375,
      "mid_mean": -30.422454833984375,
      "mid_to_side_loudness": -1.7317126989364624,
      "mid_to_side_loudness_range": 10.647693634033203,
      "side_mean": -32.011199951171875
    },
    {
      "high_freq": 2549.74365234375,
      "loudness": -33.84307098388672,
      "loudness_range": 23.250728607177734,
      "low_freq": 1457.5709228515625,
      "mid_mean": -32.599632263183594,
      "mid_to_side_loudness": -2.0268962383270264,
      "mid_to_side_loudness_range": 8.716961860656738,
      "side_mean": -34.142066955566406
    },
    {
      "high_freq": 4349.24462890625,
      "loudness": -34.69868087768555,
      "loudness_range": 21.605005264282227,
      "low_freq": 2549.74365234375,
      "mid_mean": -34.22621536254883,
      "mid_to_side_loudness": -1.0693080425262451,
      "mid_to_side_loudness_range": 6.114092826843262,
      "side_mean": -34.46928787231445
    },
    {
      "high_freq": 7314.1640625,
      "loudness": -43.39652633666992,
      "loudness_range": 22.887741088867188,
      "low_freq": 4349.24462890625,
      "mid_mean": -44.17948913574219,
      "mid_to_side_loudness": 0.23837503790855408,
      "mid_to_side_loudness_range": 3.428581476211548,
      "side_mean": -43.9848747253418
    },
    {
      "high_freq": 12199.2666015625,
      "loudness": -54.80449295043945,
      "loudness_range": 27.486011505126953,
      "low_freq": 7314.1640625,
      "mid_mean": -54.72526168823242,
      "mid_to_side_loudness": 1.6579567193984985,
      "mid_to_side_loudness_range": 4.910130023956299,
      "side_mean": -53.314552307128906
    },
    {
      "loudness": -70.17897033691406,
      "loudness_range": 12.726264953613281,
      "low_freq": 12199.2666015625,
      "mid_mean": -66.54691314697266,
      "mid_to_side_loudness": 0.5677894949913025,
      "mid_to_side_loudness_range": 2.178987503051758,
      "side_mean": -66.2125473022461
    }
  ],
  "bandwidth": 623.6394653320312,
  "channels": 2,
  "covariance": [
    [
      77.20101165771484,
      70.4419937133789,
      30.07077407836914,
      44.57093048095703,
      22.438762664794922,
      34.058387756347656,
      22.428123474121094,
      30.1595401763916,
      31.723968505859375,
      37.11106872558594,
      32.958740234375,
      28.53032875061035,
      33.00279235839844,
      33.2966423034668,
      37.305320739746094,
      36.72556686401367,
      8.760765075683594,
      10.079023361206055
    ],
    [
      70.4419937133789,
      86.0465316772461,
      30.662614822387695,
      45.8812255859375,
      21.576772689819336,
      34.901344299316406,
      23.073076248168945,
      32.26828384399414,
      31.250160217285156,
      37.06081771850586,
      37.98839569091797,
      32.88346862792969,
      37.65854263305664,
      37.03615188598633,
      39.00783157348633,
      38.055938720703125,
      9.236271858215332,
      10.448740005493164
    ],
    [
      30.07077407836914,
      30.662614822387695,
      35.22666931152344,
      37.56203842163086,
      18.82683563232422,
      23.79348373413086,
      20.32625961303711,
      21.999391555786133,
      25.979082107543945,
      25.530315399169922,
      23.23238182067871,
      18.49688720703125,
      23.55020523071289,
      23.53317642211914,
      23.823854446411133,
      25.048654556274414,
      6.351552963256836,
      7.183539867401123
    ],
    [
      44.57093048095703,
      45.8812255859375,
      37.56203842163086,
      53.65855026245117,
      25.0200252532959,
      36.098941802978516,
      26.091102600097656,
      32.317527770996094,
      34.39107894897461,
      38.21963882446289,
      34.15355682373047,
      28.1029109954834,
      34.28172302246094,
      34.10408020019531,
      34.82264709472656,
      34.62129211425781,
      8.560023307800293,
      9.39875316619873
    ],
    [
      22.438762664794922,
      21.576772689819336,
      18.82683563232422,
      25.0200252532959,
      26.262331008911133,
      28.464378356933594,
      24.065019607543945,
      26.609291076660156,
      28.4484920501709,
      28.844165802001953,
      27.98775291442871,
      22.65276336669922,
      28.119651794433594,
      28.544231414794922,
      27.507389068603516,
      28.454395294189453,
      6.432340145111084,
      7.291520595550537
    ],
    [
      34.058387756347656,
      34.901344299316406,
      23.79348373413086,
      36.098941802978516,
      28.464378356933594,
      40.50800323486328,
      30.32725715637207,
      37.208251953125,
      37.18800735473633,
      40.70915603637695,
      37.53550720214844,
      31.91221046447754,
      37.275123596191406,
      37.288143157958984,
      37.702659606933594,
      37.4228630065918,
      8.414105415344238,
      9.307770729064941
    ],
    [
      22.428123474121094,
      23.073076248168945,
      20.32625961303711,
      26.091102600097656,
      24.065019607543945,
      30.32725715637207,
      46.103702545166016,
      46.605247497558594,
      43.975948333740234,
      43.1915168762207,
      40.57634735107422,
      31.804933547973633,
      42.595916748046875,
      43.17499923706055,
      40.71601867675781,
      43.28651809692383,
      9.12972640991211,
      10.655177116394043
    ],
    [
      30.1595401763916,
      32.26828384399414,
      21.999391555786133,
      32.317527770996094,
      26.609291076660156,
      37.208251953125,
      46.605247497558594,
      56.73259353637695,
      48.99125671386719,
      51.702213287353516,
      49.87834930419922,
      40.436241149902344,
      50.057861328125,
      50.96476364135742,
      48.58610534667969,
      49.844566345214844,
      10.489947319030762,
      11.97289752960205
    ],
    [
      31.723968505859375,
      31.250160217285156,
      25.979082107543945,
      34.39107894897461,
      28.4484920501709,
      37.18800735473633,
      43.975948333740234,
      48.99125671386719,
      55.63542556762695,
      55.39598083496094,
      50.73133850097656,
      40.97249221801758,
      52.106773376464844,
      52.90358352661133,
      48.874935150146484,
      51.24654006958008,
      10.67594051361084,
      12.2548246383667
    ],
    [
      37.11106872558594,
      37.06081771850586,
      25.530315399169922,
      38.21963882446289,
      28.844165802001953,
      40.70915603637695,
      43.1915168762207,
      51.702213287353516,
      55.39598083496094,
      65.6692123413086,
      55.199134826660156,
      48.495365142822266,
      58.234806060791016,
      58.454219818115234,
      54.26548385620117,
      54.868656158447266,
      11.533855438232422,
      12.915759086608887
    ],
    [
      32.958740234375,
      37.98839569091797,
      23.23238182067871,
      34.15355682373047,
      27.98775291442871,
      37.53550720214844,
      40.57634735107422,
      49.87834930419922,
      50.73133850097656,
      55.199134826660156,
      67.7577133178711,
      55.00556945800781,
      62.95081329345703,
      63.19575500488281,
      57.45505142211914,
      57.75483322143555,
      11.923015594482422,
      13.402294158935547
    ],
    [
      28.53032875061035,
      32.88346862792969,
      18.49688720703125,
      28.1029109954834,
      22.65276336669922,
      31.91221046447754,
      31.804933547973633,
      40.436241149902344,
      40.97249221801758,
      48.495365142822266,
      55.00556945800781,
      60.71699523925781,
      58.36579132080078,
      58.919376373291016,
      51.68670654296875,
      50.4505729675293,
      10.55427360534668,
      11.755083084106445
    ],
    [
      33.00279235839844,
      37.65854263305664,
      23.55020523071289,
      34.28172302246094,
      28.119651794433594,
      37.275123596191406,
      42.595916748046875,
      50.057861328125,
      52.106773376464844,
      58.234806060791016,
      62.95081329345703,
      58.36579132080078,
      77.75164794921875,
      75.6078872680664,
      62.65422058105469,
      62.85948181152344,
      12.87291431427002,
      14.473055839538574
    ],
    [
      33.2966423034668,
      37.03615188598633,
      23.53317642211914,
      34.10408020019531,
      28.544231414794922,
      37.288143157958984,
      43.17499923706055,
      50.96476364135742,
      52.90358352661133,
      58.454219818115234,
      63.19575500488281,
      58.919376373291016,
      75.6078872680664,
      78.5816650390625,
      62.881893157958984,
      63.32266616821289,
      12.951943397521973,
      14.585241317749023
    ],
    [
      37.305320739746094,
      39.00783157348633,
      23.823854446411133,
      34.82264709472656,
      27.507389068603516,
      37.702659606933594,
      40.71601867675781,
      48.58610534667969,
      48.874935150146484,
      54.26548385620117,
      57.45505142211914,
      51.68670654296875,
      62.65422058105469,
      62.881893157958984,
      66.46269989013672,
      66.3214111328125,
      13.545628547668457,
      15.22835922241211
    ],
    [
      36.72556686401367,
      38.055938720703125,
      25.048654556274414,
      34.62129211425781,
      28.454395294189453,
      37.4228630065918,
      43.28651809692383,
      49.844566345214844,
      51.24654006958008,
      54.868656158447266,
      57.75483322143555,
      50.4505729675293,
      62.85948181152344,
      63.32266616821289,
      66.3214111328125,
      68.27239990234375,
      13.75097942352295,
      15.769667625427246
    ],
    [
      8.760765075683594,
      9.236271858215332,
      6.351552963256836,
      8.560023307800293,
      6.432340145111084,
      8.414105415344238,
      9.12972640991211,
      10.489947319030762,
      10.67594051361084,
      11.533855438232422,
      11.923015594482422,
      10.55427360534668,
      12.87291431427002,
      12.951943397521973,
      13.545628547668457,
      13.75097942352295,
      3.227825403213501,
      3.623974084854126
    ],
    [
      10.079023361206055,
      10.448740005493164,
      7.183539867401123,
      9.39875316619873,
      7.291520595550537,
      9.307770729064941,
      10.655177116394043,
      11.97289752960205,
      12.2548246383667,
      12.915759086608887,
      13.402294158935547,
      11.755083084106445,
      14.473055839538574,
      14.585241317749023,
      15.22835922241211,
      15.769667625427246,
      3.623974084854126,
      4.233388423919678
    ]
  ],
  "covariance_short": [
    [
      82.63455963134766,
      68.90638732910156,
      28.41663932800293,
      39.9069938659668,
      21.804933547973633,
      31.88119888305664,
      23.296831130981445,
      28.890047073364258,
      30.10875129699707,
      32.93840026855469,
      28.094179153442383,
      24.785011291503906,
      34.38657760620117,
      34.31930160522461,
      33.10628128051758,
      32.6007080078125,
      7.396996021270752,
      8.437721252441406
    ],
    [
      68.90638732910156,
      87.81816101074219,
      28.403963088989258,
      42.22801208496094,
      22.6693115234375,
      34.76728820800781,
      24.22195816040039,
      31.328126907348633,
      30.434383392333984,
      34.62552261352539,
      32.56185531616211,
      28.89448356628418,
      38.88414764404297,
      38.33309555053711,
      35.514892578125,
      34.37771224975586,
      7.943140983581543,
      8.86333179473877
    ],
    [
      28.41663932800293,
      28.403963088989258,
      40.79024887084961,
      40.77754592895508,
      20.29500389099121,
      25.58827781677246,
      22.415637969970703,
      23.71361541748047,
      27.100419998168945,
      25.965280532836914,
      23.053197860717773,
      19.452146530151367,
      27.406230926513672,
      27.65912628173828,
      25.392478942871094,
      26.38279151916504,
      6.719606399536133,
      7.505636215209961
    ],
    [
      39.9069938659668,
      42.22801208496094,
      40.77754592895508,
      60.40273666381836,
      26.990915298461914,
      38.52460479736328,
      28.884239196777344,
      34.28476333618164,
      35.74272155761719,
      38.17537307739258,
      33.527469635009766,
      29.112199783325195,
      39.53155517578125,
      39.8065071105957,
      36.355262756347656,
      36.11213302612305,
      8.976573944091797,
      9.781752586364746
    ],
    [
      21.804933547973633,
      22.6693115234375,
      20.29500389099121,
      26.990915298461914,
      31.079347610473633,
      30.4523983001709,
      25.773773193359375,
      27.477052688598633,
      29.267770767211914,
      28.64075469970703,
      27.650896072387695,
      23.23916244506836,
      31.06072998046875,
      31.315305709838867,
      27.642868041992188,
      28.340282440185547,
      6.623229026794434,
      7.369933605194092
    ],
    [
      31.88119888305664,
      34.76728820800781,
      25.58827781677246,
      38.52460479736328,
      30.4523983001709,
      45.662193298339844,
      32.411258697509766,
      38.31605911254883,
      38.12411880493164,
      40.24177551269531,
      36.595542907714844,
      32.61455535888672,
      41.51019287109375,
      41.59255599975586,
      38.045570373535156,
      37.388587951660156,
      8.566006660461426,
      9.307536125183105
    ],
    [
      23.296831130981445,
      24.22195816040039,
      22.415637969970703,
      28.884239196777344,
      25.773773193359375,
      32.411258697509766,
      51.45124053955078,
      48.47201919555664,
      45.33452224731445,
      43.26823806762695,
      40.199275970458984,
      33.53287124633789,
      47.287315368652344,
      48.032962799072266,
      41.75847244262695,
      43.695152282714844,
      9.420602798461914,
      10.733235359191895
    ],
    [
      28.890047073364258,
      31.328126907348633,
      23.71361541748047,
      34.28476333618164,
      27.477052688598633,
      38.31605911254883,
      48.47201919555664,
      60.8554573059082,
      49.01657485961914,
      50.46564865112305,
      47.30143356323242,
      40.374305725097656,
      54.730228424072266,
      55.217933654785156,
      48.61893844604492,
      49.26152801513672,
      10.534114837646484,
      11.752877235412598
    ],
    [
      30.10875129699707,
      30.434383392333984,
      27.100419998168945,
      35.74272155761719,
      29.267770767211914,
      38.12411880493164,
      45.33452224731445,
      49.01657485961914,
      58.82736587524414,
      55.18177795410156,
      48.469539642333984,
      41.5976448059082,
      56.98725128173828,
      57.87483596801758,
      48.972450256347656,
      50.800594329833984,
      10.725234031677246,
      12.128729820251465
    ],
    [
      32.93840026855469,
      34.62552261352539,
      25.965280532836914,
      38.17537307739258,
      28.64075469970703,
      40.24177551269531,
      43.26823806762695,
      50.46564865112305,
      55.18177795410156,
      66.14788818359375,
      52.20908737182617,
      47.18412399291992,
      61.364986419677734,
      62.048282623291016,
      52.70361328125,
      52.97126770019531,
      11.224918365478516,
      12.39177131652832
    ],
    [
      28.094179153442383,
      32.56185531616211,
      23.053197860717773,
      33.527469635009766,
      27.650896072387695,
      36.595542907714844,
      40.199275970458984,
      47.30143356323242,
      48.469539642333984,
      52.20908737182617,
      68.42400360107422,
      56.15187072753906,
      67.04332733154297,
      67.3448257446289,
      56.149925231933594,
      56.12398147583008,
      11.509422302246094,
      12.768302917480469
    ],
    [
      24.785011291503906,
      28.89448356628418,
      19.452146530151367,
      29.112199783325195,
      23.23916244506836,
      32.61455535888672,
      33.53287124633789,
      40.374305725097656,
      41.5976448059082,
      47.18412399291992,
      56.15187072753906,
      63.85532760620117,
      61.38020324707031,
      62.22389221191406,
      52.1084098815918,
      50.79354476928711,
      10.477298736572266,
      11.480562210083008
    ],
    [
      34.38657760620117,
      38.88414764404297,
      27.406230926513672,
      39.53155517578125,
      31.06072998046875,
      41.51019287109375,
      47.287315368652344,
      54.730228424072266,
      56.98725128173828,
      61.364986419677734,
      67.04332733154297,
      61.38020324707031,
      89.00231170654297,
      84.72383117675781,
      68.51295471191406,
      68.66314697265625,
      13.932564735412598,
      15.504371643066406
    ],
    [
      34.31930160522461,
      38.33309555053711,
      27.65912628173828,
      39.8065071105957,
      31.315305709838867,
      41.59255599975586,
      48.032962799072266,
      55.217933654785156,
      57.87483596801758,
      62.048282623291016,
      67.3448257446289,
      62.22389221191406,
      84.72383117675781,
      89.95589447021484,
      68.9122543334961,
      69.22119903564453,
      14.07447338104248,
      15.671695709228516
    ],
    [
      33.10628128051758,
      35.514892578125,
      25.392478942871094,
      36.355262756347656,
      27.642868041992188,
      38.045570373535156,
      41.75847244262695,
      48.61893844604492,
      48.972450256347656,
      52.70361328125,
      56.149925231933594,
      52.1084098815918,
      68.51295471191406,
      68.9122543334961,
      68.23793029785156,
      67.73377990722656,
      13.721817970275879,
      15.288219451904297
    ],
    [
      32.6007080078125,
      34.37771224975586,
      26.38279151916504,
      36.11213302612305,
      28.340282440185547,
      37.388587951660156,
      43.695152282714844,
      49.26152801513672,
      50.800594329833984,
      52.97126770019531,
      56.12398147583008,
      50.79354476928711,
      68.66314697265625,
      69.22119903564453,
      67.73377990722656,
      69.57490539550781,
      13.951178550720215,
      15.850793838500977
    ],
    [
      7.396996021270752,
      7.943140983581543,
      6.719606399536133,
      8.976573944091797,
      6.623229026794434,
      8.566006660461426,
      9.420602798461914,
      10.534114837646484,
      10.725234031677246,
      11.224918365478516,
      11.509422302246094,
      10.477298736572266,
      13.932564735412598,
      14.07447338104248,
      13.721817970275879,
      13.951178550720215,
      3.450807809829712,
      3.8159573078155518
    ],
    [
      8.437721252441406,
      8.86333179473877,
      7.505636215209961,
      9.781752586364746,
      7.369933605194092,
      9.307536125183105,
      10.733235359191895,
      11.752877235412598,
      12.128729820251465,
      12.39177131652832,
      12.768302917480469,
      11.480562210083008,
      15.504371643066406,
      15.671695709228516,
      15.288219451904297,
      15.850793838500977,
      3.8159573078155518,
      4.4970598220825195
    ]
  ],
  "damage": -11.356864929199219,
  "diff_bandwidth": 655.51513671875,
  "dissonance": 6.756964827465055,
  "drr": 3.1668264865875244,
  "dynamics": 4.45408296585083,
  "format": 1245190,
  "frames": 10196928,
  "loudness": -17.477100372314453,
  "loudness_range": 15.130314826965332,
  "loudness_range_short": 15.814513206481934,
  "lowpass_true_peak_15khz": -0.30693280696868896,
  "mastering3_acoustic_entropies": [
    {
      "acoustic_entropy": 5.628343105316162,
      "acoustic_entropy_mono": 5.6423749923706055,
      "band_eliminated_acoustic_entropies": [
        {
          "acoustic_entropy": 5.629350662231445,
          "acoustic_entropy_side": 5.63024377822876,
          "hz": 129.47220167065723
        },
        {
          "acoustic_entropy": 5.400732517242432,
          "acoustic_entropy_side": 5.590569019317627,
          "hz": 202.92927478742237
        },
        {
          "acoustic_entropy": 5.426222801208496,
          "acoustic_entropy_side": 5.421942234039307,
          "hz": 282.89161906338205
        },
        {
          "acoustic_entropy": 5.004969120025635,
          "acoustic_entropy_side": 5.26089334487915,
          "hz": 369.9353335868758
        },
        {
          "acoustic_entropy": 5.762388706207275,
          "acoustic_entropy_side": 5.41197395324707,
          "hz": 464.6875360973435
        },
        {
          "acoustic_entropy": 5.148076057434082,
          "acoustic_entropy_side": 5.891200542449951,
          "hz": 567.8308811364784
        },
        {
          "acoustic_entropy": 5.8498005867004395,
          "acoustic_entropy_side": 5.786102294921875,
          "hz": 680.1084783214808
        },
        {
          "acoustic_entropy": 5.286315441131592,
          "acoustic_entropy_side": 5.620562553405762,
          "hz": 802.3292461747484
        },
        {
          "acoustic_entropy": 5.731482028961182,
          "acoustic_entropy_side": 5.810416221618652,
          "hz": 935.3737400823702
        },
        {
          "acoustic_entropy": 6.075525760650635,
          "acoustic_entropy_side": 5.883370399475098,
          "hz": 1080.2004963696966
        },
        {
          "acoustic_entropy": 5.045221328735352,
          "acoustic_entropy_side": 5.277039527893066,
          "hz": 1237.8529382007157
        },
        {
          "acoustic_entropy": 5.601544380187988,
          "acoustic_entropy_side": 5.156803131103516,
          "hz": 1409.4668930556702
        },
        {
          "acoustic_entropy": 5.352137565612793,
          "acoustic_entropy_side": 5.630246639251709,
          "hz": 1596.2787759475705
        },
        {
          "acoustic_entropy": 5.703770637512207,
          "acoustic_entropy_side": 5.653018951416016,
          "hz": 1799.6344973346393
        },
        {
          "acoustic_entropy": 5.137444496154785,
          "acoustic_entropy_side": 5.484934329986572,
          "hz": 2020.9991599069049
        },
        {
          "acoustic_entropy": 5.3654632568359375,
          "acoustic_entropy_side": 5.17607307434082,
          "hz": 2261.9676141086993
        },
        {
          "acoustic_entropy": 5.740435600280762,
          "acoustic_entropy_side": 5.9173970222473145,
          "hz": 2524.2759484456974
        },
        {
          "acoustic_entropy": 6.056579113006592,
          "acoustic_entropy_side": 6.083333492279053,
          "hz": 2809.813997359896
        },
        {
          "acoustic_entropy": 5.4328742027282715,
          "acoustic_entropy_side": 5.584488391876221,
          "hz": 3120.6389567871424
        },
        {
          "acoustic_entropy": 5.267365455627441,
          "acoustic_entropy_side": 5.587126731872559,
          "hz": 3458.990205492291
        },
        {
          "acoustic_entropy": 5.710054397583008,
          "acoustic_entropy_side": 5.71873140335083,
          "hz": 3827.305438964164
        },
        {
          "acoustic_entropy": 5.404269218444824,
          "acoustic_entropy_side": 5.528885364532471,
          "hz": 4228.238232109126
        },
        {
          "acoustic_entropy": 5.4817681312561035,
          "acoustic_entropy_side": 5.865773677825928,
          "hz": 4664.6771572759235
        },
        {
          "acoustic_entropy": 5.797368049621582,
          "acoustic_entropy_side": 5.692663669586182,
          "hz": 5139.766595350093
        },
        {
          "acoustic_entropy": 5.760260105133057,
          "acoustic_entropy_side": 5.691629886627197,
          "hz": 5656.929389854203
        },
        {
          "acoustic_entropy": 5.63096284866333,
          "acoustic_entropy_side": 5.618383407592773,
          "hz": 6219.891507268283
        },
        {
          "acoustic_entropy": 5.736811637878418,
          "acoustic_entropy_side": 5.675003528594971,
          "hz": 6832.70888123896
        },
        {
          "acoustic_entropy": 5.659475803375244,
          "acoustic_entropy_side": 5.645173072814941,
          "hz": 7499.796634079867
        },
        {
          "acoustic_entropy": 5.639239311218262,
          "acoustic_entropy_side": 5.632633209228516,
          "hz": 8225.96088609342
        },
        {
          "acoustic_entropy": 5.6390604972839355,
          "acoustic_entropy_side": 5.634628772735596,
          "hz": 9016.43338188839
        },
        {
          "acoustic_entropy": 5.630385398864746,
          "acoustic_entropy_side": 5.629337310791016,
          "hz": 9876.909183162974
        },
        {
          "acoustic_entropy": 5.628864765167236,
          "acoustic_entropy_side": 5.6284565925598145,
          "hz": 10813.587699516042
        },
        {
          "acoustic_entropy": 5.62822961807251,
          "acoustic_entropy_side": 5.6282572746276855,
          "hz": 11833.21735289826
        },
        {
          "acoustic_entropy": 5.628337383270264,
          "acoustic_entropy_side": 5.628340244293213,
          "hz": 12943.144197493959
        },
        {
          "acoustic_entropy": 5.62834358215332,
          "acoustic_entropy_side": 5.628342628479004,
          "hz": 14151.364845322005
        },
        {
          "acoustic_entropy": 5.628343105316162,
          "acoustic_entropy_side": 5.628342628479004,
          "hz": 15466.58407886509
        },
        {
          "acoustic_entropy": 5.628343105316162,
          "acoustic_entropy_side": 5.628343105316162,
          "hz": 16898.27756580493
        },
        {
          "acoustic_entropy": 5.628343105316162,
          "acoustic_entropy_side": 5.628343105316162,
          "hz": 18456.760127700032
        },
        {
          "acoustic_entropy": 5.628343105316162,
          "acoustic_entropy_side": 5.628343105316162,
          "hz": 20153.260054456492
        },
        {
          "acoustic_entropy": 5.628343105316162,
          "acoustic_entropy_side": 5.628343105316162,
          "hz": 22000.00000000001
        }
      ],
      "diff_acoustic_entropy": 1.6018764972686768,
      "sn": 6
    },
    {
      "acoustic_entropy": 9.746186256408691,
      "acoustic_entropy_mono": 9.454894065856934,
      "band_eliminated_acoustic_entropies": [
        {
          "acoustic_entropy": 9.783724784851074,
          "acoustic_entropy_side": 9.714164733886719,
          "hz": 129.47220167065723
        },
        {
          "acoustic_entropy": 9.214255332946777,
          "acoustic_entropy_side": 9.360538482666016,
          "hz": 202.92927478742237
        },
        {
          "acoustic_entropy": 9.441025733947754,
          "acoustic_entropy_side": 9.453360557556152,
          "hz": 282.89161906338205
        },
        {
          "acoustic_entropy": 9.521982192993164,
          "acoustic_entropy_side": 10.081438064575195,
          "hz": 369.9353335868758
        },
        {
          "acoustic_entropy": 9.799920082092285,
          "acoustic_entropy_side": 9.9052095413208,
          "hz": 464.6875360973435
        },
        {
          "acoustic_entropy": 9.85545539855957,
          "acoustic_entropy_side": 9.78684139251709,
          "hz": 567.8308811364784
        },
        {
          "acoustic_entropy": 9.422082901000977,
          "acoustic_entropy_side": 10.37311840057373,
          "hz": 680.1084783214808
        },
        {
          "acoustic_entropy": 10.236213684082031,
          "acoustic_entropy_side": 9.90826416015625,
          "hz": 802.3292461747484
        },
        {
          "acoustic_entropy": 9.921257972717285,
          "acoustic_entropy_side": 9.804333686828613,
          "hz": 935.3737400823702
        },
        {
          "acoustic_entropy": 10.821137428283691,
          "acoustic_entropy_side": 10.453047752380371,
          "hz": 1080.2004963696966
        },
        {
          "acoustic_entropy": 9.522468566894531,
          "acoustic_entropy_side": 9.72838020324707,
          "hz": 1237.8529382007157
        },
        {
          "acoustic_entropy": 10.162413597106934,
          "acoustic_entropy_side": 9.846651077270508,
          "hz": 1409.4668930556702
        },
        {
          "acoustic_entropy": 9.846210479736328,
          "acoustic_entropy_side": 9.900583267211914,
          "hz": 1596.2787759475705
        },
        {
          "acoustic_entropy": 10.276354789733887,
          "acoustic_entropy_side": 10.007877349853516,
          "hz": 1799.6344973346393
        },
        {
          "acoustic_entropy": 9.545069694519043,
          "acoustic_entropy_side": 9.504693984985352,
          "hz": 2020.9991599069049
        },
        {
          "acoustic_entropy": 9.93820571899414,
          "acoustic_entropy_side": 10.007938385009766,
          "hz": 2261.9676141086993
        },
        {
          "acoustic_entropy": 10.205633163452148,
          "acoustic_entropy_side": 10.178873062133789,
          "hz": 2524.2759484456974
        },
        {
          "acoustic_entropy": 9.83542537689209,
          "acoustic_entropy_side": 10.02917194366455,
          "hz": 2809.813997359896
        },
        {
          "acoustic_entropy": 9.720235824584961,
          "acoustic_entropy_side": 9.662423133850098,
          "hz": 3120.6389567871424
        },
        {
          "acoustic_entropy": 9.889532089233398,
          "acoustic_entropy_side": 9.900036811828613,
          "hz": 3458.990205492291
        },
        {
          "acoustic_entropy": 9.942543983459473,
          "acoustic_entropy_side": 9.95560073852539,
          "hz": 3827.305438964164
        },
        {
          "acoustic_entropy": 9.638952255249023,
          "acoustic_entropy_side": 9.846409797668457,
          "hz": 4228.238232109126
        },
        {
          "acoustic_entropy": 9.343811988830566,
          "acoustic_entropy_side": 9.675987243652344,
          "hz": 4664.6771572759235
        },
        {
          "acoustic_entropy": 9.85599136352539,
          "acoustic_entropy_side": 9.78870964050293,
          "hz": 5139.766595350093
        },
        {
          "acoustic_entropy": 9.912055969238281,
          "acoustic_entropy_side": 9.82658863067627,
          "hz": 5656.929389854203
        },
        {
          "acoustic_entropy": 9.855775833129883,
          "acoustic_entropy_side": 9.800143241882324,
          "hz": 6219.891507268283
        },
        {
          "acoustic_entropy": 9.82819652557373,
          "acoustic_entropy_side": 9.802474021911621,
          "hz": 6832.70888123896
        },
        {
          "acoustic_entropy": 9.802848815917969,
          "acoustic_entropy_side": 9.778772354125977,
          "hz": 7499.796634079867
        },
        {
          "acoustic_entropy": 9.804239273071289,
          "acoustic_entropy_side": 9.781645774841309,
          "hz": 8225.96088609342
        },
        {
          "acoustic_entropy": 9.771450996398926,
          "acoustic_entropy_side": 9.765581130981445,
          "hz": 9016.43338188839
        },
        {
          "acoustic_entropy": 9.764728546142578,
          "acoustic_entropy_side": 9.757582664489746,
          "hz": 9876.909183162974
        },
        {
          "acoustic_entropy": 9.755433082580566,
          "acoustic_entropy_side": 9.75291919708252,
          "hz": 10813.587699516042
        },
        {
          "acoustic_entropy": 9.747689247131348,
          "acoustic_entropy_side": 9.747347831726074,
          "hz": 11833.21735289826
        },
        {
          "acoustic_entropy": 9.746408462524414,
          "acoustic_entropy_side": 9.746344566345215,
          "hz": 12943.144197493959
        },
        {
          "acoustic_entropy": 9.746200561523438,
          "acoustic_entropy_side": 9.746193885803223,
          "hz": 14151.364845322005
        },
        {
          "acoustic_entropy": 9.746187210083008,
          "acoustic_entropy_side": 9.746186256408691,
          "hz": 15466.58407886509
        },
        {
          "acoustic_entropy": 9.746186256408691,
          "acoustic_entropy_side": 9.746186256408691,
          "hz": 16898.27756580493
        },
        {
          "acoustic_entropy": 9.746186256408691,
          "acoustic_entropy_side": 9.746186256408691,
          "hz": 18456.760127700032
        },
        {
          "acoustic_entropy": 9.746186256408691,
          "acoustic_entropy_side": 9.746186256408691,
          "hz": 20153.260054456492
        },
        {
          "acoustic_entropy": 9.746186256408691,
          "acoustic_entropy_side": 9.746186256408691,
          "hz": 22000.00000000001
        }
      ],
      "diff_acoustic_entropy": 3.676989793777466,
      "sn": 12
    },
    {
      "acoustic_entropy": 16.588945388793945,
      "acoustic_entropy_mono": 14.639445304870605,
      "band_eliminated_acoustic_entropies": [
        {
          "acoustic_entropy": 16.60295867919922,
          "acoustic_entropy_side": 16.512718200683594,
          "hz": 129.47220167065723
        },
        {
          "acoustic_entropy": 14.600360870361328,
          "acoustic_entropy_side": 15.613103866577148,
          "hz": 202.92927478742237
        },
        {
          "acoustic_entropy": 15.885764122009277,
          "acoustic_entropy_side": 16.04079246520996,
          "hz": 282.89161906338205
        },
        {
          "acoustic_entropy": 16.255619049072266,
          "acoustic_entropy_side": 17.640766143798828,
          "hz": 369.9353335868758
        },
        {
          "acoustic_entropy": 16.635967254638672,
          "acoustic_entropy_side": 16.38802146911621,
          "hz": 464.6875360973435
        },
        {
          "acoustic_entropy": 16.732295989990234,
          "acoustic_entropy_side": 16.74483871459961,
          "hz": 567.8308811364784
        },
        {
          "acoustic_entropy": 17.123085021972656,
          "acoustic_entropy_side": 17.420467376708984,
          "hz": 680.1084783214808
        },
        {
          "acoustic_entropy": 16.193880081176758,
          "acoustic_entropy_side": 16.22098159790039,
          "hz": 802.3292461747484
        },
        {
          "acoustic_entropy": 16.305721282958984,
          "acoustic_entropy_side": 16.164363861083984,
          "hz": 935.3737400823702
        },
        {
          "acoustic_entropy": 16.74204444885254,
          "acoustic_entropy_side": 17.594301223754883,
          "hz": 1080.2004963696966
        },
        {
          "acoustic_entropy": 16.363523483276367,
          "acoustic_entropy_side": 16.421077728271484,
          "hz": 1237.8529382007157
        },
        {
          "acoustic_entropy": 16.613346099853516,
          "acoustic_entropy_side": 15.70934772491455,
          "hz": 1409.4668930556702
        },
        {
          "acoustic_entropy": 17.02901840209961,
          "acoustic_entropy_side": 16.86798858642578,
          "hz": 1596.2787759475705
        },
        {
          "acoustic_entropy": 17.06201934814453,
          "acoustic_entropy_side": 17.268104553222656,
          "hz": 1799.6344973346393
        },
        {
          "acoustic_entropy": 16.833642959594727,
          "acoustic_entropy_side": 17.120018005371094,
          "hz": 2020.9991599069049
        },
        {
          "acoustic_entropy": 16.220680236816406,
          "acoustic_entropy_side": 16.53830337524414,
          "hz": 2261.9676141086993
        },
        {
          "acoustic_entropy": 16.585613250732422,
          "acoustic_entropy_side": 16.43659019470215,
          "hz": 2524.2759484456974
        },
        {
          "acoustic_entropy": 17.12833023071289,
          "acoustic_entropy_side": 16.828975677490234,
          "hz": 2809.813997359896
        },
        {
          "acoustic_entropy": 17.338834762573242,
          "acoustic_entropy_side": 17.01666259765625,
          "hz": 3120.6389567871424
        },
        {
          "acoustic_entropy": 15.86642837524414,
          "acoustic_entropy_side": 16.389280319213867,
