{
  "acoustic_entropy": 178.4750213623047,
  "bands": [
    {
      "high_freq": 148.1999969482422,
      "loudness": -27.627696990966797,
      "loudness_range": 12.43557357788086,
      "mid_mean": -26.95280647277832,
      "mid_to_side_loudness": -0.44711408019065857,
      "mid_to_side_loudness_range": 4.749768257141113,
      "side_mean": -27.163719177246094
    },
    {
      "high_freq": 392.3793640136719,
      "loudness": -25.932350158691406,
      "loudness_range": 10.191089630126953,
      "low_freq": 148.1999969482422,
      "mid_mean": -23.84925651550293,
      "mid_to_side_loudness": -4.039026260375977,
      "mid_to_side_loudness_range": 7.426918983459473,
      "side_mean": -27.95446014404297
    },
    {
      "high_freq": 794.6976318359375,
      "loudness": -24.92249870300293,
      "loudness_range": 14.564260482788086,
      "low_freq": 392.3793640136719,
      "mid_mean": -21.6218204498291,
      "mid_to_side_loudness": -11.215123176574707,
      "mid_to_side_loudness_range": 14.249248504638672,
      "side_mean": -33.5252685546875
    },
    {
      "high_freq": 1457.5709228515625,
      "loudness": -30.667123794555664,
      "loudness_range": 17.03216552734375,
      "low_freq": 794.6976318359375,
      "mid_mean": -27.579198837280273,
      "mid_to_side_loudness": -8.366511344909668,
      "mid_to_side_loudness_range": 8.843375205993652,
      "side_mean": -36.46953201293945
    },
    {
      "high_freq": 2549.74365234375,
      "loudness": -34.31797790527344,
      "loudness_range": 13.240930557250977,
      "low_freq": 1457.5709228515625,
      "mid_mean": -31.619470596313477,
      "mid_to_side_loudness": -5.973711967468262,
      "mid_to_side_loudness_range": 5.438671112060547,
      "side_mean": -37.81436538696289
    },
    {
      "high_freq": 4349.24462890625,
      "loudness": -35.8829231262207,
      "loudness_range": 9.846572875976562,
      "low_freq": 2549.74365234375,
      "mid_mean": -34.40103530883789,
      "mid_to_side_loudness": -1.8759311437606812,
      "mid_to_side_loudness_range": 2.530623435974121,
      "side_mean": -36.31867599487305
    },
    {
      "high_freq": 7314.1640625,
      "loudness": -35.11258316040039,
      "loudness_range": 7.808843612670898,
      "low_freq": 4349.24462890625,
      "mid_mean": -34.82804489135742,
      "mid_to_side_loudness": 0.7154501676559448,
      "mid_to_side_loudness_range": 1.656718373298645,
      "side_mean": -34.13736343383789
    },
    {
      "high_freq": 12199.2666015625,
      "loudness": -37.049346923828125,
      "loudness_range": 7.408973693847656,
      "low_freq": 7314.1640625,
      "mid_mean": -36.86545944213867,
      "mid_to_side_loudness": 0.9722043871879578,
      "mid_to_side_loudness_range": 1.8281888961791992,
      "side_mean": -35.93803024291992
    },
    {
      "loudness": -46.97901153564453,
      "loudness_range": 9.310169219970703,
      "low_freq": 12199.2666015625,
      "mid_mean": -46.73592758178711,
      "mid_to_side_loudness": -0.1839696764945984,
      "mid_to_side_loudness_range": 1.2188514471054077,
      "side_mean": -47.07111358642578
    }
  ],
  "bands_short": [
    {
      "high_freq": 148.1999969482422,
      "loudness": -31.117733001708984,
      "loudness_range": 21.141164779663086,
      "mid_mean": -30.636594772338867,
      "mid_to_side_loudness": -0.5589454770088196,
      "mid_to_side_loudness_range": 9.561724662780762,
      "side_mean": -30.81875991821289
    },
    {
      "high_freq": 392.3793640136719,
      "loudness": -27.243228912353516,
      "loudness_range": 13.566164016723633,
      "low_freq": 148.1999969482422,
      "mid_mean": -25.5627498626709,
      "mid_to_side_loudness": -2.7625763416290283,
      "mid_to_side_loudness_range": 7.0611724853515625,
      "side_mean": -28.351930618286133
    },
    {
      "high_freq": 794.6976318359375,
      "loudness": -27.120136260986328,
      "loudness_range": 19.78360939025879,
      "low_freq": 392.3793640136719,
      "mid_mean": -24.061939239501953,
      "mid_to_side_loudness": -9.799221992492676,
      "mid_to_side_loudness_range": 15.420089721679688,
      "side_mean": -34.445926666259766
    },
    {
      "high_freq": 1457.5709228515625,
      "loudness": -30.947662353515625,
      "loudness_range": 23.67483901977539,
      "low_freq": 794.6976318359375,
      "mid_mean": -27.876508712768555,
      "mid_to_side_loudness": -9.20635986328125,
      "mid_to_side_loudness_range": 13.479171752929688,
      "side_mean": -37.74679183959961
    },
    {
      "high_freq": 2549.74365234375,
      "loudness": -36.1572265625,
      "loudness_range": 17.7947940826416,
      "low_freq": 1457.5709228515625,
      "mid_mean": -33.561946868896484,
      "mid_to_side_loudness": -5.695939064025879,
      "mid_to_side_loudness_range": 6.835420608520508,
      "side_mean": -39.45747756958008
    },
    {
      "high_freq": 4349.24462890625,
      "loudness": -36.82046890258789,
      "loudness_range": 12.556756973266602,
      "low_freq": 2549.74365234375,
      "mid_mean": -35.310420989990234,
      "mid_to_side_loudness": -2.001868963241577,
      "mid_to_side_loudness_range": 3.934053897857666,
      "side_mean": -37.341224670410156
    },
    {
      "high_freq": 7314.1640625,
      "loudness": -35.93309020996094,
      "loudness_range": 11.707296371459961,
      "low_freq": 4349.24462890625,
      "mid_mean": -35.73301315307617,
      "mid_to_side_loudness": 0.7622846364974976,
      "mid_to_side_loudness_range": 3.338773727416992,
      "side_mean": -34.95989990234375
    },
    {
      "high_freq": 12199.2666015625,
      "loudness": -38.63778305053711,
      "loudness_range": 13.174198150634766,
      "low_freq": 7314.1640625,
      "mid_mean": -38.64197540283203,
      "mid_to_side_loudness": 1.2224781513214111,
      "mid_to_side_loudness_range": 3.264387607574463,
      "side_mean": -37.489017486572266
    },
    {
      "loudness": -50.17732620239258,
      "loudness_range": 17.773605346679688,
      "low_freq": 12199.2666015625,
      "mid_mean": -49.310874938964844,
      "mid_to_side_loudness": -0.21782244741916656,
      "mid_to_side_loudness_range": 3.04788875579834,
      "side_mean": -50.1887092590332
    }
  ],
  "bandwidth": 573.66455078125,
  "channels": 2,
  "covariance": [
    [
      20.77794075012207,
      19.58685874938965,
      4.223645210266113,
      1.94829523563385,
      3.751960277557373,
      4.053173542022705,
      3.4883229732513428,
      4.957548141479492,
      5.581612586975098,
      5.845617294311523,
      5.012528419494629,
      4.490571022033691,
      3.1390926837921143,
      3.207293748855591,
      1.9150515794754028,
      2.019662380218506,
      2.985384464263916,
      3.1229841709136963
    ],
    [
      19.58685874938965,
      22.26861572265625,
      2.275540828704834,
      -0.263202041387558,
      3.682111978530884,
      3.385674238204956,
      1.1935845613479614,
      3.0602052211761475,
      3.9315176010131836,
      4.19152307510376,
      3.7131457328796387,
      3.3152458667755127,
      2.599886178970337,
      2.524358034133911,
      1.5587782859802246,
      1.5052869319915771,
      2.411449670791626,
      2.5817418098449707
    ],
    [
      4.223645210266113,
      2.275540828704834,
      17.670307159423828,
      12.632293701171875,
      8.030782699584961,
      8.152144432067871,
      11.244956970214844,
      11.977971076965332,
      11.255308151245117,
      10.768983840942383,
      8.240133285522461,
      7.394942283630371,
      4.990377426147461,
      5.540937900543213,
      3.127631187438965,
      3.285773754119873,
      5.043326377868652,
      5.308537483215332
    ],
    [
      1.94829523563385,
      -0.263202041387558,
      12.632293701171875,
      15.528326988220215,
      3.1229352951049805,
      6.018608570098877,
      7.306330680847168,
      8.83404541015625,
      7.171051979064941,
      7.605790138244629,
      7.110201835632324,
      6.905343532562256,
      5.610735893249512,
      6.092889785766602,
      3.772000312805176,
      4.094565391540527,
      5.490212917327881,
      5.7464141845703125
    ],
    [
      3.751960277557373,
      3.682111978530884,
      8.030782699584961,
      3.1229352951049805,
      31.642894744873047,
      14.09921932220459,
      9.738717079162598,
      8.096778869628906,
      13.441560745239258,
      11.143827438354492,
      8.612666130065918,
      7.403416156768799,
      3.4563496112823486,
      4.360323905944824,
      2.878920793533325,
      2.786747694015503,
      4.161480903625488,
      4.268960475921631
    ],
    [
      4.053173542022705,
      3.385674238204956,
      8.152144432067871,
      6.018608570098877,
      14.09921932220459,
      15.3558931350708,
      8.438911437988281,
      9.561970710754395,
      11.915069580078125,
      10.860626220703125,
      9.853730201721191,
      8.935477256774902,
      5.320196628570557,
      5.869482040405273,
      4.071056365966797,
      4.28620719909668,
      4.6899518966674805,
      4.867396831512451
    ],
    [
      3.4883229732513428,
      1.1935845613479614,
      11.244956970214844,
      7.306330680847168,
      9.738717079162598,
      8.438911437988281,
      39.84517288208008,
      31.00820541381836,
      19.484304428100586,
      17.536218643188477,
      11.38668155670166,
      8.82682991027832,
      4.2609968185424805,
      4.962460041046143,
      3.1424784660339355,
      3.5625884532928467,
      4.359127044677734,
      4.556214809417725
    ],
    [
      4.957548141479492,
      3.0602052211761475,
      11.977971076965332,
      8.83404541015625,
      8.096778869628906,
      9.561970710754395,
      31.00820541381836,
      29.908123016357422,
      18.43450355529785,
      17.479122161865234,
      12.122782707214355,
      10.10879898071289,
      6.24163818359375,
      6.920226573944092,
      4.700496196746826,
      5.083898544311523,
      5.632623672485352,
      5.898121356964111
    ],
    [
      5.581612586975098,
      3.9315176010131836,
      11.255308151245117,
      7.171051979064941,
      13.441560745239258,
      11.915069580078125,
      19.484304428100586,
      18.43450355529785,
      24.957361221313477,
      21.272018432617188,
      12.023564338684082,
      9.792141914367676,
      5.738150119781494,
      6.393308162689209,
      4.499826908111572,
      4.824129104614258,
      4.839934825897217,
      5.063055038452148
    ],
    [
      5.845617294311523,
      4.19152307510376,
      10.768983840942383,
      7.605790138244629,
      11.143827438354492,
      10.860626220703125,
      17.536218643188477,
      17.479122161865234,
      21.272018432617188,
      21.17706871032715,
      13.119625091552734,
      11.388320922851562,
      6.734700679779053,
      7.4424004554748535,
      4.479584693908691,
      4.840921401977539,
      5.7949934005737305,
      6.087324619293213
    ],
    [
      5.012528419494629,
      3.7131457328796387,
      8.240133285522461,
      7.110201835632324,
      8.612666130065918,
      9.853730201721191,
      11.38668155670166,
      12.122782707214355,
      12.023564338684082,
      13.119625091552734,
      15.86588191986084,
      14.967511177062988,
      9.658642768859863,
      10.28581714630127,
      5.931837558746338,
      6.509265422821045,
      10.009088516235352,
      10.468965530395508
    ],
    [
      4.490571022033691,
      3.3152458667755127,
      7.394942283630371,
      6.905343532562256,
      7.403416156768799,
      8.935477256774902,
      8.82682991027832,
      10.10879898071289,
      9.792141914367676,
      11.388320922851562,
      14.967511177062988,
      15.1260986328125,
      9.89162540435791,
      10.460821151733398,
      6.160274505615234,
      6.701650619506836,
      10.451416015625,
      10.909324645996094
    ],
    [
      3.1390926837921143,
      2.599886178970337,
      4.990377426147461,
      5.610735893249512,
      3.4563496112823486,
      5.320196628570557,
      4.2609968185424805,
      6.24163818359375,
      5.738150119781494,
      6.734700679779053,
      9.658642768859863,
      9.89162540435791,
      11.055307388305664,
      10.677397727966309,
      7.143398761749268,
      7.481711387634277,
      10.039924621582031,
      10.374978065490723
    ],
    [
      3.207293748855591,
      2.524358034133911,
      5.540937900543213,
      6.092889785766602,
      4.360323905944824,
      5.869482040405273,
      4.962460041046143,
      6.920226573944092,
      6.393308162689209,
      7.4424004554748535,
      10.28581714630127,
      10.460821151733398,
      10.677397727966309,
      11.665452003479004,
      7.116952896118164,
      7.543038368225098,
      10.373818397521973,
      10.695249557495117
    ],
    [
      1.9150515794754028,
      1.5587782859802246,
      3.127631187438965,
      3.772000312805176,
      2.878920793533325,
      4.071056365966797,
      3.1424784660339355,
      4.700496196746826,
      4.499826908111572,
      4.479584693908691,
      5.931837558746338,
      6.160274505615234,
      7.143398761749268,
      7.116952896118164,
      8.215872764587402,
      8.242293357849121,
      9.078377723693848,
      9.172598838806152
    ],
    [
      2.019662380218506,
      1.5052869319915771,
      3.285773754119873,
      4.094565391540527,
      2.786747694015503,
      4.28620719909668,
      3.5625884532928467,
      5.083898544311523,
      4.824129104614258,
      4.840921401977539,
      6.509265422821045,
      6.701650619506836,
      7.481711387634277,
      7.543038368225098,
      8.242293357849121,
      8.549301147460938,
      9.105589866638184,
      9.192276000976562
    ],
    [
      2.985384464263916,
      2.411449670791626,
      5.043326377868652,
      5.490212917327881,
      4.161480903625488,
      4.6899518966674805,
      4.359127044677734,
      5.632623672485352,
      4.839934825897217,
      5.7949934005737305,
      10.009088516235352,
      10.451416015625,
      10.039924621582031,
      10.373818397521973,
      9.078377723693848,
      9.105589866638184,
      24.7790584564209,
      24.80083656311035
    ],
    [
      3.1229841709136963,
      2.5817418098449707,
      5.308537483215332,
      5.7464141845703125,
      4.268960475921631,
      4.867396831512451,
      4.556214809417725,
      5.898121356964111,
      5.063055038452148,
      6.087324619293213,
      10.468965530395508,
      10.909324645996094,
      10.374978065490723,
      10.695249557495117,
      9.172598838806152,
      9.192276000976562,
      24.80083656311035,
      25.74028968811035
    ]
  ],
  "covariance_short": [
    [
      53.30594253540039,
      51.57440185546875,
      10.255160331726074,
      9.749834060668945,
      10.199546813964844,
      8.340078353881836,
      7.473674297332764,
      7.535308361053467,
      9.567194938659668,
      9.629486083984375,
      8.192870140075684,
      7.973130702972412,
      8.32346248626709,
      8.392019271850586,
      9.069005966186523,
      9.1882963180542,
      12.343015670776367,
      12.438248634338379
    ],
    [
      51.57440185546875,
      64.95658111572266,
      8.535822868347168,
      8.677348136901855,
      10.802382469177246,
      8.348295211791992,
      5.6386613845825195,
      6.477895259857178,
      8.7548246383667,
      8.825251579284668,
      7.948498725891113,
      7.8686442375183105,
      8.468541145324707,
      8.33686351776123,
      9.207404136657715,
      9.155945777893066,
      12.097867965698242,
      12.1296968460083
    ],
    [
      10.255160331726074,
      8.535822868347168,
      24.534936904907227,
      21.12344741821289,
      10.09489631652832,
      11.529376029968262,
      14.013192176818848,
      15.921708106994629,
      14.839593887329102,
      14.78198528289795,
      11.285350799560547,
      10.739967346191406,
      9.667546272277832,
      9.902678489685059,
      9.833033561706543,
      9.671858787536621,
      11.830957412719727,
      12.105769157409668
    ],
    [
      9.749834060668945,
      8.677348136901855,
      21.12344741821289,
      24.535747528076172,
      6.241495609283447,
      9.595142364501953,
      10.020344734191895,
      12.763675689697266,
      11.04581069946289,
      11.777801513671875,
      9.980074882507324,
      9.91513442993164,
      10.26528549194336,
      10.48324966430664,
      10.538681983947754,
      10.449117660522461,
      13.242422103881836,
      13.527325630187988
    ],
    [
      10.199546813964844,
      10.802382469177246,
      10.09489631652832,
      6.241495609283447,
      54.30293273925781,
      26.412498474121094,
      31.764741897583008,
      20.967435836791992,
      27.276723861694336,
      22.549274444580078,
      15.34656810760498,
      13.479141235351562,
      7.68209981918335,
      8.277624130249023,
      7.615365505218506,
      7.558802127838135,
      8.864628791809082,
      8.91637897491455
    ],
    [
      8.340078353881836,
      8.348295211791992,
      11.529376029968262,
      9.595142364501953,
      26.412498474121094,
      25.57592010498047,
      17.656579971313477,
      17.671031951904297,
      20.94452476501465,
      19.219619750976562,
      14.653727531433105,
      13.64231014251709,
      9.97646713256836,
      10.393881797790527,
      10.138837814331055,
      10.059945106506348,
      10.837777137756348,
      11.033197402954102
    ],
    [
      7.473674297332764,
      5.6386613845825195,
      14.013192176818848,
      10.020344734191895,
      31.764741897583008,
      17.656579971313477,
      71.282470703125,
      46.07060241699219,
      35.827659606933594,
      30.735469818115234,
      19.210437774658203,
      16.398923873901367,
      9.478926658630371,
      10.63173770904541,
      9.568224906921387,
      9.875482559204102,
      11.030160903930664,
      11.333925247192383
    ],
    [
      7.535308361053467,
      6.477895259857178,
      15.921708106994629,
      12.763675689697266,
      20.967435836791992,
      17.671031951904297,
      46.07060241699219,
      43.66587448120117,
      30.43353843688965,
      28.170740127563477,
      18.941089630126953,
      16.84332847595215,
      11.211365699768066,
      12.126914024353027,
      11.346966743469238,
      11.293272972106934,
      12.62026596069336,
      12.99293327331543
    ],
    [
      9.567194938659668,
      8.7548246383667,
      14.839593887329102,
      11.04581069946289,
      27.276723861694336,
      20.94452476501465,
      35.827659606933594,
      30.43353843688965,
      40.391719818115234,
      34.287269592285156,
      20.78989601135254,
      18.19206428527832,
      11.885855674743652,
      12.730831146240234,
      11.55674934387207,
      11.572672843933105,
      13.260252952575684,
      13.642029762268066
    ],
    [
      9.629486083984375,
      8.825251579284668,
      14.78198528289795,
      11.777801513671875,
      22.549274444580078,
      19.219619750976562,
      30.735469818115234,
      28.170740127563477,
      34.287269592285156,
      34.02284240722656,
      20.844566345214844,
      19.351604461669922,
      13.150561332702637,
      13.587265014648438,
      12.258822441101074,
      12.100532531738281,
      14.319833755493164,
      14.695069313049316
    ],
    [
      8.192870140075684,
      7.948498725891113,
      11.285350799560547,
      9.980074882507324,
      15.34656810760498,
      14.653727531433105,
      19.210437774658203,
      18.941089630126953,
      20.78989601135254,
      20.844566345214844,
      22.63002586364746,
      21.144529342651367,
      15.832042694091797,
      16.006065368652344,
      13.129424095153809,
      13.565069198608398,
      16.254161834716797,
      16.865110397338867
    ],
    [
      7.973130702972412,
      7.8686442375183105,
      10.739967346191406,
      9.91513442993164,
      13.479141235351562,
      13.64231014251709,
      16.398923873901367,
      16.84332847595215,
      18.19206428527832,
      19.351604461669922,
      21.144529342651367,
      22.02269172668457,
      16.641128540039062,
      16.772850036621094,
      14.224308967590332,
      14.523324012756348,
      17.35903549194336,
      17.87700653076172
    ],
    [
      8.32346248626709,
      8.468541145324707,
      9.667546272277832,
      10.26528549194336,
      7.68209981918335,
      9.97646713256836,
      9.478926658630371,
      11.211365699768066,
      11.885855674743652,
      13.150561332702637,
      15.832042694091797,
      16.641128540039062,
      21.341432571411133,
      19.90496826171875,
      18.779987335205078,
      18.832252502441406,
      21.873641967773438,
      22.588573455810547
    ],
    [
      8.392019271850586,
      8.33686351776123,
      9.902678489685059,
      10.48324966430664,
      8.277624130249023,
      10.393881797790527,
      10.63173770904541,
      12.126914024353027,
      12.730831146240234,
      13.587265014648438,
      16.006065368652344,
      16.772850036621094,
      19.90496826171875,
      20.734777450561523,
      18.22161293029785,
      18.47844696044922,
      21.52389144897461,
      22.035465240478516
    ],
    [
      9.069005966186523,
      9.207404136657715,
      9.833033561706543,
      10.538681983947754,
      7.615365505218506,
      10.138837814331055,
      9.568224906921387,
      11.346966743469238,
      11.55674934387207,
      12.258822441101074,
      13.129424095153809,
      14.224308967590332,
      18.779987335205078,
      18.22161293029785,
      24.735307693481445,
      22.906055450439453,
      25.307565689086914,
      25.700511932373047
    ],
    [
      9.1882963180542,
      9.155945777893066,
      9.671858787536621,
      10.449117660522461,
      7.558802127838135,
      10.059945106506348,
      9.875482559204102,
      11.293272972106934,
      11.572672843933105,
      12.100532531738281,
      13.565069198608398,
      14.523324012756348,
      18.832252502441406,
      18.47844696044922,
      22.906055450439453,
      23.52279281616211,
      24.976430892944336,
      25.390783309936523
    ],
    [
      12.343015670776367,
      12.097867965698242,
      11.830957412719727,
      13.242422103881836,
      8.864628791809082,
      10.837777137756348,
      11.030160903930664,
      12.62026596069336,
      13.260252952575684,
      14.319833755493164,
      16.254161834716797,
      17.35903549194336,
      21.873641967773438,
      21.52389144897461,
      25.307565689086914,
      24.976430892944336,
      43.2050666809082,
      43.96725845336914
    ],
    [
      12.438248634338379,
      12.1296968460083,
      12.105769157409668,
      13.527325630187988,
      8.91637897491455,
      11.033197402954102,
      11.333925247192383,
      12.99293327331543,
      13.642029762268066,
      14.695069313049316,
      16.865110397338867,
      17.87700653076172,
      22.588573455810547,
      22.035465240478516,
      25.700511932373047,
      25.390783309936523,
      43.96725845336914,
      53.9738883972168
    ]
  ],
  "damage": -8.279261589050293,
  "diff_bandwidth": 582.7042236328125,
  "dissonance": 7.254591263401398,
  "drr": 11.929856300354004,
  "dynamics": 2.904329299926758,
  "format": 1245190,
  "frames": 7277504,
  "loudness": -15.777994155883789,
  "loudness_range": 6.77116584777832,
  "loudness_range_short": 11.374917030334473,
  "lowpass_true_peak_15khz": -1.3545045852661133,
  "mastering3_acoustic_entropies": [
    {
      "acoustic_entropy": 8.39430046081543,
      "acoustic_entropy_mono": 8.2527494430542,
      "band_eliminated_acoustic_entropies": [
        {
          "acoustic_entropy": 8.430938720703125,
          "acoustic_entropy_side": 8.422992706298828,
          "hz": 129.47220167065723
        },
        {
          "acoustic_entropy": 8.072175979614258,
          "acoustic_entropy_side": 8.496393203735352,
          "hz": 202.92927478742237
        },
        {
          "acoustic_entropy": 8.30073070526123,
          "acoustic_entropy_side": 8.178457260131836,
          "hz": 282.89161906338205
        },
        {
          "acoustic_entropy": 8.425734519958496,
          "acoustic_entropy_side": 8.371160507202148,
          "hz": 369.9353335868758
        },
        {
          "acoustic_entropy": 7.874243259429932,
          "acoustic_entropy_side": 8.402652740478516,
          "hz": 464.6875360973435
        },
        {
          "acoustic_entropy": 8.703628540039062,
          "acoustic_entropy_side": 8.426660537719727,
          "hz": 567.8308811364784
        },
        {
          "acoustic_entropy": 8.10092830657959,
          "acoustic_entropy_side": 8.384528160095215,
          "hz": 680.1084783214808
        },
        {
          "acoustic_entropy": 8.482547760009766,
          "acoustic_entropy_side": 8.435943603515625,
          "hz": 802.3292461747484
        },
        {
          "acoustic_entropy": 7.419254302978516,
          "acoustic_entropy_side": 8.413196563720703,
          "hz": 935.3737400823702
        },
        {
          "acoustic_entropy": 8.968955993652344,
          "acoustic_entropy_side": 8.313543319702148,
          "hz": 1080.2004963696966
        },
        {
          "acoustic_entropy": 8.866629600524902,
          "acoustic_entropy_side": 8.287107467651367,
          "hz": 1237.8529382007157
        },
        {
          "acoustic_entropy": 8.74149227142334,
          "acoustic_entropy_side": 8.391987800598145,
          "hz": 1409.4668930556702
        },
        {
          "acoustic_entropy": 7.887622833251953,
          "acoustic_entropy_side": 8.200702667236328,
          "hz": 1596.2787759475705
        },
        {
          "acoustic_entropy": 8.857458114624023,
          "acoustic_entropy_side": 8.595099449157715,
          "hz": 1799.6344973346393
        },
        {
          "acoustic_entropy": 8.431303977966309,
          "acoustic_entropy_side": 8.551789283752441,
          "hz": 2020.9991599069049
        },
        {
          "acoustic_entropy": 8.458048820495605,
          "acoustic_entropy_side": 8.401398658752441,
          "hz": 2261.9676141086993
        },
        {
          "acoustic_entropy": 8.366353034973145,
          "acoustic_entropy_side": 8.393035888671875,
          "hz": 2524.2759484456974
        },
        {
          "acoustic_entropy": 8.357439994812012,
          "acoustic_entropy_side": 8.392742156982422,
          "hz": 2809.813997359896
        },
        {
          "acoustic_entropy": 8.33314323425293,
          "acoustic_entropy_side": 8.381979942321777,
          "hz": 3120.6389567871424
        },
        {
          "acoustic_entropy": 8.38723373413086,
          "acoustic_entropy_side": 8.387333869934082,
          "hz": 3458.990205492291
        },
        {
          "acoustic_entropy": 8.345064163208008,
          "acoustic_entropy_side": 8.374900817871094,
          "hz": 3827.305438964164
        },
        {
          "acoustic_entropy": 8.32917594909668,
          "acoustic_entropy_side": 8.361149787902832,
          "hz": 4228.238232109126
        },
        {
          "acoustic_entropy": 8.252508163452148,
          "acoustic_entropy_side": 8.318487167358398,
          "hz": 4664.6771572759235
        },
        {
          "acoustic_entropy": 8.228874206542969,
          "acoustic_entropy_side": 8.304563522338867,
          "hz": 5139.766595350093
        },
        {
          "acoustic_entropy": 8.272645950317383,
          "acoustic_entropy_side": 8.326053619384766,
          "hz": 5656.929389854203
        },
        {
          "acoustic_entropy": 8.284355163574219,
          "acoustic_entropy_side": 8.331896781921387,
          "hz": 6219.891507268283
        },
        {
          "acoustic_entropy": 8.279106140136719,
          "acoustic_entropy_side": 8.322237014770508,
          "hz": 6832.70888123896
        },
        {
          "acoustic_entropy": 8.254440307617188,
          "acoustic_entropy_side": 8.302870750427246,
          "hz": 7499.796634079867
        },
        {
          "acoustic_entropy": 8.239222526550293,
          "acoustic_entropy_side": 8.284414291381836,
          "hz": 8225.96088609342
        },
        {
          "acoustic_entropy": 8.27426528930664,
          "acoustic_entropy_side": 8.313032150268555,
          "hz": 9016.43338188839
        },
        {
          "acoustic_entropy": 8.302809715270996,
          "acoustic_entropy_side": 8.336301803588867,
          "hz": 9876.909183162974
        },
        {
          "acoustic_entropy": 8.35390567779541,
          "acoustic_entropy_side": 8.368011474609375,
          "hz": 10813.587699516042
        },
        {
          "acoustic_entropy": 8.369406700134277,
          "acoustic_entropy_side": 8.378183364868164,
          "hz": 11833.21735289826
        },
        {
          "acoustic_entropy": 8.380292892456055,
          "acoustic_entropy_side": 8.384995460510254,
          "hz": 12943.144197493959
        },
        {
          "acoustic_entropy": 8.386640548706055,
          "acoustic_entropy_side": 8.389824867248535,
          "hz": 14151.364845322005
        },
        {
          "acoustic_entropy": 8.389995574951172,
          "acoustic_entropy_side": 8.392217636108398,
          "hz": 15466.58407886509
        },
        {
          "acoustic_entropy": 8.393335342407227,
          "acoustic_entropy_side": 8.393960952758789,
          "hz": 16898.27756580493
        },
        {
          "acoustic_entropy": 8.394133567810059,
          "acoustic_entropy_side": 8.394253730773926,
          "hz": 18456.760127700032
        },
        {
          "acoustic_entropy": 8.394289016723633,
          "acoustic_entropy_side": 8.394299507141113,
          "hz": 20153.260054456492
        },
        {
          "acoustic_entropy": 8.394306182861328,
          "acoustic_entropy_side": 8.394305229187012,
          "hz": 22000.00000000001
        }
      ],
      "diff_acoustic_entropy": 9.120626449584961,
      "sn": 6
    },
    {
      "acoustic_entropy": 12.173114776611328,
      "acoustic_entropy_mono": 11.007744789123535,
      "band_eliminated_acoustic_entropies": [
        {
          "acoustic_entropy": 12.188741683959961,
          "acoustic_entropy_side": 12.156828880310059,
          "hz": 129.47220167065723
        },
        {
          "acoustic_entropy": 12.387378692626953,
          "acoustic_entropy_side": 12.5463228225708,
          "hz": 202.92927478742237
        },
        {
          "acoustic_entropy": 12.585611343383789,
          "acoustic_entropy_side": 12.390327453613281,
          "hz": 282.89161906338205
        },
        {
          "acoustic_entropy": 12.223727226257324,
          "acoustic_entropy_side": 12.248364448547363,
          "hz": 369.9353335868758
        },
        {
          "acoustic_entropy": 11.823905944824219,
          "acoustic_entropy_side": 11.977690696716309,
          "hz": 464.6875360973435
        },
        {
          "acoustic_entropy": 12.58139419555664,
          "acoustic_entropy_side": 11.89526081085205,
          "hz": 567.8308811364784
        },
        {
          "acoustic_entropy": 11.847535133361816,
          "acoustic_entropy_side": 12.024419784545898,
          "hz": 680.1084783214808
        },
        {
          "acoustic_entropy": 12.5014066696167,
          "acoustic_entropy_side": 12.18707275390625,
          "hz": 802.3292461747484
        },
        {
          "acoustic_entropy": 11.089527130126953,
          "acoustic_entropy_side": 11.79171085357666,
          "hz": 935.3737400823702
        },
        {
          "acoustic_entropy": 13.545305252075195,
          "acoustic_entropy_side": 12.399624824523926,
          "hz": 1080.2004963696966
        },
        {
          "acoustic_entropy": 13.00312614440918,
          "acoustic_entropy_side": 12.6748685836792,
          "hz": 1237.8529382007157
        },
        {
          "acoustic_entropy": 11.78227710723877,
          "acoustic_entropy_side": 12.046568870544434,
          "hz": 1409.4668930556702
        },
        {
          "acoustic_entropy": 11.54942798614502,
          "acoustic_entropy_side": 12.239516258239746,
          "hz": 1596.2787759475705
        },
        {
          "acoustic_entropy": 12.551925659179688,
          "acoustic_entropy_side": 12.107390403747559,
          "hz": 1799.6344973346393
        },
        {
          "acoustic_entropy": 11.668296813964844,
          "acoustic_entropy_side": 12.122132301330566,
          "hz": 2020.9991599069049
        },
        {
          "acoustic_entropy": 12.166269302368164,
          "acoustic_entropy_side": 12.03372859954834,
          "hz": 2261.9676141086993
        },
        {
          "acoustic_entropy": 11.861600875854492,
          "acoustic_entropy_side": 11.991570472717285,
          "hz": 2524.2759484456974
        },
        {
          "acoustic_entropy": 12.125930786132812,
          "acoustic_entropy_side": 11.992886543273926,
          "hz": 2809.813997359896
        },
        {
          "acoustic_entropy": 11.750783920288086,
          "acoustic_entropy_side": 12.168800354003906,
          "hz": 3120.6389567871424
        },
        {
          "acoustic_entropy": 11.782035827636719,
          "acoustic_entropy_side": 12.06750774383545,
          "hz": 3458.990205492291
        },
        {
          "acoustic_entropy": 11.742620468139648,
          "acoustic_entropy_side": 12.173555374145508,
          "hz": 3827.305438964164
        },
        {
          "acoustic_entropy": 12.054161071777344,
          "acoustic_entropy_side": 12.251809120178223,
          "hz": 4228.238232109126
        },
        {
          "acoustic_entropy": 12.251151084899902,
          "acoustic_entropy_side": 12.079849243164062,
          "hz": 4664.6771572759235
        },
        {
          "acoustic_entropy": 12.027344703674316,
          "acoustic_entropy_side": 12.143220901489258,
          "hz": 5139.766595350093
        },
        {
          "acoustic_entropy": 12.141763687133789,
          "acoustic_entropy_side": 12.152120590209961,
          "hz": 5656.929389854203
        },
        {
          "acoustic_entropy": 12.338613510131836,
          "acoustic_entropy_side": 12.287420272827148,
          "hz": 6219.891507268283
        },
        {
          "acoustic_entropy": 12.10120964050293,
          "acoustic_entropy_side": 12.151103973388672,
          "hz": 6832.70888123896
        },
        {
          "acoustic_entropy": 11.985400199890137,
          "acoustic_entropy_side": 12.097408294677734,
          "hz": 7499.796634079867
        },
        {
          "acoustic_entropy": 12.111215591430664,
          "acoustic_entropy_side": 12.171331405639648,
          "hz": 8225.96088609342
        },
        {
          "acoustic_entropy": 12.124061584472656,
          "acoustic_entropy_side": 12.165383338928223,
          "hz": 9016.43338188839
        },
        {
          "acoustic_entropy": 11.98531436920166,
          "acoustic_entropy_side": 12.105310440063477,
          "hz": 9876.909183162974
        },
        {
          "acoustic_entropy": 12.007905006408691,
          "acoustic_entropy_side": 12.100174903869629,
          "hz": 10813.587699516042
        },
        {
          "acoustic_entropy": 12.079554557800293,
          "acoustic_entropy_side": 12.149955749511719,
          "hz": 11833.21735289826
        },
        {
          "acoustic_entropy": 12.056031227111816,
          "acoustic_entropy_side": 12.177926063537598,
          "hz": 12943.144197493959
        },
        {
          "acoustic_entropy": 12.048837661743164,
          "acoustic_entropy_side": 12.19403076171875,
          "hz": 14151.364845322005
        },
        {
          "acoustic_entropy": 12.196358680725098,
          "acoustic_entropy_side": 12.218084335327148,
          "hz": 15466.58407886509
        },
        {
          "acoustic_entropy": 12.204338073730469,
          "acoustic_entropy_side": 12.186920166015625,
          "hz": 16898.27756580493
        },
        {
          "acoustic_entropy": 12.17978572845459,
          "acoustic_entropy_side": 12.175919532775879,
          "hz": 18456.760127700032
        },
        {
          "acoustic_entropy": 12.173510551452637,
          "acoustic_entropy_side": 12.173269271850586,
          "hz": 20153.260054456492
        },
        {
          "acoustic_entropy": 12.173134803771973,
          "acoustic_entropy_side": 12.173128128051758,
          "hz": 22000.00000000001
        }
      ],
      "diff_acoustic_entropy": 13.211419105529785,
      "sn": 12
    },
    {
      "acoustic_entropy": 17.9388484954834,
      "acoustic_entropy_mono": 15.690621376037598,
      "band_eliminated_acoustic_entropies": [
        {
          "acoustic_entropy": 16.387426376342773,
          "acoustic_entropy_side": 17.51873016357422,
          "hz": 129.47220167065723
        },
        {
          "acoustic_entropy": 18.500192642211914,
          "acoustic_entropy_side": 18.79970932006836,
          "hz": 202.92927478742237
        },
        {
          "acoustic_entropy": 17.374412536621094,
          "acoustic_entropy_side": 18.19637680053711,
          "hz": 282.89161906338205
        },
        {
          "acoustic_entropy": 18.129135131835938,
          "acoustic_entropy_side": 18.16847038269043,
          "hz": 369.9353335868758
        },
        {
          "acoustic_entropy": 17.940744400024414,
          "acoustic_entropy_side": 18.04421043395996,
          "hz": 464.6875360973435
        },
        {
          "acoustic_entropy": 17.919189453125,
          "acoustic_entropy_side": 17.680509567260742,
          "hz": 567.8308811364784
        },
        {
          "acoustic_entropy": 17.51069450378418,
          "acoustic_entropy_side": 17.432960510253906,
          "hz": 680.1084783214808
        },
        {
          "acoustic_entropy": 17.911069869995117,
          "acoustic_entropy_side": 17.90084457397461,
          "hz": 802.3292461747484
        },
        {
          "acoustic_entropy": 17.996728897094727,
          "acoustic_entropy_side": 17.5502986907959,
          "hz": 935.3737400823702
        },
        {
          "acoustic_entropy": 18.995616912841797,
          "acoustic_entropy_side": 18.05044174194336,
          "hz": 1080.2004963696966
        },
        {
          "acoustic_entropy": 18.50373649597168,
          "acoustic_entropy_side": 17.986852645874023,
          "hz": 1237.8529382007157
        },
        {
          "acoustic_entropy": 17.490917205810547,
          "acoustic_entropy_side": 17.818115234375,
          "hz": 1409.4668930556702
        },
        {
          "acoustic_entropy": 17.488689422607422,
          "acoustic_entropy_side": 17.93716049194336,
          "hz": 1596.2787759475705
        },
        {
          "acoustic_entropy": 18.30055809020996,
          "acoustic_entropy_side": 17.928722381591797,
          "hz": 1799.6344973346393
        },
        {
          "acoustic_entropy": 17.413557052612305,
          "acoustic_entropy_side": 18.123437881469727,
          "hz": 2020.9991599069049
        },
        {
          "acoustic_entropy": 17.83233070373535,
          "acoustic_entropy_side": 17.841785430908203,
          "hz": 2261.9676141086993
        },
        {
          "acoustic_entropy": 18.403339385986328,
          "acoustic_entropy_side": 18.18631362915039,
          "hz": 2524.2759484456974
        },
        {
          "acoustic_entropy": 17.949722290039062,
          "acoustic_entropy_side": 17.832992553710938,
          "hz": 2809.813997359896
        },
        {
          "acoustic_entropy": 17.948427200317383,
          "acoustic_entropy_side": 17.812166213989258,
          "hz": 3120.6389567871424
        },
        {
