{
  "acoustic_entropy": 187.87818908691406,
  "bands": [
    {
      "high_freq": 148.1999969482422,
      "loudness": -51.61537551879883,
      "loudness_range": 26.62674331665039,
      "mid_mean": -48.41181945800781,
      "mid_to_side_loudness": -11.024452209472656,
      "mid_to_side_loudness_range": 16.656606674194336,
      "side_mean": -58.042415618896484
    },
    {
      "high_freq": 392.3793640136719,
      "loudness": -32.142112731933594,
      "loudness_range": 18.050233840942383,
      "low_freq": 148.1999969482422,
      "mid_mean": -29.90516471862793,
      "mid_to_side_loudness": -5.07620906829834,
      "mid_to_side_loudness_range": 10.517207145690918,
      "side_mean": -34.951358795166016
    },
    {
      "high_freq": 794.6976318359375,
      "loudness": -31.113428115844727,
      "loudness_range": 13.880178451538086,
      "low_freq": 392.3793640136719,
      "mid_mean": -29.97947883605957,
      "mid_to_side_loudness": -1.5213147401809692,
      "mid_to_side_loudness_range": 7.221556663513184,
      "side_mean": -31.403310775756836
    },
    {
      "high_freq": 1457.5709228515625,
      "loudness": -30.21215057373047,
      "loudness_range": 17.040319442749023,
      "low_freq": 794.6976318359375,
      "mid_mean": -31.40725326538086,
      "mid_to_side_loudness": 2.8585681915283203,
      "mid_to_side_loudness_range": 7.486210823059082,
      "side_mean": -28.500389099121094
    },
    {
      "high_freq": 2549.74365234375,
      "loudness": -33.04384994506836,
      "loudness_range": 10.978883743286133,
      "low_freq": 1457.5709228515625,
      "mid_mean": -33.62165069580078,
      "mid_to_side_loudness": 2.0296411514282227,
      "mid_to_side_loudness_range": 5.9705610275268555,
      "side_mean": -31.565982818603516
    },
    {
      "high_freq": 4349.24462890625,
      "loudness": -38.83002471923828,
      "loudness_range": 13.269794464111328,
      "low_freq": 2549.74365234375,
      "mid_mean": -37.33547592163086,
      "mid_to_side_loudness": -2.037433385848999,
      "mid_to_side_loudness_range": 4.960700035095215,
      "side_mean": -39.31284713745117
    },
    {
      "high_freq": 7314.1640625,
      "loudness": -51.38364028930664,
      "loudness_range": 15.2579345703125,
      "low_freq": 4349.24462890625,
      "mid_mean": -51.4388542175293,
      "mid_to_side_loudness": 0.9002440571784973,
      "mid_to_side_loudness_range": 4.28985071182251,
      "side_mean": -50.58270263671875
    },
    {
      "high_freq": 12199.2666015625,
      "loudness": -61.33832931518555,
      "loudness_range": 16.906646728515625,
      "low_freq": 7314.1640625,
      "mid_mean": -59.9403076171875,
      "mid_to_side_loudness": 0.23275716602802277,
      "mid_to_side_loudness_range": 2.382922410964966,
      "side_mean": -59.739078521728516
    },
    {
      "loudness": -67.00303649902344,
      "loudness_range": 14.811103820800781,
      "low_freq": 12199.2666015625,
      "mid_mean": -64.13042449951172,
      "mid_to_side_loudness": -0.18089745938777924,
      "mid_to_side_loudness_range": 1.9603434801101685,
      "side_mean": -64.27876281738281
    }
  ],
  "bands_short": [
    {
      "high_freq": 148.1999969482422,
      "loudness": -56.47721481323242,
      "loudness_range": 27.132110595703125,
      "mid_mean": -52.90497970581055,
      "mid_to_side_loudness": -12.859485626220703,
      "mid_to_side_loudness_range": 17.52707290649414,
      "side_mean": -62.972408294677734
    },
    {
      "high_freq": 392.3793640136719,
      "loudness": -33.25828170776367,
      "loudness_range": 19.415306091308594,
      "low_freq": 148.1999969482422,
      "mid_mean": -30.95965576171875,
      "mid_to_side_loudness": -5.896473407745361,
      "mid_to_side_loudness_range": 14.064924240112305,
      "side_mean": -36.86540222167969
    },
    {
      "high_freq": 794.6976318359375,
      "loudness": -30.884807586669922,
      "loudness_range": 15.648548126220703,
      "low_freq": 392.3793640136719,
      "mid_mean": -29.843297958374023,
      "mid_to_side_loudness": -1.813235878944397,
      "mid_to_side_loudness_range": 12.127659797668457,
      "side_mean": -31.57748031616211
    },
    {
      "high_freq": 1457.5709228515625,
      "loudness": -30.892547607421875,
      "loudness_range": 18.977548599243164,
      "low_freq": 794.6976318359375,
      "mid_mean": -32.124534606933594,
      "mid_to_side_loudness": 2.6002299785614014,
      "mid_to_side_loudness_range": 11.630433082580566,
      "side_mean": -29.45570945739746
    },
    {
      "high_freq": 2549.74365234375,
      "loudness": -33.498085021972656,
      "loudness_range": 12.415130615234375,
      "low_freq": 1457.5709228515625,
      "mid_mean": -34.1972770690918,
      "mid_to_side_loudness": 1.9968639612197876,
      "mid_to_side_loudness_range": 9.071245193481445,
      "side_mean": -32.1670036315918
    },
    {
      "high_freq": 4349.24462890625,
      "loudness": -38.836181640625,
      "loudness_range": 14.758907318115234,
      "low_freq": 2549.74365234375,
      "mid_mean": -37.546939849853516,
      "mid_to_side_loudness": -1.8190251588821411,
      "mid_to_side_loudness_range": 7.600479602813721,
      "side_mean": -39.339576721191406
    },
    {
      "high_freq": 7314.1640625,
      "loudness": -51.77558898925781,
      "loudness_range": 16.35594940185547,
      "low_freq": 4349.24462890625,
      "mid_mean": -51.804195404052734,
      "mid_to_side_loudness": 0.8018491864204407,
      "mid_to_side_loudness_range": 6.776636123657227,
      "side_mean": -51.04391860961914
    },
    {
      "high_freq": 12199.2666015625,
      "loudness": -61.885860443115234,
      "loudness_range": 18.229717254638672,
      "low_freq": 7314.1640625,
      "mid_mean": -60.365421295166016,
      "mid_to_side_loudness": 0.21046052873134613,
      "mid_to_side_loudness_range": 3.92794132232666,
      "side_mean": -60.18077087402344
    },
    {
      "loudness": -67.4735107421875,
      "loudness_range": 16.49847412109375,
      "low_freq": 12199.2666015625,
      "mid_mean": -64.40972137451172,
      "mid_to_side_loudness": -0.15908604860305786,
      "mid_to_side_loudness_range": 3.0529723167419434,
      "side_mean": -64.53550720214844
    }
  ],
  "bandwidth": 765.388427734375,
  "channels": 2,
  "covariance": [
    [
      80.92853546142578,
      65.66017150878906,
      1.726205825805664,
      -1.3650201559066772,
      8.756514549255371,
      9.357266426086426,
      -0.3607719838619232,
      -0.7525813579559326,
      3.4627416133880615,
      1.75458824634552,
      5.010900020599365,
      4.526650905609131,
      4.248721122741699,
      4.290521144866943,
      7.349900245666504,
      6.364062786102295,
      3.415117025375366,
      3.253688097000122
    ],
    [
      65.66017150878906,
      75.33393859863281,
      4.510855674743652,
      3.7912240028381348,
      9.055273056030273,
      10.743670463562012,
      7.080326557159424,
      8.031986236572266,
      8.019721031188965,
      5.2801513671875,
      8.30566692352295,
      8.243565559387207,
      7.787288665771484,
      7.259545803070068,
      10.303991317749023,
      10.056673049926758,
      6.222809791564941,
      5.881834030151367
    ],
    [
      1.726205825805664,
      4.510855674743652,
      51.54497528076172,
      37.79119110107422,
      6.32783842086792,
      11.259576797485352,
      10.256501197814941,
      12.88344669342041,
      5.82411003112793,
      4.6114501953125,
      5.638901233673096,
      5.324479579925537,
      5.297796249389648,
      5.660238742828369,
      2.0751171112060547,
      2.613873243331909,
      1.2888649702072144,
      1.3062008619308472
    ],
    [
      -1.3650201559066772,
      3.7912240028381348,
      37.79119110107422,
      40.561405181884766,
      6.946872234344482,
      10.213258743286133,
      11.739295959472656,
      15.28000259399414,
      7.686585426330566,
      5.882453918457031,
      7.837679386138916,
      7.6739821434021,
      8.605277061462402,
      8.203977584838867,
      5.492427349090576,
      6.069407939910889,
      3.4582386016845703,
      3.441333293914795
    ],
    [
      8.756514549255371,
      9.055273056030273,
      6.32783842086792,
      6.946872234344482,
      32.88959503173828,
      25.414684295654297,
      9.416711807250977,
      8.877724647521973,
      16.37535285949707,
      15.294746398925781,
      15.702643394470215,
      14.445419311523438,
      19.72621726989746,
      19.701217651367188,
      13.060585021972656,
      13.144390106201172,
      7.285299301147461,
      7.256844520568848
    ],
    [
      9.357266426086426,
      10.743670463562012,
      11.259576797485352,
      10.213258743286133,
      25.414684295654297,
      26.582773208618164,
      6.780588626861572,
      5.4780731201171875,
      14.933309555053711,
      13.197388648986816,
      12.839324951171875,
      12.392534255981445,
      15.760321617126465,
      15.7400484085083,
      10.068493843078613,
      10.264759063720703,
      5.04113245010376,
      5.215048789978027
    ],
    [
      -0.3607719838619232,
      7.080326557159424,
      10.256501197814941,
      11.739295959472656,
      9.416711807250977,
      6.780588626861572,
      31.469745635986328,
      35.478702545166016,
      18.780725479125977,
      16.073522567749023,
      21.526933670043945,
      21.242578506469727,
      23.457508087158203,
      24.01918601989746,
      19.818771362304688,
      20.1834774017334,
      14.067564010620117,
      13.430004119873047
    ],
    [
      -0.7525813579559326,
      8.031986236572266,
      12.88344669342041,
      15.28000259399414,
      8.877724647521973,
      5.4780731201171875,
      35.478702545166016,
      48.0967903137207,
      21.468372344970703,
      17.459524154663086,
      24.833547592163086,
      24.512975692749023,
      25.88576316833496,
      26.349811553955078,
      22.61850357055664,
      22.95262908935547,
      16.418872833251953,
      15.4922456741333
    ],
    [
      3.4627416133880615,
      8.019721031188965,
      5.82411003112793,
      7.686585426330566,
      16.37535285949707,
      14.933309555053711,
      18.780725479125977,
      21.468372344970703,
      23.600786209106445,
      18.611007690429688,
      20.55121421813965,
      19.840913772583008,
      22.516887664794922,
      22.40902328491211,
      17.449674606323242,
      17.748619079589844,
      11.5912504196167,
      11.255815505981445
    ],
    [
      1.75458824634552,
      5.2801513671875,
      4.6114501953125,
      5.882453918457031,
      15.294746398925781,
      13.197388648986816,
      16.073522567749023,
      17.459524154663086,
      18.611007690429688,
      20.187301635742188,
      18.358409881591797,
      17.926733016967773,
      20.40357780456543,
      20.648574829101562,
      15.641358375549316,
      15.764348983764648,
      10.246259689331055,
      9.986953735351562
    ],
    [
      5.010900020599365,
      8.30566692352295,
      5.638901233673096,
      7.837679386138916,
      15.702643394470215,
      12.839324951171875,
      21.526933670043945,
      24.833547592163086,
      20.55121421813965,
      18.358409881591797,
      27.18345069885254,
      24.232772827148438,
      25.588245391845703,
      25.906131744384766,
      20.912490844726562,
      21.083209991455078,
      14.024053573608398,
      13.55490493774414
    ],
    [
      4.526650905609131,
      8.243565559387207,
      5.324479579925537,
      7.6739821434021,
      14.445419311523438,
      12.392534255981445,
      21.242578506469727,
      24.512975692749023,
      19.840913772583008,
      17.926733016967773,
      24.232772827148438,
      25.854671478271484,
      24.979248046875,
      24.821489334106445,
      20.786636352539062,
      21.02889633178711,
      13.87849235534668,
      13.457179069519043
    ],
    [
      4.248721122741699,
      7.787288665771484,
      5.297796249389648,
      8.605277061462402,
      19.72621726989746,
      15.760321617126465,
      23.457508087158203,
      25.88576316833496,
      22.516887664794922,
      20.40357780456543,
      25.588245391845703,
      24.979248046875,
      35.03976058959961,
      34.48933410644531,
      25.636816024780273,
      25.972814559936523,
      16.399152755737305,
      15.94847583770752
    ],
    [
      4.290521144866943,
      7.259545803070068,
      5.660238742828369,
      8.203977584838867,
      19.701217651367188,
      15.7400484085083,
      24.01918601989746,
      26.349811553955078,
      22.40902328491211,
      20.648574829101562,
      25.906131744384766,
      24.821489334106445,
      34.48933410644531,
      36.33510971069336,
      25.90736961364746,
      26.134456634521484,
      16.45330047607422,
      15.933138847351074
    ],
    [
      7.349900245666504,
      10.303991317749023,
      2.0751171112060547,
      5.492427349090576,
      13.060585021972656,
      10.068493843078613,
      19.818771362304688,
      22.61850357055664,
      17.449674606323242,
      15.641358375549316,
      20.912490844726562,
      20.786636352539062,
      25.636816024780273,
      25.90736961364746,
      22.835716247558594,
      22.73845100402832,
      14.98735237121582,
      14.532001495361328
    ],
    [
      6.364062786102295,
      10.056673049926758,
      2.613873243331909,
      6.069407939910889,
      13.144390106201172,
      10.264759063720703,
      20.1834774017334,
      22.95262908935547,
      17.748619079589844,
      15.764348983764648,
      21.083209991455078,
      21.02889633178711,
      25.972814559936523,
      26.134456634521484,
      22.73845100402832,
      23.2799015045166,
      15.176833152770996,
      14.70037841796875
    ],
    [
      3.415117025375366,
      6.222809791564941,
      1.2888649702072144,
      3.4582386016845703,
      7.285299301147461,
      5.04113245010376,
      14.067564010620117,
      16.418872833251953,
      11.5912504196167,
      10.246259689331055,
      14.024053573608398,
      13.87849235534668,
      16.399152755737305,
      16.45330047607422,
      14.98735237121582,
      15.176833152770996,
      11.060486793518066,
      10.554048538208008
    ],
    [
      3.253688097000122,
      5.881834030151367,
      1.3062008619308472,
      3.441333293914795,
      7.256844520568848,
      5.215048789978027,
      13.430004119873047,
      15.4922456741333,
      11.255815505981445,
      9.986953735351562,
      13.55490493774414,
      13.457179069519043,
      15.94847583770752,
      15.933138847351074,
      14.532001495361328,
      14.70037841796875,
      10.554048538208008,
      10.296363830566406
    ]
  ],
  "covariance_short": [
    [
      77.29279327392578,
      46.532649993896484,
      14.39604377746582,
      8.739768981933594,
      3.3462979793548584,
      4.220361709594727,
      -5.501709461212158,
      -5.574530124664307,
      -2.227344274520874,
      -3.775768756866455,
      -1.0545254945755005,
      -2.0171539783477783,
      -2.6766881942749023,
      -2.855644941329956,
      0.6618611812591553,
      -0.061793576925992966,
      -1.3209609985351562,
      -1.1846592426300049
    ],
    [
      46.532649993896484,
      43.967918395996094,
      14.684690475463867,
      13.26156997680664,
      2.46425724029541,
      4.487125873565674,
      -1.7630424499511719,
      -1.8999756574630737,
      -1.0265250205993652,
      -2.788097620010376,
      -1.0180996656417847,
      -1.5448931455612183,
      -2.251936674118042,
      -2.546393632888794,
      0.3148646056652069,
      0.12155334651470184,
      -0.8223260641098022,
      -0.803836464881897
    ],
    [
      14.39604377746582,
      14.684690475463867,
      52.15861129760742,
      36.9012565612793,
      10.35661506652832,
      11.912721633911133,
      11.353805541992188,
      13.880715370178223,
      6.73831844329834,
      4.987372875213623,
      7.313477039337158,
      6.6661295890808105,
      5.619853973388672,
      5.822751998901367,
      3.2768499851226807,
      3.660487413406372,
      2.376615524291992,
      2.2874584197998047
    ],
    [
      8.739768981933594,
      13.26156997680664,
      36.9012565612793,
      48.25716018676758,
      6.574365139007568,
      9.56386947631836,
      12.939279556274414,
      17.803951263427734,
      7.909667015075684,
      4.854625701904297,
      8.291443824768066,
      8.397892951965332,
      7.214207649230957,
      6.601696968078613,
      5.580453872680664,
      6.220522403717041,
      3.7705862522125244,
      3.7164218425750732
    ],
    [
      3.3462979793548584,
      2.46425724029541,
      10.35661506652832,
      6.574365139007568,
      38.79579162597656,
      25.62752914428711,
      10.856210708618164,
      10.022079467773438,
      15.542191505432129,
      15.239431381225586,
      15.566213607788086,
      15.221680641174316,
      18.739599227905273,
      18.749393463134766,
      11.766561508178711,
      11.823728561401367,
      6.310500621795654,
      6.260954856872559
    ],
    [
      4.220361709594727,
      4.487125873565674,
      11.912721633911133,
      9.56386947631836,
      25.62752914428711,
      32.425472259521484,
      7.542913436889648,
      7.263413429260254,
      14.368169784545898,
      13.258745193481445,
      13.54299545288086,
      13.073747634887695,
      15.380664825439453,
      15.090206146240234,
      9.162627220153809,
      9.417669296264648,
      4.582986831665039,
      4.690114974975586
    ],
    [
      -5.501709461212158,
      -1.7630424499511719,
      11.353805541992188,
      12.939279556274414,
      10.856210708618164,
      7.542913436889648,
      37.624755859375,
      37.30225372314453,
      19.656431198120117,
      16.888410568237305,
      23.946155548095703,
      24.042264938354492,
      24.03369903564453,
      24.34937858581543,
      19.886686325073242,
      20.26336669921875,
      14.00517463684082,
      13.528861999511719
    ],
    [
      -5.574530124664307,
      -1.8999756574630737,
      13.880715370178223,
      17.803951263427734,
      10.022079467773438,
      7.263413429260254,
      37.30225372314453,
      54.96184158325195,
      22.670114517211914,
      18.28765869140625,
      28.426027297973633,
      28.042280197143555,
      26.751789093017578,
      27.11317253112793,
      23.522432327270508,
      23.813867568969727,
      17.06016731262207,
      16.27132797241211
    ],
    [
      -2.227344274520874,
      -1.0265250205993652,
      6.73831844329834,
      7.909667015075684,
      15.542191505432129,
      14.368169784545898,
      19.656431198120117,
      22.670114517211914,
      27.113525390625,
      19.86768913269043,
      22.217491149902344,
      21.969980239868164,
      23.36534881591797,
      23.156967163085938,
      17.81589698791504,
      18.166147232055664,
      11.775758743286133,
      11.471839904785156
    ],
    [
      -3.775768756866455,
      -2.788097620010376,
      4.987372875213623,
      4.854625701904297,
      15.239431381225586,
      13.258745193481445,
      16.888410568237305,
      18.28765869140625,
      19.86768913269043,
      24.786048889160156,
      20.85038948059082,
      19.996999740600586,
      21.558862686157227,
      21.797218322753906,
      16.35807991027832,
      16.516908645629883,
      10.78040599822998,
      10.563041687011719
    ],
    [
      -1.0545254945755005,
      -1.0180996656417847,
      7.313477039337158,
      8.291443824768066,
      15.566213607788086,
      13.54299545288086,
      23.946155548095703,
      28.426027297973633,
      22.217491149902344,
      20.85038948059082,
      33.22290802001953,
      28.108095169067383,
      28.382266998291016,
      28.565452575683594,
      23.087736129760742,
      23.399681091308594,
      15.432354927062988,
      15.010956764221191
    ],
    [
      -2.0171539783477783,
      -1.5448931455612183,
      6.6661295890808105,
      8.397892951965332,
      15.221680641174316,
      13.073747634887695,
      24.042264938354492,
      28.042280197143555,
      21.969980239868164,
      19.996999740600586,
      28.108095169067383,
      31.856754302978516,
      28.04737091064453,
      27.86690902709961,
      22.98189926147461,
      23.382144927978516,
      15.30408763885498,
      14.844914436340332
    ],
    [
      -2.6766881942749023,
      -2.251936674118042,
      5.619853973388672,
      7.214207649230957,
      18.739599227905273,
      15.380664825439453,
      24.03369903564453,
      26.751789093017578,
      23.36534881591797,
      21.558862686157227,
      28.382266998291016,
      28.04737091064453,
      38.465396881103516,
      36.4370231628418,
      26.70979118347168,
      27.129070281982422,
      16.974843978881836,
      16.545806884765625
    ],
    [
      -2.855644941329956,
      -2.546393632888794,
      5.822751998901367,
      6.601696968078613,
      18.749393463134766,
      15.090206146240234,
      24.34937858581543,
      27.11317253112793,
      23.156967163085938,
      21.797218322753906,
      28.565452575683594,
      27.86690902709961,
      36.4370231628418,
      39.92234420776367,
      26.887819290161133,
      27.255521774291992,
      17.059022903442383,
      16.553495407104492
    ],
    [
      0.6618611812591553,
      0.3148646056652069,
      3.2768499851226807,
      5.580453872680664,
      11.766561508178711,
      9.162627220153809,
      19.886686325073242,
      23.522432327270508,
      17.81589698791504,
      16.35807991027832,
      23.087736129760742,
      22.98189926147461,
      26.70979118347168,
      26.887819290161133,
      25.5723819732666,
      25.13214874267578,
      16.55235481262207,
      16.139612197875977
    ],
    [
      -0.061793576925992966,
      0.12155334651470184,
      3.660487413406372,
      6.220522403717041,
      11.823728561401367,
      9.417669296264648,
      20.26336669921875,
      23.813867568969727,
      18.166147232055664,
      16.516908645629883,
      23.399681091308594,
      23.382144927978516,
      27.129070281982422,
      27.255521774291992,
      25.13214874267578,
      26.204633712768555,
      16.777027130126953,
      16.34903335571289
    ],
    [
      -1.3209609985351562,
      -0.8223260641098022,
      2.376615524291992,
      3.7705862522125244,
      6.310500621795654,
      4.582986831665039,
      14.00517463684082,
      17.06016731262207,
      11.775758743286133,
      10.78040599822998,
      15.432354927062988,
      15.30408763885498,
      16.974843978881836,
      17.059022903442383,
      16.55235481262207,
      16.777027130126953,
      12.854150772094727,
      12.170740127563477
    ],
    [
      -1.1846592426300049,
      -0.803836464881897,
      2.2874584197998047,
      3.7164218425750732,
      6.260954856872559,
      4.690114974975586,
      13.528861999511719,
      16.27132797241211,
      11.471839904785156,
      10.563041687011719,
      15.010956764221191,
      14.844914436340332,
      16.545806884765625,
      16.553495407104492,
      16.139612197875977,
      16.34903335571289,
      12.170740127563477,
      12.08100700378418
    ]
  ],
  "damage": -12.051007270812988,
  "diff_bandwidth": 787.3706665039062,
  "dissonance": 5.796127646785846,
  "drr": -17.36382293701172,
  "dynamics": 3.4912731647491455,
  "format": 1245190,
  "frames": 3552192,
  "loudness": -20.28565788269043,
  "loudness_range": 10.44771957397461,
  "loudness_range_short": 11.821479797363281,
  "lowpass_true_peak_15khz": -5.3703107833862305,
  "mastering3_acoustic_entropies": [
    {
      "acoustic_entropy": 7.989629745483398,
      "acoustic_entropy_mono": 7.693142414093018,
      "band_eliminated_acoustic_entropies": [
        {
          "acoustic_entropy": 7.9903669357299805,
          "acoustic_entropy_side": 7.9896321296691895,
          "hz": 129.47220167065723
        },
        {
          "acoustic_entropy": 8.235357284545898,
          "acoustic_entropy_side": 7.992509841918945,
          "hz": 202.92927478742237
        },
        {
          "acoustic_entropy": 8.249869346618652,
          "acoustic_entropy_side": 8.014272689819336,
          "hz": 282.89161906338205
        },
        {
          "acoustic_entropy": 7.953464508056641,
          "acoustic_entropy_side": 7.995706081390381,
          "hz": 369.9353335868758
        },
        {
          "acoustic_entropy": 7.650640964508057,
          "acoustic_entropy_side": 8.657035827636719,
          "hz": 464.6875360973435
        },
        {
          "acoustic_entropy": 7.781383991241455,
          "acoustic_entropy_side": 8.531057357788086,
          "hz": 567.8308811364784
        },
        {
          "acoustic_entropy": 8.110786437988281,
          "acoustic_entropy_side": 8.307022094726562,
          "hz": 680.1084783214808
        },
        {
          "acoustic_entropy": 8.725958824157715,
          "acoustic_entropy_side": 8.688146591186523,
          "hz": 802.3292461747484
        },
        {
          "acoustic_entropy": 8.060802459716797,
          "acoustic_entropy_side": 8.589942932128906,
          "hz": 935.3737400823702
        },
        {
          "acoustic_entropy": 8.218415260314941,
          "acoustic_entropy_side": 8.391805648803711,
          "hz": 1080.2004963696966
        },
        {
          "acoustic_entropy": 8.122568130493164,
          "acoustic_entropy_side": 7.908349990844727,
          "hz": 1237.8529382007157
        },
        {
          "acoustic_entropy": 7.975802421569824,
          "acoustic_entropy_side": 7.9721832275390625,
          "hz": 1409.4668930556702
        },
        {
          "acoustic_entropy": 8.4271879196167,
          "acoustic_entropy_side": 8.014013290405273,
          "hz": 1596.2787759475705
        },
        {
          "acoustic_entropy": 8.472759246826172,
          "acoustic_entropy_side": 8.194490432739258,
          "hz": 1799.6344973346393
        },
        {
          "acoustic_entropy": 7.985732555389404,
          "acoustic_entropy_side": 8.065595626831055,
          "hz": 2020.9991599069049
        },
        {
          "acoustic_entropy": 8.015398979187012,
          "acoustic_entropy_side": 8.004780769348145,
          "hz": 2261.9676141086993
        },
        {
          "acoustic_entropy": 7.854543209075928,
          "acoustic_entropy_side": 7.9250969886779785,
          "hz": 2524.2759484456974
        },
        {
          "acoustic_entropy": 8.225800514221191,
          "acoustic_entropy_side": 8.07625961303711,
          "hz": 2809.813997359896
        },
        {
          "acoustic_entropy": 7.914941310882568,
          "acoustic_entropy_side": 7.982304573059082,
          "hz": 3120.6389567871424
        },
        {
          "acoustic_entropy": 8.005826950073242,
          "acoustic_entropy_side": 7.993350505828857,
          "hz": 3458.990205492291
        },
        {
          "acoustic_entropy": 7.979995250701904,
          "acoustic_entropy_side": 7.973553657531738,
          "hz": 3827.305438964164
        },
        {
          "acoustic_entropy": 7.979720592498779,
          "acoustic_entropy_side": 7.982760429382324,
          "hz": 4228.238232109126
        },
        {
          "acoustic_entropy": 7.976761341094971,
          "acoustic_entropy_side": 7.980169773101807,
          "hz": 4664.6771572759235
        },
        {
          "acoustic_entropy": 7.989563941955566,
          "acoustic_entropy_side": 7.9892659187316895,
          "hz": 5139.766595350093
        },
        {
          "acoustic_entropy": 7.9880051612854,
          "acoustic_entropy_side": 7.988351345062256,
          "hz": 5656.929389854203
        },
        {
          "acoustic_entropy": 7.989219665527344,
          "acoustic_entropy_side": 7.989311218261719,
          "hz": 6219.891507268283
        },
        {
          "acoustic_entropy": 7.989070892333984,
          "acoustic_entropy_side": 7.989401817321777,
          "hz": 6832.70888123896
        },
        {
          "acoustic_entropy": 7.98909330368042,
          "acoustic_entropy_side": 7.989527702331543,
          "hz": 7499.796634079867
        },
        {
          "acoustic_entropy": 7.989464282989502,
          "acoustic_entropy_side": 7.989598751068115,
          "hz": 8225.96088609342
        },
        {
          "acoustic_entropy": 7.989604949951172,
          "acoustic_entropy_side": 7.989619731903076,
          "hz": 9016.43338188839
        },
        {
          "acoustic_entropy": 7.989636421203613,
          "acoustic_entropy_side": 7.989633083343506,
          "hz": 9876.909183162974
        },
        {
          "acoustic_entropy": 7.989624500274658,
          "acoustic_entropy_side": 7.989628791809082,
          "hz": 10813.587699516042
        },
        {
          "acoustic_entropy": 7.989626884460449,
          "acoustic_entropy_side": 7.989631175994873,
          "hz": 11833.21735289826
        },
        {
          "acoustic_entropy": 7.989645481109619,
          "acoustic_entropy_side": 7.989634037017822,
          "hz": 12943.144197493959
        },
        {
          "acoustic_entropy": 7.989630222320557,
          "acoustic_entropy_side": 7.989628314971924,
          "hz": 14151.364845322005
        },
        {
          "acoustic_entropy": 7.989627361297607,
          "acoustic_entropy_side": 7.98962926864624,
          "hz": 15466.58407886509
        },
        {
          "acoustic_entropy": 7.989628314971924,
          "acoustic_entropy_side": 7.989628314971924,
          "hz": 16898.27756580493
        },
        {
          "acoustic_entropy": 7.989628791809082,
          "acoustic_entropy_side": 7.989629745483398,
          "hz": 18456.760127700032
        },
        {
          "acoustic_entropy": 7.989630699157715,
          "acoustic_entropy_side": 7.989630699157715,
          "hz": 20153.260054456492
        },
        {
          "acoustic_entropy": 7.989629745483398,
          "acoustic_entropy_side": 7.989629745483398,
          "hz": 22000.00000000001
        }
      ],
      "diff_acoustic_entropy": 4.980908393859863,
      "sn": 6
    },
    {
      "acoustic_entropy": 12.861578941345215,
      "acoustic_entropy_mono": 11.875631332397461,
      "band_eliminated_acoustic_entropies": [
        {
          "acoustic_entropy": 12.826481819152832,
          "acoustic_entropy_side": 12.861332893371582,
          "hz": 129.47220167065723
        },
        {
          "acoustic_entropy": 13.171463966369629,
          "acoustic_entropy_side": 12.8561372756958,
          "hz": 202.92927478742237
        },
        {
          "acoustic_entropy": 13.485275268554688,
          "acoustic_entropy_side": 13.027624130249023,
          "hz": 282.89161906338205
        },
        {
          "acoustic_entropy": 13.121321678161621,
          "acoustic_entropy_side": 13.08024787902832,
          "hz": 369.9353335868758
        },
        {
          "acoustic_entropy": 12.762191772460938,
          "acoustic_entropy_side": 12.192645072937012,
          "hz": 464.6875360973435
        },
        {
          "acoustic_entropy": 11.847016334533691,
          "acoustic_entropy_side": 13.669401168823242,
          "hz": 567.8308811364784
        },
        {
          "acoustic_entropy": 12.889914512634277,
          "acoustic_entropy_side": 13.136959075927734,
          "hz": 680.1084783214808
        },
        {
          "acoustic_entropy": 12.650715827941895,
          "acoustic_entropy_side": 13.174994468688965,
          "hz": 802.3292461747484
        },
        {
          "acoustic_entropy": 11.682439804077148,
          "acoustic_entropy_side": 12.913860321044922,
          "hz": 935.3737400823702
        },
        {
          "acoustic_entropy": 12.487018585205078,
          "acoustic_entropy_side": 12.745255470275879,
          "hz": 1080.2004963696966
        },
        {
          "acoustic_entropy": 12.679702758789062,
          "acoustic_entropy_side": 13.403698921203613,
          "hz": 1237.8529382007157
        },
        {
          "acoustic_entropy": 13.443835258483887,
          "acoustic_entropy_side": 13.380396842956543,
          "hz": 1409.4668930556702
        },
        {
          "acoustic_entropy": 12.897428512573242,
          "acoustic_entropy_side": 13.37629222869873,
          "hz": 1596.2787759475705
        },
        {
          "acoustic_entropy": 12.868236541748047,
          "acoustic_entropy_side": 13.123177528381348,
          "hz": 1799.6344973346393
        },
        {
          "acoustic_entropy": 12.905040740966797,
          "acoustic_entropy_side": 12.702869415283203,
          "hz": 2020.9991599069049
        },
        {
          "acoustic_entropy": 12.967979431152344,
          "acoustic_entropy_side": 13.21251392364502,
          "hz": 2261.9676141086993
        },
        {
          "acoustic_entropy": 12.719015121459961,
          "acoustic_entropy_side": 12.966520309448242,
          "hz": 2524.2759484456974
        },
        {
          "acoustic_entropy": 12.820267677307129,
          "acoustic_entropy_side": 12.846749305725098,
          "hz": 2809.813997359896
        },
        {
          "acoustic_entropy": 12.823935508728027,
          "acoustic_entropy_side": 12.937531471252441,
          "hz": 3120.6389567871424
        },
        {
          "acoustic_entropy": 12.588139533996582,
          "acoustic_entropy_side": 12.789206504821777,
          "hz": 3458.990205492291
        },
        {
          "acoustic_entropy": 12.358717918395996,
          "acoustic_entropy_side": 12.710349082946777,
          "hz": 3827.305438964164
        },
        {
          "acoustic_entropy": 12.735726356506348,
          "acoustic_entropy_side": 12.85824203491211,
          "hz": 4228.238232109126
        },
        {
          "acoustic_entropy": 12.807068824768066,
          "acoustic_entropy_side": 12.856582641601562,
          "hz": 4664.6771572759235
        },
        {
          "acoustic_entropy": 12.987913131713867,
          "acoustic_entropy_side": 12.937511444091797,
          "hz": 5139.766595350093
        },
        {
          "acoustic_entropy": 12.913155555725098,
          "acoustic_entropy_side": 12.899565696716309,
          "hz": 5656.929389854203
        },
        {
          "acoustic_entropy": 12.876788139343262,
          "acoustic_entropy_side": 12.873749732971191,
          "hz": 6219.891507268283
        },
        {
          "acoustic_entropy": 12.864653587341309,
          "acoustic_entropy_side": 12.863534927368164,
          "hz": 6832.70888123896
        },
        {
          "acoustic_entropy": 12.867635726928711,
          "acoustic_entropy_side": 12.863155364990234,
          "hz": 7499.796634079867
        },
        {
          "acoustic_entropy": 12.869036674499512,
          "acoustic_entropy_side": 12.863996505737305,
          "hz": 8225.96088609342
        },
        {
          "acoustic_entropy": 12.863987922668457,
          "acoustic_entropy_side": 12.862834930419922,
          "hz": 9016.43338188839
        },
        {
          "acoustic_entropy": 12.862119674682617,
          "acoustic_entropy_side": 12.86198616027832,
          "hz": 9876.909183162974
        },
        {
          "acoustic_entropy": 12.861719131469727,
          "acoustic_entropy_side": 12.861676216125488,
          "hz": 10813.587699516042
        },
        {
          "acoustic_entropy": 12.861271858215332,
          "acoustic_entropy_side": 12.861457824707031,
          "hz": 11833.21735289826
        },
        {
          "acoustic_entropy": 12.861226081848145,
          "acoustic_entropy_side": 12.861431121826172,
          "hz": 12943.144197493959
        },
        {
          "acoustic_entropy": 12.861382484436035,
          "acoustic_entropy_side": 12.86153507232666,
          "hz": 14151.364845322005
        },
        {
          "acoustic_entropy": 12.86155891418457,
          "acoustic_entropy_side": 12.86157512664795,
          "hz": 15466.58407886509
        },
        {
          "acoustic_entropy": 12.861613273620605,
          "acoustic_entropy_side": 12.861599922180176,
          "hz": 16898.27756580493
        },
        {
          "acoustic_entropy": 12.861597061157227,
          "acoustic_entropy_side": 12.861592292785645,
          "hz": 18456.760127700032
        },
        {
          "acoustic_entropy": 12.861565589904785,
          "acoustic_entropy_side": 12.861573219299316,
          "hz": 20153.260054456492
        },
        {
          "acoustic_entropy": 12.861571311950684,
          "acoustic_entropy_side": 12.861576080322266,
          "hz": 22000.00000000001
        }
      ],
      "diff_acoustic_entropy": 8.481805801391602,
      "sn": 12
    },
    {
      "acoustic_entropy": 19.1748046875,
      "acoustic_entropy_mono": 15.940953254699707,
      "band_eliminated_acoustic_entropies": [
        {
          "acoustic_entropy": 19.289501190185547,
          "acoustic_entropy_side": 19.176464080810547,
          "hz": 129.47220167065723
        },
        {
          "acoustic_entropy": 17.729124069213867,
          "acoustic_entropy_side": 18.817630767822266,
          "hz": 202.92927478742237
        },
        {
          "acoustic_entropy": 19.277259826660156,
          "acoustic_entropy_side": 18.941617965698242,
          "hz": 282.89161906338205
        },
        {
          "acoustic_entropy": 17.2327823638916,
          "acoustic_entropy_side": 18.387479782104492,
          "hz": 369.9353335868758
        },
        {
          "acoustic_entropy": 16.704801559448242,
          "acoustic_entropy_side": 18.07826042175293,
          "hz": 464.6875360973435
        },
        {
          "acoustic_entropy": 16.930885314941406,
          "acoustic_entropy_side": 18.791330337524414,
          "hz": 567.8308811364784
        },
        {
          "acoustic_entropy": 18.339263916015625,
          "acoustic_entropy_side": 18.80351448059082,
          "hz": 680.1084783214808
        },
        {
          "acoustic_entropy": 17.801481246948242,
          "acoustic_entropy_side": 19.163591384887695,
          "hz": 802.3292461747484
        },
        {
          "acoustic_entropy": 17.51194953918457,
          "acoustic_entropy_side": 18.565847396850586,
          "hz": 935.3737400823702
        },
        {
          "acoustic_entropy": 17.61809539794922,
          "acoustic_entropy_side": 18.502784729003906,
          "hz": 1080.2004963696966
        },
        {
          "acoustic_entropy": 18.147138595581055,
          "acoustic_entropy_side": 18.596342086791992,
          "hz": 1237.8529382007157
        },
        {
          "acoustic_entropy": 18.755878448486328,
          "acoustic_entropy_side": 18.997238159179688,
          "hz": 1409.4668930556702
        },
        {
          "acoustic_entropy": 18.183534622192383,
          "acoustic_entropy_side": 19.066513061523438,
          "hz": 1596.2787759475705
        },
        {
          "acoustic_entropy": 18.84710121154785,
          "acoustic_entropy_side": 19.14929962158203,
          "hz": 1799.6344973346393
        },
        {
          "acoustic_entropy": 18.753345489501953,
          "acoustic_entropy_side": 18.200897216796875,
          "hz": 2020.9991599069049
        },
        {
          "acoustic_entropy": 18.08938217163086,
          "acoustic_entropy_side": 17.93242073059082,
          "hz": 2261.9676141086993
        },
        {
          "acoustic_entropy": 18.048627853393555,
          "acoustic_entropy_side": 18.623321533203125,
          "hz": 2524.2759484456974
        },
        {
          "acoustic_entropy": 18.612276077270508,
          "acoustic_entropy_side": 18.42009735107422,
          "hz": 2809.813997359896
        },
        {
