{
  "acoustic_entropy": 114.34548950195312,
  "bands": [
    {
      "high_freq": 148.1999969482422,
      "loudness": -62.00645446777344,
      "loudness_range": 22.365283966064453,
      "mid_mean": -59.60357666015625,
      "mid_to_side_loudness": -10.470104217529297,
      "mid_to_side_loudness_range": 13.576170921325684,
      "side_mean": -66.22706604003906
    },
    {
      "high_freq": 392.3793640136719,
      "loudness": -36.848941802978516,
      "loudness_range": 25.119571685791016,
      "low_freq": 148.1999969482422,
      "mid_mean": -50.996368408203125,
      "mid_to_side_loudness": -4.118064880371094,
      "mid_to_side_loudness_range": 8.792875289916992,
      "side_mean": -54.174652099609375
    },
    {
      "high_freq": 794.6976318359375,
      "loudness": -33.843055725097656,
      "loudness_range": 15.946054458618164,
      "low_freq": 392.3793640136719,
      "mid_mean": -51.01742172241211,
      "mid_to_side_loudness": -0.4328913688659668,
      "mid_to_side_loudness_range": 7.090630531311035,
      "side_mean": -51.92488098144531
    },
    {
      "high_freq": 1457.5709228515625,
      "loudness": -42.58050537109375,
      "loudness_range": 21.886096954345703,
      "low_freq": 794.6976318359375,
      "mid_mean": -54.26085662841797,
      "mid_to_side_loudness": -0.8041117787361145,
      "mid_to_side_loudness_range": 6.57061767578125,
      "side_mean": -55.02345275878906
    },
    {
      "high_freq": 2549.74365234375,
      "loudness": -44.78202819824219,
      "loudness_range": 19.103961944580078,
      "low_freq": 1457.5709228515625,
      "mid_mean": -55.3403434753418,
      "mid_to_side_loudness": -0.990472674369812,
      "mid_to_side_loudness_range": 8.068650245666504,
      "side_mean": -56.32928466796875
    },
    {
      "high_freq": 4349.24462890625,
      "loudness": -52.016605377197266,
      "loudness_range": 33.80073547363281,
      "low_freq": 2549.74365234375,
      "mid_mean": -58.93756103515625,
      "mid_to_side_loudness": -0.7608911395072937,
      "mid_to_side_loudness_range": 6.344827175140381,
      "side_mean": -59.656089782714844
    },
    {
      "high_freq": 7314.1640625,
      "loudness": -68.3387451171875,
      "loudness_range": 28.397384643554688,
      "low_freq": 4349.24462890625,
      "mid_mean": -67.42623138427734,
      "mid_to_side_loudness": 1.2096487283706665,
      "mid_to_side_loudness_range": 7.737342834472656,
      "side_mean": -67.50969696044922
    },
    {
      "high_freq": 12199.2666015625,
      "loudness": -64.76351928710938,
      "loudness_range": 28.869342803955078,
      "low_freq": 7314.1640625,
      "mid_mean": -68.77930450439453,
      "mid_to_side_loudness": 2.502444267272949,
      "mid_to_side_loudness_range": 7.387369155883789,
      "side_mean": -68.86125946044922
    },
    {
      "loudness": -72.93144226074219,
      "loudness_range": 79.36264038085938,
      "low_freq": 12199.2666015625,
      "mid_mean": -69.85713195800781,
      "mid_to_side_loudness": 8.688455581665039,
      "mid_to_side_loudness_range": 14.152298927307129,
      "side_mean": -69.81674194335938
    }
  ],
  "bands_short": [
    {
      "high_freq": 148.1999969482422,
      "loudness": -64.06912231445312,
      "loudness_range": 22.990341186523438,
      "mid_mean": -61.17502212524414,
      "mid_to_side_loudness": -11.201323509216309,
      "mid_to_side_loudness_range": 16.380460739135742,
      "side_mean": -67.53767395019531
    },
    {
      "high_freq": 392.3793640136719,
      "loudness": -37.9391975402832,
      "loudness_range": 23.51976776123047,
      "low_freq": 148.1999969482422,
      "mid_mean": -52.40264129638672,
      "mid_to_side_loudness": -3.5706045627593994,
      "mid_to_side_loudness_range": 13.952268600463867,
      "side_mean": -54.90053939819336
    },
    {
      "high_freq": 794.6976318359375,
      "loudness": -35.25788116455078,
      "loudness_range": 18.74595069885254,
      "low_freq": 392.3793640136719,
      "mid_mean": -52.36724853515625,
      "mid_to_side_loudness": -0.42170843482017517,
      "mid_to_side_loudness_range": 10.87396240234375,
      "side_mean": -53.2811279296875
    },
    {
      "high_freq": 1457.5709228515625,
      "loudness": -42.528175354003906,
      "loudness_range": 29.062389373779297,
      "low_freq": 794.6976318359375,
      "mid_mean": -55.009395599365234,
      "mid_to_side_loudness": -0.049218740314245224,
      "mid_to_side_loudness_range": 10.075265884399414,
      "side_mean": -55.05476760864258
    },
    {
      "high_freq": 2549.74365234375,
      "loudness": -46.07654571533203,
      "loudness_range": 19.37012481689453,
      "low_freq": 1457.5709228515625,
      "mid_mean": -56.277591705322266,
      "mid_to_side_loudness": -0.8151341676712036,
      "mid_to_side_loudness_range": 9.529407501220703,
      "side_mean": -57.09862518310547
    },
    {
      "high_freq": 4349.24462890625,
      "loudness": -54.256622314453125,
      "loudness_range": 30.223758697509766,
      "low_freq": 2549.74365234375,
      "mid_mean": -60.42291259765625,
      "mid_to_side_loudness": -0.3898724317550659,
      "mid_to_side_loudness_range": 9.38156509399414,
      "side_mean": -60.840736389160156
    },
    {
      "high_freq": 7314.1640625,
      "loudness": -69.91374206542969,
      "loudness_range": 26.31987762451172,
      "low_freq": 4349.24462890625,
      "mid_mean": -67.85945129394531,
      "mid_to_side_loudness": 0.8703523874282837,
      "mid_to_side_loudness_range": 8.149415016174316,
      "side_mean": -68.03886413574219
    },
    {
      "high_freq": 12199.2666015625,
      "loudness": -66.36116790771484,
      "loudness_range": 30.63349151611328,
      "low_freq": 7314.1640625,
      "mid_mean": -69.27540588378906,
      "mid_to_side_loudness": 3.1015684604644775,
      "mid_to_side_loudness_range": 7.144922256469727,
      "side_mean": -69.25857543945312
    },
    {
      "loudness": -72.80928802490234,
      "loudness_range": 27.040557861328125,
      "low_freq": 12199.2666015625,
      "mid_mean": -69.92670440673828,
      "mid_to_side_loudness": 9.747588157653809,
      "mid_to_side_loudness_range": 25.622623443603516,
      "side_mean": -69.91854858398438
    }
  ],
  "bandwidth": 666.1221923828125,
  "channels": 2,
  "covariance": [
    [
      65.05732727050781,
      28.867807388305664,
      138.27256774902344,
      118.64996337890625,
      143.4473876953125,
      137.33938598632812,
      117.05684661865234,
      112.7013931274414,
      107.38687133789062,
      100.78572845458984,
      76.8245849609375,
      72.17256927490234,
      21.02618408203125,
      20.522567749023438,
      8.73503589630127,
      7.882387161254883,
      1.1471529006958008,
      1.4004364013671875
    ],
    [
      28.867807388305664,
      14.216803550720215,
      59.82011032104492,
      52.25407791137695,
      63.82950210571289,
      60.66218185424805,
      52.01711654663086,
      50.73317337036133,
      47.75062561035156,
      45.74831771850586,
      35.048927307128906,
      33.25994873046875,
      10.511908531188965,
      10.29821491241455,
      3.937962770462036,
      3.4757869243621826,
      0.5157191753387451,
      0.6244897246360779
    ],
    [
      138.27256774902344,
      59.82011032104492,
      331.77825927734375,
      280.5396423339844,
      334.8082580566406,
      321.92559814453125,
      266.319580078125,
      249.79965209960938,
      236.1641082763672,
      215.02651977539062,
      136.5674285888672,
      125.75821685791016,
      32.94318389892578,
      32.792579650878906,
      8.810864448547363,
      7.276613712310791,
      1.1037167310714722,
      1.3248425722122192
    ],
    [
      118.64996337890625,
      52.25407791137695,
      280.5396423339844,
      241.5973358154297,
      286.32659912109375,
      274.5007629394531,
      226.88540649414062,
      214.0186004638672,
      202.39797973632812,
      185.5453643798828,
      118.76395416259766,
      110.10082244873047,
      29.589929580688477,
      29.431407928466797,
      8.119216918945312,
      6.811330318450928,
      1.1192814111709595,
      1.3583146333694458
    ],
    [
      143.4473876953125,
      63.82950210571289,
      334.8082580566406,
      286.32659912109375,
      355.4595947265625,
      338.4197082519531,
      274.6364440917969,
      260.84625244140625,
      244.85806274414062,
      225.17144775390625,
      142.36764526367188,
      133.2289581298828,
      37.07014083862305,
      36.687801361083984,
      8.694937705993652,
      7.2036824226379395,
      1.2635911703109741,
      1.5325706005096436
    ],
    [
      137.33938598632812,
      60.66218185424805,
      321.92559814453125,
      274.5007629394531,
      338.4197082519531,
      326.8892517089844,
      263.7851257324219,
      249.91676330566406,
      233.2980499267578,
      213.96910095214844,
      132.85739135742188,
      123.36674499511719,
      32.76613998413086,
      32.923526763916016,
      6.948528289794922,
      5.751699447631836,
      1.00540292263031,
      1.2062339782714844
    ],
    [
      117.05684661865234,
      52.01711654663086,
      266.319580078125,
      226.88540649414062,
      274.6364440917969,
      263.7851257324219,
      226.76528930664062,
      213.4093475341797,
      199.03707885742188,
      185.52297973632812,
      129.05393981933594,
      119.29988861083984,
      33.0290412902832,
      33.32351303100586,
      11.627439498901367,
      10.2363920211792,
      1.5278187990188599,
      1.862987995147705
    ],
    [
      112.7013931274414,
      50.73317337036133,
      249.79965209960938,
      214.0186004638672,
      260.84625244140625,
      249.91676330566406,
      213.4093475341797,
      205.49705505371094,
      191.077392578125,
      179.27188110351562,
      129.98899841308594,
      121.2356948852539,
      33.81291961669922,
      33.94807434082031,
      12.509434700012207,
      11.11257553100586,
      1.637455940246582,
      2.0015721321105957
    ],
    [
      107.38687133789062,
      47.75062561035156,
      236.1641082763672,
      202.39797973632812,
      244.85806274414062,
      233.2980499267578,
      199.03707885742188,
      191.077392578125,
      191.0689239501953,
      178.75161743164062,
      135.7909698486328,
      128.43101501464844,
      42.12848663330078,
      41.34640121459961,
      21.495018005371094,
      19.530595779418945,
      3.0054361820220947,
      3.685957193374634
    ],
    [
      100.78572845458984,
      45.74831771850586,
      215.02651977539062,
      185.5453643798828,
      225.17144775390625,
      213.96910095214844,
      185.52297973632812,
      179.27188110351562,
      178.75161743164062,
      170.75146484375,
      133.4750518798828,
      126.76508331298828,
      42.46135330200195,
      41.46401596069336,
      22.818471908569336,
      21.041637420654297,
      3.3057761192321777,
      4.055030345916748
    ],
    [
      76.8245849609375,
      35.048927307128906,
      136.5674285888672,
      118.76395416259766,
      142.36764526367188,
      132.85739135742188,
      129.05393981933594,
      129.98899841308594,
      135.7909698486328,
      133.4750518798828,
      142.6973419189453,
      136.22166442871094,
      45.83967590332031,
      44.16526412963867,
      30.86557960510254,
      29.037744522094727,
      4.265812397003174,
      5.2557172775268555
    ],
    [
      72.17256927490234,
      33.25994873046875,
      125.75821685791016,
      110.10082244873047,
      133.2289581298828,
      123.36674499511719,
      119.29988861083984,
      121.2356948852539,
      128.43101501464844,
      126.76508331298828,
      136.22166442871094,
      133.63441467285156,
      46.30391311645508,
      43.94334411621094,
      30.551721572875977,
      28.623340606689453,
      4.131255149841309,
      5.0828375816345215
    ],
    [
      21.02618408203125,
      10.511908531188965,
      32.94318389892578,
      29.589929580688477,
      37.07014083862305,
      32.76613998413086,
      33.0290412902832,
      33.81291961669922,
      42.12848663330078,
      42.46135330200195,
      45.83967590332031,
      46.30391311645508,
      24.518766403198242,
      23.045316696166992,
      17.586782455444336,
      16.06586456298828,
      2.6836764812469482,
      3.3125555515289307
    ],
    [
      20.522567749023438,
      10.29821491241455,
      32.792579650878906,
      29.431407928466797,
      36.687801361083984,
      32.923526763916016,
      33.32351303100586,
      33.94807434082031,
      41.34640121459961,
      41.46401596069336,
      44.16526412963867,
      43.94334411621094,
      23.045316696166992,
      22.69697380065918,
      16.813262939453125,
      15.396316528320312,
      2.5332131385803223,
      3.123162269592285
    ],
    [
      8.73503589630127,
      3.937962770462036,
      8.810864448547363,
      8.119216918945312,
      8.694937705993652,
      6.948528289794922,
      11.627439498901367,
      12.509434700012207,
      21.495018005371094,
      22.818471908569336,
      30.86557960510254,
      30.551721572875977,
      17.586782455444336,
      16.813262939453125,
      16.93351173400879,
      15.872627258300781,
      2.7900397777557373,
      3.447244882583618
    ],
    [
      7.882387161254883,
      3.4757869243621826,
      7.276613712310791,
      6.811330318450928,
      7.2036824226379395,
      5.751699447631836,
      10.2363920211792,
      11.11257553100586,
      19.530595779418945,
      21.041637420654297,
      29.037744522094727,
      28.623340606689453,
      16.06586456298828,
      15.396316528320312,
      15.872627258300781,
      15.110240936279297,
      2.6564507484436035,
      3.279716968536377
    ],
    [
      1.1471529006958008,
      0.5157191753387451,
      1.1037167310714722,
      1.1192814111709595,
      1.2635911703109741,
      1.00540292263031,
      1.5278187990188599,
      1.637455940246582,
      3.0054361820220947,
      3.3057761192321777,
      4.265812397003174,
      4.131255149841309,
      2.6836764812469482,
      2.5332131385803223,
      2.7900397777557373,
      2.6564507484436035,
      0.6265046000480652,
      0.7805492281913757
    ],
    [
      1.4004364013671875,
      0.6244897246360779,
      1.3248425722122192,
      1.3583146333694458,
      1.5325706005096436,
      1.2062339782714844,
      1.862987995147705,
      2.0015721321105957,
      3.685957193374634,
      4.055030345916748,
      5.2557172775268555,
      5.0828375816345215,
      3.3125555515289307,
      3.123162269592285,
      3.447244882583618,
      3.279716968536377,
      0.7805492281913757,
      0.9739540219306946
    ]
  ],
  "covariance_short": [
    [
      52.87525177001953,
      17.05362319946289,
      112.20283508300781,
      96.31758880615234,
      119.50927734375,
      112.36658477783203,
      99.83029174804688,
      99.5921401977539,
      89.97876739501953,
      84.47394561767578,
      60.45100021362305,
      57.99322509765625,
      18.230663299560547,
      16.498903274536133,
      6.140408039093018,
      6.060348987579346,
      0.6670390367507935,
      0.6461324095726013
    ],
    [
      17.05362319946289,
      8.091560363769531,
      37.67314910888672,
      33.21931076049805,
      41.442527770996094,
      38.4465217590332,
      34.506961822509766,
      34.58681106567383,
      31.110445022583008,
      29.925840377807617,
      21.78923797607422,
      20.90152359008789,
      7.068774700164795,
      6.494168281555176,
      2.003267526626587,
      1.9722663164138794,
      0.21638326346874237,
      0.20427854359149933
    ],
    [
      112.20283508300781,
      37.67314910888672,
      307.036376953125,
      258.5702819824219,
      306.2544860839844,
      291.9445495605469,
      250.759521484375,
      245.6231231689453,
      217.15541076660156,
      197.84361267089844,
      114.61316680908203,
      107.11506652832031,
      29.71701431274414,
      26.997331619262695,
      5.948876857757568,
      5.287816524505615,
      0.7564235925674438,
      0.7593125104904175
    ],
    [
      96.31758880615234,
      33.21931076049805,
      258.5702819824219,
      232.09109497070312,
      266.44097900390625,
      253.7710723876953,
      215.87539672851562,
      213.5467071533203,
      188.90701293945312,
      172.8611602783203,
      100.08014678955078,
      94.77336120605469,
      26.974950790405273,
      24.33003807067871,
      5.1691155433654785,
      4.5043463706970215,
      0.6628332138061523,
      0.6612259745597839
    ],
    [
      119.50927734375,
      41.442527770996094,
      306.2544860839844,
      266.44097900390625,
      336.3599548339844,
      312.0472106933594,
      262.41534423828125,
      259.06884765625,
      229.1069793701172,
      211.40411376953125,
      127.74226379394531,
      120.52433776855469,
      36.818634033203125,
      32.51191711425781,
      6.542569637298584,
      5.723588943481445,
      0.8297117948532104,
      0.822631299495697
    ],
    [
      112.36658477783203,
      38.4465217590332,
      291.9445495605469,
      253.7710723876953,
      312.0472106933594,
      299.3866882324219,
      248.70669555664062,
      246.0968780517578,
      215.479736328125,
      197.5072021484375,
      115.47756958007812,
      109.48433685302734,
      31.531047821044922,
      27.888879776000977,
      4.534374713897705,
      3.9011919498443604,
      0.49898451566696167,
      0.48311999440193176
    ],
    [
      99.83029174804688,
      34.506961822509766,
      250.759521484375,
      215.87539672851562,
      262.41534423828125,
      248.70669555664062,
      228.73846435546875,
      223.70172119140625,
      192.1385040283203,
      179.04078674316406,
      114.22432708740234,
      107.20577239990234,
      30.71755027770996,
      29.270652770996094,
      7.933819770812988,
      7.38094425201416,
      1.0535074472427368,
      1.072985291481018
    ],
    [
      99.5921401977539,
      34.58681106567383,
      245.6231231689453,
      213.5467071533203,
      259.06884765625,
      246.0968780517578,
      223.70172119140625,
      228.75454711914062,
      192.44764709472656,
      179.49819946289062,
      115.98313903808594,
      109.96692657470703,
      31.992177963256836,
      30.149669647216797,
      8.201301574707031,
      7.658802509307861,
      1.0540469884872437,
      1.0726138353347778
    ],
    [
      89.97876739501953,
      31.110445022583008,
      217.15541076660156,
      188.90701293945312,
      229.1069793701172,
      215.479736328125,
      192.1385040283203,
      192.44764709472656,
      181.7511749267578,
      168.59832763671875,
      117.1485366821289,
      112.01578521728516,
      36.44288635253906,
      33.935699462890625,
      13.440688133239746,
      12.890768051147461,
      1.6095699071884155,
      1.6113437414169312
    ],
    [
      84.47394561767578,
      29.925840377807617,
      197.84361267089844,
      172.8611602783203,
      211.40411376953125,
      197.5072021484375,
      179.04078674316406,
      179.49819946289062,
      168.59832763671875,
      162.44247436523438,
      115.7259750366211,
      111.53022003173828,
      36.53790283203125,
      34.014774322509766,
      14.016712188720703,
      13.678047180175781,
      1.702083706855774,
      1.7098894119262695
    ],
    [
      60.45100021362305,
      21.78923797607422,
      114.61316680908203,
      100.08014678955078,
      127.74226379394531,
      115.47756958007812,
      114.22432708740234,
      115.98313903808594,
      117.1485366821289,
      115.7259750366211,
      119.37800598144531,
      113.76832580566406,
      36.778953552246094,
      34.17725372314453,
      19.372312545776367,
      19.490339279174805,
      2.4551525115966797,
      2.4534668922424316
    ],
    [
      57.99322509765625,
      20.90152359008789,
      107.11506652832031,
      94.77336120605469,
      120.52433776855469,
      109.48433685302734,
      107.20577239990234,
      109.96692657470703,
      112.01578521728516,
      111.53022003173828,
      113.76832580566406,
      115.16646575927734,
      37.89959716796875,
      34.6425666809082,
      19.01728630065918,
      19.254671096801758,
      2.391864776611328,
      2.403634786605835
    ],
    [
      18.230663299560547,
      7.068774700164795,
      29.71701431274414,
      26.974950790405273,
      36.818634033203125,
      31.531047821044922,
      30.71755027770996,
      31.992177963256836,
      36.44288635253906,
      36.53790283203125,
      36.778953552246094,
      37.89959716796875,
      21.581361770629883,
      19.18113899230957,
      10.82563304901123,
      10.396432876586914,
      1.6424921751022339,
      1.7110546827316284
    ],
    [
      16.498903274536133,
      6.494168281555176,
      26.997331619262695,
      24.33003807067871,
      32.51191711425781,
      27.888879776000977,
      29.270652770996094,
      30.149669647216797,
      33.935699462890625,
      34.014774322509766,
      34.17725372314453,
      34.6425666809082,
      19.18113899230957,
      18.691492080688477,
      10.430487632751465,
      10.109054565429688,
      1.5677765607833862,
      1.6316972970962524
    ],
    [
      6.140408039093018,
      2.003267526626587,
      5.948876857757568,
      5.1691155433654785,
      6.542569637298584,
      4.534374713897705,
      7.933819770812988,
      8.201301574707031,
      13.440688133239746,
      14.016712188720703,
      19.372312545776367,
      19.01728630065918,
      10.82563304901123,
      10.430487632751465,
      10.190963745117188,
      9.893937110900879,
      1.7114157676696777,
      1.768339991569519
    ],
    [
      6.060348987579346,
      1.9722663164138794,
      5.287816524505615,
      4.5043463706970215,
      5.723588943481445,
      3.9011919498443604,
      7.38094425201416,
      7.658802509307861,
      12.890768051147461,
      13.678047180175781,
      19.490339279174805,
      19.254671096801758,
      10.396432876586914,
      10.109054565429688,
      9.893937110900879,
      10.214943885803223,
      1.6294001340866089,
      1.653350830078125
    ],
    [
      0.6670390367507935,
      0.21638326346874237,
      0.7564235925674438,
      0.6628332138061523,
      0.8297117948532104,
      0.49898451566696167,
      1.0535074472427368,
      1.0540469884872437,
      1.6095699071884155,
      1.702083706855774,
      2.4551525115966797,
      2.391864776611328,
      1.6424921751022339,
      1.5677765607833862,
      1.7114157676696777,
      1.6294001340866089,
      0.5436683893203735,
      0.5922728776931763
    ],
    [
      0.6461324095726013,
      0.20427854359149933,
      0.7593125104904175,
      0.6612259745597839,
      0.822631299495697,
      0.48311999440193176,
      1.072985291481018,
      1.0726138353347778,
      1.6113437414169312,
      1.7098894119262695,
      2.4534668922424316,
      2.403634786605835,
      1.7110546827316284,
      1.6316972970962524,
      1.768339991569519,
      1.653350830078125,
      0.5922728776931763,
      0.6640545129776001
    ]
  ],
  "damage": -19.96957778930664,
  "diff_bandwidth": 715.4336547851562,
  "dissonance": 4.511265348435364,
  "drr": 4.175817489624023,
  "dynamics": 5.665681838989258,
  "format": 1245190,
  "frames": 837568,
  "loudness": -26.91922950744629,
  "loudness_range": 13.343061447143555,
  "loudness_range_short": 20.4653377532959,
  "lowpass_true_peak_15khz": -10.747885704040527,
  "mastering3_acoustic_entropies": [
    {
      "acoustic_entropy": 8.278482437133789,
      "acoustic_entropy_mono": 7.661486625671387,
      "band_eliminated_acoustic_entropies": [
        {
          "acoustic_entropy": 8.279312133789062,
          "acoustic_entropy_side": 8.278484344482422,
          "hz": 129.47220167065723
        },
        {
          "acoustic_entropy": 8.315132141113281,
          "acoustic_entropy_side": 8.279133796691895,
          "hz": 202.92927478742237
        },
        {
          "acoustic_entropy": 8.575830459594727,
          "acoustic_entropy_side": 8.277227401733398,
          "hz": 282.89161906338205
        },
        {
          "acoustic_entropy": 8.838885307312012,
          "acoustic_entropy_side": 8.276422500610352,
          "hz": 369.9353335868758
        },
        {
          "acoustic_entropy": 8.08051586151123,
          "acoustic_entropy_side": 8.364709854125977,
          "hz": 464.6875360973435
        },
        {
          "acoustic_entropy": 8.252219200134277,
          "acoustic_entropy_side": 8.318572998046875,
          "hz": 567.8308811364784
        },
        {
          "acoustic_entropy": 7.9169535636901855,
          "acoustic_entropy_side": 8.467098236083984,
          "hz": 680.1084783214808
        },
        {
          "acoustic_entropy": 8.152484893798828,
          "acoustic_entropy_side": 9.299078941345215,
          "hz": 802.3292461747484
        },
        {
          "acoustic_entropy": 8.460030555725098,
          "acoustic_entropy_side": 8.456755638122559,
          "hz": 935.3737400823702
        },
        {
          "acoustic_entropy": 8.5414457321167,
          "acoustic_entropy_side": 8.832469940185547,
          "hz": 1080.2004963696966
        },
        {
          "acoustic_entropy": 8.836194038391113,
          "acoustic_entropy_side": 8.819828987121582,
          "hz": 1237.8529382007157
        },
        {
          "acoustic_entropy": 8.655757904052734,
          "acoustic_entropy_side": 8.428495407104492,
          "hz": 1409.4668930556702
        },
        {
          "acoustic_entropy": 8.804064750671387,
          "acoustic_entropy_side": 8.837884902954102,
          "hz": 1596.2787759475705
        },
        {
          "acoustic_entropy": 8.23044204711914,
          "acoustic_entropy_side": 8.211531639099121,
          "hz": 1799.6344973346393
        },
        {
          "acoustic_entropy": 8.455662727355957,
          "acoustic_entropy_side": 8.418856620788574,
          "hz": 2020.9991599069049
        },
        {
          "acoustic_entropy": 8.655003547668457,
          "acoustic_entropy_side": 8.522307395935059,
          "hz": 2261.9676141086993
        },
        {
          "acoustic_entropy": 8.55709457397461,
          "acoustic_entropy_side": 8.459163665771484,
          "hz": 2524.2759484456974
        },
        {
          "acoustic_entropy": 8.345653533935547,
          "acoustic_entropy_side": 8.279727935791016,
          "hz": 2809.813997359896
        },
        {
          "acoustic_entropy": 8.277368545532227,
          "acoustic_entropy_side": 8.316340446472168,
          "hz": 3120.6389567871424
        },
        {
          "acoustic_entropy": 8.606184005737305,
          "acoustic_entropy_side": 8.311089515686035,
          "hz": 3458.990205492291
        },
        {
          "acoustic_entropy": 8.185335159301758,
          "acoustic_entropy_side": 8.207319259643555,
          "hz": 3827.305438964164
        },
        {
          "acoustic_entropy": 7.446503162384033,
          "acoustic_entropy_side": 8.423206329345703,
          "hz": 4228.238232109126
        },
        {
          "acoustic_entropy": 8.260420799255371,
          "acoustic_entropy_side": 8.197426795959473,
          "hz": 4664.6771572759235
        },
        {
          "acoustic_entropy": 8.27730655670166,
          "acoustic_entropy_side": 8.280356407165527,
          "hz": 5139.766595350093
        },
        {
          "acoustic_entropy": 8.281553268432617,
          "acoustic_entropy_side": 8.276118278503418,
          "hz": 5656.929389854203
        },
        {
          "acoustic_entropy": 8.355934143066406,
          "acoustic_entropy_side": 8.25465202331543,
          "hz": 6219.891507268283
        },
        {
          "acoustic_entropy": 8.203685760498047,
          "acoustic_entropy_side": 8.202033996582031,
          "hz": 6832.70888123896
        },
        {
          "acoustic_entropy": 8.281396865844727,
          "acoustic_entropy_side": 8.280486106872559,
          "hz": 7499.796634079867
        },
        {
          "acoustic_entropy": 8.250350952148438,
          "acoustic_entropy_side": 8.259991645812988,
          "hz": 8225.96088609342
        },
        {
          "acoustic_entropy": 8.276007652282715,
          "acoustic_entropy_side": 8.27853012084961,
          "hz": 9016.43338188839
        },
        {
          "acoustic_entropy": 8.278525352478027,
          "acoustic_entropy_side": 8.278485298156738,
          "hz": 9876.909183162974
        },
        {
          "acoustic_entropy": 8.277339935302734,
          "acoustic_entropy_side": 8.277582168579102,
          "hz": 10813.587699516042
        },
        {
          "acoustic_entropy": 8.27806568145752,
          "acoustic_entropy_side": 8.278138160705566,
          "hz": 11833.21735289826
        },
        {
          "acoustic_entropy": 8.278497695922852,
          "acoustic_entropy_side": 8.278494834899902,
          "hz": 12943.144197493959
        },
        {
          "acoustic_entropy": 8.278484344482422,
          "acoustic_entropy_side": 8.278484344482422,
          "hz": 14151.364845322005
        },
        {
          "acoustic_entropy": 8.278482437133789,
          "acoustic_entropy_side": 8.278482437133789,
          "hz": 15466.58407886509
        },
        {
          "acoustic_entropy": 8.278482437133789,
          "acoustic_entropy_side": 8.278482437133789,
          "hz": 16898.27756580493
        },
        {
          "acoustic_entropy": 8.278482437133789,
          "acoustic_entropy_side": 8.278482437133789,
          "hz": 18456.760127700032
        },
        {
          "acoustic_entropy": 8.278482437133789,
          "acoustic_entropy_side": 8.278482437133789,
          "hz": 20153.260054456492
        },
        {
          "acoustic_entropy": 8.278482437133789,
          "acoustic_entropy_side": 8.278482437133789,
          "hz": 22000.00000000001
        }
      ],
      "diff_acoustic_entropy": 5.001471042633057,
      "sn": 6
    },
    {
      "acoustic_entropy": 10.231289863586426,
      "acoustic_entropy_mono": 9.536491394042969,
      "band_eliminated_acoustic_entropies": [
        {
          "acoustic_entropy": 10.23012638092041,
          "acoustic_entropy_side": 10.231287002563477,
          "hz": 129.47220167065723
        },
        {
          "acoustic_entropy": 10.188979148864746,
          "acoustic_entropy_side": 10.229233741760254,
          "hz": 202.92927478742237
        },
        {
          "acoustic_entropy": 10.954873085021973,
          "acoustic_entropy_side": 10.295326232910156,
          "hz": 282.89161906338205
        },
        {
          "acoustic_entropy": 10.981157302856445,
          "acoustic_entropy_side": 10.268784523010254,
          "hz": 369.9353335868758
        },
        {
          "acoustic_entropy": 10.762663841247559,
          "acoustic_entropy_side": 11.023069381713867,
          "hz": 464.6875360973435
        },
        {
          "acoustic_entropy": 10.766738891601562,
          "acoustic_entropy_side": 10.681741714477539,
          "hz": 567.8308811364784
        },
        {
          "acoustic_entropy": 9.976824760437012,
          "acoustic_entropy_side": 10.690571784973145,
          "hz": 680.1084783214808
        },
        {
          "acoustic_entropy": 10.66655445098877,
          "acoustic_entropy_side": 11.17588996887207,
          "hz": 802.3292461747484
        },
        {
          "acoustic_entropy": 10.696602821350098,
          "acoustic_entropy_side": 11.068931579589844,
          "hz": 935.3737400823702
        },
        {
          "acoustic_entropy": 10.93070125579834,
          "acoustic_entropy_side": 10.729254722595215,
          "hz": 1080.2004963696966
        },
        {
          "acoustic_entropy": 11.181228637695312,
          "acoustic_entropy_side": 10.560769081115723,
          "hz": 1237.8529382007157
        },
        {
          "acoustic_entropy": 10.842511177062988,
          "acoustic_entropy_side": 10.298933029174805,
          "hz": 1409.4668930556702
        },
        {
          "acoustic_entropy": 10.9698486328125,
          "acoustic_entropy_side": 10.925347328186035,
          "hz": 1596.2787759475705
        },
        {
          "acoustic_entropy": 10.751954078674316,
          "acoustic_entropy_side": 10.414156913757324,
          "hz": 1799.6344973346393
        },
        {
          "acoustic_entropy": 10.642553329467773,
          "acoustic_entropy_side": 10.715957641601562,
          "hz": 2020.9991599069049
        },
        {
          "acoustic_entropy": 10.643118858337402,
          "acoustic_entropy_side": 10.4199857711792,
          "hz": 2261.9676141086993
        },
        {
          "acoustic_entropy": 10.279593467712402,
          "acoustic_entropy_side": 10.171679496765137,
          "hz": 2524.2759484456974
        },
        {
          "acoustic_entropy": 10.297808647155762,
          "acoustic_entropy_side": 10.276026725769043,
          "hz": 2809.813997359896
        },
        {
          "acoustic_entropy": 10.249509811401367,
          "acoustic_entropy_side": 10.295540809631348,
          "hz": 3120.6389567871424
        },
        {
          "acoustic_entropy": 10.275376319885254,
          "acoustic_entropy_side": 10.223241806030273,
          "hz": 3458.990205492291
        },
        {
          "acoustic_entropy": 10.195779800415039,
          "acoustic_entropy_side": 10.227230072021484,
          "hz": 3827.305438964164
        },
        {
          "acoustic_entropy": 9.899748802185059,
          "acoustic_entropy_side": 10.457383155822754,
          "hz": 4228.238232109126
        },
        {
          "acoustic_entropy": 10.144648551940918,
          "acoustic_entropy_side": 10.207169532775879,
          "hz": 4664.6771572759235
        },
        {
          "acoustic_entropy": 10.212976455688477,
          "acoustic_entropy_side": 10.227071762084961,
          "hz": 5139.766595350093
        },
        {
          "acoustic_entropy": 10.237923622131348,
          "acoustic_entropy_side": 10.236649513244629,
          "hz": 5656.929389854203
        },
        {
          "acoustic_entropy": 10.30068588256836,
          "acoustic_entropy_side": 10.273168563842773,
          "hz": 6219.891507268283
        },
        {
          "acoustic_entropy": 10.26741886138916,
          "acoustic_entropy_side": 10.254323959350586,
          "hz": 6832.70888123896
        },
        {
          "acoustic_entropy": 10.226848602294922,
          "acoustic_entropy_side": 10.230202674865723,
          "hz": 7499.796634079867
        },
        {
          "acoustic_entropy": 10.162654876708984,
          "acoustic_entropy_side": 10.207086563110352,
          "hz": 8225.96088609342
        },
        {
          "acoustic_entropy": 10.228459358215332,
          "acoustic_entropy_side": 10.229276657104492,
          "hz": 9016.43338188839
        },
        {
          "acoustic_entropy": 10.231217384338379,
          "acoustic_entropy_side": 10.231266975402832,
          "hz": 9876.909183162974
        },
        {
          "acoustic_entropy": 10.231949806213379,
          "acoustic_entropy_side": 10.231788635253906,
          "hz": 10813.587699516042
        },
        {
          "acoustic_entropy": 10.23154354095459,
          "acoustic_entropy_side": 10.231491088867188,
          "hz": 11833.21735289826
        },
        {
          "acoustic_entropy": 10.231241226196289,
          "acoustic_entropy_side": 10.2312593460083,
          "hz": 12943.144197493959
        },
        {
          "acoustic_entropy": 10.23125171661377,
          "acoustic_entropy_side": 10.231264114379883,
          "hz": 14151.364845322005
        },
        {
          "acoustic_entropy": 10.231291770935059,
          "acoustic_entropy_side": 10.231291770935059,
          "hz": 15466.58407886509
        },
        {
          "acoustic_entropy": 10.231289863586426,
          "acoustic_entropy_side": 10.231289863586426,
          "hz": 16898.27756580493
        },
        {
          "acoustic_entropy": 10.231291770935059,
          "acoustic_entropy_side": 10.231290817260742,
          "hz": 18456.760127700032
        },
        {
          "acoustic_entropy": 10.231289863586426,
          "acoustic_entropy_side": 10.231289863586426,
          "hz": 20153.260054456492
        },
        {
          "acoustic_entropy": 10.231289863586426,
          "acoustic_entropy_side": 10.231289863586426,
          "hz": 22000.00000000001
        }
      ],
      "diff_acoustic_entropy": 7.361174583435059,
      "sn": 12
    },
    {
      "acoustic_entropy": 13.862557411193848,
      "acoustic_entropy_mono": 12.557218551635742,
      "band_eliminated_acoustic_entropies": [
        {
          "acoustic_entropy": 13.862373352050781,
          "acoustic_entropy_side": 13.862201690673828,
          "hz": 129.47220167065723
        },
        {
          "acoustic_entropy": 13.759824752807617,
          "acoustic_entropy_side": 13.795371055603027,
          "hz": 202.92927478742237
        },
        {
          "acoustic_entropy": 14.380529403686523,
          "acoustic_entropy_side": 13.75076961517334,
          "hz": 282.89161906338205
        },
        {
          "acoustic_entropy": 14.064156532287598,
          "acoustic_entropy_side": 13.889897346496582,
          "hz": 369.9353335868758
        },
        {
          "acoustic_entropy": 13.78394603729248,
          "acoustic_entropy_side": 13.882308959960938,
          "hz": 464.6875360973435
        },
        {
          "acoustic_entropy": 13.950966835021973,
          "acoustic_entropy_side": 13.733416557312012,
          "hz": 567.8308811364784
        },
        {
          "acoustic_entropy": 13.930377960205078,
          "acoustic_entropy_side": 14.602272987365723,
          "hz": 680.1084783214808
        },
        {
          "acoustic_entropy": 14.014979362487793,
          "acoustic_entropy_side": 13.751715660095215,
          "hz": 802.3292461747484
        },
        {
          "acoustic_entropy": 12.94825267791748,
          "acoustic_entropy_side": 14.153675079345703,
          "hz": 935.3737400823702
        },
        {
          "acoustic_entropy": 14.811182022094727,
          "acoustic_entropy_side": 14.735198974609375,
          "hz": 1080.2004963696966
        },
        {
          "acoustic_entropy": 14.08422565460205,
          "acoustic_entropy_side": 14.336224555969238,
          "hz": 1237.8529382007157
        },
        {
          "acoustic_entropy": 13.834807395935059,
          "acoustic_entropy_side": 14.13577651977539,
          "hz": 1409.4668930556702
        },
        {
          "acoustic_entropy": 14.63698959350586,
          "acoustic_entropy_side": 14.215397834777832,
          "hz": 1596.2787759475705
        },
        {
          "acoustic_entropy": 13.855257034301758,
          "acoustic_entropy_side": 13.95894718170166,
          "hz": 1799.6344973346393
        },
        {
          "acoustic_entropy": 14.056894302368164,
          "acoustic_entropy_side": 14.709653854370117,
          "hz": 2020.9991599069049
        },
        {
          "acoustic_entropy": 13.60255241394043,
          "acoustic_entropy_side": 13.613346099853516,
          "hz": 2261.9676141086993
        },
        {
          "acoustic_entropy": 14.394630432128906,
          "acoustic_entropy_side": 14.189191818237305,
          "hz": 2524.2759484456974
        },
        {
          "acoustic_entropy": 14.02446460723877,
          "acoustic_entropy_side": 14.065248489379883,
          "hz": 2809.813997359896
        },
        {
          "acoustic_entropy": 14.07376766204834,
