{
  "acoustic_entropy": 168.8251495361328,
  "bands": [
    {
      "high_freq": 148.1999969482422,
      "loudness": -31.564851760864258,
      "loudness_range": 18.280580520629883,
      "mid_mean": -29.414260864257812,
      "mid_to_side_loudness": -4.376143455505371,
      "mid_to_side_loudness_range": 3.451279401779175,
      "side_mean": -33.13993453979492
    },
    {
      "high_freq": 392.3793640136719,
      "loudness": -33.174556732177734,
      "loudness_range": 16.31815528869629,
      "low_freq": 148.1999969482422,
      "mid_mean": -30.046859741210938,
      "mid_to_side_loudness": -10.415488243103027,
      "mid_to_side_loudness_range": 12.592151641845703,
      "side_mean": -40.347042083740234
    },
    {
      "high_freq": 794.6976318359375,
      "loudness": -32.44697570800781,
      "loudness_range": 15.628499984741211,
      "low_freq": 392.3793640136719,
      "mid_mean": -29.059186935424805,
      "mid_to_side_loudness": -12.697043418884277,
      "mid_to_side_loudness_range": 12.83505630493164,
      "side_mean": -41.84025573730469
    },
    {
      "high_freq": 1457.5709228515625,
      "loudness": -35.26133728027344,
      "loudness_range": 17.75273323059082,
      "low_freq": 794.6976318359375,
      "mid_mean": -31.854887008666992,
      "mid_to_side_loudness": -12.884138107299805,
      "mid_to_side_loudness_range": 11.14925479888916,
      "side_mean": -44.780174255371094
    },
    {
      "high_freq": 2549.74365234375,
      "loudness": -41.42182922363281,
      "loudness_range": 16.083324432373047,
      "low_freq": 1457.5709228515625,
      "mid_mean": -38.20587921142578,
      "mid_to_side_loudness": -10.094526290893555,
      "mid_to_side_loudness_range": 9.206968307495117,
      "side_mean": -48.27201461791992
    },
    {
      "high_freq": 4349.24462890625,
      "loudness": -45.62630844116211,
      "loudness_range": 16.230792999267578,
      "low_freq": 2549.74365234375,
      "mid_mean": -43.096073150634766,
      "mid_to_side_loudness": -6.03013277053833,
      "mid_to_side_loudness_range": 8.54190444946289,
      "side_mean": -49.0912971496582
    },
    {
      "high_freq": 7314.1640625,
      "loudness": -45.68313980102539,
      "loudness_range": 19.836936950683594,
      "low_freq": 4349.24462890625,
      "mid_mean": -43.82810974121094,
      "mid_to_side_loudness": -3.5601348876953125,
      "mid_to_side_loudness_range": 5.859246730804443,
      "side_mean": -47.297630310058594
    },
    {
      "high_freq": 12199.2666015625,
      "loudness": -45.56277847290039,
      "loudness_range": 23.525279998779297,
      "low_freq": 7314.1640625,
      "mid_mean": -44.287715911865234,
      "mid_to_side_loudness": -2.0977561473846436,
      "mid_to_side_loudness_range": 3.345292091369629,
      "side_mean": -46.105873107910156
    },
    {
      "loudness": -48.76976013183594,
      "loudness_range": 27.433917999267578,
      "low_freq": 12199.2666015625,
      "mid_mean": -49.10338592529297,
      "mid_to_side_loudness": -0.4755290150642395,
      "mid_to_side_loudness_range": 1.0077166557312012,
      "side_mean": -49.583946228027344
    }
  ],
  "bands_short": [
    {
      "high_freq": 148.1999969482422,
      "loudness": -33.978782653808594,
      "loudness_range": 24.525798797607422,
      "mid_mean": -31.9027042388916,
      "mid_to_side_loudness": -4.312653541564941,
      "mid_to_side_loudness_range": 5.522343158721924,
      "side_mean": -35.63402557373047
    },
    {
      "high_freq": 392.3793640136719,
      "loudness": -33.931190490722656,
      "loudness_range": 20.08329963684082,
      "low_freq": 148.1999969482422,
      "mid_mean": -31.04617691040039,
      "mid_to_side_loudness": -9.352367401123047,
      "mid_to_side_loudness_range": 15.33201789855957,
      "side_mean": -40.19919204711914
    },
    {
      "high_freq": 794.6976318359375,
      "loudness": -34.56306076049805,
      "loudness_range": 21.366037368774414,
      "low_freq": 392.3793640136719,
      "mid_mean": -31.291946411132812,
      "mid_to_side_loudness": -11.698477745056152,
      "mid_to_side_loudness_range": 14.59400463104248,
      "side_mean": -43.1419563293457
    },
    {
      "high_freq": 1457.5709228515625,
      "loudness": -36.877201080322266,
      "loudness_range": 22.648178100585938,
      "low_freq": 794.6976318359375,
      "mid_mean": -33.580421447753906,
      "mid_to_side_loudness": -12.06826114654541,
      "mid_to_side_loudness_range": 14.390774726867676,
      "side_mean": -45.870033264160156
    },
    {
      "high_freq": 2549.74365234375,
      "loudness": -42.90277862548828,
      "loudness_range": 19.580005645751953,
      "low_freq": 1457.5709228515625,
      "mid_mean": -39.75705337524414,
      "mid_to_side_loudness": -9.891325950622559,
      "mid_to_side_loudness_range": 11.001174926757812,
      "side_mean": -49.6309928894043
    },
    {
      "high_freq": 4349.24462890625,
      "loudness": -46.92611312866211,
      "loudness_range": 19.6650390625,
      "low_freq": 2549.74365234375,
      "mid_mean": -44.345863342285156,
      "mid_to_side_loudness": -6.32321310043335,
      "mid_to_side_loudness_range": 9.835355758666992,
      "side_mean": -50.662742614746094
    },
    {
      "high_freq": 7314.1640625,
      "loudness": -48.210243225097656,
      "loudness_range": 25.63364028930664,
      "low_freq": 4349.24462890625,
      "mid_mean": -46.27149963378906,
      "mid_to_side_loudness": -3.8888368606567383,
      "mid_to_side_loudness_range": 6.9194536209106445,
      "side_mean": -50.23835372924805
    },
    {
      "high_freq": 12199.2666015625,
      "loudness": -48.55297088623047,
      "loudness_range": 29.930137634277344,
      "low_freq": 7314.1640625,
      "mid_mean": -47.37006378173828,
      "mid_to_side_loudness": -2.3841564655303955,
      "mid_to_side_loudness_range": 4.577914714813232,
      "side_mean": -50.01776885986328
    },
    {
      "loudness": -50.897010803222656,
      "loudness_range": 33.27899932861328,
      "low_freq": 12199.2666015625,
      "mid_mean": -52.79190444946289,
      "mid_to_side_loudness": -0.6625409722328186,
      "mid_to_side_loudness_range": 1.8469120264053345,
      "side_mean": -53.1905632019043
    }
  ],
  "bandwidth": 470.4774475097656,
  "channels": 2,
  "covariance": [
    [
      44.778648376464844,
      43.05010986328125,
      12.340502738952637,
      15.322583198547363,
      6.1241960525512695,
      4.485331058502197,
      5.96102237701416,
      4.308231353759766,
      6.630034923553467,
      4.627638339996338,
      6.118395805358887,
      7.360318660736084,
      8.759918212890625,
      11.249410629272461,
      10.607955932617188,
      11.860158920288086,
      15.857559204101562,
      17.419322967529297
    ],
    [
      43.05010986328125,
      48.310028076171875,
      10.856868743896484,
      13.998590469360352,
      5.613480091094971,
      4.195462226867676,
      6.300526142120361,
      4.57490348815918,
      5.938483715057373,
      3.8323566913604736,
      5.210197448730469,
      5.7904887199401855,
      7.080924987792969,
      8.825716972351074,
      8.663071632385254,
      9.84296703338623,
      13.145325660705566,
      14.364664077758789
    ],
    [
      12.340502738952637,
      10.856868743896484,
      38.405609130859375,
      23.781280517578125,
      20.95755958557129,
      15.899296760559082,
      17.75529670715332,
      14.922256469726562,
      17.78360366821289,
      14.387701034545898,
      13.332257270812988,
      12.606964111328125,
      12.231423377990723,
      13.527301788330078,
      10.783930778503418,
      12.126750946044922,
      15.499662399291992,
      18.339801788330078
    ],
    [
      15.322583198547363,
      13.998590469360352,
      23.781280517578125,
      31.072647094726562,
      10.264824867248535,
      13.356770515441895,
      9.955002784729004,
      12.67473316192627,
      9.607719421386719,
      12.819513320922852,
      11.000920295715332,
      15.47594165802002,
      17.147451400756836,
      20.802772521972656,
      19.32221031188965,
      21.921611785888672,
      26.022613525390625,
      28.096988677978516
    ],
    [
      6.1241960525512695,
      5.613480091094971,
      20.95755958557129,
      10.264824867248535,
      32.962772369384766,
      18.373336791992188,
      17.7601261138916,
      12.048727989196777,
      17.094972610473633,
      12.387941360473633,
      13.615242958068848,
      10.04418659210205,
      8.493266105651855,
      8.507251739501953,
      6.524247646331787,
      7.319707870483398,
      8.230042457580566,
      10.769789695739746
    ],
    [
      4.485331058502197,
      4.195462226867676,
      15.899296760559082,
      13.356770515441895,
      18.373336791992188,
      20.484336853027344,
      13.20692253112793,
      14.493752479553223,
      13.36278247833252,
      14.916606903076172,
      13.279938697814941,
      14.437577247619629,
      11.723323822021484,
      13.402329444885254,
      11.403159141540527,
      13.01378059387207,
      12.823112487792969,
      14.61572551727295
    ],
    [
      5.96102237701416,
      6.300526142120361,
      17.75529670715332,
      9.955002784729004,
      17.7601261138916,
      13.20692253112793,
      41.1467399597168,
      27.181011199951172,
      26.33989906311035,
      20.496234893798828,
      22.857940673828125,
      19.279460906982422,
      18.20493507385254,
      15.621254920959473,
      15.118205070495605,
      13.165284156799316,
      16.27143669128418,
      17.87457847595215
    ],
    [
      4.308231353759766,
      4.57490348815918,
      14.922256469726562,
      12.67473316192627,
      12.048727989196777,
      14.493752479553223,
      27.181011199951172,
      26.87193489074707,
      22.014726638793945,
      22.759389877319336,
      20.912208557128906,
      20.685009002685547,
      18.516477584838867,
      17.28187370300293,
      15.463227272033691,
      13.948929786682129,
      15.479836463928223,
      16.110950469970703
    ],
    [
      6.630034923553467,
      5.938483715057373,
      17.78360366821289,
      9.607719421386719,
      17.094972610473633,
      13.36278247833252,
      26.33989906311035,
      22.014726638793945,
      32.95886993408203,
      27.04456901550293,
      27.559831619262695,
      22.78738021850586,
      20.77728271484375,
      16.786148071289062,
      14.398749351501465,
      10.549229621887207,
      13.137185096740723,
      13.616860389709473
    ],
    [
      4.627638339996338,
      3.8323566913604736,
      14.387701034545898,
      12.819513320922852,
      12.387941360473633,
      14.916606903076172,
      20.496234893798828,
      22.759389877319336,
      27.04456901550293,
      30.145183563232422,
      26.671836853027344,
      27.815120697021484,
      25.413223266601562,
      23.951566696166992,
      20.536413192749023,
      17.845983505249023,
      19.880083084106445,
      20.213163375854492
    ],
    [
      6.118395805358887,
      5.210197448730469,
      13.332257270812988,
      11.000920295715332,
      13.615242958068848,
      13.279938697814941,
      22.857940673828125,
      20.912208557128906,
      27.559831619262695,
      26.671836853027344,
      33.00946044921875,
      31.892467498779297,
      32.306922912597656,
      30.369375228881836,
      29.36907958984375,
      26.326457977294922,
      30.93643569946289,
      31.668495178222656
    ],
    [
      7.360318660736084,
      5.7904887199401855,
      12.606964111328125,
      15.47594165802002,
      10.04418659210205,
      14.437577247619629,
      19.279460906982422,
      20.685009002685547,
      22.78738021850586,
      27.815120697021484,
      31.892467498779297,
      40.81460952758789,
      41.52434158325195,
      44.899574279785156,
      44.53390884399414,
      44.20402526855469,
      50.94350814819336,
      52.48935317993164
    ],
    [
      8.759918212890625,
      7.080924987792969,
      12.231423377990723,
      17.147451400756836,
      8.493266105651855,
      11.723323822021484,
      18.20493507385254,
      18.516477584838867,
      20.77728271484375,
      25.413223266601562,
      32.306922912597656,
      41.52434158325195,
      50.62058639526367,
      52.90532684326172,
      54.69878387451172,
      54.630775451660156,
      63.562191009521484,
      64.8259048461914
    ],
    [
      11.249410629272461,
      8.825716972351074,
      13.527301788330078,
      20.802772521972656,
      8.507251739501953,
      13.402329444885254,
      15.621254920959473,
      17.28187370300293,
      16.786148071289062,
      23.951566696166992,
      30.369375228881836,
      44.899574279785156,
      52.90532684326172,
      62.82735824584961,
      62.66813278198242,
      65.57511138916016,
      75.75128173828125,
      78.24685668945312
    ],
    [
      10.607955932617188,
      8.663071632385254,
      10.783930778503418,
      19.32221031188965,
      6.524247646331787,
      11.403159141540527,
      15.118205070495605,
      15.463227272033691,
      14.398749351501465,
      20.536413192749023,
      29.36907958984375,
      44.53390884399414,
      54.69878387451172,
      62.66813278198242,
      74.20487976074219,
      75.42498779296875,
      86.5386734008789,
      87.61566162109375
    ],
    [
      11.860158920288086,
      9.84296703338623,
      12.126750946044922,
      21.921611785888672,
      7.319707870483398,
      13.01378059387207,
      13.165284156799316,
      13.948929786682129,
      10.549229621887207,
      17.845983505249023,
      26.326457977294922,
      44.20402526855469,
      54.630775451660156,
      65.57511138916016,
      75.42498779296875,
      83.22816467285156,
      91.87383270263672,
      94.39754486083984
    ],
    [
      15.857559204101562,
      13.145325660705566,
      15.499662399291992,
      26.022613525390625,
      8.230042457580566,
      12.823112487792969,
      16.27143669128418,
      15.479836463928223,
      13.137185096740723,
      19.880083084106445,
      30.93643569946289,
      50.94350814819336,
      63.562191009521484,
      75.75128173828125,
      86.5386734008789,
      91.87383270263672,
      111.35041046142578,
      113.54642486572266
    ],
    [
      17.419322967529297,
      14.364664077758789,
      18.339801788330078,
      28.096988677978516,
      10.769789695739746,
      14.61572551727295,
      17.87457847595215,
      16.110950469970703,
      13.616860389709473,
      20.213163375854492,
      31.668495178222656,
      52.48935317993164,
      64.8259048461914,
      78.24685668945312,
      87.61566162109375,
      94.39754486083984,
      113.54642486572266,
      118.68756866455078
    ]
  ],
  "covariance_short": [
    [
      73.07006072998047,
      69.36133575439453,
      21.24106216430664,
      30.712886810302734,
      9.566659927368164,
      10.206058502197266,
      9.118701934814453,
      7.873755931854248,
      9.72556209564209,
      8.711919784545898,
      8.890979766845703,
      10.824682235717773,
      13.742264747619629,
      16.036527633666992,
      16.0880184173584,
      20.064538955688477,
      21.28035545349121,
      21.71491813659668
    ],
    [
      69.36133575439453,
      77.201904296875,
      19.781970977783203,
      30.55360221862793,
      8.255813598632812,
      9.293052673339844,
      8.287952423095703,
      6.946426868438721,
      8.323408126831055,
      7.278772830963135,
      6.931933403015137,
      8.661137580871582,
      11.268219947814941,
      13.375948905944824,
      13.317472457885742,
      17.03033447265625,
      18.306642532348633,
      18.735157012939453
    ],
    [
      21.24106216430664,
      19.781970977783203,
      53.6524658203125,
      32.395103454589844,
      33.20878982543945,
      23.874032974243164,
      23.766721725463867,
      20.450313568115234,
      24.561111450195312,
      19.36449432373047,
      18.820758819580078,
      16.98118019104004,
      18.78129768371582,
      19.462722778320312,
      17.865428924560547,
      21.66356086730957,
      21.54911231994629,
      23.139968872070312
    ],
    [
      30.712886810302734,
      30.55360221862793,
      32.395103454589844,
      44.93184280395508,
      14.654462814331055,
      17.76786231994629,
      12.191645622253418,
      14.952516555786133,
      12.420737266540527,
      14.55213451385498,
      14.367825508117676,
      18.035661697387695,
      21.658077239990234,
      24.789669036865234,
      25.197481155395508,
      29.251178741455078,
      30.19230842590332,
      31.655006408691406
    ],
    [
      9.566659927368164,
      8.255813598632812,
      33.20878982543945,
      14.654462814331055,
      57.454368591308594,
      32.53169631958008,
      31.102615356445312,
      22.564720153808594,
      28.049802780151367,
      19.579565048217773,
      21.396385192871094,
      15.133119583129883,
      15.040254592895508,
      13.814231872558594,
      11.20659351348877,
      13.697671890258789,
      12.687884330749512,
      13.464194297790527
    ],
    [
      10.206058502197266,
      9.293052673339844,
      23.874032974243164,
      17.76786231994629,
      32.53169631958008,
      33.093711853027344,
      21.065950393676758,
      21.770368576049805,
      20.14434051513672,
      20.068737030029297,
      19.24962615966797,
      19.23863410949707,
      19.018756866455078,
      20.315261840820312,
      18.093992233276367,
      21.04307746887207,
      20.34661865234375,
      21.29697036743164
    ],
    [
      9.118701934814453,
      8.287952423095703,
      23.766721725463867,
      12.191645622253418,
      31.102615356445312,
      21.065950393676758,
      59.747100830078125,
      35.73003005981445,
      37.408485412597656,
      28.166851043701172,
      31.148834228515625,
      25.043561935424805,
      28.209503173828125,
      24.673587799072266,
      24.192602157592773,
      25.802236557006836,
      25.016172409057617,
      24.708189010620117
    ],
    [
      7.873755931854248,
      6.946426868438721,
      20.450313568115234,
      14.952516555786133,
      22.564720153808594,
      21.770368576049805,
      35.73003005981445,
      37.0345458984375,
      29.671863555908203,
      29.24882698059082,
      27.860021591186523,
      27.063358306884766,
      27.755535125732422,
      27.030370712280273,
      24.920841217041016,
      26.787752151489258,
      25.19455337524414,
      24.923791885375977
    ],
    [
      9.72556209564209,
      8.323408126831055,
      24.561111450195312,
      12.420737266540527,
      28.049802780151367,
      20.14434051513672,
      37.408485412597656,
      29.671863555908203,
      46.253318786621094,
      35.087528228759766,
      36.752159118652344,
      30.06171417236328,
      31.99028968811035,
      27.761642456054688,
      26.23740577697754,
      26.298845291137695,
      24.94959259033203,
      23.317434310913086
    ],
    [
      8.711919784545898,
      7.278772830963135,
      19.36449432373047,
      14.55213451385498,
      19.579565048217773,
      20.068737030029297,
      28.166851043701172,
      29.24882698059082,
      35.087528228759766,
      38.22902297973633,
      33.85767364501953,
      34.92521667480469,
      35.95921325683594,
      35.60620880126953,
      32.834842681884766,
      34.32118606567383,
      32.52708435058594,
      31.287874221801758
    ],
    [
      8.890979766845703,
      6.931933403015137,
      18.820758819580078,
      14.367825508117676,
      21.396385192871094,
      19.24962615966797,
      31.148834228515625,
      27.860021591186523,
      36.752159118652344,
      33.85767364501953,
      45.52864074707031,
      42.3504638671875,
      48.18684768676758,
      45.93627166748047,
      47.256553649902344,
      48.628082275390625,
      48.96394729614258,
      47.635169982910156
    ],
    [
      10.824682235717773,
      8.661137580871582,
      16.98118019104004,
      18.035661697387695,
      15.133119583129883,
      19.23863410949707,
      25.043561935424805,
      27.063358306884766,
      30.06171417236328,
      34.92521667480469,
      42.3504638671875,
      53.52503967285156,
      58.587039947509766,
      64.36975860595703,
      65.05191802978516,
      71.53706359863281,
      72.58677673339844,
      72.32197570800781
    ],
    [
      13.742264747619629,
      11.268219947814941,
      18.78129768371582,
      21.658077239990234,
      15.040254592895508,
      19.018756866455078,
      28.209503173828125,
      27.755535125732422,
      31.99028968811035,
      35.95921325683594,
      48.18684768676758,
      58.587039947509766,
      77.67926025390625,
      78.81739044189453,
      86.4501953125,
      90.019775390625,
      93.06819915771484,
      92.87000274658203
    ],
    [
      16.036527633666992,
      13.375948905944824,
      19.462722778320312,
      24.789669036865234,
      13.814231872558594,
      20.315261840820312,
      24.673587799072266,
      27.030370712280273,
      27.761642456054688,
      35.60620880126953,
      45.93627166748047,
      64.36975860595703,
      78.81739044189453,
      91.29998016357422,
      94.3996810913086,
      105.82352447509766,
      108.51001739501953,
      109.64358520507812
    ],
    [
      16.0880184173584,
      13.317472457885742,
      17.865428924560547,
      25.197481155395508,
      11.20659351348877,
      18.093992233276367,
      24.192602157592773,
      24.920841217041016,
      26.23740577697754,
      32.834842681884766,
      47.256553649902344,
      65.05191802978516,
      86.4501953125,
      94.3996810913086,
      112.59259796142578,
      115.96244812011719,
      123.41738891601562,
      124.47110748291016
    ],
    [
      20.064538955688477,
      17.03033447265625,
      21.66356086730957,
      29.251178741455078,
      13.697671890258789,
      21.04307746887207,
      25.802236557006836,
      26.787752151489258,
      26.298845291137695,
      34.32118606567383,
      48.628082275390625,
      71.53706359863281,
      90.019775390625,
      105.82352447509766,
      115.96244812011719,
      130.26318359375,
      136.50860595703125,
      138.83969116210938
    ],
    [
      21.28035545349121,
      18.306642532348633,
      21.54911231994629,
      30.19230842590332,
      12.687884330749512,
      20.34661865234375,
      25.016172409057617,
      25.19455337524414,
      24.94959259033203,
      32.52708435058594,
      48.96394729614258,
      72.58677673339844,
      93.06819915771484,
      108.51001739501953,
      123.41738891601562,
      136.50860595703125,
      148.4282989501953,
      150.77943420410156
    ],
    [
      21.71491813659668,
      18.735157012939453,
      23.139968872070312,
      31.655006408691406,
      13.464194297790527,
      21.29697036743164,
      24.708189010620117,
      24.923791885375977,
      23.317434310913086,
      31.287874221801758,
      47.635169982910156,
      72.32197570800781,
      92.87000274658203,
      109.64358520507812,
      124.47110748291016,
      138.83969116210938,
      150.77943420410156,
      154.07884216308594
    ]
  ],
  "damage": -15.140190124511719,
  "diff_bandwidth": 485.4726867675781,
  "dissonance": 6.869179314382597,
  "drr": 5.383411407470703,
  "dynamics": 3.672758102416992,
  "format": 1245190,
  "frames": 15017920,
  "loudness": -21.222015380859375,
  "loudness_range": 9.272321701049805,
  "loudness_range_short": 13.804669380187988,
  "lowpass_true_peak_15khz": -1.4394252300262451,
  "mastering3_acoustic_entropies": [
    {
      "acoustic_entropy": 8.341035842895508,
      "acoustic_entropy_mono": 8.36510181427002,
      "band_eliminated_acoustic_entropies": [
        {
          "acoustic_entropy": 8.2488431930542,
          "acoustic_entropy_side": 8.30050277709961,
          "hz": 129.47220167065723
        },
        {
          "acoustic_entropy": 8.272109031677246,
          "acoustic_entropy_side": 8.057162284851074,
          "hz": 202.92927478742237
        },
        {
          "acoustic_entropy": 7.984218120574951,
          "acoustic_entropy_side": 8.20533275604248,
          "hz": 282.89161906338205
        },
        {
          "acoustic_entropy": 8.618802070617676,
          "acoustic_entropy_side": 8.266805648803711,
          "hz": 369.9353335868758
        },
        {
          "acoustic_entropy": 9.192728042602539,
          "acoustic_entropy_side": 8.277835845947266,
          "hz": 464.6875360973435
        },
        {
          "acoustic_entropy": 8.689276695251465,
          "acoustic_entropy_side": 8.32371711730957,
          "hz": 567.8308811364784
        },
        {
          "acoustic_entropy": 8.211153030395508,
          "acoustic_entropy_side": 8.394265174865723,
          "hz": 680.1084783214808
        },
        {
          "acoustic_entropy": 9.676033020019531,
          "acoustic_entropy_side": 8.41463851928711,
          "hz": 802.3292461747484
        },
        {
          "acoustic_entropy": 8.803831100463867,
          "acoustic_entropy_side": 8.338556289672852,
          "hz": 935.3737400823702
        },
        {
          "acoustic_entropy": 8.030536651611328,
          "acoustic_entropy_side": 8.237066268920898,
          "hz": 1080.2004963696966
        },
        {
          "acoustic_entropy": 9.041049003601074,
          "acoustic_entropy_side": 8.292790412902832,
          "hz": 1237.8529382007157
        },
        {
          "acoustic_entropy": 8.417384147644043,
          "acoustic_entropy_side": 8.3034086227417,
          "hz": 1409.4668930556702
        },
        {
          "acoustic_entropy": 7.565463542938232,
          "acoustic_entropy_side": 8.34561538696289,
          "hz": 1596.2787759475705
        },
        {
          "acoustic_entropy": 8.382431983947754,
          "acoustic_entropy_side": 8.339404106140137,
          "hz": 1799.6344973346393
        },
        {
          "acoustic_entropy": 8.1723051071167,
          "acoustic_entropy_side": 8.333641052246094,
          "hz": 2020.9991599069049
        },
        {
          "acoustic_entropy": 8.215849876403809,
          "acoustic_entropy_side": 8.34278678894043,
          "hz": 2261.9676141086993
        },
        {
          "acoustic_entropy": 8.272921562194824,
          "acoustic_entropy_side": 8.34363842010498,
          "hz": 2524.2759484456974
        },
        {
          "acoustic_entropy": 8.336633682250977,
          "acoustic_entropy_side": 8.344979286193848,
          "hz": 2809.813997359896
        },
        {
          "acoustic_entropy": 8.301218032836914,
          "acoustic_entropy_side": 8.347245216369629,
          "hz": 3120.6389567871424
        },
        {
          "acoustic_entropy": 8.34373950958252,
          "acoustic_entropy_side": 8.349052429199219,
          "hz": 3458.990205492291
        },
        {
          "acoustic_entropy": 8.345159530639648,
          "acoustic_entropy_side": 8.350170135498047,
          "hz": 3827.305438964164
        },
        {
          "acoustic_entropy": 8.398072242736816,
          "acoustic_entropy_side": 8.354454040527344,
          "hz": 4228.238232109126
        },
        {
          "acoustic_entropy": 8.419657707214355,
          "acoustic_entropy_side": 8.361344337463379,
          "hz": 4664.6771572759235
        },
        {
          "acoustic_entropy": 8.377801895141602,
          "acoustic_entropy_side": 8.361021041870117,
          "hz": 5139.766595350093
        },
        {
          "acoustic_entropy": 8.394387245178223,
          "acoustic_entropy_side": 8.360785484313965,
          "hz": 5656.929389854203
        },
        {
          "acoustic_entropy": 8.420894622802734,
          "acoustic_entropy_side": 8.364473342895508,
          "hz": 6219.891507268283
        },
        {
          "acoustic_entropy": 8.394221305847168,
          "acoustic_entropy_side": 8.363166809082031,
          "hz": 6832.70888123896
        },
        {
          "acoustic_entropy": 8.398839950561523,
          "acoustic_entropy_side": 8.364651679992676,
          "hz": 7499.796634079867
        },
        {
          "acoustic_entropy": 8.40231990814209,
          "acoustic_entropy_side": 8.365126609802246,
          "hz": 8225.96088609342
        },
        {
          "acoustic_entropy": 8.400012016296387,
          "acoustic_entropy_side": 8.365370750427246,
          "hz": 9016.43338188839
        },
        {
          "acoustic_entropy": 8.399210929870605,
          "acoustic_entropy_side": 8.36629867553711,
          "hz": 9876.909183162974
        },
        {
          "acoustic_entropy": 8.391998291015625,
          "acoustic_entropy_side": 8.36432933807373,
          "hz": 10813.587699516042
        },
        {
          "acoustic_entropy": 8.386138916015625,
          "acoustic_entropy_side": 8.3651123046875,
          "hz": 11833.21735289826
        },
        {
          "acoustic_entropy": 8.354107856750488,
          "acoustic_entropy_side": 8.367707252502441,
          "hz": 12943.144197493959
        },
        {
          "acoustic_entropy": 8.29815673828125,
          "acoustic_entropy_side": 8.371482849121094,
          "hz": 14151.364845322005
        },
        {
          "acoustic_entropy": 8.358024597167969,
          "acoustic_entropy_side": 8.372724533081055,
          "hz": 15466.58407886509
        },
        {
          "acoustic_entropy": 8.374246597290039,
          "acoustic_entropy_side": 8.362186431884766,
          "hz": 16898.27756580493
        },
        {
          "acoustic_entropy": 8.364611625671387,
          "acoustic_entropy_side": 8.352890968322754,
          "hz": 18456.760127700032
        },
        {
          "acoustic_entropy": 8.352039337158203,
          "acoustic_entropy_side": 8.346294403076172,
          "hz": 20153.260054456492
        },
        {
          "acoustic_entropy": 8.34250259399414,
          "acoustic_entropy_side": 8.341775894165039,
          "hz": 22000.00000000001
        }
      ],
      "diff_acoustic_entropy": 8.236669540405273,
      "sn": 6
    },
    {
      "acoustic_entropy": 12.454262733459473,
      "acoustic_entropy_mono": 12.117895126342773,
      "band_eliminated_acoustic_entropies": [
        {
          "acoustic_entropy": 12.55789852142334,
          "acoustic_entropy_side": 12.497166633605957,
          "hz": 129.47220167065723
        },
        {
          "acoustic_entropy": 12.689997673034668,
          "acoustic_entropy_side": 12.387837409973145,
          "hz": 202.92927478742237
        },
        {
          "acoustic_entropy": 12.790751457214355,
          "acoustic_entropy_side": 12.451744079589844,
          "hz": 282.89161906338205
        },
        {
          "acoustic_entropy": 12.578886985778809,
          "acoustic_entropy_side": 12.532580375671387,
          "hz": 369.9353335868758
        },
        {
          "acoustic_entropy": 13.04238510131836,
          "acoustic_entropy_side": 12.335015296936035,
          "hz": 464.6875360973435
        },
        {
          "acoustic_entropy": 12.30861759185791,
          "acoustic_entropy_side": 12.087430000305176,
          "hz": 567.8308811364784
        },
        {
          "acoustic_entropy": 12.932910919189453,
          "acoustic_entropy_side": 12.577127456665039,
          "hz": 680.1084783214808
        },
        {
          "acoustic_entropy": 14.579248428344727,
          "acoustic_entropy_side": 12.42740535736084,
          "hz": 802.3292461747484
        },
        {
          "acoustic_entropy": 12.222162246704102,
          "acoustic_entropy_side": 12.54516887664795,
          "hz": 935.3737400823702
        },
        {
          "acoustic_entropy": 12.966534614562988,
          "acoustic_entropy_side": 12.320937156677246,
          "hz": 1080.2004963696966
        },
        {
          "acoustic_entropy": 13.119630813598633,
          "acoustic_entropy_side": 12.584232330322266,
          "hz": 1237.8529382007157
        },
        {
          "acoustic_entropy": 13.237394332885742,
          "acoustic_entropy_side": 12.626307487487793,
          "hz": 1409.4668930556702
        },
        {
          "acoustic_entropy": 11.830636024475098,
          "acoustic_entropy_side": 12.445663452148438,
          "hz": 1596.2787759475705
        },
        {
          "acoustic_entropy": 12.325173377990723,
          "acoustic_entropy_side": 12.398218154907227,
          "hz": 1799.6344973346393
        },
        {
          "acoustic_entropy": 12.427555084228516,
          "acoustic_entropy_side": 12.486474990844727,
          "hz": 2020.9991599069049
        },
        {
          "acoustic_entropy": 12.411273956298828,
          "acoustic_entropy_side": 12.448959350585938,
          "hz": 2261.9676141086993
        },
        {
          "acoustic_entropy": 12.255749702453613,
          "acoustic_entropy_side": 12.480608940124512,
          "hz": 2524.2759484456974
        },
        {
          "acoustic_entropy": 12.104705810546875,
          "acoustic_entropy_side": 12.46170711517334,
          "hz": 2809.813997359896
        },
        {
          "acoustic_entropy": 12.32347297668457,
          "acoustic_entropy_side": 12.430733680725098,
          "hz": 3120.6389567871424
        },
        {
          "acoustic_entropy": 12.34552001953125,
          "acoustic_entropy_side": 12.432991027832031,
          "hz": 3458.990205492291
        },
        {
          "acoustic_entropy": 12.372519493103027,
          "acoustic_entropy_side": 12.407523155212402,
          "hz": 3827.305438964164
        },
        {
          "acoustic_entropy": 12.40518856048584,
          "acoustic_entropy_side": 12.416616439819336,
          "hz": 4228.238232109126
        },
        {
          "acoustic_entropy": 12.375990867614746,
          "acoustic_entropy_side": 12.3986234664917,
          "hz": 4664.6771572759235
        },
        {
          "acoustic_entropy": 12.309483528137207,
          "acoustic_entropy_side": 12.372587203979492,
          "hz": 5139.766595350093
        },
        {
          "acoustic_entropy": 12.35903263092041,
          "acoustic_entropy_side": 12.389538764953613,
          "hz": 5656.929389854203
        },
        {
          "acoustic_entropy": 12.381420135498047,
          "acoustic_entropy_side": 12.388650894165039,
          "hz": 6219.891507268283
        },
        {
          "acoustic_entropy": 12.371713638305664,
          "acoustic_entropy_side": 12.392538070678711,
          "hz": 6832.70888123896
        },
        {
          "acoustic_entropy": 12.381606101989746,
          "acoustic_entropy_side": 12.395142555236816,
          "hz": 7499.796634079867
        },
        {
          "acoustic_entropy": 12.404061317443848,
          "acoustic_entropy_side": 12.399430274963379,
          "hz": 8225.96088609342
        },
        {
          "acoustic_entropy": 12.418397903442383,
          "acoustic_entropy_side": 12.4042329788208,
          "hz": 9016.43338188839
        },
        {
          "acoustic_entropy": 12.412467956542969,
          "acoustic_entropy_side": 12.410147666931152,
          "hz": 9876.909183162974
        },
        {
          "acoustic_entropy": 12.4125394821167,
          "acoustic_entropy_side": 12.410455703735352,
          "hz": 10813.587699516042
        },
        {
          "acoustic_entropy": 12.411542892456055,
          "acoustic_entropy_side": 12.41062068939209,
          "hz": 11833.21735289826
        },
        {
          "acoustic_entropy": 12.403172492980957,
          "acoustic_entropy_side": 12.407149314880371,
          "hz": 12943.144197493959
        },
        {
          "acoustic_entropy": 12.386280059814453,
          "acoustic_entropy_side": 12.397685050964355,
          "hz": 14151.364845322005
        },
        {
          "acoustic_entropy": 12.34859561920166,
          "acoustic_entropy_side": 12.381868362426758,
          "hz": 15466.58407886509
        },
        {
          "acoustic_entropy": 12.350045204162598,
          "acoustic_entropy_side": 12.383272171020508,
          "hz": 16898.27756580493
        },
        {
          "acoustic_entropy": 12.362077713012695,
          "acoustic_entropy_side": 12.409772872924805,
          "hz": 18456.760127700032
        },
        {
          "acoustic_entropy": 12.364768028259277,
          "acoustic_entropy_side": 12.429614067077637,
          "hz": 20153.260054456492
        },
        {
          "acoustic_entropy": 12.452519416809082,
          "acoustic_entropy_side": 12.457389831542969,
          "hz": 22000.00000000001
        }
      ],
      "diff_acoustic_entropy": 12.039712905883789,
      "sn": 12
    },
    {
      "acoustic_entropy": 20.068174362182617,
      "acoustic_entropy_mono": 16.767236709594727,
      "band_eliminated_acoustic_entropies": [
        {
          "acoustic_entropy": 18.636817932128906,
          "acoustic_entropy_side": 18.87566375732422,
          "hz": 129.47220167065723
        },
        {
          "acoustic_entropy": 19.745378494262695,
          "acoustic_entropy_side": 19.963825225830078,
          "hz": 202.92927478742237
        },
        {
          "acoustic_entropy": 19.989442825317383,
          "acoustic_entropy_side": 20.459087371826172,
          "hz": 282.89161906338205
        },
        {
          "acoustic_entropy": 20.097332000732422,
          "acoustic_entropy_side": 20.158353805541992,
          "hz": 369.9353335868758
        },
        {
          "acoustic_entropy": 18.802814483642578,
          "acoustic_entropy_side": 19.470897674560547,
          "hz": 464.6875360973435
        },
        {
          "acoustic_entropy": 18.916358947753906,
          "acoustic_entropy_side": 18.788894653320312,
          "hz": 567.8308811364784
        },
        {
          "acoustic_entropy": 19.612152099609375,
          "acoustic_entropy_side": 19.67786979675293,
          "hz": 680.1084783214808
        },
        {
          "acoustic_entropy": 20.0931396484375,
          "acoustic_entropy_side": 19.93358612060547,
          "hz": 802.3292461747484
        },
        {
          "acoustic_entropy": 18.683555603027344,
          "acoustic_entropy_side": 20.06159210205078,
          "hz": 935.3737400823702
        },
        {
          "acoustic_entropy": 19.14032745361328,
          "acoustic_entropy_side": 19.428218841552734,
          "hz": 1080.2004963696966
        },
        {
          "acoustic_entropy": 18.85016632080078,
          "acoustic_entropy_side": 19.77552604675293,
          "hz": 1237.8529382007157
        },
        {
          "acoustic_entropy": 19.54293441772461,
          "acoustic_entropy_side": 19.922109603881836,
          "hz": 1409.4668930556702
        },
        {
          "acoustic_entropy": 18.93716812133789,
          "acoustic_entropy_side": 19.703292846679688,
          "hz": 1596.2787759475705
        },
        {
          "acoustic_entropy": 19.135026931762695,
          "acoustic_entropy_side": 19.507972717285156,
          "hz": 1799.6344973346393
        },
        {
          "acoustic_entropy": 18.854352951049805,
          "acoustic_entropy_side": 19.91724967956543,
          "hz": 2020.9991599069049
        },
        {
          "acoustic_entropy": 20.192188262939453,
          "acoustic_entropy_side": 20.09726333618164,
          "hz": 2261.9676141086993
        },
        {
          "acoustic_entropy": 19.825063705444336,
          "acoustic_entropy_side": 19.940746307373047,
          "hz": 2524.2759484456974
        },
        {
          "acoustic_entropy": 19.90682601928711,
          "acoustic_entropy_side": 20.083282470703125,
          "hz": 2809.813997359896
        },
        {
          "acoustic_entropy": 20.157360076904297,
