{
  "acoustic_entropy": 137.71055603027344,
  "bands": [
    {
      "high_freq": 148.1999969482422,
      "loudness": -72.1649169921875,
      "loudness_range": 22.449623107910156,
      "mid_mean": -65.6758041381836,
      "mid_to_side_loudness": -5.093595027923584,
      "mid_to_side_loudness_range": 3.5100855827331543,
      "side_mean": -67.77891540527344
    },
    {
      "high_freq": 392.3793640136719,
      "loudness": -52.883216857910156,
      "loudness_range": 31.28897476196289,
      "low_freq": 148.1999969482422,
      "mid_mean": -51.54853057861328,
      "mid_to_side_loudness": -6.145801067352295,
      "mid_to_side_loudness_range": 8.318623542785645,
      "side_mean": -56.93987274169922
    },
    {
      "high_freq": 794.6976318359375,
      "loudness": -46.327877044677734,
      "loudness_range": 29.809101104736328,
      "low_freq": 392.3793640136719,
      "mid_mean": -44.259727478027344,
      "mid_to_side_loudness": -5.142983436584473,
      "mid_to_side_loudness_range": 8.21064281463623,
      "side_mean": -51.0908203125
    },
    {
      "high_freq": 1457.5709228515625,
      "loudness": -48.17715072631836,
      "loudness_range": 31.64509391784668,
      "low_freq": 794.6976318359375,
      "mid_mean": -46.937103271484375,
      "mid_to_side_loudness": -5.649030685424805,
      "mid_to_side_loudness_range": 10.012125015258789,
      "side_mean": -53.42861557006836
    },
    {
      "high_freq": 2549.74365234375,
      "loudness": -52.05420684814453,
      "loudness_range": 30.653011322021484,
      "low_freq": 1457.5709228515625,
      "mid_mean": -54.84208297729492,
      "mid_to_side_loudness": -4.568041801452637,
      "mid_to_side_loudness_range": 8.575639724731445,
      "side_mean": -58.29997253417969
    },
    {
      "high_freq": 4349.24462890625,
      "loudness": -61.78216552734375,
      "loudness_range": 31.130523681640625,
      "low_freq": 2549.74365234375,
      "mid_mean": -63.18704605102539,
      "mid_to_side_loudness": -4.302762031555176,
      "mid_to_side_loudness_range": 5.53803825378418,
      "side_mean": -65.48562622070312
    },
    {
      "high_freq": 7314.1640625,
      "loudness": -70.08708190917969,
      "loudness_range": 27.856903076171875,
      "low_freq": 4349.24462890625,
      "mid_mean": -67.65865325927734,
      "mid_to_side_loudness": -3.0825037956237793,
      "mid_to_side_loudness_range": 3.832461357116699,
      "side_mean": -68.53778839111328
    },
    {
      "high_freq": 12199.2666015625,
      "loudness": -80.59222412109375,
      "loudness_range": 8.15625,
      "low_freq": 7314.1640625,
      "mid_mean": -69.21985626220703,
      "mid_to_side_loudness": -2.616290330886841,
      "mid_to_side_loudness_range": 1.4096624851226807,
      "side_mean": -69.5822525024414
    },
    {
      "loudness": -76.44425201416016,
      "loudness_range": 1.42596435546875,
      "low_freq": 12199.2666015625,
      "mid_mean": -68.70874786376953,
      "mid_to_side_loudness": -2.605212450027466,
      "mid_to_side_loudness_range": 0.6960959434509277,
      "side_mean": -69.24575805664062
    }
  ],
  "bands_short": [
    {
      "high_freq": 148.1999969482422,
      "loudness": -75.81053161621094,
      "loudness_range": 20.56069564819336,
      "mid_mean": -67.7215805053711,
      "mid_to_side_loudness": -5.621884822845459,
      "mid_to_side_loudness_range": 8.294978141784668,
      "side_mean": -69.01776885986328
    },
    {
      "high_freq": 392.3793640136719,
      "loudness": -54.686981201171875,
      "loudness_range": 31.21194076538086,
      "low_freq": 148.1999969482422,
      "mid_mean": -53.376220703125,
      "mid_to_side_loudness": -5.507688045501709,
      "mid_to_side_loudness_range": 9.112932205200195,
      "side_mean": -58.03181076049805
    },
    {
      "high_freq": 794.6976318359375,
      "loudness": -46.98258972167969,
      "loudness_range": 29.557348251342773,
      "low_freq": 392.3793640136719,
      "mid_mean": -45.34443664550781,
      "mid_to_side_loudness": -5.2167840003967285,
      "mid_to_side_loudness_range": 10.272698402404785,
      "side_mean": -51.938175201416016
    },
    {
      "high_freq": 1457.5709228515625,
      "loudness": -49.05303955078125,
      "loudness_range": 32.93302917480469,
      "low_freq": 794.6976318359375,
      "mid_mean": -48.00519561767578,
      "mid_to_side_loudness": -5.596425533294678,
      "mid_to_side_loudness_range": 11.155145645141602,
      "side_mean": -54.19504165649414
    },
    {
      "high_freq": 2549.74365234375,
      "loudness": -53.56789016723633,
      "loudness_range": 31.00507354736328,
      "low_freq": 1457.5709228515625,
      "mid_mean": -56.29246520996094,
      "mid_to_side_loudness": -4.581241130828857,
      "mid_to_side_loudness_range": 10.746001243591309,
      "side_mean": -59.6405143737793
    },
    {
      "high_freq": 4349.24462890625,
      "loudness": -62.40327835083008,
      "loudness_range": 31.61578369140625,
      "low_freq": 2549.74365234375,
      "mid_mean": -63.38543701171875,
      "mid_to_side_loudness": -4.143508434295654,
      "mid_to_side_loudness_range": 8.82791519165039,
      "side_mean": -65.55506134033203
    },
    {
      "high_freq": 7314.1640625,
      "loudness": -72.34300994873047,
      "loudness_range": 26.42404556274414,
      "low_freq": 4349.24462890625,
      "mid_mean": -68.24368286132812,
      "mid_to_side_loudness": -2.8431918621063232,
      "mid_to_side_loudness_range": 4.52927827835083,
      "side_mean": -68.90272521972656
    },
    {
      "high_freq": 12199.2666015625,
      "loudness": -80.99748229980469,
      "loudness_range": 5.154388427734375,
      "low_freq": 7314.1640625,
      "mid_mean": -69.35469818115234,
      "mid_to_side_loudness": -2.478769540786743,
      "mid_to_side_loudness_range": 1.9153841733932495,
      "side_mean": -69.6340103149414
    },
    {
      "loudness": -76.44541931152344,
      "loudness_range": 1.601776123046875,
      "low_freq": 12199.2666015625,
      "mid_mean": -68.71031188964844,
      "mid_to_side_loudness": -2.5931785106658936,
      "mid_to_side_loudness_range": 1.438831090927124,
      "side_mean": -69.24429321289062
    }
  ],
  "bandwidth": 775.9497680664062,
  "channels": 2,
  "covariance": [
    [
      16.124174118041992,
      10.034067153930664,
      21.558427810668945,
      15.328848838806152,
      24.613784790039062,
      27.436172485351562,
      31.29115104675293,
      32.695640563964844,
      35.60384750366211,
      32.30379867553711,
      27.354093551635742,
      20.45494270324707,
      13.238468170166016,
      9.175044059753418,
      3.210791826248169,
      1.577038049697876,
      0.48601579666137695,
      0.24496659636497498
    ],
    [
      10.034067153930664,
      6.700665473937988,
      12.873812675476074,
      9.302245140075684,
      14.879759788513184,
      16.125093460083008,
      18.238943099975586,
      18.935331344604492,
      20.86972427368164,
      19.465002059936523,
      17.15681266784668,
      12.96046257019043,
      8.716609954833984,
      6.123136043548584,
      2.273195505142212,
      1.143081784248352,
      0.3133581876754761,
      0.15718881785869598
    ],
    [
      21.558427810668945,
      12.873812675476074,
      120.63339233398438,
      96.10432434082031,
      60.98704147338867,
      83.95850372314453,
      46.41349792480469,
      62.872779846191406,
      56.64952850341797,
      48.18587875366211,
      34.443016052246094,
      24.7831974029541,
      17.4969482421875,
      12.383133888244629,
      3.8484809398651123,
      1.8569210767745972,
      0.6465116143226624,
      0.3428893983364105
    ],
    [
      15.328848838806152,
      9.302245140075684,
      96.10432434082031,
      83.78533172607422,
      47.39894104003906,
      64.81246185302734,
      31.222667694091797,
      44.85523986816406,
      38.6370849609375,
      32.48405456542969,
      25.395158767700195,
      18.745473861694336,
      13.702812194824219,
      9.952364921569824,
      2.891932487487793,
      1.4151939153671265,
      0.46587756276130676,
      0.26036766171455383
    ],
    [
      24.613784790039062,
      14.879759788513184,
      60.98704147338867,
      47.39894104003906,
      101.38777923583984,
      92.43069458007812,
      88.16808319091797,
      84.24703216552734,
      78.6944351196289,
      68.34369659423828,
      46.82004165649414,
      33.758792877197266,
      23.446441650390625,
      16.444013595581055,
      5.354251861572266,
      2.521198272705078,
      1.0736616849899292,
      0.48625490069389343
    ],
    [
      27.436172485351562,
      16.125093460083008,
      83.95850372314453,
      64.81246185302734,
      92.43069458007812,
      115.60694885253906,
      88.48587036132812,
      100.26061248779297,
      92.13724517822266,
      78.21473693847656,
      52.20824432373047,
      36.901756286621094,
      23.01358985900879,
      16.001476287841797,
      5.067307472229004,
      2.4817631244659424,
      1.0947880744934082,
      0.5299304127693176
    ],
    [
      31.29115104675293,
      18.238943099975586,
      46.41349792480469,
      31.222667694091797,
      88.16808319091797,
      88.48587036132812,
      133.02288818359375,
      119.00862884521484,
      112.41472625732422,
      97.90303039550781,
      70.39497375488281,
      50.57843017578125,
      31.038244247436523,
      21.19059944152832,
      6.5848283767700195,
      3.1001644134521484,
      1.3659262657165527,
      0.6367141008377075
    ],
    [
      32.695640563964844,
      18.935331344604492,
      62.872779846191406,
      44.85523986816406,
      84.24703216552734,
      100.26061248779297,
      119.00862884521484,
      129.1717071533203,
      117.39299774169922,
      99.85306549072266,
      70.91434478759766,
      50.42253875732422,
      30.139568328857422,
      20.37010383605957,
      6.196174621582031,
      2.9857094287872314,
      1.3197193145751953,
      0.6536019444465637
    ],
    [
      35.60384750366211,
      20.86972427368164,
      56.64952850341797,
      38.6370849609375,
      78.6944351196289,
      92.13724517822266,
      112.41472625732422,
      117.39299774169922,
      146.26116943359375,
      122.29237365722656,
      77.20476531982422,
      54.5477409362793,
      34.9686164855957,
      22.914039611816406,
      6.861076354980469,
      3.293177604675293,
      1.3834424018859863,
      0.6663650870323181
    ],
    [
      32.30379867553711,
      19.465002059936523,
      48.18587875366211,
      32.48405456542969,
      68.34369659423828,
      78.21473693847656,
      97.90303039550781,
      99.85306549072266,
      122.29237365722656,
      108.40660858154297,
      69.79474639892578,
      49.15260314941406,
      32.58402633666992,
      21.442951202392578,
      6.839123249053955,
      3.3130552768707275,
      1.2702643871307373,
      0.6178672313690186
    ],
    [
      27.354093551635742,
      17.15681266784668,
      34.443016052246094,
      25.395158767700195,
      46.82004165649414,
      52.20824432373047,
      70.39497375488281,
      70.91434478759766,
      77.20476531982422,
      69.79474639892578,
      81.35160827636719,
      61.16093063354492,
      33.78447341918945,
      23.941429138183594,
      8.271438598632812,
      3.950223207473755,
      1.1860378980636597,
      0.5760443806648254
    ],
    [
      20.45494270324707,
      12.96046257019043,
      24.7831974029541,
      18.745473861694336,
      33.758792877197266,
      36.901756286621094,
      50.57843017578125,
      50.42253875732422,
      54.5477409362793,
      49.15260314941406,
      61.16093063354492,
      48.14427947998047,
      26.444847106933594,
      19.030263900756836,
      6.525611400604248,
      3.1415932178497314,
      0.8835331797599792,
      0.4329686760902405
    ],
    [
      13.238468170166016,
      8.716609954833984,
      17.4969482421875,
      13.702812194824219,
      23.446441650390625,
      23.01358985900879,
      31.038244247436523,
      30.139568328857422,
      34.9686164855957,
      32.58402633666992,
      33.78447341918945,
      26.444847106933594,
      22.713159561157227,
      15.759331703186035,
      5.472742557525635,
      2.6112401485443115,
      0.6119988560676575,
      0.2703080475330353
    ],
    [
      9.175044059753418,
      6.123136043548584,
      12.383133888244629,
      9.952364921569824,
      16.444013595581055,
      16.001476287841797,
      21.19059944152832,
      20.37010383605957,
      22.914039611816406,
      21.442951202392578,
      23.941429138183594,
      19.030263900756836,
      15.759331703186035,
      11.55848503112793,
      4.179083824157715,
      2.03324556350708,
      0.442814439535141,
      0.19205492734909058
    ],
    [
      3.210791826248169,
      2.273195505142212,
      3.8484809398651123,
      2.891932487487793,
      5.354251861572266,
      5.067307472229004,
      6.5848283767700195,
      6.196174621582031,
      6.861076354980469,
      6.839123249053955,
      8.271438598632812,
      6.525611400604248,
      5.472742557525635,
      4.179083824157715,
      2.272308349609375,
      1.1287939548492432,
      0.21571920812129974,
      0.07595106959342957
    ],
    [
      1.577038049697876,
      1.143081784248352,
      1.8569210767745972,
      1.4151939153671265,
      2.521198272705078,
      2.4817631244659424,
      3.1001644134521484,
      2.9857094287872314,
      3.293177604675293,
      3.3130552768707275,
      3.950223207473755,
      3.1415932178497314,
      2.6112401485443115,
      2.03324556350708,
      1.1287939548492432,
      0.6146010160446167,
      0.11403968185186386,
      0.04129008948802948
    ],
    [
      0.48601579666137695,
      0.3133581876754761,
      0.6465116143226624,
      0.46587756276130676,
      1.0736616849899292,
      1.0947880744934082,
      1.3659262657165527,
      1.3197193145751953,
      1.3834424018859863,
      1.2702643871307373,
      1.1860378980636597,
      0.8835331797599792,
      0.6119988560676575,
      0.442814439535141,
      0.21571920812129974,
      0.11403968185186386,
      0.038573384284973145,
      0.014887158758938313
    ],
    [
      0.24496659636497498,
      0.15718881785869598,
      0.3428893983364105,
      0.26036766171455383,
      0.48625490069389343,
      0.5299304127693176,
      0.6367141008377075,
      0.6536019444465637,
      0.6663650870323181,
      0.6178672313690186,
      0.5760443806648254,
      0.4329686760902405,
      0.2703080475330353,
      0.19205492734909058,
      0.07595106959342957,
      0.04129008948802948,
      0.014887158758938313,
      0.007689564023166895
    ]
  ],
  "covariance_short": [
    [
      9.315835952758789,
      4.9753851890563965,
      12.993916511535645,
      9.567570686340332,
      16.019367218017578,
      16.730749130249023,
      19.850317001342773,
      19.507474899291992,
      20.957317352294922,
      18.680912017822266,
      16.060564041137695,
      12.425115585327148,
      6.866706371307373,
      4.822440147399902,
      1.5230040550231934,
      0.8247842788696289,
      0.29140233993530273,
      0.16658128798007965
    ],
    [
      4.9753851890563965,
      2.982916831970215,
      6.416642665863037,
      4.822503566741943,
      8.07021427154541,
      8.145977973937988,
      9.800763130187988,
      9.55431079864502,
      10.321931838989258,
      9.368258476257324,
      8.229547500610352,
      6.463050365447998,
      3.7706291675567627,
      2.6965925693511963,
      0.8762007355690002,
      0.4877517521381378,
      0.14572782814502716,
      0.08763408660888672
    ],
    [
      12.993916511535645,
      6.416642665863037,
      114.2882080078125,
      91.84034729003906,
      63.96352005004883,
      78.46105194091797,
      48.329734802246094,
      59.40815353393555,
      52.24340057373047,
      43.594810485839844,
      30.824853897094727,
      23.80583381652832,
      13.359427452087402,
      9.483521461486816,
      2.765392541885376,
      1.5204370021820068,
      0.6455686688423157,
      0.3529142141342163
    ],
    [
      9.567570686340332,
      4.822503566741943,
      91.84034729003906,
      82.25743103027344,
      48.98013687133789,
      60.9022331237793,
      31.893423080444336,
      41.8297233581543,
      34.916690826416016,
      28.562408447265625,
      21.448394775390625,
      17.36614227294922,
      10.1709623336792,
      7.427150249481201,
      2.0002660751342773,
      1.1439248323440552,
      0.45569363236427307,
      0.2659727931022644
    ],
    [
      16.019367218017578,
      8.07021427154541,
      63.96352005004883,
      48.98013687133789,
      110.8589096069336,
      98.50231170654297,
      91.54915618896484,
      83.87834930419922,
      75.4888687133789,
      64.49394226074219,
      41.04570007324219,
      32.24763488769531,
      17.857023239135742,
      12.667523384094238,
      3.669159173965454,
      1.9737945795059204,
      1.0622162818908691,
      0.5260668396949768
    ],
    [
      16.730749130249023,
      8.145977973937988,
      78.46105194091797,
      60.9022331237793,
      98.50231170654297,
      117.2718734741211,
      91.12789154052734,
      96.79544830322266,
      86.1469955444336,
      71.60722351074219,
      45.96856689453125,
      35.001895904541016,
      17.190017700195312,
      12.085616111755371,
      3.384251594543457,
      1.8667949438095093,
      1.0566976070404053,
      0.5456292629241943
    ],
    [
      19.850317001342773,
      9.800763130187988,
      48.329734802246094,
      31.893423080444336,
      91.54915618896484,
      91.12789154052734,
      139.33157348632812,
      120.4107894897461,
      109.00464630126953,
      92.40984344482422,
      66.69641876220703,
      50.36450958251953,
      24.10474395751953,
      16.62322998046875,
      4.784180164337158,
      2.4837985038757324,
      1.4087700843811035,
      0.6811371445655823
    ],
    [
      19.507474899291992,
      9.55431079864502,
      59.40815353393555,
      41.8297233581543,
      83.87834930419922,
      96.79544830322266,
      120.4107894897461,
      125.79247283935547,
      107.87850952148438,
      90.01769256591797,
      64.59794616699219,
      48.27632522583008,
      22.54054832458496,
      15.45644760131836,
      4.35683536529541,
      2.30553936958313,
      1.290439486503601,
      0.6664800643920898
    ],
    [
      20.957317352294922,
      10.321931838989258,
      52.24340057373047,
      34.916690826416016,
      75.4888687133789,
      86.1469955444336,
      109.00464630126953,
      107.87850952148438,
      137.79617309570312,
      111.0680160522461,
      74.20659637451172,
      53.66252899169922,
      27.040931701660156,
      17.832984924316406,
      5.133136749267578,
      2.7043871879577637,
      1.4032063484191895,
      0.7046999931335449
    ],
    [
      18.680912017822266,
      9.368258476257324,
      43.594810485839844,
      28.562408447265625,
      64.49394226074219,
      71.60722351074219,
      92.40984344482422,
      90.01769256591797,
      111.0680160522461,
      98.99292755126953,
      65.42304229736328,
      48.08987045288086,
      24.74152374267578,
      16.48699378967285,
      4.919469833374023,
      2.6330435276031494,
      1.2355735301971436,
      0.6362255215644836
    ],
    [
      16.060564041137695,
      8.229547500610352,
      30.824853897094727,
      21.448394775390625,
      41.04570007324219,
      45.96856689453125,
      66.69641876220703,
      64.59794616699219,
      74.20659637451172,
      65.42304229736328,
      75.67054748535156,
      56.77431869506836,
      26.874340057373047,
      18.745962142944336,
      5.865947723388672,
      3.1089982986450195,
      1.150941014289856,
      0.5922490954399109
    ],
    [
      12.425115585327148,
      6.463050365447998,
      23.80583381652832,
      17.36614227294922,
      32.24763488769531,
      35.001895904541016,
      50.36450958251953,
      48.27632522583008,
      53.66252899169922,
      48.08987045288086,
      56.77431869506836,
      47.643707275390625,
      22.012365341186523,
      15.530844688415527,
      4.77984619140625,
      2.578533411026001,
      0.8948960900306702,
      0.46390500664711
    ],
    [
      6.866706371307373,
      3.7706291675567627,
      13.359427452087402,
      10.1709623336792,
      17.857023239135742,
      17.190017700195312,
      24.10474395751953,
      22.54054832458496,
      27.040931701660156,
      24.74152374267578,
      26.874340057373047,
      22.012365341186523,
      16.308574676513672,
      11.372888565063477,
      3.913146734237671,
      2.091562509536743,
      0.5621100068092346,
      0.26196590065956116
    ],
    [
      4.822440147399902,
      2.6965925693511963,
      9.483521461486816,
      7.427150249481201,
      12.667523384094238,
      12.085616111755371,
      16.62322998046875,
      15.45644760131836,
      17.832984924316406,
      16.48699378967285,
      18.745962142944336,
      15.530844688415527,
      11.372888565063477,
      8.696269035339355,
      3.0520119667053223,
      1.6696113348007202,
      0.42010900378227234,
      0.1902393251657486
    ],
    [
      1.5230040550231934,
      0.8762007355690002,
      2.765392541885376,
      2.0002660751342773,
      3.669159173965454,
      3.384251594543457,
      4.784180164337158,
      4.35683536529541,
      5.133136749267578,
      4.919469833374023,
      5.865947723388672,
      4.77984619140625,
      3.913146734237671,
      3.0520119667053223,
      1.7004094123840332,
      0.9531229734420776,
      0.21537160873413086,
      0.07687724381685257
    ],
    [
      0.8247842788696289,
      0.4877517521381378,
      1.5204370021820068,
      1.1439248323440552,
      1.9737945795059204,
      1.8667949438095093,
      2.4837985038757324,
      2.30553936958313,
      2.7043871879577637,
      2.6330435276031494,
      3.1089982986450195,
      2.578533411026001,
      2.091562509536743,
      1.6696113348007202,
      0.9531229734420776,
      0.6070725321769714,
      0.1291991025209427,
      0.04776138812303543
    ],
    [
      0.29140233993530273,
      0.14572782814502716,
      0.6455686688423157,
      0.45569363236427307,
      1.0622162818908691,
      1.0566976070404053,
      1.4087700843811035,
      1.290439486503601,
      1.4032063484191895,
      1.2355735301971436,
      1.150941014289856,
      0.8948960900306702,
      0.5621100068092346,
      0.42010900378227234,
      0.21537160873413086,
      0.1291991025209427,
      0.0633922591805458,
      0.021546639502048492
    ],
    [
      0.16658128798007965,
      0.08763408660888672,
      0.3529142141342163,
      0.2659727931022644,
      0.5260668396949768,
      0.5456292629241943,
      0.6811371445655823,
      0.6664800643920898,
      0.7046999931335449,
      0.6362255215644836,
      0.5922490954399109,
      0.46390500664711,
      0.26196590065956116,
      0.1902393251657486,
      0.07687724381685257,
      0.04776138812303543,
      0.021546639502048492,
      0.013293540105223656
    ]
  ],
  "damage": -23.843944549560547,
  "diff_bandwidth": 811.9952392578125,
  "dissonance": 4.428935201320892,
  "drr": 2.1060571670532227,
  "dynamics": 7.7902398109436035,
  "format": 1245190,
  "frames": 7288832,
  "loudness": -35.991600036621094,
  "loudness_range": 24.86566162109375,
  "loudness_range_short": 26.458539962768555,
  "lowpass_true_peak_15khz": -7.143282890319824,
  "mastering3_acoustic_entropies": [
    {
      "acoustic_entropy": 8.144349098205566,
      "acoustic_entropy_mono": 7.992912292480469,
      "band_eliminated_acoustic_entropies": [
        {
          "acoustic_entropy": 8.144367218017578,
          "acoustic_entropy_side": 8.1443510055542,
          "hz": 129.47220167065723
        },
        {
          "acoustic_entropy": 8.146394729614258,
          "acoustic_entropy_side": 8.144447326660156,
          "hz": 202.92927478742237
        },
        {
          "acoustic_entropy": 8.086569786071777,
          "acoustic_entropy_side": 8.133570671081543,
          "hz": 282.89161906338205
        },
        {
          "acoustic_entropy": 7.531698703765869,
          "acoustic_entropy_side": 7.851511001586914,
          "hz": 369.9353335868758
        },
        {
          "acoustic_entropy": 8.104513168334961,
          "acoustic_entropy_side": 8.007673263549805,
          "hz": 464.6875360973435
        },
        {
          "acoustic_entropy": 7.258167266845703,
          "acoustic_entropy_side": 8.145694732666016,
          "hz": 567.8308811364784
        },
        {
          "acoustic_entropy": 8.142010688781738,
          "acoustic_entropy_side": 8.656044006347656,
          "hz": 680.1084783214808
        },
        {
          "acoustic_entropy": 8.168647766113281,
          "acoustic_entropy_side": 7.362117290496826,
          "hz": 802.3292461747484
        },
        {
          "acoustic_entropy": 8.556106567382812,
          "acoustic_entropy_side": 8.711450576782227,
          "hz": 935.3737400823702
        },
        {
          "acoustic_entropy": 6.803722858428955,
          "acoustic_entropy_side": 7.998752593994141,
          "hz": 1080.2004963696966
        },
        {
          "acoustic_entropy": 7.913644790649414,
          "acoustic_entropy_side": 7.97378396987915,
          "hz": 1237.8529382007157
        },
        {
          "acoustic_entropy": 7.624418258666992,
          "acoustic_entropy_side": 8.037760734558105,
          "hz": 1409.4668930556702
        },
        {
          "acoustic_entropy": 7.950308799743652,
          "acoustic_entropy_side": 8.108628273010254,
          "hz": 1596.2787759475705
        },
        {
          "acoustic_entropy": 7.948515892028809,
          "acoustic_entropy_side": 8.165521621704102,
          "hz": 1799.6344973346393
        },
        {
          "acoustic_entropy": 7.8498077392578125,
          "acoustic_entropy_side": 8.015143394470215,
          "hz": 2020.9991599069049
        },
        {
          "acoustic_entropy": 8.351383209228516,
          "acoustic_entropy_side": 8.453228950500488,
          "hz": 2261.9676141086993
        },
        {
          "acoustic_entropy": 8.198752403259277,
          "acoustic_entropy_side": 8.172453880310059,
          "hz": 2524.2759484456974
        },
        {
          "acoustic_entropy": 7.822434425354004,
          "acoustic_entropy_side": 8.116467475891113,
          "hz": 2809.813997359896
        },
        {
          "acoustic_entropy": 7.840099811553955,
          "acoustic_entropy_side": 8.078535079956055,
          "hz": 3120.6389567871424
        },
        {
          "acoustic_entropy": 8.141765594482422,
          "acoustic_entropy_side": 8.177022933959961,
          "hz": 3458.990205492291
        },
        {
          "acoustic_entropy": 8.215530395507812,
          "acoustic_entropy_side": 8.15096664428711,
          "hz": 3827.305438964164
        },
        {
          "acoustic_entropy": 8.081087112426758,
          "acoustic_entropy_side": 8.137361526489258,
          "hz": 4228.238232109126
        },
        {
          "acoustic_entropy": 8.095402717590332,
          "acoustic_entropy_side": 8.144769668579102,
          "hz": 4664.6771572759235
        },
        {
          "acoustic_entropy": 8.142338752746582,
          "acoustic_entropy_side": 8.145166397094727,
          "hz": 5139.766595350093
        },
        {
          "acoustic_entropy": 8.14106559753418,
          "acoustic_entropy_side": 8.143234252929688,
          "hz": 5656.929389854203
        },
        {
          "acoustic_entropy": 8.129816055297852,
          "acoustic_entropy_side": 8.142312049865723,
          "hz": 6219.891507268283
        },
        {
          "acoustic_entropy": 8.142437934875488,
          "acoustic_entropy_side": 8.144095420837402,
          "hz": 6832.70888123896
        },
        {
          "acoustic_entropy": 8.144012451171875,
          "acoustic_entropy_side": 8.144343376159668,
          "hz": 7499.796634079867
        },
        {
          "acoustic_entropy": 8.144299507141113,
          "acoustic_entropy_side": 8.144351959228516,
          "hz": 8225.96088609342
        },
        {
          "acoustic_entropy": 8.143973350524902,
          "acoustic_entropy_side": 8.144322395324707,
          "hz": 9016.43338188839
        },
        {
          "acoustic_entropy": 8.144259452819824,
          "acoustic_entropy_side": 8.144338607788086,
          "hz": 9876.909183162974
        },
        {
          "acoustic_entropy": 8.144342422485352,
          "acoustic_entropy_side": 8.14434814453125,
          "hz": 10813.587699516042
        },
        {
          "acoustic_entropy": 8.14434814453125,
          "acoustic_entropy_side": 8.144349098205566,
          "hz": 11833.21735289826
        },
        {
          "acoustic_entropy": 8.144347190856934,
          "acoustic_entropy_side": 8.144349098205566,
          "hz": 12943.144197493959
        },
        {
          "acoustic_entropy": 8.14434814453125,
          "acoustic_entropy_side": 8.144349098205566,
          "hz": 14151.364845322005
        },
        {
          "acoustic_entropy": 8.144349098205566,
          "acoustic_entropy_side": 8.144349098205566,
          "hz": 15466.58407886509
        },
        {
          "acoustic_entropy": 8.144349098205566,
          "acoustic_entropy_side": 8.144349098205566,
          "hz": 16898.27756580493
        },
        {
          "acoustic_entropy": 8.144349098205566,
          "acoustic_entropy_side": 8.144349098205566,
          "hz": 18456.760127700032
        },
        {
          "acoustic_entropy": 8.144349098205566,
          "acoustic_entropy_side": 8.144349098205566,
          "hz": 20153.260054456492
        },
        {
          "acoustic_entropy": 8.144349098205566,
          "acoustic_entropy_side": 8.144349098205566,
          "hz": 22000.00000000001
        }
      ],
      "diff_acoustic_entropy": 5.246153354644775,
      "sn": 6
    },
    {
      "acoustic_entropy": 11.903404235839844,
      "acoustic_entropy_mono": 10.923710823059082,
      "band_eliminated_acoustic_entropies": [
        {
          "acoustic_entropy": 11.903247833251953,
          "acoustic_entropy_side": 11.90339469909668,
          "hz": 129.47220167065723
        },
        {
          "acoustic_entropy": 11.904581069946289,
          "acoustic_entropy_side": 11.90323257446289,
          "hz": 202.92927478742237
        },
        {
          "acoustic_entropy": 11.919801712036133,
          "acoustic_entropy_side": 11.919754028320312,
          "hz": 282.89161906338205
        },
        {
          "acoustic_entropy": 11.352165222167969,
          "acoustic_entropy_side": 11.519659042358398,
          "hz": 369.9353335868758
        },
        {
          "acoustic_entropy": 12.251983642578125,
          "acoustic_entropy_side": 11.707648277282715,
          "hz": 464.6875360973435
        },
        {
          "acoustic_entropy": 11.807839393615723,
          "acoustic_entropy_side": 12.093900680541992,
          "hz": 567.8308811364784
        },
        {
          "acoustic_entropy": 13.312726974487305,
          "acoustic_entropy_side": 13.484076499938965,
          "hz": 680.1084783214808
        },
        {
          "acoustic_entropy": 13.036673545837402,
          "acoustic_entropy_side": 12.017300605773926,
          "hz": 802.3292461747484
        },
        {
          "acoustic_entropy": 12.607070922851562,
          "acoustic_entropy_side": 13.205151557922363,
          "hz": 935.3737400823702
        },
        {
          "acoustic_entropy": 11.324564933776855,
          "acoustic_entropy_side": 11.671882629394531,
          "hz": 1080.2004963696966
        },
        {
          "acoustic_entropy": 12.436002731323242,
          "acoustic_entropy_side": 12.74847412109375,
          "hz": 1237.8529382007157
        },
        {
          "acoustic_entropy": 11.651625633239746,
          "acoustic_entropy_side": 12.045562744140625,
          "hz": 1409.4668930556702
        },
        {
          "acoustic_entropy": 11.555412292480469,
          "acoustic_entropy_side": 12.145742416381836,
          "hz": 1596.2787759475705
        },
        {
          "acoustic_entropy": 11.190631866455078,
          "acoustic_entropy_side": 12.207690238952637,
          "hz": 1799.6344973346393
        },
        {
          "acoustic_entropy": 11.916914939880371,
          "acoustic_entropy_side": 11.870013236999512,
          "hz": 2020.9991599069049
        },
        {
          "acoustic_entropy": 12.278783798217773,
          "acoustic_entropy_side": 12.679454803466797,
          "hz": 2261.9676141086993
        },
        {
          "acoustic_entropy": 11.548507690429688,
          "acoustic_entropy_side": 11.725080490112305,
          "hz": 2524.2759484456974
        },
        {
          "acoustic_entropy": 11.729508399963379,
          "acoustic_entropy_side": 12.264800071716309,
          "hz": 2809.813997359896
        },
        {
          "acoustic_entropy": 12.477611541748047,
          "acoustic_entropy_side": 12.043952941894531,
          "hz": 3120.6389567871424
        },
        {
          "acoustic_entropy": 12.02892780303955,
          "acoustic_entropy_side": 11.727605819702148,
          "hz": 3458.990205492291
        },
        {
          "acoustic_entropy": 12.208545684814453,
          "acoustic_entropy_side": 11.838441848754883,
          "hz": 3827.305438964164
        },
        {
          "acoustic_entropy": 11.913215637207031,
          "acoustic_entropy_side": 11.92807674407959,
          "hz": 4228.238232109126
        },
        {
          "acoustic_entropy": 11.863922119140625,
          "acoustic_entropy_side": 11.915197372436523,
          "hz": 4664.6771572759235
        },
        {
          "acoustic_entropy": 11.909111022949219,
          "acoustic_entropy_side": 11.917618751525879,
          "hz": 5139.766595350093
        },
        {
          "acoustic_entropy": 11.943047523498535,
          "acoustic_entropy_side": 11.926013946533203,
          "hz": 5656.929389854203
        },
        {
          "acoustic_entropy": 11.931276321411133,
          "acoustic_entropy_side": 11.91197395324707,
          "hz": 6219.891507268283
        },
        {
          "acoustic_entropy": 11.899599075317383,
          "acoustic_entropy_side": 11.90200138092041,
          "hz": 6832.70888123896
        },
        {
          "acoustic_entropy": 11.911260604858398,
          "acoustic_entropy_side": 11.904885292053223,
          "hz": 7499.796634079867
        },
        {
          "acoustic_entropy": 11.907183647155762,
          "acoustic_entropy_side": 11.903905868530273,
          "hz": 8225.96088609342
        },
        {
          "acoustic_entropy": 11.907350540161133,
          "acoustic_entropy_side": 11.903861999511719,
          "hz": 9016.43338188839
        },
        {
          "acoustic_entropy": 11.905216217041016,
          "acoustic_entropy_side": 11.903504371643066,
          "hz": 9876.909183162974
        },
        {
          "acoustic_entropy": 11.903458595275879,
          "acoustic_entropy_side": 11.903402328491211,
          "hz": 10813.587699516042
        },
        {
          "acoustic_entropy": 11.903453826904297,
          "acoustic_entropy_side": 11.903403282165527,
          "hz": 11833.21735289826
        },
        {
          "acoustic_entropy": 11.903471946716309,
          "acoustic_entropy_side": 11.90340518951416,
          "hz": 12943.144197493959
        },
        {
          "acoustic_entropy": 11.903420448303223,
          "acoustic_entropy_side": 11.903403282165527,
          "hz": 14151.364845322005
        },
        {
          "acoustic_entropy": 11.903403282165527,
          "acoustic_entropy_side": 11.903404235839844,
          "hz": 15466.58407886509
        },
        {
          "acoustic_entropy": 11.90340518951416,
          "acoustic_entropy_side": 11.903404235839844,
          "hz": 16898.27756580493
        },
        {
          "acoustic_entropy": 11.90340518951416,
          "acoustic_entropy_side": 11.903404235839844,
          "hz": 18456.760127700032
        },
        {
          "acoustic_entropy": 11.90340518951416,
          "acoustic_entropy_side": 11.903403282165527,
          "hz": 20153.260054456492
        },
        {
          "acoustic_entropy": 11.903404235839844,
          "acoustic_entropy_side": 11.903404235839844,
          "hz": 22000.00000000001
        }
      ],
      "diff_acoustic_entropy": 8.614299774169922,
      "sn": 12
    },
    {
      "acoustic_entropy": 19.7568359375,
      "acoustic_entropy_mono": 17.918027877807617,
      "band_eliminated_acoustic_entropies": [
        {
          "acoustic_entropy": 19.745298385620117,
          "acoustic_entropy_side": 19.755653381347656,
          "hz": 129.47220167065723
        },
        {
          "acoustic_entropy": 19.924257278442383,
          "acoustic_entropy_side": 19.79399871826172,
          "hz": 202.92927478742237
        },
        {
          "acoustic_entropy": 19.86918067932129,
          "acoustic_entropy_side": 19.91527557373047,
          "hz": 282.89161906338205
        },
        {
          "acoustic_entropy": 18.862825393676758,
          "acoustic_entropy_side": 19.388689041137695,
          "hz": 369.9353335868758
        },
        {
          "acoustic_entropy": 19.326297760009766,
          "acoustic_entropy_side": 19.869579315185547,
          "hz": 464.6875360973435
        },
        {
          "acoustic_entropy": 18.93621826171875,
          "acoustic_entropy_side": 20.316640853881836,
          "hz": 567.8308811364784
        },
        {
          "acoustic_entropy": 19.299762725830078,
          "acoustic_entropy_side": 19.41798210144043,
          "hz": 680.1084783214808
        },
        {
          "acoustic_entropy": 18.587928771972656,
          "acoustic_entropy_side": 19.924644470214844,
          "hz": 802.3292461747484
        },
        {
          "acoustic_entropy": 19.197731018066406,
          "acoustic_entropy_side": 19.967683792114258,
          "hz": 935.3737400823702
        },
        {
          "acoustic_entropy": 18.763322830200195,
          "acoustic_entropy_side": 19.566518783569336,
          "hz": 1080.2004963696966
        },
        {
          "acoustic_entropy": 18.73686408996582,
          "acoustic_entropy_side": 19.464874267578125,
          "hz": 1237.8529382007157
        },
        {
          "acoustic_entropy": 20.498525619506836,
          "acoustic_entropy_side": 20.21970558166504,
          "hz": 1409.4668930556702
        },
        {
          "acoustic_entropy": 20.21544647216797,
          "acoustic_entropy_side": 19.49518394470215,
          "hz": 1596.2787759475705
        },
        {
          "acoustic_entropy": 18.30815315246582,
          "acoustic_entropy_side": 19.1241455078125,
          "hz": 1799.6344973346393
        },
        {
          "acoustic_entropy": 19.380319595336914,
          "acoustic_entropy_side": 19.3363037109375,
          "hz": 2020.9991599069049
        },
        {
          "acoustic_entropy": 19.29558753967285,
          "acoustic_entropy_side": 20.18781852722168,
          "hz": 2261.9676141086993
        },
        {
          "acoustic_entropy": 19.466203689575195,
          "acoustic_entropy_side": 19.621427536010742,
          "hz": 2524.2759484456974
        },
        {
          "acoustic_entropy": 18.877498626708984,
          "acoustic_entropy_side": 19.44515609741211,
          "hz": 2809.813997359896
        },
        {
          "acoustic_entropy": 19.770692825317383,
