{
  "acoustic_entropy": 191.65528869628906,
  "bands": [
    {
      "high_freq": 148.1999969482422,
      "loudness": -45.62949752807617,
      "loudness_range": 20.12822723388672,
      "mid_mean": -43.39403533935547,
      "mid_to_side_loudness": -4.779648303985596,
      "mid_to_side_loudness_range": 9.47603988647461,
      "side_mean": -48.10712432861328
    },
    {
      "high_freq": 392.3793640136719,
      "loudness": -33.685367584228516,
      "loudness_range": 10.999103546142578,
      "low_freq": 148.1999969482422,
      "mid_mean": -31.507970809936523,
      "mid_to_side_loudness": -4.347358226776123,
      "mid_to_side_loudness_range": 7.788688659667969,
      "side_mean": -35.848121643066406
    },
    {
      "high_freq": 794.6976318359375,
      "loudness": -30.566442489624023,
      "loudness_range": 12.924234390258789,
      "low_freq": 392.3793640136719,
      "mid_mean": -28.429851531982422,
      "mid_to_side_loudness": -4.000173568725586,
      "mid_to_side_loudness_range": 6.001696586608887,
      "side_mean": -32.39030456542969
    },
    {
      "high_freq": 1457.5709228515625,
      "loudness": -36.70485305786133,
      "loudness_range": 19.01280975341797,
      "low_freq": 794.6976318359375,
      "mid_mean": -34.46125030517578,
      "mid_to_side_loudness": -4.157498836517334,
      "mid_to_side_loudness_range": 4.411078453063965,
      "side_mean": -38.56826400756836
    },
    {
      "high_freq": 2549.74365234375,
      "loudness": -39.36112976074219,
      "loudness_range": 21.582836151123047,
      "low_freq": 1457.5709228515625,
      "mid_mean": -36.997833251953125,
      "mid_to_side_loudness": -4.511913776397705,
      "mid_to_side_loudness_range": 4.345170021057129,
      "side_mean": -41.69792556762695
    },
    {
      "high_freq": 4349.24462890625,
      "loudness": -47.323699951171875,
      "loudness_range": 23.07830810546875,
      "low_freq": 2549.74365234375,
      "mid_mean": -45.08857345581055,
      "mid_to_side_loudness": -6.302626132965088,
      "mid_to_side_loudness_range": 5.917501926422119,
      "side_mean": -52.393707275390625
    },
    {
      "high_freq": 7314.1640625,
      "loudness": -59.49292755126953,
      "loudness_range": 24.72234344482422,
      "low_freq": 4349.24462890625,
      "mid_mean": -57.69164276123047,
      "mid_to_side_loudness": -6.943222999572754,
      "mid_to_side_loudness_range": 7.967683792114258,
      "side_mean": -63.05416488647461
    },
    {
      "high_freq": 12199.2666015625,
      "loudness": -68.23265838623047,
      "loudness_range": 21.25186538696289,
      "low_freq": 7314.1640625,
      "mid_mean": -64.11474609375,
      "mid_to_side_loudness": -5.628572463989258,
      "mid_to_side_loudness_range": 5.039583206176758,
      "side_mean": -67.18988037109375
    },
    {
      "loudness": -76.48657989501953,
      "loudness_range": 17.142242431640625,
      "low_freq": 12199.2666015625,
      "mid_mean": -68.12046813964844,
      "mid_to_side_loudness": -4.883577823638916,
      "mid_to_side_loudness_range": 4.037583351135254,
      "side_mean": -69.2728500366211
    }
  ],
  "bands_short": [
    {
      "high_freq": 148.1999969482422,
      "loudness": -49.814300537109375,
      "loudness_range": 21.37651824951172,
      "mid_mean": -47.7441520690918,
      "mid_to_side_loudness": -4.480771064758301,
      "mid_to_side_loudness_range": 12.527997970581055,
      "side_mean": -52.06589126586914
    },
    {
      "high_freq": 392.3793640136719,
      "loudness": -34.42412185668945,
      "loudness_range": 11.409788131713867,
      "low_freq": 148.1999969482422,
      "mid_mean": -32.30122756958008,
      "mid_to_side_loudness": -4.365806579589844,
      "mid_to_side_loudness_range": 9.306236267089844,
      "side_mean": -36.66163635253906
    },
    {
      "high_freq": 794.6976318359375,
      "loudness": -30.833908081054688,
      "loudness_range": 13.714883804321289,
      "low_freq": 392.3793640136719,
      "mid_mean": -28.744070053100586,
      "mid_to_side_loudness": -4.11021089553833,
      "mid_to_side_loudness_range": 8.289666175842285,
      "side_mean": -32.853065490722656
    },
    {
      "high_freq": 1457.5709228515625,
      "loudness": -35.881439208984375,
      "loudness_range": 20.241901397705078,
      "low_freq": 794.6976318359375,
      "mid_mean": -33.73616027832031,
      "mid_to_side_loudness": -4.067521095275879,
      "mid_to_side_loudness_range": 6.50816011428833,
      "side_mean": -37.7703971862793
    },
    {
      "high_freq": 2549.74365234375,
      "loudness": -39.65643310546875,
      "loudness_range": 22.615968704223633,
      "low_freq": 1457.5709228515625,
      "mid_mean": -37.384132385253906,
      "mid_to_side_loudness": -4.452741622924805,
      "mid_to_side_loudness_range": 6.1832356452941895,
      "side_mean": -42.05422592163086
    },
    {
      "high_freq": 4349.24462890625,
      "loudness": -47.09822463989258,
      "loudness_range": 23.431915283203125,
      "low_freq": 2549.74365234375,
      "mid_mean": -45.15432357788086,
      "mid_to_side_loudness": -6.094178676605225,
      "mid_to_side_loudness_range": 7.445183753967285,
      "side_mean": -52.58382034301758
    },
    {
      "high_freq": 7314.1640625,
      "loudness": -59.064064025878906,
      "loudness_range": 24.559040069580078,
      "low_freq": 4349.24462890625,
      "mid_mean": -57.94486999511719,
      "mid_to_side_loudness": -6.756252288818359,
      "mid_to_side_loudness_range": 9.568368911743164,
      "side_mean": -63.194923400878906
    },
    {
      "high_freq": 12199.2666015625,
      "loudness": -67.8340072631836,
      "loudness_range": 20.677452087402344,
      "low_freq": 7314.1640625,
      "mid_mean": -64.21554565429688,
      "mid_to_side_loudness": -5.561883926391602,
      "mid_to_side_loudness_range": 6.477740287780762,
      "side_mean": -67.23194885253906
    },
    {
      "loudness": -76.33746337890625,
      "loudness_range": 17.263954162597656,
      "low_freq": 12199.2666015625,
      "mid_mean": -68.14738464355469,
      "mid_to_side_loudness": -4.915538787841797,
      "mid_to_side_loudness_range": 5.055057525634766,
      "side_mean": -69.27702331542969
    }
  ],
  "bandwidth": 686.1297607421875,
  "channels": 2,
  "covariance": [
    [
      48.637306213378906,
      43.882564544677734,
      8.859341621398926,
      8.65265941619873,
      8.626771926879883,
      7.986922264099121,
      15.539682388305664,
      15.949193000793457,
      10.803726196289062,
      11.383078575134277,
      9.884500503540039,
      12.993693351745605,
      7.376851558685303,
      5.689563274383545,
      5.765645980834961,
      3.349419116973877,
      2.519012928009033,
      1.209518313407898
    ],
    [
      43.882564544677734,
      50.86396026611328,
      9.96749210357666,
      8.801225662231445,
      9.51905632019043,
      9.166523933410645,
      15.827484130859375,
      16.281158447265625,
      12.6298246383667,
      13.22970962524414,
      11.214158058166504,
      14.878442764282227,
      8.560612678527832,
      6.430474281311035,
      6.548392295837402,
      3.717454433441162,
      2.6845109462738037,
      1.2993141412734985
    ],
    [
      8.859341621398926,
      9.96749210357666,
      16.67472267150879,
      12.657047271728516,
      5.350711345672607,
      4.222831726074219,
      8.10631275177002,
      7.956169128417969,
      8.541926383972168,
      8.496698379516602,
      6.358917236328125,
      9.38485336303711,
      7.759167194366455,
      4.676009178161621,
      3.2983758449554443,
      1.500287413597107,
      1.397720217704773,
      0.6040179133415222
    ],
    [
      8.65265941619873,
      8.801225662231445,
      12.657047271728516,
      16.239727020263672,
      5.384459495544434,
      4.386537075042725,
      8.256447792053223,
      8.056265830993652,
      7.6277689933776855,
      7.409146785736084,
      5.2444748878479,
      7.600406169891357,
      6.770592212677002,
      4.003084659576416,
      2.8634185791015625,
      1.3573451042175293,
      1.3532973527908325,
      0.629473865032196
    ],
    [
      8.626771926879883,
      9.51905632019043,
      5.350711345672607,
      5.384459495544434,
      26.224611282348633,
      22.169157028198242,
      24.680009841918945,
      24.7099552154541,
      25.478919982910156,
      25.99541473388672,
      28.80754280090332,
      33.00906753540039,
      28.923908233642578,
      18.48790168762207,
      16.524526596069336,
      8.569694519042969,
      5.795733451843262,
      2.4193012714385986
    ],
    [
      7.986922264099121,
      9.166523933410645,
      4.222831726074219,
      4.386537075042725,
      22.169157028198242,
      24.953786849975586,
      22.520912170410156,
      22.798826217651367,
      23.71038246154785,
      24.162200927734375,
      27.21243667602539,
      30.97508430480957,
      27.57219696044922,
      17.727460861206055,
      15.7616605758667,
      8.191040992736816,
      5.438201904296875,
      2.2861664295196533
    ],
    [
      15.539682388305664,
      15.827484130859375,
      8.10631275177002,
      8.256447792053223,
      24.680009841918945,
      22.520912170410156,
      47.60318374633789,
      45.709598541259766,
      41.375877380371094,
      41.011009216308594,
      43.644588470458984,
      49.5183219909668,
      40.532196044921875,
      25.411436080932617,
      24.047271728515625,
      12.398463249206543,
      8.104275703430176,
      3.313844919204712
    ],
    [
      15.949193000793457,
      16.281158447265625,
      7.956169128417969,
      8.056265830993652,
      24.7099552154541,
      22.798826217651367,
      45.709598541259766,
      47.490013122558594,
      40.06966781616211,
      40.141414642333984,
      43.00751876831055,
      48.37241744995117,
      39.49198913574219,
      24.864198684692383,
      23.56718635559082,
      12.16444206237793,
      7.924222469329834,
      3.2642338275909424
    ],
    [
      10.803726196289062,
      12.6298246383667,
      8.541926383972168,
      7.6277689933776855,
      25.478919982910156,
      23.71038246154785,
      41.375877380371094,
      40.06966781616211,
      60.302207946777344,
      56.53305435180664,
      60.03459930419922,
      59.918643951416016,
      54.71017074584961,
      34.92937088012695,
      31.51258087158203,
      16.294675827026367,
      10.900437355041504,
      4.3415350914001465
    ],
    [
      11.383078575134277,
      13.22970962524414,
      8.496698379516602,
      7.409146785736084,
      25.99541473388672,
      24.162200927734375,
      41.011009216308594,
      40.141414642333984,
      56.53305435180664,
      57.6309700012207,
      58.19148254394531,
      59.428871154785156,
      52.95732879638672,
      33.91714096069336,
      30.46198081970215,
      15.75201416015625,
      10.53646183013916,
      4.221808910369873
    ],
    [
      9.884500503540039,
      11.214158058166504,
      6.358917236328125,
      5.2444748878479,
      28.80754280090332,
      27.21243667602539,
      43.644588470458984,
      43.00751876831055,
      60.03459930419922,
      58.19148254394531,
      81.13670349121094,
      69.68074798583984,
      65.89358520507812,
      41.65296173095703,
      38.10189437866211,
      19.481754302978516,
      12.811793327331543,
      4.938815116882324
    ],
    [
      12.993693351745605,
      14.878442764282227,
      9.38485336303711,
      7.600406169891357,
      33.00906753540039,
      30.97508430480957,
      49.5183219909668,
      48.37241744995117,
      59.918643951416016,
      59.428871154785156,
      69.68074798583984,
      76.2744140625,
      66.6696548461914,
      42.21615982055664,
      37.8444709777832,
      19.455062866210938,
      12.832573890686035,
      5.045394420623779
    ],
    [
      7.376851558685303,
      8.560612678527832,
      7.759167194366455,
      6.770592212677002,
      28.923908233642578,
      27.57219696044922,
      40.532196044921875,
      39.49198913574219,
      54.71017074584961,
      52.95732879638672,
      65.89358520507812,
      66.6696548461914,
      69.96533203125,
      43.72734832763672,
      37.04582977294922,
      19.029640197753906,
      12.795014381408691,
      4.842134952545166
    ],
    [
      5.689563274383545,
      6.430474281311035,
      4.676009178161621,
      4.003084659576416,
      18.48790168762207,
      17.727460861206055,
      25.411436080932617,
      24.864198684692383,
      34.92937088012695,
      33.91714096069336,
      41.65296173095703,
      42.21615982055664,
      43.72734832763672,
      28.680139541625977,
      24.136852264404297,
      12.771970748901367,
      8.691815376281738,
      3.383436441421509
    ],
    [
      5.765645980834961,
      6.548392295837402,
      3.2983758449554443,
      2.8634185791015625,
      16.524526596069336,
      15.7616605758667,
      24.047271728515625,
      23.56718635559082,
      31.51258087158203,
      30.46198081970215,
      38.10189437866211,
      37.8444709777832,
      37.04582977294922,
      24.136852264404297,
      22.99155044555664,
      12.25017261505127,
      8.056340217590332,
      3.1349120140075684
    ],
    [
      3.349419116973877,
      3.717454433441162,
      1.500287413597107,
      1.3573451042175293,
      8.569694519042969,
      8.191040992736816,
      12.398463249206543,
      12.16444206237793,
      16.294675827026367,
      15.75201416015625,
      19.481754302978516,
      19.455062866210938,
      19.029640197753906,
      12.771970748901367,
      12.25017261505127,
      6.8309006690979,
      4.499240875244141,
      1.810984492301941
    ],
    [
      2.519012928009033,
      2.6845109462738037,
      1.397720217704773,
      1.3532973527908325,
      5.795733451843262,
      5.438201904296875,
      8.104275703430176,
      7.924222469329834,
      10.900437355041504,
      10.53646183013916,
      12.811793327331543,
      12.832573890686035,
      12.795014381408691,
      8.691815376281738,
      8.056340217590332,
      4.499240875244141,
      3.344589948654175,
      1.3422155380249023
    ],
    [
      1.209518313407898,
      1.2993141412734985,
      0.6040179133415222,
      0.629473865032196,
      2.4193012714385986,
      2.2861664295196533,
      3.313844919204712,
      3.2642338275909424,
      4.3415350914001465,
      4.221808910369873,
      4.938815116882324,
      5.045394420623779,
      4.842134952545166,
      3.383436441421509,
      3.1349120140075684,
      1.810984492301941,
      1.3422155380249023,
      0.5826719999313354
    ]
  ],
  "covariance_short": [
    [
      53.14154815673828,
      46.41795349121094,
      13.680676460266113,
      12.801222801208496,
      7.640196800231934,
      6.230497360229492,
      13.312519073486328,
      13.574453353881836,
      9.75284194946289,
      10.26915454864502,
      8.043371200561523,
      11.429267883300781,
      5.895259857177734,
      5.060554027557373,
      4.472166061401367,
      2.7187411785125732,
      2.474487066268921,
      1.2173845767974854
    ],
    [
      46.41795349121094,
      57.29006576538086,
      14.258501052856445,
      13.063614845275879,
      8.879359245300293,
      7.4802398681640625,
      14.213903427124023,
      14.6279296875,
      11.23665714263916,
      12.094079971313477,
      9.28246784210205,
      13.287785530090332,
      6.487481594085693,
      5.360040664672852,
      4.79570198059082,
      2.852130174636841,
      2.5305702686309814,
      1.3116693496704102
    ],
    [
      13.680676460266113,
      14.258501052856445,
      17.927274703979492,
      13.192049026489258,
      6.642204761505127,
      5.694031238555908,
      9.95862102508545,
      9.625482559204102,
      9.09805679321289,
      8.997644424438477,
      5.783563137054443,
      9.486696243286133,
      6.003427505493164,
      3.7409110069274902,
      3.1340396404266357,
      1.6024028062820435,
      1.4860557317733765,
      0.7495851516723633
    ],
    [
      12.801222801208496,
      13.063614845275879,
      13.192049026489258,
      18.8009090423584,
      6.255369663238525,
      6.082843780517578,
      9.85055160522461,
      9.466773986816406,
      8.230307579040527,
      7.986082553863525,
      4.591536521911621,
      7.984245300292969,
      5.499061584472656,
      3.392099618911743,
      2.8669703006744385,
      1.5113142728805542,
      1.4249321222305298,
      0.7598075866699219
    ],
    [
      7.640196800231934,
      8.879359245300293,
      6.642204761505127,
      6.255369663238525,
      29.64293670654297,
      24.117956161499023,
      22.594850540161133,
      22.593822479248047,
      25.14773178100586,
      25.079517364501953,
      28.049327850341797,
      33.37472915649414,
      29.38918685913086,
      18.81326675415039,
      16.249107360839844,
      8.443645477294922,
      5.882195472717285,
      2.4809882640838623
    ],
    [
      6.230497360229492,
      7.4802398681640625,
      5.694031238555908,
      6.082843780517578,
      24.117956161499023,
      28.803159713745117,
      20.994060516357422,
      21.235382080078125,
      23.97513771057129,
      24.03059959411621,
      26.904592514038086,
      32.18999099731445,
      28.40291976928711,
      18.290857315063477,
      15.721707344055176,
      8.199302673339844,
      5.6212944984436035,
      2.403303384780884
    ],
    [
      13.312519073486328,
      14.213903427124023,
      9.95862102508545,
      9.85055160522461,
      22.594850540161133,
      20.994060516357422,
      53.08144760131836,
      49.43372344970703,
      43.52495574951172,
      42.99822235107422,
      45.77680969238281,
      52.02182388305664,
      42.77259826660156,
      26.193618774414062,
      24.666227340698242,
      12.550039291381836,
      8.265395164489746,
      3.4091219902038574
    ],
    [
      13.574453353881836,
      14.6279296875,
      9.625482559204102,
      9.466773986816406,
      22.593822479248047,
      21.235382080078125,
      49.43372344970703,
      53.379486083984375,
      42.951900482177734,
      42.71516799926758,
      45.779335021972656,
      51.614707946777344,
      42.279624938964844,
      25.97161102294922,
      24.489315032958984,
      12.44575309753418,
      8.1525297164917,
      3.3781585693359375
    ],
    [
      9.75284194946289,
      11.23665714263916,
      9.09805679321289,
      8.230307579040527,
      25.14773178100586,
      23.97513771057129,
      43.52495574951172,
      42.951900482177734,
      65.5145034790039,
      59.73649215698242,
      62.35694122314453,
      62.67271423339844,
      56.91347122192383,
      35.97761154174805,
      32.254173278808594,
      16.66891098022461,
      11.221867561340332,
      4.5264573097229
    ],
    [
      10.26915454864502,
      12.094079971313477,
      8.997644424438477,
      7.986082553863525,
      25.079517364501953,
      24.03059959411621,
      42.99822235107422,
      42.71516799926758,
      59.73649215698242,
      62.02379608154297,
      59.5608024597168,
      62.02427291870117,
      54.750728607177734,
      34.80475616455078,
      30.97756004333496,
      16.025392532348633,
      10.799251556396484,
      4.386106967926025
    ],
    [
      8.043371200561523,
      9.28246784210205,
      5.783563137054443,
      4.591536521911621,
      28.049327850341797,
      26.904592514038086,
      45.77680969238281,
      45.779335021972656,
      62.35694122314453,
      59.5608024597168,
      86.9552230834961,
      72.79969787597656,
      68.22386932373047,
      42.991641998291016,
      38.94140625,
      19.940227508544922,
      13.210264205932617,
      5.169280529022217
    ],
    [
      11.429267883300781,
      13.287785530090332,
      9.486696243286133,
      7.984245300292969,
      33.37472915649414,
      32.18999099731445,
      52.02182388305664,
      51.614707946777344,
      62.67271423339844,
      62.02427291870117,
      72.79969787597656,
      81.828857421875,
      69.45918273925781,
      43.774356842041016,
      38.806976318359375,
      19.96525001525879,
      13.247538566589355,
      5.294209003448486
    ],
    [
      5.895259857177734,
      6.487481594085693,
      6.003427505493164,
      5.499061584472656,
      29.38918685913086,
      28.40291976928711,
      42.77259826660156,
      42.279624938964844,
      56.91347122192383,
      54.750728607177734,
      68.22386932373047,
      69.45918273925781,
      72.92618560791016,
      45.17583465576172,
      37.934898376464844,
      19.495962142944336,
      13.121773719787598,
      5.041869640350342
    ],
    [
      5.060554027557373,
      5.360040664672852,
      3.7409110069274902,
      3.392099618911743,
      18.81326675415039,
      18.290857315063477,
      26.193618774414062,
      25.97161102294922,
      35.97761154174805,
      34.80475616455078,
      42.991641998291016,
      43.774356842041016,
      45.17583465576172,
      29.913312911987305,
      24.57362174987793,
      13.044778823852539,
      8.902057647705078,
      3.531658411026001
    ],
    [
      4.472166061401367,
      4.79570198059082,
      3.1340396404266357,
      2.8669703006744385,
      16.249107360839844,
      15.721707344055176,
      24.666227340698242,
      24.489315032958984,
      32.254173278808594,
      30.97756004333496,
      38.94140625,
      38.806976318359375,
      37.934898376464844,
      24.57362174987793,
      23.7206974029541,
      12.631734848022461,
      8.258750915527344,
      3.25504469871521
    ],
    [
      2.7187411785125732,
      2.852130174636841,
      1.6024028062820435,
      1.5113142728805542,
      8.443645477294922,
      8.199302673339844,
      12.550039291381836,
      12.44575309753418,
      16.66891098022461,
      16.025392532348633,
      19.940227508544922,
      19.96525001525879,
      19.495962142944336,
      13.044778823852539,
      12.631734848022461,
      7.149264335632324,
      4.635249137878418,
      1.9019721746444702
    ],
    [
      2.474487066268921,
      2.5305702686309814,
      1.4860557317733765,
      1.4249321222305298,
      5.882195472717285,
      5.6212944984436035,
      8.265395164489746,
      8.1525297164917,
      11.221867561340332,
      10.799251556396484,
      13.210264205932617,
      13.247538566589355,
      13.121773719787598,
      8.902057647705078,
      8.258750915527344,
      4.635249137878418,
      3.5473697185516357,
      1.4470094442367554
    ],
    [
      1.2173845767974854,
      1.3116693496704102,
      0.7495851516723633,
      0.7598075866699219,
      2.4809882640838623,
      2.403303384780884,
      3.4091219902038574,
      3.3781585693359375,
      4.5264573097229,
      4.386106967926025,
      5.169280529022217,
      5.294209003448486,
      5.041869640350342,
      3.531658411026001,
      3.25504469871521,
      1.9019721746444702,
      1.4470094442367554,
      0.6537507772445679
    ]
  ],
  "damage": -15.938563346862793,
  "diff_bandwidth": 693.0762329101562,
  "dissonance": 4.002274295564984,
  "drr": 11.025537490844727,
  "dynamics": 3.7563424110412598,
  "format": 1245190,
  "frames": 17780736,
  "loudness": -23.445556640625,
  "loudness_range": 10.819316864013672,
  "loudness_range_short": 11.641578674316406,
  "lowpass_true_peak_15khz": -4.29296875,
  "mastering3_acoustic_entropies": [
    {
      "acoustic_entropy": 7.05172872543335,
      "acoustic_entropy_mono": 6.17887020111084,
      "band_eliminated_acoustic_entropies": [
        {
          "acoustic_entropy": 7.049224853515625,
          "acoustic_entropy_side": 7.051881790161133,
          "hz": 129.47220167065723
        },
        {
          "acoustic_entropy": 7.074076175689697,
          "acoustic_entropy_side": 7.037289142608643,
          "hz": 202.92927478742237
        },
        {
          "acoustic_entropy": 7.0961103439331055,
          "acoustic_entropy_side": 7.039215564727783,
          "hz": 282.89161906338205
        },
        {
          "acoustic_entropy": 6.627017974853516,
          "acoustic_entropy_side": 6.960608005523682,
          "hz": 369.9353335868758
        },
        {
          "acoustic_entropy": 6.744643688201904,
          "acoustic_entropy_side": 7.1151041984558105,
          "hz": 464.6875360973435
        },
        {
          "acoustic_entropy": 7.0136871337890625,
          "acoustic_entropy_side": 6.927127838134766,
          "hz": 567.8308811364784
        },
        {
          "acoustic_entropy": 7.47426700592041,
          "acoustic_entropy_side": 6.635704517364502,
          "hz": 680.1084783214808
        },
        {
          "acoustic_entropy": 7.645079612731934,
          "acoustic_entropy_side": 6.7443437576293945,
          "hz": 802.3292461747484
        },
        {
          "acoustic_entropy": 6.85938835144043,
          "acoustic_entropy_side": 7.125016212463379,
          "hz": 935.3737400823702
        },
        {
          "acoustic_entropy": 7.752549648284912,
          "acoustic_entropy_side": 7.734225749969482,
          "hz": 1080.2004963696966
        },
        {
          "acoustic_entropy": 7.023693084716797,
          "acoustic_entropy_side": 7.244543075561523,
          "hz": 1237.8529382007157
        },
        {
          "acoustic_entropy": 7.751450538635254,
          "acoustic_entropy_side": 7.852322101593018,
          "hz": 1409.4668930556702
        },
        {
          "acoustic_entropy": 7.586330413818359,
          "acoustic_entropy_side": 7.069094181060791,
          "hz": 1596.2787759475705
        },
        {
          "acoustic_entropy": 7.225340366363525,
          "acoustic_entropy_side": 7.140865325927734,
          "hz": 1799.6344973346393
        },
        {
          "acoustic_entropy": 6.874628067016602,
          "acoustic_entropy_side": 6.988926887512207,
          "hz": 2020.9991599069049
        },
        {
          "acoustic_entropy": 7.038877964019775,
          "acoustic_entropy_side": 6.9916486740112305,
          "hz": 2261.9676141086993
        },
        {
          "acoustic_entropy": 6.8595428466796875,
          "acoustic_entropy_side": 7.0061516761779785,
          "hz": 2524.2759484456974
        },
        {
          "acoustic_entropy": 7.050889492034912,
          "acoustic_entropy_side": 7.056571006774902,
          "hz": 2809.813997359896
        },
        {
          "acoustic_entropy": 7.047067642211914,
          "acoustic_entropy_side": 7.0477142333984375,
          "hz": 3120.6389567871424
        },
        {
          "acoustic_entropy": 7.181403160095215,
          "acoustic_entropy_side": 7.072246551513672,
          "hz": 3458.990205492291
        },
        {
          "acoustic_entropy": 7.036433696746826,
          "acoustic_entropy_side": 7.066242218017578,
          "hz": 3827.305438964164
        },
        {
          "acoustic_entropy": 7.068471908569336,
          "acoustic_entropy_side": 7.053960800170898,
          "hz": 4228.238232109126
        },
        {
          "acoustic_entropy": 7.074667930603027,
          "acoustic_entropy_side": 7.052526473999023,
          "hz": 4664.6771572759235
        },
        {
          "acoustic_entropy": 7.065750598907471,
          "acoustic_entropy_side": 7.051912307739258,
          "hz": 5139.766595350093
        },
        {
          "acoustic_entropy": 7.05417537689209,
          "acoustic_entropy_side": 7.051746368408203,
          "hz": 5656.929389854203
        },
        {
          "acoustic_entropy": 7.053796291351318,
          "acoustic_entropy_side": 7.05174446105957,
          "hz": 6219.891507268283
        },
        {
          "acoustic_entropy": 7.052823066711426,
          "acoustic_entropy_side": 7.051738262176514,
          "hz": 6832.70888123896
        },
        {
          "acoustic_entropy": 7.051821708679199,
          "acoustic_entropy_side": 7.051731109619141,
          "hz": 7499.796634079867
        },
        {
          "acoustic_entropy": 7.051752090454102,
          "acoustic_entropy_side": 7.051729202270508,
          "hz": 8225.96088609342
        },
        {
          "acoustic_entropy": 7.051748752593994,
          "acoustic_entropy_side": 7.051729202270508,
          "hz": 9016.43338188839
        },
        {
          "acoustic_entropy": 7.0517497062683105,
          "acoustic_entropy_side": 7.051728248596191,
          "hz": 9876.909183162974
        },
        {
          "acoustic_entropy": 7.051733016967773,
          "acoustic_entropy_side": 7.051728248596191,
          "hz": 10813.587699516042
        },
        {
          "acoustic_entropy": 7.05172872543335,
          "acoustic_entropy_side": 7.051727771759033,
          "hz": 11833.21735289826
        },
        {
          "acoustic_entropy": 7.051730155944824,
          "acoustic_entropy_side": 7.051728248596191,
          "hz": 12943.144197493959
        },
        {
          "acoustic_entropy": 7.05172872543335,
          "acoustic_entropy_side": 7.051728248596191,
          "hz": 14151.364845322005
        },
        {
          "acoustic_entropy": 7.05172872543335,
          "acoustic_entropy_side": 7.051728248596191,
          "hz": 15466.58407886509
        },
        {
          "acoustic_entropy": 7.05172872543335,
          "acoustic_entropy_side": 7.05172872543335,
          "hz": 16898.27756580493
        },
        {
          "acoustic_entropy": 7.05172872543335,
          "acoustic_entropy_side": 7.051728248596191,
          "hz": 18456.760127700032
        },
        {
          "acoustic_entropy": 7.051728248596191,
          "acoustic_entropy_side": 7.051728248596191,
          "hz": 20153.260054456492
        },
        {
          "acoustic_entropy": 7.051728248596191,
          "acoustic_entropy_side": 7.05172872543335,
          "hz": 22000.00000000001
        }
      ],
      "diff_acoustic_entropy": 1.632825493812561,
      "sn": 6
    },
    {
      "acoustic_entropy": 9.919693946838379,
      "acoustic_entropy_mono": 9.566177368164062,
      "band_eliminated_acoustic_entropies": [
        {
          "acoustic_entropy": 9.938323020935059,
          "acoustic_entropy_side": 9.92811107635498,
          "hz": 129.47220167065723
        },
        {
          "acoustic_entropy": 9.996074676513672,
          "acoustic_entropy_side": 9.996183395385742,
          "hz": 202.92927478742237
        },
        {
          "acoustic_entropy": 9.728936195373535,
          "acoustic_entropy_side": 10.080458641052246,
          "hz": 282.89161906338205
        },
        {
          "acoustic_entropy": 10.509425163269043,
          "acoustic_entropy_side": 9.965609550476074,
          "hz": 369.9353335868758
        },
        {
          "acoustic_entropy": 10.609601974487305,
          "acoustic_entropy_side": 10.583606719970703,
          "hz": 464.6875360973435
        },
        {
          "acoustic_entropy": 10.701704978942871,
          "acoustic_entropy_side": 10.063087463378906,
          "hz": 567.8308811364784
        },
        {
          "acoustic_entropy": 10.723401069641113,
          "acoustic_entropy_side": 10.486616134643555,
          "hz": 680.1084783214808
        },
        {
          "acoustic_entropy": 10.7656831741333,
          "acoustic_entropy_side": 9.943509101867676,
          "hz": 802.3292461747484
        },
        {
          "acoustic_entropy": 9.834634780883789,
          "acoustic_entropy_side": 10.175436019897461,
          "hz": 935.3737400823702
        },
        {
          "acoustic_entropy": 11.372443199157715,
          "acoustic_entropy_side": 11.43612003326416,
          "hz": 1080.2004963696966
        },
        {
          "acoustic_entropy": 10.071463584899902,
          "acoustic_entropy_side": 9.914551734924316,
          "hz": 1237.8529382007157
        },
        {
          "acoustic_entropy": 10.660627365112305,
          "acoustic_entropy_side": 10.656235694885254,
          "hz": 1409.4668930556702
        },
        {
          "acoustic_entropy": 9.937947273254395,
          "acoustic_entropy_side": 9.755985260009766,
          "hz": 1596.2787759475705
        },
        {
          "acoustic_entropy": 10.604225158691406,
          "acoustic_entropy_side": 10.1525297164917,
          "hz": 1799.6344973346393
        },
        {
          "acoustic_entropy": 9.792834281921387,
          "acoustic_entropy_side": 9.993185997009277,
          "hz": 2020.9991599069049
        },
        {
          "acoustic_entropy": 10.013321876525879,
          "acoustic_entropy_side": 10.01899242401123,
          "hz": 2261.9676141086993
        },
        {
          "acoustic_entropy": 9.839370727539062,
          "acoustic_entropy_side": 9.813481330871582,
          "hz": 2524.2759484456974
        },
        {
          "acoustic_entropy": 10.010642051696777,
          "acoustic_entropy_side": 9.918336868286133,
          "hz": 2809.813997359896
        },
        {
          "acoustic_entropy": 10.003798484802246,
          "acoustic_entropy_side": 9.885726928710938,
          "hz": 3120.6389567871424
        },
        {
          "acoustic_entropy": 10.300209999084473,
          "acoustic_entropy_side": 9.903779029846191,
          "hz": 3458.990205492291
        },
        {
          "acoustic_entropy": 10.050881385803223,
          "acoustic_entropy_side": 10.018339157104492,
          "hz": 3827.305438964164
        },
        {
          "acoustic_entropy": 10.038613319396973,
          "acoustic_entropy_side": 9.918717384338379,
          "hz": 4228.238232109126
        },
        {
          "acoustic_entropy": 9.922639846801758,
          "acoustic_entropy_side": 9.920003890991211,
          "hz": 4664.6771572759235
        },
        {
          "acoustic_entropy": 9.884137153625488,
          "acoustic_entropy_side": 9.917732238769531,
          "hz": 5139.766595350093
        },
        {
          "acoustic_entropy": 9.913280487060547,
          "acoustic_entropy_side": 9.91946029663086,
          "hz": 5656.929389854203
        },
        {
          "acoustic_entropy": 9.917685508728027,
          "acoustic_entropy_side": 9.91955852508545,
          "hz": 6219.891507268283
        },
        {
          "acoustic_entropy": 9.915637016296387,
          "acoustic_entropy_side": 9.919641494750977,
          "hz": 6832.70888123896
        },
        {
          "acoustic_entropy": 9.919495582580566,
          "acoustic_entropy_side": 9.919683456420898,
          "hz": 7499.796634079867
        },
        {
          "acoustic_entropy": 9.919422149658203,
          "acoustic_entropy_side": 9.919679641723633,
          "hz": 8225.96088609342
        },
        {
          "acoustic_entropy": 9.919621467590332,
          "acoustic_entropy_side": 9.919679641723633,
          "hz": 9016.43338188839
        },
        {
          "acoustic_entropy": 9.9196195602417,
          "acoustic_entropy_side": 9.919690132141113,
          "hz": 9876.909183162974
        },
        {
          "acoustic_entropy": 9.91968822479248,
          "acoustic_entropy_side": 9.919692039489746,
          "hz": 10813.587699516042
        },
        {
          "acoustic_entropy": 9.919673919677734,
          "acoustic_entropy_side": 9.919692993164062,
          "hz": 11833.21735289826
        },
        {
          "acoustic_entropy": 9.919686317443848,
          "acoustic_entropy_side": 9.919692993164062,
          "hz": 12943.144197493959
        },
        {
          "acoustic_entropy": 9.919690132141113,
          "acoustic_entropy_side": 9.919692993164062,
          "hz": 14151.364845322005
        },
        {
          "acoustic_entropy": 9.919692993164062,
          "acoustic_entropy_side": 9.919692993164062,
          "hz": 15466.58407886509
        },
        {
          "acoustic_entropy": 9.919693946838379,
          "acoustic_entropy_side": 9.919692993164062,
          "hz": 16898.27756580493
        },
        {
          "acoustic_entropy": 9.919692993164062,
          "acoustic_entropy_side": 9.919692993164062,
          "hz": 18456.760127700032
        },
        {
          "acoustic_entropy": 9.919692993164062,
          "acoustic_entropy_side": 9.919693946838379,
          "hz": 20153.260054456492
        },
        {
          "acoustic_entropy": 9.919692993164062,
          "acoustic_entropy_side": 9.919693946838379,
          "hz": 22000.00000000001
        }
      ],
      "diff_acoustic_entropy": 3.122027635574341,
      "sn": 12
    },
    {
      "acoustic_entropy": 15.879644393920898,
      "acoustic_entropy_mono": 15.0695161819458,
      "band_eliminated_acoustic_entropies": [
        {
          "acoustic_entropy": 16.05580711364746,
          "acoustic_entropy_side": 15.879223823547363,
          "hz": 129.47220167065723
        },
        {
          "acoustic_entropy": 15.589042663574219,
          "acoustic_entropy_side": 15.718267440795898,
          "hz": 202.92927478742237
        },
        {
          "acoustic_entropy": 16.666851043701172,
          "acoustic_entropy_side": 16.560693740844727,
          "hz": 282.89161906338205
        },
        {
          "acoustic_entropy": 16.032020568847656,
          "acoustic_entropy_side": 15.784104347229004,
          "hz": 369.9353335868758
        },
        {
          "acoustic_entropy": 15.555790901184082,
          "acoustic_entropy_side": 16.612844467163086,
          "hz": 464.6875360973435
        },
        {
          "acoustic_entropy": 15.840718269348145,
          "acoustic_entropy_side": 16.147573471069336,
          "hz": 567.8308811364784
        },
        {
          "acoustic_entropy": 15.283329010009766,
          "acoustic_entropy_side": 15.3206205368042,
          "hz": 680.1084783214808
        },
        {
          "acoustic_entropy": 15.730066299438477,
          "acoustic_entropy_side": 15.967594146728516,
          "hz": 802.3292461747484
        },
        {
          "acoustic_entropy": 14.271563529968262,
          "acoustic_entropy_side": 15.245414733886719,
          "hz": 935.3737400823702
        },
        {
          "acoustic_entropy": 16.3949031829834,
          "acoustic_entropy_side": 16.012666702270508,
          "hz": 1080.2004963696966
        },
        {
          "acoustic_entropy": 15.016759872436523,
          "acoustic_entropy_side": 15.741545677185059,
          "hz": 1237.8529382007157
        },
        {
          "acoustic_entropy": 16.26260757446289,
          "acoustic_entropy_side": 16.516403198242188,
          "hz": 1409.4668930556702
        },
        {
          "acoustic_entropy": 15.6583833694458,
          "acoustic_entropy_side": 16.65854835510254,
          "hz": 1596.2787759475705
        },
        {
          "acoustic_entropy": 16.17789649963379,
          "acoustic_entropy_side": 16.364431381225586,
          "hz": 1799.6344973346393
        },
        {
          "acoustic_entropy": 15.86538314819336,
          "acoustic_entropy_side": 15.567708969116211,
          "hz": 2020.9991599069049
        },
        {
          "acoustic_entropy": 16.398754119873047,
          "acoustic_entropy_side": 16.073659896850586,
          "hz": 2261.9676141086993
        },
        {
          "acoustic_entropy": 15.955678939819336,
          "acoustic_entropy_side": 15.89704418182373,
          "hz": 2524.2759484456974
        },
        {
          "acoustic_entropy": 16.047992706298828,
          "acoustic_entropy_side": 15.9747953414917,
          "hz": 2809.813997359896
        },
        {
          "acoustic_entropy": 16.092008590698242,
          "acoustic_entropy_side": 15.74662971496582,
          "hz": 3120.6389567871424
        },
        {
          "acoustic_entropy": 15.661544799804688,
          "acoustic_entropy_side": 16.119543075561523,
