{
  "acoustic_entropy": 188.2816925048828,
  "bands": [
    {
      "high_freq": 148.1999969482422,
      "loudness": -21.001670837402344,
      "loudness_range": 5.76078987121582,
      "mid_mean": -17.850542068481445,
      "mid_to_side_loudness": -8.636285781860352,
      "mid_to_side_loudness_range": 17.048006057739258,
      "side_mean": -27.998748779296875
    },
    {
      "high_freq": 392.3793640136719,
      "loudness": -22.82340431213379,
      "loudness_range": 8.752782821655273,
      "low_freq": 148.1999969482422,
      "mid_mean": -21.23345375061035,
      "mid_to_side_loudness": -2.698168992996216,
      "mid_to_side_loudness_range": 11.657530784606934,
      "side_mean": -24.227176666259766
    },
    {
      "high_freq": 794.6976318359375,
      "loudness": -25.140066146850586,
      "loudness_range": 10.657188415527344,
      "low_freq": 392.3793640136719,
      "mid_mean": -24.74532127380371,
      "mid_to_side_loudness": -0.5408351421356201,
      "mid_to_side_loudness_range": 14.22158432006836,
      "side_mean": -25.465229034423828
    },
    {
      "high_freq": 1457.5709228515625,
      "loudness": -21.1151065826416,
      "loudness_range": 13.677521705627441,
      "low_freq": 794.6976318359375,
      "mid_mean": -19.309223175048828,
      "mid_to_side_loudness": -5.216668128967285,
      "mid_to_side_loudness_range": 20.044097900390625,
      "side_mean": -25.235448837280273
    },
    {
      "high_freq": 2549.74365234375,
      "loudness": -17.76616859436035,
      "loudness_range": 10.043380737304688,
      "low_freq": 1457.5709228515625,
      "mid_mean": -17.170259475708008,
      "mid_to_side_loudness": -0.560164213180542,
      "mid_to_side_loudness_range": 12.21054458618164,
      "side_mean": -18.057876586914062
    },
    {
      "high_freq": 4349.24462890625,
      "loudness": -18.052059173583984,
      "loudness_range": 6.471308708190918,
      "low_freq": 2549.74365234375,
      "mid_mean": -17.373268127441406,
      "mid_to_side_loudness": -0.41942527890205383,
      "mid_to_side_loudness_range": 9.424776077270508,
      "side_mean": -18.13496971130371
    },
    {
      "high_freq": 7314.1640625,
      "loudness": -22.553905487060547,
      "loudness_range": 5.47797966003418,
      "low_freq": 4349.24462890625,
      "mid_mean": -21.38536262512207,
      "mid_to_side_loudness": -1.1538898944854736,
      "mid_to_side_loudness_range": 9.155835151672363,
      "side_mean": -22.895824432373047
    },
    {
      "high_freq": 12199.2666015625,
      "loudness": -26.935712814331055,
      "loudness_range": 5.808139801025391,
      "low_freq": 7314.1640625,
      "mid_mean": -26.41404151916504,
      "mid_to_side_loudness": 0.05232468992471695,
      "mid_to_side_loudness_range": 9.573501586914062,
      "side_mean": -26.77691650390625
    },
    {
      "loudness": -34.51749038696289,
      "loudness_range": 8.409423828125,
      "low_freq": 12199.2666015625,
      "mid_mean": -34.672489166259766,
      "mid_to_side_loudness": 1.1287057399749756,
      "mid_to_side_loudness_range": 6.913008689880371,
      "side_mean": -33.52744674682617
    }
  ],
  "bands_short": [
    {
      "high_freq": 148.1999969482422,
      "loudness": -23.69345474243164,
      "loudness_range": 12.157674789428711,
      "mid_mean": -20.545913696289062,
      "mid_to_side_loudness": -9.736754417419434,
      "mid_to_side_loudness_range": 23.664451599121094,
      "side_mean": -32.32173538208008
    },
    {
      "high_freq": 392.3793640136719,
      "loudness": -22.15660285949707,
      "loudness_range": 11.108490943908691,
      "low_freq": 148.1999969482422,
      "mid_mean": -20.654447555541992,
      "mid_to_side_loudness": -3.017211437225342,
      "mid_to_side_loudness_range": 15.047212600708008,
      "side_mean": -24.04170036315918
    },
    {
      "high_freq": 794.6976318359375,
      "loudness": -25.378633499145508,
      "loudness_range": 11.605415344238281,
      "low_freq": 392.3793640136719,
      "mid_mean": -25.2802791595459,
      "mid_to_side_loudness": -0.1172558069229126,
      "mid_to_side_loudness_range": 15.535801887512207,
      "side_mean": -25.660350799560547
    },
    {
      "high_freq": 1457.5709228515625,
      "loudness": -21.453184127807617,
      "loudness_range": 14.58612060546875,
      "low_freq": 794.6976318359375,
      "mid_mean": -19.831632614135742,
      "mid_to_side_loudness": -4.854047775268555,
      "mid_to_side_loudness_range": 21.688373565673828,
      "side_mean": -25.55892562866211
    },
    {
      "high_freq": 2549.74365234375,
      "loudness": -18.095643997192383,
      "loudness_range": 11.397007942199707,
      "low_freq": 1457.5709228515625,
      "mid_mean": -17.63085174560547,
      "mid_to_side_loudness": -0.49264246225357056,
      "mid_to_side_loudness_range": 13.875473022460938,
      "side_mean": -18.4542179107666
    },
    {
      "high_freq": 4349.24462890625,
      "loudness": -18.101318359375,
      "loudness_range": 7.015003204345703,
      "low_freq": 2549.74365234375,
      "mid_mean": -17.615570068359375,
      "mid_to_side_loudness": -0.20569415390491486,
      "mid_to_side_loudness_range": 10.768632888793945,
      "side_mean": -18.15773582458496
    },
    {
      "high_freq": 7314.1640625,
      "loudness": -22.940805435180664,
      "loudness_range": 8.335237503051758,
      "low_freq": 4349.24462890625,
      "mid_mean": -22.33582305908203,
      "mid_to_side_loudness": -0.5101293325424194,
      "mid_to_side_loudness_range": 11.089778900146484,
      "side_mean": -23.066415786743164
    },
    {
      "high_freq": 12199.2666015625,
      "loudness": -27.50836944580078,
      "loudness_range": 9.105537414550781,
      "low_freq": 7314.1640625,
      "mid_mean": -27.232465744018555,
      "mid_to_side_loudness": 0.21251226961612701,
      "mid_to_side_loudness_range": 11.04257583618164,
      "side_mean": -27.428987503051758
    },
    {
      "loudness": -35.78131103515625,
      "loudness_range": 12.54364013671875,
      "low_freq": 12199.2666015625,
      "mid_mean": -36.205535888671875,
      "mid_to_side_loudness": 1.276655673980713,
      "mid_to_side_loudness_range": 8.686251640319824,
      "side_mean": -34.7544059753418
    }
  ],
  "bandwidth": 1016.5833129882812,
  "channels": 2,
  "covariance": [
    [
      13.48745346069336,
      4.318744659423828,
      3.1574389934539795,
      2.814382553100586,
      1.0813499689102173,
      3.867750644683838,
      2.7995026111602783,
      6.13702392578125,
      5.97991418838501,
      7.1483025550842285,
      4.967319488525391,
      8.249979972839355,
      5.091938018798828,
      3.9810380935668945,
      2.4487743377685547,
      1.005704641342163,
      1.691372036933899,
      0.9144991040229797
    ],
    [
      4.318744659423828,
      19.752418518066406,
      6.438859462738037,
      9.45521068572998,
      2.490278482437134,
      8.465025901794434,
      3.4410500526428223,
      6.550034046173096,
      8.298139572143555,
      9.091191291809082,
      8.651537895202637,
      9.194921493530273,
      4.575791358947754,
      3.281923532485962,
      1.9993468523025513,
      1.416808009147644,
      0.5541638135910034,
      0.26540470123291016
    ],
    [
      3.1574389934539795,
      6.438859462738037,
      20.975011825561523,
      8.82990837097168,
      9.310166358947754,
      8.049339294433594,
      4.45474100112915,
      7.532353401184082,
      10.000638008117676,
      9.168981552124023,
      8.612863540649414,
      9.82124137878418,
      7.618102073669434,
      5.238367080688477,
      6.032445430755615,
      1.860054612159729,
      4.346899509429932,
      0.7179288864135742
    ],
    [
      2.814382553100586,
      9.45521068572998,
      8.82990837097168,
      14.11098575592041,
      4.516989707946777,
      9.75083065032959,
      2.481034278869629,
      5.8771138191223145,
      7.418964385986328,
      8.218008995056152,
      7.513562202453613,
      7.8846940994262695,
      5.689660549163818,
      3.7031219005584717,
      4.150575160980225,
      2.044344425201416,
      2.98407244682312,
      1.5599552392959595
    ],
    [
      1.0813499689102173,
      2.490278482437134,
      9.310166358947754,
      4.516989707946777,
      26.752029418945312,
      7.418025493621826,
      15.544711112976074,
      4.6765851974487305,
      11.136515617370605,
      3.8771626949310303,
      8.616718292236328,
      4.983602523803711,
      5.381651878356934,
      2.71802020072937,
      5.3258466720581055,
      1.217536211013794,
      2.126335382461548,
      -1.438297986984253
    ],
    [
      3.867750644683838,
      8.465025901794434,
      8.049339294433594,
      9.75083065032959,
      7.418025493621826,
      14.112438201904297,
      1.9893804788589478,
      8.04407024383545,
      8.099081993103027,
      10.344934463500977,
      8.952789306640625,
      10.010921478271484,
      7.432686805725098,
      6.5347676277160645,
      4.1142168045043945,
      3.99076247215271,
      2.2692527770996094,
      1.6721540689468384
    ],
    [
      2.7995026111602783,
      3.4410500526428223,
      4.45474100112915,
      2.481034278869629,
      15.544711112976074,
      1.9893804788589478,
      51.38798522949219,
      5.147744655609131,
      24.64825439453125,
      3.857973575592041,
      18.125896453857422,
      5.512855529785156,
      6.69475793838501,
      5.346092700958252,
      6.9355645179748535,
      3.465449333190918,
      2.7010252475738525,
      1.1308815479278564
    ],
    [
      6.13702392578125,
      6.550034046173096,
      7.532353401184082,
      5.8771138191223145,
      4.6765851974487305,
      8.04407024383545,
      5.147744655609131,
      15.771215438842773,
      10.458056449890137,
      14.464700698852539,
      8.266989707946777,
      12.755598068237305,
      6.8008270263671875,
      8.512150764465332,
      4.791515350341797,
      5.3209052085876465,
      4.5240960121154785,
      4.538753509521484
    ],
    [
      5.97991418838501,
      8.298139572143555,
      10.000638008117676,
      7.418964385986328,
      11.136515617370605,
      8.099081993103027,
      24.64825439453125,
      10.458056449890137,
      29.511112213134766,
      13.66805362701416,
      20.24854278564453,
      14.514104843139648,
      10.56893539428711,
      9.249157905578613,
      7.642241477966309,
      6.484557628631592,
      3.7586429119110107,
      3.60640549659729
    ],
    [
      7.1483025550842285,
      9.091191291809082,
      9.168981552124023,
      8.218008995056152,
      3.8771626949310303,
      10.344934463500977,
      3.857973575592041,
      14.464700698852539,
      13.66805362701416,
      20.882722854614258,
      11.293102264404297,
      16.41722869873047,
      9.172327995300293,
      10.60126781463623,
      6.193192958831787,
      6.845788478851318,
      5.647735595703125,
      6.115880012512207
    ],
    [
      4.967319488525391,
      8.651537895202637,
      8.612863540649414,
      7.513562202453613,
      8.616718292236328,
      8.952789306640625,
      18.125896453857422,
      8.266989707946777,
      20.24854278564453,
      11.293102264404297,
      24.75870704650879,
      14.25854206085205,
      12.362045288085938,
      10.73972225189209,
      6.009036064147949,
      6.569870471954346,
      1.9523390531539917,
      1.992668867111206
    ],
    [
      8.249979972839355,
      9.194921493530273,
      9.82124137878418,
      7.8846940994262695,
      4.983602523803711,
      10.010921478271484,
      5.512855529785156,
      12.755598068237305,
      14.514104843139648,
      16.41722869873047,
      14.25854206085205,
      21.86619758605957,
      9.68947982788086,
      13.025467872619629,
      6.522331714630127,
      7.841147422790527,
      5.134469985961914,
      5.707066535949707
    ],
    [
      5.091938018798828,
      4.575791358947754,
      7.618102073669434,
      5.689660549163818,
      5.381651878356934,
      7.432686805725098,
      6.69475793838501,
      6.8008270263671875,
      10.56893539428711,
      9.172327995300293,
      12.362045288085938,
      9.68947982788086,
      14.575517654418945,
      8.984599113464355,
      7.554433345794678,
      6.984742164611816,
      4.300267219543457,
      3.972632646560669
    ],
    [
      3.9810380935668945,
      3.281923532485962,
      5.238367080688477,
      3.7031219005584717,
      2.71802020072937,
      6.5347676277160645,
      5.346092700958252,
      8.512150764465332,
      9.249157905578613,
      10.60126781463623,
      10.73972225189209,
      13.025467872619629,
      8.984599113464355,
      16.426292419433594,
      6.635797500610352,
      12.635660171508789,
      5.583276748657227,
      9.204955101013184
    ],
    [
      2.4487743377685547,
      1.9993468523025513,
      6.032445430755615,
      4.150575160980225,
      5.3258466720581055,
      4.1142168045043945,
      6.9355645179748535,
      4.791515350341797,
      7.642241477966309,
      6.193192958831787,
      6.009036064147949,
      6.522331714630127,
      7.554433345794678,
      6.635797500610352,
      11.470626831054688,
      7.31949520111084,
      9.28972053527832,
      8.253046989440918
    ],
    [
      1.005704641342163,
      1.416808009147644,
      1.860054612159729,
      2.044344425201416,
      1.217536211013794,
      3.99076247215271,
      3.465449333190918,
      5.3209052085876465,
      6.484557628631592,
      6.845788478851318,
      6.569870471954346,
      7.841147422790527,
      6.984742164611816,
      12.635660171508789,
      7.31949520111084,
      17.301593780517578,
      7.930447578430176,
      15.012252807617188
    ],
    [
      1.691372036933899,
      0.5541638135910034,
      4.346899509429932,
      2.98407244682312,
      2.126335382461548,
      2.2692527770996094,
      2.7010252475738525,
      4.5240960121154785,
      3.7586429119110107,
      5.647735595703125,
      1.9523390531539917,
      5.134469985961914,
      4.300267219543457,
      5.583276748657227,
      9.28972053527832,
      7.930447578430176,
      14.38278579711914,
      13.100143432617188
    ],
    [
      0.9144991040229797,
      0.26540470123291016,
      0.7179288864135742,
      1.5599552392959595,
      -1.438297986984253,
      1.6721540689468384,
      1.1308815479278564,
      4.538753509521484,
      3.60640549659729,
      6.115880012512207,
      1.992668867111206,
      5.707066535949707,
      3.972632646560669,
      9.204955101013184,
      8.253046989440918,
      15.012252807617188,
      13.100143432617188,
      22.594867706298828
    ]
  ],
  "covariance_short": [
    [
      25.611562728881836,
      5.540919780731201,
      6.301680088043213,
      2.7514045238494873,
      0.09276063740253448,
      4.315161228179932,
      2.2092771530151367,
      5.86897611618042,
      5.220746994018555,
      6.568601608276367,
      5.276870250701904,
      6.901618957519531,
      5.770114898681641,
      3.1991336345672607,
      2.2231156826019287,
      -0.07362888753414154,
      1.978133201599121,
      1.6545103788375854
    ],
    [
      5.540919780731201,
      28.475744247436523,
      7.643194675445557,
      9.946972846984863,
      2.042537212371826,
      7.476609230041504,
      3.069679021835327,
      6.78397274017334,
      7.89889669418335,
      8.454002380371094,
      5.665204048156738,
      7.914840221405029,
      2.4642860889434814,
      2.6827549934387207,
      1.2384192943572998,
      0.1476157158613205,
      0.9092099070549011,
      0.26626354455947876
    ],
    [
      6.301680088043213,
      7.643194675445557,
      29.396997451782227,
      10.578470230102539,
      11.030667304992676,
      10.509140968322754,
      6.556920051574707,
      10.502060890197754,
      13.438681602478027,
      12.066022872924805,
      12.672257423400879,
      12.278326034545898,
      13.734838485717773,
      6.926194667816162,
      9.723380088806152,
      4.063776016235352,
      9.636112213134766,
      5.596889019012451
    ],
    [
      2.7514045238494873,
      9.946972846984863,
      10.578470230102539,
      20.62921714782715,
      5.792312145233154,
      12.808085441589355,
      2.7535176277160645,
      7.9161152839660645,
      9.18388557434082,
      10.176370620727539,
      8.868929862976074,
      9.141763687133789,
      7.119137287139893,
      4.990227699279785,
      5.132172107696533,
      3.036864757537842,
      4.361257076263428,
      2.9515085220336914
    ],
    [
      0.09276063740253448,
      2.042537212371826,
      11.030667304992676,
      5.792312145233154,
      30.85451889038086,
      8.753595352172852,
      13.024840354919434,
      4.644505023956299,
      10.840813636779785,
      4.515665054321289,
      9.475042343139648,
      5.355770111083984,
      9.385388374328613,
      3.5964064598083496,
      7.326755046844482,
      2.2508230209350586,
      4.797725200653076,
      1.3121414184570312
    ],
    [
      4.315161228179932,
      7.476609230041504,
      10.509140968322754,
      12.808085441589355,
      8.753595352172852,
      19.614791870117188,
      1.6845468282699585,
      10.115482330322266,
      9.598231315612793,
      12.643548965454102,
      10.637903213500977,
      11.551538467407227,
      9.996512413024902,
      8.354835510253906,
      6.104123592376709,
      5.673346996307373,
      5.0021071434021,
      4.6776885986328125
    ],
    [
      2.2092771530151367,
      3.069679021835327,
      6.556920051574707,
      2.7535176277160645,
      13.024840354919434,
      1.6845468282699585,
      57.141090393066406,
      5.576109409332275,
      26.624818801879883,
      4.251951694488525,
      20.126502990722656,
      6.394159317016602,
      10.731474876403809,
      6.543369293212891,
      8.985214233398438,
      4.274949073791504,
      3.0576159954071045,
      0.778079628944397
    ],
    [
      5.86897611618042,
      6.78397274017334,
      10.502060890197754,
      7.9161152839660645,
      4.644505023956299,
      10.115482330322266,
      5.576109409332275,
      20.111431121826172,
      11.967058181762695,
      16.299983978271484,
      10.282374382019043,
      14.6332368850708,
      9.225610733032227,
      10.4713134765625,
      6.473790645599365,
      7.3983612060546875,
      6.814062118530273,
      6.651519775390625
    ],
    [
      5.220746994018555,
      7.89889669418335,
      13.438681602478027,
      9.18388557434082,
      10.840813636779785,
      9.598231315612793,
      26.624818801879883,
      11.967058181762695,
      35.271602630615234,
      15.829741477966309,
      23.644248962402344,
      16.09880256652832,
      15.687334060668945,
      11.349653244018555,
      10.65021800994873,
      7.799997329711914,
      5.523706436157227,
      4.849450588226318
    ],
    [
      6.568601608276367,
      8.454002380371094,
      12.066022872924805,
      10.176370620727539,
      4.515665054321289,
      12.643548965454102,
      4.251951694488525,
      16.299983978271484,
      15.829741477966309,
      24.449127197265625,
      13.205958366394043,
      18.60811424255371,
      11.926033020019531,
      12.67126750946045,
      8.000937461853027,
      8.68726634979248,
      7.6597185134887695,
      7.844405174255371
    ],
    [
      5.276870250701904,
      5.665204048156738,
      12.672257423400879,
      8.868929862976074,
      9.475042343139648,
      10.637903213500977,
      20.126502990722656,
      10.282374382019043,
      23.644248962402344,
      13.205958366394043,
      29.730777740478516,
      15.897294044494629,
      18.558666229248047,
      12.886089324951172,
      9.7721529006958,
      8.4669828414917,
      5.0287394523620605,
      4.834236145019531
    ],
    [
      6.901618957519531,
      7.914840221405029,
      12.278326034545898,
      9.141763687133789,
      5.355770111083984,
      11.551538467407227,
      6.394159317016602,
      14.6332368850708,
      16.09880256652832,
      18.60811424255371,
      15.897294044494629,
      24.48802947998047,
      12.679706573486328,
      15.246414184570312,
      8.63516902923584,
      10.115764617919922,
      7.215102672576904,
      8.222286224365234
    ],
    [
      5.770114898681641,
      2.4642860889434814,
      13.734838485717773,
      7.119137287139893,
      9.385388374328613,
      9.996512413024902,
      10.731474876403809,
      9.225610733032227,
      15.687334060668945,
      11.926033020019531,
      18.558666229248047,
      12.679706573486328,
      26.20918083190918,
      13.011100769042969,
      14.97159481048584,
      10.798888206481934,
      11.971281051635742,
      9.31433391571045
    ],
    [
      3.1991336345672607,
      2.6827549934387207,
      6.926194667816162,
      4.990227699279785,
      3.5964064598083496,
      8.354835510253906,
      6.543369293212891,
      10.4713134765625,
      11.349653244018555,
      12.67126750946045,
      12.886089324951172,
      15.246414184570312,
      13.011100769042969,
      20.141189575195312,
      9.520214080810547,
      16.683574676513672,
      8.352890968322754,
      12.745107650756836
    ],
    [
      2.2231156826019287,
      1.2384192943572998,
      9.723380088806152,
      5.132172107696533,
      7.326755046844482,
      6.104123592376709,
      8.985214233398438,
      6.473790645599365,
      10.65021800994873,
      8.000937461853027,
      9.7721529006958,
      8.63516902923584,
      14.97159481048584,
      9.520214080810547,
      20.29270362854004,
      12.504733085632324,
      19.102981567382812,
      14.812321662902832
    ],
    [
      -0.07362888753414154,
      0.1476157158613205,
      4.063776016235352,
      3.036864757537842,
      2.2508230209350586,
      5.673346996307373,
      4.274949073791504,
      7.3983612060546875,
      7.799997329711914,
      8.68726634979248,
      8.4669828414917,
      10.115764617919922,
      10.798888206481934,
      16.683574676513672,
      12.504733085632324,
      25.987152099609375,
      14.1349515914917,
      22.414419174194336
    ],
    [
      1.978133201599121,
      0.9092099070549011,
      9.636112213134766,
      4.361257076263428,
      4.797725200653076,
      5.0021071434021,
      3.0576159954071045,
      6.814062118530273,
      5.523706436157227,
      7.6597185134887695,
      5.0287394523620605,
      7.215102672576904,
      11.971281051635742,
      8.352890968322754,
      19.102981567382812,
      14.1349515914917,
      31.212270736694336,
      24.63968276977539
    ],
    [
      1.6545103788375854,
      0.26626354455947876,
      5.596889019012451,
      2.9515085220336914,
      1.3121414184570312,
      4.6776885986328125,
      0.778079628944397,
      6.651519775390625,
      4.849450588226318,
      7.844405174255371,
      4.834236145019531,
      8.222286224365234,
      9.31433391571045,
      12.745107650756836,
      14.812321662902832,
      22.414419174194336,
      24.63968276977539,
      35.09284591674805
    ]
  ],
  "damage": -4.134737968444824,
  "diff_bandwidth": 1009.5209350585938,
  "dissonance": 11.981843866269895,
  "drr": 0.655063807964325,
  "dynamics": 2.5448057651519775,
  "format": 1245190,
  "frames": 10321856,
  "loudness": -8.063368797302246,
  "loudness_range": 5.963481903076172,
  "loudness_range_short": 6.817122936248779,
  "lowpass_true_peak_15khz": 1.4782034158706665,
  "mastering3_acoustic_entropies": [
    {
      "acoustic_entropy": 7.338989734649658,
      "acoustic_entropy_mono": 7.347414493560791,
      "band_eliminated_acoustic_entropies": [
        {
          "acoustic_entropy": 7.313754558563232,
          "acoustic_entropy_side": 7.339055061340332,
          "hz": 129.47220167065723
        },
        {
          "acoustic_entropy": 7.333141326904297,
          "acoustic_entropy_side": 7.340003967285156,
          "hz": 202.92927478742237
        },
        {
          "acoustic_entropy": 7.181869029998779,
          "acoustic_entropy_side": 7.342494487762451,
          "hz": 282.89161906338205
        },
        {
          "acoustic_entropy": 7.4369916915893555,
          "acoustic_entropy_side": 7.3633341789245605,
          "hz": 369.9353335868758
        },
        {
          "acoustic_entropy": 7.494321346282959,
          "acoustic_entropy_side": 7.379016876220703,
          "hz": 464.6875360973435
        },
        {
          "acoustic_entropy": 7.356273174285889,
          "acoustic_entropy_side": 7.349838733673096,
          "hz": 567.8308811364784
        },
        {
          "acoustic_entropy": 7.426671981811523,
          "acoustic_entropy_side": 7.348931789398193,
          "hz": 680.1084783214808
        },
        {
          "acoustic_entropy": 7.372748851776123,
          "acoustic_entropy_side": 7.346681594848633,
          "hz": 802.3292461747484
        },
        {
          "acoustic_entropy": 6.710567474365234,
          "acoustic_entropy_side": 7.344770431518555,
          "hz": 935.3737400823702
        },
        {
          "acoustic_entropy": 8.03986644744873,
          "acoustic_entropy_side": 7.3548994064331055,
          "hz": 1080.2004963696966
        },
        {
          "acoustic_entropy": 7.3965325355529785,
          "acoustic_entropy_side": 7.343977928161621,
          "hz": 1237.8529382007157
        },
        {
          "acoustic_entropy": 6.659409999847412,
          "acoustic_entropy_side": 7.3186492919921875,
          "hz": 1409.4668930556702
        },
        {
          "acoustic_entropy": 7.73811149597168,
          "acoustic_entropy_side": 7.318111896514893,
          "hz": 1596.2787759475705
        },
        {
          "acoustic_entropy": 7.039747714996338,
          "acoustic_entropy_side": 7.30510950088501,
          "hz": 1799.6344973346393
        },
        {
          "acoustic_entropy": 7.0022735595703125,
          "acoustic_entropy_side": 7.301081657409668,
          "hz": 2020.9991599069049
        },
        {
          "acoustic_entropy": 7.1745524406433105,
          "acoustic_entropy_side": 7.315354824066162,
          "hz": 2261.9676141086993
        },
        {
          "acoustic_entropy": 7.050426959991455,
          "acoustic_entropy_side": 7.304005146026611,
          "hz": 2524.2759484456974
        },
        {
          "acoustic_entropy": 7.278412342071533,
          "acoustic_entropy_side": 7.331326484680176,
          "hz": 2809.813997359896
        },
        {
          "acoustic_entropy": 7.210838794708252,
          "acoustic_entropy_side": 7.30902624130249,
          "hz": 3120.6389567871424
        },
        {
          "acoustic_entropy": 7.310358047485352,
          "acoustic_entropy_side": 7.29407262802124,
          "hz": 3458.990205492291
        },
        {
          "acoustic_entropy": 7.241028308868408,
          "acoustic_entropy_side": 7.286016941070557,
          "hz": 3827.305438964164
        },
        {
          "acoustic_entropy": 7.054281711578369,
          "acoustic_entropy_side": 7.284138202667236,
          "hz": 4228.238232109126
        },
        {
          "acoustic_entropy": 7.167359828948975,
          "acoustic_entropy_side": 7.307463645935059,
          "hz": 4664.6771572759235
        },
        {
          "acoustic_entropy": 7.3426103591918945,
          "acoustic_entropy_side": 7.313429832458496,
          "hz": 5139.766595350093
        },
        {
          "acoustic_entropy": 7.231176376342773,
          "acoustic_entropy_side": 7.299898624420166,
          "hz": 5656.929389854203
        },
        {
          "acoustic_entropy": 7.268587589263916,
          "acoustic_entropy_side": 7.333249092102051,
          "hz": 6219.891507268283
        },
        {
          "acoustic_entropy": 7.243318557739258,
          "acoustic_entropy_side": 7.297199726104736,
          "hz": 6832.70888123896
        },
        {
          "acoustic_entropy": 7.32842493057251,
          "acoustic_entropy_side": 7.3032331466674805,
          "hz": 7499.796634079867
        },
        {
          "acoustic_entropy": 7.361098766326904,
          "acoustic_entropy_side": 7.313136577606201,
          "hz": 8225.96088609342
        },
        {
          "acoustic_entropy": 7.311118125915527,
          "acoustic_entropy_side": 7.281888008117676,
          "hz": 9016.43338188839
        },
        {
          "acoustic_entropy": 7.2376627922058105,
          "acoustic_entropy_side": 7.238140106201172,
          "hz": 9876.909183162974
        },
        {
          "acoustic_entropy": 7.168832778930664,
          "acoustic_entropy_side": 7.186358451843262,
          "hz": 10813.587699516042
        },
        {
          "acoustic_entropy": 7.1362104415893555,
          "acoustic_entropy_side": 7.1650238037109375,
          "hz": 11833.21735289826
        },
        {
          "acoustic_entropy": 7.137131214141846,
          "acoustic_entropy_side": 7.154178619384766,
          "hz": 12943.144197493959
        },
        {
          "acoustic_entropy": 7.150842189788818,
          "acoustic_entropy_side": 7.168124675750732,
          "hz": 14151.364845322005
        },
        {
          "acoustic_entropy": 7.232576847076416,
          "acoustic_entropy_side": 7.2604594230651855,
          "hz": 15466.58407886509
        },
        {
          "acoustic_entropy": 7.298922538757324,
          "acoustic_entropy_side": 7.311662197113037,
          "hz": 16898.27756580493
        },
        {
          "acoustic_entropy": 7.323976516723633,
          "acoustic_entropy_side": 7.327833652496338,
          "hz": 18456.760127700032
        },
        {
          "acoustic_entropy": 7.334259986877441,
          "acoustic_entropy_side": 7.3354716300964355,
          "hz": 20153.260054456492
        },
        {
          "acoustic_entropy": 7.3386549949646,
          "acoustic_entropy_side": 7.338730812072754,
          "hz": 22000.00000000001
        }
      ],
      "diff_acoustic_entropy": 3.781190872192383,
      "sn": 6
    },
    {
      "acoustic_entropy": 11.94253158569336,
      "acoustic_entropy_mono": 9.725592613220215,
      "band_eliminated_acoustic_entropies": [
        {
          "acoustic_entropy": 11.878512382507324,
          "acoustic_entropy_side": 11.945469856262207,
          "hz": 129.47220167065723
        },
        {
          "acoustic_entropy": 11.60978889465332,
          "acoustic_entropy_side": 11.942117691040039,
          "hz": 202.92927478742237
        },
        {
          "acoustic_entropy": 11.82040023803711,
          "acoustic_entropy_side": 11.879249572753906,
          "hz": 282.89161906338205
        },
        {
          "acoustic_entropy": 11.442572593688965,
          "acoustic_entropy_side": 11.372518539428711,
          "hz": 369.9353335868758
        },
        {
          "acoustic_entropy": 11.692222595214844,
          "acoustic_entropy_side": 11.739209175109863,
          "hz": 464.6875360973435
        },
        {
          "acoustic_entropy": 11.433064460754395,
          "acoustic_entropy_side": 11.982869148254395,
          "hz": 567.8308811364784
        },
        {
          "acoustic_entropy": 11.889643669128418,
          "acoustic_entropy_side": 11.984796524047852,
          "hz": 680.1084783214808
        },
        {
          "acoustic_entropy": 12.759819984436035,
          "acoustic_entropy_side": 11.961477279663086,
          "hz": 802.3292461747484
        },
        {
          "acoustic_entropy": 11.13530445098877,
          "acoustic_entropy_side": 11.93323040008545,
          "hz": 935.3737400823702
        },
        {
          "acoustic_entropy": 12.83566665649414,
          "acoustic_entropy_side": 11.941136360168457,
          "hz": 1080.2004963696966
        },
        {
          "acoustic_entropy": 12.08271312713623,
          "acoustic_entropy_side": 12.013697624206543,
          "hz": 1237.8529382007157
        },
        {
          "acoustic_entropy": 11.098837852478027,
          "acoustic_entropy_side": 11.890470504760742,
          "hz": 1409.4668930556702
        },
        {
          "acoustic_entropy": 11.896018028259277,
          "acoustic_entropy_side": 11.847640037536621,
          "hz": 1596.2787759475705
        },
        {
          "acoustic_entropy": 10.747443199157715,
          "acoustic_entropy_side": 11.65289306640625,
          "hz": 1799.6344973346393
        },
        {
          "acoustic_entropy": 10.97329330444336,
          "acoustic_entropy_side": 11.739655494689941,
          "hz": 2020.9991599069049
        },
        {
          "acoustic_entropy": 11.473489761352539,
          "acoustic_entropy_side": 11.917399406433105,
          "hz": 2261.9676141086993
        },
        {
          "acoustic_entropy": 11.732169151306152,
          "acoustic_entropy_side": 11.930070877075195,
          "hz": 2524.2759484456974
        },
        {
          "acoustic_entropy": 11.774837493896484,
          "acoustic_entropy_side": 11.920044898986816,
          "hz": 2809.813997359896
        },
        {
          "acoustic_entropy": 11.774703025817871,
          "acoustic_entropy_side": 11.889801025390625,
          "hz": 3120.6389567871424
        },
        {
          "acoustic_entropy": 11.946211814880371,
          "acoustic_entropy_side": 11.913926124572754,
          "hz": 3458.990205492291
        },
        {
          "acoustic_entropy": 11.889129638671875,
          "acoustic_entropy_side": 11.909708023071289,
          "hz": 3827.305438964164
        },
        {
          "acoustic_entropy": 11.804886817932129,
          "acoustic_entropy_side": 11.937820434570312,
          "hz": 4228.238232109126
        },
        {
          "acoustic_entropy": 12.087361335754395,
          "acoustic_entropy_side": 11.913517951965332,
          "hz": 4664.6771572759235
        },
        {
          "acoustic_entropy": 11.935909271240234,
          "acoustic_entropy_side": 11.933634757995605,
          "hz": 5139.766595350093
        },
        {
          "acoustic_entropy": 11.833938598632812,
          "acoustic_entropy_side": 11.960131645202637,
          "hz": 5656.929389854203
        },
        {
          "acoustic_entropy": 11.704201698303223,
          "acoustic_entropy_side": 11.935738563537598,
          "hz": 6219.891507268283
        },
        {
          "acoustic_entropy": 11.803206443786621,
          "acoustic_entropy_side": 11.925895690917969,
          "hz": 6832.70888123896
        },
        {
          "acoustic_entropy": 11.694526672363281,
          "acoustic_entropy_side": 11.912138938903809,
          "hz": 7499.796634079867
        },
        {
          "acoustic_entropy": 11.806458473205566,
          "acoustic_entropy_side": 11.940122604370117,
          "hz": 8225.96088609342
        },
        {
          "acoustic_entropy": 11.888036727905273,
          "acoustic_entropy_side": 11.908387184143066,
          "hz": 9016.43338188839
        },
        {
          "acoustic_entropy": 11.930813789367676,
          "acoustic_entropy_side": 11.959883689880371,
          "hz": 9876.909183162974
        },
        {
          "acoustic_entropy": 11.902594566345215,
          "acoustic_entropy_side": 12.006060600280762,
          "hz": 10813.587699516042
        },
        {
          "acoustic_entropy": 11.939045906066895,
          "acoustic_entropy_side": 11.967498779296875,
          "hz": 11833.21735289826
        },
        {
          "acoustic_entropy": 11.959931373596191,
          "acoustic_entropy_side": 12.028587341308594,
          "hz": 12943.144197493959
        },
        {
          "acoustic_entropy": 11.980987548828125,
          "acoustic_entropy_side": 12.028189659118652,
          "hz": 14151.364845322005
        },
        {
          "acoustic_entropy": 11.903615951538086,
          "acoustic_entropy_side": 11.935945510864258,
          "hz": 15466.58407886509
        },
        {
          "acoustic_entropy": 11.886795043945312,
          "acoustic_entropy_side": 11.908973693847656,
          "hz": 16898.27756580493
        },
        {
          "acoustic_entropy": 11.920519828796387,
          "acoustic_entropy_side": 11.93774127960205,
          "hz": 18456.760127700032
        },
        {
          "acoustic_entropy": 11.938772201538086,
          "acoustic_entropy_side": 11.94287395477295,
          "hz": 20153.260054456492
        },
        {
          "acoustic_entropy": 11.943390846252441,
          "acoustic_entropy_side": 11.943154335021973,
          "hz": 22000.00000000001
        }
      ],
      "diff_acoustic_entropy": 7.227066993713379,
      "sn": 12
    },
    {
      "acoustic_entropy": 17.678848266601562,
      "acoustic_entropy_mono": 14.907410621643066,
      "band_eliminated_acoustic_entropies": [
        {
          "acoustic_entropy": 16.9969482421875,
          "acoustic_entropy_side": 17.768484115600586,
          "hz": 129.47220167065723
        },
        {
          "acoustic_entropy": 16.876211166381836,
          "acoustic_entropy_side": 17.59269142150879,
          "hz": 202.92927478742237
        },
        {
          "acoustic_entropy": 17.492197036743164,
          "acoustic_entropy_side": 17.44725799560547,
          "hz": 282.89161906338205
        },
        {
          "acoustic_entropy": 16.935327529907227,
          "acoustic_entropy_side": 16.938838958740234,
          "hz": 369.9353335868758
        },
        {
          "acoustic_entropy": 16.325536727905273,
          "acoustic_entropy_side": 17.685869216918945,
          "hz": 464.6875360973435
        },
        {
          "acoustic_entropy": 18.335792541503906,
          "acoustic_entropy_side": 17.673765182495117,
          "hz": 567.8308811364784
        },
        {
          "acoustic_entropy": 17.99713706970215,
          "acoustic_entropy_side": 17.88821792602539,
          "hz": 680.1084783214808
        },
        {
          "acoustic_entropy": 17.307024002075195,
          "acoustic_entropy_side": 17.37824821472168,
          "hz": 802.3292461747484
        },
        {
          "acoustic_entropy": 17.87864875793457,
          "acoustic_entropy_side": 17.610458374023438,
          "hz": 935.3737400823702
        },
        {
          "acoustic_entropy": 18.539642333984375,
          "acoustic_entropy_side": 17.872583389282227,
          "hz": 1080.2004963696966
        },
        {
          "acoustic_entropy": 17.662702560424805,
          "acoustic_entropy_side": 17.82189178466797,
          "hz": 1237.8529382007157
        },
        {
          "acoustic_entropy": 17.042360305786133,
          "acoustic_entropy_side": 17.589500427246094,
          "hz": 1409.4668930556702
        },
        {
          "acoustic_entropy": 17.74755859375,
          "acoustic_entropy_side": 17.590450286865234,
          "hz": 1596.2787759475705
        },
        {
          "acoustic_entropy": 17.30836296081543,
          "acoustic_entropy_side": 17.632591247558594,
          "hz": 1799.6344973346393
        },
        {
          "acoustic_entropy": 17.57872772216797,
          "acoustic_entropy_side": 17.680274963378906,
          "hz": 2020.9991599069049
        },
        {
          "acoustic_entropy": 17.65152359008789,
          "acoustic_entropy_side": 17.7763614654541,
          "hz": 2261.9676141086993
        },
        {
          "acoustic_entropy": 17.46939468383789,
          "acoustic_entropy_side": 17.66611671447754,
          "hz": 2524.2759484456974
        },
        {
          "acoustic_entropy": 17.6616268157959,
          "acoustic_entropy_side": 17.71756362915039,
          "hz": 2809.813997359896
        },
        {
          "acoustic_entropy": 17.925004959106445,
          "acoustic_entropy_side": 17.66403579711914,
          "hz": 3120.6389567871424
        },
        {
