{
  "acoustic_entropy": 186.97341918945312,
  "bands": [
    {
      "high_freq": 148.1999969482422,
      "loudness": -57.434322357177734,
      "loudness_range": 33.87353515625,
      "mid_mean": -55.33005142211914,
      "mid_to_side_loudness": -2.780087947845459,
      "mid_to_side_loudness_range": 7.57100772857666,
      "side_mean": -57.49663543701172
    },
    {
      "high_freq": 392.3793640136719,
      "loudness": -41.21115493774414,
      "loudness_range": 19.423919677734375,
      "low_freq": 148.1999969482422,
      "mid_mean": -40.3636360168457,
      "mid_to_side_loudness": -2.5889246463775635,
      "mid_to_side_loudness_range": 8.378218650817871,
      "side_mean": -42.620609283447266
    },
    {
      "high_freq": 794.6976318359375,
      "loudness": -42.61423110961914,
      "loudness_range": 16.458885192871094,
      "low_freq": 392.3793640136719,
      "mid_mean": -40.463470458984375,
      "mid_to_side_loudness": -4.354053974151611,
      "mid_to_side_loudness_range": 6.381574630737305,
      "side_mean": -44.850807189941406
    },
    {
      "high_freq": 1457.5709228515625,
      "loudness": -44.881046295166016,
      "loudness_range": 15.951904296875,
      "low_freq": 794.6976318359375,
      "mid_mean": -42.50676727294922,
      "mid_to_side_loudness": -4.827094078063965,
      "mid_to_side_loudness_range": 5.094803333282471,
      "side_mean": -47.44251251220703
    },
    {
      "high_freq": 2549.74365234375,
      "loudness": -51.01597595214844,
      "loudness_range": 17.003822326660156,
      "low_freq": 1457.5709228515625,
      "mid_mean": -48.91107177734375,
      "mid_to_side_loudness": -4.373401165008545,
      "mid_to_side_loudness_range": 3.907348394393921,
      "side_mean": -53.690284729003906
    },
    {
      "high_freq": 4349.24462890625,
      "loudness": -56.075504302978516,
      "loudness_range": 19.301074981689453,
      "low_freq": 2549.74365234375,
      "mid_mean": -54.33992385864258,
      "mid_to_side_loudness": -3.73087739944458,
      "mid_to_side_loudness_range": 2.6690046787261963,
      "side_mean": -57.64705276489258
    },
    {
      "high_freq": 7314.1640625,
      "loudness": -62.483482360839844,
      "loudness_range": 22.113143920898438,
      "low_freq": 4349.24462890625,
      "mid_mean": -59.55814743041992,
      "mid_to_side_loudness": -4.5109076499938965,
      "mid_to_side_loudness_range": 2.578251361846924,
      "side_mean": -62.934112548828125
    },
    {
      "high_freq": 12199.2666015625,
      "loudness": -69.34176635742188,
      "loudness_range": 22.754051208496094,
      "low_freq": 7314.1640625,
      "mid_mean": -64.36518096923828,
      "mid_to_side_loudness": -4.486871719360352,
      "mid_to_side_loudness_range": 2.844210147857666,
      "side_mean": -66.72968292236328
    },
    {
      "loudness": -80.38814544677734,
      "loudness_range": 18.40766143798828,
      "low_freq": 12199.2666015625,
      "mid_mean": -68.98632049560547,
      "mid_to_side_loudness": -4.842879295349121,
      "mid_to_side_loudness_range": 5.071063995361328,
      "side_mean": -69.51173400878906
    }
  ],
  "bands_short": [
    {
      "high_freq": 148.1999969482422,
      "loudness": -59.53907012939453,
      "loudness_range": 34.64994812011719,
      "mid_mean": -57.223907470703125,
      "mid_to_side_loudness": -2.878506898880005,
      "mid_to_side_loudness_range": 12.925280570983887,
      "side_mean": -59.3033447265625
    },
    {
      "high_freq": 392.3793640136719,
      "loudness": -41.464881896972656,
      "loudness_range": 20.380369186401367,
      "low_freq": 148.1999969482422,
      "mid_mean": -41.621490478515625,
      "mid_to_side_loudness": -2.298424482345581,
      "mid_to_side_loudness_range": 10.832721710205078,
      "side_mean": -43.832881927490234
    },
    {
      "high_freq": 794.6976318359375,
      "loudness": -42.90171432495117,
      "loudness_range": 17.94613265991211,
      "low_freq": 392.3793640136719,
      "mid_mean": -41.019432067871094,
      "mid_to_side_loudness": -4.478865623474121,
      "mid_to_side_loudness_range": 10.682038307189941,
      "side_mean": -45.901512145996094
    },
    {
      "high_freq": 1457.5709228515625,
      "loudness": -44.5167350769043,
      "loudness_range": 16.05062484741211,
      "low_freq": 794.6976318359375,
      "mid_mean": -42.3938102722168,
      "mid_to_side_loudness": -4.688826084136963,
      "mid_to_side_loudness_range": 10.34274959564209,
      "side_mean": -47.18764114379883
    },
    {
      "high_freq": 2549.74365234375,
      "loudness": -51.268577575683594,
      "loudness_range": 17.43384552001953,
      "low_freq": 1457.5709228515625,
      "mid_mean": -49.382266998291016,
      "mid_to_side_loudness": -4.39654016494751,
      "mid_to_side_loudness_range": 7.8289055824279785,
      "side_mean": -54.03874206542969
    },
    {
      "high_freq": 4349.24462890625,
      "loudness": -56.23746871948242,
      "loudness_range": 19.342819213867188,
      "low_freq": 2549.74365234375,
      "mid_mean": -54.54407501220703,
      "mid_to_side_loudness": -3.7596468925476074,
      "mid_to_side_loudness_range": 5.511333465576172,
      "side_mean": -57.85029983520508
    },
    {
      "high_freq": 7314.1640625,
      "loudness": -62.52334213256836,
      "loudness_range": 22.110214233398438,
      "low_freq": 4349.24462890625,
      "mid_mean": -59.63481140136719,
      "mid_to_side_loudness": -4.518252372741699,
      "mid_to_side_loudness_range": 4.521655082702637,
      "side_mean": -62.99059295654297
    },
    {
      "high_freq": 12199.2666015625,
      "loudness": -69.36754608154297,
      "loudness_range": 22.693870544433594,
      "low_freq": 7314.1640625,
      "mid_mean": -64.3986587524414,
      "mid_to_side_loudness": -4.54002571105957,
      "mid_to_side_loudness_range": 4.115349769592285,
      "side_mean": -66.75923919677734
    },
    {
      "loudness": -80.17972564697266,
      "loudness_range": 18.231658935546875,
      "low_freq": 12199.2666015625,
      "mid_mean": -68.98423767089844,
      "mid_to_side_loudness": -5.030581951141357,
      "mid_to_side_loudness_range": 6.798986434936523,
      "side_mean": -69.5120849609375
    }
  ],
  "bandwidth": 515.1104736328125,
  "channels": 2,
  "covariance": [
    [
      144.39022827148438,
      133.6370391845703,
      57.28025817871094,
      56.610076904296875,
      35.99589920043945,
      37.64411544799805,
      6.5969672203063965,
      6.6296305656433105,
      0.84171462059021,
      9.009515762329102,
      -7.441124439239502,
      -7.767334938049316,
      -12.795745849609375,
      -11.3562650680542,
      -18.10585594177246,
      -12.542774200439453,
      -5.670290470123291,
      -2.9036941528320312
    ],
    [
      133.6370391845703,
      130.2709197998047,
      53.27174758911133,
      52.519256591796875,
      33.29179000854492,
      34.62375259399414,
      5.829829216003418,
      5.681419372558594,
      -0.5623003840446472,
      6.620981693267822,
      -8.955827713012695,
      -8.958456993103027,
      -13.184468269348145,
      -11.601583480834961,
      -17.955856323242188,
      -12.398984909057617,
      -5.562029838562012,
      -2.8366146087646484
    ],
    [
      57.28025817871094,
      53.27174758911133,
      65.39549255371094,
      57.08693313598633,
      28.711210250854492,
      29.500675201416016,
      15.086041450500488,
      14.764996528625488,
      18.818767547607422,
      18.59764289855957,
      7.2427802085876465,
      5.653909206390381,
      3.104871988296509,
      2.041884422302246,
      -2.926039695739746,
      -2.374699115753174,
      -1.44429349899292,
      -0.682955265045166
    ],
    [
      56.610076904296875,
      52.519256591796875,
      57.08693313598633,
      64.87486267089844,
      29.64084243774414,
      30.620519638061523,
      17.355836868286133,
      16.995885848999023,
      20.211959838867188,
      20.54948616027832,
      9.634566307067871,
      7.854886054992676,
      5.685876846313477,
      3.80782151222229,
      -0.914688766002655,
      -1.1318093538284302,
      -1.0229090452194214,
      -0.4754774570465088
    ],
    [
      35.99589920043945,
      33.29179000854492,
      28.711210250854492,
      29.64084243774414,
      37.40629577636719,
      35.301292419433594,
      13.802047729492188,
      14.472138404846191,
      17.465822219848633,
      16.919082641601562,
      9.041998863220215,
      7.509221076965332,
      5.150247097015381,
      3.5392661094665527,
      -0.3886127769947052,
      -0.5337961912155151,
      -0.9854216575622559,
      -0.46752065420150757
    ],
    [
      37.64411544799805,
      34.62375259399414,
      29.500675201416016,
      30.620519638061523,
      35.301292419433594,
      39.53099822998047,
      14.113170623779297,
      14.790179252624512,
      17.585298538208008,
      17.05752944946289,
      8.842106819152832,
      7.476828575134277,
      5.212791919708252,
      3.6677887439727783,
      -0.13418202102184296,
      -0.27788737416267395,
      -0.8194190263748169,
      -0.3480975329875946
    ],
    [
      6.5969672203063965,
      5.829829216003418,
      15.086041450500488,
      17.355836868286133,
      13.802047729492188,
      14.113170623779297,
      35.01427459716797,
      32.87242126464844,
      21.492521286010742,
      20.126590728759766,
      25.09459114074707,
      22.792625427246094,
      22.086008071899414,
      17.986679077148438,
      14.927423477172852,
      9.876299858093262,
      3.95534086227417,
      2.211286783218384
    ],
    [
      6.6296305656433105,
      5.681419372558594,
      14.764996528625488,
      16.995885848999023,
      14.472138404846191,
      14.790179252624512,
      32.87242126464844,
      35.917823791503906,
      21.349197387695312,
      19.839759826660156,
      24.895666122436523,
      22.549280166625977,
      21.419469833374023,
      17.371192932128906,
      14.143927574157715,
      9.348846435546875,
      3.7190237045288086,
      2.1450579166412354
    ],
    [
      0.84171462059021,
      -0.5623003840446472,
      18.818767547607422,
      20.211959838867188,
      17.465822219848633,
      17.585298538208008,
      21.492521286010742,
      21.349197387695312,
      39.69480895996094,
      37.48329162597656,
      32.65882873535156,
      29.52065086364746,
      31.332916259765625,
      25.257234573364258,
      21.947843551635742,
      14.847700119018555,
      5.736589431762695,
      3.0344812870025635
    ],
    [
      9.009515762329102,
      6.620981693267822,
      18.59764289855957,
      20.54948616027832,
      16.919082641601562,
      17.05752944946289,
      20.126590728759766,
      19.839759826660156,
      37.48329162597656,
      44.78861999511719,
      37.93703079223633,
      33.42479705810547,
      34.2076530456543,
      26.99836540222168,
      23.13536262512207,
      15.480457305908203,
      5.88541316986084,
      3.088376998901367
    ],
    [
      -7.441124439239502,
      -8.955827713012695,
      7.2427802085876465,
      9.634566307067871,
      9.041998863220215,
      8.842106819152832,
      25.09459114074707,
      24.895666122436523,
      32.65882873535156,
      37.93703079223633,
      46.92357635498047,
      41.74296569824219,
      41.134521484375,
      32.6375617980957,
      29.96709632873535,
      19.818273544311523,
      7.519662380218506,
      3.9504072666168213
    ],
    [
      -7.767334938049316,
      -8.958456993103027,
      5.653909206390381,
      7.854886054992676,
      7.509221076965332,
      7.476828575134277,
      22.792625427246094,
      22.549280166625977,
      29.52065086364746,
      33.42479705810547,
      41.74296569824219,
      37.947357177734375,
      37.391387939453125,
      29.961650848388672,
      27.687503814697266,
      18.4737548828125,
      7.114576816558838,
      3.7612497806549072
    ],
    [
      -12.795745849609375,
      -13.184468269348145,
      3.104871988296509,
      5.685876846313477,
      5.150247097015381,
      5.212791919708252,
      22.086008071899414,
      21.419469833374023,
      31.332916259765625,
      34.2076530456543,
      41.134521484375,
      37.391387939453125,
      40.70205307006836,
      32.92300033569336,
      30.579355239868164,
      20.597501754760742,
      8.226698875427246,
      4.354964733123779
    ],
    [
      -11.3562650680542,
      -11.601583480834961,
      2.041884422302246,
      3.80782151222229,
      3.5392661094665527,
      3.6677887439727783,
      17.986679077148438,
      17.371192932128906,
      25.257234573364258,
      26.99836540222168,
      32.6375617980957,
      29.961650848388672,
      32.92300033569336,
      27.29934310913086,
      25.32123374938965,
      17.30420684814453,
      7.062282085418701,
      3.769611120223999
    ],
    [
      -18.10585594177246,
      -17.955856323242188,
      -2.926039695739746,
      -0.914688766002655,
      -0.3886127769947052,
      -0.13418202102184296,
      14.927423477172852,
      14.143927574157715,
      21.947843551635742,
      23.13536262512207,
      29.96709632873535,
      27.687503814697266,
      30.579355239868164,
      25.32123374938965,
      25.511505126953125,
      17.569923400878906,
      7.300049781799316,
      3.8801324367523193
    ],
    [
      -12.542774200439453,
      -12.398984909057617,
      -2.374699115753174,
      -1.1318093538284302,
      -0.5337961912155151,
      -0.27788737416267395,
      9.876299858093262,
      9.348846435546875,
      14.847700119018555,
      15.480457305908203,
      19.818273544311523,
      18.4737548828125,
      20.597501754760742,
      17.30420684814453,
      17.569923400878906,
      12.45099925994873,
      5.303233623504639,
      2.8600947856903076
    ],
    [
      -5.670290470123291,
      -5.562029838562012,
      -1.44429349899292,
      -1.0229090452194214,
      -0.9854216575622559,
      -0.8194190263748169,
      3.95534086227417,
      3.7190237045288086,
      5.736589431762695,
      5.88541316986084,
      7.519662380218506,
      7.114576816558838,
      8.226698875427246,
      7.062282085418701,
      7.300049781799316,
      5.303233623504639,
      2.58667254447937,
      1.4298324584960938
    ],
    [
      -2.9036941528320312,
      -2.8366146087646484,
      -0.682955265045166,
      -0.4754774570465088,
      -0.46752065420150757,
      -0.3480975329875946,
      2.211286783218384,
      2.1450579166412354,
      3.0344812870025635,
      3.088376998901367,
      3.9504072666168213,
      3.7612497806549072,
      4.354964733123779,
      3.769611120223999,
      3.8801324367523193,
      2.8600947856903076,
      1.4298324584960938,
      0.8251755833625793
    ]
  ],
  "covariance_short": [
    [
      137.3203125,
      119.01543426513672,
      64.75581359863281,
      68.5081558227539,
      42.48149490356445,
      47.03269577026367,
      6.543195724487305,
      7.0266923904418945,
      4.6328253746032715,
      11.04194450378418,
      -6.5234694480896,
      -6.691235542297363,
      -10.812468528747559,
      -9.418907165527344,
      -16.412334442138672,
      -11.17606258392334,
      -5.0545454025268555,
      -2.548393726348877
    ],
    [
      119.01543426513672,
      115.49893951416016,
      58.08213806152344,
      61.715328216552734,
      38.02873992919922,
      42.06696701049805,
      4.469540119171143,
      4.824869632720947,
      1.864188313484192,
      7.472372055053711,
      -7.906291961669922,
      -7.761979579925537,
      -11.059195518493652,
      -9.560765266418457,
      -15.750855445861816,
      -10.726080894470215,
      -4.823672294616699,
      -2.4286086559295654
    ],
    [
      64.75581359863281,
      58.08213806152344,
      84.10875701904297,
      66.52132415771484,
      35.414146423339844,
      37.7803840637207,
      13.716917037963867,
      14.584369659423828,
      16.414798736572266,
      15.673225402832031,
      5.24528169631958,
      3.5082221031188965,
      -0.3457425534725189,
      -1.2055943012237549,
      -6.533300399780273,
      -4.926028728485107,
      -2.769672393798828,
      -1.2975029945373535
    ],
    [
      68.5081558227539,
      61.715328216552734,
      66.52132415771484,
      88.87784576416016,
      35.777122497558594,
      39.37309646606445,
      15.92573356628418,
      17.03404426574707,
      15.902236938476562,
      15.330145835876465,
      5.142631530761719,
      3.715747833251953,
      -0.023713691160082817,
      -1.0792760848999023,
      -6.208359241485596,
      -4.697920799255371,
      -2.700197219848633,
      -1.2310798168182373
    ],
    [
      42.48149490356445,
      38.02873992919922,
      35.414146423339844,
      35.777122497558594,
      48.74317932128906,
      40.87346649169922,
      12.74064826965332,
      13.742430686950684,
      15.763370513916016,
      15.05726146697998,
      6.928864002227783,
      5.35138463973999,
      2.8522849082946777,
      1.958478569984436,
      -2.614682912826538,
      -1.8204982280731201,
      -1.4011589288711548,
      -0.6165727972984314
    ],
    [
      47.03269577026367,
      42.06696701049805,
      37.7803840637207,
      39.37309646606445,
      40.87346649169922,
      55.81468963623047,
      11.975656509399414,
      13.69111156463623,
      13.939000129699707,
      13.413627624511719,
      5.553726673126221,
      4.1492390632629395,
      1.501725435256958,
      0.6767145991325378,
      -4.226651191711426,
      -2.9982781410217285,
      -1.8525071144104004,
      -0.7790957689285278
    ],
    [
      6.543195724487305,
      4.469540119171143,
      13.716917037963867,
      15.92573356628418,
      12.74064826965332,
      11.975656509399414,
      36.91558837890625,
      30.34677505493164,
      22.959604263305664,
      21.817031860351562,
      24.525171279907227,
      22.26214027404785,
      21.949291229248047,
      17.794715881347656,
      14.732848167419434,
      9.696365356445312,
      3.7339723110198975,
      2.051544189453125
    ],
    [
      7.0266923904418945,
      4.824869632720947,
      14.584369659423828,
      17.03404426574707,
      13.742430686950684,
      13.69111156463623,
      30.34677505493164,
      38.57665252685547,
      23.283052444458008,
      22.02324104309082,
      24.4353084564209,
      22.12926483154297,
      21.31414222717285,
      17.18505859375,
      13.975772857666016,
      9.15619945526123,
      3.483384370803833,
      1.9898529052734375
    ],
    [
      4.6328253746032715,
      1.864188313484192,
      16.414798736572266,
      15.902236938476562,
      15.763370513916016,
      13.939000129699707,
      22.959604263305664,
      23.283052444458008,
      44.31060028076172,
      38.82412338256836,
      33.80397033691406,
      30.195470809936523,
      31.89409828186035,
      25.498735427856445,
      22.107126235961914,
      14.858481407165527,
      5.746062755584717,
      3.0321145057678223
    ],
    [
      11.04194450378418,
      7.472372055053711,
      15.673225402832031,
      15.330145835876465,
      15.05726146697998,
      13.413627624511719,
      21.817031860351562,
      22.02324104309082,
      38.82412338256836,
      46.59604263305664,
      37.239662170410156,
      32.678348541259766,
      33.667449951171875,
      26.540332794189453,
      22.71076774597168,
      15.159049034118652,
      5.786873817443848,
      3.034214973449707
    ],
    [
      -6.5234694480896,
      -7.906291961669922,
      5.24528169631958,
      5.142631530761719,
      6.928864002227783,
      5.553726673126221,
      24.525171279907227,
      24.4353084564209,
      33.80397033691406,
      37.239662170410156,
      47.7325325012207,
      41.33329772949219,
      40.6345329284668,
      32.155826568603516,
      29.614124298095703,
      19.534278869628906,
      7.4963059425354,
      3.9276583194732666
    ],
    [
      -6.691235542297363,
      -7.761979579925537,
      3.5082221031188965,
      3.715747833251953,
      5.35138463973999,
      4.1492390632629395,
      22.26214027404785,
      22.12926483154297,
      30.195470809936523,
      32.678348541259766,
      41.33329772949219,
      38.624488830566406,
      36.82280349731445,
      29.45583152770996,
      27.25979995727539,
      18.157129287719727,
      7.068047523498535,
      3.728755235671997
    ],
    [
      -10.812468528747559,
      -11.059195518493652,
      -0.3457425534725189,
      -0.023713691160082817,
      2.8522849082946777,
      1.501725435256958,
      21.949291229248047,
      21.31414222717285,
      31.89409828186035,
      33.667449951171875,
      40.6345329284668,
      36.82280349731445,
      41.00770950317383,
      32.68574905395508,
      30.325345993041992,
      20.383047103881836,
      8.220879554748535,
      4.343055725097656
    ],
    [
      -9.418907165527344,
      -9.560765266418457,
      -1.2055943012237549,
      -1.0792760848999023,
      1.958478569984436,
      0.6767145991325378,
      17.794715881347656,
      17.18505859375,
      25.498735427856445,
      26.540332794189453,
      32.155826568603516,
      29.45583152770996,
      32.68574905395508,
      27.556005477905273,
      25.063467025756836,
      17.10707664489746,
      7.036538600921631,
      3.748100996017456
    ],
    [
      -16.412334442138672,
      -15.750855445861816,
      -6.533300399780273,
      -6.208359241485596,
      -2.614682912826538,
      -4.226651191711426,
      14.732848167419434,
      13.975772857666016,
      22.107126235961914,
      22.71076774597168,
      29.614124298095703,
      27.25979995727539,
      30.325345993041992,
      25.063467025756836,
      25.645469665527344,
      17.47810935974121,
      7.318758010864258,
      3.8855881690979004
    ],
    [
      -11.17606258392334,
      -10.726080894470215,
      -4.926028728485107,
      -4.697920799255371,
      -1.8204982280731201,
      -2.9982781410217285,
      9.696365356445312,
      9.15619945526123,
      14.858481407165527,
      15.159049034118652,
      19.534278869628906,
      18.157129287719727,
      20.383047103881836,
      17.10707664489746,
      17.47810935974121,
      12.553492546081543,
      5.306858062744141,
      2.86600923538208
    ],
    [
      -5.0545454025268555,
      -4.823672294616699,
      -2.769672393798828,
      -2.700197219848633,
      -1.4011589288711548,
      -1.8525071144104004,
      3.7339723110198975,
      3.483384370803833,
      5.746062755584717,
      5.786873817443848,
      7.4963059425354,
      7.068047523498535,
      8.220879554748535,
      7.036538600921631,
      7.318758010864258,
      5.306858062744141,
      2.676753282546997,
      1.4603294134140015
    ],
    [
      -2.548393726348877,
      -2.4286086559295654,
      -1.2975029945373535,
      -1.2310798168182373,
      -0.6165727972984314,
      -0.7790957689285278,
      2.051544189453125,
      1.9898529052734375,
      3.0321145057678223,
      3.034214973449707,
      3.9276583194732666,
      3.728755235671997,
      4.343055725097656,
      3.748100996017456,
      3.8855881690979004,
      2.86600923538208,
      1.4603294134140015,
      0.8761934638023376
    ]
  ],
  "damage": -24.097105026245117,
  "diff_bandwidth": 559.8497314453125,
  "dissonance": 4.615272284538618,
  "drr": 6.524351119995117,
  "dynamics": 4.580132007598877,
  "format": 1245190,
  "frames": 12386240,
  "loudness": -32.835174560546875,
  "loudness_range": 14.730121612548828,
  "loudness_range_short": 15.173099517822266,
  "lowpass_true_peak_15khz": -10.482844352722168,
  "mastering3_acoustic_entropies": [
    {
      "acoustic_entropy": 7.93777322769165,
      "acoustic_entropy_mono": 8.144477844238281,
      "band_eliminated_acoustic_entropies": [
        {
          "acoustic_entropy": 7.934344291687012,
          "acoustic_entropy_side": 7.948782444000244,
          "hz": 129.47220167065723
        },
        {
          "acoustic_entropy": 7.637396812438965,
          "acoustic_entropy_side": 7.652078628540039,
          "hz": 202.92927478742237
        },
        {
          "acoustic_entropy": 7.752378463745117,
          "acoustic_entropy_side": 7.721321105957031,
          "hz": 282.89161906338205
        },
        {
          "acoustic_entropy": 8.229667663574219,
          "acoustic_entropy_side": 8.01290225982666,
          "hz": 369.9353335868758
        },
        {
          "acoustic_entropy": 7.222899436950684,
          "acoustic_entropy_side": 7.966480731964111,
          "hz": 464.6875360973435
        },
        {
          "acoustic_entropy": 7.6737470626831055,
          "acoustic_entropy_side": 8.065333366394043,
          "hz": 567.8308811364784
        },
        {
          "acoustic_entropy": 7.743548393249512,
          "acoustic_entropy_side": 8.062393188476562,
          "hz": 680.1084783214808
        },
        {
          "acoustic_entropy": 7.29879093170166,
          "acoustic_entropy_side": 7.690936088562012,
          "hz": 802.3292461747484
        },
        {
          "acoustic_entropy": 8.452425003051758,
          "acoustic_entropy_side": 8.846001625061035,
          "hz": 935.3737400823702
        },
        {
          "acoustic_entropy": 7.321154594421387,
          "acoustic_entropy_side": 8.052602767944336,
          "hz": 1080.2004963696966
        },
        {
          "acoustic_entropy": 7.932510852813721,
          "acoustic_entropy_side": 7.852742671966553,
          "hz": 1237.8529382007157
        },
        {
          "acoustic_entropy": 8.409829139709473,
          "acoustic_entropy_side": 8.251646995544434,
          "hz": 1409.4668930556702
        },
        {
          "acoustic_entropy": 7.846877574920654,
          "acoustic_entropy_side": 7.842438697814941,
          "hz": 1596.2787759475705
        },
        {
          "acoustic_entropy": 7.2789082527160645,
          "acoustic_entropy_side": 7.434110641479492,
          "hz": 1799.6344973346393
        },
        {
          "acoustic_entropy": 8.087859153747559,
          "acoustic_entropy_side": 8.009475708007812,
          "hz": 2020.9991599069049
        },
        {
          "acoustic_entropy": 8.054014205932617,
          "acoustic_entropy_side": 7.917207717895508,
          "hz": 2261.9676141086993
        },
        {
          "acoustic_entropy": 7.988926887512207,
          "acoustic_entropy_side": 7.933890342712402,
          "hz": 2524.2759484456974
        },
        {
          "acoustic_entropy": 8.016517639160156,
          "acoustic_entropy_side": 7.962582111358643,
          "hz": 2809.813997359896
        },
        {
          "acoustic_entropy": 7.979902267456055,
          "acoustic_entropy_side": 7.96449089050293,
          "hz": 3120.6389567871424
        },
        {
          "acoustic_entropy": 7.800440311431885,
          "acoustic_entropy_side": 7.886608123779297,
          "hz": 3458.990205492291
        },
        {
          "acoustic_entropy": 7.947379112243652,
          "acoustic_entropy_side": 7.937955379486084,
          "hz": 3827.305438964164
        },
        {
          "acoustic_entropy": 7.938171863555908,
          "acoustic_entropy_side": 7.928151607513428,
          "hz": 4228.238232109126
        },
        {
          "acoustic_entropy": 7.887174129486084,
          "acoustic_entropy_side": 7.915730953216553,
          "hz": 4664.6771572759235
        },
        {
          "acoustic_entropy": 7.887059211730957,
          "acoustic_entropy_side": 7.92660665512085,
          "hz": 5139.766595350093
        },
        {
          "acoustic_entropy": 7.929232120513916,
          "acoustic_entropy_side": 7.935942649841309,
          "hz": 5656.929389854203
        },
        {
          "acoustic_entropy": 7.935015678405762,
          "acoustic_entropy_side": 7.937061309814453,
          "hz": 6219.891507268283
        },
        {
          "acoustic_entropy": 7.904976844787598,
          "acoustic_entropy_side": 7.9326171875,
          "hz": 6832.70888123896
        },
        {
          "acoustic_entropy": 7.9283576011657715,
          "acoustic_entropy_side": 7.93644905090332,
          "hz": 7499.796634079867
        },
        {
          "acoustic_entropy": 7.926219940185547,
          "acoustic_entropy_side": 7.936418056488037,
          "hz": 8225.96088609342
        },
        {
          "acoustic_entropy": 7.927441120147705,
          "acoustic_entropy_side": 7.936751842498779,
          "hz": 9016.43338188839
        },
        {
          "acoustic_entropy": 7.933661460876465,
          "acoustic_entropy_side": 7.937375068664551,
          "hz": 9876.909183162974
        },
        {
          "acoustic_entropy": 7.934890270233154,
          "acoustic_entropy_side": 7.937493324279785,
          "hz": 10813.587699516042
        },
        {
          "acoustic_entropy": 7.93597936630249,
          "acoustic_entropy_side": 7.937549114227295,
          "hz": 11833.21735289826
        },
        {
          "acoustic_entropy": 7.937123775482178,
          "acoustic_entropy_side": 7.937696933746338,
          "hz": 12943.144197493959
        },
        {
          "acoustic_entropy": 7.937463760375977,
          "acoustic_entropy_side": 7.937738418579102,
          "hz": 14151.364845322005
        },
        {
          "acoustic_entropy": 7.937699317932129,
          "acoustic_entropy_side": 7.93776273727417,
          "hz": 15466.58407886509
        },
        {
          "acoustic_entropy": 7.937760353088379,
          "acoustic_entropy_side": 7.937772274017334,
          "hz": 16898.27756580493
        },
        {
          "acoustic_entropy": 7.937772750854492,
          "acoustic_entropy_side": 7.93777322769165,
          "hz": 18456.760127700032
        },
        {
          "acoustic_entropy": 7.937772274017334,
          "acoustic_entropy_side": 7.93777322769165,
          "hz": 20153.260054456492
        },
        {
          "acoustic_entropy": 7.93777322769165,
          "acoustic_entropy_side": 7.93777322769165,
          "hz": 22000.00000000001
        }
      ],
      "diff_acoustic_entropy": 1.006374478340149,
      "sn": 6
    },
    {
      "acoustic_entropy": 12.20268726348877,
      "acoustic_entropy_mono": 12.521120071411133,
      "band_eliminated_acoustic_entropies": [
        {
          "acoustic_entropy": 11.91369915008545,
          "acoustic_entropy_side": 11.927741050720215,
          "hz": 129.47220167065723
        },
        {
          "acoustic_entropy": 12.132946014404297,
          "acoustic_entropy_side": 12.345115661621094,
          "hz": 202.92927478742237
        },
        {
          "acoustic_entropy": 11.931963920593262,
          "acoustic_entropy_side": 12.738533020019531,
          "hz": 282.89161906338205
        },
        {
          "acoustic_entropy": 12.295378684997559,
          "acoustic_entropy_side": 12.399646759033203,
          "hz": 369.9353335868758
        },
        {
          "acoustic_entropy": 12.062209129333496,
          "acoustic_entropy_side": 12.814865112304688,
          "hz": 464.6875360973435
        },
        {
          "acoustic_entropy": 12.096543312072754,
          "acoustic_entropy_side": 11.977511405944824,
          "hz": 567.8308811364784
        },
        {
          "acoustic_entropy": 12.154672622680664,
          "acoustic_entropy_side": 12.363367080688477,
          "hz": 680.1084783214808
        },
        {
          "acoustic_entropy": 11.669267654418945,
          "acoustic_entropy_side": 12.28786849975586,
          "hz": 802.3292461747484
        },
        {
          "acoustic_entropy": 11.898843765258789,
          "acoustic_entropy_side": 13.207915306091309,
          "hz": 935.3737400823702
        },
        {
          "acoustic_entropy": 12.19089412689209,
          "acoustic_entropy_side": 12.396801948547363,
          "hz": 1080.2004963696966
        },
        {
          "acoustic_entropy": 11.586915016174316,
          "acoustic_entropy_side": 12.033967018127441,
          "hz": 1237.8529382007157
        },
        {
          "acoustic_entropy": 12.552115440368652,
          "acoustic_entropy_side": 12.576295852661133,
          "hz": 1409.4668930556702
        },
        {
          "acoustic_entropy": 12.036201477050781,
          "acoustic_entropy_side": 12.07850456237793,
          "hz": 1596.2787759475705
        },
        {
          "acoustic_entropy": 11.654061317443848,
          "acoustic_entropy_side": 11.886272430419922,
          "hz": 1799.6344973346393
        },
        {
          "acoustic_entropy": 11.994379043579102,
          "acoustic_entropy_side": 12.570276260375977,
          "hz": 2020.9991599069049
        },
        {
          "acoustic_entropy": 12.129524230957031,
          "acoustic_entropy_side": 12.382381439208984,
          "hz": 2261.9676141086993
        },
        {
          "acoustic_entropy": 12.369352340698242,
          "acoustic_entropy_side": 12.275100708007812,
          "hz": 2524.2759484456974
        },
        {
          "acoustic_entropy": 12.115293502807617,
          "acoustic_entropy_side": 12.288374900817871,
          "hz": 2809.813997359896
        },
        {
          "acoustic_entropy": 12.546667098999023,
          "acoustic_entropy_side": 12.647960662841797,
          "hz": 3120.6389567871424
        },
        {
          "acoustic_entropy": 12.292318344116211,
          "acoustic_entropy_side": 12.057387351989746,
          "hz": 3458.990205492291
        },
        {
          "acoustic_entropy": 12.602448463439941,
          "acoustic_entropy_side": 12.400039672851562,
          "hz": 3827.305438964164
        },
        {
          "acoustic_entropy": 12.31117057800293,
          "acoustic_entropy_side": 12.234256744384766,
          "hz": 4228.238232109126
        },
        {
          "acoustic_entropy": 11.965179443359375,
          "acoustic_entropy_side": 12.029190063476562,
          "hz": 4664.6771572759235
        },
        {
          "acoustic_entropy": 11.958030700683594,
          "acoustic_entropy_side": 11.94828987121582,
          "hz": 5139.766595350093
        },
        {
          "acoustic_entropy": 12.036958694458008,
          "acoustic_entropy_side": 12.131207466125488,
          "hz": 5656.929389854203
        },
        {
          "acoustic_entropy": 12.176047325134277,
          "acoustic_entropy_side": 12.188272476196289,
          "hz": 6219.891507268283
        },
        {
          "acoustic_entropy": 11.93528938293457,
          "acoustic_entropy_side": 11.97616195678711,
          "hz": 6832.70888123896
        },
        {
          "acoustic_entropy": 12.156952857971191,
          "acoustic_entropy_side": 12.181581497192383,
          "hz": 7499.796634079867
        },
        {
          "acoustic_entropy": 11.96245002746582,
          "acoustic_entropy_side": 12.119786262512207,
          "hz": 8225.96088609342
        },
        {
          "acoustic_entropy": 12.010890007019043,
          "acoustic_entropy_side": 12.172242164611816,
          "hz": 9016.43338188839
        },
        {
          "acoustic_entropy": 12.07274055480957,
          "acoustic_entropy_side": 12.180853843688965,
          "hz": 9876.909183162974
        },
        {
          "acoustic_entropy": 12.115530967712402,
          "acoustic_entropy_side": 12.186594009399414,
          "hz": 10813.587699516042
        },
        {
          "acoustic_entropy": 12.139007568359375,
          "acoustic_entropy_side": 12.191095352172852,
          "hz": 11833.21735289826
        },
        {
          "acoustic_entropy": 12.159719467163086,
          "acoustic_entropy_side": 12.196401596069336,
          "hz": 12943.144197493959
        },
        {
          "acoustic_entropy": 12.183222770690918,
          "acoustic_entropy_side": 12.200260162353516,
          "hz": 14151.364845322005
        },
        {
          "acoustic_entropy": 12.196588516235352,
          "acoustic_entropy_side": 12.201663970947266,
          "hz": 15466.58407886509
        },
        {
          "acoustic_entropy": 12.201606750488281,
          "acoustic_entropy_side": 12.202454566955566,
          "hz": 16898.27756580493
        },
        {
          "acoustic_entropy": 12.20254898071289,
          "acoustic_entropy_side": 12.202641487121582,
          "hz": 18456.760127700032
        },
        {
          "acoustic_entropy": 12.202679634094238,
          "acoustic_entropy_side": 12.202685356140137,
          "hz": 20153.260054456492
        },
        {
          "acoustic_entropy": 12.20268726348877,
          "acoustic_entropy_side": 12.20268726348877,
          "hz": 22000.00000000001
        }
      ],
      "diff_acoustic_entropy": 2.178434371948242,
      "sn": 12
    },
    {
      "acoustic_entropy": 17.36785316467285,
      "acoustic_entropy_mono": 17.643444061279297,
      "band_eliminated_acoustic_entropies": [
        {
          "acoustic_entropy": 17.29753875732422,
          "acoustic_entropy_side": 17.433441162109375,
          "hz": 129.47220167065723
        },
        {
          "acoustic_entropy": 16.9132137298584,
          "acoustic_entropy_side": 17.423402786254883,
          "hz": 202.92927478742237
        },
        {
          "acoustic_entropy": 17.48697280883789,
          "acoustic_entropy_side": 18.453113555908203,
          "hz": 282.89161906338205
        },
        {
          "acoustic_entropy": 17.54026985168457,
          "acoustic_entropy_side": 16.901208877563477,
          "hz": 369.9353335868758
        },
        {
          "acoustic_entropy": 17.76105308532715,
          "acoustic_entropy_side": 18.255420684814453,
          "hz": 464.6875360973435
        },
        {
          "acoustic_entropy": 17.806665420532227,
          "acoustic_entropy_side": 18.47028350830078,
          "hz": 567.8308811364784
        },
        {
          "acoustic_entropy": 17.99121856689453,
          "acoustic_entropy_side": 17.724552154541016,
          "hz": 680.1084783214808
        },
        {
          "acoustic_entropy": 18.477813720703125,
          "acoustic_entropy_side": 17.62925148010254,
          "hz": 802.3292461747484
        },
        {
          "acoustic_entropy": 17.758020401000977,
          "acoustic_entropy_side": 17.87386131286621,
          "hz": 935.3737400823702
        },
        {
          "acoustic_entropy": 19.11334991455078,
          "acoustic_entropy_side": 17.919078826904297,
          "hz": 1080.2004963696966
        },
        {
          "acoustic_entropy": 19.21117401123047,
          "acoustic_entropy_side": 18.078664779663086,
          "hz": 1237.8529382007157
        },
        {
          "acoustic_entropy": 17.57314682006836,
          "acoustic_entropy_side": 16.817825317382812,
          "hz": 1409.4668930556702
        },
        {
          "acoustic_entropy": 17.30600357055664,
          "acoustic_entropy_side": 17.8055477142334,
          "hz": 1596.2787759475705
        },
        {
          "acoustic_entropy": 17.42654037475586,
          "acoustic_entropy_side": 17.81775665283203,
          "hz": 1799.6344973346393
        },
        {
          "acoustic_entropy": 18.0157527923584,
          "acoustic_entropy_side": 17.534303665161133,
          "hz": 2020.9991599069049
        },
        {
          "acoustic_entropy": 18.308055877685547,
          "acoustic_entropy_side": 18.453954696655273,
          "hz": 2261.9676141086993
        },
        {
          "acoustic_entropy": 18.025596618652344,
          "acoustic_entropy_side": 17.37679672241211,
          "hz": 2524.2759484456974
        },
        {
          "acoustic_entropy": 17.56050682067871,
          "acoustic_entropy_side": 17.602909088134766,
          "hz": 2809.813997359896
        },
        {
