{
  "acoustic_entropy": 195.2257537841797,
  "bands": [
    {
      "high_freq": 148.1999969482422,
      "loudness": -26.550384521484375,
      "loudness_range": 21.87251091003418,
      "mid_mean": -24.351078033447266,
      "mid_to_side_loudness": -5.187717437744141,
      "mid_to_side_loudness_range": 14.596395492553711,
      "side_mean": -30.218833923339844
    },
    {
      "high_freq": 392.3793640136719,
      "loudness": -20.97234535217285,
      "loudness_range": 7.989749908447266,
      "low_freq": 148.1999969482422,
      "mid_mean": -19.430206298828125,
      "mid_to_side_loudness": -2.6484456062316895,
      "mid_to_side_loudness_range": 9.850210189819336,
      "side_mean": -22.204544067382812
    },
    {
      "high_freq": 794.6976318359375,
      "loudness": -24.42818260192871,
      "loudness_range": 17.62273406982422,
      "low_freq": 392.3793640136719,
      "mid_mean": -22.243192672729492,
      "mid_to_side_loudness": -4.950998783111572,
      "mid_to_side_loudness_range": 12.548747062683105,
      "side_mean": -27.51383399963379
    },
    {
      "high_freq": 1457.5709228515625,
      "loudness": -33.67063522338867,
      "loudness_range": 23.106592178344727,
      "low_freq": 794.6976318359375,
      "mid_mean": -31.444169998168945,
      "mid_to_side_loudness": -5.106341361999512,
      "mid_to_side_loudness_range": 9.655423164367676,
      "side_mean": -36.66643142700195
    },
    {
      "high_freq": 2549.74365234375,
      "loudness": -33.2758674621582,
      "loudness_range": 18.98068618774414,
      "low_freq": 1457.5709228515625,
      "mid_mean": -30.915903091430664,
      "mid_to_side_loudness": -6.503847122192383,
      "mid_to_side_loudness_range": 12.202850341796875,
      "side_mean": -37.55659484863281
    },
    {
      "high_freq": 4349.24462890625,
      "loudness": -36.06582260131836,
      "loudness_range": 17.248790740966797,
      "low_freq": 2549.74365234375,
      "mid_mean": -33.406005859375,
      "mid_to_side_loudness": -7.275429725646973,
      "mid_to_side_loudness_range": 12.800718307495117,
      "side_mean": -40.85401916503906
    },
    {
      "high_freq": 7314.1640625,
      "loudness": -37.75240707397461,
      "loudness_range": 15.870487213134766,
      "low_freq": 4349.24462890625,
      "mid_mean": -34.909610748291016,
      "mid_to_side_loudness": -8.78912353515625,
      "mid_to_side_loudness_range": 14.59504508972168,
      "side_mean": -44.09505844116211
    },
    {
      "high_freq": 12199.2666015625,
      "loudness": -40.77913284301758,
      "loudness_range": 14.418407440185547,
      "low_freq": 7314.1640625,
      "mid_mean": -38.0728874206543,
      "mid_to_side_loudness": -7.941561222076416,
      "mid_to_side_loudness_range": 16.542545318603516,
      "side_mean": -46.687705993652344
    },
    {
      "loudness": -46.91566467285156,
      "loudness_range": 17.254287719726562,
      "low_freq": 12199.2666015625,
      "mid_mean": -44.609989166259766,
      "mid_to_side_loudness": -7.569151878356934,
      "mid_to_side_loudness_range": 18.1115665435791,
      "side_mean": -53.6679573059082
    }
  ],
  "bands_short": [
    {
      "high_freq": 148.1999969482422,
      "loudness": -28.735261917114258,
      "loudness_range": 23.4349308013916,
      "mid_mean": -26.8633975982666,
      "mid_to_side_loudness": -5.120245456695557,
      "mid_to_side_loudness_range": 18.355838775634766,
      "side_mean": -32.77688217163086
    },
    {
      "high_freq": 392.3793640136719,
      "loudness": -20.991519927978516,
      "loudness_range": 10.27873420715332,
      "low_freq": 148.1999969482422,
      "mid_mean": -19.57822608947754,
      "mid_to_side_loudness": -2.65075945854187,
      "mid_to_side_loudness_range": 11.777854919433594,
      "side_mean": -22.340131759643555
    },
    {
      "high_freq": 794.6976318359375,
      "loudness": -24.826072692871094,
      "loudness_range": 18.90106201171875,
      "low_freq": 392.3793640136719,
      "mid_mean": -22.924903869628906,
      "mid_to_side_loudness": -4.679872989654541,
      "mid_to_side_loudness_range": 15.314679145812988,
      "side_mean": -27.901268005371094
    },
    {
      "high_freq": 1457.5709228515625,
      "loudness": -34.26185989379883,
      "loudness_range": 24.5576229095459,
      "low_freq": 794.6976318359375,
      "mid_mean": -32.283607482910156,
      "mid_to_side_loudness": -4.635826587677002,
      "mid_to_side_loudness_range": 12.18449592590332,
      "side_mean": -37.02383041381836
    },
    {
      "high_freq": 2549.74365234375,
      "loudness": -34.50593185424805,
      "loudness_range": 22.628658294677734,
      "low_freq": 1457.5709228515625,
      "mid_mean": -32.37080383300781,
      "mid_to_side_loudness": -5.900628089904785,
      "mid_to_side_loudness_range": 14.51733112335205,
      "side_mean": -38.452571868896484
    },
    {
      "high_freq": 4349.24462890625,
      "loudness": -37.81389236450195,
      "loudness_range": 22.6142578125,
      "low_freq": 2549.74365234375,
      "mid_mean": -35.47712707519531,
      "mid_to_side_loudness": -6.328417778015137,
      "mid_to_side_loudness_range": 14.363353729248047,
      "side_mean": -42.176483154296875
    },
    {
      "high_freq": 7314.1640625,
      "loudness": -40.56266784667969,
      "loudness_range": 23.913516998291016,
      "low_freq": 4349.24462890625,
      "mid_mean": -38.13517761230469,
      "mid_to_side_loudness": -7.437959671020508,
      "mid_to_side_loudness_range": 15.917525291442871,
      "side_mean": -46.386863708496094
    },
    {
      "high_freq": 12199.2666015625,
      "loudness": -45.65635681152344,
      "loudness_range": 26.137981414794922,
      "low_freq": 7314.1640625,
      "mid_mean": -43.30739974975586,
      "mid_to_side_loudness": -6.699256420135498,
      "mid_to_side_loudness_range": 16.326601028442383,
      "side_mean": -52.30392837524414
    },
    {
      "loudness": -54.12900924682617,
      "loudness_range": 28.71123504638672,
      "low_freq": 12199.2666015625,
      "mid_mean": -52.57742691040039,
      "mid_to_side_loudness": -5.347386360168457,
      "mid_to_side_loudness_range": 13.87869930267334,
      "side_mean": -58.42146301269531
    }
  ],
  "bandwidth": 462.19403076171875,
  "channels": 2,
  "covariance": [
    [
      63.62589645385742,
      41.8326416015625,
      -4.106515407562256,
      -0.5905499458312988,
      -1.623137354850769,
      0.21305619180202484,
      11.909326553344727,
      12.491678237915039,
      -0.9730490446090698,
      0.8840306401252747,
      -0.7415904998779297,
      -1.3277957439422607,
      2.564079523086548,
      0.3517334461212158,
      4.709017276763916,
      -1.872857689857483,
      7.233384609222412,
      -1.1055271625518799
    ],
    [
      41.8326416015625,
      55.81633377075195,
      0.09698579460382462,
      8.958879470825195,
      -1.9442265033721924,
      2.182413339614868,
      10.276166915893555,
      13.160544395446777,
      1.392317771911621,
      4.0709075927734375,
      3.864891290664673,
      5.15663480758667,
      5.305876731872559,
      5.0521626472473145,
      7.466034412384033,
      3.7682597637176514,
      7.285968780517578,
      5.045483589172363
    ],
    [
      -4.106515407562256,
      0.09698579460382462,
      15.06171703338623,
      7.296567916870117,
      1.3916441202163696,
      2.2378923892974854,
      1.530694842338562,
      -0.20075319707393646,
      6.4972052574157715,
      3.6301345825195312,
      8.483830451965332,
      5.826204776763916,
      7.080916881561279,
      5.828165054321289,
      5.300968170166016,
      7.5471062660217285,
      8.408220291137695,
      9.806585311889648
    ],
    [
      -0.5905499458312988,
      8.958879470825195,
      7.296567916870117,
      13.3652925491333,
      2.797654628753662,
      5.340816497802734,
      3.0157320499420166,
      4.8872456550598145,
      4.8353071212768555,
      6.569051265716553,
      5.1098151206970215,
      6.556289196014404,
      3.805957078933716,
      5.771979331970215,
      2.241926908493042,
      4.8164753913879395,
      2.8133862018585205,
      7.319346904754639
    ],
    [
      -1.623137354850769,
      -1.9442265033721924,
      1.3916441202163696,
      2.797654628753662,
      45.3416633605957,
      27.20598030090332,
      1.1614694595336914,
      0.3531655967235565,
      29.672592163085938,
      19.584667205810547,
      3.748945713043213,
      4.9066338539123535,
      0.912610650062561,
      4.600967884063721,
      0.9084193706512451,
      4.287973403930664,
      1.8241928815841675,
      3.4029672145843506
    ],
    [
      0.21305619180202484,
      2.182413339614868,
      2.2378923892974854,
      5.340816497802734,
      27.20598030090332,
      28.807546615600586,
      0.47606363892555237,
      1.2043488025665283,
      17.418819427490234,
      15.882049560546875,
      0.5621958374977112,
      5.067507743835449,
      0.290327250957489,
      5.230045795440674,
      0.4668561518192291,
      6.146932125091553,
      4.550512313842773,
      6.038221836090088
    ],
    [
      11.909326553344727,
      10.276166915893555,
      1.530694842338562,
      3.0157320499420166,
      1.1614694595336914,
      0.47606363892555237,
      72.23536682128906,
      59.10760498046875,
      11.421672821044922,
      2.788890838623047,
      29.436601638793945,
      13.833060264587402,
      27.149335861206055,
      9.950209617614746,
      12.82000732421875,
      0.1819952428340912,
      13.820799827575684,
      -0.8742268085479736
    ],
    [
      12.491678237915039,
      13.160544395446777,
      -0.20075319707393646,
      4.8872456550598145,
      0.3531655967235565,
      1.2043488025665283,
      59.10760498046875,
      60.96302032470703,
      5.40243673324585,
      3.595576286315918,
      23.825830459594727,
      15.461973190307617,
      21.942466735839844,
      12.285806655883789,
      9.350711822509766,
      2.2283437252044678,
      10.380309104919434,
      1.6519644260406494
    ],
    [
      -0.9730490446090698,
      1.392317771911621,
      6.4972052574157715,
      4.8353071212768555,
      29.672592163085938,
      17.418819427490234,
      11.421672821044922,
      5.40243673324585,
      54.93521499633789,
      33.082061767578125,
      28.089235305786133,
      21.0095157623291,
      20.429859161376953,
      16.798999786376953,
      11.14587116241455,
      11.635298728942871,
      9.854048728942871,
      15.087531089782715
    ],
    [
      0.8840306401252747,
      4.0709075927734375,
      3.6301345825195312,
      6.569051265716553,
      19.584667205810547,
      15.882049560546875,
      2.788890838623047,
      3.595576286315918,
      33.082061767578125,
      33.190093994140625,
      14.556011199951172,
      21.128093719482422,
      8.936474800109863,
      17.15660858154297,
      4.8485236167907715,
      13.84235668182373,
      6.74342155456543,
      16.17617416381836
    ],
    [
      -0.7415904998779297,
      3.864891290664673,
      8.483830451965332,
      5.1098151206970215,
      3.748945713043213,
      0.5621958374977112,
      29.436601638793945,
      23.825830459594727,
      28.089235305786133,
      14.556011199951172,
      42.744956970214844,
      27.845195770263672,
      34.2585563659668,
      22.174354553222656,
      21.307828903198242,
      18.383493423461914,
      18.613059997558594,
      20.15068817138672
    ],
    [
      -1.3277957439422607,
      5.15663480758667,
      5.826204776763916,
      6.556289196014404,
      4.9066338539123535,
      5.067507743835449,
      13.833060264587402,
      15.461973190307617,
      21.0095157623291,
      21.128093719482422,
      27.845195770263672,
      34.66484069824219,
      20.461952209472656,
      27.5390682220459,
      13.357582092285156,
      24.876522064208984,
      14.421628952026367,
      26.279144287109375
    ],
    [
      2.564079523086548,
      5.305876731872559,
      7.080916881561279,
      3.805957078933716,
      0.912610650062561,
      0.290327250957489,
      27.149335861206055,
      21.942466735839844,
      20.429859161376953,
      8.936474800109863,
      34.2585563659668,
      20.461952209472656,
      39.204063415527344,
      24.28107261657715,
      26.62978172302246,
      23.157642364501953,
      26.25448989868164,
      22.559329986572266
    ],
    [
      0.3517334461212158,
      5.0521626472473145,
      5.828165054321289,
      5.771979331970215,
      4.600967884063721,
      5.230045795440674,
      9.950209617614746,
      12.285806655883789,
      16.798999786376953,
      17.15660858154297,
      22.174354553222656,
      27.5390682220459,
      24.28107261657715,
      35.7944450378418,
      18.127975463867188,
      35.498294830322266,
      21.423948287963867,
      35.56196975708008
    ],
    [
      4.709017276763916,
      7.466034412384033,
      5.300968170166016,
      2.241926908493042,
      0.9084193706512451,
      0.4668561518192291,
      12.82000732421875,
      9.350711822509766,
      11.14587116241455,
      4.8485236167907715,
      21.307828903198242,
      13.357582092285156,
      26.62978172302246,
      18.127975463867188,
      32.72099685668945,
      27.187143325805664,
      33.01732635498047,
      26.60799217224121
    ],
    [
      -1.872857689857483,
      3.7682597637176514,
      7.5471062660217285,
      4.8164753913879395,
      4.287973403930664,
      6.146932125091553,
      0.1819952428340912,
      2.2283437252044678,
      11.635298728942871,
      13.84235668182373,
      18.383493423461914,
      24.876522064208984,
      23.157642364501953,
      35.498294830322266,
      27.187143325805664,
      57.93578338623047,
      33.743587493896484,
      57.65550231933594
    ],
    [
      7.233384609222412,
      7.285968780517578,
      8.408220291137695,
      2.8133862018585205,
      1.8241928815841675,
      4.550512313842773,
      13.820799827575684,
      10.380309104919434,
      9.854048728942871,
      6.74342155456543,
      18.613059997558594,
      14.421628952026367,
      26.25448989868164,
      21.423948287963867,
      33.01732635498047,
      33.743587493896484,
      47.719844818115234,
      35.745018005371094
    ],
    [
      -1.1055271625518799,
      5.045483589172363,
      9.806585311889648,
      7.319346904754639,
      3.4029672145843506,
      6.038221836090088,
      -0.8742268085479736,
      1.6519644260406494,
      15.087531089782715,
      16.17617416381836,
      20.15068817138672,
      26.279144287109375,
      22.559329986572266,
      35.56196975708008,
      26.60799217224121,
      57.65550231933594,
      35.745018005371094,
      77.85299682617188
    ]
  ],
  "covariance_short": [
    [
      77.56560516357422,
      45.83537673950195,
      3.069232225418091,
      4.173861026763916,
      -2.789562702178955,
      -0.7450038194656372,
      8.070527076721191,
      10.477219581604004,
      -3.3616840839385986,
      -0.32211834192276,
      1.528058648109436,
      -1.5911978483200073,
      8.470932960510254,
      2.5135488510131836,
      13.440814971923828,
      2.6024160385131836,
      13.689352035522461,
      0.9786101579666138
    ],
    [
      45.83537673950195,
      65.21556091308594,
      5.052822589874268,
      12.879220008850098,
      -3.579637289047241,
      1.9914597272872925,
      6.632880687713623,
      8.92856502532959,
      -1.446132779121399,
      2.565361261367798,
      4.681196212768555,
      3.8413655757904053,
      9.378113746643066,
      6.437765598297119,
      15.158082008361816,
      9.79342269897461,
      14.293843269348145,
      3.9443206787109375
    ],
    [
      3.069232225418091,
      5.052822589874268,
      21.05397605895996,
      10.103424072265625,
      2.2004716396331787,
      2.2910430431365967,
      2.938835620880127,
      0.6834294199943542,
      10.243364334106445,
      5.904537200927734,
      12.020136833190918,
      10.02701473236084,
      11.126188278198242,
      11.423714637756348,
      11.675521850585938,
      14.999183654785156,
      18.46637725830078,
      11.36827564239502
    ],
    [
      4.173861026763916,
      12.879220008850098,
      10.103424072265625,
      18.752519607543945,
      2.5607268810272217,
      5.5796380043029785,
      4.606772422790527,
      5.6372246742248535,
      7.090806007385254,
      8.45859432220459,
      8.213388442993164,
      10.148226737976074,
      8.315963745117188,
      11.428674697875977,
      8.619124412536621,
      14.250666618347168,
      12.488571166992188,
      8.629055976867676
    ],
    [
      -2.789562702178955,
      -3.579637289047241,
      2.2004716396331787,
      2.5607268810272217,
      56.52759552001953,
      31.106473922729492,
      4.686821460723877,
      0.8141006827354431,
      35.977638244628906,
      21.952411651611328,
      9.405070304870605,
      6.889720916748047,
      7.6939568519592285,
      6.648138046264648,
      9.060601234436035,
      7.071103572845459,
      2.77083683013916,
      5.91008186340332
    ],
    [
      -0.7450038194656372,
      1.9914597272872925,
      2.2910430431365967,
      5.5796380043029785,
      31.106473922729492,
      35.271881103515625,
      1.5083608627319336,
      1.154571771621704,
      19.549890518188477,
      16.678144454956055,
      1.5724650621414185,
      5.078893661499023,
      1.6196064949035645,
      6.529750347137451,
      2.9518120288848877,
      7.745221138000488,
      2.1829683780670166,
      5.302967071533203
    ],
    [
      8.070527076721191,
      6.632880687713623,
      2.938835620880127,
      4.606772422790527,
      4.686821460723877,
      1.5083608627319336,
      81.7552490234375,
      61.11404037475586,
      21.336153030395508,
      6.539566516876221,
      43.83631134033203,
      21.318431854248047,
      47.8802490234375,
      21.101240158081055,
      33.665252685546875,
      9.193986892700195,
      27.066720962524414,
      2.975562334060669
    ],
    [
      10.477219581604004,
      8.92856502532959,
      0.6834294199943542,
      5.6372246742248535,
      0.8141006827354431,
      1.154571771621704,
      61.11404037475586,
      63.19975280761719,
      8.671591758728027,
      5.003120422363281,
      30.0387020111084,
      18.214506149291992,
      35.67369079589844,
      19.237133026123047,
      23.062746047973633,
      9.272217750549316,
      19.256135940551758,
      2.814795732498169
    ],
    [
      -3.3616840839385986,
      -1.446132779121399,
      10.243364334106445,
      7.090806007385254,
      35.977638244628906,
      19.549890518188477,
      21.336153030395508,
      8.671591758728027,
      73.44206237792969,
      40.91603469848633,
      44.95011901855469,
      31.16631507873535,
      40.82350158691406,
      30.255517959594727,
      31.93967056274414,
      26.715009689331055,
      25.385883331298828,
      19.978742599487305
    ],
    [
      -0.32211834192276,
      2.565361261367798,
      5.904537200927734,
      8.45859432220459,
      21.952411651611328,
      16.678144454956055,
      6.539566516876221,
      5.003120422363281,
      40.91603469848633,
      41.4710693359375,
      22.604833602905273,
      27.662578582763672,
      20.320581436157227,
      27.935380935668945,
      18.3443603515625,
      28.87916374206543,
      17.638092041015625,
      21.29913902282715
    ],
    [
      1.528058648109436,
      4.681196212768555,
      12.020136833190918,
      8.213388442993164,
      9.405070304870605,
      1.5724650621414185,
      43.83631134033203,
      30.0387020111084,
      44.95011901855469,
      22.604833602905273,
      70.72347259521484,
      42.53403091430664,
      63.66273880004883,
      40.72366714477539,
      51.52545928955078,
      35.55802536010742,
      43.753604888916016,
      26.44953727722168
    ],
    [
      -1.5911978483200073,
      3.8413655757904053,
      10.02701473236084,
      10.148226737976074,
      6.889720916748047,
      5.078893661499023,
      21.318431854248047,
      18.214506149291992,
      31.16631507873535,
      27.662578582763672,
      42.53403091430664,
      48.05952835083008,
      38.163780212402344,
      43.921852111816406,
      32.888038635253906,
      43.991973876953125,
      33.64651870727539,
      32.96684646606445
    ],
    [
      8.470932960510254,
      9.378113746643066,
      11.126188278198242,
      8.315963745117188,
      7.6939568519592285,
      1.6196064949035645,
      47.8802490234375,
      35.67369079589844,
      40.82350158691406,
      20.320581436157227,
      63.66273880004883,
      38.163780212402344,
      80.16089630126953,
      46.67510986328125,
      64.2254638671875,
      42.088748931884766,
      57.96841049194336,
      33.041168212890625
    ],
    [
      2.5135488510131836,
      6.437765598297119,
      11.423714637756348,
      11.428674697875977,
      6.648138046264648,
      6.529750347137451,
      21.101240158081055,
      19.237133026123047,
      30.255517959594727,
      27.935380935668945,
      40.72366714477539,
      43.921852111816406,
      46.67510986328125,
      58.82341003417969,
      42.21489334106445,
      58.727943420410156,
      44.815879821777344,
      46.696617126464844
    ],
    [
      13.440814971923828,
      15.158082008361816,
      11.675521850585938,
      8.619124412536621,
      9.060601234436035,
      2.9518120288848877,
      33.665252685546875,
      23.062746047973633,
      31.93967056274414,
      18.3443603515625,
      51.52545928955078,
      32.888038635253906,
      64.2254638671875,
      42.21489334106445,
      78.60684204101562,
      51.33446502685547,
      71.73526763916016,
      43.997840881347656
    ],
    [
      2.6024160385131836,
      9.79342269897461,
      14.999183654785156,
      14.250666618347168,
      7.071103572845459,
      7.745221138000488,
      9.193986892700195,
      9.272217750549316,
      26.715009689331055,
      28.87916374206543,
      35.55802536010742,
      43.991973876953125,
      42.088748931884766,
      58.727943420410156,
      51.33446502685547,
      97.65272521972656,
      70.98987579345703,
      80.33232879638672
    ],
    [
      13.689352035522461,
      14.293843269348145,
      18.46637725830078,
      12.488571166992188,
      2.77083683013916,
      2.1829683780670166,
      27.066720962524414,
      19.256135940551758,
      25.385883331298828,
      17.638092041015625,
      43.753604888916016,
      33.64651870727539,
      57.96841049194336,
      44.815879821777344,
      71.73526763916016,
      70.98987579345703,
      97.20582580566406,
      63.17783737182617
    ],
    [
      0.9786101579666138,
      3.9443206787109375,
      11.36827564239502,
      8.629055976867676,
      5.91008186340332,
      5.302967071533203,
      2.975562334060669,
      2.814795732498169,
      19.978742599487305,
      21.29913902282715,
      26.44953727722168,
      32.96684646606445,
      33.041168212890625,
      46.696617126464844,
      43.997840881347656,
      80.33232879638672,
      63.17783737182617,
      79.52454376220703
    ]
  ],
  "damage": -6.558674335479736,
  "diff_bandwidth": 454.58026123046875,
  "dissonance": 5.078867125261325,
  "drr": 5.651156425476074,
  "dynamics": 2.484421491622925,
  "format": 1245190,
  "frames": 5568448,
  "loudness": -12.714271545410156,
  "loudness_range": 5.687049865722656,
  "loudness_range_short": 7.749497413635254,
  "lowpass_true_peak_15khz": 0.08184359967708588,
  "mastering3_acoustic_entropies": [
    {
      "acoustic_entropy": 9.58706283569336,
      "acoustic_entropy_mono": 9.78701400756836,
      "band_eliminated_acoustic_entropies": [
        {
          "acoustic_entropy": 9.59531307220459,
          "acoustic_entropy_side": 9.57978343963623,
          "hz": 129.47220167065723
        },
        {
          "acoustic_entropy": 9.438228607177734,
          "acoustic_entropy_side": 9.740250587463379,
          "hz": 202.92927478742237
        },
        {
          "acoustic_entropy": 10.409040451049805,
          "acoustic_entropy_side": 10.361787796020508,
          "hz": 282.89161906338205
        },
        {
          "acoustic_entropy": 9.444868087768555,
          "acoustic_entropy_side": 9.917895317077637,
          "hz": 369.9353335868758
        },
        {
          "acoustic_entropy": 9.618959426879883,
          "acoustic_entropy_side": 9.77624225616455,
          "hz": 464.6875360973435
        },
        {
          "acoustic_entropy": 9.472935676574707,
          "acoustic_entropy_side": 9.541961669921875,
          "hz": 567.8308811364784
        },
        {
          "acoustic_entropy": 9.99576473236084,
          "acoustic_entropy_side": 9.838722229003906,
          "hz": 680.1084783214808
        },
        {
          "acoustic_entropy": 8.720683097839355,
          "acoustic_entropy_side": 9.46036434173584,
          "hz": 802.3292461747484
        },
        {
          "acoustic_entropy": 9.36756420135498,
          "acoustic_entropy_side": 9.536710739135742,
          "hz": 935.3737400823702
        },
        {
          "acoustic_entropy": 8.519457817077637,
          "acoustic_entropy_side": 9.449212074279785,
          "hz": 1080.2004963696966
        },
        {
          "acoustic_entropy": 9.495057106018066,
          "acoustic_entropy_side": 9.596424102783203,
          "hz": 1237.8529382007157
        },
        {
          "acoustic_entropy": 9.717005729675293,
          "acoustic_entropy_side": 9.598756790161133,
          "hz": 1409.4668930556702
        },
        {
          "acoustic_entropy": 9.618146896362305,
          "acoustic_entropy_side": 9.588773727416992,
          "hz": 1596.2787759475705
        },
        {
          "acoustic_entropy": 9.856477737426758,
          "acoustic_entropy_side": 9.585834503173828,
          "hz": 1799.6344973346393
        },
        {
          "acoustic_entropy": 9.850259780883789,
          "acoustic_entropy_side": 9.608589172363281,
          "hz": 2020.9991599069049
        },
        {
          "acoustic_entropy": 9.630953788757324,
          "acoustic_entropy_side": 9.602738380432129,
          "hz": 2261.9676141086993
        },
        {
          "acoustic_entropy": 9.161123275756836,
          "acoustic_entropy_side": 9.528087615966797,
          "hz": 2524.2759484456974
        },
        {
          "acoustic_entropy": 9.405909538269043,
          "acoustic_entropy_side": 9.560418128967285,
          "hz": 2809.813997359896
        },
        {
          "acoustic_entropy": 9.577741622924805,
          "acoustic_entropy_side": 9.582335472106934,
          "hz": 3120.6389567871424
        },
        {
          "acoustic_entropy": 9.576982498168945,
          "acoustic_entropy_side": 9.578704833984375,
          "hz": 3458.990205492291
        },
        {
          "acoustic_entropy": 9.624860763549805,
          "acoustic_entropy_side": 9.62048053741455,
          "hz": 3827.305438964164
        },
        {
          "acoustic_entropy": 9.598145484924316,
          "acoustic_entropy_side": 9.631210327148438,
          "hz": 4228.238232109126
        },
        {
          "acoustic_entropy": 9.487571716308594,
          "acoustic_entropy_side": 9.59110164642334,
          "hz": 4664.6771572759235
        },
        {
          "acoustic_entropy": 9.378443717956543,
          "acoustic_entropy_side": 9.584107398986816,
          "hz": 5139.766595350093
        },
        {
          "acoustic_entropy": 9.517698287963867,
          "acoustic_entropy_side": 9.580999374389648,
          "hz": 5656.929389854203
        },
        {
          "acoustic_entropy": 9.557245254516602,
          "acoustic_entropy_side": 9.582145690917969,
          "hz": 6219.891507268283
        },
        {
          "acoustic_entropy": 9.550959587097168,
          "acoustic_entropy_side": 9.584554672241211,
          "hz": 6832.70888123896
        },
        {
          "acoustic_entropy": 9.57702350616455,
          "acoustic_entropy_side": 9.587218284606934,
          "hz": 7499.796634079867
        },
        {
          "acoustic_entropy": 9.559990882873535,
          "acoustic_entropy_side": 9.586103439331055,
          "hz": 8225.96088609342
        },
        {
          "acoustic_entropy": 9.55883502960205,
          "acoustic_entropy_side": 9.580865859985352,
          "hz": 9016.43338188839
        },
        {
          "acoustic_entropy": 9.598142623901367,
          "acoustic_entropy_side": 9.602224349975586,
          "hz": 9876.909183162974
        },
        {
          "acoustic_entropy": 9.575237274169922,
          "acoustic_entropy_side": 9.599180221557617,
          "hz": 10813.587699516042
        },
        {
          "acoustic_entropy": 9.577024459838867,
          "acoustic_entropy_side": 9.600226402282715,
          "hz": 11833.21735289826
        },
        {
          "acoustic_entropy": 9.579789161682129,
          "acoustic_entropy_side": 9.613252639770508,
          "hz": 12943.144197493959
        },
        {
          "acoustic_entropy": 9.610332489013672,
          "acoustic_entropy_side": 9.621966361999512,
          "hz": 14151.364845322005
        },
        {
          "acoustic_entropy": 9.59116268157959,
          "acoustic_entropy_side": 9.597047805786133,
          "hz": 15466.58407886509
        },
        {
          "acoustic_entropy": 9.586723327636719,
          "acoustic_entropy_side": 9.588340759277344,
          "hz": 16898.27756580493
        },
        {
          "acoustic_entropy": 9.585540771484375,
          "acoustic_entropy_side": 9.586740493774414,
          "hz": 18456.760127700032
        },
        {
          "acoustic_entropy": 9.591023445129395,
          "acoustic_entropy_side": 9.589170455932617,
          "hz": 20153.260054456492
        },
        {
          "acoustic_entropy": 9.587462425231934,
          "acoustic_entropy_side": 9.587267875671387,
          "hz": 22000.00000000001
        }
      ],
      "diff_acoustic_entropy": 4.918980598449707,
      "sn": 6
    },
    {
      "acoustic_entropy": 14.17211627960205,
      "acoustic_entropy_mono": 13.622523307800293,
      "band_eliminated_acoustic_entropies": [
        {
          "acoustic_entropy": 13.440438270568848,
          "acoustic_entropy_side": 14.193894386291504,
          "hz": 129.47220167065723
        },
        {
          "acoustic_entropy": 14.151456832885742,
          "acoustic_entropy_side": 14.4357328414917,
          "hz": 202.92927478742237
        },
        {
          "acoustic_entropy": 14.910794258117676,
          "acoustic_entropy_side": 14.226424217224121,
          "hz": 282.89161906338205
        },
        {
          "acoustic_entropy": 14.719025611877441,
          "acoustic_entropy_side": 14.623991012573242,
          "hz": 369.9353335868758
        },
        {
          "acoustic_entropy": 14.049880981445312,
          "acoustic_entropy_side": 14.079036712646484,
          "hz": 464.6875360973435
        },
        {
          "acoustic_entropy": 14.494718551635742,
          "acoustic_entropy_side": 14.406610488891602,
          "hz": 567.8308811364784
        },
        {
          "acoustic_entropy": 14.19229507446289,
          "acoustic_entropy_side": 14.410926818847656,
          "hz": 680.1084783214808
        },
        {
          "acoustic_entropy": 13.780729293823242,
          "acoustic_entropy_side": 14.05042839050293,
          "hz": 802.3292461747484
        },
        {
          "acoustic_entropy": 14.610941886901855,
          "acoustic_entropy_side": 14.465856552124023,
          "hz": 935.3737400823702
        },
        {
          "acoustic_entropy": 14.7774019241333,
          "acoustic_entropy_side": 14.100163459777832,
          "hz": 1080.2004963696966
        },
        {
          "acoustic_entropy": 14.678247451782227,
          "acoustic_entropy_side": 14.274999618530273,
          "hz": 1237.8529382007157
        },
        {
          "acoustic_entropy": 14.318817138671875,
          "acoustic_entropy_side": 14.167962074279785,
          "hz": 1409.4668930556702
        },
        {
          "acoustic_entropy": 14.40339469909668,
          "acoustic_entropy_side": 14.16299057006836,
          "hz": 1596.2787759475705
        },
        {
          "acoustic_entropy": 14.224400520324707,
          "acoustic_entropy_side": 14.145406723022461,
          "hz": 1799.6344973346393
        },
        {
          "acoustic_entropy": 14.36788558959961,
          "acoustic_entropy_side": 14.202595710754395,
          "hz": 2020.9991599069049
        },
        {
          "acoustic_entropy": 14.136635780334473,
          "acoustic_entropy_side": 14.225115776062012,
          "hz": 2261.9676141086993
        },
        {
          "acoustic_entropy": 13.896699905395508,
          "acoustic_entropy_side": 14.086735725402832,
          "hz": 2524.2759484456974
        },
        {
          "acoustic_entropy": 14.593122482299805,
          "acoustic_entropy_side": 14.193955421447754,
          "hz": 2809.813997359896
        },
        {
          "acoustic_entropy": 14.516822814941406,
          "acoustic_entropy_side": 14.0963134765625,
          "hz": 3120.6389567871424
        },
        {
          "acoustic_entropy": 14.10908317565918,
          "acoustic_entropy_side": 14.150686264038086,
          "hz": 3458.990205492291
        },
        {
          "acoustic_entropy": 14.118433952331543,
          "acoustic_entropy_side": 14.172403335571289,
          "hz": 3827.305438964164
        },
        {
          "acoustic_entropy": 14.413119316101074,
          "acoustic_entropy_side": 14.269145011901855,
          "hz": 4228.238232109126
        },
        {
          "acoustic_entropy": 14.29384708404541,
          "acoustic_entropy_side": 14.264732360839844,
          "hz": 4664.6771572759235
        },
        {
          "acoustic_entropy": 14.097132682800293,
          "acoustic_entropy_side": 14.212472915649414,
          "hz": 5139.766595350093
        },
        {
          "acoustic_entropy": 14.141606330871582,
          "acoustic_entropy_side": 14.179123878479004,
          "hz": 5656.929389854203
        },
        {
          "acoustic_entropy": 14.199606895446777,
          "acoustic_entropy_side": 14.164191246032715,
          "hz": 6219.891507268283
        },
        {
          "acoustic_entropy": 14.11721134185791,
          "acoustic_entropy_side": 14.153865814208984,
          "hz": 6832.70888123896
        },
        {
          "acoustic_entropy": 14.03483772277832,
          "acoustic_entropy_side": 14.098977088928223,
          "hz": 7499.796634079867
        },
        {
          "acoustic_entropy": 13.944232940673828,
          "acoustic_entropy_side": 14.068070411682129,
          "hz": 8225.96088609342
        },
        {
          "acoustic_entropy": 13.993901252746582,
          "acoustic_entropy_side": 14.101704597473145,
          "hz": 9016.43338188839
        },
        {
          "acoustic_entropy": 14.083564758300781,
          "acoustic_entropy_side": 14.176077842712402,
          "hz": 9876.909183162974
        },
        {
          "acoustic_entropy": 14.107473373413086,
          "acoustic_entropy_side": 14.175895690917969,
          "hz": 10813.587699516042
        },
        {
          "acoustic_entropy": 14.09757137298584,
          "acoustic_entropy_side": 14.204519271850586,
          "hz": 11833.21735289826
        },
        {
          "acoustic_entropy": 13.989361763000488,
          "acoustic_entropy_side": 14.177657127380371,
          "hz": 12943.144197493959
        },
        {
          "acoustic_entropy": 14.06951904296875,
          "acoustic_entropy_side": 14.21817398071289,
          "hz": 14151.364845322005
        },
        {
          "acoustic_entropy": 14.07786750793457,
          "acoustic_entropy_side": 14.165777206420898,
          "hz": 15466.58407886509
        },
        {
          "acoustic_entropy": 14.160087585449219,
          "acoustic_entropy_side": 14.178610801696777,
          "hz": 16898.27756580493
        },
        {
          "acoustic_entropy": 14.153404235839844,
          "acoustic_entropy_side": 14.16801643371582,
          "hz": 18456.760127700032
        },
        {
          "acoustic_entropy": 14.218852043151855,
          "acoustic_entropy_side": 14.196605682373047,
          "hz": 20153.260054456492
        },
        {
          "acoustic_entropy": 14.176034927368164,
          "acoustic_entropy_side": 14.174105644226074,
          "hz": 22000.00000000001
        }
      ],
      "diff_acoustic_entropy": 8.663732528686523,
      "sn": 12
    },
    {
      "acoustic_entropy": 21.145586013793945,
      "acoustic_entropy_mono": 19.927953720092773,
      "band_eliminated_acoustic_entropies": [
        {
          "acoustic_entropy": 20.814287185668945,
          "acoustic_entropy_side": 22.184932708740234,
          "hz": 129.47220167065723
        },
        {
          "acoustic_entropy": 22.429035186767578,
          "acoustic_entropy_side": 22.037010192871094,
          "hz": 202.92927478742237
        },
        {
          "acoustic_entropy": 22.686203002929688,
          "acoustic_entropy_side": 22.684667587280273,
          "hz": 282.89161906338205
        },
        {
          "acoustic_entropy": 23.360267639160156,
          "acoustic_entropy_side": 22.37839126586914,
          "hz": 369.9353335868758
        },
        {
          "acoustic_entropy": 21.15077781677246,
          "acoustic_entropy_side": 21.547775268554688,
          "hz": 464.6875360973435
        },
        {
          "acoustic_entropy": 21.777158737182617,
          "acoustic_entropy_side": 21.239669799804688,
          "hz": 567.8308811364784
        },
        {
          "acoustic_entropy": 22.808279037475586,
          "acoustic_entropy_side": 21.971729278564453,
          "hz": 680.1084783214808
        },
        {
          "acoustic_entropy": 21.97893714904785,
          "acoustic_entropy_side": 21.484710693359375,
          "hz": 802.3292461747484
        },
        {
          "acoustic_entropy": 21.72037124633789,
          "acoustic_entropy_side": 21.71597671508789,
          "hz": 935.3737400823702
        },
        {
          "acoustic_entropy": 21.442415237426758,
          "acoustic_entropy_side": 21.19329833984375,
          "hz": 1080.2004963696966
        },
        {
          "acoustic_entropy": 21.754758834838867,
          "acoustic_entropy_side": 21.319190979003906,
          "hz": 1237.8529382007157
        },
        {
          "acoustic_entropy": 22.304105758666992,
          "acoustic_entropy_side": 21.825332641601562,
          "hz": 1409.4668930556702
        },
        {
          "acoustic_entropy": 21.68436050415039,
          "acoustic_entropy_side": 22.052942276000977,
          "hz": 1596.2787759475705
        },
        {
          "acoustic_entropy": 21.35439682006836,
          "acoustic_entropy_side": 21.537418365478516,
          "hz": 1799.6344973346393
        },
        {
          "acoustic_entropy": 22.537904739379883,
          "acoustic_entropy_side": 22.29931640625,
          "hz": 2020.9991599069049
        },
        {
          "acoustic_entropy": 21.542678833007812,
          "acoustic_entropy_side": 22.215805053710938,
          "hz": 2261.9676141086993
        },
        {
          "acoustic_entropy": 22.01383399963379,
          "acoustic_entropy_side": 21.910507202148438,
          "hz": 2524.2759484456974
        },
        {
          "acoustic_entropy": 21.544721603393555,
          "acoustic_entropy_side": 21.626802444458008,
          "hz": 2809.813997359896
        },
        {
          "acoustic_entropy": 21.74498176574707,
