{
  "acoustic_entropy": 188.26416015625,
  "bands": [
    {
      "high_freq": 148.1999969482422,
      "loudness": -39.96163558959961,
      "loudness_range": 15.289806365966797,
      "mid_mean": -37.06858825683594,
      "mid_to_side_loudness": -8.490500450134277,
      "mid_to_side_loudness_range": 12.056205749511719,
      "side_mean": -45.69337463378906
    },
    {
      "high_freq": 392.3793640136719,
      "loudness": -25.631628036499023,
      "loudness_range": 13.419788360595703,
      "low_freq": 148.1999969482422,
      "mid_mean": -22.623472213745117,
      "mid_to_side_loudness": -11.03074836730957,
      "mid_to_side_loudness_range": 16.49269676208496,
      "side_mean": -33.54930877685547
    },
    {
      "high_freq": 794.6976318359375,
      "loudness": -26.918659210205078,
      "loudness_range": 14.04513931274414,
      "low_freq": 392.3793640136719,
      "mid_mean": -24.935577392578125,
      "mid_to_side_loudness": -5.704789638519287,
      "mid_to_side_loudness_range": 16.70113182067871,
      "side_mean": -30.599401473999023
    },
    {
      "high_freq": 1457.5709228515625,
      "loudness": -32.307456970214844,
      "loudness_range": 25.825637817382812,
      "low_freq": 794.6976318359375,
      "mid_mean": -29.129146575927734,
      "mid_to_side_loudness": -13.439764976501465,
      "mid_to_side_loudness_range": 20.956449508666992,
      "side_mean": -42.734474182128906
    },
    {
      "high_freq": 2549.74365234375,
      "loudness": -33.21107482910156,
      "loudness_range": 22.21405029296875,
      "low_freq": 1457.5709228515625,
      "mid_mean": -30.09929656982422,
      "mid_to_side_loudness": -12.592877388000488,
      "mid_to_side_loudness_range": 18.832202911376953,
      "side_mean": -42.81111145019531
    },
    {
      "high_freq": 4349.24462890625,
      "loudness": -33.69106674194336,
      "loudness_range": 23.250791549682617,
      "low_freq": 2549.74365234375,
      "mid_mean": -30.434659957885742,
      "mid_to_side_loudness": -13.855361938476562,
      "mid_to_side_loudness_range": 18.011659622192383,
      "side_mean": -44.471702575683594
    },
    {
      "high_freq": 7314.1640625,
      "loudness": -39.83108139038086,
      "loudness_range": 14.64254379272461,
      "low_freq": 4349.24462890625,
      "mid_mean": -36.51033020019531,
      "mid_to_side_loudness": -12.201492309570312,
      "mid_to_side_loudness_range": 9.992584228515625,
      "side_mean": -49.4813232421875
    },
    {
      "high_freq": 12199.2666015625,
      "loudness": -43.26353454589844,
      "loudness_range": 19.461505889892578,
      "low_freq": 7314.1640625,
      "mid_mean": -40.75691604614258,
      "mid_to_side_loudness": -6.740469932556152,
      "mid_to_side_loudness_range": 12.226789474487305,
      "side_mean": -47.91300582885742
    },
    {
      "loudness": -52.58342361450195,
      "loudness_range": 13.18703842163086,
      "low_freq": 12199.2666015625,
      "mid_mean": -51.63776397705078,
      "mid_to_side_loudness": -1.699728012084961,
      "mid_to_side_loudness_range": 2.3401856422424316,
      "side_mean": -53.23905563354492
    }
  ],
  "bands_short": [
    {
      "high_freq": 148.1999969482422,
      "loudness": -43.81483840942383,
      "loudness_range": 22.011043548583984,
      "mid_mean": -41.24959182739258,
      "mid_to_side_loudness": -7.584717273712158,
      "mid_to_side_loudness_range": 14.924015998840332,
      "side_mean": -49.2705192565918
    },
    {
      "high_freq": 392.3793640136719,
      "loudness": -27.28853416442871,
      "loudness_range": 17.57672882080078,
      "low_freq": 148.1999969482422,
      "mid_mean": -24.447996139526367,
      "mid_to_side_loudness": -10.523242950439453,
      "mid_to_side_loudness_range": 19.105918884277344,
      "side_mean": -34.767578125
    },
    {
      "high_freq": 794.6976318359375,
      "loudness": -27.471126556396484,
      "loudness_range": 17.491422653198242,
      "low_freq": 392.3793640136719,
      "mid_mean": -25.64674186706543,
      "mid_to_side_loudness": -5.716236114501953,
      "mid_to_side_loudness_range": 19.331531524658203,
      "side_mean": -31.52912139892578
    },
    {
      "high_freq": 1457.5709228515625,
      "loudness": -33.69635772705078,
      "loudness_range": 28.547828674316406,
      "low_freq": 794.6976318359375,
      "mid_mean": -30.693172454833984,
      "mid_to_side_loudness": -12.841771125793457,
      "mid_to_side_loudness_range": 23.518945693969727,
      "side_mean": -43.75190734863281
    },
    {
      "high_freq": 2549.74365234375,
      "loudness": -34.95355224609375,
      "loudness_range": 25.30892562866211,
      "low_freq": 1457.5709228515625,
      "mid_mean": -31.900650024414062,
      "mid_to_side_loudness": -12.70705795288086,
      "mid_to_side_loudness_range": 20.771255493164062,
      "side_mean": -44.671104431152344
    },
    {
      "high_freq": 4349.24462890625,
      "loudness": -35.69883728027344,
      "loudness_range": 27.75289535522461,
      "low_freq": 2549.74365234375,
      "mid_mean": -32.533172607421875,
      "mid_to_side_loudness": -13.57091236114502,
      "mid_to_side_loudness_range": 19.968406677246094,
      "side_mean": -46.35280990600586
    },
    {
      "high_freq": 7314.1640625,
      "loudness": -42.401771545410156,
      "loudness_range": 20.11039161682129,
      "low_freq": 4349.24462890625,
      "mid_mean": -39.24211120605469,
      "mid_to_side_loudness": -11.18167495727539,
      "mid_to_side_loudness_range": 13.912710189819336,
      "side_mean": -51.293025970458984
    },
    {
      "high_freq": 12199.2666015625,
      "loudness": -46.32491683959961,
      "loudness_range": 21.51593017578125,
      "low_freq": 7314.1640625,
      "mid_mean": -44.07027816772461,
      "mid_to_side_loudness": -6.231904983520508,
      "mid_to_side_loudness_range": 13.953341484069824,
      "side_mean": -51.12269592285156
    },
    {
      "loudness": -56.343101501464844,
      "loudness_range": 23.517589569091797,
      "low_freq": 12199.2666015625,
      "mid_mean": -54.67131423950195,
      "mid_to_side_loudness": -1.8731083869934082,
      "mid_to_side_loudness_range": 3.6974966526031494,
      "side_mean": -56.358768463134766
    }
  ],
  "bandwidth": 801.432861328125,
  "channels": 2,
  "covariance": [
    [
      34.37692642211914,
      26.545604705810547,
      8.281524658203125,
      10.946653366088867,
      6.737236499786377,
      9.400426864624023,
      9.204622268676758,
      6.956215858459473,
      9.944255828857422,
      12.34568977355957,
      8.64395809173584,
      12.392997741699219,
      10.129120826721191,
      14.044572830200195,
      10.8048095703125,
      14.915324211120605,
      14.946697235107422,
      15.619813919067383
    ],
    [
      26.545604705810547,
      38.914249420166016,
      9.310379028320312,
      12.123577117919922,
      9.316095352172852,
      8.382766723632812,
      14.479063034057617,
      6.815095901489258,
      15.191858291625977,
      12.288896560668945,
      14.977014541625977,
      13.246381759643555,
      10.141447067260742,
      17.342243194580078,
      11.652469635009766,
      15.913322448730469,
      15.332281112670898,
      15.24479866027832
    ],
    [
      8.281524658203125,
      9.310379028320312,
      28.384355545043945,
      8.641514778137207,
      17.94779396057129,
      3.8385777473449707,
      14.940777778625488,
      1.9500411748886108,
      20.61582374572754,
      7.930121898651123,
      24.539445877075195,
      10.93587589263916,
      9.512978553771973,
      8.892248153686523,
      11.588421821594238,
      7.187188148498535,
      6.854032039642334,
      5.5990447998046875
    ],
    [
      10.946653366088867,
      12.123577117919922,
      8.641514778137207,
      22.91417694091797,
      6.803223609924316,
      11.342418670654297,
      12.31798267364502,
      14.605052947998047,
      13.629103660583496,
      19.022377014160156,
      9.385743141174316,
      19.50400733947754,
      10.56379222869873,
      16.55280303955078,
      9.97258186340332,
      12.397025108337402,
      11.41455078125,
      12.067109107971191
    ],
    [
      6.737236499786377,
      9.316095352172852,
      17.94779396057129,
      6.803223609924316,
      38.603607177734375,
      12.344659805297852,
      34.753211975097656,
      16.065771102905273,
      25.691049575805664,
      9.038555145263672,
      30.455217361450195,
      14.620914459228516,
      8.486360549926758,
      11.725239753723145,
      9.59435749053955,
      9.094480514526367,
      7.0104241371154785,
      6.858421802520752
    ],
    [
      9.400426864624023,
      8.382766723632812,
      3.8385777473449707,
      11.342418670654297,
      12.344659805297852,
      24.975248336791992,
      10.080989837646484,
      21.928117752075195,
      9.178667068481445,
      14.572943687438965,
      6.0423173904418945,
      15.176833152770996,
      8.417863845825195,
      15.89332103729248,
      6.828122615814209,
      13.810399055480957,
      12.313196182250977,
      12.658541679382324
    ],
    [
      9.204622268676758,
      14.479063034057617,
      14.940777778625488,
      12.31798267364502,
      34.753211975097656,
      10.080989837646484,
      75.97687530517578,
      30.050861358642578,
      39.464073181152344,
      15.175162315368652,
      45.034820556640625,
      25.647096633911133,
      11.951449394226074,
      14.692178726196289,
      16.096755981445312,
      10.074026107788086,
      7.232150077819824,
      7.8086442947387695
    ],
    [
      6.956215858459473,
      6.815095901489258,
      1.9500411748886108,
      14.605052947998047,
      16.065771102905273,
      21.928117752075195,
      30.050861358642578,
      42.47341537475586,
      19.466659545898438,
      17.835002899169922,
      18.187808990478516,
      23.858903884887695,
      10.042380332946777,
      15.204164505004883,
      9.407075881958008,
      11.975017547607422,
      9.706361770629883,
      10.548455238342285
    ],
    [
      9.944255828857422,
      15.191858291625977,
      20.61582374572754,
      13.629103660583496,
      25.691049575805664,
      9.178667068481445,
      39.464073181152344,
      19.466659545898438,
      62.10025405883789,
      17.913209915161133,
      52.986026763916016,
      25.393627166748047,
      18.02964973449707,
      17.558168411254883,
      20.276424407958984,
      12.139404296875,
      10.298057556152344,
      8.985867500305176
    ],
    [
      12.34568977355957,
      12.288896560668945,
      7.930121898651123,
      19.022377014160156,
      9.038555145263672,
      14.572943687438965,
      15.175162315368652,
      17.835002899169922,
      17.913209915161133,
      23.945178985595703,
      12.225621223449707,
      22.655216217041016,
      11.63038444519043,
      17.50702667236328,
      11.006301879882812,
      14.020270347595215,
      12.808839797973633,
      13.509621620178223
    ],
    [
      8.64395809173584,
      14.977014541625977,
      24.539445877075195,
      9.385743141174316,
      30.455217361450195,
      6.0423173904418945,
      45.034820556640625,
      18.187808990478516,
      52.986026763916016,
      12.225621223449707,
      66.56827545166016,
      25.939346313476562,
      22.32049560546875,
      15.777709007263184,
      26.025955200195312,
      9.80695629119873,
      8.510947227478027,
      5.364023208618164
    ],
    [
      12.392997741699219,
      13.246381759643555,
      10.93587589263916,
      19.50400733947754,
      14.620914459228516,
      15.176833152770996,
      25.647096633911133,
      23.858903884887695,
      25.393627166748047,
      22.655216217041016,
      25.939346313476562,
      29.948673248291016,
      15.77426815032959,
      20.131488800048828,
      15.439658164978027,
      14.485547065734863,
      12.856330871582031,
      12.676690101623535
    ],
    [
      10.129120826721191,
      10.141447067260742,
      9.512978553771973,
      10.56379222869873,
      8.486360549926758,
      8.417863845825195,
      11.951449394226074,
      10.042380332946777,
      18.02964973449707,
      11.63038444519043,
      22.32049560546875,
      15.77426815032959,
      29.577314376831055,
      19.920108795166016,
      31.156539916992188,
      16.23028564453125,
      17.904664993286133,
      11.978687286376953
    ],
    [
      14.044572830200195,
      17.342243194580078,
      8.892248153686523,
      16.55280303955078,
      11.725239753723145,
      15.89332103729248,
      14.692178726196289,
      15.204164505004883,
      17.558168411254883,
      17.50702667236328,
      15.777709007263184,
      20.131488800048828,
      19.920108795166016,
      34.99313735961914,
      20.338150024414062,
      24.44692039489746,
      28.423521041870117,
      25.850000381469727
    ],
    [
      10.8048095703125,
      11.652469635009766,
      11.588421821594238,
      9.97258186340332,
      9.59435749053955,
      6.828122615814209,
      16.096755981445312,
      9.407075881958008,
      20.276424407958984,
      11.006301879882812,
      26.025955200195312,
      15.439658164978027,
      31.156539916992188,
      20.338150024414062,
      43.08779525756836,
      20.299283981323242,
      21.98960304260254,
      13.215566635131836
    ],
    [
      14.915324211120605,
      15.913322448730469,
      7.187188148498535,
      12.397025108337402,
      9.094480514526367,
      13.810399055480957,
      10.074026107788086,
      11.975017547607422,
      12.139404296875,
      14.020270347595215,
      9.80695629119873,
      14.485547065734863,
      16.23028564453125,
      24.44692039489746,
      20.299283981323242,
      27.5991268157959,
      24.396846771240234,
      22.641740798950195
    ],
    [
      14.946697235107422,
      15.332281112670898,
      6.854032039642334,
      11.41455078125,
      7.0104241371154785,
      12.313196182250977,
      7.232150077819824,
      9.706361770629883,
      10.298057556152344,
      12.808839797973633,
      8.510947227478027,
      12.856330871582031,
      17.904664993286133,
      28.423521041870117,
      21.98960304260254,
      24.396846771240234,
      35.56696701049805,
      31.708919525146484
    ],
    [
      15.619813919067383,
      15.24479866027832,
      5.5990447998046875,
      12.067109107971191,
      6.858421802520752,
      12.658541679382324,
      7.8086442947387695,
      10.548455238342285,
      8.985867500305176,
      13.509621620178223,
      5.364023208618164,
      12.676690101623535,
      11.978687286376953,
      25.850000381469727,
      13.215566635131836,
      22.641740798950195,
      31.708919525146484,
      31.6065616607666
    ]
  ],
  "covariance_short": [
    [
      66.5125503540039,
      53.182647705078125,
      12.953057289123535,
      14.350261688232422,
      10.604757308959961,
      14.789295196533203,
      10.268839836120605,
      10.126228332519531,
      13.061426162719727,
      18.801342010498047,
      13.203658103942871,
      18.350261688232422,
      15.327495574951172,
      21.067758560180664,
      18.208498001098633,
      24.29975700378418,
      23.163972854614258,
      24.262290954589844
    ],
    [
      53.182647705078125,
      73.0126724243164,
      12.942131996154785,
      13.685365676879883,
      10.74463176727295,
      12.310406684875488,
      12.32370376586914,
      6.42658805847168,
      14.793087005615234,
      15.977934837341309,
      14.949461936950684,
      17.237579345703125,
      13.338920593261719,
      28.27947235107422,
      16.56498908996582,
      28.854047775268555,
      24.36741065979004,
      24.23522186279297
    ],
    [
      12.953057289123535,
      12.942131996154785,
      42.99067306518555,
      14.506163597106934,
      25.60681915283203,
      7.953132629394531,
      22.21792984008789,
      6.363236904144287,
      26.437137603759766,
      14.888057708740234,
      30.691370010375977,
      19.578556060791016,
      12.619649887084961,
      13.42867374420166,
      13.353275299072266,
      11.480738639831543,
      10.227900505065918,
      10.543127059936523
    ],
    [
      14.350261688232422,
      13.685365676879883,
      14.506163597106934,
      33.82865524291992,
      14.006831169128418,
      18.772287368774414,
      17.11414337158203,
      23.78186798095703,
      20.03534698486328,
      29.248714447021484,
      16.35594367980957,
      29.756101608276367,
      17.138751983642578,
      25.048784255981445,
      16.30095100402832,
      19.33587074279785,
      16.91459846496582,
      17.856069564819336
    ],
    [
      10.604757308959961,
      10.74463176727295,
      25.60681915283203,
      14.006831169128418,
      49.47538757324219,
      17.89777374267578,
      45.23210144042969,
      25.04380989074707,
      34.542579650878906,
      19.39061737060547,
      40.239688873291016,
      27.937305450439453,
      17.55524444580078,
      18.735301971435547,
      19.313732147216797,
      16.36570167541504,
      13.6981840133667,
      14.304084777832031
    ],
    [
      14.789295196533203,
      12.310406684875488,
      7.953132629394531,
      18.772287368774414,
      17.89777374267578,
      42.39329147338867,
      16.27945899963379,
      34.99199295043945,
      14.483522415161133,
      26.962356567382812,
      11.333045959472656,
      26.739688873291016,
      13.833321571350098,
      23.689987182617188,
      14.692770957946777,
      22.764787673950195,
      19.61103630065918,
      20.725032806396484
    ],
    [
      10.268839836120605,
      12.32370376586914,
      22.21792984008789,
      17.11414337158203,
      45.23210144042969,
      16.27945899963379,
      92.66307830810547,
      39.83417510986328,
      49.19363021850586,
      24.860286712646484,
      58.341007232666016,
      38.95546340942383,
      24.723041534423828,
      24.72063446044922,
      27.81783103942871,
      18.969924926757812,
      16.27975082397461,
      16.846267700195312
    ],
    [
      10.126228332519531,
      6.42658805847168,
      6.363236904144287,
      23.78186798095703,
      25.04380989074707,
      34.99199295043945,
      39.83417510986328,
      60.039180755615234,
      27.272558212280273,
      32.9715461730957,
      26.711124420166016,
      40.2822265625,
      20.784351348876953,
      27.734886169433594,
      21.303014755249023,
      24.836570739746094,
      22.13558578491211,
      24.12632942199707
    ],
    [
      13.061426162719727,
      14.793087005615234,
      26.437137603759766,
      20.03534698486328,
      34.542579650878906,
      14.483522415161133,
      49.19363021850586,
      27.272558212280273,
      73.79989624023438,
      30.50606346130371,
      66.2908935546875,
      41.181461334228516,
      33.52833557128906,
      28.17612648010254,
      33.839298248291016,
      20.996932983398438,
      19.433027267456055,
      17.754108428955078
    ],
    [
      18.801342010498047,
      15.977934837341309,
      14.888057708740234,
      29.248714447021484,
      19.39061737060547,
      26.962356567382812,
      24.860286712646484,
      32.9715461730957,
      30.50606346130371,
      44.60393142700195,
      26.194398880004883,
      41.48322296142578,
      25.187034606933594,
      32.71324157714844,
      24.804309844970703,
      27.604549407958984,
      25.002347946166992,
      25.894323348999023
    ],
    [
      13.203658103942871,
      14.949461936950684,
      30.691370010375977,
      16.35594367980957,
      40.239688873291016,
      11.333045959472656,
      58.341007232666016,
      26.711124420166016,
      66.2908935546875,
      26.194398880004883,
      87.92941284179688,
      45.55010986328125,
      42.746246337890625,
      28.921672821044922,
      43.85676956176758,
      21.030826568603516,
      20.993324279785156,
      16.892635345458984
    ],
    [
      18.350261688232422,
      17.237579345703125,
      19.578556060791016,
      29.756101608276367,
      27.937305450439453,
      26.739688873291016,
      38.95546340942383,
      40.2822265625,
      41.181461334228516,
      41.48322296142578,
      45.55010986328125,
      54.98261642456055,
      33.693458557128906,
      38.57692337036133,
      33.26060104370117,
      30.846952438354492,
      27.730276107788086,
      27.566242218017578
    ],
    [
      15.327495574951172,
      13.338920593261719,
      12.619649887084961,
      17.138751983642578,
      17.55524444580078,
      13.833321571350098,
      24.723041534423828,
      20.784351348876953,
      33.52833557128906,
      25.187034606933594,
      42.746246337890625,
      33.693458557128906,
      55.990638732910156,
      36.95231246948242,
      54.63954544067383,
      33.68107223510742,
      37.22195053100586,
      28.80783462524414
    ],
    [
      21.067758560180664,
      28.27947235107422,
      13.42867374420166,
      25.048784255981445,
      18.735301971435547,
      23.689987182617188,
      24.72063446044922,
      27.734886169433594,
      28.17612648010254,
      32.71324157714844,
      28.921672821044922,
      38.57692337036133,
      36.95231246948242,
      53.70319366455078,
      38.06972885131836,
      48.54214859008789,
      43.77145004272461,
      40.6695442199707
    ],
    [
      18.208498001098633,
      16.56498908996582,
      13.353275299072266,
      16.30095100402832,
      19.313732147216797,
      14.692770957946777,
      27.81783103942871,
      21.303014755249023,
      33.839298248291016,
      24.804309844970703,
      43.85676956176758,
      33.26060104370117,
      54.63954544067383,
      38.06972885131836,
      68.94328308105469,
      42.35615921020508,
      45.30425262451172,
      34.15706253051758
    ],
    [
      24.29975700378418,
      28.854047775268555,
      11.480738639831543,
      19.33587074279785,
      16.36570167541504,
      22.764787673950195,
      18.969924926757812,
      24.836570739746094,
      20.996932983398438,
      27.604549407958984,
      21.030826568603516,
      30.846952438354492,
      33.68107223510742,
      48.54214859008789,
      42.35615921020508,
      58.49032211303711,
      51.434776306152344,
      49.14118957519531
    ],
    [
      23.163972854614258,
      24.36741065979004,
      10.227900505065918,
      16.91459846496582,
      13.6981840133667,
      19.61103630065918,
      16.27975082397461,
      22.13558578491211,
      19.433027267456055,
      25.002347946166992,
      20.993324279785156,
      27.730276107788086,
      37.22195053100586,
      43.77145004272461,
      45.30425262451172,
      51.434776306152344,
      55.657466888427734,
      50.587886810302734
    ],
    [
      24.262290954589844,
      24.23522186279297,
      10.543127059936523,
      17.856069564819336,
      14.304084777832031,
      20.725032806396484,
      16.846267700195312,
      24.12632942199707,
      17.754108428955078,
      25.894323348999023,
      16.892635345458984,
      27.566242218017578,
      28.80783462524414,
      40.6695442199707,
      34.15706253051758,
      49.14118957519531,
      50.587886810302734,
      51.365760803222656
    ]
  ],
  "damage": -10.3519287109375,
  "diff_bandwidth": 833.24462890625,
  "dissonance": 7.961367302629435,
  "drr": 3.417976140975952,
  "dynamics": 4.747455596923828,
  "format": 1245190,
  "frames": 7852032,
  "loudness": -16.805805206298828,
  "loudness_range": 14.104470252990723,
  "loudness_range_short": 16.968017578125,
  "lowpass_true_peak_15khz": -0.3928934931755066,
  "mastering3_acoustic_entropies": [
    {
      "acoustic_entropy": 8.520588874816895,
      "acoustic_entropy_mono": 9.193485260009766,
      "band_eliminated_acoustic_entropies": [
        {
          "acoustic_entropy": 8.524497985839844,
          "acoustic_entropy_side": 8.521105766296387,
          "hz": 129.47220167065723
        },
        {
          "acoustic_entropy": 8.545001983642578,
          "acoustic_entropy_side": 8.524381637573242,
          "hz": 202.92927478742237
        },
        {
          "acoustic_entropy": 8.666108131408691,
          "acoustic_entropy_side": 8.526484489440918,
          "hz": 282.89161906338205
        },
        {
          "acoustic_entropy": 8.519762992858887,
          "acoustic_entropy_side": 8.635019302368164,
          "hz": 369.9353335868758
        },
        {
          "acoustic_entropy": 9.042427062988281,
          "acoustic_entropy_side": 8.686723709106445,
          "hz": 464.6875360973435
        },
        {
          "acoustic_entropy": 8.657355308532715,
          "acoustic_entropy_side": 8.775522232055664,
          "hz": 567.8308811364784
        },
        {
          "acoustic_entropy": 9.36294937133789,
          "acoustic_entropy_side": 9.112082481384277,
          "hz": 680.1084783214808
        },
        {
          "acoustic_entropy": 9.047073364257812,
          "acoustic_entropy_side": 8.717994689941406,
          "hz": 802.3292461747484
        },
        {
          "acoustic_entropy": 8.869580268859863,
          "acoustic_entropy_side": 8.477210998535156,
          "hz": 935.3737400823702
        },
        {
          "acoustic_entropy": 8.872809410095215,
          "acoustic_entropy_side": 8.491653442382812,
          "hz": 1080.2004963696966
        },
        {
          "acoustic_entropy": 9.45468521118164,
          "acoustic_entropy_side": 8.490884780883789,
          "hz": 1237.8529382007157
        },
        {
          "acoustic_entropy": 8.412989616394043,
          "acoustic_entropy_side": 8.491205215454102,
          "hz": 1409.4668930556702
        },
        {
          "acoustic_entropy": 8.817211151123047,
          "acoustic_entropy_side": 8.511917114257812,
          "hz": 1596.2787759475705
        },
        {
          "acoustic_entropy": 8.38073444366455,
          "acoustic_entropy_side": 8.525741577148438,
          "hz": 1799.6344973346393
        },
        {
          "acoustic_entropy": 8.158817291259766,
          "acoustic_entropy_side": 8.511399269104004,
          "hz": 2020.9991599069049
        },
        {
          "acoustic_entropy": 8.487428665161133,
          "acoustic_entropy_side": 8.515079498291016,
          "hz": 2261.9676141086993
        },
        {
          "acoustic_entropy": 9.100770950317383,
          "acoustic_entropy_side": 8.52033805847168,
          "hz": 2524.2759484456974
        },
        {
          "acoustic_entropy": 8.960638046264648,
          "acoustic_entropy_side": 8.523100852966309,
          "hz": 2809.813997359896
        },
        {
          "acoustic_entropy": 8.71212100982666,
          "acoustic_entropy_side": 8.523799896240234,
          "hz": 3120.6389567871424
        },
        {
          "acoustic_entropy": 8.557258605957031,
          "acoustic_entropy_side": 8.52017593383789,
          "hz": 3458.990205492291
        },
        {
          "acoustic_entropy": 8.53583812713623,
          "acoustic_entropy_side": 8.522347450256348,
          "hz": 3827.305438964164
        },
        {
          "acoustic_entropy": 8.904585838317871,
          "acoustic_entropy_side": 8.520323753356934,
          "hz": 4228.238232109126
        },
        {
          "acoustic_entropy": 9.051290512084961,
          "acoustic_entropy_side": 8.518950462341309,
          "hz": 4664.6771572759235
        },
        {
          "acoustic_entropy": 8.61334228515625,
          "acoustic_entropy_side": 8.521570205688477,
          "hz": 5139.766595350093
        },
        {
          "acoustic_entropy": 8.547821044921875,
          "acoustic_entropy_side": 8.522335052490234,
          "hz": 5656.929389854203
        },
        {
          "acoustic_entropy": 8.522186279296875,
          "acoustic_entropy_side": 8.521926879882812,
          "hz": 6219.891507268283
        },
        {
          "acoustic_entropy": 8.507064819335938,
          "acoustic_entropy_side": 8.520953178405762,
          "hz": 6832.70888123896
        },
        {
          "acoustic_entropy": 8.492226600646973,
          "acoustic_entropy_side": 8.521081924438477,
          "hz": 7499.796634079867
        },
        {
          "acoustic_entropy": 8.516868591308594,
          "acoustic_entropy_side": 8.52175235748291,
          "hz": 8225.96088609342
        },
        {
          "acoustic_entropy": 8.494394302368164,
          "acoustic_entropy_side": 8.521909713745117,
          "hz": 9016.43338188839
        },
        {
          "acoustic_entropy": 8.50899600982666,
          "acoustic_entropy_side": 8.522041320800781,
          "hz": 9876.909183162974
        },
        {
          "acoustic_entropy": 8.5738525390625,
          "acoustic_entropy_side": 8.521859169006348,
          "hz": 10813.587699516042
        },
        {
          "acoustic_entropy": 8.517106056213379,
          "acoustic_entropy_side": 8.521814346313477,
          "hz": 11833.21735289826
        },
        {
          "acoustic_entropy": 8.449722290039062,
          "acoustic_entropy_side": 8.52216911315918,
          "hz": 12943.144197493959
        },
        {
          "acoustic_entropy": 8.52217960357666,
          "acoustic_entropy_side": 8.523702621459961,
          "hz": 14151.364845322005
        },
        {
          "acoustic_entropy": 8.52267074584961,
          "acoustic_entropy_side": 8.521535873413086,
          "hz": 15466.58407886509
        },
        {
          "acoustic_entropy": 8.5226469039917,
          "acoustic_entropy_side": 8.521523475646973,
          "hz": 16898.27756580493
        },
        {
          "acoustic_entropy": 8.522013664245605,
          "acoustic_entropy_side": 8.521283149719238,
          "hz": 18456.760127700032
        },
        {
          "acoustic_entropy": 8.521126747131348,
          "acoustic_entropy_side": 8.520853996276855,
          "hz": 20153.260054456492
        },
        {
          "acoustic_entropy": 8.520648956298828,
          "acoustic_entropy_side": 8.520618438720703,
          "hz": 22000.00000000001
        }
      ],
      "diff_acoustic_entropy": 6.188013553619385,
      "sn": 6
    },
    {
      "acoustic_entropy": 13.21527099609375,
      "acoustic_entropy_mono": 12.885514259338379,
      "band_eliminated_acoustic_entropies": [
        {
          "acoustic_entropy": 13.211737632751465,
          "acoustic_entropy_side": 13.21621036529541,
          "hz": 129.47220167065723
        },
        {
          "acoustic_entropy": 13.241789817810059,
          "acoustic_entropy_side": 13.17748737335205,
          "hz": 202.92927478742237
        },
        {
          "acoustic_entropy": 13.662063598632812,
          "acoustic_entropy_side": 13.186785697937012,
          "hz": 282.89161906338205
        },
        {
          "acoustic_entropy": 13.836362838745117,
          "acoustic_entropy_side": 13.176100730895996,
          "hz": 369.9353335868758
        },
        {
          "acoustic_entropy": 13.717217445373535,
          "acoustic_entropy_side": 13.26451587677002,
          "hz": 464.6875360973435
        },
        {
          "acoustic_entropy": 13.136961936950684,
          "acoustic_entropy_side": 13.124473571777344,
          "hz": 567.8308811364784
        },
        {
          "acoustic_entropy": 12.8247652053833,
          "acoustic_entropy_side": 13.213315963745117,
          "hz": 680.1084783214808
        },
        {
          "acoustic_entropy": 12.818392753601074,
          "acoustic_entropy_side": 12.723737716674805,
          "hz": 802.3292461747484
        },
        {
          "acoustic_entropy": 13.41346549987793,
          "acoustic_entropy_side": 13.179052352905273,
          "hz": 935.3737400823702
        },
        {
          "acoustic_entropy": 13.486130714416504,
          "acoustic_entropy_side": 13.174500465393066,
          "hz": 1080.2004963696966
        },
        {
          "acoustic_entropy": 14.278603553771973,
          "acoustic_entropy_side": 13.196101188659668,
          "hz": 1237.8529382007157
        },
        {
          "acoustic_entropy": 13.016664505004883,
          "acoustic_entropy_side": 13.095451354980469,
          "hz": 1409.4668930556702
        },
        {
          "acoustic_entropy": 13.680449485778809,
          "acoustic_entropy_side": 13.189733505249023,
          "hz": 1596.2787759475705
        },
        {
          "acoustic_entropy": 12.972193717956543,
          "acoustic_entropy_side": 13.2194242477417,
          "hz": 1799.6344973346393
        },
        {
          "acoustic_entropy": 12.952325820922852,
          "acoustic_entropy_side": 13.16948413848877,
          "hz": 2020.9991599069049
        },
        {
          "acoustic_entropy": 13.703587532043457,
          "acoustic_entropy_side": 13.175987243652344,
          "hz": 2261.9676141086993
        },
        {
          "acoustic_entropy": 13.395672798156738,
          "acoustic_entropy_side": 13.192479133605957,
          "hz": 2524.2759484456974
        },
        {
          "acoustic_entropy": 13.575848579406738,
          "acoustic_entropy_side": 13.191359519958496,
          "hz": 2809.813997359896
        },
        {
          "acoustic_entropy": 13.820605278015137,
          "acoustic_entropy_side": 13.19494915008545,
          "hz": 3120.6389567871424
        },
        {
          "acoustic_entropy": 13.656906127929688,
          "acoustic_entropy_side": 13.194911003112793,
          "hz": 3458.990205492291
        },
        {
          "acoustic_entropy": 13.21152114868164,
          "acoustic_entropy_side": 13.199566841125488,
          "hz": 3827.305438964164
        },
        {
          "acoustic_entropy": 13.172703742980957,
          "acoustic_entropy_side": 13.202699661254883,
          "hz": 4228.238232109126
        },
        {
          "acoustic_entropy": 13.070297241210938,
          "acoustic_entropy_side": 13.196109771728516,
          "hz": 4664.6771572759235
        },
        {
          "acoustic_entropy": 13.347607612609863,
          "acoustic_entropy_side": 13.20887279510498,
          "hz": 5139.766595350093
        },
        {
          "acoustic_entropy": 13.426712036132812,
          "acoustic_entropy_side": 13.190756797790527,
          "hz": 5656.929389854203
        },
        {
          "acoustic_entropy": 13.180209159851074,
          "acoustic_entropy_side": 13.211915969848633,
          "hz": 6219.891507268283
        },
        {
          "acoustic_entropy": 13.18767261505127,
          "acoustic_entropy_side": 13.215539932250977,
          "hz": 6832.70888123896
        },
        {
          "acoustic_entropy": 13.238384246826172,
          "acoustic_entropy_side": 13.215712547302246,
          "hz": 7499.796634079867
        },
        {
          "acoustic_entropy": 13.163922309875488,
          "acoustic_entropy_side": 13.21353530883789,
          "hz": 8225.96088609342
        },
        {
          "acoustic_entropy": 13.166238784790039,
          "acoustic_entropy_side": 13.212667465209961,
          "hz": 9016.43338188839
        },
        {
          "acoustic_entropy": 13.166238784790039,
          "acoustic_entropy_side": 13.220355987548828,
          "hz": 9876.909183162974
        },
        {
          "acoustic_entropy": 13.190723419189453,
          "acoustic_entropy_side": 13.227912902832031,
          "hz": 10813.587699516042
        },
        {
          "acoustic_entropy": 13.244401931762695,
          "acoustic_entropy_side": 13.218172073364258,
          "hz": 11833.21735289826
        },
        {
          "acoustic_entropy": 13.220355987548828,
          "acoustic_entropy_side": 13.218770027160645,
          "hz": 12943.144197493959
        },
        {
          "acoustic_entropy": 13.220047950744629,
          "acoustic_entropy_side": 13.226685523986816,
          "hz": 14151.364845322005
        },
        {
          "acoustic_entropy": 13.216715812683105,
          "acoustic_entropy_side": 13.217277526855469,
          "hz": 15466.58407886509
        },
        {
          "acoustic_entropy": 13.217100143432617,
          "acoustic_entropy_side": 13.216578483581543,
          "hz": 16898.27756580493
        },
        {
          "acoustic_entropy": 13.216096878051758,
          "acoustic_entropy_side": 13.215825080871582,
          "hz": 18456.760127700032
        },
        {
          "acoustic_entropy": 13.21565055847168,
          "acoustic_entropy_side": 13.21473217010498,
          "hz": 20153.260054456492
        },
        {
          "acoustic_entropy": 13.215293884277344,
          "acoustic_entropy_side": 13.215289115905762,
          "hz": 22000.00000000001
        }
      ],
      "diff_acoustic_entropy": 10.391783714294434,
      "sn": 12
    },
    {
      "acoustic_entropy": 19.06879425048828,
      "acoustic_entropy_mono": 17.471370697021484,
      "band_eliminated_acoustic_entropies": [
        {
          "acoustic_entropy": 19.04969024658203,
          "acoustic_entropy_side": 19.241132736206055,
          "hz": 129.47220167065723
        },
        {
          "acoustic_entropy": 19.326356887817383,
          "acoustic_entropy_side": 19.272064208984375,
          "hz": 202.92927478742237
        },
        {
          "acoustic_entropy": 18.60144805908203,
          "acoustic_entropy_side": 19.451269149780273,
          "hz": 282.89161906338205
        },
        {
          "acoustic_entropy": 19.514850616455078,
          "acoustic_entropy_side": 19.026264190673828,
          "hz": 369.9353335868758
        },
        {
          "acoustic_entropy": 19.63148307800293,
          "acoustic_entropy_side": 19.07339859008789,
          "hz": 464.6875360973435
        },
        {
          "acoustic_entropy": 18.723926544189453,
          "acoustic_entropy_side": 18.811689376831055,
          "hz": 567.8308811364784
        },
        {
          "acoustic_entropy": 19.72807502746582,
          "acoustic_entropy_side": 19.80994987487793,
          "hz": 680.1084783214808
        },
        {
          "acoustic_entropy": 18.207014083862305,
          "acoustic_entropy_side": 18.896085739135742,
          "hz": 802.3292461747484
        },
        {
          "acoustic_entropy": 18.79452133178711,
          "acoustic_entropy_side": 19.5722599029541,
          "hz": 935.3737400823702
        },
        {
          "acoustic_entropy": 19.734966278076172,
          "acoustic_entropy_side": 20.062822341918945,
          "hz": 1080.2004963696966
        },
        {
          "acoustic_entropy": 19.67721176147461,
          "acoustic_entropy_side": 19.347803115844727,
          "hz": 1237.8529382007157
        },
        {
          "acoustic_entropy": 19.23063850402832,
          "acoustic_entropy_side": 18.707290649414062,
          "hz": 1409.4668930556702
        },
        {
          "acoustic_entropy": 19.398212432861328,
          "acoustic_entropy_side": 18.7106990814209,
          "hz": 1596.2787759475705
        },
        {
          "acoustic_entropy": 19.545068740844727,
          "acoustic_entropy_side": 19.17446517944336,
          "hz": 1799.6344973346393
        },
        {
          "acoustic_entropy": 19.769262313842773,
          "acoustic_entropy_side": 19.21595001220703,
          "hz": 2020.9991599069049
        },
        {
          "acoustic_entropy": 18.95542335510254,
          "acoustic_entropy_side": 19.152523040771484,
          "hz": 2261.9676141086993
        },
        {
          "acoustic_entropy": 19.822607040405273,
          "acoustic_entropy_side": 19.288522720336914,
          "hz": 2524.2759484456974
        },
        {
          "acoustic_entropy": 19.435453414916992,
          "acoustic_entropy_side": 19.269445419311523,
          "hz": 2809.813997359896
        },
        {
          "acoustic_entropy": 19.502765655517578,
