{
  "acoustic_entropy": 221.5574951171875,
  "bands": [
    {
      "high_freq": 148.1999969482422,
      "loudness": -22.547710418701172,
      "loudness_range": 9.29803466796875,
      "mid_mean": -18.987548828125,
      "mid_to_side_loudness": -17.68207359313965,
      "mid_to_side_loudness_range": 16.381412506103516,
      "side_mean": -36.7465705871582
    },
    {
      "high_freq": 392.3793640136719,
      "loudness": -20.325773239135742,
      "loudness_range": 6.742298126220703,
      "low_freq": 148.1999969482422,
      "mid_mean": -17.126073837280273,
      "mid_to_side_loudness": -10.06760311126709,
      "mid_to_side_loudness_range": 9.43069839477539,
      "side_mean": -27.21660804748535
    },
    {
      "high_freq": 794.6976318359375,
      "loudness": -23.276212692260742,
      "loudness_range": 11.457401275634766,
      "low_freq": 392.3793640136719,
      "mid_mean": -20.35457992553711,
      "mid_to_side_loudness": -8.462576866149902,
      "mid_to_side_loudness_range": 11.780000686645508,
      "side_mean": -28.874357223510742
    },
    {
      "high_freq": 1457.5709228515625,
      "loudness": -26.431360244750977,
      "loudness_range": 16.86284065246582,
      "low_freq": 794.6976318359375,
      "mid_mean": -23.720041275024414,
      "mid_to_side_loudness": -7.196722507476807,
      "mid_to_side_loudness_range": 11.867318153381348,
      "side_mean": -30.922964096069336
    },
    {
      "high_freq": 2549.74365234375,
      "loudness": -24.12128257751465,
      "loudness_range": 13.672050476074219,
      "low_freq": 1457.5709228515625,
      "mid_mean": -21.38399887084961,
      "mid_to_side_loudness": -6.8082194328308105,
      "mid_to_side_loudness_range": 8.684698104858398,
      "side_mean": -28.21932029724121
    },
    {
      "high_freq": 4349.24462890625,
      "loudness": -23.851778030395508,
      "loudness_range": 11.137920379638672,
      "low_freq": 2549.74365234375,
      "mid_mean": -20.93379020690918,
      "mid_to_side_loudness": -7.632689952850342,
      "mid_to_side_loudness_range": 7.794739723205566,
      "side_mean": -28.638545989990234
    },
    {
      "high_freq": 7314.1640625,
      "loudness": -29.521085739135742,
      "loudness_range": 13.321296691894531,
      "low_freq": 4349.24462890625,
      "mid_mean": -26.80059051513672,
      "mid_to_side_loudness": -6.710232734680176,
      "mid_to_side_loudness_range": 8.883174896240234,
      "side_mean": -33.55950927734375
    },
    {
      "high_freq": 12199.2666015625,
      "loudness": -30.508569717407227,
      "loudness_range": 12.626974105834961,
      "low_freq": 7314.1640625,
      "mid_mean": -28.286632537841797,
      "mid_to_side_loudness": -4.183152198791504,
      "mid_to_side_loudness_range": 5.6318745613098145,
      "side_mean": -32.509639739990234
    },
    {
      "loudness": -33.20876693725586,
      "loudness_range": 8.127002716064453,
      "low_freq": 12199.2666015625,
      "mid_mean": -31.139612197875977,
      "mid_to_side_loudness": -3.624898910522461,
      "mid_to_side_loudness_range": 4.700392723083496,
      "side_mean": -34.778076171875
    }
  ],
  "bands_short": [
    {
      "high_freq": 148.1999969482422,
      "loudness": -26.81536865234375,
      "loudness_range": 15.947408676147461,
      "mid_mean": -23.356647491455078,
      "mid_to_side_loudness": -17.770660400390625,
      "mid_to_side_loudness_range": 23.103713989257812,
      "side_mean": -41.32142639160156
    },
    {
      "high_freq": 392.3793640136719,
      "loudness": -20.442781448364258,
      "loudness_range": 12.671911239624023,
      "low_freq": 148.1999969482422,
      "mid_mean": -17.248760223388672,
      "mid_to_side_loudness": -11.064671516418457,
      "mid_to_side_loudness_range": 13.37525749206543,
      "side_mean": -28.399547576904297
    },
    {
      "high_freq": 794.6976318359375,
      "loudness": -24.438478469848633,
      "loudness_range": 14.026655197143555,
      "low_freq": 392.3793640136719,
      "mid_mean": -21.674543380737305,
      "mid_to_side_loudness": -8.230830192565918,
      "mid_to_side_loudness_range": 14.83470344543457,
      "side_mean": -29.980375289916992
    },
    {
      "high_freq": 1457.5709228515625,
      "loudness": -26.492202758789062,
      "loudness_range": 18.941883087158203,
      "low_freq": 794.6976318359375,
      "mid_mean": -23.961471557617188,
      "mid_to_side_loudness": -7.034580707550049,
      "mid_to_side_loudness_range": 14.337015151977539,
      "side_mean": -31.041967391967773
    },
    {
      "high_freq": 2549.74365234375,
      "loudness": -25.057701110839844,
      "loudness_range": 17.33884048461914,
      "low_freq": 1457.5709228515625,
      "mid_mean": -22.43688201904297,
      "mid_to_side_loudness": -6.6768670082092285,
      "mid_to_side_loudness_range": 11.290389060974121,
      "side_mean": -29.207252502441406
    },
    {
      "high_freq": 4349.24462890625,
      "loudness": -24.606121063232422,
      "loudness_range": 14.10634994506836,
      "low_freq": 2549.74365234375,
      "mid_mean": -21.844953536987305,
      "mid_to_side_loudness": -7.389832496643066,
      "mid_to_side_loudness_range": 11.1677885055542,
      "side_mean": -29.302827835083008
    },
    {
      "high_freq": 7314.1640625,
      "loudness": -31.133398056030273,
      "loudness_range": 17.938232421875,
      "low_freq": 4349.24462890625,
      "mid_mean": -28.59083366394043,
      "mid_to_side_loudness": -6.051530361175537,
      "mid_to_side_loudness_range": 9.693338394165039,
      "side_mean": -34.67055130004883
    },
    {
      "high_freq": 12199.2666015625,
      "loudness": -32.17923355102539,
      "loudness_range": 17.184839248657227,
      "low_freq": 7314.1640625,
      "mid_mean": -30.014192581176758,
      "mid_to_side_loudness": -4.290228843688965,
      "mid_to_side_loudness_range": 7.067230224609375,
      "side_mean": -34.34552001953125
    },
    {
      "loudness": -37.008201599121094,
      "loudness_range": 19.191720962524414,
      "low_freq": 12199.2666015625,
      "mid_mean": -34.983070373535156,
      "mid_to_side_loudness": -3.7757997512817383,
      "mid_to_side_loudness_range": 5.9237565994262695,
      "side_mean": -38.742183685302734
    }
  ],
  "bandwidth": 672.1520385742188,
  "channels": 2,
  "covariance": [
    [
      14.982721328735352,
      6.9040727615356445,
      -0.2566705346107483,
      0.08470652997493744,
      0.9685995578765869,
      -0.6659361720085144,
      -0.6998078227043152,
      -1.0948587656021118,
      -0.9541078209877014,
      -0.7707113027572632,
      -0.4082469642162323,
      -0.055838923901319504,
      -2.106199264526367,
      -1.314195990562439,
      -1.167609691619873,
      -0.7732415199279785,
      -0.3230314254760742,
      -0.31610816717147827
    ],
    [
      6.9040727615356445,
      25.841493606567383,
      0.9079685211181641,
      4.394284248352051,
      6.564458847045898,
      10.591437339782715,
      9.513328552246094,
      13.772878646850586,
      7.259608268737793,
      9.931059837341309,
      6.836015224456787,
      8.72697925567627,
      3.298877239227295,
      7.144753456115723,
      2.3850042819976807,
      5.010879993438721,
      -5.268356800079346,
      -1.2811949253082275
    ],
    [
      -0.2566705346107483,
      0.9079685211181641,
      8.104086875915527,
      5.671654224395752,
      2.6048848628997803,
      2.9098877906799316,
      2.6157684326171875,
      4.715041637420654,
      3.133157730102539,
      4.06413459777832,
      2.705787420272827,
      2.7369437217712402,
      4.75843620300293,
      3.971553325653076,
      3.3158392906188965,
      3.254760265350342,
      -0.04562477767467499,
      0.825532078742981
    ],
    [
      0.08470652997493744,
      4.394284248352051,
      5.671654224395752,
      14.540850639343262,
      5.231870174407959,
      7.102276802062988,
      5.745938301086426,
      8.332941055297852,
      5.177986145019531,
      6.654260158538818,
      4.169342994689941,
      5.557249069213867,
      3.3758299350738525,
      4.321770668029785,
      2.9637832641601562,
      3.9544625282287598,
      -0.6605916023254395,
      1.0419589281082153
    ],
    [
      0.9685995578765869,
      6.564458847045898,
      2.6048848628997803,
      5.231870174407959,
      19.624174118041992,
      14.748022079467773,
      19.932296752929688,
      16.302682876586914,
      14.220232963562012,
      12.586800575256348,
      11.178038597106934,
      9.079362869262695,
      3.9944918155670166,
      4.535794258117676,
      2.4565863609313965,
      2.566403865814209,
      -2.6194512844085693,
      -0.5865885615348816
    ],
    [
      -0.6659361720085144,
      10.591437339782715,
      2.9098877906799316,
      7.102276802062988,
      14.748022079467773,
      25.575214385986328,
      19.432674407958984,
      25.432357788085938,
      17.34568977355957,
      21.02958106994629,
      11.872620582580566,
      14.443989753723145,
      5.458881378173828,
      10.334454536437988,
      3.7726757526397705,
      6.676844596862793,
      -5.394132137298584,
      -0.41987937688827515
    ],
    [
      -0.6998078227043152,
      9.513328552246094,
      2.6157684326171875,
      5.745938301086426,
      19.932296752929688,
      19.432674407958984,
      34.643672943115234,
      28.396146774291992,
      20.26807403564453,
      21.0815372467041,
      16.55375862121582,
      15.144339561462402,
      8.754429817199707,
      10.961811065673828,
      5.392070770263672,
      6.625674724578857,
      -4.366714000701904,
      -0.07291816174983978
    ],
    [
      -1.0948587656021118,
      13.772878646850586,
      4.715041637420654,
      8.332941055297852,
      16.302682876586914,
      25.432357788085938,
      28.396146774291992,
      38.38604736328125,
      22.1658992767334,
      29.227365493774414,
      17.796846389770508,
      21.30791473388672,
      11.847673416137695,
      17.772756576538086,
      8.7316255569458,
      12.214942932128906,
      -6.720832347869873,
      0.5611717700958252
    ],
    [
      -0.9541078209877014,
      7.259608268737793,
      3.133157730102539,
      5.177986145019531,
      14.220232963562012,
      17.34568977355957,
      20.26807403564453,
      22.1658992767334,
      24.57408332824707,
      21.693655014038086,
      16.125322341918945,
      14.002761840820312,
      8.070901870727539,
      9.4248628616333,
      4.495150566101074,
      5.095456123352051,
      -3.905503511428833,
      -0.4102015197277069
    ],
    [
      -0.7707113027572632,
      9.931059837341309,
      4.06413459777832,
      6.654260158538818,
      12.586800575256348,
      21.02958106994629,
      21.0815372467041,
      29.227365493774414,
      21.693655014038086,
      28.40016746520996,
      15.215883255004883,
      18.593637466430664,
      9.392178535461426,
      14.314435958862305,
      6.3712029457092285,
      9.021722793579102,
      -5.077731609344482,
      0.44343897700309753
    ],
    [
      -0.4082469642162323,
      6.836015224456787,
      2.705787420272827,
      4.169342994689941,
      11.178038597106934,
      11.872620582580566,
      16.55375862121582,
      17.796846389770508,
      16.125322341918945,
      15.215883255004883,
      16.61225700378418,
      12.950531005859375,
      10.473514556884766,
      10.372980117797852,
      6.15022087097168,
      6.116875648498535,
      -2.954693078994751,
      0.03839918226003647
    ],
    [
      -0.055838923901319504,
      8.72697925567627,
      2.7369437217712402,
      5.557249069213867,
      9.079362869262695,
      14.443989753723145,
      15.144339561462402,
      21.30791473388672,
      14.002761840820312,
      18.593637466430664,
      12.950531005859375,
      16.754911422729492,
      10.305349349975586,
      14.694515228271484,
      7.29060173034668,
      9.858838081359863,
      -3.2536847591400146,
      1.4728777408599854
    ],
    [
      -2.106199264526367,
      3.298877239227295,
      4.75843620300293,
      3.3758299350738525,
      3.9944918155670166,
      5.458881378173828,
      8.754429817199707,
      11.847673416137695,
      8.070901870727539,
      9.392178535461426,
      10.473514556884766,
      10.305349349975586,
      22.431976318359375,
      18.915332794189453,
      15.129853248596191,
      14.44759750366211,
      0.7070675492286682,
      3.5031490325927734
    ],
    [
      -1.314195990562439,
      7.144753456115723,
      3.971553325653076,
      4.321770668029785,
      4.535794258117676,
      10.334454536437988,
      10.961811065673828,
      17.772756576538086,
      9.4248628616333,
      14.314435958862305,
      10.372980117797852,
      14.694515228271484,
      18.915332794189453,
      24.90988540649414,
      14.779370307922363,
      19.11393165588379,
      -0.6904847025871277,
      5.280287742614746
    ],
    [
      -1.167609691619873,
      2.3850042819976807,
      3.3158392906188965,
      2.9637832641601562,
      2.4565863609313965,
      3.7726757526397705,
      5.392070770263672,
      8.7316255569458,
      4.495150566101074,
      6.3712029457092285,
      6.15022087097168,
      7.29060173034668,
      15.129853248596191,
      14.779370307922363,
      16.374752044677734,
      16.043142318725586,
      3.81595516204834,
      6.363086223602295
    ],
    [
      -0.7732415199279785,
      5.010879993438721,
      3.254760265350342,
      3.9544625282287598,
      2.566403865814209,
      6.676844596862793,
      6.625674724578857,
      12.214942932128906,
      5.095456123352051,
      9.021722793579102,
      6.116875648498535,
      9.858838081359863,
      14.44759750366211,
      19.11393165588379,
      16.043142318725586,
      19.719013214111328,
      3.2736589908599854,
      8.045845031738281
    ],
    [
      -0.3230314254760742,
      -5.268356800079346,
      -0.04562477767467499,
      -0.6605916023254395,
      -2.6194512844085693,
      -5.394132137298584,
      -4.366714000701904,
      -6.720832347869873,
      -3.905503511428833,
      -5.077731609344482,
      -2.954693078994751,
      -3.2536847591400146,
      0.7070675492286682,
      -0.6904847025871277,
      3.81595516204834,
      3.2736589908599854,
      10.812524795532227,
      9.006600379943848
    ],
    [
      -0.31610816717147827,
      -1.2811949253082275,
      0.825532078742981,
      1.0419589281082153,
      -0.5865885615348816,
      -0.41987937688827515,
      -0.07291816174983978,
      0.5611717700958252,
      -0.4102015197277069,
      0.44343897700309753,
      0.03839918226003647,
      1.4728777408599854,
      3.5031490325927734,
      5.280287742614746,
      6.363086223602295,
      8.045845031738281,
      9.006600379943848,
      10.105009078979492
    ]
  ],
  "covariance_short": [
    [
      30.333599090576172,
      7.900271892547607,
      7.77150297164917,
      3.4463322162628174,
      3.294921875,
      0.7212138772010803,
      2.3051671981811523,
      1.3635411262512207,
      2.579007863998413,
      2.368924617767334,
      3.134307622909546,
      2.0586702823638916,
      1.635970115661621,
      1.5775694847106934,
      1.5791529417037964,
      2.4547204971313477,
      6.832521438598633,
      7.181084156036377
    ],
    [
      7.900271892547607,
      49.707210540771484,
      2.5230062007904053,
      9.852007865905762,
      8.625186920166016,
      9.308741569519043,
      11.310423851013184,
      14.482358932495117,
      10.022768020629883,
      11.699996948242188,
      9.161920547485352,
      9.648472785949707,
      2.5586092472076416,
      6.639642715454102,
      3.8746378421783447,
      6.20889139175415,
      1.6637569665908813,
      4.461251735687256
    ],
    [
      7.77150297164917,
      2.5230062007904053,
      21.027706146240234,
      11.98388385772705,
      7.039085865020752,
      5.551253318786621,
      6.493067741394043,
      9.123844146728516,
      7.60026741027832,
      8.402436256408691,
      7.829181671142578,
      6.734019756317139,
      10.582048416137695,
      9.30573844909668,
      9.30174732208252,
      9.855443954467773,
      10.153182029724121,
      11.237764358520508
    ],
    [
      3.4463322162628174,
      9.852007865905762,
      11.98388385772705,
      26.54456329345703,
      8.514334678649902,
      11.210253715515137,
      10.304121017456055,
      14.998485565185547,
      10.681398391723633,
      13.798253059387207,
      9.343244552612305,
      11.187511444091797,
      10.030172348022461,
      11.643538475036621,
      9.608682632446289,
      11.531898498535156,
      8.741950035095215,
      10.96231460571289
    ],
    [
      3.294921875,
      8.625186920166016,
      7.039085865020752,
      8.514334678649902,
      28.464000701904297,
      16.196495056152344,
      23.831666946411133,
      19.493480682373047,
      19.7379150390625,
      16.25299835205078,
      16.996654510498047,
      10.974068641662598,
      7.94553279876709,
      6.591641902923584,
      7.024368762969971,
      6.0548624992370605,
      5.431230068206787,
      6.1645121574401855
    ],
    [
      0.7212138772010803,
      9.308741569519043,
      5.551253318786621,
      11.210253715515137,
      16.196495056152344,
      29.93887710571289,
      21.443889617919922,
      28.06349754333496,
      20.701921463012695,
      24.88353729248047,
      15.307548522949219,
      16.958019256591797,
      9.468307495117188,
      12.751472473144531,
      7.205991744995117,
      9.949019432067871,
      1.8498040437698364,
      5.312102317810059
    ],
    [
      2.3051671981811523,
      11.310423851013184,
      6.493067741394043,
      10.304121017456055,
      23.831666946411133,
      21.443889617919922,
      45.894737243652344,
      35.481353759765625,
      29.085445404052734,
      29.12514305114746,
      24.464160919189453,
      19.801015853881836,
      15.200562477111816,
      15.673360824584961,
      12.070464134216309,
      12.805679321289062,
      6.282784461975098,
      9.089996337890625
    ],
    [
      1.3635411262512207,
      14.482358932495117,
      9.123844146728516,
      14.998485565185547,
      19.493480682373047,
      28.06349754333496,
      35.481353759765625,
      51.177589416503906,
      30.454662322998047,
      39.406959533691406,
      24.796142578125,
      28.337650299072266,
      19.826629638671875,
      24.964902877807617,
      16.56297492980957,
      20.29578971862793,
      5.295578956604004,
      11.171751022338867
    ],
    [
      2.579007863998413,
      10.022768020629883,
      7.60026741027832,
      10.681398391723633,
      19.7379150390625,
      20.701921463012695,
      29.085445404052734,
      30.454662322998047,
      40.14381790161133,
      32.78499221801758,
      26.250547409057617,
      20.415597915649414,
      15.785632133483887,
      15.356729507446289,
      11.094622611999512,
      11.215296745300293,
      5.379926681518555,
      8.026522636413574
    ],
    [
      2.368924617767334,
      11.699996948242188,
      8.402436256408691,
      13.798253059387207,
      16.25299835205078,
      24.88353729248047,
      29.12514305114746,
      39.406959533691406,
      32.78499221801758,
      43.692264556884766,
      23.907075881958008,
      27.88259506225586,
      18.275653839111328,
      22.812744140625,
      13.443684577941895,
      16.549907684326172,
      5.768242835998535,
      10.565536499023438
    ],
    [
      3.134307622909546,
      9.161920547485352,
      7.829181671142578,
      9.343244552612305,
      16.996654510498047,
      15.307548522949219,
      24.464160919189453,
      24.796142578125,
      26.250547409057617,
      23.907075881958008,
      28.522375106811523,
      19.198772430419922,
      18.993114471435547,
      16.5064640045166,
      14.150945663452148,
      13.089770317077637,
      7.071757793426514,
      9.397784233093262
    ],
    [
      2.0586702823638916,
      9.648472785949707,
      6.734019756317139,
      11.187511444091797,
      10.974068641662598,
      16.958019256591797,
      19.801015853881836,
      28.337650299072266,
      20.415597915649414,
      27.88259506225586,
      19.198772430419922,
      25.570659637451172,
      18.14194107055664,
      22.806121826171875,
      13.705286979675293,
      16.91834259033203,
      6.746584415435791,
      11.401155471801758
    ],
    [
      1.635970115661621,
      2.5586092472076416,
      10.582048416137695,
      10.030172348022461,
      7.94553279876709,
      9.468307495117188,
      15.200562477111816,
      19.826629638671875,
      15.785632133483887,
      18.275653839111328,
      18.993114471435547,
      18.14194107055664,
      38.4144401550293,
      33.12367248535156,
      30.94150161743164,
      31.050731658935547,
      21.508764266967773,
      24.64060401916504
    ],
    [
      1.5775694847106934,
      6.639642715454102,
      9.30573844909668,
      11.643538475036621,
      6.591641902923584,
      12.751472473144531,
      15.673360824584961,
      24.964902877807617,
      15.356729507446289,
      22.812744140625,
      16.5064640045166,
      22.806121826171875,
      33.12367248535156,
      40.00537872314453,
      28.501028060913086,
      34.84738540649414,
      19.14986801147461,
      26.17005157470703
    ],
    [
      1.5791529417037964,
      3.8746378421783447,
      9.30174732208252,
      9.608682632446289,
      7.024368762969971,
      7.205991744995117,
      12.070464134216309,
      16.56297492980957,
      11.094622611999512,
      13.443684577941895,
      14.150945663452148,
      13.705286979675293,
      30.94150161743164,
      28.501028060913086,
      37.46451950073242,
      37.33573913574219,
      26.77713966369629,
      29.932321548461914
    ],
    [
      2.4547204971313477,
      6.20889139175415,
      9.855443954467773,
      11.531898498535156,
      6.0548624992370605,
      9.949019432067871,
      12.805679321289062,
      20.29578971862793,
      11.215296745300293,
      16.549907684326172,
      13.089770317077637,
      16.91834259033203,
      31.050731658935547,
      34.84738540649414,
      37.33573913574219,
      43.975746154785156,
      29.259033203125,
      35.88964080810547
    ],
    [
      6.832521438598633,
      1.6637569665908813,
      10.153182029724121,
      8.741950035095215,
      5.431230068206787,
      1.8498040437698364,
      6.282784461975098,
      5.295578956604004,
      5.379926681518555,
      5.768242835998535,
      7.071757793426514,
      6.746584415435791,
      21.508764266967773,
      19.14986801147461,
      26.77713966369629,
      29.259033203125,
      45.143131256103516,
      45.2043342590332
    ],
    [
      7.181084156036377,
      4.461251735687256,
      11.237764358520508,
      10.96231460571289,
      6.1645121574401855,
      5.312102317810059,
      9.089996337890625,
      11.171751022338867,
      8.026522636413574,
      10.565536499023438,
      9.397784233093262,
      11.401155471801758,
      24.64060401916504,
      26.17005157470703,
      29.932321548461914,
      35.88964080810547,
      45.2043342590332,
      49.9865608215332
    ]
  ],
  "damage": -6.572113990783691,
  "diff_bandwidth": 660.5548706054688,
  "dissonance": 9.70818716028204,
  "drr": 14.803417205810547,
  "dynamics": 2.4520671367645264,
  "format": 1245190,
  "frames": 11637696,
  "loudness": -10.663040161132812,
  "loudness_range": 5.587274551391602,
  "loudness_range_short": 9.09826374053955,
  "lowpass_true_peak_15khz": 0.5554237365722656,
  "mastering3_acoustic_entropies": [
    {
      "acoustic_entropy": 6.942439079284668,
      "acoustic_entropy_mono": 6.71632719039917,
      "band_eliminated_acoustic_entropies": [
        {
          "acoustic_entropy": 6.8712358474731445,
          "acoustic_entropy_side": 6.942455291748047,
          "hz": 129.47220167065723
        },
        {
          "acoustic_entropy": 6.878000736236572,
          "acoustic_entropy_side": 6.934271335601807,
          "hz": 202.92927478742237
        },
        {
          "acoustic_entropy": 7.353156566619873,
          "acoustic_entropy_side": 6.89491605758667,
          "hz": 282.89161906338205
        },
        {
          "acoustic_entropy": 6.901743412017822,
          "acoustic_entropy_side": 6.940526962280273,
          "hz": 369.9353335868758
        },
        {
          "acoustic_entropy": 6.805952548980713,
          "acoustic_entropy_side": 6.957907676696777,
          "hz": 464.6875360973435
        },
        {
          "acoustic_entropy": 7.12630558013916,
          "acoustic_entropy_side": 7.02993631362915,
          "hz": 567.8308811364784
        },
        {
          "acoustic_entropy": 6.842419147491455,
          "acoustic_entropy_side": 6.844632148742676,
          "hz": 680.1084783214808
        },
        {
          "acoustic_entropy": 7.134420394897461,
          "acoustic_entropy_side": 7.046459674835205,
          "hz": 802.3292461747484
        },
        {
          "acoustic_entropy": 6.831388473510742,
          "acoustic_entropy_side": 6.925008296966553,
          "hz": 935.3737400823702
        },
        {
          "acoustic_entropy": 7.547835826873779,
          "acoustic_entropy_side": 6.8863725662231445,
          "hz": 1080.2004963696966
        },
        {
          "acoustic_entropy": 6.836574077606201,
          "acoustic_entropy_side": 6.862597465515137,
          "hz": 1237.8529382007157
        },
        {
          "acoustic_entropy": 6.885490417480469,
          "acoustic_entropy_side": 6.976551532745361,
          "hz": 1409.4668930556702
        },
        {
          "acoustic_entropy": 7.500796318054199,
          "acoustic_entropy_side": 6.964856147766113,
          "hz": 1596.2787759475705
        },
        {
          "acoustic_entropy": 6.954638481140137,
          "acoustic_entropy_side": 6.75662088394165,
          "hz": 1799.6344973346393
        },
        {
          "acoustic_entropy": 7.182163715362549,
          "acoustic_entropy_side": 6.873472213745117,
          "hz": 2020.9991599069049
        },
        {
          "acoustic_entropy": 7.001562595367432,
          "acoustic_entropy_side": 6.987008571624756,
          "hz": 2261.9676141086993
        },
        {
          "acoustic_entropy": 6.755344390869141,
          "acoustic_entropy_side": 7.027883529663086,
          "hz": 2524.2759484456974
        },
        {
          "acoustic_entropy": 6.932971477508545,
          "acoustic_entropy_side": 7.006385326385498,
          "hz": 2809.813997359896
        },
        {
          "acoustic_entropy": 6.934718608856201,
          "acoustic_entropy_side": 6.966012001037598,
          "hz": 3120.6389567871424
        },
        {
          "acoustic_entropy": 6.905771732330322,
          "acoustic_entropy_side": 6.995748519897461,
          "hz": 3458.990205492291
        },
        {
          "acoustic_entropy": 7.022740840911865,
          "acoustic_entropy_side": 6.976479530334473,
          "hz": 3827.305438964164
        },
        {
          "acoustic_entropy": 6.769790172576904,
          "acoustic_entropy_side": 6.952412128448486,
          "hz": 4228.238232109126
        },
        {
          "acoustic_entropy": 6.8323163986206055,
          "acoustic_entropy_side": 6.907900810241699,
          "hz": 4664.6771572759235
        },
        {
          "acoustic_entropy": 7.037865161895752,
          "acoustic_entropy_side": 6.897215366363525,
          "hz": 5139.766595350093
        },
        {
          "acoustic_entropy": 6.978073596954346,
          "acoustic_entropy_side": 6.873544692993164,
          "hz": 5656.929389854203
        },
        {
          "acoustic_entropy": 7.001256465911865,
          "acoustic_entropy_side": 6.9355316162109375,
          "hz": 6219.891507268283
        },
        {
          "acoustic_entropy": 6.78994083404541,
          "acoustic_entropy_side": 6.896839618682861,
          "hz": 6832.70888123896
        },
        {
          "acoustic_entropy": 6.844987392425537,
          "acoustic_entropy_side": 6.905333995819092,
          "hz": 7499.796634079867
        },
        {
          "acoustic_entropy": 6.8740739822387695,
          "acoustic_entropy_side": 6.947247505187988,
          "hz": 8225.96088609342
        },
        {
          "acoustic_entropy": 6.896548271179199,
          "acoustic_entropy_side": 6.970972537994385,
          "hz": 9016.43338188839
        },
        {
          "acoustic_entropy": 6.841917991638184,
          "acoustic_entropy_side": 6.952772617340088,
          "hz": 9876.909183162974
        },
        {
          "acoustic_entropy": 6.967655181884766,
          "acoustic_entropy_side": 6.986048698425293,
          "hz": 10813.587699516042
        },
        {
          "acoustic_entropy": 6.961311340332031,
          "acoustic_entropy_side": 6.93785285949707,
          "hz": 11833.21735289826
        },
        {
          "acoustic_entropy": 7.036923408508301,
          "acoustic_entropy_side": 6.9637274742126465,
          "hz": 12943.144197493959
        },
        {
          "acoustic_entropy": 6.954339981079102,
          "acoustic_entropy_side": 6.950262069702148,
          "hz": 14151.364845322005
        },
        {
          "acoustic_entropy": 6.934136867523193,
          "acoustic_entropy_side": 6.941180229187012,
          "hz": 15466.58407886509
        },
        {
          "acoustic_entropy": 7.005030155181885,
          "acoustic_entropy_side": 6.941722393035889,
          "hz": 16898.27756580493
        },
        {
          "acoustic_entropy": 7.004152774810791,
          "acoustic_entropy_side": 6.943549156188965,
          "hz": 18456.760127700032
        },
        {
          "acoustic_entropy": 7.024872779846191,
          "acoustic_entropy_side": 6.940099716186523,
          "hz": 20153.260054456492
        },
        {
          "acoustic_entropy": 6.947603702545166,
          "acoustic_entropy_side": 6.940427780151367,
          "hz": 22000.00000000001
        }
      ],
      "diff_acoustic_entropy": 5.643955230712891,
      "sn": 6
    },
    {
      "acoustic_entropy": 12.060274124145508,
      "acoustic_entropy_mono": 11.045604705810547,
      "band_eliminated_acoustic_entropies": [
        {
          "acoustic_entropy": 11.008591651916504,
          "acoustic_entropy_side": 12.060516357421875,
          "hz": 129.47220167065723
        },
        {
          "acoustic_entropy": 11.728912353515625,
          "acoustic_entropy_side": 12.023433685302734,
          "hz": 202.92927478742237
        },
        {
          "acoustic_entropy": 12.219328880310059,
          "acoustic_entropy_side": 12.342344284057617,
          "hz": 282.89161906338205
        },
        {
          "acoustic_entropy": 11.931843757629395,
          "acoustic_entropy_side": 11.997469902038574,
          "hz": 369.9353335868758
        },
        {
          "acoustic_entropy": 12.141843795776367,
          "acoustic_entropy_side": 11.547313690185547,
          "hz": 464.6875360973435
        },
        {
          "acoustic_entropy": 11.917314529418945,
          "acoustic_entropy_side": 11.854562759399414,
          "hz": 567.8308811364784
        },
        {
          "acoustic_entropy": 11.175834655761719,
          "acoustic_entropy_side": 11.97220230102539,
          "hz": 680.1084783214808
        },
        {
          "acoustic_entropy": 11.632368087768555,
          "acoustic_entropy_side": 11.93810749053955,
          "hz": 802.3292461747484
        },
        {
          "acoustic_entropy": 11.590513229370117,
          "acoustic_entropy_side": 12.078154563903809,
          "hz": 935.3737400823702
        },
        {
          "acoustic_entropy": 12.183584213256836,
          "acoustic_entropy_side": 12.052498817443848,
          "hz": 1080.2004963696966
        },
        {
          "acoustic_entropy": 12.079322814941406,
          "acoustic_entropy_side": 11.999324798583984,
          "hz": 1237.8529382007157
        },
        {
          "acoustic_entropy": 11.661197662353516,
          "acoustic_entropy_side": 11.909605026245117,
          "hz": 1409.4668930556702
        },
        {
          "acoustic_entropy": 12.36807632446289,
          "acoustic_entropy_side": 12.108536720275879,
          "hz": 1596.2787759475705
        },
        {
          "acoustic_entropy": 11.50499439239502,
          "acoustic_entropy_side": 11.9403657913208,
          "hz": 1799.6344973346393
        },
        {
          "acoustic_entropy": 11.80528450012207,
          "acoustic_entropy_side": 12.050191879272461,
          "hz": 2020.9991599069049
        },
        {
          "acoustic_entropy": 12.165243148803711,
          "acoustic_entropy_side": 12.182198524475098,
          "hz": 2261.9676141086993
        },
        {
          "acoustic_entropy": 12.17839241027832,
          "acoustic_entropy_side": 12.082804679870605,
          "hz": 2524.2759484456974
        },
        {
          "acoustic_entropy": 12.090117454528809,
          "acoustic_entropy_side": 12.025358200073242,
          "hz": 2809.813997359896
        },
        {
          "acoustic_entropy": 12.282899856567383,
          "acoustic_entropy_side": 11.92612075805664,
          "hz": 3120.6389567871424
        },
        {
          "acoustic_entropy": 11.99428939819336,
          "acoustic_entropy_side": 12.216385841369629,
          "hz": 3458.990205492291
        },
        {
          "acoustic_entropy": 11.76692008972168,
          "acoustic_entropy_side": 11.973248481750488,
          "hz": 3827.305438964164
        },
        {
          "acoustic_entropy": 11.828368186950684,
          "acoustic_entropy_side": 12.08771800994873,
          "hz": 4228.238232109126
        },
        {
          "acoustic_entropy": 12.0591402053833,
          "acoustic_entropy_side": 12.055438995361328,
          "hz": 4664.6771572759235
        },
        {
          "acoustic_entropy": 12.334517478942871,
          "acoustic_entropy_side": 11.950981140136719,
          "hz": 5139.766595350093
        },
        {
          "acoustic_entropy": 12.21616268157959,
          "acoustic_entropy_side": 11.875372886657715,
          "hz": 5656.929389854203
        },
        {
          "acoustic_entropy": 12.000450134277344,
          "acoustic_entropy_side": 11.987092018127441,
          "hz": 6219.891507268283
        },
        {
          "acoustic_entropy": 11.58837890625,
          "acoustic_entropy_side": 11.898838996887207,
          "hz": 6832.70888123896
        },
        {
          "acoustic_entropy": 11.913393020629883,
          "acoustic_entropy_side": 11.928576469421387,
          "hz": 7499.796634079867
        },
        {
          "acoustic_entropy": 11.851644515991211,
          "acoustic_entropy_side": 11.953840255737305,
          "hz": 8225.96088609342
        },
        {
          "acoustic_entropy": 12.077790260314941,
          "acoustic_entropy_side": 12.021759986877441,
          "hz": 9016.43338188839
        },
        {
          "acoustic_entropy": 11.930977821350098,
          "acoustic_entropy_side": 12.073295593261719,
          "hz": 9876.909183162974
        },
        {
          "acoustic_entropy": 12.177934646606445,
          "acoustic_entropy_side": 12.108745574951172,
          "hz": 10813.587699516042
        },
        {
          "acoustic_entropy": 12.216100692749023,
          "acoustic_entropy_side": 12.051776885986328,
          "hz": 11833.21735289826
        },
        {
          "acoustic_entropy": 12.077378273010254,
          "acoustic_entropy_side": 12.107047080993652,
          "hz": 12943.144197493959
        },
        {
          "acoustic_entropy": 11.900200843811035,
          "acoustic_entropy_side": 12.064494132995605,
          "hz": 14151.364845322005
        },
        {
          "acoustic_entropy": 11.768641471862793,
          "acoustic_entropy_side": 12.024855613708496,
          "hz": 15466.58407886509
        },
        {
          "acoustic_entropy": 11.703032493591309,
          "acoustic_entropy_side": 12.008783340454102,
          "hz": 16898.27756580493
        },
        {
          "acoustic_entropy": 11.454989433288574,
          "acoustic_entropy_side": 11.969422340393066,
          "hz": 18456.760127700032
        },
        {
          "acoustic_entropy": 11.793192863464355,
          "acoustic_entropy_side": 11.982222557067871,
          "hz": 20153.260054456492
        },
        {
          "acoustic_entropy": 11.948508262634277,
          "acoustic_entropy_side": 12.032647132873535,
          "hz": 22000.00000000001
        }
      ],
      "diff_acoustic_entropy": 9.492366790771484,
      "sn": 12
    },
    {
      "acoustic_entropy": 17.345603942871094,
      "acoustic_entropy_mono": 14.269527435302734,
      "band_eliminated_acoustic_entropies": [
        {
          "acoustic_entropy": 17.714466094970703,
          "acoustic_entropy_side": 17.385251998901367,
          "hz": 129.47220167065723
        },
        {
          "acoustic_entropy": 17.66259765625,
          "acoustic_entropy_side": 17.245677947998047,
          "hz": 202.92927478742237
        },
        {
          "acoustic_entropy": 16.858081817626953,
          "acoustic_entropy_side": 16.78264808654785,
          "hz": 282.89161906338205
        },
        {
          "acoustic_entropy": 17.605663299560547,
          "acoustic_entropy_side": 17.646575927734375,
          "hz": 369.9353335868758
        },
        {
          "acoustic_entropy": 17.774803161621094,
          "acoustic_entropy_side": 17.498414993286133,
          "hz": 464.6875360973435
        },
        {
          "acoustic_entropy": 17.7684268951416,
          "acoustic_entropy_side": 17.72382926940918,
          "hz": 567.8308811364784
        },
        {
          "acoustic_entropy": 17.982219696044922,
          "acoustic_entropy_side": 17.80457305908203,
          "hz": 680.1084783214808
        },
        {
          "acoustic_entropy": 17.60457992553711,
          "acoustic_entropy_side": 17.932926177978516,
          "hz": 802.3292461747484
        },
        {
          "acoustic_entropy": 17.067209243774414,
          "acoustic_entropy_side": 17.440248489379883,
          "hz": 935.3737400823702
        },
        {
          "acoustic_entropy": 18.45003890991211,
          "acoustic_entropy_side": 17.799915313720703,
          "hz": 1080.2004963696966
        },
        {
          "acoustic_entropy": 17.430723190307617,
          "acoustic_entropy_side": 17.338138580322266,
          "hz": 1237.8529382007157
        },
        {
          "acoustic_entropy": 17.440702438354492,
          "acoustic_entropy_side": 17.463886260986328,
          "hz": 1409.4668930556702
        },
        {
          "acoustic_entropy": 17.68683433532715,
          "acoustic_entropy_side": 17.429731369018555,
          "hz": 1596.2787759475705
        },
        {
          "acoustic_entropy": 16.699737548828125,
          "acoustic_entropy_side": 17.433462142944336,
          "hz": 1799.6344973346393
        },
        {
          "acoustic_entropy": 17.320301055908203,
          "acoustic_entropy_side": 17.690086364746094,
          "hz": 2020.9991599069049
        },
        {
          "acoustic_entropy": 17.278440475463867,
          "acoustic_entropy_side": 17.0203800201416,
          "hz": 2261.9676141086993
        },
        {
          "acoustic_entropy": 17.377361297607422,
          "acoustic_entropy_side": 17.344955444335938,
          "hz": 2524.2759484456974
        },
        {
          "acoustic_entropy": 17.035547256469727,
          "acoustic_entropy_side": 17.122352600097656,
          "hz": 2809.813997359896
        },
        {
