{
  "acoustic_entropy": 220.77816772460938,
  "bands": [
    {
      "high_freq": 148.1999969482422,
      "loudness": -29.036651611328125,
      "loudness_range": 13.153287887573242,
      "mid_mean": -26.4577579498291,
      "mid_to_side_loudness": -8.279180526733398,
      "mid_to_side_loudness_range": 20.20403289794922,
      "side_mean": -36.38032531738281
    },
    {
      "high_freq": 392.3793640136719,
      "loudness": -24.343984603881836,
      "loudness_range": 10.115163803100586,
      "low_freq": 148.1999969482422,
      "mid_mean": -22.066837310791016,
      "mid_to_side_loudness": -4.4735798835754395,
      "mid_to_side_loudness_range": 6.90023136138916,
      "side_mean": -26.62795639038086
    },
    {
      "high_freq": 794.6976318359375,
      "loudness": -24.397634506225586,
      "loudness_range": 7.358381271362305,
      "low_freq": 392.3793640136719,
      "mid_mean": -21.82433319091797,
      "mid_to_side_loudness": -5.77144193649292,
      "mid_to_side_loudness_range": 7.570242881774902,
      "side_mean": -27.68651008605957
    },
    {
      "high_freq": 1457.5709228515625,
      "loudness": -24.34181022644043,
      "loudness_range": 8.375844955444336,
      "low_freq": 794.6976318359375,
      "mid_mean": -21.780431747436523,
      "mid_to_side_loudness": -5.6638078689575195,
      "mid_to_side_loudness_range": 8.487774848937988,
      "side_mean": -27.63777732849121
    },
    {
      "high_freq": 2549.74365234375,
      "loudness": -26.819629669189453,
      "loudness_range": 11.864253997802734,
      "low_freq": 1457.5709228515625,
      "mid_mean": -24.32045555114746,
      "mid_to_side_loudness": -5.286719799041748,
      "mid_to_side_loudness_range": 7.029573440551758,
      "side_mean": -29.760128021240234
    },
    {
      "high_freq": 4349.24462890625,
      "loudness": -27.51970863342285,
      "loudness_range": 12.482948303222656,
      "low_freq": 2549.74365234375,
      "mid_mean": -25.280059814453125,
      "mid_to_side_loudness": -4.3104143142700195,
      "mid_to_side_loudness_range": 7.050680160522461,
      "side_mean": -29.721792221069336
    },
    {
      "high_freq": 7314.1640625,
      "loudness": -32.933753967285156,
      "loudness_range": 13.833782196044922,
      "low_freq": 4349.24462890625,
      "mid_mean": -30.88963508605957,
      "mid_to_side_loudness": -3.713181972503662,
      "mid_to_side_loudness_range": 5.659598350524902,
      "side_mean": -34.678733825683594
    },
    {
      "high_freq": 12199.2666015625,
      "loudness": -40.026241302490234,
      "loudness_range": 14.061973571777344,
      "low_freq": 7314.1640625,
      "mid_mean": -38.22140884399414,
      "mid_to_side_loudness": -3.2185864448547363,
      "mid_to_side_loudness_range": 5.83081579208374,
      "side_mean": -41.538002014160156
    },
    {
      "loudness": -48.09994125366211,
      "loudness_range": 20.91241455078125,
      "low_freq": 12199.2666015625,
      "mid_mean": -46.57350158691406,
      "mid_to_side_loudness": -2.823540687561035,
      "mid_to_side_loudness_range": 7.372189998626709,
      "side_mean": -50.39762496948242
    }
  ],
  "bands_short": [
    {
      "high_freq": 148.1999969482422,
      "loudness": -35.81590270996094,
      "loudness_range": 22.6453914642334,
      "mid_mean": -33.59036636352539,
      "mid_to_side_loudness": -9.066123962402344,
      "mid_to_side_loudness_range": 25.96230697631836,
      "side_mean": -44.43096923828125
    },
    {
      "high_freq": 392.3793640136719,
      "loudness": -24.315689086914062,
      "loudness_range": 13.188873291015625,
      "low_freq": 148.1999969482422,
      "mid_mean": -22.189861297607422,
      "mid_to_side_loudness": -4.528743743896484,
      "mid_to_side_loudness_range": 11.351341247558594,
      "side_mean": -26.924942016601562
    },
    {
      "high_freq": 794.6976318359375,
      "loudness": -25.101804733276367,
      "loudness_range": 10.499317169189453,
      "low_freq": 392.3793640136719,
      "mid_mean": -22.84259605407715,
      "mid_to_side_loudness": -5.168621063232422,
      "mid_to_side_loudness_range": 11.09060001373291,
      "side_mean": -28.086589813232422
    },
    {
      "high_freq": 1457.5709228515625,
      "loudness": -24.657703399658203,
      "loudness_range": 11.147771835327148,
      "low_freq": 794.6976318359375,
      "mid_mean": -22.398706436157227,
      "mid_to_side_loudness": -5.173160076141357,
      "mid_to_side_loudness_range": 11.909259796142578,
      "side_mean": -27.74800682067871
    },
    {
      "high_freq": 2549.74365234375,
      "loudness": -27.604257583618164,
      "loudness_range": 15.087055206298828,
      "low_freq": 1457.5709228515625,
      "mid_mean": -25.352296829223633,
      "mid_to_side_loudness": -4.851898193359375,
      "mid_to_side_loudness_range": 9.903607368469238,
      "side_mean": -30.324588775634766
    },
    {
      "high_freq": 4349.24462890625,
      "loudness": -28.303590774536133,
      "loudness_range": 16.403018951416016,
      "low_freq": 2549.74365234375,
      "mid_mean": -26.374183654785156,
      "mid_to_side_loudness": -3.818166971206665,
      "mid_to_side_loudness_range": 9.264496803283691,
      "side_mean": -30.287805557250977
    },
    {
      "high_freq": 7314.1640625,
      "loudness": -34.25287628173828,
      "loudness_range": 18.885555267333984,
      "low_freq": 4349.24462890625,
      "mid_mean": -32.54419708251953,
      "mid_to_side_loudness": -3.2512638568878174,
      "mid_to_side_loudness_range": 7.576150417327881,
      "side_mean": -35.88848114013672
    },
    {
      "high_freq": 12199.2666015625,
      "loudness": -42.53728485107422,
      "loudness_range": 23.221134185791016,
      "low_freq": 7314.1640625,
      "mid_mean": -41.173309326171875,
      "mid_to_side_loudness": -2.9641177654266357,
      "mid_to_side_loudness_range": 7.530152320861816,
      "side_mean": -44.17000961303711
    },
    {
      "loudness": -54.325313568115234,
      "loudness_range": 33.661773681640625,
      "low_freq": 12199.2666015625,
      "mid_mean": -53.086605072021484,
      "mid_to_side_loudness": -2.9246678352355957,
      "mid_to_side_loudness_range": 7.524612903594971,
      "side_mean": -55.6218376159668
    }
  ],
  "bandwidth": 778.3221435546875,
  "channels": 2,
  "covariance": [
    [
      34.196075439453125,
      13.738768577575684,
      6.925123691558838,
      3.4974889755249023,
      -0.894221305847168,
      -1.7378559112548828,
      0.07170890271663666,
      -0.6178395748138428,
      2.599212408065796,
      1.7678076028823853,
      1.462839126586914,
      0.505615770816803,
      2.6683754920959473,
      0.4662500023841858,
      2.6401419639587402,
      0.9954779148101807,
      11.032403945922852,
      13.548497200012207
    ],
    [
      13.738768577575684,
      58.615989685058594,
      10.630648612976074,
      13.207239151000977,
      -3.8983731269836426,
      -1.1941293478012085,
      -3.370095729827881,
      -1.6393202543258667,
      6.062727928161621,
      6.738574981689453,
      4.220443248748779,
      4.10373067855835,
      3.6837666034698486,
      2.8688113689422607,
      4.399902820587158,
      1.502435326576233,
      -2.1697282791137695,
      -2.52779483795166
    ],
    [
      6.925123691558838,
      10.630648612976074,
      15.799172401428223,
      13.66528606414795,
      2.5872130393981934,
      4.124661445617676,
      1.177537202835083,
      0.9689337611198425,
      3.0954935550689697,
      3.959852457046509,
      3.639817953109741,
      5.229413032531738,
      3.1800451278686523,
      3.4093635082244873,
      2.863064765930176,
      2.4858508110046387,
      0.9353479743003845,
      2.4927783012390137
    ],
    [
      3.4974889755249023,
      13.207239151000977,
      13.66528606414795,
      17.639333724975586,
      1.5817605257034302,
      4.5226874351501465,
      -0.7106330394744873,
      0.9360069632530212,
      2.7497994899749756,
      4.8110857009887695,
      3.4207024574279785,
      6.066073417663574,
      2.2915964126586914,
      3.4835731983184814,
      2.05665922164917,
      2.015052080154419,
      -3.583841562271118,
      -2.5525853633880615
    ],
    [
      -0.894221305847168,
      -3.8983731269836426,
      2.5872130393981934,
      1.5817605257034302,
      10.092508316040039,
      6.3419575691223145,
      8.133687019348145,
      4.544741153717041,
      5.600982666015625,
      3.4621787071228027,
      6.203220844268799,
      4.640105724334717,
      4.967297554016113,
      3.9122426509857178,
      4.450202941894531,
      3.451883316040039,
      2.4302399158477783,
      1.433616280555725
    ],
    [
      -1.7378559112548828,
      -1.1941293478012085,
      4.124661445617676,
      4.5226874351501465,
      6.3419575691223145,
      9.553914070129395,
      4.785229206085205,
      4.673809051513672,
      3.4586503505706787,
      4.121809959411621,
      4.077122211456299,
      4.528082847595215,
      1.9888335466384888,
      2.537956476211548,
      1.2439992427825928,
      1.4165605306625366,
      -2.694718360900879,
      -2.275303602218628
    ],
    [
      0.07170890271663666,
      -3.370095729827881,
      1.177537202835083,
      -0.7106330394744873,
      8.133687019348145,
      4.785229206085205,
      14.375500679016113,
      8.82184886932373,
      10.833694458007812,
      7.49008846282959,
      11.026480674743652,
      8.572162628173828,
      10.167550086975098,
      8.129112243652344,
      8.950807571411133,
      7.732921123504639,
      8.315780639648438,
      7.560772895812988
    ],
    [
      -0.6178395748138428,
      -1.6393202543258667,
      0.9689337611198425,
      0.9360069632530212,
      4.544741153717041,
      4.673809051513672,
      8.82184886932373,
      10.751143455505371,
      8.357335090637207,
      9.536493301391602,
      9.258323669433594,
      10.329745292663574,
      7.855698108673096,
      8.01598072052002,
      5.84568977355957,
      6.469264030456543,
      3.8964247703552246,
      5.111004829406738
    ],
    [
      2.599212408065796,
      6.062727928161621,
      3.0954935550689697,
      2.7497994899749756,
      5.600982666015625,
      3.4586503505706787,
      10.833694458007812,
      8.357335090637207,
      21.90251350402832,
      19.156274795532227,
      20.708189010620117,
      18.135774612426758,
      19.748943328857422,
      16.655149459838867,
      17.513574600219727,
      14.458121299743652,
      8.515214920043945,
      5.58587646484375
    ],
    [
      1.7678076028823853,
      6.738574981689453,
      3.959852457046509,
      4.8110857009887695,
      3.4621787071228027,
      4.121809959411621,
      7.49008846282959,
      9.536493301391602,
      19.156274795532227,
      22.28687286376953,
      19.46101951599121,
      20.83665657043457,
      18.572782516479492,
      17.709407806396484,
      15.638188362121582,
      14.098995208740234,
      3.880906105041504,
      2.4175498485565186
    ],
    [
      1.462839126586914,
      4.220443248748779,
      3.639817953109741,
      3.4207024574279785,
      6.203220844268799,
      4.077122211456299,
      11.026480674743652,
      9.258323669433594,
      20.708189010620117,
      19.46101951599121,
      25.334291458129883,
      23.154632568359375,
      22.784425735473633,
      20.274106979370117,
      19.960891723632812,
      16.74180030822754,
      8.693300247192383,
      4.988461017608643
    ],
    [
      0.505615770816803,
      4.10373067855835,
      5.229413032531738,
      6.066073417663574,
      4.640105724334717,
      4.528082847595215,
      8.572162628173828,
      10.329745292663574,
      18.135774612426758,
      20.83665657043457,
      23.154632568359375,
      26.916658401489258,
      20.813262939453125,
      21.34107208251953,
      17.158212661743164,
      16.48910140991211,
      5.606874465942383,
      4.21406364440918
    ],
    [
      2.6683754920959473,
      3.6837666034698486,
      3.1800451278686523,
      2.2915964126586914,
      4.967297554016113,
      1.9888335466384888,
      10.167550086975098,
      7.855698108673096,
      19.748943328857422,
      18.572782516479492,
      22.784425735473633,
      20.813262939453125,
      28.507543563842773,
      23.849721908569336,
      27.46682357788086,
      23.62708854675293,
      18.621829986572266,
      12.934051513671875
    ],
    [
      0.4662500023841858,
      2.8688113689422607,
      3.4093635082244873,
      3.4835731983184814,
      3.9122426509857178,
      2.537956476211548,
      8.129112243652344,
      8.01598072052002,
      16.655149459838867,
      17.709407806396484,
      20.274106979370117,
      21.34107208251953,
      23.849721908569336,
      24.19553565979004,
      22.98029136657715,
      22.525819778442383,
      15.93714427947998,
      13.769960403442383
    ],
    [
      2.6401419639587402,
      4.399902820587158,
      2.863064765930176,
      2.05665922164917,
      4.450202941894531,
      1.2439992427825928,
      8.950807571411133,
      5.84568977355957,
      17.513574600219727,
      15.638188362121582,
      19.960891723632812,
      17.158212661743164,
      27.46682357788086,
      22.98029136657715,
      33.2065544128418,
      28.74993896484375,
      26.191389083862305,
      20.009735107421875
    ],
    [
      0.9954779148101807,
      1.502435326576233,
      2.4858508110046387,
      2.015052080154419,
      3.451883316040039,
      1.4165605306625366,
      7.732921123504639,
      6.469264030456543,
      14.458121299743652,
      14.098995208740234,
      16.74180030822754,
      16.48910140991211,
      23.62708854675293,
      22.525819778442383,
      28.74993896484375,
      30.083087921142578,
      27.50778579711914,
      26.326061248779297
    ],
    [
      11.032403945922852,
      -2.1697282791137695,
      0.9353479743003845,
      -3.583841562271118,
      2.4302399158477783,
      -2.694718360900879,
      8.315780639648438,
      3.8964247703552246,
      8.515214920043945,
      3.880906105041504,
      8.693300247192383,
      5.606874465942383,
      18.621829986572266,
      15.93714427947998,
      26.191389083862305,
      27.50778579711914,
      55.186279296875,
      57.62944030761719
    ],
    [
      13.548497200012207,
      -2.52779483795166,
      2.4927783012390137,
      -2.5525853633880615,
      1.433616280555725,
      -2.275303602218628,
      7.560772895812988,
      5.111004829406738,
      5.58587646484375,
      2.4175498485565186,
      4.988461017608643,
      4.21406364440918,
      12.934051513671875,
      13.769960403442383,
      20.009735107421875,
      26.326061248779297,
      57.62944030761719,
      84.50139617919922
    ]
  ],
  "covariance_short": [
    [
      86.54332733154297,
      33.78276443481445,
      21.249401092529297,
      11.653997421264648,
      -0.9322413206100464,
      -1.117637038230896,
      -0.8974575996398926,
      -1.1181559562683105,
      2.569249153137207,
      1.9493424892425537,
      2.134754180908203,
      2.7315456867218018,
      1.9549983739852905,
      0.8325973153114319,
      0.060401108115911484,
      1.0025774240493774,
      15.191414833068848,
      18.79475975036621
    ],
    [
      33.78276443481445,
      71.18558502197266,
      16.774044036865234,
      20.97286605834961,
      -3.8713366985321045,
      -1.8713674545288086,
      -4.2628607749938965,
      -1.845272421836853,
      2.9867026805877686,
      3.7725720405578613,
      1.0522112846374512,
      2.2678914070129395,
      0.6894221901893616,
      1.0975306034088135,
      0.10871842503547668,
      0.9414201974868774,
      3.445894956588745,
      5.06389045715332
    ],
    [
      21.249401092529297,
      16.774044036865234,
      26.1514949798584,
      18.832908630371094,
      7.025485992431641,
      5.624027729034424,
      4.037926197052002,
      0.888975977897644,
      8.074851036071777,
      5.720586776733398,
      8.384146690368652,
      7.606395721435547,
      8.942201614379883,
      7.5868120193481445,
      8.972200393676758,
      8.234369277954102,
      14.47620964050293,
      14.432560920715332
    ],
    [
      11.653997421264648,
      20.97286605834961,
      18.832908630371094,
      27.14663314819336,
      4.927309036254883,
      6.397590160369873,
      1.0357332229614258,
      0.7216539978981018,
      6.835723400115967,
      6.470230579376221,
      7.068241119384766,
      7.810713291168213,
      7.016487121582031,
      7.129432201385498,
      7.08178186416626,
      7.353826522827148,
      8.962484359741211,
      9.184598922729492
    ],
    [
      -0.9322413206100464,
      -3.8713366985321045,
      7.025485992431641,
      4.927309036254883,
      19.408443450927734,
      9.201302528381348,
      13.851603507995605,
      5.568807601928711,
      12.112719535827637,
      5.947176933288574,
      13.118786811828613,
      7.931735515594482,
      11.687536239624023,
      8.60580062866211,
      12.872453689575195,
      10.264324188232422,
      15.07008171081543,
      12.094124794006348
    ],
    [
      -1.117637038230896,
      -1.8713674545288086,
      5.624027729034424,
      6.397590160369873,
      9.201302528381348,
      14.563462257385254,
      6.907985687255859,
      5.259006500244141,
      5.663778781890869,
      5.11987829208374,
      6.821823596954346,
      6.255663871765137,
      4.822908878326416,
      4.880915641784668,
      4.479681968688965,
      4.589434623718262,
      4.6942877769470215,
      4.184258937835693
    ],
    [
      -0.8974575996398926,
      -4.2628607749938965,
      4.037926197052002,
      1.0357332229614258,
      13.851603507995605,
      6.907985687255859,
      23.685102462768555,
      10.191486358642578,
      18.790367126464844,
      11.214333534240723,
      19.440187454223633,
      12.39126205444336,
      18.09043312072754,
      13.871292114257812,
      19.589542388916016,
      15.580141067504883,
      20.271398544311523,
      15.900394439697266
    ],
    [
      -1.1181559562683105,
      -1.845272421836853,
      0.888975977897644,
      0.7216539978981018,
      5.568807601928711,
      5.259006500244141,
      10.191486358642578,
      13.41446304321289,
      10.398778915405273,
      10.748635292053223,
      11.580666542053223,
      11.74655818939209,
      10.504631996154785,
      10.529473304748535,
      10.306952476501465,
      10.119061470031738,
      9.6045560836792,
      8.471445083618164
    ],
    [
      2.569249153137207,
      2.9867026805877686,
      8.074851036071777,
      6.835723400115967,
      12.112719535827637,
      5.663778781890869,
      18.790367126464844,
      10.398778915405273,
      34.98863983154297,
      25.35431480407715,
      32.941368103027344,
      25.658151626586914,
      33.729915618896484,
      27.84351348876953,
      35.38856506347656,
      29.793119430541992,
      30.646240234375,
      24.723064422607422
    ],
    [
      1.9493424892425537,
      3.7725720405578613,
      5.720586776733398,
      6.470230579376221,
      5.947176933288574,
      5.11987829208374,
      11.214333534240723,
      10.748635292053223,
      25.35431480407715,
      28.23319435119629,
      26.662498474121094,
      26.617218017578125,
      28.43460464477539,
      26.877235412597656,
      29.193574905395508,
      27.43061065673828,
      22.31215476989746,
      19.451282501220703
    ],
    [
      2.134754180908203,
      1.0522112846374512,
      8.384146690368652,
      7.068241119384766,
      13.118786811828613,
      6.821823596954346,
      19.440187454223633,
      11.580666542053223,
      32.941368103027344,
      26.662498474121094,
      41.82551956176758,
      33.043331146240234,
      40.950618743896484,
      34.341835021972656,
      43.279510498046875,
      37.12161636352539,
      36.88870620727539,
      30.021652221679688
    ],
    [
      2.7315456867218018,
      2.2678914070129395,
      7.606395721435547,
      7.810713291168213,
      7.931735515594482,
      6.255663871765137,
      12.39126205444336,
      11.74655818939209,
      25.658151626586914,
      26.617218017578125,
      33.043331146240234,
      36.481388092041016,
      34.72510528564453,
      33.60548400878906,
      35.80298614501953,
      34.520748138427734,
      28.958219528198242,
      26.19341468811035
    ],
    [
      1.9549983739852905,
      0.6894221901893616,
      8.942201614379883,
      7.016487121582031,
      11.687536239624023,
      4.822908878326416,
      18.09043312072754,
      10.504631996154785,
      33.729915618896484,
      28.43460464477539,
      40.950618743896484,
      34.72510528564453,
      53.83454132080078,
      44.14323043823242,
      57.478729248046875,
      50.48870849609375,
      51.5577278137207,
      43.323551177978516
    ],
    [
      0.8325973153114319,
      1.0975306034088135,
      7.5868120193481445,
      7.129432201385498,
      8.60580062866211,
      4.880915641784668,
      13.871292114257812,
      10.529473304748535,
      27.84351348876953,
      26.877235412597656,
      34.341835021972656,
      33.60548400878906,
      44.14323043823242,
      44.44217300415039,
      48.26116180419922,
      47.09370040893555,
      44.15928649902344,
      40.63718795776367
    ],
    [
      0.060401108115911484,
      0.10871842503547668,
      8.972200393676758,
      7.08178186416626,
      12.872453689575195,
      4.479681968688965,
      19.589542388916016,
      10.306952476501465,
      35.38856506347656,
      29.193574905395508,
      43.279510498046875,
      35.80298614501953,
      57.478729248046875,
      48.26116180419922,
      78.28983306884766,
      66.49490356445312,
      69.56356811523438,
      59.71696090698242
    ],
    [
      1.0025774240493774,
      0.9414201974868774,
      8.234369277954102,
      7.353826522827148,
      10.264324188232422,
      4.589434623718262,
      15.580141067504883,
      10.119061470031738,
      29.793119430541992,
      27.43061065673828,
      37.12161636352539,
      34.520748138427734,
      50.48870849609375,
      47.09370040893555,
      66.49490356445312,
      68.01243591308594,
      64.36392974853516,
      60.69775390625
    ],
    [
      15.191414833068848,
      3.445894956588745,
      14.47620964050293,
      8.962484359741211,
      15.07008171081543,
      4.6942877769470215,
      20.271398544311523,
      9.6045560836792,
      30.646240234375,
      22.31215476989746,
      36.88870620727539,
      28.958219528198242,
      51.5577278137207,
      44.15928649902344,
      69.56356811523438,
      64.36392974853516,
      101.8906478881836,
      94.70809173583984
    ],
    [
      18.79475975036621,
      5.06389045715332,
      14.432560920715332,
      9.184598922729492,
      12.094124794006348,
      4.184258937835693,
      15.900394439697266,
      8.471445083618164,
      24.723064422607422,
      19.451282501220703,
      30.021652221679688,
      26.19341468811035,
      43.323551177978516,
      40.63718795776367,
      59.71696090698242,
      60.69775390625,
      94.70809173583984,
      96.00450897216797
    ]
  ],
  "damage": -9.739842414855957,
  "diff_bandwidth": 814.9674072265625,
  "dissonance": 8.472651520738012,
  "drr": 2.5894041061401367,
  "dynamics": 2.261897325515747,
  "format": 1245190,
  "frames": 5066752,
  "loudness": -13.765436172485352,
  "loudness_range": 4.956998825073242,
  "loudness_range_short": 7.80198860168457,
  "lowpass_true_peak_15khz": 0.2702326774597168,
  "mastering3_acoustic_entropies": [
    {
      "acoustic_entropy": 5.525878429412842,
      "acoustic_entropy_mono": 6.080049514770508,
      "band_eliminated_acoustic_entropies": [
        {
          "acoustic_entropy": 5.517929553985596,
          "acoustic_entropy_side": 5.526243209838867,
          "hz": 129.47220167065723
        },
        {
          "acoustic_entropy": 5.669236183166504,
          "acoustic_entropy_side": 5.68292760848999,
          "hz": 202.92927478742237
        },
        {
          "acoustic_entropy": 5.23905611038208,
          "acoustic_entropy_side": 5.780595302581787,
          "hz": 282.89161906338205
        },
        {
          "acoustic_entropy": 5.963296413421631,
          "acoustic_entropy_side": 5.673790454864502,
          "hz": 369.9353335868758
        },
        {
          "acoustic_entropy": 6.064057350158691,
          "acoustic_entropy_side": 6.153886795043945,
          "hz": 464.6875360973435
        },
        {
          "acoustic_entropy": 6.046548366546631,
          "acoustic_entropy_side": 5.6941447257995605,
          "hz": 567.8308811364784
        },
        {
          "acoustic_entropy": 5.9466023445129395,
          "acoustic_entropy_side": 5.855042934417725,
          "hz": 680.1084783214808
        },
        {
          "acoustic_entropy": 5.160093307495117,
          "acoustic_entropy_side": 5.397152423858643,
          "hz": 802.3292461747484
        },
        {
          "acoustic_entropy": 5.976042747497559,
          "acoustic_entropy_side": 5.709763050079346,
          "hz": 935.3737400823702
        },
        {
          "acoustic_entropy": 6.361390113830566,
          "acoustic_entropy_side": 5.665233612060547,
          "hz": 1080.2004963696966
        },
        {
          "acoustic_entropy": 5.664544105529785,
          "acoustic_entropy_side": 5.7204766273498535,
          "hz": 1237.8529382007157
        },
        {
          "acoustic_entropy": 6.07442569732666,
          "acoustic_entropy_side": 5.543104648590088,
          "hz": 1409.4668930556702
        },
        {
          "acoustic_entropy": 5.480709552764893,
          "acoustic_entropy_side": 5.8962721824646,
          "hz": 1596.2787759475705
        },
        {
          "acoustic_entropy": 5.921597480773926,
          "acoustic_entropy_side": 5.518685817718506,
          "hz": 1799.6344973346393
        },
        {
          "acoustic_entropy": 5.614130020141602,
          "acoustic_entropy_side": 5.4821062088012695,
          "hz": 2020.9991599069049
        },
        {
          "acoustic_entropy": 5.459661483764648,
          "acoustic_entropy_side": 5.328631401062012,
          "hz": 2261.9676141086993
        },
        {
          "acoustic_entropy": 5.549593925476074,
          "acoustic_entropy_side": 5.431549549102783,
          "hz": 2524.2759484456974
        },
        {
          "acoustic_entropy": 5.604274749755859,
          "acoustic_entropy_side": 5.638386249542236,
          "hz": 2809.813997359896
        },
        {
          "acoustic_entropy": 5.660518169403076,
          "acoustic_entropy_side": 5.920926094055176,
          "hz": 3120.6389567871424
        },
        {
          "acoustic_entropy": 5.500998020172119,
          "acoustic_entropy_side": 5.568535804748535,
          "hz": 3458.990205492291
        },
        {
          "acoustic_entropy": 5.557008743286133,
          "acoustic_entropy_side": 5.763916015625,
          "hz": 3827.305438964164
        },
        {
          "acoustic_entropy": 5.495113372802734,
          "acoustic_entropy_side": 5.391974925994873,
          "hz": 4228.238232109126
        },
        {
          "acoustic_entropy": 5.85385799407959,
          "acoustic_entropy_side": 5.758869647979736,
          "hz": 4664.6771572759235
        },
        {
          "acoustic_entropy": 5.461084365844727,
          "acoustic_entropy_side": 5.440749645233154,
          "hz": 5139.766595350093
        },
        {
          "acoustic_entropy": 5.543668746948242,
          "acoustic_entropy_side": 5.528243541717529,
          "hz": 5656.929389854203
        },
        {
          "acoustic_entropy": 5.415964603424072,
          "acoustic_entropy_side": 5.442472457885742,
          "hz": 6219.891507268283
        },
        {
          "acoustic_entropy": 5.493368625640869,
          "acoustic_entropy_side": 5.526587963104248,
          "hz": 6832.70888123896
        },
        {
          "acoustic_entropy": 5.49005651473999,
          "acoustic_entropy_side": 5.520801544189453,
          "hz": 7499.796634079867
        },
        {
          "acoustic_entropy": 5.493915557861328,
          "acoustic_entropy_side": 5.520677089691162,
          "hz": 8225.96088609342
        },
        {
          "acoustic_entropy": 5.49088716506958,
          "acoustic_entropy_side": 5.524688720703125,
          "hz": 9016.43338188839
        },
        {
          "acoustic_entropy": 5.500006675720215,
          "acoustic_entropy_side": 5.524555206298828,
          "hz": 9876.909183162974
        },
        {
          "acoustic_entropy": 5.512745380401611,
          "acoustic_entropy_side": 5.5257086753845215,
          "hz": 10813.587699516042
        },
        {
          "acoustic_entropy": 5.511739253997803,
          "acoustic_entropy_side": 5.524420261383057,
          "hz": 11833.21735289826
        },
        {
          "acoustic_entropy": 5.497683525085449,
          "acoustic_entropy_side": 5.519437789916992,
          "hz": 12943.144197493959
        },
        {
          "acoustic_entropy": 5.463715076446533,
          "acoustic_entropy_side": 5.5067548751831055,
          "hz": 14151.364845322005
        },
        {
          "acoustic_entropy": 5.460295677185059,
          "acoustic_entropy_side": 5.505138397216797,
          "hz": 15466.58407886509
        },
        {
          "acoustic_entropy": 5.492441654205322,
          "acoustic_entropy_side": 5.516449451446533,
          "hz": 16898.27756580493
        },
        {
          "acoustic_entropy": 5.518425464630127,
          "acoustic_entropy_side": 5.523679733276367,
          "hz": 18456.760127700032
        },
        {
          "acoustic_entropy": 5.524937152862549,
          "acoustic_entropy_side": 5.525547504425049,
          "hz": 20153.260054456492
        },
        {
          "acoustic_entropy": 5.525835990905762,
          "acoustic_entropy_side": 5.525862693786621,
          "hz": 22000.00000000001
        }
      ],
      "diff_acoustic_entropy": 4.059988498687744,
      "sn": 6
    },
    {
      "acoustic_entropy": 9.149212837219238,
      "acoustic_entropy_mono": 9.270126342773438,
      "band_eliminated_acoustic_entropies": [
        {
          "acoustic_entropy": 9.084527969360352,
          "acoustic_entropy_side": 9.14875316619873,
          "hz": 129.47220167065723
        },
        {
          "acoustic_entropy": 8.811789512634277,
          "acoustic_entropy_side": 9.106067657470703,
          "hz": 202.92927478742237
        },
        {
          "acoustic_entropy": 9.47403621673584,
          "acoustic_entropy_side": 9.26850414276123,
          "hz": 282.89161906338205
        },
        {
          "acoustic_entropy": 9.347330093383789,
          "acoustic_entropy_side": 9.2284517288208,
          "hz": 369.9353335868758
        },
        {
          "acoustic_entropy": 10.210467338562012,
          "acoustic_entropy_side": 8.987333297729492,
          "hz": 464.6875360973435
        },
        {
          "acoustic_entropy": 10.395125389099121,
          "acoustic_entropy_side": 9.575052261352539,
          "hz": 567.8308811364784
        },
        {
          "acoustic_entropy": 10.130308151245117,
          "acoustic_entropy_side": 9.579178810119629,
          "hz": 680.1084783214808
        },
        {
          "acoustic_entropy": 9.555505752563477,
          "acoustic_entropy_side": 8.918525695800781,
          "hz": 802.3292461747484
        },
        {
          "acoustic_entropy": 9.131745338439941,
          "acoustic_entropy_side": 9.513388633728027,
          "hz": 935.3737400823702
        },
        {
          "acoustic_entropy": 10.230925559997559,
          "acoustic_entropy_side": 9.289390563964844,
          "hz": 1080.2004963696966
        },
        {
          "acoustic_entropy": 9.228588104248047,
          "acoustic_entropy_side": 9.133429527282715,
          "hz": 1237.8529382007157
        },
        {
          "acoustic_entropy": 9.488588333129883,
          "acoustic_entropy_side": 9.1934232711792,
          "hz": 1409.4668930556702
        },
        {
          "acoustic_entropy": 9.429298400878906,
          "acoustic_entropy_side": 9.14055347442627,
          "hz": 1596.2787759475705
        },
        {
          "acoustic_entropy": 9.451446533203125,
          "acoustic_entropy_side": 9.35370922088623,
          "hz": 1799.6344973346393
        },
        {
          "acoustic_entropy": 9.393792152404785,
          "acoustic_entropy_side": 9.284457206726074,
          "hz": 2020.9991599069049
        },
        {
          "acoustic_entropy": 9.483831405639648,
          "acoustic_entropy_side": 9.164050102233887,
          "hz": 2261.9676141086993
        },
        {
          "acoustic_entropy": 9.142603874206543,
          "acoustic_entropy_side": 9.076996803283691,
          "hz": 2524.2759484456974
        },
        {
          "acoustic_entropy": 9.510204315185547,
          "acoustic_entropy_side": 9.392207145690918,
          "hz": 2809.813997359896
        },
        {
          "acoustic_entropy": 8.731649398803711,
          "acoustic_entropy_side": 9.358427047729492,
          "hz": 3120.6389567871424
        },
        {
          "acoustic_entropy": 9.470404624938965,
          "acoustic_entropy_side": 9.406574249267578,
          "hz": 3458.990205492291
        },
        {
          "acoustic_entropy": 8.921822547912598,
          "acoustic_entropy_side": 8.927416801452637,
          "hz": 3827.305438964164
        },
        {
          "acoustic_entropy": 9.2764892578125,
          "acoustic_entropy_side": 9.074405670166016,
          "hz": 4228.238232109126
        },
        {
          "acoustic_entropy": 9.128324508666992,
          "acoustic_entropy_side": 9.158577919006348,
          "hz": 4664.6771572759235
        },
        {
          "acoustic_entropy": 9.135260581970215,
          "acoustic_entropy_side": 9.149436950683594,
          "hz": 5139.766595350093
        },
        {
          "acoustic_entropy": 9.22083568572998,
          "acoustic_entropy_side": 9.213495254516602,
          "hz": 5656.929389854203
        },
        {
          "acoustic_entropy": 9.22549057006836,
          "acoustic_entropy_side": 9.191816329956055,
          "hz": 6219.891507268283
        },
        {
          "acoustic_entropy": 9.343379020690918,
          "acoustic_entropy_side": 9.217586517333984,
          "hz": 6832.70888123896
        },
        {
          "acoustic_entropy": 9.328973770141602,
          "acoustic_entropy_side": 9.233564376831055,
          "hz": 7499.796634079867
        },
        {
          "acoustic_entropy": 9.167174339294434,
          "acoustic_entropy_side": 9.193326950073242,
          "hz": 8225.96088609342
        },
        {
          "acoustic_entropy": 9.163731575012207,
          "acoustic_entropy_side": 9.206558227539062,
          "hz": 9016.43338188839
        },
        {
          "acoustic_entropy": 9.21759033203125,
          "acoustic_entropy_side": 9.221325874328613,
          "hz": 9876.909183162974
        },
        {
          "acoustic_entropy": 9.24113655090332,
          "acoustic_entropy_side": 9.196213722229004,
          "hz": 10813.587699516042
        },
        {
          "acoustic_entropy": 9.36312484741211,
          "acoustic_entropy_side": 9.232577323913574,
          "hz": 11833.21735289826
        },
        {
          "acoustic_entropy": 9.54820728302002,
          "acoustic_entropy_side": 9.309036254882812,
          "hz": 12943.144197493959
        },
        {
          "acoustic_entropy": 9.828592300415039,
          "acoustic_entropy_side": 9.473923683166504,
          "hz": 14151.364845322005
        },
        {
          "acoustic_entropy": 9.85016918182373,
          "acoustic_entropy_side": 9.475716590881348,
          "hz": 15466.58407886509
        },
        {
          "acoustic_entropy": 9.634781837463379,
          "acoustic_entropy_side": 9.33328628540039,
          "hz": 16898.27756580493
        },
        {
          "acoustic_entropy": 9.288874626159668,
          "acoustic_entropy_side": 9.198223114013672,
          "hz": 18456.760127700032
        },
        {
          "acoustic_entropy": 9.169632911682129,
          "acoustic_entropy_side": 9.156245231628418,
          "hz": 20153.260054456492
        },
        {
          "acoustic_entropy": 9.150167465209961,
          "acoustic_entropy_side": 9.149609565734863,
          "hz": 22000.00000000001
        }
      ],
      "diff_acoustic_entropy": 8.099974632263184,
      "sn": 12
    },
    {
      "acoustic_entropy": 16.252925872802734,
      "acoustic_entropy_mono": 13.86702823638916,
      "band_eliminated_acoustic_entropies": [
        {
          "acoustic_entropy": 15.938772201538086,
          "acoustic_entropy_side": 16.144140243530273,
          "hz": 129.47220167065723
        },
        {
          "acoustic_entropy": 16.262678146362305,
          "acoustic_entropy_side": 15.392279624938965,
          "hz": 202.92927478742237
        },
        {
          "acoustic_entropy": 16.548311233520508,
          "acoustic_entropy_side": 16.396697998046875,
          "hz": 282.89161906338205
        },
        {
          "acoustic_entropy": 16.30172348022461,
          "acoustic_entropy_side": 16.17496681213379,
          "hz": 369.9353335868758
        },
        {
          "acoustic_entropy": 16.434358596801758,
          "acoustic_entropy_side": 15.9107027053833,
          "hz": 464.6875360973435
        },
        {
          "acoustic_entropy": 16.9588623046875,
          "acoustic_entropy_side": 17.199871063232422,
          "hz": 567.8308811364784
        },
        {
          "acoustic_entropy": 16.354867935180664,
          "acoustic_entropy_side": 16.02596092224121,
          "hz": 680.1084783214808
        },
        {
          "acoustic_entropy": 16.615427017211914,
          "acoustic_entropy_side": 16.07897186279297,
          "hz": 802.3292461747484
        },
        {
          "acoustic_entropy": 15.913596153259277,
          "acoustic_entropy_side": 16.790884017944336,
          "hz": 935.3737400823702
        },
        {
          "acoustic_entropy": 16.714643478393555,
          "acoustic_entropy_side": 16.660158157348633,
          "hz": 1080.2004963696966
        },
        {
          "acoustic_entropy": 16.039615631103516,
          "acoustic_entropy_side": 16.08473014831543,
          "hz": 1237.8529382007157
        },
        {
          "acoustic_entropy": 16.143104553222656,
          "acoustic_entropy_side": 16.467561721801758,
          "hz": 1409.4668930556702
        },
        {
          "acoustic_entropy": 15.769989967346191,
          "acoustic_entropy_side": 16.125865936279297,
          "hz": 1596.2787759475705
        },
        {
          "acoustic_entropy": 15.25412654876709,
          "acoustic_entropy_side": 15.869307518005371,
          "hz": 1799.6344973346393
        },
        {
          "acoustic_entropy": 16.15252113342285,
          "acoustic_entropy_side": 16.491588592529297,
          "hz": 2020.9991599069049
        },
        {
          "acoustic_entropy": 16.47388458251953,
          "acoustic_entropy_side": 16.117937088012695,
          "hz": 2261.9676141086993
        },
        {
          "acoustic_entropy": 16.638267517089844,
          "acoustic_entropy_side": 16.27796745300293,
          "hz": 2524.2759484456974
        },
        {
          "acoustic_entropy": 15.841930389404297,
          "acoustic_entropy_side": 16.14373779296875,
          "hz": 2809.813997359896
        },
        {
          "acoustic_entropy": 15.279119491577148,
          "acoustic_entropy_side": 15.462555885314941,
          "hz": 3120.6389567871424
