{
  "acoustic_entropy": 215.24330139160156,
  "bands": [
    {
      "high_freq": 148.1999969482422,
      "loudness": -23.2626895904541,
      "loudness_range": 22.210803985595703,
      "mid_mean": -20.000194549560547,
      "mid_to_side_loudness": -13.199568748474121,
      "mid_to_side_loudness_range": 21.02931022644043,
      "side_mean": -35.14500427246094
    },
    {
      "high_freq": 392.3793640136719,
      "loudness": -22.4461727142334,
      "loudness_range": 16.79456901550293,
      "low_freq": 148.1999969482422,
      "mid_mean": -19.740339279174805,
      "mid_to_side_loudness": -7.097146511077881,
      "mid_to_side_loudness_range": 13.881739616394043,
      "side_mean": -27.114416122436523
    },
    {
      "high_freq": 794.6976318359375,
      "loudness": -19.090251922607422,
      "loudness_range": 10.57399845123291,
      "low_freq": 392.3793640136719,
      "mid_mean": -16.606555938720703,
      "mid_to_side_loudness": -5.567808628082275,
      "mid_to_side_loudness_range": 9.483332633972168,
      "side_mean": -22.411401748657227
    },
    {
      "high_freq": 1457.5709228515625,
      "loudness": -22.8903865814209,
      "loudness_range": 12.936077117919922,
      "low_freq": 794.6976318359375,
      "mid_mean": -20.625545501708984,
      "mid_to_side_loudness": -4.595336437225342,
      "mid_to_side_loudness_range": 8.772953033447266,
      "side_mean": -25.42367172241211
    },
    {
      "high_freq": 2549.74365234375,
      "loudness": -24.416444778442383,
      "loudness_range": 15.205432891845703,
      "low_freq": 1457.5709228515625,
      "mid_mean": -22.010297775268555,
      "mid_to_side_loudness": -5.29548978805542,
      "mid_to_side_loudness_range": 9.329255104064941,
      "side_mean": -27.521276473999023
    },
    {
      "high_freq": 4349.24462890625,
      "loudness": -27.617626190185547,
      "loudness_range": 16.016944885253906,
      "low_freq": 2549.74365234375,
      "mid_mean": -25.03261947631836,
      "mid_to_side_loudness": -5.743011951446533,
      "mid_to_side_loudness_range": 9.607258796691895,
      "side_mean": -31.14106559753418
    },
    {
      "high_freq": 7314.1640625,
      "loudness": -30.058347702026367,
      "loudness_range": 14.378166198730469,
      "low_freq": 4349.24462890625,
      "mid_mean": -27.710784912109375,
      "mid_to_side_loudness": -4.527357578277588,
      "mid_to_side_loudness_range": 10.678027153015137,
      "side_mean": -32.90205764770508
    },
    {
      "high_freq": 12199.2666015625,
      "loudness": -31.31968879699707,
      "loudness_range": 16.88667106628418,
      "low_freq": 7314.1640625,
      "mid_mean": -29.126081466674805,
      "mid_to_side_loudness": -4.385554790496826,
      "mid_to_side_loudness_range": 12.353415489196777,
      "side_mean": -33.89253234863281
    },
    {
      "loudness": -38.03170394897461,
      "loudness_range": 16.51218605041504,
      "low_freq": 12199.2666015625,
      "mid_mean": -35.8051643371582,
      "mid_to_side_loudness": -5.0267720222473145,
      "mid_to_side_loudness_range": 14.49744987487793,
      "side_mean": -40.99602508544922
    }
  ],
  "bands_short": [
    {
      "high_freq": 148.1999969482422,
      "loudness": -24.304636001586914,
      "loudness_range": 24.424253463745117,
      "mid_mean": -21.090105056762695,
      "mid_to_side_loudness": -13.161226272583008,
      "mid_to_side_loudness_range": 24.09646987915039,
      "side_mean": -37.3088493347168
    },
    {
      "high_freq": 392.3793640136719,
      "loudness": -23.51017951965332,
      "loudness_range": 19.427955627441406,
      "low_freq": 148.1999969482422,
      "mid_mean": -21.040367126464844,
      "mid_to_side_loudness": -7.034711837768555,
      "mid_to_side_loudness_range": 16.604541778564453,
      "side_mean": -28.399595260620117
    },
    {
      "high_freq": 794.6976318359375,
      "loudness": -20.3059139251709,
      "loudness_range": 14.244781494140625,
      "low_freq": 392.3793640136719,
      "mid_mean": -18.07105255126953,
      "mid_to_side_loudness": -5.424075126647949,
      "mid_to_side_loudness_range": 13.436156272888184,
      "side_mean": -23.786731719970703
    },
    {
      "high_freq": 1457.5709228515625,
      "loudness": -22.7728328704834,
      "loudness_range": 15.706753730773926,
      "low_freq": 794.6976318359375,
      "mid_mean": -20.812015533447266,
      "mid_to_side_loudness": -4.134050369262695,
      "mid_to_side_loudness_range": 11.9298095703125,
      "side_mean": -25.130998611450195
    },
    {
      "high_freq": 2549.74365234375,
      "loudness": -25.453201293945312,
      "loudness_range": 18.05652618408203,
      "low_freq": 1457.5709228515625,
      "mid_mean": -23.355712890625,
      "mid_to_side_loudness": -4.654998779296875,
      "mid_to_side_loudness_range": 11.79219913482666,
      "side_mean": -28.221662521362305
    },
    {
      "high_freq": 4349.24462890625,
      "loudness": -28.49285888671875,
      "loudness_range": 19.054899215698242,
      "low_freq": 2549.74365234375,
      "mid_mean": -26.16306495666504,
      "mid_to_side_loudness": -5.168158531188965,
      "mid_to_side_loudness_range": 10.961596488952637,
      "side_mean": -31.778732299804688
    },
    {
      "high_freq": 7314.1640625,
      "loudness": -31.42353630065918,
      "loudness_range": 21.259105682373047,
      "low_freq": 4349.24462890625,
      "mid_mean": -29.161148071289062,
      "mid_to_side_loudness": -4.547078609466553,
      "mid_to_side_loudness_range": 11.745368957519531,
      "side_mean": -34.42332458496094
    },
    {
      "high_freq": 12199.2666015625,
      "loudness": -33.198158264160156,
      "loudness_range": 23.0528564453125,
      "low_freq": 7314.1640625,
      "mid_mean": -31.151229858398438,
      "mid_to_side_loudness": -4.600888252258301,
      "mid_to_side_loudness_range": 13.99212646484375,
      "side_mean": -36.21778106689453
    },
    {
      "loudness": -39.77864456176758,
      "loudness_range": 22.999588012695312,
      "low_freq": 12199.2666015625,
      "mid_mean": -37.85710144042969,
      "mid_to_side_loudness": -4.81712007522583,
      "mid_to_side_loudness_range": 15.334925651550293,
      "side_mean": -42.86760330200195
    }
  ],
  "bandwidth": 591.5258178710938,
  "channels": 2,
  "covariance": [
    [
      69.3564682006836,
      32.58365249633789,
      27.582225799560547,
      24.46722984313965,
      12.376178741455078,
      11.090084075927734,
      14.423444747924805,
      11.013570785522461,
      20.956771850585938,
      17.27109718322754,
      26.129472732543945,
      26.28352928161621,
      22.70137596130371,
      30.097684860229492,
      21.086185455322266,
      25.597732543945312,
      22.526052474975586,
      24.30744743347168
    ],
    [
      32.58365249633789,
      62.75524139404297,
      14.972424507141113,
      28.226850509643555,
      10.94272518157959,
      15.505413055419922,
      13.096729278564453,
      15.384615898132324,
      18.033132553100586,
      19.478059768676758,
      17.17985725402832,
      23.074438095092773,
      16.69631576538086,
      26.109174728393555,
      15.233367919921875,
      22.191091537475586,
      18.139423370361328,
      25.62603759765625
    ],
    [
      27.582225799560547,
      14.972424507141113,
      39.678558349609375,
      29.20603370666504,
      13.25372314453125,
      10.179996490478516,
      13.539946556091309,
      8.108455657958984,
      18.480072021484375,
      13.585053443908691,
      25.15546989440918,
      21.73487663269043,
      21.29514503479004,
      22.03059196472168,
      19.63677978515625,
      17.6624755859375,
      18.992483139038086,
      15.030549049377441
    ],
    [
      24.46722984313965,
      28.226850509643555,
      29.20603370666504,
      41.770198822021484,
      15.059741020202637,
      17.861913681030273,
      16.288570404052734,
      13.915973663330078,
      22.91380500793457,
      19.576732635498047,
      25.434118270874023,
      26.082103729248047,
      21.455305099487305,
      26.514663696289062,
      18.5323543548584,
      22.086841583251953,
      19.00149154663086,
      21.464021682739258
    ],
    [
      12.376178741455078,
      10.94272518157959,
      13.25372314453125,
      15.059741020202637,
      20.489341735839844,
      15.212108612060547,
      11.97974681854248,
      7.086464881896973,
      15.219316482543945,
      11.241377830505371,
      14.085832595825195,
      13.510730743408203,
      9.71030044555664,
      11.764275550842285,
      7.564534664154053,
      7.9642653465271,
      8.665623664855957,
      7.719503402709961
    ],
    [
      11.090084075927734,
      15.505413055419922,
      10.179996490478516,
      17.861913681030273,
      15.212108612060547,
      23.280092239379883,
      10.354780197143555,
      9.385169982910156,
      12.546635627746582,
      13.23835277557373,
      11.87495231628418,
      15.145036697387695,
      10.234698295593262,
      13.748687744140625,
      9.000082015991211,
      11.121898651123047,
      10.779156684875488,
      10.891755104064941
    ],
    [
      14.423444747924805,
      13.096729278564453,
      13.539946556091309,
      16.288570404052734,
      11.97974681854248,
      10.354780197143555,
      27.858226776123047,
      17.617677688598633,
      19.070219039916992,
      14.006484031677246,
      17.190502166748047,
      16.237546920776367,
      13.228693962097168,
      14.940714836120605,
      11.639053344726562,
      11.713637351989746,
      13.015435218811035,
      11.044615745544434
    ],
    [
      11.013570785522461,
      15.384615898132324,
      8.108455657958984,
      13.915973663330078,
      7.086464881896973,
      9.385169982910156,
      17.617677688598633,
      17.853342056274414,
      12.369455337524414,
      12.062943458557129,
      10.720763206481934,
      13.032662391662598,
      8.687137603759766,
      11.653149604797363,
      7.960817337036133,
      9.129127502441406,
      9.640778541564941,
      10.20590877532959
    ],
    [
      20.956771850585938,
      18.033132553100586,
      18.480072021484375,
      22.91380500793457,
      15.219316482543945,
      12.546635627746582,
      19.070219039916992,
      12.369455337524414,
      32.32268524169922,
      20.991071701049805,
      28.427059173583984,
      25.559946060180664,
      20.00228500366211,
      22.298938751220703,
      16.591445922851562,
      18.08303451538086,
      17.52001190185547,
      17.485332489013672
    ],
    [
      17.27109718322754,
      19.478059768676758,
      13.585053443908691,
      19.576732635498047,
      11.241377830505371,
      13.23835277557373,
      14.006484031677246,
      12.062943458557129,
      20.991071701049805,
      22.06634521484375,
      19.162841796875,
      22.842288970947266,
      14.358413696289062,
      19.23969268798828,
      12.36449909210205,
      15.358914375305176,
      14.263204574584961,
      15.813508033752441
    ],
    [
      26.129472732543945,
      17.17985725402832,
      25.15546989440918,
      25.434118270874023,
      14.085832595825195,
      11.87495231628418,
      17.190502166748047,
      10.720763206481934,
      28.427059173583984,
      19.162841796875,
      39.224212646484375,
      31.435773849487305,
      27.0949649810791,
      29.379962921142578,
      23.51698875427246,
      24.698827743530273,
      24.41980743408203,
      21.975261688232422
    ],
    [
      26.28352928161621,
      23.074438095092773,
      21.73487663269043,
      26.082103729248047,
      13.510730743408203,
      15.145036697387695,
      16.237546920776367,
      13.032662391662598,
      25.559946060180664,
      22.842288970947266,
      31.435773849487305,
      35.48297882080078,
      24.132530212402344,
      31.6757755279541,
      22.022274017333984,
      27.28498077392578,
      23.6886043548584,
      26.05986213684082
    ],
    [
      22.70137596130371,
      16.69631576538086,
      21.29514503479004,
      21.455305099487305,
      9.71030044555664,
      10.234698295593262,
      13.228693962097168,
      8.687137603759766,
      20.00228500366211,
      14.358413696289062,
      27.0949649810791,
      24.132530212402344,
      35.87685775756836,
      31.39887237548828,
      32.75685501098633,
      28.345951080322266,
      30.358089447021484,
      23.548269271850586
    ],
    [
      30.097684860229492,
      26.109174728393555,
      22.03059196472168,
      26.514663696289062,
      11.764275550842285,
      13.748687744140625,
      14.940714836120605,
      11.653149604797363,
      22.298938751220703,
      19.23969268798828,
      29.379962921142578,
      31.6757755279541,
      31.39887237548828,
      47.208984375,
      31.60647964477539,
      41.248714447021484,
      33.43913650512695,
      36.4094352722168
    ],
    [
      21.086185455322266,
      15.233367919921875,
      19.63677978515625,
      18.5323543548584,
      7.564534664154053,
      9.000082015991211,
      11.639053344726562,
      7.960817337036133,
      16.591445922851562,
      12.36449909210205,
      23.51698875427246,
      22.022274017333984,
      32.75685501098633,
      31.60647964477539,
      41.1529655456543,
      32.49103546142578,
      36.662925720214844,
      26.001392364501953
    ],
    [
      25.597732543945312,
      22.191091537475586,
      17.6624755859375,
      22.086841583251953,
      7.9642653465271,
      11.121898651123047,
      11.713637351989746,
      9.129127502441406,
      18.08303451538086,
      15.358914375305176,
      24.698827743530273,
      27.28498077392578,
      28.345951080322266,
      41.248714447021484,
      32.49103546142578,
      47.52248764038086,
      34.8455696105957,
      38.669471740722656
    ],
    [
      22.526052474975586,
      18.139423370361328,
      18.992483139038086,
      19.00149154663086,
      8.665623664855957,
      10.779156684875488,
      13.015435218811035,
      9.640778541564941,
      17.52001190185547,
      14.263204574584961,
      24.41980743408203,
      23.6886043548584,
      30.358089447021484,
      33.43913650512695,
      36.662925720214844,
      34.8455696105957,
      43.44342803955078,
      31.2430419921875
    ],
    [
      24.30744743347168,
      25.62603759765625,
      15.030549049377441,
      21.464021682739258,
      7.719503402709961,
      10.891755104064941,
      11.044615745544434,
      10.20590877532959,
      17.485332489013672,
      15.813508033752441,
      21.975261688232422,
      26.05986213684082,
      23.548269271850586,
      36.4094352722168,
      26.001392364501953,
      38.669471740722656,
      31.2430419921875,
      46.23030090332031
    ]
  ],
  "covariance_short": [
    [
      74.20301818847656,
      29.72852325439453,
      27.759105682373047,
      25.496170043945312,
      13.611193656921387,
      14.959732055664062,
      16.29642677307129,
      13.232572555541992,
      22.2007999420166,
      19.58319854736328,
      26.1500301361084,
      28.606168746948242,
      25.360836029052734,
      33.033233642578125,
      23.494953155517578,
      29.49453353881836,
      24.90532112121582,
      26.285110473632812
    ],
    [
      29.72852325439453,
      77.20093536376953,
      14.894373893737793,
      29.059316635131836,
      11.42174243927002,
      16.08011245727539,
      16.066659927368164,
      18.977333068847656,
      19.349924087524414,
      21.597551345825195,
      18.69448471069336,
      25.527639389038086,
      20.580869674682617,
      32.35885238647461,
      19.424787521362305,
      30.144895553588867,
      24.232694625854492,
      34.46835708618164
    ],
    [
      27.759105682373047,
      14.894373893737793,
      51.491065979003906,
      33.50587463378906,
      17.301862716674805,
      14.034757614135742,
      15.874773979187012,
      10.248689651489258,
      23.129789352416992,
      16.824560165405273,
      28.270977020263672,
      25.520709991455078,
      24.654918670654297,
      27.141050338745117,
      20.793777465820312,
      22.671903610229492,
      20.190210342407227,
      20.492090225219727
    ],
    [
      25.496170043945312,
      29.059316635131836,
      33.50587463378906,
      52.836952209472656,
      18.690784454345703,
      22.841197967529297,
      20.460647583007812,
      16.415559768676758,
      27.016366958618164,
      22.70155143737793,
      27.818273544311523,
      28.82709312438965,
      25.053058624267578,
      31.178892135620117,
      20.355121612548828,
      27.218679428100586,
      21.273832321166992,
      26.35391616821289
    ],
    [
      13.611193656921387,
      11.42174243927002,
      17.301862716674805,
      18.690784454345703,
      34.63880920410156,
      23.019176483154297,
      17.481077194213867,
      11.452723503112793,
      20.638465881347656,
      15.074027061462402,
      19.187692642211914,
      17.988906860351562,
      15.04532241821289,
      16.79480743408203,
      11.518237113952637,
      12.866951942443848,
      12.087080955505371,
      12.14775276184082
    ],
    [
      14.959732055664062,
      16.08011245727539,
      14.034757614135742,
      22.841197967529297,
      23.019176483154297,
      36.34315490722656,
      16.91012954711914,
      14.413536071777344,
      18.41449546813965,
      17.714696884155273,
      17.16611671447754,
      20.787960052490234,
      16.69535255432129,
      21.45130729675293,
      14.859702110290527,
      19.81504249572754,
      16.214282989501953,
      18.266759872436523
    ],
    [
      16.29642677307129,
      16.066659927368164,
      15.874773979187012,
      20.460647583007812,
      17.481077194213867,
      16.91012954711914,
      39.54036331176758,
      22.642011642456055,
      27.605445861816406,
      19.71564292907715,
      23.265066146850586,
      21.99306869506836,
      19.49024772644043,
      21.586929321289062,
      15.740901947021484,
      17.827266693115234,
      16.33564567565918,
      16.50900650024414
    ],
    [
      13.232572555541992,
      18.977333068847656,
      10.248689651489258,
      16.415559768676758,
      11.452723503112793,
      14.413536071777344,
      22.642011642456055,
      24.67148208618164,
      17.251888275146484,
      17.312274932861328,
      14.281479835510254,
      17.978315353393555,
      12.374543190002441,
      16.974332809448242,
      10.554908752441406,
      14.816803932189941,
      11.917502403259277,
      15.132630348205566
    ],
    [
      22.2007999420166,
      19.349924087524414,
      23.129789352416992,
      27.016366958618164,
      20.638465881347656,
      18.41449546813965,
      27.605445861816406,
      17.251888275146484,
      46.418643951416016,
      28.071374893188477,
      38.04666519165039,
      33.180973052978516,
      30.089435577392578,
      31.848037719726562,
      24.866031646728516,
      27.44049072265625,
      24.901165008544922,
      25.42474365234375
    ],
    [
      19.58319854736328,
      21.597551345825195,
      16.824560165405273,
      22.70155143737793,
      15.074027061462402,
      17.714696884155273,
      19.71564292907715,
      17.312274932861328,
      28.071374893188477,
      29.98948097229004,
      24.40250587463379,
      29.186656951904297,
      20.544939041137695,
      26.923864364624023,
      17.77537727355957,
      23.401742935180664,
      19.147567749023438,
      23.2623233795166
    ],
    [
      26.1500301361084,
      18.69448471069336,
      28.270977020263672,
      27.818273544311523,
      19.187692642211914,
      17.16611671447754,
      23.265066146850586,
      14.281479835510254,
      38.04666519165039,
      24.40250587463379,
      52.68467330932617,
      39.99201583862305,
      40.764766693115234,
      41.68794631958008,
      34.74568557739258,
      37.59151077270508,
      34.2006950378418,
      32.943233489990234
    ],
    [
      28.606168746948242,
      25.527639389038086,
      25.520709991455078,
      28.82709312438965,
      17.988906860351562,
      20.787960052490234,
      21.99306869506836,
      17.978315353393555,
      33.180973052978516,
      29.186656951904297,
      39.99201583862305,
      46.082435607910156,
      34.58217239379883,
      44.129188537597656,
      31.311344146728516,
      40.36733627319336,
      32.51166915893555,
      37.46776580810547
    ],
    [
      25.360836029052734,
      20.580869674682617,
      24.654918670654297,
      25.053058624267578,
      15.04532241821289,
      16.69535255432129,
      19.49024772644043,
      12.374543190002441,
      30.089435577392578,
      20.544939041137695,
      40.764766693115234,
      34.58217239379883,
      57.5706787109375,
      51.112770080566406,
      51.763465881347656,
      50.737403869628906,
      48.819969177246094,
      43.58362579345703
    ],
    [
      33.033233642578125,
      32.35885238647461,
      27.141050338745117,
      31.178892135620117,
      16.79480743408203,
      21.45130729675293,
      21.586929321289062,
      16.974332809448242,
      31.848037719726562,
      26.923864364624023,
      41.68794631958008,
      44.129188537597656,
      51.112770080566406,
      71.30299377441406,
      51.02244567871094,
      66.85139465332031,
      51.95909881591797,
      59.61007308959961
    ],
    [
      23.494953155517578,
      19.424787521362305,
      20.793777465820312,
      20.355121612548828,
      11.518237113952637,
      14.859702110290527,
      15.740901947021484,
      10.554908752441406,
      24.866031646728516,
      17.77537727355957,
      34.74568557739258,
      31.311344146728516,
      51.763465881347656,
      51.02244567871094,
      65.34963989257812,
      58.10416030883789,
      58.923439025878906,
      48.97276306152344
    ],
    [
      29.49453353881836,
      30.144895553588867,
      22.671903610229492,
      27.218679428100586,
      12.866951942443848,
      19.81504249572754,
      17.827266693115234,
      14.816803932189941,
      27.44049072265625,
      23.401742935180664,
      37.59151077270508,
      40.36733627319336,
      50.737403869628906,
      66.85139465332031,
      58.10416030883789,
      83.5235366821289,
      59.451656341552734,
      70.21627807617188
    ],
    [
      24.90532112121582,
      24.232694625854492,
      20.190210342407227,
      21.273832321166992,
      12.087080955505371,
      16.214282989501953,
      16.33564567565918,
      11.917502403259277,
      24.901165008544922,
      19.147567749023438,
      34.2006950378418,
      32.51166915893555,
      48.819969177246094,
      51.95909881591797,
      58.923439025878906,
      59.451656341552734,
      68.49766540527344,
      55.991432189941406
    ],
    [
      26.285110473632812,
      34.46835708618164,
      20.492090225219727,
      26.35391616821289,
      12.14775276184082,
      18.266759872436523,
      16.50900650024414,
      15.132630348205566,
      25.42474365234375,
      23.2623233795166,
      32.943233489990234,
      37.46776580810547,
      43.58362579345703,
      59.61007308959961,
      48.97276306152344,
      70.21627807617188,
      55.991432189941406,
      82.19941711425781
    ]
  ],
  "damage": -5.000925540924072,
  "diff_bandwidth": 597.8231811523438,
  "dissonance": 8.868208803976652,
  "drr": 6.425039291381836,
  "dynamics": 3.4302382469177246,
  "format": 1245190,
  "frames": 11601856,
  "loudness": -10.007969856262207,
  "loudness_range": 8.981407165527344,
  "loudness_range_short": 11.225008964538574,
  "lowpass_true_peak_15khz": 0.5244764685630798,
  "mastering3_acoustic_entropies": [
    {
      "acoustic_entropy": 7.065698623657227,
      "acoustic_entropy_mono": 6.708096504211426,
      "band_eliminated_acoustic_entropies": [
        {
          "acoustic_entropy": 7.040980815887451,
          "acoustic_entropy_side": 7.061895370483398,
          "hz": 129.47220167065723
        },
        {
          "acoustic_entropy": 7.013736724853516,
          "acoustic_entropy_side": 7.0712504386901855,
          "hz": 202.92927478742237
        },
        {
          "acoustic_entropy": 7.217456340789795,
          "acoustic_entropy_side": 7.210095405578613,
          "hz": 282.89161906338205
        },
        {
          "acoustic_entropy": 7.251481056213379,
          "acoustic_entropy_side": 7.3041887283325195,
          "hz": 369.9353335868758
        },
        {
          "acoustic_entropy": 7.367476463317871,
          "acoustic_entropy_side": 7.0196213722229,
          "hz": 464.6875360973435
        },
        {
          "acoustic_entropy": 6.89837646484375,
          "acoustic_entropy_side": 6.950653076171875,
          "hz": 567.8308811364784
        },
        {
          "acoustic_entropy": 6.399935722351074,
          "acoustic_entropy_side": 7.235921382904053,
          "hz": 680.1084783214808
        },
        {
          "acoustic_entropy": 7.650801181793213,
          "acoustic_entropy_side": 7.109683036804199,
          "hz": 802.3292461747484
        },
        {
          "acoustic_entropy": 6.576827049255371,
          "acoustic_entropy_side": 7.104433059692383,
          "hz": 935.3737400823702
        },
        {
          "acoustic_entropy": 6.794727325439453,
          "acoustic_entropy_side": 7.108798980712891,
          "hz": 1080.2004963696966
        },
        {
          "acoustic_entropy": 6.993186950683594,
          "acoustic_entropy_side": 6.618204593658447,
          "hz": 1237.8529382007157
        },
        {
          "acoustic_entropy": 7.640260219573975,
          "acoustic_entropy_side": 7.2097296714782715,
          "hz": 1409.4668930556702
        },
        {
          "acoustic_entropy": 7.176403522491455,
          "acoustic_entropy_side": 7.122813701629639,
          "hz": 1596.2787759475705
        },
        {
          "acoustic_entropy": 6.206087112426758,
          "acoustic_entropy_side": 6.986017227172852,
          "hz": 1799.6344973346393
        },
        {
          "acoustic_entropy": 6.8319573402404785,
          "acoustic_entropy_side": 7.027407169342041,
          "hz": 2020.9991599069049
        },
        {
          "acoustic_entropy": 7.4176177978515625,
          "acoustic_entropy_side": 7.1425065994262695,
          "hz": 2261.9676141086993
        },
        {
          "acoustic_entropy": 6.725071430206299,
          "acoustic_entropy_side": 7.065896987915039,
          "hz": 2524.2759484456974
        },
        {
          "acoustic_entropy": 6.850252628326416,
          "acoustic_entropy_side": 7.065458297729492,
          "hz": 2809.813997359896
        },
        {
          "acoustic_entropy": 7.097690582275391,
          "acoustic_entropy_side": 7.08185338973999,
          "hz": 3120.6389567871424
        },
        {
          "acoustic_entropy": 7.176940441131592,
          "acoustic_entropy_side": 7.087033271789551,
          "hz": 3458.990205492291
        },
        {
          "acoustic_entropy": 7.076859951019287,
          "acoustic_entropy_side": 7.0764312744140625,
          "hz": 3827.305438964164
        },
        {
          "acoustic_entropy": 7.074633598327637,
          "acoustic_entropy_side": 7.074901580810547,
          "hz": 4228.238232109126
        },
        {
          "acoustic_entropy": 7.014069557189941,
          "acoustic_entropy_side": 7.069563865661621,
          "hz": 4664.6771572759235
        },
        {
          "acoustic_entropy": 7.059515953063965,
          "acoustic_entropy_side": 7.073960781097412,
          "hz": 5139.766595350093
        },
        {
          "acoustic_entropy": 7.03312873840332,
          "acoustic_entropy_side": 7.070457458496094,
          "hz": 5656.929389854203
        },
        {
          "acoustic_entropy": 7.0172119140625,
          "acoustic_entropy_side": 7.072351932525635,
          "hz": 6219.891507268283
        },
        {
          "acoustic_entropy": 7.062862396240234,
          "acoustic_entropy_side": 7.077107906341553,
          "hz": 6832.70888123896
        },
        {
          "acoustic_entropy": 7.107815265655518,
          "acoustic_entropy_side": 7.090723037719727,
          "hz": 7499.796634079867
        },
        {
          "acoustic_entropy": 7.110899925231934,
          "acoustic_entropy_side": 7.08561372756958,
          "hz": 8225.96088609342
        },
        {
          "acoustic_entropy": 7.134280204772949,
          "acoustic_entropy_side": 7.079240798950195,
          "hz": 9016.43338188839
        },
        {
          "acoustic_entropy": 7.136002540588379,
          "acoustic_entropy_side": 7.092850208282471,
          "hz": 9876.909183162974
        },
        {
          "acoustic_entropy": 7.128299236297607,
          "acoustic_entropy_side": 7.105075836181641,
          "hz": 10813.587699516042
        },
        {
          "acoustic_entropy": 7.182230472564697,
          "acoustic_entropy_side": 7.103846549987793,
          "hz": 11833.21735289826
        },
        {
          "acoustic_entropy": 7.187335014343262,
          "acoustic_entropy_side": 7.096502780914307,
          "hz": 12943.144197493959
        },
        {
          "acoustic_entropy": 7.156710624694824,
          "acoustic_entropy_side": 7.081843852996826,
          "hz": 14151.364845322005
        },
        {
          "acoustic_entropy": 7.119684219360352,
          "acoustic_entropy_side": 7.073164463043213,
          "hz": 15466.58407886509
        },
        {
          "acoustic_entropy": 7.0848307609558105,
          "acoustic_entropy_side": 7.069092750549316,
          "hz": 16898.27756580493
        },
        {
          "acoustic_entropy": 7.080495834350586,
          "acoustic_entropy_side": 7.067361831665039,
          "hz": 18456.760127700032
        },
        {
          "acoustic_entropy": 7.075999736785889,
          "acoustic_entropy_side": 7.066620826721191,
          "hz": 20153.260054456492
        },
        {
          "acoustic_entropy": 7.068142414093018,
          "acoustic_entropy_side": 7.065848350524902,
          "hz": 22000.00000000001
        }
      ],
      "diff_acoustic_entropy": 6.508391857147217,
      "sn": 6
    },
    {
      "acoustic_entropy": 11.61256217956543,
      "acoustic_entropy_mono": 11.469264030456543,
      "band_eliminated_acoustic_entropies": [
        {
          "acoustic_entropy": 10.489198684692383,
          "acoustic_entropy_side": 11.610332489013672,
          "hz": 129.47220167065723
        },
        {
          "acoustic_entropy": 11.112564086914062,
          "acoustic_entropy_side": 11.68570613861084,
          "hz": 202.92927478742237
        },
        {
          "acoustic_entropy": 10.94818115234375,
          "acoustic_entropy_side": 11.995729446411133,
          "hz": 282.89161906338205
        },
        {
          "acoustic_entropy": 12.06903076171875,
          "acoustic_entropy_side": 11.494196891784668,
          "hz": 369.9353335868758
        },
        {
          "acoustic_entropy": 12.113883018493652,
          "acoustic_entropy_side": 10.717695236206055,
          "hz": 464.6875360973435
        },
        {
          "acoustic_entropy": 11.359174728393555,
          "acoustic_entropy_side": 11.005610466003418,
          "hz": 567.8308811364784
        },
        {
          "acoustic_entropy": 10.757810592651367,
          "acoustic_entropy_side": 11.58096981048584,
          "hz": 680.1084783214808
        },
        {
          "acoustic_entropy": 11.3109712600708,
          "acoustic_entropy_side": 11.312748908996582,
          "hz": 802.3292461747484
        },
        {
          "acoustic_entropy": 11.387825012207031,
          "acoustic_entropy_side": 11.576457977294922,
          "hz": 935.3737400823702
        },
        {
          "acoustic_entropy": 12.220335006713867,
          "acoustic_entropy_side": 11.941875457763672,
          "hz": 1080.2004963696966
        },
        {
          "acoustic_entropy": 11.293174743652344,
          "acoustic_entropy_side": 10.869080543518066,
          "hz": 1237.8529382007157
        },
        {
          "acoustic_entropy": 12.299566268920898,
          "acoustic_entropy_side": 11.88217544555664,
          "hz": 1409.4668930556702
        },
        {
          "acoustic_entropy": 11.795541763305664,
          "acoustic_entropy_side": 11.723999977111816,
          "hz": 1596.2787759475705
        },
        {
          "acoustic_entropy": 10.669951438903809,
          "acoustic_entropy_side": 11.476818084716797,
          "hz": 1799.6344973346393
        },
        {
          "acoustic_entropy": 11.948741912841797,
          "acoustic_entropy_side": 11.774015426635742,
          "hz": 2020.9991599069049
        },
        {
          "acoustic_entropy": 12.449398040771484,
          "acoustic_entropy_side": 11.739431381225586,
          "hz": 2261.9676141086993
        },
        {
          "acoustic_entropy": 11.746479988098145,
          "acoustic_entropy_side": 11.735760688781738,
          "hz": 2524.2759484456974
        },
        {
          "acoustic_entropy": 11.759771347045898,
          "acoustic_entropy_side": 11.699175834655762,
          "hz": 2809.813997359896
        },
        {
          "acoustic_entropy": 11.89173412322998,
          "acoustic_entropy_side": 11.658700942993164,
          "hz": 3120.6389567871424
        },
        {
          "acoustic_entropy": 11.848711967468262,
          "acoustic_entropy_side": 11.658438682556152,
          "hz": 3458.990205492291
        },
        {
          "acoustic_entropy": 11.668278694152832,
          "acoustic_entropy_side": 11.651082992553711,
          "hz": 3827.305438964164
        },
        {
          "acoustic_entropy": 11.940561294555664,
          "acoustic_entropy_side": 11.680513381958008,
          "hz": 4228.238232109126
        },
        {
          "acoustic_entropy": 11.977787017822266,
          "acoustic_entropy_side": 11.754027366638184,
          "hz": 4664.6771572759235
        },
        {
          "acoustic_entropy": 11.75122356414795,
          "acoustic_entropy_side": 11.701750755310059,
          "hz": 5139.766595350093
        },
        {
          "acoustic_entropy": 11.714815139770508,
          "acoustic_entropy_side": 11.69198226928711,
          "hz": 5656.929389854203
        },
        {
          "acoustic_entropy": 11.674609184265137,
          "acoustic_entropy_side": 11.685460090637207,
          "hz": 6219.891507268283
        },
        {
          "acoustic_entropy": 11.673118591308594,
          "acoustic_entropy_side": 11.686727523803711,
          "hz": 6832.70888123896
        },
        {
          "acoustic_entropy": 11.669795989990234,
          "acoustic_entropy_side": 11.684415817260742,
          "hz": 7499.796634079867
        },
        {
          "acoustic_entropy": 11.628573417663574,
          "acoustic_entropy_side": 11.601713180541992,
          "hz": 8225.96088609342
        },
        {
          "acoustic_entropy": 11.763890266418457,
          "acoustic_entropy_side": 11.590482711791992,
          "hz": 9016.43338188839
        },
        {
          "acoustic_entropy": 11.775853157043457,
          "acoustic_entropy_side": 11.56863021850586,
          "hz": 9876.909183162974
        },
        {
          "acoustic_entropy": 11.727410316467285,
          "acoustic_entropy_side": 11.49135971069336,
          "hz": 10813.587699516042
        },
        {
          "acoustic_entropy": 11.69194507598877,
          "acoustic_entropy_side": 11.448033332824707,
          "hz": 11833.21735289826
        },
        {
          "acoustic_entropy": 11.736231803894043,
          "acoustic_entropy_side": 11.524575233459473,
          "hz": 12943.144197493959
        },
        {
          "acoustic_entropy": 11.769722938537598,
          "acoustic_entropy_side": 11.624153137207031,
          "hz": 14151.364845322005
        },
        {
          "acoustic_entropy": 11.781944274902344,
          "acoustic_entropy_side": 11.643776893615723,
          "hz": 15466.58407886509
        },
        {
          "acoustic_entropy": 11.734434127807617,
          "acoustic_entropy_side": 11.624669075012207,
          "hz": 16898.27756580493
        },
        {
          "acoustic_entropy": 11.713586807250977,
          "acoustic_entropy_side": 11.614127159118652,
          "hz": 18456.760127700032
        },
        {
          "acoustic_entropy": 11.679794311523438,
          "acoustic_entropy_side": 11.613190650939941,
          "hz": 20153.260054456492
        },
        {
          "acoustic_entropy": 11.633818626403809,
          "acoustic_entropy_side": 11.614398002624512,
          "hz": 22000.00000000001
        }
      ],
      "diff_acoustic_entropy": 10.612212181091309,
      "sn": 12
    },
    {
      "acoustic_entropy": 19.67168617248535,
      "acoustic_entropy_mono": 17.50760841369629,
      "band_eliminated_acoustic_entropies": [
        {
          "acoustic_entropy": 18.23746109008789,
          "acoustic_entropy_side": 19.873910903930664,
          "hz": 129.47220167065723
        },
        {
          "acoustic_entropy": 20.020442962646484,
          "acoustic_entropy_side": 20.302000045776367,
          "hz": 202.92927478742237
        },
        {
          "acoustic_entropy": 20.58880043029785,
          "acoustic_entropy_side": 19.896320343017578,
          "hz": 282.89161906338205
        },
        {
          "acoustic_entropy": 18.642168045043945,
          "acoustic_entropy_side": 19.374187469482422,
          "hz": 369.9353335868758
        },
        {
          "acoustic_entropy": 19.12200355529785,
          "acoustic_entropy_side": 19.605472564697266,
          "hz": 464.6875360973435
        },
        {
          "acoustic_entropy": 18.496885299682617,
          "acoustic_entropy_side": 18.504344940185547,
          "hz": 567.8308811364784
        },
        {
          "acoustic_entropy": 18.29059410095215,
          "acoustic_entropy_side": 20.392847061157227,
          "hz": 680.1084783214808
        },
        {
          "acoustic_entropy": 19.30721092224121,
          "acoustic_entropy_side": 18.83492660522461,
          "hz": 802.3292461747484
        },
        {
          "acoustic_entropy": 18.268619537353516,
          "acoustic_entropy_side": 19.10646629333496,
          "hz": 935.3737400823702
        },
        {
          "acoustic_entropy": 19.057146072387695,
          "acoustic_entropy_side": 19.969253540039062,
          "hz": 1080.2004963696966
        },
        {
          "acoustic_entropy": 19.360170364379883,
          "acoustic_entropy_side": 19.563121795654297,
          "hz": 1237.8529382007157
        },
        {
          "acoustic_entropy": 19.70858383178711,
          "acoustic_entropy_side": 19.536108016967773,
          "hz": 1409.4668930556702
        },
        {
          "acoustic_entropy": 19.312374114990234,
          "acoustic_entropy_side": 18.763690948486328,
          "hz": 1596.2787759475705
        },
        {
          "acoustic_entropy": 19.112789154052734,
          "acoustic_entropy_side": 19.548969268798828,
          "hz": 1799.6344973346393
        },
        {
          "acoustic_entropy": 19.019811630249023,
          "acoustic_entropy_side": 19.466415405273438,
          "hz": 2020.9991599069049
        },
        {
          "acoustic_entropy": 20.177141189575195,
          "acoustic_entropy_side": 19.715007781982422,
          "hz": 2261.9676141086993
        },
        {
          "acoustic_entropy": 19.655012130737305,
          "acoustic_entropy_side": 19.627859115600586,
          "hz": 2524.2759484456974
        },
        {
          "acoustic_entropy": 19.200334548950195,
          "acoustic_entropy_side": 19.667509078979492,
          "hz": 2809.813997359896
        },
        {
