{
  "acoustic_entropy": 146.10855102539062,
  "bands": [
    {
      "high_freq": 148.1999969482422,
      "loudness": -67.43648529052734,
      "loudness_range": 26.70294189453125,
      "mid_mean": -62.73744201660156,
      "mid_to_side_loudness": -49.978267669677734,
      "mid_to_side_loudness_range": 64.38287353515625,
      "side_mean": -69.09468078613281
    },
    {
      "high_freq": 392.3793640136719,
      "loudness": -37.2207145690918,
      "loudness_range": 21.05792808532715,
      "low_freq": 148.1999969482422,
      "mid_mean": -34.80018615722656,
      "mid_to_side_loudness": -32.25225067138672,
      "mid_to_side_loudness_range": 58.66782760620117,
      "side_mean": -67.97358703613281
    },
    {
      "high_freq": 794.6976318359375,
      "loudness": -38.35299301147461,
      "loudness_range": 26.695018768310547,
      "low_freq": 392.3793640136719,
      "mid_mean": -35.71296310424805,
      "mid_to_side_loudness": -21.64630699157715,
      "mid_to_side_loudness_range": 45.68726348876953,
      "side_mean": -67.13005828857422
    },
    {
      "high_freq": 1457.5709228515625,
      "loudness": -43.158546447753906,
      "loudness_range": 26.93248176574707,
      "low_freq": 794.6976318359375,
      "mid_mean": -41.547019958496094,
      "mid_to_side_loudness": -19.1391658782959,
      "mid_to_side_loudness_range": 48.029727935791016,
      "side_mean": -67.33164978027344
    },
    {
      "high_freq": 2549.74365234375,
      "loudness": -43.77836608886719,
      "loudness_range": 26.920886993408203,
      "low_freq": 1457.5709228515625,
      "mid_mean": -42.27595520019531,
      "mid_to_side_loudness": -20.915555953979492,
      "mid_to_side_loudness_range": 52.855831146240234,
      "side_mean": -68.05156707763672
    },
    {
      "high_freq": 4349.24462890625,
      "loudness": -44.00392532348633,
      "loudness_range": 24.901397705078125,
      "low_freq": 2549.74365234375,
      "mid_mean": -42.021732330322266,
      "mid_to_side_loudness": -25.090103149414062,
      "mid_to_side_loudness_range": 52.30811309814453,
      "side_mean": -68.02247619628906
    },
    {
      "high_freq": 7314.1640625,
      "loudness": -48.11469268798828,
      "loudness_range": 27.035755157470703,
      "low_freq": 4349.24462890625,
      "mid_mean": -50.86215591430664,
      "mid_to_side_loudness": -30.6925106048584,
      "mid_to_side_loudness_range": 59.201148986816406,
      "side_mean": -68.30415344238281
    },
    {
      "high_freq": 12199.2666015625,
      "loudness": -50.801185607910156,
      "loudness_range": 27.514549255371094,
      "low_freq": 7314.1640625,
      "mid_mean": -53.27980041503906,
      "mid_to_side_loudness": -37.12128829956055,
      "mid_to_side_loudness_range": 60.324195861816406,
      "side_mean": -68.85188293457031
    },
    {
      "loudness": -61.734432220458984,
      "loudness_range": 28.84906768798828,
      "low_freq": 12199.2666015625,
      "mid_mean": -60.11768341064453,
      "mid_to_side_loudness": -33.52634811401367,
      "mid_to_side_loudness_range": 45.179691314697266,
      "side_mean": -69.21871948242188
    }
  ],
  "bands_short": [
    {
      "high_freq": 148.1999969482422,
      "loudness": -71.63359069824219,
      "loudness_range": 25.96341323852539,
      "mid_mean": -65.46990203857422,
      "mid_to_side_loudness": -35.60015106201172,
      "mid_to_side_loudness_range": 61.64064407348633,
      "side_mean": -69.19893646240234
    },
    {
      "high_freq": 392.3793640136719,
      "loudness": -39.46260070800781,
      "loudness_range": 31.111326217651367,
      "low_freq": 148.1999969482422,
      "mid_mean": -46.79171371459961,
      "mid_to_side_loudness": -34.898582458496094,
      "mid_to_side_loudness_range": 59.115943908691406,
      "side_mean": -68.23959350585938
    },
    {
      "high_freq": 794.6976318359375,
      "loudness": -40.058109283447266,
      "loudness_range": 33.717247009277344,
      "low_freq": 392.3793640136719,
      "mid_mean": -44.47837829589844,
      "mid_to_side_loudness": -25.47480583190918,
      "mid_to_side_loudness_range": 47.4344367980957,
      "side_mean": -67.6044921875
    },
    {
      "high_freq": 1457.5709228515625,
      "loudness": -46.163761138916016,
      "loudness_range": 34.851295471191406,
      "low_freq": 794.6976318359375,
      "mid_mean": -53.84547424316406,
      "mid_to_side_loudness": -21.835216522216797,
      "mid_to_side_loudness_range": 46.74620056152344,
      "side_mean": -67.74537658691406
    },
    {
      "high_freq": 2549.74365234375,
      "loudness": -46.756065368652344,
      "loudness_range": 33.25580978393555,
      "low_freq": 1457.5709228515625,
      "mid_mean": -53.955814361572266,
      "mid_to_side_loudness": -21.690256118774414,
      "mid_to_side_loudness_range": 48.7091064453125,
      "side_mean": -68.46719360351562
    },
    {
      "high_freq": 4349.24462890625,
      "loudness": -45.75908279418945,
      "loudness_range": 30.89984703063965,
      "low_freq": 2549.74365234375,
      "mid_mean": -53.419219970703125,
      "mid_to_side_loudness": -20.23853874206543,
      "mid_to_side_loudness_range": 44.28211212158203,
      "side_mean": -68.55620574951172
    },
    {
      "high_freq": 7314.1640625,
      "loudness": -49.32365036010742,
      "loudness_range": 31.16693687438965,
      "low_freq": 4349.24462890625,
      "mid_mean": -55.51863098144531,
      "mid_to_side_loudness": -16.24059295654297,
      "mid_to_side_loudness_range": 45.435184478759766,
      "side_mean": -68.71888732910156
    },
    {
      "high_freq": 12199.2666015625,
      "loudness": -51.93303680419922,
      "loudness_range": 30.26150894165039,
      "low_freq": 7314.1640625,
      "mid_mean": -57.6898078918457,
      "mid_to_side_loudness": -23.155624389648438,
      "mid_to_side_loudness_range": 48.52497863769531,
      "side_mean": -69.10984802246094
    },
    {
      "loudness": -63.911495208740234,
      "loudness_range": 30.31756591796875,
      "low_freq": 12199.2666015625,
      "mid_mean": -62.50554656982422,
      "mid_to_side_loudness": -29.417062759399414,
      "mid_to_side_loudness_range": 46.21407699584961,
      "side_mean": -69.32072448730469
    }
  ],
  "bandwidth": 828.1144409179688,
  "channels": 2,
  "covariance": [
    [
      41.78787612915039,
      13.978443145751953,
      5.64751672744751,
      9.422951698303223,
      22.048309326171875,
      17.10381317138672,
      26.268516540527344,
      23.244062423706055,
      24.952363967895508,
      17.749757766723633,
      32.775733947753906,
      20.397462844848633,
      48.026206970214844,
      16.760860443115234,
      41.29669189453125,
      14.330601692199707,
      31.626752853393555,
      11.989211082458496
    ],
    [
      13.978443145751953,
      17.114524841308594,
      -5.0579681396484375,
      15.534148216247559,
      5.933996200561523,
      26.410037994384766,
      6.810168743133545,
      31.202354431152344,
      -2.2071073055267334,
      23.595836639404297,
      10.180359840393066,
      25.895509719848633,
      5.99452018737793,
      21.55965232849121,
      3.682009696960449,
      17.73137855529785,
      5.536658763885498,
      14.200169563293457
    ],
    [
      5.64751672744751,
      -5.0579681396484375,
      81.07184600830078,
      5.006854057312012,
      24.971500396728516,
      -12.83958911895752,
      31.426788330078125,
      -1.789989948272705,
      26.40762710571289,
      -10.222095489501953,
      28.792600631713867,
      -3.490417957305908,
      29.821048736572266,
      -5.265129089355469,
      32.03194808959961,
      -4.6923604011535645,
      19.888702392578125,
      -4.083314418792725
    ],
    [
      9.422951698303223,
      15.534148216247559,
      5.006854057312012,
      49.67716598510742,
      -3.351918935775757,
      47.6428337097168,
      0.39561793208122253,
      57.16371154785156,
      -18.353858947753906,
      34.86210250854492,
      -3.536618947982788,
      40.87096405029297,
      -2.4325778484344482,
      33.314998626708984,
      -7.3851494789123535,
      21.568349838256836,
      -4.94378662109375,
      12.916447639465332
    ],
    [
      22.048309326171875,
      5.933996200561523,
      24.971500396728516,
      -3.351918935775757,
      92.35669708251953,
      16.389902114868164,
      62.742977142333984,
      3.8716814517974854,
      54.84929275512695,
      14.12743854522705,
      52.149295806884766,
      6.848681926727295,
      48.82789993286133,
      8.006726264953613,
      44.39323425292969,
      6.746586799621582,
      36.53194046020508,
      6.02800989151001
    ],
    [
      17.10381317138672,
      26.410037994384766,
      -12.83958911895752,
      47.6428337097168,
      16.389902114868164,
      84.31848907470703,
      -3.3274495601654053,
      68.79356384277344,
      -20.41016960144043,
      59.007720947265625,
      0.4668593406677246,
      54.404850006103516,
      -0.9113849997520447,
      48.27823257446289,
      -8.22061824798584,
      33.278167724609375,
      -2.7587499618530273,
      22.135475158691406
    ],
    [
      26.268516540527344,
      6.810168743133545,
      31.426788330078125,
      0.39561793208122253,
      62.742977142333984,
      -3.3274495601654053,
      120.05419921875,
      8.403696060180664,
      76.52491760253906,
      3.3419089317321777,
      62.89937973022461,
      8.879645347595215,
      57.746376037597656,
      6.4691667556762695,
      51.522098541259766,
      6.86698579788208,
      43.752925872802734,
      6.550928592681885
    ],
    [
      23.244062423706055,
      31.202354431152344,
      -1.789989948272705,
      57.16371154785156,
      3.8716814517974854,
      68.79356384277344,
      8.403696060180664,
      82.0321273803711,
      -17.60159683227539,
      55.32575607299805,
      8.098154067993164,
      62.65700912475586,
      5.442127704620361,
      51.89247131347656,
      -1.44472074508667,
      37.59971237182617,
      2.414154291152954,
      26.3447208404541
    ],
    [
      24.952363967895508,
      -2.2071073055267334,
      26.40762710571289,
      -18.353858947753906,
      54.84929275512695,
      -20.41016960144043,
      76.52491760253906,
      -17.60159683227539,
      120.06999206542969,
      -10.683271408081055,
      83.00929260253906,
      -11.602625846862793,
      85.25863647460938,
      -9.527873992919922,
      79.72097778320312,
      -4.382054805755615,
      60.315216064453125,
      -0.9371150732040405
    ],
    [
      17.749757766723633,
      23.595836639404297,
      -10.222095489501953,
      34.86210250854492,
      14.12743854522705,
      59.007720947265625,
      3.3419089317321777,
      55.32575607299805,
      -10.683271408081055,
      46.68178939819336,
      6.322822093963623,
      45.37287521362305,
      5.846425533294678,
      39.56781005859375,
      0.24069702625274658,
      28.818939208984375,
      2.8395609855651855,
      20.12640380859375
    ],
    [
      32.775733947753906,
      10.180359840393066,
      28.792600631713867,
      -3.536618947982788,
      52.149295806884766,
      0.4668593406677246,
      62.89937973022461,
      8.098154067993164,
      83.00929260253906,
      6.322822093963623,
      103.33698272705078,
      11.33389949798584,
      85.89112854003906,
      7.506585597991943,
      77.363525390625,
      9.391501426696777,
      58.895626068115234,
      9.604886054992676
    ],
    [
      20.397462844848633,
      25.895509719848633,
      -3.490417957305908,
      40.87096405029297,
      6.848681926727295,
      54.404850006103516,
      8.879645347595215,
      62.65700912475586,
      -11.602625846862793,
      45.37287521362305,
      11.33389949798584,
      51.21729278564453,
      7.601645469665527,
      42.15654373168945,
      2.339932680130005,
      31.346229553222656,
      4.094761371612549,
      22.00821876525879
    ],
    [
      48.026206970214844,
      5.99452018737793,
      29.821048736572266,
      -2.4325778484344482,
      48.82789993286133,
      -0.9113849997520447,
      57.746376037597656,
      5.442127704620361,
      85.25863647460938,
      5.846425533294678,
      85.89112854003906,
      7.601645469665527,
      172.84002685546875,
      6.66884183883667,
      151.74021911621094,
      6.4427409172058105,
      97.2628173828125,
      5.954816818237305
    ],
    [
      16.760860443115234,
      21.55965232849121,
      -5.265129089355469,
      33.314998626708984,
      8.006726264953613,
      48.27823257446289,
      6.4691667556762695,
      51.89247131347656,
      -9.527873992919922,
      39.56781005859375,
      7.506585597991943,
      42.15654373168945,
      6.66884183883667,
      36.04420471191406,
      1.4789972305297852,
      26.411540985107422,
      3.1911497116088867,
      18.403955459594727
    ],
    [
      41.29669189453125,
      3.682009696960449,
      32.03194808959961,
      -7.3851494789123535,
      44.39323425292969,
      -8.22061824798584,
      51.522098541259766,
      -1.44472074508667,
      79.72097778320312,
      0.24069702625274658,
      77.363525390625,
      2.339932680130005,
      151.74021911621094,
      1.4789972305297852,
      158.38955688476562,
      3.295577049255371,
      104.26428985595703,
      4.316357612609863
    ],
    [
      14.330601692199707,
      17.73137855529785,
      -4.6923604011535645,
      21.568349838256836,
      6.746586799621582,
      33.278167724609375,
      6.86698579788208,
      37.59971237182617,
      -4.382054805755615,
      28.818939208984375,
      9.391501426696777,
      31.346229553222656,
      6.4427409172058105,
      26.411540985107422,
      3.295577049255371,
      20.57585334777832,
      4.623208522796631,
      15.208800315856934
    ],
    [
      31.626752853393555,
      5.536658763885498,
      19.888702392578125,
      -4.94378662109375,
      36.53194046020508,
      -2.7587499618530273,
      43.752925872802734,
      2.414154291152954,
      60.315216064453125,
      2.8395609855651855,
      58.895626068115234,
      4.094761371612549,
      97.2628173828125,
      3.1911497116088867,
      104.26428985595703,
      4.623208522796631,
      78.03913879394531,
      5.719269275665283
    ],
    [
      11.989211082458496,
      14.200169563293457,
      -4.083314418792725,
      12.916447639465332,
      6.02800989151001,
      22.135475158691406,
      6.550928592681885,
      26.3447208404541,
      -0.9371150732040405,
      20.12640380859375,
      9.604886054992676,
      22.00821876525879,
      5.954816818237305,
      18.403955459594727,
      4.316357612609863,
      15.208800315856934,
      5.719269275665283,
      12.202765464782715
    ]
  ],
  "covariance_short": [
    [
      30.223934173583984,
      15.05569076538086,
      33.958805084228516,
      13.521384239196777,
      33.616790771484375,
      21.779932022094727,
      41.05116653442383,
      26.481992721557617,
      35.224327087402344,
      20.27874183654785,
      43.73668670654297,
      22.704679489135742,
      33.35676193237305,
      19.19376564025879,
      28.998228073120117,
      15.6045503616333,
      21.382043838500977,
      12.718061447143555
    ],
    [
      15.05569076538086,
      15.8584566116333,
      6.059134006500244,
      14.484399795532227,
      13.652894020080566,
      24.125926971435547,
      14.2870454788208,
      27.657140731811523,
      7.018561840057373,
      21.139408111572266,
      15.343393325805664,
      22.980449676513672,
      8.468856811523438,
      19.43307113647461,
      6.3607964515686035,
      15.94648265838623,
      6.919378280639648,
      12.980094909667969
    ],
    [
      33.958805084228516,
      6.059134006500244,
      287.9378356933594,
      27.263357162475586,
      179.74534606933594,
      7.229318618774414,
      189.22018432617188,
      28.400691986083984,
      158.24249267578125,
      9.129300117492676,
      169.34205627441406,
      15.00183391571045,
      130.3818817138672,
      12.514360427856445,
      102.54498291015625,
      7.604355335235596,
      53.097686767578125,
      5.358273029327393
    ],
    [
      13.521384239196777,
      14.484399795532227,
      27.263357162475586,
      43.822593688964844,
      8.80924129486084,
      35.717350006103516,
      19.996360778808594,
      50.41164016723633,
      -2.608084201812744,
      26.46217155456543,
      8.618353843688965,
      29.401954650878906,
      1.3394081592559814,
      25.56256866455078,
      -2.702975273132324,
      16.64693260192871,
      -0.42204633355140686,
      11.772552490234375
    ],
    [
      33.616790771484375,
      13.652894020080566,
      179.74534606933594,
      8.80924129486084,
      267.58221435546875,
      42.162757873535156,
      197.62083435058594,
      23.580646514892578,
      176.03457641601562,
      30.3464298248291,
      175.62802124023438,
      23.178619384765625,
      133.33673095703125,
      20.749622344970703,
      105.15351867675781,
      16.504114151000977,
      63.52975845336914,
      12.65351676940918
    ],
    [
      21.779932022094727,
      24.125926971435547,
      7.229318618774414,
      35.717350006103516,
      42.162757873535156,
      74.03153991699219,
      19.418006896972656,
      55.93587112426758,
      7.197092533111572,
      49.305519104003906,
      13.737333297729492,
      42.058589935302734,
      4.786440849304199,
      37.546630859375,
      0.2663295865058899,
      27.372333526611328,
      3.622588634490967,
      20.301177978515625
    ],
    [
      41.05116653442383,
      14.2870454788208,
      189.22018432617188,
      19.996360778808594,
      197.62083435058594,
      19.418006896972656,
      246.87857055664062,
      32.81968688964844,
      207.58984375,
      21.385032653808594,
      206.9625244140625,
      25.49860382080078,
      169.4819793701172,
      21.93463706970215,
      135.96731567382812,
      16.518341064453125,
      84.55148315429688,
      12.953619003295898
    ],
    [
      26.481992721557617,
      27.657140731811523,
      28.400691986083984,
      50.41164016723633,
      23.580646514892578,
      55.93587112426758,
      32.81968688964844,
      71.2705078125,
      6.977875232696533,
      45.63230895996094,
      24.938234329223633,
      49.475921630859375,
      11.739364624023438,
      42.83639144897461,
      5.663187503814697,
      31.22224998474121,
      7.425845146179199,
      23.628217697143555
    ],
    [
      35.224327087402344,
      7.018561840057373,
      158.24249267578125,
      -2.608084201812744,
      176.03457641601562,
      7.197092533111572,
      207.58984375,
      6.977875232696533,
      231.74603271484375,
      11.476564407348633,
      214.9468231201172,
      11.279167175292969,
      183.43423461914062,
      9.807893753051758,
      154.0442657470703,
      8.655503273010254,
      93.53944396972656,
      7.187688827514648
    ],
    [
      20.27874183654785,
      21.139408111572266,
      9.129300117492676,
      26.46217155456543,
      30.3464298248291,
      49.305519104003906,
      21.385032653808594,
      45.63230895996094,
      11.476564407348633,
      39.36145782470703,
      20.001447677612305,
      36.6530647277832,
      11.131855010986328,
      32.45059585571289,
      6.769874572753906,
      24.419748306274414,
      7.372832775115967,
      18.424110412597656
    ],
    [
      43.73668670654297,
      15.343393325805664,
      169.34205627441406,
      8.618353843688965,
      175.62802124023438,
      13.737333297729492,
      206.9625244140625,
      24.938234329223633,
      214.9468231201172,
      20.001447677612305,
      238.23680114746094,
      25.96718406677246,
      198.87234497070312,
      21.383235931396484,
      165.891845703125,
      17.79595184326172,
      101.2220230102539,
      14.443528175354004
    ],
    [
      22.704679489135742,
      22.980449676513672,
      15.00183391571045,
      29.401954650878906,
      23.178619384765625,
      42.058589935302734,
      25.49860382080078,
      49.475921630859375,
      11.279167175292969,
      36.6530647277832,
      25.96718406677246,
      40.847557067871094,
      14.584897994995117,
      34.62390899658203,
      10.156875610351562,
      26.528518676757812,
      9.508322715759277,
      20.029300689697266
    ],
    [
      33.35676193237305,
      8.468856811523438,
      130.3818817138672,
      1.3394081592559814,
      133.33673095703125,
      4.786440849304199,
      169.4819793701172,
      11.739364624023438,
      183.43423461914062,
      11.131855010986328,
      198.87234497070312,
      14.584897994995117,
      190.74636840820312,
      12.442075729370117,
      162.00843811035156,
      10.375988960266113,
      99.71830749511719,
      8.560443878173828
    ],
    [
      19.19376564025879,
      19.43307113647461,
      12.514360427856445,
      25.56256866455078,
      20.749622344970703,
      37.546630859375,
      21.93463706970215,
      42.83639144897461,
      9.807893753051758,
      32.45059585571289,
      21.383235931396484,
      34.62390899658203,
      12.442075729370117,
      30.197845458984375,
      8.122588157653809,
      22.677066802978516,
      7.76041841506958,
      17.01619529724121
    ],
    [
      28.998228073120117,
      6.3607964515686035,
      102.54498291015625,
      -2.702975273132324,
      105.15351867675781,
      0.2663295865058899,
      135.96731567382812,
      5.663187503814697,
      154.0442657470703,
      6.769874572753906,
      165.891845703125,
      10.156875610351562,
      162.00843811035156,
      8.122588157653809,
      161.595458984375,
      7.848381996154785,
      102.18382263183594,
      7.092279434204102
    ],
    [
      15.6045503616333,
      15.94648265838623,
      7.604355335235596,
      16.64693260192871,
      16.504114151000977,
      27.372333526611328,
      16.518341064453125,
      31.22224998474121,
      8.655503273010254,
      24.419748306274414,
      17.79595184326172,
      26.528518676757812,
      10.375988960266113,
      22.677066802978516,
      7.848381996154785,
      18.233036041259766,
      7.544615268707275,
      14.111196517944336
    ],
    [
      21.382043838500977,
      6.919378280639648,
      53.097686767578125,
      -0.42204633355140686,
      63.52975845336914,
      3.622588634490967,
      84.55148315429688,
      7.425845146179199,
      93.53944396972656,
      7.372832775115967,
      101.2220230102539,
      9.508322715759277,
      99.71830749511719,
      7.76041841506958,
      102.18382263183594,
      7.544615268707275,
      74.40264129638672,
      7.161931991577148
    ],
    [
      12.718061447143555,
      12.980094909667969,
      5.358273029327393,
      11.772552490234375,
      12.65351676940918,
      20.301177978515625,
      12.953619003295898,
      23.628217697143555,
      7.187688827514648,
      18.424110412597656,
      14.443528175354004,
      20.029300689697266,
      8.560443878173828,
      17.01619529724121,
      7.092279434204102,
      14.111196517944336,
      7.161931991577148,
      11.468816757202148
    ]
  ],
  "damage": -17.788330078125,
  "diff_bandwidth": 840.4114379882812,
  "dissonance": 9.622958925773508,
  "drr": 2.426520824432373,
  "dynamics": 6.502376556396484,
  "format": 1245190,
  "frames": 5996480,
  "loudness": -26.90590476989746,
  "loudness_range": 20.050748825073242,
  "loudness_range_short": 27.312000274658203,
  "lowpass_true_peak_15khz": -1.298854112625122,
  "mastering3_acoustic_entropies": [
    {
      "acoustic_entropy": 9.507493019104004,
      "acoustic_entropy_mono": 8.6909761428833,
      "band_eliminated_acoustic_entropies": [
        {
          "acoustic_entropy": 9.506001472473145,
          "acoustic_entropy_side": 9.507169723510742,
          "hz": 129.47220167065723
        },
        {
          "acoustic_entropy": 9.508258819580078,
          "acoustic_entropy_side": 9.507472038269043,
          "hz": 202.92927478742237
        },
        {
          "acoustic_entropy": 9.384554862976074,
          "acoustic_entropy_side": 9.495734214782715,
          "hz": 282.89161906338205
        },
        {
          "acoustic_entropy": 9.143421173095703,
          "acoustic_entropy_side": 9.504653930664062,
          "hz": 369.9353335868758
        },
        {
          "acoustic_entropy": 8.773143768310547,
          "acoustic_entropy_side": 9.610641479492188,
          "hz": 464.6875360973435
        },
        {
          "acoustic_entropy": 10.037445068359375,
          "acoustic_entropy_side": 9.629796981811523,
          "hz": 567.8308811364784
        },
        {
          "acoustic_entropy": 9.603133201599121,
          "acoustic_entropy_side": 9.559409141540527,
          "hz": 680.1084783214808
        },
        {
          "acoustic_entropy": 9.76166820526123,
          "acoustic_entropy_side": 9.470178604125977,
          "hz": 802.3292461747484
        },
        {
          "acoustic_entropy": 9.35515022277832,
          "acoustic_entropy_side": 9.468632698059082,
          "hz": 935.3737400823702
        },
        {
          "acoustic_entropy": 9.698721885681152,
          "acoustic_entropy_side": 9.376931190490723,
          "hz": 1080.2004963696966
        },
        {
          "acoustic_entropy": 9.221325874328613,
          "acoustic_entropy_side": 9.272348403930664,
          "hz": 1237.8529382007157
        },
        {
          "acoustic_entropy": 8.698911666870117,
          "acoustic_entropy_side": 8.99198055267334,
          "hz": 1409.4668930556702
        },
        {
          "acoustic_entropy": 8.687799453735352,
          "acoustic_entropy_side": 8.814990043640137,
          "hz": 1596.2787759475705
        },
        {
          "acoustic_entropy": 9.320829391479492,
          "acoustic_entropy_side": 9.463567733764648,
          "hz": 1799.6344973346393
        },
        {
          "acoustic_entropy": 9.151237487792969,
          "acoustic_entropy_side": 9.487162590026855,
          "hz": 2020.9991599069049
        },
        {
          "acoustic_entropy": 9.440943717956543,
          "acoustic_entropy_side": 9.502538681030273,
          "hz": 2261.9676141086993
        },
        {
          "acoustic_entropy": 9.519999504089355,
          "acoustic_entropy_side": 9.501163482666016,
          "hz": 2524.2759484456974
        },
        {
          "acoustic_entropy": 9.552515029907227,
          "acoustic_entropy_side": 9.502402305603027,
          "hz": 2809.813997359896
        },
        {
          "acoustic_entropy": 9.587165832519531,
          "acoustic_entropy_side": 9.492125511169434,
          "hz": 3120.6389567871424
        },
        {
          "acoustic_entropy": 9.306544303894043,
          "acoustic_entropy_side": 9.441288948059082,
          "hz": 3458.990205492291
        },
        {
          "acoustic_entropy": 9.42935848236084,
          "acoustic_entropy_side": 9.36632251739502,
          "hz": 3827.305438964164
        },
        {
          "acoustic_entropy": 9.43765640258789,
          "acoustic_entropy_side": 9.42959976196289,
          "hz": 4228.238232109126
        },
        {
          "acoustic_entropy": 9.489765167236328,
          "acoustic_entropy_side": 9.449217796325684,
          "hz": 4664.6771572759235
        },
        {
          "acoustic_entropy": 9.422933578491211,
          "acoustic_entropy_side": 9.461917877197266,
          "hz": 5139.766595350093
        },
        {
          "acoustic_entropy": 9.435943603515625,
          "acoustic_entropy_side": 9.499917984008789,
          "hz": 5656.929389854203
        },
        {
          "acoustic_entropy": 9.31688117980957,
          "acoustic_entropy_side": 9.506184577941895,
          "hz": 6219.891507268283
        },
        {
          "acoustic_entropy": 9.648275375366211,
          "acoustic_entropy_side": 9.503528594970703,
          "hz": 6832.70888123896
        },
        {
          "acoustic_entropy": 9.620857238769531,
          "acoustic_entropy_side": 9.499455451965332,
          "hz": 7499.796634079867
        },
        {
          "acoustic_entropy": 9.502901077270508,
          "acoustic_entropy_side": 9.495240211486816,
          "hz": 8225.96088609342
        },
        {
          "acoustic_entropy": 9.392557144165039,
          "acoustic_entropy_side": 9.503474235534668,
          "hz": 9016.43338188839
        },
        {
          "acoustic_entropy": 9.306778907775879,
          "acoustic_entropy_side": 9.505789756774902,
          "hz": 9876.909183162974
        },
        {
          "acoustic_entropy": 9.267786979675293,
          "acoustic_entropy_side": 9.504676818847656,
          "hz": 10813.587699516042
        },
        {
          "acoustic_entropy": 9.311057090759277,
          "acoustic_entropy_side": 9.507099151611328,
          "hz": 11833.21735289826
        },
        {
          "acoustic_entropy": 9.294743537902832,
          "acoustic_entropy_side": 9.505953788757324,
          "hz": 12943.144197493959
        },
        {
          "acoustic_entropy": 9.387961387634277,
          "acoustic_entropy_side": 9.501477241516113,
          "hz": 14151.364845322005
        },
        {
          "acoustic_entropy": 9.462610244750977,
          "acoustic_entropy_side": 9.506936073303223,
          "hz": 15466.58407886509
        },
        {
          "acoustic_entropy": 9.488066673278809,
          "acoustic_entropy_side": 9.507396697998047,
          "hz": 16898.27756580493
        },
        {
          "acoustic_entropy": 9.496938705444336,
          "acoustic_entropy_side": 9.507492065429688,
          "hz": 18456.760127700032
        },
        {
          "acoustic_entropy": 9.501076698303223,
          "acoustic_entropy_side": 9.507493019104004,
          "hz": 20153.260054456492
        },
        {
          "acoustic_entropy": 9.50627326965332,
          "acoustic_entropy_side": 9.507493019104004,
          "hz": 22000.00000000001
        }
      ],
      "diff_acoustic_entropy": 10.226666450500488,
      "sn": 6
    },
    {
      "acoustic_entropy": 14.492414474487305,
      "acoustic_entropy_mono": 13.398286819458008,
      "band_eliminated_acoustic_entropies": [
        {
          "acoustic_entropy": 14.492216110229492,
          "acoustic_entropy_side": 14.49319839477539,
          "hz": 129.47220167065723
        },
        {
          "acoustic_entropy": 14.49485969543457,
          "acoustic_entropy_side": 14.49239730834961,
          "hz": 202.92927478742237
        },
        {
          "acoustic_entropy": 14.279340744018555,
          "acoustic_entropy_side": 14.468657493591309,
          "hz": 282.89161906338205
        },
        {
          "acoustic_entropy": 13.816542625427246,
          "acoustic_entropy_side": 14.409269332885742,
          "hz": 369.9353335868758
        },
        {
          "acoustic_entropy": 13.34138298034668,
          "acoustic_entropy_side": 14.564093589782715,
          "hz": 464.6875360973435
        },
        {
          "acoustic_entropy": 14.71943473815918,
          "acoustic_entropy_side": 14.745964050292969,
          "hz": 567.8308811364784
        },
        {
          "acoustic_entropy": 14.301558494567871,
          "acoustic_entropy_side": 14.624671936035156,
          "hz": 680.1084783214808
        },
        {
          "acoustic_entropy": 14.64866828918457,
          "acoustic_entropy_side": 14.506732940673828,
          "hz": 802.3292461747484
        },
        {
          "acoustic_entropy": 14.003390312194824,
          "acoustic_entropy_side": 14.51827335357666,
          "hz": 935.3737400823702
        },
        {
          "acoustic_entropy": 14.494094848632812,
          "acoustic_entropy_side": 14.528870582580566,
          "hz": 1080.2004963696966
        },
        {
          "acoustic_entropy": 14.209388732910156,
          "acoustic_entropy_side": 14.516141891479492,
          "hz": 1237.8529382007157
        },
        {
          "acoustic_entropy": 14.46490478515625,
          "acoustic_entropy_side": 14.550207138061523,
          "hz": 1409.4668930556702
        },
        {
          "acoustic_entropy": 14.495671272277832,
          "acoustic_entropy_side": 14.54078483581543,
          "hz": 1596.2787759475705
        },
        {
          "acoustic_entropy": 14.502893447875977,
          "acoustic_entropy_side": 14.491636276245117,
          "hz": 1799.6344973346393
        },
        {
          "acoustic_entropy": 14.101282119750977,
          "acoustic_entropy_side": 14.509730339050293,
          "hz": 2020.9991599069049
        },
        {
          "acoustic_entropy": 14.444050788879395,
          "acoustic_entropy_side": 14.508974075317383,
          "hz": 2261.9676141086993
        },
        {
          "acoustic_entropy": 14.47376823425293,
          "acoustic_entropy_side": 14.506168365478516,
          "hz": 2524.2759484456974
        },
        {
          "acoustic_entropy": 13.977194786071777,
          "acoustic_entropy_side": 14.497171401977539,
          "hz": 2809.813997359896
        },
        {
          "acoustic_entropy": 14.35582160949707,
          "acoustic_entropy_side": 14.497638702392578,
          "hz": 3120.6389567871424
        },
        {
          "acoustic_entropy": 14.776756286621094,
          "acoustic_entropy_side": 14.538687705993652,
          "hz": 3458.990205492291
        },
        {
          "acoustic_entropy": 14.494365692138672,
          "acoustic_entropy_side": 14.552536010742188,
          "hz": 3827.305438964164
        },
        {
          "acoustic_entropy": 14.672830581665039,
          "acoustic_entropy_side": 14.51368522644043,
          "hz": 4228.238232109126
        },
        {
          "acoustic_entropy": 14.676258087158203,
          "acoustic_entropy_side": 14.537367820739746,
          "hz": 4664.6771572759235
        },
        {
          "acoustic_entropy": 14.630436897277832,
          "acoustic_entropy_side": 14.532995223999023,
          "hz": 5139.766595350093
        },
        {
          "acoustic_entropy": 14.655624389648438,
          "acoustic_entropy_side": 14.501726150512695,
          "hz": 5656.929389854203
        },
        {
          "acoustic_entropy": 14.304931640625,
          "acoustic_entropy_side": 14.493464469909668,
          "hz": 6219.891507268283
        },
        {
          "acoustic_entropy": 14.51136589050293,
          "acoustic_entropy_side": 14.497825622558594,
          "hz": 6832.70888123896
        },
        {
          "acoustic_entropy": 14.601590156555176,
          "acoustic_entropy_side": 14.504850387573242,
          "hz": 7499.796634079867
        },
        {
          "acoustic_entropy": 14.416693687438965,
          "acoustic_entropy_side": 14.512619018554688,
          "hz": 8225.96088609342
        },
        {
          "acoustic_entropy": 14.445878028869629,
          "acoustic_entropy_side": 14.499554634094238,
          "hz": 9016.43338188839
        },
        {
          "acoustic_entropy": 14.365386962890625,
          "acoustic_entropy_side": 14.496160507202148,
          "hz": 9876.909183162974
        },
        {
          "acoustic_entropy": 14.344196319580078,
          "acoustic_entropy_side": 14.498764991760254,
          "hz": 10813.587699516042
        },
        {
          "acoustic_entropy": 14.411785125732422,
          "acoustic_entropy_side": 14.493382453918457,
          "hz": 11833.21735289826
        },
        {
          "acoustic_entropy": 14.398249626159668,
          "acoustic_entropy_side": 14.496162414550781,
          "hz": 12943.144197493959
        },
        {
          "acoustic_entropy": 14.45928955078125,
          "acoustic_entropy_side": 14.505456924438477,
          "hz": 14151.364845322005
        },
        {
          "acoustic_entropy": 14.50416088104248,
          "acoustic_entropy_side": 14.49383544921875,
          "hz": 15466.58407886509
        },
        {
          "acoustic_entropy": 14.509001731872559,
          "acoustic_entropy_side": 14.492713928222656,
          "hz": 16898.27756580493
        },
        {
          "acoustic_entropy": 14.51091480255127,
          "acoustic_entropy_side": 14.492415428161621,
          "hz": 18456.760127700032
        },
        {
          "acoustic_entropy": 14.502201080322266,
          "acoustic_entropy_side": 14.492414474487305,
          "hz": 20153.260054456492
        },
        {
          "acoustic_entropy": 14.493561744689941,
          "acoustic_entropy_side": 14.492414474487305,
          "hz": 22000.00000000001
        }
      ],
      "diff_acoustic_entropy": 14.670538902282715,
      "sn": 12
    },
    {
      "acoustic_entropy": 22.035131454467773,
      "acoustic_entropy_mono": 19.0916805267334,
      "band_eliminated_acoustic_entropies": [
        {
          "acoustic_entropy": 22.03023338317871,
          "acoustic_entropy_side": 22.0297908782959,
          "hz": 129.47220167065723
        },
        {
          "acoustic_entropy": 21.8648681640625,
          "acoustic_entropy_side": 22.032676696777344,
          "hz": 202.92927478742237
        },
        {
          "acoustic_entropy": 21.400691986083984,
          "acoustic_entropy_side": 22.05369758605957,
          "hz": 282.89161906338205
        },
        {
          "acoustic_entropy": 21.576377868652344,
          "acoustic_entropy_side": 21.786521911621094,
          "hz": 369.9353335868758
        },
        {
          "acoustic_entropy": 20.908767700195312,
          "acoustic_entropy_side": 22.08509063720703,
          "hz": 464.6875360973435
        },
        {
          "acoustic_entropy": 21.77765655517578,
          "acoustic_entropy_side": 21.944454193115234,
          "hz": 567.8308811364784
        },
        {
          "acoustic_entropy": 21.35870933532715,
          "acoustic_entropy_side": 22.106775283813477,
          "hz": 680.1084783214808
        },
        {
          "acoustic_entropy": 22.19910430908203,
          "acoustic_entropy_side": 22.010250091552734,
          "hz": 802.3292461747484
        },
        {
          "acoustic_entropy": 21.497488021850586,
          "acoustic_entropy_side": 22.009817123413086,
          "hz": 935.3737400823702
        },
        {
          "acoustic_entropy": 22.204204559326172,
          "acoustic_entropy_side": 21.990867614746094,
          "hz": 1080.2004963696966
        },
        {
          "acoustic_entropy": 21.739530563354492,
          "acoustic_entropy_side": 21.821102142333984,
          "hz": 1237.8529382007157
        },
        {
          "acoustic_entropy": 22.339780807495117,
          "acoustic_entropy_side": 21.91990089416504,
          "hz": 1409.4668930556702
        },
        {
          "acoustic_entropy": 21.990455627441406,
          "acoustic_entropy_side": 22.015214920043945,
          "hz": 1596.2787759475705
        },
        {
          "acoustic_entropy": 22.06012725830078,
          "acoustic_entropy_side": 22.054824829101562,
          "hz": 1799.6344973346393
        },
        {
          "acoustic_entropy": 21.797992706298828,
          "acoustic_entropy_side": 22.00864028930664,
          "hz": 2020.9991599069049
        },
        {
          "acoustic_entropy": 21.868450164794922,
          "acoustic_entropy_side": 22.028600692749023,
          "hz": 2261.9676141086993
        },
        {
          "acoustic_entropy": 22.27374839782715,
          "acoustic_entropy_side": 22.030439376831055,
          "hz": 2524.2759484456974
        },
        {
          "acoustic_entropy": 21.873123168945312,
          "acoustic_entropy_side": 22.07938575744629,
          "hz": 2809.813997359896
        },
        {
          "acoustic_entropy": 21.773611068725586,
