{
  "acoustic_entropy": 214.23355102539062,
  "bands": [
    {
      "high_freq": 148.1999969482422,
      "loudness": -17.153200149536133,
      "loudness_range": 5.574422836303711,
      "mid_mean": -13.705351829528809,
      "mid_to_side_loudness": -15.78624439239502,
      "mid_to_side_loudness_range": 19.860599517822266,
      "side_mean": -30.657773971557617
    },
    {
      "high_freq": 392.3793640136719,
      "loudness": -19.588071823120117,
      "loudness_range": 5.889884948730469,
      "low_freq": 148.1999969482422,
      "mid_mean": -16.516223907470703,
      "mid_to_side_loudness": -9.441758155822754,
      "mid_to_side_loudness_range": 13.417222023010254,
      "side_mean": -26.411972045898438
    },
    {
      "high_freq": 794.6976318359375,
      "loudness": -20.812925338745117,
      "loudness_range": 9.052221298217773,
      "low_freq": 392.3793640136719,
      "mid_mean": -18.395225524902344,
      "mid_to_side_loudness": -6.231086254119873,
      "mid_to_side_loudness_range": 16.566598892211914,
      "side_mean": -24.96729850769043
    },
    {
      "high_freq": 1457.5709228515625,
      "loudness": -21.066373825073242,
      "loudness_range": 11.407069206237793,
      "low_freq": 794.6976318359375,
      "mid_mean": -18.90068244934082,
      "mid_to_side_loudness": -5.222261905670166,
      "mid_to_side_loudness_range": 14.103864669799805,
      "side_mean": -24.184993743896484
    },
    {
      "high_freq": 2549.74365234375,
      "loudness": -20.859628677368164,
      "loudness_range": 12.102348327636719,
      "low_freq": 1457.5709228515625,
      "mid_mean": -19.21854019165039,
      "mid_to_side_loudness": -3.1948354244232178,
      "mid_to_side_loudness_range": 11.49332046508789,
      "side_mean": -22.452167510986328
    },
    {
      "high_freq": 4349.24462890625,
      "loudness": -23.62258529663086,
      "loudness_range": 13.919363021850586,
      "low_freq": 2549.74365234375,
      "mid_mean": -21.23539161682129,
      "mid_to_side_loudness": -5.170509338378906,
      "mid_to_side_loudness_range": 11.783214569091797,
      "side_mean": -27.09520149230957
    },
    {
      "high_freq": 7314.1640625,
      "loudness": -24.568561553955078,
      "loudness_range": 12.380071640014648,
      "low_freq": 4349.24462890625,
      "mid_mean": -21.637941360473633,
      "mid_to_side_loudness": -8.620856285095215,
      "mid_to_side_loudness_range": 14.735538482666016,
      "side_mean": -30.9755916595459
    },
    {
      "high_freq": 12199.2666015625,
      "loudness": -28.869590759277344,
      "loudness_range": 13.259836196899414,
      "low_freq": 7314.1640625,
      "mid_mean": -26.017011642456055,
      "mid_to_side_loudness": -7.594886779785156,
      "mid_to_side_loudness_range": 9.679914474487305,
      "side_mean": -33.894012451171875
    },
    {
      "loudness": -36.04151916503906,
      "loudness_range": 12.799827575683594,
      "low_freq": 12199.2666015625,
      "mid_mean": -33.6673583984375,
      "mid_to_side_loudness": -5.309547424316406,
      "mid_to_side_loudness_range": 6.612822532653809,
      "side_mean": -38.478519439697266
    }
  ],
  "bands_short": [
    {
      "high_freq": 148.1999969482422,
      "loudness": -19.766891479492188,
      "loudness_range": 15.092103958129883,
      "mid_mean": -16.37491226196289,
      "mid_to_side_loudness": -17.71524429321289,
      "mid_to_side_loudness_range": 25.338369369506836,
      "side_mean": -35.437286376953125
    },
    {
      "high_freq": 392.3793640136719,
      "loudness": -18.80120086669922,
      "loudness_range": 8.687394142150879,
      "low_freq": 148.1999969482422,
      "mid_mean": -15.727286338806152,
      "mid_to_side_loudness": -10.275229454040527,
      "mid_to_side_loudness_range": 15.524614334106445,
      "side_mean": -26.509368896484375
    },
    {
      "high_freq": 794.6976318359375,
      "loudness": -21.97231674194336,
      "loudness_range": 13.056567192077637,
      "low_freq": 392.3793640136719,
      "mid_mean": -19.77063751220703,
      "mid_to_side_loudness": -6.008869171142578,
      "mid_to_side_loudness_range": 19.281705856323242,
      "side_mean": -26.20800018310547
    },
    {
      "high_freq": 1457.5709228515625,
      "loudness": -21.401432037353516,
      "loudness_range": 13.471898078918457,
      "low_freq": 794.6976318359375,
      "mid_mean": -19.438230514526367,
      "mid_to_side_loudness": -4.632948875427246,
      "mid_to_side_loudness_range": 15.426773071289062,
      "side_mean": -24.27442741394043
    },
    {
      "high_freq": 2549.74365234375,
      "loudness": -21.769933700561523,
      "loudness_range": 15.616413116455078,
      "low_freq": 1457.5709228515625,
      "mid_mean": -20.25135040283203,
      "mid_to_side_loudness": -3.143319845199585,
      "mid_to_side_loudness_range": 13.851762771606445,
      "side_mean": -23.5186824798584
    },
    {
      "high_freq": 4349.24462890625,
      "loudness": -24.471467971801758,
      "loudness_range": 17.778091430664062,
      "low_freq": 2549.74365234375,
      "mid_mean": -22.28028106689453,
      "mid_to_side_loudness": -4.899106502532959,
      "mid_to_side_loudness_range": 13.792677879333496,
      "side_mean": -27.731273651123047
    },
    {
      "high_freq": 7314.1640625,
      "loudness": -25.72307777404785,
      "loudness_range": 17.437088012695312,
      "low_freq": 4349.24462890625,
      "mid_mean": -22.92361831665039,
      "mid_to_side_loudness": -8.363885879516602,
      "mid_to_side_loudness_range": 17.840120315551758,
      "side_mean": -31.90479278564453
    },
    {
      "high_freq": 12199.2666015625,
      "loudness": -30.636825561523438,
      "loudness_range": 18.330842971801758,
      "low_freq": 7314.1640625,
      "mid_mean": -27.929079055786133,
      "mid_to_side_loudness": -7.608725070953369,
      "mid_to_side_loudness_range": 13.137039184570312,
      "side_mean": -35.56856918334961
    },
    {
      "loudness": -39.47896957397461,
      "loudness_range": 22.828861236572266,
      "low_freq": 12199.2666015625,
      "mid_mean": -37.20122528076172,
      "mid_to_side_loudness": -5.864655017852783,
      "mid_to_side_loudness_range": 11.358234405517578,
      "side_mean": -42.17106628417969
    }
  ],
  "bandwidth": 633.2080078125,
  "channels": 2,
  "covariance": [
    [
      9.616745948791504,
      8.900304794311523,
      1.2847986221313477,
      4.0254292488098145,
      2.575796127319336,
      0.13766375184059143,
      2.041876792907715,
      0.19799239933490753,
      3.023510694503784,
      0.8074358701705933,
      4.810266971588135,
      4.1771674156188965,
      3.48486590385437,
      3.5467071533203125,
      1.5017629861831665,
      0.1250416487455368,
      0.21779483556747437,
      -0.39205288887023926
    ],
    [
      8.900304794311523,
      56.8452262878418,
      4.314857482910156,
      23.58319854736328,
      10.491016387939453,
      12.70327091217041,
      15.876463890075684,
      11.527295112609863,
      18.87148094177246,
      17.79256248474121,
      24.319536209106445,
      37.60280990600586,
      18.72051239013672,
      32.911048889160156,
      13.22157096862793,
      18.683975219726562,
      4.3648200035095215,
      5.014239311218262
    ],
    [
      1.2847986221313477,
      4.314857482910156,
      8.004474639892578,
      4.887144088745117,
      5.2930097579956055,
      0.4103397727012634,
      2.355273962020874,
      -0.23206397891044617,
      3.369088888168335,
      1.0420758724212646,
      4.247521877288818,
      2.3489298820495605,
      3.5183324813842773,
      1.0092577934265137,
      2.0448427200317383,
      -0.14070118963718414,
      -0.15989644825458527,
      -1.1424641609191895
    ],
    [
      4.0254292488098145,
      23.58319854736328,
      4.887144088745117,
      23.26756477355957,
      6.102404594421387,
      9.899767875671387,
      8.924379348754883,
      8.775901794433594,
      12.101921081542969,
      11.669326782226562,
      17.41596221923828,
      25.61903953552246,
      13.686812400817871,
      24.140684127807617,
      9.5285062789917,
      14.387130737304688,
      4.510613441467285,
      5.330772876739502
    ],
    [
      2.575796127319336,
      10.491016387939453,
      5.2930097579956055,
      6.102404594421387,
      19.999284744262695,
      3.2035512924194336,
      7.066019535064697,
      -2.0848395824432373,
      7.602053165435791,
      -0.1159910038113594,
      6.082287788391113,
      5.142590522766113,
      4.142838954925537,
      1.196273922920227,
      2.2981808185577393,
      -0.1425192952156067,
      1.1513586044311523,
      0.2578597664833069
    ],
    [
      0.13766375184059143,
      12.70327091217041,
      0.4103397727012634,
      9.899767875671387,
      3.2035512924194336,
      17.30760383605957,
      5.8842926025390625,
      9.945453643798828,
      8.640633583068848,
      11.36799144744873,
      10.0883207321167,
      20.491575241088867,
      8.001142501831055,
      20.41159439086914,
      7.4288859367370605,
      14.437281608581543,
      5.99398946762085,
      7.831838607788086
    ],
    [
      2.041876792907715,
      15.876463890075684,
      2.355273962020874,
      8.924379348754883,
      7.066019535064697,
      5.8842926025390625,
      21.30594253540039,
      10.046104431152344,
      13.542485237121582,
      7.192087173461914,
      10.388827323913574,
      17.098615646362305,
      7.5294694900512695,
      12.661371231079102,
      4.1790924072265625,
      7.8122663497924805,
      2.3139264583587646,
      3.111926317214966
    ],
    [
      0.19799239933490753,
      11.527295112609863,
      -0.23206397891044617,
      8.775901794433594,
      -2.0848395824432373,
      9.945453643798828,
      10.046104431152344,
      20.65039825439453,
      8.626206398010254,
      12.75002670288086,
      10.27431583404541,
      22.999074935913086,
      9.15131950378418,
      24.055240631103516,
      8.365861892700195,
      16.487674713134766,
      5.4364333152771,
      7.31288480758667
    ],
    [
      3.023510694503784,
      18.87148094177246,
      3.369088888168335,
      12.101921081542969,
      7.602053165435791,
      8.640633583068848,
      13.542485237121582,
      8.626206398010254,
      23.756750106811523,
      15.314249038696289,
      17.659196853637695,
      24.130455017089844,
      13.221095085144043,
      21.506824493408203,
      9.666508674621582,
      13.98884391784668,
      6.613190174102783,
      7.393313884735107
    ],
    [
      0.8074358701705933,
      17.79256248474121,
      1.0420758724212646,
      11.669326782226562,
      -0.1159910038113594,
      11.36799144744873,
      7.192087173461914,
      12.75002670288086,
      15.314249038696289,
      24.269630432128906,
      16.38602066040039,
      26.76506805419922,
      13.387312889099121,
      30.07337760925293,
      11.923057556152344,
      20.909259796142578,
      7.96216344833374,
      10.26807689666748
    ],
    [
      4.810266971588135,
      24.319536209106445,
      4.247521877288818,
      17.41596221923828,
      6.082287788391113,
      10.0883207321167,
      10.388827323913574,
      10.27431583404541,
      17.659196853637695,
      16.38602066040039,
      25.97357177734375,
      30.814128875732422,
      18.31287956237793,
      31.302579879760742,
      12.438121795654297,
      19.910959243774414,
      6.843555927276611,
      8.745027542114258
    ],
    [
      4.1771674156188965,
      37.60280990600586,
      2.3489298820495605,
      25.61903953552246,
      5.142590522766113,
      20.491575241088867,
      17.098615646362305,
      22.999074935913086,
      24.130455017089844,
      26.76506805419922,
      30.814128875732422,
      57.543540954589844,
      24.038293838500977,
      54.252784729003906,
      20.13323402404785,
      36.2818489074707,
      12.006831169128418,
      16.245281219482422
    ],
    [
      3.48486590385437,
      18.72051239013672,
      3.5183324813842773,
      13.686812400817871,
      4.142838954925537,
      8.001142501831055,
      7.5294694900512695,
      9.15131950378418,
      13.221095085144043,
      13.387312889099121,
      18.31287956237793,
      24.038293838500977,
      20.477760314941406,
      28.311992645263672,
      15.223221778869629,
      19.238412857055664,
      9.40902042388916,
      10.059831619262695
    ],
    [
      3.5467071533203125,
      32.911048889160156,
      1.0092577934265137,
      24.140684127807617,
      1.196273922920227,
      20.41159439086914,
      12.661371231079102,
      24.055240631103516,
      21.506824493408203,
      30.07337760925293,
      31.302579879760742,
      54.252784729003906,
      28.311992645263672,
      64.99720764160156,
      23.99427032470703,
      44.40503692626953,
      16.147319793701172,
      21.885108947753906
    ],
    [
      1.5017629861831665,
      13.22157096862793,
      2.0448427200317383,
      9.5285062789917,
      2.2981808185577393,
      7.4288859367370605,
      4.1790924072265625,
      8.365861892700195,
      9.666508674621582,
      11.923057556152344,
      12.438121795654297,
      20.13323402404785,
      15.223221778869629,
      23.99427032470703,
      21.849084854125977,
      19.633769989013672,
      16.294334411621094,
      13.49730110168457
    ],
    [
      0.1250416487455368,
      18.683975219726562,
      -0.14070118963718414,
      14.387130737304688,
      -0.1425192952156067,
      14.437281608581543,
      7.8122663497924805,
      16.487674713134766,
      13.98884391784668,
      20.909259796142578,
      19.910959243774414,
      36.2818489074707,
      19.238412857055664,
      44.40503692626953,
      19.633769989013672,
      35.699729919433594,
      16.89144515991211,
      22.01951026916504
    ],
    [
      0.21779483556747437,
      4.3648200035095215,
      -0.15989644825458527,
      4.510613441467285,
      1.1513586044311523,
      5.99398946762085,
      2.3139264583587646,
      5.4364333152771,
      6.613190174102783,
      7.96216344833374,
      6.843555927276611,
      12.006831169128418,
      9.40902042388916,
      16.147319793701172,
      16.294334411621094,
      16.89144515991211,
      20.86587905883789,
      19.264842987060547
    ],
    [
      -0.39205288887023926,
      5.014239311218262,
      -1.1424641609191895,
      5.330772876739502,
      0.2578597664833069,
      7.831838607788086,
      3.111926317214966,
      7.31288480758667,
      7.393313884735107,
      10.26807689666748,
      8.745027542114258,
      16.245281219482422,
      10.059831619262695,
      21.885108947753906,
      13.49730110168457,
      22.01951026916504,
      19.264842987060547,
      23.2541561126709
    ]
  ],
  "covariance_short": [
    [
      33.569515228271484,
      9.66960334777832,
      5.845561981201172,
      5.792049884796143,
      3.493680953979492,
      -2.6317718029022217,
      2.095597267150879,
      -1.1895205974578857,
      4.6210036277771,
      0.1224699467420578,
      4.019466876983643,
      2.5236661434173584,
      2.9897241592407227,
      1.0183780193328857,
      2.15071702003479,
      -0.31537073850631714,
      2.657470941543579,
      1.7747429609298706
    ],
    [
      9.66960334777832,
      63.28639221191406,
      7.525093078613281,
      30.09758758544922,
      9.59587574005127,
      14.073089599609375,
      12.494129180908203,
      11.386839866638184,
      18.100250244140625,
      18.206214904785156,
      25.45446014404297,
      35.632076263427734,
      21.4100284576416,
      35.657901763916016,
      17.468990325927734,
      24.554752349853516,
      14.38667106628418,
      16.861780166625977
    ],
    [
      5.845561981201172,
      7.525093078613281,
      13.198543548583984,
      8.831658363342285,
      5.81701135635376,
      1.6147829294204712,
      2.3971259593963623,
      1.5147459506988525,
      5.358089447021484,
      4.232665538787842,
      6.686382293701172,
      5.717836856842041,
      6.006198406219482,
      4.838507175445557,
      4.70642614364624,
      3.2027783393859863,
      3.5459189414978027,
      2.8409950733184814
    ],
    [
      5.792049884796143,
      30.09758758544922,
      8.831658363342285,
      37.44502258300781,
      9.13908576965332,
      14.089704513549805,
      11.0790376663208,
      10.687642097473145,
      17.667633056640625,
      17.200803756713867,
      24.239513397216797,
      33.40217971801758,
      20.18196678161621,
      32.48650360107422,
      16.865413665771484,
      23.30704116821289,
      14.584866523742676,
      16.74102210998535
    ],
    [
      3.493680953979492,
      9.59587574005127,
      5.81701135635376,
      9.13908576965332,
      31.59719467163086,
      6.762440204620361,
      7.9835734367370605,
      -0.6055014729499817,
      10.811683654785156,
      3.4441118240356445,
      10.541131973266602,
      6.778865814208984,
      7.492878437042236,
      4.156458377838135,
      3.914700984954834,
      3.10613751411438,
      2.8300862312316895,
      3.3485617637634277
    ],
    [
      -2.6317718029022217,
      14.073089599609375,
      1.6147829294204712,
      14.089704513549805,
      6.762440204620361,
      25.933374404907227,
      6.9917473793029785,
      10.36556339263916,
      12.053537368774414,
      15.67284870147705,
      14.093249320983887,
      24.450315475463867,
      10.837964057922363,
      24.612279891967773,
      9.807565689086914,
      18.67388916015625,
      9.935159683227539,
      13.931480407714844
    ],
    [
      2.095597267150879,
      12.494129180908203,
      2.3971259593963623,
      11.0790376663208,
      7.9835734367370605,
      6.9917473793029785,
      27.19271469116211,
      11.752334594726562,
      16.372167587280273,
      10.084355354309082,
      14.311030387878418,
      17.15998649597168,
      11.693056106567383,
      15.43574047088623,
      6.908681869506836,
      10.629183769226074,
      6.121803283691406,
      7.760581016540527
    ],
    [
      -1.1895205974578857,
      11.386839866638184,
      1.5147459506988525,
      10.687642097473145,
      -0.6055014729499817,
      10.36556339263916,
      11.752334594726562,
      25.747488021850586,
      11.628294944763184,
      16.12771224975586,
      13.933207511901855,
      26.420503616333008,
      12.452409744262695,
      27.451040267944336,
      11.494558334350586,
      20.360876083374023,
      11.01784610748291,
      14.237401962280273
    ],
    [
      4.6210036277771,
      18.100250244140625,
      5.358089447021484,
      17.667633056640625,
      10.811683654785156,
      12.053537368774414,
      16.372167587280273,
      11.628294944763184,
      36.66553497314453,
      23.552021026611328,
      27.501859664916992,
      31.670167922973633,
      23.20222282409668,
      29.804180145263672,
      17.911903381347656,
      22.750232696533203,
      17.502010345458984,
      19.667428970336914
    ],
    [
      0.1224699467420578,
      18.206214904785156,
      4.232665538787842,
      17.200803756713867,
      3.4441118240356445,
      15.67284870147705,
      10.084355354309082,
      16.12771224975586,
      23.552021026611328,
      36.061946868896484,
      24.3060302734375,
      36.44890594482422,
      21.440736770629883,
      39.066612243652344,
      19.75861930847168,
      30.552684783935547,
      19.94819450378418,
      24.393598556518555
    ],
    [
      4.019466876983643,
      25.45446014404297,
      6.686382293701172,
      24.239513397216797,
      10.541131973266602,
      14.093249320983887,
      14.311030387878418,
      13.933207511901855,
      27.501859664916992,
      24.3060302734375,
      42.20481491088867,
      42.26079177856445,
      33.44234848022461,
      45.66469192504883,
      26.387428283691406,
      35.44646072387695,
      23.99046516418457,
      27.99310302734375
    ],
    [
      2.5236661434173584,
      35.632076263427734,
      5.717836856842041,
      33.40217971801758,
      6.778865814208984,
      24.450315475463867,
      17.15998649597168,
      26.420503616333008,
      31.670167922973633,
      36.44890594482422,
      42.26079177856445,
      70.5762939453125,
      35.441795349121094,
      68.0008773803711,
      32.79683303833008,
      52.75117492675781,
      32.51182174682617,
      41.04286575317383
    ],
    [
      2.9897241592407227,
      21.4100284576416,
      6.006198406219482,
      20.18196678161621,
      7.492878437042236,
      10.837964057922363,
      11.693056106567383,
      12.452409744262695,
      23.20222282409668,
      21.440736770629883,
      33.44234848022461,
      35.441795349121094,
      41.90041732788086,
      45.65104293823242,
      35.43516540527344,
      39.12320327758789,
      32.3671760559082,
      33.15211486816406
    ],
    [
      1.0183780193328857,
      35.657901763916016,
      4.838507175445557,
      32.48650360107422,
      4.156458377838135,
      24.612279891967773,
      15.43574047088623,
      27.451040267944336,
      29.804180145263672,
      39.066612243652344,
      45.66469192504883,
      68.0008773803711,
      45.65104293823242,
      92.72163391113281,
      42.91291809082031,
      69.7603988647461,
      43.39927673339844,
      55.61693572998047
    ],
    [
      2.15071702003479,
      17.468990325927734,
      4.70642614364624,
      16.865413665771484,
      3.914700984954834,
      9.807565689086914,
      6.908681869506836,
      11.494558334350586,
      17.911903381347656,
      19.75861930847168,
      26.387428283691406,
      32.79683303833008,
      35.43516540527344,
      42.91291809082031,
      44.93059158325195,
      43.2089729309082,
      44.54634475708008,
      41.080780029296875
    ],
    [
      -0.31537073850631714,
      24.554752349853516,
      3.2027783393859863,
      23.30704116821289,
      3.10613751411438,
      18.67388916015625,
      10.629183769226074,
      20.360876083374023,
      22.750232696533203,
      30.552684783935547,
      35.44646072387695,
      52.75117492675781,
      39.12320327758789,
      69.7603988647461,
      43.2089729309082,
      74.42677307128906,
      49.187408447265625,
      62.79511642456055
    ],
    [
      2.657470941543579,
      14.38667106628418,
      3.5459189414978027,
      14.584866523742676,
      2.8300862312316895,
      9.935159683227539,
      6.121803283691406,
      11.01784610748291,
      17.502010345458984,
      19.94819450378418,
      23.99046516418457,
      32.51182174682617,
      32.3671760559082,
      43.39927673339844,
      44.54634475708008,
      49.187408447265625,
      61.56093215942383,
      59.982852935791016
    ],
    [
      1.7747429609298706,
      16.861780166625977,
      2.8409950733184814,
      16.74102210998535,
      3.3485617637634277,
      13.931480407714844,
      7.760581016540527,
      14.237401962280273,
      19.667428970336914,
      24.393598556518555,
      27.99310302734375,
      41.04286575317383,
      33.15211486816406,
      55.61693572998047,
      41.080780029296875,
      62.79511642456055,
      59.982852935791016,
      79.48248291015625
    ]
  ],
  "damage": -3.2206673622131348,
  "diff_bandwidth": 655.576171875,
  "dissonance": 9.42097742338709,
  "drr": 15.811769485473633,
  "dynamics": 2.4426724910736084,
  "format": 1245190,
  "frames": 14951360,
  "loudness": -8.238687515258789,
  "loudness_range": 5.789786338806152,
  "loudness_range_short": 7.551382541656494,
  "lowpass_true_peak_15khz": 2.1837284564971924,
  "mastering3_acoustic_entropies": [
    {
      "acoustic_entropy": 6.419554710388184,
      "acoustic_entropy_mono": 6.961778163909912,
      "band_eliminated_acoustic_entropies": [
        {
          "acoustic_entropy": 6.425926685333252,
          "acoustic_entropy_side": 6.419003009796143,
          "hz": 129.47220167065723
        },
        {
          "acoustic_entropy": 6.364655017852783,
          "acoustic_entropy_side": 6.4024786949157715,
          "hz": 202.92927478742237
        },
        {
          "acoustic_entropy": 6.622735977172852,
          "acoustic_entropy_side": 6.432975769042969,
          "hz": 282.89161906338205
        },
        {
          "acoustic_entropy": 6.45542573928833,
          "acoustic_entropy_side": 6.421367168426514,
          "hz": 369.9353335868758
        },
        {
          "acoustic_entropy": 6.551801681518555,
          "acoustic_entropy_side": 6.442616939544678,
          "hz": 464.6875360973435
        },
        {
          "acoustic_entropy": 6.542707443237305,
          "acoustic_entropy_side": 6.390690326690674,
          "hz": 567.8308811364784
        },
        {
          "acoustic_entropy": 6.395792484283447,
          "acoustic_entropy_side": 6.513267517089844,
          "hz": 680.1084783214808
        },
        {
          "acoustic_entropy": 6.485934734344482,
          "acoustic_entropy_side": 6.752459526062012,
          "hz": 802.3292461747484
        },
        {
          "acoustic_entropy": 6.828944683074951,
          "acoustic_entropy_side": 6.716081619262695,
          "hz": 935.3737400823702
        },
        {
          "acoustic_entropy": 6.24245548248291,
          "acoustic_entropy_side": 6.2144060134887695,
          "hz": 1080.2004963696966
        },
        {
          "acoustic_entropy": 7.069041728973389,
          "acoustic_entropy_side": 6.74929141998291,
          "hz": 1237.8529382007157
        },
        {
          "acoustic_entropy": 7.420194625854492,
          "acoustic_entropy_side": 6.782764434814453,
          "hz": 1409.4668930556702
        },
        {
          "acoustic_entropy": 6.4843878746032715,
          "acoustic_entropy_side": 6.54298734664917,
          "hz": 1596.2787759475705
        },
        {
          "acoustic_entropy": 6.6368327140808105,
          "acoustic_entropy_side": 6.400675296783447,
          "hz": 1799.6344973346393
        },
        {
          "acoustic_entropy": 6.634711265563965,
          "acoustic_entropy_side": 6.26019811630249,
          "hz": 2020.9991599069049
        },
        {
          "acoustic_entropy": 6.376363754272461,
          "acoustic_entropy_side": 6.292872905731201,
          "hz": 2261.9676141086993
        },
        {
          "acoustic_entropy": 6.17176628112793,
          "acoustic_entropy_side": 6.324115753173828,
          "hz": 2524.2759484456974
        },
        {
          "acoustic_entropy": 6.3533935546875,
          "acoustic_entropy_side": 6.354814529418945,
          "hz": 2809.813997359896
        },
        {
          "acoustic_entropy": 6.424612998962402,
          "acoustic_entropy_side": 6.417013645172119,
          "hz": 3120.6389567871424
        },
        {
          "acoustic_entropy": 6.423979759216309,
          "acoustic_entropy_side": 6.410343170166016,
          "hz": 3458.990205492291
        },
        {
          "acoustic_entropy": 6.346600532531738,
          "acoustic_entropy_side": 6.383670806884766,
          "hz": 3827.305438964164
        },
        {
          "acoustic_entropy": 6.312737464904785,
          "acoustic_entropy_side": 6.429314613342285,
          "hz": 4228.238232109126
        },
        {
          "acoustic_entropy": 6.319732666015625,
          "acoustic_entropy_side": 6.402653694152832,
          "hz": 4664.6771572759235
        },
        {
          "acoustic_entropy": 6.366751194000244,
          "acoustic_entropy_side": 6.409703254699707,
          "hz": 5139.766595350093
        },
        {
          "acoustic_entropy": 6.411226749420166,
          "acoustic_entropy_side": 6.4630045890808105,
          "hz": 5656.929389854203
        },
        {
          "acoustic_entropy": 6.367091178894043,
          "acoustic_entropy_side": 6.505269527435303,
          "hz": 6219.891507268283
        },
        {
          "acoustic_entropy": 6.455738067626953,
          "acoustic_entropy_side": 6.486819267272949,
          "hz": 6832.70888123896
        },
        {
          "acoustic_entropy": 6.437203407287598,
          "acoustic_entropy_side": 6.459972381591797,
          "hz": 7499.796634079867
        },
        {
          "acoustic_entropy": 6.559669494628906,
          "acoustic_entropy_side": 6.494400501251221,
          "hz": 8225.96088609342
        },
        {
          "acoustic_entropy": 6.445773601531982,
          "acoustic_entropy_side": 6.474963665008545,
          "hz": 9016.43338188839
        },
        {
          "acoustic_entropy": 6.39372444152832,
          "acoustic_entropy_side": 6.4506330490112305,
          "hz": 9876.909183162974
        },
        {
          "acoustic_entropy": 6.300230979919434,
          "acoustic_entropy_side": 6.43145751953125,
          "hz": 10813.587699516042
        },
        {
          "acoustic_entropy": 6.35998010635376,
          "acoustic_entropy_side": 6.42337703704834,
          "hz": 11833.21735289826
        },
        {
          "acoustic_entropy": 6.394371032714844,
          "acoustic_entropy_side": 6.423978805541992,
          "hz": 12943.144197493959
        },
        {
          "acoustic_entropy": 6.30996036529541,
          "acoustic_entropy_side": 6.434092044830322,
          "hz": 14151.364845322005
        },
        {
          "acoustic_entropy": 6.405104160308838,
          "acoustic_entropy_side": 6.422409534454346,
          "hz": 15466.58407886509
        },
        {
          "acoustic_entropy": 6.4578857421875,
          "acoustic_entropy_side": 6.421182632446289,
          "hz": 16898.27756580493
        },
        {
          "acoustic_entropy": 6.428531169891357,
          "acoustic_entropy_side": 6.4189910888671875,
          "hz": 18456.760127700032
        },
        {
          "acoustic_entropy": 6.419410228729248,
          "acoustic_entropy_side": 6.419193267822266,
          "hz": 20153.260054456492
        },
        {
          "acoustic_entropy": 6.419329643249512,
          "acoustic_entropy_side": 6.419475555419922,
          "hz": 22000.00000000001
        }
      ],
      "diff_acoustic_entropy": 5.766404151916504,
      "sn": 6
    },
    {
      "acoustic_entropy": 11.092552185058594,
      "acoustic_entropy_mono": 10.358024597167969,
      "band_eliminated_acoustic_entropies": [
        {
          "acoustic_entropy": 11.139103889465332,
          "acoustic_entropy_side": 11.088465690612793,
          "hz": 129.47220167065723
        },
        {
          "acoustic_entropy": 11.214305877685547,
          "acoustic_entropy_side": 11.070112228393555,
          "hz": 202.92927478742237
        },
        {
          "acoustic_entropy": 11.152253150939941,
          "acoustic_entropy_side": 11.018913269042969,
          "hz": 282.89161906338205
        },
        {
          "acoustic_entropy": 11.149685859680176,
          "acoustic_entropy_side": 10.957576751708984,
          "hz": 369.9353335868758
        },
        {
          "acoustic_entropy": 11.55358600616455,
          "acoustic_entropy_side": 11.42388916015625,
          "hz": 464.6875360973435
        },
        {
          "acoustic_entropy": 11.097504615783691,
          "acoustic_entropy_side": 11.215434074401855,
          "hz": 567.8308811364784
        },
        {
          "acoustic_entropy": 11.360045433044434,
          "acoustic_entropy_side": 11.30897045135498,
          "hz": 680.1084783214808
        },
        {
          "acoustic_entropy": 11.451173782348633,
          "acoustic_entropy_side": 11.555481910705566,
          "hz": 802.3292461747484
        },
        {
          "acoustic_entropy": 11.767573356628418,
          "acoustic_entropy_side": 11.63157844543457,
          "hz": 935.3737400823702
        },
        {
          "acoustic_entropy": 10.630866050720215,
          "acoustic_entropy_side": 10.978519439697266,
          "hz": 1080.2004963696966
        },
        {
          "acoustic_entropy": 12.1099271774292,
          "acoustic_entropy_side": 11.42275619506836,
          "hz": 1237.8529382007157
        },
        {
          "acoustic_entropy": 11.232625007629395,
          "acoustic_entropy_side": 11.200982093811035,
          "hz": 1409.4668930556702
        },
        {
          "acoustic_entropy": 11.832220077514648,
          "acoustic_entropy_side": 11.383127212524414,
          "hz": 1596.2787759475705
        },
        {
          "acoustic_entropy": 11.20814323425293,
          "acoustic_entropy_side": 11.268524169921875,
          "hz": 1799.6344973346393
        },
        {
          "acoustic_entropy": 11.930933952331543,
          "acoustic_entropy_side": 11.898653030395508,
          "hz": 2020.9991599069049
        },
        {
          "acoustic_entropy": 11.211618423461914,
          "acoustic_entropy_side": 11.030559539794922,
          "hz": 2261.9676141086993
        },
        {
          "acoustic_entropy": 11.279812812805176,
          "acoustic_entropy_side": 11.232847213745117,
          "hz": 2524.2759484456974
        },
        {
          "acoustic_entropy": 11.208548545837402,
          "acoustic_entropy_side": 11.277721405029297,
          "hz": 2809.813997359896
        },
        {
          "acoustic_entropy": 10.989165306091309,
          "acoustic_entropy_side": 11.072757720947266,
          "hz": 3120.6389567871424
        },
        {
          "acoustic_entropy": 10.999250411987305,
          "acoustic_entropy_side": 11.06790828704834,
          "hz": 3458.990205492291
        },
        {
          "acoustic_entropy": 11.070144653320312,
          "acoustic_entropy_side": 11.104452133178711,
          "hz": 3827.305438964164
        },
        {
          "acoustic_entropy": 11.093108177185059,
          "acoustic_entropy_side": 11.18627643585205,
          "hz": 4228.238232109126
        },
        {
          "acoustic_entropy": 11.095003128051758,
          "acoustic_entropy_side": 11.105657577514648,
          "hz": 4664.6771572759235
        },
        {
          "acoustic_entropy": 11.025460243225098,
          "acoustic_entropy_side": 11.208014488220215,
          "hz": 5139.766595350093
        },
        {
          "acoustic_entropy": 10.885347366333008,
          "acoustic_entropy_side": 11.099615097045898,
          "hz": 5656.929389854203
        },
        {
          "acoustic_entropy": 10.9623384475708,
          "acoustic_entropy_side": 11.068333625793457,
          "hz": 6219.891507268283
        },
        {
          "acoustic_entropy": 11.1615571975708,
          "acoustic_entropy_side": 11.08499526977539,
          "hz": 6832.70888123896
        },
        {
          "acoustic_entropy": 11.080669403076172,
          "acoustic_entropy_side": 11.065777778625488,
          "hz": 7499.796634079867
        },
        {
          "acoustic_entropy": 11.037026405334473,
          "acoustic_entropy_side": 11.063751220703125,
          "hz": 8225.96088609342
        },
        {
          "acoustic_entropy": 10.996522903442383,
          "acoustic_entropy_side": 11.024724006652832,
          "hz": 9016.43338188839
        },
        {
          "acoustic_entropy": 10.96060848236084,
          "acoustic_entropy_side": 11.031974792480469,
          "hz": 9876.909183162974
        },
        {
          "acoustic_entropy": 10.859213829040527,
          "acoustic_entropy_side": 11.034692764282227,
          "hz": 10813.587699516042
        },
        {
          "acoustic_entropy": 10.889101028442383,
          "acoustic_entropy_side": 11.07633113861084,
          "hz": 11833.21735289826
        },
        {
          "acoustic_entropy": 10.95596981048584,
          "acoustic_entropy_side": 11.073131561279297,
          "hz": 12943.144197493959
        },
        {
          "acoustic_entropy": 11.001914024353027,
          "acoustic_entropy_side": 11.016860008239746,
          "hz": 14151.364845322005
        },
        {
          "acoustic_entropy": 11.04198932647705,
          "acoustic_entropy_side": 11.05588436126709,
          "hz": 15466.58407886509
        },
        {
          "acoustic_entropy": 11.106780052185059,
          "acoustic_entropy_side": 11.073612213134766,
          "hz": 16898.27756580493
        },
        {
          "acoustic_entropy": 11.123954772949219,
          "acoustic_entropy_side": 11.089963912963867,
          "hz": 18456.760127700032
        },
        {
          "acoustic_entropy": 11.090327262878418,
          "acoustic_entropy_side": 11.096160888671875,
          "hz": 20153.260054456492
        },
        {
          "acoustic_entropy": 11.098313331604004,
          "acoustic_entropy_side": 11.093610763549805,
          "hz": 22000.00000000001
        }
      ],
      "diff_acoustic_entropy": 9.944626808166504,
      "sn": 12
    },
    {
      "acoustic_entropy": 17.848434448242188,
      "acoustic_entropy_mono": 13.962050437927246,
      "band_eliminated_acoustic_entropies": [
        {
          "acoustic_entropy": 17.927637100219727,
          "acoustic_entropy_side": 17.98341178894043,
          "hz": 129.47220167065723
        },
        {
          "acoustic_entropy": 18.135997772216797,
          "acoustic_entropy_side": 17.386205673217773,
          "hz": 202.92927478742237
        },
        {
          "acoustic_entropy": 18.40277862548828,
          "acoustic_entropy_side": 17.839675903320312,
          "hz": 282.89161906338205
        },
        {
          "acoustic_entropy": 17.74518394470215,
          "acoustic_entropy_side": 17.745288848876953,
          "hz": 369.9353335868758
        },
        {
          "acoustic_entropy": 18.72290802001953,
          "acoustic_entropy_side": 18.290164947509766,
          "hz": 464.6875360973435
        },
        {
          "acoustic_entropy": 18.1042423248291,
          "acoustic_entropy_side": 18.21865463256836,
          "hz": 567.8308811364784
        },
        {
          "acoustic_entropy": 19.816762924194336,
          "acoustic_entropy_side": 18.826284408569336,
          "hz": 680.1084783214808
        },
        {
          "acoustic_entropy": 19.41875648498535,
          "acoustic_entropy_side": 19.212486267089844,
          "hz": 802.3292461747484
        },
        {
          "acoustic_entropy": 18.501041412353516,
          "acoustic_entropy_side": 18.308303833007812,
          "hz": 935.3737400823702
        },
        {
          "acoustic_entropy": 17.904117584228516,
          "acoustic_entropy_side": 18.85723876953125,
          "hz": 1080.2004963696966
        },
        {
          "acoustic_entropy": 19.590286254882812,
          "acoustic_entropy_side": 18.228219985961914,
          "hz": 1237.8529382007157
        },
        {
          "acoustic_entropy": 17.916200637817383,
          "acoustic_entropy_side": 18.308320999145508,
          "hz": 1409.4668930556702
        },
        {
          "acoustic_entropy": 17.865556716918945,
          "acoustic_entropy_side": 18.199026107788086,
          "hz": 1596.2787759475705
        },
        {
          "acoustic_entropy": 18.261388778686523,
          "acoustic_entropy_side": 17.97109603881836,
          "hz": 1799.6344973346393
        },
        {
          "acoustic_entropy": 18.21265983581543,
          "acoustic_entropy_side": 18.17206573486328,
          "hz": 2020.9991599069049
        },
        {
          "acoustic_entropy": 18.208404541015625,
          "acoustic_entropy_side": 18.127649307250977,
          "hz": 2261.9676141086993
        },
        {
          "acoustic_entropy": 18.566471099853516,
          "acoustic_entropy_side": 18.165233612060547,
          "hz": 2524.2759484456974
        },
        {
          "acoustic_entropy": 18.31989097595215,
          "acoustic_entropy_side": 18.09035301208496,
          "hz": 2809.813997359896
        },
        {
          "acoustic_entropy": 18.1145076751709,
