{
  "acoustic_entropy": 157.111328125,
  "bands": [
    {
      "high_freq": 148.1999969482422,
      "loudness": -20.077735900878906,
      "loudness_range": 15.758237838745117,
      "mid_mean": -17.365175247192383,
      "mid_to_side_loudness": -8.875856399536133,
      "mid_to_side_loudness_range": 13.135462760925293,
      "side_mean": -26.860267639160156
    },
    {
      "high_freq": 392.3793640136719,
      "loudness": -23.259977340698242,
      "loudness_range": 16.986328125,
      "low_freq": 148.1999969482422,
      "mid_mean": -21.257389068603516,
      "mid_to_side_loudness": -4.062124729156494,
      "mid_to_side_loudness_range": 8.478921890258789,
      "side_mean": -25.356773376464844
    },
    {
      "high_freq": 794.6976318359375,
      "loudness": -26.863571166992188,
      "loudness_range": 15.29377555847168,
      "low_freq": 392.3793640136719,
      "mid_mean": -24.71513557434082,
      "mid_to_side_loudness": -4.303336143493652,
      "mid_to_side_loudness_range": 8.755324363708496,
      "side_mean": -29.00057601928711
    },
    {
      "high_freq": 1457.5709228515625,
      "loudness": -34.5970458984375,
      "loudness_range": 22.54022216796875,
      "low_freq": 794.6976318359375,
      "mid_mean": -32.322425842285156,
      "mid_to_side_loudness": -5.7480926513671875,
      "mid_to_side_loudness_range": 11.303557395935059,
      "side_mean": -38.101192474365234
    },
    {
      "high_freq": 2549.74365234375,
      "loudness": -34.376224517822266,
      "loudness_range": 13.96512222290039,
      "low_freq": 1457.5709228515625,
      "mid_mean": -31.456758499145508,
      "mid_to_side_loudness": -8.111245155334473,
      "mid_to_side_loudness_range": 12.219919204711914,
      "side_mean": -40.18760299682617
    },
    {
      "high_freq": 4349.24462890625,
      "loudness": -31.64438247680664,
      "loudness_range": 9.235441207885742,
      "low_freq": 2549.74365234375,
      "mid_mean": -28.293874740600586,
      "mid_to_side_loudness": -11.738346099853516,
      "mid_to_side_loudness_range": 11.337929725646973,
      "side_mean": -40.773746490478516
    },
    {
      "high_freq": 7314.1640625,
      "loudness": -36.77745056152344,
      "loudness_range": 9.482223510742188,
      "low_freq": 4349.24462890625,
      "mid_mean": -33.35478973388672,
      "mid_to_side_loudness": -12.441939353942871,
      "mid_to_side_loudness_range": 8.899585723876953,
      "side_mean": -46.33269500732422
    },
    {
      "high_freq": 12199.2666015625,
      "loudness": -39.811424255371094,
      "loudness_range": 19.97149085998535,
      "low_freq": 7314.1640625,
      "mid_mean": -36.59196853637695,
      "mid_to_side_loudness": -10.915271759033203,
      "mid_to_side_loudness_range": 11.911943435668945,
      "side_mean": -47.76698303222656
    },
    {
      "loudness": -43.856014251708984,
      "loudness_range": 25.418798446655273,
      "low_freq": 12199.2666015625,
      "mid_mean": -40.83051300048828,
      "mid_to_side_loudness": -11.644020080566406,
      "mid_to_side_loudness_range": 15.132731437683105,
      "side_mean": -52.832427978515625
    }
  ],
  "bands_short": [
    {
      "high_freq": 148.1999969482422,
      "loudness": -21.634782791137695,
      "loudness_range": 19.899410247802734,
      "mid_mean": -19.144054412841797,
      "mid_to_side_loudness": -8.437969207763672,
      "mid_to_side_loudness_range": 18.223678588867188,
      "side_mean": -28.499727249145508
    },
    {
      "high_freq": 392.3793640136719,
      "loudness": -24.15141487121582,
      "loudness_range": 22.063945770263672,
      "low_freq": 148.1999969482422,
      "mid_mean": -22.333463668823242,
      "mid_to_side_loudness": -4.231362342834473,
      "mid_to_side_loudness_range": 11.344474792480469,
      "side_mean": -26.69873809814453
    },
    {
      "high_freq": 794.6976318359375,
      "loudness": -28.757545471191406,
      "loudness_range": 23.232336044311523,
      "low_freq": 392.3793640136719,
      "mid_mean": -27.370298385620117,
      "mid_to_side_loudness": -2.7525200843811035,
      "mid_to_side_loudness_range": 11.29758358001709,
      "side_mean": -30.403034210205078
    },
    {
      "high_freq": 1457.5709228515625,
      "loudness": -37.243778228759766,
      "loudness_range": 29.13090705871582,
      "low_freq": 794.6976318359375,
      "mid_mean": -35.42353439331055,
      "mid_to_side_loudness": -3.900724172592163,
      "mid_to_side_loudness_range": 13.01585865020752,
      "side_mean": -39.72521209716797
    },
    {
      "high_freq": 2549.74365234375,
      "loudness": -39.33979415893555,
      "loudness_range": 26.681882858276367,
      "low_freq": 1457.5709228515625,
      "mid_mean": -37.30971145629883,
      "mid_to_side_loudness": -4.881948947906494,
      "mid_to_side_loudness_range": 13.931450843811035,
      "side_mean": -42.47752380371094
    },
    {
      "high_freq": 4349.24462890625,
      "loudness": -39.02968215942383,
      "loudness_range": 27.24847412109375,
      "low_freq": 2549.74365234375,
      "mid_mean": -36.622859954833984,
      "mid_to_side_loudness": -6.728122711181641,
      "mid_to_side_loudness_range": 15.398816108703613,
      "side_mean": -43.64293670654297
    },
    {
      "high_freq": 7314.1640625,
      "loudness": -43.10575485229492,
      "loudness_range": 28.111186981201172,
      "low_freq": 4349.24462890625,
      "mid_mean": -40.22138595581055,
      "mid_to_side_loudness": -9.008688926696777,
      "mid_to_side_loudness_range": 15.446003913879395,
      "side_mean": -50.43204116821289
    },
    {
      "high_freq": 12199.2666015625,
      "loudness": -42.408939361572266,
      "loudness_range": 27.47216033935547,
      "low_freq": 7314.1640625,
      "mid_mean": -39.658851623535156,
      "mid_to_side_loudness": -8.96426010131836,
      "mid_to_side_loudness_range": 15.183809280395508,
      "side_mean": -50.485145568847656
    },
    {
      "loudness": -44.59980773925781,
      "loudness_range": 26.350889205932617,
      "low_freq": 12199.2666015625,
      "mid_mean": -41.82564163208008,
      "mid_to_side_loudness": -10.651108741760254,
      "mid_to_side_loudness_range": 16.944202423095703,
      "side_mean": -53.90439224243164
    }
  ],
  "bandwidth": 272.6827087402344,
  "channels": 2,
  "covariance": [
    [
      53.93865966796875,
      26.149980545043945,
      23.4720516204834,
      16.025129318237305,
      6.70772123336792,
      8.745156288146973,
      6.573516845703125,
      7.799684524536133,
      4.442903995513916,
      10.379979133605957,
      3.4177916049957275,
      3.842838764190674,
      8.088983535766602,
      7.252325534820557,
      27.955158233642578,
      20.744691848754883,
      34.180091857910156,
      21.259618759155273
    ],
    [
      26.149980545043945,
      25.816890716552734,
      5.4126057624816895,
      2.903501272201538,
      3.6779744625091553,
      4.074525833129883,
      4.132565021514893,
      3.977409839630127,
      2.9418747425079346,
      5.56939172744751,
      2.645580291748047,
      3.1543784141540527,
      4.798154830932617,
      5.894163131713867,
      15.37925910949707,
      15.76855182647705,
      18.30124282836914,
      15.359664916992188
    ],
    [
      23.4720516204834,
      5.4126057624816895,
      49.81047439575195,
      36.484161376953125,
      18.39960479736328,
      21.055503845214844,
      29.790096282958984,
      26.87994956970215,
      13.14760684967041,
      18.168996810913086,
      7.394645690917969,
      8.439469337463379,
      11.523757934570312,
      8.21207046508789,
      21.4925537109375,
      5.597061634063721,
      22.029132843017578,
      2.2667641639709473
    ],
    [
      16.025129318237305,
      2.903501272201538,
      36.484161376953125,
      33.09931564331055,
      13.860673904418945,
      16.50700569152832,
      23.068944931030273,
      20.137191772460938,
      10.195201873779297,
      13.514183044433594,
      5.092411994934082,
      5.790358066558838,
      8.673357963562012,
      7.7209391593933105,
      18.02798843383789,
      6.228641033172607,
      18.638671875,
      3.566425085067749
    ],
    [
      6.70772123336792,
      3.6779744625091553,
      18.39960479736328,
      13.860673904418945,
      29.95357894897461,
      31.822269439697266,
      31.934789657592773,
      31.449077606201172,
      16.200044631958008,
      26.65371322631836,
      6.019169330596924,
      10.305585861206055,
      7.366385459899902,
      11.744884490966797,
      13.726985931396484,
      13.785360336303711,
      16.856536865234375,
      11.875787734985352
    ],
    [
      8.745156288146973,
      4.074525833129883,
      21.055503845214844,
      16.50700569152832,
      31.822269439697266,
      46.11809158325195,
      35.26467514038086,
      38.158939361572266,
      14.906547546386719,
      29.287900924682617,
      2.8905158042907715,
      8.119526863098145,
      4.636819839477539,
      9.912281036376953,
      13.563891410827637,
      15.4540433883667,
      21.547100067138672,
      14.515567779541016
    ],
    [
      6.573516845703125,
      4.132565021514893,
      29.790096282958984,
      23.068944931030273,
      31.934789657592773,
      35.26467514038086,
      69.21546173095703,
      50.41400146484375,
      31.978681564331055,
      37.6948356628418,
      12.421683311462402,
      19.958173751831055,
      15.870000839233398,
      18.95128631591797,
      20.828857421875,
      17.704147338867188,
      22.891096115112305,
      12.857100486755371
    ],
    [
      7.799684524536133,
      3.977409839630127,
      26.87994956970215,
      20.137191772460938,
      31.449077606201172,
      38.158939361572266,
      50.41400146484375,
      49.9858512878418,
      21.500764846801758,
      34.662864685058594,
      7.63692569732666,
      15.770001411437988,
      10.39870548248291,
      15.249350547790527,
      17.835674285888672,
      15.262008666992188,
      21.752050399780273,
      12.527156829833984
    ],
    [
      4.442903995513916,
      2.9418747425079346,
      13.14760684967041,
      10.195201873779297,
      16.200044631958008,
      14.906547546386719,
      31.978681564331055,
      21.500764846801758,
      25.037235260009766,
      21.69974708557129,
      12.391816139221191,
      12.395750045776367,
      11.933500289916992,
      12.734521865844727,
      10.313135147094727,
      9.110589981079102,
      8.346454620361328,
      5.898072242736816
    ],
    [
      10.379979133605957,
      5.56939172744751,
      18.168996810913086,
      13.514183044433594,
      26.65371322631836,
      29.287900924682617,
      37.6948356628418,
      34.662864685058594,
      21.69974708557129,
      37.733314514160156,
      7.5760955810546875,
      15.748946189880371,
      11.630769729614258,
      16.843767166137695,
      18.24224281311035,
      18.8408145904541,
      21.578845977783203,
      17.712848663330078
    ],
    [
      3.4177916049957275,
      2.645580291748047,
      7.394645690917969,
      5.092411994934082,
      6.019169330596924,
      2.8905158042907715,
      12.421683311462402,
      7.63692569732666,
      12.391816139221191,
      7.5760955810546875,
      13.742612838745117,
      8.343268394470215,
      9.251778602600098,
      6.286488056182861,
      5.962973594665527,
      2.2986721992492676,
      1.2920968532562256,
      -0.7412094473838806
    ],
    [
      3.842838764190674,
      3.1543784141540527,
      8.439469337463379,
      5.790358066558838,
      10.305585861206055,
      8.119526863098145,
      19.958173751831055,
      15.770001411437988,
      12.395750045776367,
      15.748946189880371,
      8.343268394470215,
      13.999918937683105,
      9.9667329788208,
      10.990019798278809,
      8.748028755187988,
      8.193263053894043,
      5.938930511474609,
      5.528801441192627
    ],
    [
      8.088983535766602,
      4.798154830932617,
      11.523757934570312,
      8.673357963562012,
      7.366385459899902,
      4.636819839477539,
      15.870000839233398,
      10.39870548248291,
      11.933500289916992,
      11.630769729614258,
      9.251778602600098,
      9.9667329788208,
      14.789213180541992,
      11.85743522644043,
      17.161195755004883,
      11.994921684265137,
      13.62386417388916,
      8.416341781616211
    ],
    [
      7.252325534820557,
      5.894163131713867,
      8.21207046508789,
      7.7209391593933105,
      11.744884490966797,
      9.912281036376953,
      18.95128631591797,
      15.249350547790527,
      12.734521865844727,
      16.843767166137695,
      6.286488056182861,
      10.990019798278809,
      11.85743522644043,
      18.593521118164062,
      17.458524703979492,
      19.202682495117188,
      15.424744606018066,
      15.278014183044434
    ],
    [
      27.955158233642578,
      15.37925910949707,
      21.4925537109375,
      18.02798843383789,
      13.726985931396484,
      13.563891410827637,
      20.828857421875,
      17.835674285888672,
      10.313135147094727,
      18.24224281311035,
      5.962973594665527,
      8.748028755187988,
      17.161195755004883,
      17.458524703979492,
      48.66878128051758,
      36.106571197509766,
      53.814849853515625,
      33.69438934326172
    ],
    [
      20.744691848754883,
      15.76855182647705,
      5.597061634063721,
      6.228641033172607,
      13.785360336303711,
      15.4540433883667,
      17.704147338867188,
      15.262008666992188,
      9.110589981079102,
      18.8408145904541,
      2.2986721992492676,
      8.193263053894043,
      11.994921684265137,
      19.202682495117188,
      36.106571197509766,
      42.655635833740234,
      43.95061492919922,
      40.63848114013672
    ],
    [
      34.180091857910156,
      18.30124282836914,
      22.029132843017578,
      18.638671875,
      16.856536865234375,
      21.547100067138672,
      22.891096115112305,
      21.752050399780273,
      8.346454620361328,
      21.578845977783203,
      1.2920968532562256,
      5.938930511474609,
      13.62386417388916,
      15.424744606018066,
      53.814849853515625,
      43.95061492919922,
      81.1481704711914,
      48.731441497802734
    ],
    [
      21.259618759155273,
      15.359664916992188,
      2.2667641639709473,
      3.566425085067749,
      11.875787734985352,
      14.515567779541016,
      12.857100486755371,
      12.527156829833984,
      5.898072242736816,
      17.712848663330078,
      -0.7412094473838806,
      5.528801441192627,
      8.416341781616211,
      15.278014183044434,
      33.69438934326172,
      40.63848114013672,
      48.731441497802734,
      55.937225341796875
    ]
  ],
  "covariance_short": [
    [
      73.75727844238281,
      28.87279510498047,
      36.53721618652344,
      28.646406173706055,
      16.403715133666992,
      15.552651405334473,
      18.411916732788086,
      15.394967079162598,
      16.471445083618164,
      16.3493709564209,
      18.160097122192383,
      10.551098823547363,
      27.562480926513672,
      16.3520565032959,
      39.989627838134766,
      24.845949172973633,
      37.29914093017578,
      22.121423721313477
    ],
    [
      28.87279510498047,
      34.7208366394043,
      9.756479263305664,
      6.575775623321533,
      6.548677444458008,
      7.537144184112549,
      6.897172451019287,
      6.104422092437744,
      6.631150722503662,
      8.0109281539917,
      6.609528064727783,
      5.234487056732178,
      13.135188102722168,
      9.566265106201172,
      19.684051513671875,
      19.440711975097656,
      17.084627151489258,
      18.56310272216797
    ],
    [
      36.53721618652344,
      9.756479263305664,
      67.14571380615234,
      50.34196853637695,
      32.98014831542969,
      27.815166473388672,
      41.75518035888672,
      34.785648345947266,
      33.521087646484375,
      27.832439422607422,
      32.45313262939453,
      20.605640411376953,
      33.018489837646484,
      20.88125991821289,
      35.47039031982422,
      16.42193031311035,
      33.066139221191406,
      10.910074234008789
    ],
    [
      28.646406173706055,
      6.575775623321533,
      50.34196853637695,
      53.62202835083008,
      25.92144775390625,
      23.056901931762695,
      32.68043899536133,
      28.707876205444336,
      26.538738250732422,
      22.742332458496094,
      25.08338165283203,
      15.893643379211426,
      27.530405044555664,
      18.12704849243164,
      31.373605728149414,
      15.765033721923828,
      29.976852416992188,
      11.335525512695312
    ],
    [
      16.403715133666992,
      6.548677444458008,
      32.98014831542969,
      25.92144775390625,
      77.69815826416016,
      63.475547790527344,
      73.19261932373047,
      63.47637176513672,
      59.150142669677734,
      51.246826171875,
      40.492210388183594,
      29.25423240661621,
      40.112728118896484,
      34.532127380371094,
      36.71147155761719,
      32.42325210571289,
      33.5936279296875,
      26.808929443359375
    ],
    [
      15.552651405334473,
      7.537144184112549,
      27.815166473388672,
      23.056901931762695,
      63.475547790527344,
      72.23473358154297,
      62.037986755371094,
      59.982765197753906,
      45.22279739379883,
      46.731258392333984,
      25.58063507080078,
      21.15868377685547,
      28.539154052734375,
      27.859268188476562,
      31.39476776123047,
      31.286462783813477,
      33.137638092041016,
      27.729995727539062
    ],
    [
      18.411916732788086,
      6.897172451019287,
      41.75518035888672,
      32.68043899536133,
      73.19261932373047,
      62.037986755371094,
      111.80738067626953,
      82.66102600097656,
      84.25066375732422,
      67.8349609375,
      58.919395446777344,
      44.44972229003906,
      54.449195861816406,
      45.71860885620117,
      44.70820236206055,
      37.72089767456055,
      40.21601486206055,
      31.228517532348633
    ],
    [
      15.394967079162598,
      6.104422092437744,
      34.785648345947266,
      28.707876205444336,
      63.47637176513672,
      59.982765197753906,
      82.66102600097656,
      79.77555084228516,
      62.63949203491211,
      58.61193084716797,
      39.551246643066406,
      33.968666076660156,
      39.48292922973633,
      36.21599197387695,
      36.813838958740234,
      33.36601638793945,
      37.235076904296875,
      29.24379539489746
    ],
    [
      16.471445083618164,
      6.631150722503662,
      33.521087646484375,
      26.538738250732422,
      59.150142669677734,
      45.22279739379883,
      84.25066375732422,
      62.63949203491211,
      97.2815170288086,
      67.60503387451172,
      74.05692291259766,
      48.40773010253906,
      67.6649398803711,
      52.16889190673828,
      42.613677978515625,
      37.55644989013672,
      32.331851959228516,
      30.067041397094727
    ],
    [
      16.3493709564209,
      8.0109281539917,
      27.832439422607422,
      22.742332458496094,
      51.246826171875,
      46.731258392333984,
      67.8349609375,
      58.61193084716797,
      67.60503387451172,
      65.81732177734375,
      43.18171310424805,
      35.834529876708984,
      45.1466178894043,
      40.531532287597656,
      36.03057861328125,
      36.17882537841797,
      32.73892593383789,
      32.21935272216797
    ],
    [
      18.160097122192383,
      6.609528064727783,
      32.45313262939453,
      25.08338165283203,
      40.492210388183594,
      25.58063507080078,
      58.919395446777344,
      39.551246643066406,
      74.05692291259766,
      43.18171310424805,
      95.70957946777344,
      51.69532012939453,
      80.30168151855469,
      49.10668182373047,
      47.47074508666992,
      31.320995330810547,
      32.433982849121094,
      20.846324920654297
    ],
    [
      10.551098823547363,
      5.234487056732178,
      20.605640411376953,
      15.893643379211426,
      29.25423240661621,
      21.15868377685547,
      44.44972229003906,
      33.968666076660156,
      48.40773010253906,
      35.834529876708984,
      51.69532012939453,
      39.353607177734375,
      44.2745475769043,
      34.16000747680664,
      28.379764556884766,
      22.689661026000977,
      20.9168758392334,
      16.575166702270508
    ],
    [
      27.562480926513672,
      13.135188102722168,
      33.018489837646484,
      27.530405044555664,
      40.112728118896484,
      28.539154052734375,
      54.449195861816406,
      39.48292922973633,
      67.6649398803711,
      45.1466178894043,
      80.30168151855469,
      44.2745475769043,
      96.43871307373047,
      56.35078048706055,
      70.98297119140625,
      52.5510139465332,
      53.463470458984375,
      41.00636291503906
    ],
    [
      16.3520565032959,
      9.566265106201172,
      20.88125991821289,
      18.12704849243164,
      34.532127380371094,
      27.859268188476562,
      45.71860885620117,
      36.21599197387695,
      52.16889190673828,
      40.531532287597656,
      49.10668182373047,
      34.16000747680664,
      56.35078048706055,
      63.0484619140625,
      45.280277252197266,
      58.56318664550781,
      38.012699127197266,
      47.338199615478516
    ],
    [
      39.989627838134766,
      19.684051513671875,
      35.47039031982422,
      31.373605728149414,
      36.71147155761719,
      31.39476776123047,
      44.70820236206055,
      36.813838958740234,
      42.613677978515625,
      36.03057861328125,
      47.47074508666992,
      28.379764556884766,
      70.98297119140625,
      45.280277252197266,
      93.84016418457031,
      61.165950775146484,
      76.18092346191406,
      51.02820587158203
    ],
    [
      24.845949172973633,
      19.440711975097656,
      16.42193031311035,
      15.765033721923828,
      32.42325210571289,
      31.286462783813477,
      37.72089767456055,
      33.36601638793945,
      37.55644989013672,
      36.17882537841797,
      31.320995330810547,
      22.689661026000977,
      52.5510139465332,
      58.56318664550781,
      61.165950775146484,
      80.62493896484375,
      55.99517822265625,
      69.51676940917969
    ],
    [
      37.29914093017578,
      17.084627151489258,
      33.066139221191406,
      29.976852416992188,
      33.5936279296875,
      33.137638092041016,
      40.21601486206055,
      37.235076904296875,
      32.331851959228516,
      32.73892593383789,
      32.433982849121094,
      20.9168758392334,
      53.463470458984375,
      38.012699127197266,
      76.18092346191406,
      55.99517822265625,
      90.02720642089844,
      51.954185485839844
    ],
    [
      22.121423721313477,
      18.56310272216797,
      10.910074234008789,
      11.335525512695312,
      26.808929443359375,
      27.729995727539062,
      31.228517532348633,
      29.24379539489746,
      30.067041397094727,
      32.21935272216797,
      20.846324920654297,
      16.575166702270508,
      41.00636291503906,
      47.338199615478516,
      51.02820587158203,
      69.51676940917969,
      51.954185485839844,
      68.623046875
    ]
  ],
  "damage": -4.177175998687744,
  "diff_bandwidth": 324.18182373046875,
  "dissonance": 6.30839719313928,
  "drr": 2.051562547683716,
  "dynamics": 4.243472099304199,
  "format": 1245190,
  "frames": 4371392,
  "loudness": -12.601698875427246,
  "loudness_range": 10.805830001831055,
  "loudness_range_short": 15.383469581604004,
  "lowpass_true_peak_15khz": 0.30237850546836853,
  "mastering3_acoustic_entropies": [
    {
      "acoustic_entropy": 8.277655601501465,
      "acoustic_entropy_mono": 7.592875003814697,
      "band_eliminated_acoustic_entropies": [
        {
          "acoustic_entropy": 8.087428092956543,
          "acoustic_entropy_side": 8.291193008422852,
          "hz": 129.47220167065723
        },
        {
          "acoustic_entropy": 7.854075908660889,
          "acoustic_entropy_side": 8.360072135925293,
          "hz": 202.92927478742237
        },
        {
          "acoustic_entropy": 8.981366157531738,
          "acoustic_entropy_side": 8.339459419250488,
          "hz": 282.89161906338205
        },
        {
          "acoustic_entropy": 7.73500394821167,
          "acoustic_entropy_side": 8.27360725402832,
          "hz": 369.9353335868758
        },
        {
          "acoustic_entropy": 7.215503215789795,
          "acoustic_entropy_side": 7.864632606506348,
          "hz": 464.6875360973435
        },
        {
          "acoustic_entropy": 8.333014488220215,
          "acoustic_entropy_side": 8.029953002929688,
          "hz": 567.8308811364784
        },
        {
          "acoustic_entropy": 7.909064292907715,
          "acoustic_entropy_side": 7.969902992248535,
          "hz": 680.1084783214808
        },
        {
          "acoustic_entropy": 7.227509498596191,
          "acoustic_entropy_side": 8.319852828979492,
          "hz": 802.3292461747484
        },
        {
          "acoustic_entropy": 8.075525283813477,
          "acoustic_entropy_side": 8.265275955200195,
          "hz": 935.3737400823702
        },
        {
          "acoustic_entropy": 8.151494026184082,
          "acoustic_entropy_side": 8.420950889587402,
          "hz": 1080.2004963696966
        },
        {
          "acoustic_entropy": 7.803954601287842,
          "acoustic_entropy_side": 8.27731990814209,
          "hz": 1237.8529382007157
        },
        {
          "acoustic_entropy": 8.06494140625,
          "acoustic_entropy_side": 8.27625846862793,
          "hz": 1409.4668930556702
        },
        {
          "acoustic_entropy": 7.971579551696777,
          "acoustic_entropy_side": 8.223345756530762,
          "hz": 1596.2787759475705
        },
        {
          "acoustic_entropy": 8.340805053710938,
          "acoustic_entropy_side": 8.391759872436523,
          "hz": 1799.6344973346393
        },
        {
          "acoustic_entropy": 8.27647590637207,
          "acoustic_entropy_side": 8.332451820373535,
          "hz": 2020.9991599069049
        },
        {
          "acoustic_entropy": 8.016718864440918,
          "acoustic_entropy_side": 8.24404525756836,
          "hz": 2261.9676141086993
        },
        {
          "acoustic_entropy": 8.219084739685059,
          "acoustic_entropy_side": 8.324403762817383,
          "hz": 2524.2759484456974
        },
        {
          "acoustic_entropy": 7.875100612640381,
          "acoustic_entropy_side": 8.26850700378418,
          "hz": 2809.813997359896
        },
        {
          "acoustic_entropy": 7.753721714019775,
          "acoustic_entropy_side": 8.285356521606445,
          "hz": 3120.6389567871424
        },
        {
          "acoustic_entropy": 8.334168434143066,
          "acoustic_entropy_side": 8.2743558883667,
          "hz": 3458.990205492291
        },
        {
          "acoustic_entropy": 7.180129051208496,
          "acoustic_entropy_side": 8.276246070861816,
          "hz": 3827.305438964164
        },
        {
          "acoustic_entropy": 8.278521537780762,
          "acoustic_entropy_side": 8.276392936706543,
          "hz": 4228.238232109126
        },
        {
          "acoustic_entropy": 8.18580150604248,
          "acoustic_entropy_side": 8.274794578552246,
          "hz": 4664.6771572759235
        },
        {
          "acoustic_entropy": 8.314594268798828,
          "acoustic_entropy_side": 8.276629447937012,
          "hz": 5139.766595350093
        },
        {
          "acoustic_entropy": 8.307120323181152,
          "acoustic_entropy_side": 8.274785995483398,
          "hz": 5656.929389854203
        },
        {
          "acoustic_entropy": 8.277371406555176,
          "acoustic_entropy_side": 8.268604278564453,
          "hz": 6219.891507268283
        },
        {
          "acoustic_entropy": 8.286888122558594,
          "acoustic_entropy_side": 8.274660110473633,
          "hz": 6832.70888123896
        },
        {
          "acoustic_entropy": 8.298462867736816,
          "acoustic_entropy_side": 8.275513648986816,
          "hz": 7499.796634079867
        },
        {
          "acoustic_entropy": 8.335551261901855,
          "acoustic_entropy_side": 8.274859428405762,
          "hz": 8225.96088609342
        },
        {
          "acoustic_entropy": 8.381542205810547,
          "acoustic_entropy_side": 8.279165267944336,
          "hz": 9016.43338188839
        },
        {
          "acoustic_entropy": 8.48746109008789,
          "acoustic_entropy_side": 8.279077529907227,
          "hz": 9876.909183162974
        },
        {
          "acoustic_entropy": 8.30091667175293,
          "acoustic_entropy_side": 8.27746868133545,
          "hz": 10813.587699516042
        },
        {
          "acoustic_entropy": 8.29171085357666,
          "acoustic_entropy_side": 8.27724552154541,
          "hz": 11833.21735289826
        },
        {
          "acoustic_entropy": 8.369024276733398,
          "acoustic_entropy_side": 8.276721000671387,
          "hz": 12943.144197493959
        },
        {
          "acoustic_entropy": 8.386083602905273,
          "acoustic_entropy_side": 8.280219078063965,
          "hz": 14151.364845322005
        },
        {
          "acoustic_entropy": 8.325521469116211,
          "acoustic_entropy_side": 8.278841018676758,
          "hz": 15466.58407886509
        },
        {
          "acoustic_entropy": 8.282217025756836,
          "acoustic_entropy_side": 8.277684211730957,
          "hz": 16898.27756580493
        },
        {
          "acoustic_entropy": 8.25481128692627,
          "acoustic_entropy_side": 8.277652740478516,
          "hz": 18456.760127700032
        },
        {
          "acoustic_entropy": 8.270634651184082,
          "acoustic_entropy_side": 8.277632713317871,
          "hz": 20153.260054456492
        },
        {
          "acoustic_entropy": 8.279489517211914,
          "acoustic_entropy_side": 8.277685165405273,
          "hz": 22000.00000000001
        }
      ],
      "diff_acoustic_entropy": 8.895190238952637,
      "sn": 6
    },
    {
      "acoustic_entropy": 12.847261428833008,
      "acoustic_entropy_mono": 11.68919849395752,
      "band_eliminated_acoustic_entropies": [
        {
          "acoustic_entropy": 12.687312126159668,
          "acoustic_entropy_side": 12.876288414001465,
          "hz": 129.47220167065723
        },
        {
          "acoustic_entropy": 13.051473617553711,
          "acoustic_entropy_side": 12.940985679626465,
          "hz": 202.92927478742237
        },
        {
          "acoustic_entropy": 13.095376968383789,
          "acoustic_entropy_side": 13.023416519165039,
          "hz": 282.89161906338205
        },
        {
          "acoustic_entropy": 12.822017669677734,
          "acoustic_entropy_side": 12.976505279541016,
          "hz": 369.9353335868758
        },
        {
          "acoustic_entropy": 12.489178657531738,
          "acoustic_entropy_side": 13.0122652053833,
          "hz": 464.6875360973435
        },
        {
          "acoustic_entropy": 12.508206367492676,
          "acoustic_entropy_side": 12.614217758178711,
          "hz": 567.8308811364784
        },
        {
          "acoustic_entropy": 12.60048770904541,
          "acoustic_entropy_side": 12.813950538635254,
          "hz": 680.1084783214808
        },
        {
          "acoustic_entropy": 11.976449966430664,
          "acoustic_entropy_side": 12.78174877166748,
          "hz": 802.3292461747484
        },
        {
          "acoustic_entropy": 12.635255813598633,
          "acoustic_entropy_side": 12.753045082092285,
          "hz": 935.3737400823702
        },
        {
          "acoustic_entropy": 13.25045394897461,
          "acoustic_entropy_side": 13.043961524963379,
          "hz": 1080.2004963696966
        },
        {
          "acoustic_entropy": 12.70691204071045,
          "acoustic_entropy_side": 12.818477630615234,
          "hz": 1237.8529382007157
        },
        {
          "acoustic_entropy": 12.846419334411621,
          "acoustic_entropy_side": 12.71108627319336,
          "hz": 1409.4668930556702
        },
        {
          "acoustic_entropy": 12.878551483154297,
          "acoustic_entropy_side": 12.954298973083496,
          "hz": 1596.2787759475705
        },
        {
          "acoustic_entropy": 13.128922462463379,
          "acoustic_entropy_side": 13.217145919799805,
          "hz": 1799.6344973346393
        },
        {
          "acoustic_entropy": 13.061600685119629,
          "acoustic_entropy_side": 12.848504066467285,
          "hz": 2020.9991599069049
        },
        {
          "acoustic_entropy": 12.621200561523438,
          "acoustic_entropy_side": 12.776411056518555,
          "hz": 2261.9676141086993
        },
        {
          "acoustic_entropy": 13.341402053833008,
          "acoustic_entropy_side": 13.157646179199219,
          "hz": 2524.2759484456974
        },
        {
          "acoustic_entropy": 11.997032165527344,
          "acoustic_entropy_side": 12.897525787353516,
          "hz": 2809.813997359896
        },
        {
          "acoustic_entropy": 11.828873634338379,
          "acoustic_entropy_side": 12.88992691040039,
          "hz": 3120.6389567871424
        },
        {
          "acoustic_entropy": 12.902606964111328,
          "acoustic_entropy_side": 12.869810104370117,
          "hz": 3458.990205492291
        },
        {
          "acoustic_entropy": 11.791248321533203,
          "acoustic_entropy_side": 12.842500686645508,
          "hz": 3827.305438964164
        },
        {
          "acoustic_entropy": 12.99549388885498,
          "acoustic_entropy_side": 12.859086990356445,
          "hz": 4228.238232109126
        },
        {
          "acoustic_entropy": 12.850363731384277,
          "acoustic_entropy_side": 12.852906227111816,
          "hz": 4664.6771572759235
        },
        {
          "acoustic_entropy": 12.911345481872559,
          "acoustic_entropy_side": 12.84819507598877,
          "hz": 5139.766595350093
        },
        {
          "acoustic_entropy": 12.931476593017578,
          "acoustic_entropy_side": 12.832559585571289,
          "hz": 5656.929389854203
        },
        {
          "acoustic_entropy": 12.8126859664917,
          "acoustic_entropy_side": 12.84650993347168,
          "hz": 6219.891507268283
        },
        {
          "acoustic_entropy": 12.834311485290527,
          "acoustic_entropy_side": 12.842443466186523,
          "hz": 6832.70888123896
        },
        {
          "acoustic_entropy": 12.971014976501465,
          "acoustic_entropy_side": 12.848617553710938,
          "hz": 7499.796634079867
        },
        {
          "acoustic_entropy": 13.082627296447754,
          "acoustic_entropy_side": 12.857911109924316,
          "hz": 8225.96088609342
        },
        {
          "acoustic_entropy": 12.82500171661377,
          "acoustic_entropy_side": 12.84546947479248,
          "hz": 9016.43338188839
        },
        {
          "acoustic_entropy": 12.797747611999512,
          "acoustic_entropy_side": 12.836016654968262,
          "hz": 9876.909183162974
        },
        {
          "acoustic_entropy": 12.90235424041748,
          "acoustic_entropy_side": 12.845377922058105,
          "hz": 10813.587699516042
        },
        {
          "acoustic_entropy": 12.989923477172852,
          "acoustic_entropy_side": 12.848991394042969,
          "hz": 11833.21735289826
        },
        {
          "acoustic_entropy": 12.919777870178223,
          "acoustic_entropy_side": 12.853813171386719,
          "hz": 12943.144197493959
        },
        {
          "acoustic_entropy": 12.92165470123291,
          "acoustic_entropy_side": 12.852307319641113,
          "hz": 14151.364845322005
        },
        {
          "acoustic_entropy": 12.802345275878906,
          "acoustic_entropy_side": 12.849261283874512,
          "hz": 15466.58407886509
        },
        {
          "acoustic_entropy": 12.80797290802002,
          "acoustic_entropy_side": 12.847471237182617,
          "hz": 16898.27756580493
        },
        {
          "acoustic_entropy": 12.90877628326416,
          "acoustic_entropy_side": 12.847508430480957,
          "hz": 18456.760127700032
        },
        {
          "acoustic_entropy": 12.878912925720215,
          "acoustic_entropy_side": 12.847288131713867,
          "hz": 20153.260054456492
        },
        {
          "acoustic_entropy": 12.912759780883789,
          "acoustic_entropy_side": 12.847050666809082,
          "hz": 22000.00000000001
        }
      ],
      "diff_acoustic_entropy": 13.713064193725586,
      "sn": 12
    },
    {
      "acoustic_entropy": 20.005403518676758,
      "acoustic_entropy_mono": 18.392648696899414,
      "band_eliminated_acoustic_entropies": [
        {
          "acoustic_entropy": 19.065776824951172,
          "acoustic_entropy_side": 19.663549423217773,
          "hz": 129.47220167065723
        },
        {
          "acoustic_entropy": 20.412681579589844,
          "acoustic_entropy_side": 19.99842071533203,
          "hz": 202.92927478742237
        },
        {
          "acoustic_entropy": 19.983530044555664,
          "acoustic_entropy_side": 19.832073211669922,
          "hz": 282.89161906338205
        },
        {
          "acoustic_entropy": 19.49540138244629,
          "acoustic_entropy_side": 19.457242965698242,
          "hz": 369.9353335868758
        },
        {
          "acoustic_entropy": 20.600387573242188,
          "acoustic_entropy_side": 19.793365478515625,
          "hz": 464.6875360973435
        },
        {
          "acoustic_entropy": 20.60539436340332,
          "acoustic_entropy_side": 20.526037216186523,
          "hz": 567.8308811364784
        },
        {
          "acoustic_entropy": 20.301088333129883,
          "acoustic_entropy_side": 19.582468032836914,
          "hz": 680.1084783214808
        },
        {
          "acoustic_entropy": 20.004791259765625,
          "acoustic_entropy_side": 20.62794303894043,
          "hz": 802.3292461747484
        },
        {
          "acoustic_entropy": 20.021442413330078,
          "acoustic_entropy_side": 19.88041114807129,
          "hz": 935.3737400823702
        },
        {
          "acoustic_entropy": 20.597196578979492,
          "acoustic_entropy_side": 19.86188316345215,
          "hz": 1080.2004963696966
        },
        {
          "acoustic_entropy": 20.68342399597168,
          "acoustic_entropy_side": 19.59476089477539,
          "hz": 1237.8529382007157
        },
        {
          "acoustic_entropy": 20.024578094482422,
          "acoustic_entropy_side": 19.62545394897461,
          "hz": 1409.4668930556702
        },
        {
          "acoustic_entropy": 20.460620880126953,
          "acoustic_entropy_side": 20.03432846069336,
          "hz": 1596.2787759475705
        },
        {
          "acoustic_entropy": 21.08961296081543,
          "acoustic_entropy_side": 20.284679412841797,
          "hz": 1799.6344973346393
        },
        {
          "acoustic_entropy": 19.397245407104492,
          "acoustic_entropy_side": 19.60538673400879,
          "hz": 2020.9991599069049
        },
        {
          "acoustic_entropy": 20.09186363220215,
          "acoustic_entropy_side": 20.64141082763672,
          "hz": 2261.9676141086993
        },
        {
          "acoustic_entropy": 20.47916603088379,
          "acoustic_entropy_side": 19.702211380004883,
          "hz": 2524.2759484456974
        },
        {
          "acoustic_entropy": 20.32294464111328,
          "acoustic_entropy_side": 20.55078125,
          "hz": 2809.813997359896
        },
        {
          "acoustic_entropy": 19.93541717529297,
          "acoustic_entropy_side": 19.791378021240234,
          "hz": 3120.6389567871424
        },
        {
