{
  "acoustic_entropy": 208.65992736816406,
  "bands": [
    {
      "high_freq": 148.1999969482422,
      "loudness": -23.886014938354492,
      "loudness_range": 8.385551452636719,
      "mid_mean": -20.907800674438477,
      "mid_to_side_loudness": -9.994032859802246,
      "mid_to_side_loudness_range": 11.175942420959473,
      "side_mean": -31.64560890197754
    },
    {
      "high_freq": 392.3793640136719,
      "loudness": -27.463119506835938,
      "loudness_range": 14.720348358154297,
      "low_freq": 148.1999969482422,
      "mid_mean": -25.16989517211914,
      "mid_to_side_loudness": -5.518134117126465,
      "mid_to_side_loudness_range": 6.880291938781738,
      "side_mean": -30.03667640686035
    },
    {
      "high_freq": 794.6976318359375,
      "loudness": -29.374420166015625,
      "loudness_range": 15.285320281982422,
      "low_freq": 392.3793640136719,
      "mid_mean": -27.541845321655273,
      "mid_to_side_loudness": -3.584418535232544,
      "mid_to_side_loudness_range": 8.060646057128906,
      "side_mean": -31.15097427368164
    },
    {
      "high_freq": 1457.5709228515625,
      "loudness": -29.236242294311523,
      "loudness_range": 21.260156631469727,
      "low_freq": 794.6976318359375,
      "mid_mean": -27.667076110839844,
      "mid_to_side_loudness": -2.961613416671753,
      "mid_to_side_loudness_range": 6.51272439956665,
      "side_mean": -30.63942527770996
    },
    {
      "high_freq": 2549.74365234375,
      "loudness": -28.674755096435547,
      "loudness_range": 19.40092658996582,
      "low_freq": 1457.5709228515625,
      "mid_mean": -27.288278579711914,
      "mid_to_side_loudness": -2.463395595550537,
      "mid_to_side_loudness_range": 6.128376007080078,
      "side_mean": -29.71900749206543
    },
    {
      "high_freq": 4349.24462890625,
      "loudness": -30.792987823486328,
      "loudness_range": 18.04910659790039,
      "low_freq": 2549.74365234375,
      "mid_mean": -29.152132034301758,
      "mid_to_side_loudness": -2.9751534461975098,
      "mid_to_side_loudness_range": 5.997520446777344,
      "side_mean": -32.26939010620117
    },
    {
      "high_freq": 7314.1640625,
      "loudness": -33.71885299682617,
      "loudness_range": 16.396892547607422,
      "low_freq": 4349.24462890625,
      "mid_mean": -32.63536834716797,
      "mid_to_side_loudness": -2.115337371826172,
      "mid_to_side_loudness_range": 4.91148042678833,
      "side_mean": -34.333919525146484
    },
    {
      "high_freq": 12199.2666015625,
      "loudness": -33.625732421875,
      "loudness_range": 16.482696533203125,
      "low_freq": 7314.1640625,
      "mid_mean": -32.68073272705078,
      "mid_to_side_loudness": -1.8635711669921875,
      "mid_to_side_loudness_range": 5.009206771850586,
      "side_mean": -33.8176155090332
    },
    {
      "loudness": -39.152584075927734,
      "loudness_range": 15.724067687988281,
      "low_freq": 12199.2666015625,
      "mid_mean": -38.20558547973633,
      "mid_to_side_loudness": -1.6095589399337769,
      "mid_to_side_loudness_range": 4.306754112243652,
      "side_mean": -39.594505310058594
    }
  ],
  "bands_short": [
    {
      "high_freq": 148.1999969482422,
      "loudness": -29.388057708740234,
      "loudness_range": 19.018495559692383,
      "mid_mean": -26.927515029907227,
      "mid_to_side_loudness": -7.831131458282471,
      "mid_to_side_loudness_range": 14.50041389465332,
      "side_mean": -35.563568115234375
    },
    {
      "high_freq": 392.3793640136719,
      "loudness": -25.429889678955078,
      "loudness_range": 15.747472763061523,
      "low_freq": 148.1999969482422,
      "mid_mean": -22.872535705566406,
      "mid_to_side_loudness": -7.8066725730896,
      "mid_to_side_loudness_range": 11.448745727539062,
      "side_mean": -30.371829986572266
    },
    {
      "high_freq": 794.6976318359375,
      "loudness": -31.308307647705078,
      "loudness_range": 20.57787322998047,
      "low_freq": 392.3793640136719,
      "mid_mean": -29.73694610595703,
      "mid_to_side_loudness": -3.243833541870117,
      "mid_to_side_loudness_range": 9.956711769104004,
      "side_mean": -33.28042984008789
    },
    {
      "high_freq": 1457.5709228515625,
      "loudness": -31.8467960357666,
      "loudness_range": 26.521738052368164,
      "low_freq": 794.6976318359375,
      "mid_mean": -30.54804801940918,
      "mid_to_side_loudness": -2.5577523708343506,
      "mid_to_side_loudness_range": 8.522701263427734,
      "side_mean": -33.275299072265625
    },
    {
      "high_freq": 2549.74365234375,
      "loudness": -31.57049560546875,
      "loudness_range": 25.740755081176758,
      "low_freq": 1457.5709228515625,
      "mid_mean": -30.37310218811035,
      "mid_to_side_loudness": -2.190763235092163,
      "mid_to_side_loudness_range": 6.88072395324707,
      "side_mean": -32.55348205566406
    },
    {
      "high_freq": 4349.24462890625,
      "loudness": -33.318115234375,
      "loudness_range": 26.229829788208008,
      "low_freq": 2549.74365234375,
      "mid_mean": -31.9267578125,
      "mid_to_side_loudness": -2.399676561355591,
      "mid_to_side_loudness_range": 6.6353535652160645,
      "side_mean": -34.51264190673828
    },
    {
      "high_freq": 7314.1640625,
      "loudness": -36.957000732421875,
      "loudness_range": 27.245384216308594,
      "low_freq": 4349.24462890625,
      "mid_mean": -35.86235046386719,
      "mid_to_side_loudness": -1.8430947065353394,
      "mid_to_side_loudness_range": 5.309141159057617,
      "side_mean": -37.683502197265625
    },
    {
      "high_freq": 12199.2666015625,
      "loudness": -38.206748962402344,
      "loudness_range": 27.352230072021484,
      "low_freq": 7314.1640625,
      "mid_mean": -37.21208953857422,
      "mid_to_side_loudness": -1.820847511291504,
      "mid_to_side_loudness_range": 5.776740074157715,
      "side_mean": -38.806602478027344
    },
    {
      "loudness": -46.56299591064453,
      "loudness_range": 33.28883361816406,
      "low_freq": 12199.2666015625,
      "mid_mean": -45.281375885009766,
      "mid_to_side_loudness": -1.800352931022644,
      "mid_to_side_loudness_range": 5.742245197296143,
      "side_mean": -47.07426834106445
    }
  ],
  "bandwidth": 682.875,
  "channels": 2,
  "covariance": [
    [
      28.506622314453125,
      22.138919830322266,
      2.7356159687042236,
      5.074103832244873,
      4.25221586227417,
      4.386466979980469,
      -4.303585529327393,
      -0.8901405334472656,
      2.2344679832458496,
      8.256986618041992,
      1.0767087936401367,
      4.659346580505371,
      4.494392395019531,
      7.475130081176758,
      9.981285095214844,
      14.15961742401123,
      9.917484283447266,
      15.572101593017578
    ],
    [
      22.138919830322266,
      27.049667358398438,
      5.564609050750732,
      7.84303617477417,
      3.8185458183288574,
      7.016345977783203,
      -0.4799322187900543,
      2.813554048538208,
      5.299571990966797,
      11.744041442871094,
      4.927298069000244,
      8.938742637634277,
      8.9030179977417,
      11.392264366149902,
      12.996810913085938,
      16.429855346679688,
      11.702483177185059,
      16.85544776916504
    ],
    [
      2.7356159687042236,
      5.564609050750732,
      32.36101531982422,
      28.37622833251953,
      8.666272163391113,
      18.416025161743164,
      10.08171272277832,
      17.498491287231445,
      11.468161582946777,
      18.417415618896484,
      10.366292953491211,
      17.87140655517578,
      18.33462905883789,
      17.386672973632812,
      17.10033416748047,
      15.016178131103516,
      16.003087997436523,
      18.100040435791016
    ],
    [
      5.074103832244873,
      7.84303617477417,
      28.37622833251953,
      38.44468307495117,
      8.060508728027344,
      19.00767707824707,
      12.448235511779785,
      19.86652374267578,
      14.052454948425293,
      21.057714462280273,
      12.613971710205078,
      20.063385009765625,
      17.84853744506836,
      21.59173011779785,
      17.764625549316406,
      19.642396926879883,
      16.765077590942383,
      20.82782745361328
    ],
    [
      4.25221586227417,
      3.8185458183288574,
      8.666272163391113,
      8.060508728027344,
      29.514259338378906,
      28.983152389526367,
      28.08302116394043,
      26.780427932739258,
      27.614795684814453,
      23.84787940979004,
      24.993013381958008,
      20.9757137298584,
      20.362045288085938,
      13.553801536560059,
      14.416926383972168,
      7.839072227478027,
      13.320055961608887,
      9.16081714630127
    ],
    [
      4.386466979980469,
      7.016345977783203,
      18.416025161743164,
      19.00767707824707,
      28.983152389526367,
      43.29990768432617,
      28.11859893798828,
      37.460784912109375,
      30.13034439086914,
      35.94338607788086,
      24.48800277709961,
      30.48544692993164,
      27.64310646057129,
      24.46099090576172,
      23.233617782592773,
      18.05667495727539,
      19.45966148376465,
      20.377029418945312
    ],
    [
      -4.303585529327393,
      -0.4799322187900543,
      10.08171272277832,
      12.448235511779785,
      28.08302116394043,
      28.11859893798828,
      55.50144577026367,
      45.36091232299805,
      45.34738540649414,
      35.12751770019531,
      44.27167892456055,
      31.838342666625977,
      30.06121253967285,
      20.782634735107422,
      19.682477951049805,
      11.584364891052246,
      17.284175872802734,
      8.143037796020508
    ],
    [
      -0.8901405334472656,
      2.813554048538208,
      17.498491287231445,
      19.86652374267578,
      26.780427932739258,
      37.460784912109375,
      45.36091232299805,
      51.78494644165039,
      41.91092300415039,
      43.397315979003906,
      36.75653839111328,
      38.1082649230957,
      32.252227783203125,
      28.194931030273438,
      25.10877799987793,
      18.70684814453125,
      21.552692413330078,
      18.220014572143555
    ],
    [
      2.2344679832458496,
      5.299571990966797,
      11.468161582946777,
      14.052454948425293,
      27.614795684814453,
      30.13034439086914,
      45.34738540649414,
      41.91092300415039,
      52.10642623901367,
      43.093994140625,
      45.860958099365234,
      38.28502655029297,
      34.94635009765625,
      25.96352767944336,
      26.541791915893555,
      18.325889587402344,
      25.003847122192383,
      17.76565170288086
    ],
    [
      8.256986618041992,
      11.744041442871094,
      18.417415618896484,
      21.057714462280273,
      23.84787940979004,
      35.94338607788086,
      35.12751770019531,
      43.397315979003906,
      43.093994140625,
      51.35405349731445,
      36.352439880371094,
      41.907371520996094,
      37.1779899597168,
      34.73273849487305,
      33.85832595825195,
      28.806861877441406,
      29.272783279418945,
      29.502574920654297
    ],
    [
      1.0767087936401367,
      4.927298069000244,
      10.366292953491211,
      12.613971710205078,
      24.993013381958008,
      24.48800277709961,
      44.27167892456055,
      36.75653839111328,
      45.860958099365234,
      36.352439880371094,
      47.25966262817383,
      35.99079895019531,
      36.32344055175781,
      25.755634307861328,
      26.76168441772461,
      17.658344268798828,
      24.039697647094727,
      15.711697578430176
    ],
    [
      4.659346580505371,
      8.938742637634277,
      17.87140655517578,
      20.063385009765625,
      20.9757137298584,
      30.48544692993164,
      31.838342666625977,
      38.1082649230957,
      38.28502655029297,
      41.907371520996094,
      35.99079895019531,
      41.373817443847656,
      36.73972702026367,
      32.70890808105469,
      32.49253463745117,
      25.7246036529541,
      28.22372817993164,
      26.864116668701172
    ],
    [
      4.494392395019531,
      8.9030179977417,
      18.33462905883789,
      17.84853744506836,
      20.362045288085938,
      27.64310646057129,
      30.06121253967285,
      32.252227783203125,
      34.94635009765625,
      37.1779899597168,
      36.32344055175781,
      36.73972702026367,
      43.41995620727539,
      34.28449249267578,
      36.39573669433594,
      27.74380874633789,
      30.957075119018555,
      28.041919708251953
    ],
    [
      7.475130081176758,
      11.392264366149902,
      17.386672973632812,
      21.59173011779785,
      13.553801536560059,
      24.46099090576172,
      20.782634735107422,
      28.194931030273438,
      25.96352767944336,
      34.73273849487305,
      25.755634307861328,
      32.70890808105469,
      34.28449249267578,
      40.66431427001953,
      34.50970458984375,
      34.749874114990234,
      28.9913387298584,
      32.991546630859375
    ],
    [
      9.981285095214844,
      12.996810913085938,
      17.10033416748047,
      17.764625549316406,
      14.416926383972168,
      23.233617782592773,
      19.682477951049805,
      25.10877799987793,
      26.541791915893555,
      33.85832595825195,
      26.76168441772461,
      32.49253463745117,
      36.39573669433594,
      34.50970458984375,
      41.63388442993164,
      35.413394927978516,
      33.58380126953125,
      36.68096160888672
    ],
    [
      14.15961742401123,
      16.429855346679688,
      15.016178131103516,
      19.642396926879883,
      7.839072227478027,
      18.05667495727539,
      11.584364891052246,
      18.70684814453125,
      18.325889587402344,
      28.806861877441406,
      17.658344268798828,
      25.7246036529541,
      27.74380874633789,
      34.749874114990234,
      35.413394927978516,
      42.538047790527344,
      31.076894760131836,
      38.78195571899414
    ],
    [
      9.917484283447266,
      11.702483177185059,
      16.003087997436523,
      16.765077590942383,
      13.320055961608887,
      19.45966148376465,
      17.284175872802734,
      21.552692413330078,
      25.003847122192383,
      29.272783279418945,
      24.039697647094727,
      28.22372817993164,
      30.957075119018555,
      28.9913387298584,
      33.58380126953125,
      31.076894760131836,
      38.04173278808594,
      35.56617736816406
    ],
    [
      15.572101593017578,
      16.85544776916504,
      18.100040435791016,
      20.82782745361328,
      9.16081714630127,
      20.377029418945312,
      8.143037796020508,
      18.220014572143555,
      17.76565170288086,
      29.502574920654297,
      15.711697578430176,
      26.864116668701172,
      28.041919708251953,
      32.991546630859375,
      36.68096160888672,
      38.78195571899414,
      35.56617736816406,
      47.16435241699219
    ]
  ],
  "covariance_short": [
    [
      67.3263168334961,
      44.75611877441406,
      -0.7562338709831238,
      2.3956103324890137,
      17.14725685119629,
      15.197486877441406,
      12.673354148864746,
      14.164978981018066,
      17.40004539489746,
      20.737337112426758,
      16.522172927856445,
      17.895156860351562,
      18.02602767944336,
      19.240375518798828,
      20.65936851501465,
      22.5505313873291,
      26.39960479736328,
      27.942594528198242
    ],
    [
      44.75611877441406,
      59.57712173461914,
      1.6952812671661377,
      4.131041049957275,
      14.540430068969727,
      15.60869026184082,
      10.955687522888184,
      13.898547172546387,
      16.23529624938965,
      20.39618492126465,
      14.112153053283691,
      17.378856658935547,
      16.539884567260742,
      17.606321334838867,
      17.62110710144043,
      17.364418029785156,
      22.42101287841797,
      24.130258560180664
    ],
    [
      -0.7562338709831238,
      1.6952812671661377,
      46.1464958190918,
      34.47073745727539,
      15.912033081054688,
      22.77572250366211,
      6.753887176513672,
      13.526554107666016,
      10.310015678405762,
      17.80901336669922,
      9.702007293701172,
      16.327682495117188,
      20.056316375732422,
      21.142906188964844,
      20.946046829223633,
      21.310869216918945,
      24.30458641052246,
      30.029342651367188
    ],
    [
      2.3956103324890137,
      4.131041049957275,
      34.47073745727539,
      46.91196823120117,
      20.331140518188477,
      27.940898895263672,
      20.997488021850586,
      24.302318572998047,
      21.895734786987305,
      25.99326515197754,
      22.276222229003906,
      25.47542381286621,
      27.35492515563965,
      28.337303161621094,
      26.997026443481445,
      28.580486297607422,
      34.00468826293945,
      37.4542236328125
    ],
    [
      17.14725685119629,
      14.540430068969727,
      15.912033081054688,
      20.331140518188477,
      59.61183166503906,
      54.16853332519531,
      57.11035919189453,
      54.19915008544922,
      55.33488082885742,
      52.35014343261719,
      52.42583465576172,
      46.843814849853516,
      47.45292663574219,
      42.70052719116211,
      40.81269836425781,
      34.435203552246094,
      49.34066390991211,
      44.75962829589844
    ],
    [
      15.197486877441406,
      15.60869026184082,
      22.77572250366211,
      27.940898895263672,
      54.16853332519531,
      69.3995361328125,
      56.38374328613281,
      62.30146789550781,
      57.089683532714844,
      61.24427032470703,
      51.40512466430664,
      53.542640686035156,
      51.80073165893555,
      49.74649429321289,
      44.70427703857422,
      40.42634201049805,
      51.75487518310547,
      51.74923324584961
    ],
    [
      12.673354148864746,
      10.955687522888184,
      6.753887176513672,
      20.997488021850586,
      57.11035919189453,
      56.38374328613281,
      98.90373992919922,
      83.9900131225586,
      83.94401550292969,
      73.76191711425781,
      81.61036682128906,
      67.8533706665039,
      64.14411926269531,
      56.05897521972656,
      52.77617263793945,
      44.084449768066406,
      68.61425018310547,
      56.84254455566406
    ],
    [
      14.164978981018066,
      13.898547172546387,
      13.526554107666016,
      24.302318572998047,
      54.19915008544922,
      62.30146789550781,
      83.9900131225586,
      88.84471893310547,
      78.18712615966797,
      77.22671508789062,
      71.70446014404297,
      69.00144958496094,
      62.246238708496094,
      58.4046516418457,
      51.55122756958008,
      46.014835357666016,
      63.628135681152344,
      58.5653190612793
    ],
    [
      17.40004539489746,
      16.23529624938965,
      10.310015678405762,
      21.895734786987305,
      55.33488082885742,
      57.089683532714844,
      83.94401550292969,
      78.18712615966797,
      93.10530853271484,
      82.8476333618164,
      83.52352905273438,
      74.43927764892578,
      70.63856506347656,
      62.96662521362305,
      59.96480941772461,
      51.4368896484375,
      72.43634033203125,
      64.20027923583984
    ],
    [
      20.737337112426758,
      20.39618492126465,
      17.80901336669922,
      25.99326515197754,
      52.35014343261719,
      61.24427032470703,
      73.76191711425781,
      77.22671508789062,
      82.8476333618164,
      89.28038787841797,
      74.9825210571289,
      75.84546661376953,
      70.66634368896484,
      68.58963775634766,
      62.12565231323242,
      58.361900329589844,
      70.94283294677734,
      69.53601837158203
    ],
    [
      16.522172927856445,
      14.112153053283691,
      9.702007293701172,
      22.276222229003906,
      52.42583465576172,
      51.40512466430664,
      81.61036682128906,
      71.70446014404297,
      83.52352905273438,
      74.9825210571289,
      89.4670181274414,
      75.66099548339844,
      76.80131530761719,
      68.93624877929688,
      68.54705810546875,
      60.350650787353516,
      80.57218170166016,
      71.17184448242188
    ],
    [
      17.895156860351562,
      17.378856658935547,
      16.327682495117188,
      25.47542381286621,
      46.843814849853516,
      53.542640686035156,
      67.8533706665039,
      69.00144958496094,
      74.43927764892578,
      75.84546661376953,
      75.66099548339844,
      77.63401794433594,
      74.78961181640625,
      71.98026275634766,
      68.25592041015625,
      64.12646484375,
      76.8736801147461,
      74.93999481201172
    ],
    [
      18.02602767944336,
      16.539884567260742,
      20.056316375732422,
      27.35492515563965,
      47.45292663574219,
      51.80073165893555,
      64.14411926269531,
      62.246238708496094,
      70.63856506347656,
      70.66634368896484,
      76.80131530761719,
      74.78961181640625,
      94.0416488647461,
      85.24268341064453,
      91.02049255371094,
      83.27976989746094,
      93.96719360351562,
      90.77066040039062
    ],
    [
      19.240375518798828,
      17.606321334838867,
      21.142906188964844,
      28.337303161621094,
      42.70052719116211,
      49.74649429321289,
      56.05897521972656,
      58.4046516418457,
      62.96662521362305,
      68.58963775634766,
      68.93624877929688,
      71.98026275634766,
      85.24268341064453,
      89.46660614013672,
      85.74436950683594,
      86.19261169433594,
      91.2124252319336,
      92.93680572509766
    ],
    [
      20.65936851501465,
      17.62110710144043,
      20.946046829223633,
      26.997026443481445,
      40.81269836425781,
      44.70427703857422,
      52.77617263793945,
      51.55122756958008,
      59.96480941772461,
      62.12565231323242,
      68.54705810546875,
      68.25592041015625,
      91.02049255371094,
      85.74436950683594,
      106.23857879638672,
      98.40034484863281,
      105.35651397705078,
      104.20142364501953
    ],
    [
      22.5505313873291,
      17.364418029785156,
      21.310869216918945,
      28.580486297607422,
      34.435203552246094,
      40.42634201049805,
      44.084449768066406,
      46.014835357666016,
      51.4368896484375,
      58.361900329589844,
      60.350650787353516,
      64.12646484375,
      83.27976989746094,
      86.19261169433594,
      98.40034484863281,
      105.44597625732422,
      101.05289459228516,
      105.52098083496094
    ],
    [
      26.39960479736328,
      22.42101287841797,
      24.30458641052246,
      34.00468826293945,
      49.34066390991211,
      51.75487518310547,
      68.61425018310547,
      63.628135681152344,
      72.43634033203125,
      70.94283294677734,
      80.57218170166016,
      76.8736801147461,
      93.96719360351562,
      91.2124252319336,
      105.35651397705078,
      101.05289459228516,
      130.4840545654297,
      125.87415313720703
    ],
    [
      27.942594528198242,
      24.130258560180664,
      30.029342651367188,
      37.4542236328125,
      44.75962829589844,
      51.74923324584961,
      56.84254455566406,
      58.5653190612793,
      64.20027923583984,
      69.53601837158203,
      71.17184448242188,
      74.93999481201172,
      90.77066040039062,
      92.93680572509766,
      104.20142364501953,
      105.52098083496094,
      125.87415313720703,
      130.33724975585938
    ]
  ],
  "damage": -9.794800758361816,
  "diff_bandwidth": 699.7115478515625,
  "dissonance": 9.429767106298092,
  "drr": 6.516820430755615,
  "dynamics": 3.0165927410125732,
  "format": 1245190,
  "frames": 4534272,
  "loudness": -14.535228729248047,
  "loudness_range": 7.477228164672852,
  "loudness_range_short": 11.413721084594727,
  "lowpass_true_peak_15khz": 0.20881721377372742,
  "mastering3_acoustic_entropies": [
    {
      "acoustic_entropy": 6.272202014923096,
      "acoustic_entropy_mono": 6.180267810821533,
      "band_eliminated_acoustic_entropies": [
        {
          "acoustic_entropy": 6.247985363006592,
          "acoustic_entropy_side": 6.271869659423828,
          "hz": 129.47220167065723
        },
        {
          "acoustic_entropy": 5.9550042152404785,
          "acoustic_entropy_side": 6.257140159606934,
          "hz": 202.92927478742237
        },
        {
          "acoustic_entropy": 6.223632335662842,
          "acoustic_entropy_side": 6.433988094329834,
          "hz": 282.89161906338205
        },
        {
          "acoustic_entropy": 6.290257930755615,
          "acoustic_entropy_side": 6.318233013153076,
          "hz": 369.9353335868758
        },
        {
          "acoustic_entropy": 6.436936855316162,
          "acoustic_entropy_side": 6.284242153167725,
          "hz": 464.6875360973435
        },
        {
          "acoustic_entropy": 6.412409782409668,
          "acoustic_entropy_side": 6.237844944000244,
          "hz": 567.8308811364784
        },
        {
          "acoustic_entropy": 6.616320610046387,
          "acoustic_entropy_side": 6.381734848022461,
          "hz": 680.1084783214808
        },
        {
          "acoustic_entropy": 6.679011821746826,
          "acoustic_entropy_side": 6.244477272033691,
          "hz": 802.3292461747484
        },
        {
          "acoustic_entropy": 6.548778533935547,
          "acoustic_entropy_side": 6.261877059936523,
          "hz": 935.3737400823702
        },
        {
          "acoustic_entropy": 6.230012893676758,
          "acoustic_entropy_side": 6.1511712074279785,
          "hz": 1080.2004963696966
        },
        {
          "acoustic_entropy": 6.158268451690674,
          "acoustic_entropy_side": 6.117002487182617,
          "hz": 1237.8529382007157
        },
        {
          "acoustic_entropy": 6.002897262573242,
          "acoustic_entropy_side": 6.217754364013672,
          "hz": 1409.4668930556702
        },
        {
          "acoustic_entropy": 5.945064544677734,
          "acoustic_entropy_side": 6.1900482177734375,
          "hz": 1596.2787759475705
        },
        {
          "acoustic_entropy": 6.4525065422058105,
          "acoustic_entropy_side": 6.232130527496338,
          "hz": 1799.6344973346393
        },
        {
          "acoustic_entropy": 6.416268348693848,
          "acoustic_entropy_side": 6.268272399902344,
          "hz": 2020.9991599069049
        },
        {
          "acoustic_entropy": 6.434560775756836,
          "acoustic_entropy_side": 6.26350212097168,
          "hz": 2261.9676141086993
        },
        {
          "acoustic_entropy": 6.359445095062256,
          "acoustic_entropy_side": 6.329347610473633,
          "hz": 2524.2759484456974
        },
        {
          "acoustic_entropy": 6.223701000213623,
          "acoustic_entropy_side": 6.20493221282959,
          "hz": 2809.813997359896
        },
        {
          "acoustic_entropy": 6.3501787185668945,
          "acoustic_entropy_side": 6.331273555755615,
          "hz": 3120.6389567871424
        },
        {
          "acoustic_entropy": 6.2353835105896,
          "acoustic_entropy_side": 6.225337505340576,
          "hz": 3458.990205492291
        },
        {
          "acoustic_entropy": 6.2894182205200195,
          "acoustic_entropy_side": 6.2426652908325195,
          "hz": 3827.305438964164
        },
        {
          "acoustic_entropy": 6.3053879737854,
          "acoustic_entropy_side": 6.277483940124512,
          "hz": 4228.238232109126
        },
        {
          "acoustic_entropy": 6.253799915313721,
          "acoustic_entropy_side": 6.247069835662842,
          "hz": 4664.6771572759235
        },
        {
          "acoustic_entropy": 6.318538665771484,
          "acoustic_entropy_side": 6.273181438446045,
          "hz": 5139.766595350093
        },
        {
          "acoustic_entropy": 6.25314998626709,
          "acoustic_entropy_side": 6.225332736968994,
          "hz": 5656.929389854203
        },
        {
          "acoustic_entropy": 6.281531810760498,
          "acoustic_entropy_side": 6.261857986450195,
          "hz": 6219.891507268283
        },
        {
          "acoustic_entropy": 6.220175743103027,
          "acoustic_entropy_side": 6.243264198303223,
          "hz": 6832.70888123896
        },
        {
          "acoustic_entropy": 6.239699363708496,
          "acoustic_entropy_side": 6.256440162658691,
          "hz": 7499.796634079867
        },
        {
          "acoustic_entropy": 6.2315449714660645,
          "acoustic_entropy_side": 6.257054805755615,
          "hz": 8225.96088609342
        },
        {
          "acoustic_entropy": 6.235387325286865,
          "acoustic_entropy_side": 6.250142574310303,
          "hz": 9016.43338188839
        },
        {
          "acoustic_entropy": 6.236225605010986,
          "acoustic_entropy_side": 6.253340721130371,
          "hz": 9876.909183162974
        },
        {
          "acoustic_entropy": 6.218929290771484,
          "acoustic_entropy_side": 6.240550518035889,
          "hz": 10813.587699516042
        },
        {
          "acoustic_entropy": 6.194593906402588,
          "acoustic_entropy_side": 6.236645221710205,
          "hz": 11833.21735289826
        },
        {
          "acoustic_entropy": 6.226060390472412,
          "acoustic_entropy_side": 6.244656085968018,
          "hz": 12943.144197493959
        },
        {
          "acoustic_entropy": 6.283075332641602,
          "acoustic_entropy_side": 6.260264873504639,
          "hz": 14151.364845322005
        },
        {
          "acoustic_entropy": 6.234913349151611,
          "acoustic_entropy_side": 6.2554473876953125,
          "hz": 15466.58407886509
        },
        {
          "acoustic_entropy": 6.261911869049072,
          "acoustic_entropy_side": 6.266387939453125,
          "hz": 16898.27756580493
        },
        {
          "acoustic_entropy": 6.273276329040527,
          "acoustic_entropy_side": 6.271770000457764,
          "hz": 18456.760127700032
        },
        {
          "acoustic_entropy": 6.274385452270508,
          "acoustic_entropy_side": 6.272158622741699,
          "hz": 20153.260054456492
        },
        {
          "acoustic_entropy": 6.272346019744873,
          "acoustic_entropy_side": 6.272212028503418,
          "hz": 22000.00000000001
        }
      ],
      "diff_acoustic_entropy": 7.313148498535156,
      "sn": 6
    },
    {
      "acoustic_entropy": 10.199477195739746,
      "acoustic_entropy_mono": 9.524168014526367,
      "band_eliminated_acoustic_entropies": [
        {
          "acoustic_entropy": 10.284249305725098,
          "acoustic_entropy_side": 10.199203491210938,
          "hz": 129.47220167065723
        },
        {
          "acoustic_entropy": 9.553359031677246,
          "acoustic_entropy_side": 10.236069679260254,
          "hz": 202.92927478742237
        },
        {
          "acoustic_entropy": 10.365211486816406,
          "acoustic_entropy_side": 10.32360553741455,
          "hz": 282.89161906338205
        },
        {
          "acoustic_entropy": 10.402838706970215,
          "acoustic_entropy_side": 10.265572547912598,
          "hz": 369.9353335868758
        },
        {
          "acoustic_entropy": 10.104303359985352,
          "acoustic_entropy_side": 10.298956871032715,
          "hz": 464.6875360973435
        },
        {
          "acoustic_entropy": 10.623067855834961,
          "acoustic_entropy_side": 10.234500885009766,
          "hz": 567.8308811364784
        },
        {
          "acoustic_entropy": 9.973891258239746,
          "acoustic_entropy_side": 10.202120780944824,
          "hz": 680.1084783214808
        },
        {
          "acoustic_entropy": 10.669007301330566,
          "acoustic_entropy_side": 10.04430103302002,
          "hz": 802.3292461747484
        },
        {
          "acoustic_entropy": 10.610710144042969,
          "acoustic_entropy_side": 10.133122444152832,
          "hz": 935.3737400823702
        },
        {
          "acoustic_entropy": 10.568612098693848,
          "acoustic_entropy_side": 10.17739200592041,
          "hz": 1080.2004963696966
        },
        {
          "acoustic_entropy": 10.042167663574219,
          "acoustic_entropy_side": 10.040669441223145,
          "hz": 1237.8529382007157
        },
        {
          "acoustic_entropy": 10.207205772399902,
          "acoustic_entropy_side": 10.074248313903809,
          "hz": 1409.4668930556702
        },
        {
          "acoustic_entropy": 10.38348388671875,
          "acoustic_entropy_side": 10.210121154785156,
          "hz": 1596.2787759475705
        },
        {
          "acoustic_entropy": 10.484723091125488,
          "acoustic_entropy_side": 10.400020599365234,
          "hz": 1799.6344973346393
        },
        {
          "acoustic_entropy": 10.205632209777832,
          "acoustic_entropy_side": 10.12194538116455,
          "hz": 2020.9991599069049
        },
        {
          "acoustic_entropy": 10.306259155273438,
          "acoustic_entropy_side": 10.166258811950684,
          "hz": 2261.9676141086993
        },
        {
          "acoustic_entropy": 10.320829391479492,
          "acoustic_entropy_side": 10.254694938659668,
          "hz": 2524.2759484456974
        },
        {
          "acoustic_entropy": 10.188563346862793,
          "acoustic_entropy_side": 10.245450973510742,
          "hz": 2809.813997359896
        },
        {
          "acoustic_entropy": 10.243486404418945,
          "acoustic_entropy_side": 10.246678352355957,
          "hz": 3120.6389567871424
        },
        {
          "acoustic_entropy": 10.199515342712402,
          "acoustic_entropy_side": 10.195704460144043,
          "hz": 3458.990205492291
        },
        {
          "acoustic_entropy": 10.30568790435791,
          "acoustic_entropy_side": 10.288005828857422,
          "hz": 3827.305438964164
        },
        {
          "acoustic_entropy": 10.209716796875,
          "acoustic_entropy_side": 10.183978080749512,
          "hz": 4228.238232109126
        },
        {
          "acoustic_entropy": 10.032035827636719,
          "acoustic_entropy_side": 10.153706550598145,
          "hz": 4664.6771572759235
        },
        {
          "acoustic_entropy": 10.356461524963379,
          "acoustic_entropy_side": 10.24903678894043,
          "hz": 5139.766595350093
        },
        {
          "acoustic_entropy": 10.014488220214844,
          "acoustic_entropy_side": 10.113391876220703,
          "hz": 5656.929389854203
        },
        {
          "acoustic_entropy": 10.339679718017578,
          "acoustic_entropy_side": 10.243501663208008,
          "hz": 6219.891507268283
        },
        {
          "acoustic_entropy": 10.14892578125,
          "acoustic_entropy_side": 10.19681453704834,
          "hz": 6832.70888123896
        },
        {
          "acoustic_entropy": 10.179618835449219,
          "acoustic_entropy_side": 10.206024169921875,
          "hz": 7499.796634079867
        },
        {
          "acoustic_entropy": 10.144442558288574,
          "acoustic_entropy_side": 10.179889678955078,
          "hz": 8225.96088609342
        },
        {
          "acoustic_entropy": 10.092643737792969,
          "acoustic_entropy_side": 10.144433975219727,
          "hz": 9016.43338188839
        },
        {
          "acoustic_entropy": 10.105055809020996,
          "acoustic_entropy_side": 10.145223617553711,
          "hz": 9876.909183162974
        },
        {
          "acoustic_entropy": 10.12260913848877,
          "acoustic_entropy_side": 10.155043601989746,
          "hz": 10813.587699516042
        },
        {
          "acoustic_entropy": 10.140446662902832,
          "acoustic_entropy_side": 10.16990852355957,
          "hz": 11833.21735289826
        },
        {
          "acoustic_entropy": 10.103527069091797,
          "acoustic_entropy_side": 10.163795471191406,
          "hz": 12943.144197493959
        },
        {
          "acoustic_entropy": 10.09177303314209,
          "acoustic_entropy_side": 10.161813735961914,
          "hz": 14151.364845322005
        },
        {
          "acoustic_entropy": 10.214872360229492,
          "acoustic_entropy_side": 10.204573631286621,
          "hz": 15466.58407886509
        },
        {
          "acoustic_entropy": 10.213000297546387,
          "acoustic_entropy_side": 10.197912216186523,
          "hz": 16898.27756580493
        },
        {
          "acoustic_entropy": 10.205160140991211,
          "acoustic_entropy_side": 10.197495460510254,
          "hz": 18456.760127700032
        },
        {
          "acoustic_entropy": 10.197854042053223,
          "acoustic_entropy_side": 10.200997352600098,
          "hz": 20153.260054456492
        },
        {
          "acoustic_entropy": 10.199861526489258,
          "acoustic_entropy_side": 10.1998291015625,
          "hz": 22000.00000000001
        }
      ],
      "diff_acoustic_entropy": 10.316415786743164,
      "sn": 12
    },
    {
      "acoustic_entropy": 14.645712852478027,
      "acoustic_entropy_mono": 13.820497512817383,
      "band_eliminated_acoustic_entropies": [
        {
          "acoustic_entropy": 14.087088584899902,
          "acoustic_entropy_side": 14.416603088378906,
          "hz": 129.47220167065723
        },
        {
          "acoustic_entropy": 15.192996978759766,
          "acoustic_entropy_side": 14.666426658630371,
          "hz": 202.92927478742237
        },
        {
          "acoustic_entropy": 14.788434028625488,
          "acoustic_entropy_side": 14.62271499633789,
          "hz": 282.89161906338205
        },
        {
          "acoustic_entropy": 14.990654945373535,
          "acoustic_entropy_side": 15.03043270111084,
          "hz": 369.9353335868758
        },
        {
          "acoustic_entropy": 15.049628257751465,
          "acoustic_entropy_side": 14.750923156738281,
          "hz": 464.6875360973435
        },
        {
          "acoustic_entropy": 15.129467010498047,
          "acoustic_entropy_side": 14.822392463684082,
          "hz": 567.8308811364784
        },
        {
          "acoustic_entropy": 14.670783042907715,
          "acoustic_entropy_side": 14.340144157409668,
          "hz": 680.1084783214808
        },
        {
          "acoustic_entropy": 14.600627899169922,
          "acoustic_entropy_side": 14.942290306091309,
          "hz": 802.3292461747484
        },
        {
          "acoustic_entropy": 14.2393217086792,
          "acoustic_entropy_side": 14.671156883239746,
          "hz": 935.3737400823702
        },
        {
          "acoustic_entropy": 14.41377067565918,
          "acoustic_entropy_side": 14.746610641479492,
          "hz": 1080.2004963696966
        },
        {
          "acoustic_entropy": 14.288606643676758,
          "acoustic_entropy_side": 14.770572662353516,
          "hz": 1237.8529382007157
        },
        {
          "acoustic_entropy": 14.668367385864258,
          "acoustic_entropy_side": 14.792372703552246,
          "hz": 1409.4668930556702
        },
        {
          "acoustic_entropy": 14.360674858093262,
          "acoustic_entropy_side": 14.07551383972168,
          "hz": 1596.2787759475705
        },
        {
          "acoustic_entropy": 14.850253105163574,
          "acoustic_entropy_side": 14.670562744140625,
          "hz": 1799.6344973346393
        },
        {
          "acoustic_entropy": 14.368285179138184,
          "acoustic_entropy_side": 14.429003715515137,
          "hz": 2020.9991599069049
        },
        {
          "acoustic_entropy": 14.289177894592285,
          "acoustic_entropy_side": 14.66552734375,
          "hz": 2261.9676141086993
        },
        {
          "acoustic_entropy": 14.841922760009766,
          "acoustic_entropy_side": 14.684331893920898,
          "hz": 2524.2759484456974
        },
        {
          "acoustic_entropy": 14.711888313293457,
          "acoustic_entropy_side": 14.668872833251953,
          "hz": 2809.813997359896
        },
        {
          "acoustic_entropy": 14.41487979888916,
          "acoustic_entropy_side": 14.459348678588867,
          "hz": 3120.6389567871424
        },
        {
