{
  "acoustic_entropy": 138.28668212890625,
  "bands": [
    {
      "high_freq": 148.1999969482422,
      "loudness": -45.182395935058594,
      "loudness_range": 15.548225402832031,
      "mid_mean": -41.51553726196289,
      "mid_to_side_loudness": -22.150957107543945,
      "mid_to_side_loudness_range": 12.772655487060547,
      "side_mean": -62.988704681396484
    },
    {
      "high_freq": 392.3793640136719,
      "loudness": -33.04298782348633,
      "loudness_range": 10.668678283691406,
      "low_freq": 148.1999969482422,
      "mid_mean": -29.46492576599121,
      "mid_to_side_loudness": -16.060029983520508,
      "mid_to_side_loudness_range": 11.261777877807617,
      "side_mean": -46.044979095458984
    },
    {
      "high_freq": 794.6976318359375,
      "loudness": -37.90422058105469,
      "loudness_range": 10.837959289550781,
      "low_freq": 392.3793640136719,
      "mid_mean": -34.595279693603516,
      "mid_to_side_loudness": -10.884410858154297,
      "mid_to_side_loudness_range": 10.394848823547363,
      "side_mean": -45.895999908447266
    },
    {
      "high_freq": 1457.5709228515625,
      "loudness": -43.98668670654297,
      "loudness_range": 14.583637237548828,
      "low_freq": 794.6976318359375,
      "mid_mean": -40.71665573120117,
      "mid_to_side_loudness": -10.779812812805176,
      "mid_to_side_loudness_range": 11.191253662109375,
      "side_mean": -52.63532257080078
    },
    {
      "high_freq": 2549.74365234375,
      "loudness": -47.2130012512207,
      "loudness_range": 16.160770416259766,
      "low_freq": 1457.5709228515625,
      "mid_mean": -44.675025939941406,
      "mid_to_side_loudness": -5.548370838165283,
      "mid_to_side_loudness_range": 8.565521240234375,
      "side_mean": -51.45643997192383
    },
    {
      "high_freq": 4349.24462890625,
      "loudness": -51.942378997802734,
      "loudness_range": 18.883235931396484,
      "low_freq": 2549.74365234375,
      "mid_mean": -50.891414642333984,
      "mid_to_side_loudness": -4.103015899658203,
      "mid_to_side_loudness_range": 8.688641548156738,
      "side_mean": -54.864288330078125
    },
    {
      "high_freq": 7314.1640625,
      "loudness": -61.19263458251953,
      "loudness_range": 22.544422149658203,
      "low_freq": 4349.24462890625,
      "mid_mean": -59.632293701171875,
      "mid_to_side_loudness": -0.963782787322998,
      "mid_to_side_loudness_range": 6.0272016525268555,
      "side_mean": -60.50640869140625
    },
    {
      "high_freq": 12199.2666015625,
      "loudness": -69.1338119506836,
      "loudness_range": 21.795433044433594,
      "low_freq": 7314.1640625,
      "mid_mean": -65.05352783203125,
      "mid_to_side_loudness": 0.08903612196445465,
      "mid_to_side_loudness_range": 3.244133949279785,
      "side_mean": -64.91990661621094
    },
    {
      "loudness": -72.13683319091797,
      "loudness_range": 12.561466217041016,
      "low_freq": 12199.2666015625,
      "mid_mean": -67.00655364990234,
      "mid_to_side_loudness": -1.9520260095596313,
      "mid_to_side_loudness_range": 7.1379547119140625,
      "side_mean": -67.36125946044922
    }
  ],
  "bands_short": [
    {
      "high_freq": 148.1999969482422,
      "loudness": -49.75922393798828,
      "loudness_range": 17.345478057861328,
      "mid_mean": -46.22134017944336,
      "mid_to_side_loudness": -21.33612060546875,
      "mid_to_side_loudness_range": 18.600852966308594,
      "side_mean": -65.42862701416016
    },
    {
      "high_freq": 392.3793640136719,
      "loudness": -33.59172439575195,
      "loudness_range": 13.342981338500977,
      "low_freq": 148.1999969482422,
      "mid_mean": -30.04998016357422,
      "mid_to_side_loudness": -15.99355411529541,
      "mid_to_side_loudness_range": 14.349421501159668,
      "side_mean": -46.497684478759766
    },
    {
      "high_freq": 794.6976318359375,
      "loudness": -39.08490753173828,
      "loudness_range": 14.608640670776367,
      "low_freq": 392.3793640136719,
      "mid_mean": -35.925838470458984,
      "mid_to_side_loudness": -10.67039966583252,
      "mid_to_side_loudness_range": 16.21196937561035,
      "side_mean": -47.08301544189453
    },
    {
      "high_freq": 1457.5709228515625,
      "loudness": -43.426761627197266,
      "loudness_range": 18.55109405517578,
      "low_freq": 794.6976318359375,
      "mid_mean": -40.372413635253906,
      "mid_to_side_loudness": -10.123443603515625,
      "mid_to_side_loudness_range": 14.903205871582031,
      "side_mean": -51.63343811035156
    },
    {
      "high_freq": 2549.74365234375,
      "loudness": -48.93800354003906,
      "loudness_range": 19.817089080810547,
      "low_freq": 1457.5709228515625,
      "mid_mean": -46.81748962402344,
      "mid_to_side_loudness": -4.539669513702393,
      "mid_to_side_loudness_range": 10.530197143554688,
      "side_mean": -52.42824935913086
    },
    {
      "high_freq": 4349.24462890625,
      "loudness": -54.34231185913086,
      "loudness_range": 23.239131927490234,
      "low_freq": 2549.74365234375,
      "mid_mean": -53.469337463378906,
      "mid_to_side_loudness": -3.0407721996307373,
      "mid_to_side_loudness_range": 10.364723205566406,
      "side_mean": -56.36549758911133
    },
    {
      "high_freq": 7314.1640625,
      "loudness": -64.3155288696289,
      "loudness_range": 27.19607162475586,
      "low_freq": 4349.24462890625,
      "mid_mean": -61.690155029296875,
      "mid_to_side_loudness": -0.5006638169288635,
      "mid_to_side_loudness_range": 6.693262100219727,
      "side_mean": -62.16337585449219
    },
    {
      "high_freq": 12199.2666015625,
      "loudness": -71.60232543945312,
      "loudness_range": 21.001686096191406,
      "low_freq": 7314.1640625,
      "mid_mean": -66.24092102050781,
      "mid_to_side_loudness": 0.0017637346172705293,
      "mid_to_side_loudness_range": 3.9121901988983154,
      "side_mean": -66.11498260498047
    },
    {
      "loudness": -73.45466613769531,
      "loudness_range": 12.893379211425781,
      "low_freq": 12199.2666015625,
      "mid_mean": -67.38722229003906,
      "mid_to_side_loudness": -3.056258201599121,
      "mid_to_side_loudness_range": 7.30314826965332,
      "side_mean": -67.94316864013672
    }
  ],
  "bandwidth": 460.90704345703125,
  "channels": 2,
  "covariance": [
    [
      26.421018600463867,
      15.077566146850586,
      6.796326637268066,
      7.17739200592041,
      5.853930950164795,
      4.6325788497924805,
      6.310926914215088,
      8.397561073303223,
      10.451247215270996,
      9.187634468078613,
      15.45806884765625,
      12.939556121826172,
      11.002401351928711,
      10.536609649658203,
      5.795016765594482,
      5.697801113128662,
      1.6950401067733765,
      2.2522287368774414
    ],
    [
      15.077566146850586,
      16.5201473236084,
      3.081409215927124,
      3.3544044494628906,
      2.3089845180511475,
      1.7619471549987793,
      2.3036417961120605,
      7.96257209777832,
      6.0404791831970215,
      8.923271179199219,
      13.718347549438477,
      11.164628982543945,
      9.11604118347168,
      8.532264709472656,
      4.632663249969482,
      4.594894886016846,
      1.3939015865325928,
      1.8008310794830322
    ],
    [
      6.796326637268066,
      3.081409215927124,
      17.17133903503418,
      11.125212669372559,
      9.658307075500488,
      7.39190673828125,
      11.699779510498047,
      12.962505340576172,
      10.366711616516113,
      12.284873008728027,
      15.499778747558594,
      12.114970207214355,
      8.719934463500977,
      7.487504005432129,
      3.901109218597412,
      3.9197635650634766,
      1.408786654472351,
      1.7748667001724243
    ],
    [
      7.17739200592041,
      3.3544044494628906,
      11.125212669372559,
      16.023536682128906,
      6.646327495574951,
      7.555389881134033,
      5.6636857986450195,
      11.107325553894043,
      6.78016471862793,
      10.850555419921875,
      10.55655288696289,
      8.30395221710205,
      5.852697372436523,
      5.068813800811768,
      2.327200174331665,
      2.3777432441711426,
      0.8817577362060547,
      1.132797122001648
    ],
    [
      5.853930950164795,
      2.3089845180511475,
      9.658307075500488,
      6.646327495574951,
      17.99938201904297,
      11.452963829040527,
      16.656970977783203,
      15.990179061889648,
      16.34457015991211,
      17.31452178955078,
      20.515316009521484,
      17.065832138061523,
      13.96601676940918,
      11.602543830871582,
      5.686611175537109,
      5.520590305328369,
      1.0068755149841309,
      1.5254205465316772
    ],
    [
      4.6325788497924805,
      1.7619471549987793,
      7.39190673828125,
      7.555389881134033,
      11.452963829040527,
      14.191683769226074,
      10.353185653686523,
      14.060138702392578,
      8.862405776977539,
      12.895783424377441,
      14.205938339233398,
      12.54088020324707,
      8.49245548248291,
      7.987201690673828,
      3.682910203933716,
      3.743236780166626,
      0.4407881796360016,
      0.8034342527389526
    ],
    [
      6.310926914215088,
      2.3036417961120605,
      11.699779510498047,
      5.6636857986450195,
      16.656970977783203,
      10.353185653686523,
      30.171804428100586,
      20.684219360351562,
      24.615808486938477,
      21.988218307495117,
      28.793352127075195,
      24.85447120666504,
      21.56475830078125,
      17.948781967163086,
      8.769550323486328,
      8.106767654418945,
      1.254010558128357,
      1.8278043270111084
    ],
    [
      8.397561073303223,
      7.96257209777832,
      12.962505340576172,
      11.107325553894043,
      15.990179061889648,
      14.060138702392578,
      20.684219360351562,
      35.148651123046875,
      18.45013999938965,
      32.26729965209961,
      37.82678985595703,
      31.44442367553711,
      24.50933265686035,
      21.60018539428711,
      10.928138732910156,
      10.737680435180664,
      2.841745376586914,
      3.72432279586792
    ],
    [
      10.451247215270996,
      6.0404791831970215,
      10.366711616516113,
      6.78016471862793,
      16.34457015991211,
      8.862405776977539,
      24.615808486938477,
      18.45013999938965,
      36.991146087646484,
      28.516273498535156,
      35.67634963989258,
      29.29555892944336,
      28.366777420043945,
      24.212732315063477,
      12.43842887878418,
      11.475935935974121,
      2.8376803398132324,
      3.9725420475006104
    ],
    [
      9.187634468078613,
      8.923271179199219,
      12.284873008728027,
      10.850555419921875,
      17.31452178955078,
      12.895783424377441,
      21.988218307495117,
      32.26729965209961,
      28.516273498535156,
      44.19559097290039,
      43.41035842895508,
      36.57401657104492,
      30.109535217285156,
      26.675600051879883,
      13.826675415039062,
      13.356855392456055,
      3.9809868335723877,
      5.3612284660339355
    ],
    [
      15.45806884765625,
      13.718347549438477,
      15.499778747558594,
      10.55655288696289,
      20.515316009521484,
      14.205938339233398,
      28.793352127075195,
      37.82678985595703,
      35.67634963989258,
      43.41035842895508,
      67.28102111816406,
      51.95218276977539,
      46.90131759643555,
      41.22468185424805,
      22.96185874938965,
      22.547609329223633,
      6.755038738250732,
      9.139178276062012
    ],
    [
      12.939556121826172,
      11.164628982543945,
      12.114970207214355,
      8.30395221710205,
      17.065832138061523,
      12.54088020324707,
      24.85447120666504,
      31.44442367553711,
      29.29555892944336,
      36.57401657104492,
      51.95218276977539,
      46.090362548828125,
      38.96162796020508,
      35.266502380371094,
      19.344343185424805,
      19.07149314880371,
      5.491440296173096,
      7.454163551330566
    ],
    [
      11.002401351928711,
      9.11604118347168,
      8.719934463500977,
      5.852697372436523,
      13.96601676940918,
      8.49245548248291,
      21.56475830078125,
      24.50933265686035,
      28.366777420043945,
      30.109535217285156,
      46.90131759643555,
      38.96162796020508,
      45.65899658203125,
      39.52574157714844,
      24.01218605041504,
      23.534143447875977,
      7.655708312988281,
      10.146034240722656
    ],
    [
      10.536609649658203,
      8.532264709472656,
      7.487504005432129,
      5.068813800811768,
      11.602543830871582,
      7.987201690673828,
      17.948781967163086,
      21.60018539428711,
      24.212732315063477,
      26.675600051879883,
      41.22468185424805,
      35.266502380371094,
      39.52574157714844,
      37.61164474487305,
      22.733354568481445,
      22.67674446105957,
      7.546576023101807,
      10.06713581085205
    ],
    [
      5.795016765594482,
      4.632663249969482,
      3.901109218597412,
      2.327200174331665,
      5.686611175537109,
      3.682910203933716,
      8.769550323486328,
      10.928138732910156,
      12.43842887878418,
      13.826675415039062,
      22.96185874938965,
      19.344343185424805,
      24.01218605041504,
      22.733354568481445,
      18.683507919311523,
      18.449525833129883,
      6.971206188201904,
      9.219815254211426
    ],
    [
      5.697801113128662,
      4.594894886016846,
      3.9197635650634766,
      2.3777432441711426,
      5.520590305328369,
      3.743236780166626,
      8.106767654418945,
      10.737680435180664,
      11.475935935974121,
      13.356855392456055,
      22.547609329223633,
      19.07149314880371,
      23.534143447875977,
      22.67674446105957,
      18.449525833129883,
      19.037120819091797,
      7.230666637420654,
      9.602968215942383
    ],
    [
      1.6950401067733765,
      1.3939015865325928,
      1.408786654472351,
      0.8817577362060547,
      1.0068755149841309,
      0.4407881796360016,
      1.254010558128357,
      2.841745376586914,
      2.8376803398132324,
      3.9809868335723877,
      6.755038738250732,
      5.491440296173096,
      7.655708312988281,
      7.546576023101807,
      6.971206188201904,
      7.230666637420654,
      4.034174919128418,
      5.095258712768555
    ],
    [
      2.2522287368774414,
      1.8008310794830322,
      1.7748667001724243,
      1.132797122001648,
      1.5254205465316772,
      0.8034342527389526,
      1.8278043270111084,
      3.72432279586792,
      3.9725420475006104,
      5.3612284660339355,
      9.139178276062012,
      7.454163551330566,
      10.146034240722656,
      10.06713581085205,
      9.219815254211426,
      9.602968215942383,
      5.095258712768555,
      6.74965763092041
    ]
  ],
  "covariance_short": [
    [
      40.87680435180664,
      9.750070571899414,
      12.683782577514648,
      10.449620246887207,
      9.19991683959961,
      6.988401889801025,
      11.805988311767578,
      14.126888275146484,
      17.417598724365234,
      17.031993865966797,
      21.23690414428711,
      17.298019409179688,
      12.96960735321045,
      11.79777717590332,
      4.949829578399658,
      4.835461139678955,
      1.1546908617019653,
      1.429212212562561
    ],
    [
      9.750070571899414,
      8.65097427368164,
      3.1994314193725586,
      3.7404630184173584,
      1.6421369314193726,
      2.0187432765960693,
      2.1343131065368652,
      5.627750873565674,
      4.068624019622803,
      5.915225028991699,
      7.186232566833496,
      5.798398017883301,
      3.8882782459259033,
      3.618938684463501,
      1.56159508228302,
      1.5038580894470215,
      0.4041458070278168,
      0.5153642892837524
    ],
    [
      12.683782577514648,
      3.1994314193725586,
      24.45085906982422,
      12.465386390686035,
      14.764933586120605,
      8.213263511657715,
      18.254581451416016,
      15.025848388671875,
      18.076316833496094,
      16.36427879333496,
      21.534759521484375,
      16.225263595581055,
      11.506782531738281,
      9.273505210876465,
      3.6698052883148193,
      3.529172420501709,
      0.8883723020553589,
      1.0628207921981812
    ],
    [
      10.449620246887207,
      3.7404630184173584,
      12.465386390686035,
      19.84286117553711,
      7.819627285003662,
      8.332114219665527,
      7.661872386932373,
      11.180475234985352,
      9.603191375732422,
      12.140593528747559,
      11.884263038635254,
      9.473299026489258,
      5.557374477386475,
      4.483591079711914,
      1.3422147035598755,
      1.320970892906189,
      0.19150160253047943,
      0.24319963157176971
    ],
    [
      9.19991683959961,
      1.6421369314193726,
      14.764933586120605,
      7.819627285003662,
      31.236865997314453,
      13.824871063232422,
      27.693628311157227,
      18.66367530822754,
      27.241718292236328,
      22.044443130493164,
      28.80476188659668,
      22.324790954589844,
      17.144500732421875,
      13.381449699401855,
      5.078238010406494,
      4.697815418243408,
      0.6225003600120544,
      0.7862032055854797
    ],
    [
      6.988401889801025,
      2.0187432765960693,
      8.213263511657715,
      8.332114219665527,
      13.824871063232422,
      20.3430118560791,
      10.247213363647461,
      12.519572257995605,
      11.449000358581543,
      13.601329803466797,
      15.228370666503906,
      13.821318626403809,
      8.323309898376465,
      7.228147983551025,
      2.4479453563690186,
      2.32149338722229,
      0.07330944389104843,
      0.19524209201335907
    ],
    [
      11.805988311767578,
      2.1343131065368652,
      18.254581451416016,
      7.661872386932373,
      27.693628311157227,
      10.247213363647461,
      46.82689666748047,
      26.476181030273438,
      39.283565521240234,
      30.563772201538086,
      38.99656677246094,
      31.00908851623535,
      25.00570297241211,
      20.139739990234375,
      7.146126747131348,
      6.388476848602295,
      0.45594680309295654,
      0.534964382648468
    ],
    [
      14.126888275146484,
      5.627750873565674,
      15.025848388671875,
      11.180475234985352,
      18.66367530822754,
      12.519572257995605,
      26.476181030273438,
      41.50246810913086,
      26.15709114074707,
      36.35198211669922,
      40.05803680419922,
      33.26137161254883,
      23.044252395629883,
      20.11778450012207,
      7.610116958618164,
      7.331559181213379,
      1.7871240377426147,
      2.1265738010406494
    ],
    [
      17.417598724365234,
      4.068624019622803,
      18.076316833496094,
      9.603191375732422,
      27.241718292236328,
      11.449000358581543,
      39.283565521240234,
      26.15709114074707,
      56.428627014160156,
      39.86122512817383,
      51.223209381103516,
      40.266822814941406,
      36.141109466552734,
      30.155893325805664,
      12.110032081604004,
      11.086223602294922,
      2.318082094192505,
      2.9395956993103027
    ],
    [
      17.031993865966797,
      5.915225028991699,
      16.36427879333496,
      12.140593528747559,
      22.044443130493164,
      13.601329803466797,
      30.563772201538086,
      36.35198211669922,
      39.86122512817383,
      50.68405532836914,
      48.76195526123047,
      40.78548049926758,
      31.78025245666504,
      27.81074333190918,
      11.39686107635498,
      10.86308765411377,
      2.7640621662139893,
      3.4800493717193604
    ],
    [
      21.23690414428711,
      7.186232566833496,
      21.534759521484375,
      11.884263038635254,
      28.80476188659668,
      15.228370666503906,
      38.99656677246094,
      40.05803680419922,
      51.223209381103516,
      48.76195526123047,
      77.19657897949219,
      58.56834030151367,
      50.968807220458984,
      44.04412078857422,
      20.48521614074707,
      20.154603958129883,
      5.755167007446289,
      7.309143543243408
    ],
    [
      17.298019409179688,
      5.798398017883301,
      16.225263595581055,
      9.473299026489258,
      22.324790954589844,
      13.821318626403809,
      31.00908851623535,
      33.26137161254883,
      40.266822814941406,
      40.78548049926758,
      58.56834030151367,
      52.664920806884766,
      41.924407958984375,
      37.20122146606445,
      17.192148208618164,
      16.92916488647461,
      4.601660251617432,
      5.922685146331787
    ],
    [
      12.96960735321045,
      3.8882782459259033,
      11.506782531738281,
      5.557374477386475,
      17.144500732421875,
      8.323309898376465,
      25.00570297241211,
      23.044252395629883,
      36.141109466552734,
      31.78025245666504,
      50.968807220458984,
      41.924407958984375,
      48.07273864746094,
      41.20426940917969,
      21.992952346801758,
      21.67520523071289,
      6.811539649963379,
      8.690229415893555
    ],
    [
      11.79777717590332,
      3.618938684463501,
      9.273505210876465,
      4.483591079711914,
      13.381449699401855,
      7.228147983551025,
      20.139739990234375,
      20.11778450012207,
      30.155893325805664,
      27.81074333190918,
      44.04412078857422,
      37.20122146606445,
      41.20426940917969,
      38.91794967651367,
      20.821399688720703,
      20.881786346435547,
      6.843273639678955,
      8.813794136047363
    ],
    [
      4.949829578399658,
      1.56159508228302,
      3.6698052883148193,
      1.3422147035598755,
      5.078238010406494,
      2.4479453563690186,
      7.146126747131348,
      7.610116958618164,
      12.110032081604004,
      11.39686107635498,
      20.48521614074707,
      17.192148208618164,
      21.992952346801758,
      20.821399688720703,
      17.231216430664062,
      17.23709487915039,
      6.792726516723633,
      8.726994514465332
    ],
    [
      4.835461139678955,
      1.5038580894470215,
      3.529172420501709,
      1.320970892906189,
      4.697815418243408,
      2.32149338722229,
      6.388476848602295,
      7.331559181213379,
      11.086223602294922,
      10.86308765411377,
      20.154603958129883,
      16.92916488647461,
      21.67520523071289,
      20.881786346435547,
      17.23709487915039,
      18.244543075561523,
      7.208478927612305,
      9.26070785522461
    ],
    [
      1.1546908617019653,
      0.4041458070278168,
      0.8883723020553589,
      0.19150160253047943,
      0.6225003600120544,
      0.07330944389104843,
      0.45594680309295654,
      1.7871240377426147,
      2.318082094192505,
      2.7640621662139893,
      5.755167007446289,
      4.601660251617432,
      6.811539649963379,
      6.843273639678955,
      6.792726516723633,
      7.208478927612305,
      4.628698348999023,
      5.652137756347656
    ],
    [
      1.429212212562561,
      0.5153642892837524,
      1.0628207921981812,
      0.24319963157176971,
      0.7862032055854797,
      0.19524209201335907,
      0.534964382648468,
      2.1265738010406494,
      2.9395956993103027,
      3.4800493717193604,
      7.309143543243408,
      5.922685146331787,
      8.690229415893555,
      8.813794136047363,
      8.726994514465332,
      9.26070785522461,
      5.652137756347656,
      7.251947402954102
    ]
  ],
  "damage": -18.94338035583496,
  "diff_bandwidth": 492.25946044921875,
  "dissonance": 4.183782120723466,
  "drr": 8.530047416687012,
  "dynamics": 3.3958046436309814,
  "format": 1245190,
  "frames": 7541696,
  "loudness": -27.169626235961914,
  "loudness_range": 8.472881317138672,
  "loudness_range_short": 11.936046600341797,
  "lowpass_true_peak_15khz": -10.185173034667969,
  "mastering3_acoustic_entropies": [
    {
      "acoustic_entropy": 8.013106346130371,
      "acoustic_entropy_mono": 7.840213775634766,
      "band_eliminated_acoustic_entropies": [
        {
          "acoustic_entropy": 7.994629859924316,
          "acoustic_entropy_side": 8.013105392456055,
          "hz": 129.47220167065723
        },
        {
          "acoustic_entropy": 8.0810546875,
          "acoustic_entropy_side": 8.013439178466797,
          "hz": 202.92927478742237
        },
        {
          "acoustic_entropy": 7.543779373168945,
          "acoustic_entropy_side": 7.995083332061768,
          "hz": 282.89161906338205
        },
        {
          "acoustic_entropy": 8.8130464553833,
          "acoustic_entropy_side": 8.014546394348145,
          "hz": 369.9353335868758
        },
        {
          "acoustic_entropy": 8.51319694519043,
          "acoustic_entropy_side": 8.007780075073242,
          "hz": 464.6875360973435
        },
        {
          "acoustic_entropy": 7.66155481338501,
          "acoustic_entropy_side": 8.046871185302734,
          "hz": 567.8308811364784
        },
        {
          "acoustic_entropy": 6.685798168182373,
          "acoustic_entropy_side": 8.132654190063477,
          "hz": 680.1084783214808
        },
        {
          "acoustic_entropy": 6.748368740081787,
          "acoustic_entropy_side": 7.954891681671143,
          "hz": 802.3292461747484
        },
        {
          "acoustic_entropy": 6.948328495025635,
          "acoustic_entropy_side": 7.995573997497559,
          "hz": 935.3737400823702
        },
        {
          "acoustic_entropy": 8.147331237792969,
          "acoustic_entropy_side": 8.01900863647461,
          "hz": 1080.2004963696966
        },
        {
          "acoustic_entropy": 7.220495700836182,
          "acoustic_entropy_side": 8.036572456359863,
          "hz": 1237.8529382007157
        },
        {
          "acoustic_entropy": 7.027775287628174,
          "acoustic_entropy_side": 7.991316318511963,
          "hz": 1409.4668930556702
        },
        {
          "acoustic_entropy": 7.296203136444092,
          "acoustic_entropy_side": 8.047245979309082,
          "hz": 1596.2787759475705
        },
        {
          "acoustic_entropy": 8.225360870361328,
          "acoustic_entropy_side": 8.092504501342773,
          "hz": 1799.6344973346393
        },
        {
          "acoustic_entropy": 7.824957847595215,
          "acoustic_entropy_side": 8.020201683044434,
          "hz": 2020.9991599069049
        },
        {
          "acoustic_entropy": 7.411089897155762,
          "acoustic_entropy_side": 7.990566253662109,
          "hz": 2261.9676141086993
        },
        {
          "acoustic_entropy": 7.684434413909912,
          "acoustic_entropy_side": 8.023721694946289,
          "hz": 2524.2759484456974
        },
        {
          "acoustic_entropy": 8.085018157958984,
          "acoustic_entropy_side": 8.025071144104004,
          "hz": 2809.813997359896
        },
        {
          "acoustic_entropy": 7.933688640594482,
          "acoustic_entropy_side": 8.03023910522461,
          "hz": 3120.6389567871424
        },
        {
          "acoustic_entropy": 8.095125198364258,
          "acoustic_entropy_side": 8.052165985107422,
          "hz": 3458.990205492291
        },
        {
          "acoustic_entropy": 8.034757614135742,
          "acoustic_entropy_side": 8.014847755432129,
          "hz": 3827.305438964164
        },
        {
          "acoustic_entropy": 8.050287246704102,
          "acoustic_entropy_side": 8.025386810302734,
          "hz": 4228.238232109126
        },
        {
          "acoustic_entropy": 8.075982093811035,
          "acoustic_entropy_side": 8.034931182861328,
          "hz": 4664.6771572759235
        },
        {
          "acoustic_entropy": 8.055965423583984,
          "acoustic_entropy_side": 8.03227710723877,
          "hz": 5139.766595350093
        },
        {
          "acoustic_entropy": 8.020858764648438,
          "acoustic_entropy_side": 8.017151832580566,
          "hz": 5656.929389854203
        },
        {
          "acoustic_entropy": 8.022507667541504,
          "acoustic_entropy_side": 8.018125534057617,
          "hz": 6219.891507268283
        },
        {
          "acoustic_entropy": 8.021150588989258,
          "acoustic_entropy_side": 8.0152587890625,
          "hz": 6832.70888123896
        },
        {
          "acoustic_entropy": 8.01926040649414,
          "acoustic_entropy_side": 8.015472412109375,
          "hz": 7499.796634079867
        },
        {
          "acoustic_entropy": 8.018874168395996,
          "acoustic_entropy_side": 8.017008781433105,
          "hz": 8225.96088609342
        },
        {
          "acoustic_entropy": 8.019051551818848,
          "acoustic_entropy_side": 8.016000747680664,
          "hz": 9016.43338188839
        },
        {
          "acoustic_entropy": 8.016481399536133,
          "acoustic_entropy_side": 8.01443099975586,
          "hz": 9876.909183162974
        },
        {
          "acoustic_entropy": 8.015984535217285,
          "acoustic_entropy_side": 8.014337539672852,
          "hz": 10813.587699516042
        },
        {
          "acoustic_entropy": 8.014776229858398,
          "acoustic_entropy_side": 8.013896942138672,
          "hz": 11833.21735289826
        },
        {
          "acoustic_entropy": 8.0140962600708,
          "acoustic_entropy_side": 8.01378345489502,
          "hz": 12943.144197493959
        },
        {
          "acoustic_entropy": 8.013442993164062,
          "acoustic_entropy_side": 8.013340950012207,
          "hz": 14151.364845322005
        },
        {
          "acoustic_entropy": 8.013226509094238,
          "acoustic_entropy_side": 8.013197898864746,
          "hz": 15466.58407886509
        },
        {
          "acoustic_entropy": 8.013242721557617,
          "acoustic_entropy_side": 8.013198852539062,
          "hz": 16898.27756580493
        },
        {
          "acoustic_entropy": 8.013206481933594,
          "acoustic_entropy_side": 8.013175964355469,
          "hz": 18456.760127700032
        },
        {
          "acoustic_entropy": 8.01314640045166,
          "acoustic_entropy_side": 8.01313591003418,
          "hz": 20153.260054456492
        },
        {
          "acoustic_entropy": 8.013110160827637,
          "acoustic_entropy_side": 8.01310920715332,
          "hz": 22000.00000000001
        }
      ],
      "diff_acoustic_entropy": 5.4019012451171875,
      "sn": 6
    },
    {
      "acoustic_entropy": 9.654447555541992,
      "acoustic_entropy_mono": 10.307966232299805,
      "band_eliminated_acoustic_entropies": [
        {
          "acoustic_entropy": 9.669845581054688,
          "acoustic_entropy_side": 9.654488563537598,
          "hz": 129.47220167065723
        },
        {
          "acoustic_entropy": 9.628952980041504,
          "acoustic_entropy_side": 9.663074493408203,
          "hz": 202.92927478742237
        },
        {
          "acoustic_entropy": 10.317570686340332,
          "acoustic_entropy_side": 9.702529907226562,
          "hz": 282.89161906338205
        },
        {
          "acoustic_entropy": 10.527376174926758,
          "acoustic_entropy_side": 9.628013610839844,
          "hz": 369.9353335868758
        },
        {
          "acoustic_entropy": 10.371188163757324,
          "acoustic_entropy_side": 9.532049179077148,
          "hz": 464.6875360973435
        },
        {
          "acoustic_entropy": 10.545111656188965,
          "acoustic_entropy_side": 9.575052261352539,
          "hz": 567.8308811364784
        },
        {
          "acoustic_entropy": 9.822819709777832,
          "acoustic_entropy_side": 10.168384552001953,
          "hz": 680.1084783214808
        },
        {
          "acoustic_entropy": 9.698620796203613,
          "acoustic_entropy_side": 9.354379653930664,
          "hz": 802.3292461747484
        },
        {
          "acoustic_entropy": 9.718121528625488,
          "acoustic_entropy_side": 9.543305397033691,
          "hz": 935.3737400823702
        },
        {
          "acoustic_entropy": 10.186902046203613,
          "acoustic_entropy_side": 9.710969924926758,
          "hz": 1080.2004963696966
        },
        {
          "acoustic_entropy": 10.098359107971191,
          "acoustic_entropy_side": 9.541990280151367,
          "hz": 1237.8529382007157
        },
        {
          "acoustic_entropy": 9.761764526367188,
          "acoustic_entropy_side": 9.820249557495117,
          "hz": 1409.4668930556702
        },
        {
          "acoustic_entropy": 9.435037612915039,
          "acoustic_entropy_side": 9.897398948669434,
          "hz": 1596.2787759475705
        },
        {
          "acoustic_entropy": 9.59786319732666,
          "acoustic_entropy_side": 9.799101829528809,
          "hz": 1799.6344973346393
        },
        {
          "acoustic_entropy": 9.461143493652344,
          "acoustic_entropy_side": 9.527681350708008,
          "hz": 2020.9991599069049
        },
        {
          "acoustic_entropy": 9.598212242126465,
          "acoustic_entropy_side": 9.511212348937988,
          "hz": 2261.9676141086993
        },
        {
          "acoustic_entropy": 9.787497520446777,
          "acoustic_entropy_side": 9.72649097442627,
          "hz": 2524.2759484456974
        },
        {
          "acoustic_entropy": 9.906388282775879,
          "acoustic_entropy_side": 9.69741153717041,
          "hz": 2809.813997359896
        },
        {
          "acoustic_entropy": 9.947495460510254,
          "acoustic_entropy_side": 9.734179496765137,
          "hz": 3120.6389567871424
        },
        {
          "acoustic_entropy": 9.88284683227539,
          "acoustic_entropy_side": 9.673863410949707,
          "hz": 3458.990205492291
        },
        {
          "acoustic_entropy": 9.793763160705566,
          "acoustic_entropy_side": 9.777000427246094,
          "hz": 3827.305438964164
        },
        {
          "acoustic_entropy": 9.725384712219238,
          "acoustic_entropy_side": 9.698873519897461,
          "hz": 4228.238232109126
        },
        {
          "acoustic_entropy": 9.80472183227539,
          "acoustic_entropy_side": 9.710055351257324,
          "hz": 4664.6771572759235
        },
        {
          "acoustic_entropy": 9.671216011047363,
          "acoustic_entropy_side": 9.66982364654541,
          "hz": 5139.766595350093
        },
        {
          "acoustic_entropy": 9.628012657165527,
          "acoustic_entropy_side": 9.651723861694336,
          "hz": 5656.929389854203
        },
        {
          "acoustic_entropy": 9.642386436462402,
          "acoustic_entropy_side": 9.653138160705566,
          "hz": 6219.891507268283
        },
        {
          "acoustic_entropy": 9.64847469329834,
          "acoustic_entropy_side": 9.653517723083496,
          "hz": 6832.70888123896
        },
        {
          "acoustic_entropy": 9.659049987792969,
          "acoustic_entropy_side": 9.670217514038086,
          "hz": 7499.796634079867
        },
        {
          "acoustic_entropy": 9.6818208694458,
          "acoustic_entropy_side": 9.680792808532715,
          "hz": 8225.96088609342
        },
        {
          "acoustic_entropy": 9.647477149963379,
          "acoustic_entropy_side": 9.655762672424316,
          "hz": 9016.43338188839
        },
        {
          "acoustic_entropy": 9.649362564086914,
          "acoustic_entropy_side": 9.653142929077148,
          "hz": 9876.909183162974
        },
        {
          "acoustic_entropy": 9.651314735412598,
          "acoustic_entropy_side": 9.651130676269531,
          "hz": 10813.587699516042
        },
        {
          "acoustic_entropy": 9.654404640197754,
          "acoustic_entropy_side": 9.65491008758545,
          "hz": 11833.21735289826
        },
        {
          "acoustic_entropy": 9.653841018676758,
          "acoustic_entropy_side": 9.653748512268066,
          "hz": 12943.144197493959
        },
        {
          "acoustic_entropy": 9.654428482055664,
          "acoustic_entropy_side": 9.654458045959473,
          "hz": 14151.364845322005
        },
        {
          "acoustic_entropy": 9.654675483703613,
          "acoustic_entropy_side": 9.654601097106934,
          "hz": 15466.58407886509
        },
        {
          "acoustic_entropy": 9.655620574951172,
          "acoustic_entropy_side": 9.655296325683594,
          "hz": 16898.27756580493
        },
        {
          "acoustic_entropy": 9.655126571655273,
          "acoustic_entropy_side": 9.654959678649902,
          "hz": 18456.760127700032
        },
        {
          "acoustic_entropy": 9.654704093933105,
          "acoustic_entropy_side": 9.654671669006348,
          "hz": 20153.260054456492
        },
        {
          "acoustic_entropy": 9.654474258422852,
          "acoustic_entropy_side": 9.654468536376953,
          "hz": 22000.00000000001
        }
      ],
      "diff_acoustic_entropy": 7.920434951782227,
      "sn": 12
    },
    {
      "acoustic_entropy": 15.72524356842041,
      "acoustic_entropy_mono": 14.084126472473145,
      "band_eliminated_acoustic_entropies": [
        {
          "acoustic_entropy": 15.715899467468262,
          "acoustic_entropy_side": 15.7230806350708,
          "hz": 129.47220167065723
        },
        {
          "acoustic_entropy": 15.669018745422363,
          "acoustic_entropy_side": 15.652650833129883,
          "hz": 202.92927478742237
        },
        {
          "acoustic_entropy": 16.803279876708984,
          "acoustic_entropy_side": 16.6864070892334,
          "hz": 282.89161906338205
        },
        {
          "acoustic_entropy": 16.254173278808594,
          "acoustic_entropy_side": 16.16681671142578,
          "hz": 369.9353335868758
        },
        {
          "acoustic_entropy": 16.227155685424805,
          "acoustic_entropy_side": 15.447054862976074,
          "hz": 464.6875360973435
        },
        {
          "acoustic_entropy": 16.116100311279297,
          "acoustic_entropy_side": 16.277206420898438,
          "hz": 567.8308811364784
        },
        {
          "acoustic_entropy": 14.761917114257812,
          "acoustic_entropy_side": 15.866194725036621,
          "hz": 680.1084783214808
        },
        {
          "acoustic_entropy": 16.571176528930664,
          "acoustic_entropy_side": 15.730306625366211,
          "hz": 802.3292461747484
        },
        {
          "acoustic_entropy": 15.014657020568848,
          "acoustic_entropy_side": 15.652689933776855,
          "hz": 935.3737400823702
        },
        {
          "acoustic_entropy": 14.742705345153809,
          "acoustic_entropy_side": 15.445630073547363,
          "hz": 1080.2004963696966
        },
        {
          "acoustic_entropy": 14.830010414123535,
          "acoustic_entropy_side": 15.622785568237305,
          "hz": 1237.8529382007157
        },
        {
          "acoustic_entropy": 14.637473106384277,
          "acoustic_entropy_side": 15.313319206237793,
          "hz": 1409.4668930556702
        },
        {
          "acoustic_entropy": 14.849571228027344,
          "acoustic_entropy_side": 15.457181930541992,
          "hz": 1596.2787759475705
        },
        {
          "acoustic_entropy": 16.502824783325195,
          "acoustic_entropy_side": 16.268815994262695,
          "hz": 1799.6344973346393
        },
        {
          "acoustic_entropy": 15.672157287597656,
          "acoustic_entropy_side": 15.261761665344238,
          "hz": 2020.9991599069049
        },
        {
          "acoustic_entropy": 16.202375411987305,
          "acoustic_entropy_side": 15.49691104888916,
          "hz": 2261.9676141086993
        },
        {
          "acoustic_entropy": 15.585590362548828,
          "acoustic_entropy_side": 16.187225341796875,
          "hz": 2524.2759484456974
        },
        {
          "acoustic_entropy": 16.616971969604492,
          "acoustic_entropy_side": 15.911903381347656,
          "hz": 2809.813997359896
        },
        {
          "acoustic_entropy": 15.970069885253906,
          "acoustic_entropy_side": 15.503828048706055,
          "hz": 3120.6389567871424
        },
