{
  "acoustic_entropy": 167.20277404785156,
  "bands": [
    {
      "high_freq": 148.1999969482422,
      "loudness": -22.235431671142578,
      "loudness_range": 11.633527755737305,
      "mid_mean": -18.53478240966797,
      "mid_to_side_loudness": -38.2716064453125,
      "mid_to_side_loudness_range": 4.4847259521484375,
      "side_mean": -56.858314514160156
    },
    {
      "high_freq": 392.3793640136719,
      "loudness": -23.88075065612793,
      "loudness_range": 11.525434494018555,
      "low_freq": 148.1999969482422,
      "mid_mean": -20.20415687561035,
      "mid_to_side_loudness": -39.46992874145508,
      "mid_to_side_loudness_range": 7.855846405029297,
      "side_mean": -59.24085998535156
    },
    {
      "high_freq": 794.6976318359375,
      "loudness": -29.341373443603516,
      "loudness_range": 17.54216957092285,
      "low_freq": 392.3793640136719,
      "mid_mean": -25.65180206298828,
      "mid_to_side_loudness": -40.99892044067383,
      "mid_to_side_loudness_range": 12.925914764404297,
      "side_mean": -63.5206413269043
    },
    {
      "high_freq": 1457.5709228515625,
      "loudness": -33.196861267089844,
      "loudness_range": 22.719783782958984,
      "low_freq": 794.6976318359375,
      "mid_mean": -29.566560745239258,
      "mid_to_side_loudness": -44.82884979248047,
      "mid_to_side_loudness_range": 22.222129821777344,
      "side_mean": -66.23773956298828
    },
    {
      "high_freq": 2549.74365234375,
      "loudness": -29.984352111816406,
      "loudness_range": 22.5496826171875,
      "low_freq": 1457.5709228515625,
      "mid_mean": -26.41980743408203,
      "mid_to_side_loudness": -46.558250427246094,
      "mid_to_side_loudness_range": 28.011981964111328,
      "side_mean": -66.52446746826172
    },
    {
      "high_freq": 4349.24462890625,
      "loudness": -27.870136260986328,
      "loudness_range": 23.649564743041992,
      "low_freq": 2549.74365234375,
      "mid_mean": -24.343843460083008,
      "mid_to_side_loudness": -42.93009567260742,
      "mid_to_side_loudness_range": 17.855907440185547,
      "side_mean": -64.74813842773438
    },
    {
      "high_freq": 7314.1640625,
      "loudness": -30.475082397460938,
      "loudness_range": 27.58118438720703,
      "low_freq": 4349.24462890625,
      "mid_mean": -27.215574264526367,
      "mid_to_side_loudness": -42.387229919433594,
      "mid_to_side_loudness_range": 17.07870101928711,
      "side_mean": -66.00772094726562
    },
    {
      "high_freq": 12199.2666015625,
      "loudness": -44.06789016723633,
      "loudness_range": 21.288070678710938,
      "low_freq": 7314.1640625,
      "mid_mean": -40.35463333129883,
      "mid_to_side_loudness": -48.54503631591797,
      "mid_to_side_loudness_range": 31.764328002929688,
      "side_mean": -69.8072738647461
    },
    {
      "loudness": -32.41316604614258,
      "loudness_range": 10.801340103149414,
      "low_freq": 12199.2666015625,
      "mid_mean": -28.723230361938477,
      "mid_to_side_loudness": -47.74449920654297,
      "mid_to_side_loudness_range": 46.80586624145508,
      "side_mean": -70
    }
  ],
  "bands_short": [
    {
      "high_freq": 148.1999969482422,
      "loudness": -25.516714096069336,
      "loudness_range": 18.028079986572266,
      "mid_mean": -21.829086303710938,
      "mid_to_side_loudness": -38.20491027832031,
      "mid_to_side_loudness_range": 9.952098846435547,
      "side_mean": -60.22544479370117
    },
    {
      "high_freq": 392.3793640136719,
      "loudness": -23.51515769958496,
      "loudness_range": 14.691164016723633,
      "low_freq": 148.1999969482422,
      "mid_mean": -19.846649169921875,
      "mid_to_side_loudness": -39.591861724853516,
      "mid_to_side_loudness_range": 13.504840850830078,
      "side_mean": -59.635032653808594
    },
    {
      "high_freq": 794.6976318359375,
      "loudness": -30.377792358398438,
      "loudness_range": 20.449411392211914,
      "low_freq": 392.3793640136719,
      "mid_mean": -26.734874725341797,
      "mid_to_side_loudness": -41.87579345703125,
      "mid_to_side_loudness_range": 22.957080841064453,
      "side_mean": -64.79107666015625
    },
    {
      "high_freq": 1457.5709228515625,
      "loudness": -34.99472427368164,
      "loudness_range": 27.373859405517578,
      "low_freq": 794.6976318359375,
      "mid_mean": -31.43741798400879,
      "mid_to_side_loudness": -46.2494010925293,
      "mid_to_side_loudness_range": 29.804012298583984,
      "side_mean": -67.299560546875
    },
    {
      "high_freq": 2549.74365234375,
      "loudness": -32.89047622680664,
      "loudness_range": 28.262086868286133,
      "low_freq": 1457.5709228515625,
      "mid_mean": -29.371265411376953,
      "mid_to_side_loudness": -49.70829391479492,
      "mid_to_side_loudness_range": 34.781150817871094,
      "side_mean": -68.25361633300781
    },
    {
      "high_freq": 4349.24462890625,
      "loudness": -30.622955322265625,
      "loudness_range": 29.731128692626953,
      "low_freq": 2549.74365234375,
      "mid_mean": -27.13519287109375,
      "mid_to_side_loudness": -41.10578155517578,
      "mid_to_side_loudness_range": 23.811832427978516,
      "side_mean": -66.61851501464844
    },
    {
      "high_freq": 7314.1640625,
      "loudness": -34.8792724609375,
      "loudness_range": 35.61943054199219,
      "low_freq": 4349.24462890625,
      "mid_mean": -31.444286346435547,
      "mid_to_side_loudness": -39.81782531738281,
      "mid_to_side_loudness_range": 22.105737686157227,
      "side_mean": -67.37657165527344
    },
    {
      "high_freq": 12199.2666015625,
      "loudness": -45.71537780761719,
      "loudness_range": 22.413368225097656,
      "low_freq": 7314.1640625,
      "mid_mean": -42.002079010009766,
      "mid_to_side_loudness": -68.74258422851562,
      "mid_to_side_loudness_range": 39.71657180786133,
      "side_mean": -69.890380859375
    },
    {
      "loudness": -32.96635055541992,
      "loudness_range": 11.862548828125,
      "low_freq": 12199.2666015625,
      "mid_mean": -29.26687240600586,
      "mid_to_side_loudness": -46.92192840576172,
      "mid_to_side_loudness_range": 40.35245132446289,
      "side_mean": -70
    }
  ],
  "bandwidth": 689.7984008789062,
  "channels": 2,
  "covariance": [
    [
      18.497922897338867,
      20.359224319458008,
      6.460071086883545,
      6.435174465179443,
      -2.8331024646759033,
      -2.878200054168701,
      -8.776616096496582,
      -4.604772090911865,
      -4.939810752868652,
      -0.5009117722511292,
      -4.572868347167969,
      -2.7609870433807373,
      -3.439389944076538,
      0.8839962482452393,
      -3.9451422691345215,
      0.022766245529055595,
      -0.9762076735496521,
      1.6096357740025269e-06
    ],
    [
      20.359224319458008,
      31.876073837280273,
      7.9104180335998535,
      13.85900592803955,
      -3.367570161819458,
      0.7068972587585449,
      -12.857664108276367,
      -3.391867160797119,
      -11.390487670898438,
      0.022035587579011917,
      -12.91741943359375,
      -4.295960426330566,
      -13.549138069152832,
      -0.3059251308441162,
      -12.210670471191406,
      -0.02328513003885746,
      -4.359055519104004,
      -2.312903689016821e-06
    ],
    [
      6.460071086883545,
      7.9104180335998535,
      17.313447952270508,
      18.223920822143555,
      8.951231002807617,
      5.468364238739014,
      1.836332082748413,
      -0.7607453465461731,
      3.3002994060516357,
      2.1533966064453125,
      1.7962111234664917,
      0.23333458602428436,
      -0.6666399836540222,
      -1.0136427879333496,
      -1.7980875968933105,
      -0.3151014745235443,
      0.8973985910415649,
      -6.78677622545365e-07
    ],
    [
      6.435174465179443,
      13.85900592803955,
      18.223920822143555,
      30.26705551147461,
      7.926901340484619,
      9.188791275024414,
      -3.3474199771881104,
      -0.4193762242794037,
      -6.674731731414795,
      1.4379136562347412,
      -9.836161613464355,
      -3.3561925888061523,
      -14.643646240234375,
      -4.36455774307251,
      -12.291826248168945,
      -0.5081934928894043,
      -3.6614797115325928,
      -1.6327559251294588e-06
    ],
    [
      -2.8331024646759033,
      -3.367570161819458,
      8.951231002807617,
      7.926901340484619,
      36.86306381225586,
      27.23548698425293,
      36.84381866455078,
      15.35275650024414,
      13.432612419128418,
      -1.6973201036453247,
      12.366988182067871,
      2.102019786834717,
      -3.8773887157440186,
      -16.17630386352539,
      -1.9147756099700928,
      -1.4661500453948975,
      2.325134515762329,
      3.5917040008826007e-07
    ],
    [
      -2.878200054168701,
      0.7068972587585449,
      5.468364238739014,
      9.188791275024414,
      27.23548698425293,
      28.00902557373047,
      23.772960662841797,
      13.387463569641113,
      4.601740837097168,
      -0.6793940663337708,
      2.6998727321624756,
      1.5848331451416016,
      -12.773003578186035,
      -14.040566444396973,
      -9.481389999389648,
      -1.0723044872283936,
      -1.3979003429412842,
      -1.2157419178038253e-06
    ],
    [
      -8.776616096496582,
      -12.857664108276367,
      1.836332082748413,
      -3.3474199771881104,
      36.84381866455078,
      23.772960662841797,
      68.36084747314453,
      28.24845314025879,
      30.575450897216797,
      -3.321199417114258,
      32.83671951293945,
      7.156391620635986,
      10.030238151550293,
      -23.366392135620117,
      8.283748626708984,
      -2.1578404903411865,
      6.748626708984375,
      -8.618509355073911e-07
    ],
    [
      -4.604772090911865,
      -3.391867160797119,
      -0.7607453465461731,
      -0.4193762242794037,
      15.35275650024414,
      13.387463569641113,
      28.24845314025879,
      21.088823318481445,
      11.511569023132324,
      2.4595236778259277,
      10.686426162719727,
      7.688314437866211,
      -1.6441941261291504,
      -8.295533180236816,
      -1.1757752895355225,
      -0.6904602646827698,
      0.6251707077026367,
      -1.197447772938176e-06
    ],
    [
      -4.939810752868652,
      -11.390487670898438,
      3.3002994060516357,
      -6.674731731414795,
      13.432612419128418,
      4.601740837097168,
      30.575450897216797,
      11.511569023132324,
      66.67387390136719,
      23.502323150634766,
      62.25678634643555,
      28.63258171081543,
      66.85067749023438,
      22.518184661865234,
      41.46091842651367,
      0.21590806543827057,
      19.587488174438477,
      -2.357053745072335e-06
    ],
    [
      -0.5009117722511292,
      0.022035587579011917,
      2.1533966064453125,
      1.4379136562347412,
      -1.6973201036453247,
      -0.6793940663337708,
      -3.321199417114258,
      2.4595236778259277,
      23.502323150634766,
      28.46896743774414,
      15.949286460876465,
      14.808429718017578,
      24.507505416870117,
      19.12036895751953,
      12.896452903747559,
      0.19840972125530243,
      5.476126670837402,
      -1.375318333884934e-06
    ],
    [
      -4.572868347167969,
      -12.91741943359375,
      1.7962111234664917,
      -9.836161613464355,
      12.366988182067871,
      2.6998727321624756,
      32.83671951293945,
      10.686426162719727,
      62.25678634643555,
      15.949286460876465,
      73.5874252319336,
      38.15580368041992,
      75.17390441894531,
      22.91022300720215,
      49.01285934448242,
      1.7714874744415283,
      20.90003204345703,
      -2.6103930395038333e-06
    ],
    [
      -2.7609870433807373,
      -4.295960426330566,
      0.23333458602428436,
      -3.3561925888061523,
      2.102019786834717,
      1.5848331451416016,
      7.156391620635986,
      7.688314437866211,
      28.63258171081543,
      14.808429718017578,
      38.15580368041992,
      45.251190185546875,
      40.11640548706055,
      23.613243103027344,
      26.679367065429688,
      2.5229651927948,
      9.041080474853516,
      -2.7763669550040504e-06
    ],
    [
      -3.439389944076538,
      -13.549138069152832,
      -0.6666399836540222,
      -14.643646240234375,
      -3.8773887157440186,
      -12.773003578186035,
      10.030238151550293,
      -1.6441941261291504,
      66.85067749023438,
      24.507505416870117,
      75.17390441894531,
      40.11640548706055,
      106.65787506103516,
      49.264732360839844,
      67.68637084960938,
      3.06766676902771,
      27.63835334777832,
      -4.1629414226918016e-06
    ],
    [
      0.8839962482452393,
      -0.3059251308441162,
      -1.0136427879333496,
      -4.36455774307251,
      -16.17630386352539,
      -14.040566444396973,
      -23.366392135620117,
      -8.295533180236816,
      22.518184661865234,
      19.12036895751953,
      22.91022300720215,
      23.613243103027344,
      49.264732360839844,
      48.52739334106445,
      32.587303161621094,
      3.2199766635894775,
      12.668822288513184,
      -1.525185325590428e-06
    ],
    [
      -3.9451422691345215,
      -12.210670471191406,
      -1.7980875968933105,
      -12.291826248168945,
      -1.9147756099700928,
      -9.481389999389648,
      8.283748626708984,
      -1.1757752895355225,
      41.46091842651367,
      12.896452903747559,
      49.01285934448242,
      26.679367065429688,
      67.68637084960938,
      32.587303161621094,
      51.83039093017578,
      3.050666332244873,
      21.533849716186523,
      -2.4539178866689326e-06
    ],
    [
      0.022766245529055595,
      -0.02328513003885746,
      -0.3151014745235443,
      -0.5081934928894043,
      -1.4661500453948975,
      -1.0723044872283936,
      -2.1578404903411865,
      -0.6904602646827698,
      0.21590806543827057,
      0.19840972125530243,
      1.7714874744415283,
      2.5229651927948,
      3.06766676902771,
      3.2199766635894775,
      3.050666332244873,
      1.5201334953308105,
      0.7021686434745789,
      6.837738197873477e-08
    ],
    [
      -0.9762076735496521,
      -4.359055519104004,
      0.8973985910415649,
      -3.6614797115325928,
      2.325134515762329,
      -1.3979003429412842,
      6.748626708984375,
      0.6251707077026367,
      19.587488174438477,
      5.476126670837402,
      20.90003204345703,
      9.041080474853516,
      27.63835334777832,
      12.668822288513184,
      21.533849716186523,
      0.7021686434745789,
      13.525967597961426,
      -1.8152362599721528e-06
    ],
    [
      1.6096357740025269e-06,
      -2.312903689016821e-06,
      -6.78677622545365e-07,
      -1.6327559251294588e-06,
      3.5917040008826007e-07,
      -1.2157419178038253e-06,
      -8.618509355073911e-07,
      -1.197447772938176e-06,
      -2.357053745072335e-06,
      -1.375318333884934e-06,
      -2.6103930395038333e-06,
      -2.7763669550040504e-06,
      -4.1629414226918016e-06,
      -1.525185325590428e-06,
      -2.4539178866689326e-06,
      6.837738197873477e-08,
      -1.8152362599721528e-06,
      8.370412002411953e-11
    ]
  ],
  "covariance_short": [
    [
      38.5637092590332,
      33.30550003051758,
      14.20459270477295,
      12.288294792175293,
      3.401806592941284,
      -0.3749597370624542,
      -3.3631534576416016,
      -2.7195982933044434,
      -2.995737075805664,
      -1.3803091049194336,
      -2.3535070419311523,
      -2.7634875774383545,
      -1.1812613010406494,
      -1.050331473350525,
      -3.358712911605835,
      -0.13998505473136902,
      -0.14924892783164978,
      6.580235094588716e-06
    ],
    [
      33.30550003051758,
      49.02022933959961,
      14.024527549743652,
      23.325977325439453,
      0.9651806950569153,
      4.1411237716674805,
      -12.699634552001953,
      -2.4180262088775635,
      -19.44805908203125,
      -2.765587091445923,
      -21.30219078063965,
      -6.746047496795654,
      -23.548328399658203,
      -5.254296779632568,
      -18.3909912109375,
      -0.2841559946537018,
      -6.924075126647949,
      3.076888788200449e-06
    ],
    [
      14.20459270477295,
      14.024527549743652,
      29.26578140258789,
      26.813053131103516,
      11.993952751159668,
      4.83546257019043,
      0.6558794379234314,
      -2.0602402687072754,
      1.173927903175354,
      -0.3035026490688324,
      0.28896620869636536,
      -2.1770272254943848,
      -1.36545991897583,
      -1.4527275562286377,
      -3.557429552078247,
      -0.26441359519958496,
      -0.23956792056560516,
      3.9900523916003294e-06
    ],
    [
      12.288294792175293,
      23.325977325439453,
      26.813053131103516,
      50.38795852661133,
      6.0483012199401855,
      9.235514640808105,
      -13.616138458251953,
      -2.9504318237304688,
      -20.237470626831055,
      -1.430102825164795,
      -23.749208450317383,
      -6.5729804039001465,
      -29.328859329223633,
      -6.459590911865234,
      -21.41185760498047,
      -0.427675724029541,
      -8.16193675994873,
      2.6089530820172513e-06
    ],
    [
      3.401806592941284,
      0.9651806950569153,
      11.993952751159668,
      6.0483012199401855,
      52.26487350463867,
      30.654064178466797,
      47.80834197998047,
      13.673508644104004,
      25.575645446777344,
      -1.0061184167861938,
      23.231266021728516,
      1.3343225717544556,
      13.113997459411621,
      -11.431657791137695,
      3.24798846244812,
      -0.8023272752761841,
      4.524930477142334,
      9.632163937567384e-07
    ],
    [
      -0.3749597370624542,
      4.1411237716674805,
      4.83546257019043,
      9.235514640808105,
      30.654064178466797,
      36.12332534790039,
      23.125751495361328,
      10.636966705322266,
      4.748776912689209,
      -0.3294800817966461,
      0.6544209718704224,
      -0.9524550437927246,
      -10.40444564819336,
      -10.023384094238281,
      -10.107056617736816,
      -0.5678516626358032,
      -2.025794744491577,
      -5.118751005284139e-07
    ],
    [
      -3.3631534576416016,
      -12.699634552001953,
      0.6558794379234314,
      -13.616138458251953,
      47.80834197998047,
      23.125751495361328,
      92.77513885498047,
      27.497282028198242,
      57.38922882080078,
      -0.30574336647987366,
      57.83152770996094,
      8.901163101196289,
      43.53318405151367,
      -15.542269706726074,
      20.507312774658203,
      -1.222773551940918,
      11.371167182922363,
      -1.5719663224444957e-06
    ],
    [
      -2.7195982933044434,
      -2.4180262088775635,
      -2.0602402687072754,
      -2.9504318237304688,
      13.673508644104004,
      10.636966705322266,
      27.497282028198242,
      23.086273193359375,
      15.173503875732422,
      3.044222354888916,
      13.109654426574707,
      6.947906970977783,
      5.2162275314331055,
      -4.215789794921875,
      0.6739639639854431,
      -0.292841374874115,
      0.5149093866348267,
      -2.875571908589336e-06
    ],
    [
      -2.995737075805664,
      -19.44805908203125,
      1.173927903175354,
      -20.237470626831055,
      25.575645446777344,
      4.748776912689209,
      57.38922882080078,
      15.173503875732422,
      101.17100524902344,
      18.739343643188477,
      95.3162612915039,
      28.364957809448242,
      102.13391876220703,
      22.308452606201172,
      52.60529708862305,
      0.417255163192749,
      23.73456573486328,
      -4.168080351973913e-07
    ],
    [
      -1.3803091049194336,
      -2.765587091445923,
      -0.3035026490688324,
      -1.430102825164795,
      -1.0061184167861938,
      -0.3294800817966461,
      -0.30574336647987366,
      3.044222354888916,
      18.739343643188477,
      22.22999382019043,
      13.074023246765137,
      8.531447410583496,
      18.607372283935547,
      11.767531394958496,
      8.594858169555664,
      -0.022911520674824715,
      3.6215124130249023,
      -1.704461851659289e-06
    ],
    [
      -2.3535070419311523,
      -21.30219078063965,
      0.28896620869636536,
      -23.749208450317383,
      23.231266021728516,
      0.6544209718704224,
      57.83152770996094,
      13.109654426574707,
      95.3162612915039,
      13.074023246765137,
      110.4113998413086,
      38.31688690185547,
      114.51988220214844,
      25.12432289123535,
      61.25506591796875,
      1.5096102952957153,
      25.757665634155273,
      -4.590924902458937e-07
    ],
    [
      -2.7634875774383545,
      -6.746047496795654,
      -2.1770272254943848,
      -6.5729804039001465,
      1.3343225717544556,
      -0.9524550437927246,
      8.901163101196289,
      6.947906970977783,
      28.364957809448242,
      8.531447410583496,
      38.31688690185547,
      44.70447540283203,
      40.22062683105469,
      19.301050186157227,
      23.30489730834961,
      1.8109447956085205,
      7.460339069366455,
      -3.2921784622885752e-06
    ],
    [
      -1.1812613010406494,
      -23.548328399658203,
      -1.36545991897583,
      -29.328859329223633,
      13.113997459411621,
      -10.40444564819336,
      43.53318405151367,
      5.2162275314331055,
      102.13391876220703,
      18.607372283935547,
      114.51988220214844,
      40.22062683105469,
      147.65631103515625,
      44.85443878173828,
      79.88516235351562,
      2.3725671768188477,
      33.566219329833984,
      -6.181468279464752e-07
    ],
    [
      -1.050331473350525,
      -5.254296779632568,
      -1.4527275562286377,
      -6.459590911865234,
      -11.431657791137695,
      -10.023384094238281,
      -15.542269706726074,
      -4.215789794921875,
      22.308452606201172,
      11.767531394958496,
      25.12432289123535,
      19.301050186157227,
      44.85443878173828,
      40.17585372924805,
      27.385486602783203,
      2.208012580871582,
      10.565685272216797,
      -2.03396484721452e-06
    ],
    [
      -3.358712911605835,
      -18.3909912109375,
      -3.557429552078247,
      -21.41185760498047,
      3.24798846244812,
      -10.107056617736816,
      20.507312774658203,
      0.6739639639854431,
      52.60529708862305,
      8.594858169555664,
      61.25506591796875,
      23.30489730834961,
      79.88516235351562,
      27.385486602783203,
      54.42660903930664,
      2.253720283508301,
      23.676986694335938,
      -1.9558101485017687e-06
    ],
    [
      -0.13998505473136902,
      -0.2841559946537018,
      -0.26441359519958496,
      -0.427675724029541,
      -0.8023272752761841,
      -0.5678516626358032,
      -1.222773551940918,
      -0.292841374874115,
      0.417255163192749,
      -0.022911520674824715,
      1.5096102952957153,
      1.8109447956085205,
      2.3725671768188477,
      2.208012580871582,
      2.253720283508301,
      1.2848848104476929,
      0.5656955242156982,
      -4.471612413681214e-08
    ],
    [
      -0.14924892783164978,
      -6.924075126647949,
      -0.23956792056560516,
      -8.16193675994873,
      4.524930477142334,
      -2.025794744491577,
      11.371167182922363,
      0.5149093866348267,
      23.73456573486328,
      3.6215124130249023,
      25.757665634155273,
      7.460339069366455,
      33.566219329833984,
      10.565685272216797,
      23.676986694335938,
      0.5656955242156982,
      15.736712455749512,
      6.196702315719449e-07
    ],
    [
      6.580235094588716e-06,
      3.076888788200449e-06,
      3.9900523916003294e-06,
      2.6089530820172513e-06,
      9.632163937567384e-07,
      -5.118751005284139e-07,
      -1.5719663224444957e-06,
      -2.875571908589336e-06,
      -4.168080351973913e-07,
      -1.704461851659289e-06,
      -4.590924902458937e-07,
      -3.2921784622885752e-06,
      -6.181468279464752e-07,
      -2.03396484721452e-06,
      -1.9558101485017687e-06,
      -4.471612413681214e-08,
      6.196702315719449e-07,
      5.005388881151873e-10
    ]
  ],
  "damage": -7.03688907623291,
  "diff_bandwidth": 764.67333984375,
  "dissonance": 8.625824551738548,
  "drr": 6.03676700592041,
  "dynamics": 3.1462345123291016,
  "format": 1245190,
  "frames": 7862272,
  "loudness": -12.44104290008545,
  "loudness_range": 7.42988395690918,
  "loudness_range_short": 11.711769104003906,
  "lowpass_true_peak_15khz": 0.4889017343521118,
  "mastering3_acoustic_entropies": [
    {
      "acoustic_entropy": 9.47782039642334,
      "acoustic_entropy_mono": 9.4777193069458,
      "band_eliminated_acoustic_entropies": [
        {
          "acoustic_entropy": 9.331442832946777,
          "acoustic_entropy_side": 9.47782039642334,
          "hz": 129.47220167065723
        },
        {
          "acoustic_entropy": 9.019397735595703,
          "acoustic_entropy_side": 9.47782039642334,
          "hz": 202.92927478742237
        },
        {
          "acoustic_entropy": 9.512447357177734,
          "acoustic_entropy_side": 9.477821350097656,
          "hz": 282.89161906338205
        },
        {
          "acoustic_entropy": 9.326289176940918,
          "acoustic_entropy_side": 9.477819442749023,
          "hz": 369.9353335868758
        },
        {
          "acoustic_entropy": 9.073022842407227,
          "acoustic_entropy_side": 9.477821350097656,
          "hz": 464.6875360973435
        },
        {
          "acoustic_entropy": 9.208815574645996,
          "acoustic_entropy_side": 9.47782039642334,
          "hz": 567.8308811364784
        },
        {
          "acoustic_entropy": 9.558930397033691,
          "acoustic_entropy_side": 9.477822303771973,
          "hz": 680.1084783214808
        },
        {
          "acoustic_entropy": 9.608137130737305,
          "acoustic_entropy_side": 9.47782039642334,
          "hz": 802.3292461747484
        },
        {
          "acoustic_entropy": 8.956833839416504,
          "acoustic_entropy_side": 9.477821350097656,
          "hz": 935.3737400823702
        },
        {
          "acoustic_entropy": 9.00627326965332,
          "acoustic_entropy_side": 9.477821350097656,
          "hz": 1080.2004963696966
        },
        {
          "acoustic_entropy": 9.342232704162598,
          "acoustic_entropy_side": 9.477819442749023,
          "hz": 1237.8529382007157
        },
        {
          "acoustic_entropy": 9.140314102172852,
          "acoustic_entropy_side": 9.47782039642334,
          "hz": 1409.4668930556702
        },
        {
          "acoustic_entropy": 8.772942543029785,
          "acoustic_entropy_side": 9.477819442749023,
          "hz": 1596.2787759475705
        },
        {
          "acoustic_entropy": 9.244636535644531,
          "acoustic_entropy_side": 9.477823257446289,
          "hz": 1799.6344973346393
        },
        {
          "acoustic_entropy": 9.342759132385254,
          "acoustic_entropy_side": 9.47782039642334,
          "hz": 2020.9991599069049
        },
        {
          "acoustic_entropy": 9.555028915405273,
          "acoustic_entropy_side": 9.477819442749023,
          "hz": 2261.9676141086993
        },
        {
          "acoustic_entropy": 9.114617347717285,
          "acoustic_entropy_side": 9.477808952331543,
          "hz": 2524.2759484456974
        },
        {
          "acoustic_entropy": 9.802042961120605,
          "acoustic_entropy_side": 9.47781753540039,
          "hz": 2809.813997359896
        },
        {
          "acoustic_entropy": 9.552096366882324,
          "acoustic_entropy_side": 9.477752685546875,
          "hz": 3120.6389567871424
        },
        {
          "acoustic_entropy": 9.437294006347656,
          "acoustic_entropy_side": 9.477822303771973,
          "hz": 3458.990205492291
        },
        {
          "acoustic_entropy": 9.720673561096191,
          "acoustic_entropy_side": 9.477818489074707,
          "hz": 3827.305438964164
        },
        {
          "acoustic_entropy": 9.397293090820312,
          "acoustic_entropy_side": 9.47782039642334,
          "hz": 4228.238232109126
        },
        {
          "acoustic_entropy": 9.330206871032715,
          "acoustic_entropy_side": 9.477819442749023,
          "hz": 4664.6771572759235
        },
        {
          "acoustic_entropy": 9.372218132019043,
          "acoustic_entropy_side": 9.477821350097656,
          "hz": 5139.766595350093
        },
        {
          "acoustic_entropy": 9.61771297454834,
          "acoustic_entropy_side": 9.477825164794922,
          "hz": 5656.929389854203
        },
        {
          "acoustic_entropy": 8.927414894104004,
          "acoustic_entropy_side": 9.477782249450684,
          "hz": 6219.891507268283
        },
        {
          "acoustic_entropy": 9.410929679870605,
          "acoustic_entropy_side": 9.477815628051758,
          "hz": 6832.70888123896
        },
        {
          "acoustic_entropy": 9.504590034484863,
          "acoustic_entropy_side": 9.477827072143555,
          "hz": 7499.796634079867
        },
        {
          "acoustic_entropy": 9.493306159973145,
          "acoustic_entropy_side": 9.47782039642334,
          "hz": 8225.96088609342
        },
        {
          "acoustic_entropy": 9.478504180908203,
          "acoustic_entropy_side": 9.47782039642334,
          "hz": 9016.43338188839
        },
        {
          "acoustic_entropy": 9.468428611755371,
          "acoustic_entropy_side": 9.47782039642334,
          "hz": 9876.909183162974
        },
        {
          "acoustic_entropy": 9.446993827819824,
          "acoustic_entropy_side": 9.47782039642334,
          "hz": 10813.587699516042
        },
        {
          "acoustic_entropy": 9.44787311553955,
          "acoustic_entropy_side": 9.47782039642334,
          "hz": 11833.21735289826
        },
        {
          "acoustic_entropy": 9.428837776184082,
          "acoustic_entropy_side": 9.47782039642334,
          "hz": 12943.144197493959
        },
        {
          "acoustic_entropy": 9.442427635192871,
          "acoustic_entropy_side": 9.47782039642334,
          "hz": 14151.364845322005
        },
        {
          "acoustic_entropy": 9.4450101852417,
          "acoustic_entropy_side": 9.47782039642334,
          "hz": 15466.58407886509
        },
        {
          "acoustic_entropy": 9.330472946166992,
          "acoustic_entropy_side": 9.47782039642334,
          "hz": 16898.27756580493
        },
        {
          "acoustic_entropy": 9.164652824401855,
          "acoustic_entropy_side": 9.47782039642334,
          "hz": 18456.760127700032
        },
        {
          "acoustic_entropy": 8.700197219848633,
          "acoustic_entropy_side": 9.47782039642334,
          "hz": 20153.260054456492
        },
        {
          "acoustic_entropy": 9.393184661865234,
          "acoustic_entropy_side": 9.47782039642334,
          "hz": 22000.00000000001
        }
      ],
      "diff_acoustic_entropy": 6.778627395629883,
      "sn": 6
    },
    {
      "acoustic_entropy": 12.996147155761719,
      "acoustic_entropy_mono": 12.995726585388184,
      "band_eliminated_acoustic_entropies": [
        {
          "acoustic_entropy": 12.71442699432373,
          "acoustic_entropy_side": 12.99614429473877,
          "hz": 129.47220167065723
        },
        {
          "acoustic_entropy": 12.658698081970215,
          "acoustic_entropy_side": 12.99614429473877,
          "hz": 202.92927478742237
        },
        {
          "acoustic_entropy": 12.942745208740234,
          "acoustic_entropy_side": 12.996174812316895,
          "hz": 282.89161906338205
        },
        {
          "acoustic_entropy": 13.121658325195312,
          "acoustic_entropy_side": 12.996156692504883,
          "hz": 369.9353335868758
        },
        {
          "acoustic_entropy": 12.972580909729004,
          "acoustic_entropy_side": 12.996153831481934,
          "hz": 464.6875360973435
        },
        {
          "acoustic_entropy": 12.644514083862305,
          "acoustic_entropy_side": 12.996149063110352,
          "hz": 567.8308811364784
        },
        {
          "acoustic_entropy": 13.235589981079102,
          "acoustic_entropy_side": 12.9961576461792,
          "hz": 680.1084783214808
        },
        {
          "acoustic_entropy": 13.7400541305542,
          "acoustic_entropy_side": 12.996149063110352,
          "hz": 802.3292461747484
        },
        {
          "acoustic_entropy": 13.096610069274902,
          "acoustic_entropy_side": 12.996161460876465,
          "hz": 935.3737400823702
        },
        {
          "acoustic_entropy": 13.554618835449219,
          "acoustic_entropy_side": 12.996159553527832,
          "hz": 1080.2004963696966
        },
        {
          "acoustic_entropy": 12.677102088928223,
          "acoustic_entropy_side": 12.996149063110352,
          "hz": 1237.8529382007157
        },
        {
          "acoustic_entropy": 13.318382263183594,
          "acoustic_entropy_side": 12.99614143371582,
          "hz": 1409.4668930556702
        },
        {
          "acoustic_entropy": 14.391310691833496,
          "acoustic_entropy_side": 12.996149063110352,
          "hz": 1596.2787759475705
        },
        {
          "acoustic_entropy": 13.86849594116211,
          "acoustic_entropy_side": 12.996131896972656,
          "hz": 1799.6344973346393
        },
        {
          "acoustic_entropy": 13.130634307861328,
          "acoustic_entropy_side": 12.996147155761719,
          "hz": 2020.9991599069049
        },
        {
          "acoustic_entropy": 13.998517036437988,
          "acoustic_entropy_side": 12.996147155761719,
          "hz": 2261.9676141086993
        },
        {
          "acoustic_entropy": 13.017715454101562,
          "acoustic_entropy_side": 12.996055603027344,
          "hz": 2524.2759484456974
        },
        {
          "acoustic_entropy": 13.865559577941895,
          "acoustic_entropy_side": 12.99604320526123,
          "hz": 2809.813997359896
        },
        {
          "acoustic_entropy": 13.137474060058594,
          "acoustic_entropy_side": 12.996112823486328,
          "hz": 3120.6389567871424
        },
        {
          "acoustic_entropy": 13.564679145812988,
          "acoustic_entropy_side": 12.99614429473877,
          "hz": 3458.990205492291
        },
        {
          "acoustic_entropy": 13.405147552490234,
          "acoustic_entropy_side": 12.99625301361084,
          "hz": 3827.305438964164
        },
        {
          "acoustic_entropy": 13.038209915161133,
          "acoustic_entropy_side": 12.996146202087402,
          "hz": 4228.238232109126
        },
        {
          "acoustic_entropy": 12.842670440673828,
          "acoustic_entropy_side": 12.996147155761719,
          "hz": 4664.6771572759235
        },
        {
          "acoustic_entropy": 13.052367210388184,
          "acoustic_entropy_side": 12.996143341064453,
          "hz": 5139.766595350093
        },
        {
          "acoustic_entropy": 13.025266647338867,
          "acoustic_entropy_side": 12.996030807495117,
          "hz": 5656.929389854203
        },
        {
          "acoustic_entropy": 12.799332618713379,
          "acoustic_entropy_side": 12.995688438415527,
          "hz": 6219.891507268283
        },
        {
          "acoustic_entropy": 12.804973602294922,
          "acoustic_entropy_side": 12.996061325073242,
          "hz": 6832.70888123896
        },
        {
          "acoustic_entropy": 13.091070175170898,
          "acoustic_entropy_side": 12.996325492858887,
          "hz": 7499.796634079867
        },
        {
          "acoustic_entropy": 12.990527153015137,
          "acoustic_entropy_side": 12.996158599853516,
          "hz": 8225.96088609342
        },
        {
          "acoustic_entropy": 12.960775375366211,
          "acoustic_entropy_side": 12.996147155761719,
          "hz": 9016.43338188839
        },
        {
          "acoustic_entropy": 12.976825714111328,
          "acoustic_entropy_side": 12.996147155761719,
          "hz": 9876.909183162974
        },
        {
          "acoustic_entropy": 12.950627326965332,
          "acoustic_entropy_side": 12.996147155761719,
          "hz": 10813.587699516042
        },
        {
          "acoustic_entropy": 13.074103355407715,
          "acoustic_entropy_side": 12.996147155761719,
          "hz": 11833.21735289826
        },
        {
          "acoustic_entropy": 13.029492378234863,
          "acoustic_entropy_side": 12.996147155761719,
          "hz": 12943.144197493959
        },
        {
          "acoustic_entropy": 12.956608772277832,
          "acoustic_entropy_side": 12.996147155761719,
          "hz": 14151.364845322005
        },
        {
          "acoustic_entropy": 12.962796211242676,
          "acoustic_entropy_side": 12.996147155761719,
          "hz": 15466.58407886509
        },
        {
          "acoustic_entropy": 12.91390609741211,
          "acoustic_entropy_side": 12.996147155761719,
          "hz": 16898.27756580493
        },
        {
          "acoustic_entropy": 12.971766471862793,
          "acoustic_entropy_side": 12.996147155761719,
          "hz": 18456.760127700032
        },
        {
          "acoustic_entropy": 13.023258209228516,
          "acoustic_entropy_side": 12.996147155761719,
          "hz": 20153.260054456492
        },
        {
          "acoustic_entropy": 12.991300582885742,
          "acoustic_entropy_side": 12.996147155761719,
          "hz": 22000.00000000001
        }
      ],
      "diff_acoustic_entropy": 9.717819213867188,
      "sn": 12
    },
    {
      "acoustic_entropy": 17.5789794921875,
      "acoustic_entropy_mono": 17.512964248657227,
      "band_eliminated_acoustic_entropies": [
        {
          "acoustic_entropy": 17.646310806274414,
          "acoustic_entropy_side": 17.578845977783203,
          "hz": 129.47220167065723
        },
        {
          "acoustic_entropy": 16.870988845825195,
          "acoustic_entropy_side": 17.578020095825195,
          "hz": 202.92927478742237
        },
        {
          "acoustic_entropy": 17.353891372680664,
          "acoustic_entropy_side": 17.578758239746094,
          "hz": 282.89161906338205
        },
        {
          "acoustic_entropy": 17.30622100830078,
          "acoustic_entropy_side": 17.58020782470703,
          "hz": 369.9353335868758
        },
        {
          "acoustic_entropy": 16.688180923461914,
          "acoustic_entropy_side": 17.57907485961914,
          "hz": 464.6875360973435
        },
        {
          "acoustic_entropy": 16.682750701904297,
          "acoustic_entropy_side": 17.578731536865234,
          "hz": 567.8308811364784
        },
        {
          "acoustic_entropy": 16.648862838745117,
          "acoustic_entropy_side": 17.578754425048828,
          "hz": 680.1084783214808
        },
        {
          "acoustic_entropy": 17.819334030151367,
          "acoustic_entropy_side": 17.57893943786621,
          "hz": 802.3292461747484
        },
        {
          "acoustic_entropy": 17.76874351501465,
          "acoustic_entropy_side": 17.579566955566406,
          "hz": 935.3737400823702
        },
        {
          "acoustic_entropy": 17.388858795166016,
          "acoustic_entropy_side": 17.57806968688965,
          "hz": 1080.2004963696966
        },
        {
          "acoustic_entropy": 17.71688461303711,
          "acoustic_entropy_side": 17.578096389770508,
          "hz": 1237.8529382007157
        },
        {
          "acoustic_entropy": 17.78076171875,
          "acoustic_entropy_side": 17.579397201538086,
          "hz": 1409.4668930556702
        },
        {
          "acoustic_entropy": 17.67363739013672,
          "acoustic_entropy_side": 17.577177047729492,
          "hz": 1596.2787759475705
        },
        {
          "acoustic_entropy": 17.78183364868164,
          "acoustic_entropy_side": 17.57884407043457,
          "hz": 1799.6344973346393
        },
        {
          "acoustic_entropy": 18.543811798095703,
          "acoustic_entropy_side": 17.57878875732422,
          "hz": 2020.9991599069049
        },
        {
