{
  "acoustic_entropy": 205.3207550048828,
  "bands": [
    {
      "high_freq": 148.1999969482422,
      "loudness": -24.612262725830078,
      "loudness_range": 14.161378860473633,
      "mid_mean": -21.306913375854492,
      "mid_to_side_loudness": -13.602551460266113,
      "mid_to_side_loudness_range": 18.78932762145996,
      "side_mean": -35.135406494140625
    },
    {
      "high_freq": 392.3793640136719,
      "loudness": -20.06134796142578,
      "loudness_range": 10.530457496643066,
      "low_freq": 148.1999969482422,
      "mid_mean": -16.89372444152832,
      "mid_to_side_loudness": -9.696308135986328,
      "mid_to_side_loudness_range": 10.784839630126953,
      "side_mean": -26.916423797607422
    },
    {
      "high_freq": 794.6976318359375,
      "loudness": -23.923213958740234,
      "loudness_range": 15.416648864746094,
      "low_freq": 392.3793640136719,
      "mid_mean": -20.93035125732422,
      "mid_to_side_loudness": -8.973329544067383,
      "mid_to_side_loudness_range": 12.107430458068848,
      "side_mean": -29.969526290893555
    },
    {
      "high_freq": 1457.5709228515625,
      "loudness": -29.05671501159668,
      "loudness_range": 24.63330078125,
      "low_freq": 794.6976318359375,
      "mid_mean": -26.045595169067383,
      "mid_to_side_loudness": -9.510563850402832,
      "mid_to_side_loudness_range": 14.01012134552002,
      "side_mean": -35.66992950439453
    },
    {
      "high_freq": 2549.74365234375,
      "loudness": -30.23134994506836,
      "loudness_range": 22.502918243408203,
      "low_freq": 1457.5709228515625,
      "mid_mean": -27.243539810180664,
      "mid_to_side_loudness": -8.897045135498047,
      "mid_to_side_loudness_range": 12.707685470581055,
      "side_mean": -36.338722229003906
    },
    {
      "high_freq": 4349.24462890625,
      "loudness": -32.116905212402344,
      "loudness_range": 23.702747344970703,
      "low_freq": 2549.74365234375,
      "mid_mean": -29.003753662109375,
      "mid_to_side_loudness": -9.597371101379395,
      "mid_to_side_loudness_range": 11.626009941101074,
      "side_mean": -39.11207962036133
    },
    {
      "high_freq": 7314.1640625,
      "loudness": -37.515892028808594,
      "loudness_range": 24.817943572998047,
      "low_freq": 4349.24462890625,
      "mid_mean": -34.56211853027344,
      "mid_to_side_loudness": -8.424660682678223,
      "mid_to_side_loudness_range": 10.449647903442383,
      "side_mean": -43.455448150634766
    },
    {
      "high_freq": 12199.2666015625,
      "loudness": -37.631248474121094,
      "loudness_range": 22.57036590576172,
      "low_freq": 7314.1640625,
      "mid_mean": -34.69325256347656,
      "mid_to_side_loudness": -10.970588684082031,
      "mid_to_side_loudness_range": 16.034753799438477,
      "side_mean": -47.21006393432617
    },
    {
      "loudness": -44.5760612487793,
      "loudness_range": 21.612781524658203,
      "low_freq": 12199.2666015625,
      "mid_mean": -41.83712387084961,
      "mid_to_side_loudness": -11.452756881713867,
      "mid_to_side_loudness_range": 17.46579360961914,
      "side_mean": -55.14091873168945
    }
  ],
  "bands_short": [
    {
      "high_freq": 148.1999969482422,
      "loudness": -28.041358947753906,
      "loudness_range": 20.009218215942383,
      "mid_mean": -24.751710891723633,
      "mid_to_side_loudness": -14.777606964111328,
      "mid_to_side_loudness_range": 24.112844467163086,
      "side_mean": -40.15950393676758
    },
    {
      "high_freq": 392.3793640136719,
      "loudness": -20.065778732299805,
      "loudness_range": 11.9805908203125,
      "low_freq": 148.1999969482422,
      "mid_mean": -16.957656860351562,
      "mid_to_side_loudness": -9.830567359924316,
      "mid_to_side_loudness_range": 13.851059913635254,
      "side_mean": -27.14720344543457
    },
    {
      "high_freq": 794.6976318359375,
      "loudness": -24.70516014099121,
      "loudness_range": 16.493492126464844,
      "low_freq": 392.3793640136719,
      "mid_mean": -21.869665145874023,
      "mid_to_side_loudness": -8.769009590148926,
      "mid_to_side_loudness_range": 14.844008445739746,
      "side_mean": -30.699716567993164
    },
    {
      "high_freq": 1457.5709228515625,
      "loudness": -28.54259490966797,
      "loudness_range": 25.945404052734375,
      "low_freq": 794.6976318359375,
      "mid_mean": -25.663211822509766,
      "mid_to_side_loudness": -9.147252082824707,
      "mid_to_side_loudness_range": 16.704010009765625,
      "side_mean": -35.01498031616211
    },
    {
      "high_freq": 2549.74365234375,
      "loudness": -31.04873275756836,
      "loudness_range": 24.58907127380371,
      "low_freq": 1457.5709228515625,
      "mid_mean": -28.182703018188477,
      "mid_to_side_loudness": -8.581389427185059,
      "mid_to_side_loudness_range": 14.78639030456543,
      "side_mean": -37.04982376098633
    },
    {
      "high_freq": 4349.24462890625,
      "loudness": -32.64044952392578,
      "loudness_range": 25.5474910736084,
      "low_freq": 2549.74365234375,
      "mid_mean": -29.629201889038086,
      "mid_to_side_loudness": -9.065906524658203,
      "mid_to_side_loudness_range": 13.777429580688477,
      "side_mean": -39.371158599853516
    },
    {
      "high_freq": 7314.1640625,
      "loudness": -38.65379333496094,
      "loudness_range": 27.765180587768555,
      "low_freq": 4349.24462890625,
      "mid_mean": -35.78439712524414,
      "mid_to_side_loudness": -8.041974067687988,
      "mid_to_side_loudness_range": 11.625497817993164,
      "side_mean": -44.72664260864258
    },
    {
      "high_freq": 12199.2666015625,
      "loudness": -38.82229995727539,
      "loudness_range": 25.637235641479492,
      "low_freq": 7314.1640625,
      "mid_mean": -36.13845443725586,
      "mid_to_side_loudness": -11.053545951843262,
      "mid_to_side_loudness_range": 16.849157333374023,
      "side_mean": -50.659690856933594
    },
    {
      "loudness": -46.741844177246094,
      "loudness_range": 26.458621978759766,
      "low_freq": 12199.2666015625,
      "mid_mean": -46.27136993408203,
      "mid_to_side_loudness": -12.298792839050293,
      "mid_to_side_loudness_range": 18.865970611572266,
      "side_mean": -59.06279373168945
    }
  ],
  "bandwidth": 567.7555541992188,
  "channels": 2,
  "covariance": [
    [
      31.59839630126953,
      14.268606185913086,
      10.008576393127441,
      7.459842681884766,
      10.6362943649292,
      9.043403625488281,
      15.282995223999023,
      12.947083473205566,
      15.46389102935791,
      12.630237579345703,
      18.525571823120117,
      15.864005088806152,
      19.92582130432129,
      17.668901443481445,
      11.04805850982666,
      15.091910362243652,
      9.235406875610352,
      14.49428653717041
    ],
    [
      14.268606185913086,
      39.03667449951172,
      2.9726998805999756,
      6.847620964050293,
      0.7737523913383484,
      2.508263111114502,
      -0.5599879026412964,
      1.4627264738082886,
      -0.8510021567344666,
      1.2967816591262817,
      0.5864385366439819,
      3.3208529949188232,
      1.3747259378433228,
      3.589946985244751,
      -3.320570230484009,
      0.052000198513269424,
      -2.3854033946990967,
      0.8058921694755554
    ],
    [
      10.008576393127441,
      2.9726998805999756,
      20.895591735839844,
      11.914046287536621,
      13.656675338745117,
      9.030477523803711,
      13.557945251464844,
      9.14708137512207,
      18.765750885009766,
      11.940820693969727,
      20.500343322753906,
      16.218996047973633,
      20.187366485595703,
      18.64822769165039,
      15.282883644104004,
      17.179101943969727,
      14.864945411682129,
      18.56463623046875
    ],
    [
      7.459842681884766,
      6.847620964050293,
      11.914046287536621,
      18.567527770996094,
      9.616514205932617,
      9.623870849609375,
      10.01667308807373,
      10.036744117736816,
      13.832745552062988,
      12.722200393676758,
      13.587186813354492,
      16.136499404907227,
      14.276325225830078,
      15.669744491577148,
      7.910512924194336,
      11.358981132507324,
      7.690340518951416,
      14.435050010681152
    ],
    [
      10.6362943649292,
      0.7737523913383484,
      13.656675338745117,
      9.616514205932617,
      32.02747344970703,
      19.070772171020508,
      36.64969253540039,
      24.110153198242188,
      33.67536926269531,
      21.349720001220703,
      34.61088943481445,
      25.800384521484375,
      31.30557632446289,
      27.049657821655273,
      28.88039779663086,
      25.87740135192871,
      23.998001098632812,
      24.36082649230957
    ],
    [
      9.043403625488281,
      2.508263111114502,
      9.030477523803711,
      9.623870849609375,
      19.070772171020508,
      24.104324340820312,
      24.17120933532715,
      25.323904037475586,
      23.433393478393555,
      21.7238712310791,
      24.960670471191406,
      24.59502601623535,
      25.25092315673828,
      26.200603485107422,
      15.688146591186523,
      21.981203079223633,
      13.131002426147461,
      20.16190528869629
    ],
    [
      15.282995223999023,
      -0.5599879026412964,
      13.557945251464844,
      10.01667308807373,
      36.64969253540039,
      24.17120933532715,
      71.82266235351562,
      45.317771911621094,
      55.44108581542969,
      36.167903900146484,
      53.67242431640625,
      41.033363342285156,
      49.210689544677734,
      42.24787521362305,
      46.17942428588867,
      40.6037483215332,
      37.13245391845703,
      35.834815979003906
    ],
    [
      12.947083473205566,
      1.4627264738082886,
      9.14708137512207,
      10.036744117736816,
      24.110153198242188,
      25.323904037475586,
      45.317771911621094,
      45.12678909301758,
      37.50647735595703,
      33.92483901977539,
      38.1770133972168,
      36.67979049682617,
      39.02661895751953,
      37.57321548461914,
      27.341812133789062,
      32.940040588378906,
      22.53265380859375,
      29.344507217407227
    ],
    [
      15.46389102935791,
      -0.8510021567344666,
      18.765750885009766,
      13.832745552062988,
      33.67536926269531,
      23.433393478393555,
      55.44108581542969,
      37.50647735595703,
      65.89806365966797,
      42.19087219238281,
      60.15837478637695,
      47.14318084716797,
      53.51261901855469,
      45.326114654541016,
      47.335723876953125,
      41.41083908081055,
      39.36562728881836,
      38.721561431884766
    ],
    [
      12.630237579345703,
      1.2967816591262817,
      11.940820693969727,
      12.722200393676758,
      21.349720001220703,
      21.7238712310791,
      36.167903900146484,
      33.92483901977539,
      42.19087219238281,
      39.570579528808594,
      39.58256912231445,
      39.63005065917969,
      37.96820831298828,
      36.654319763183594,
      26.113204956054688,
      30.501052856445312,
      22.013139724731445,
      30.488161087036133
    ],
    [
      18.525571823120117,
      0.5864385366439819,
      20.500343322753906,
      13.587186813354492,
      34.61088943481445,
      24.960670471191406,
      53.67242431640625,
      38.1770133972168,
      60.15837478637695,
      39.58256912231445,
      75.64170837402344,
      53.21271896362305,
      64.70067596435547,
      53.2211799621582,
      55.71854782104492,
      48.441505432128906,
      49.459632873535156,
      42.71802520751953
    ],
    [
      15.864005088806152,
      3.3208529949188232,
      16.218996047973633,
      16.136499404907227,
      25.800384521484375,
      24.59502601623535,
      41.033363342285156,
      36.67979049682617,
      47.14318084716797,
      39.63005065917969,
      53.21271896362305,
      52.71125793457031,
      50.328277587890625,
      48.16327667236328,
      37.69486999511719,
      40.09272766113281,
      32.9443244934082,
      36.404930114746094
    ],
    [
      19.92582130432129,
      1.3747259378433228,
      20.187366485595703,
      14.276325225830078,
      31.30557632446289,
      25.25092315673828,
      49.210689544677734,
      39.02661895751953,
      53.51261901855469,
      37.96820831298828,
      64.70067596435547,
      50.328277587890625,
      78.14427947998047,
      59.52125549316406,
      59.14460372924805,
      55.765419006347656,
      53.270301818847656,
      49.202789306640625
    ],
    [
      17.668901443481445,
      3.589946985244751,
      18.64822769165039,
      15.669744491577148,
      27.049657821655273,
      26.200603485107422,
      42.24787521362305,
      37.57321548461914,
      45.326114654541016,
      36.654319763183594,
      53.2211799621582,
      48.16327667236328,
      59.52125549316406,
      61.09770584106445,
      42.122623443603516,
      52.01499557495117,
      37.418575286865234,
      45.852020263671875
    ],
    [
      11.04805850982666,
      -3.320570230484009,
      15.282883644104004,
      7.910512924194336,
      28.88039779663086,
      15.688146591186523,
      46.17942428588867,
      27.341812133789062,
      47.335723876953125,
      26.113204956054688,
      55.71854782104492,
      37.69486999511719,
      59.14460372924805,
      42.122623443603516,
      74.51555633544922,
      47.17306137084961,
      62.61556625366211,
      41.551414489746094
    ],
    [
      15.091910362243652,
      0.052000198513269424,
      17.179101943969727,
      11.358981132507324,
      25.87740135192871,
      21.981203079223633,
      40.6037483215332,
      32.940040588378906,
      41.41083908081055,
      30.501052856445312,
      48.441505432128906,
      40.09272766113281,
      55.765419006347656,
      52.01499557495117,
      47.17306137084961,
      69.301513671875,
      42.359214782714844,
      61.13499069213867
    ],
    [
      9.235406875610352,
      -2.3854033946990967,
      14.864945411682129,
      7.690340518951416,
      23.998001098632812,
      13.131002426147461,
      37.13245391845703,
      22.53265380859375,
      39.36562728881836,
      22.013139724731445,
      49.459632873535156,
      32.9443244934082,
      53.270301818847656,
      37.418575286865234,
      62.61556625366211,
      42.359214782714844,
      68.72393035888672,
      43.91241455078125
    ],
    [
      14.49428653717041,
      0.8058921694755554,
      18.56463623046875,
      14.435050010681152,
      24.36082649230957,
      20.16190528869629,
      35.834815979003906,
      29.344507217407227,
      38.721561431884766,
      30.488161087036133,
      42.71802520751953,
      36.404930114746094,
      49.202789306640625,
      45.852020263671875,
      41.551414489746094,
      61.13499069213867,
      43.91241455078125,
      72.32489776611328
    ]
  ],
  "covariance_short": [
    [
      50.555015563964844,
      21.79604721069336,
      14.620024681091309,
      7.68191385269165,
      12.326498985290527,
      8.755603790283203,
      15.584668159484863,
      13.37446117401123,
      16.38562774658203,
      13.216776847839355,
      20.164264678955078,
      17.11686897277832,
      22.596088409423828,
      21.11249351501465,
      16.63195037841797,
      23.126699447631836,
      23.361404418945312,
      19.00042152404785
    ],
    [
      21.79604721069336,
      62.28600311279297,
      6.580350399017334,
      10.787745475769043,
      3.84352445602417,
      3.339019775390625,
      1.5107392072677612,
      2.345921039581299,
      2.189819574356079,
      3.603102684020996,
      3.524123430252075,
      5.892607688903809,
      4.30137825012207,
      7.41945219039917,
      1.55426025390625,
      6.58866024017334,
      3.02482008934021,
      4.978560447692871
    ],
    [
      14.620024681091309,
      6.580350399017334,
      24.677955627441406,
      11.8743314743042,
      14.651554107666016,
      9.058320999145508,
      13.286138534545898,
      9.969894409179688,
      18.338058471679688,
      12.637397766113281,
      19.67706298828125,
      16.381837844848633,
      19.26961898803711,
      20.3821964263916,
      16.080867767333984,
      24.711029052734375,
      23.481346130371094,
      18.137189865112305
    ],
    [
      7.68191385269165,
      10.787745475769043,
      11.8743314743042,
      23.34096336364746,
      10.065447807312012,
      10.313220977783203,
      9.291967391967773,
      9.647302627563477,
      13.621824264526367,
      13.450188636779785,
      12.583410263061523,
      15.871949195861816,
      12.625394821166992,
      16.502643585205078,
      5.954773902893066,
      18.183732986450195,
      8.719576835632324,
      11.55661678314209
    ],
    [
      12.326498985290527,
      3.84352445602417,
      14.651554107666016,
      10.065447807312012,
      37.62800598144531,
      19.76581573486328,
      35.50932312011719,
      24.376529693603516,
      33.879371643066406,
      22.625404357910156,
      35.43617248535156,
      26.82785415649414,
      32.36283493041992,
      31.509780883789062,
      29.028594970703125,
      37.85253143310547,
      34.36734390258789,
      26.960044860839844
    ],
    [
      8.755603790283203,
      3.339019775390625,
      9.058320999145508,
      10.313220977783203,
      19.76581573486328,
      28.66802978515625,
      23.278268814086914,
      25.153493881225586,
      22.960926055908203,
      22.21942710876465,
      24.05589485168457,
      24.998233795166016,
      25.066171646118164,
      28.815502166748047,
      14.078863143920898,
      29.240652084350586,
      15.691309928894043,
      19.947980880737305
    ],
    [
      15.584668159484863,
      1.5107392072677612,
      13.286138534545898,
      9.291967391967773,
      35.50932312011719,
      23.278268814086914,
      76.56171417236328,
      44.201473236083984,
      59.46548843383789,
      38.24370574951172,
      56.33609390258789,
      41.94197082519531,
      53.76161193847656,
      48.450462341308594,
      49.54043960571289,
      54.888980865478516,
      52.17591094970703,
      39.24645233154297
    ],
    [
      13.37446117401123,
      2.345921039581299,
      9.969894409179688,
      9.647302627563477,
      24.376529693603516,
      25.153493881225586,
      44.201473236083984,
      48.4322509765625,
      38.9755859375,
      36.022403717041016,
      39.67940902709961,
      38.157955169677734,
      42.50614547729492,
      43.778663635253906,
      27.46211051940918,
      45.190799713134766,
      28.193401336669922,
      32.04155349731445
    ],
    [
      16.38562774658203,
      2.189819574356079,
      18.338058471679688,
      13.621824264526367,
      33.879371643066406,
      22.960926055908203,
      59.46548843383789,
      38.9755859375,
      74.29872131347656,
      44.695926666259766,
      64.59046936035156,
      49.57592010498047,
      60.157012939453125,
      53.93571472167969,
      53.161949157714844,
      59.27167510986328,
      56.93997573852539,
      44.83476257324219
    ],
    [
      13.216776847839355,
      3.603102684020996,
      12.637397766113281,
      13.450188636779785,
      22.625404357910156,
      22.21942710876465,
      38.24370574951172,
      36.022403717041016,
      44.695926666259766,
      45.09605407714844,
      41.9425163269043,
      43.305763244628906,
      42.256629943847656,
      44.48536682128906,
      28.583965301513672,
      46.564266204833984,
      30.23849105834961,
      34.27043151855469
    ],
    [
      20.164264678955078,
      3.524123430252075,
      19.67706298828125,
      12.583410263061523,
      35.43617248535156,
      24.05589485168457,
      56.33609390258789,
      39.67940902709961,
      64.59046936035156,
      41.9425163269043,
      84.03740692138672,
      56.149024963378906,
      72.43838500976562,
      62.98500061035156,
      62.26337814331055,
      64.66339111328125,
      70.70661926269531,
      51.200111389160156
    ],
    [
      17.11686897277832,
      5.892607688903809,
      16.381837844848633,
      15.871949195861816,
      26.82785415649414,
      24.998233795166016,
      41.94197082519531,
      38.157955169677734,
      49.57592010498047,
      43.305763244628906,
      56.149024963378906,
      58.650726318359375,
      55.087310791015625,
      57.668601989746094,
      38.762142181396484,
      56.27633285522461,
      42.669334411621094,
      42.267539978027344
    ],
    [
      22.596088409423828,
      4.30137825012207,
      19.26961898803711,
      12.625394821166992,
      32.36283493041992,
      25.066171646118164,
      53.76161193847656,
      42.50614547729492,
      60.157012939453125,
      42.256629943847656,
      72.43838500976562,
      55.087310791015625,
      92.50517272949219,
      72.61974334716797,
      70.73796081542969,
      73.86358642578125,
      81.33181762695312,
      62.271915435791016
    ],
    [
      21.11249351501465,
      7.41945219039917,
      20.3821964263916,
      16.502643585205078,
      31.509780883789062,
      28.815502166748047,
      48.450462341308594,
      43.778663635253906,
      53.93571472167969,
      44.48536682128906,
      62.98500061035156,
      57.668601989746094,
      72.61974334716797,
      80.6924819946289,
      51.80537033081055,
      76.51024627685547,
      60.1783332824707,
      59.85224914550781
    ],
    [
      16.63195037841797,
      1.55426025390625,
      16.080867767333984,
      5.954773902893066,
      29.028594970703125,
      14.078863143920898,
      49.54043960571289,
      27.46211051940918,
      53.161949157714844,
      28.583965301513672,
      62.26337814331055,
      38.762142181396484,
      70.73796081542969,
      51.80537033081055,
      95.68635559082031,
      61.98945617675781,
      92.37459564208984,
      56.705047607421875
    ],
    [
      23.126699447631836,
      6.58866024017334,
      24.711029052734375,
      18.183732986450195,
      37.85253143310547,
      29.240652084350586,
      54.888980865478516,
      45.190799713134766,
      59.27167510986328,
      46.564266204833984,
      64.66339111328125,
      56.27633285522461,
      73.86358642578125,
      76.51024627685547,
      61.98945617675781,
      109.8248062133789,
      79.12860107421875,
      83.665283203125
    ],
    [
      23.361404418945312,
      3.02482008934021,
      23.481346130371094,
      8.719576835632324,
      34.36734390258789,
      15.691309928894043,
      52.17591094970703,
      28.193401336669922,
      56.93997573852539,
      30.23849105834961,
      70.70661926269531,
      42.669334411621094,
      81.33181762695312,
      60.1783332824707,
      92.37459564208984,
      79.12860107421875,
      126.37617492675781,
      74.12934112548828
    ],
    [
      19.00042152404785,
      4.978560447692871,
      18.137189865112305,
      11.55661678314209,
      26.960044860839844,
      19.947980880737305,
      39.24645233154297,
      32.04155349731445,
      44.83476257324219,
      34.27043151855469,
      51.200111389160156,
      42.267539978027344,
      62.271915435791016,
      59.85224914550781,
      56.705047607421875,
      83.665283203125,
      74.12934112548828,
      81.13224792480469
    ]
  ],
  "damage": -6.407416820526123,
  "diff_bandwidth": 588.3759155273438,
  "dissonance": 7.6653057046822966,
  "drr": 4.722010135650635,
  "dynamics": 3.840806007385254,
  "format": 1245190,
  "frames": 14827456,
  "loudness": -12.036674499511719,
  "loudness_range": 11.425268173217773,
  "loudness_range_short": 13.023624420166016,
  "lowpass_true_peak_15khz": -0.23441678285598755,
  "mastering3_acoustic_entropies": [
    {
      "acoustic_entropy": 7.455742835998535,
      "acoustic_entropy_mono": 7.612516403198242,
      "band_eliminated_acoustic_entropies": [
        {
          "acoustic_entropy": 7.373228549957275,
          "acoustic_entropy_side": 7.45510721206665,
          "hz": 129.47220167065723
        },
        {
          "acoustic_entropy": 7.747987270355225,
          "acoustic_entropy_side": 7.445236682891846,
          "hz": 202.92927478742237
        },
        {
          "acoustic_entropy": 8.373656272888184,
          "acoustic_entropy_side": 7.485154151916504,
          "hz": 282.89161906338205
        },
        {
          "acoustic_entropy": 7.169527053833008,
          "acoustic_entropy_side": 7.3907365798950195,
          "hz": 369.9353335868758
        },
        {
          "acoustic_entropy": 7.839779853820801,
          "acoustic_entropy_side": 7.541629314422607,
          "hz": 464.6875360973435
        },
        {
          "acoustic_entropy": 7.963464260101318,
          "acoustic_entropy_side": 7.807953834533691,
          "hz": 567.8308811364784
        },
        {
          "acoustic_entropy": 8.303316116333008,
          "acoustic_entropy_side": 7.5810346603393555,
          "hz": 680.1084783214808
        },
        {
          "acoustic_entropy": 8.22801399230957,
          "acoustic_entropy_side": 7.6376776695251465,
          "hz": 802.3292461747484
        },
        {
          "acoustic_entropy": 7.610219478607178,
          "acoustic_entropy_side": 7.699743747711182,
          "hz": 935.3737400823702
        },
        {
          "acoustic_entropy": 8.272638320922852,
          "acoustic_entropy_side": 7.631405353546143,
          "hz": 1080.2004963696966
        },
        {
          "acoustic_entropy": 7.165133953094482,
          "acoustic_entropy_side": 7.421144962310791,
          "hz": 1237.8529382007157
        },
        {
          "acoustic_entropy": 7.485048294067383,
          "acoustic_entropy_side": 7.612061023712158,
          "hz": 1409.4668930556702
        },
        {
          "acoustic_entropy": 7.231698513031006,
          "acoustic_entropy_side": 7.4698357582092285,
          "hz": 1596.2787759475705
        },
        {
          "acoustic_entropy": 7.586197853088379,
          "acoustic_entropy_side": 7.50445032119751,
          "hz": 1799.6344973346393
        },
        {
          "acoustic_entropy": 7.673089504241943,
          "acoustic_entropy_side": 7.449532508850098,
          "hz": 2020.9991599069049
        },
        {
          "acoustic_entropy": 7.550258159637451,
          "acoustic_entropy_side": 7.462064266204834,
          "hz": 2261.9676141086993
        },
        {
          "acoustic_entropy": 7.764431953430176,
          "acoustic_entropy_side": 7.448728084564209,
          "hz": 2524.2759484456974
        },
        {
          "acoustic_entropy": 7.688996315002441,
          "acoustic_entropy_side": 7.4796881675720215,
          "hz": 2809.813997359896
        },
        {
          "acoustic_entropy": 7.6343994140625,
          "acoustic_entropy_side": 7.472904205322266,
          "hz": 3120.6389567871424
        },
        {
          "acoustic_entropy": 7.5902910232543945,
          "acoustic_entropy_side": 7.480515003204346,
          "hz": 3458.990205492291
        },
        {
          "acoustic_entropy": 7.540761470794678,
          "acoustic_entropy_side": 7.475180149078369,
          "hz": 3827.305438964164
        },
        {
          "acoustic_entropy": 7.488570690155029,
          "acoustic_entropy_side": 7.484080791473389,
          "hz": 4228.238232109126
        },
        {
          "acoustic_entropy": 7.506113529205322,
          "acoustic_entropy_side": 7.483273983001709,
          "hz": 4664.6771572759235
        },
        {
          "acoustic_entropy": 7.590665817260742,
          "acoustic_entropy_side": 7.478606700897217,
          "hz": 5139.766595350093
        },
        {
          "acoustic_entropy": 7.714999198913574,
          "acoustic_entropy_side": 7.482127666473389,
          "hz": 5656.929389854203
        },
        {
          "acoustic_entropy": 7.733259201049805,
          "acoustic_entropy_side": 7.481876373291016,
          "hz": 6219.891507268283
        },
        {
          "acoustic_entropy": 7.6856231689453125,
          "acoustic_entropy_side": 7.474536418914795,
          "hz": 6832.70888123896
        },
        {
          "acoustic_entropy": 7.5412445068359375,
          "acoustic_entropy_side": 7.461318492889404,
          "hz": 7499.796634079867
        },
        {
          "acoustic_entropy": 7.4504780769348145,
          "acoustic_entropy_side": 7.461833953857422,
          "hz": 8225.96088609342
        },
        {
          "acoustic_entropy": 7.456545829772949,
          "acoustic_entropy_side": 7.460054397583008,
          "hz": 9016.43338188839
        },
        {
          "acoustic_entropy": 7.444910526275635,
          "acoustic_entropy_side": 7.457674980163574,
          "hz": 9876.909183162974
        },
        {
          "acoustic_entropy": 7.615618705749512,
          "acoustic_entropy_side": 7.455107688903809,
          "hz": 10813.587699516042
        },
        {
          "acoustic_entropy": 7.904250621795654,
          "acoustic_entropy_side": 7.453752517700195,
          "hz": 11833.21735289826
        },
        {
          "acoustic_entropy": 7.550632476806641,
          "acoustic_entropy_side": 7.453606128692627,
          "hz": 12943.144197493959
        },
        {
          "acoustic_entropy": 7.440759658813477,
          "acoustic_entropy_side": 7.455289363861084,
          "hz": 14151.364845322005
        },
        {
          "acoustic_entropy": 7.453017234802246,
          "acoustic_entropy_side": 7.455568790435791,
          "hz": 15466.58407886509
        },
        {
          "acoustic_entropy": 7.465508460998535,
          "acoustic_entropy_side": 7.455625057220459,
          "hz": 16898.27756580493
        },
        {
          "acoustic_entropy": 7.458496570587158,
          "acoustic_entropy_side": 7.455652236938477,
          "hz": 18456.760127700032
        },
        {
          "acoustic_entropy": 7.458637714385986,
          "acoustic_entropy_side": 7.45569372177124,
          "hz": 20153.260054456492
        },
        {
          "acoustic_entropy": 7.455533504486084,
          "acoustic_entropy_side": 7.4557366371154785,
          "hz": 22000.00000000001
        }
      ],
      "diff_acoustic_entropy": 3.9605329036712646,
      "sn": 6
    },
    {
      "acoustic_entropy": 11.739128112792969,
      "acoustic_entropy_mono": 12.608840942382812,
      "band_eliminated_acoustic_entropies": [
        {
          "acoustic_entropy": 12.105718612670898,
          "acoustic_entropy_side": 11.732076644897461,
          "hz": 129.47220167065723
        },
        {
          "acoustic_entropy": 12.613605499267578,
          "acoustic_entropy_side": 11.564831733703613,
          "hz": 202.92927478742237
        },
        {
          "acoustic_entropy": 12.141203880310059,
          "acoustic_entropy_side": 11.616129875183105,
          "hz": 282.89161906338205
        },
        {
          "acoustic_entropy": 12.22288990020752,
          "acoustic_entropy_side": 11.538360595703125,
          "hz": 369.9353335868758
        },
        {
          "acoustic_entropy": 12.25151252746582,
          "acoustic_entropy_side": 11.820916175842285,
          "hz": 464.6875360973435
        },
        {
          "acoustic_entropy": 12.610615730285645,
          "acoustic_entropy_side": 11.636199951171875,
          "hz": 567.8308811364784
        },
        {
          "acoustic_entropy": 11.917159080505371,
          "acoustic_entropy_side": 11.636553764343262,
          "hz": 680.1084783214808
        },
        {
          "acoustic_entropy": 13.393214225769043,
          "acoustic_entropy_side": 11.5769681930542,
          "hz": 802.3292461747484
        },
        {
          "acoustic_entropy": 12.785499572753906,
          "acoustic_entropy_side": 12.065306663513184,
          "hz": 935.3737400823702
        },
        {
          "acoustic_entropy": 12.74358081817627,
          "acoustic_entropy_side": 11.978686332702637,
          "hz": 1080.2004963696966
        },
        {
          "acoustic_entropy": 11.550666809082031,
          "acoustic_entropy_side": 11.647248268127441,
          "hz": 1237.8529382007157
        },
        {
          "acoustic_entropy": 12.115565299987793,
          "acoustic_entropy_side": 11.940561294555664,
          "hz": 1409.4668930556702
        },
        {
          "acoustic_entropy": 11.538531303405762,
          "acoustic_entropy_side": 11.726125717163086,
          "hz": 1596.2787759475705
        },
        {
          "acoustic_entropy": 11.603453636169434,
          "acoustic_entropy_side": 11.678732872009277,
          "hz": 1799.6344973346393
        },
        {
          "acoustic_entropy": 11.860209465026855,
          "acoustic_entropy_side": 11.665959358215332,
          "hz": 2020.9991599069049
        },
        {
          "acoustic_entropy": 11.745039939880371,
          "acoustic_entropy_side": 11.699213981628418,
          "hz": 2261.9676141086993
        },
        {
          "acoustic_entropy": 11.637455940246582,
          "acoustic_entropy_side": 11.662988662719727,
          "hz": 2524.2759484456974
        },
        {
          "acoustic_entropy": 11.712841033935547,
          "acoustic_entropy_side": 11.732169151306152,
          "hz": 2809.813997359896
        },
        {
          "acoustic_entropy": 11.812139511108398,
          "acoustic_entropy_side": 11.717501640319824,
          "hz": 3120.6389567871424
        },
        {
          "acoustic_entropy": 11.619196891784668,
          "acoustic_entropy_side": 11.570473670959473,
          "hz": 3458.990205492291
        },
        {
          "acoustic_entropy": 11.748637199401855,
          "acoustic_entropy_side": 11.543094635009766,
          "hz": 3827.305438964164
        },
        {
          "acoustic_entropy": 11.675156593322754,
          "acoustic_entropy_side": 11.483502388000488,
          "hz": 4228.238232109126
        },
        {
          "acoustic_entropy": 11.797721862792969,
          "acoustic_entropy_side": 11.63336181640625,
          "hz": 4664.6771572759235
        },
        {
          "acoustic_entropy": 11.636021614074707,
          "acoustic_entropy_side": 11.560466766357422,
          "hz": 5139.766595350093
        },
        {
          "acoustic_entropy": 11.410252571105957,
          "acoustic_entropy_side": 11.495805740356445,
          "hz": 5656.929389854203
        },
        {
          "acoustic_entropy": 11.470572471618652,
          "acoustic_entropy_side": 11.508188247680664,
          "hz": 6219.891507268283
        },
        {
          "acoustic_entropy": 11.438809394836426,
          "acoustic_entropy_side": 11.581742286682129,
          "hz": 6832.70888123896
        },
        {
          "acoustic_entropy": 11.629833221435547,
          "acoustic_entropy_side": 11.701618194580078,
          "hz": 7499.796634079867
        },
        {
          "acoustic_entropy": 11.616961479187012,
          "acoustic_entropy_side": 11.679015159606934,
          "hz": 8225.96088609342
        },
        {
          "acoustic_entropy": 11.700406074523926,
          "acoustic_entropy_side": 11.70726203918457,
          "hz": 9016.43338188839
        },
        {
          "acoustic_entropy": 11.555899620056152,
          "acoustic_entropy_side": 11.688681602478027,
          "hz": 9876.909183162974
        },
        {
          "acoustic_entropy": 11.815729141235352,
          "acoustic_entropy_side": 11.730859756469727,
          "hz": 10813.587699516042
        },
        {
          "acoustic_entropy": 11.973037719726562,
          "acoustic_entropy_side": 11.735179901123047,
          "hz": 11833.21735289826
        },
        {
          "acoustic_entropy": 11.671459197998047,
          "acoustic_entropy_side": 11.743585586547852,
          "hz": 12943.144197493959
        },
        {
          "acoustic_entropy": 11.692919731140137,
          "acoustic_entropy_side": 11.746289253234863,
          "hz": 14151.364845322005
        },
        {
          "acoustic_entropy": 11.733282089233398,
          "acoustic_entropy_side": 11.74240779876709,
          "hz": 15466.58407886509
        },
        {
          "acoustic_entropy": 11.773506164550781,
          "acoustic_entropy_side": 11.74250602722168,
          "hz": 16898.27756580493
        },
        {
          "acoustic_entropy": 11.772905349731445,
          "acoustic_entropy_side": 11.742300987243652,
          "hz": 18456.760127700032
        },
        {
          "acoustic_entropy": 11.76218318939209,
          "acoustic_entropy_side": 11.741265296936035,
          "hz": 20153.260054456492
        },
        {
          "acoustic_entropy": 11.758377075195312,
          "acoustic_entropy_side": 11.739249229431152,
          "hz": 22000.00000000001
        }
      ],
      "diff_acoustic_entropy": 7.022059917449951,
      "sn": 12
    },
    {
      "acoustic_entropy": 18.36739730834961,
      "acoustic_entropy_mono": 18.268733978271484,
      "band_eliminated_acoustic_entropies": [
        {
          "acoustic_entropy": 17.504724502563477,
          "acoustic_entropy_side": 18.291927337646484,
          "hz": 129.47220167065723
        },
        {
          "acoustic_entropy": 19.90445899963379,
          "acoustic_entropy_side": 18.62868309020996,
          "hz": 202.92927478742237
        },
        {
          "acoustic_entropy": 18.435260772705078,
          "acoustic_entropy_side": 18.241268157958984,
          "hz": 282.89161906338205
        },
        {
          "acoustic_entropy": 19.46647834777832,
          "acoustic_entropy_side": 18.708219528198242,
          "hz": 369.9353335868758
        },
        {
          "acoustic_entropy": 19.417789459228516,
          "acoustic_entropy_side": 18.81498146057129,
          "hz": 464.6875360973435
        },
        {
          "acoustic_entropy": 18.984350204467773,
          "acoustic_entropy_side": 19.029953002929688,
          "hz": 567.8308811364784
        },
        {
          "acoustic_entropy": 19.646196365356445,
          "acoustic_entropy_side": 19.4460391998291,
          "hz": 680.1084783214808
        },
        {
          "acoustic_entropy": 19.296581268310547,
          "acoustic_entropy_side": 18.709606170654297,
          "hz": 802.3292461747484
        },
        {
          "acoustic_entropy": 18.514507293701172,
          "acoustic_entropy_side": 18.89506721496582,
          "hz": 935.3737400823702
        },
        {
          "acoustic_entropy": 20.307533264160156,
          "acoustic_entropy_side": 19.795948028564453,
          "hz": 1080.2004963696966
        },
        {
          "acoustic_entropy": 18.550048828125,
          "acoustic_entropy_side": 18.280466079711914,
          "hz": 1237.8529382007157
        },
        {
          "acoustic_entropy": 18.81503677368164,
          "acoustic_entropy_side": 18.914783477783203,
          "hz": 1409.4668930556702
        },
        {
          "acoustic_entropy": 18.39023208618164,
          "acoustic_entropy_side": 18.412290573120117,
          "hz": 1596.2787759475705
        },
        {
          "acoustic_entropy": 19.552471160888672,
          "acoustic_entropy_side": 18.731643676757812,
          "hz": 1799.6344973346393
        },
        {
          "acoustic_entropy": 19.653059005737305,
          "acoustic_entropy_side": 18.447355270385742,
          "hz": 2020.9991599069049
        },
        {
          "acoustic_entropy": 18.662635803222656,
          "acoustic_entropy_side": 18.41759490966797,
          "hz": 2261.9676141086993
        },
        {
          "acoustic_entropy": 18.748384475708008,
          "acoustic_entropy_side": 18.493127822875977,
          "hz": 2524.2759484456974
        },
        {
          "acoustic_entropy": 18.450525283813477,
          "acoustic_entropy_side": 18.66715431213379,
          "hz": 2809.813997359896
        },
        {
          "acoustic_entropy": 19.073802947998047,
