{
  "acoustic_entropy": 117.29612731933594,
  "bands": [
    {
      "high_freq": 148.1999969482422,
      "loudness": -50.1451416015625,
      "loudness_range": 26.727214813232422,
      "mid_mean": -50.731082916259766,
      "mid_to_side_loudness": -9.3892822265625,
      "mid_to_side_loudness_range": 11.929344177246094,
      "side_mean": -57.58444595336914
    },
    {
      "high_freq": 392.3793640136719,
      "loudness": -33.25735855102539,
      "loudness_range": 25.940673828125,
      "low_freq": 148.1999969482422,
      "mid_mean": -31.022686004638672,
      "mid_to_side_loudness": -6.554957866668701,
      "mid_to_side_loudness_range": 8.793707847595215,
      "side_mean": -38.07878112792969
    },
    {
      "high_freq": 794.6976318359375,
      "loudness": -36.0433235168457,
      "loudness_range": 31.979686737060547,
      "low_freq": 392.3793640136719,
      "mid_mean": -35.23424530029297,
      "mid_to_side_loudness": -1.5923001766204834,
      "mid_to_side_loudness_range": 8.419347763061523,
      "side_mean": -37.37950134277344
    },
    {
      "high_freq": 1457.5709228515625,
      "loudness": -40.488487243652344,
      "loudness_range": 30.753692626953125,
      "low_freq": 794.6976318359375,
      "mid_mean": -40.90244674682617,
      "mid_to_side_loudness": -0.9489432573318481,
      "mid_to_side_loudness_range": 6.84189510345459,
      "side_mean": -41.97200012207031
    },
    {
      "high_freq": 2549.74365234375,
      "loudness": -42.33631134033203,
      "loudness_range": 32.86970520019531,
      "low_freq": 1457.5709228515625,
      "mid_mean": -47.322418212890625,
      "mid_to_side_loudness": -0.595766544342041,
      "mid_to_side_loudness_range": 7.3625030517578125,
      "side_mean": -47.16875076293945
    },
    {
      "high_freq": 4349.24462890625,
      "loudness": -45.94364547729492,
      "loudness_range": 28.305709838867188,
      "low_freq": 2549.74365234375,
      "mid_mean": -56.173789978027344,
      "mid_to_side_loudness": -2.080530881881714,
      "mid_to_side_loudness_range": 7.614283084869385,
      "side_mean": -56.68954849243164
    },
    {
      "high_freq": 7314.1640625,
      "loudness": -51.877960205078125,
      "loudness_range": 21.515483856201172,
      "low_freq": 4349.24462890625,
      "mid_mean": -62.125003814697266,
      "mid_to_side_loudness": -1.8240185976028442,
      "mid_to_side_loudness_range": 6.8364644050598145,
      "side_mean": -62.461585998535156
    },
    {
      "high_freq": 12199.2666015625,
      "loudness": -65.12083435058594,
      "loudness_range": 22.300724029541016,
      "low_freq": 7314.1640625,
      "mid_mean": -67.29923248291016,
      "mid_to_side_loudness": -0.9812287092208862,
      "mid_to_side_loudness_range": 7.004382133483887,
      "side_mean": -67.0572509765625
    },
    {
      "loudness": -79.36212158203125,
      "loudness_range": 17.08043670654297,
      "low_freq": 12199.2666015625,
      "mid_mean": -69.69740295410156,
      "mid_to_side_loudness": -1.9448109865188599,
      "mid_to_side_loudness_range": 7.645275115966797,
      "side_mean": -69.6844482421875
    }
  ],
  "bands_short": [
    {
      "high_freq": 148.1999969482422,
      "loudness": -53.426292419433594,
      "loudness_range": 29.821269989013672,
      "mid_mean": -53.197776794433594,
      "mid_to_side_loudness": -11.698881149291992,
      "mid_to_side_loudness_range": 15.754698753356934,
      "side_mean": -61.28280258178711
    },
    {
      "high_freq": 392.3793640136719,
      "loudness": -34.477622985839844,
      "loudness_range": 27.054122924804688,
      "low_freq": 148.1999969482422,
      "mid_mean": -32.55221176147461,
      "mid_to_side_loudness": -6.207828998565674,
      "mid_to_side_loudness_range": 12.229025840759277,
      "side_mean": -39.4173583984375
    },
    {
      "high_freq": 794.6976318359375,
      "loudness": -36.483619689941406,
      "loudness_range": 32.79933166503906,
      "low_freq": 392.3793640136719,
      "mid_mean": -35.816890716552734,
      "mid_to_side_loudness": -1.689738154411316,
      "mid_to_side_loudness_range": 10.624216079711914,
      "side_mean": -37.968833923339844
    },
    {
      "high_freq": 1457.5709228515625,
      "loudness": -41.07535934448242,
      "loudness_range": 31.757217407226562,
      "low_freq": 794.6976318359375,
      "mid_mean": -41.7474365234375,
      "mid_to_side_loudness": -0.977409303188324,
      "mid_to_side_loudness_range": 8.681571960449219,
      "side_mean": -42.72296905517578
    },
    {
      "high_freq": 2549.74365234375,
      "loudness": -43.33878707885742,
      "loudness_range": 33.4459342956543,
      "low_freq": 1457.5709228515625,
      "mid_mean": -50.7232780456543,
      "mid_to_side_loudness": -0.334419310092926,
      "mid_to_side_loudness_range": 8.965497970581055,
      "side_mean": -50.59685134887695
    },
    {
      "high_freq": 4349.24462890625,
      "loudness": -47.50084686279297,
      "loudness_range": 30.623065948486328,
      "low_freq": 2549.74365234375,
      "mid_mean": -56.93171310424805,
      "mid_to_side_loudness": -1.349975824356079,
      "mid_to_side_loudness_range": 9.753747940063477,
      "side_mean": -57.31218719482422
    },
    {
      "high_freq": 7314.1640625,
      "loudness": -54.47153091430664,
      "loudness_range": 25.770835876464844,
      "low_freq": 4349.24462890625,
      "mid_mean": -63.21432876586914,
      "mid_to_side_loudness": -1.6076520681381226,
      "mid_to_side_loudness_range": 10.179769515991211,
      "side_mean": -63.49147415161133
    },
    {
      "high_freq": 12199.2666015625,
      "loudness": -68.376953125,
      "loudness_range": 25.256336212158203,
      "low_freq": 7314.1640625,
      "mid_mean": -68.14815521240234,
      "mid_to_side_loudness": -1.328789234161377,
      "mid_to_side_loudness_range": 12.237262725830078,
      "side_mean": -67.98676300048828
    },
    {
      "loudness": -78.4114761352539,
      "loudness_range": 17.3275146484375,
      "low_freq": 12199.2666015625,
      "mid_mean": -69.80611419677734,
      "mid_to_side_loudness": -2.08585262298584,
      "mid_to_side_loudness_range": 13.365020751953125,
      "side_mean": -69.79879760742188
    }
  ],
  "bandwidth": 613.2225341796875,
  "channels": 2,
  "covariance": [
    [
      131.4891815185547,
      104.7701644897461,
      75.63312530517578,
      83.44640350341797,
      89.37337493896484,
      98.50263214111328,
      101.26152038574219,
      103.72416687011719,
      122.06810760498047,
      125.97117614746094,
      129.35574340820312,
      127.58475494384766,
      86.88970184326172,
      82.93960571289062,
      31.178293228149414,
      34.01250076293945,
      3.6916332244873047,
      3.831637382507324
    ],
    [
      104.7701644897461,
      94.71341705322266,
      66.31829833984375,
      73.62704467773438,
      77.74144744873047,
      85.41290283203125,
      88.42899322509766,
      90.65521240234375,
      108.09237670898438,
      110.34494018554688,
      111.56525421142578,
      110.0770263671875,
      77.58723449707031,
      74.28661346435547,
      28.315364837646484,
      30.69342041015625,
      3.211416006088257,
      3.354724645614624
    ],
    [
      75.63312530517578,
      66.31829833984375,
      97.69319915771484,
      90.5172348022461,
      98.14796447753906,
      99.2924575805664,
      99.39278411865234,
      98.91891479492188,
      124.42017364501953,
      125.50374603271484,
      119.18205261230469,
      116.95531463623047,
      82.70597076416016,
      79.11028289794922,
      30.016035079956055,
      32.45051193237305,
      3.2039196491241455,
      3.3684380054473877
    ],
    [
      83.44640350341797,
      73.62704467773438,
      90.5172348022461,
      101.60372924804688,
      98.95042419433594,
      101.26825714111328,
      104.32775115966797,
      101.83744049072266,
      128.5346221923828,
      130.51499938964844,
      122.80469512939453,
      120.75527954101562,
      84.40802764892578,
      80.82502746582031,
      30.245141983032227,
      32.7778434753418,
      3.2313849925994873,
      3.3641984462738037
    ],
    [
      89.37337493896484,
      77.74144744873047,
      98.14796447753906,
      98.95042419433594,
      137.38475036621094,
      131.2705078125,
      130.11790466308594,
      129.11439514160156,
      157.4774932861328,
      157.69851684570312,
      149.25453186035156,
      146.30819702148438,
      102.20832824707031,
      97.939697265625,
      37.3696403503418,
      40.583492279052734,
      4.145778179168701,
      4.347607612609863
    ],
    [
      98.50263214111328,
      85.41290283203125,
      99.2924575805664,
      101.26825714111328,
      131.2705078125,
      139.4295196533203,
      132.7609100341797,
      133.63201904296875,
      161.7323760986328,
      162.73861694335938,
      153.8902587890625,
      151.36866760253906,
      106.42530822753906,
      102.05622100830078,
      38.62547302246094,
      41.93899154663086,
      4.295026779174805,
      4.502442836761475
    ],
    [
      101.26152038574219,
      88.42899322509766,
      99.39278411865234,
      104.32775115966797,
      130.11790466308594,
      132.7609100341797,
      152.00515747070312,
      147.27252197265625,
      172.0630645751953,
      174.96791076660156,
      163.00267028808594,
      160.38230895996094,
      113.34358978271484,
      108.89665222167969,
      42.6219596862793,
      46.44484329223633,
      5.339273452758789,
      5.625205039978027
    ],
    [
      103.72416687011719,
      90.65521240234375,
      98.91891479492188,
      101.83744049072266,
      129.11439514160156,
      133.63201904296875,
      147.27252197265625,
      155.2851104736328,
      174.179443359375,
      177.80247497558594,
      164.16346740722656,
      161.44146728515625,
      114.83533477783203,
      110.32437896728516,
      43.29996871948242,
      47.183189392089844,
      5.438469886779785,
      5.745948791503906
    ],
    [
      122.06810760498047,
      108.09237670898438,
      124.42017364501953,
      128.5346221923828,
      157.4774932861328,
      161.7323760986328,
      172.0630645751953,
      174.179443359375,
      218.33285522460938,
      218.98121643066406,
      200.3683624267578,
      197.2707061767578,
      139.7212677001953,
      134.51206970214844,
      51.71955490112305,
      56.4460334777832,
      6.191461086273193,
      6.542109489440918
    ],
    [
      125.97117614746094,
      110.34494018554688,
      125.50374603271484,
      130.51499938964844,
      157.69851684570312,
      162.73861694335938,
      174.96791076660156,
      177.80247497558594,
      218.98121643066406,
      227.61134338378906,
      202.61402893066406,
      199.69766235351562,
      141.79209899902344,
      136.52371215820312,
      52.906105041503906,
      58.10519790649414,
      6.564347743988037,
      6.919597148895264
    ],
    [
      129.35574340820312,
      111.56525421142578,
      119.18205261230469,
      122.80469512939453,
      149.25453186035156,
      153.8902587890625,
      163.00267028808594,
      164.16346740722656,
      200.3683624267578,
      202.61402893066406,
      199.44361877441406,
      195.63134765625,
      139.80152893066406,
      134.3455352783203,
      52.26431655883789,
      56.615299224853516,
      6.200859546661377,
      6.537317276000977
    ],
    [
      127.58475494384766,
      110.0770263671875,
      116.95531463623047,
      120.75527954101562,
      146.30819702148438,
      151.36866760253906,
      160.38230895996094,
      161.44146728515625,
      197.2707061767578,
      199.69766235351562,
      195.63134765625,
      193.3284454345703,
      138.42385864257812,
      132.8624267578125,
      51.52406311035156,
      55.85835266113281,
      6.094234466552734,
      6.411905288696289
    ],
    [
      86.88970184326172,
      77.58723449707031,
      82.70597076416016,
      84.40802764892578,
      102.20832824707031,
      106.42530822753906,
      113.34358978271484,
      114.83533477783203,
      139.7212677001953,
      141.79209899902344,
      139.80152893066406,
      138.42385864257812,
      107.90120697021484,
      103.64916229248047,
      42.05515670776367,
      45.531585693359375,
      5.094979763031006,
      5.37430477142334
    ],
    [
      82.93960571289062,
      74.28661346435547,
      79.11028289794922,
      80.82502746582031,
      97.939697265625,
      102.05622100830078,
      108.89665222167969,
      110.32437896728516,
      134.51206970214844,
      136.52371215820312,
      134.3455352783203,
      132.8624267578125,
      103.64916229248047,
      100.66248321533203,
      41.15374755859375,
      44.50167465209961,
      5.129090785980225,
      5.419308185577393
    ],
    [
      31.178293228149414,
      28.315364837646484,
      30.016035079956055,
      30.245141983032227,
      37.3696403503418,
      38.62547302246094,
      42.6219596862793,
      43.29996871948242,
      51.71955490112305,
      52.906105041503906,
      52.26431655883789,
      51.52406311035156,
      42.05515670776367,
      41.15374755859375,
      20.746749877929688,
      22.210552215576172,
      3.2375104427337646,
      3.4546988010406494
    ],
    [
      34.01250076293945,
      30.69342041015625,
      32.45051193237305,
      32.7778434753418,
      40.583492279052734,
      41.93899154663086,
      46.44484329223633,
      47.183189392089844,
      56.4460334777832,
      58.10519790649414,
      56.615299224853516,
      55.85835266113281,
      45.531585693359375,
      44.50167465209961,
      22.210552215576172,
      24.322805404663086,
      3.5421054363250732,
      3.7773938179016113
    ],
    [
      3.6916332244873047,
      3.211416006088257,
      3.2039196491241455,
      3.2313849925994873,
      4.145778179168701,
      4.295026779174805,
      5.339273452758789,
      5.438469886779785,
      6.191461086273193,
      6.564347743988037,
      6.200859546661377,
      6.094234466552734,
      5.094979763031006,
      5.129090785980225,
      3.2375104427337646,
      3.5421054363250732,
      1.0504263639450073,
      1.1107839345932007
    ],
    [
      3.831637382507324,
      3.354724645614624,
      3.3684380054473877,
      3.3641984462738037,
      4.347607612609863,
      4.502442836761475,
      5.625205039978027,
      5.745948791503906,
      6.542109489440918,
      6.919597148895264,
      6.537317276000977,
      6.411905288696289,
      5.37430477142334,
      5.419308185577393,
      3.4546988010406494,
      3.7773938179016113,
      1.1107839345932007,
      1.1891779899597168
    ]
  ],
  "covariance_short": [
    [
      125.41468811035156,
      81.92493438720703,
      71.18174743652344,
      81.32682037353516,
      82.72636413574219,
      90.89165496826172,
      97.98927307128906,
      98.68185424804688,
      135.92816162109375,
      139.15213012695312,
      115.9911117553711,
      114.18631744384766,
      73.24009704589844,
      70.15392303466797,
      21.823198318481445,
      23.738248825073242,
      2.409738063812256,
      2.5309767723083496
    ],
    [
      81.92493438720703,
      70.29327392578125,
      56.972537994384766,
      63.988487243652344,
      64.81684112548828,
      71.07413482666016,
      76.93682098388672,
      77.91773223876953,
      101.97402954101562,
      104.21636962890625,
      89.59728240966797,
      87.92886352539062,
      58.87418746948242,
      56.32687759399414,
      17.96331787109375,
      19.543792724609375,
      1.8766528367996216,
      1.9949920177459717
    ],
    [
      71.18174743652344,
      56.972537994384766,
      101.06855773925781,
      89.04549407958984,
      97.26722717285156,
      96.99559020996094,
      100.20276641845703,
      98.6803970336914,
      121.00672912597656,
      122.51013946533203,
      112.27129364013672,
      110.43587493896484,
      75.48037719726562,
      71.46878051757812,
      23.92021942138672,
      25.96779441833496,
      2.2903892993927,
      2.423553943634033
    ],
    [
      81.32682037353516,
      63.988487243652344,
      89.04549407958984,
      105.0103530883789,
      98.065185546875,
      100.96837615966797,
      106.28802490234375,
      105.3090591430664,
      129.2771453857422,
      131.30813598632812,
      117.03900909423828,
      115.20569610595703,
      75.77433776855469,
      72.30352020263672,
      22.400117874145508,
      24.28892707824707,
      2.2033774852752686,
      2.3041765689849854
    ],
    [
      82.72636413574219,
      64.81684112548828,
      97.26722717285156,
      98.065185546875,
      134.8251953125,
      126.13740539550781,
      127.72151947021484,
      127.65633392333984,
      151.3079833984375,
      152.71600341796875,
      140.59898376464844,
      137.64158630371094,
      91.33739471435547,
      87.16181182861328,
      28.20394515991211,
      30.537755966186523,
      2.7715141773223877,
      2.903881549835205
    ],
    [
      90.89165496826172,
      71.07413482666016,
      96.99559020996094,
      100.96837615966797,
      126.13740539550781,
      136.9564208984375,
      132.28509521484375,
      133.0186309814453,
      157.00648498535156,
      159.35833740234375,
      145.6149139404297,
      142.7305450439453,
      95.53522491455078,
      91.35938262939453,
      28.92133331298828,
      31.371715545654297,
      2.922680616378784,
      3.056164026260376
    ],
    [
      97.98927307128906,
      76.93682098388672,
      100.20276641845703,
      106.28802490234375,
      127.72151947021484,
      132.28509521484375,
      155.11695861816406,
      149.72889709472656,
      171.5504150390625,
      174.54840087890625,
      158.4880828857422,
      155.7228240966797,
      104.25757598876953,
      100.06065368652344,
      32.88908386230469,
      35.9016227722168,
      3.758213996887207,
      3.9583005905151367
    ],
    [
      98.68185424804688,
      77.91773223876953,
      98.6803970336914,
      105.3090591430664,
      127.65633392333984,
      133.0186309814453,
      149.72889709472656,
      157.5604705810547,
      173.03448486328125,
      176.580078125,
      159.07394409179688,
      156.08261108398438,
      104.98570251464844,
      100.77762603759766,
      33.02796173095703,
      36.03102111816406,
      3.7800986766815186,
      4.005604267120361
    ],
    [
      135.92816162109375,
      101.97402954101562,
      121.00672912597656,
      129.2771453857422,
      151.3079833984375,
      157.00648498535156,
      171.5504150390625,
      173.03448486328125,
      232.879150390625,
      234.25807189941406,
      199.5883331298828,
      195.71041870117188,
      127.26927185058594,
      122.21565246582031,
      38.89375305175781,
      42.388309478759766,
      4.279468536376953,
      4.523787975311279
    ],
    [
      139.15213012695312,
      104.21636962890625,
      122.51013946533203,
      131.30813598632812,
      152.71600341796875,
      159.35833740234375,
      174.54840087890625,
      176.580078125,
      234.25807189941406,
      241.41748046875,
      202.0135498046875,
      198.04635620117188,
      129.2353057861328,
      124.01127624511719,
      39.460655212402344,
      43.1773681640625,
      4.384070873260498,
      4.623133659362793
    ],
    [
      115.9911117553711,
      89.59728240966797,
      112.27129364013672,
      117.03900909423828,
      140.59898376464844,
      145.6149139404297,
      158.4880828857422,
      159.07394409179688,
      199.5883331298828,
      202.0135498046875,
      187.15866088867188,
      182.17697143554688,
      123.92313385009766,
      118.75196075439453,
      39.252784729003906,
      42.50466537475586,
      4.323183536529541,
      4.5686936378479
    ],
    [
      114.18631744384766,
      87.92886352539062,
      110.43587493896484,
      115.20569610595703,
      137.64158630371094,
      142.7305450439453,
      155.7228240966797,
      156.08261108398438,
      195.71041870117188,
      198.04635620117188,
      182.17697143554688,
      180.3321533203125,
      122.34001922607422,
      117.1012954711914,
      38.52785110473633,
      41.74243927001953,
      4.228185176849365,
      4.448948860168457
    ],
    [
      73.24009704589844,
      58.87418746948242,
      75.48037719726562,
      75.77433776855469,
      91.33739471435547,
      95.53522491455078,
      104.25757598876953,
      104.98570251464844,
      127.26927185058594,
      129.2353057861328,
      123.92313385009766,
      122.34001922607422,
      94.38679504394531,
      90.00587463378906,
      32.50838851928711,
      35.10503387451172,
      3.786076068878174,
      3.997570753097534
    ],
    [
      70.15392303466797,
      56.32687759399414,
      71.46878051757812,
      72.30352020263672,
      87.16181182861328,
      91.35938262939453,
      100.06065368652344,
      100.77762603759766,
      122.21565246582031,
      124.01127624511719,
      118.75196075439453,
      117.1012954711914,
      90.00587463378906,
      87.55177307128906,
      31.652584075927734,
      34.10087966918945,
      3.822796583175659,
      4.034204483032227
    ],
    [
      21.823198318481445,
      17.96331787109375,
      23.92021942138672,
      22.400117874145508,
      28.20394515991211,
      28.92133331298828,
      32.88908386230469,
      33.02796173095703,
      38.89375305175781,
      39.460655212402344,
      39.252784729003906,
      38.52785110473633,
      32.50838851928711,
      31.652584075927734,
      16.2654972076416,
      17.101112365722656,
      2.529121160507202,
      2.687422037124634
    ],
    [
      23.738248825073242,
      19.543792724609375,
      25.96779441833496,
      24.28892707824707,
      30.537755966186523,
      31.371715545654297,
      35.9016227722168,
      36.03102111816406,
      42.388309478759766,
      43.1773681640625,
      42.50466537475586,
      41.74243927001953,
      35.10503387451172,
      34.10087966918945,
      17.101112365722656,
      18.66009521484375,
      2.6801183223724365,
      2.856118679046631
    ],
    [
      2.409738063812256,
      1.8766528367996216,
      2.2903892993927,
      2.2033774852752686,
      2.7715141773223877,
      2.922680616378784,
      3.758213996887207,
      3.7800986766815186,
      4.279468536376953,
      4.384070873260498,
      4.323183536529541,
      4.228185176849365,
      3.786076068878174,
      3.822796583175659,
      2.529121160507202,
      2.6801183223724365,
      0.9133748412132263,
      0.9463741183280945
    ],
    [
      2.5309767723083496,
      1.9949920177459717,
      2.423553943634033,
      2.3041765689849854,
      2.903881549835205,
      3.056164026260376,
      3.9583005905151367,
      4.005604267120361,
      4.523787975311279,
      4.623133659362793,
      4.5686936378479,
      4.448948860168457,
      3.997570753097534,
      4.034204483032227,
      2.687422037124634,
      2.856118679046631,
      0.9463741183280945,
      1.0064904689788818
    ]
  ],
  "damage": -13.940104484558105,
  "diff_bandwidth": 616.9898071289062,
  "dissonance": 6.690381388280881,
  "drr": 1.5371291637420654,
  "dynamics": 7.682217597961426,
  "format": 1245190,
  "frames": 11051008,
  "loudness": -24.164222717285156,
  "loudness_range": 27.317319869995117,
  "loudness_range_short": 29.356321334838867,
  "lowpass_true_peak_15khz": -0.044503070414066315,
  "mastering3_acoustic_entropies": [
    {
      "acoustic_entropy": 4.372124195098877,
      "acoustic_entropy_mono": 4.102245330810547,
      "band_eliminated_acoustic_entropies": [
        {
          "acoustic_entropy": 4.370970249176025,
          "acoustic_entropy_side": 4.37210750579834,
          "hz": 129.47220167065723
        },
        {
          "acoustic_entropy": 4.365450382232666,
          "acoustic_entropy_side": 4.37070894241333,
          "hz": 202.92927478742237
        },
        {
          "acoustic_entropy": 4.226037502288818,
          "acoustic_entropy_side": 4.281600475311279,
          "hz": 282.89161906338205
        },
        {
          "acoustic_entropy": 4.876791000366211,
          "acoustic_entropy_side": 4.337265968322754,
          "hz": 369.9353335868758
        },
        {
          "acoustic_entropy": 3.982163906097412,
          "acoustic_entropy_side": 4.407689571380615,
          "hz": 464.6875360973435
        },
        {
          "acoustic_entropy": 4.303689002990723,
          "acoustic_entropy_side": 4.3258161544799805,
          "hz": 567.8308811364784
        },
        {
          "acoustic_entropy": 4.399210453033447,
          "acoustic_entropy_side": 4.388625621795654,
          "hz": 680.1084783214808
        },
        {
          "acoustic_entropy": 4.531717777252197,
          "acoustic_entropy_side": 4.489909648895264,
          "hz": 802.3292461747484
        },
        {
          "acoustic_entropy": 4.989787578582764,
          "acoustic_entropy_side": 4.838263034820557,
          "hz": 935.3737400823702
        },
        {
          "acoustic_entropy": 4.3286943435668945,
          "acoustic_entropy_side": 4.319358825683594,
          "hz": 1080.2004963696966
        },
        {
          "acoustic_entropy": 4.372908592224121,
          "acoustic_entropy_side": 4.403187274932861,
          "hz": 1237.8529382007157
        },
        {
          "acoustic_entropy": 4.560957908630371,
          "acoustic_entropy_side": 4.274844646453857,
          "hz": 1409.4668930556702
        },
        {
          "acoustic_entropy": 4.079789638519287,
          "acoustic_entropy_side": 4.199534893035889,
          "hz": 1596.2787759475705
        },
        {
          "acoustic_entropy": 4.270822525024414,
          "acoustic_entropy_side": 4.422101020812988,
          "hz": 1799.6344973346393
        },
        {
          "acoustic_entropy": 4.692216873168945,
          "acoustic_entropy_side": 4.601407527923584,
          "hz": 2020.9991599069049
        },
        {
          "acoustic_entropy": 4.393126487731934,
          "acoustic_entropy_side": 4.423098564147949,
          "hz": 2261.9676141086993
        },
        {
          "acoustic_entropy": 4.376558303833008,
          "acoustic_entropy_side": 4.428149223327637,
          "hz": 2524.2759484456974
        },
        {
          "acoustic_entropy": 4.335907936096191,
          "acoustic_entropy_side": 4.395383834838867,
          "hz": 2809.813997359896
        },
        {
          "acoustic_entropy": 4.359377384185791,
          "acoustic_entropy_side": 4.379846096038818,
          "hz": 3120.6389567871424
        },
        {
          "acoustic_entropy": 4.389423847198486,
          "acoustic_entropy_side": 4.3777852058410645,
          "hz": 3458.990205492291
        },
        {
          "acoustic_entropy": 4.278147220611572,
          "acoustic_entropy_side": 4.333917617797852,
          "hz": 3827.305438964164
        },
        {
          "acoustic_entropy": 4.323269844055176,
          "acoustic_entropy_side": 4.355180740356445,
          "hz": 4228.238232109126
        },
        {
          "acoustic_entropy": 4.356481075286865,
          "acoustic_entropy_side": 4.3636016845703125,
          "hz": 4664.6771572759235
        },
        {
          "acoustic_entropy": 4.370047569274902,
          "acoustic_entropy_side": 4.370347023010254,
          "hz": 5139.766595350093
        },
        {
          "acoustic_entropy": 4.368950366973877,
          "acoustic_entropy_side": 4.369180679321289,
          "hz": 5656.929389854203
        },
        {
          "acoustic_entropy": 4.36288595199585,
          "acoustic_entropy_side": 4.3643622398376465,
          "hz": 6219.891507268283
        },
        {
          "acoustic_entropy": 4.3706583976745605,
          "acoustic_entropy_side": 4.371274471282959,
          "hz": 6832.70888123896
        },
        {
          "acoustic_entropy": 4.372230529785156,
          "acoustic_entropy_side": 4.37244987487793,
          "hz": 7499.796634079867
        },
        {
          "acoustic_entropy": 4.371641635894775,
          "acoustic_entropy_side": 4.371895790100098,
          "hz": 8225.96088609342
        },
        {
          "acoustic_entropy": 4.37206506729126,
          "acoustic_entropy_side": 4.372150897979736,
          "hz": 9016.43338188839
        },
        {
          "acoustic_entropy": 4.3720927238464355,
          "acoustic_entropy_side": 4.372128486633301,
          "hz": 9876.909183162974
        },
        {
          "acoustic_entropy": 4.3720784187316895,
          "acoustic_entropy_side": 4.372095108032227,
          "hz": 10813.587699516042
        },
        {
          "acoustic_entropy": 4.372066020965576,
          "acoustic_entropy_side": 4.3720784187316895,
          "hz": 11833.21735289826
        },
        {
          "acoustic_entropy": 4.372111797332764,
          "acoustic_entropy_side": 4.372117042541504,
          "hz": 12943.144197493959
        },
        {
          "acoustic_entropy": 4.372121334075928,
          "acoustic_entropy_side": 4.372122287750244,
          "hz": 14151.364845322005
        },
        {
          "acoustic_entropy": 4.372123718261719,
          "acoustic_entropy_side": 4.372123718261719,
          "hz": 15466.58407886509
        },
        {
          "acoustic_entropy": 4.372124195098877,
          "acoustic_entropy_side": 4.372124195098877,
          "hz": 16898.27756580493
        },
        {
          "acoustic_entropy": 4.372124195098877,
          "acoustic_entropy_side": 4.372124195098877,
          "hz": 18456.760127700032
        },
        {
          "acoustic_entropy": 4.372124195098877,
          "acoustic_entropy_side": 4.372124195098877,
          "hz": 20153.260054456492
        },
        {
          "acoustic_entropy": 4.372124195098877,
          "acoustic_entropy_side": 4.372124195098877,
          "hz": 22000.00000000001
        }
      ],
      "diff_acoustic_entropy": 3.3168704509735107,
      "sn": 6
    },
    {
      "acoustic_entropy": 7.115790367126465,
      "acoustic_entropy_mono": 6.490682125091553,
      "band_eliminated_acoustic_entropies": [
        {
          "acoustic_entropy": 7.12698221206665,
          "acoustic_entropy_side": 7.116044521331787,
          "hz": 129.47220167065723
        },
        {
          "acoustic_entropy": 7.1851420402526855,
          "acoustic_entropy_side": 7.136982440948486,
          "hz": 202.92927478742237
        },
        {
          "acoustic_entropy": 6.007170677185059,
          "acoustic_entropy_side": 6.799070358276367,
          "hz": 282.89161906338205
        },
        {
          "acoustic_entropy": 7.5098676681518555,
          "acoustic_entropy_side": 7.044363975524902,
          "hz": 369.9353335868758
        },
        {
          "acoustic_entropy": 6.601855754852295,
          "acoustic_entropy_side": 7.07821798324585,
          "hz": 464.6875360973435
        },
        {
          "acoustic_entropy": 6.92070198059082,
          "acoustic_entropy_side": 7.2421040534973145,
          "hz": 567.8308811364784
        },
        {
          "acoustic_entropy": 6.9974236488342285,
          "acoustic_entropy_side": 7.029477119445801,
          "hz": 680.1084783214808
        },
        {
          "acoustic_entropy": 7.112624645233154,
          "acoustic_entropy_side": 6.8645853996276855,
          "hz": 802.3292461747484
        },
        {
          "acoustic_entropy": 7.155811786651611,
          "acoustic_entropy_side": 7.176881790161133,
          "hz": 935.3737400823702
        },
        {
          "acoustic_entropy": 7.28793478012085,
          "acoustic_entropy_side": 7.325637340545654,
          "hz": 1080.2004963696966
        },
        {
          "acoustic_entropy": 6.628357410430908,
          "acoustic_entropy_side": 6.69905948638916,
          "hz": 1237.8529382007157
        },
        {
          "acoustic_entropy": 7.04880952835083,
          "acoustic_entropy_side": 6.650576114654541,
          "hz": 1409.4668930556702
        },
        {
          "acoustic_entropy": 6.878411293029785,
          "acoustic_entropy_side": 7.029543399810791,
          "hz": 1596.2787759475705
        },
        {
          "acoustic_entropy": 6.805897235870361,
          "acoustic_entropy_side": 6.8914079666137695,
          "hz": 1799.6344973346393
        },
        {
          "acoustic_entropy": 6.857303142547607,
          "acoustic_entropy_side": 6.8240203857421875,
          "hz": 2020.9991599069049
        },
        {
          "acoustic_entropy": 6.889216423034668,
          "acoustic_entropy_side": 6.95663595199585,
          "hz": 2261.9676141086993
        },
        {
          "acoustic_entropy": 7.110133171081543,
          "acoustic_entropy_side": 7.105031967163086,
          "hz": 2524.2759484456974
        },
        {
          "acoustic_entropy": 7.169984817504883,
          "acoustic_entropy_side": 7.1973700523376465,
          "hz": 2809.813997359896
        },
        {
          "acoustic_entropy": 7.025019645690918,
          "acoustic_entropy_side": 7.16343355178833,
          "hz": 3120.6389567871424
        },
        {
          "acoustic_entropy": 7.229251384735107,
          "acoustic_entropy_side": 7.186868190765381,
          "hz": 3458.990205492291
        },
        {
          "acoustic_entropy": 6.666868209838867,
          "acoustic_entropy_side": 7.157912731170654,
          "hz": 3827.305438964164
        },
        {
          "acoustic_entropy": 7.047317028045654,
          "acoustic_entropy_side": 7.097773551940918,
          "hz": 4228.238232109126
        },
        {
          "acoustic_entropy": 7.096218109130859,
          "acoustic_entropy_side": 7.102153301239014,
          "hz": 4664.6771572759235
        },
        {
          "acoustic_entropy": 7.191275119781494,
          "acoustic_entropy_side": 7.143154621124268,
          "hz": 5139.766595350093
        },
        {
          "acoustic_entropy": 7.0717058181762695,
          "acoustic_entropy_side": 7.077842712402344,
          "hz": 5656.929389854203
        },
        {
          "acoustic_entropy": 7.029779434204102,
          "acoustic_entropy_side": 7.040921688079834,
          "hz": 6219.891507268283
        },
        {
          "acoustic_entropy": 7.0649590492248535,
          "acoustic_entropy_side": 7.087153911590576,
          "hz": 6832.70888123896
        },
        {
          "acoustic_entropy": 7.093585968017578,
          "acoustic_entropy_side": 7.101344585418701,
          "hz": 7499.796634079867
        },
        {
          "acoustic_entropy": 7.106506824493408,
          "acoustic_entropy_side": 7.10876989364624,
          "hz": 8225.96088609342
        },
        {
          "acoustic_entropy": 7.115298271179199,
          "acoustic_entropy_side": 7.116318702697754,
          "hz": 9016.43338188839
        },
        {
          "acoustic_entropy": 7.115829944610596,
          "acoustic_entropy_side": 7.116406440734863,
          "hz": 9876.909183162974
        },
        {
          "acoustic_entropy": 7.115207672119141,
          "acoustic_entropy_side": 7.115621089935303,
          "hz": 10813.587699516042
        },
        {
          "acoustic_entropy": 7.1156415939331055,
          "acoustic_entropy_side": 7.1157002449035645,
          "hz": 11833.21735289826
        },
        {
          "acoustic_entropy": 7.115774154663086,
          "acoustic_entropy_side": 7.115768909454346,
          "hz": 12943.144197493959
        },
        {
          "acoustic_entropy": 7.115784168243408,
          "acoustic_entropy_side": 7.115779399871826,
          "hz": 14151.364845322005
        },
        {
          "acoustic_entropy": 7.115783214569092,
          "acoustic_entropy_side": 7.115786552429199,
          "hz": 15466.58407886509
        },
        {
          "acoustic_entropy": 7.115791320800781,
          "acoustic_entropy_side": 7.115791320800781,
          "hz": 16898.27756580493
        },
        {
          "acoustic_entropy": 7.115790843963623,
          "acoustic_entropy_side": 7.115790843963623,
          "hz": 18456.760127700032
        },
        {
          "acoustic_entropy": 7.115790843963623,
          "acoustic_entropy_side": 7.115790843963623,
          "hz": 20153.260054456492
        },
        {
          "acoustic_entropy": 7.115790843963623,
          "acoustic_entropy_side": 7.115790843963623,
          "hz": 22000.00000000001
        }
      ],
      "diff_acoustic_entropy": 4.995699882507324,
      "sn": 12
    },
    {
      "acoustic_entropy": 10.952298164367676,
      "acoustic_entropy_mono": 9.826410293579102,
      "band_eliminated_acoustic_entropies": [
        {
          "acoustic_entropy": 10.939935684204102,
          "acoustic_entropy_side": 10.968985557556152,
          "hz": 129.47220167065723
        },
        {
          "acoustic_entropy": 10.74908447265625,
          "acoustic_entropy_side": 10.94576644897461,
          "hz": 202.92927478742237
        },
        {
          "acoustic_entropy": 9.944988250732422,
          "acoustic_entropy_side": 10.545930862426758,
          "hz": 282.89161906338205
        },
        {
          "acoustic_entropy": 10.935623168945312,
          "acoustic_entropy_side": 10.804441452026367,
          "hz": 369.9353335868758
        },
        {
          "acoustic_entropy": 10.152567863464355,
          "acoustic_entropy_side": 10.832598686218262,
          "hz": 464.6875360973435
        },
        {
          "acoustic_entropy": 10.445262908935547,
          "acoustic_entropy_side": 10.801433563232422,
          "hz": 567.8308811364784
        },
        {
          "acoustic_entropy": 10.549490928649902,
          "acoustic_entropy_side": 10.351033210754395,
          "hz": 680.1084783214808
        },
        {
          "acoustic_entropy": 10.670500755310059,
          "acoustic_entropy_side": 10.97193431854248,
          "hz": 802.3292461747484
        },
        {
          "acoustic_entropy": 11.402387619018555,
          "acoustic_entropy_side": 10.730817794799805,
          "hz": 935.3737400823702
        },
        {
          "acoustic_entropy": 11.15535831451416,
          "acoustic_entropy_side": 11.264501571655273,
          "hz": 1080.2004963696966
        },
        {
          "acoustic_entropy": 10.689412117004395,
          "acoustic_entropy_side": 11.230331420898438,
          "hz": 1237.8529382007157
        },
        {
          "acoustic_entropy": 11.357202529907227,
          "acoustic_entropy_side": 11.198251724243164,
          "hz": 1409.4668930556702
        },
        {
          "acoustic_entropy": 10.485709190368652,
          "acoustic_entropy_side": 11.622274398803711,
          "hz": 1596.2787759475705
        },
        {
          "acoustic_entropy": 11.776005744934082,
          "acoustic_entropy_side": 11.299656867980957,
          "hz": 1799.6344973346393
        },
        {
          "acoustic_entropy": 10.803956031799316,
          "acoustic_entropy_side": 10.813952445983887,
          "hz": 2020.9991599069049
        },
        {
          "acoustic_entropy": 10.460683822631836,
          "acoustic_entropy_side": 10.659540176391602,
          "hz": 2261.9676141086993
        },
        {
          "acoustic_entropy": 10.320358276367188,
          "acoustic_entropy_side": 10.543561935424805,
          "hz": 2524.2759484456974
        },
        {
          "acoustic_entropy": 10.615962028503418,
          "acoustic_entropy_side": 10.758687019348145,
          "hz": 2809.813997359896
        },
        {
          "acoustic_entropy": 10.958760261535645,
          "acoustic_entropy_side": 10.875980377197266,
          "hz": 3120.6389567871424
        },
        {
          "acoustic_entropy": 10.8339204788208,
