{
  "acoustic_entropy": 178.046630859375,
  "bands": [
    {
      "high_freq": 148.1999969482422,
      "loudness": -22.513643264770508,
      "loudness_range": 6.716274261474609,
      "mid_mean": -18.912818908691406,
      "mid_to_side_loudness": -18.173900604248047,
      "mid_to_side_loudness_range": 7.202356338500977,
      "side_mean": -37.283470153808594
    },
    {
      "high_freq": 392.3793640136719,
      "loudness": -17.589101791381836,
      "loudness_range": 7.700848579406738,
      "low_freq": 148.1999969482422,
      "mid_mean": -13.991511344909668,
      "mid_to_side_loudness": -18.024503707885742,
      "mid_to_side_loudness_range": 7.17249870300293,
      "side_mean": -32.30003356933594
    },
    {
      "high_freq": 794.6976318359375,
      "loudness": -20.577852249145508,
      "loudness_range": 6.120683670043945,
      "low_freq": 392.3793640136719,
      "mid_mean": -16.985694885253906,
      "mid_to_side_loudness": -16.632099151611328,
      "mid_to_side_loudness_range": 8.477982521057129,
      "side_mean": -33.846561431884766
    },
    {
      "high_freq": 1457.5709228515625,
      "loudness": -23.12150001525879,
      "loudness_range": 9.105401992797852,
      "low_freq": 794.6976318359375,
      "mid_mean": -19.58055305480957,
      "mid_to_side_loudness": -16.25537872314453,
      "mid_to_side_loudness_range": 12.878118515014648,
      "side_mean": -36.002906799316406
    },
    {
      "high_freq": 2549.74365234375,
      "loudness": -24.106266021728516,
      "loudness_range": 9.077535629272461,
      "low_freq": 1457.5709228515625,
      "mid_mean": -20.562406539916992,
      "mid_to_side_loudness": -16.574771881103516,
      "mid_to_side_loudness_range": 10.092523574829102,
      "side_mean": -37.239784240722656
    },
    {
      "high_freq": 4349.24462890625,
      "loudness": -26.071338653564453,
      "loudness_range": 10.372686386108398,
      "low_freq": 2549.74365234375,
      "mid_mean": -22.643259048461914,
      "mid_to_side_loudness": -15.22443962097168,
      "mid_to_side_loudness_range": 14.696990966796875,
      "side_mean": -37.88813018798828
    },
    {
      "high_freq": 7314.1640625,
      "loudness": -32.64025115966797,
      "loudness_range": 9.481678009033203,
      "low_freq": 4349.24462890625,
      "mid_mean": -29.457311630249023,
      "mid_to_side_loudness": -11.896573066711426,
      "mid_to_side_loudness_range": 15.14901351928711,
      "side_mean": -41.25185012817383
    },
    {
      "high_freq": 12199.2666015625,
      "loudness": -32.51279830932617,
      "loudness_range": 9.463506698608398,
      "low_freq": 7314.1640625,
      "mid_mean": -29.15169334411621,
      "mid_to_side_loudness": -15.008953094482422,
      "mid_to_side_loudness_range": 15.699185371398926,
      "side_mean": -44.176979064941406
    },
    {
      "loudness": -36.99163055419922,
      "loudness_range": 8.203544616699219,
      "low_freq": 12199.2666015625,
      "mid_mean": -33.44746017456055,
      "mid_to_side_loudness": -17.46344757080078,
      "mid_to_side_loudness_range": 12.176106452941895,
      "side_mean": -51.5361442565918
    }
  ],
  "bands_short": [
    {
      "high_freq": 148.1999969482422,
      "loudness": -28.20819854736328,
      "loudness_range": 8.06155776977539,
      "mid_mean": -24.592227935791016,
      "mid_to_side_loudness": -20.03070640563965,
      "mid_to_side_loudness_range": 12.27558708190918,
      "side_mean": -44.81045150756836
    },
    {
      "high_freq": 392.3793640136719,
      "loudness": -17.0623779296875,
      "loudness_range": 8.268536567687988,
      "low_freq": 148.1999969482422,
      "mid_mean": -13.469560623168945,
      "mid_to_side_loudness": -17.870407104492188,
      "mid_to_side_loudness_range": 9.678486824035645,
      "side_mean": -31.563955307006836
    },
    {
      "high_freq": 794.6976318359375,
      "loudness": -20.597700119018555,
      "loudness_range": 8.85616683959961,
      "low_freq": 392.3793640136719,
      "mid_mean": -17.02115249633789,
      "mid_to_side_loudness": -16.89163589477539,
      "mid_to_side_loudness_range": 10.346829414367676,
      "side_mean": -34.113834381103516
    },
    {
      "high_freq": 1457.5709228515625,
      "loudness": -23.605356216430664,
      "loudness_range": 11.03079605102539,
      "low_freq": 794.6976318359375,
      "mid_mean": -20.133424758911133,
      "mid_to_side_loudness": -16.182912826538086,
      "mid_to_side_loudness_range": 15.146339416503906,
      "side_mean": -36.44599533081055
    },
    {
      "high_freq": 2549.74365234375,
      "loudness": -24.55103302001953,
      "loudness_range": 10.731281280517578,
      "low_freq": 1457.5709228515625,
      "mid_mean": -21.004297256469727,
      "mid_to_side_loudness": -16.56805419921875,
      "mid_to_side_loudness_range": 11.708487510681152,
      "side_mean": -37.70522689819336
    },
    {
      "high_freq": 4349.24462890625,
      "loudness": -26.583568572998047,
      "loudness_range": 12.505102157592773,
      "low_freq": 2549.74365234375,
      "mid_mean": -23.162017822265625,
      "mid_to_side_loudness": -15.062841415405273,
      "mid_to_side_loudness_range": 15.530492782592773,
      "side_mean": -38.27232360839844
    },
    {
      "high_freq": 7314.1640625,
      "loudness": -33.28847885131836,
      "loudness_range": 13.185932159423828,
      "low_freq": 4349.24462890625,
      "mid_mean": -30.165735244750977,
      "mid_to_side_loudness": -11.643760681152344,
      "mid_to_side_loudness_range": 16.153512954711914,
      "side_mean": -41.746177673339844
    },
    {
      "high_freq": 12199.2666015625,
      "loudness": -33.05622863769531,
      "loudness_range": 11.94938850402832,
      "low_freq": 7314.1640625,
      "mid_mean": -29.681472778320312,
      "mid_to_side_loudness": -15.03646183013916,
      "mid_to_side_loudness_range": 16.41292381286621,
      "side_mean": -44.76447677612305
    },
    {
      "loudness": -37.421024322509766,
      "loudness_range": 10.584224700927734,
      "low_freq": 12199.2666015625,
      "mid_mean": -33.889835357666016,
      "mid_to_side_loudness": -17.89297103881836,
      "mid_to_side_loudness_range": 14.049893379211426,
      "side_mean": -52.3082160949707
    }
  ],
  "bandwidth": 581.6910400390625,
  "channels": 2,
  "covariance": [
    [
      7.989710807800293,
      4.196222305297852,
      2.5799224376678467,
      2.52824068069458,
      2.7074947357177734,
      3.219391107559204,
      2.226274251937866,
      2.098814010620117,
      3.714003801345825,
      2.764824390411377,
      2.2339179515838623,
      1.8375694751739502,
      3.1354315280914307,
      2.2394604682922363,
      3.8219237327575684,
      2.988891839981079,
      3.334498405456543,
      3.337150812149048
    ],
    [
      4.196222305297852,
      7.126523017883301,
      3.2433741092681885,
      2.809998035430908,
      3.079840898513794,
      3.005740165710449,
      2.034615993499756,
      1.127013921737671,
      3.678166151046753,
      2.985818862915039,
      3.3406925201416016,
      1.3158977031707764,
      5.26275110244751,
      2.0542831420898438,
      5.058256149291992,
      2.7187881469726562,
      3.4191319942474365,
      2.1594390869140625
    ],
    [
      2.5799224376678467,
      3.2433741092681885,
      10.960542678833008,
      8.815347671508789,
      5.237276554107666,
      5.480216026306152,
      3.369220018386841,
      5.622550964355469,
      4.039120674133301,
      3.807298183441162,
      0.20736323297023773,
      3.404977798461914,
      2.663198232650757,
      5.1763739585876465,
      2.688434600830078,
      5.560673236846924,
      4.799356460571289,
      5.44148063659668
    ],
    [
      2.52824068069458,
      2.809998035430908,
      8.815347671508789,
      12.748435974121094,
      6.308108806610107,
      7.701116561889648,
      4.3223490715026855,
      7.94661283493042,
      3.612584114074707,
      6.52323055267334,
      -0.04750495404005051,
      5.318685531616211,
      2.3322231769561768,
      7.636831283569336,
      2.708428144454956,
      8.59280014038086,
      5.199336051940918,
      9.572452545166016
    ],
    [
      2.7074947357177734,
      3.079840898513794,
      5.237276554107666,
      6.308108806610107,
      7.9776930809021,
      7.1080756187438965,
      5.925649642944336,
      5.050008296966553,
      5.516047477722168,
      6.100342273712158,
      3.0770370960235596,
      3.8383901119232178,
      4.505388259887695,
      5.263056755065918,
      5.278672218322754,
      6.243569374084473,
      7.332191467285156,
      8.234800338745117
    ],
    [
      3.219391107559204,
      3.005740165710449,
      5.480216026306152,
      7.701116561889648,
      7.1080756187438965,
      13.57303237915039,
      5.0904130935668945,
      6.052001476287842,
      5.062562465667725,
      9.854743003845215,
      2.775674819946289,
      6.5147175788879395,
      4.601457118988037,
      9.004528999328613,
      5.133656978607178,
      9.874804496765137,
      6.886651039123535,
      11.444947242736816
    ],
    [
      2.226274251937866,
      2.034615993499756,
      3.369220018386841,
      4.3223490715026855,
      5.925649642944336,
      5.0904130935668945,
      12.662899017333984,
      10.15604305267334,
      6.176898956298828,
      7.167730808258057,
      5.703221321105957,
      6.249026298522949,
      3.99237322807312,
      6.520519733428955,
      6.880527019500732,
      8.064691543579102,
      10.272486686706543,
      10.30693244934082
    ],
    [
      2.098814010620117,
      1.127013921737671,
      5.622550964355469,
      7.94661283493042,
      5.050008296966553,
      6.052001476287842,
      10.15604305267334,
      24.286264419555664,
      2.463137149810791,
      9.200678825378418,
      1.5288705825805664,
      16.362817764282227,
      0.6403059363365173,
      17.17250633239746,
      2.7228691577911377,
      19.642593383789062,
      7.316622257232666,
      19.54680633544922
    ],
    [
      3.714003801345825,
      3.678166151046753,
      4.039120674133301,
      3.612584114074707,
      5.516047477722168,
      5.062562465667725,
      6.176898956298828,
      2.463137149810791,
      12.673018455505371,
      8.807466506958008,
      9.197067260742188,
      4.209671974182129,
      8.49144172668457,
      5.267445087432861,
      11.26291275024414,
      5.2322821617126465,
      9.932047843933105,
      5.972388744354248
    ],
    [
      2.764824390411377,
      2.985818862915039,
      3.807298183441162,
      6.52323055267334,
      6.100342273712158,
      9.854743003845215,
      7.167730808258057,
      9.200678825378418,
      8.807466506958008,
      15.93990707397461,
      7.085338115692139,
      9.563973426818848,
      6.5921220779418945,
      11.955643653869629,
      8.9529447555542,
      12.774504661560059,
      9.658751487731934,
      13.519761085510254
    ],
    [
      2.2339179515838623,
      3.3406925201416016,
      0.20736323297023773,
      -0.04750495404005051,
      3.0770370960235596,
      2.775674819946289,
      5.703221321105957,
      1.5288705825805664,
      9.197067260742188,
      7.085338115692139,
      14.997639656066895,
      4.585585117340088,
      12.27497386932373,
      4.116824150085449,
      14.156047821044922,
      4.590280055999756,
      8.680729866027832,
      4.327824115753174
    ],
    [
      1.8375694751739502,
      1.3158977031707764,
      3.404977798461914,
      5.318685531616211,
      3.8383901119232178,
      6.5147175788879395,
      6.249026298522949,
      16.362817764282227,
      4.209671974182129,
      9.563973426818848,
      4.585585117340088,
      15.920212745666504,
      4.034587860107422,
      16.105106353759766,
      5.245193958282471,
      17.461763381958008,
      6.062637805938721,
      16.214921951293945
    ],
    [
      3.1354315280914307,
      5.26275110244751,
      2.663198232650757,
      2.3322231769561768,
      4.505388259887695,
      4.601457118988037,
      3.99237322807312,
      0.6403059363365173,
      8.49144172668457,
      6.5921220779418945,
      12.27497386932373,
      4.034587860107422,
      18.319438934326172,
      5.947106838226318,
      14.65860652923584,
      5.875301837921143,
      7.824741363525391,
      4.486691474914551
    ],
    [
      2.2394604682922363,
      2.0542831420898438,
      5.1763739585876465,
      7.636831283569336,
      5.263056755065918,
      9.004528999328613,
      6.520519733428955,
      17.17250633239746,
      5.267445087432861,
      11.955643653869629,
      4.116824150085449,
      16.105106353759766,
      5.947106838226318,
      19.895570755004883,
      5.866446018218994,
      20.142486572265625,
      6.854381561279297,
      18.404451370239258
    ],
    [
      3.8219237327575684,
      5.058256149291992,
      2.688434600830078,
      2.708428144454956,
      5.278672218322754,
      5.133656978607178,
      6.880527019500732,
      2.7228691577911377,
      11.26291275024414,
      8.9529447555542,
      14.156047821044922,
      5.245193958282471,
      14.65860652923584,
      5.866446018218994,
      16.884180068969727,
      7.472467422485352,
      10.9221773147583,
      7.133042812347412
    ],
    [
      2.988891839981079,
      2.7187881469726562,
      5.560673236846924,
      8.59280014038086,
      6.243569374084473,
      9.874804496765137,
      8.064691543579102,
      19.642593383789062,
      5.2322821617126465,
      12.774504661560059,
      4.590280055999756,
      17.461763381958008,
      5.875301837921143,
      20.142486572265625,
      7.472467422485352,
      23.131458282470703,
      8.389297485351562,
      21.623594284057617
    ],
    [
      3.334498405456543,
      3.4191319942474365,
      4.799356460571289,
      5.199336051940918,
      7.332191467285156,
      6.886651039123535,
      10.272486686706543,
      7.316622257232666,
      9.932047843933105,
      9.658751487731934,
      8.680729866027832,
      6.062637805938721,
      7.824741363525391,
      6.854381561279297,
      10.9221773147583,
      8.389297485351562,
      12.439638137817383,
      10.34461784362793
    ],
    [
      3.337150812149048,
      2.1594390869140625,
      5.44148063659668,
      9.572452545166016,
      8.234800338745117,
      11.444947242736816,
      10.30693244934082,
      19.54680633544922,
      5.972388744354248,
      13.519761085510254,
      4.327824115753174,
      16.214921951293945,
      4.486691474914551,
      18.404451370239258,
      7.133042812347412,
      21.623594284057617,
      10.34461784362793,
      34.71345520019531
    ]
  ],
  "covariance_short": [
    [
      11.640501022338867,
      4.022421360015869,
      3.0778985023498535,
      2.6458380222320557,
      3.4498977661132812,
      3.868537664413452,
      3.0500333309173584,
      2.5857932567596436,
      2.6523783206939697,
      2.639219045639038,
      2.849388599395752,
      2.2240169048309326,
      4.521857738494873,
      3.529921770095825,
      4.092366695404053,
      3.8005592823028564,
      3.7589340209960938,
      4.3501105308532715
    ],
    [
      4.022421360015869,
      15.252842903137207,
      2.545180082321167,
      1.8012454509735107,
      2.5118772983551025,
      2.8580713272094727,
      1.551284909248352,
      0.9200316667556763,
      2.335186004638672,
      1.871595859527588,
      2.9105825424194336,
      1.2479208707809448,
      5.177444934844971,
      2.460570812225342,
      4.142678260803223,
      2.336646795272827,
      2.564729690551758,
      2.8767292499542236
    ],
    [
      3.0778985023498535,
      2.545180082321167,
      12.112504005432129,
      6.325590133666992,
      4.675130367279053,
      3.9984729290008545,
      3.8502037525177,
      3.943678140640259,
      3.6978583335876465,
      2.643615245819092,
      1.6768288612365723,
      2.938297986984253,
      3.2852728366851807,
      4.373152256011963,
      3.2243332862854004,
      4.415897369384766,
      4.732840061187744,
      4.301960468292236
    ],
    [
      2.6458380222320557,
      1.8012454509735107,
      6.325590133666992,
      12.042655944824219,
      5.229663372039795,
      5.979328632354736,
      5.091907978057861,
      6.791426181793213,
      3.60900616645813,
      5.550836563110352,
      1.5072288513183594,
      4.759326457977295,
      2.998594284057617,
      6.74039363861084,
      3.4153971672058105,
      7.23568868637085,
      5.4595441818237305,
      8.286224365234375
    ],
    [
      3.4498977661132812,
      2.5118772983551025,
      4.675130367279053,
      5.229663372039795,
      13.080758094787598,
      9.30505084991455,
      8.710325241088867,
      5.549450874328613,
      7.53961706161499,
      7.786172389984131,
      5.033410549163818,
      4.97747802734375,
      5.417817115783691,
      7.052254676818848,
      7.352262496948242,
      8.199912071228027,
      11.085201263427734,
      12.050506591796875
    ],
    [
      3.868537664413452,
      2.8580713272094727,
      3.9984729290008545,
      5.979328632354736,
      9.30505084991455,
      17.329912185668945,
      7.2369256019592285,
      7.098840236663818,
      6.4732184410095215,
      11.608427047729492,
      4.4641337394714355,
      8.067338943481445,
      5.775123596191406,
      11.15937614440918,
      6.857510089874268,
      12.041890144348145,
      9.18333911895752,
      14.921256065368652
    ],
    [
      3.0500333309173584,
      1.551284909248352,
      3.8502037525177,
      5.091907978057861,
      8.710325241088867,
      7.2369256019592285,
      19.406076431274414,
      11.689330101013184,
      9.593974113464355,
      9.460637092590332,
      8.480624198913574,
      7.720944881439209,
      6.935019493103027,
      9.043766975402832,
      11.154754638671875,
      11.3175048828125,
      15.666251182556152,
      15.760491371154785
    ],
    [
      2.5857932567596436,
      0.9200316667556763,
      3.943678140640259,
      6.791426181793213,
      5.549450874328613,
      7.098840236663818,
      11.689330101013184,
      27.16449737548828,
      3.3329362869262695,
      10.110081672668457,
      3.1447598934173584,
      17.55037498474121,
      1.9979526996612549,
      18.47553825378418,
      4.867517471313477,
      21.196645736694336,
      8.906892776489258,
      22.610576629638672
    ],
    [
      2.6523783206939697,
      2.335186004638672,
      3.6978583335876465,
      3.60900616645813,
      7.53961706161499,
      6.4732184410095215,
      9.593974113464355,
      3.3329362869262695,
      17.604000091552734,
      10.79811954498291,
      12.37356948852539,
      6.148681640625,
      10.781678199768066,
      7.372588634490967,
      15.176309585571289,
      8.50105094909668,
      13.873187065124512,
      10.999128341674805
    ],
    [
      2.639219045639038,
      1.871595859527588,
      2.643615245819092,
      5.550836563110352,
      7.786172389984131,
      11.608427047729492,
      9.460637092590332,
      10.110081672668457,
      10.79811954498291,
      19.20108985900879,
      8.99151611328125,
      11.517465591430664,
      7.881200790405273,
      13.856063842773438,
      11.361395835876465,
      15.439184188842773,
      11.959369659423828,
      17.58867835998535
    ],
    [
      2.849388599395752,
      2.9105825424194336,
      1.6768288612365723,
      1.5072288513183594,
      5.033410549163818,
      4.4641337394714355,
      8.480624198913574,
      3.1447598934173584,
      12.37356948852539,
      8.99151611328125,
      20.719270706176758,
      7.47308874130249,
      17.34881019592285,
      7.5708746910095215,
      19.283157348632812,
      8.59780216217041,
      12.51266098022461,
      8.630546569824219
    ],
    [
      2.2240169048309326,
      1.2479208707809448,
      2.938297986984253,
      4.759326457977295,
      4.97747802734375,
      8.067338943481445,
      7.720944881439209,
      17.55037498474121,
      6.148681640625,
      11.517465591430664,
      7.47308874130249,
      18.819501876831055,
      6.4797258377075195,
      18.375852584838867,
      8.194902420043945,
      20.310317993164062,
      8.197185516357422,
      20.14267349243164
    ],
    [
      4.521857738494873,
      5.177444934844971,
      3.2852728366851807,
      2.998594284057617,
      5.417817115783691,
      5.775123596191406,
      6.935019493103027,
      1.9979526996612549,
      10.781678199768066,
      7.881200790405273,
      17.34881019592285,
      6.4797258377075195,
      26.68495750427246,
      10.533418655395508,
      19.646665573120117,
      9.593505859375,
      10.962822914123535,
      7.68133544921875
    ],
    [
      3.529921770095825,
      2.460570812225342,
      4.373152256011963,
      6.74039363861084,
      7.052254676818848,
      11.15937614440918,
      9.043766975402832,
      18.47553825378418,
      7.372588634490967,
      13.856063842773438,
      7.5708746910095215,
      18.375852584838867,
      10.533418655395508,
      23.655715942382812,
      10.20327091217041,
      24.075599670410156,
      10.049821853637695,
      23.270898818969727
    ],
    [
      4.092366695404053,
      4.142678260803223,
      3.2243332862854004,
      3.4153971672058105,
      7.352262496948242,
      6.857510089874268,
      11.154754638671875,
      4.867517471313477,
      15.176309585571289,
      11.361395835876465,
      19.283157348632812,
      8.194902420043945,
      19.646665573120117,
      10.20327091217041,
      22.47901725769043,
      11.64944839477539,
      15.853290557861328,
      12.2014799118042
    ],
    [
      3.8005592823028564,
      2.336646795272827,
      4.415897369384766,
      7.23568868637085,
      8.199912071228027,
      12.041890144348145,
      11.3175048828125,
      21.196645736694336,
      8.50105094909668,
      15.439184188842773,
      8.59780216217041,
      20.310317993164062,
      9.593505859375,
      24.075599670410156,
      11.64944839477539,
      27.572559356689453,
      12.174652099609375,
      27.394638061523438
    ],
    [
      3.7589340209960938,
      2.564729690551758,
      4.732840061187744,
      5.4595441818237305,
      11.085201263427734,
      9.18333911895752,
      15.666251182556152,
      8.906892776489258,
      13.873187065124512,
      11.959369659423828,
      12.51266098022461,
      8.197185516357422,
      10.962822914123535,
      10.049821853637695,
      15.853290557861328,
      12.174652099609375,
      18.57876968383789,
      16.688079833984375
    ],
    [
      4.3501105308532715,
      2.8767292499542236,
      4.301960468292236,
      8.286224365234375,
      12.050506591796875,
      14.921256065368652,
      15.760491371154785,
      22.610576629638672,
      10.999128341674805,
      17.58867835998535,
      8.630546569824219,
      20.14267349243164,
      7.68133544921875,
      23.270898818969727,
      12.2014799118042,
      27.394638061523438,
      16.688079833984375,
      43.88492202758789
    ]
  ],
  "damage": -4.937349796295166,
  "diff_bandwidth": 586.851318359375,
  "dissonance": 7.623613038985696,
  "drr": 1.4713537693023682,
  "dynamics": 1.6071990728378296,
  "format": 1245190,
  "frames": 6776832,
  "loudness": -9.759878158569336,
  "loudness_range": 3.584260940551758,
  "loudness_range_short": 5.148322582244873,
  "lowpass_true_peak_15khz": 0.30765995383262634,
  "mastering3_acoustic_entropies": [
    {
      "acoustic_entropy": 6.011916160583496,
      "acoustic_entropy_mono": 6.111617565155029,
      "band_eliminated_acoustic_entropies": [
        {
          "acoustic_entropy": 6.016960620880127,
          "acoustic_entropy_side": 6.0119147300720215,
          "hz": 129.47220167065723
        },
        {
          "acoustic_entropy": 6.062218189239502,
          "acoustic_entropy_side": 6.01170015335083,
          "hz": 202.92927478742237
        },
        {
          "acoustic_entropy": 5.794723987579346,
          "acoustic_entropy_side": 6.015344142913818,
          "hz": 282.89161906338205
        },
        {
          "acoustic_entropy": 5.933764934539795,
          "acoustic_entropy_side": 6.013105869293213,
          "hz": 369.9353335868758
        },
        {
          "acoustic_entropy": 6.060467720031738,
          "acoustic_entropy_side": 6.007781028747559,
          "hz": 464.6875360973435
        },
        {
          "acoustic_entropy": 6.0513691902160645,
          "acoustic_entropy_side": 6.008115768432617,
          "hz": 567.8308811364784
        },
        {
          "acoustic_entropy": 6.201120853424072,
          "acoustic_entropy_side": 6.016544818878174,
          "hz": 680.1084783214808
        },
        {
          "acoustic_entropy": 6.105881214141846,
          "acoustic_entropy_side": 6.009814739227295,
          "hz": 802.3292461747484
        },
        {
          "acoustic_entropy": 6.450509071350098,
          "acoustic_entropy_side": 6.015485763549805,
          "hz": 935.3737400823702
        },
        {
          "acoustic_entropy": 6.410314559936523,
          "acoustic_entropy_side": 6.085383892059326,
          "hz": 1080.2004963696966
        },
        {
          "acoustic_entropy": 6.340147972106934,
          "acoustic_entropy_side": 6.07568883895874,
          "hz": 1237.8529382007157
        },
        {
          "acoustic_entropy": 6.445032119750977,
          "acoustic_entropy_side": 6.023106098175049,
          "hz": 1409.4668930556702
        },
        {
          "acoustic_entropy": 5.246988296508789,
          "acoustic_entropy_side": 6.0134053230285645,
          "hz": 1596.2787759475705
        },
        {
          "acoustic_entropy": 6.041860103607178,
          "acoustic_entropy_side": 6.0128021240234375,
          "hz": 1799.6344973346393
        },
        {
          "acoustic_entropy": 5.623044013977051,
          "acoustic_entropy_side": 6.0099263191223145,
          "hz": 2020.9991599069049
        },
        {
          "acoustic_entropy": 6.151412487030029,
          "acoustic_entropy_side": 6.0137224197387695,
          "hz": 2261.9676141086993
        },
        {
          "acoustic_entropy": 6.20192813873291,
          "acoustic_entropy_side": 6.009453296661377,
          "hz": 2524.2759484456974
        },
        {
          "acoustic_entropy": 5.852467060089111,
          "acoustic_entropy_side": 6.008242130279541,
          "hz": 2809.813997359896
        },
        {
          "acoustic_entropy": 5.9018049240112305,
          "acoustic_entropy_side": 6.021690845489502,
          "hz": 3120.6389567871424
        },
        {
          "acoustic_entropy": 5.866744041442871,
          "acoustic_entropy_side": 6.031423091888428,
          "hz": 3458.990205492291
        },
        {
          "acoustic_entropy": 5.792901039123535,
          "acoustic_entropy_side": 6.024272918701172,
          "hz": 3827.305438964164
        },
        {
          "acoustic_entropy": 5.982933521270752,
          "acoustic_entropy_side": 6.01311731338501,
          "hz": 4228.238232109126
        },
        {
          "acoustic_entropy": 5.68212366104126,
          "acoustic_entropy_side": 6.012429237365723,
          "hz": 4664.6771572759235
        },
        {
          "acoustic_entropy": 5.898253917694092,
          "acoustic_entropy_side": 6.012068748474121,
          "hz": 5139.766595350093
        },
        {
          "acoustic_entropy": 5.943967342376709,
          "acoustic_entropy_side": 6.017214775085449,
          "hz": 5656.929389854203
        },
        {
          "acoustic_entropy": 5.935090065002441,
          "acoustic_entropy_side": 6.020852565765381,
          "hz": 6219.891507268283
        },
        {
          "acoustic_entropy": 5.973690986633301,
          "acoustic_entropy_side": 6.011434078216553,
          "hz": 6832.70888123896
        },
        {
          "acoustic_entropy": 5.992715358734131,
          "acoustic_entropy_side": 6.011317253112793,
          "hz": 7499.796634079867
        },
        {
          "acoustic_entropy": 5.973095417022705,
          "acoustic_entropy_side": 6.015261650085449,
          "hz": 8225.96088609342
        },
        {
          "acoustic_entropy": 5.951520919799805,
          "acoustic_entropy_side": 6.0149993896484375,
          "hz": 9016.43338188839
        },
        {
          "acoustic_entropy": 5.9228925704956055,
          "acoustic_entropy_side": 6.0142598152160645,
          "hz": 9876.909183162974
        },
        {
          "acoustic_entropy": 5.8999152183532715,
          "acoustic_entropy_side": 6.015523910522461,
          "hz": 10813.587699516042
        },
        {
          "acoustic_entropy": 5.887413501739502,
          "acoustic_entropy_side": 6.012986660003662,
          "hz": 11833.21735289826
        },
        {
          "acoustic_entropy": 6.016683101654053,
          "acoustic_entropy_side": 6.012688159942627,
          "hz": 12943.144197493959
        },
        {
          "acoustic_entropy": 6.024791717529297,
          "acoustic_entropy_side": 6.012805938720703,
          "hz": 14151.364845322005
        },
        {
          "acoustic_entropy": 6.015823841094971,
          "acoustic_entropy_side": 6.01223611831665,
          "hz": 15466.58407886509
        },
        {
          "acoustic_entropy": 6.002429485321045,
          "acoustic_entropy_side": 6.012008190155029,
          "hz": 16898.27756580493
        },
        {
          "acoustic_entropy": 6.0058770179748535,
          "acoustic_entropy_side": 6.011976718902588,
          "hz": 18456.760127700032
        },
        {
          "acoustic_entropy": 6.011315822601318,
          "acoustic_entropy_side": 6.011930465698242,
          "hz": 20153.260054456492
        },
        {
          "acoustic_entropy": 6.0118913650512695,
          "acoustic_entropy_side": 6.011917591094971,
          "hz": 22000.00000000001
        }
      ],
      "diff_acoustic_entropy": 3.636112928390503,
      "sn": 6
    },
    {
      "acoustic_entropy": 9.171026229858398,
      "acoustic_entropy_mono": 8.173365592956543,
      "band_eliminated_acoustic_entropies": [
        {
          "acoustic_entropy": 9.178354263305664,
          "acoustic_entropy_side": 9.171041488647461,
          "hz": 129.47220167065723
        },
        {
          "acoustic_entropy": 9.125618934631348,
          "acoustic_entropy_side": 9.169563293457031,
          "hz": 202.92927478742237
        },
        {
          "acoustic_entropy": 9.013741493225098,
          "acoustic_entropy_side": 9.154274940490723,
          "hz": 282.89161906338205
        },
        {
          "acoustic_entropy": 9.059003829956055,
          "acoustic_entropy_side": 9.156392097473145,
          "hz": 369.9353335868758
        },
        {
          "acoustic_entropy": 8.853731155395508,
          "acoustic_entropy_side": 9.183549880981445,
          "hz": 464.6875360973435
        },
        {
          "acoustic_entropy": 9.415505409240723,
          "acoustic_entropy_side": 9.242599487304688,
          "hz": 567.8308811364784
        },
        {
          "acoustic_entropy": 9.183862686157227,
          "acoustic_entropy_side": 9.2811279296875,
          "hz": 680.1084783214808
        },
        {
          "acoustic_entropy": 8.806985855102539,
          "acoustic_entropy_side": 9.19992446899414,
          "hz": 802.3292461747484
        },
        {
          "acoustic_entropy": 8.492615699768066,
          "acoustic_entropy_side": 9.045126914978027,
          "hz": 935.3737400823702
        },
        {
          "acoustic_entropy": 9.646831512451172,
          "acoustic_entropy_side": 8.505627632141113,
          "hz": 1080.2004963696966
        },
        {
          "acoustic_entropy": 8.852132797241211,
          "acoustic_entropy_side": 8.407931327819824,
          "hz": 1237.8529382007157
        },
        {
          "acoustic_entropy": 8.88528060913086,
          "acoustic_entropy_side": 9.061527252197266,
          "hz": 1409.4668930556702
        },
        {
          "acoustic_entropy": 8.396723747253418,
          "acoustic_entropy_side": 9.247884750366211,
          "hz": 1596.2787759475705
        },
        {
          "acoustic_entropy": 8.72419261932373,
          "acoustic_entropy_side": 9.15994930267334,
          "hz": 1799.6344973346393
        },
        {
          "acoustic_entropy": 9.089700698852539,
          "acoustic_entropy_side": 9.122970581054688,
          "hz": 2020.9991599069049
        },
        {
          "acoustic_entropy": 8.866862297058105,
          "acoustic_entropy_side": 9.137864112854004,
          "hz": 2261.9676141086993
        },
        {
          "acoustic_entropy": 9.562553405761719,
          "acoustic_entropy_side": 9.188036918640137,
          "hz": 2524.2759484456974
        },
        {
          "acoustic_entropy": 8.590985298156738,
          "acoustic_entropy_side": 9.084278106689453,
          "hz": 2809.813997359896
        },
        {
          "acoustic_entropy": 8.868581771850586,
          "acoustic_entropy_side": 9.023320198059082,
          "hz": 3120.6389567871424
        },
        {
          "acoustic_entropy": 8.959826469421387,
          "acoustic_entropy_side": 9.16909122467041,
          "hz": 3458.990205492291
        },
        {
          "acoustic_entropy": 9.118254661560059,
          "acoustic_entropy_side": 9.109476089477539,
          "hz": 3827.305438964164
        },
        {
          "acoustic_entropy": 9.018698692321777,
          "acoustic_entropy_side": 9.141157150268555,
          "hz": 4228.238232109126
        },
        {
          "acoustic_entropy": 8.933792114257812,
          "acoustic_entropy_side": 9.15606689453125,
          "hz": 4664.6771572759235
        },
        {
          "acoustic_entropy": 8.966564178466797,
          "acoustic_entropy_side": 9.09366226196289,
          "hz": 5139.766595350093
        },
        {
          "acoustic_entropy": 9.17786979675293,
          "acoustic_entropy_side": 9.153966903686523,
          "hz": 5656.929389854203
        },
        {
          "acoustic_entropy": 9.287867546081543,
          "acoustic_entropy_side": 9.155261993408203,
          "hz": 6219.891507268283
        },
        {
          "acoustic_entropy": 9.129400253295898,
          "acoustic_entropy_side": 9.140600204467773,
          "hz": 6832.70888123896
        },
        {
          "acoustic_entropy": 9.072857856750488,
          "acoustic_entropy_side": 9.095586776733398,
          "hz": 7499.796634079867
        },
        {
          "acoustic_entropy": 9.231833457946777,
          "acoustic_entropy_side": 9.136528015136719,
          "hz": 8225.96088609342
        },
        {
          "acoustic_entropy": 9.183568000793457,
          "acoustic_entropy_side": 9.162005424499512,
          "hz": 9016.43338188839
        },
        {
          "acoustic_entropy": 9.176283836364746,
          "acoustic_entropy_side": 9.164731979370117,
          "hz": 9876.909183162974
        },
        {
          "acoustic_entropy": 9.147366523742676,
          "acoustic_entropy_side": 9.155826568603516,
          "hz": 10813.587699516042
        },
        {
          "acoustic_entropy": 9.000983238220215,
          "acoustic_entropy_side": 9.155074119567871,
          "hz": 11833.21735289826
        },
        {
          "acoustic_entropy": 9.232745170593262,
          "acoustic_entropy_side": 9.165055274963379,
          "hz": 12943.144197493959
        },
        {
          "acoustic_entropy": 9.175447463989258,
          "acoustic_entropy_side": 9.168403625488281,
          "hz": 14151.364845322005
        },
        {
          "acoustic_entropy": 9.159276962280273,
          "acoustic_entropy_side": 9.168763160705566,
          "hz": 15466.58407886509
        },
        {
          "acoustic_entropy": 9.176746368408203,
          "acoustic_entropy_side": 9.169992446899414,
          "hz": 16898.27756580493
        },
        {
          "acoustic_entropy": 9.177812576293945,
          "acoustic_entropy_side": 9.171035766601562,
          "hz": 18456.760127700032
        },
        {
          "acoustic_entropy": 9.174505233764648,
          "acoustic_entropy_side": 9.171043395996094,
          "hz": 20153.260054456492
        },
        {
          "acoustic_entropy": 9.171177864074707,
          "acoustic_entropy_side": 9.171030044555664,
          "hz": 22000.00000000001
        }
      ],
      "diff_acoustic_entropy": 5.396968841552734,
      "sn": 12
    },
    {
      "acoustic_entropy": 12.602997779846191,
      "acoustic_entropy_mono": 9.821672439575195,
      "band_eliminated_acoustic_entropies": [
        {
          "acoustic_entropy": 12.670842170715332,
          "acoustic_entropy_side": 12.607394218444824,
          "hz": 129.47220167065723
        },
        {
          "acoustic_entropy": 12.67686939239502,
          "acoustic_entropy_side": 12.750755310058594,
          "hz": 202.92927478742237
        },
        {
          "acoustic_entropy": 12.552971839904785,
          "acoustic_entropy_side": 12.671274185180664,
          "hz": 282.89161906338205
        },
        {
          "acoustic_entropy": 12.651419639587402,
          "acoustic_entropy_side": 12.759320259094238,
          "hz": 369.9353335868758
        },
        {
          "acoustic_entropy": 13.248769760131836,
          "acoustic_entropy_side": 12.732938766479492,
          "hz": 464.6875360973435
        },
        {
          "acoustic_entropy": 11.993017196655273,
          "acoustic_entropy_side": 12.428199768066406,
          "hz": 567.8308811364784
        },
        {
          "acoustic_entropy": 13.962103843688965,
          "acoustic_entropy_side": 13.075490951538086,
          "hz": 680.1084783214808
        },
        {
          "acoustic_entropy": 13.198759078979492,
          "acoustic_entropy_side": 13.204992294311523,
          "hz": 802.3292461747484
        },
        {
          "acoustic_entropy": 12.573644638061523,
          "acoustic_entropy_side": 12.580504417419434,
          "hz": 935.3737400823702
        },
        {
          "acoustic_entropy": 12.451068878173828,
          "acoustic_entropy_side": 12.609803199768066,
          "hz": 1080.2004963696966
        },
        {
          "acoustic_entropy": 12.36590576171875,
          "acoustic_entropy_side": 12.04017448425293,
          "hz": 1237.8529382007157
        },
        {
          "acoustic_entropy": 12.896169662475586,
          "acoustic_entropy_side": 12.662389755249023,
          "hz": 1409.4668930556702
        },
        {
          "acoustic_entropy": 13.218693733215332,
          "acoustic_entropy_side": 12.224186897277832,
          "hz": 1596.2787759475705
        },
        {
          "acoustic_entropy": 12.657870292663574,
          "acoustic_entropy_side": 12.621158599853516,
          "hz": 1799.6344973346393
        },
        {
          "acoustic_entropy": 13.35256576538086,
          "acoustic_entropy_side": 12.804369926452637,
          "hz": 2020.9991599069049
        },
        {
          "acoustic_entropy": 12.987565040588379,
          "acoustic_entropy_side": 13.242408752441406,
          "hz": 2261.9676141086993
        },
        {
          "acoustic_entropy": 12.189400672912598,
          "acoustic_entropy_side": 12.632804870605469,
          "hz": 2524.2759484456974
        },
        {
          "acoustic_entropy": 12.643199920654297,
          "acoustic_entropy_side": 12.19741153717041,
          "hz": 2809.813997359896
        },
        {
          "acoustic_entropy": 12.757941246032715,
          "acoustic_entropy_side": 13.017504692077637,
          "hz": 3120.6389567871424
        },
        {
          "acoustic_entropy": 12.484248161315918,
