{
  "acoustic_entropy": 101.32429504394531,
  "bands": [
    {
      "high_freq": 148.1999969482422,
      "loudness": -77.21452331542969,
      "loudness_range": 12.815254211425781,
      "mid_mean": -68.29400634765625,
      "mid_to_side_loudness": -11.150724411010742,
      "mid_to_side_loudness_range": 5.960336685180664,
      "side_mean": -69.65514373779297
    },
    {
      "high_freq": 392.3793640136719,
      "loudness": -50.33016586303711,
      "loudness_range": 28.87820816040039,
      "low_freq": 148.1999969482422,
      "mid_mean": -52.36546325683594,
      "mid_to_side_loudness": -6.249996185302734,
      "mid_to_side_loudness_range": 18.881248474121094,
      "side_mean": -57.39866256713867
    },
    {
      "high_freq": 794.6976318359375,
      "loudness": -36.93753433227539,
      "loudness_range": 18.76140022277832,
      "low_freq": 392.3793640136719,
      "mid_mean": -34.33766174316406,
      "mid_to_side_loudness": -6.5716400146484375,
      "mid_to_side_loudness_range": 13.568429946899414,
      "side_mean": -41.67561340332031
    },
    {
      "high_freq": 1457.5709228515625,
      "loudness": -44.076454162597656,
      "loudness_range": 25.59929656982422,
      "low_freq": 794.6976318359375,
      "mid_mean": -41.54287338256836,
      "mid_to_side_loudness": -7.982956409454346,
      "mid_to_side_loudness_range": 13.82564640045166,
      "side_mean": -51.655277252197266
    },
    {
      "high_freq": 2549.74365234375,
      "loudness": -48.946136474609375,
      "loudness_range": 29.23885726928711,
      "low_freq": 1457.5709228515625,
      "mid_mean": -46.49331283569336,
      "mid_to_side_loudness": -7.021263599395752,
      "mid_to_side_loudness_range": 12.259214401245117,
      "side_mean": -54.88577651977539
    },
    {
      "high_freq": 4349.24462890625,
      "loudness": -61.67013931274414,
      "loudness_range": 26.620624542236328,
      "low_freq": 2549.74365234375,
      "mid_mean": -59.321815490722656,
      "mid_to_side_loudness": -8.877894401550293,
      "mid_to_side_loudness_range": 12.205208778381348,
      "side_mean": -65.16375732421875
    },
    {
      "high_freq": 7314.1640625,
      "loudness": -74.61874389648438,
      "loudness_range": 18.128860473632812,
      "low_freq": 4349.24462890625,
      "mid_mean": -67.15656280517578,
      "mid_to_side_loudness": -9.02140998840332,
      "mid_to_side_loudness_range": 6.226778984069824,
      "side_mean": -69.38153076171875
    },
    {
      "high_freq": 12199.2666015625,
      "loudness": -79.79689025878906,
      "loudness_range": 14.823715209960938,
      "low_freq": 7314.1640625,
      "mid_mean": -68.8861312866211,
      "mid_to_side_loudness": -10.02815055847168,
      "mid_to_side_loudness_range": 7.151730060577393,
      "side_mean": -69.8861083984375
    },
    {
      "loudness": -79.49320983886719,
      "loudness_range": 6.793342590332031,
      "low_freq": 12199.2666015625,
      "mid_mean": -69.27498626708984,
      "mid_to_side_loudness": -2.348720073699951,
      "mid_to_side_loudness_range": 5.366381645202637,
      "side_mean": -69.62933349609375
    }
  ],
  "bands_short": [
    {
      "high_freq": 148.1999969482422,
      "loudness": -77.79357147216797,
      "loudness_range": 8.006675720214844,
      "mid_mean": -68.73004150390625,
      "mid_to_side_loudness": -11.436562538146973,
      "mid_to_side_loudness_range": 12.816509246826172,
      "side_mean": -69.84422302246094
    },
    {
      "high_freq": 392.3793640136719,
      "loudness": -55.46599197387695,
      "loudness_range": 32.94279861450195,
      "low_freq": 148.1999969482422,
      "mid_mean": -57.85905456542969,
      "mid_to_side_loudness": -3.278271436691284,
      "mid_to_side_loudness_range": 22.095232009887695,
      "side_mean": -60.42192459106445
    },
    {
      "high_freq": 794.6976318359375,
      "loudness": -43.46963119506836,
      "loudness_range": 29.790054321289062,
      "low_freq": 392.3793640136719,
      "mid_mean": -42.711246490478516,
      "mid_to_side_loudness": -2.5120880603790283,
      "mid_to_side_loudness_range": 17.96453285217285,
      "side_mean": -45.83214569091797
    },
    {
      "high_freq": 1457.5709228515625,
      "loudness": -49.59308624267578,
      "loudness_range": 32.712554931640625,
      "low_freq": 794.6976318359375,
      "mid_mean": -50.31190490722656,
      "mid_to_side_loudness": -3.7025115489959717,
      "mid_to_side_loudness_range": 17.968353271484375,
      "side_mean": -53.67804718017578
    },
    {
      "high_freq": 2549.74365234375,
      "loudness": -53.769840240478516,
      "loudness_range": 36.921974182128906,
      "low_freq": 1457.5709228515625,
      "mid_mean": -54.0861701965332,
      "mid_to_side_loudness": -4.13267183303833,
      "mid_to_side_loudness_range": 15.550313949584961,
      "side_mean": -57.56160354614258
    },
    {
      "high_freq": 4349.24462890625,
      "loudness": -65.18081665039062,
      "loudness_range": 30.36953353881836,
      "low_freq": 2549.74365234375,
      "mid_mean": -62.75166320800781,
      "mid_to_side_loudness": -6.153218746185303,
      "mid_to_side_loudness_range": 14.821283340454102,
      "side_mean": -66.25408935546875
    },
    {
      "high_freq": 7314.1640625,
      "loudness": -75.50940704345703,
      "loudness_range": 20.148807525634766,
      "low_freq": 4349.24462890625,
      "mid_mean": -67.92720794677734,
      "mid_to_side_loudness": -7.454154968261719,
      "mid_to_side_loudness_range": 10.165220260620117,
      "side_mean": -69.48979187011719
    },
    {
      "high_freq": 12199.2666015625,
      "loudness": -79.21599578857422,
      "loudness_range": 14.357376098632812,
      "low_freq": 7314.1640625,
      "mid_mean": -69.12843322753906,
      "mid_to_side_loudness": -8.328457832336426,
      "mid_to_side_loudness_range": 11.411360740661621,
      "side_mean": -69.89462280273438
    },
    {
      "loudness": -79.89220428466797,
      "loudness_range": 6.613067626953125,
      "low_freq": 12199.2666015625,
      "mid_mean": -69.33892059326172,
      "mid_to_side_loudness": -1.887025237083435,
      "mid_to_side_loudness_range": 5.496083736419678,
      "side_mean": -69.6302719116211
    }
  ],
  "bandwidth": 764.6262817382812,
  "channels": 2,
  "covariance": [
    [
      6.623199462890625,
      3.102653980255127,
      8.997110366821289,
      7.1107306480407715,
      2.9978270530700684,
      3.578617572784424,
      1.09939706325531,
      3.4632112979888916,
      1.1655983924865723,
      2.4808075428009033,
      1.3562415838241577,
      0.1119949072599411,
      0.23054830729961395,
      -0.015390030108392239,
      0.10776716470718384,
      0.0007356947753578424,
      0.04844826087355614,
      0.051006849855184555
    ],
    [
      3.102653980255127,
      1.5835860967636108,
      2.7949025630950928,
      2.309357166290283,
      0.9361147880554199,
      1.3477487564086914,
      0.23707346618175507,
      0.40972042083740234,
      0.12501268088817596,
      0.23112057149410248,
      -0.20087742805480957,
      -0.2616925537586212,
      -0.08945542573928833,
      -0.0463668517768383,
      -0.023018239066004753,
      -0.006359563674777746,
      -0.009761356748640537,
      0.007062739226967096
    ],
    [
      8.997110366821289,
      2.7949025630950928,
      156.697998046875,
      108.29978942871094,
      32.87596130371094,
      35.91960525512695,
      13.654767036437988,
      37.49816131591797,
      -6.795970439910889,
      2.8634591102600098,
      15.950313568115234,
      -5.375888347625732,
      0.7994191646575928,
      -0.770753800868988,
      1.607588529586792,
      0.1618107557296753,
      0.5024768710136414,
      0.5197027325630188
    ],
    [
      7.1107306480407715,
      2.309357166290283,
      108.29978942871094,
      95.55497741699219,
      23.82573127746582,
      26.44325828552246,
      3.4503912925720215,
      23.50509262084961,
      -9.493209838867188,
      -2.8795392513275146,
      5.686704158782959,
      -7.291793346405029,
      -1.5198370218276978,
      -1.1131885051727295,
      0.39699894189834595,
      -0.0025289985351264477,
      -0.082769975066185,
      0.3368403911590576
    ],
    [
      2.9978270530700684,
      0.9361147880554199,
      32.87596130371094,
      23.82573127746582,
      53.84736633300781,
      34.660465240478516,
      38.18150329589844,
      26.89121437072754,
      48.02950668334961,
      31.96851921081543,
      34.72742462158203,
      14.987258911132812,
      9.668785095214844,
      2.3536629676818848,
      2.939570665359497,
      0.30104053020477295,
      0.65029376745224,
      0.06573691964149475
    ],
    [
      3.578617572784424,
      1.3477487564086914,
      35.91960525512695,
      26.44325828552246,
      34.660465240478516,
      40.42511749267578,
      31.84151268005371,
      26.493558883666992,
      39.48799514770508,
      25.150096893310547,
      29.251127243041992,
      13.066965103149414,
      8.545360565185547,
      2.1836612224578857,
      3.2544901371002197,
      0.3271539807319641,
      0.9054457545280457,
      0.1156003475189209
    ],
    [
      1.09939706325531,
      0.23707346618175507,
      13.654767036437988,
      3.4503912925720215,
      38.18150329589844,
      31.84151268005371,
      81.29997253417969,
      54.23305130004883,
      73.71610260009766,
      58.446922302246094,
      56.9063720703125,
      31.005298614501953,
      19.564281463623047,
      5.197214603424072,
      6.136570453643799,
      0.7038089036941528,
      1.6621453762054443,
      0.1840783655643463
    ],
    [
      3.4632112979888916,
      0.40972042083740234,
      37.49816131591797,
      23.50509262084961,
      26.89121437072754,
      26.493558883666992,
      54.23305130004883,
      78.93115997314453,
      57.12190628051758,
      72.61473083496094,
      57.68342208862305,
      31.20973777770996,
      18.315690994262695,
      4.684084415435791,
      6.533820629119873,
      0.7136809229850769,
      2.6190314292907715,
      0.7958762049674988
    ],
    [
      1.1655983924865723,
      0.12501268088817596,
      -6.795970439910889,
      -9.493209838867188,
      48.02950668334961,
      39.48799514770508,
      73.71610260009766,
      57.12190628051758,
      108.96543884277344,
      88.41353607177734,
      78.63460540771484,
      43.676570892333984,
      24.487247467041016,
      6.6668243408203125,
      6.993978977203369,
      0.6979269981384277,
      2.216679096221924,
      0.2554992139339447
    ],
    [
      2.4808075428009033,
      0.23112057149410248,
      2.8634591102600098,
      -2.8795392513275146,
      31.96851921081543,
      25.150096893310547,
      58.446922302246094,
      72.61473083496094,
      88.41353607177734,
      99.60539245605469,
      75.58870697021484,
      43.642086029052734,
      24.020639419555664,
      6.394947528839111,
      7.625126838684082,
      0.7867469191551208,
      3.1999993324279785,
      0.7807188034057617
    ],
    [
      1.3562415838241577,
      -0.20087742805480957,
      15.950313568115234,
      5.686704158782959,
      34.72742462158203,
      29.251127243041992,
      56.9063720703125,
      57.68342208862305,
      78.63460540771484,
      75.58870697021484,
      74.31029510498047,
      40.16881561279297,
      23.347213745117188,
      6.332451343536377,
      6.283406734466553,
      0.6413317918777466,
      2.36053729057312,
      0.564414381980896
    ],
    [
      0.1119949072599411,
      -0.2616925537586212,
      -5.375888347625732,
      -7.291793346405029,
      14.987258911132812,
      13.066965103149414,
      31.005298614501953,
      31.20973777770996,
      43.676570892333984,
      43.642086029052734,
      40.16881561279297,
      24.88690948486328,
      13.8679838180542,
      4.017756462097168,
      3.5761423110961914,
      0.37987104058265686,
      1.3386855125427246,
      0.29423630237579346
    ],
    [
      0.23054830729961395,
      -0.08945542573928833,
      0.7994191646575928,
      -1.5198370218276978,
      9.668785095214844,
      8.545360565185547,
      19.564281463623047,
      18.315690994262695,
      24.487247467041016,
      24.020639419555664,
      23.347213745117188,
      13.8679838180542,
      9.652112007141113,
      2.765817880630493,
      2.772000551223755,
      0.31342819333076477,
      1.0563188791275024,
      0.20826730132102966
    ],
    [
      -0.015390030108392239,
      -0.0463668517768383,
      -0.770753800868988,
      -1.1131885051727295,
      2.3536629676818848,
      2.1836612224578857,
      5.197214603424072,
      4.684084415435791,
      6.6668243408203125,
      6.394947528839111,
      6.332451343536377,
      4.017756462097168,
      2.765817880630493,
      0.9064999222755432,
      0.6603286862373352,
      0.07767220586538315,
      0.23544739186763763,
      0.04708664119243622
    ],
    [
      0.10776716470718384,
      -0.023018239066004753,
      1.607588529586792,
      0.39699894189834595,
      2.939570665359497,
      3.2544901371002197,
      6.136570453643799,
      6.533820629119873,
      6.993978977203369,
      7.625126838684082,
      6.283406734466553,
      3.5761423110961914,
      2.772000551223755,
      0.6603286862373352,
      2.244089126586914,
      0.267429918050766,
      0.8783940076828003,
      0.1392267495393753
    ],
    [
      0.0007356947753578424,
      -0.006359563674777746,
      0.1618107557296753,
      -0.0025289985351264477,
      0.30104053020477295,
      0.3271539807319641,
      0.7038089036941528,
      0.7136809229850769,
      0.6979269981384277,
      0.7867469191551208,
      0.6413317918777466,
      0.37987104058265686,
      0.31342819333076477,
      0.07767220586538315,
      0.267429918050766,
      0.035814959555864334,
      0.09976405650377274,
      0.016396159306168556
    ],
    [
      0.04844826087355614,
      -0.009761356748640537,
      0.5024768710136414,
      -0.082769975066185,
      0.65029376745224,
      0.9054457545280457,
      1.6621453762054443,
      2.6190314292907715,
      2.216679096221924,
      3.1999993324279785,
      2.36053729057312,
      1.3386855125427246,
      1.0563188791275024,
      0.23544739186763763,
      0.8783940076828003,
      0.09976405650377274,
      0.450843870639801,
      0.07483072578907013
    ],
    [
      0.051006849855184555,
      0.007062739226967096,
      0.5197027325630188,
      0.3368403911590576,
      0.06573691964149475,
      0.1156003475189209,
      0.1840783655643463,
      0.7958762049674988,
      0.2554992139339447,
      0.7807188034057617,
      0.564414381980896,
      0.29423630237579346,
      0.20826730132102966,
      0.04708664119243622,
      0.1392267495393753,
      0.016396159306168556,
      0.07483072578907013,
      0.020709015429019928
    ]
  ],
  "covariance_short": [
    [
      2.6325278282165527,
      0.8009033203125,
      6.760679244995117,
      3.9744114875793457,
      4.17886209487915,
      2.6948838233947754,
      4.782974720001221,
      2.71923565864563,
      3.5314526557922363,
      1.74873948097229,
      1.7356281280517578,
      0.4241099953651428,
      0.5017710328102112,
      0.08293593674898148,
      0.15819151699543,
      0.019113147631287575,
      0.038822948932647705,
      0.029915910214185715
    ],
    [
      0.8009033203125,
      0.3734375238418579,
      1.3356926441192627,
      1.0284364223480225,
      0.8623786568641663,
      0.684878945350647,
      0.5983266234397888,
      0.2027169167995453,
      0.48067137598991394,
      0.16951362788677216,
      0.10333798080682755,
      -0.03915609046816826,
      0.033364564180374146,
      -0.0011796223698183894,
      0.014801131561398506,
      0.0007320842705667019,
      -0.0006367357564158738,
      0.002108105458319187
    ],
    [
      6.760679244995117,
      1.3356926441192627,
      140.59764099121094,
      89.00142669677734,
      89.1539077758789,
      69.31925964355469,
      82.51701354980469,
      51.41341018676758,
      56.50092697143555,
      23.007427215576172,
      37.11281967163086,
      9.486687660217285,
      9.284246444702148,
      1.635201334953308,
      2.9979333877563477,
      0.30503764748573303,
      0.44155997037887573,
      0.2959304451942444
    ],
    [
      3.9744114875793457,
      1.0284364223480225,
      89.00142669677734,
      81.24932098388672,
      51.37332534790039,
      45.92631912231445,
      48.47763442993164,
      33.65608596801758,
      30.686525344848633,
      9.817237854003906,
      17.313074111938477,
      2.498478889465332,
      3.0545151233673096,
      0.21143421530723572,
      1.2474861145019531,
      0.06733362376689911,
      0.042413994669914246,
      0.24211139976978302
    ],
    [
      4.17886209487915,
      0.8623786568641663,
      89.1539077758789,
      51.37332534790039,
      156.22012329101562,
      99.5836410522461,
      110.28897857666016,
      63.13621520996094,
      114.89042663574219,
      73.08502197265625,
      75.5186767578125,
      35.447288513183594,
      21.226947784423828,
      6.259217739105225,
      5.0784687995910645,
      0.5783124566078186,
      0.7272463440895081,
      0.01632392778992653
    ],
    [
      2.6948838233947754,
      0.684878945350647,
      69.31925964355469,
      45.92631912231445,
      99.5836410522461,
      87.84202575683594,
      72.63323974609375,
      44.28382873535156,
      76.01181030273438,
      47.42758560180664,
      49.26490020751953,
      23.111722946166992,
      13.403485298156738,
      3.976134777069092,
      3.982348918914795,
      0.47050386667251587,
      0.8598013520240784,
      0.12108056247234344
    ],
    [
      4.782974720001221,
      0.5983266234397888,
      82.51701354980469,
      48.47763442993164,
      110.28897857666016,
      72.63323974609375,
      171.0819854736328,
      115.38174438476562,
      143.4650115966797,
      105.07464599609375,
      85.32032775878906,
      44.83534622192383,
      25.030014038085938,
      7.562956809997559,
      7.453518390655518,
      1.0395928621292114,
      2.65773606300354,
      0.8177803158760071
    ],
    [
      2.71923565864563,
      0.2027169167995453,
      51.41341018676758,
      33.65608596801758,
      63.13621520996094,
      44.28382873535156,
      115.38174438476562,
      94.33995819091797,
      100.2964859008789,
      77.4325180053711,
      56.12103271484375,
      31.09023666381836,
      15.665059089660645,
      4.929862022399902,
      4.803739070892334,
      0.6710107326507568,
      1.9893372058868408,
      0.7017309665679932
    ],
    [
      3.5314526557922363,
      0.48067137598991394,
      56.50092697143555,
      30.686525344848633,
      114.89042663574219,
      76.01181030273438,
      143.4650115966797,
      100.2964859008789,
      163.511474609375,
      120.15033721923828,
      94.85232543945312,
      51.08430480957031,
      27.587675094604492,
      8.48664665222168,
      7.5983567237854,
      0.9575133323669434,
      2.692972183227539,
      0.7310426235198975
    ],
    [
      1.74873948097229,
      0.16951362788677216,
      23.007427215576172,
      9.817237854003906,
      73.08502197265625,
      47.42758560180664,
      105.07464599609375,
      77.4325180053711,
      120.15033721923828,
      101.83623504638672,
      68.85537719726562,
      40.879268646240234,
      19.982643127441406,
      6.550591468811035,
      5.774507999420166,
      0.7499455213546753,
      2.4044933319091797,
      0.6676023006439209
    ],
    [
      1.7356281280517578,
      0.10333798080682755,
      37.11281967163086,
      17.313074111938477,
      75.5186767578125,
      49.26490020751953,
      85.32032775878906,
      56.12103271484375,
      94.85232543945312,
      68.85537719726562,
      69.59967041015625,
      36.147117614746094,
      21.888578414916992,
      6.944566249847412,
      5.681280612945557,
      0.7346130609512329,
      1.8002318143844604,
      0.3815300166606903
    ],
    [
      0.4241099953651428,
      -0.03915609046816826,
      9.486687660217285,
      2.498478889465332,
      35.447288513183594,
      23.111722946166992,
      44.83534622192383,
      31.09023666381836,
      51.08430480957031,
      40.879268646240234,
      36.147117614746094,
      23.43756103515625,
      11.665776252746582,
      4.16445255279541,
      2.8748674392700195,
      0.40127497911453247,
      1.0162171125411987,
      0.23869109153747559
    ],
    [
      0.5017710328102112,
      0.033364564180374146,
      9.284246444702148,
      3.0545151233673096,
      21.226947784423828,
      13.403485298156738,
      25.030014038085938,
      15.665059089660645,
      27.587675094604492,
      19.982643127441406,
      21.888578414916992,
      11.665776252746582,
      9.689069747924805,
      3.0987813472747803,
      2.9499945640563965,
      0.4213671088218689,
      1.1200004816055298,
      0.19104133546352386
    ],
    [
      0.08293593674898148,
      -0.0011796223698183894,
      1.635201334953308,
      0.21143421530723572,
      6.259217739105225,
      3.976134777069092,
      7.562956809997559,
      4.929862022399902,
      8.48664665222168,
      6.550591468811035,
      6.944566249847412,
      4.16445255279541,
      3.0987813472747803,
      1.285537600517273,
      0.7649103403091431,
      0.12766534090042114,
      0.27413326501846313,
      0.053269270807504654
    ],
    [
      0.15819151699543,
      0.014801131561398506,
      2.9979333877563477,
      1.2474861145019531,
      5.0784687995910645,
      3.982348918914795,
      7.453518390655518,
      4.803739070892334,
      7.5983567237854,
      5.774507999420166,
      5.681280612945557,
      2.8748674392700195,
      2.9499945640563965,
      0.7649103403091431,
      2.4319708347320557,
      0.3833148181438446,
      1.1321221590042114,
      0.18430162966251373
    ],
    [
      0.019113147631287575,
      0.0007320842705667019,
      0.30503764748573303,
      0.06733362376689911,
      0.5783124566078186,
      0.47050386667251587,
      1.0395928621292114,
      0.6710107326507568,
      0.9575133323669434,
      0.7499455213546753,
      0.7346130609512329,
      0.40127497911453247,
      0.4213671088218689,
      0.12766534090042114,
      0.3833148181438446,
      0.085720956325531,
      0.17850230634212494,
      0.03481968119740486
    ],
    [
      0.038822948932647705,
      -0.0006367357564158738,
      0.44155997037887573,
      0.042413994669914246,
      0.7272463440895081,
      0.8598013520240784,
      2.65773606300354,
      1.9893372058868408,
      2.692972183227539,
      2.4044933319091797,
      1.8002318143844604,
      1.0162171125411987,
      1.1200004816055298,
      0.27413326501846313,
      1.1321221590042114,
      0.17850230634212494,
      0.6769168972969055,
      0.11755310744047165
    ],
    [
      0.029915910214185715,
      0.002108105458319187,
      0.2959304451942444,
      0.24211139976978302,
      0.01632392778992653,
      0.12108056247234344,
      0.8177803158760071,
      0.7017309665679932,
      0.7310426235198975,
      0.6676023006439209,
      0.3815300166606903,
      0.23869109153747559,
      0.19104133546352386,
      0.053269270807504654,
      0.18430162966251373,
      0.03481968119740486,
      0.11755310744047165,
      0.034887272864580154
    ]
  ],
  "damage": -19.02733612060547,
  "diff_bandwidth": 765.6422119140625,
  "dissonance": 4.587625519667164,
  "drr": 0.8691908121109009,
  "dynamics": 6.101760387420654,
  "format": 1245190,
  "frames": 2947072,
  "loudness": -29.11442756652832,
  "loudness_range": 11.312725067138672,
  "loudness_range_short": 28.124265670776367,
  "lowpass_true_peak_15khz": -10.906880378723145,
  "mastering3_acoustic_entropies": [
    {
      "acoustic_entropy": 8.725236892700195,
      "acoustic_entropy_mono": 8.037004470825195,
      "band_eliminated_acoustic_entropies": [
        {
          "acoustic_entropy": 8.725253105163574,
          "acoustic_entropy_side": 8.725236892700195,
          "hz": 129.47220167065723
        },
        {
          "acoustic_entropy": 8.725142478942871,
          "acoustic_entropy_side": 8.725241661071777,
          "hz": 202.92927478742237
        },
        {
          "acoustic_entropy": 8.680404663085938,
          "acoustic_entropy_side": 8.725764274597168,
          "hz": 282.89161906338205
        },
        {
          "acoustic_entropy": 8.664024353027344,
          "acoustic_entropy_side": 8.735610961914062,
          "hz": 369.9353335868758
        },
        {
          "acoustic_entropy": 8.606945991516113,
          "acoustic_entropy_side": 8.69249153137207,
          "hz": 464.6875360973435
        },
        {
          "acoustic_entropy": 8.63778018951416,
          "acoustic_entropy_side": 8.488197326660156,
          "hz": 567.8308811364784
        },
        {
          "acoustic_entropy": 8.042304992675781,
          "acoustic_entropy_side": 8.54309368133545,
          "hz": 680.1084783214808
        },
        {
          "acoustic_entropy": 7.981422424316406,
          "acoustic_entropy_side": 8.741321563720703,
          "hz": 802.3292461747484
        },
        {
          "acoustic_entropy": 8.033308982849121,
          "acoustic_entropy_side": 8.590984344482422,
          "hz": 935.3737400823702
        },
        {
          "acoustic_entropy": 8.369987487792969,
          "acoustic_entropy_side": 8.736166954040527,
          "hz": 1080.2004963696966
        },
        {
          "acoustic_entropy": 8.367315292358398,
          "acoustic_entropy_side": 8.720020294189453,
          "hz": 1237.8529382007157
        },
        {
          "acoustic_entropy": 7.782087802886963,
          "acoustic_entropy_side": 8.65572452545166,
          "hz": 1409.4668930556702
        },
        {
          "acoustic_entropy": 7.931097507476807,
          "acoustic_entropy_side": 8.670808792114258,
          "hz": 1596.2787759475705
        },
        {
          "acoustic_entropy": 8.870893478393555,
          "acoustic_entropy_side": 8.761344909667969,
          "hz": 1799.6344973346393
        },
        {
          "acoustic_entropy": 8.044535636901855,
          "acoustic_entropy_side": 8.454385757446289,
          "hz": 2020.9991599069049
        },
        {
          "acoustic_entropy": 8.748017311096191,
          "acoustic_entropy_side": 8.734991073608398,
          "hz": 2261.9676141086993
        },
        {
          "acoustic_entropy": 8.677002906799316,
          "acoustic_entropy_side": 8.736597061157227,
          "hz": 2524.2759484456974
        },
        {
          "acoustic_entropy": 8.731964111328125,
          "acoustic_entropy_side": 8.726959228515625,
          "hz": 2809.813997359896
        },
        {
          "acoustic_entropy": 8.739662170410156,
          "acoustic_entropy_side": 8.725263595581055,
          "hz": 3120.6389567871424
        },
        {
          "acoustic_entropy": 8.716723442077637,
          "acoustic_entropy_side": 8.725445747375488,
          "hz": 3458.990205492291
        },
        {
          "acoustic_entropy": 8.734634399414062,
          "acoustic_entropy_side": 8.725610733032227,
          "hz": 3827.305438964164
        },
        {
          "acoustic_entropy": 8.727442741394043,
          "acoustic_entropy_side": 8.725341796875,
          "hz": 4228.238232109126
        },
        {
          "acoustic_entropy": 8.725759506225586,
          "acoustic_entropy_side": 8.725245475769043,
          "hz": 4664.6771572759235
        },
        {
          "acoustic_entropy": 8.725432395935059,
          "acoustic_entropy_side": 8.725237846374512,
          "hz": 5139.766595350093
        },
        {
          "acoustic_entropy": 8.725317001342773,
          "acoustic_entropy_side": 8.725237846374512,
          "hz": 5656.929389854203
        },
        {
          "acoustic_entropy": 8.725263595581055,
          "acoustic_entropy_side": 8.725236892700195,
          "hz": 6219.891507268283
        },
        {
          "acoustic_entropy": 8.725237846374512,
          "acoustic_entropy_side": 8.725236892700195,
          "hz": 6832.70888123896
        },
        {
          "acoustic_entropy": 8.725237846374512,
          "acoustic_entropy_side": 8.725236892700195,
          "hz": 7499.796634079867
        },
        {
          "acoustic_entropy": 8.725236892700195,
          "acoustic_entropy_side": 8.725236892700195,
          "hz": 8225.96088609342
        },
        {
          "acoustic_entropy": 8.725236892700195,
          "acoustic_entropy_side": 8.725236892700195,
          "hz": 9016.43338188839
        },
        {
          "acoustic_entropy": 8.725236892700195,
          "acoustic_entropy_side": 8.725236892700195,
          "hz": 9876.909183162974
        },
        {
          "acoustic_entropy": 8.725236892700195,
          "acoustic_entropy_side": 8.725236892700195,
          "hz": 10813.587699516042
        },
        {
          "acoustic_entropy": 8.725238800048828,
          "acoustic_entropy_side": 8.725236892700195,
          "hz": 11833.21735289826
        },
        {
          "acoustic_entropy": 8.725235939025879,
          "acoustic_entropy_side": 8.725236892700195,
          "hz": 12943.144197493959
        },
        {
          "acoustic_entropy": 8.725236892700195,
          "acoustic_entropy_side": 8.725236892700195,
          "hz": 14151.364845322005
        },
        {
          "acoustic_entropy": 8.725236892700195,
          "acoustic_entropy_side": 8.725236892700195,
          "hz": 15466.58407886509
        },
        {
          "acoustic_entropy": 8.725236892700195,
          "acoustic_entropy_side": 8.725236892700195,
          "hz": 16898.27756580493
        },
        {
          "acoustic_entropy": 8.725236892700195,
          "acoustic_entropy_side": 8.725236892700195,
          "hz": 18456.760127700032
        },
        {
          "acoustic_entropy": 8.725236892700195,
          "acoustic_entropy_side": 8.725236892700195,
          "hz": 20153.260054456492
        },
        {
          "acoustic_entropy": 8.725236892700195,
          "acoustic_entropy_side": 8.725236892700195,
          "hz": 22000.00000000001
        }
      ],
      "diff_acoustic_entropy": 9.386133193969727,
      "sn": 6
    },
    {
      "acoustic_entropy": 10.973355293273926,
      "acoustic_entropy_mono": 11.054290771484375,
      "band_eliminated_acoustic_entropies": [
        {
          "acoustic_entropy": 10.973456382751465,
          "acoustic_entropy_side": 10.973356246948242,
          "hz": 129.47220167065723
        },
        {
          "acoustic_entropy": 10.968782424926758,
          "acoustic_entropy_side": 10.973304748535156,
          "hz": 202.92927478742237
        },
        {
          "acoustic_entropy": 10.576430320739746,
          "acoustic_entropy_side": 10.975665092468262,
          "hz": 282.89161906338205
        },
        {
          "acoustic_entropy": 11.624795913696289,
          "acoustic_entropy_side": 10.92798137664795,
          "hz": 369.9353335868758
        },
        {
          "acoustic_entropy": 11.103017807006836,
          "acoustic_entropy_side": 10.642359733581543,
          "hz": 464.6875360973435
        },
        {
          "acoustic_entropy": 11.542543411254883,
          "acoustic_entropy_side": 11.219869613647461,
          "hz": 567.8308811364784
        },
        {
          "acoustic_entropy": 11.138153076171875,
          "acoustic_entropy_side": 10.754533767700195,
          "hz": 680.1084783214808
        },
        {
          "acoustic_entropy": 11.203483581542969,
          "acoustic_entropy_side": 11.113054275512695,
          "hz": 802.3292461747484
        },
        {
          "acoustic_entropy": 11.052155494689941,
          "acoustic_entropy_side": 10.986327171325684,
          "hz": 935.3737400823702
        },
        {
          "acoustic_entropy": 10.812164306640625,
          "acoustic_entropy_side": 10.465083122253418,
          "hz": 1080.2004963696966
        },
        {
          "acoustic_entropy": 11.34461498260498,
          "acoustic_entropy_side": 11.059938430786133,
          "hz": 1237.8529382007157
        },
        {
          "acoustic_entropy": 10.931697845458984,
          "acoustic_entropy_side": 10.868220329284668,
          "hz": 1409.4668930556702
        },
        {
          "acoustic_entropy": 11.428422927856445,
          "acoustic_entropy_side": 11.542072296142578,
          "hz": 1596.2787759475705
        },
        {
          "acoustic_entropy": 11.539560317993164,
          "acoustic_entropy_side": 10.692532539367676,
          "hz": 1799.6344973346393
        },
        {
          "acoustic_entropy": 10.665472984313965,
          "acoustic_entropy_side": 10.991615295410156,
          "hz": 2020.9991599069049
        },
        {
          "acoustic_entropy": 11.070858001708984,
          "acoustic_entropy_side": 10.799140930175781,
          "hz": 2261.9676141086993
        },
        {
          "acoustic_entropy": 10.549724578857422,
          "acoustic_entropy_side": 10.835713386535645,
          "hz": 2524.2759484456974
        },
        {
          "acoustic_entropy": 10.976588249206543,
          "acoustic_entropy_side": 10.943127632141113,
          "hz": 2809.813997359896
        },
        {
          "acoustic_entropy": 10.737151145935059,
          "acoustic_entropy_side": 10.95986557006836,
          "hz": 3120.6389567871424
        },
        {
          "acoustic_entropy": 10.905693054199219,
          "acoustic_entropy_side": 10.973864555358887,
          "hz": 3458.990205492291
        },
        {
          "acoustic_entropy": 10.937647819519043,
          "acoustic_entropy_side": 10.981752395629883,
          "hz": 3827.305438964164
        },
        {
          "acoustic_entropy": 10.991960525512695,
          "acoustic_entropy_side": 10.976142883300781,
          "hz": 4228.238232109126
        },
        {
          "acoustic_entropy": 10.981249809265137,
          "acoustic_entropy_side": 10.973211288452148,
          "hz": 4664.6771572759235
        },
        {
          "acoustic_entropy": 10.97821044921875,
          "acoustic_entropy_side": 10.973370552062988,
          "hz": 5139.766595350093
        },
        {
          "acoustic_entropy": 10.970257759094238,
          "acoustic_entropy_side": 10.973339080810547,
          "hz": 5656.929389854203
        },
        {
          "acoustic_entropy": 10.97164249420166,
          "acoustic_entropy_side": 10.973348617553711,
          "hz": 6219.891507268283
        },
        {
          "acoustic_entropy": 10.97325611114502,
          "acoustic_entropy_side": 10.973355293273926,
          "hz": 6832.70888123896
        },
        {
          "acoustic_entropy": 10.973356246948242,
          "acoustic_entropy_side": 10.973355293273926,
          "hz": 7499.796634079867
        },
        {
          "acoustic_entropy": 10.973356246948242,
          "acoustic_entropy_side": 10.973355293273926,
          "hz": 8225.96088609342
        },
        {
          "acoustic_entropy": 10.973350524902344,
          "acoustic_entropy_side": 10.973355293273926,
          "hz": 9016.43338188839
        },
        {
          "acoustic_entropy": 10.973350524902344,
          "acoustic_entropy_side": 10.973355293273926,
          "hz": 9876.909183162974
        },
        {
          "acoustic_entropy": 10.973350524902344,
          "acoustic_entropy_side": 10.973355293273926,
          "hz": 10813.587699516042
        },
        {
          "acoustic_entropy": 10.973237037658691,
          "acoustic_entropy_side": 10.973355293273926,
          "hz": 11833.21735289826
        },
        {
          "acoustic_entropy": 10.97334098815918,
          "acoustic_entropy_side": 10.973355293273926,
          "hz": 12943.144197493959
        },
        {
          "acoustic_entropy": 10.973353385925293,
          "acoustic_entropy_side": 10.973355293273926,
          "hz": 14151.364845322005
        },
        {
          "acoustic_entropy": 10.973356246948242,
          "acoustic_entropy_side": 10.973355293273926,
          "hz": 15466.58407886509
        },
        {
          "acoustic_entropy": 10.973357200622559,
          "acoustic_entropy_side": 10.973355293273926,
          "hz": 16898.27756580493
        },
        {
          "acoustic_entropy": 10.973355293273926,
          "acoustic_entropy_side": 10.973355293273926,
          "hz": 18456.760127700032
        },
        {
          "acoustic_entropy": 10.973356246948242,
          "acoustic_entropy_side": 10.973355293273926,
          "hz": 20153.260054456492
        },
        {
          "acoustic_entropy": 10.973355293273926,
          "acoustic_entropy_side": 10.973355293273926,
          "hz": 22000.00000000001
        }
      ],
      "diff_acoustic_entropy": 12.712629318237305,
      "sn": 12
    },
    {
      "acoustic_entropy": 18.149547576904297,
      "acoustic_entropy_mono": 15.61978530883789,
      "band_eliminated_acoustic_entropies": [
        {
          "acoustic_entropy": 18.152732849121094,
          "acoustic_entropy_side": 18.14961051940918,
          "hz": 129.47220167065723
        },
        {
          "acoustic_entropy": 18.161972045898438,
          "acoustic_entropy_side": 18.1614990234375,
          "hz": 202.92927478742237
        },
        {
          "acoustic_entropy": 18.266767501831055,
          "acoustic_entropy_side": 18.299331665039062,
          "hz": 282.89161906338205
        },
        {
          "acoustic_entropy": 18.24244499206543,
          "acoustic_entropy_side": 18.09156036376953,
          "hz": 369.9353335868758
        },
        {
          "acoustic_entropy": 17.725780487060547,
          "acoustic_entropy_side": 17.852008819580078,
          "hz": 464.6875360973435
        },
        {
          "acoustic_entropy": 18.02349090576172,
          "acoustic_entropy_side": 18.27442169189453,
          "hz": 567.8308811364784
        },
        {
          "acoustic_entropy": 17.237964630126953,
          "acoustic_entropy_side": 17.8903865814209,
          "hz": 680.1084783214808
        },
        {
          "acoustic_entropy": 18.302112579345703,
          "acoustic_entropy_side": 17.72549057006836,
          "hz": 802.3292461747484
        },
        {
          "acoustic_entropy": 17.260540008544922,
          "acoustic_entropy_side": 17.96743392944336,
          "hz": 935.3737400823702
        },
        {
          "acoustic_entropy": 17.04408073425293,
          "acoustic_entropy_side": 17.832555770874023,
          "hz": 1080.2004963696966
        },
        {
          "acoustic_entropy": 17.74396324157715,
          "acoustic_entropy_side": 17.84065055847168,
          "hz": 1237.8529382007157
        },
        {
          "acoustic_entropy": 16.572551727294922,
          "acoustic_entropy_side": 18.101303100585938,
          "hz": 1409.4668930556702
        },
        {
          "acoustic_entropy": 17.512115478515625,
          "acoustic_entropy_side": 17.7717227935791,
          "hz": 1596.2787759475705
        },
        {
          "acoustic_entropy": 17.274356842041016,
          "acoustic_entropy_side": 16.899202346801758,
          "hz": 1799.6344973346393
        },
        {
          "acoustic_entropy": 18.28106689453125,
          "acoustic_entropy_side": 18.791955947875977,
          "hz": 2020.9991599069049
        },
        {
          "acoustic_entropy": 17.290164947509766,
          "acoustic_entropy_side": 17.824403762817383,
          "hz": 2261.9676141086993
        },
        {
          "acoustic_entropy": 17.99787139892578,
          "acoustic_entropy_side": 17.925662994384766,
          "hz": 2524.2759484456974
