{
  "acoustic_entropy": 144.74964904785156,
  "bands": [
    {
      "high_freq": 148.1999969482422,
      "loudness": -52.70185089111328,
      "loudness_range": 24.038745880126953,
      "mid_mean": -50.37895202636719,
      "mid_to_side_loudness": -17.888227462768555,
      "mid_to_side_loudness_range": 8.827920913696289,
      "side_mean": -64.60494232177734
    },
    {
      "high_freq": 392.3793640136719,
      "loudness": -36.831031799316406,
      "loudness_range": 19.153017044067383,
      "low_freq": 148.1999969482422,
      "mid_mean": -33.502403259277344,
      "mid_to_side_loudness": -13.158405303955078,
      "mid_to_side_loudness_range": 9.637166976928711,
      "side_mean": -46.90843963623047
    },
    {
      "high_freq": 794.6976318359375,
      "loudness": -33.808349609375,
      "loudness_range": 17.765111923217773,
      "low_freq": 392.3793640136719,
      "mid_mean": -30.826974868774414,
      "mid_to_side_loudness": -9.023799896240234,
      "mid_to_side_loudness_range": 9.217327117919922,
      "side_mean": -40.166412353515625
    },
    {
      "high_freq": 1457.5709228515625,
      "loudness": -33.364524841308594,
      "loudness_range": 26.055707931518555,
      "low_freq": 794.6976318359375,
      "mid_mean": -30.840396881103516,
      "mid_to_side_loudness": -6.868617057800293,
      "mid_to_side_loudness_range": 9.427553176879883,
      "side_mean": -38.12405014038086
    },
    {
      "high_freq": 2549.74365234375,
      "loudness": -39.185611724853516,
      "loudness_range": 31.599369049072266,
      "low_freq": 1457.5709228515625,
      "mid_mean": -36.750755310058594,
      "mid_to_side_loudness": -6.877292156219482,
      "mid_to_side_loudness_range": 10.83990478515625,
      "side_mean": -43.76482391357422
    },
    {
      "high_freq": 4349.24462890625,
      "loudness": -49.738311767578125,
      "loudness_range": 25.89655303955078,
      "low_freq": 2549.74365234375,
      "mid_mean": -50.067569732666016,
      "mid_to_side_loudness": -5.902463436126709,
      "mid_to_side_loudness_range": 9.708497047424316,
      "side_mean": -55.11626052856445
    },
    {
      "high_freq": 7314.1640625,
      "loudness": -61.38588333129883,
      "loudness_range": 26.66360092163086,
      "low_freq": 4349.24462890625,
      "mid_mean": -59.97069549560547,
      "mid_to_side_loudness": -7.3820977210998535,
      "mid_to_side_loudness_range": 12.23733901977539,
      "side_mean": -64.65043640136719
    },
    {
      "high_freq": 12199.2666015625,
      "loudness": -66.212646484375,
      "loudness_range": 26.671009063720703,
      "low_freq": 7314.1640625,
      "mid_mean": -64.08733367919922,
      "mid_to_side_loudness": -9.02667236328125,
      "mid_to_side_loudness_range": 12.544700622558594,
      "side_mean": -68.32902526855469
    },
    {
      "loudness": -69.69578552246094,
      "loudness_range": 25.450634002685547,
      "low_freq": 12199.2666015625,
      "mid_mean": -66.52717590332031,
      "mid_to_side_loudness": -15.575668334960938,
      "mid_to_side_loudness_range": 17.988407135009766,
      "side_mean": -69.85726928710938
    }
  ],
  "bands_short": [
    {
      "high_freq": 148.1999969482422,
      "loudness": -58.117706298828125,
      "loudness_range": 25.579330444335938,
      "mid_mean": -54.56687545776367,
      "mid_to_side_loudness": -17.586767196655273,
      "mid_to_side_loudness_range": 14.125126838684082,
      "side_mean": -66.62261199951172
    },
    {
      "high_freq": 392.3793640136719,
      "loudness": -37.798709869384766,
      "loudness_range": 21.409225463867188,
      "low_freq": 148.1999969482422,
      "mid_mean": -34.589988708496094,
      "mid_to_side_loudness": -13.417375564575195,
      "mid_to_side_loudness_range": 12.82088851928711,
      "side_mean": -50.00242233276367
    },
    {
      "high_freq": 794.6976318359375,
      "loudness": -34.952796936035156,
      "loudness_range": 21.21697998046875,
      "low_freq": 392.3793640136719,
      "mid_mean": -32.04899978637695,
      "mid_to_side_loudness": -9.010846138000488,
      "mid_to_side_loudness_range": 12.135986328125,
      "side_mean": -41.344635009765625
    },
    {
      "high_freq": 1457.5709228515625,
      "loudness": -34.44656753540039,
      "loudness_range": 27.318342208862305,
      "low_freq": 794.6976318359375,
      "mid_mean": -32.11813735961914,
      "mid_to_side_loudness": -6.433140277862549,
      "mid_to_side_loudness_range": 12.74902057647705,
      "side_mean": -38.88040542602539
    },
    {
      "high_freq": 2549.74365234375,
      "loudness": -40.50062561035156,
      "loudness_range": 33.13420867919922,
      "low_freq": 1457.5709228515625,
      "mid_mean": -38.2897834777832,
      "mid_to_side_loudness": -6.203255653381348,
      "mid_to_side_loudness_range": 13.020090103149414,
      "side_mean": -44.7194709777832
    },
    {
      "high_freq": 4349.24462890625,
      "loudness": -50.51999282836914,
      "loudness_range": 27.49042510986328,
      "low_freq": 2549.74365234375,
      "mid_mean": -51.03136444091797,
      "mid_to_side_loudness": -5.353453636169434,
      "mid_to_side_loudness_range": 12.161225318908691,
      "side_mean": -55.53910827636719
    },
    {
      "high_freq": 7314.1640625,
      "loudness": -62.66218566894531,
      "loudness_range": 28.589340209960938,
      "low_freq": 4349.24462890625,
      "mid_mean": -61.22629165649414,
      "mid_to_side_loudness": -6.811344146728516,
      "mid_to_side_loudness_range": 13.076152801513672,
      "side_mean": -65.25043487548828
    },
    {
      "high_freq": 12199.2666015625,
      "loudness": -66.79821014404297,
      "loudness_range": 27.198505401611328,
      "low_freq": 7314.1640625,
      "mid_mean": -65.15654754638672,
      "mid_to_side_loudness": -7.830180644989014,
      "mid_to_side_loudness_range": 13.121674537658691,
      "side_mean": -68.49034881591797
    },
    {
      "loudness": -69.06309509277344,
      "loudness_range": 26.020267486572266,
      "low_freq": 12199.2666015625,
      "mid_mean": -67.25473022460938,
      "mid_to_side_loudness": -13.841593742370605,
      "mid_to_side_loudness_range": 18.69709014892578,
      "side_mean": -69.8625717163086
    }
  ],
  "bandwidth": 993.9896240234375,
  "channels": 2,
  "covariance": [
    [
      77.92235565185547,
      37.696651458740234,
      39.549537658691406,
      40.271888732910156,
      28.417755126953125,
      26.33913803100586,
      10.085381507873535,
      14.440581321716309,
      21.367341995239258,
      26.026947021484375,
      44.591033935546875,
      44.168914794921875,
      29.10296630859375,
      25.71956443786621,
      16.661592483520508,
      9.150555610656738,
      13.033425331115723,
      1.157218337059021
    ],
    [
      37.696651458740234,
      24.70655632019043,
      24.501056671142578,
      25.070947647094727,
      18.588661193847656,
      18.030635833740234,
      12.097646713256836,
      14.438583374023438,
      14.764657020568848,
      17.39582633972168,
      25.17909049987793,
      26.24393653869629,
      17.05619239807129,
      15.247245788574219,
      10.596705436706543,
      5.853786945343018,
      8.431970596313477,
      0.8062063455581665
    ],
    [
      39.549537658691406,
      24.501056671142578,
      48.979835510253906,
      46.57901382446289,
      28.375560760498047,
      27.061115264892578,
      10.141960144042969,
      13.760878562927246,
      15.1326265335083,
      20.456571578979492,
      22.354764938354492,
      25.767608642578125,
      15.123510360717773,
      16.1833553314209,
      7.299351692199707,
      5.398066520690918,
      6.203310966491699,
      0.804530143737793
    ],
    [
      40.271888732910156,
      25.070947647094727,
      46.57901382446289,
      57.81398391723633,
      30.53664779663086,
      29.76681900024414,
      14.799412727355957,
      19.817832946777344,
      19.793319702148438,
      24.380584716796875,
      31.060575485229492,
      33.47236633300781,
      19.345731735229492,
      18.269954681396484,
      9.80504035949707,
      5.832993030548096,
      7.448591232299805,
      0.7748389840126038
    ],
    [
      28.417755126953125,
      18.588661193847656,
      28.375560760498047,
      30.53664779663086,
      46.387325286865234,
      41.210960388183594,
      10.12342643737793,
      15.60787296295166,
      18.79642677307129,
      23.39104461669922,
      28.37649917602539,
      28.91948890686035,
      17.70885467529297,
      17.932567596435547,
      8.817864418029785,
      5.489612579345703,
      6.595864295959473,
      0.6903000473976135
    ],
    [
      26.33913803100586,
      18.030635833740234,
      27.061115264892578,
      29.76681900024414,
      41.210960388183594,
      48.286476135253906,
      12.88281536102295,
      18.02970314025879,
      22.934736251831055,
      26.242624282836914,
      33.83991622924805,
      33.17280578613281,
      20.811952590942383,
      18.807790756225586,
      10.73034381866455,
      5.841344356536865,
      7.715385913848877,
      0.6396411061286926
    ],
    [
      10.085381507873535,
      12.097646713256836,
      10.141960144042969,
      14.799412727355957,
      10.12342643737793,
      12.88281536102295,
      92.25997161865234,
      74.90349578857422,
      31.187763214111328,
      27.913373947143555,
      68.93123626708984,
      58.80002212524414,
      48.29439926147461,
      25.786457061767578,
      38.47555923461914,
      12.414813995361328,
      24.730276107788086,
      1.3908272981643677
    ],
    [
      14.440581321716309,
      14.438583374023438,
      13.760878562927246,
      19.817832946777344,
      15.60787296295166,
      18.02970314025879,
      74.90349578857422,
      72.33097839355469,
      31.915714263916016,
      30.718563079833984,
      65.30828094482422,
      57.996910095214844,
      44.94515609741211,
      26.851505279541016,
      33.671390533447266,
      11.84023380279541,
      21.81818389892578,
      1.2862951755523682
    ],
    [
      21.367341995239258,
      14.764657020568848,
      15.1326265335083,
      19.793319702148438,
      18.79642677307129,
      22.934736251831055,
      31.187763214111328,
      31.915714263916016,
      104.83340454101562,
      84.11785888671875,
      74.18954467773438,
      61.96860122680664,
      68.99333190917969,
      44.435203552246094,
      52.89712905883789,
      20.217525482177734,
      39.51002502441406,
      2.234347105026245
    ],
    [
      26.026947021484375,
      17.39582633972168,
      20.456571578979492,
      24.380584716796875,
      23.39104461669922,
      26.242624282836914,
      27.913373947143555,
      30.718563079833984,
      84.11785888671875,
      83.67912292480469,
      65.9909896850586,
      59.132476806640625,
      58.00395965576172,
      41.75307846069336,
      41.133113861083984,
      17.028606414794922,
      30.594600677490234,
      1.8114696741104126
    ],
    [
      44.591033935546875,
      25.17909049987793,
      22.354764938354492,
      31.060575485229492,
      28.37649917602539,
      33.83991622924805,
      68.93123626708984,
      65.30828094482422,
      74.18954467773438,
      65.9909896850586,
      123.49125671386719,
      101.052001953125,
      84.02257537841797,
      50.98899459838867,
      59.70723342895508,
      21.02332878112793,
      40.588409423828125,
      2.2271273136138916
    ],
    [
      44.168914794921875,
      26.24393653869629,
      25.767608642578125,
      33.47236633300781,
      28.91948890686035,
      33.17280578613281,
      58.80002212524414,
      57.996910095214844,
      61.96860122680664,
      59.132476806640625,
      101.052001953125,
      91.26165008544922,
      69.1932601928711,
      46.3978157043457,
      47.0023193359375,
      18.04836082458496,
      32.311092376708984,
      1.955865740776062
    ],
    [
      29.10296630859375,
      17.05619239807129,
      15.123510360717773,
      19.345731735229492,
      17.70885467529297,
      20.811952590942383,
      48.29439926147461,
      44.94515609741211,
      68.99333190917969,
      58.00395965576172,
      84.02257537841797,
      69.1932601928711,
      71.68116760253906,
      43.83393478393555,
      52.73357009887695,
      19.462221145629883,
      37.14875411987305,
      2.0644593238830566
    ],
    [
      25.71956443786621,
      15.247245788574219,
      16.1833553314209,
      18.269954681396484,
      17.932567596435547,
      18.807790756225586,
      25.786457061767578,
      26.851505279541016,
      44.435203552246094,
      41.75307846069336,
      50.98899459838867,
      46.3978157043457,
      43.83393478393555,
      34.31148147583008,
      29.58814811706543,
      13.332082748413086,
      21.909189224243164,
      1.5257431268692017
    ],
    [
      16.661592483520508,
      10.596705436706543,
      7.299351692199707,
      9.80504035949707,
      8.817864418029785,
      10.73034381866455,
      38.47555923461914,
      33.671390533447266,
      52.89712905883789,
      41.133113861083984,
      59.70723342895508,
      47.0023193359375,
      52.73357009887695,
      29.58814811706543,
      47.01725769042969,
      16.78165054321289,
      34.673404693603516,
      1.940653681755066
    ],
    [
      9.150555610656738,
      5.853786945343018,
      5.398066520690918,
      5.832993030548096,
      5.489612579345703,
      5.841344356536865,
      12.414813995361328,
      11.84023380279541,
      20.217525482177734,
      17.028606414794922,
      21.02332878112793,
      18.04836082458496,
      19.462221145629883,
      13.332082748413086,
      16.78165054321289,
      7.603603839874268,
      13.124927520751953,
      0.9771376252174377
    ],
    [
      13.033425331115723,
      8.431970596313477,
      6.203310966491699,
      7.448591232299805,
      6.595864295959473,
      7.715385913848877,
      24.730276107788086,
      21.81818389892578,
      39.51002502441406,
      30.594600677490234,
      40.588409423828125,
      32.311092376708984,
      37.14875411987305,
      21.909189224243164,
      34.673404693603516,
      13.124927520751953,
      28.082178115844727,
      1.6756848096847534
    ],
    [
      1.157218337059021,
      0.8062063455581665,
      0.804530143737793,
      0.7748389840126038,
      0.6903000473976135,
      0.6396411061286926,
      1.3908272981643677,
      1.2862951755523682,
      2.234347105026245,
      1.8114696741104126,
      2.2271273136138916,
      1.955865740776062,
      2.0644593238830566,
      1.5257431268692017,
      1.940653681755066,
      0.9771376252174377,
      1.6756848096847534,
      0.20482797920703888
    ]
  ],
  "covariance_short": [
    [
      69.75505065917969,
      25.78527069091797,
      38.68450927734375,
      56.06936264038086,
      33.70032501220703,
      31.38460350036621,
      11.358046531677246,
      14.429454803466797,
      21.242366790771484,
      25.042224884033203,
      37.864566802978516,
      37.89820098876953,
      24.71071434020996,
      22.750320434570312,
      12.545083999633789,
      7.972481727600098,
      9.570564270019531,
      1.059244155883789
    ],
    [
      25.78527069091797,
      16.063840866088867,
      18.840988159179688,
      22.97985076904297,
      16.255098342895508,
      15.752035140991211,
      10.386707305908203,
      11.599813461303711,
      12.145081520080566,
      14.064764976501465,
      19.01150894165039,
      19.556289672851562,
      12.61594009399414,
      11.336543083190918,
      6.908443450927734,
      4.145077705383301,
      5.170881271362305,
      0.5866606831550598
    ],
    [
      38.68450927734375,
      18.840988159179688,
      60.06845474243164,
      53.52802658081055,
      36.210166931152344,
      33.43880081176758,
      14.493024826049805,
      15.400362968444824,
      20.32623863220215,
      24.31779670715332,
      25.679672241210938,
      28.15825843811035,
      17.78654670715332,
      17.30999183654785,
      8.296557426452637,
      5.705724239349365,
      6.303192615509033,
      0.8368738293647766
    ],
    [
      56.06936264038086,
      22.97985076904297,
      53.52802658081055,
      98.54326629638672,
      44.10076141357422,
      42.10862731933594,
      16.50490379333496,
      21.204729080200195,
      26.13396453857422,
      29.695560455322266,
      54.24489212036133,
      51.631324768066406,
      30.962200164794922,
      24.732009887695312,
      15.57262897491455,
      7.884306907653809,
      10.512823104858398,
      0.9753735065460205
    ],
    [
      33.70032501220703,
      16.255098342895508,
      36.210166931152344,
      44.10076141357422,
      60.848121643066406,
      50.33812713623047,
      13.564459800720215,
      16.974933624267578,
      23.152437210083008,
      28.236391067504883,
      34.27822494506836,
      34.75925827026367,
      21.417030334472656,
      20.104705810546875,
      9.972407341003418,
      6.124815940856934,
      6.886165142059326,
      0.7763822674751282
    ],
    [
      31.38460350036621,
      15.752035140991211,
      33.43880081176758,
      42.10862731933594,
      50.33812713623047,
      60.561771392822266,
      14.756149291992188,
      18.79341697692871,
      25.194955825805664,
      30.118507385253906,
      37.594566345214844,
      36.90807342529297,
      22.418394088745117,
      19.73647117614746,
      10.127914428710938,
      6.050446033477783,
      6.881208419799805,
      0.6784458756446838
    ],
    [
      11.358046531677246,
      10.386707305908203,
      14.493024826049805,
      16.50490379333496,
      13.564459800720215,
      14.756149291992188,
      92.89991760253906,
      70.38143920898438,
      33.40040969848633,
      30.29341697692871,
      69.45613861083984,
      58.84890365600586,
      47.919166564941406,
      26.633583068847656,
      35.84989929199219,
      12.375761032104492,
      22.405620574951172,
      1.418243646621704
    ],
    [
      14.429454803466797,
      11.599813461303711,
      15.400362968444824,
      21.204729080200195,
      16.974933624267578,
      18.79341697692871,
      70.38143920898438,
      74.47347259521484,
      34.6710205078125,
      34.36137008666992,
      65.39065551757812,
      58.489376068115234,
      42.99612808227539,
      26.208253860473633,
      29.747060775756836,
      11.32928466796875,
      18.28384780883789,
      1.26260244846344
    ],
    [
      21.242366790771484,
      12.145081520080566,
      20.32623863220215,
      26.13396453857422,
      23.152437210083008,
      25.194955825805664,
      33.40040969848633,
      34.6710205078125,
      110.2060317993164,
      87.3443603515625,
      75.8561782836914,
      63.44648361206055,
      69.07030487060547,
      45.756229400634766,
      49.776302337646484,
      20.36625099182129,
      35.79035568237305,
      2.4045538902282715
    ],
    [
      25.042224884033203,
      14.064764976501465,
      24.31779670715332,
      29.695560455322266,
      28.236391067504883,
      30.118507385253906,
      30.29341697692871,
      34.36137008666992,
      87.3443603515625,
      92.71697998046875,
      69.01591491699219,
      62.34682083129883,
      57.662105560302734,
      42.42729568481445,
      38.22247314453125,
      17.05423355102539,
      27.15671157836914,
      1.9300084114074707
    ],
    [
      37.864566802978516,
      19.01150894165039,
      25.679672241210938,
      54.24489212036133,
      34.27822494506836,
      37.594566345214844,
      69.45613861083984,
      65.39065551757812,
      75.8561782836914,
      69.01591491699219,
      126.34727478027344,
      100.92440795898438,
      81.40632629394531,
      49.89594650268555,
      54.75053787231445,
      20.437347412109375,
      35.77913284301758,
      2.2711901664733887
    ],
    [
      37.89820098876953,
      19.556289672851562,
      28.15825843811035,
      51.631324768066406,
      34.75925827026367,
      36.90807342529297,
      58.84890365600586,
      58.489376068115234,
      63.44648361206055,
      62.34682083129883,
      100.92440795898438,
      93.58541870117188,
      65.98543548583984,
      44.89640426635742,
      41.7574348449707,
      17.27855110168457,
      27.33657455444336,
      1.951802372932434
    ],
    [
      24.71071434020996,
      12.61594009399414,
      17.78654670715332,
      30.962200164794922,
      21.417030334472656,
      22.418394088745117,
      47.919166564941406,
      42.99612808227539,
      69.07030487060547,
      57.662105560302734,
      81.40632629394531,
      65.98543548583984,
      73.2273178100586,
      43.9799919128418,
      51.6656379699707,
      19.618995666503906,
      35.4945068359375,
      2.2337594032287598
    ],
    [
      22.750320434570312,
      11.336543083190918,
      17.30999183654785,
      24.732009887695312,
      20.104705810546875,
      19.73647117614746,
      26.633583068847656,
      26.208253860473633,
      45.756229400634766,
      42.42729568481445,
      49.89594650268555,
      44.89640426635742,
      43.9799919128418,
      34.24040222167969,
      28.66086196899414,
      13.321208000183105,
      20.225692749023438,
      1.6100133657455444
    ],
    [
      12.545083999633789,
      6.908443450927734,
      8.296557426452637,
      15.57262897491455,
      9.972407341003418,
      10.127914428710938,
      35.84989929199219,
      29.747060775756836,
      49.776302337646484,
      38.22247314453125,
      54.75053787231445,
      41.7574348449707,
      51.6656379699707,
      28.66086196899414,
      46.22452926635742,
      16.647611618041992,
      33.380062103271484,
      2.0646767616271973
    ],
    [
      7.972481727600098,
      4.145077705383301,
      5.705724239349365,
      7.884306907653809,
      6.124815940856934,
      6.050446033477783,
      12.375761032104492,
      11.32928466796875,
      20.36625099182129,
      17.05423355102539,
      20.437347412109375,
      17.27855110168457,
      19.618995666503906,
      13.321208000183105,
      16.647611618041992,
      7.79740047454834,
      12.427059173583984,
      1.0440340042114258
    ],
    [
      9.570564270019531,
      5.170881271362305,
      6.303192615509033,
      10.512823104858398,
      6.886165142059326,
      6.881208419799805,
      22.405620574951172,
      18.28384780883789,
      35.79035568237305,
      27.15671157836914,
      35.77913284301758,
      27.33657455444336,
      35.4945068359375,
      20.225692749023438,
      33.380062103271484,
      12.427059173583984,
      27.114545822143555,
      1.7387754917144775
    ],
    [
      1.059244155883789,
      0.5866606831550598,
      0.8368738293647766,
      0.9753735065460205,
      0.7763822674751282,
      0.6784458756446838,
      1.418243646621704,
      1.26260244846344,
      2.4045538902282715,
      1.9300084114074707,
      2.2711901664733887,
      1.951802372932434,
      2.2337594032287598,
      1.6100133657455444,
      2.0646767616271973,
      1.0440340042114258,
      1.7387754917144775,
      0.2504423260688782
    ]
  ],
  "damage": -12.334514617919922,
  "diff_bandwidth": 1045.4942626953125,
  "dissonance": 6.3425017728177036,
  "drr": 12.361625671386719,
  "dynamics": 5.462508678436279,
  "format": 1245190,
  "frames": 9385920,
  "loudness": -22.113332748413086,
  "loudness_range": 17.77422332763672,
  "loudness_range_short": 19.8446044921875,
  "lowpass_true_peak_15khz": -0.3041265904903412,
  "mastering3_acoustic_entropies": [
    {
      "acoustic_entropy": 9.354424476623535,
      "acoustic_entropy_mono": 9.512900352478027,
      "band_eliminated_acoustic_entropies": [
        {
          "acoustic_entropy": 9.354308128356934,
          "acoustic_entropy_side": 9.354424476623535,
          "hz": 129.47220167065723
        },
        {
          "acoustic_entropy": 9.335135459899902,
          "acoustic_entropy_side": 9.354402542114258,
          "hz": 202.92927478742237
        },
        {
          "acoustic_entropy": 9.28164005279541,
          "acoustic_entropy_side": 9.353113174438477,
          "hz": 282.89161906338205
        },
        {
          "acoustic_entropy": 9.618971824645996,
          "acoustic_entropy_side": 9.350430488586426,
          "hz": 369.9353335868758
        },
        {
          "acoustic_entropy": 9.690115928649902,
          "acoustic_entropy_side": 9.3632230758667,
          "hz": 464.6875360973435
        },
        {
          "acoustic_entropy": 9.348649978637695,
          "acoustic_entropy_side": 9.376006126403809,
          "hz": 567.8308811364784
        },
        {
          "acoustic_entropy": 9.815160751342773,
          "acoustic_entropy_side": 9.466940879821777,
          "hz": 680.1084783214808
        },
        {
          "acoustic_entropy": 9.707511901855469,
          "acoustic_entropy_side": 9.48516845703125,
          "hz": 802.3292461747484
        },
        {
          "acoustic_entropy": 10.00696849822998,
          "acoustic_entropy_side": 9.440611839294434,
          "hz": 935.3737400823702
        },
        {
          "acoustic_entropy": 10.20283317565918,
          "acoustic_entropy_side": 9.620660781860352,
          "hz": 1080.2004963696966
        },
        {
          "acoustic_entropy": 9.712260246276855,
          "acoustic_entropy_side": 9.352910041809082,
          "hz": 1237.8529382007157
        },
        {
          "acoustic_entropy": 9.878905296325684,
          "acoustic_entropy_side": 9.4614896774292,
          "hz": 1409.4668930556702
        },
        {
          "acoustic_entropy": 10.174213409423828,
          "acoustic_entropy_side": 9.421882629394531,
          "hz": 1596.2787759475705
        },
        {
          "acoustic_entropy": 9.466882705688477,
          "acoustic_entropy_side": 9.497255325317383,
          "hz": 1799.6344973346393
        },
        {
          "acoustic_entropy": 9.976877212524414,
          "acoustic_entropy_side": 9.333352088928223,
          "hz": 2020.9991599069049
        },
        {
          "acoustic_entropy": 9.825424194335938,
          "acoustic_entropy_side": 9.484865188598633,
          "hz": 2261.9676141086993
        },
        {
          "acoustic_entropy": 9.536355972290039,
          "acoustic_entropy_side": 9.364161491394043,
          "hz": 2524.2759484456974
        },
        {
          "acoustic_entropy": 9.332207679748535,
          "acoustic_entropy_side": 9.362488746643066,
          "hz": 2809.813997359896
        },
        {
          "acoustic_entropy": 9.386794090270996,
          "acoustic_entropy_side": 9.380593299865723,
          "hz": 3120.6389567871424
        },
        {
          "acoustic_entropy": 9.373368263244629,
          "acoustic_entropy_side": 9.356379508972168,
          "hz": 3458.990205492291
        },
        {
          "acoustic_entropy": 9.340761184692383,
          "acoustic_entropy_side": 9.353597640991211,
          "hz": 3827.305438964164
        },
        {
          "acoustic_entropy": 9.391826629638672,
          "acoustic_entropy_side": 9.355863571166992,
          "hz": 4228.238232109126
        },
        {
          "acoustic_entropy": 9.396933555603027,
          "acoustic_entropy_side": 9.357351303100586,
          "hz": 4664.6771572759235
        },
        {
          "acoustic_entropy": 9.35900592803955,
          "acoustic_entropy_side": 9.354777336120605,
          "hz": 5139.766595350093
        },
        {
          "acoustic_entropy": 9.354583740234375,
          "acoustic_entropy_side": 9.354500770568848,
          "hz": 5656.929389854203
        },
        {
          "acoustic_entropy": 9.358606338500977,
          "acoustic_entropy_side": 9.354692459106445,
          "hz": 6219.891507268283
        },
        {
          "acoustic_entropy": 9.355051040649414,
          "acoustic_entropy_side": 9.354519844055176,
          "hz": 6832.70888123896
        },
        {
          "acoustic_entropy": 9.355130195617676,
          "acoustic_entropy_side": 9.354447364807129,
          "hz": 7499.796634079867
        },
        {
          "acoustic_entropy": 9.35476016998291,
          "acoustic_entropy_side": 9.354429244995117,
          "hz": 8225.96088609342
        },
        {
          "acoustic_entropy": 9.354654312133789,
          "acoustic_entropy_side": 9.3544282913208,
          "hz": 9016.43338188839
        },
        {
          "acoustic_entropy": 9.354601860046387,
          "acoustic_entropy_side": 9.354425430297852,
          "hz": 9876.909183162974
        },
        {
          "acoustic_entropy": 9.354691505432129,
          "acoustic_entropy_side": 9.354424476623535,
          "hz": 10813.587699516042
        },
        {
          "acoustic_entropy": 9.354874610900879,
          "acoustic_entropy_side": 9.354426383972168,
          "hz": 11833.21735289826
        },
        {
          "acoustic_entropy": 9.355499267578125,
          "acoustic_entropy_side": 9.354425430297852,
          "hz": 12943.144197493959
        },
        {
          "acoustic_entropy": 9.354710578918457,
          "acoustic_entropy_side": 9.354424476623535,
          "hz": 14151.364845322005
        },
        {
          "acoustic_entropy": 9.354574203491211,
          "acoustic_entropy_side": 9.354424476623535,
          "hz": 15466.58407886509
        },
        {
          "acoustic_entropy": 9.354491233825684,
          "acoustic_entropy_side": 9.354424476623535,
          "hz": 16898.27756580493
        },
        {
          "acoustic_entropy": 9.354437828063965,
          "acoustic_entropy_side": 9.354424476623535,
          "hz": 18456.760127700032
        },
        {
          "acoustic_entropy": 9.3544282913208,
          "acoustic_entropy_side": 9.354424476623535,
          "hz": 20153.260054456492
        },
        {
          "acoustic_entropy": 9.354427337646484,
          "acoustic_entropy_side": 9.354424476623535,
          "hz": 22000.00000000001
        }
      ],
      "diff_acoustic_entropy": 6.134459018707275,
      "sn": 6
    },
    {
      "acoustic_entropy": 12.928826332092285,
      "acoustic_entropy_mono": 13.617684364318848,
      "band_eliminated_acoustic_entropies": [
        {
          "acoustic_entropy": 12.932317733764648,
          "acoustic_entropy_side": 12.928823471069336,
          "hz": 129.47220167065723
        },
        {
          "acoustic_entropy": 12.877471923828125,
          "acoustic_entropy_side": 12.928820610046387,
          "hz": 202.92927478742237
        },
        {
          "acoustic_entropy": 12.908029556274414,
          "acoustic_entropy_side": 12.924715995788574,
          "hz": 282.89161906338205
        },
        {
          "acoustic_entropy": 13.187064170837402,
          "acoustic_entropy_side": 12.877645492553711,
          "hz": 369.9353335868758
        },
        {
          "acoustic_entropy": 13.323508262634277,
          "acoustic_entropy_side": 12.87859058380127,
          "hz": 464.6875360973435
        },
        {
          "acoustic_entropy": 12.86095142364502,
          "acoustic_entropy_side": 13.176040649414062,
          "hz": 567.8308811364784
        },
        {
          "acoustic_entropy": 13.747836112976074,
          "acoustic_entropy_side": 13.413081169128418,
          "hz": 680.1084783214808
        },
        {
          "acoustic_entropy": 13.336603164672852,
          "acoustic_entropy_side": 13.143425941467285,
          "hz": 802.3292461747484
        },
        {
          "acoustic_entropy": 13.639508247375488,
          "acoustic_entropy_side": 13.099400520324707,
          "hz": 935.3737400823702
        },
        {
          "acoustic_entropy": 13.769290924072266,
          "acoustic_entropy_side": 13.540939331054688,
          "hz": 1080.2004963696966
        },
        {
          "acoustic_entropy": 12.396647453308105,
          "acoustic_entropy_side": 13.228838920593262,
          "hz": 1237.8529382007157
        },
        {
          "acoustic_entropy": 13.607548713684082,
          "acoustic_entropy_side": 13.177436828613281,
          "hz": 1409.4668930556702
        },
        {
          "acoustic_entropy": 13.307453155517578,
          "acoustic_entropy_side": 13.582612991333008,
          "hz": 1596.2787759475705
        },
        {
          "acoustic_entropy": 13.935956954956055,
          "acoustic_entropy_side": 13.289338111877441,
          "hz": 1799.6344973346393
        },
        {
          "acoustic_entropy": 13.601043701171875,
          "acoustic_entropy_side": 13.378525733947754,
          "hz": 2020.9991599069049
        },
        {
          "acoustic_entropy": 13.424409866333008,
          "acoustic_entropy_side": 13.258733749389648,
          "hz": 2261.9676141086993
        },
        {
          "acoustic_entropy": 12.898815155029297,
          "acoustic_entropy_side": 12.966570854187012,
          "hz": 2524.2759484456974
        },
        {
          "acoustic_entropy": 12.90574836730957,
          "acoustic_entropy_side": 12.967838287353516,
          "hz": 2809.813997359896
        },
        {
          "acoustic_entropy": 13.271960258483887,
          "acoustic_entropy_side": 13.21950912475586,
          "hz": 3120.6389567871424
        },
        {
          "acoustic_entropy": 13.00459098815918,
          "acoustic_entropy_side": 13.038707733154297,
          "hz": 3458.990205492291
        },
        {
          "acoustic_entropy": 13.039946556091309,
          "acoustic_entropy_side": 12.96415901184082,
          "hz": 3827.305438964164
        },
        {
          "acoustic_entropy": 13.075824737548828,
          "acoustic_entropy_side": 12.938368797302246,
          "hz": 4228.238232109126
        },
        {
          "acoustic_entropy": 13.203961372375488,
          "acoustic_entropy_side": 12.979467391967773,
          "hz": 4664.6771572759235
        },
        {
          "acoustic_entropy": 13.045880317687988,
          "acoustic_entropy_side": 12.930380821228027,
          "hz": 5139.766595350093
        },
        {
          "acoustic_entropy": 12.970830917358398,
          "acoustic_entropy_side": 12.929043769836426,
          "hz": 5656.929389854203
        },
        {
          "acoustic_entropy": 13.004901885986328,
          "acoustic_entropy_side": 12.929935455322266,
          "hz": 6219.891507268283
        },
        {
          "acoustic_entropy": 12.934263229370117,
          "acoustic_entropy_side": 12.929388046264648,
          "hz": 6832.70888123896
        },
        {
          "acoustic_entropy": 12.941352844238281,
          "acoustic_entropy_side": 12.928975105285645,
          "hz": 7499.796634079867
        },
        {
          "acoustic_entropy": 12.931872367858887,
          "acoustic_entropy_side": 12.928874969482422,
          "hz": 8225.96088609342
        },
        {
          "acoustic_entropy": 12.931570053100586,
          "acoustic_entropy_side": 12.928863525390625,
          "hz": 9016.43338188839
        },
        {
          "acoustic_entropy": 12.930874824523926,
          "acoustic_entropy_side": 12.928852081298828,
          "hz": 9876.909183162974
        },
        {
          "acoustic_entropy": 12.931716918945312,
          "acoustic_entropy_side": 12.928849220275879,
          "hz": 10813.587699516042
        },
        {
          "acoustic_entropy": 12.936625480651855,
          "acoustic_entropy_side": 12.928841590881348,
          "hz": 11833.21735289826
        },
        {
          "acoustic_entropy": 12.948454856872559,
          "acoustic_entropy_side": 12.928842544555664,
          "hz": 12943.144197493959
        },
        {
          "acoustic_entropy": 12.932969093322754,
          "acoustic_entropy_side": 12.928827285766602,
          "hz": 14151.364845322005
        },
        {
          "acoustic_entropy": 12.931598663330078,
          "acoustic_entropy_side": 12.928826332092285,
          "hz": 15466.58407886509
        },
        {
          "acoustic_entropy": 12.930258750915527,
          "acoustic_entropy_side": 12.928826332092285,
          "hz": 16898.27756580493
        },
        {
          "acoustic_entropy": 12.929191589355469,
          "acoustic_entropy_side": 12.928826332092285,
          "hz": 18456.760127700032
        },
        {
          "acoustic_entropy": 12.928956985473633,
          "acoustic_entropy_side": 12.928826332092285,
          "hz": 20153.260054456492
        },
        {
          "acoustic_entropy": 12.92888069152832,
          "acoustic_entropy_side": 12.928826332092285,
          "hz": 22000.00000000001
        }
      ],
      "diff_acoustic_entropy": 8.513720512390137,
      "sn": 12
    },
    {
      "acoustic_entropy": 19.686481475830078,
      "acoustic_entropy_mono": 20.202289581298828,
      "band_eliminated_acoustic_entropies": [
        {
          "acoustic_entropy": 19.604156494140625,
          "acoustic_entropy_side": 19.685941696166992,
          "hz": 129.47220167065723
        },
        {
          "acoustic_entropy": 19.566650390625,
          "acoustic_entropy_side": 19.643404006958008,
          "hz": 202.92927478742237
        },
        {
          "acoustic_entropy": 18.9816837310791,
          "acoustic_entropy_side": 19.352710723876953,
          "hz": 282.89161906338205
        },
        {
          "acoustic_entropy": 19.458101272583008,
          "acoustic_entropy_side": 19.95889663696289,
          "hz": 369.9353335868758
        },
        {
          "acoustic_entropy": 19.351303100585938,
          "acoustic_entropy_side": 19.73328971862793,
          "hz": 464.6875360973435
        },
        {
          "acoustic_entropy": 18.79210662841797,
          "acoustic_entropy_side": 19.986186981201172,
          "hz": 567.8308811364784
        },
        {
          "acoustic_entropy": 20.066890716552734,
          "acoustic_entropy_side": 20.34796905517578,
          "hz": 680.1084783214808
        },
        {
          "acoustic_entropy": 19.546836853027344,
          "acoustic_entropy_side": 19.758441925048828,
          "hz": 802.3292461747484
        },
        {
          "acoustic_entropy": 20.466901779174805,
          "acoustic_entropy_side": 20.19369888305664,
          "hz": 935.3737400823702
        },
        {
          "acoustic_entropy": 20.513099670410156,
          "acoustic_entropy_side": 19.7713623046875,
          "hz": 1080.2004963696966
        },
        {
          "acoustic_entropy": 19.27684211730957,
          "acoustic_entropy_side": 19.43136978149414,
          "hz": 1237.8529382007157
        },
        {
          "acoustic_entropy": 20.000965118408203,
          "acoustic_entropy_side": 19.689983367919922,
          "hz": 1409.4668930556702
        },
        {
          "acoustic_entropy": 21.099605560302734,
          "acoustic_entropy_side": 20.44222068786621,
          "hz": 1596.2787759475705
        },
        {
          "acoustic_entropy": 20.359622955322266,
          "acoustic_entropy_side": 19.840267181396484,
          "hz": 1799.6344973346393
        },
        {
          "acoustic_entropy": 19.55750846862793,
          "acoustic_entropy_side": 20.788650512695312,
          "hz": 2020.9991599069049
        },
        {
          "acoustic_entropy": 20.55525779724121,
          "acoustic_entropy_side": 19.425302505493164,
          "hz": 2261.9676141086993
        },
        {
          "acoustic_entropy": 20.042646408081055,
          "acoustic_entropy_side": 19.70612144470215,
          "hz": 2524.2759484456974
        },
        {
          "acoustic_entropy": 20.076133728027344,
          "acoustic_entropy_side": 19.345224380493164,
          "hz": 2809.813997359896
        },
        {
          "acoustic_entropy": 20.244699478149414,
          "acoustic_entropy_side": 19.816524505615234,
