{
  "acoustic_entropy": 184.2227020263672,
  "bands": [
    {
      "high_freq": 148.1999969482422,
      "loudness": -29.367542266845703,
      "loudness_range": 15.966741561889648,
      "mid_mean": -25.896333694458008,
      "mid_to_side_loudness": -30.251802444458008,
      "mid_to_side_loudness_range": 25.521785736083984,
      "side_mean": -58.28831100463867
    },
    {
      "high_freq": 392.3793640136719,
      "loudness": -26.236818313598633,
      "loudness_range": 13.220439910888672,
      "low_freq": 148.1999969482422,
      "mid_mean": -22.817174911499023,
      "mid_to_side_loudness": -13.421646118164062,
      "mid_to_side_loudness_range": 13.673971176147461,
      "side_mean": -37.750980377197266
    },
    {
      "high_freq": 794.6976318359375,
      "loudness": -28.579355239868164,
      "loudness_range": 11.97530746459961,
      "low_freq": 392.3793640136719,
      "mid_mean": -25.329235076904297,
      "mid_to_side_loudness": -13.84306812286377,
      "mid_to_side_loudness_range": 18.205062866210938,
      "side_mean": -39.23356628417969
    },
    {
      "high_freq": 1457.5709228515625,
      "loudness": -29.828067779541016,
      "loudness_range": 18.291866302490234,
      "low_freq": 794.6976318359375,
      "mid_mean": -26.566726684570312,
      "mid_to_side_loudness": -15.106891632080078,
      "mid_to_side_loudness_range": 16.98876953125,
      "side_mean": -40.955265045166016
    },
    {
      "high_freq": 2549.74365234375,
      "loudness": -26.581439971923828,
      "loudness_range": 14.24966812133789,
      "low_freq": 1457.5709228515625,
      "mid_mean": -23.21059226989746,
      "mid_to_side_loudness": -15.887219429016113,
      "mid_to_side_loudness_range": 15.886571884155273,
      "side_mean": -39.24354934692383
    },
    {
      "high_freq": 4349.24462890625,
      "loudness": -32.41061019897461,
      "loudness_range": 17.784164428710938,
      "low_freq": 2549.74365234375,
      "mid_mean": -29.19916343688965,
      "mid_to_side_loudness": -14.748042106628418,
      "mid_to_side_loudness_range": 15.959726333618164,
      "side_mean": -43.902645111083984
    },
    {
      "high_freq": 7314.1640625,
      "loudness": -41.968414306640625,
      "loudness_range": 21.689708709716797,
      "low_freq": 4349.24462890625,
      "mid_mean": -38.689571380615234,
      "mid_to_side_loudness": -12.099127769470215,
      "mid_to_side_loudness_range": 11.51672649383545,
      "side_mean": -51.66179656982422
    },
    {
      "high_freq": 12199.2666015625,
      "loudness": -51.79579162597656,
      "loudness_range": 27.335346221923828,
      "low_freq": 7314.1640625,
      "mid_mean": -50.81935501098633,
      "mid_to_side_loudness": -9.360323905944824,
      "mid_to_side_loudness_range": 11.731294631958008,
      "side_mean": -58.29066467285156
    },
    {
      "loudness": -69.20504760742188,
      "loudness_range": 26.822879791259766,
      "low_freq": 12199.2666015625,
      "mid_mean": -63.727779388427734,
      "mid_to_side_loudness": -5.265263557434082,
      "mid_to_side_loudness_range": 4.955325603485107,
      "side_mean": -66.19664001464844
    }
  ],
  "bands_short": [
    {
      "high_freq": 148.1999969482422,
      "loudness": -30.89969253540039,
      "loudness_range": 14.466190338134766,
      "mid_mean": -29.70780372619629,
      "mid_to_side_loudness": -27.253427505493164,
      "mid_to_side_loudness_range": 32.78501892089844,
      "side_mean": -62.34669876098633
    },
    {
      "high_freq": 392.3793640136719,
      "loudness": -25.713205337524414,
      "loudness_range": 16.01827049255371,
      "low_freq": 148.1999969482422,
      "mid_mean": -22.6326961517334,
      "mid_to_side_loudness": -13.697219848632812,
      "mid_to_side_loudness_range": 17.549535751342773,
      "side_mean": -39.12283706665039
    },
    {
      "high_freq": 794.6976318359375,
      "loudness": -28.575727462768555,
      "loudness_range": 14.526836395263672,
      "low_freq": 392.3793640136719,
      "mid_mean": -25.477025985717773,
      "mid_to_side_loudness": -13.708206176757812,
      "mid_to_side_loudness_range": 18.966976165771484,
      "side_mean": -38.92430877685547
    },
    {
      "high_freq": 1457.5709228515625,
      "loudness": -30.045263290405273,
      "loudness_range": 18.727859497070312,
      "low_freq": 794.6976318359375,
      "mid_mean": -26.905712127685547,
      "mid_to_side_loudness": -15.100537300109863,
      "mid_to_side_loudness_range": 18.995525360107422,
      "side_mean": -41.277061462402344
    },
    {
      "high_freq": 2549.74365234375,
      "loudness": -27.258134841918945,
      "loudness_range": 17.482316970825195,
      "low_freq": 1457.5709228515625,
      "mid_mean": -23.971067428588867,
      "mid_to_side_loudness": -15.731330871582031,
      "mid_to_side_loudness_range": 18.070674896240234,
      "side_mean": -39.739585876464844
    },
    {
      "high_freq": 4349.24462890625,
      "loudness": -33.47554397583008,
      "loudness_range": 21.814498901367188,
      "low_freq": 2549.74365234375,
      "mid_mean": -30.223339080810547,
      "mid_to_side_loudness": -14.645841598510742,
      "mid_to_side_loudness_range": 17.985492706298828,
      "side_mean": -45.13069152832031
    },
    {
      "high_freq": 7314.1640625,
      "loudness": -43.79038619995117,
      "loudness_range": 27.226598739624023,
      "low_freq": 4349.24462890625,
      "mid_mean": -40.87855529785156,
      "mid_to_side_loudness": -13.109027862548828,
      "mid_to_side_loudness_range": 16.485326766967773,
      "side_mean": -54.698265075683594
    },
    {
      "high_freq": 12199.2666015625,
      "loudness": -55.20765686035156,
      "loudness_range": 32.57441711425781,
      "low_freq": 7314.1640625,
      "mid_mean": -54.57991409301758,
      "mid_to_side_loudness": -10.131746292114258,
      "mid_to_side_loudness_range": 13.412450790405273,
      "side_mean": -61.756187438964844
    },
    {
      "loudness": -72.89022827148438,
      "loudness_range": 24.08292007446289,
      "low_freq": 12199.2666015625,
      "mid_mean": -66.22531127929688,
      "mid_to_side_loudness": -5.020163059234619,
      "mid_to_side_loudness_range": 5.940483093261719,
      "side_mean": -68.00630950927734
    }
  ],
  "bandwidth": 702.807861328125,
  "channels": 2,
  "covariance": [
    [
      40.725433349609375,
      22.397573471069336,
      14.448833465576172,
      0.698653519153595,
      8.346572875976562,
      6.003786087036133,
      4.485907077789307,
      2.5506057739257812,
      5.366028308868408,
      3.5129799842834473,
      4.719877243041992,
      3.0411715507507324,
      0.06941177695989609,
      -3.8284881114959717,
      -6.946658134460449,
      -7.387650966644287,
      -8.660359382629395,
      -7.556377410888672
    ],
    [
      22.397573471069336,
      65.16309356689453,
      12.393531799316406,
      24.215869903564453,
      10.953132629394531,
      17.593217849731445,
      18.495235443115234,
      21.7291316986084,
      10.681474685668945,
      18.294086456298828,
      13.3967866897583,
      20.517976760864258,
      13.152665138244629,
      22.506614685058594,
      14.844115257263184,
      7.760829448699951,
      -1.8445788621902466,
      -3.72660231590271
    ],
    [
      14.448833465576172,
      12.393531799316406,
      30.239173889160156,
      21.484668731689453,
      15.208918571472168,
      21.86345863342285,
      17.593870162963867,
      22.80122947692871,
      16.498348236083984,
      19.997596740722656,
      14.336774826049805,
      14.649999618530273,
      12.024998664855957,
      9.04531478881836,
      6.550380706787109,
      2.321910858154297,
      1.780920386314392,
      -0.3227474093437195
    ],
    [
      0.698653519153595,
      24.215869903564453,
      21.484668731689453,
      92.28858184814453,
      18.578203201293945,
      54.69060516357422,
      44.95355224609375,
      72.22464752197266,
      27.153457641601562,
      51.09363555908203,
      23.702529907226562,
      40.00011444091797,
      27.697973251342773,
      26.829334259033203,
      14.026854515075684,
      6.6298298835754395,
      3.376713514328003,
      -0.43618547916412354
    ],
    [
      8.346572875976562,
      10.953132629394531,
      15.208918571472168,
      18.578203201293945,
      31.29737663269043,
      21.71234130859375,
      16.91378402709961,
      15.52151870727539,
      26.278173446655273,
      17.009077072143555,
      19.607006072998047,
      13.666827201843262,
      7.103054523468018,
      6.974451541900635,
      6.936091899871826,
      5.623664855957031,
      7.025288105010986,
      4.25474214553833
    ],
    [
      6.003786087036133,
      17.593217849731445,
      21.86345863342285,
      54.69060516357422,
      21.71234130859375,
      52.05581283569336,
      32.20820617675781,
      53.05204391479492,
      23.819164276123047,
      41.52723693847656,
      21.186824798583984,
      34.05415725708008,
      24.901622772216797,
      25.42331314086914,
      17.655637741088867,
      11.586360931396484,
      5.41696310043335,
      1.5371391773223877
    ],
    [
      4.485907077789307,
      18.495235443115234,
      17.593870162963867,
      44.95355224609375,
      16.91378402709961,
      32.20820617675781,
      45.73597717285156,
      45.60527420043945,
      28.289424896240234,
      36.73184585571289,
      31.918657302856445,
      34.97465896606445,
      33.511600494384766,
      32.04030227661133,
      26.036001205444336,
      15.619353294372559,
      4.690422534942627,
      0.8814125657081604
    ],
    [
      2.5506057739257812,
      21.7291316986084,
      22.80122947692871,
      72.22464752197266,
      15.52151870727539,
      53.05204391479492,
      45.60527420043945,
      76.04010772705078,
      25.407011032104492,
      52.1090087890625,
      26.55173683166504,
      45.49956512451172,
      36.39189529418945,
      36.2413444519043,
      23.16217613220215,
      14.872139930725098,
      3.9699718952178955,
      0.14719238877296448
    ],
    [
      5.366028308868408,
      10.681474685668945,
      16.498348236083984,
      27.153457641601562,
      26.278173446655273,
      23.819164276123047,
      28.289424896240234,
      25.407011032104492,
      37.574134826660156,
      27.324899673461914,
      31.86113929748535,
      26.188745498657227,
      24.915958404541016,
      22.290552139282227,
      21.671829223632812,
      13.508918762207031,
      8.065289497375488,
      3.765681505203247
    ],
    [
      3.5129799842834473,
      18.294086456298828,
      19.997596740722656,
      51.09363555908203,
      17.009077072143555,
      41.52723693847656,
      36.73184585571289,
      52.1090087890625,
      27.324899673461914,
      45.29875183105469,
      26.17797088623047,
      38.38377380371094,
      33.221290588378906,
      33.330875396728516,
      25.523771286010742,
      17.415435791015625,
      6.76188850402832,
      2.382661819458008
    ],
    [
      4.719877243041992,
      13.3967866897583,
      14.336774826049805,
      23.702529907226562,
      19.607006072998047,
      21.186824798583984,
      31.918657302856445,
      26.55173683166504,
      31.86113929748535,
      26.17797088623047,
      51.993003845214844,
      37.337371826171875,
      39.0969352722168,
      34.143707275390625,
      36.531349182128906,
      21.640968322753906,
      9.988126754760742,
      4.316813945770264
    ],
    [
      3.0411715507507324,
      20.517976760864258,
      14.649999618530273,
      40.00011444091797,
      13.666827201843262,
      34.05415725708008,
      34.97465896606445,
      45.49956512451172,
      26.188745498657227,
      38.38377380371094,
      37.337371826171875,
      49.290714263916016,
      45.68260955810547,
      48.86058807373047,
      43.46516799926758,
      31.104585647583008,
      9.728066444396973,
      3.9230475425720215
    ],
    [
      0.06941177695989609,
      13.152665138244629,
      12.024998664855957,
      27.697973251342773,
      7.103054523468018,
      24.901622772216797,
      33.511600494384766,
      36.39189529418945,
      24.915958404541016,
      33.221290588378906,
      39.0969352722168,
      45.68260955810547,
      59.59531784057617,
      58.70527267456055,
      60.524715423583984,
      43.62248992919922,
      12.397357940673828,
      4.764472007751465
    ],
    [
      -3.8284881114959717,
      22.506614685058594,
      9.04531478881836,
      26.829334259033203,
      6.974451541900635,
      25.42331314086914,
      32.04030227661133,
      36.2413444519043,
      22.290552139282227,
      33.330875396728516,
      34.143707275390625,
      48.86058807373047,
      58.70527267456055,
      92.76187896728516,
      94.71019744873047,
      75.9591293334961,
      29.36919403076172,
      17.65647315979004
    ],
    [
      -6.946658134460449,
      14.844115257263184,
      6.550380706787109,
      14.026854515075684,
      6.936091899871826,
      17.655637741088867,
      26.036001205444336,
      23.16217613220215,
      21.671829223632812,
      25.523771286010742,
      36.531349182128906,
      43.46516799926758,
      60.524715423583984,
      94.71019744873047,
      110.4336929321289,
      90.93241119384766,
      42.49836349487305,
      27.38090705871582
    ],
    [
      -7.387650966644287,
      7.760829448699951,
      2.321910858154297,
      6.6298298835754395,
      5.623664855957031,
      11.586360931396484,
      15.619353294372559,
      14.872139930725098,
      13.508918762207031,
      17.415435791015625,
      21.640968322753906,
      31.104585647583008,
      43.62248992919922,
      75.9591293334961,
      90.93241119384766,
      86.13341522216797,
      45.06427764892578,
      31.673431396484375
    ],
    [
      -8.660359382629395,
      -1.8445788621902466,
      1.780920386314392,
      3.376713514328003,
      7.025288105010986,
      5.41696310043335,
      4.690422534942627,
      3.9699718952178955,
      8.065289497375488,
      6.76188850402832,
      9.988126754760742,
      9.728066444396973,
      12.397357940673828,
      29.36919403076172,
      42.49836349487305,
      45.06427764892578,
      50.329837799072266,
      38.946250915527344
    ],
    [
      -7.556377410888672,
      -3.72660231590271,
      -0.3227474093437195,
      -0.43618547916412354,
      4.25474214553833,
      1.5371391773223877,
      0.8814125657081604,
      0.14719238877296448,
      3.765681505203247,
      2.382661819458008,
      4.316813945770264,
      3.9230475425720215,
      4.764472007751465,
      17.65647315979004,
      27.38090705871582,
      31.673431396484375,
      38.946250915527344,
      31.116846084594727
    ]
  ],
  "covariance_short": [
    [
      102.03495788574219,
      19.605079650878906,
      27.624919891357422,
      -11.786389350891113,
      9.417072296142578,
      0.900137722492218,
      2.0234169960021973,
      -6.030350208282471,
      4.854290008544922,
      -2.155400037765503,
      3.3401713371276855,
      -1.632982850074768,
      -2.195706605911255,
      -7.238245487213135,
      -8.724089622497559,
      -9.744731903076172,
      -16.025142669677734,
      -14.69150447845459
    ],
    [
      19.605079650878906,
      43.392765045166016,
      14.746048927307129,
      17.968490600585938,
      9.405277252197266,
      14.08470344543457,
      13.617408752441406,
      16.796140670776367,
      8.268325805664062,
      12.90761661529541,
      11.263583183288574,
      16.62883758544922,
      11.93009090423584,
      16.505842208862305,
      11.308145523071289,
      6.273294925689697,
      3.1189918518066406,
      0.7207319140434265
    ],
    [
      27.624919891357422,
      14.746048927307129,
      53.37429428100586,
      28.29609489440918,
      25.064870834350586,
      28.632877349853516,
      24.093713760375977,
      25.69794273376465,
      22.033693313598633,
      22.723447799682617,
      22.793092727661133,
      19.92580223083496,
      13.73670768737793,
      5.218155384063721,
      1.8360531330108643,
      -4.4041972160339355,
      -2.5430338382720947,
      -4.434601306915283
    ],
    [
      -11.786389350891113,
      17.968490600585938,
      28.29609489440918,
      100.26988983154297,
      20.763195037841797,
      57.068050384521484,
      47.235713958740234,
      75.71234893798828,
      27.621320724487305,
      53.534019470214844,
      24.303998947143555,
      42.11599349975586,
      29.96756362915039,
      31.01251983642578,
      15.65584945678711,
      6.964200496673584,
      1.6070436239242554,
      -1.7040126323699951
    ],
    [
      9.417072296142578,
      9.405277252197266,
      25.064870834350586,
      20.763195037841797,
      41.69187545776367,
      28.76654052734375,
      23.88509750366211,
      19.676477432250977,
      32.128700256347656,
      22.07589340209961,
      23.25373077392578,
      17.50592803955078,
      12.05497932434082,
      9.656145095825195,
      8.040264129638672,
      2.9707226753234863,
      2.266047477722168,
      0.37950724363327026
    ],
    [
      0.900137722492218,
      14.08470344543457,
      28.632877349853516,
      57.068050384521484,
      28.76654052734375,
      61.5709114074707,
      34.7352409362793,
      58.230003356933594,
      27.812408447265625,
      44.62541198730469,
      24.660890579223633,
      36.837547302246094,
      25.165128707885742,
      26.51358413696289,
      16.03232765197754,
      8.822650909423828,
      2.773087739944458,
      -0.680975615978241
    ],
    [
      2.0234169960021973,
      13.617408752441406,
      24.093713760375977,
      47.235713958740234,
      23.88509750366211,
      34.7352409362793,
      56.09618377685547,
      50.750274658203125,
      38.739070892333984,
      41.40398025512695,
      41.184051513671875,
      42.65315246582031,
      42.457584381103516,
      38.1733283996582,
      31.811908721923828,
      15.710996627807617,
      3.493725061416626,
      -0.9481084942817688
    ],
    [
      -6.030350208282471,
      16.796140670776367,
      25.69794273376465,
      75.71234893798828,
      19.676477432250977,
      58.230003356933594,
      50.750274658203125,
      85.98796844482422,
      29.04037857055664,
      57.31686019897461,
      32.142066955566406,
      53.360557556152344,
      41.84452438354492,
      44.73817443847656,
      29.5317440032959,
      17.93134117126465,
      6.247106075286865,
      1.3780874013900757
    ],
    [
      4.854290008544922,
      8.268325805664062,
      22.033693313598633,
      27.621320724487305,
      32.128700256347656,
      27.812408447265625,
      38.739070892333984,
      29.04037857055664,
      53.81917953491211,
      35.376163482666016,
      43.627410888671875,
      34.64116668701172,
      38.946250915527344,
      32.43501663208008,
      32.59471130371094,
      15.969146728515625,
      5.460016250610352,
      0.4685025215148926
    ],
    [
      -2.155400037765503,
      12.90761661529541,
      22.723447799682617,
      53.534019470214844,
      22.07589340209961,
      44.62541198730469,
      41.40398025512695,
      57.31686019897461,
      35.376163482666016,
      55.835350036621094,
      35.805885314941406,
      47.0133056640625,
      43.46051788330078,
      42.968238830566406,
      34.884979248046875,
      21.50855827331543,
      8.135664939880371,
      2.6671383380889893
    ],
    [
      3.3401713371276855,
      11.263583183288574,
      22.793092727661133,
      24.303998947143555,
      23.25373077392578,
      24.660890579223633,
      41.184051513671875,
      32.142066955566406,
      43.627410888671875,
      35.805885314941406,
      71.99732208251953,
      52.99012756347656,
      62.29686737060547,
      49.69015884399414,
      53.94968795776367,
      27.885662078857422,
      10.633378982543945,
      2.85326886177063
    ],
    [
      -1.632982850074768,
      16.62883758544922,
      19.92580223083496,
      42.11599349975586,
      17.50592803955078,
      36.837547302246094,
      42.65315246582031,
      53.360557556152344,
      34.64116668701172,
      47.0133056640625,
      52.99012756347656,
      71.6778564453125,
      68.24007415771484,
      69.7271957397461,
      64.82398986816406,
      43.25360870361328,
      15.602311134338379,
      6.872466087341309
    ],
    [
      -2.195706605911255,
      11.93009090423584,
      13.73670768737793,
      29.96756362915039,
      12.05497932434082,
      25.165128707885742,
      42.457584381103516,
      41.84452438354492,
      38.946250915527344,
      43.46051788330078,
      62.29686737060547,
      68.24007415771484,
      96.62400817871094,
      89.48099517822266,
      95.46765899658203,
      63.69275665283203,
      22.28367805480957,
      9.595450401306152
    ],
    [
      -7.238245487213135,
      16.505842208862305,
      5.218155384063721,
      31.01251983642578,
      9.656145095825195,
      26.51358413696289,
      38.1733283996582,
      44.73817443847656,
      32.43501663208008,
      42.968238830566406,
      49.69015884399414,
      69.7271957397461,
      89.48099517822266,
      115.84345245361328,
      117.55732727050781,
      87.60354614257812,
      31.860305786132812,
      17.736650466918945
    ],
    [
      -8.724089622497559,
      11.308145523071289,
      1.8360531330108643,
      15.65584945678711,
      8.040264129638672,
      16.03232765197754,
      31.811908721923828,
      29.5317440032959,
      32.59471130371094,
      34.884979248046875,
      53.94968795776367,
      64.82398986816406,
      95.46765899658203,
      117.55732727050781,
      134.53125,
      101.20574188232422,
      39.51787185668945,
      22.688392639160156
    ],
    [
      -9.744731903076172,
      6.273294925689697,
      -4.4041972160339355,
      6.964200496673584,
      2.9707226753234863,
      8.822650909423828,
      15.710996627807617,
      17.93134117126465,
      15.969146728515625,
      21.50855827331543,
      27.885662078857422,
      43.25360870361328,
      63.69275665283203,
      87.60354614257812,
      101.20574188232422,
      89.2723159790039,
      36.76826095581055,
      24.138486862182617
    ],
    [
      -16.025142669677734,
      3.1189918518066406,
      -2.5430338382720947,
      1.6070436239242554,
      2.266047477722168,
      2.773087739944458,
      3.493725061416626,
      6.247106075286865,
      5.460016250610352,
      8.135664939880371,
      10.633378982543945,
      15.602311134338379,
      22.28367805480957,
      31.860305786132812,
      39.51787185668945,
      36.76826095581055,
      31.862092971801758,
      24.037391662597656
    ],
    [
      -14.69150447845459,
      0.7207319140434265,
      -4.434601306915283,
      -1.7040126323699951,
      0.37950724363327026,
      -0.680975615978241,
      -0.9481084942817688,
      1.3780874013900757,
      0.4685025215148926,
      2.6671383380889893,
      2.85326886177063,
      6.872466087341309,
      9.595450401306152,
      17.736650466918945,
      22.688392639160156,
      24.138486862182617,
      24.037391662597656,
      19.70099449157715
    ]
  ],
  "damage": -12.240653038024902,
  "diff_bandwidth": 671.7440185546875,
  "dissonance": 5.5220717862596995,
  "drr": -0.001989755779504776,
  "dynamics": 3.010993242263794,
  "format": 1245190,
  "frames": 1773568,
  "loudness": -15.757494926452637,
  "loudness_range": 7.439481735229492,
  "loudness_range_short": 11.408011436462402,
  "lowpass_true_peak_15khz": -0.008408206515014172,
  "mastering3_acoustic_entropies": [
    {
      "acoustic_entropy": 7.3962082862854,
      "acoustic_entropy_mono": 7.50784969329834,
      "band_eliminated_acoustic_entropies": [
        {
          "acoustic_entropy": 7.291751384735107,
          "acoustic_entropy_side": 7.396461009979248,
          "hz": 129.47220167065723
        },
        {
          "acoustic_entropy": 7.363796710968018,
          "acoustic_entropy_side": 7.413297176361084,
          "hz": 202.92927478742237
        },
        {
          "acoustic_entropy": 7.286618232727051,
          "acoustic_entropy_side": 7.392797470092773,
          "hz": 282.89161906338205
        },
        {
          "acoustic_entropy": 7.198188304901123,
          "acoustic_entropy_side": 7.449773788452148,
          "hz": 369.9353335868758
        },
        {
          "acoustic_entropy": 7.326406955718994,
          "acoustic_entropy_side": 7.258519649505615,
          "hz": 464.6875360973435
        },
        {
          "acoustic_entropy": 7.591424942016602,
          "acoustic_entropy_side": 7.449681282043457,
          "hz": 567.8308811364784
        },
        {
          "acoustic_entropy": 7.578657627105713,
          "acoustic_entropy_side": 7.434795379638672,
          "hz": 680.1084783214808
        },
        {
          "acoustic_entropy": 7.249722003936768,
          "acoustic_entropy_side": 7.413259983062744,
          "hz": 802.3292461747484
        },
        {
          "acoustic_entropy": 7.84325647354126,
          "acoustic_entropy_side": 7.410763263702393,
          "hz": 935.3737400823702
        },
        {
          "acoustic_entropy": 7.386940956115723,
          "acoustic_entropy_side": 7.450509071350098,
          "hz": 1080.2004963696966
        },
        {
          "acoustic_entropy": 7.546944618225098,
          "acoustic_entropy_side": 7.437183380126953,
          "hz": 1237.8529382007157
        },
        {
          "acoustic_entropy": 7.0709404945373535,
          "acoustic_entropy_side": 7.381916522979736,
          "hz": 1409.4668930556702
        },
        {
          "acoustic_entropy": 7.56117582321167,
          "acoustic_entropy_side": 7.437332630157471,
          "hz": 1596.2787759475705
        },
        {
          "acoustic_entropy": 7.178123474121094,
          "acoustic_entropy_side": 7.40761137008667,
          "hz": 1799.6344973346393
        },
        {
          "acoustic_entropy": 7.221704483032227,
          "acoustic_entropy_side": 7.409117698669434,
          "hz": 2020.9991599069049
        },
        {
          "acoustic_entropy": 7.822146415710449,
          "acoustic_entropy_side": 7.418720722198486,
          "hz": 2261.9676141086993
        },
        {
          "acoustic_entropy": 7.383479118347168,
          "acoustic_entropy_side": 7.383505344390869,
          "hz": 2524.2759484456974
        },
        {
          "acoustic_entropy": 7.363014221191406,
          "acoustic_entropy_side": 7.392053127288818,
          "hz": 2809.813997359896
        },
        {
          "acoustic_entropy": 6.975378513336182,
          "acoustic_entropy_side": 7.4106364250183105,
          "hz": 3120.6389567871424
        },
        {
          "acoustic_entropy": 7.351302146911621,
          "acoustic_entropy_side": 7.389249324798584,
          "hz": 3458.990205492291
        },
        {
          "acoustic_entropy": 7.461802959442139,
          "acoustic_entropy_side": 7.392416477203369,
          "hz": 3827.305438964164
        },
        {
          "acoustic_entropy": 7.218956470489502,
          "acoustic_entropy_side": 7.389406681060791,
          "hz": 4228.238232109126
        },
        {
          "acoustic_entropy": 7.222407817840576,
          "acoustic_entropy_side": 7.389266490936279,
          "hz": 4664.6771572759235
        },
        {
          "acoustic_entropy": 7.073181629180908,
          "acoustic_entropy_side": 7.381646633148193,
          "hz": 5139.766595350093
        },
        {
          "acoustic_entropy": 7.216187953948975,
          "acoustic_entropy_side": 7.388146877288818,
          "hz": 5656.929389854203
        },
        {
          "acoustic_entropy": 7.298259735107422,
          "acoustic_entropy_side": 7.393335819244385,
          "hz": 6219.891507268283
        },
        {
          "acoustic_entropy": 7.231132984161377,
          "acoustic_entropy_side": 7.389280796051025,
          "hz": 6832.70888123896
        },
        {
          "acoustic_entropy": 7.318828582763672,
          "acoustic_entropy_side": 7.388413429260254,
          "hz": 7499.796634079867
        },
        {
          "acoustic_entropy": 7.3253583908081055,
          "acoustic_entropy_side": 7.392214298248291,
          "hz": 8225.96088609342
        },
        {
          "acoustic_entropy": 7.350436687469482,
          "acoustic_entropy_side": 7.39483642578125,
          "hz": 9016.43338188839
        },
        {
          "acoustic_entropy": 7.38100004196167,
          "acoustic_entropy_side": 7.396242618560791,
          "hz": 9876.909183162974
        },
        {
          "acoustic_entropy": 7.397986888885498,
          "acoustic_entropy_side": 7.396566867828369,
          "hz": 10813.587699516042
        },
        {
          "acoustic_entropy": 7.3958916664123535,
          "acoustic_entropy_side": 7.396263599395752,
          "hz": 11833.21735289826
        },
        {
          "acoustic_entropy": 7.396552085876465,
          "acoustic_entropy_side": 7.3962483406066895,
          "hz": 12943.144197493959
        },
        {
          "acoustic_entropy": 7.396502494812012,
          "acoustic_entropy_side": 7.396233558654785,
          "hz": 14151.364845322005
        },
        {
          "acoustic_entropy": 7.396363258361816,
          "acoustic_entropy_side": 7.396221160888672,
          "hz": 15466.58407886509
        },
        {
          "acoustic_entropy": 7.3964409828186035,
          "acoustic_entropy_side": 7.396228313446045,
          "hz": 16898.27756580493
        },
        {
          "acoustic_entropy": 7.39631986618042,
          "acoustic_entropy_side": 7.396218299865723,
          "hz": 18456.760127700032
        },
        {
          "acoustic_entropy": 7.3962249755859375,
          "acoustic_entropy_side": 7.396208763122559,
          "hz": 20153.260054456492
        },
        {
          "acoustic_entropy": 7.396208763122559,
          "acoustic_entropy_side": 7.396207809448242,
          "hz": 22000.00000000001
        }
      ],
      "diff_acoustic_entropy": 5.063986778259277,
      "sn": 6
    },
    {
      "acoustic_entropy": 11.100836753845215,
      "acoustic_entropy_mono": 11.453827857971191,
      "band_eliminated_acoustic_entropies": [
        {
          "acoustic_entropy": 11.24768352508545,
          "acoustic_entropy_side": 11.101897239685059,
          "hz": 129.47220167065723
        },
        {
          "acoustic_entropy": 10.641202926635742,
          "acoustic_entropy_side": 11.056206703186035,
          "hz": 202.92927478742237
        },
        {
          "acoustic_entropy": 11.705810546875,
          "acoustic_entropy_side": 11.149039268493652,
          "hz": 282.89161906338205
        },
        {
          "acoustic_entropy": 10.974777221679688,
          "acoustic_entropy_side": 11.34684944152832,
          "hz": 369.9353335868758
        },
        {
          "acoustic_entropy": 12.086983680725098,
          "acoustic_entropy_side": 11.134744644165039,
          "hz": 464.6875360973435
        },
        {
          "acoustic_entropy": 11.34522819519043,
          "acoustic_entropy_side": 11.339682579040527,
          "hz": 567.8308811364784
        },
        {
          "acoustic_entropy": 10.42720890045166,
          "acoustic_entropy_side": 11.206517219543457,
          "hz": 680.1084783214808
        },
        {
          "acoustic_entropy": 11.010436058044434,
          "acoustic_entropy_side": 11.068121910095215,
          "hz": 802.3292461747484
        },
        {
          "acoustic_entropy": 11.005340576171875,
          "acoustic_entropy_side": 11.160435676574707,
          "hz": 935.3737400823702
        },
        {
          "acoustic_entropy": 11.666204452514648,
          "acoustic_entropy_side": 11.28454875946045,
          "hz": 1080.2004963696966
        },
        {
          "acoustic_entropy": 10.88122272491455,
          "acoustic_entropy_side": 11.200617790222168,
          "hz": 1237.8529382007157
        },
        {
          "acoustic_entropy": 10.402409553527832,
          "acoustic_entropy_side": 11.050139427185059,
          "hz": 1409.4668930556702
        },
        {
          "acoustic_entropy": 10.871212005615234,
          "acoustic_entropy_side": 11.182146072387695,
          "hz": 1596.2787759475705
        },
        {
          "acoustic_entropy": 12.127235412597656,
          "acoustic_entropy_side": 11.09463882446289,
          "hz": 1799.6344973346393
        },
        {
          "acoustic_entropy": 11.478381156921387,
          "acoustic_entropy_side": 11.144556045532227,
          "hz": 2020.9991599069049
        },
        {
          "acoustic_entropy": 11.433796882629395,
          "acoustic_entropy_side": 11.124484062194824,
          "hz": 2261.9676141086993
        },
        {
          "acoustic_entropy": 11.011396408081055,
          "acoustic_entropy_side": 11.115449905395508,
          "hz": 2524.2759484456974
        },
        {
          "acoustic_entropy": 11.228547096252441,
          "acoustic_entropy_side": 11.076807022094727,
          "hz": 2809.813997359896
        },
        {
          "acoustic_entropy": 11.237804412841797,
          "acoustic_entropy_side": 11.071022033691406,
          "hz": 3120.6389567871424
        },
        {
          "acoustic_entropy": 11.28313159942627,
          "acoustic_entropy_side": 11.075867652893066,
          "hz": 3458.990205492291
        },
        {
          "acoustic_entropy": 11.16811466217041,
          "acoustic_entropy_side": 11.104103088378906,
          "hz": 3827.305438964164
        },
        {
          "acoustic_entropy": 10.861746788024902,
          "acoustic_entropy_side": 11.077628135681152,
          "hz": 4228.238232109126
        },
        {
          "acoustic_entropy": 10.915740013122559,
          "acoustic_entropy_side": 11.076336860656738,
          "hz": 4664.6771572759235
        },
        {
          "acoustic_entropy": 10.975119590759277,
          "acoustic_entropy_side": 11.04019832611084,
          "hz": 5139.766595350093
        },
        {
          "acoustic_entropy": 10.998796463012695,
          "acoustic_entropy_side": 11.054492950439453,
          "hz": 5656.929389854203
        },
        {
          "acoustic_entropy": 11.052267074584961,
          "acoustic_entropy_side": 11.082222938537598,
          "hz": 6219.891507268283
        },
        {
          "acoustic_entropy": 10.899295806884766,
          "acoustic_entropy_side": 11.055566787719727,
          "hz": 6832.70888123896
        },
        {
          "acoustic_entropy": 10.758708953857422,
          "acoustic_entropy_side": 11.046810150146484,
          "hz": 7499.796634079867
        },
        {
          "acoustic_entropy": 10.807456016540527,
          "acoustic_entropy_side": 11.066824913024902,
          "hz": 8225.96088609342
        },
        {
          "acoustic_entropy": 10.876784324645996,
          "acoustic_entropy_side": 11.080879211425781,
          "hz": 9016.43338188839
        },
        {
          "acoustic_entropy": 10.976250648498535,
          "acoustic_entropy_side": 11.091334342956543,
          "hz": 9876.909183162974
        },
        {
          "acoustic_entropy": 11.035781860351562,
          "acoustic_entropy_side": 11.095529556274414,
          "hz": 10813.587699516042
        },
        {
          "acoustic_entropy": 11.077431678771973,
          "acoustic_entropy_side": 11.09935474395752,
          "hz": 11833.21735289826
        },
        {
          "acoustic_entropy": 11.088361740112305,
          "acoustic_entropy_side": 11.099430084228516,
          "hz": 12943.144197493959
        },
        {
          "acoustic_entropy": 11.091817855834961,
          "acoustic_entropy_side": 11.10012149810791,
          "hz": 14151.364845322005
        },
        {
          "acoustic_entropy": 11.097381591796875,
          "acoustic_entropy_side": 11.1005220413208,
          "hz": 15466.58407886509
        },
        {
          "acoustic_entropy": 11.096329689025879,
          "acoustic_entropy_side": 11.100384712219238,
          "hz": 16898.27756580493
        },
        {
          "acoustic_entropy": 11.098664283752441,
          "acoustic_entropy_side": 11.100621223449707,
          "hz": 18456.760127700032
        },
        {
          "acoustic_entropy": 11.10045337677002,
          "acoustic_entropy_side": 11.10079288482666,
          "hz": 20153.260054456492
        },
        {
          "acoustic_entropy": 11.100787162780762,
          "acoustic_entropy_side": 11.100830078125,
          "hz": 22000.00000000001
        }
      ],
      "diff_acoustic_entropy": 9.05141830444336,
      "sn": 12
    },
    {
      "acoustic_entropy": 16.878366470336914,
      "acoustic_entropy_mono": 14.999037742614746,
      "band_eliminated_acoustic_entropies": [
        {
          "acoustic_entropy": 17.07579803466797,
          "acoustic_entropy_side": 16.884654998779297,
          "hz": 129.47220167065723
        },
        {
          "acoustic_entropy": 15.383705139160156,
          "acoustic_entropy_side": 16.19881820678711,
          "hz": 202.92927478742237
        },
        {
          "acoustic_entropy": 17.717525482177734,
          "acoustic_entropy_side": 17.470693588256836,
          "hz": 282.89161906338205
        },
        {
          "acoustic_entropy": 16.7330379486084,
          "acoustic_entropy_side": 17.092302322387695,
          "hz": 369.9353335868758
        },
        {
          "acoustic_entropy": 18.046403884887695,
          "acoustic_entropy_side": 17.41010856628418,
          "hz": 464.6875360973435
        },
        {
          "acoustic_entropy": 17.28347396850586,
          "acoustic_entropy_side": 16.592832565307617,
          "hz": 567.8308811364784
        },
        {
          "acoustic_entropy": 17.078845977783203,
          "acoustic_entropy_side": 16.910558700561523,
          "hz": 680.1084783214808
        },
        {
          "acoustic_entropy": 17.489938735961914,
          "acoustic_entropy_side": 16.90030860900879,
          "hz": 802.3292461747484
        },
        {
          "acoustic_entropy": 16.952932357788086,
          "acoustic_entropy_side": 16.881858825683594,
          "hz": 935.3737400823702
        },
        {
          "acoustic_entropy": 16.646787643432617,
          "acoustic_entropy_side": 16.902210235595703,
          "hz": 1080.2004963696966
        },
        {
          "acoustic_entropy": 17.395475387573242,
          "acoustic_entropy_side": 16.902097702026367,
          "hz": 1237.8529382007157
        },
        {
          "acoustic_entropy": 17.05554962158203,
          "acoustic_entropy_side": 16.64468765258789,
          "hz": 1409.4668930556702
        },
        {
          "acoustic_entropy": 16.90098762512207,
          "acoustic_entropy_side": 17.182340621948242,
          "hz": 1596.2787759475705
        },
        {
          "acoustic_entropy": 17.508543014526367,
          "acoustic_entropy_side": 16.88235855102539,
          "hz": 1799.6344973346393
        },
        {
          "acoustic_entropy": 17.432546615600586,
          "acoustic_entropy_side": 17.058460235595703,
          "hz": 2020.9991599069049
        },
        {
          "acoustic_entropy": 16.763473510742188,
          "acoustic_entropy_side": 16.98162269592285,
          "hz": 2261.9676141086993
        },
        {
          "acoustic_entropy": 16.975982666015625,
          "acoustic_entropy_side": 16.930845260620117,
          "hz": 2524.2759484456974
        },
        {
          "acoustic_entropy": 16.595258712768555,
          "acoustic_entropy_side": 16.921001434326172,
          "hz": 2809.813997359896
        },
        {
