{
  "acoustic_entropy": 202.34498596191406,
  "bands": [
    {
      "high_freq": 148.1999969482422,
      "loudness": -20.567283630371094,
      "loudness_range": 18.09163475036621,
      "mid_mean": -17.276552200317383,
      "mid_to_side_loudness": -15.755248069763184,
      "mid_to_side_loudness_range": 20.34231185913086,
      "side_mean": -34.059818267822266
    },
    {
      "high_freq": 392.3793640136719,
      "loudness": -22.72696304321289,
      "loudness_range": 8.00674819946289,
      "low_freq": 148.1999969482422,
      "mid_mean": -19.593908309936523,
      "mid_to_side_loudness": -9.647623062133789,
      "mid_to_side_loudness_range": 12.013222694396973,
      "side_mean": -29.51680564880371
    },
    {
      "high_freq": 794.6976318359375,
      "loudness": -23.440935134887695,
      "loudness_range": 10.932281494140625,
      "low_freq": 392.3793640136719,
      "mid_mean": -20.682947158813477,
      "mid_to_side_loudness": -7.618771553039551,
      "mid_to_side_loudness_range": 13.615274429321289,
      "side_mean": -28.606962203979492
    },
    {
      "high_freq": 1457.5709228515625,
      "loudness": -25.457950592041016,
      "loudness_range": 12.438314437866211,
      "low_freq": 794.6976318359375,
      "mid_mean": -23.166715621948242,
      "mid_to_side_loudness": -5.648031234741211,
      "mid_to_side_loudness_range": 13.887524604797363,
      "side_mean": -28.999958038330078
    },
    {
      "high_freq": 2549.74365234375,
      "loudness": -23.888879776000977,
      "loudness_range": 10.565187454223633,
      "low_freq": 1457.5709228515625,
      "mid_mean": -21.5656795501709,
      "mid_to_side_loudness": -5.30376672744751,
      "mid_to_side_loudness_range": 12.03140640258789,
      "side_mean": -27.089557647705078
    },
    {
      "high_freq": 4349.24462890625,
      "loudness": -22.788209915161133,
      "loudness_range": 9.088359832763672,
      "low_freq": 2549.74365234375,
      "mid_mean": -20.400941848754883,
      "mid_to_side_loudness": -5.454041481018066,
      "mid_to_side_loudness_range": 12.02669906616211,
      "side_mean": -26.2491512298584
    },
    {
      "high_freq": 7314.1640625,
      "loudness": -25.281253814697266,
      "loudness_range": 10.235301971435547,
      "low_freq": 4349.24462890625,
      "mid_mean": -22.766407012939453,
      "mid_to_side_loudness": -5.944922924041748,
      "mid_to_side_loudness_range": 10.488007545471191,
      "side_mean": -28.953794479370117
    },
    {
      "high_freq": 12199.2666015625,
      "loudness": -28.19342803955078,
      "loudness_range": 11.810802459716797,
      "low_freq": 7314.1640625,
      "mid_mean": -25.866621017456055,
      "mid_to_side_loudness": -5.550075531005859,
      "mid_to_side_loudness_range": 10.935702323913574,
      "side_mean": -31.555994033813477
    },
    {
      "loudness": -33.30015563964844,
      "loudness_range": 12.024492263793945,
      "low_freq": 12199.2666015625,
      "mid_mean": -31.588151931762695,
      "mid_to_side_loudness": -4.020308017730713,
      "mid_to_side_loudness_range": 12.38349723815918,
      "side_mean": -35.56781005859375
    }
  ],
  "bands_short": [
    {
      "high_freq": 148.1999969482422,
      "loudness": -22.54429054260254,
      "loudness_range": 23.4212646484375,
      "mid_mean": -19.38852882385254,
      "mid_to_side_loudness": -16.793106079101562,
      "mid_to_side_loudness_range": 24.711896896362305,
      "side_mean": -38.103919982910156
    },
    {
      "high_freq": 392.3793640136719,
      "loudness": -22.50383758544922,
      "loudness_range": 12.569647789001465,
      "low_freq": 148.1999969482422,
      "mid_mean": -19.40555763244629,
      "mid_to_side_loudness": -10.533743858337402,
      "mid_to_side_loudness_range": 16.559890747070312,
      "side_mean": -30.43625831604004
    },
    {
      "high_freq": 794.6976318359375,
      "loudness": -24.707975387573242,
      "loudness_range": 15.22213363647461,
      "low_freq": 392.3793640136719,
      "mid_mean": -22.174827575683594,
      "mid_to_side_loudness": -6.9397172927856445,
      "mid_to_side_loudness_range": 16.00739097595215,
      "side_mean": -29.554367065429688
    },
    {
      "high_freq": 1457.5709228515625,
      "loudness": -26.62268829345703,
      "loudness_range": 16.19719886779785,
      "low_freq": 794.6976318359375,
      "mid_mean": -24.702346801757812,
      "mid_to_side_loudness": -4.783217906951904,
      "mid_to_side_loudness_range": 15.4400634765625,
      "side_mean": -29.829002380371094
    },
    {
      "high_freq": 2549.74365234375,
      "loudness": -25.12453842163086,
      "loudness_range": 15.118906021118164,
      "low_freq": 1457.5709228515625,
      "mid_mean": -22.988161087036133,
      "mid_to_side_loudness": -4.932756423950195,
      "mid_to_side_loudness_range": 13.25364875793457,
      "side_mean": -28.130281448364258
    },
    {
      "high_freq": 4349.24462890625,
      "loudness": -23.746091842651367,
      "loudness_range": 13.44658088684082,
      "low_freq": 2549.74365234375,
      "mid_mean": -21.477432250976562,
      "mid_to_side_loudness": -5.390025615692139,
      "mid_to_side_loudness_range": 13.573319435119629,
      "side_mean": -27.204544067382812
    },
    {
      "high_freq": 7314.1640625,
      "loudness": -26.284446716308594,
      "loudness_range": 14.912334442138672,
      "low_freq": 4349.24462890625,
      "mid_mean": -23.862714767456055,
      "mid_to_side_loudness": -6.10715913772583,
      "mid_to_side_loudness_range": 13.00230598449707,
      "side_mean": -30.128803253173828
    },
    {
      "high_freq": 12199.2666015625,
      "loudness": -29.556076049804688,
      "loudness_range": 17.929691314697266,
      "low_freq": 7314.1640625,
      "mid_mean": -27.247295379638672,
      "mid_to_side_loudness": -5.9451398849487305,
      "mid_to_side_loudness_range": 14.097244262695312,
      "side_mean": -33.19401168823242
    },
    {
      "loudness": -35.56235122680664,
      "loudness_range": 20.06733512878418,
      "low_freq": 12199.2666015625,
      "mid_mean": -33.77606964111328,
      "mid_to_side_loudness": -4.791477203369141,
      "mid_to_side_loudness_range": 15.074792861938477,
      "side_mean": -38.45988464355469
    }
  ],
  "bandwidth": 608.0241088867188,
  "channels": 2,
  "covariance": [
    [
      49.412437438964844,
      31.0732421875,
      11.27538776397705,
      10.79401683807373,
      -3.327801465988159,
      5.233280181884766,
      -1.2558621168136597,
      7.523411273956299,
      5.108388900756836,
      18.012678146362305,
      6.809364318847656,
      20.08506965637207,
      12.26204776763916,
      15.71060562133789,
      11.692381858825684,
      11.72343635559082,
      11.441845893859863,
      5.5391764640808105
    ],
    [
      31.0732421875,
      45.91035079956055,
      9.832197189331055,
      17.382905960083008,
      -5.688361167907715,
      8.62623405456543,
      -0.3346434235572815,
      15.76118278503418,
      5.873911380767822,
      22.265487670898438,
      6.317061424255371,
      23.69354248046875,
      12.644890785217285,
      22.164352416992188,
      12.299981117248535,
      19.00990104675293,
      12.831928253173828,
      13.433167457580566
    ],
    [
      11.27538776397705,
      9.832197189331055,
      8.798676490783691,
      6.365045547485352,
      2.9154293537139893,
      3.2844038009643555,
      1.6008319854736328,
      1.7624143362045288,
      3.8246684074401855,
      6.378434658050537,
      4.668758869171143,
      7.95342493057251,
      6.183221817016602,
      7.459468841552734,
      7.56584358215332,
      7.384232521057129,
      7.084949493408203,
      5.118324279785156
    ],
    [
      10.79401683807373,
      17.382905960083008,
      6.365045547485352,
      21.854398727416992,
      2.832413673400879,
      17.926475524902344,
      2.8078134059906006,
      16.040935516357422,
      5.8809709548950195,
      17.386682510375977,
      4.681542873382568,
      17.25629425048828,
      6.5303425788879395,
      14.768182754516602,
      5.43550443649292,
      12.411673545837402,
      5.101129055023193,
      8.214221954345703
    ],
    [
      -3.327801465988159,
      -5.688361167907715,
      2.9154293537139893,
      2.832413673400879,
      18.11087989807129,
      9.137016296386719,
      11.561429023742676,
      1.9201343059539795,
      6.742057800292969,
      1.4139282703399658,
      5.603668212890625,
      1.0780960321426392,
      2.8877904415130615,
      0.5459287166595459,
      2.5896475315093994,
      -0.08853462338447571,
      1.4898829460144043,
      -2.5687177181243896
    ],
    [
      5.233280181884766,
      8.62623405456543,
      3.2844038009643555,
      17.926475524902344,
      9.137016296386719,
      28.897336959838867,
      7.7316365242004395,
      20.99014663696289,
      7.19832181930542,
      18.14310646057129,
      4.908679008483887,
      16.02979850769043,
      4.692543029785156,
      12.66724681854248,
      2.718801975250244,
      9.466032981872559,
      2.0782506465911865,
      5.455168724060059
    ],
    [
      -1.2558621168136597,
      -0.3346434235572815,
      1.6008319854736328,
      2.8078134059906006,
      11.561429023742676,
      7.7316365242004395,
      21.517671585083008,
      10.276534080505371,
      10.030055046081543,
      5.840108394622803,
      6.845861911773682,
      4.172807693481445,
      5.303252696990967,
      3.0445616245269775,
      4.940553665161133,
      1.9859074354171753,
      4.769931316375732,
      0.2951158583164215
    ],
    [
      7.523411273956299,
      15.76118278503418,
      1.7624143362045288,
      16.040935516357422,
      1.9201343059539795,
      20.99014663696289,
      10.276534080505371,
      31.50856590270996,
      8.926998138427734,
      21.447900772094727,
      3.987234354019165,
      17.488126754760742,
      5.898850917816162,
      14.436540603637695,
      3.4927897453308105,
      11.251477241516113,
      4.100849151611328,
      8.052992820739746
    ],
    [
      5.108388900756836,
      5.873911380767822,
      3.8246684074401855,
      5.8809709548950195,
      6.742057800292969,
      7.19832181930542,
      10.030055046081543,
      8.926998138427734,
      17.35573959350586,
      13.032083511352539,
      10.783010482788086,
      11.348127365112305,
      8.547374725341797,
      7.64757776260376,
      7.437780380249023,
      6.598892688751221,
      7.22287130355835,
      4.625073432922363
    ],
    [
      18.012678146362305,
      22.265487670898438,
      6.378434658050537,
      17.386682510375977,
      1.4139282703399658,
      18.14310646057129,
      5.840108394622803,
      21.447900772094727,
      13.032083511352539,
      31.402812957763672,
      9.738450050354004,
      28.00406837463379,
      12.261947631835938,
      21.339088439941406,
      10.824893951416016,
      16.25502586364746,
      10.449975967407227,
      11.67860221862793
    ],
    [
      6.809364318847656,
      6.317061424255371,
      4.668758869171143,
      4.681542873382568,
      5.603668212890625,
      4.908679008483887,
      6.845861911773682,
      3.987234354019165,
      10.783010482788086,
      9.738450050354004,
      11.994477272033691,
      10.933469772338867,
      9.080111503601074,
      8.550317764282227,
      8.44316577911377,
      7.938382148742676,
      7.839944362640381,
      5.888118743896484
    ],
    [
      20.08506965637207,
      23.69354248046875,
      7.95342493057251,
      17.25629425048828,
      1.0780960321426392,
      16.02979850769043,
      4.172807693481445,
      17.488126754760742,
      11.348127365112305,
      28.00406837463379,
      10.933469772338867,
      33.81541061401367,
      14.946904182434082,
      27.298070907592773,
      14.652580261230469,
      21.977846145629883,
      13.841349601745605,
      16.17835807800293
    ],
    [
      12.26204776763916,
      12.644890785217285,
      6.183221817016602,
      6.5303425788879395,
      2.8877904415130615,
      4.692543029785156,
      5.303252696990967,
      5.898850917816162,
      8.547374725341797,
      12.261947631835938,
      9.080111503601074,
      14.946904182434082,
      16.03696060180664,
      14.487004280090332,
      14.606538772583008,
      11.939553260803223,
      12.78935718536377,
      7.207885265350342
    ],
    [
      15.71060562133789,
      22.164352416992188,
      7.459468841552734,
      14.768182754516602,
      0.5459287166595459,
      12.66724681854248,
      3.0445616245269775,
      14.436540603637695,
      7.64757776260376,
      21.339088439941406,
      8.550317764282227,
      27.298070907592773,
      14.487004280090332,
      31.155302047729492,
      15.21867561340332,
      26.81686019897461,
      13.33449935913086,
      19.94198989868164
    ],
    [
      11.692381858825684,
      12.299981117248535,
      7.56584358215332,
      5.43550443649292,
      2.5896475315093994,
      2.718801975250244,
      4.940553665161133,
      3.4927897453308105,
      7.437780380249023,
      10.824893951416016,
      8.44316577911377,
      14.652580261230469,
      14.606538772583008,
      15.21867561340332,
      24.260351181030273,
      19.284595489501953,
      21.910024642944336,
      17.376773834228516
    ],
    [
      11.72343635559082,
      19.00990104675293,
      7.384232521057129,
      12.411673545837402,
      -0.08853462338447571,
      9.466032981872559,
      1.9859074354171753,
      11.251477241516113,
      6.598892688751221,
      16.25502586364746,
      7.938382148742676,
      21.977846145629883,
      11.939553260803223,
      26.81686019897461,
      19.284595489501953,
      37.08383560180664,
      17.894908905029297,
      33.211158752441406
    ],
    [
      11.441845893859863,
      12.831928253173828,
      7.084949493408203,
      5.101129055023193,
      1.4898829460144043,
      2.0782506465911865,
      4.769931316375732,
      4.100849151611328,
      7.22287130355835,
      10.449975967407227,
      7.839944362640381,
      13.841349601745605,
      12.78935718536377,
      13.33449935913086,
      21.910024642944336,
      17.894908905029297,
      24.234825134277344,
      19.03508186340332
    ],
    [
      5.5391764640808105,
      13.433167457580566,
      5.118324279785156,
      8.214221954345703,
      -2.5687177181243896,
      5.455168724060059,
      0.2951158583164215,
      8.052992820739746,
      4.625073432922363,
      11.67860221862793,
      5.888118743896484,
      16.17835807800293,
      7.207885265350342,
      19.94198989868164,
      17.376773834228516,
      33.211158752441406,
      19.03508186340332,
      43.271629333496094
    ]
  ],
  "covariance_short": [
    [
      67.40029907226562,
      37.48417282104492,
      17.42974853515625,
      12.884357452392578,
      0.5227589011192322,
      5.601330757141113,
      2.012687921524048,
      7.176611423492432,
      8.564501762390137,
      17.13971710205078,
      9.155339241027832,
      19.41501808166504,
      12.978239059448242,
      15.798598289489746,
      11.704557418823242,
      12.68654727935791,
      10.77651596069336,
      5.356985092163086
    ],
    [
      37.48417282104492,
      71.3365707397461,
      18.39394187927246,
      25.618364334106445,
      -0.6925561428070068,
      11.352288246154785,
      4.671263217926025,
      18.42577362060547,
      10.483942031860352,
      25.803569793701172,
      10.5043306350708,
      27.141096115112305,
      16.248329162597656,
      25.131969451904297,
      15.911288261413574,
      21.88059425354004,
      16.419029235839844,
      16.76449203491211
    ],
    [
      17.42974853515625,
      18.39394187927246,
      22.740478515625,
      13.23847770690918,
      7.560950756072998,
      7.4754533767700195,
      5.27215576171875,
      6.929564952850342,
      9.044544219970703,
      12.499961853027344,
      9.92219352722168,
      15.151766777038574,
      10.969079971313477,
      13.4014310836792,
      11.142716407775879,
      11.922159194946289,
      11.632495880126953,
      9.742775917053223
    ],
    [
      12.884357452392578,
      25.618364334106445,
      13.23847770690918,
      38.80036163330078,
      9.988698959350586,
      25.363210678100586,
      10.305190086364746,
      23.028339385986328,
      13.10246753692627,
      26.30980682373047,
      11.78664493560791,
      27.3375186920166,
      13.495832443237305,
      23.182430267333984,
      12.732053756713867,
      20.665769577026367,
      13.391597747802734,
      18.90489387512207
    ],
    [
      0.5227589011192322,
      -0.6925561428070068,
      7.560950756072998,
      9.988698959350586,
      33.22681427001953,
      16.97933578491211,
      21.16110610961914,
      9.360304832458496,
      16.319215774536133,
      10.340141296386719,
      14.808534622192383,
      10.557141304016113,
      9.726787567138672,
      8.637510299682617,
      6.490729331970215,
      6.425051212310791,
      7.351378440856934,
      6.442803859710693
    ],
    [
      5.601330757141113,
      11.352288246154785,
      7.4754533767700195,
      25.363210678100586,
      16.97933578491211,
      39.342777252197266,
      14.59606647491455,
      27.775596618652344,
      13.507619857788086,
      25.761215209960938,
      10.938138961791992,
      24.09276008605957,
      9.576629638671875,
      18.35434913635254,
      7.009298324584961,
      15.50194263458252,
      7.704226493835449,
      13.82540225982666
    ],
    [
      2.012687921524048,
      4.671263217926025,
      5.27215576171875,
      10.305190086364746,
      21.16110610961914,
      14.59606647491455,
      37.387088775634766,
      19.324996948242188,
      20.002222061157227,
      15.676106452941895,
      16.74285125732422,
      13.603264808654785,
      13.355047225952148,
      11.507802963256836,
      9.200407028198242,
      8.504898071289062,
      10.597710609436035,
      8.90321159362793
    ],
    [
      7.176611423492432,
      18.42577362060547,
      6.929564952850342,
      23.028339385986328,
      9.360304832458496,
      27.775596618652344,
      19.324996948242188,
      43.10801696777344,
      15.195330619812012,
      29.799724578857422,
      9.817668914794922,
      25.023107528686523,
      10.645332336425781,
      20.51075553894043,
      7.47957181930542,
      16.90508460998535,
      8.410456657409668,
      15.082832336425781
    ],
    [
      8.564501762390137,
      10.483942031860352,
      9.044544219970703,
      13.10246753692627,
      16.319215774536133,
      13.507619857788086,
      20.002222061157227,
      15.195330619812012,
      33.193790435791016,
      24.14434814453125,
      23.79658317565918,
      21.940834045410156,
      17.53308868408203,
      16.315990447998047,
      14.512554168701172,
      13.847548484802246,
      14.945303916931152,
      13.104702949523926
    ],
    [
      17.13971710205078,
      25.803569793701172,
      12.499961853027344,
      26.30980682373047,
      10.340141296386719,
      25.761215209960938,
      15.676106452941895,
      29.799724578857422,
      24.14434814453125,
      44.806541442871094,
      19.29645538330078,
      38.93910217285156,
      19.60502815246582,
      29.64554786682129,
      17.34874725341797,
      24.567245483398438,
      17.076154708862305,
      20.392728805541992
    ],
    [
      9.155339241027832,
      10.5043306350708,
      9.92219352722168,
      11.78664493560791,
      14.808534622192383,
      10.938138961791992,
      16.74285125732422,
      9.817668914794922,
      23.79658317565918,
      19.29645538330078,
      27.46748924255371,
      23.0073299407959,
      20.768903732299805,
      18.95687484741211,
      17.750694274902344,
      17.018903732299805,
      17.689363479614258,
      16.381372451782227
    ],
    [
      19.41501808166504,
      27.141096115112305,
      15.151766777038574,
      27.3375186920166,
      10.557141304016113,
      24.09276008605957,
      13.603264808654785,
      25.023107528686523,
      21.940834045410156,
      38.93910217285156,
      23.0073299407959,
      48.61541748046875,
      24.816268920898438,
      38.81544494628906,
      23.327899932861328,
      33.76716613769531,
      22.729379653930664,
      28.798933029174805
    ],
    [
      12.978239059448242,
      16.248329162597656,
      10.969079971313477,
      13.495832443237305,
      9.726787567138672,
      9.576629638671875,
      13.355047225952148,
      10.645332336425781,
      17.53308868408203,
      19.60502815246582,
      20.768903732299805,
      24.816268920898438,
      32.228397369384766,
      27.274141311645508,
      27.85447883605957,
      24.540109634399414,
      25.977327346801758,
      21.213417053222656
    ],
    [
      15.798598289489746,
      25.131969451904297,
      13.4014310836792,
      23.182430267333984,
      8.637510299682617,
      18.35434913635254,
      11.507802963256836,
      20.51075553894043,
      16.315990447998047,
      29.64554786682129,
      18.95687484741211,
      38.81544494628906,
      27.274141311645508,
      49.798683166503906,
      26.64583969116211,
      44.5571403503418,
      25.179962158203125,
      37.9254035949707
    ],
    [
      11.704557418823242,
      15.911288261413574,
      11.142716407775879,
      12.732053756713867,
      6.490729331970215,
      7.009298324584961,
      9.200407028198242,
      7.47957181930542,
      14.512554168701172,
      17.34874725341797,
      17.750694274902344,
      23.327899932861328,
      27.85447883605957,
      26.64583969116211,
      41.702392578125,
      34.805110931396484,
      38.53158950805664,
      34.47848892211914
    ],
    [
      12.68654727935791,
      21.88059425354004,
      11.922159194946289,
      20.665769577026367,
      6.425051212310791,
      15.50194263458252,
      8.504898071289062,
      16.90508460998535,
      13.847548484802246,
      24.567245483398438,
      17.018903732299805,
      33.76716613769531,
      24.540109634399414,
      44.5571403503418,
      34.805110931396484,
      62.02875900268555,
      34.14478302001953,
      57.54175567626953
    ],
    [
      10.77651596069336,
      16.419029235839844,
      11.632495880126953,
      13.391597747802734,
      7.351378440856934,
      7.704226493835449,
      10.597710609436035,
      8.410456657409668,
      14.945303916931152,
      17.076154708862305,
      17.689363479614258,
      22.729379653930664,
      25.977327346801758,
      25.179962158203125,
      38.53158950805664,
      34.14478302001953,
      47.1723518371582,
      41.380802154541016
    ],
    [
      5.356985092163086,
      16.76449203491211,
      9.742775917053223,
      18.90489387512207,
      6.442803859710693,
      13.82540225982666,
      8.90321159362793,
      15.082832336425781,
      13.104702949523926,
      20.392728805541992,
      16.381372451782227,
      28.798933029174805,
      21.213417053222656,
      37.9254035949707,
      34.47848892211914,
      57.54175567626953,
      41.380802154541016,
      76.41190338134766
    ]
  ],
  "damage": -4.983186721801758,
  "diff_bandwidth": 602.7962646484375,
  "dissonance": 10.659861543614928,
  "drr": 3.5017201900482178,
  "dynamics": 2.612781047821045,
  "format": 1245190,
  "frames": 10950656,
  "loudness": -10.218539237976074,
  "loudness_range": 6.282554626464844,
  "loudness_range_short": 9.363245964050293,
  "lowpass_true_peak_15khz": 0.6864609718322754,
  "mastering3_acoustic_entropies": [
    {
      "acoustic_entropy": 5.3333210945129395,
      "acoustic_entropy_mono": 6.284375190734863,
      "band_eliminated_acoustic_entropies": [
        {
          "acoustic_entropy": 5.97528076171875,
          "acoustic_entropy_side": 5.333863735198975,
          "hz": 129.47220167065723
        },
        {
          "acoustic_entropy": 5.706193923950195,
          "acoustic_entropy_side": 5.335141181945801,
          "hz": 202.92927478742237
        },
        {
          "acoustic_entropy": 5.615046501159668,
          "acoustic_entropy_side": 5.33599328994751,
          "hz": 282.89161906338205
        },
        {
          "acoustic_entropy": 5.444516181945801,
          "acoustic_entropy_side": 5.3524274826049805,
          "hz": 369.9353335868758
        },
        {
          "acoustic_entropy": 5.72857666015625,
          "acoustic_entropy_side": 5.372867107391357,
          "hz": 464.6875360973435
        },
        {
          "acoustic_entropy": 5.826797008514404,
          "acoustic_entropy_side": 5.732637405395508,
          "hz": 567.8308811364784
        },
        {
          "acoustic_entropy": 5.891448497772217,
          "acoustic_entropy_side": 5.524468898773193,
          "hz": 680.1084783214808
        },
        {
          "acoustic_entropy": 5.614402770996094,
          "acoustic_entropy_side": 5.284478187561035,
          "hz": 802.3292461747484
        },
        {
          "acoustic_entropy": 5.419045925140381,
          "acoustic_entropy_side": 5.313443183898926,
          "hz": 935.3737400823702
        },
        {
          "acoustic_entropy": 5.421346187591553,
          "acoustic_entropy_side": 5.511996269226074,
          "hz": 1080.2004963696966
        },
        {
          "acoustic_entropy": 5.305719375610352,
          "acoustic_entropy_side": 5.361990928649902,
          "hz": 1237.8529382007157
        },
        {
          "acoustic_entropy": 5.2459917068481445,
          "acoustic_entropy_side": 5.349704265594482,
          "hz": 1409.4668930556702
        },
        {
          "acoustic_entropy": 5.741842269897461,
          "acoustic_entropy_side": 5.338070392608643,
          "hz": 1596.2787759475705
        },
        {
          "acoustic_entropy": 5.091536521911621,
          "acoustic_entropy_side": 5.2998528480529785,
          "hz": 1799.6344973346393
        },
        {
          "acoustic_entropy": 5.2955827713012695,
          "acoustic_entropy_side": 5.2617926597595215,
          "hz": 2020.9991599069049
        },
        {
          "acoustic_entropy": 5.540195941925049,
          "acoustic_entropy_side": 5.223485946655273,
          "hz": 2261.9676141086993
        },
        {
          "acoustic_entropy": 5.554497241973877,
          "acoustic_entropy_side": 5.130324363708496,
          "hz": 2524.2759484456974
        },
        {
          "acoustic_entropy": 5.198245525360107,
          "acoustic_entropy_side": 5.159458637237549,
          "hz": 2809.813997359896
        },
        {
          "acoustic_entropy": 5.269323825836182,
          "acoustic_entropy_side": 5.0852508544921875,
          "hz": 3120.6389567871424
        },
        {
          "acoustic_entropy": 5.036360263824463,
          "acoustic_entropy_side": 5.12577486038208,
          "hz": 3458.990205492291
        },
        {
          "acoustic_entropy": 5.146127223968506,
          "acoustic_entropy_side": 5.150312423706055,
          "hz": 3827.305438964164
        },
        {
          "acoustic_entropy": 5.294978141784668,
          "acoustic_entropy_side": 5.268589019775391,
          "hz": 4228.238232109126
        },
        {
          "acoustic_entropy": 5.381889343261719,
          "acoustic_entropy_side": 5.326847076416016,
          "hz": 4664.6771572759235
        },
        {
          "acoustic_entropy": 5.27020788192749,
          "acoustic_entropy_side": 5.2788920402526855,
          "hz": 5139.766595350093
        },
        {
          "acoustic_entropy": 5.602256774902344,
          "acoustic_entropy_side": 5.25977087020874,
          "hz": 5656.929389854203
        },
        {
          "acoustic_entropy": 5.75777006149292,
          "acoustic_entropy_side": 5.283486366271973,
          "hz": 6219.891507268283
        },
        {
          "acoustic_entropy": 5.630476951599121,
          "acoustic_entropy_side": 5.273674011230469,
          "hz": 6832.70888123896
        },
        {
          "acoustic_entropy": 5.903675556182861,
          "acoustic_entropy_side": 5.229801177978516,
          "hz": 7499.796634079867
        },
        {
          "acoustic_entropy": 5.7388916015625,
          "acoustic_entropy_side": 5.313745498657227,
          "hz": 8225.96088609342
        },
        {
          "acoustic_entropy": 5.629899024963379,
          "acoustic_entropy_side": 5.6018266677856445,
          "hz": 9016.43338188839
        },
        {
          "acoustic_entropy": 5.6268815994262695,
          "acoustic_entropy_side": 5.43325662612915,
          "hz": 9876.909183162974
        },
        {
          "acoustic_entropy": 5.510757923126221,
          "acoustic_entropy_side": 5.456653594970703,
          "hz": 10813.587699516042
        },
        {
          "acoustic_entropy": 5.613820552825928,
          "acoustic_entropy_side": 5.833298683166504,
          "hz": 11833.21735289826
        },
        {
          "acoustic_entropy": 5.759518146514893,
          "acoustic_entropy_side": 5.958304405212402,
          "hz": 12943.144197493959
        },
        {
          "acoustic_entropy": 6.047513961791992,
          "acoustic_entropy_side": 6.164405345916748,
          "hz": 14151.364845322005
        },
        {
          "acoustic_entropy": 6.245913505554199,
          "acoustic_entropy_side": 6.291128158569336,
          "hz": 15466.58407886509
        },
        {
          "acoustic_entropy": 5.5784125328063965,
          "acoustic_entropy_side": 5.635895729064941,
          "hz": 16898.27756580493
        },
        {
          "acoustic_entropy": 5.342630863189697,
          "acoustic_entropy_side": 5.361927509307861,
          "hz": 18456.760127700032
        },
        {
          "acoustic_entropy": 5.3478875160217285,
          "acoustic_entropy_side": 5.347502708435059,
          "hz": 20153.260054456492
        },
        {
          "acoustic_entropy": 5.334415435791016,
          "acoustic_entropy_side": 5.335625171661377,
          "hz": 22000.00000000001
        }
      ],
      "diff_acoustic_entropy": 5.6334991455078125,
      "sn": 6
    },
    {
      "acoustic_entropy": 10.317560195922852,
      "acoustic_entropy_mono": 8.822487831115723,
      "band_eliminated_acoustic_entropies": [
        {
          "acoustic_entropy": 10.159347534179688,
          "acoustic_entropy_side": 10.337138175964355,
          "hz": 129.47220167065723
        },
        {
          "acoustic_entropy": 9.49090576171875,
          "acoustic_entropy_side": 10.355369567871094,
          "hz": 202.92927478742237
        },
        {
          "acoustic_entropy": 10.267369270324707,
          "acoustic_entropy_side": 10.268889427185059,
          "hz": 282.89161906338205
        },
        {
          "acoustic_entropy": 10.213458061218262,
          "acoustic_entropy_side": 10.236427307128906,
          "hz": 369.9353335868758
        },
        {
          "acoustic_entropy": 10.566116333007812,
          "acoustic_entropy_side": 10.201264381408691,
          "hz": 464.6875360973435
        },
        {
          "acoustic_entropy": 10.007867813110352,
          "acoustic_entropy_side": 10.066811561584473,
          "hz": 567.8308811364784
        },
        {
          "acoustic_entropy": 10.559732437133789,
          "acoustic_entropy_side": 9.99160099029541,
          "hz": 680.1084783214808
        },
        {
          "acoustic_entropy": 9.528772354125977,
          "acoustic_entropy_side": 9.959030151367188,
          "hz": 802.3292461747484
        },
        {
          "acoustic_entropy": 9.477338790893555,
          "acoustic_entropy_side": 10.018020629882812,
          "hz": 935.3737400823702
        },
        {
          "acoustic_entropy": 10.728089332580566,
          "acoustic_entropy_side": 10.353314399719238,
          "hz": 1080.2004963696966
        },
        {
          "acoustic_entropy": 10.165721893310547,
          "acoustic_entropy_side": 10.20651626586914,
          "hz": 1237.8529382007157
        },
        {
          "acoustic_entropy": 10.266209602355957,
          "acoustic_entropy_side": 10.37791919708252,
          "hz": 1409.4668930556702
        },
        {
          "acoustic_entropy": 10.486055374145508,
          "acoustic_entropy_side": 10.403217315673828,
          "hz": 1596.2787759475705
        },
        {
          "acoustic_entropy": 9.923357963562012,
          "acoustic_entropy_side": 10.263830184936523,
          "hz": 1799.6344973346393
        },
        {
          "acoustic_entropy": 10.112321853637695,
          "acoustic_entropy_side": 10.286898612976074,
          "hz": 2020.9991599069049
        },
        {
          "acoustic_entropy": 10.22157096862793,
          "acoustic_entropy_side": 10.276405334472656,
          "hz": 2261.9676141086993
        },
        {
          "acoustic_entropy": 10.0506010055542,
          "acoustic_entropy_side": 10.111684799194336,
          "hz": 2524.2759484456974
        },
        {
          "acoustic_entropy": 9.982552528381348,
          "acoustic_entropy_side": 10.070908546447754,
          "hz": 2809.813997359896
        },
        {
          "acoustic_entropy": 10.224754333496094,
          "acoustic_entropy_side": 10.318378448486328,
          "hz": 3120.6389567871424
        },
        {
          "acoustic_entropy": 10.285964965820312,
          "acoustic_entropy_side": 10.388354301452637,
          "hz": 3458.990205492291
        },
        {
          "acoustic_entropy": 10.423677444458008,
          "acoustic_entropy_side": 10.38857364654541,
          "hz": 3827.305438964164
        },
        {
          "acoustic_entropy": 10.43903636932373,
          "acoustic_entropy_side": 10.393624305725098,
          "hz": 4228.238232109126
        },
        {
          "acoustic_entropy": 10.380812644958496,
          "acoustic_entropy_side": 10.332505226135254,
          "hz": 4664.6771572759235
        },
        {
          "acoustic_entropy": 10.225785255432129,
          "acoustic_entropy_side": 10.261567115783691,
          "hz": 5139.766595350093
        },
        {
          "acoustic_entropy": 10.165949821472168,
          "acoustic_entropy_side": 10.359853744506836,
          "hz": 5656.929389854203
        },
        {
          "acoustic_entropy": 10.144577026367188,
          "acoustic_entropy_side": 10.413318634033203,
          "hz": 6219.891507268283
        },
        {
          "acoustic_entropy": 10.032889366149902,
          "acoustic_entropy_side": 10.381904602050781,
          "hz": 6832.70888123896
        },
        {
          "acoustic_entropy": 9.84057903289795,
          "acoustic_entropy_side": 10.433271408081055,
          "hz": 7499.796634079867
        },
        {
          "acoustic_entropy": 10.150528907775879,
          "acoustic_entropy_side": 10.379377365112305,
          "hz": 8225.96088609342
        },
        {
          "acoustic_entropy": 10.163620948791504,
          "acoustic_entropy_side": 10.29894733428955,
          "hz": 9016.43338188839
        },
        {
          "acoustic_entropy": 10.123034477233887,
          "acoustic_entropy_side": 10.349477767944336,
          "hz": 9876.909183162974
        },
        {
          "acoustic_entropy": 10.155486106872559,
          "acoustic_entropy_side": 10.367122650146484,
          "hz": 10813.587699516042
        },
        {
          "acoustic_entropy": 10.177188873291016,
          "acoustic_entropy_side": 10.215489387512207,
          "hz": 11833.21735289826
        },
        {
          "acoustic_entropy": 10.12637996673584,
          "acoustic_entropy_side": 10.184253692626953,
          "hz": 12943.144197493959
        },
        {
          "acoustic_entropy": 10.018275260925293,
          "acoustic_entropy_side": 10.036184310913086,
          "hz": 14151.364845322005
        },
        {
          "acoustic_entropy": 9.974016189575195,
          "acoustic_entropy_side": 10.020331382751465,
          "hz": 15466.58407886509
        },
        {
          "acoustic_entropy": 10.068252563476562,
          "acoustic_entropy_side": 10.108480453491211,
          "hz": 16898.27756580493
        },
        {
          "acoustic_entropy": 10.10782527923584,
          "acoustic_entropy_side": 10.12463665008545,
          "hz": 18456.760127700032
        },
        {
          "acoustic_entropy": 10.422547340393066,
          "acoustic_entropy_side": 10.292078018188477,
          "hz": 20153.260054456492
        },
        {
          "acoustic_entropy": 10.32942008972168,
          "acoustic_entropy_side": 10.340164184570312,
          "hz": 22000.00000000001
        }
      ],
      "diff_acoustic_entropy": 9.671875953674316,
      "sn": 12
    },
    {
      "acoustic_entropy": 15.788575172424316,
      "acoustic_entropy_mono": 11.98735523223877,
      "band_eliminated_acoustic_entropies": [
        {
          "acoustic_entropy": 16.10616683959961,
          "acoustic_entropy_side": 15.955862998962402,
          "hz": 129.47220167065723
        },
        {
          "acoustic_entropy": 16.188079833984375,
          "acoustic_entropy_side": 16.3938045501709,
          "hz": 202.92927478742237
        },
        {
          "acoustic_entropy": 16.145938873291016,
          "acoustic_entropy_side": 15.910856246948242,
          "hz": 282.89161906338205
        },
        {
          "acoustic_entropy": 15.875056266784668,
          "acoustic_entropy_side": 15.683717727661133,
          "hz": 369.9353335868758
        },
        {
          "acoustic_entropy": 15.61536693572998,
          "acoustic_entropy_side": 15.831305503845215,
          "hz": 464.6875360973435
        },
        {
          "acoustic_entropy": 15.37623405456543,
          "acoustic_entropy_side": 15.264300346374512,
          "hz": 567.8308811364784
        },
        {
          "acoustic_entropy": 15.908610343933105,
          "acoustic_entropy_side": 15.722603797912598,
          "hz": 680.1084783214808
        },
        {
          "acoustic_entropy": 15.53393840789795,
          "acoustic_entropy_side": 15.643292427062988,
          "hz": 802.3292461747484
        },
        {
          "acoustic_entropy": 15.396912574768066,
          "acoustic_entropy_side": 15.521332740783691,
          "hz": 935.3737400823702
        },
        {
          "acoustic_entropy": 15.27035140991211,
          "acoustic_entropy_side": 15.512136459350586,
          "hz": 1080.2004963696966
        },
        {
          "acoustic_entropy": 16.06907844543457,
          "acoustic_entropy_side": 16.08989143371582,
          "hz": 1237.8529382007157
        },
        {
          "acoustic_entropy": 15.72134017944336,
          "acoustic_entropy_side": 15.686972618103027,
          "hz": 1409.4668930556702
        },
        {
          "acoustic_entropy": 16.107845306396484,
          "acoustic_entropy_side": 16.124290466308594,
          "hz": 1596.2787759475705
        },
        {
          "acoustic_entropy": 15.573431968688965,
          "acoustic_entropy_side": 15.557899475097656,
          "hz": 1799.6344973346393
        },
        {
          "acoustic_entropy": 15.513446807861328,
          "acoustic_entropy_side": 15.622965812683105,
          "hz": 2020.9991599069049
        },
        {
          "acoustic_entropy": 15.669174194335938,
          "acoustic_entropy_side": 15.80681324005127,
          "hz": 2261.9676141086993
        },
        {
          "acoustic_entropy": 15.853075981140137,
          "acoustic_entropy_side": 15.858275413513184,
          "hz": 2524.2759484456974
        },
        {
          "acoustic_entropy": 15.93991470336914,
          "acoustic_entropy_side": 15.79063606262207,
          "hz": 2809.813997359896
        },
        {
          "acoustic_entropy": 15.92292594909668,
