{
  "acoustic_entropy": 158.83302307128906,
  "bands": [
    {
      "high_freq": 148.1999969482422,
      "loudness": -40.194984436035156,
      "loudness_range": 33.38218688964844,
      "mid_mean": -47.88028335571289,
      "mid_to_side_loudness": -8.077951431274414,
      "mid_to_side_loudness_range": 13.080643653869629,
      "side_mean": -56.037445068359375
    },
    {
      "high_freq": 392.3793640136719,
      "loudness": -36.25227737426758,
      "loudness_range": 19.00611686706543,
      "low_freq": 148.1999969482422,
      "mid_mean": -33.89991760253906,
      "mid_to_side_loudness": -6.45496940612793,
      "mid_to_side_loudness_range": 9.689499855041504,
      "side_mean": -40.43756866455078
    },
    {
      "high_freq": 794.6976318359375,
      "loudness": -39.64853286743164,
      "loudness_range": 18.95855712890625,
      "low_freq": 392.3793640136719,
      "mid_mean": -38.25419235229492,
      "mid_to_side_loudness": -3.6349191665649414,
      "mid_to_side_loudness_range": 9.969693183898926,
      "side_mean": -42.19993591308594
    },
    {
      "high_freq": 1457.5709228515625,
      "loudness": -46.78704833984375,
      "loudness_range": 23.151721954345703,
      "low_freq": 794.6976318359375,
      "mid_mean": -45.125308990478516,
      "mid_to_side_loudness": -4.301940441131592,
      "mid_to_side_loudness_range": 13.780963897705078,
      "side_mean": -51.80279541015625
    },
    {
      "high_freq": 2549.74365234375,
      "loudness": -47.41246032714844,
      "loudness_range": 29.177444458007812,
      "low_freq": 1457.5709228515625,
      "mid_mean": -49.8535270690918,
      "mid_to_side_loudness": -2.836456298828125,
      "mid_to_side_loudness_range": 8.30843448638916,
      "side_mean": -52.261558532714844
    },
    {
      "high_freq": 4349.24462890625,
      "loudness": -48.70044708251953,
      "loudness_range": 34.33567810058594,
      "low_freq": 2549.74365234375,
      "mid_mean": -52.92172622680664,
      "mid_to_side_loudness": -2.818629741668701,
      "mid_to_side_loudness_range": 8.497913360595703,
      "side_mean": -55.28535079956055
    },
    {
      "high_freq": 7314.1640625,
      "loudness": -52.45895767211914,
      "loudness_range": 35.623870849609375,
      "low_freq": 4349.24462890625,
      "mid_mean": -57.86393737792969,
      "mid_to_side_loudness": -4.047680854797363,
      "mid_to_side_loudness_range": 11.3812894821167,
      "side_mean": -61.162113189697266
    },
    {
      "high_freq": 12199.2666015625,
      "loudness": -66.58338165283203,
      "loudness_range": 29.588363647460938,
      "low_freq": 7314.1640625,
      "mid_mean": -63.98377990722656,
      "mid_to_side_loudness": -3.316654682159424,
      "mid_to_side_loudness_range": 9.2122163772583,
      "side_mean": -66.24531555175781
    },
    {
      "loudness": -74.7088394165039,
      "loudness_range": 9.67236328125,
      "low_freq": 12199.2666015625,
      "mid_mean": -67.87688446044922,
      "mid_to_side_loudness": -3.4016008377075195,
      "mid_to_side_loudness_range": 3.225654363632202,
      "side_mean": -68.81450653076172
    }
  ],
  "bands_short": [
    {
      "high_freq": 148.1999969482422,
      "loudness": -40.21175003051758,
      "loudness_range": 31.33448028564453,
      "mid_mean": -50.3860969543457,
      "mid_to_side_loudness": -8.46164608001709,
      "mid_to_side_loudness_range": 15.223527908325195,
      "side_mean": -56.81525802612305
    },
    {
      "high_freq": 392.3793640136719,
      "loudness": -38.27268981933594,
      "loudness_range": 22.1190128326416,
      "low_freq": 148.1999969482422,
      "mid_mean": -36.14516067504883,
      "mid_to_side_loudness": -6.231668472290039,
      "mid_to_side_loudness_range": 11.130325317382812,
      "side_mean": -42.354156494140625
    },
    {
      "high_freq": 794.6976318359375,
      "loudness": -37.28131866455078,
      "loudness_range": 18.511085510253906,
      "low_freq": 392.3793640136719,
      "mid_mean": -35.265907287597656,
      "mid_to_side_loudness": -5.125343322753906,
      "mid_to_side_loudness_range": 13.254297256469727,
      "side_mean": -40.80962371826172
    },
    {
      "high_freq": 1457.5709228515625,
      "loudness": -46.990562438964844,
      "loudness_range": 23.99234390258789,
      "low_freq": 794.6976318359375,
      "mid_mean": -45.660831451416016,
      "mid_to_side_loudness": -4.301102161407471,
      "mid_to_side_loudness_range": 15.439571380615234,
      "side_mean": -52.339637756347656
    },
    {
      "high_freq": 2549.74365234375,
      "loudness": -47.847251892089844,
      "loudness_range": 28.758377075195312,
      "low_freq": 1457.5709228515625,
      "mid_mean": -50.63195037841797,
      "mid_to_side_loudness": -2.983203172683716,
      "mid_to_side_loudness_range": 10.812087059020996,
      "side_mean": -53.025230407714844
    },
    {
      "high_freq": 4349.24462890625,
      "loudness": -48.068119049072266,
      "loudness_range": 34.262779235839844,
      "low_freq": 2549.74365234375,
      "mid_mean": -53.31892013549805,
      "mid_to_side_loudness": -2.7103066444396973,
      "mid_to_side_loudness_range": 10.707741737365723,
      "side_mean": -55.603904724121094
    },
    {
      "high_freq": 7314.1640625,
      "loudness": -50.706077575683594,
      "loudness_range": 34.90399932861328,
      "low_freq": 4349.24462890625,
      "mid_mean": -58.147796630859375,
      "mid_to_side_loudness": -4.118173599243164,
      "mid_to_side_loudness_range": 12.448073387145996,
      "side_mean": -61.43463897705078
    },
    {
      "high_freq": 12199.2666015625,
      "loudness": -66.53062438964844,
      "loudness_range": 30.009296417236328,
      "low_freq": 7314.1640625,
      "mid_mean": -64.12393951416016,
      "mid_to_side_loudness": -3.2864491939544678,
      "mid_to_side_loudness_range": 9.52074146270752,
      "side_mean": -66.3362045288086
    },
    {
      "loudness": -74.85116577148438,
      "loudness_range": 9.869209289550781,
      "low_freq": 12199.2666015625,
      "mid_mean": -67.9124984741211,
      "mid_to_side_loudness": -3.3939640522003174,
      "mid_to_side_loudness_range": 3.9123375415802,
      "side_mean": -68.8368148803711
    }
  ],
  "bandwidth": 543.1722412109375,
  "channels": 2,
  "covariance": [
    [
      281.1585693359375,
      208.54039001464844,
      87.64087677001953,
      93.26978302001953,
      46.49171829223633,
      55.21403121948242,
      33.68058395385742,
      73.57783508300781,
      145.61392211914062,
      126.07221221923828,
      180.2179718017578,
      141.77679443359375,
      179.92149353027344,
      123.17698669433594,
      95.98158264160156,
      55.90991973876953,
      14.705642700195312,
      8.651993751525879
    ],
    [
      208.54039001464844,
      164.33570861816406,
      68.47362518310547,
      70.53810119628906,
      38.311763763427734,
      44.26414108276367,
      30.622989654541016,
      75.88607025146484,
      125.2678451538086,
      109.94554901123047,
      145.28530883789062,
      116.43624114990234,
      138.66868591308594,
      95.41400146484375,
      73.58972930908203,
      43.18583679199219,
      11.70792293548584,
      7.077469348907471
    ],
    [
      87.64087677001953,
      68.47362518310547,
      57.99464797973633,
      55.106632232666016,
      39.70708084106445,
      40.22196578979492,
      30.969024658203125,
      40.43585968017578,
      72.25138854980469,
      62.10393524169922,
      80.39476776123047,
      65.48670196533203,
      78.86060333251953,
      54.75684356689453,
      43.4932975769043,
      26.15545654296875,
      6.815853118896484,
      4.335756778717041
    ],
    [
      93.26978302001953,
      70.53810119628906,
      55.106632232666016,
      66.30078887939453,
      38.902523040771484,
      42.45815658569336,
      27.621192932128906,
      46.3880500793457,
      80.92698669433594,
      71.05921936035156,
      92.54569244384766,
      76.22908020019531,
      87.44007110595703,
      62.75888442993164,
      47.00209045410156,
      29.26948356628418,
      7.465139865875244,
      4.861362457275391
    ],
    [
      46.49171829223633,
      38.311763763427734,
      39.70708084106445,
      38.902523040771484,
      60.35102462768555,
      47.95151901245117,
      40.23090744018555,
      35.690330505371094,
      57.40264892578125,
      47.84370040893555,
      57.58652877807617,
      47.090415954589844,
      56.62257385253906,
      39.22279739379883,
      31.58391761779785,
      19.462692260742188,
      5.023489952087402,
      3.319894313812256
    ],
    [
      55.21403121948242,
      44.26414108276367,
      40.22196578979492,
      42.45815658569336,
      47.95151901245117,
      53.407962799072266,
      38.78166198730469,
      39.79657745361328,
      61.85664749145508,
      54.3996467590332,
      65.8508529663086,
      55.79193115234375,
      59.592105865478516,
      42.87799835205078,
      32.27265930175781,
      20.49432373046875,
      5.5387091636657715,
      3.9033100605010986
    ],
    [
      33.68058395385742,
      30.622989654541016,
      30.969024658203125,
      27.621192932128906,
      40.23090744018555,
      38.78166198730469,
      75.7439193725586,
      44.89065170288086,
      50.16263198852539,
      42.610836029052734,
      56.43546676635742,
      46.600685119628906,
      57.42890167236328,
      39.502227783203125,
      34.317840576171875,
      21.58778953552246,
      6.347278118133545,
      3.9707703590393066
    ],
    [
      73.57783508300781,
      75.88607025146484,
      40.43585968017578,
      46.3880500793457,
      35.690330505371094,
      39.79657745361328,
      44.89065170288086,
      80.91862487792969,
      97.54756927490234,
      88.15424346923828,
      101.6942138671875,
      86.25472259521484,
      87.78297424316406,
      62.94059371948242,
      46.460262298583984,
      29.298458099365234,
      8.428505897521973,
      5.60547399520874
    ],
    [
      145.61392211914062,
      125.2678451538086,
      72.25138854980469,
      80.92698669433594,
      57.40264892578125,
      61.85664749145508,
      50.16263198852539,
      97.54756927490234,
      158.72691345214844,
      135.49630737304688,
      162.1781463623047,
      134.71755981445312,
      145.20433044433594,
      102.95465087890625,
      77.88045501708984,
      47.46735382080078,
      12.768243789672852,
      8.379183769226074
    ],
    [
      126.07221221923828,
      109.94554901123047,
      62.10393524169922,
      71.05921936035156,
      47.84370040893555,
      54.3996467590332,
      42.610836029052734,
      88.15424346923828,
      135.49630737304688,
      123.65643310546875,
      142.720947265625,
      120.68251037597656,
      123.78744506835938,
      88.14479064941406,
      64.91541290283203,
      39.51591873168945,
      10.838813781738281,
      7.285150527954102
    ],
    [
      180.2179718017578,
      145.28530883789062,
      80.39476776123047,
      92.54569244384766,
      57.58652877807617,
      65.8508529663086,
      56.43546676635742,
      101.6942138671875,
      162.1781463623047,
      142.720947265625,
      195.95008850097656,
      158.2880096435547,
      176.27169799804688,
      128.52020263671875,
      97.4592056274414,
      61.20238494873047,
      16.454862594604492,
      10.114006042480469
    ],
    [
      141.77679443359375,
      116.43624114990234,
      65.48670196533203,
      76.22908020019531,
      47.090415954589844,
      55.79193115234375,
      46.600685119628906,
      86.25472259521484,
      134.71755981445312,
      120.68251037597656,
      158.2880096435547,
      132.54397583007812,
      140.24082946777344,
      102.73204803466797,
      75.5515365600586,
      48.01033020019531,
      12.897439002990723,
      8.19825267791748
    ],
    [
      179.92149353027344,
      138.66868591308594,
      78.86060333251953,
      87.44007110595703,
      56.62257385253906,
      59.592105865478516,
      57.42890167236328,
      87.78297424316406,
      145.20433044433594,
      123.78744506835938,
      176.27169799804688,
      140.24082946777344,
      180.1068115234375,
      125.79528045654297,
      102.58734893798828,
      62.14356994628906,
      15.789896011352539,
      9.27017593383789
    ],
    [
      123.17698669433594,
      95.41400146484375,
      54.75684356689453,
      62.75888442993164,
      39.22279739379883,
      42.87799835205078,
      39.502227783203125,
      62.94059371948242,
      102.95465087890625,
      88.14479064941406,
      128.52020263671875,
      102.73204803466797,
      125.79528045654297,
      94.33081817626953,
      72.51898956298828,
      46.163387298583984,
      11.730952262878418,
      6.962209224700928
    ],
    [
      95.98158264160156,
      73.58972930908203,
      43.4932975769043,
      47.00209045410156,
      31.58391761779785,
      32.27265930175781,
      34.317840576171875,
      46.460262298583984,
      77.88045501708984,
      64.91541290283203,
      97.4592056274414,
      75.5515365600586,
      102.58734893798828,
      72.51898956298828,
      65.15921020507812,
      39.53813171386719,
      9.96012020111084,
      5.453367233276367
    ],
    [
      55.90991973876953,
      43.18583679199219,
      26.15545654296875,
      29.26948356628418,
      19.462692260742188,
      20.49432373046875,
      21.58778953552246,
      29.298458099365234,
      47.46735382080078,
      39.51591873168945,
      61.20238494873047,
      48.01033020019531,
      62.14356994628906,
      46.163387298583984,
      39.53813171386719,
      26.287866592407227,
      6.666332244873047,
      3.6651079654693604
    ],
    [
      14.705642700195312,
      11.70792293548584,
      6.815853118896484,
      7.465139865875244,
      5.023489952087402,
      5.5387091636657715,
      6.347278118133545,
      8.428505897521973,
      12.768243789672852,
      10.838813781738281,
      16.454862594604492,
      12.897439002990723,
      15.789896011352539,
      11.730952262878418,
      9.96012020111084,
      6.666332244873047,
      2.0441877841949463,
      1.1331506967544556
    ],
    [
      8.651993751525879,
      7.077469348907471,
      4.335756778717041,
      4.861362457275391,
      3.319894313812256,
      3.9033100605010986,
      3.9707703590393066,
      5.60547399520874,
      8.379183769226074,
      7.285150527954102,
      10.114006042480469,
      8.19825267791748,
      9.27017593383789,
      6.962209224700928,
      5.453367233276367,
      3.6651079654693604,
      1.1331506967544556,
      0.7617355585098267
    ]
  ],
  "covariance_short": [
    [
      288.95489501953125,
      207.2213134765625,
      108.17996215820312,
      109.54627227783203,
      49.01349639892578,
      53.84231948852539,
      36.298545837402344,
      102.66653442382812,
      169.9961700439453,
      150.8495635986328,
      199.03338623046875,
      159.82073974609375,
      185.90245056152344,
      128.12612915039062,
      96.15209197998047,
      56.52354049682617,
      15.329337120056152,
      9.657864570617676
    ],
    [
      207.2213134765625,
      156.78372192382812,
      80.4461441040039,
      80.59772491455078,
      39.4605712890625,
      42.60056686401367,
      31.314193725585938,
      75.79448699951172,
      123.27571105957031,
      109.88156127929688,
      144.3636016845703,
      116.19642639160156,
      135.03005981445312,
      92.8318862915039,
      70.07006072998047,
      41.28483581542969,
      11.190130233764648,
      7.022122383117676
    ],
    [
      108.17996215820312,
      80.4461441040039,
      74.36567687988281,
      67.43303680419922,
      41.10708999633789,
      40.955501556396484,
      26.815370559692383,
      44.126808166503906,
      80.90081024169922,
      70.6438217163086,
      91.75312805175781,
      74.25922393798828,
      89.59278106689453,
      62.33401870727539,
      48.1534423828125,
      28.91006088256836,
      7.554675102233887,
      4.8601508140563965
    ],
    [
      109.54627227783203,
      80.59772491455078,
      67.43303680419922,
      82.11592102050781,
      36.68309783935547,
      42.432212829589844,
      25.157411575317383,
      49.43166732788086,
      86.58917236328125,
      76.80311584472656,
      100.7499008178711,
      82.0271987915039,
      95.98345184326172,
      68.22161865234375,
      50.81554412841797,
      31.24970054626465,
      8.001720428466797,
      5.265242576599121
    ],
    [
      49.01349639892578,
      39.4605712890625,
      41.10708999633789,
      36.68309783935547,
      52.70668029785156,
      39.774681091308594,
      34.86634826660156,
      33.84358596801758,
      57.62986373901367,
      48.457763671875,
      58.983665466308594,
      49.068782806396484,
      57.5592041015625,
      39.26179504394531,
      32.45114517211914,
      19.704978942871094,
      4.944509029388428,
      3.298224449157715
    ],
    [
      53.84231948852539,
      42.60056686401367,
      40.955501556396484,
      42.432212829589844,
      39.774681091308594,
      51.22100067138672,
      35.885982513427734,
      40.57406234741211,
      62.911563873291016,
      56.47990798950195,
      68.39947509765625,
      58.85533142089844,
      61.409847259521484,
      44.04608917236328,
      32.621131896972656,
      21.0953369140625,
      5.408374786376953,
      3.858423948287964
    ],
    [
      36.298545837402344,
      31.314193725585938,
      26.815370559692383,
      25.157411575317383,
      34.86634826660156,
      35.885982513427734,
      81.83390808105469,
      48.79716110229492,
      51.86861801147461,
      43.22747039794922,
      60.15098190307617,
      49.8409538269043,
      57.916839599609375,
      39.39910888671875,
      34.34429931640625,
      21.64589500427246,
      6.254358768463135,
      3.8804311752319336
    ],
    [
      102.66653442382812,
      75.79448699951172,
      44.126808166503906,
      49.43166732788086,
      33.84358596801758,
      40.57406234741211,
      48.79716110229492,
      85.94171142578125,
      100.99227905273438,
      90.73442077636719,
      105.45528411865234,
      90.08285522460938,
      89.38981628417969,
      63.86188507080078,
      46.735809326171875,
      29.589868545532227,
      8.369550704956055,
      5.660113334655762
    ],
    [
      169.9961700439453,
      123.27571105957031,
      80.90081024169922,
      86.58917236328125,
      57.62986373901367,
      62.911563873291016,
      51.86861801147461,
      100.99227905273438,
      163.393310546875,
      138.94915771484375,
      168.2062530517578,
      140.26522827148438,
      147.2244415283203,
      104.1488037109375,
      77.67079162597656,
      47.32386779785156,
      12.66909408569336,
      8.487212181091309
    ],
    [
      150.8495635986328,
      109.88156127929688,
      70.6438217163086,
      76.80311584472656,
      48.457763671875,
      56.47990798950195,
      43.22747039794922,
      90.73442077636719,
      138.94915771484375,
      129.45550537109375,
      148.5407257080078,
      126.8514404296875,
      126.35865783691406,
      90.25556182861328,
      65.37892150878906,
      39.93802261352539,
      10.847615242004395,
      7.36215353012085
    ],
    [
      199.03338623046875,
      144.3636016845703,
      91.75312805175781,
      100.7499008178711,
      58.983665466308594,
      68.39947509765625,
      60.15098190307617,
      105.45528411865234,
      168.2062530517578,
      148.5407257080078,
      204.48556518554688,
      164.58526611328125,
      180.66180419921875,
      130.72280883789062,
      98.12218475341797,
      61.5052604675293,
      16.48466682434082,
      10.398468017578125
    ],
    [
      159.82073974609375,
      116.19642639160156,
      74.25922393798828,
      82.0271987915039,
      49.068782806396484,
      58.85533142089844,
      49.8409538269043,
      90.08285522460938,
      140.26522827148438,
      126.8514404296875,
      164.58526611328125,
      139.72755432128906,
      143.87332153320312,
      105.03681945800781,
      76.30320739746094,
      48.29331588745117,
      12.922818183898926,
      8.442268371582031
    ],
    [
      185.90245056152344,
      135.03005981445312,
      89.59278106689453,
      95.98345184326172,
      57.5592041015625,
      61.409847259521484,
      57.916839599609375,
      89.38981628417969,
      147.2244415283203,
      126.35865783691406,
      180.66180419921875,
      143.87332153320312,
      182.51841735839844,
      126.5065689086914,
      102.33319091796875,
      61.94761276245117,
      15.677404403686523,
      9.474198341369629
    ],
    [
      128.12612915039062,
      92.8318862915039,
      62.33401870727539,
      68.22161865234375,
      39.26179504394531,
      44.04608917236328,
      39.39910888671875,
      63.86188507080078,
      104.1488037109375,
      90.25556182861328,
      130.72280883789062,
      105.03681945800781,
      126.5065689086914,
      95.55140686035156,
      71.77670288085938,
      45.803070068359375,
      11.57568359375,
      7.12241268157959
    ],
    [
      96.15209197998047,
      70.07006072998047,
      48.1534423828125,
      50.81554412841797,
      32.45114517211914,
      32.621131896972656,
      34.34429931640625,
      46.735809326171875,
      77.67079162597656,
      65.37892150878906,
      98.12218475341797,
      76.30320739746094,
      102.33319091796875,
      71.77670288085938,
      64.79824829101562,
      39.069095611572266,
      9.85358715057373,
      5.559045791625977
    ],
    [
      56.52354049682617,
      41.28483581542969,
      28.91006088256836,
      31.24970054626465,
      19.704978942871094,
      21.0953369140625,
      21.64589500427246,
      29.589868545532227,
      47.32386779785156,
      39.93802261352539,
      61.5052604675293,
      48.29331588745117,
      61.94761276245117,
      45.803070068359375,
      39.069095611572266,
      26.279090881347656,
      6.588738918304443,
      3.7667553424835205
    ],
    [
      15.329337120056152,
      11.190130233764648,
      7.554675102233887,
      8.001720428466797,
      4.944509029388428,
      5.408374786376953,
      6.254358768463135,
      8.369550704956055,
      12.66909408569336,
      10.847615242004395,
      16.48466682434082,
      12.922818183898926,
      15.677404403686523,
      11.57568359375,
      9.85358715057373,
      6.588738918304443,
      2.1949195861816406,
      1.217793583869934
    ],
    [
      9.657864570617676,
      7.022122383117676,
      4.8601508140563965,
      5.265242576599121,
      3.298224449157715,
      3.858423948287964,
      3.8804311752319336,
      5.660113334655762,
      8.487212181091309,
      7.36215353012085,
      10.398468017578125,
      8.442268371582031,
      9.474198341369629,
      7.12241268157959,
      5.559045791625977,
      3.7667553424835205,
      1.217793583869934,
      0.8839131593704224
    ]
  ],
  "damage": -19.01179313659668,
  "diff_bandwidth": 603.5399169921875,
  "dissonance": 3.1116132749586862,
  "drr": 4.9528350830078125,
  "dynamics": 5.550870418548584,
  "format": 1245190,
  "frames": 2008000,
  "loudness": -27.879974365234375,
  "loudness_range": 18.170108795166016,
  "loudness_range_short": 19.211429595947266,
  "lowpass_true_peak_15khz": -8.565095901489258,
  "mastering3_acoustic_entropies": [
    {
      "acoustic_entropy": 8.550108909606934,
      "acoustic_entropy_mono": 8.027896881103516,
      "band_eliminated_acoustic_entropies": [
        {
          "acoustic_entropy": 8.556300163269043,
          "acoustic_entropy_side": 8.549332618713379,
          "hz": 129.47220167065723
        },
        {
          "acoustic_entropy": 8.49008560180664,
          "acoustic_entropy_side": 8.545254707336426,
          "hz": 202.92927478742237
        },
        {
          "acoustic_entropy": 9.078372955322266,
          "acoustic_entropy_side": 8.526474952697754,
          "hz": 282.89161906338205
        },
        {
          "acoustic_entropy": 8.5206880569458,
          "acoustic_entropy_side": 8.555033683776855,
          "hz": 369.9353335868758
        },
        {
          "acoustic_entropy": 7.2337775230407715,
          "acoustic_entropy_side": 8.087030410766602,
          "hz": 464.6875360973435
        },
        {
          "acoustic_entropy": 7.9057230949401855,
          "acoustic_entropy_side": 8.457249641418457,
          "hz": 567.8308811364784
        },
        {
          "acoustic_entropy": 8.711687088012695,
          "acoustic_entropy_side": 8.68954849243164,
          "hz": 680.1084783214808
        },
        {
          "acoustic_entropy": 8.775827407836914,
          "acoustic_entropy_side": 8.693771362304688,
          "hz": 802.3292461747484
        },
        {
          "acoustic_entropy": 7.91777229309082,
          "acoustic_entropy_side": 8.54582691192627,
          "hz": 935.3737400823702
        },
        {
          "acoustic_entropy": 8.64157772064209,
          "acoustic_entropy_side": 8.543815612792969,
          "hz": 1080.2004963696966
        },
        {
          "acoustic_entropy": 8.515024185180664,
          "acoustic_entropy_side": 8.544389724731445,
          "hz": 1237.8529382007157
        },
        {
          "acoustic_entropy": 7.511128902435303,
          "acoustic_entropy_side": 8.549452781677246,
          "hz": 1409.4668930556702
        },
        {
          "acoustic_entropy": 8.600658416748047,
          "acoustic_entropy_side": 8.632441520690918,
          "hz": 1596.2787759475705
        },
        {
          "acoustic_entropy": 8.247221946716309,
          "acoustic_entropy_side": 8.448559761047363,
          "hz": 1799.6344973346393
        },
        {
          "acoustic_entropy": 8.673053741455078,
          "acoustic_entropy_side": 8.567044258117676,
          "hz": 2020.9991599069049
        },
        {
          "acoustic_entropy": 8.618202209472656,
          "acoustic_entropy_side": 8.592203140258789,
          "hz": 2261.9676141086993
        },
        {
          "acoustic_entropy": 8.628438949584961,
          "acoustic_entropy_side": 8.645855903625488,
          "hz": 2524.2759484456974
        },
        {
          "acoustic_entropy": 7.6329240798950195,
          "acoustic_entropy_side": 8.57044792175293,
          "hz": 2809.813997359896
        },
        {
          "acoustic_entropy": 8.81503677368164,
          "acoustic_entropy_side": 8.433509826660156,
          "hz": 3120.6389567871424
        },
        {
          "acoustic_entropy": 8.193547248840332,
          "acoustic_entropy_side": 8.324944496154785,
          "hz": 3458.990205492291
        },
        {
          "acoustic_entropy": 8.237714767456055,
          "acoustic_entropy_side": 8.610248565673828,
          "hz": 3827.305438964164
        },
        {
          "acoustic_entropy": 8.007792472839355,
          "acoustic_entropy_side": 8.362483024597168,
          "hz": 4228.238232109126
        },
        {
          "acoustic_entropy": 8.037970542907715,
          "acoustic_entropy_side": 8.411504745483398,
          "hz": 4664.6771572759235
        },
        {
          "acoustic_entropy": 8.455689430236816,
          "acoustic_entropy_side": 8.394854545593262,
          "hz": 5139.766595350093
        },
        {
          "acoustic_entropy": 8.450974464416504,
          "acoustic_entropy_side": 8.547842979431152,
          "hz": 5656.929389854203
        },
        {
          "acoustic_entropy": 8.181723594665527,
          "acoustic_entropy_side": 8.417946815490723,
          "hz": 6219.891507268283
        },
        {
          "acoustic_entropy": 8.495914459228516,
          "acoustic_entropy_side": 8.542800903320312,
          "hz": 6832.70888123896
        },
        {
          "acoustic_entropy": 8.447463989257812,
          "acoustic_entropy_side": 8.546988487243652,
          "hz": 7499.796634079867
        },
        {
          "acoustic_entropy": 8.582736015319824,
          "acoustic_entropy_side": 8.55023193359375,
          "hz": 8225.96088609342
        },
        {
          "acoustic_entropy": 8.49055290222168,
          "acoustic_entropy_side": 8.54847526550293,
          "hz": 9016.43338188839
        },
        {
          "acoustic_entropy": 8.535717010498047,
          "acoustic_entropy_side": 8.548940658569336,
          "hz": 9876.909183162974
        },
        {
          "acoustic_entropy": 8.446371078491211,
          "acoustic_entropy_side": 8.540908813476562,
          "hz": 10813.587699516042
        },
        {
          "acoustic_entropy": 8.552217483520508,
          "acoustic_entropy_side": 8.5501070022583,
          "hz": 11833.21735289826
        },
        {
          "acoustic_entropy": 8.549973487854004,
          "acoustic_entropy_side": 8.5501070022583,
          "hz": 12943.144197493959
        },
        {
          "acoustic_entropy": 8.550108909606934,
          "acoustic_entropy_side": 8.5501070022583,
          "hz": 14151.364845322005
        },
        {
          "acoustic_entropy": 8.5501070022583,
          "acoustic_entropy_side": 8.550107955932617,
          "hz": 15466.58407886509
        },
        {
          "acoustic_entropy": 8.550107955932617,
          "acoustic_entropy_side": 8.550108909606934,
          "hz": 16898.27756580493
        },
        {
          "acoustic_entropy": 8.550108909606934,
          "acoustic_entropy_side": 8.550108909606934,
          "hz": 18456.760127700032
        },
        {
          "acoustic_entropy": 8.550108909606934,
          "acoustic_entropy_side": 8.550108909606934,
          "hz": 20153.260054456492
        },
        {
          "acoustic_entropy": 8.550108909606934,
          "acoustic_entropy_side": 8.550108909606934,
          "hz": 22000.00000000001
        }
      ],
      "diff_acoustic_entropy": 2.2228872776031494,
      "sn": 6
    },
    {
      "acoustic_entropy": 11.143404006958008,
      "acoustic_entropy_mono": 11.684342384338379,
      "band_eliminated_acoustic_entropies": [
        {
          "acoustic_entropy": 11.085220336914062,
          "acoustic_entropy_side": 11.135140419006348,
          "hz": 129.47220167065723
        },
        {
          "acoustic_entropy": 11.040055274963379,
          "acoustic_entropy_side": 11.055335998535156,
          "hz": 202.92927478742237
        },
        {
          "acoustic_entropy": 11.332674980163574,
          "acoustic_entropy_side": 11.156928062438965,
          "hz": 282.89161906338205
        },
        {
          "acoustic_entropy": 11.227593421936035,
          "acoustic_entropy_side": 11.351118087768555,
          "hz": 369.9353335868758
        },
        {
          "acoustic_entropy": 11.403212547302246,
          "acoustic_entropy_side": 11.154500007629395,
          "hz": 464.6875360973435
        },
        {
          "acoustic_entropy": 11.328581809997559,
          "acoustic_entropy_side": 11.11408805847168,
          "hz": 567.8308811364784
        },
        {
          "acoustic_entropy": 11.467079162597656,
          "acoustic_entropy_side": 11.330220222473145,
          "hz": 680.1084783214808
        },
        {
          "acoustic_entropy": 11.552705764770508,
          "acoustic_entropy_side": 11.479609489440918,
          "hz": 802.3292461747484
        },
        {
          "acoustic_entropy": 11.672707557678223,
          "acoustic_entropy_side": 11.095135688781738,
          "hz": 935.3737400823702
        },
        {
          "acoustic_entropy": 11.92284870147705,
          "acoustic_entropy_side": 11.088035583496094,
          "hz": 1080.2004963696966
        },
        {
          "acoustic_entropy": 11.207200050354004,
          "acoustic_entropy_side": 11.149748802185059,
          "hz": 1237.8529382007157
        },
        {
          "acoustic_entropy": 10.908056259155273,
          "acoustic_entropy_side": 11.182435989379883,
          "hz": 1409.4668930556702
        },
        {
          "acoustic_entropy": 11.378432273864746,
          "acoustic_entropy_side": 11.126422882080078,
          "hz": 1596.2787759475705
        },
        {
          "acoustic_entropy": 11.338996887207031,
          "acoustic_entropy_side": 11.197514533996582,
          "hz": 1799.6344973346393
        },
        {
          "acoustic_entropy": 11.304903984069824,
          "acoustic_entropy_side": 11.154229164123535,
          "hz": 2020.9991599069049
        },
        {
          "acoustic_entropy": 11.349123001098633,
          "acoustic_entropy_side": 11.120795249938965,
          "hz": 2261.9676141086993
        },
        {
          "acoustic_entropy": 11.070287704467773,
          "acoustic_entropy_side": 11.09288501739502,
          "hz": 2524.2759484456974
        },
        {
          "acoustic_entropy": 11.027695655822754,
          "acoustic_entropy_side": 11.066557884216309,
          "hz": 2809.813997359896
        },
        {
          "acoustic_entropy": 11.245210647583008,
          "acoustic_entropy_side": 11.01708984375,
          "hz": 3120.6389567871424
        },
        {
          "acoustic_entropy": 11.071136474609375,
          "acoustic_entropy_side": 11.046956062316895,
          "hz": 3458.990205492291
        },
        {
          "acoustic_entropy": 10.905340194702148,
          "acoustic_entropy_side": 11.089982032775879,
          "hz": 3827.305438964164
        },
        {
          "acoustic_entropy": 11.132284164428711,
          "acoustic_entropy_side": 11.179892539978027,
          "hz": 4228.238232109126
        },
        {
          "acoustic_entropy": 11.223320960998535,
          "acoustic_entropy_side": 11.459737777709961,
          "hz": 4664.6771572759235
        },
        {
          "acoustic_entropy": 11.474154472351074,
          "acoustic_entropy_side": 11.213179588317871,
          "hz": 5139.766595350093
        },
        {
          "acoustic_entropy": 11.145784378051758,
          "acoustic_entropy_side": 11.141529083251953,
          "hz": 5656.929389854203
        },
        {
          "acoustic_entropy": 11.287189483642578,
          "acoustic_entropy_side": 11.071438789367676,
          "hz": 6219.891507268283
        },
        {
          "acoustic_entropy": 11.289037704467773,
          "acoustic_entropy_side": 11.205962181091309,
          "hz": 6832.70888123896
        },
        {
          "acoustic_entropy": 11.096359252929688,
          "acoustic_entropy_side": 11.11980152130127,
          "hz": 7499.796634079867
        },
        {
          "acoustic_entropy": 11.217551231384277,
          "acoustic_entropy_side": 11.142085075378418,
          "hz": 8225.96088609342
        },
        {
          "acoustic_entropy": 11.1009521484375,
          "acoustic_entropy_side": 11.133644104003906,
          "hz": 9016.43338188839
        },
        {
          "acoustic_entropy": 11.149971961975098,
          "acoustic_entropy_side": 11.133369445800781,
          "hz": 9876.909183162974
        },
        {
          "acoustic_entropy": 11.113234519958496,
          "acoustic_entropy_side": 11.119255065917969,
          "hz": 10813.587699516042
        },
        {
          "acoustic_entropy": 11.129925727844238,
          "acoustic_entropy_side": 11.135978698730469,
          "hz": 11833.21735289826
        },
        {
          "acoustic_entropy": 11.141568183898926,
          "acoustic_entropy_side": 11.143255233764648,
          "hz": 12943.144197493959
        },
        {
          "acoustic_entropy": 11.143357276916504,
          "acoustic_entropy_side": 11.143362998962402,
          "hz": 14151.364845322005
        },
        {
          "acoustic_entropy": 11.143389701843262,
          "acoustic_entropy_side": 11.143401145935059,
          "hz": 15466.58407886509
        },
        {
          "acoustic_entropy": 11.143391609191895,
          "acoustic_entropy_side": 11.143403053283691,
          "hz": 16898.27756580493
        },
        {
          "acoustic_entropy": 11.143399238586426,
          "acoustic_entropy_side": 11.143403053283691,
          "hz": 18456.760127700032
        },
        {
          "acoustic_entropy": 11.143402099609375,
          "acoustic_entropy_side": 11.143402099609375,
          "hz": 20153.260054456492
        },
        {
          "acoustic_entropy": 11.143404006958008,
          "acoustic_entropy_side": 11.143404006958008,
          "hz": 22000.00000000001
        }
      ],
      "diff_acoustic_entropy": 4.084197998046875,
      "sn": 12
    },
    {
      "acoustic_entropy": 19.437028884887695,
      "acoustic_entropy_mono": 18.173809051513672,
      "band_eliminated_acoustic_entropies": [
        {
          "acoustic_entropy": 19.51976203918457,
          "acoustic_entropy_side": 19.484310150146484,
          "hz": 129.47220167065723
        },
        {
          "acoustic_entropy": 19.106863021850586,
          "acoustic_entropy_side": 19.63239288330078,
          "hz": 202.92927478742237
        },
        {
          "acoustic_entropy": 20.135499954223633,
          "acoustic_entropy_side": 19.48134994506836,
          "hz": 282.89161906338205
        },
        {
          "acoustic_entropy": 19.674884796142578,
          "acoustic_entropy_side": 19.534486770629883,
          "hz": 369.9353335868758
        },
        {
          "acoustic_entropy": 20.503324508666992,
          "acoustic_entropy_side": 20.254222869873047,
          "hz": 464.6875360973435
        },
        {
          "acoustic_entropy": 18.92326545715332,
          "acoustic_entropy_side": 19.116689682006836,
          "hz": 567.8308811364784
        },
        {
          "acoustic_entropy": 18.113494873046875,
          "acoustic_entropy_side": 18.077241897583008,
          "hz": 680.1084783214808
        },
        {
          "acoustic_entropy": 19.214174270629883,
          "acoustic_entropy_side": 19.720909118652344,
          "hz": 802.3292461747484
        },
        {
          "acoustic_entropy": 19.57571792602539,
          "acoustic_entropy_side": 19.077524185180664,
          "hz": 935.3737400823702
        },
        {
          "acoustic_entropy": 19.36565589904785,
          "acoustic_entropy_side": 19.349145889282227,
          "hz": 1080.2004963696966
        },
        {
          "acoustic_entropy": 19.016868591308594,
          "acoustic_entropy_side": 19.24641227722168,
          "hz": 1237.8529382007157
        },
        {
          "acoustic_entropy": 18.53520393371582,
          "acoustic_entropy_side": 19.549074172973633,
          "hz": 1409.4668930556702
        },
        {
          "acoustic_entropy": 18.92923355102539,
          "acoustic_entropy_side": 19.08957862854004,
          "hz": 1596.2787759475705
        },
        {
          "acoustic_entropy": 19.085908889770508,
          "acoustic_entropy_side": 19.77628517150879,
          "hz": 1799.6344973346393
        },
        {
          "acoustic_entropy": 19.520875930786133,
          "acoustic_entropy_side": 19.59162712097168,
          "hz": 2020.9991599069049
        },
        {
          "acoustic_entropy": 19.520769119262695,
          "acoustic_entropy_side": 19.645444869995117,
          "hz": 2261.9676141086993
        },
        {
          "acoustic_entropy": 19.225107192993164,
          "acoustic_entropy_side": 18.800128936767578,
          "hz": 2524.2759484456974
        },
        {
          "acoustic_entropy": 19.842662811279297,
          "acoustic_entropy_side": 19.034313201904297,
          "hz": 2809.813997359896
        },
        {
          "acoustic_entropy": 18.987716674804688,
          "acoustic_entropy_side": 19.090879440307617,
          "hz": 3120.6389567871424
        },
        {
          "acoustic_entropy": 18.509885787963867,
