{
  "acoustic_entropy": 235.52976989746094,
  "bands": [
    {
      "high_freq": 148.1999969482422,
      "loudness": -24.14097023010254,
      "loudness_range": 9.16644287109375,
      "mid_mean": -20.489389419555664,
      "mid_to_side_loudness": -21.703609466552734,
      "mid_to_side_loudness_range": 12.648820877075195,
      "side_mean": -42.453651428222656
    },
    {
      "high_freq": 392.3793640136719,
      "loudness": -27.54815673828125,
      "loudness_range": 15.309799194335938,
      "low_freq": 148.1999969482422,
      "mid_mean": -24.15074348449707,
      "mid_to_side_loudness": -14.186792373657227,
      "mid_to_side_loudness_range": 17.323692321777344,
      "side_mean": -38.55793380737305
    },
    {
      "high_freq": 794.6976318359375,
      "loudness": -34.39845657348633,
      "loudness_range": 19.8500919342041,
      "low_freq": 392.3793640136719,
      "mid_mean": -32.04442596435547,
      "mid_to_side_loudness": -5.234920978546143,
      "mid_to_side_loudness_range": 9.7344388961792,
      "side_mean": -37.34703826904297
    },
    {
      "high_freq": 1457.5709228515625,
      "loudness": -30.210037231445312,
      "loudness_range": 20.710569381713867,
      "low_freq": 794.6976318359375,
      "mid_mean": -27.98375701904297,
      "mid_to_side_loudness": -5.179292678833008,
      "mid_to_side_loudness_range": 12.231019973754883,
      "side_mean": -33.1500358581543
    },
    {
      "high_freq": 2549.74365234375,
      "loudness": -26.618587493896484,
      "loudness_range": 23.518417358398438,
      "low_freq": 1457.5709228515625,
      "mid_mean": -24.38578224182129,
      "mid_to_side_loudness": -4.844313144683838,
      "mid_to_side_loudness_range": 10.398588180541992,
      "side_mean": -29.22021484375
    },
    {
      "high_freq": 4349.24462890625,
      "loudness": -28.98001480102539,
      "loudness_range": 18.353675842285156,
      "low_freq": 2549.74365234375,
      "mid_mean": -26.789155960083008,
      "mid_to_side_loudness": -4.631604194641113,
      "mid_to_side_loudness_range": 9.683696746826172,
      "side_mean": -31.461240768432617
    },
    {
      "high_freq": 7314.1640625,
      "loudness": -33.35679626464844,
      "loudness_range": 21.188711166381836,
      "low_freq": 4349.24462890625,
      "mid_mean": -30.93757438659668,
      "mid_to_side_loudness": -5.401054859161377,
      "mid_to_side_loudness_range": 9.208966255187988,
      "side_mean": -36.38942337036133
    },
    {
      "high_freq": 12199.2666015625,
      "loudness": -37.1277961730957,
      "loudness_range": 19.930768966674805,
      "low_freq": 7314.1640625,
      "mid_mean": -35.05508041381836,
      "mid_to_side_loudness": -3.8084471225738525,
      "mid_to_side_loudness_range": 6.587236404418945,
      "side_mean": -38.90412902832031
    },
    {
      "loudness": -41.52810287475586,
      "loudness_range": 21.044605255126953,
      "low_freq": 12199.2666015625,
      "mid_mean": -39.498905181884766,
      "mid_to_side_loudness": -3.546288251876831,
      "mid_to_side_loudness_range": 5.36088752746582,
      "side_mean": -43.02916717529297
    }
  ],
  "bands_short": [
    {
      "high_freq": 148.1999969482422,
      "loudness": -31.482006072998047,
      "loudness_range": 30.171876907348633,
      "mid_mean": -28.197052001953125,
      "mid_to_side_loudness": -19.811248779296875,
      "mid_to_side_loudness_range": 23.705730438232422,
      "side_mean": -48.7054443359375
    },
    {
      "high_freq": 392.3793640136719,
      "loudness": -27.86561393737793,
      "loudness_range": 23.03403091430664,
      "low_freq": 148.1999969482422,
      "mid_mean": -24.945226669311523,
      "mid_to_side_loudness": -12.605619430541992,
      "mid_to_side_loudness_range": 23.887914657592773,
      "side_mean": -38.1069221496582
    },
    {
      "high_freq": 794.6976318359375,
      "loudness": -35.0317268371582,
      "loudness_range": 21.73667335510254,
      "low_freq": 392.3793640136719,
      "mid_mean": -32.85710906982422,
      "mid_to_side_loudness": -5.359504699707031,
      "mid_to_side_loudness_range": 13.921247482299805,
      "side_mean": -38.147544860839844
    },
    {
      "high_freq": 1457.5709228515625,
      "loudness": -31.27710723876953,
      "loudness_range": 22.603883743286133,
      "low_freq": 794.6976318359375,
      "mid_mean": -29.629058837890625,
      "mid_to_side_loudness": -3.9582862854003906,
      "mid_to_side_loudness_range": 14.246419906616211,
      "side_mean": -33.73957061767578
    },
    {
      "high_freq": 2549.74365234375,
      "loudness": -27.106918334960938,
      "loudness_range": 23.47112274169922,
      "low_freq": 1457.5709228515625,
      "mid_mean": -25.472370147705078,
      "mid_to_side_loudness": -3.63120436668396,
      "mid_to_side_loudness_range": 13.83938980102539,
      "side_mean": -29.48013687133789
    },
    {
      "high_freq": 4349.24462890625,
      "loudness": -30.38075065612793,
      "loudness_range": 22.439119338989258,
      "low_freq": 2549.74365234375,
      "mid_mean": -28.747356414794922,
      "mid_to_side_loudness": -3.2291083335876465,
      "mid_to_side_loudness_range": 12.047743797302246,
      "side_mean": -32.170623779296875
    },
    {
      "high_freq": 7314.1640625,
      "loudness": -34.910762786865234,
      "loudness_range": 24.237838745117188,
      "low_freq": 4349.24462890625,
      "mid_mean": -32.99431610107422,
      "mid_to_side_loudness": -3.9167020320892334,
      "mid_to_side_loudness_range": 10.268306732177734,
      "side_mean": -37.18680953979492
    },
    {
      "high_freq": 12199.2666015625,
      "loudness": -39.79517364501953,
      "loudness_range": 31.84861183166504,
      "low_freq": 7314.1640625,
      "mid_mean": -38.44534683227539,
      "mid_to_side_loudness": -3.39349102973938,
      "mid_to_side_loudness_range": 7.550754070281982,
      "side_mean": -41.82162094116211
    },
    {
      "loudness": -44.34883117675781,
      "loudness_range": 28.852510452270508,
      "low_freq": 12199.2666015625,
      "mid_mean": -46.06256866455078,
      "mid_to_side_loudness": -3.040208578109741,
      "mid_to_side_loudness_range": 6.185732364654541,
      "side_mean": -50.16859817504883
    }
  ],
  "bandwidth": 739.4703369140625,
  "channels": 2,
  "covariance": [
    [
      11.888969421386719,
      8.340057373046875,
      7.304840087890625,
      4.532384395599365,
      3.3106470108032227,
      2.0992367267608643,
      4.138920783996582,
      4.912440299987793,
      2.7413597106933594,
      3.405348777770996,
      5.36213493347168,
      5.603540420532227,
      5.969583034515381,
      6.405219554901123,
      5.606400489807129,
      6.448125839233398,
      6.513967037200928,
      6.74497652053833
    ],
    [
      8.340057373046875,
      20.874906539916992,
      16.700977325439453,
      27.25341796875,
      17.6940975189209,
      21.465957641601562,
      13.172030448913574,
      19.47785186767578,
      12.619257926940918,
      16.757349014282227,
      14.804874420166016,
      19.310157775878906,
      14.935418128967285,
      19.89494514465332,
      16.630260467529297,
      20.177000045776367,
      14.602686882019043,
      17.303394317626953
    ],
    [
      7.304840087890625,
      16.700977325439453,
      30.56937599182129,
      37.70641326904297,
      28.712068557739258,
      31.886659622192383,
      20.550474166870117,
      30.15561866760254,
      23.2769775390625,
      28.9304256439209,
      24.448606491088867,
      31.367725372314453,
      25.393939971923828,
      33.55560302734375,
      30.338912963867188,
      36.89942169189453,
      27.865947723388672,
      32.89387893676758
    ],
    [
      4.532384395599365,
      27.25341796875,
      37.70641326904297,
      77.48444366455078,
      49.903709411621094,
      64.74960327148438,
      34.10470199584961,
      53.196773529052734,
      35.852413177490234,
      48.375240325927734,
      37.230079650878906,
      51.77909469604492,
      36.48952102661133,
      51.6723747253418,
      45.264095306396484,
      56.29664993286133,
      40.63493347167969,
      49.909732818603516
    ],
    [
      3.3106470108032227,
      17.6940975189209,
      28.712068557739258,
      49.903709411621094,
      47.00663375854492,
      49.79942321777344,
      24.338600158691406,
      34.673362731933594,
      23.46237564086914,
      28.4588623046875,
      31.199546813964844,
      37.672698974609375,
      37.05675506591797,
      44.782630920410156,
      37.45964813232422,
      44.0961799621582,
      31.372730255126953,
      37.722801208496094
    ],
    [
      2.0992367267608643,
      21.465957641601562,
      31.886659622192383,
      64.74960327148438,
      49.79942321777344,
      64.78498077392578,
      30.1497859954834,
      45.35588455200195,
      30.65610694885254,
      39.83018112182617,
      34.727745056152344,
      46.05368423461914,
      37.03469467163086,
      49.22063446044922,
      42.23894500732422,
      51.74958419799805,
      36.25176239013672,
      44.670005798339844
    ],
    [
      4.138920783996582,
      13.172030448913574,
      20.550474166870117,
      34.10470199584961,
      24.338600158691406,
      30.1497859954834,
      46.378658294677734,
      47.436859130859375,
      16.366565704345703,
      25.456111907958984,
      29.596160888671875,
      38.84377670288086,
      22.613740921020508,
      31.79425811767578,
      28.5548038482666,
      35.97142028808594,
      27.259098052978516,
      32.68191146850586
    ],
    [
      4.912440299987793,
      19.47785186767578,
      30.15561866760254,
      53.196773529052734,
      34.673362731933594,
      45.35588455200195,
      47.436859130859375,
      67.85628509521484,
      28.509958267211914,
      44.44605255126953,
      37.94748306274414,
      56.28502655029297,
      29.80711555480957,
      46.454795837402344,
      40.46921157836914,
      52.58541488647461,
      40.14252853393555,
      48.65955352783203
    ],
    [
      2.7413597106933594,
      12.619257926940918,
      23.2769775390625,
      35.852413177490234,
      23.46237564086914,
      30.65610694885254,
      16.366565704345703,
      28.509958267211914,
      57.079078674316406,
      57.313262939453125,
      22.260534286499023,
      31.455684661865234,
      17.225526809692383,
      26.955312728881836,
      26.778390884399414,
      35.974952697753906,
      23.759490966796875,
      30.29434585571289
    ],
    [
      3.405348777770996,
      16.757349014282227,
      28.9304256439209,
      48.375240325927734,
      28.4588623046875,
      39.83018112182617,
      25.456111907958984,
      44.44605255126953,
      57.313262939453125,
      71.29741668701172,
      27.270071029663086,
      43.8287467956543,
      18.962709426879883,
      35.1541862487793,
      34.118408203125,
      46.79094314575195,
      32.621578216552734,
      41.37165451049805
    ],
    [
      5.36213493347168,
      14.804874420166016,
      24.448606491088867,
      37.230079650878906,
      31.199546813964844,
      34.727745056152344,
      29.596160888671875,
      37.94748306274414,
      22.260534286499023,
      27.270071029663086,
      38.52973937988281,
      43.96308898925781,
      36.019351959228516,
      43.627960205078125,
      36.234283447265625,
      42.56523132324219,
      32.07353591918945,
      37.38935470581055
    ],
    [
      5.603540420532227,
      19.310157775878906,
      31.367725372314453,
      51.77909469604492,
      37.672698974609375,
      46.05368423461914,
      38.84377670288086,
      56.28502655029297,
      31.455684661865234,
      43.8287467956543,
      43.96308898925781,
      60.922786712646484,
      39.69563293457031,
      55.029624938964844,
      46.3651123046875,
      57.27912139892578,
      43.35587692260742,
      51.815372467041016
    ],
    [
      5.969583034515381,
      14.935418128967285,
      25.393939971923828,
      36.48952102661133,
      37.05675506591797,
      37.03469467163086,
      22.613740921020508,
      29.80711555480957,
      17.225526809692383,
      18.962709426879883,
      36.019351959228516,
      39.69563293457031,
      50.26494216918945,
      53.58917999267578,
      42.989994049072266,
      47.192466735839844,
      37.19047546386719,
      41.72895431518555
    ],
    [
      6.405219554901123,
      19.89494514465332,
      33.55560302734375,
      51.6723747253418,
      44.782630920410156,
      49.22063446044922,
      31.79425811767578,
      46.454795837402344,
      26.955312728881836,
      35.1541862487793,
      43.627960205078125,
      55.029624938964844,
      53.58917999267578,
      67.2660903930664,
      54.874534606933594,
      64.91584777832031,
      49.75417709350586,
      58.3309211730957
    ],
    [
      5.606400489807129,
      16.630260467529297,
      30.338912963867188,
      45.264095306396484,
      37.45964813232422,
      42.23894500732422,
      28.5548038482666,
      40.46921157836914,
      26.778390884399414,
      34.118408203125,
      36.234283447265625,
      46.3651123046875,
      42.989994049072266,
      54.874534606933594,
      51.1031608581543,
      60.98290252685547,
      47.87546920776367,
      56.22301483154297
    ],
    [
      6.448125839233398,
      20.177000045776367,
      36.89942169189453,
      56.29664993286133,
      44.0961799621582,
      51.74958419799805,
      35.97142028808594,
      52.58541488647461,
      35.974952697753906,
      46.79094314575195,
      42.56523132324219,
      57.27912139892578,
      47.192466735839844,
      64.91584777832031,
      60.98290252685547,
      77.24320983886719,
      57.916908264160156,
      70.14767456054688
    ],
    [
      6.513967037200928,
      14.602686882019043,
      27.865947723388672,
      40.63493347167969,
      31.372730255126953,
      36.25176239013672,
      27.259098052978516,
      40.14252853393555,
      23.759490966796875,
      32.621578216552734,
      32.07353591918945,
      43.35587692260742,
      37.19047546386719,
      49.75417709350586,
      47.87546920776367,
      57.916908264160156,
      51.44032287597656,
      58.57733917236328
    ],
    [
      6.74497652053833,
      17.303394317626953,
      32.89387893676758,
      49.909732818603516,
      37.722801208496094,
      44.670005798339844,
      32.68191146850586,
      48.65955352783203,
      30.29434585571289,
      41.37165451049805,
      37.38935470581055,
      51.815372467041016,
      41.72895431518555,
      58.3309211730957,
      56.22301483154297,
      70.14767456054688,
      58.57733917236328,
      69.58834075927734
    ]
  ],
  "covariance_short": [
    [
      109.97164916992188,
      56.686614990234375,
      58.24070739746094,
      12.522019386291504,
      11.442225456237793,
      2.7015204429626465,
      12.723604202270508,
      7.65822696685791,
      9.712997436523438,
      4.311685085296631,
      15.609890937805176,
      10.827840805053711,
      21.2150821685791,
      17.918094635009766,
      25.649648666381836,
      23.40677261352539,
      40.47120666503906,
      40.35594940185547
    ],
    [
      56.686614990234375,
      66.74786376953125,
      40.913116455078125,
      34.200599670410156,
      23.17782974243164,
      24.927030563354492,
      20.752790451049805,
      22.520544052124023,
      15.255743980407715,
      16.889284133911133,
      24.95369529724121,
      24.776639938354492,
      26.935537338256836,
      27.365901947021484,
      31.657148361206055,
      31.664451599121094,
      41.94850540161133,
      46.177337646484375
    ],
    [
      58.24070739746094,
      40.913116455078125,
      69.43390655517578,
      34.2546272277832,
      30.019804000854492,
      25.184280395507812,
      20.635854721069336,
      21.4766788482666,
      22.552711486816406,
      21.37943458557129,
      27.76007843017578,
      24.2121524810791,
      31.216873168945312,
      29.03992462158203,
      37.70463180541992,
      35.939796447753906,
      45.744178771972656,
      44.747554779052734
    ],
    [
      12.522019386291504,
      34.200599670410156,
      34.2546272277832,
      73.37806701660156,
      50.56239318847656,
      63.397029876708984,
      35.651458740234375,
      46.759857177734375,
      29.708486557006836,
      38.09691619873047,
      41.15070343017578,
      45.70848083496094,
      39.47651672363281,
      43.778160095214844,
      50.01931381225586,
      54.03497314453125,
      56.404510498046875,
      61.34479522705078
    ],
    [
      11.442225456237793,
      23.17782974243164,
      30.019804000854492,
      50.56239318847656,
      62.28950881958008,
      58.435916900634766,
      32.65065383911133,
      36.831298828125,
      28.316530227661133,
      29.976173400878906,
      39.97709274291992,
      39.26133728027344,
      42.300968170166016,
      43.05290985107422,
      48.1353874206543,
      50.003746032714844,
      52.863197326660156,
      57.03845977783203
    ],
    [
      2.7015204429626465,
      24.927030563354492,
      25.184280395507812,
      63.397029876708984,
      58.435916900634766,
      83.09123992919922,
      37.537357330322266,
      47.988243103027344,
      32.86652755737305,
      40.68015670776367,
      42.86414337158203,
      47.478336334228516,
      42.98497009277344,
      46.921260833740234,
      53.08777618408203,
      57.27255630493164,
      56.84052658081055,
      62.87324905395508
    ],
    [
      12.723604202270508,
      20.752790451049805,
      20.635854721069336,
      35.651458740234375,
      32.65065383911133,
      37.537357330322266,
      66.14949035644531,
      53.841064453125,
      26.741809844970703,
      30.148786544799805,
      47.79859924316406,
      47.66185760498047,
      40.66155242919922,
      43.92857360839844,
      45.21361541748047,
      51.35033416748047,
      48.59477233886719,
      56.104164123535156
    ],
    [
      7.65822696685791,
      22.520544052124023,
      21.4766788482666,
      46.759857177734375,
      36.831298828125,
      47.988243103027344,
      53.841064453125,
      72.46448516845703,
      29.93794059753418,
      41.071083068847656,
      48.26454544067383,
      57.30037307739258,
      40.80046463012695,
      49.697357177734375,
      51.65351486206055,
      61.051780700683594,
      56.19174575805664,
      64.67105865478516
    ],
    [
      9.712997436523438,
      15.255743980407715,
      22.552711486816406,
      29.708486557006836,
      28.316530227661133,
      32.86652755737305,
      26.741809844970703,
      29.93794059753418,
      75.563720703125,
      58.937782287597656,
      38.38185501098633,
      35.73322296142578,
      33.328460693359375,
      30.115280151367188,
      39.64409637451172,
      43.1685905456543,
      43.72352981567383,
      47.68665313720703
    ],
    [
      4.311685085296631,
      16.889284133911133,
      21.37943458557129,
      38.09691619873047,
      29.976173400878906,
      40.68015670776367,
      30.148786544799805,
      41.071083068847656,
      58.937782287597656,
      74.40303802490234,
      37.355865478515625,
      43.815128326416016,
      30.675748825073242,
      33.807838439941406,
      45.3184700012207,
      51.26456069946289,
      46.99596405029297,
      52.36711120605469
    ],
    [
      15.609890937805176,
      24.95369529724121,
      27.76007843017578,
      41.15070343017578,
      39.97709274291992,
      42.86414337158203,
      47.79859924316406,
      48.26454544067383,
      38.38185501098633,
      37.355865478515625,
      69.80415344238281,
      59.180538177490234,
      58.060184478759766,
      55.9615478515625,
      60.74729919433594,
      62.95315170288086,
      66.95637512207031,
      74.14276885986328
    ],
    [
      10.827840805053711,
      24.776639938354492,
      24.2121524810791,
      45.70848083496094,
      39.26133728027344,
      47.478336334228516,
      47.66185760498047,
      57.30037307739258,
      35.73322296142578,
      43.815128326416016,
      59.180538177490234,
      69.65531158447266,
      51.86286544799805,
      58.4253044128418,
      59.84747314453125,
      66.39666748046875,
      65.24749755859375,
      74.56694793701172
    ],
    [
      21.2150821685791,
      26.935537338256836,
      31.216873168945312,
      39.47651672363281,
      42.300968170166016,
      42.98497009277344,
      40.66155242919922,
      40.80046463012695,
      33.328460693359375,
      30.675748825073242,
      58.060184478759766,
      51.86286544799805,
      76.35064697265625,
      65.3218765258789,
      74.48548126220703,
      73.13675689697266,
      81.02066040039062,
      84.13176727294922
    ],
    [
      17.918094635009766,
      27.365901947021484,
      29.03992462158203,
      43.778160095214844,
      43.05290985107422,
      46.921260833740234,
      43.92857360839844,
      49.697357177734375,
      30.115280151367188,
      33.807838439941406,
      55.9615478515625,
      58.4253044128418,
      65.3218765258789,
      75.36235046386719,
      71.81671905517578,
      77.01641845703125,
      79.26093292236328,
      87.76538848876953
    ],
    [
      25.649648666381836,
      31.657148361206055,
      37.70463180541992,
      50.01931381225586,
      48.1353874206543,
      53.08777618408203,
      45.21361541748047,
      51.65351486206055,
      39.64409637451172,
      45.3184700012207,
      60.74729919433594,
      59.84747314453125,
      74.48548126220703,
      71.81671905517578,
      115.3240737915039,
      108.57166290283203,
      116.92391204833984,
      116.60685729980469
    ],
    [
      23.40677261352539,
      31.664451599121094,
      35.939796447753906,
      54.03497314453125,
      50.003746032714844,
      57.27255630493164,
      51.35033416748047,
      61.051780700683594,
      43.1685905456543,
      51.26456069946289,
      62.95315170288086,
      66.39666748046875,
      73.13675689697266,
      77.01641845703125,
      108.57166290283203,
      123.57389831542969,
      114.81961822509766,
      121.71127319335938
    ],
    [
      40.47120666503906,
      41.94850540161133,
      45.744178771972656,
      56.404510498046875,
      52.863197326660156,
      56.84052658081055,
      48.59477233886719,
      56.19174575805664,
      43.72352981567383,
      46.99596405029297,
      66.95637512207031,
      65.24749755859375,
      81.02066040039062,
      79.26093292236328,
      116.92391204833984,
      114.81961822509766,
      146.57147216796875,
      141.69400024414062
    ],
    [
      40.35594940185547,
      46.177337646484375,
      44.747554779052734,
      61.34479522705078,
      57.03845977783203,
      62.87324905395508,
      56.104164123535156,
      64.67105865478516,
      47.68665313720703,
      52.36711120605469,
      74.14276885986328,
      74.56694793701172,
      84.13176727294922,
      87.76538848876953,
      116.60685729980469,
      121.71127319335938,
      141.69400024414062,
      156.77601623535156
    ]
  ],
  "damage": -9.547431945800781,
  "diff_bandwidth": 685.27978515625,
  "dissonance": 9.087580536488245,
  "drr": 12.936588287353516,
  "dynamics": 3.8707218170166016,
  "format": 1245190,
  "frames": 9622464,
  "loudness": -14.494416236877441,
  "loudness_range": 9.869019508361816,
  "loudness_range_short": 15.661438941955566,
  "lowpass_true_peak_15khz": 0.3896803855895996,
  "mastering3_acoustic_entropies": [
    {
      "acoustic_entropy": 9.742103576660156,
      "acoustic_entropy_mono": 9.818360328674316,
      "band_eliminated_acoustic_entropies": [
        {
          "acoustic_entropy": 9.621430397033691,
          "acoustic_entropy_side": 9.742047309875488,
          "hz": 129.47220167065723
        },
        {
          "acoustic_entropy": 9.125194549560547,
          "acoustic_entropy_side": 9.743837356567383,
          "hz": 202.92927478742237
        },
        {
          "acoustic_entropy": 9.923028945922852,
          "acoustic_entropy_side": 9.755579948425293,
          "hz": 282.89161906338205
        },
        {
          "acoustic_entropy": 9.795661926269531,
          "acoustic_entropy_side": 9.755127906799316,
          "hz": 369.9353335868758
        },
        {
          "acoustic_entropy": 9.8031005859375,
          "acoustic_entropy_side": 9.75862979888916,
          "hz": 464.6875360973435
        },
        {
          "acoustic_entropy": 9.878291130065918,
          "acoustic_entropy_side": 9.753159523010254,
          "hz": 567.8308811364784
        },
        {
          "acoustic_entropy": 9.846450805664062,
          "acoustic_entropy_side": 9.838912963867188,
          "hz": 680.1084783214808
        },
        {
          "acoustic_entropy": 9.933186531066895,
          "acoustic_entropy_side": 9.82449722290039,
          "hz": 802.3292461747484
        },
        {
          "acoustic_entropy": 9.898490905761719,
          "acoustic_entropy_side": 9.781896591186523,
          "hz": 935.3737400823702
        },
        {
          "acoustic_entropy": 10.236065864562988,
          "acoustic_entropy_side": 10.243902206420898,
          "hz": 1080.2004963696966
        },
        {
          "acoustic_entropy": 9.862353324890137,
          "acoustic_entropy_side": 9.475418090820312,
          "hz": 1237.8529382007157
        },
        {
          "acoustic_entropy": 9.35383415222168,
          "acoustic_entropy_side": 10.046722412109375,
          "hz": 1409.4668930556702
        },
        {
          "acoustic_entropy": 9.93852710723877,
          "acoustic_entropy_side": 9.833734512329102,
          "hz": 1596.2787759475705
        },
        {
          "acoustic_entropy": 9.377215385437012,
          "acoustic_entropy_side": 9.550296783447266,
          "hz": 1799.6344973346393
        },
        {
          "acoustic_entropy": 8.873454093933105,
          "acoustic_entropy_side": 9.063749313354492,
          "hz": 2020.9991599069049
        },
        {
          "acoustic_entropy": 9.629416465759277,
          "acoustic_entropy_side": 10.200945854187012,
          "hz": 2261.9676141086993
        },
        {
          "acoustic_entropy": 8.534809112548828,
          "acoustic_entropy_side": 9.536377906799316,
          "hz": 2524.2759484456974
        },
        {
          "acoustic_entropy": 9.146174430847168,
          "acoustic_entropy_side": 10.12704849243164,
          "hz": 2809.813997359896
        },
        {
          "acoustic_entropy": 9.748032569885254,
          "acoustic_entropy_side": 9.269977569580078,
          "hz": 3120.6389567871424
        },
        {
          "acoustic_entropy": 9.584379196166992,
          "acoustic_entropy_side": 9.671570777893066,
          "hz": 3458.990205492291
        },
        {
          "acoustic_entropy": 9.915409088134766,
          "acoustic_entropy_side": 9.87769889831543,
          "hz": 3827.305438964164
        },
        {
          "acoustic_entropy": 9.838400840759277,
          "acoustic_entropy_side": 9.938692092895508,
          "hz": 4228.238232109126
        },
        {
          "acoustic_entropy": 9.771082878112793,
          "acoustic_entropy_side": 9.809700965881348,
          "hz": 4664.6771572759235
        },
        {
          "acoustic_entropy": 9.592775344848633,
          "acoustic_entropy_side": 9.735651016235352,
          "hz": 5139.766595350093
        },
        {
          "acoustic_entropy": 9.595766067504883,
          "acoustic_entropy_side": 9.764046669006348,
          "hz": 5656.929389854203
        },
        {
          "acoustic_entropy": 9.643478393554688,
          "acoustic_entropy_side": 9.782132148742676,
          "hz": 6219.891507268283
        },
        {
          "acoustic_entropy": 9.696046829223633,
          "acoustic_entropy_side": 9.745824813842773,
          "hz": 6832.70888123896
        },
        {
          "acoustic_entropy": 9.743041038513184,
          "acoustic_entropy_side": 9.746243476867676,
          "hz": 7499.796634079867
        },
        {
          "acoustic_entropy": 9.683927536010742,
          "acoustic_entropy_side": 9.724353790283203,
          "hz": 8225.96088609342
        },
        {
          "acoustic_entropy": 9.71900749206543,
          "acoustic_entropy_side": 9.741397857666016,
          "hz": 9016.43338188839
        },
        {
          "acoustic_entropy": 9.666666030883789,
          "acoustic_entropy_side": 9.72271728515625,
          "hz": 9876.909183162974
        },
        {
          "acoustic_entropy": 9.726585388183594,
          "acoustic_entropy_side": 9.772851943969727,
          "hz": 10813.587699516042
        },
        {
          "acoustic_entropy": 9.521171569824219,
          "acoustic_entropy_side": 9.644987106323242,
          "hz": 11833.21735289826
        },
        {
          "acoustic_entropy": 9.756442070007324,
          "acoustic_entropy_side": 9.757638931274414,
          "hz": 12943.144197493959
        },
        {
          "acoustic_entropy": 9.6251859664917,
          "acoustic_entropy_side": 9.678462028503418,
          "hz": 14151.364845322005
        },
        {
          "acoustic_entropy": 9.693561553955078,
          "acoustic_entropy_side": 9.684565544128418,
          "hz": 15466.58407886509
        },
        {
          "acoustic_entropy": 9.726703643798828,
          "acoustic_entropy_side": 9.719690322875977,
          "hz": 16898.27756580493
        },
        {
          "acoustic_entropy": 9.671756744384766,
          "acoustic_entropy_side": 9.69404411315918,
          "hz": 18456.760127700032
        },
        {
          "acoustic_entropy": 9.695027351379395,
          "acoustic_entropy_side": 9.734734535217285,
          "hz": 20153.260054456492
        },
        {
          "acoustic_entropy": 9.733155250549316,
          "acoustic_entropy_side": 9.739917755126953,
          "hz": 22000.00000000001
        }
      ],
      "diff_acoustic_entropy": 7.348071575164795,
      "sn": 6
    },
    {
      "acoustic_entropy": 14.98151969909668,
      "acoustic_entropy_mono": 14.440961837768555,
      "band_eliminated_acoustic_entropies": [
        {
          "acoustic_entropy": 14.33870792388916,
          "acoustic_entropy_side": 14.981184959411621,
          "hz": 129.47220167065723
        },
        {
          "acoustic_entropy": 13.866456031799316,
          "acoustic_entropy_side": 14.965250015258789,
          "hz": 202.92927478742237
        },
        {
          "acoustic_entropy": 14.124053001403809,
          "acoustic_entropy_side": 14.975595474243164,
          "hz": 282.89161906338205
        },
        {
          "acoustic_entropy": 14.857022285461426,
          "acoustic_entropy_side": 14.982720375061035,
          "hz": 369.9353335868758
        },
        {
          "acoustic_entropy": 15.284601211547852,
          "acoustic_entropy_side": 15.08517837524414,
          "hz": 464.6875360973435
        },
        {
          "acoustic_entropy": 14.933106422424316,
          "acoustic_entropy_side": 14.883076667785645,
          "hz": 567.8308811364784
        },
        {
          "acoustic_entropy": 14.755911827087402,
          "acoustic_entropy_side": 14.899789810180664,
          "hz": 680.1084783214808
        },
        {
          "acoustic_entropy": 14.791741371154785,
          "acoustic_entropy_side": 14.90686321258545,
          "hz": 802.3292461747484
        },
        {
          "acoustic_entropy": 15.434608459472656,
          "acoustic_entropy_side": 14.767996788024902,
          "hz": 935.3737400823702
        },
        {
          "acoustic_entropy": 14.819058418273926,
          "acoustic_entropy_side": 15.450390815734863,
          "hz": 1080.2004963696966
        },
        {
          "acoustic_entropy": 14.887014389038086,
          "acoustic_entropy_side": 14.7066068649292,
          "hz": 1237.8529382007157
        },
        {
          "acoustic_entropy": 14.333280563354492,
          "acoustic_entropy_side": 14.156237602233887,
          "hz": 1409.4668930556702
        },
        {
          "acoustic_entropy": 14.965548515319824,
          "acoustic_entropy_side": 15.156807899475098,
          "hz": 1596.2787759475705
        },
        {
          "acoustic_entropy": 15.563284873962402,
          "acoustic_entropy_side": 14.402161598205566,
          "hz": 1799.6344973346393
        },
        {
          "acoustic_entropy": 14.569499015808105,
          "acoustic_entropy_side": 14.688642501831055,
          "hz": 2020.9991599069049
        },
        {
          "acoustic_entropy": 15.038858413696289,
          "acoustic_entropy_side": 14.899742126464844,
          "hz": 2261.9676141086993
        },
        {
          "acoustic_entropy": 15.109254837036133,
          "acoustic_entropy_side": 14.443093299865723,
          "hz": 2524.2759484456974
        },
        {
          "acoustic_entropy": 14.134171485900879,
          "acoustic_entropy_side": 14.313152313232422,
          "hz": 2809.813997359896
        },
        {
          "acoustic_entropy": 14.762312889099121,
          "acoustic_entropy_side": 14.944866180419922,
          "hz": 3120.6389567871424
        },
        {
          "acoustic_entropy": 14.239706993103027,
          "acoustic_entropy_side": 14.751497268676758,
          "hz": 3458.990205492291
        },
        {
          "acoustic_entropy": 14.526663780212402,
          "acoustic_entropy_side": 14.721440315246582,
          "hz": 3827.305438964164
        },
        {
          "acoustic_entropy": 15.454812049865723,
          "acoustic_entropy_side": 15.232925415039062,
          "hz": 4228.238232109126
        },
        {
          "acoustic_entropy": 14.977005958557129,
          "acoustic_entropy_side": 15.04920768737793,
          "hz": 4664.6771572759235
        },
        {
          "acoustic_entropy": 14.894793510437012,
          "acoustic_entropy_side": 15.09226131439209,
          "hz": 5139.766595350093
        },
        {
          "acoustic_entropy": 14.990090370178223,
          "acoustic_entropy_side": 14.968205451965332,
          "hz": 5656.929389854203
        },
        {
          "acoustic_entropy": 15.078709602355957,
          "acoustic_entropy_side": 15.002610206604004,
          "hz": 6219.891507268283
        },
        {
          "acoustic_entropy": 15.017449378967285,
          "acoustic_entropy_side": 14.932997703552246,
          "hz": 6832.70888123896
        },
        {
          "acoustic_entropy": 15.053766250610352,
          "acoustic_entropy_side": 15.051456451416016,
          "hz": 7499.796634079867
        },
        {
          "acoustic_entropy": 14.754342079162598,
          "acoustic_entropy_side": 14.900798797607422,
          "hz": 8225.96088609342
        },
        {
          "acoustic_entropy": 14.486299514770508,
          "acoustic_entropy_side": 14.896267890930176,
          "hz": 9016.43338188839
        },
        {
          "acoustic_entropy": 14.80471134185791,
          "acoustic_entropy_side": 14.985343933105469,
          "hz": 9876.909183162974
        },
        {
          "acoustic_entropy": 14.837210655212402,
          "acoustic_entropy_side": 14.777168273925781,
          "hz": 10813.587699516042
        },
        {
          "acoustic_entropy": 14.874960899353027,
          "acoustic_entropy_side": 14.54850959777832,
          "hz": 11833.21735289826
        },
        {
          "acoustic_entropy": 14.3229398727417,
          "acoustic_entropy_side": 14.39025592803955,
          "hz": 12943.144197493959
        },
        {
          "acoustic_entropy": 15.020939826965332,
          "acoustic_entropy_side": 14.97516918182373,
          "hz": 14151.364845322005
        },
        {
          "acoustic_entropy": 14.250386238098145,
          "acoustic_entropy_side": 14.933570861816406,
          "hz": 15466.58407886509
        },
        {
          "acoustic_entropy": 14.135448455810547,
          "acoustic_entropy_side": 14.858471870422363,
          "hz": 16898.27756580493
        },
        {
          "acoustic_entropy": 14.865690231323242,
          "acoustic_entropy_side": 15.00544261932373,
          "hz": 18456.760127700032
        },
        {
          "acoustic_entropy": 15.00460433959961,
          "acoustic_entropy_side": 14.95424747467041,
          "hz": 20153.260054456492
        },
        {
          "acoustic_entropy": 14.956266403198242,
          "acoustic_entropy_side": 14.982039451599121,
          "hz": 22000.00000000001
        }
      ],
      "diff_acoustic_entropy": 12.26008129119873,
      "sn": 12
    },
    {
      "acoustic_entropy": 22.270084381103516,
      "acoustic_entropy_mono": 19.62213706970215,
      "band_eliminated_acoustic_entropies": [
        {
          "acoustic_entropy": 22.527555465698242,
          "acoustic_entropy_side": 22.274036407470703,
          "hz": 129.47220167065723
        },
        {
          "acoustic_entropy": 22.890363693237305,
          "acoustic_entropy_side": 22.344242095947266,
          "hz": 202.92927478742237
        },
        {
          "acoustic_entropy": 22.897449493408203,
          "acoustic_entropy_side": 22.833131790161133,
          "hz": 282.89161906338205
        },
        {
          "acoustic_entropy": 22.158987045288086,
          "acoustic_entropy_side": 22.087718963623047,
          "hz": 369.9353335868758
        },
        {
          "acoustic_entropy": 22.223905563354492,
          "acoustic_entropy_side": 22.203968048095703,
          "hz": 464.6875360973435
        },
        {
          "acoustic_entropy": 22.253887176513672,
          "acoustic_entropy_side": 22.446996688842773,
          "hz": 567.8308811364784
        },
        {
          "acoustic_entropy": 22.684146881103516,
          "acoustic_entropy_side": 22.360158920288086,
          "hz": 680.1084783214808
        },
        {
          "acoustic_entropy": 22.03831672668457,
          "acoustic_entropy_side": 22.429658889770508,
          "hz": 802.3292461747484
        },
        {
          "acoustic_entropy": 21.85283851623535,
          "acoustic_entropy_side": 22.514257431030273,
          "hz": 935.3737400823702
        },
        {
          "acoustic_entropy": 21.883474349975586,
          "acoustic_entropy_side": 22.451704025268555,
          "hz": 1080.2004963696966
        },
        {
          "acoustic_entropy": 23.035633087158203,
          "acoustic_entropy_side": 22.715110778808594,
          "hz": 1237.8529382007157
        },
        {
          "acoustic_entropy": 21.707443237304688,
          "acoustic_entropy_side": 22.040756225585938,
          "hz": 1409.4668930556702
        },
        {
          "acoustic_entropy": 20.956939697265625,
          "acoustic_entropy_side": 21.75067901611328,
          "hz": 1596.2787759475705
        },
        {
          "acoustic_entropy": 22.426729202270508,
          "acoustic_entropy_side": 22.558094024658203,
          "hz": 1799.6344973346393
        },
        {
          "acoustic_entropy": 20.862993240356445,
          "acoustic_entropy_side": 21.9598445892334,
          "hz": 2020.9991599069049
        },
        {
          "acoustic_entropy": 22.2940731048584,
          "acoustic_entropy_side": 22.306196212768555,
          "hz": 2261.9676141086993
        },
        {
          "acoustic_entropy": 21.58016586303711,
          "acoustic_entropy_side": 22.35304832458496,
          "hz": 2524.2759484456974
        },
        {
          "acoustic_entropy": 21.732528686523438,
          "acoustic_entropy_side": 21.378747940063477,
          "hz": 2809.813997359896
        },
        {
          "acoustic_entropy": 21.258115768432617,
          "acoustic_entropy_side": 21.708572387695312,
          "hz": 3120.6389567871424
        },
        {
