{
  "acoustic_entropy": 172.4703369140625,
  "bands": [
    {
      "high_freq": 148.1999969482422,
      "loudness": -52.84477615356445,
      "loudness_range": 31.735836029052734,
      "mid_mean": -50.50690841674805,
      "mid_to_side_loudness": -11.251155853271484,
      "mid_to_side_loudness_range": 18.650890350341797,
      "side_mean": -59.474853515625
    },
    {
      "high_freq": 392.3793640136719,
      "loudness": -42.38846969604492,
      "loudness_range": 27.206321716308594,
      "low_freq": 148.1999969482422,
      "mid_mean": -40.62981414794922,
      "mid_to_side_loudness": -10.709227561950684,
      "mid_to_side_loudness_range": 17.668212890625,
      "side_mean": -52.746437072753906
    },
    {
      "high_freq": 794.6976318359375,
      "loudness": -41.2913932800293,
      "loudness_range": 28.812379837036133,
      "low_freq": 392.3793640136719,
      "mid_mean": -38.886009216308594,
      "mid_to_side_loudness": -8.573448181152344,
      "mid_to_side_loudness_range": 18.47319221496582,
      "side_mean": -49.580135345458984
    },
    {
      "high_freq": 1457.5709228515625,
      "loudness": -40.91962432861328,
      "loudness_range": 27.418916702270508,
      "low_freq": 794.6976318359375,
      "mid_mean": -38.33933639526367,
      "mid_to_side_loudness": -8.557474136352539,
      "mid_to_side_loudness_range": 16.10834503173828,
      "side_mean": -48.55402755737305
    },
    {
      "high_freq": 2549.74365234375,
      "loudness": -40.50230026245117,
      "loudness_range": 30.612945556640625,
      "low_freq": 1457.5709228515625,
      "mid_mean": -38.315513610839844,
      "mid_to_side_loudness": -7.598220348358154,
      "mid_to_side_loudness_range": 15.403273582458496,
      "side_mean": -46.959686279296875
    },
    {
      "high_freq": 4349.24462890625,
      "loudness": -45.81199264526367,
      "loudness_range": 35.202232360839844,
      "low_freq": 2549.74365234375,
      "mid_mean": -45.82826232910156,
      "mid_to_side_loudness": -8.406317710876465,
      "mid_to_side_loudness_range": 14.678116798400879,
      "side_mean": -54.96316146850586
    },
    {
      "high_freq": 7314.1640625,
      "loudness": -54.70077896118164,
      "loudness_range": 37.77882766723633,
      "low_freq": 4349.24462890625,
      "mid_mean": -54.45374298095703,
      "mid_to_side_loudness": -7.779554843902588,
      "mid_to_side_loudness_range": 13.90026569366455,
      "side_mean": -60.63203430175781
    },
    {
      "high_freq": 12199.2666015625,
      "loudness": -64.71388244628906,
      "loudness_range": 31.040973663330078,
      "low_freq": 7314.1640625,
      "mid_mean": -60.48271560668945,
      "mid_to_side_loudness": -6.403480052947998,
      "mid_to_side_loudness_range": 11.992816925048828,
      "side_mean": -65.12335205078125
    },
    {
      "loudness": -68.79158020019531,
      "loudness_range": 18.59149932861328,
      "low_freq": 12199.2666015625,
      "mid_mean": -64.47782897949219,
      "mid_to_side_loudness": -3.8183562755584717,
      "mid_to_side_loudness_range": 7.181055068969727,
      "side_mean": -66.97639465332031
    }
  ],
  "bands_short": [
    {
      "high_freq": 148.1999969482422,
      "loudness": -57.689022064208984,
      "loudness_range": 31.621318817138672,
      "mid_mean": -54.818885803222656,
      "mid_to_side_loudness": -11.69372272491455,
      "mid_to_side_loudness_range": 19.898880004882812,
      "side_mean": -63.02455139160156
    },
    {
      "high_freq": 392.3793640136719,
      "loudness": -42.833518981933594,
      "loudness_range": 29.54673957824707,
      "low_freq": 148.1999969482422,
      "mid_mean": -41.13648223876953,
      "mid_to_side_loudness": -10.88610553741455,
      "mid_to_side_loudness_range": 19.359966278076172,
      "side_mean": -52.85268783569336
    },
    {
      "high_freq": 794.6976318359375,
      "loudness": -42.07465744018555,
      "loudness_range": 28.916406631469727,
      "low_freq": 392.3793640136719,
      "mid_mean": -39.8866081237793,
      "mid_to_side_loudness": -8.019486427307129,
      "mid_to_side_loudness_range": 20.51706314086914,
      "side_mean": -50.296791076660156
    },
    {
      "high_freq": 1457.5709228515625,
      "loudness": -41.63380432128906,
      "loudness_range": 28.148475646972656,
      "low_freq": 794.6976318359375,
      "mid_mean": -39.31463623046875,
      "mid_to_side_loudness": -8.155426025390625,
      "mid_to_side_loudness_range": 17.013208389282227,
      "side_mean": -50.00537109375
    },
    {
      "high_freq": 2549.74365234375,
      "loudness": -41.19295883178711,
      "loudness_range": 30.54167938232422,
      "low_freq": 1457.5709228515625,
      "mid_mean": -39.19187545776367,
      "mid_to_side_loudness": -7.123642444610596,
      "mid_to_side_loudness_range": 16.106929779052734,
      "side_mean": -47.532859802246094
    },
    {
      "high_freq": 4349.24462890625,
      "loudness": -47.1259651184082,
      "loudness_range": 36.18915557861328,
      "low_freq": 2549.74365234375,
      "mid_mean": -47.55794906616211,
      "mid_to_side_loudness": -7.7645673751831055,
      "mid_to_side_loudness_range": 14.935826301574707,
      "side_mean": -55.4713249206543
    },
    {
      "high_freq": 7314.1640625,
      "loudness": -56.83627700805664,
      "loudness_range": 37.143699645996094,
      "low_freq": 4349.24462890625,
      "mid_mean": -55.714237213134766,
      "mid_to_side_loudness": -7.178643703460693,
      "mid_to_side_loudness_range": 13.874825477600098,
      "side_mean": -61.18796920776367
    },
    {
      "high_freq": 12199.2666015625,
      "loudness": -65.80951690673828,
      "loudness_range": 28.697509765625,
      "low_freq": 7314.1640625,
      "mid_mean": -61.512535095214844,
      "mid_to_side_loudness": -5.932229995727539,
      "mid_to_side_loudness_range": 11.143418312072754,
      "side_mean": -65.60999298095703
    },
    {
      "loudness": -69.22836303710938,
      "loudness_range": 14.831371307373047,
      "low_freq": 12199.2666015625,
      "mid_mean": -64.8726806640625,
      "mid_to_side_loudness": -3.580422878265381,
      "mid_to_side_loudness_range": 7.087376594543457,
      "side_mean": -67.16304016113281
    }
  ],
  "bandwidth": 1012.314697265625,
  "channels": 2,
  "covariance": [
    [
      120.36585235595703,
      85.89714813232422,
      59.584102630615234,
      63.05730056762695,
      47.788089752197266,
      56.8731803894043,
      36.54130172729492,
      47.44865417480469,
      32.52312469482422,
      36.68952560424805,
      56.60438919067383,
      64.63691711425781,
      53.47992706298828,
      41.27542495727539,
      29.93555450439453,
      18.206602096557617,
      20.40403938293457,
      9.534433364868164
    ],
    [
      85.89714813232422,
      85.47532653808594,
      50.53322982788086,
      67.31916809082031,
      33.24051284790039,
      49.990196228027344,
      29.752742767333984,
      45.929080963134766,
      25.578899383544922,
      37.47176742553711,
      38.34609603881836,
      45.99345779418945,
      33.73917007446289,
      25.541269302368164,
      17.917613983154297,
      11.39384651184082,
      11.804978370666504,
      7.477569103240967
    ],
    [
      59.584102630615234,
      50.53322982788086,
      113.0634765625,
      76.7659912109375,
      59.76156997680664,
      41.717567443847656,
      27.602785110473633,
      23.479537963867188,
      25.25105094909668,
      17.854690551757812,
      45.635807037353516,
      28.48225975036621,
      47.39358901977539,
      21.381196975708008,
      29.72199058532715,
      10.928133010864258,
      12.890037536621094,
      3.968937635421753
    ],
    [
      63.05730056762695,
      67.31916809082031,
      76.7659912109375,
      102.11083984375,
      38.7758674621582,
      59.48735046386719,
      28.432958602905273,
      40.70415496826172,
      24.110727310180664,
      33.989707946777344,
      36.18885040283203,
      41.72953796386719,
      42.49658203125,
      21.413936614990234,
      24.772584915161133,
      10.7831392288208,
      11.862645149230957,
      6.290824890136719
    ],
    [
      47.788089752197266,
      33.24051284790039,
      59.76156997680664,
      38.7758674621582,
      108.75897216796875,
      71.13634490966797,
      55.44085693359375,
      47.640220642089844,
      53.76262283325195,
      43.76968002319336,
      80.98857116699219,
      62.92750930786133,
      82.0236587524414,
      55.06882095336914,
      49.182437896728516,
      27.43603515625,
      21.06281089782715,
      8.386224746704102
    ],
    [
      56.8731803894043,
      49.990196228027344,
      41.717567443847656,
      59.48735046386719,
      71.13634490966797,
      100.5995864868164,
      45.500640869140625,
      68.70365142822266,
      44.03495788574219,
      59.0002326965332,
      67.69831848144531,
      75.6895751953125,
      73.4470443725586,
      55.685874938964844,
      40.0480842590332,
      25.023256301879883,
      18.29442596435547,
      9.832596778869629
    ],
    [
      36.54130172729492,
      29.752742767333984,
      27.602785110473633,
      28.432958602905273,
      55.44085693359375,
      45.500640869140625,
      93.43428039550781,
      73.59679412841797,
      71.88037872314453,
      61.92901611328125,
      85.19517517089844,
      70.42430877685547,
      74.6551284790039,
      55.2469482421875,
      49.992191314697266,
      30.934324264526367,
      26.942298889160156,
      11.207301139831543
    ],
    [
      47.44865417480469,
      45.929080963134766,
      23.479537963867188,
      40.70415496826172,
      47.640220642089844,
      68.70365142822266,
      73.59679412841797,
      104.1615219116211,
      63.5312385559082,
      83.34098052978516,
      76.74761962890625,
      80.59664154052734,
      70.5876235961914,
      60.38810348510742,
      42.997520446777344,
      30.010526657104492,
      23.91901969909668,
      12.656502723693848
    ],
    [
      32.52312469482422,
      25.578899383544922,
      25.25105094909668,
      24.110727310180664,
      53.76262283325195,
      44.03495788574219,
      71.88037872314453,
      63.5312385559082,
      108.10440063476562,
      86.75049591064453,
      101.90850830078125,
      83.0981674194336,
      86.17545318603516,
      64.16876220703125,
      57.3022346496582,
      36.08211135864258,
      31.269067764282227,
      13.32542896270752
    ],
    [
      36.68952560424805,
      37.47176742553711,
      17.854690551757812,
      33.989707946777344,
      43.76968002319336,
      59.0002326965332,
      61.92901611328125,
      83.34098052978516,
      86.75049591064453,
      109.72541809082031,
      84.98636627197266,
      84.21431732177734,
      72.077880859375,
      62.5477409362793,
      45.0023193359375,
      32.272830963134766,
      25.454143524169922,
      13.634957313537598
    ],
    [
      56.60438919067383,
      38.34609603881836,
      45.635807037353516,
      36.18885040283203,
      80.98857116699219,
      67.69831848144531,
      85.19517517089844,
      76.74761962890625,
      101.90850830078125,
      84.98636627197266,
      170.65444946289062,
      135.8656463623047,
      132.85154724121094,
      96.01618957519531,
      81.43733978271484,
      48.570472717285156,
      40.77787780761719,
      15.732095718383789
    ],
    [
      64.63691711425781,
      45.99345779418945,
      28.48225975036621,
      41.72953796386719,
      62.92750930786133,
      75.6895751953125,
      70.42430877685547,
      80.59664154052734,
      83.0981674194336,
      84.21431732177734,
      135.8656463623047,
      133.88507080078125,
      110.92264556884766,
      89.96414184570312,
      65.57917785644531,
      43.24506378173828,
      34.56503677368164,
      15.338226318359375
    ],
    [
      53.47992706298828,
      33.73917007446289,
      47.39358901977539,
      42.49658203125,
      82.0236587524414,
      73.4470443725586,
      74.6551284790039,
      70.5876235961914,
      86.17545318603516,
      72.077880859375,
      132.85154724121094,
      110.92264556884766,
      147.1809539794922,
      102.4890365600586,
      93.2507095336914,
      53.199371337890625,
      43.89476013183594,
      16.936126708984375
    ],
    [
      41.27542495727539,
      25.541269302368164,
      21.381196975708008,
      21.413936614990234,
      55.06882095336914,
      55.685874938964844,
      55.2469482421875,
      60.38810348510742,
      64.16876220703125,
      62.5477409362793,
      96.01618957519531,
      89.96414184570312,
      102.4890365600586,
      84.2919921875,
      63.841957092285156,
      42.761417388916016,
      31.639575958251953,
      14.556313514709473
    ],
    [
      29.93555450439453,
      17.917613983154297,
      29.72199058532715,
      24.772584915161133,
      49.182437896728516,
      40.0480842590332,
      49.992191314697266,
      42.997520446777344,
      57.3022346496582,
      45.0023193359375,
      81.43733978271484,
      65.57917785644531,
      93.2507095336914,
      63.841957092285156,
      73.05518341064453,
      41.05597686767578,
      36.06349182128906,
      13.191277503967285
    ],
    [
      18.206602096557617,
      11.39384651184082,
      10.928133010864258,
      10.7831392288208,
      27.43603515625,
      25.023256301879883,
      30.934324264526367,
      30.010526657104492,
      36.08211135864258,
      32.272830963134766,
      48.570472717285156,
      43.24506378173828,
      53.199371337890625,
      42.761417388916016,
      41.05597686767578,
      28.66122055053711,
      20.992746353149414,
      10.503399848937988
    ],
    [
      20.40403938293457,
      11.804978370666504,
      12.890037536621094,
      11.862645149230957,
      21.06281089782715,
      18.29442596435547,
      26.942298889160156,
      23.91901969909668,
      31.269067764282227,
      25.454143524169922,
      40.77787780761719,
      34.56503677368164,
      43.89476013183594,
      31.639575958251953,
      36.06349182128906,
      20.992746353149414,
      22.76534652709961,
      8.426603317260742
    ],
    [
      9.534433364868164,
      7.477569103240967,
      3.968937635421753,
      6.290824890136719,
      8.386224746704102,
      9.832596778869629,
      11.207301139831543,
      12.656502723693848,
      13.32542896270752,
      13.634957313537598,
      15.732095718383789,
      15.338226318359375,
      16.936126708984375,
      14.556313514709473,
      13.191277503967285,
      10.503399848937988,
      8.426603317260742,
      5.898881435394287
    ]
  ],
  "covariance_short": [
    [
      104.41353607177734,
      68.42790222167969,
      58.06916046142578,
      56.313995361328125,
      39.94251251220703,
      51.22343063354492,
      32.43816375732422,
      49.65105056762695,
      26.90108871459961,
      32.582542419433594,
      53.739532470703125,
      56.96312713623047,
      43.598995208740234,
      35.66331481933594,
      21.88036346435547,
      14.74243450164795,
      14.868844985961914,
      7.972949504852295
    ],
    [
      68.42790222167969,
      63.90665817260742,
      46.51633834838867,
      54.08576965332031,
      27.477312088012695,
      39.11725997924805,
      24.014434814453125,
      40.16608810424805,
      18.78571319580078,
      27.905208587646484,
      34.763526916503906,
      37.17926788330078,
      26.081016540527344,
      20.65822982788086,
      12.500659942626953,
      8.793322563171387,
      8.248353004455566,
      5.864266872406006
    ],
    [
      58.06916046142578,
      46.51633834838867,
      122.29541778564453,
      84.25341796875,
      62.310089111328125,
      50.95716857910156,
      31.75829315185547,
      33.4776496887207,
      26.763879776000977,
      23.05726432800293,
      55.16265106201172,
      35.72630310058594,
      49.42006301879883,
      24.790916442871094,
      28.331207275390625,
      11.633133888244629,
      13.550819396972656,
      4.920987129211426
    ],
    [
      56.313995361328125,
      54.08576965332031,
      84.25341796875,
      106.18866729736328,
      40.75556564331055,
      67.56098937988281,
      30.8902530670166,
      56.75424575805664,
      25.221435546875,
      37.70328903198242,
      45.67081069946289,
      44.419921875,
      42.54209518432617,
      23.230295181274414,
      23.77008819580078,
      11.336539268493652,
      12.288737297058105,
      6.950288772583008
    ],
    [
      39.94251251220703,
      27.477312088012695,
      62.310089111328125,
      40.75556564331055,
      109.22186279296875,
      68.35759735107422,
      57.505531311035156,
      49.08079528808594,
      53.15912628173828,
      43.072200775146484,
      80.96551513671875,
      61.73651885986328,
      75.1067123413086,
      50.59834289550781,
      41.62898635864258,
      23.48202133178711,
      17.47169303894043,
      6.765133857727051
    ],
    [
      51.22343063354492,
      39.11725997924805,
      50.95716857910156,
      67.56098937988281,
      68.35759735107422,
      105.24990844726562,
      46.95597457885742,
      83.5821762084961,
      43.799102783203125,
      60.608428955078125,
      74.22693634033203,
      77.40741729736328,
      72.86729431152344,
      54.48955154418945,
      37.86850357055664,
      23.517864227294922,
      17.120100021362305,
      9.098637580871582
    ],
    [
      32.43816375732422,
      24.014434814453125,
      31.75829315185547,
      30.8902530670166,
      57.505531311035156,
      46.95597457885742,
      100.7086181640625,
      78.20948791503906,
      73.12564086914062,
      63.951053619384766,
      88.02789306640625,
      71.93072509765625,
      71.05294799804688,
      53.65840148925781,
      42.99748229980469,
      27.248607635498047,
      22.522724151611328,
      9.163865089416504
    ],
    [
      49.65105056762695,
      40.16608810424805,
      33.4776496887207,
      56.75424575805664,
      49.08079528808594,
      83.5821762084961,
      78.20948791503906,
      122.0080795288086,
      65.4295654296875,
      86.8956298828125,
      86.58541107177734,
      91.26736450195312,
      78.65572357177734,
      65.0701904296875,
      43.58141326904297,
      29.807952880859375,
      22.950328826904297,
      12.075088500976562
    ],
    [
      26.90108871459961,
      18.78571319580078,
      26.763879776000977,
      25.221435546875,
      53.15912628173828,
      43.799102783203125,
      73.12564086914062,
      65.4295654296875,
      111.03063201904297,
      89.2540283203125,
      102.30664825439453,
      83.39073944091797,
      81.482421875,
      62.005924224853516,
      49.71036911010742,
      31.91819953918457,
      26.040328979492188,
      10.724574089050293
    ],
    [
      32.582542419433594,
      27.905208587646484,
      23.05726432800293,
      37.70328903198242,
      43.072200775146484,
      60.608428955078125,
      63.951053619384766,
      86.8956298828125,
      89.2540283203125,
      115.75359344482422,
      90.95272064208984,
      86.73786926269531,
      71.46394348144531,
      62.49445343017578,
      41.15590286254883,
      30.03107261657715,
      22.103803634643555,
      11.827720642089844
    ],
    [
      53.739532470703125,
      34.763526916503906,
      55.16265106201172,
      45.67081069946289,
      80.96551513671875,
      74.22693634033203,
      88.02789306640625,
      86.58541107177734,
      102.30664825439453,
      90.95272064208984,
      179.58058166503906,
      142.5157928466797,
      131.86598205566406,
      96.6507339477539,
      74.0984115600586,
      44.59907531738281,
      35.61592102050781,
      13.314821243286133
    ],
    [
      56.96312713623047,
      37.17926788330078,
      35.72630310058594,
      44.419921875,
      61.73651885986328,
      77.40741729736328,
      71.93072509765625,
      91.26736450195312,
      83.39073944091797,
      86.73786926269531,
      142.5157928466797,
      136.5183868408203,
      108.21509552001953,
      89.41649627685547,
      59.066287994384766,
      39.77775955200195,
      29.678321838378906,
      12.800992012023926
    ],
    [
      43.598995208740234,
      26.081016540527344,
      49.42006301879883,
      42.54209518432617,
      75.1067123413086,
      72.86729431152344,
      71.05294799804688,
      78.65572357177734,
      81.482421875,
      71.46394348144531,
      131.86598205566406,
      108.21509552001953,
      137.0536346435547,
      97.14546966552734,
      80.18917083740234,
      46.22534942626953,
      36.88428497314453,
      13.513718605041504
    ],
    [
      35.66331481933594,
      20.65822982788086,
      24.790916442871094,
      23.230295181274414,
      50.59834289550781,
      54.48955154418945,
      53.65840148925781,
      65.0701904296875,
      62.005924224853516,
      62.49445343017578,
      96.6507339477539,
      89.41649627685547,
      97.14546966552734,
      82.18682861328125,
      55.7097282409668,
      38.427345275878906,
      26.492502212524414,
      11.908585548400879
    ],
    [
      21.88036346435547,
      12.500659942626953,
      28.331207275390625,
      23.77008819580078,
      41.62898635864258,
      37.86850357055664,
      42.99748229980469,
      43.58141326904297,
      49.71036911010742,
      41.15590286254883,
      74.0984115600586,
      59.066287994384766,
      80.18917083740234,
      55.7097282409668,
      60.29570388793945,
      33.31604766845703,
      29.143474578857422,
      9.813362121582031
    ],
    [
      14.74243450164795,
      8.793322563171387,
      11.633133888244629,
      11.336539268493652,
      23.48202133178711,
      23.517864227294922,
      27.248607635498047,
      29.807952880859375,
      31.91819953918457,
      30.03107261657715,
      44.59907531738281,
      39.77775955200195,
      46.22534942626953,
      38.427345275878906,
      33.31604766845703,
      24.329904556274414,
      16.149490356445312,
      8.15323543548584
    ],
    [
      14.868844985961914,
      8.248353004455566,
      13.550819396972656,
      12.288737297058105,
      17.47169303894043,
      17.120100021362305,
      22.522724151611328,
      22.950328826904297,
      26.040328979492188,
      22.103803634643555,
      35.61592102050781,
      29.678321838378906,
      36.88428497314453,
      26.492502212524414,
      29.143474578857422,
      16.149490356445312,
      18.638811111450195,
      6.3029093742370605
    ],
    [
      7.972949504852295,
      5.864266872406006,
      4.920987129211426,
      6.950288772583008,
      6.765133857727051,
      9.098637580871582,
      9.163865089416504,
      12.075088500976562,
      10.724574089050293,
      11.827720642089844,
      13.314821243286133,
      12.800992012023926,
      13.513718605041504,
      11.908585548400879,
      9.813362121582031,
      8.15323543548584,
      6.3029093742370605,
      4.904790878295898
    ]
  ],
  "damage": -18.932655334472656,
  "diff_bandwidth": 1037.39111328125,
  "dissonance": 10.730335438729417,
  "drr": 11.977860450744629,
  "dynamics": 7.023806095123291,
  "format": 1245190,
  "frames": 29226944,
  "loudness": -27.543611526489258,
  "loudness_range": 23.420028686523438,
  "loudness_range_short": 24.056135177612305,
  "lowpass_true_peak_15khz": -0.6607162356376648,
  "mastering3_acoustic_entropies": [
    {
      "acoustic_entropy": 6.112619400024414,
      "acoustic_entropy_mono": 5.910833835601807,
      "band_eliminated_acoustic_entropies": [
        {
          "acoustic_entropy": 6.111499309539795,
          "acoustic_entropy_side": 6.112648963928223,
          "hz": 129.47220167065723
        },
        {
          "acoustic_entropy": 6.180315971374512,
          "acoustic_entropy_side": 6.11315393447876,
          "hz": 202.92927478742237
        },
        {
          "acoustic_entropy": 6.023075580596924,
          "acoustic_entropy_side": 6.119411468505859,
          "hz": 282.89161906338205
        },
        {
          "acoustic_entropy": 6.282547473907471,
          "acoustic_entropy_side": 6.117757797241211,
          "hz": 369.9353335868758
        },
        {
          "acoustic_entropy": 6.024013519287109,
          "acoustic_entropy_side": 6.1072678565979,
          "hz": 464.6875360973435
        },
        {
          "acoustic_entropy": 5.829654216766357,
          "acoustic_entropy_side": 6.112964630126953,
          "hz": 567.8308811364784
        },
        {
          "acoustic_entropy": 6.271486282348633,
          "acoustic_entropy_side": 6.12400484085083,
          "hz": 680.1084783214808
        },
        {
          "acoustic_entropy": 6.443663597106934,
          "acoustic_entropy_side": 6.1095051765441895,
          "hz": 802.3292461747484
        },
        {
          "acoustic_entropy": 6.345332622528076,
          "acoustic_entropy_side": 6.071256160736084,
          "hz": 935.3737400823702
        },
        {
          "acoustic_entropy": 6.250948905944824,
          "acoustic_entropy_side": 6.079813003540039,
          "hz": 1080.2004963696966
        },
        {
          "acoustic_entropy": 6.3734846115112305,
          "acoustic_entropy_side": 6.075900554656982,
          "hz": 1237.8529382007157
        },
        {
          "acoustic_entropy": 6.5332932472229,
          "acoustic_entropy_side": 6.10582160949707,
          "hz": 1409.4668930556702
        },
        {
          "acoustic_entropy": 6.260463237762451,
          "acoustic_entropy_side": 6.122835159301758,
          "hz": 1596.2787759475705
        },
        {
          "acoustic_entropy": 6.446543216705322,
          "acoustic_entropy_side": 6.181727409362793,
          "hz": 1799.6344973346393
        },
        {
          "acoustic_entropy": 6.21774435043335,
          "acoustic_entropy_side": 6.127501010894775,
          "hz": 2020.9991599069049
        },
        {
          "acoustic_entropy": 6.331144332885742,
          "acoustic_entropy_side": 6.111072063446045,
          "hz": 2261.9676141086993
        },
        {
          "acoustic_entropy": 6.057748317718506,
          "acoustic_entropy_side": 6.081114292144775,
          "hz": 2524.2759484456974
        },
        {
          "acoustic_entropy": 6.020120143890381,
          "acoustic_entropy_side": 6.045778751373291,
          "hz": 2809.813997359896
        },
        {
          "acoustic_entropy": 6.035794734954834,
          "acoustic_entropy_side": 6.030216693878174,
          "hz": 3120.6389567871424
        },
        {
          "acoustic_entropy": 6.053412914276123,
          "acoustic_entropy_side": 6.091567516326904,
          "hz": 3458.990205492291
        },
        {
          "acoustic_entropy": 6.156451225280762,
          "acoustic_entropy_side": 6.105462551116943,
          "hz": 3827.305438964164
        },
        {
          "acoustic_entropy": 6.2399444580078125,
          "acoustic_entropy_side": 6.121022701263428,
          "hz": 4228.238232109126
        },
        {
          "acoustic_entropy": 6.206863880157471,
          "acoustic_entropy_side": 6.117008209228516,
          "hz": 4664.6771572759235
        },
        {
          "acoustic_entropy": 6.186074733734131,
          "acoustic_entropy_side": 6.114790916442871,
          "hz": 5139.766595350093
        },
        {
          "acoustic_entropy": 6.150502681732178,
          "acoustic_entropy_side": 6.117542743682861,
          "hz": 5656.929389854203
        },
        {
          "acoustic_entropy": 6.141170501708984,
          "acoustic_entropy_side": 6.114670276641846,
          "hz": 6219.891507268283
        },
        {
          "acoustic_entropy": 6.14164924621582,
          "acoustic_entropy_side": 6.112521648406982,
          "hz": 6832.70888123896
        },
        {
          "acoustic_entropy": 6.134472846984863,
          "acoustic_entropy_side": 6.11175537109375,
          "hz": 7499.796634079867
        },
        {
          "acoustic_entropy": 6.112548351287842,
          "acoustic_entropy_side": 6.11175012588501,
          "hz": 8225.96088609342
        },
        {
          "acoustic_entropy": 6.1120076179504395,
          "acoustic_entropy_side": 6.111843585968018,
          "hz": 9016.43338188839
        },
        {
          "acoustic_entropy": 6.116478443145752,
          "acoustic_entropy_side": 6.112335681915283,
          "hz": 9876.909183162974
        },
        {
          "acoustic_entropy": 6.116664409637451,
          "acoustic_entropy_side": 6.112548351287842,
          "hz": 10813.587699516042
        },
        {
          "acoustic_entropy": 6.1163129806518555,
          "acoustic_entropy_side": 6.112636089324951,
          "hz": 11833.21735289826
        },
        {
          "acoustic_entropy": 6.115268230438232,
          "acoustic_entropy_side": 6.112617492675781,
          "hz": 12943.144197493959
        },
        {
          "acoustic_entropy": 6.114101886749268,
          "acoustic_entropy_side": 6.112612724304199,
          "hz": 14151.364845322005
        },
        {
          "acoustic_entropy": 6.113231182098389,
          "acoustic_entropy_side": 6.112619876861572,
          "hz": 15466.58407886509
        },
        {
          "acoustic_entropy": 6.112794876098633,
          "acoustic_entropy_side": 6.1126203536987305,
          "hz": 16898.27756580493
        },
        {
          "acoustic_entropy": 6.112655162811279,
          "acoustic_entropy_side": 6.112619876861572,
          "hz": 18456.760127700032
        },
        {
          "acoustic_entropy": 6.112621307373047,
          "acoustic_entropy_side": 6.112618446350098,
          "hz": 20153.260054456492
        },
        {
          "acoustic_entropy": 6.112619876861572,
          "acoustic_entropy_side": 6.112618923187256,
          "hz": 22000.00000000001
        }
      ],
      "diff_acoustic_entropy": 3.4820432662963867,
      "sn": 6
    },
    {
      "acoustic_entropy": 10.219536781311035,
      "acoustic_entropy_mono": 9.707234382629395,
      "band_eliminated_acoustic_entropies": [
        {
          "acoustic_entropy": 10.197583198547363,
          "acoustic_entropy_side": 10.21765422821045,
          "hz": 129.47220167065723
        },
        {
          "acoustic_entropy": 10.440300941467285,
          "acoustic_entropy_side": 10.155916213989258,
          "hz": 202.92927478742237
        },
        {
          "acoustic_entropy": 10.560392379760742,
          "acoustic_entropy_side": 10.222968101501465,
          "hz": 282.89161906338205
        },
        {
          "acoustic_entropy": 10.712964057922363,
          "acoustic_entropy_side": 10.26256275177002,
          "hz": 369.9353335868758
        },
        {
          "acoustic_entropy": 10.287515640258789,
          "acoustic_entropy_side": 10.225950241088867,
          "hz": 464.6875360973435
        },
        {
          "acoustic_entropy": 10.085380554199219,
          "acoustic_entropy_side": 10.12032413482666,
          "hz": 567.8308811364784
        },
        {
          "acoustic_entropy": 10.447632789611816,
          "acoustic_entropy_side": 10.244997024536133,
          "hz": 680.1084783214808
        },
        {
          "acoustic_entropy": 10.777128219604492,
          "acoustic_entropy_side": 10.291614532470703,
          "hz": 802.3292461747484
        },
        {
          "acoustic_entropy": 10.554143905639648,
          "acoustic_entropy_side": 10.367005348205566,
          "hz": 935.3737400823702
        },
        {
          "acoustic_entropy": 10.263202667236328,
          "acoustic_entropy_side": 10.135770797729492,
          "hz": 1080.2004963696966
        },
        {
          "acoustic_entropy": 10.160820960998535,
          "acoustic_entropy_side": 10.365581512451172,
          "hz": 1237.8529382007157
        },
        {
          "acoustic_entropy": 10.689425468444824,
          "acoustic_entropy_side": 10.343905448913574,
          "hz": 1409.4668930556702
        },
        {
          "acoustic_entropy": 10.343103408813477,
          "acoustic_entropy_side": 10.345195770263672,
          "hz": 1596.2787759475705
        },
        {
          "acoustic_entropy": 10.37606430053711,
          "acoustic_entropy_side": 10.322271347045898,
          "hz": 1799.6344973346393
        },
        {
          "acoustic_entropy": 10.49495792388916,
          "acoustic_entropy_side": 10.272954940795898,
          "hz": 2020.9991599069049
        },
        {
          "acoustic_entropy": 10.402657508850098,
          "acoustic_entropy_side": 10.219234466552734,
          "hz": 2261.9676141086993
        },
        {
          "acoustic_entropy": 10.338295936584473,
          "acoustic_entropy_side": 10.29139232635498,
          "hz": 2524.2759484456974
        },
        {
          "acoustic_entropy": 10.254672050476074,
          "acoustic_entropy_side": 10.193503379821777,
          "hz": 2809.813997359896
        },
        {
          "acoustic_entropy": 10.014252662658691,
          "acoustic_entropy_side": 10.21176815032959,
          "hz": 3120.6389567871424
        },
        {
          "acoustic_entropy": 10.356894493103027,
          "acoustic_entropy_side": 10.246551513671875,
          "hz": 3458.990205492291
        },
        {
          "acoustic_entropy": 10.290328025817871,
          "acoustic_entropy_side": 10.244754791259766,
          "hz": 3827.305438964164
        },
        {
          "acoustic_entropy": 10.216813087463379,
          "acoustic_entropy_side": 10.212762832641602,
          "hz": 4228.238232109126
        },
        {
          "acoustic_entropy": 10.16904354095459,
          "acoustic_entropy_side": 10.26720905303955,
          "hz": 4664.6771572759235
        },
        {
          "acoustic_entropy": 10.283243179321289,
          "acoustic_entropy_side": 10.312935829162598,
          "hz": 5139.766595350093
        },
        {
          "acoustic_entropy": 10.313470840454102,
          "acoustic_entropy_side": 10.364913940429688,
          "hz": 5656.929389854203
        },
        {
          "acoustic_entropy": 10.184772491455078,
          "acoustic_entropy_side": 10.293659210205078,
          "hz": 6219.891507268283
        },
        {
          "acoustic_entropy": 10.1423921585083,
          "acoustic_entropy_side": 10.255882263183594,
          "hz": 6832.70888123896
        },
        {
          "acoustic_entropy": 10.28994369506836,
          "acoustic_entropy_side": 10.23095989227295,
          "hz": 7499.796634079867
        },
        {
          "acoustic_entropy": 10.109223365783691,
          "acoustic_entropy_side": 10.2221097946167,
          "hz": 8225.96088609342
        },
        {
          "acoustic_entropy": 10.216115951538086,
          "acoustic_entropy_side": 10.217004776000977,
          "hz": 9016.43338188839
        },
        {
          "acoustic_entropy": 10.168802261352539,
          "acoustic_entropy_side": 10.220699310302734,
          "hz": 9876.909183162974
        },
        {
          "acoustic_entropy": 10.14571475982666,
          "acoustic_entropy_side": 10.221144676208496,
          "hz": 10813.587699516042
        },
        {
          "acoustic_entropy": 10.146261215209961,
          "acoustic_entropy_side": 10.220293998718262,
          "hz": 11833.21735289826
        },
        {
          "acoustic_entropy": 10.164848327636719,
          "acoustic_entropy_side": 10.220025062561035,
          "hz": 12943.144197493959
        },
        {
          "acoustic_entropy": 10.181608200073242,
          "acoustic_entropy_side": 10.219571113586426,
          "hz": 14151.364845322005
        },
        {
          "acoustic_entropy": 10.19780158996582,
          "acoustic_entropy_side": 10.219679832458496,
          "hz": 15466.58407886509
        },
        {
          "acoustic_entropy": 10.212545394897461,
          "acoustic_entropy_side": 10.219683647155762,
          "hz": 16898.27756580493
        },
        {
          "acoustic_entropy": 10.217933654785156,
          "acoustic_entropy_side": 10.219571113586426,
          "hz": 18456.760127700032
        },
        {
          "acoustic_entropy": 10.219324111938477,
          "acoustic_entropy_side": 10.219548225402832,
          "hz": 20153.260054456492
        },
        {
          "acoustic_entropy": 10.219512939453125,
          "acoustic_entropy_side": 10.219537734985352,
          "hz": 22000.00000000001
        }
      ],
      "diff_acoustic_entropy": 4.755190849304199,
      "sn": 12
    },
    {
      "acoustic_entropy": 19.84892463684082,
      "acoustic_entropy_mono": 16.98353385925293,
      "band_eliminated_acoustic_entropies": [
        {
          "acoustic_entropy": 19.691713333129883,
          "acoustic_entropy_side": 19.864316940307617,
          "hz": 129.47220167065723
        },
        {
          "acoustic_entropy": 19.180744171142578,
          "acoustic_entropy_side": 19.816482543945312,
          "hz": 202.92927478742237
        },
        {
          "acoustic_entropy": 20.291105270385742,
          "acoustic_entropy_side": 19.551334381103516,
          "hz": 282.89161906338205
        },
        {
          "acoustic_entropy": 19.000120162963867,
          "acoustic_entropy_side": 19.802387237548828,
          "hz": 369.9353335868758
        },
        {
          "acoustic_entropy": 19.760286331176758,
          "acoustic_entropy_side": 19.924062728881836,
          "hz": 464.6875360973435
        },
        {
          "acoustic_entropy": 19.3681697845459,
          "acoustic_entropy_side": 19.251340866088867,
          "hz": 567.8308811364784
        },
        {
          "acoustic_entropy": 19.919776916503906,
          "acoustic_entropy_side": 19.728591918945312,
          "hz": 680.1084783214808
        },
        {
          "acoustic_entropy": 19.66866683959961,
          "acoustic_entropy_side": 20.066001892089844,
          "hz": 802.3292461747484
        },
        {
          "acoustic_entropy": 19.415422439575195,
          "acoustic_entropy_side": 19.65462303161621,
          "hz": 935.3737400823702
        },
        {
          "acoustic_entropy": 20.494428634643555,
          "acoustic_entropy_side": 19.760135650634766,
          "hz": 1080.2004963696966
        },
        {
          "acoustic_entropy": 19.48358154296875,
          "acoustic_entropy_side": 19.75041961669922,
          "hz": 1237.8529382007157
        },
        {
          "acoustic_entropy": 20.216819763183594,
          "acoustic_entropy_side": 20.128751754760742,
          "hz": 1409.4668930556702
        },
        {
          "acoustic_entropy": 20.086830139160156,
          "acoustic_entropy_side": 19.854825973510742,
          "hz": 1596.2787759475705
        },
        {
          "acoustic_entropy": 19.3914794921875,
          "acoustic_entropy_side": 19.5269832611084,
          "hz": 1799.6344973346393
        },
        {
          "acoustic_entropy": 19.520307540893555,
          "acoustic_entropy_side": 19.820709228515625,
          "hz": 2020.9991599069049
        },
        {
          "acoustic_entropy": 19.317419052124023,
          "acoustic_entropy_side": 19.487018585205078,
          "hz": 2261.9676141086993
        },
        {
          "acoustic_entropy": 19.759578704833984,
          "acoustic_entropy_side": 19.691547393798828,
          "hz": 2524.2759484456974
        },
        {
          "acoustic_entropy": 19.22223472595215,
          "acoustic_entropy_side": 19.651329040527344,
          "hz": 2809.813997359896
        },
        {
          "acoustic_entropy": 19.194896697998047,
          "acoustic_entropy_side": 19.485973358154297,
          "hz": 3120.6389567871424
        },
        {
          "acoustic_entropy": 20.043209075927734,
          "acoustic_entropy_side": 19.74911880493164,
