{
  "acoustic_entropy": 89.4178466796875,
  "bands": [
    {
      "high_freq": 148.1999969482422,
      "loudness": -65.96411895751953,
      "loudness_range": 15.360774993896484,
      "mid_mean": -62.70098876953125,
      "mid_to_side_loudness": -2.953803777694702,
      "mid_to_side_loudness_range": 8.9324951171875,
      "side_mean": -65.0401840209961
    },
    {
      "high_freq": 392.3793640136719,
      "loudness": -51.8980712890625,
      "loudness_range": 26.595916748046875,
      "low_freq": 148.1999969482422,
      "mid_mean": -50.786773681640625,
      "mid_to_side_loudness": -2.4767661094665527,
      "mid_to_side_loudness_range": 7.326108455657959,
      "side_mean": -53.07007598876953
    },
    {
      "high_freq": 794.6976318359375,
      "loudness": -49.063228607177734,
      "loudness_range": 32.5850715637207,
      "low_freq": 392.3793640136719,
      "mid_mean": -48.79489517211914,
      "mid_to_side_loudness": -1.4899876117706299,
      "mid_to_side_loudness_range": 9.723501205444336,
      "side_mean": -50.603118896484375
    },
    {
      "high_freq": 1457.5709228515625,
      "loudness": -59.433109283447266,
      "loudness_range": 33.03504943847656,
      "low_freq": 794.6976318359375,
      "mid_mean": -59.167816162109375,
      "mid_to_side_loudness": -0.2652808427810669,
      "mid_to_side_loudness_range": 9.19830322265625,
      "side_mean": -59.42251205444336
    },
    {
      "high_freq": 2549.74365234375,
      "loudness": -65.36199951171875,
      "loudness_range": 33.46467971801758,
      "low_freq": 1457.5709228515625,
      "mid_mean": -65.28702545166016,
      "mid_to_side_loudness": -0.5285369157791138,
      "mid_to_side_loudness_range": 7.230052947998047,
      "side_mean": -65.50159454345703
    },
    {
      "high_freq": 4349.24462890625,
      "loudness": -63.6230354309082,
      "loudness_range": 27.754501342773438,
      "low_freq": 2549.74365234375,
      "mid_mean": -68.57826232910156,
      "mid_to_side_loudness": 0.15006425976753235,
      "mid_to_side_loudness_range": 2.5426602363586426,
      "side_mean": -68.51351165771484
    },
    {
      "high_freq": 7314.1640625,
      "loudness": -72.58270263671875,
      "loudness_range": 24.892070770263672,
      "low_freq": 4349.24462890625,
      "mid_mean": -69.40363311767578,
      "mid_to_side_loudness": 0.13670387864112854,
      "mid_to_side_loudness_range": 0.9740973114967346,
      "side_mean": -69.40442657470703
    },
    {
      "high_freq": 12199.2666015625,
      "loudness": -81.19031524658203,
      "loudness_range": 1.4791183471679688,
      "low_freq": 7314.1640625,
      "mid_mean": -69.58168029785156,
      "mid_to_side_loudness": -0.049828216433525085,
      "mid_to_side_loudness_range": 0.5566284656524658,
      "side_mean": -69.58844757080078
    },
    {
      "loudness": 0,
      "loudness_range": 0,
      "low_freq": 12199.2666015625,
      "mid_mean": -69.4559326171875,
      "mid_to_side_loudness": -0.4051055312156677,
      "mid_to_side_loudness_range": 0.3717968463897705,
      "side_mean": -69.50167083740234
    }
  ],
  "bands_short": [
    {
      "high_freq": 148.1999969482422,
      "loudness": -69.61808776855469,
      "loudness_range": 11.181713104248047,
      "mid_mean": -65.87991333007812,
      "mid_to_side_loudness": -1.2300212383270264,
      "mid_to_side_loudness_range": 12.958637237548828,
      "side_mean": -66.6512680053711
    },
    {
      "high_freq": 392.3793640136719,
      "loudness": -52.49656295776367,
      "loudness_range": 26.091716766357422,
      "low_freq": 148.1999969482422,
      "mid_mean": -51.370574951171875,
      "mid_to_side_loudness": -2.8124020099639893,
      "mid_to_side_loudness_range": 9.088312149047852,
      "side_mean": -53.9518928527832
    },
    {
      "high_freq": 794.6976318359375,
      "loudness": -49.342132568359375,
      "loudness_range": 32.19648742675781,
      "low_freq": 392.3793640136719,
      "mid_mean": -49.06978988647461,
      "mid_to_side_loudness": -1.6137813329696655,
      "mid_to_side_loudness_range": 11.437387466430664,
      "side_mean": -50.930118560791016
    },
    {
      "high_freq": 1457.5709228515625,
      "loudness": -59.53158950805664,
      "loudness_range": 33.20029067993164,
      "low_freq": 794.6976318359375,
      "mid_mean": -59.347312927246094,
      "mid_to_side_loudness": -0.20797114074230194,
      "mid_to_side_loudness_range": 11.160839080810547,
      "side_mean": -59.5587158203125
    },
    {
      "high_freq": 2549.74365234375,
      "loudness": -65.61860656738281,
      "loudness_range": 32.95442581176758,
      "low_freq": 1457.5709228515625,
      "mid_mean": -65.66751098632812,
      "mid_to_side_loudness": -0.5947523713111877,
      "mid_to_side_loudness_range": 9.061742782592773,
      "side_mean": -65.88774871826172
    },
    {
      "high_freq": 4349.24462890625,
      "loudness": -64.55009460449219,
      "loudness_range": 28.315162658691406,
      "low_freq": 2549.74365234375,
      "mid_mean": -68.566650390625,
      "mid_to_side_loudness": 0.10416463762521744,
      "mid_to_side_loudness_range": 4.04910945892334,
      "side_mean": -68.52488708496094
    },
    {
      "high_freq": 7314.1640625,
      "loudness": -76.6341323852539,
      "loudness_range": 22.595703125,
      "low_freq": 4349.24462890625,
      "mid_mean": -69.47319030761719,
      "mid_to_side_loudness": 0.12107514590024948,
      "mid_to_side_loudness_range": 2.281973361968994,
      "side_mean": -69.4771499633789
    },
    {
      "high_freq": 12199.2666015625,
      "loudness": -81.30636596679688,
      "loudness_range": 1.73358154296875,
      "low_freq": 7314.1640625,
      "mid_mean": -69.60246276855469,
      "mid_to_side_loudness": -0.05061473697423935,
      "mid_to_side_loudness_range": 1.574648380279541,
      "side_mean": -69.60768127441406
    },
    {
      "loudness": 0,
      "loudness_range": 0,
      "low_freq": 12199.2666015625,
      "mid_mean": -69.45391082763672,
      "mid_to_side_loudness": -0.4028588533401489,
      "mid_to_side_loudness_range": 1.192068099975586,
      "side_mean": -69.4995346069336
    }
  ],
  "bandwidth": 624.404052734375,
  "channels": 2,
  "covariance": [
    [
      23.365373611450195,
      11.847993850708008,
      14.372251510620117,
      14.809441566467285,
      13.133642196655273,
      13.845857620239258,
      10.923713684082031,
      10.635976791381836,
      5.739508628845215,
      6.187150478363037,
      4.370832920074463,
      4.523736000061035,
      1.6934493780136108,
      1.6500272750854492,
      0.3324512541294098,
      0.32271113991737366,
      -0.015869485214352608,
      -0.01475472841411829
    ],
    [
      11.847993850708008,
      8.489828109741211,
      6.087344169616699,
      6.625305652618408,
      4.564869403839111,
      4.91215181350708,
      3.006293296813965,
      2.919422149658203,
      0.7848812937736511,
      0.8834076523780823,
      1.2269463539123535,
      1.2477571964263916,
      0.6376344561576843,
      0.6208134293556213,
      0.1383819580078125,
      0.13571318984031677,
      -0.0078707505017519,
      -0.0074640908278524876
    ],
    [
      14.372251510620117,
      6.087344169616699,
      66.82807922363281,
      63.31826400756836,
      53.83983612060547,
      54.979469299316406,
      57.689090728759766,
      56.101924896240234,
      40.60910415649414,
      40.584007263183594,
      18.969680786132812,
      19.771913528442383,
      5.804677486419678,
      5.638456344604492,
      0.9534600377082825,
      0.8913471698760986,
      -0.11025318503379822,
      -0.09918941557407379
    ],
    [
      14.809441566467285,
      6.625305652618408,
      63.31826400756836,
      65.72737121582031,
      54.60125732421875,
      55.44221496582031,
      57.881309509277344,
      55.924983978271484,
      40.527984619140625,
      40.3828010559082,
      19.211872100830078,
      20.06794548034668,
      5.995105743408203,
      5.800858497619629,
      0.9883547425270081,
      0.9396753907203674,
      -0.10949836671352386,
      -0.0978560671210289
    ],
    [
      13.133642196655273,
      4.564869403839111,
      53.83983612060547,
      54.60125732421875,
      117.57083129882812,
      106.81261444091797,
      70.69208526611328,
      70.19530487060547,
      51.471717834472656,
      50.126991271972656,
      26.17313575744629,
      27.158706665039062,
      8.817730903625488,
      8.446929931640625,
      1.5289113521575928,
      1.4501134157180786,
      -0.1267586201429367,
      -0.11441510915756226
    ],
    [
      13.845857620239258,
      4.91215181350708,
      54.979469299316406,
      55.44221496582031,
      106.81261444091797,
      111.98103332519531,
      68.17838287353516,
      68.01852416992188,
      48.31161880493164,
      47.514015197753906,
      24.883333206176758,
      25.937604904174805,
      8.752936363220215,
      8.371074676513672,
      1.5605086088180542,
      1.4736098051071167,
      -0.14249840378761292,
      -0.12745603919029236
    ],
    [
      10.923713684082031,
      3.006293296813965,
      57.689090728759766,
      57.881309509277344,
      70.69208526611328,
      68.17838287353516,
      100.67539978027344,
      93.99270629882812,
      59.392913818359375,
      59.358909606933594,
      27.10919952392578,
      28.464828491210938,
      9.319146156311035,
      9.224345207214355,
      1.7271517515182495,
      1.6072108745574951,
      -0.08476346731185913,
      -0.07173413038253784
    ],
    [
      10.635976791381836,
      2.919422149658203,
      56.101924896240234,
      55.924983978271484,
      70.19530487060547,
      68.01852416992188,
      93.99270629882812,
      93.89894104003906,
      59.126102447509766,
      58.45831298828125,
      26.533809661865234,
      27.81700897216797,
      9.19058895111084,
      9.125039100646973,
      1.7407771348953247,
      1.623276710510254,
      -0.08215255290269852,
      -0.06853868067264557
    ],
    [
      5.739508628845215,
      0.7848812937736511,
      40.60910415649414,
      40.527984619140625,
      51.471717834472656,
      48.31161880493164,
      59.392913818359375,
      59.126102447509766,
      56.59056854248047,
      54.81300354003906,
      26.422887802124023,
      27.471160888671875,
      9.233936309814453,
      8.993684768676758,
      1.680682897567749,
      1.5952856540679932,
      -0.03604042902588844,
      -0.02925766073167324
    ],
    [
      6.187150478363037,
      0.8834076523780823,
      40.584007263183594,
      40.3828010559082,
      50.126991271972656,
      47.514015197753906,
      59.358909606933594,
      58.45831298828125,
      54.81300354003906,
      55.280723571777344,
      26.36864471435547,
      27.44859504699707,
      9.20211124420166,
      9.006375312805176,
      1.69927179813385,
      1.598884105682373,
      -0.03409310057759285,
      -0.027321605011820793
    ],
    [
      4.370832920074463,
      1.2269463539123535,
      18.969680786132812,
      19.211872100830078,
      26.17313575744629,
      24.883333206176758,
      27.10919952392578,
      26.533809661865234,
      26.422887802124023,
      26.36864471435547,
      17.043546676635742,
      17.656871795654297,
      6.626758575439453,
      6.474364280700684,
      1.2784570455551147,
      1.2088788747787476,
      -0.00836638268083334,
      -0.0062173823826014996
    ],
    [
      4.523736000061035,
      1.2477571964263916,
      19.771913528442383,
      20.06794548034668,
      27.158706665039062,
      25.937604904174805,
      28.464828491210938,
      27.81700897216797,
      27.471160888671875,
      27.44859504699707,
      17.656871795654297,
      18.617671966552734,
      6.9625678062438965,
      6.7814435958862305,
      1.3559610843658447,
      1.2805564403533936,
      -0.008610513992607594,
      -0.006457694806158543
    ],
    [
      1.6934493780136108,
      0.6376344561576843,
      5.804677486419678,
      5.995105743408203,
      8.817730903625488,
      8.752936363220215,
      9.319146156311035,
      9.19058895111084,
      9.233936309814453,
      9.20211124420166,
      6.626758575439453,
      6.9625678062438965,
      3.737405300140381,
      3.6444387435913086,
      0.8262594938278198,
      0.8087044358253479,
      0.0005574791575782001,
      0.0016978575149551034
    ],
    [
      1.6500272750854492,
      0.6208134293556213,
      5.638456344604492,
      5.800858497619629,
      8.446929931640625,
      8.371074676513672,
      9.224345207214355,
      9.125039100646973,
      8.993684768676758,
      9.006375312805176,
      6.474364280700684,
      6.7814435958862305,
      3.6444387435913086,
      3.6894876956939697,
      0.8395578861236572,
      0.8299774527549744,
      0.0022589329164475203,
      0.003358107293024659
    ],
    [
      0.3324512541294098,
      0.1383819580078125,
      0.9534600377082825,
      0.9883547425270081,
      1.5289113521575928,
      1.5605086088180542,
      1.7271517515182495,
      1.7407771348953247,
      1.680682897567749,
      1.69927179813385,
      1.2784570455551147,
      1.3559610843658447,
      0.8262594938278198,
      0.8395578861236572,
      0.2525733411312103,
      0.23938675224781036,
      0.0016271192580461502,
      0.0017648605862632394
    ],
    [
      0.32271113991737366,
      0.13571318984031677,
      0.8913471698760986,
      0.9396753907203674,
      1.4501134157180786,
      1.4736098051071167,
      1.6072108745574951,
      1.623276710510254,
      1.5952856540679932,
      1.598884105682373,
      1.2088788747787476,
      1.2805564403533936,
      0.8087044358253479,
      0.8299774527549744,
      0.23938675224781036,
      0.24527610838413239,
      0.0018857780378311872,
      0.0020320583134889603
    ],
    [
      -0.015869485214352608,
      -0.0078707505017519,
      -0.11025318503379822,
      -0.10949836671352386,
      -0.1267586201429367,
      -0.14249840378761292,
      -0.08476346731185913,
      -0.08215255290269852,
      -0.03604042902588844,
      -0.03409310057759285,
      -0.00836638268083334,
      -0.008610513992607594,
      0.0005574791575782001,
      0.0022589329164475203,
      0.0016271192580461502,
      0.0018857780378311872,
      0.0009557796292938292,
      0.0007872884161770344
    ],
    [
      -0.01475472841411829,
      -0.0074640908278524876,
      -0.09918941557407379,
      -0.0978560671210289,
      -0.11441510915756226,
      -0.12745603919029236,
      -0.07173413038253784,
      -0.06853868067264557,
      -0.02925766073167324,
      -0.027321605011820793,
      -0.0062173823826014996,
      -0.006457694806158543,
      0.0016978575149551034,
      0.003358107293024659,
      0.0017648605862632394,
      0.0020320583134889603,
      0.0007872884161770344,
      0.0008324061636812985
    ]
  ],
  "covariance_short": [
    [
      8.171808242797852,
      2.5851354598999023,
      8.30991268157959,
      7.903110504150391,
      7.143672943115234,
      7.440036773681641,
      7.144979476928711,
      7.5051140785217285,
      5.813314914703369,
      5.840399265289307,
      3.955373764038086,
      4.046182155609131,
      1.4144668579101562,
      1.3533815145492554,
      0.25922691822052,
      0.24544329941272736,
      -0.007655581459403038,
      -0.006612935569137335
    ],
    [
      2.5851354598999023,
      3.972586154937744,
      3.7291197776794434,
      3.89597225189209,
      2.9553351402282715,
      2.9395432472229004,
      3.4845502376556396,
      3.4474070072174072,
      2.6399054527282715,
      2.620203733444214,
      1.810149908065796,
      1.840258240699768,
      0.7120820879936218,
      0.6764104962348938,
      0.13422439992427826,
      0.12739913165569305,
      -0.004716928116977215,
      -0.004059310536831617
    ],
    [
      8.30991268157959,
      3.7291197776794434,
      67.10508728027344,
      61.85314178466797,
      54.28364944458008,
      54.77180099487305,
      55.48270797729492,
      54.11293029785156,
      37.388816833496094,
      37.04487228393555,
      18.09617805480957,
      18.49414825439453,
      4.497552871704102,
      4.284883975982666,
      0.6117982268333435,
      0.5800188779830933,
      -0.1109130010008812,
      -0.10020434856414795
    ],
    [
      7.903110504150391,
      3.89597225189209,
      61.85314178466797,
      65.34346771240234,
      55.470821380615234,
      56.01678466796875,
      56.27131271362305,
      54.402442932128906,
      37.758941650390625,
      37.18524932861328,
      18.361967086791992,
      18.823841094970703,
      4.756119728088379,
      4.528754234313965,
      0.6397855281829834,
      0.6149436831474304,
      -0.10816525667905807,
      -0.09746330231428146
    ],
    [
      7.143672943115234,
      2.9553351402282715,
      54.28364944458008,
      55.470821380615234,
      115.88329315185547,
      104.34514617919922,
      71.95437622070312,
      71.62832641601562,
      51.867401123046875,
      49.71836471557617,
      26.31654930114746,
      26.78114128112793,
      7.340987205505371,
      6.93825626373291,
      1.0831873416900635,
      1.0325788259506226,
      -0.14352276921272278,
      -0.1306818276643753
    ],
    [
      7.440036773681641,
      2.9395432472229004,
      54.77180099487305,
      56.01678466796875,
      104.34514617919922,
      111.56745147705078,
      69.45175170898438,
      69.81849670410156,
      48.698219299316406,
      47.12354278564453,
      24.975370407104492,
      25.58786964416504,
      7.233084678649902,
      6.838274002075195,
      1.0882978439331055,
      1.0383528470993042,
      -0.15866288542747498,
      -0.14268437027931213
    ],
    [
      7.144979476928711,
      3.4845502376556396,
      55.48270797729492,
      56.27131271362305,
      71.95437622070312,
      69.45175170898438,
      98.12458038330078,
      89.85317993164062,
      56.23318099975586,
      55.98332977294922,
      27.040454864501953,
      27.984294891357422,
      7.763871669769287,
      7.521644592285156,
      1.2637267112731934,
      1.1900126934051514,
      -0.08695666491985321,
      -0.07441327720880508
    ],
    [
      7.5051140785217285,
      3.4474070072174072,
      54.11293029785156,
      54.402442932128906,
      71.62832641601562,
      69.81849670410156,
      89.85317993164062,
      91.97721862792969,
      55.43356704711914,
      54.589683532714844,
      26.346324920654297,
      27.1816349029541,
      7.608973503112793,
      7.393233776092529,
      1.2646552324295044,
      1.1944077014923096,
      -0.08494889736175537,
      -0.0713147446513176
    ],
    [
      5.813314914703369,
      2.6399054527282715,
      37.388816833496094,
      37.758941650390625,
      51.867401123046875,
      48.698219299316406,
      56.23318099975586,
      55.43356704711914,
      53.8911247253418,
      51.572357177734375,
      26.20576286315918,
      26.81061553955078,
      7.664493083953857,
      7.337350368499756,
      1.224421501159668,
      1.1610339879989624,
      -0.03465336933732033,
      -0.02925458736717701
    ],
    [
      5.840399265289307,
      2.620203733444214,
      37.04487228393555,
      37.18524932861328,
      49.71836471557617,
      47.12354278564453,
      55.98332977294922,
      54.589683532714844,
      51.572357177734375,
      52.30899429321289,
      25.897499084472656,
      26.568565368652344,
      7.624659538269043,
      7.338840961456299,
      1.2416882514953613,
      1.1746547222137451,
      -0.03218390792608261,
      -0.026935582980513573
    ],
    [
      3.955373764038086,
      1.810149908065796,
      18.09617805480957,
      18.361967086791992,
      26.31654930114746,
      24.975370407104492,
      27.040454864501953,
      26.346324920654297,
      26.20576286315918,
      25.897499084472656,
      17.112192153930664,
      17.353303909301758,
      5.612818717956543,
      5.370754241943359,
      0.9781579375267029,
      0.9275051355361938,
      -0.007854931987822056,
      -0.0068327197805047035
    ],
    [
      4.046182155609131,
      1.840258240699768,
      18.49414825439453,
      18.823841094970703,
      26.78114128112793,
      25.58786964416504,
      27.984294891357422,
      27.1816349029541,
      26.81061553955078,
      26.568565368652344,
      17.353303909301758,
      18.225269317626953,
      5.830488204956055,
      5.609438419342041,
      1.0383111238479614,
      0.9818932414054871,
      -0.008023356087505817,
      -0.006753354333341122
    ],
    [
      1.4144668579101562,
      0.7120820879936218,
      4.497552871704102,
      4.756119728088379,
      7.340987205505371,
      7.233084678649902,
      7.763871669769287,
      7.608973503112793,
      7.664493083953857,
      7.624659538269043,
      5.612818717956543,
      5.830488204956055,
      3.0482356548309326,
      2.8685216903686523,
      0.6644399762153625,
      0.6413593292236328,
      0.0027557197026908398,
      0.0027007947210222483
    ],
    [
      1.3533815145492554,
      0.6764104962348938,
      4.284883975982666,
      4.528754234313965,
      6.93825626373291,
      6.838274002075195,
      7.521644592285156,
      7.393233776092529,
      7.337350368499756,
      7.338840961456299,
      5.370754241943359,
      5.609438419342041,
      2.8685216903686523,
      2.8434159755706787,
      0.6568918824195862,
      0.6375551819801331,
      0.004260209389030933,
      0.003992960788309574
    ],
    [
      0.25922691822052,
      0.13422439992427826,
      0.6117982268333435,
      0.6397855281829834,
      1.0831873416900635,
      1.0882978439331055,
      1.2637267112731934,
      1.2646552324295044,
      1.224421501159668,
      1.2416882514953613,
      0.9781579375267029,
      1.0383111238479614,
      0.6644399762153625,
      0.6568918824195862,
      0.24940235912799835,
      0.22735334932804108,
      0.004069682210683823,
      0.0036176962312310934
    ],
    [
      0.24544329941272736,
      0.12739913165569305,
      0.5800188779830933,
      0.6149436831474304,
      1.0325788259506226,
      1.0383528470993042,
      1.1900126934051514,
      1.1944077014923096,
      1.1610339879989624,
      1.1746547222137451,
      0.9275051355361938,
      0.9818932414054871,
      0.6413593292236328,
      0.6375551819801331,
      0.22735334932804108,
      0.2321380078792572,
      0.003931538667529821,
      0.003544683801010251
    ],
    [
      -0.007655581459403038,
      -0.004716928116977215,
      -0.1109130010008812,
      -0.10816525667905807,
      -0.14352276921272278,
      -0.15866288542747498,
      -0.08695666491985321,
      -0.08494889736175537,
      -0.03465336933732033,
      -0.03218390792608261,
      -0.007854931987822056,
      -0.008023356087505817,
      0.0027557197026908398,
      0.004260209389030933,
      0.004069682210683823,
      0.003931538667529821,
      0.002669923473149538,
      0.0014308033278211951
    ],
    [
      -0.006612935569137335,
      -0.004059310536831617,
      -0.10020434856414795,
      -0.09746330231428146,
      -0.1306818276643753,
      -0.14268437027931213,
      -0.07441327720880508,
      -0.0713147446513176,
      -0.02925458736717701,
      -0.026935582980513573,
      -0.0068327197805047035,
      -0.006753354333341122,
      0.0027007947210222483,
      0.003992960788309574,
      0.0036176962312310934,
      0.003544683801010251,
      0.0014308033278211951,
      0.002369375666603446
    ]
  ],
  "damage": -24.55721092224121,
  "diff_bandwidth": 647.8465576171875,
  "dissonance": 4.615841450473529,
  "drr": 6.8581342697143555,
  "dynamics": 7.396339416503906,
  "format": 1245190,
  "frames": 21112832,
  "loudness": -40.51873779296875,
  "loudness_range": 27.954280853271484,
  "loudness_range_short": 28.634321212768555,
  "lowpass_true_peak_15khz": -8.270514488220215,
  "mastering3_acoustic_entropies": [
    {
      "acoustic_entropy": 4.798615455627441,
      "acoustic_entropy_mono": 4.648776531219482,
      "band_eliminated_acoustic_entropies": [
        {
          "acoustic_entropy": 4.798611640930176,
          "acoustic_entropy_side": 4.798614501953125,
          "hz": 129.47220167065723
        },
        {
          "acoustic_entropy": 4.802281856536865,
          "acoustic_entropy_side": 4.7995829582214355,
          "hz": 202.92927478742237
        },
        {
          "acoustic_entropy": 4.91520881652832,
          "acoustic_entropy_side": 4.884766101837158,
          "hz": 282.89161906338205
        },
        {
          "acoustic_entropy": 4.874326229095459,
          "acoustic_entropy_side": 4.839574337005615,
          "hz": 369.9353335868758
        },
        {
          "acoustic_entropy": 5.104829788208008,
          "acoustic_entropy_side": 4.889301300048828,
          "hz": 464.6875360973435
        },
        {
          "acoustic_entropy": 5.069491386413574,
          "acoustic_entropy_side": 4.8585004806518555,
          "hz": 567.8308811364784
        },
        {
          "acoustic_entropy": 4.871497631072998,
          "acoustic_entropy_side": 5.3350677490234375,
          "hz": 680.1084783214808
        },
        {
          "acoustic_entropy": 4.987449645996094,
          "acoustic_entropy_side": 4.737362384796143,
          "hz": 802.3292461747484
        },
        {
          "acoustic_entropy": 5.2177863121032715,
          "acoustic_entropy_side": 5.178953170776367,
          "hz": 935.3737400823702
        },
        {
          "acoustic_entropy": 4.768363952636719,
          "acoustic_entropy_side": 4.809018611907959,
          "hz": 1080.2004963696966
        },
        {
          "acoustic_entropy": 4.694814682006836,
          "acoustic_entropy_side": 4.743880271911621,
          "hz": 1237.8529382007157
        },
        {
          "acoustic_entropy": 4.733205795288086,
          "acoustic_entropy_side": 4.860173225402832,
          "hz": 1409.4668930556702
        },
        {
          "acoustic_entropy": 4.708601951599121,
          "acoustic_entropy_side": 4.744122505187988,
          "hz": 1596.2787759475705
        },
        {
          "acoustic_entropy": 4.765419006347656,
          "acoustic_entropy_side": 4.783762454986572,
          "hz": 1799.6344973346393
        },
        {
          "acoustic_entropy": 4.788838863372803,
          "acoustic_entropy_side": 4.797214508056641,
          "hz": 2020.9991599069049
        },
        {
          "acoustic_entropy": 4.769315242767334,
          "acoustic_entropy_side": 4.788940906524658,
          "hz": 2261.9676141086993
        },
        {
          "acoustic_entropy": 4.785110950469971,
          "acoustic_entropy_side": 4.791238307952881,
          "hz": 2524.2759484456974
        },
        {
          "acoustic_entropy": 4.793010711669922,
          "acoustic_entropy_side": 4.796213150024414,
          "hz": 2809.813997359896
        },
        {
          "acoustic_entropy": 4.798419952392578,
          "acoustic_entropy_side": 4.798969268798828,
          "hz": 3120.6389567871424
        },
        {
          "acoustic_entropy": 4.798680782318115,
          "acoustic_entropy_side": 4.798804759979248,
          "hz": 3458.990205492291
        },
        {
          "acoustic_entropy": 4.800231456756592,
          "acoustic_entropy_side": 4.799544334411621,
          "hz": 3827.305438964164
        },
        {
          "acoustic_entropy": 4.799861431121826,
          "acoustic_entropy_side": 4.7991943359375,
          "hz": 4228.238232109126
        },
        {
          "acoustic_entropy": 4.79941463470459,
          "acoustic_entropy_side": 4.798961639404297,
          "hz": 4664.6771572759235
        },
        {
          "acoustic_entropy": 4.799803256988525,
          "acoustic_entropy_side": 4.799373626708984,
          "hz": 5139.766595350093
        },
        {
          "acoustic_entropy": 4.798887252807617,
          "acoustic_entropy_side": 4.798781871795654,
          "hz": 5656.929389854203
        },
        {
          "acoustic_entropy": 4.798771858215332,
          "acoustic_entropy_side": 4.798673152923584,
          "hz": 6219.891507268283
        },
        {
          "acoustic_entropy": 4.798692226409912,
          "acoustic_entropy_side": 4.79863166809082,
          "hz": 6832.70888123896
        },
        {
          "acoustic_entropy": 4.798638343811035,
          "acoustic_entropy_side": 4.79862642288208,
          "hz": 7499.796634079867
        },
        {
          "acoustic_entropy": 4.79862642288208,
          "acoustic_entropy_side": 4.798621654510498,
          "hz": 8225.96088609342
        },
        {
          "acoustic_entropy": 4.798624515533447,
          "acoustic_entropy_side": 4.798623085021973,
          "hz": 9016.43338188839
        },
        {
          "acoustic_entropy": 4.798618793487549,
          "acoustic_entropy_side": 4.798617362976074,
          "hz": 9876.909183162974
        },
        {
          "acoustic_entropy": 4.798617362976074,
          "acoustic_entropy_side": 4.798615455627441,
          "hz": 10813.587699516042
        },
        {
          "acoustic_entropy": 4.798615455627441,
          "acoustic_entropy_side": 4.798615455627441,
          "hz": 11833.21735289826
        },
        {
          "acoustic_entropy": 4.798615455627441,
          "acoustic_entropy_side": 4.798615455627441,
          "hz": 12943.144197493959
        },
        {
          "acoustic_entropy": 4.798615455627441,
          "acoustic_entropy_side": 4.798615455627441,
          "hz": 14151.364845322005
        },
        {
          "acoustic_entropy": 4.798615455627441,
          "acoustic_entropy_side": 4.798615455627441,
          "hz": 15466.58407886509
        },
        {
          "acoustic_entropy": 4.798615455627441,
          "acoustic_entropy_side": 4.798615455627441,
          "hz": 16898.27756580493
        },
        {
          "acoustic_entropy": 4.798615455627441,
          "acoustic_entropy_side": 4.798615455627441,
          "hz": 18456.760127700032
        },
        {
          "acoustic_entropy": 4.798615455627441,
          "acoustic_entropy_side": 4.798615455627441,
          "hz": 20153.260054456492
        },
        {
          "acoustic_entropy": 4.798615455627441,
          "acoustic_entropy_side": 4.798615455627441,
          "hz": 22000.00000000001
        }
      ],
      "diff_acoustic_entropy": 2.3925981521606445,
      "sn": 6
    },
    {
      "acoustic_entropy": 7.312112808227539,
      "acoustic_entropy_mono": 7.250499725341797,
      "band_eliminated_acoustic_entropies": [
        {
          "acoustic_entropy": 7.312040328979492,
          "acoustic_entropy_side": 7.312013626098633,
          "hz": 129.47220167065723
        },
        {
          "acoustic_entropy": 7.3760294914245605,
          "acoustic_entropy_side": 7.330257415771484,
          "hz": 202.92927478742237
        },
        {
          "acoustic_entropy": 8.197566986083984,
          "acoustic_entropy_side": 7.890763759613037,
          "hz": 282.89161906338205
        },
        {
          "acoustic_entropy": 8.48819351196289,
          "acoustic_entropy_side": 7.863055229187012,
          "hz": 369.9353335868758
        },
        {
          "acoustic_entropy": 8.565406799316406,
          "acoustic_entropy_side": 7.962680816650391,
          "hz": 464.6875360973435
        },
        {
          "acoustic_entropy": 7.974676132202148,
          "acoustic_entropy_side": 8.28770637512207,
          "hz": 567.8308811364784
        },
        {
          "acoustic_entropy": 7.8424391746521,
          "acoustic_entropy_side": 7.9716010093688965,
          "hz": 680.1084783214808
        },
        {
          "acoustic_entropy": 7.792986869812012,
          "acoustic_entropy_side": 7.79585075378418,
          "hz": 802.3292461747484
        },
        {
          "acoustic_entropy": 7.963499546051025,
          "acoustic_entropy_side": 7.689528942108154,
          "hz": 935.3737400823702
        },
        {
          "acoustic_entropy": 7.3214497566223145,
          "acoustic_entropy_side": 8.213338851928711,
          "hz": 1080.2004963696966
        },
        {
          "acoustic_entropy": 7.5922064781188965,
          "acoustic_entropy_side": 7.659567832946777,
          "hz": 1237.8529382007157
        },
        {
          "acoustic_entropy": 7.7268171310424805,
          "acoustic_entropy_side": 7.581989765167236,
          "hz": 1409.4668930556702
        },
        {
          "acoustic_entropy": 7.355616092681885,
          "acoustic_entropy_side": 7.211550235748291,
          "hz": 1596.2787759475705
        },
        {
          "acoustic_entropy": 7.396021366119385,
          "acoustic_entropy_side": 7.278748512268066,
          "hz": 1799.6344973346393
        },
        {
          "acoustic_entropy": 7.506839752197266,
          "acoustic_entropy_side": 7.266240119934082,
          "hz": 2020.9991599069049
        },
        {
          "acoustic_entropy": 7.455606460571289,
          "acoustic_entropy_side": 7.257564544677734,
          "hz": 2261.9676141086993
        },
        {
          "acoustic_entropy": 7.268947124481201,
          "acoustic_entropy_side": 7.184255123138428,
          "hz": 2524.2759484456974
        },
        {
          "acoustic_entropy": 7.236999034881592,
          "acoustic_entropy_side": 7.214657306671143,
          "hz": 2809.813997359896
        },
        {
          "acoustic_entropy": 7.257772445678711,
          "acoustic_entropy_side": 7.234898090362549,
          "hz": 3120.6389567871424
        },
        {
          "acoustic_entropy": 7.251004219055176,
          "acoustic_entropy_side": 7.248521327972412,
          "hz": 3458.990205492291
        },
        {
          "acoustic_entropy": 7.270493030548096,
          "acoustic_entropy_side": 7.266042709350586,
          "hz": 3827.305438964164
        },
        {
          "acoustic_entropy": 7.278493404388428,
          "acoustic_entropy_side": 7.285891532897949,
          "hz": 4228.238232109126
        },
        {
          "acoustic_entropy": 7.2891435623168945,
          "acoustic_entropy_side": 7.29739236831665,
          "hz": 4664.6771572759235
        },
        {
          "acoustic_entropy": 7.277514457702637,
          "acoustic_entropy_side": 7.29325532913208,
          "hz": 5139.766595350093
        },
        {
          "acoustic_entropy": 7.306083679199219,
          "acoustic_entropy_side": 7.308746337890625,
          "hz": 5656.929389854203
        },
        {
          "acoustic_entropy": 7.304980278015137,
          "acoustic_entropy_side": 7.307932376861572,
          "hz": 6219.891507268283
        },
        {
          "acoustic_entropy": 7.3078293800354,
          "acoustic_entropy_side": 7.310066223144531,
          "hz": 6832.70888123896
        },
        {
          "acoustic_entropy": 7.310486793518066,
          "acoustic_entropy_side": 7.311074256896973,
          "hz": 7499.796634079867
        },
        {
          "acoustic_entropy": 7.311082363128662,
          "acoustic_entropy_side": 7.311463832855225,
          "hz": 8225.96088609342
        },
        {
          "acoustic_entropy": 7.31125545501709,
          "acoustic_entropy_side": 7.311486721038818,
          "hz": 9016.43338188839
        },
        {
          "acoustic_entropy": 7.31180477142334,
          "acoustic_entropy_side": 7.311971187591553,
          "hz": 9876.909183162974
        },
        {
          "acoustic_entropy": 7.311938285827637,
          "acoustic_entropy_side": 7.312036037445068,
          "hz": 10813.587699516042
        },
        {
          "acoustic_entropy": 7.312100410461426,
          "acoustic_entropy_side": 7.312109470367432,
          "hz": 11833.21735289826
        },
        {
          "acoustic_entropy": 7.31210994720459,
          "acoustic_entropy_side": 7.312112331390381,
          "hz": 12943.144197493959
        },
        {
          "acoustic_entropy": 7.312112808227539,
          "acoustic_entropy_side": 7.312112808227539,
          "hz": 14151.364845322005
        },
        {
          "acoustic_entropy": 7.312112808227539,
          "acoustic_entropy_side": 7.312112808227539,
          "hz": 15466.58407886509
        },
        {
          "acoustic_entropy": 7.312112808227539,
          "acoustic_entropy_side": 7.312112808227539,
          "hz": 16898.27756580493
        },
        {
          "acoustic_entropy": 7.312112808227539,
          "acoustic_entropy_side": 7.312112808227539,
          "hz": 18456.760127700032
        },
        {
          "acoustic_entropy": 7.312112808227539,
          "acoustic_entropy_side": 7.312112808227539,
          "hz": 20153.260054456492
        },
        {
          "acoustic_entropy": 7.312112808227539,
          "acoustic_entropy_side": 7.312112808227539,
          "hz": 22000.00000000001
        }
      ],
      "diff_acoustic_entropy": 4.197947978973389,
      "sn": 12
    },
    {
      "acoustic_entropy": 13.842619895935059,
      "acoustic_entropy_mono": 13.0949068069458,
      "band_eliminated_acoustic_entropies": [
        {
          "acoustic_entropy": 13.847900390625,
          "acoustic_entropy_side": 13.843855857849121,
          "hz": 129.47220167065723
        },
        {
          "acoustic_entropy": 13.759364128112793,
          "acoustic_entropy_side": 13.904096603393555,
          "hz": 202.92927478742237
        },
        {
          "acoustic_entropy": 13.64465045928955,
          "acoustic_entropy_side": 13.162384033203125,
          "hz": 282.89161906338205
        },
        {
          "acoustic_entropy": 14.35343074798584,
          "acoustic_entropy_side": 14.257139205932617,
          "hz": 369.9353335868758
        },
        {
          "acoustic_entropy": 14.925554275512695,
          "acoustic_entropy_side": 15.145045280456543,
          "hz": 464.6875360973435
        },
        {
          "acoustic_entropy": 14.023412704467773,
          "acoustic_entropy_side": 14.073163032531738,
          "hz": 567.8308811364784
        },
        {
          "acoustic_entropy": 14.012460708618164,
          "acoustic_entropy_side": 13.911616325378418,
          "hz": 680.1084783214808
        },
        {
          "acoustic_entropy": 13.227089881896973,
          "acoustic_entropy_side": 13.942545890808105,
          "hz": 802.3292461747484
        },
        {
          "acoustic_entropy": 13.608360290527344,
          "acoustic_entropy_side": 14.32008171081543,
          "hz": 935.3737400823702
        },
        {
          "acoustic_entropy": 14.03945255279541,
          "acoustic_entropy_side": 13.636617660522461,
          "hz": 1080.2004963696966
        },
        {
          "acoustic_entropy": 14.252955436706543,
          "acoustic_entropy_side": 14.477426528930664,
          "hz": 1237.8529382007157
        },
        {
          "acoustic_entropy": 13.212471008300781,
          "acoustic_entropy_side": 13.606709480285645,
          "hz": 1409.4668930556702
        },
        {
          "acoustic_entropy": 14.473264694213867,
          "acoustic_entropy_side": 14.0901517868042,
          "hz": 1596.2787759475705
        },
        {
          "acoustic_entropy": 14.223258972167969,
          "acoustic_entropy_side": 14.029906272888184,
          "hz": 1799.6344973346393
        },
        {
          "acoustic_entropy": 13.656822204589844,
          "acoustic_entropy_side": 13.673810005187988,
          "hz": 2020.9991599069049
        },
        {
          "acoustic_entropy": 14.004045486450195,
          "acoustic_entropy_side": 13.884847640991211,
          "hz": 2261.9676141086993
        },
        {
          "acoustic_entropy": 13.804754257202148,
          "acoustic_entropy_side": 13.814780235290527,
