{
  "acoustic_entropy": 140.98138427734375,
  "bands": [
    {
      "high_freq": 148.1999969482422,
      "loudness": -41.928070068359375,
      "loudness_range": 21.36231803894043,
      "mid_mean": -39.822200775146484,
      "mid_to_side_loudness": -5.721270561218262,
      "mid_to_side_loudness_range": 15.805744171142578,
      "side_mean": -45.501522064208984
    },
    {
      "high_freq": 392.3793640136719,
      "loudness": -30.91823959350586,
      "loudness_range": 15.051403045654297,
      "low_freq": 148.1999969482422,
      "mid_mean": -28.430858612060547,
      "mid_to_side_loudness": -6.049920558929443,
      "mid_to_side_loudness_range": 10.224982261657715,
      "side_mean": -34.51231384277344
    },
    {
      "high_freq": 794.6976318359375,
      "loudness": -28.17600440979004,
      "loudness_range": 16.630250930786133,
      "low_freq": 392.3793640136719,
      "mid_mean": -26.000492095947266,
      "mid_to_side_loudness": -4.501617431640625,
      "mid_to_side_loudness_range": 9.131135940551758,
      "side_mean": -30.596588134765625
    },
    {
      "high_freq": 1457.5709228515625,
      "loudness": -36.700679779052734,
      "loudness_range": 16.81630516052246,
      "low_freq": 794.6976318359375,
      "mid_mean": -34.93285369873047,
      "mid_to_side_loudness": -2.8318471908569336,
      "mid_to_side_loudness_range": 6.120351314544678,
      "side_mean": -37.78126525878906
    },
    {
      "high_freq": 2549.74365234375,
      "loudness": -38.66368103027344,
      "loudness_range": 19.839017868041992,
      "low_freq": 1457.5709228515625,
      "mid_mean": -37.63229751586914,
      "mid_to_side_loudness": -0.9075427651405334,
      "mid_to_side_loudness_range": 4.559974193572998,
      "side_mean": -38.55402374267578
    },
    {
      "high_freq": 4349.24462890625,
      "loudness": -43.1226806640625,
      "loudness_range": 20.218708038330078,
      "low_freq": 2549.74365234375,
      "mid_mean": -41.400146484375,
      "mid_to_side_loudness": -2.647815704345703,
      "mid_to_side_loudness_range": 4.103704929351807,
      "side_mean": -44.03103256225586
    },
    {
      "high_freq": 7314.1640625,
      "loudness": -53.32157897949219,
      "loudness_range": 19.825611114501953,
      "low_freq": 4349.24462890625,
      "mid_mean": -51.85969924926758,
      "mid_to_side_loudness": -2.786975860595703,
      "mid_to_side_loudness_range": 3.749293804168701,
      "side_mean": -54.44042205810547
    },
    {
      "high_freq": 12199.2666015625,
      "loudness": -67.42737579345703,
      "loudness_range": 17.930824279785156,
      "low_freq": 7314.1640625,
      "mid_mean": -63.40254592895508,
      "mid_to_side_loudness": -3.7384519577026367,
      "mid_to_side_loudness_range": 2.9433512687683105,
      "side_mean": -65.79308319091797
    },
    {
      "loudness": -65.1631088256836,
      "loudness_range": 3.8294525146484375,
      "low_freq": 12199.2666015625,
      "mid_mean": -65.7898941040039,
      "mid_to_side_loudness": 5.354343891143799,
      "mid_to_side_loudness_range": 6.663581848144531,
      "side_mean": -62.06299591064453
    }
  ],
  "bands_short": [
    {
      "high_freq": 148.1999969482422,
      "loudness": -48.51707458496094,
      "loudness_range": 24.80158233642578,
      "mid_mean": -46.44810104370117,
      "mid_to_side_loudness": -5.638215065002441,
      "mid_to_side_loudness_range": 17.61979103088379,
      "side_mean": -52.3557243347168
    },
    {
      "high_freq": 392.3793640136719,
      "loudness": -30.826919555664062,
      "loudness_range": 14.933685302734375,
      "low_freq": 148.1999969482422,
      "mid_mean": -28.506710052490234,
      "mid_to_side_loudness": -5.838377952575684,
      "mid_to_side_loudness_range": 13.061305046081543,
      "side_mean": -34.36549758911133
    },
    {
      "high_freq": 794.6976318359375,
      "loudness": -28.3815975189209,
      "loudness_range": 17.00548553466797,
      "low_freq": 392.3793640136719,
      "mid_mean": -26.330129623413086,
      "mid_to_side_loudness": -4.6137542724609375,
      "mid_to_side_loudness_range": 12.553750991821289,
      "side_mean": -31.055843353271484
    },
    {
      "high_freq": 1457.5709228515625,
      "loudness": -36.368648529052734,
      "loudness_range": 17.206295013427734,
      "low_freq": 794.6976318359375,
      "mid_mean": -34.846275329589844,
      "mid_to_side_loudness": -2.503403663635254,
      "mid_to_side_loudness_range": 9.499305725097656,
      "side_mean": -37.41497802734375
    },
    {
      "high_freq": 2549.74365234375,
      "loudness": -39.20057678222656,
      "loudness_range": 19.8521671295166,
      "low_freq": 1457.5709228515625,
      "mid_mean": -38.172386169433594,
      "mid_to_side_loudness": -1.1379940509796143,
      "mid_to_side_loudness_range": 7.195801734924316,
      "side_mean": -39.32563018798828
    },
    {
      "high_freq": 4349.24462890625,
      "loudness": -42.79342269897461,
      "loudness_range": 21.606042861938477,
      "low_freq": 2549.74365234375,
      "mid_mean": -41.31839370727539,
      "mid_to_side_loudness": -2.256019353866577,
      "mid_to_side_loudness_range": 7.148707389831543,
      "side_mean": -43.55990982055664
    },
    {
      "high_freq": 7314.1640625,
      "loudness": -53.4550666809082,
      "loudness_range": 20.92150115966797,
      "low_freq": 4349.24462890625,
      "mid_mean": -52.10144805908203,
      "mid_to_side_loudness": -2.7336010932922363,
      "mid_to_side_loudness_range": 6.463950157165527,
      "side_mean": -54.626312255859375
    },
    {
      "high_freq": 12199.2666015625,
      "loudness": -67.65277862548828,
      "loudness_range": 18.433822631835938,
      "low_freq": 7314.1640625,
      "mid_mean": -63.55418014526367,
      "mid_to_side_loudness": -3.6754355430603027,
      "mid_to_side_loudness_range": 3.8960142135620117,
      "side_mean": -65.87014770507812
    },
    {
      "loudness": -65.19873046875,
      "loudness_range": 4.376644134521484,
      "low_freq": 12199.2666015625,
      "mid_mean": -65.85661315917969,
      "mid_to_side_loudness": 5.531164646148682,
      "mid_to_side_loudness_range": 8.308700561523438,
      "side_mean": -62.09561538696289
    }
  ],
  "bandwidth": 601.9491577148438,
  "channels": 2,
  "covariance": [
    [
      61.673973083496094,
      43.88418197631836,
      15.291337013244629,
      9.594985008239746,
      14.919264793395996,
      15.015495300292969,
      16.7518253326416,
      15.989729881286621,
      19.49960708618164,
      19.5136775970459,
      17.667314529418945,
      17.628751754760742,
      18.20988655090332,
      17.84966468811035,
      12.007877349853516,
      8.731466293334961,
      4.671150207519531,
      1.764750361442566
    ],
    [
      43.88418197631836,
      53.701351165771484,
      10.10196304321289,
      5.571753978729248,
      12.451752662658691,
      14.200538635253906,
      14.766807556152344,
      15.442662239074707,
      16.243751525878906,
      16.059511184692383,
      13.71502685546875,
      13.797831535339355,
      14.571210861206055,
      14.017419815063477,
      7.901535511016846,
      5.64633321762085,
      2.8865535259246826,
      1.0313265323638916
    ],
    [
      15.291337013244629,
      10.10196304321289,
      32.67546081542969,
      22.50804901123047,
      17.309337615966797,
      14.859810829162598,
      24.51908302307129,
      22.88106918334961,
      27.22068214416504,
      26.66480827331543,
      26.986011505126953,
      27.33599853515625,
      26.492366790771484,
      25.102458953857422,
      15.257023811340332,
      10.590838432312012,
      4.492038249969482,
      1.4803836345672607
    ],
    [
      9.594985008239746,
      5.571753978729248,
      22.50804901123047,
      26.114215850830078,
      13.235740661621094,
      11.466891288757324,
      16.283714294433594,
      16.139225006103516,
      18.20692253112793,
      17.671985626220703,
      18.406185150146484,
      18.91441535949707,
      17.81366729736328,
      16.967018127441406,
      9.941946983337402,
      6.851847171783447,
      2.829524040222168,
      0.9756878614425659
    ],
    [
      14.919264793395996,
      12.451752662658691,
      17.309337615966797,
      13.235740661621094,
      39.17616271972656,
      27.157573699951172,
      27.86678695678711,
      25.059814453125,
      27.126976013183594,
      27.00023651123047,
      31.915939331054688,
      32.17107009887695,
      28.615612030029297,
      26.741605758666992,
      15.920145988464355,
      11.310155868530273,
      4.117801189422607,
      1.2765593528747559
    ],
    [
      15.015495300292969,
      14.200538635253906,
      14.859810829162598,
      11.466891288757324,
      27.157573699951172,
      25.90392303466797,
      24.237628936767578,
      22.692195892333984,
      23.7364501953125,
      23.611238479614258,
      26.584606170654297,
      27.156654357910156,
      23.643165588378906,
      22.41010284423828,
      13.821267127990723,
      9.928069114685059,
      3.780144453048706,
      1.1452393531799316
    ],
    [
      16.7518253326416,
      14.766807556152344,
      24.51908302307129,
      16.283714294433594,
      27.86678695678711,
      24.237628936767578,
      40.346256256103516,
      35.53293228149414,
      40.23277282714844,
      40.1802864074707,
      41.67665100097656,
      42.1635856628418,
      36.7540283203125,
      35.03915023803711,
      21.840604782104492,
      15.371843338012695,
      5.956651210784912,
      1.9223642349243164
    ],
    [
      15.989729881286621,
      15.442662239074707,
      22.88106918334961,
      16.139225006103516,
      25.059814453125,
      22.692195892333984,
      35.53293228149414,
      35.758399963378906,
      37.21430969238281,
      36.97724151611328,
      37.73912048339844,
      38.565284729003906,
      32.874263763427734,
      31.68170928955078,
      20.087575912475586,
      14.281177520751953,
      5.577250957489014,
      1.825038194656372
    ],
    [
      19.49960708618164,
      16.243751525878906,
      27.22068214416504,
      18.20692253112793,
      27.126976013183594,
      23.7364501953125,
      40.23277282714844,
      37.21430969238281,
      49.16876983642578,
      48.28213119506836,
      46.94044876098633,
      47.39120101928711,
      42.727256774902344,
      40.657997131347656,
      25.864896774291992,
      18.38402557373047,
      7.192929744720459,
      2.360597848892212
    ],
    [
      19.5136775970459,
      16.059511184692383,
      26.66480827331543,
      17.671985626220703,
      27.00023651123047,
      23.611238479614258,
      40.1802864074707,
      36.97724151611328,
      48.28213119506836,
      50.15529251098633,
      47.45618438720703,
      48.09767150878906,
      43.242610931396484,
      41.16569900512695,
      26.378692626953125,
      18.846189498901367,
      7.402594089508057,
      2.4058799743652344
    ],
    [
      17.667314529418945,
      13.71502685546875,
      26.986011505126953,
      18.406185150146484,
      31.915939331054688,
      26.584606170654297,
      41.67665100097656,
      37.73912048339844,
      46.94044876098633,
      47.45618438720703,
      51.908573150634766,
      51.438392639160156,
      45.17665481567383,
      43.08189392089844,
      27.724199295043945,
      19.80297088623047,
      7.646274089813232,
      2.394698143005371
    ],
    [
      17.628751754760742,
      13.797831535339355,
      27.33599853515625,
      18.91441535949707,
      32.17107009887695,
      27.156654357910156,
      42.1635856628418,
      38.565284729003906,
      47.39120101928711,
      48.09767150878906,
      51.438392639160156,
      53.1067008972168,
      45.12149429321289,
      43.0197868347168,
      28.0938777923584,
      20.113983154296875,
      7.676314830780029,
      2.366947889328003
    ],
    [
      18.20988655090332,
      14.571210861206055,
      26.492366790771484,
      17.81366729736328,
      28.615612030029297,
      23.643165588378906,
      36.7540283203125,
      32.874263763427734,
      42.727256774902344,
      43.242610931396484,
      45.17665481567383,
      45.12149429321289,
      55.28120040893555,
      50.23591613769531,
      28.52762222290039,
      20.041927337646484,
      9.159460067749023,
      5.812063694000244
    ],
    [
      17.84966468811035,
      14.017419815063477,
      25.102458953857422,
      16.967018127441406,
      26.741605758666992,
      22.41010284423828,
      35.03915023803711,
      31.68170928955078,
      40.657997131347656,
      41.16569900512695,
      43.08189392089844,
      43.0197868347168,
      50.23591613769531,
      47.14447784423828,
      26.954458236694336,
      19.074941635131836,
      8.61873722076416,
      5.2824225425720215
    ],
    [
      12.007877349853516,
      7.901535511016846,
      15.257023811340332,
      9.941946983337402,
      15.920145988464355,
      13.821267127990723,
      21.840604782104492,
      20.087575912475586,
      25.864896774291992,
      26.378692626953125,
      27.724199295043945,
      28.0938777923584,
      28.52762222290039,
      26.954458236694336,
      20.71743392944336,
      15.133010864257812,
      6.548846244812012,
      3.045631170272827
    ],
    [
      8.731466293334961,
      5.64633321762085,
      10.590838432312012,
      6.851847171783447,
      11.310155868530273,
      9.928069114685059,
      15.371843338012695,
      14.281177520751953,
      18.38402557373047,
      18.846189498901367,
      19.80297088623047,
      20.113983154296875,
      20.041927337646484,
      19.074941635131836,
      15.133010864257812,
      11.403051376342773,
      4.92802095413208,
      2.1847686767578125
    ],
    [
      4.671150207519531,
      2.8865535259246826,
      4.492038249969482,
      2.829524040222168,
      4.117801189422607,
      3.780144453048706,
      5.956651210784912,
      5.577250957489014,
      7.192929744720459,
      7.402594089508057,
      7.646274089813232,
      7.676314830780029,
      9.159460067749023,
      8.61873722076416,
      6.548846244812012,
      4.92802095413208,
      3.2152838706970215,
      1.7100448608398438
    ],
    [
      1.764750361442566,
      1.0313265323638916,
      1.4803836345672607,
      0.9756878614425659,
      1.2765593528747559,
      1.1452393531799316,
      1.9223642349243164,
      1.825038194656372,
      2.360597848892212,
      2.4058799743652344,
      2.394698143005371,
      2.366947889328003,
      5.812063694000244,
      5.2824225425720215,
      3.045631170272827,
      2.1847686767578125,
      1.7100448608398438,
      2.546405553817749
    ]
  ],
  "covariance_short": [
    [
      72.86646270751953,
      45.48454666137695,
      13.607687950134277,
      7.231665134429932,
      10.86640739440918,
      7.3939738273620605,
      5.555880546569824,
      6.394817352294922,
      4.612384796142578,
      3.438791036605835,
      3.8778586387634277,
      2.6730539798736572,
      5.717702388763428,
      5.568315505981445,
      2.3380849361419678,
      0.9238284230232239,
      1.9143168926239014,
      1.2356746196746826
    ],
    [
      45.48454666137695,
      59.30805206298828,
      11.023113250732422,
      7.663552761077881,
      9.7906494140625,
      8.75174331665039,
      6.718629360198975,
      8.1953763961792,
      7.044188022613525,
      6.490129470825195,
      5.972227573394775,
      5.45894193649292,
      14.087879180908203,
      12.850382804870605,
      5.697152137756348,
      3.486670732498169,
      3.6219587326049805,
      4.258739948272705
    ],
    [
      13.607687950134277,
      11.023113250732422,
      33.6378173828125,
      19.144792556762695,
      19.139936447143555,
      16.42176628112793,
      24.581600189208984,
      23.021366119384766,
      28.34562873840332,
      27.483997344970703,
      27.97637176513672,
      28.544559478759766,
      27.576290130615234,
      26.06231117248535,
      16.079967498779297,
      11.41690444946289,
      5.057706356048584,
      1.5740299224853516
    ],
    [
      7.231665134429932,
      7.663552761077881,
      19.144792556762695,
      24.89504623413086,
      14.242956161499023,
      13.708343505859375,
      17.406902313232422,
      17.643970489501953,
      19.64714241027832,
      19.090381622314453,
      19.24371910095215,
      19.67734718322754,
      18.981185913085938,
      18.04903221130371,
      10.407508850097656,
      7.349863529205322,
      2.9820194244384766,
      0.9315766096115112
    ],
    [
      10.86640739440918,
      9.7906494140625,
      19.139936447143555,
      14.242956161499023,
      43.632476806640625,
      27.05855369567871,
      28.746109008789062,
      25.9634952545166,
      28.842819213867188,
      28.97563934326172,
      33.24393844604492,
      33.19063949584961,
      30.306293487548828,
      28.26199722290039,
      16.702701568603516,
      11.811129570007324,
      4.586819171905518,
      1.379509449005127
    ],
    [
      7.3939738273620605,
      8.75174331665039,
      16.42176628112793,
      13.708343505859375,
      27.05855369567871,
      30.228452682495117,
      24.59177017211914,
      23.23711585998535,
      25.08624839782715,
      24.76007080078125,
      27.590925216674805,
      28.260469436645508,
      24.625146865844727,
      23.277442932128906,
      14.008557319641113,
      10.042415618896484,
      3.9829955101013184,
      1.1715116500854492
    ],
    [
      5.555880546569824,
      6.718629360198975,
      24.581600189208984,
      17.406902313232422,
      28.746109008789062,
      24.59177017211914,
      41.76552963256836,
      34.54425048828125,
      39.2646484375,
      38.6645622253418,
      41.39628982543945,
      42.354515075683594,
      36.343162536621094,
      34.473567962646484,
      21.50273323059082,
      15.222722053527832,
      6.198171138763428,
      1.9720170497894287
    ],
    [
      6.394817352294922,
      8.1953763961792,
      23.021366119384766,
      17.643970489501953,
      25.9634952545166,
      23.23711585998535,
      34.54425048828125,
      38.533843994140625,
      35.866336822509766,
      35.277801513671875,
      37.56968307495117,
      38.7701301574707,
      32.37981414794922,
      31.075183868408203,
      19.520267486572266,
      13.962445259094238,
      5.683255195617676,
      1.9156994819641113
    ],
    [
      4.612384796142578,
      7.044188022613525,
      28.34562873840332,
      19.64714241027832,
      28.842819213867188,
      25.08624839782715,
      39.2646484375,
      35.866336822509766,
      51.2825813293457,
      47.444236755371094,
      48.64840316772461,
      49.78419494628906,
      43.51353073120117,
      41.219749450683594,
      25.730676651000977,
      18.268875122070312,
      7.347104072570801,
      2.389871835708618
    ],
    [
      3.438791036605835,
      6.490129470825195,
      27.483997344970703,
      19.090381622314453,
      28.97563934326172,
      24.76007080078125,
      38.6645622253418,
      35.277801513671875,
      47.444236755371094,
      50.6436767578125,
      48.29047775268555,
      49.45327377319336,
      43.052406311035156,
      40.86034393310547,
      25.57253646850586,
      18.253250122070312,
      7.304117202758789,
      2.372244358062744
    ],
    [
      3.8778586387634277,
      5.972227573394775,
      27.97637176513672,
      19.24371910095215,
      33.24393844604492,
      27.590925216674805,
      41.39628982543945,
      37.56968307495117,
      48.64840316772461,
      48.29047775268555,
      56.69221115112305,
      55.8813591003418,
      47.31153869628906,
      44.823951721191406,
      28.8326358795166,
      20.660747528076172,
      8.256887435913086,
      2.499717950820923
    ],
    [
      2.6730539798736572,
      5.45894193649292,
      28.544559478759766,
      19.67734718322754,
      33.19063949584961,
      28.260469436645508,
      42.354515075683594,
      38.7701301574707,
      49.78419494628906,
      49.45327377319336,
      55.8813591003418,
      61.76304626464844,
      47.99065399169922,
      45.50997543334961,
      29.75597381591797,
      21.41880226135254,
      8.589127540588379,
      2.586177349090576
    ],
    [
      5.717702388763428,
      14.087879180908203,
      27.576290130615234,
      18.981185913085938,
      30.306293487548828,
      24.625146865844727,
      36.343162536621094,
      32.37981414794922,
      43.51353073120117,
      43.052406311035156,
      47.31153869628906,
      47.99065399169922,
      58.887386322021484,
      51.718135833740234,
      29.46527671813965,
      20.807802200317383,
      9.72315502166748,
      5.956648349761963
    ],
    [
      5.568315505981445,
      12.850382804870605,
      26.06231117248535,
      18.04903221130371,
      28.26199722290039,
      23.277442932128906,
      34.473567962646484,
      31.075183868408203,
      41.219749450683594,
      40.86034393310547,
      44.823951721191406,
      45.50997543334961,
      51.718135833740234,
      49.62043380737305,
      27.539718627929688,
      19.600547790527344,
      9.032330513000488,
      5.380880355834961
    ],
    [
      2.3380849361419678,
      5.697152137756348,
      16.079967498779297,
      10.407508850097656,
      16.702701568603516,
      14.008557319641113,
      21.50273323059082,
      19.520267486572266,
      25.730676651000977,
      25.57253646850586,
      28.8326358795166,
      29.75597381591797,
      29.46527671813965,
      27.539718627929688,
      21.409914016723633,
      15.455425262451172,
      6.897624969482422,
      3.121659755706787
    ],
    [
      0.9238284230232239,
      3.486670732498169,
      11.41690444946289,
      7.349863529205322,
      11.811129570007324,
      10.042415618896484,
      15.222722053527832,
      13.962445259094238,
      18.268875122070312,
      18.253250122070312,
      20.660747528076172,
      21.41880226135254,
      20.807802200317383,
      19.600547790527344,
      15.455425262451172,
      11.773429870605469,
      5.18096923828125,
      2.251898765563965
    ],
    [
      1.9143168926239014,
      3.6219587326049805,
      5.057706356048584,
      2.9820194244384766,
      4.586819171905518,
      3.9829955101013184,
      6.198171138763428,
      5.683255195617676,
      7.347104072570801,
      7.304117202758789,
      8.256887435913086,
      8.589127540588379,
      9.72315502166748,
      9.032330513000488,
      6.897624969482422,
      5.18096923828125,
      3.927044630050659,
      1.7836103439331055
    ],
    [
      1.2356746196746826,
      4.258739948272705,
      1.5740299224853516,
      0.9315766096115112,
      1.379509449005127,
      1.1715116500854492,
      1.9720170497894287,
      1.9156994819641113,
      2.389871835708618,
      2.372244358062744,
      2.499717950820923,
      2.586177349090576,
      5.956648349761963,
      5.380880355834961,
      3.121659755706787,
      2.251898765563965,
      1.7836103439331055,
      2.871229887008667
    ]
  ],
  "damage": -9.394085884094238,
  "diff_bandwidth": 634.0814819335938,
  "dissonance": 4.209921731814924,
  "drr": 9.530922889709473,
  "dynamics": 4.421392917633057,
  "format": 1245190,
  "frames": 11699136,
  "loudness": -21.03786277770996,
  "loudness_range": 13.661606788635254,
  "loudness_range_short": 14.16532039642334,
  "lowpass_true_peak_15khz": -1.482446312904358,
  "mastering3_acoustic_entropies": [
    {
      "acoustic_entropy": 5.639918804168701,
      "acoustic_entropy_mono": 5.5782060623168945,
      "band_eliminated_acoustic_entropies": [
        {
          "acoustic_entropy": 5.637673377990723,
          "acoustic_entropy_side": 5.639800548553467,
          "hz": 129.47220167065723
        },
        {
          "acoustic_entropy": 5.710983753204346,
          "acoustic_entropy_side": 5.633942604064941,
          "hz": 202.92927478742237
        },
        {
          "acoustic_entropy": 5.812269687652588,
          "acoustic_entropy_side": 5.645110607147217,
          "hz": 282.89161906338205
        },
        {
          "acoustic_entropy": 5.348586559295654,
          "acoustic_entropy_side": 5.706415176391602,
          "hz": 369.9353335868758
        },
        {
          "acoustic_entropy": 5.8854217529296875,
          "acoustic_entropy_side": 5.64788293838501,
          "hz": 464.6875360973435
        },
        {
          "acoustic_entropy": 5.841280937194824,
          "acoustic_entropy_side": 5.731031894683838,
          "hz": 567.8308811364784
        },
        {
          "acoustic_entropy": 5.330711841583252,
          "acoustic_entropy_side": 5.555952548980713,
          "hz": 680.1084783214808
        },
        {
          "acoustic_entropy": 5.7166595458984375,
          "acoustic_entropy_side": 5.556514739990234,
          "hz": 802.3292461747484
        },
        {
          "acoustic_entropy": 5.775193691253662,
          "acoustic_entropy_side": 5.604902267456055,
          "hz": 935.3737400823702
        },
        {
          "acoustic_entropy": 5.4289021492004395,
          "acoustic_entropy_side": 5.56873893737793,
          "hz": 1080.2004963696966
        },
        {
          "acoustic_entropy": 5.646059513092041,
          "acoustic_entropy_side": 5.642084121704102,
          "hz": 1237.8529382007157
        },
        {
          "acoustic_entropy": 5.576324939727783,
          "acoustic_entropy_side": 5.61914587020874,
          "hz": 1409.4668930556702
        },
        {
          "acoustic_entropy": 5.6727728843688965,
          "acoustic_entropy_side": 5.636742115020752,
          "hz": 1596.2787759475705
        },
        {
          "acoustic_entropy": 5.691164493560791,
          "acoustic_entropy_side": 5.625990390777588,
          "hz": 1799.6344973346393
        },
        {
          "acoustic_entropy": 5.601683616638184,
          "acoustic_entropy_side": 5.60811185836792,
          "hz": 2020.9991599069049
        },
        {
          "acoustic_entropy": 5.626864433288574,
          "acoustic_entropy_side": 5.638238906860352,
          "hz": 2261.9676141086993
        },
        {
          "acoustic_entropy": 5.614026069641113,
          "acoustic_entropy_side": 5.634930610656738,
          "hz": 2524.2759484456974
        },
        {
          "acoustic_entropy": 5.400507926940918,
          "acoustic_entropy_side": 5.472658634185791,
          "hz": 2809.813997359896
        },
        {
          "acoustic_entropy": 5.621102333068848,
          "acoustic_entropy_side": 5.608140468597412,
          "hz": 3120.6389567871424
        },
        {
          "acoustic_entropy": 5.597482204437256,
          "acoustic_entropy_side": 5.620741367340088,
          "hz": 3458.990205492291
        },
        {
          "acoustic_entropy": 5.6397480964660645,
          "acoustic_entropy_side": 5.6284499168396,
          "hz": 3827.305438964164
        },
        {
          "acoustic_entropy": 5.669276714324951,
          "acoustic_entropy_side": 5.634124279022217,
          "hz": 4228.238232109126
        },
        {
          "acoustic_entropy": 5.650819778442383,
          "acoustic_entropy_side": 5.639253616333008,
          "hz": 4664.6771572759235
        },
        {
          "acoustic_entropy": 5.636660099029541,
          "acoustic_entropy_side": 5.639631271362305,
          "hz": 5139.766595350093
        },
        {
          "acoustic_entropy": 5.639659881591797,
          "acoustic_entropy_side": 5.639853477478027,
          "hz": 5656.929389854203
        },
        {
          "acoustic_entropy": 5.639486789703369,
          "acoustic_entropy_side": 5.639720439910889,
          "hz": 6219.891507268283
        },
        {
          "acoustic_entropy": 5.639873504638672,
          "acoustic_entropy_side": 5.639909744262695,
          "hz": 6832.70888123896
        },
        {
          "acoustic_entropy": 5.639862060546875,
          "acoustic_entropy_side": 5.639911651611328,
          "hz": 7499.796634079867
        },
        {
          "acoustic_entropy": 5.639889240264893,
          "acoustic_entropy_side": 5.639917850494385,
          "hz": 8225.96088609342
        },
        {
          "acoustic_entropy": 5.639909267425537,
          "acoustic_entropy_side": 5.639917850494385,
          "hz": 9016.43338188839
        },
        {
          "acoustic_entropy": 5.639915943145752,
          "acoustic_entropy_side": 5.639918327331543,
          "hz": 9876.909183162974
        },
        {
          "acoustic_entropy": 5.639921188354492,
          "acoustic_entropy_side": 5.639920234680176,
          "hz": 10813.587699516042
        },
        {
          "acoustic_entropy": 5.639919281005859,
          "acoustic_entropy_side": 5.639918327331543,
          "hz": 11833.21735289826
        },
        {
          "acoustic_entropy": 5.639918327331543,
          "acoustic_entropy_side": 5.639919281005859,
          "hz": 12943.144197493959
        },
        {
          "acoustic_entropy": 5.639918804168701,
          "acoustic_entropy_side": 5.639919281005859,
          "hz": 14151.364845322005
        },
        {
          "acoustic_entropy": 5.639919281005859,
          "acoustic_entropy_side": 5.639918804168701,
          "hz": 15466.58407886509
        },
        {
          "acoustic_entropy": 5.639918804168701,
          "acoustic_entropy_side": 5.639918804168701,
          "hz": 16898.27756580493
        },
        {
          "acoustic_entropy": 5.639919757843018,
          "acoustic_entropy_side": 5.639919757843018,
          "hz": 18456.760127700032
        },
        {
          "acoustic_entropy": 5.639918804168701,
          "acoustic_entropy_side": 5.639918804168701,
          "hz": 20153.260054456492
        },
        {
          "acoustic_entropy": 5.639918804168701,
          "acoustic_entropy_side": 5.639918804168701,
          "hz": 22000.00000000001
        }
      ],
      "diff_acoustic_entropy": 2.6467885971069336,
      "sn": 6
    },
    {
      "acoustic_entropy": 8.930119514465332,
      "acoustic_entropy_mono": 8.243488311767578,
      "band_eliminated_acoustic_entropies": [
        {
          "acoustic_entropy": 8.91792106628418,
          "acoustic_entropy_side": 8.931366920471191,
          "hz": 129.47220167065723
        },
        {
          "acoustic_entropy": 8.485321998596191,
          "acoustic_entropy_side": 8.7708158493042,
          "hz": 202.92927478742237
        },
        {
          "acoustic_entropy": 8.775065422058105,
          "acoustic_entropy_side": 8.839285850524902,
          "hz": 282.89161906338205
        },
        {
          "acoustic_entropy": 8.843300819396973,
          "acoustic_entropy_side": 9.17891788482666,
          "hz": 369.9353335868758
        },
        {
          "acoustic_entropy": 8.958638191223145,
          "acoustic_entropy_side": 9.194121360778809,
          "hz": 464.6875360973435
        },
        {
          "acoustic_entropy": 8.8837251663208,
          "acoustic_entropy_side": 8.895391464233398,
          "hz": 567.8308811364784
        },
        {
          "acoustic_entropy": 7.954344272613525,
          "acoustic_entropy_side": 8.63532543182373,
          "hz": 680.1084783214808
        },
        {
          "acoustic_entropy": 8.540818214416504,
          "acoustic_entropy_side": 8.897051811218262,
          "hz": 802.3292461747484
        },
        {
          "acoustic_entropy": 9.092933654785156,
          "acoustic_entropy_side": 8.801508903503418,
          "hz": 935.3737400823702
        },
        {
          "acoustic_entropy": 8.988626480102539,
          "acoustic_entropy_side": 9.214404106140137,
          "hz": 1080.2004963696966
        },
        {
          "acoustic_entropy": 9.13674545288086,
          "acoustic_entropy_side": 9.286358833312988,
          "hz": 1237.8529382007157
        },
        {
          "acoustic_entropy": 8.627450942993164,
          "acoustic_entropy_side": 8.928497314453125,
          "hz": 1409.4668930556702
        },
        {
          "acoustic_entropy": 8.896178245544434,
          "acoustic_entropy_side": 8.84926700592041,
          "hz": 1596.2787759475705
        },
        {
          "acoustic_entropy": 8.740280151367188,
          "acoustic_entropy_side": 8.928995132446289,
          "hz": 1799.6344973346393
        },
        {
          "acoustic_entropy": 8.910303115844727,
          "acoustic_entropy_side": 9.0591402053833,
          "hz": 2020.9991599069049
        },
        {
          "acoustic_entropy": 8.794198036193848,
          "acoustic_entropy_side": 8.868223190307617,
          "hz": 2261.9676141086993
        },
        {
          "acoustic_entropy": 9.351447105407715,
          "acoustic_entropy_side": 9.323446273803711,
          "hz": 2524.2759484456974
        },
        {
          "acoustic_entropy": 8.899931907653809,
          "acoustic_entropy_side": 8.740326881408691,
          "hz": 2809.813997359896
        },
        {
          "acoustic_entropy": 9.061339378356934,
          "acoustic_entropy_side": 9.083931922912598,
          "hz": 3120.6389567871424
        },
        {
          "acoustic_entropy": 8.937405586242676,
          "acoustic_entropy_side": 8.886505126953125,
          "hz": 3458.990205492291
        },
        {
          "acoustic_entropy": 8.80566692352295,
          "acoustic_entropy_side": 8.858325004577637,
          "hz": 3827.305438964164
        },
        {
          "acoustic_entropy": 8.820505142211914,
          "acoustic_entropy_side": 8.873601913452148,
          "hz": 4228.238232109126
        },
        {
          "acoustic_entropy": 8.816842079162598,
          "acoustic_entropy_side": 8.87192440032959,
          "hz": 4664.6771572759235
        },
        {
          "acoustic_entropy": 8.898995399475098,
          "acoustic_entropy_side": 8.896039962768555,
          "hz": 5139.766595350093
        },
        {
          "acoustic_entropy": 8.923209190368652,
          "acoustic_entropy_side": 8.9275484085083,
          "hz": 5656.929389854203
        },
        {
          "acoustic_entropy": 8.9315824508667,
          "acoustic_entropy_side": 8.931425094604492,
          "hz": 6219.891507268283
        },
        {
          "acoustic_entropy": 8.926971435546875,
          "acoustic_entropy_side": 8.929433822631836,
          "hz": 6832.70888123896
        },
        {
          "acoustic_entropy": 8.92699146270752,
          "acoustic_entropy_side": 8.929698944091797,
          "hz": 7499.796634079867
        },
        {
          "acoustic_entropy": 8.928962707519531,
          "acoustic_entropy_side": 8.929993629455566,
          "hz": 8225.96088609342
        },
        {
          "acoustic_entropy": 8.92985725402832,
          "acoustic_entropy_side": 8.930094718933105,
          "hz": 9016.43338188839
        },
        {
          "acoustic_entropy": 8.930109977722168,
          "acoustic_entropy_side": 8.930146217346191,
          "hz": 9876.909183162974
        },
        {
          "acoustic_entropy": 8.930193901062012,
          "acoustic_entropy_side": 8.930134773254395,
          "hz": 10813.587699516042
        },
        {
          "acoustic_entropy": 8.930113792419434,
          "acoustic_entropy_side": 8.930122375488281,
          "hz": 11833.21735289826
        },
        {
          "acoustic_entropy": 8.930132865905762,
          "acoustic_entropy_side": 8.930124282836914,
          "hz": 12943.144197493959
        },
        {
          "acoustic_entropy": 8.93011474609375,
          "acoustic_entropy_side": 8.930120468139648,
          "hz": 14151.364845322005
        },
        {
          "acoustic_entropy": 8.930118560791016,
          "acoustic_entropy_side": 8.930120468139648,
          "hz": 15466.58407886509
        },
        {
          "acoustic_entropy": 8.930119514465332,
          "acoustic_entropy_side": 8.930120468139648,
          "hz": 16898.27756580493
        },
        {
          "acoustic_entropy": 8.930122375488281,
          "acoustic_entropy_side": 8.9301176071167,
          "hz": 18456.760127700032
        },
        {
          "acoustic_entropy": 8.930120468139648,
          "acoustic_entropy_side": 8.930119514465332,
          "hz": 20153.260054456492
        },
        {
          "acoustic_entropy": 8.930119514465332,
          "acoustic_entropy_side": 8.930120468139648,
          "hz": 22000.00000000001
        }
      ],
      "diff_acoustic_entropy": 4.046276569366455,
      "sn": 12
    },
    {
      "acoustic_entropy": 13.544829368591309,
      "acoustic_entropy_mono": 11.854570388793945,
      "band_eliminated_acoustic_entropies": [
        {
          "acoustic_entropy": 13.505207061767578,
          "acoustic_entropy_side": 13.515813827514648,
          "hz": 129.47220167065723
        },
        {
          "acoustic_entropy": 12.904414176940918,
          "acoustic_entropy_side": 13.81255054473877,
          "hz": 202.92927478742237
        },
        {
          "acoustic_entropy": 13.694541931152344,
          "acoustic_entropy_side": 13.344529151916504,
          "hz": 282.89161906338205
        },
        {
          "acoustic_entropy": 12.69841194152832,
          "acoustic_entropy_side": 14.004328727722168,
          "hz": 369.9353335868758
        },
        {
          "acoustic_entropy": 12.39745807647705,
          "acoustic_entropy_side": 13.283982276916504,
          "hz": 464.6875360973435
        },
        {
          "acoustic_entropy": 13.464869499206543,
          "acoustic_entropy_side": 13.833905220031738,
          "hz": 567.8308811364784
        },
        {
          "acoustic_entropy": 12.731042861938477,
          "acoustic_entropy_side": 13.439884185791016,
          "hz": 680.1084783214808
        },
        {
          "acoustic_entropy": 13.517754554748535,
          "acoustic_entropy_side": 13.132711410522461,
          "hz": 802.3292461747484
        },
        {
          "acoustic_entropy": 13.038739204406738,
          "acoustic_entropy_side": 13.523446083068848,
          "hz": 935.3737400823702
        },
        {
          "acoustic_entropy": 14.181231498718262,
          "acoustic_entropy_side": 13.966325759887695,
          "hz": 1080.2004963696966
        },
        {
          "acoustic_entropy": 14.203311920166016,
          "acoustic_entropy_side": 13.871683120727539,
          "hz": 1237.8529382007157
        },
        {
          "acoustic_entropy": 12.869020462036133,
          "acoustic_entropy_side": 13.961416244506836,
          "hz": 1409.4668930556702
        },
        {
          "acoustic_entropy": 13.052329063415527,
          "acoustic_entropy_side": 13.259101867675781,
          "hz": 1596.2787759475705
        },
        {
          "acoustic_entropy": 13.066950798034668,
          "acoustic_entropy_side": 13.680832862854004,
          "hz": 1799.6344973346393
        },
        {
          "acoustic_entropy": 13.368363380432129,
          "acoustic_entropy_side": 13.310606956481934,
          "hz": 2020.9991599069049
        },
        {
          "acoustic_entropy": 13.578832626342773,
          "acoustic_entropy_side": 13.441357612609863,
          "hz": 2261.9676141086993
        },
        {
          "acoustic_entropy": 13.855681419372559,
          "acoustic_entropy_side": 14.098894119262695,
          "hz": 2524.2759484456974
        },
        {
          "acoustic_entropy": 12.299982070922852,
          "acoustic_entropy_side": 12.153524398803711,
          "hz": 2809.813997359896
        },
        {
          "acoustic_entropy": 13.544319152832031,
          "acoustic_entropy_side": 13.575684547424316,
          "hz": 3120.6389567871424
        },
        {
          "acoustic_entropy": 13.690629005432129,
