{
  "acoustic_entropy": 120.21743774414062,
  "bands": [
    {
      "high_freq": 148.1999969482422,
      "loudness": -67.17912292480469,
      "loudness_range": 22.295108795166016,
      "mid_mean": -62.411590576171875,
      "mid_to_side_loudness": -8.378419876098633,
      "mid_to_side_loudness_range": 6.978260040283203,
      "side_mean": -66.69721984863281
    },
    {
      "high_freq": 392.3793640136719,
      "loudness": -50.09303665161133,
      "loudness_range": 35.39997863769531,
      "low_freq": 148.1999969482422,
      "mid_mean": -48.888675689697266,
      "mid_to_side_loudness": -7.554172039031982,
      "mid_to_side_loudness_range": 9.306408882141113,
      "side_mean": -56.02366638183594
    },
    {
      "high_freq": 794.6976318359375,
      "loudness": -43.69963455200195,
      "loudness_range": 31.269804000854492,
      "low_freq": 392.3793640136719,
      "mid_mean": -42.45281219482422,
      "mid_to_side_loudness": -3.86808443069458,
      "mid_to_side_loudness_range": 8.341022491455078,
      "side_mean": -46.928558349609375
    },
    {
      "high_freq": 1457.5709228515625,
      "loudness": -47.491905212402344,
      "loudness_range": 32.88397979736328,
      "low_freq": 794.6976318359375,
      "mid_mean": -48.02656173706055,
      "mid_to_side_loudness": -2.673828125,
      "mid_to_side_loudness_range": 7.765908241271973,
      "side_mean": -51.5624885559082
    },
    {
      "high_freq": 2549.74365234375,
      "loudness": -52.41513442993164,
      "loudness_range": 34.51595687866211,
      "low_freq": 1457.5709228515625,
      "mid_mean": -56.814937591552734,
      "mid_to_side_loudness": -1.6753407716751099,
      "mid_to_side_loudness_range": 7.037621021270752,
      "side_mean": -57.852684020996094
    },
    {
      "high_freq": 4349.24462890625,
      "loudness": -59.397579193115234,
      "loudness_range": 33.15631866455078,
      "low_freq": 2549.74365234375,
      "mid_mean": -64.07343292236328,
      "mid_to_side_loudness": -2.3508503437042236,
      "mid_to_side_loudness_range": 8.866463661193848,
      "side_mean": -64.82582092285156
    },
    {
      "high_freq": 7314.1640625,
      "loudness": -67.27987670898438,
      "loudness_range": 25.49270248413086,
      "low_freq": 4349.24462890625,
      "mid_mean": -68.54268646240234,
      "mid_to_side_loudness": -0.4838968515396118,
      "mid_to_side_loudness_range": 4.479298114776611,
      "side_mean": -68.53411865234375
    },
    {
      "high_freq": 12199.2666015625,
      "loudness": -76.44661712646484,
      "loudness_range": 20.32634735107422,
      "low_freq": 7314.1640625,
      "mid_mean": -69.7186508178711,
      "mid_to_side_loudness": -0.9435816407203674,
      "mid_to_side_loudness_range": 3.2435731887817383,
      "side_mean": -69.74978637695312
    },
    {
      "loudness": 0,
      "loudness_range": 0,
      "low_freq": 12199.2666015625,
      "mid_mean": -69.97372436523438,
      "mid_to_side_loudness": -0.9327219724655151,
      "mid_to_side_loudness_range": 2.0210139751434326,
      "side_mean": -69.97833251953125
    }
  ],
  "bands_short": [
    {
      "high_freq": 148.1999969482422,
      "loudness": -69.63190460205078,
      "loudness_range": 20.998085021972656,
      "mid_mean": -64.16717529296875,
      "mid_to_side_loudness": -9.18891716003418,
      "mid_to_side_loudness_range": 12.011796951293945,
      "side_mean": -68.02266693115234
    },
    {
      "high_freq": 392.3793640136719,
      "loudness": -51.59345245361328,
      "loudness_range": 34.83824157714844,
      "low_freq": 148.1999969482422,
      "mid_mean": -51.22643280029297,
      "mid_to_side_loudness": -7.063642501831055,
      "mid_to_side_loudness_range": 11.373804092407227,
      "side_mean": -57.0404167175293
    },
    {
      "high_freq": 794.6976318359375,
      "loudness": -44.41093063354492,
      "loudness_range": 32.72194290161133,
      "low_freq": 392.3793640136719,
      "mid_mean": -43.813629150390625,
      "mid_to_side_loudness": -3.9738516807556152,
      "mid_to_side_loudness_range": 10.294572830200195,
      "side_mean": -49.300079345703125
    },
    {
      "high_freq": 1457.5709228515625,
      "loudness": -47.22299575805664,
      "loudness_range": 33.45089340209961,
      "low_freq": 794.6976318359375,
      "mid_mean": -47.94284439086914,
      "mid_to_side_loudness": -2.8547425270080566,
      "mid_to_side_loudness_range": 8.323097229003906,
      "side_mean": -51.73837661743164
    },
    {
      "high_freq": 2549.74365234375,
      "loudness": -53.69127655029297,
      "loudness_range": 34.36321258544922,
      "low_freq": 1457.5709228515625,
      "mid_mean": -57.84756088256836,
      "mid_to_side_loudness": -1.5516399145126343,
      "mid_to_side_loudness_range": 9.693225860595703,
      "side_mean": -58.82560348510742
    },
    {
      "high_freq": 4349.24462890625,
      "loudness": -60.95866394042969,
      "loudness_range": 33.007286071777344,
      "low_freq": 2549.74365234375,
      "mid_mean": -64.41864776611328,
      "mid_to_side_loudness": -2.2398672103881836,
      "mid_to_side_loudness_range": 11.949420928955078,
      "side_mean": -65.15548706054688
    },
    {
      "high_freq": 7314.1640625,
      "loudness": -69.26789093017578,
      "loudness_range": 26.68368148803711,
      "low_freq": 4349.24462890625,
      "mid_mean": -68.85307312011719,
      "mid_to_side_loudness": -0.537427544593811,
      "mid_to_side_loudness_range": 7.609893798828125,
      "side_mean": -68.8366928100586
    },
    {
      "high_freq": 12199.2666015625,
      "loudness": -76.56462860107422,
      "loudness_range": 20.407299041748047,
      "low_freq": 7314.1640625,
      "mid_mean": -69.79759979248047,
      "mid_to_side_loudness": -0.9039328098297119,
      "mid_to_side_loudness_range": 4.081484794616699,
      "side_mean": -69.814208984375
    },
    {
      "loudness": -83.4869155883789,
      "loudness_range": 14.800468444824219,
      "low_freq": 12199.2666015625,
      "mid_mean": -69.97447967529297,
      "mid_to_side_loudness": -0.9627012014389038,
      "mid_to_side_loudness_range": 3.139711618423462,
      "side_mean": -69.97871398925781
    }
  ],
  "bandwidth": 738.54638671875,
  "channels": 2,
  "covariance": [
    [
      38.712005615234375,
      27.166059494018555,
      52.69631576538086,
      48.70701599121094,
      37.887027740478516,
      36.12508773803711,
      36.641876220703125,
      39.67475128173828,
      43.02971267700195,
      41.387210845947266,
      30.49020004272461,
      27.63774871826172,
      9.911520004272461,
      9.958481788635254,
      2.003300189971924,
      1.8469475507736206,
      0.07861248403787613,
      0.06794741749763489
    ],
    [
      27.166059494018555,
      21.468868255615234,
      34.772705078125,
      32.631813049316406,
      23.086103439331055,
      21.867067337036133,
      20.197525024414062,
      22.006139755249023,
      24.633377075195312,
      23.703964233398438,
      17.71832275390625,
      16.009151458740234,
      5.67359733581543,
      5.724539756774902,
      1.1307705640792847,
      1.0600866079330444,
      0.04028702899813652,
      0.03604888543486595
    ],
    [
      52.69631576538086,
      34.772705078125,
      168.26800537109375,
      139.2202911376953,
      104.59286499023438,
      103.17985534667969,
      88.00025939941406,
      92.12684631347656,
      92.70293426513672,
      89.24695587158203,
      62.35289001464844,
      55.2774658203125,
      17.317157745361328,
      17.406003952026367,
      3.2597954273223877,
      3.07061505317688,
      0.14012116193771362,
      0.11409904807806015
    ],
    [
      48.70701599121094,
      32.631813049316406,
      139.2202911376953,
      125.2716293334961,
      88.85912322998047,
      88.03697967529297,
      74.84551239013672,
      83.89054870605469,
      83.41897583007812,
      80.31551361083984,
      55.7397575378418,
      49.451656341552734,
      15.220283508300781,
      15.335947036743164,
      2.7589032649993896,
      2.6164298057556152,
      0.12019086629152298,
      0.10036023706197739
    ],
    [
      37.887027740478516,
      23.086103439331055,
      104.59286499023438,
      88.85912322998047,
      123.18775177001953,
      115.62107849121094,
      102.7678451538086,
      100.5551986694336,
      95.86881256103516,
      93.68681335449219,
      69.93598175048828,
      63.774688720703125,
      22.05816650390625,
      22.401952743530273,
      4.082251071929932,
      3.836426019668579,
      0.16139130294322968,
      0.1356128752231598
    ],
    [
      36.12508773803711,
      21.867067337036133,
      103.17985534667969,
      88.03697967529297,
      115.62107849121094,
      126.29106140136719,
      107.83988952636719,
      106.58505249023438,
      97.8720932006836,
      95.20182037353516,
      69.20494842529297,
      62.707374572753906,
      21.090721130371094,
      21.438100814819336,
      3.8598105907440186,
      3.591705322265625,
      0.14225831627845764,
      0.1225133165717125
    ],
    [
      36.641876220703125,
      20.197525024414062,
      88.00025939941406,
      74.84551239013672,
      102.7678451538086,
      107.83988952636719,
      147.689208984375,
      137.8400421142578,
      128.1116943359375,
      123.37043762207031,
      86.33405303955078,
      79.48892211914062,
      27.61445426940918,
      27.85166358947754,
      5.592159271240234,
      5.083611488342285,
      0.22279734909534454,
      0.18607595562934875
    ],
    [
      39.67475128173828,
      22.006139755249023,
      92.12684631347656,
      83.89054870605469,
      100.5551986694336,
      106.58505249023438,
      137.8400421142578,
      147.54464721679688,
      131.76751708984375,
      126.55323791503906,
      85.15483093261719,
      77.9502944946289,
      26.9352970123291,
      27.187345504760742,
      5.455328464508057,
      4.966320991516113,
      0.23807643353939056,
      0.1979319453239441
    ],
    [
      43.02971267700195,
      24.633377075195312,
      92.70293426513672,
      83.41897583007812,
      95.86881256103516,
      97.8720932006836,
      128.1116943359375,
      131.76751708984375,
      153.44078063964844,
      145.92767333984375,
      97.0424575805664,
      88.94062042236328,
      31.432838439941406,
      31.677593231201172,
      6.190454959869385,
      5.495851039886475,
      0.2565680742263794,
      0.21623332798480988
    ],
    [
      41.387210845947266,
      23.703964233398438,
      89.24695587158203,
      80.31551361083984,
      93.68681335449219,
      95.20182037353516,
      123.37043762207031,
      126.55323791503906,
      145.92767333984375,
      141.69949340820312,
      95.15633392333984,
      87.38810729980469,
      31.144664764404297,
      31.374671936035156,
      6.088472366333008,
      5.424121379852295,
      0.24467921257019043,
      0.20803268253803253
    ],
    [
      30.49020004272461,
      17.71832275390625,
      62.35289001464844,
      55.7397575378418,
      69.93598175048828,
      69.20494842529297,
      86.33405303955078,
      85.15483093261719,
      97.0424575805664,
      95.15633392333984,
      86.71562957763672,
      80.39887237548828,
      30.183374404907227,
      30.182832717895508,
      6.27183723449707,
      5.446685791015625,
      0.23096397519111633,
      0.19959889352321625
    ],
    [
      27.63774871826172,
      16.009151458740234,
      55.2774658203125,
      49.451656341552734,
      63.774688720703125,
      62.707374572753906,
      79.48892211914062,
      77.9502944946289,
      88.94062042236328,
      87.38810729980469,
      80.39887237548828,
      76.71058654785156,
      29.03948402404785,
      29.103300094604492,
      6.155188083648682,
      5.328347206115723,
      0.23203398287296295,
      0.19821348786354065
    ],
    [
      9.911520004272461,
      5.67359733581543,
      17.317157745361328,
      15.220283508300781,
      22.05816650390625,
      21.090721130371094,
      27.61445426940918,
      26.9352970123291,
      31.432838439941406,
      31.144664764404297,
      30.183374404907227,
      29.03948402404785,
      14.559295654296875,
      14.568791389465332,
      3.3894546031951904,
      3.048835277557373,
      0.1279364377260208,
      0.10955869406461716
    ],
    [
      9.958481788635254,
      5.724539756774902,
      17.406003952026367,
      15.335947036743164,
      22.401952743530273,
      21.438100814819336,
      27.85166358947754,
      27.187345504760742,
      31.677593231201172,
      31.374671936035156,
      30.182832717895508,
      29.103300094604492,
      14.568791389465332,
      14.788562774658203,
      3.4675633907318115,
      3.1517255306243896,
      0.13694532215595245,
      0.11609644442796707
    ],
    [
      2.003300189971924,
      1.1307705640792847,
      3.2597954273223877,
      2.7589032649993896,
      4.082251071929932,
      3.8598105907440186,
      5.592159271240234,
      5.455328464508057,
      6.190454959869385,
      6.088472366333008,
      6.27183723449707,
      6.155188083648682,
      3.3894546031951904,
      3.4675633907318115,
      1.1833690404891968,
      1.0522642135620117,
      0.051289625465869904,
      0.042170971632003784
    ],
    [
      1.8469475507736206,
      1.0600866079330444,
      3.07061505317688,
      2.6164298057556152,
      3.836426019668579,
      3.591705322265625,
      5.083611488342285,
      4.966320991516113,
      5.495851039886475,
      5.424121379852295,
      5.446685791015625,
      5.328347206115723,
      3.048835277557373,
      3.1517255306243896,
      1.0522642135620117,
      1.008730411529541,
      0.05096319690346718,
      0.04111405834555626
    ],
    [
      0.07861248403787613,
      0.04028702899813652,
      0.14012116193771362,
      0.12019086629152298,
      0.16139130294322968,
      0.14225831627845764,
      0.22279734909534454,
      0.23807643353939056,
      0.2565680742263794,
      0.24467921257019043,
      0.23096397519111633,
      0.23203398287296295,
      0.1279364377260208,
      0.13694532215595245,
      0.051289625465869904,
      0.05096319690346718,
      0.004962634760886431,
      0.0037508506793528795
    ],
    [
      0.06794741749763489,
      0.03604888543486595,
      0.11409904807806015,
      0.10036023706197739,
      0.1356128752231598,
      0.1225133165717125,
      0.18607595562934875,
      0.1979319453239441,
      0.21623332798480988,
      0.20803268253803253,
      0.19959889352321625,
      0.19821348786354065,
      0.10955869406461716,
      0.11609644442796707,
      0.042170971632003784,
      0.04111405834555626,
      0.0037508506793528795,
      0.002936387900263071
    ]
  ],
  "covariance_short": [
    [
      25.772676467895508,
      13.404826164245605,
      36.564762115478516,
      31.872587203979492,
      26.325698852539062,
      26.25303077697754,
      22.283628463745117,
      25.179433822631836,
      27.626811981201172,
      25.96847152709961,
      17.795198440551758,
      16.326826095581055,
      6.08930778503418,
      6.189894199371338,
      1.4308193922042847,
      1.3527143001556396,
      0.07133491337299347,
      0.06368942558765411
    ],
    [
      13.404826164245605,
      9.13748836517334,
      18.17042350769043,
      16.378826141357422,
      10.713030815124512,
      10.690962791442871,
      7.05763578414917,
      8.681957244873047,
      10.424507141113281,
      9.551643371582031,
      5.8378705978393555,
      5.3946757316589355,
      2.0701870918273926,
      2.105745315551758,
      0.5286540985107422,
      0.510417640209198,
      0.02520684152841568,
      0.023397216573357582
    ],
    [
      36.564762115478516,
      18.17042350769043,
      166.5373077392578,
      132.8238525390625,
      110.4913558959961,
      114.92341613769531,
      84.97627258300781,
      98.3647689819336,
      91.82656860351562,
      86.16371154785156,
      54.83905792236328,
      48.82070541381836,
      14.163914680480957,
      14.417058944702148,
      2.5322048664093018,
      2.394651412963867,
      0.15441714227199554,
      0.1259889453649521
    ],
    [
      31.872587203979492,
      16.378826141357422,
      132.8238525390625,
      116.37088012695312,
      92.39657592773438,
      95.14110565185547,
      70.6559829711914,
      79.86494445800781,
      77.41072845458984,
      73.03624725341797,
      47.317657470703125,
      42.4234504699707,
      12.042277336120605,
      12.269003868103027,
      2.0200917720794678,
      1.9277456998825073,
      0.11899526417255402,
      0.09866640716791153
    ],
    [
      26.325698852539062,
      10.713030815124512,
      110.4913558959961,
      92.39657592773438,
      141.34555053710938,
      128.01283264160156,
      109.34072875976562,
      108.48173522949219,
      99.62760925292969,
      95.63445281982422,
      67.26659393310547,
      61.00141525268555,
      19.103612899780273,
      19.531997680664062,
      3.348397970199585,
      3.1851389408111572,
      0.16871638596057892,
      0.1405906081199646
    ],
    [
      26.25303077697754,
      10.690962791442871,
      114.92341613769531,
      95.14110565185547,
      128.01283264160156,
      149.2682342529297,
      118.07477569580078,
      122.90945434570312,
      105.49828338623047,
      100.61067962646484,
      67.25460052490234,
      60.56181335449219,
      18.22786521911621,
      18.648906707763672,
      3.1435699462890625,
      2.9532628059387207,
      0.15150491893291473,
      0.12961547076702118
    ],
    [
      22.283628463745117,
      7.05763578414917,
      84.97627258300781,
      70.6559829711914,
      109.34072875976562,
      118.07477569580078,
      151.9806671142578,
      142.343994140625,
      120.81879425048828,
      115.42831420898438,
      77.81060791015625,
      71.26695251464844,
      22.169416427612305,
      22.478145599365234,
      4.152106285095215,
      3.9331374168395996,
      0.20950961112976074,
      0.18043969571590424
    ],
    [
      25.179433822631836,
      8.681957244873047,
      98.3647689819336,
      79.86494445800781,
      108.48173522949219,
      122.90945434570312,
      142.343994140625,
      153.65036010742188,
      125.78791809082031,
      119.99005889892578,
      78.28932189941406,
      71.36075592041016,
      21.903276443481445,
      22.26915740966797,
      4.052499294281006,
      3.839292049407959,
      0.2202661782503128,
      0.18921004235744476
    ],
    [
      27.626811981201172,
      10.424507141113281,
      91.82656860351562,
      77.41072845458984,
      99.62760925292969,
      105.49828338623047,
      120.81879425048828,
      125.78791809082031,
      143.37953186035156,
      134.79232788085938,
      88.03097534179688,
      80.48320007324219,
      25.25652503967285,
      25.610111236572266,
      4.688063144683838,
      4.296681880950928,
      0.24541698396205902,
      0.21243754029273987
    ],
    [
      25.96847152709961,
      9.551643371582031,
      86.16371154785156,
      73.03624725341797,
      95.63445281982422,
      100.61067962646484,
      115.42831420898438,
      119.99005889892578,
      134.79232788085938,
      132.02862548828125,
      85.95730590820312,
      78.93219757080078,
      25.087574005126953,
      25.433515548706055,
      4.598483562469482,
      4.237453460693359,
      0.2321051061153412,
      0.20282113552093506
    ],
    [
      17.795198440551758,
      5.8378705978393555,
      54.83905792236328,
      47.317657470703125,
      67.26659393310547,
      67.25460052490234,
      77.81060791015625,
      78.28932189941406,
      88.03097534179688,
      85.95730590820312,
      76.80880737304688,
      69.47010803222656,
      23.434179306030273,
      23.523256301879883,
      4.595715045928955,
      4.18984317779541,
      0.2193450778722763,
      0.19569946825504303
    ],
    [
      16.326826095581055,
      5.3946757316589355,
      48.82070541381836,
      42.4234504699707,
      61.00141525268555,
      60.56181335449219,
      71.26695251464844,
      71.36075592041016,
      80.48320007324219,
      78.93219757080078,
      69.47010803222656,
      66.36229705810547,
      22.637968063354492,
      22.736351013183594,
      4.5461273193359375,
      4.149308681488037,
      0.2203313559293747,
      0.19508999586105347
    ],
    [
      6.08930778503418,
      2.0701870918273926,
      14.163914680480957,
      12.042277336120605,
      19.103612899780273,
      18.22786521911621,
      22.169416427612305,
      21.903276443481445,
      25.25652503967285,
      25.087574005126953,
      23.434179306030273,
      22.637968063354492,
      11.224687576293945,
      11.151731491088867,
      2.6332690715789795,
      2.4604597091674805,
      0.12898695468902588,
      0.11555281281471252
    ],
    [
      6.189894199371338,
      2.105745315551758,
      14.417058944702148,
      12.269003868103027,
      19.531997680664062,
      18.648906707763672,
      22.478145599365234,
      22.26915740966797,
      25.610111236572266,
      25.433515548706055,
      23.523256301879883,
      22.736351013183594,
      11.151731491088867,
      11.483723640441895,
      2.6805837154388428,
      2.513256072998047,
      0.1365593522787094,
      0.12165270000696182
    ],
    [
      1.4308193922042847,
      0.5286540985107422,
      2.5322048664093018,
      2.0200917720794678,
      3.348397970199585,
      3.1435699462890625,
      4.152106285095215,
      4.052499294281006,
      4.688063144683838,
      4.598483562469482,
      4.595715045928955,
      4.5461273193359375,
      2.6332690715789795,
      2.6805837154388428,
      1.0659196376800537,
      0.9644938111305237,
      0.06247907131910324,
      0.05555949732661247
    ],
    [
      1.3527143001556396,
      0.510417640209198,
      2.394651412963867,
      1.9277456998825073,
      3.1851389408111572,
      2.9532628059387207,
      3.9331374168395996,
      3.839292049407959,
      4.296681880950928,
      4.237453460693359,
      4.18984317779541,
      4.149308681488037,
      2.4604597091674805,
      2.513256072998047,
      0.9644938111305237,
      0.9427307844161987,
      0.06058831885457039,
      0.05362682044506073
    ],
    [
      0.07133491337299347,
      0.02520684152841568,
      0.15441714227199554,
      0.11899526417255402,
      0.16871638596057892,
      0.15150491893291473,
      0.20950961112976074,
      0.2202661782503128,
      0.24541698396205902,
      0.2321051061153412,
      0.2193450778722763,
      0.2203313559293747,
      0.12898695468902588,
      0.1365593522787094,
      0.06247907131910324,
      0.06058831885457039,
      0.010487881489098072,
      0.008688123896718025
    ],
    [
      0.06368942558765411,
      0.023397216573357582,
      0.1259889453649521,
      0.09866640716791153,
      0.1405906081199646,
      0.12961547076702118,
      0.18043969571590424,
      0.18921004235744476,
      0.21243754029273987,
      0.20282113552093506,
      0.19569946825504303,
      0.19508999586105347,
      0.11555281281471252,
      0.12165270000696182,
      0.05555949732661247,
      0.05362682044506073,
      0.008688123896718025,
      0.007712592836469412
    ]
  ],
  "damage": -21.016725540161133,
  "diff_bandwidth": 756.9570922851562,
  "dissonance": 5.041536567745314,
  "drr": 5.370932102203369,
  "dynamics": 8.552135467529297,
  "format": 1245190,
  "frames": 16001024,
  "loudness": -34.09483337402344,
  "loudness_range": 30.064607620239258,
  "loudness_range_short": 32.646244049072266,
  "lowpass_true_peak_15khz": -4.385820388793945,
  "mastering3_acoustic_entropies": [
    {
      "acoustic_entropy": 6.465124607086182,
      "acoustic_entropy_mono": 6.398897647857666,
      "band_eliminated_acoustic_entropies": [
        {
          "acoustic_entropy": 6.465030193328857,
          "acoustic_entropy_side": 6.465123653411865,
          "hz": 129.47220167065723
        },
        {
          "acoustic_entropy": 6.4589996337890625,
          "acoustic_entropy_side": 6.464922904968262,
          "hz": 202.92927478742237
        },
        {
          "acoustic_entropy": 6.412944793701172,
          "acoustic_entropy_side": 6.458544731140137,
          "hz": 282.89161906338205
        },
        {
          "acoustic_entropy": 6.615677356719971,
          "acoustic_entropy_side": 6.479218006134033,
          "hz": 369.9353335868758
        },
        {
          "acoustic_entropy": 6.1999006271362305,
          "acoustic_entropy_side": 6.609233379364014,
          "hz": 464.6875360973435
        },
        {
          "acoustic_entropy": 6.944449424743652,
          "acoustic_entropy_side": 6.708863258361816,
          "hz": 567.8308811364784
        },
        {
          "acoustic_entropy": 6.362891674041748,
          "acoustic_entropy_side": 6.473840236663818,
          "hz": 680.1084783214808
        },
        {
          "acoustic_entropy": 6.320119857788086,
          "acoustic_entropy_side": 6.915779113769531,
          "hz": 802.3292461747484
        },
        {
          "acoustic_entropy": 7.011299133300781,
          "acoustic_entropy_side": 6.692380905151367,
          "hz": 935.3737400823702
        },
        {
          "acoustic_entropy": 6.424376010894775,
          "acoustic_entropy_side": 6.471806049346924,
          "hz": 1080.2004963696966
        },
        {
          "acoustic_entropy": 6.662659645080566,
          "acoustic_entropy_side": 6.631738662719727,
          "hz": 1237.8529382007157
        },
        {
          "acoustic_entropy": 6.438016891479492,
          "acoustic_entropy_side": 6.424239158630371,
          "hz": 1409.4668930556702
        },
        {
          "acoustic_entropy": 6.250123023986816,
          "acoustic_entropy_side": 6.322003364562988,
          "hz": 1596.2787759475705
        },
        {
          "acoustic_entropy": 6.756449222564697,
          "acoustic_entropy_side": 6.863250255584717,
          "hz": 1799.6344973346393
        },
        {
          "acoustic_entropy": 6.443296432495117,
          "acoustic_entropy_side": 6.560555934906006,
          "hz": 2020.9991599069049
        },
        {
          "acoustic_entropy": 6.2848896980285645,
          "acoustic_entropy_side": 6.339225769042969,
          "hz": 2261.9676141086993
        },
        {
          "acoustic_entropy": 6.145138263702393,
          "acoustic_entropy_side": 6.237977981567383,
          "hz": 2524.2759484456974
        },
        {
          "acoustic_entropy": 6.587462902069092,
          "acoustic_entropy_side": 6.650256633758545,
          "hz": 2809.813997359896
        },
        {
          "acoustic_entropy": 6.569692134857178,
          "acoustic_entropy_side": 6.561756610870361,
          "hz": 3120.6389567871424
        },
        {
          "acoustic_entropy": 6.4629807472229,
          "acoustic_entropy_side": 6.477034091949463,
          "hz": 3458.990205492291
        },
        {
          "acoustic_entropy": 6.437897682189941,
          "acoustic_entropy_side": 6.45620584487915,
          "hz": 3827.305438964164
        },
        {
          "acoustic_entropy": 6.465485572814941,
          "acoustic_entropy_side": 6.465303421020508,
          "hz": 4228.238232109126
        },
        {
          "acoustic_entropy": 6.465129375457764,
          "acoustic_entropy_side": 6.465339660644531,
          "hz": 4664.6771572759235
        },
        {
          "acoustic_entropy": 6.463863849639893,
          "acoustic_entropy_side": 6.46429967880249,
          "hz": 5139.766595350093
        },
        {
          "acoustic_entropy": 6.465115070343018,
          "acoustic_entropy_side": 6.4648895263671875,
          "hz": 5656.929389854203
        },
        {
          "acoustic_entropy": 6.465921878814697,
          "acoustic_entropy_side": 6.4655303955078125,
          "hz": 6219.891507268283
        },
        {
          "acoustic_entropy": 6.465907096862793,
          "acoustic_entropy_side": 6.465473651885986,
          "hz": 6832.70888123896
        },
        {
          "acoustic_entropy": 6.465209484100342,
          "acoustic_entropy_side": 6.465141296386719,
          "hz": 7499.796634079867
        },
        {
          "acoustic_entropy": 6.465146541595459,
          "acoustic_entropy_side": 6.46513557434082,
          "hz": 8225.96088609342
        },
        {
          "acoustic_entropy": 6.46512508392334,
          "acoustic_entropy_side": 6.465124607086182,
          "hz": 9016.43338188839
        },
        {
          "acoustic_entropy": 6.465124607086182,
          "acoustic_entropy_side": 6.465124607086182,
          "hz": 9876.909183162974
        },
        {
          "acoustic_entropy": 6.465124130249023,
          "acoustic_entropy_side": 6.465124607086182,
          "hz": 10813.587699516042
        },
        {
          "acoustic_entropy": 6.465124130249023,
          "acoustic_entropy_side": 6.465124607086182,
          "hz": 11833.21735289826
        },
        {
          "acoustic_entropy": 6.465124607086182,
          "acoustic_entropy_side": 6.46512508392334,
          "hz": 12943.144197493959
        },
        {
          "acoustic_entropy": 6.465124607086182,
          "acoustic_entropy_side": 6.465124607086182,
          "hz": 14151.364845322005
        },
        {
          "acoustic_entropy": 6.465124607086182,
          "acoustic_entropy_side": 6.465124607086182,
          "hz": 15466.58407886509
        },
        {
          "acoustic_entropy": 6.465124607086182,
          "acoustic_entropy_side": 6.465124607086182,
          "hz": 16898.27756580493
        },
        {
          "acoustic_entropy": 6.465124607086182,
          "acoustic_entropy_side": 6.465124607086182,
          "hz": 18456.760127700032
        },
        {
          "acoustic_entropy": 6.465124607086182,
          "acoustic_entropy_side": 6.465124607086182,
          "hz": 20153.260054456492
        },
        {
          "acoustic_entropy": 6.465124607086182,
          "acoustic_entropy_side": 6.465124607086182,
          "hz": 22000.00000000001
        }
      ],
      "diff_acoustic_entropy": 3.254610776901245,
      "sn": 6
    },
    {
      "acoustic_entropy": 9.701995849609375,
      "acoustic_entropy_mono": 9.69299030303955,
      "band_eliminated_acoustic_entropies": [
        {
          "acoustic_entropy": 9.699329376220703,
          "acoustic_entropy_side": 9.701693534851074,
          "hz": 129.47220167065723
        },
        {
          "acoustic_entropy": 9.8077392578125,
          "acoustic_entropy_side": 9.714385032653809,
          "hz": 202.92927478742237
        },
        {
          "acoustic_entropy": 10.010836601257324,
          "acoustic_entropy_side": 9.814382553100586,
          "hz": 282.89161906338205
        },
        {
          "acoustic_entropy": 10.126609802246094,
          "acoustic_entropy_side": 9.910840034484863,
          "hz": 369.9353335868758
        },
        {
          "acoustic_entropy": 9.326613426208496,
          "acoustic_entropy_side": 9.559815406799316,
          "hz": 464.6875360973435
        },
        {
          "acoustic_entropy": 10.095564842224121,
          "acoustic_entropy_side": 10.19154167175293,
          "hz": 567.8308811364784
        },
        {
          "acoustic_entropy": 10.037426948547363,
          "acoustic_entropy_side": 10.031898498535156,
          "hz": 680.1084783214808
        },
        {
          "acoustic_entropy": 9.015800476074219,
          "acoustic_entropy_side": 9.441763877868652,
          "hz": 802.3292461747484
        },
        {
          "acoustic_entropy": 10.224513053894043,
          "acoustic_entropy_side": 10.05389404296875,
          "hz": 935.3737400823702
        },
        {
          "acoustic_entropy": 9.260467529296875,
          "acoustic_entropy_side": 9.726957321166992,
          "hz": 1080.2004963696966
        },
        {
          "acoustic_entropy": 8.887900352478027,
          "acoustic_entropy_side": 8.968046188354492,
          "hz": 1237.8529382007157
        },
        {
          "acoustic_entropy": 9.967458724975586,
          "acoustic_entropy_side": 9.620542526245117,
          "hz": 1409.4668930556702
        },
        {
          "acoustic_entropy": 9.831055641174316,
          "acoustic_entropy_side": 9.603555679321289,
          "hz": 1596.2787759475705
        },
        {
          "acoustic_entropy": 10.750582695007324,
          "acoustic_entropy_side": 10.079082489013672,
          "hz": 1799.6344973346393
        },
        {
          "acoustic_entropy": 9.55517292022705,
          "acoustic_entropy_side": 10.05384635925293,
          "hz": 2020.9991599069049
        },
        {
          "acoustic_entropy": 9.263322830200195,
          "acoustic_entropy_side": 9.152785301208496,
          "hz": 2261.9676141086993
        },
        {
          "acoustic_entropy": 9.14573860168457,
          "acoustic_entropy_side": 9.423750877380371,
          "hz": 2524.2759484456974
        },
        {
          "acoustic_entropy": 9.809345245361328,
          "acoustic_entropy_side": 10.000687599182129,
          "hz": 2809.813997359896
        },
        {
          "acoustic_entropy": 9.4054536819458,
          "acoustic_entropy_side": 9.386445045471191,
          "hz": 3120.6389567871424
        },
        {
          "acoustic_entropy": 9.891834259033203,
          "acoustic_entropy_side": 9.76366901397705,
          "hz": 3458.990205492291
        },
        {
          "acoustic_entropy": 9.698831558227539,
          "acoustic_entropy_side": 9.685742378234863,
          "hz": 3827.305438964164
        },
        {
          "acoustic_entropy": 9.760716438293457,
          "acoustic_entropy_side": 9.719915390014648,
          "hz": 4228.238232109126
        },
        {
          "acoustic_entropy": 9.705492973327637,
          "acoustic_entropy_side": 9.70290756225586,
          "hz": 4664.6771572759235
        },
        {
          "acoustic_entropy": 9.7017240524292,
          "acoustic_entropy_side": 9.701910018920898,
          "hz": 5139.766595350093
        },
        {
          "acoustic_entropy": 9.71075439453125,
          "acoustic_entropy_side": 9.706135749816895,
          "hz": 5656.929389854203
        },
        {
          "acoustic_entropy": 9.710679054260254,
          "acoustic_entropy_side": 9.706439971923828,
          "hz": 6219.891507268283
        },
        {
          "acoustic_entropy": 9.71010971069336,
          "acoustic_entropy_side": 9.705453872680664,
          "hz": 6832.70888123896
        },
        {
          "acoustic_entropy": 9.70354175567627,
          "acoustic_entropy_side": 9.702759742736816,
          "hz": 7499.796634079867
        },
        {
          "acoustic_entropy": 9.702098846435547,
          "acoustic_entropy_side": 9.702040672302246,
          "hz": 8225.96088609342
        },
        {
          "acoustic_entropy": 9.702010154724121,
          "acoustic_entropy_side": 9.701995849609375,
          "hz": 9016.43338188839
        },
        {
          "acoustic_entropy": 9.702000617980957,
          "acoustic_entropy_side": 9.702004432678223,
          "hz": 9876.909183162974
        },
        {
          "acoustic_entropy": 9.70200252532959,
          "acoustic_entropy_side": 9.701997756958008,
          "hz": 10813.587699516042
        },
        {
          "acoustic_entropy": 9.702007293701172,
          "acoustic_entropy_side": 9.70199966430664,
          "hz": 11833.21735289826
        },
        {
          "acoustic_entropy": 9.7020263671875,
          "acoustic_entropy_side": 9.702000617980957,
          "hz": 12943.144197493959
        },
        {
          "acoustic_entropy": 9.70199966430664,
          "acoustic_entropy_side": 9.701996803283691,
          "hz": 14151.364845322005
        },
        {
          "acoustic_entropy": 9.701996803283691,
          "acoustic_entropy_side": 9.701995849609375,
          "hz": 15466.58407886509
        },
        {
          "acoustic_entropy": 9.701995849609375,
          "acoustic_entropy_side": 9.701995849609375,
          "hz": 16898.27756580493
        },
        {
          "acoustic_entropy": 9.701995849609375,
          "acoustic_entropy_side": 9.701995849609375,
          "hz": 18456.760127700032
        },
        {
          "acoustic_entropy": 9.701995849609375,
          "acoustic_entropy_side": 9.701995849609375,
          "hz": 20153.260054456492
        },
        {
          "acoustic_entropy": 9.701995849609375,
          "acoustic_entropy_side": 9.701995849609375,
          "hz": 22000.00000000001
        }
      ],
      "diff_acoustic_entropy": 5.887990474700928,
      "sn": 12
    },
    {
      "acoustic_entropy": 16.146484375,
      "acoustic_entropy_mono": 14.096248626708984,
      "band_eliminated_acoustic_entropies": [
        {
          "acoustic_entropy": 16.11909294128418,
          "acoustic_entropy_side": 16.14794158935547,
          "hz": 129.47220167065723
        },
        {
          "acoustic_entropy": 15.959468841552734,
          "acoustic_entropy_side": 16.154136657714844,
          "hz": 202.92927478742237
        },
        {
          "acoustic_entropy": 15.276202201843262,
          "acoustic_entropy_side": 15.944730758666992,
          "hz": 282.89161906338205
        },
        {
          "acoustic_entropy": 15.581596374511719,
          "acoustic_entropy_side": 15.824311256408691,
          "hz": 369.9353335868758
        },
        {
          "acoustic_entropy": 15.753509521484375,
          "acoustic_entropy_side": 16.45367431640625,
          "hz": 464.6875360973435
        },
        {
          "acoustic_entropy": 15.90377140045166,
          "acoustic_entropy_side": 15.03016471862793,
          "hz": 567.8308811364784
        },
        {
          "acoustic_entropy": 16.323284149169922,
          "acoustic_entropy_side": 15.906401634216309,
          "hz": 680.1084783214808
        },
        {
          "acoustic_entropy": 15.038496017456055,
          "acoustic_entropy_side": 15.872675895690918,
          "hz": 802.3292461747484
        },
        {
          "acoustic_entropy": 15.593501091003418,
          "acoustic_entropy_side": 15.676277160644531,
          "hz": 935.3737400823702
        },
        {
          "acoustic_entropy": 15.593664169311523,
          "acoustic_entropy_side": 16.856361389160156,
          "hz": 1080.2004963696966
        },
        {
          "acoustic_entropy": 15.025125503540039,
          "acoustic_entropy_side": 15.542135238647461,
          "hz": 1237.8529382007157
        },
        {
          "acoustic_entropy": 15.453739166259766,
          "acoustic_entropy_side": 16.0731258392334,
          "hz": 1409.4668930556702
        },
        {
          "acoustic_entropy": 15.956911087036133,
          "acoustic_entropy_side": 16.302717208862305,
          "hz": 1596.2787759475705
        },
        {
          "acoustic_entropy": 15.820013999938965,
          "acoustic_entropy_side": 16.5213623046875,
          "hz": 1799.6344973346393
        },
        {
          "acoustic_entropy": 15.66173267364502,
          "acoustic_entropy_side": 15.960372924804688,
          "hz": 2020.9991599069049
        },
        {
          "acoustic_entropy": 15.813445091247559,
          "acoustic_entropy_side": 16.068090438842773,
          "hz": 2261.9676141086993
        },
        {
          "acoustic_entropy": 15.491384506225586,
          "acoustic_entropy_side": 15.589365005493164,
          "hz": 2524.2759484456974
        },
        {
          "acoustic_entropy": 16.275121688842773,
          "acoustic_entropy_side": 16.307588577270508,
          "hz": 2809.813997359896
        },
        {
