{
  "acoustic_entropy": 130.598876953125,
  "bands": [
    {
      "high_freq": 148.1999969482422,
      "loudness": -57.839019775390625,
      "loudness_range": 26.283580780029297,
      "mid_mean": -54.32645034790039,
      "mid_to_side_loudness": -18.412702560424805,
      "mid_to_side_loudness_range": 8.736627578735352,
      "side_mean": -67.12495422363281
    },
    {
      "high_freq": 392.3793640136719,
      "loudness": -36.19609451293945,
      "loudness_range": 16.48784637451172,
      "low_freq": 148.1999969482422,
      "mid_mean": -32.73027801513672,
      "mid_to_side_loudness": -19.345684051513672,
      "mid_to_side_loudness_range": 11.989797592163086,
      "side_mean": -55.06844711303711
    },
    {
      "high_freq": 794.6976318359375,
      "loudness": -30.775110244750977,
      "loudness_range": 17.99795913696289,
      "low_freq": 392.3793640136719,
      "mid_mean": -27.404085159301758,
      "mid_to_side_loudness": -20.652950286865234,
      "mid_to_side_loudness_range": 11.931253433227539,
      "side_mean": -51.6894416809082
    },
    {
      "high_freq": 1457.5709228515625,
      "loudness": -39.42144012451172,
      "loudness_range": 31.163469314575195,
      "low_freq": 794.6976318359375,
      "mid_mean": -36.10698699951172,
      "mid_to_side_loudness": -20.944990158081055,
      "mid_to_side_loudness_range": 8.274303436279297,
      "side_mean": -58.44340515136719
    },
    {
      "high_freq": 2549.74365234375,
      "loudness": -37.7673454284668,
      "loudness_range": 25.11939811706543,
      "low_freq": 1457.5709228515625,
      "mid_mean": -34.4517936706543,
      "mid_to_side_loudness": -21.187646865844727,
      "mid_to_side_loudness_range": 5.918787002563477,
      "side_mean": -57.306758880615234
    },
    {
      "high_freq": 4349.24462890625,
      "loudness": -36.861427307128906,
      "loudness_range": 22.57404136657715,
      "low_freq": 2549.74365234375,
      "mid_mean": -33.545291900634766,
      "mid_to_side_loudness": -20.851276397705078,
      "mid_to_side_loudness_range": 4.23716926574707,
      "side_mean": -56.23990249633789
    },
    {
      "high_freq": 7314.1640625,
      "loudness": -48.938011169433594,
      "loudness_range": 23.437271118164062,
      "low_freq": 4349.24462890625,
      "mid_mean": -45.99123764038086,
      "mid_to_side_loudness": -19.73068618774414,
      "mid_to_side_loudness_range": 9.035888671875,
      "side_mean": -64.01513671875
    },
    {
      "high_freq": 12199.2666015625,
      "loudness": -50.44700241088867,
      "loudness_range": 19.966411590576172,
      "low_freq": 7314.1640625,
      "mid_mean": -47.55650329589844,
      "mid_to_side_loudness": -19.360946655273438,
      "mid_to_side_loudness_range": 13.760730743408203,
      "side_mean": -65.00352478027344
    },
    {
      "loudness": -58.10807800292969,
      "loudness_range": 7.747562408447266,
      "low_freq": 12199.2666015625,
      "mid_mean": -56.31767654418945,
      "mid_to_side_loudness": -3.8569552898406982,
      "mid_to_side_loudness_range": 8.587933540344238,
      "side_mean": -59.9687385559082
    }
  ],
  "bands_short": [
    {
      "high_freq": 148.1999969482422,
      "loudness": -64.1667709350586,
      "loudness_range": 23.267711639404297,
      "mid_mean": -60.1181526184082,
      "mid_to_side_loudness": -17.29087257385254,
      "mid_to_side_loudness_range": 10.61131477355957,
      "side_mean": -69.06802368164062
    },
    {
      "high_freq": 392.3793640136719,
      "loudness": -36.90070724487305,
      "loudness_range": 20.505582809448242,
      "low_freq": 148.1999969482422,
      "mid_mean": -35.22602462768555,
      "mid_to_side_loudness": -17.076974868774414,
      "mid_to_side_loudness_range": 15.663694381713867,
      "side_mean": -57.225772857666016
    },
    {
      "high_freq": 794.6976318359375,
      "loudness": -32.211891174316406,
      "loudness_range": 27.635269165039062,
      "low_freq": 392.3793640136719,
      "mid_mean": -30.53524398803711,
      "mid_to_side_loudness": -19.29985237121582,
      "mid_to_side_loudness_range": 16.205707550048828,
      "side_mean": -55.41960525512695
    },
    {
      "high_freq": 1457.5709228515625,
      "loudness": -44.37267303466797,
      "loudness_range": 38.69344711303711,
      "low_freq": 794.6976318359375,
      "mid_mean": -42.54674530029297,
      "mid_to_side_loudness": -19.52454376220703,
      "mid_to_side_loudness_range": 14.919690132141113,
      "side_mean": -61.92458724975586
    },
    {
      "high_freq": 2549.74365234375,
      "loudness": -41.398956298828125,
      "loudness_range": 34.70220947265625,
      "low_freq": 1457.5709228515625,
      "mid_mean": -39.36005783081055,
      "mid_to_side_loudness": -19.51615333557129,
      "mid_to_side_loudness_range": 14.793420791625977,
      "side_mean": -60.14297866821289
    },
    {
      "high_freq": 4349.24462890625,
      "loudness": -38.728763580322266,
      "loudness_range": 30.47343635559082,
      "low_freq": 2549.74365234375,
      "mid_mean": -36.57823944091797,
      "mid_to_side_loudness": -19.717714309692383,
      "mid_to_side_loudness_range": 12.748528480529785,
      "side_mean": -58.70142364501953
    },
    {
      "high_freq": 7314.1640625,
      "loudness": -51.41223907470703,
      "loudness_range": 28.930152893066406,
      "low_freq": 4349.24462890625,
      "mid_mean": -52.04121780395508,
      "mid_to_side_loudness": -18.45594596862793,
      "mid_to_side_loudness_range": 12.730931282043457,
      "side_mean": -65.42684936523438
    },
    {
      "high_freq": 12199.2666015625,
      "loudness": -52.10261917114258,
      "loudness_range": 24.713542938232422,
      "low_freq": 7314.1640625,
      "mid_mean": -52.65473937988281,
      "mid_to_side_loudness": -17.63958740234375,
      "mid_to_side_loudness_range": 16.102373123168945,
      "side_mean": -65.92816925048828
    },
    {
      "loudness": -58.56059265136719,
      "loudness_range": 8.947132110595703,
      "low_freq": 12199.2666015625,
      "mid_mean": -57.02545928955078,
      "mid_to_side_loudness": -3.198159694671631,
      "mid_to_side_loudness_range": 9.705723762512207,
      "side_mean": -60.04973220825195
    }
  ],
  "bandwidth": 875.6541137695312,
  "channels": 2,
  "covariance": [
    [
      95.77082824707031,
      29.232271194458008,
      -16.795785903930664,
      5.5000996589660645,
      -14.662080764770508,
      22.589969635009766,
      37.94886779785156,
      45.7337646484375,
      -22.803096771240234,
      -3.0765156745910645,
      -28.84557342529297,
      -8.43429183959961,
      -11.145549774169922,
      -0.02987200953066349,
      -8.540068626403809,
      -2.696532726287842,
      10.286865234375,
      5.985089302062988
    ],
    [
      29.232271194458008,
      11.034378051757812,
      -1.646872639656067,
      2.596266031265259,
      -1.1388578414916992,
      7.52901029586792,
      13.151521682739258,
      13.811897277832031,
      -5.339461326599121,
      -0.932113766670227,
      -6.859632968902588,
      -2.305665969848633,
      -3.512861490249634,
      -1.0313447713851929,
      -2.119556427001953,
      -1.310254454612732,
      2.0985312461853027,
      1.1032094955444336
    ],
    [
      -16.795785903930664,
      -1.646872639656067,
      43.85150146484375,
      36.65523147583008,
      30.753520965576172,
      29.13689422607422,
      6.2923431396484375,
      8.1209135055542,
      30.928726196289062,
      29.20863914489746,
      33.03120803833008,
      32.190025329589844,
      18.144500732421875,
      5.289435386657715,
      20.24329948425293,
      6.705862998962402,
      5.316019535064697,
      0.30098724365234375
    ],
    [
      5.5000996589660645,
      2.596266031265259,
      36.65523147583008,
      57.93874740600586,
      27.411788940429688,
      57.787540435791016,
      6.561192035675049,
      26.070287704467773,
      36.03910446166992,
      47.76521682739258,
      36.81380081176758,
      50.88024139404297,
      23.587669372558594,
      12.971404075622559,
      30.74584197998047,
      14.112464904785156,
      16.139169692993164,
      6.161412715911865
    ],
    [
      -14.662080764770508,
      -1.1388578414916992,
      30.753520965576172,
      27.411788940429688,
      52.582435607910156,
      46.480464935302734,
      35.86829376220703,
      32.329654693603516,
      30.7935848236084,
      29.376949310302734,
      31.223787307739258,
      29.91460418701172,
      16.30618667602539,
      4.146829605102539,
      18.47053337097168,
      6.07568883895874,
      4.521721839904785,
      0.17717953026294708
    ],
    [
      22.589969635009766,
      7.52901029586792,
      29.13689422607422,
      57.787540435791016,
      46.480464935302734,
      86.11872100830078,
      46.15589141845703,
      61.52851486206055,
      38.34547424316406,
      54.304649353027344,
      34.77821731567383,
      53.593841552734375,
      24.05118751525879,
      14.28426456451416,
      30.584980010986328,
      14.451619148254395,
      19.574613571166992,
      7.425754547119141
    ],
    [
      37.94886779785156,
      13.151521682739258,
      6.2923431396484375,
      6.561192035675049,
      35.86829376220703,
      46.15589141845703,
      123.31377410888672,
      104.21778869628906,
      6.811309337615967,
      6.7265520095825195,
      -8.819147109985352,
      -6.690891265869141,
      0.21550971269607544,
      -0.7626634836196899,
      -4.21531343460083,
      -4.983822822570801,
      6.895549774169922,
      -0.0878417119383812
    ],
    [
      45.7337646484375,
      13.811897277832031,
      8.1209135055542,
      26.070287704467773,
      32.329654693603516,
      61.52851486206055,
      104.21778869628906,
      98.19483184814453,
      11.032586097717285,
      23.758533477783203,
      -0.7110877633094788,
      14.692560195922852,
      10.482216835021973,
      7.732853889465332,
      7.7551045417785645,
      2.772615909576416,
      15.127861976623535,
      4.541402339935303
    ],
    [
      -22.803096771240234,
      -5.339461326599121,
      30.928726196289062,
      36.03910446166992,
      30.7935848236084,
      38.34547424316406,
      6.811309337615967,
      11.032586097717285,
      74.38920593261719,
      61.43816375732422,
      51.99020767211914,
      47.55169677734375,
      20.466920852661133,
      8.25257396697998,
      29.2646427154541,
      12.68514347076416,
      9.864500045776367,
      0.3508293032646179
    ],
    [
      -3.0765156745910645,
      -0.932113766670227,
      29.20863914489746,
      47.76521682739258,
      29.376949310302734,
      54.304649353027344,
      6.7265520095825195,
      23.758533477783203,
      61.43816375732422,
      65.77655029296875,
      46.90829849243164,
      56.200923919677734,
      27.393421173095703,
      15.184993743896484,
      35.38136291503906,
      17.2554931640625,
      18.2884464263916,
      5.328639984130859
    ],
    [
      -28.84557342529297,
      -6.859632968902588,
      33.03120803833008,
      36.81380081176758,
      31.223787307739258,
      34.77821731567383,
      -8.819147109985352,
      -0.7110877633094788,
      51.99020767211914,
      46.90829849243164,
      66.9513168334961,
      57.937744140625,
      30.3360652923584,
      12.70463752746582,
      30.837305068969727,
      13.2640380859375,
      7.5335612297058105,
      0.2638736367225647
    ],
    [
      -8.43429183959961,
      -2.305665969848633,
      32.190025329589844,
      50.88024139404297,
      29.91460418701172,
      53.593841552734375,
      -6.690891265869141,
      14.692560195922852,
      47.55169677734375,
      56.200923919677734,
      57.937744140625,
      66.7820053100586,
      33.9581184387207,
      18.6273136138916,
      37.18656921386719,
      17.78140640258789,
      16.630496978759766,
      5.668779373168945
    ],
    [
      -11.145549774169922,
      -3.512861490249634,
      18.144500732421875,
      23.587669372558594,
      16.30618667602539,
      24.05118751525879,
      0.21550971269607544,
      10.482216835021973,
      20.466920852661133,
      27.393421173095703,
      30.3360652923584,
      33.9581184387207,
      71.06685638427734,
      39.909088134765625,
      55.83821105957031,
      27.92292594909668,
      14.972652435302734,
      0.5306862592697144
    ],
    [
      -0.02987200953066349,
      -1.0313447713851929,
      5.289435386657715,
      12.971404075622559,
      4.146829605102539,
      14.28426456451416,
      -0.7626634836196899,
      7.732853889465332,
      8.25257396697998,
      15.184993743896484,
      12.70463752746582,
      18.6273136138916,
      39.909088134765625,
      27.152847290039062,
      32.13817596435547,
      19.045995712280273,
      12.471719741821289,
      2.645461082458496
    ],
    [
      -8.540068626403809,
      -2.119556427001953,
      20.24329948425293,
      30.74584197998047,
      18.47053337097168,
      30.584980010986328,
      -4.21531343460083,
      7.7551045417785645,
      29.2646427154541,
      35.38136291503906,
      30.837305068969727,
      37.18656921386719,
      55.83821105957031,
      32.13817596435547,
      63.684967041015625,
      30.69599151611328,
      16.606124877929688,
      0.5426556468009949
    ],
    [
      -2.696532726287842,
      -1.310254454612732,
      6.705862998962402,
      14.112464904785156,
      6.07568883895874,
      14.451619148254395,
      -4.983822822570801,
      2.772615909576416,
      12.68514347076416,
      17.2554931640625,
      13.2640380859375,
      17.78140640258789,
      27.92292594909668,
      19.045995712280273,
      30.69599151611328,
      18.49858856201172,
      11.276569366455078,
      2.2314412593841553
    ],
    [
      10.286865234375,
      2.0985312461853027,
      5.316019535064697,
      16.139169692993164,
      4.521721839904785,
      19.574613571166992,
      6.895549774169922,
      15.127861976623535,
      9.864500045776367,
      18.2884464263916,
      7.5335612297058105,
      16.630496978759766,
      14.972652435302734,
      12.471719741821289,
      16.606124877929688,
      11.276569366455078,
      16.302398681640625,
      5.422830104827881
    ],
    [
      5.985089302062988,
      1.1032094955444336,
      0.30098724365234375,
      6.161412715911865,
      0.17717953026294708,
      7.425754547119141,
      -0.0878417119383812,
      4.541402339935303,
      0.3508293032646179,
      5.328639984130859,
      0.2638736367225647,
      5.668779373168945,
      0.5306862592697144,
      2.645461082458496,
      0.5426556468009949,
      2.2314412593841553,
      5.422830104827881,
      3.8122308254241943
    ]
  ],
  "covariance_short": [
    [
      45.69813919067383,
      8.905524253845215,
      -6.73757266998291,
      10.16604232788086,
      -11.29672622680664,
      12.744400024414062,
      11.407013893127441,
      13.153100967407227,
      -3.0675528049468994,
      4.65822172164917,
      -11.735271453857422,
      -0.17847706377506256,
      -1.8500570058822632,
      -4.486124038696289,
      4.042172908782959,
      -2.603349208831787,
      3.8035080432891846,
      3.946727752685547
    ],
    [
      8.905524253845215,
      2.2233896255493164,
      -1.13688063621521,
      0.9909502267837524,
      -1.9591485261917114,
      1.3177913427352905,
      2.283355712890625,
      2.153541088104248,
      -1.2118059396743774,
      -0.10091328620910645,
      -2.733661651611328,
      -0.9780613780021667,
      -1.8270256519317627,
      -1.2892248630523682,
      -0.5498532652854919,
      -0.8899120688438416,
      0.03745334967970848,
      0.36633333563804626
    ],
    [
      -6.73757266998291,
      -1.13688063621521,
      98.57450103759766,
      63.811004638671875,
      83.93362426757812,
      68.58836364746094,
      48.3647346496582,
      27.199983596801758,
      70.37348937988281,
      52.74940490722656,
      58.44227981567383,
      53.964595794677734,
      24.348623275756836,
      0.060943420976400375,
      26.286026000976562,
      3.279561758041382,
      0.8947701454162598,
      -0.12460912019014359
    ],
    [
      10.16604232788086,
      0.9909502267837524,
      63.811004638671875,
      80.02198791503906,
      60.80024719238281,
      85.14006042480469,
      51.51016616821289,
      38.082733154296875,
      71.94566345214844,
      61.488155364990234,
      61.49083709716797,
      63.89979934692383,
      50.29255294799805,
      8.521345138549805,
      53.79829025268555,
      11.253599166870117,
      12.712312698364258,
      5.299015045166016
    ],
    [
      -11.29672622680664,
      -1.9591485261917114,
      83.93362426757812,
      60.80024719238281,
      139.156494140625,
      101.36595916748047,
      93.61690521240234,
      60.6491813659668,
      91.2143783569336,
      66.1701431274414,
      74.60646057128906,
      65.3419189453125,
      28.652069091796875,
      -0.01664802059531212,
      28.202587127685547,
      2.2927746772766113,
      -0.7694210410118103,
      -0.17406794428825378
    ],
    [
      12.744400024414062,
      1.3177913427352905,
      68.58836364746094,
      85.14006042480469,
      101.36595916748047,
      123.7505874633789,
      105.828857421875,
      75.6343994140625,
      93.34654998779297,
      77.71417236328125,
      77.89820098876953,
      78.50263977050781,
      62.56087875366211,
      10.925962448120117,
      62.852970123291016,
      11.474308967590332,
      14.428916931152344,
      6.025701522827148
    ],
    [
      11.407013893127441,
      2.283355712890625,
      48.3647346496582,
      51.51016616821289,
      93.61690521240234,
      105.828857421875,
      183.8314971923828,
      126.78497314453125,
      68.76908874511719,
      48.28507995605469,
      46.56292724609375,
      39.57830047607422,
      18.777992248535156,
      -2.172459840774536,
      14.033130645751953,
      -5.63554048538208,
      2.8300678730010986,
      -0.04469842463731766
    ],
    [
      13.153100967407227,
      2.153541088104248,
      27.199983596801758,
      38.082733154296875,
      60.6491813659668,
      75.6343994140625,
      126.78497314453125,
      93.88176727294922,
      38.62336349487305,
      34.45638656616211,
      24.10597801208496,
      29.275100708007812,
      28.02768898010254,
      3.2045071125030518,
      22.228120803833008,
      -0.9931989312171936,
      8.520538330078125,
      3.3796792030334473
    ],
    [
      -3.0675528049468994,
      -1.2118059396743774,
      70.37348937988281,
      71.94566345214844,
      91.2143783569336,
      93.34654998779297,
      68.76908874511719,
      38.62336349487305,
      160.2202911376953,
      108.824462890625,
      116.73570251464844,
      94.0980224609375,
      57.22974395751953,
      13.6630859375,
      61.14344787597656,
      16.239891052246094,
      9.94498348236084,
      0.13940590620040894
    ],
    [
      4.65822172164917,
      -0.10091328620910645,
      52.74940490722656,
      61.488155364990234,
      66.1701431274414,
      77.71417236328125,
      48.28507995605469,
      34.45638656616211,
      108.824462890625,
      84.75167083740234,
      81.4207534790039,
      74.81646728515625,
      61.1246452331543,
      15.596491813659668,
      63.4832763671875,
      17.146255493164062,
      15.992812156677246,
      4.286015033721924
    ],
    [
      -11.735271453857422,
      -2.733661651611328,
      58.44227981567383,
      61.49083709716797,
      74.60646057128906,
      77.89820098876953,
      46.56292724609375,
      24.10597801208496,
      116.73570251464844,
      81.4207534790039,
      139.07217407226562,
      103.25418853759766,
      74.21636962890625,
      25.79644012451172,
      67.61366271972656,
      21.971500396728516,
      12.126646995544434,
      0.2794869542121887
    ],
    [
      -0.17847706377506256,
      -0.9780613780021667,
      53.964595794677734,
      63.89979934692383,
      65.3419189453125,
      78.50263977050781,
      39.57830047607422,
      29.275100708007812,
      94.0980224609375,
      74.81646728515625,
      103.25418853759766,
      92.48951721191406,
      82.7856216430664,
      25.921401977539062,
      77.314208984375,
      22.602092742919922,
      18.752220153808594,
      4.937714099884033
    ],
    [
      -1.8500570058822632,
      -1.8270256519317627,
      24.348623275756836,
      50.29255294799805,
      28.652069091796875,
      62.56087875366211,
      18.777992248535156,
      28.02768898010254,
      57.22974395751953,
      61.1246452331543,
      74.21636962890625,
      82.7856216430664,
      140.9032745361328,
      56.612674713134766,
      123.1291732788086,
      43.49617385864258,
      35.21821975708008,
      8.165807723999023
    ],
    [
      -4.486124038696289,
      -1.2892248630523682,
      0.060943420976400375,
      8.521345138549805,
      -0.01664802059531212,
      10.925962448120117,
      -2.172459840774536,
      3.2045071125030518,
      13.6630859375,
      15.596491813659668,
      25.79644012451172,
      25.921401977539062,
      56.612674713134766,
      29.09526824951172,
      46.6949348449707,
      20.72856903076172,
      14.035867691040039,
      2.2771990299224854
    ],
    [
      4.042172908782959,
      -0.5498532652854919,
      26.286026000976562,
      53.79829025268555,
      28.202587127685547,
      62.852970123291016,
      14.033130645751953,
      22.228120803833008,
      61.14344787597656,
      63.4832763671875,
      67.61366271972656,
      77.314208984375,
      123.1291732788086,
      46.6949348449707,
      128.42481994628906,
      45.878089904785156,
      36.545188903808594,
      8.029708862304688
    ],
    [
      -2.603349208831787,
      -0.8899120688438416,
      3.279561758041382,
      11.253599166870117,
      2.2927746772766113,
      11.474308967590332,
      -5.63554048538208,
      -0.9931989312171936,
      16.239891052246094,
      17.146255493164062,
      21.971500396728516,
      22.602092742919922,
      43.49617385864258,
      20.72856903076172,
      45.878089904785156,
      21.038705825805664,
      13.667302131652832,
      2.0949573516845703
    ],
    [
      3.8035080432891846,
      0.03745334967970848,
      0.8947701454162598,
      12.712312698364258,
      -0.7694210410118103,
      14.428916931152344,
      2.8300678730010986,
      8.520538330078125,
      9.94498348236084,
      15.992812156677246,
      12.126646995544434,
      18.752220153808594,
      35.21821975708008,
      14.035867691040039,
      36.545188903808594,
      13.667302131652832,
      19.18637466430664,
      5.535501003265381
    ],
    [
      3.946727752685547,
      0.36633333563804626,
      -0.12460912019014359,
      5.299015045166016,
      -0.17406794428825378,
      6.025701522827148,
      -0.04469842463731766,
      3.3796792030334473,
      0.13940590620040894,
      4.286015033721924,
      0.2794869542121887,
      4.937714099884033,
      8.165807723999023,
      2.2771990299224854,
      8.029708862304688,
      2.0949573516845703,
      5.535501003265381,
      4.043343544006348
    ]
  ],
  "damage": -13.721067428588867,
  "diff_bandwidth": 882.3802490234375,
  "dissonance": 9.899110320754742,
  "drr": 19.076499938964844,
  "dynamics": 5.25880765914917,
  "format": 1245190,
  "frames": 2750664,
  "loudness": -21.96056365966797,
  "loudness_range": 14.553742408752441,
  "loudness_range_short": 25.469348907470703,
  "lowpass_true_peak_15khz": -1.4130977392196655,
  "mastering3_acoustic_entropies": [
    {
      "acoustic_entropy": 7.082321643829346,
      "acoustic_entropy_mono": 7.069838047027588,
      "band_eliminated_acoustic_entropies": [
        {
          "acoustic_entropy": 7.082313537597656,
          "acoustic_entropy_side": 7.082321643829346,
          "hz": 129.47220167065723
        },
        {
          "acoustic_entropy": 7.080203533172607,
          "acoustic_entropy_side": 7.0823235511779785,
          "hz": 202.92927478742237
        },
        {
          "acoustic_entropy": 7.132364273071289,
          "acoustic_entropy_side": 7.082328796386719,
          "hz": 282.89161906338205
        },
        {
          "acoustic_entropy": 7.058737277984619,
          "acoustic_entropy_side": 7.08234167098999,
          "hz": 369.9353335868758
        },
        {
          "acoustic_entropy": 7.311553955078125,
          "acoustic_entropy_side": 7.0822649002075195,
          "hz": 464.6875360973435
        },
        {
          "acoustic_entropy": 7.840047836303711,
          "acoustic_entropy_side": 7.0826497077941895,
          "hz": 567.8308811364784
        },
        {
          "acoustic_entropy": 6.804173946380615,
          "acoustic_entropy_side": 7.079925537109375,
          "hz": 680.1084783214808
        },
        {
          "acoustic_entropy": 7.2015767097473145,
          "acoustic_entropy_side": 7.0815863609313965,
          "hz": 802.3292461747484
        },
        {
          "acoustic_entropy": 7.239278793334961,
          "acoustic_entropy_side": 7.082285404205322,
          "hz": 935.3737400823702
        },
        {
          "acoustic_entropy": 7.2221760749816895,
          "acoustic_entropy_side": 7.076238632202148,
          "hz": 1080.2004963696966
        },
        {
          "acoustic_entropy": 7.260376930236816,
          "acoustic_entropy_side": 7.070483207702637,
          "hz": 1237.8529382007157
        },
        {
          "acoustic_entropy": 7.212489604949951,
          "acoustic_entropy_side": 7.0803914070129395,
          "hz": 1409.4668930556702
        },
        {
          "acoustic_entropy": 7.417198657989502,
          "acoustic_entropy_side": 7.0805158615112305,
          "hz": 1596.2787759475705
        },
        {
          "acoustic_entropy": 7.8856635093688965,
          "acoustic_entropy_side": 7.0831685066223145,
          "hz": 1799.6344973346393
        },
        {
          "acoustic_entropy": 7.256669998168945,
          "acoustic_entropy_side": 7.082683086395264,
          "hz": 2020.9991599069049
        },
        {
          "acoustic_entropy": 6.830602645874023,
          "acoustic_entropy_side": 7.081197261810303,
          "hz": 2261.9676141086993
        },
        {
          "acoustic_entropy": 7.105169296264648,
          "acoustic_entropy_side": 7.0838799476623535,
          "hz": 2524.2759484456974
        },
        {
          "acoustic_entropy": 7.337976932525635,
          "acoustic_entropy_side": 7.083564281463623,
          "hz": 2809.813997359896
        },
        {
          "acoustic_entropy": 7.266632556915283,
          "acoustic_entropy_side": 7.08356237411499,
          "hz": 3120.6389567871424
        },
        {
          "acoustic_entropy": 7.250772476196289,
          "acoustic_entropy_side": 7.083021640777588,
          "hz": 3458.990205492291
        },
        {
          "acoustic_entropy": 7.549091815948486,
          "acoustic_entropy_side": 7.085412502288818,
          "hz": 3827.305438964164
        },
        {
          "acoustic_entropy": 7.350752353668213,
          "acoustic_entropy_side": 7.083278656005859,
          "hz": 4228.238232109126
        },
        {
          "acoustic_entropy": 6.820892333984375,
          "acoustic_entropy_side": 7.082091331481934,
          "hz": 4664.6771572759235
        },
        {
          "acoustic_entropy": 6.9972825050354,
          "acoustic_entropy_side": 7.082276344299316,
          "hz": 5139.766595350093
        },
        {
          "acoustic_entropy": 7.019319534301758,
          "acoustic_entropy_side": 7.082307815551758,
          "hz": 5656.929389854203
        },
        {
          "acoustic_entropy": 6.994274139404297,
          "acoustic_entropy_side": 7.0822834968566895,
          "hz": 6219.891507268283
        },
        {
          "acoustic_entropy": 6.871836185455322,
          "acoustic_entropy_side": 7.082252502441406,
          "hz": 6832.70888123896
        },
        {
          "acoustic_entropy": 6.654427528381348,
          "acoustic_entropy_side": 7.082314491271973,
          "hz": 7499.796634079867
        },
        {
          "acoustic_entropy": 6.915327548980713,
          "acoustic_entropy_side": 7.082371711730957,
          "hz": 8225.96088609342
        },
        {
          "acoustic_entropy": 7.0020365715026855,
          "acoustic_entropy_side": 7.082430362701416,
          "hz": 9016.43338188839
        },
        {
          "acoustic_entropy": 7.085627555847168,
          "acoustic_entropy_side": 7.082374572753906,
          "hz": 9876.909183162974
        },
        {
          "acoustic_entropy": 7.105157852172852,
          "acoustic_entropy_side": 7.082333564758301,
          "hz": 10813.587699516042
        },
        {
          "acoustic_entropy": 7.09192419052124,
          "acoustic_entropy_side": 7.08232307434082,
          "hz": 11833.21735289826
        },
        {
          "acoustic_entropy": 7.0869526863098145,
          "acoustic_entropy_side": 7.082322597503662,
          "hz": 12943.144197493959
        },
        {
          "acoustic_entropy": 7.083055019378662,
          "acoustic_entropy_side": 7.082321643829346,
          "hz": 14151.364845322005
        },
        {
          "acoustic_entropy": 7.082438945770264,
          "acoustic_entropy_side": 7.082321643829346,
          "hz": 15466.58407886509
        },
        {
          "acoustic_entropy": 7.082270622253418,
          "acoustic_entropy_side": 7.082322120666504,
          "hz": 16898.27756580493
        },
        {
          "acoustic_entropy": 7.082319259643555,
          "acoustic_entropy_side": 7.082322120666504,
          "hz": 18456.760127700032
        },
        {
          "acoustic_entropy": 7.082339763641357,
          "acoustic_entropy_side": 7.0823235511779785,
          "hz": 20153.260054456492
        },
        {
          "acoustic_entropy": 7.082329273223877,
          "acoustic_entropy_side": 7.082324028015137,
          "hz": 22000.00000000001
        }
      ],
      "diff_acoustic_entropy": 8.104475021362305,
      "sn": 6
    },
    {
      "acoustic_entropy": 10.084239959716797,
      "acoustic_entropy_mono": 10.047637939453125,
      "band_eliminated_acoustic_entropies": [
        {
          "acoustic_entropy": 10.084665298461914,
          "acoustic_entropy_side": 10.084239959716797,
          "hz": 129.47220167065723
        },
        {
          "acoustic_entropy": 10.122406005859375,
          "acoustic_entropy_side": 10.084259033203125,
          "hz": 202.92927478742237
        },
        {
          "acoustic_entropy": 9.740372657775879,
          "acoustic_entropy_side": 10.084436416625977,
          "hz": 282.89161906338205
        },
        {
          "acoustic_entropy": 10.279065132141113,
          "acoustic_entropy_side": 10.085021018981934,
          "hz": 369.9353335868758
        },
        {
          "acoustic_entropy": 11.02493667602539,
          "acoustic_entropy_side": 10.084094047546387,
          "hz": 464.6875360973435
        },
        {
          "acoustic_entropy": 11.99498176574707,
          "acoustic_entropy_side": 10.074711799621582,
          "hz": 567.8308811364784
        },
        {
          "acoustic_entropy": 10.106795310974121,
          "acoustic_entropy_side": 10.084794044494629,
          "hz": 680.1084783214808
        },
        {
          "acoustic_entropy": 10.353093147277832,
          "acoustic_entropy_side": 10.080473899841309,
          "hz": 802.3292461747484
        },
        {
          "acoustic_entropy": 10.42723274230957,
          "acoustic_entropy_side": 10.085094451904297,
          "hz": 935.3737400823702
        },
        {
          "acoustic_entropy": 10.22856330871582,
          "acoustic_entropy_side": 10.070089340209961,
          "hz": 1080.2004963696966
        },
        {
          "acoustic_entropy": 10.456077575683594,
          "acoustic_entropy_side": 10.081087112426758,
          "hz": 1237.8529382007157
        },
        {
          "acoustic_entropy": 10.235846519470215,
          "acoustic_entropy_side": 10.084739685058594,
          "hz": 1409.4668930556702
        },
        {
          "acoustic_entropy": 10.83672046661377,
          "acoustic_entropy_side": 10.09398078918457,
          "hz": 1596.2787759475705
        },
        {
          "acoustic_entropy": 10.94602108001709,
          "acoustic_entropy_side": 10.08931827545166,
          "hz": 1799.6344973346393
        },
        {
          "acoustic_entropy": 11.086748123168945,
          "acoustic_entropy_side": 10.088635444641113,
          "hz": 2020.9991599069049
        },
        {
          "acoustic_entropy": 10.882675170898438,
          "acoustic_entropy_side": 10.092327117919922,
          "hz": 2261.9676141086993
        },
        {
          "acoustic_entropy": 9.924548149108887,
          "acoustic_entropy_side": 10.098427772521973,
          "hz": 2524.2759484456974
        },
        {
          "acoustic_entropy": 9.904073715209961,
          "acoustic_entropy_side": 10.077880859375,
          "hz": 2809.813997359896
        },
        {
          "acoustic_entropy": 9.997057914733887,
          "acoustic_entropy_side": 10.085053443908691,
          "hz": 3120.6389567871424
        },
        {
          "acoustic_entropy": 10.157211303710938,
          "acoustic_entropy_side": 10.087235450744629,
          "hz": 3458.990205492291
        },
        {
          "acoustic_entropy": 10.268874168395996,
          "acoustic_entropy_side": 10.097236633300781,
          "hz": 3827.305438964164
        },
        {
          "acoustic_entropy": 10.912863731384277,
          "acoustic_entropy_side": 10.08634090423584,
          "hz": 4228.238232109126
        },
        {
          "acoustic_entropy": 9.98349380493164,
          "acoustic_entropy_side": 10.086695671081543,
          "hz": 4664.6771572759235
        },
        {
          "acoustic_entropy": 10.36664867401123,
          "acoustic_entropy_side": 10.085021018981934,
          "hz": 5139.766595350093
        },
        {
          "acoustic_entropy": 10.123040199279785,
          "acoustic_entropy_side": 10.084342956542969,
          "hz": 5656.929389854203
        },
        {
          "acoustic_entropy": 10.242319107055664,
          "acoustic_entropy_side": 10.083826065063477,
          "hz": 6219.891507268283
        },
        {
          "acoustic_entropy": 10.149312973022461,
          "acoustic_entropy_side": 10.082396507263184,
          "hz": 6832.70888123896
        },
        {
          "acoustic_entropy": 10.14499568939209,
          "acoustic_entropy_side": 10.081738471984863,
          "hz": 7499.796634079867
        },
        {
          "acoustic_entropy": 10.217732429504395,
          "acoustic_entropy_side": 10.083459854125977,
          "hz": 8225.96088609342
        },
        {
          "acoustic_entropy": 10.240446090698242,
          "acoustic_entropy_side": 10.084737777709961,
          "hz": 9016.43338188839
        },
        {
          "acoustic_entropy": 10.081023216247559,
          "acoustic_entropy_side": 10.084352493286133,
          "hz": 9876.909183162974
        },
        {
          "acoustic_entropy": 9.881558418273926,
          "acoustic_entropy_side": 10.084239959716797,
          "hz": 10813.587699516042
        },
        {
          "acoustic_entropy": 10.0006685256958,
          "acoustic_entropy_side": 10.084221839904785,
          "hz": 11833.21735289826
        },
        {
          "acoustic_entropy": 10.06592082977295,
          "acoustic_entropy_side": 10.084235191345215,
          "hz": 12943.144197493959
        },
        {
          "acoustic_entropy": 10.077619552612305,
          "acoustic_entropy_side": 10.084238052368164,
          "hz": 14151.364845322005
        },
        {
          "acoustic_entropy": 10.085481643676758,
          "acoustic_entropy_side": 10.08423900604248,
          "hz": 15466.58407886509
        },
        {
          "acoustic_entropy": 10.08795166015625,
          "acoustic_entropy_side": 10.084239959716797,
          "hz": 16898.27756580493
        },
        {
          "acoustic_entropy": 10.08510971069336,
          "acoustic_entropy_side": 10.084239959716797,
          "hz": 18456.760127700032
        },
        {
          "acoustic_entropy": 10.084257125854492,
          "acoustic_entropy_side": 10.084247589111328,
          "hz": 20153.260054456492
        },
        {
          "acoustic_entropy": 10.08423900604248,
          "acoustic_entropy_side": 10.08424186706543,
          "hz": 22000.00000000001
        }
      ],
      "diff_acoustic_entropy": 11.648839950561523,
      "sn": 12
    },
    {
      "acoustic_entropy": 15.708592414855957,
      "acoustic_entropy_mono": 15.590506553649902,
      "band_eliminated_acoustic_entropies": [
        {
          "acoustic_entropy": 15.716142654418945,
          "acoustic_entropy_side": 15.708609580993652,
          "hz": 129.47220167065723
        },
        {
          "acoustic_entropy": 16.133638381958008,
          "acoustic_entropy_side": 15.71086597442627,
          "hz": 202.92927478742237
        },
        {
          "acoustic_entropy": 16.096912384033203,
          "acoustic_entropy_side": 15.631443977355957,
          "hz": 282.89161906338205
        },
        {
          "acoustic_entropy": 16.11707305908203,
          "acoustic_entropy_side": 15.71566104888916,
          "hz": 369.9353335868758
        },
        {
          "acoustic_entropy": 16.380691528320312,
          "acoustic_entropy_side": 15.748713493347168,
          "hz": 464.6875360973435
        },
        {
          "acoustic_entropy": 16.9813232421875,
          "acoustic_entropy_side": 15.717368125915527,
          "hz": 567.8308811364784
        },
        {
          "acoustic_entropy": 16.146533966064453,
          "acoustic_entropy_side": 15.814281463623047,
          "hz": 680.1084783214808
        },
        {
          "acoustic_entropy": 15.622222900390625,
          "acoustic_entropy_side": 15.589223861694336,
          "hz": 802.3292461747484
        },
        {
          "acoustic_entropy": 15.9249267578125,
          "acoustic_entropy_side": 15.633575439453125,
          "hz": 935.3737400823702
        },
        {
          "acoustic_entropy": 16.21284294128418,
          "acoustic_entropy_side": 15.686129570007324,
          "hz": 1080.2004963696966
        },
        {
          "acoustic_entropy": 15.776942253112793,
          "acoustic_entropy_side": 15.692375183105469,
          "hz": 1237.8529382007157
        },
        {
          "acoustic_entropy": 16.009098052978516,
          "acoustic_entropy_side": 15.61871337890625,
          "hz": 1409.4668930556702
        },
        {
          "acoustic_entropy": 16.039682388305664,
          "acoustic_entropy_side": 15.490147590637207,
          "hz": 1596.2787759475705
        },
        {
          "acoustic_entropy": 16.057966232299805,
          "acoustic_entropy_side": 15.79898738861084,
          "hz": 1799.6344973346393
        },
        {
          "acoustic_entropy": 15.728303909301758,
          "acoustic_entropy_side": 15.8374605178833,
          "hz": 2020.9991599069049
        },
        {
          "acoustic_entropy": 16.005191802978516,
          "acoustic_entropy_side": 15.80516242980957,
          "hz": 2261.9676141086993
        },
        {
          "acoustic_entropy": 15.901175498962402,
          "acoustic_entropy_side": 15.98629093170166,
          "hz": 2524.2759484456974
        },
        {
          "acoustic_entropy": 16.026853561401367,
          "acoustic_entropy_side": 15.754110336303711,
          "hz": 2809.813997359896
        },
        {
          "acoustic_entropy": 16.08116340637207,
