{
  "acoustic_entropy": 155.7860870361328,
  "bands": [
    {
      "high_freq": 148.1999969482422,
      "loudness": -53.00606918334961,
      "loudness_range": 26.047042846679688,
      "mid_mean": -49.40895080566406,
      "mid_to_side_loudness": -14.808831214904785,
      "mid_to_side_loudness_range": 11.211763381958008,
      "side_mean": -62.17198944091797
    },
    {
      "high_freq": 392.3793640136719,
      "loudness": -39.23446273803711,
      "loudness_range": 25.54505729675293,
      "low_freq": 148.1999969482422,
      "mid_mean": -35.92066955566406,
      "mid_to_side_loudness": -13.109123229980469,
      "mid_to_side_loudness_range": 10.377154350280762,
      "side_mean": -50.66531753540039
    },
    {
      "high_freq": 794.6976318359375,
      "loudness": -40.758182525634766,
      "loudness_range": 22.92947006225586,
      "low_freq": 392.3793640136719,
      "mid_mean": -37.55929946899414,
      "mid_to_side_loudness": -10.537076950073242,
      "mid_to_side_loudness_range": 7.0598225593566895,
      "side_mean": -49.47251892089844
    },
    {
      "high_freq": 1457.5709228515625,
      "loudness": -44.77473068237305,
      "loudness_range": 21.613807678222656,
      "low_freq": 794.6976318359375,
      "mid_mean": -42.08221435546875,
      "mid_to_side_loudness": -6.854308605194092,
      "mid_to_side_loudness_range": 7.059904098510742,
      "side_mean": -50.46747970581055
    },
    {
      "high_freq": 2549.74365234375,
      "loudness": -46.359493255615234,
      "loudness_range": 24.16376495361328,
      "low_freq": 1457.5709228515625,
      "mid_mean": -44.76313018798828,
      "mid_to_side_loudness": -2.9781861305236816,
      "mid_to_side_loudness_range": 6.850522518157959,
      "side_mean": -48.589500427246094
    },
    {
      "high_freq": 4349.24462890625,
      "loudness": -49.71818161010742,
      "loudness_range": 25.970542907714844,
      "low_freq": 2549.74365234375,
      "mid_mean": -50.86378479003906,
      "mid_to_side_loudness": -0.33603066205978394,
      "mid_to_side_loudness_range": 6.856866836547852,
      "side_mean": -51.137046813964844
    },
    {
      "high_freq": 7314.1640625,
      "loudness": -59.243534088134766,
      "loudness_range": 27.123165130615234,
      "low_freq": 4349.24462890625,
      "mid_mean": -59.71504211425781,
      "mid_to_side_loudness": 1.9883390665054321,
      "mid_to_side_loudness_range": 6.732678413391113,
      "side_mean": -58.04716873168945
    },
    {
      "high_freq": 12199.2666015625,
      "loudness": -67.99667358398438,
      "loudness_range": 27.055767059326172,
      "low_freq": 7314.1640625,
      "mid_mean": -64.57836151123047,
      "mid_to_side_loudness": 0.2743302583694458,
      "mid_to_side_loudness_range": 6.696232795715332,
      "side_mean": -64.53215026855469
    },
    {
      "loudness": -68.97415924072266,
      "loudness_range": 17.462127685546875,
      "low_freq": 12199.2666015625,
      "mid_mean": -65.59124755859375,
      "mid_to_side_loudness": 0.8965957760810852,
      "mid_to_side_loudness_range": 10.414834022521973,
      "side_mean": -65.12955474853516
    }
  ],
  "bands_short": [
    {
      "high_freq": 148.1999969482422,
      "loudness": -55.73354721069336,
      "loudness_range": 25.20083236694336,
      "mid_mean": -52.07209014892578,
      "mid_to_side_loudness": -15.152445793151855,
      "mid_to_side_loudness_range": 13.61673641204834,
      "side_mean": -64.42487335205078
    },
    {
      "high_freq": 392.3793640136719,
      "loudness": -40.085792541503906,
      "loudness_range": 26.92677879333496,
      "low_freq": 148.1999969482422,
      "mid_mean": -36.81584548950195,
      "mid_to_side_loudness": -13.097702026367188,
      "mid_to_side_loudness_range": 12.67151927947998,
      "side_mean": -51.48250198364258
    },
    {
      "high_freq": 794.6976318359375,
      "loudness": -41.00038146972656,
      "loudness_range": 23.9736385345459,
      "low_freq": 392.3793640136719,
      "mid_mean": -37.87980651855469,
      "mid_to_side_loudness": -10.880354881286621,
      "mid_to_side_loudness_range": 10.648311614990234,
      "side_mean": -50.33242416381836
    },
    {
      "high_freq": 1457.5709228515625,
      "loudness": -44.69365692138672,
      "loudness_range": 22.367904663085938,
      "low_freq": 794.6976318359375,
      "mid_mean": -42.094810485839844,
      "mid_to_side_loudness": -6.920897006988525,
      "mid_to_side_loudness_range": 9.953842163085938,
      "side_mean": -50.615966796875
    },
    {
      "high_freq": 2549.74365234375,
      "loudness": -46.82356262207031,
      "loudness_range": 24.588092803955078,
      "low_freq": 1457.5709228515625,
      "mid_mean": -45.40058517456055,
      "mid_to_side_loudness": -2.881396532058716,
      "mid_to_side_loudness_range": 9.233098983764648,
      "side_mean": -49.99262619018555
    },
    {
      "high_freq": 4349.24462890625,
      "loudness": -50.06446838378906,
      "loudness_range": 26.254776000976562,
      "low_freq": 2549.74365234375,
      "mid_mean": -51.30345153808594,
      "mid_to_side_loudness": -0.3528909385204315,
      "mid_to_side_loudness_range": 7.946455001831055,
      "side_mean": -51.59941101074219
    },
    {
      "high_freq": 7314.1640625,
      "loudness": -59.556602478027344,
      "loudness_range": 27.680927276611328,
      "low_freq": 4349.24462890625,
      "mid_mean": -59.955867767333984,
      "mid_to_side_loudness": 1.8487004041671753,
      "mid_to_side_loudness_range": 8.009284973144531,
      "side_mean": -58.4240608215332
    },
    {
      "high_freq": 12199.2666015625,
      "loudness": -68.28626251220703,
      "loudness_range": 26.731307983398438,
      "low_freq": 7314.1640625,
      "mid_mean": -64.82817840576172,
      "mid_to_side_loudness": 0.27500852942466736,
      "mid_to_side_loudness_range": 7.153450012207031,
      "side_mean": -64.78028106689453
    },
    {
      "loudness": -69.25548553466797,
      "loudness_range": 16.98847198486328,
      "low_freq": 12199.2666015625,
      "mid_mean": -65.74510955810547,
      "mid_to_side_loudness": 0.9007185697555542,
      "mid_to_side_loudness_range": 11.765436172485352,
      "side_mean": -65.3011245727539
    }
  ],
  "bandwidth": 563.2359008789062,
  "channels": 2,
  "covariance": [
    [
      73.72118377685547,
      55.851497650146484,
      43.19248962402344,
      53.8841552734375,
      34.089195251464844,
      39.57693862915039,
      30.72066307067871,
      37.026161193847656,
      32.433067321777344,
      33.31499099731445,
      40.355499267578125,
      39.465816497802734,
      32.25490951538086,
      33.026187896728516,
      19.18988037109375,
      18.7088565826416,
      11.147677421569824,
      12.452752113342285
    ],
    [
      55.851497650146484,
      51.80379104614258,
      35.576820373535156,
      42.547035217285156,
      28.26944351196289,
      32.525367736816406,
      24.899677276611328,
      29.717304229736328,
      26.445480346679688,
      27.088499069213867,
      31.537874221801758,
      30.654760360717773,
      25.287151336669922,
      25.692890167236328,
      14.464594841003418,
      14.221477508544922,
      7.876762866973877,
      8.747633934020996
    ],
    [
      43.19248962402344,
      35.576820373535156,
      75.4104995727539,
      70.17325592041016,
      49.632972717285156,
      51.437992095947266,
      48.06956481933594,
      49.16461944580078,
      51.83036804199219,
      50.8613395690918,
      56.64126205444336,
      54.340091705322266,
      46.852394104003906,
      48.779762268066406,
      31.40280532836914,
      31.74362564086914,
      18.00937843322754,
      19.025943756103516
    ],
    [
      53.8841552734375,
      42.547035217285156,
      70.17325592041016,
      101.90210723876953,
      48.790340423583984,
      68.31192779541016,
      46.96282958984375,
      66.79901123046875,
      49.994964599609375,
      55.685447692871094,
      72.34648132324219,
      69.7620620727539,
      54.13968276977539,
      57.24949645996094,
      35.007198333740234,
      35.47767639160156,
      19.985509872436523,
      20.980077743530273
    ],
    [
      34.089195251464844,
      28.26944351196289,
      49.632972717285156,
      48.790340423583984,
      61.2697639465332,
      58.11710739135742,
      47.37946319580078,
      47.082557678222656,
      54.647560119628906,
      52.63722229003906,
      57.58538055419922,
      54.475467681884766,
      46.75564956665039,
      49.12273406982422,
      30.450284957885742,
      31.409082412719727,
      17.24867820739746,
      18.09332275390625
    ],
    [
      39.57693862915039,
      32.525367736816406,
      51.437992095947266,
      68.31192779541016,
      58.11710739135742,
      82.53433990478516,
      46.38127517700195,
      65.37071990966797,
      55.272762298583984,
      61.737483978271484,
      75.03380584716797,
      71.63616180419922,
      54.39216995239258,
      58.31837844848633,
      33.605770111083984,
      34.49992370605469,
      18.3613224029541,
      19.35976219177246
    ],
    [
      30.72066307067871,
      24.899677276611328,
      48.06956481933594,
      46.96282958984375,
      47.37946319580078,
      46.38127517700195,
      59.760948181152344,
      54.30242919921875,
      57.04338455200195,
      55.518924713134766,
      61.73970413208008,
      59.88191223144531,
      51.549564361572266,
      55.7371940612793,
      35.65215301513672,
      35.540992736816406,
      19.432689666748047,
      20.576261520385742
    ],
    [
      37.026161193847656,
      29.717304229736328,
      49.16461944580078,
      66.79901123046875,
      47.082557678222656,
      65.37071990966797,
      54.30242919921875,
      76.2099380493164,
      55.141849517822266,
      63.65374755859375,
      80.7688980102539,
      79.39143371582031,
      59.13383102416992,
      65.21733093261719,
      39.02033996582031,
      38.58157730102539,
      19.66225242614746,
      21.437225341796875
    ],
    [
      32.433067321777344,
      26.445480346679688,
      51.83036804199219,
      49.994964599609375,
      54.647560119628906,
      55.272762298583984,
      57.04338455200195,
      55.141849517822266,
      73.88385009765625,
      67.91400146484375,
      71.93330383300781,
      69.96802520751953,
      58.81623458862305,
      63.55231857299805,
      40.59495544433594,
      40.96480941772461,
      21.75144386291504,
      22.924217224121094
    ],
    [
      33.31499099731445,
      27.088499069213867,
      50.8613395690918,
      55.685447692871094,
      52.63722229003906,
      61.737483978271484,
      55.518924713134766,
      63.65374755859375,
      67.91400146484375,
      77.81642150878906,
      78.82347106933594,
      78.63111114501953,
      60.40747833251953,
      66.72174835205078,
      41.58148193359375,
      41.1148567199707,
      21.344722747802734,
      22.93537712097168
    ],
    [
      40.355499267578125,
      31.537874221801758,
      56.64126205444336,
      72.34648132324219,
      57.58538055419922,
      75.03380584716797,
      61.73970413208008,
      80.7688980102539,
      71.93330383300781,
      78.82347106933594,
      102.43970489501953,
      98.92086791992188,
      74.75011444091797,
      81.36774444580078,
      48.98997116088867,
      49.4109992980957,
      24.267240524291992,
      26.363096237182617
    ],
    [
      39.465816497802734,
      30.654760360717773,
      54.340091705322266,
      69.7620620727539,
      54.475467681884766,
      71.63616180419922,
      59.88191223144531,
      79.39143371582031,
      69.96802520751953,
      78.63111114501953,
      98.92086791992188,
      100.50517272949219,
      71.70175170898438,
      80.60777282714844,
      49.68122482299805,
      48.56013107299805,
      23.75642967224121,
      25.942384719848633
    ],
    [
      32.25490951538086,
      25.287151336669922,
      46.852394104003906,
      54.13968276977539,
      46.75564956665039,
      54.39216995239258,
      51.549564361572266,
      59.13383102416992,
      58.81623458862305,
      60.40747833251953,
      74.75011444091797,
      71.70175170898438,
      63.21622848510742,
      67.08444213867188,
      42.61445617675781,
      43.283023834228516,
      23.28981590270996,
      24.833620071411133
    ],
    [
      33.026187896728516,
      25.692890167236328,
      48.779762268066406,
      57.24949645996094,
      49.12273406982422,
      58.31837844848633,
      55.7371940612793,
      65.21733093261719,
      63.55231857299805,
      66.72174835205078,
      81.36774444580078,
      80.60777282714844,
      67.08444213867188,
      75.24272155761719,
      47.522098541259766,
      47.11943817138672,
      25.04242706298828,
      26.71318244934082
    ],
    [
      19.18988037109375,
      14.464594841003418,
      31.40280532836914,
      35.007198333740234,
      30.450284957885742,
      33.605770111083984,
      35.65215301513672,
      39.02033996582031,
      40.59495544433594,
      41.58148193359375,
      48.98997116088867,
      49.68122482299805,
      42.61445617675781,
      47.522098541259766,
      35.64818572998047,
      34.4144172668457,
      20.31791114807129,
      21.221845626831055
    ],
    [
      18.7088565826416,
      14.221477508544922,
      31.74362564086914,
      35.47767639160156,
      31.409082412719727,
      34.49992370605469,
      35.540992736816406,
      38.58157730102539,
      40.96480941772461,
      41.1148567199707,
      49.4109992980957,
      48.56013107299805,
      43.283023834228516,
      47.11943817138672,
      34.4144172668457,
      34.97346496582031,
      20.531145095825195,
      21.24600601196289
    ],
    [
      11.147677421569824,
      7.876762866973877,
      18.00937843322754,
      19.985509872436523,
      17.24867820739746,
      18.3613224029541,
      19.432689666748047,
      19.66225242614746,
      21.75144386291504,
      21.344722747802734,
      24.267240524291992,
      23.75642967224121,
      23.28981590270996,
      25.04242706298828,
      20.31791114807129,
      20.531145095825195,
      17.037878036499023,
      16.33261489868164
    ],
    [
      12.452752113342285,
      8.747633934020996,
      19.025943756103516,
      20.980077743530273,
      18.09332275390625,
      19.35976219177246,
      20.576261520385742,
      21.437225341796875,
      22.924217224121094,
      22.93537712097168,
      26.363096237182617,
      25.942384719848633,
      24.833620071411133,
      26.71318244934082,
      21.221845626831055,
      21.24600601196289,
      16.33261489868164,
      17.67828369140625
    ]
  ],
  "covariance_short": [
    [
      64.0554428100586,
      37.82510757446289,
      35.58900833129883,
      42.80133056640625,
      27.840133666992188,
      32.41663360595703,
      25.76978874206543,
      29.995695114135742,
      27.004663467407227,
      30.70977783203125,
      33.23535919189453,
      32.153968811035156,
      26.64470863342285,
      27.019182205200195,
      15.835159301757812,
      15.483169555664062,
      9.267036437988281,
      10.342220306396484
    ],
    [
      37.82510757446289,
      32.48617935180664,
      24.79608726501465,
      29.276594161987305,
      20.04116439819336,
      22.997617721557617,
      17.928251266479492,
      20.858020782470703,
      19.365909576416016,
      21.532014846801758,
      22.66715431213379,
      21.879756927490234,
      18.390439987182617,
      18.674409866333008,
      10.831748008728027,
      10.6919584274292,
      5.866325378417969,
      6.574798583984375
    ],
    [
      35.58900833129883,
      24.79608726501465,
      83.53268432617188,
      74.0254898071289,
      51.27285385131836,
      52.29267120361328,
      48.596893310546875,
      50.443843841552734,
      51.96828079223633,
      52.58015060424805,
      56.88939666748047,
      54.671287536621094,
      46.39031982421875,
      48.282535552978516,
      30.66960334777832,
      30.620033264160156,
      17.227439880371094,
      18.162841796875
    ],
    [
      42.80133056640625,
      29.276594161987305,
      74.0254898071289,
      105.96797180175781,
      51.03873825073242,
      71.40935516357422,
      47.59119415283203,
      66.79116821289062,
      50.54320526123047,
      68.33711242675781,
      71.26988983154297,
      68.67723083496094,
      53.26023483276367,
      56.06851577758789,
      33.96696090698242,
      34.047847747802734,
      19.10243034362793,
      19.867122650146484
    ],
    [
      27.840133666992188,
      20.04116439819336,
      51.27285385131836,
      51.03873825073242,
      68.03091430664062,
      59.95912170410156,
      48.580692291259766,
      48.42340850830078,
      56.002017974853516,
      53.76493453979492,
      58.82067108154297,
      55.667091369628906,
      47.357662200927734,
      49.47901153564453,
      30.245325088500977,
      31.080087661743164,
      16.832080841064453,
      17.656475067138672
    ],
    [
      32.41663360595703,
      22.997617721557617,
      52.29267120361328,
      71.40935516357422,
      59.95912170410156,
      89.16500854492188,
      46.56927490234375,
      69.05947875976562,
      55.306785583496094,
      75.54533386230469,
      77.4068832397461,
      73.93881225585938,
      55.1653938293457,
      58.84718704223633,
      33.1422233581543,
      33.9211311340332,
      17.370304107666016,
      18.545074462890625
    ],
    [
      25.76978874206543,
      17.928251266479492,
      48.596893310546875,
      47.59119415283203,
      48.580692291259766,
      46.56927490234375,
      63.90432357788086,
      54.85409164428711,
      58.652828216552734,
      56.1857795715332,
      62.947471618652344,
      60.65629577636719,
      51.86320495605469,
      55.71284103393555,
      34.90540313720703,
      34.79661560058594,
      18.73574447631836,
      19.7612361907959
    ],
    [
      29.995695114135742,
      20.858020782470703,
      50.443843841552734,
      66.79116821289062,
      48.42340850830078,
      69.05947875976562,
      54.85409164428711,
      79.86528778076172,
      56.949668884277344,
      78.32341766357422,
      81.72217559814453,
      80.1029052734375,
      59.28150177001953,
      64.86466217041016,
      38.08171463012695,
      37.65512466430664,
      18.74452018737793,
      20.46904754638672
    ],
    [
      27.004663467407227,
      19.365909576416016,
      51.96828079223633,
      50.54320526123047,
      56.002017974853516,
      55.306785583496094,
      58.652828216552734,
      56.949668884277344,
      78.36580657958984,
      69.2640609741211,
      73.51435089111328,
      71.23284149169922,
      59.46558380126953,
      63.872825622558594,
      40.08198165893555,
      40.38029479980469,
      21.130970001220703,
      22.18608856201172
    ],
    [
      30.70977783203125,
      21.532014846801758,
      52.58015060424805,
      68.33711242675781,
      53.76493453979492,
      75.54533386230469,
      56.1857795715332,
      78.32341766357422,
      69.2640609741211,
      94.14713287353516,
      91.99185943603516,
      91.20957946777344,
      66.32011413574219,
      73.07213592529297,
      43.1033821105957,
      42.57959747314453,
      20.70814323425293,
      22.455656051635742
    ],
    [
      33.23535919189453,
      22.66715431213379,
      56.88939666748047,
      71.26988983154297,
      58.82067108154297,
      77.4068832397461,
      62.947471618652344,
      81.72217559814453,
      73.51435089111328,
      91.99185943603516,
      104.89193725585938,
      100.1133804321289,
      74.77239227294922,
      81.0916519165039,
      48.21827697753906,
      48.51127624511719,
      23.425878524780273,
      25.45972442626953
    ],
    [
      32.153968811035156,
      21.879756927490234,
      54.671287536621094,
      68.67723083496094,
      55.667091369628906,
      73.93881225585938,
      60.65629577636719,
      80.1029052734375,
      71.23284149169922,
      91.20957946777344,
      100.1133804321289,
      102.25457000732422,
      71.58203125,
      80.0248794555664,
      48.734371185302734,
      47.594608306884766,
      22.8569278717041,
      24.96515464782715
    ],
    [
      26.64470863342285,
      18.390439987182617,
      46.39031982421875,
      53.26023483276367,
      47.357662200927734,
      55.1653938293457,
      51.86320495605469,
      59.28150177001953,
      59.46558380126953,
      66.32011413574219,
      74.77239227294922,
      71.58203125,
      64.0753402709961,
      66.9505844116211,
      41.696876525878906,
      42.25340270996094,
      22.281009674072266,
      23.743568420410156
    ],
    [
      27.019182205200195,
      18.674409866333008,
      48.282535552978516,
      56.06851577758789,
      49.47901153564453,
      58.84718704223633,
      55.71284103393555,
      64.86466217041016,
      63.872825622558594,
      73.07213592529297,
      81.0916519165039,
      80.0248794555664,
      66.9505844116211,
      75.69600677490234,
      46.397666931152344,
      45.91709899902344,
      23.983123779296875,
      25.568012237548828
    ],
    [
      15.835159301757812,
      10.831748008728027,
      30.66960334777832,
      33.96696090698242,
      30.245325088500977,
      33.1422233581543,
      34.90540313720703,
      38.08171463012695,
      40.08198165893555,
      43.1033821105957,
      48.21827697753906,
      48.734371185302734,
      41.696876525878906,
      46.397666931152344,
      34.98972702026367,
      33.45420837402344,
      19.4526424407959,
      20.28380584716797
    ],
    [
      15.483169555664062,
      10.6919584274292,
      30.620033264160156,
      34.047847747802734,
      31.080087661743164,
      33.9211311340332,
      34.79661560058594,
      37.65512466430664,
      40.38029479980469,
      42.57959747314453,
      48.51127624511719,
      47.594608306884766,
      42.25340270996094,
      45.91709899902344,
      33.45420837402344,
      34.23616409301758,
      19.605405807495117,
      20.272863388061523
    ],
    [
      9.267036437988281,
      5.866325378417969,
      17.227439880371094,
      19.10243034362793,
      16.832080841064453,
      17.370304107666016,
      18.73574447631836,
      18.74452018737793,
      21.130970001220703,
      20.70814323425293,
      23.425878524780273,
      22.8569278717041,
      22.281009674072266,
      23.983123779296875,
      19.4526424407959,
      19.605405807495117,
      16.66865348815918,
      15.706273078918457
    ],
    [
      10.342220306396484,
      6.574798583984375,
      18.162841796875,
      19.867122650146484,
      17.656475067138672,
      18.545074462890625,
      19.7612361907959,
      20.46904754638672,
      22.18608856201172,
      22.455656051635742,
      25.45972442626953,
      24.96515464782715,
      23.743568420410156,
      25.568012237548828,
      20.28380584716797,
      20.272863388061523,
      15.706273078918457,
      17.25745391845703
    ]
  ],
  "damage": -17.924650192260742,
  "diff_bandwidth": 595.6253051757812,
  "dissonance": 5.232716304120696,
  "drr": 7.636120319366455,
  "dynamics": 6.612380027770996,
  "format": 1245190,
  "frames": 22256576,
  "loudness": -30.4746150970459,
  "loudness_range": 23.11826515197754,
  "loudness_range_short": 23.60182762145996,
  "lowpass_true_peak_15khz": -5.535637855529785,
  "mastering3_acoustic_entropies": [
    {
      "acoustic_entropy": 7.3315348625183105,
      "acoustic_entropy_mono": 6.5637359619140625,
      "band_eliminated_acoustic_entropies": [
        {
          "acoustic_entropy": 7.310360431671143,
          "acoustic_entropy_side": 7.3315749168396,
          "hz": 129.47220167065723
        },
        {
          "acoustic_entropy": 7.1546406745910645,
          "acoustic_entropy_side": 7.3324198722839355,
          "hz": 202.92927478742237
        },
        {
          "acoustic_entropy": 7.420878887176514,
          "acoustic_entropy_side": 7.344903469085693,
          "hz": 282.89161906338205
        },
        {
          "acoustic_entropy": 6.0472493171691895,
          "acoustic_entropy_side": 7.085402965545654,
          "hz": 369.9353335868758
        },
        {
          "acoustic_entropy": 7.318816661834717,
          "acoustic_entropy_side": 7.3695526123046875,
          "hz": 464.6875360973435
        },
        {
          "acoustic_entropy": 6.526648044586182,
          "acoustic_entropy_side": 7.223064422607422,
          "hz": 567.8308811364784
        },
        {
          "acoustic_entropy": 7.041741371154785,
          "acoustic_entropy_side": 7.4743194580078125,
          "hz": 680.1084783214808
        },
        {
          "acoustic_entropy": 6.842503070831299,
          "acoustic_entropy_side": 7.305951118469238,
          "hz": 802.3292461747484
        },
        {
          "acoustic_entropy": 6.7422709465026855,
          "acoustic_entropy_side": 7.38344669342041,
          "hz": 935.3737400823702
        },
        {
          "acoustic_entropy": 6.878134250640869,
          "acoustic_entropy_side": 7.119006156921387,
          "hz": 1080.2004963696966
        },
        {
          "acoustic_entropy": 7.505882263183594,
          "acoustic_entropy_side": 7.380581855773926,
          "hz": 1237.8529382007157
        },
        {
          "acoustic_entropy": 6.93777322769165,
          "acoustic_entropy_side": 7.3295440673828125,
          "hz": 1409.4668930556702
        },
        {
          "acoustic_entropy": 6.554081439971924,
          "acoustic_entropy_side": 7.18101167678833,
          "hz": 1596.2787759475705
        },
        {
          "acoustic_entropy": 6.969875335693359,
          "acoustic_entropy_side": 7.225868225097656,
          "hz": 1799.6344973346393
        },
        {
          "acoustic_entropy": 7.591233730316162,
          "acoustic_entropy_side": 7.367263317108154,
          "hz": 2020.9991599069049
        },
        {
          "acoustic_entropy": 7.35428524017334,
          "acoustic_entropy_side": 7.348980903625488,
          "hz": 2261.9676141086993
        },
        {
          "acoustic_entropy": 7.064810752868652,
          "acoustic_entropy_side": 7.312310695648193,
          "hz": 2524.2759484456974
        },
        {
          "acoustic_entropy": 7.325387954711914,
          "acoustic_entropy_side": 7.335258483886719,
          "hz": 2809.813997359896
        },
        {
          "acoustic_entropy": 7.252491474151611,
          "acoustic_entropy_side": 7.293524742126465,
          "hz": 3120.6389567871424
        },
        {
          "acoustic_entropy": 7.287563800811768,
          "acoustic_entropy_side": 7.313509464263916,
          "hz": 3458.990205492291
        },
        {
          "acoustic_entropy": 7.1769022941589355,
          "acoustic_entropy_side": 7.228384971618652,
          "hz": 3827.305438964164
        },
        {
          "acoustic_entropy": 7.329421520233154,
          "acoustic_entropy_side": 7.298979759216309,
          "hz": 4228.238232109126
        },
        {
          "acoustic_entropy": 7.357400417327881,
          "acoustic_entropy_side": 7.357718467712402,
          "hz": 4664.6771572759235
        },
        {
          "acoustic_entropy": 7.339968204498291,
          "acoustic_entropy_side": 7.341689586639404,
          "hz": 5139.766595350093
        },
        {
          "acoustic_entropy": 7.343935966491699,
          "acoustic_entropy_side": 7.363821983337402,
          "hz": 5656.929389854203
        },
        {
          "acoustic_entropy": 7.341000556945801,
          "acoustic_entropy_side": 7.3537163734436035,
          "hz": 6219.891507268283
        },
        {
          "acoustic_entropy": 7.32796049118042,
          "acoustic_entropy_side": 7.3312087059021,
          "hz": 6832.70888123896
        },
        {
          "acoustic_entropy": 7.336904525756836,
          "acoustic_entropy_side": 7.3379082679748535,
          "hz": 7499.796634079867
        },
        {
          "acoustic_entropy": 7.338586807250977,
          "acoustic_entropy_side": 7.335840225219727,
          "hz": 8225.96088609342
        },
        {
          "acoustic_entropy": 7.337074279785156,
          "acoustic_entropy_side": 7.334327697753906,
          "hz": 9016.43338188839
        },
        {
          "acoustic_entropy": 7.333641529083252,
          "acoustic_entropy_side": 7.332300186157227,
          "hz": 9876.909183162974
        },
        {
          "acoustic_entropy": 7.329975605010986,
          "acoustic_entropy_side": 7.331023693084717,
          "hz": 10813.587699516042
        },
        {
          "acoustic_entropy": 7.3304219245910645,
          "acoustic_entropy_side": 7.331082344055176,
          "hz": 11833.21735289826
        },
        {
          "acoustic_entropy": 7.332119941711426,
          "acoustic_entropy_side": 7.331559181213379,
          "hz": 12943.144197493959
        },
        {
          "acoustic_entropy": 7.333202838897705,
          "acoustic_entropy_side": 7.332581996917725,
          "hz": 14151.364845322005
        },
        {
          "acoustic_entropy": 7.335329532623291,
          "acoustic_entropy_side": 7.334596633911133,
          "hz": 15466.58407886509
        },
        {
          "acoustic_entropy": 7.335814476013184,
          "acoustic_entropy_side": 7.334734916687012,
          "hz": 16898.27756580493
        },
        {
          "acoustic_entropy": 7.333388328552246,
          "acoustic_entropy_side": 7.332880020141602,
          "hz": 18456.760127700032
        },
        {
          "acoustic_entropy": 7.33206033706665,
          "acoustic_entropy_side": 7.331894874572754,
          "hz": 20153.260054456492
        },
        {
          "acoustic_entropy": 7.331610202789307,
          "acoustic_entropy_side": 7.331576824188232,
          "hz": 22000.00000000001
        }
      ],
      "diff_acoustic_entropy": 2.639930248260498,
      "sn": 6
    },
    {
      "acoustic_entropy": 11.18283748626709,
      "acoustic_entropy_mono": 10.931501388549805,
      "band_eliminated_acoustic_entropies": [
        {
          "acoustic_entropy": 11.267010688781738,
          "acoustic_entropy_side": 11.183753967285156,
          "hz": 129.47220167065723
        },
        {
          "acoustic_entropy": 10.738534927368164,
          "acoustic_entropy_side": 11.187338829040527,
          "hz": 202.92927478742237
        },
        {
          "acoustic_entropy": 10.989675521850586,
          "acoustic_entropy_side": 11.169501304626465,
          "hz": 282.89161906338205
        },
        {
          "acoustic_entropy": 9.914718627929688,
          "acoustic_entropy_side": 10.586207389831543,
          "hz": 369.9353335868758
        },
        {
          "acoustic_entropy": 11.044767379760742,
          "acoustic_entropy_side": 11.079607009887695,
          "hz": 464.6875360973435
        },
        {
          "acoustic_entropy": 10.18597412109375,
          "acoustic_entropy_side": 10.818655967712402,
          "hz": 567.8308811364784
        },
        {
          "acoustic_entropy": 10.527616500854492,
          "acoustic_entropy_side": 11.142562866210938,
          "hz": 680.1084783214808
        },
        {
          "acoustic_entropy": 10.808333396911621,
          "acoustic_entropy_side": 11.235796928405762,
          "hz": 802.3292461747484
        },
        {
          "acoustic_entropy": 10.04704761505127,
          "acoustic_entropy_side": 11.378030776977539,
          "hz": 935.3737400823702
        },
        {
          "acoustic_entropy": 9.872091293334961,
          "acoustic_entropy_side": 11.10959243774414,
          "hz": 1080.2004963696966
        },
        {
          "acoustic_entropy": 11.127565383911133,
          "acoustic_entropy_side": 11.278895378112793,
          "hz": 1237.8529382007157
        },
        {
          "acoustic_entropy": 10.827166557312012,
          "acoustic_entropy_side": 11.08372974395752,
          "hz": 1409.4668930556702
        },
        {
          "acoustic_entropy": 10.583544731140137,
          "acoustic_entropy_side": 11.121441841125488,
          "hz": 1596.2787759475705
        },
        {
          "acoustic_entropy": 10.363312721252441,
          "acoustic_entropy_side": 10.700100898742676,
          "hz": 1799.6344973346393
        },
        {
          "acoustic_entropy": 11.487080574035645,
          "acoustic_entropy_side": 11.217791557312012,
          "hz": 2020.9991599069049
        },
        {
          "acoustic_entropy": 11.496519088745117,
          "acoustic_entropy_side": 11.302678108215332,
          "hz": 2261.9676141086993
        },
        {
          "acoustic_entropy": 11.252909660339355,
          "acoustic_entropy_side": 11.619353294372559,
          "hz": 2524.2759484456974
        },
        {
          "acoustic_entropy": 11.151418685913086,
          "acoustic_entropy_side": 11.33531379699707,
          "hz": 2809.813997359896
        },
        {
          "acoustic_entropy": 10.63604736328125,
          "acoustic_entropy_side": 10.773675918579102,
          "hz": 3120.6389567871424
        },
        {
          "acoustic_entropy": 11.077041625976562,
          "acoustic_entropy_side": 11.051461219787598,
          "hz": 3458.990205492291
        },
        {
          "acoustic_entropy": 10.99989128112793,
          "acoustic_entropy_side": 10.941183090209961,
          "hz": 3827.305438964164
        },
        {
          "acoustic_entropy": 11.13752555847168,
          "acoustic_entropy_side": 10.987646102905273,
          "hz": 4228.238232109126
        },
        {
          "acoustic_entropy": 10.554605484008789,
          "acoustic_entropy_side": 10.571346282958984,
          "hz": 4664.6771572759235
        },
        {
          "acoustic_entropy": 10.909907341003418,
          "acoustic_entropy_side": 10.976391792297363,
          "hz": 5139.766595350093
        },
        {
          "acoustic_entropy": 10.754950523376465,
          "acoustic_entropy_side": 10.88753604888916,
          "hz": 5656.929389854203
        },
        {
          "acoustic_entropy": 10.866743087768555,
          "acoustic_entropy_side": 10.995662689208984,
          "hz": 6219.891507268283
        },
        {
          "acoustic_entropy": 10.948326110839844,
          "acoustic_entropy_side": 11.029810905456543,
          "hz": 6832.70888123896
        },
        {
          "acoustic_entropy": 11.061453819274902,
          "acoustic_entropy_side": 11.12587833404541,
          "hz": 7499.796634079867
        },
        {
          "acoustic_entropy": 11.074784278869629,
          "acoustic_entropy_side": 11.122093200683594,
          "hz": 8225.96088609342
        },
        {
          "acoustic_entropy": 11.029667854309082,
          "acoustic_entropy_side": 11.105428695678711,
          "hz": 9016.43338188839
        },
        {
          "acoustic_entropy": 11.062006950378418,
          "acoustic_entropy_side": 11.126105308532715,
          "hz": 9876.909183162974
        },
        {
          "acoustic_entropy": 11.157610893249512,
          "acoustic_entropy_side": 11.171390533447266,
          "hz": 10813.587699516042
        },
        {
          "acoustic_entropy": 11.157508850097656,
          "acoustic_entropy_side": 11.172396659851074,
          "hz": 11833.21735289826
        },
        {
          "acoustic_entropy": 11.141847610473633,
          "acoustic_entropy_side": 11.165853500366211,
          "hz": 12943.144197493959
        },
        {
          "acoustic_entropy": 11.131783485412598,
          "acoustic_entropy_side": 11.152073860168457,
          "hz": 14151.364845322005
        },
        {
          "acoustic_entropy": 11.100661277770996,
          "acoustic_entropy_side": 11.124467849731445,
          "hz": 15466.58407886509
        },
        {
          "acoustic_entropy": 11.125728607177734,
          "acoustic_entropy_side": 11.141148567199707,
          "hz": 16898.27756580493
        },
        {
          "acoustic_entropy": 11.134058952331543,
          "acoustic_entropy_side": 11.149212837219238,
          "hz": 18456.760127700032
        },
        {
          "acoustic_entropy": 11.164798736572266,
          "acoustic_entropy_side": 11.171979904174805,
          "hz": 20153.260054456492
        },
        {
          "acoustic_entropy": 11.180622100830078,
          "acoustic_entropy_side": 11.18174934387207,
          "hz": 22000.00000000001
        }
      ],
      "diff_acoustic_entropy": 4.876467227935791,
      "sn": 12
    },
    {
      "acoustic_entropy": 19.40772819519043,
      "acoustic_entropy_mono": 17.77276039123535,
      "band_eliminated_acoustic_entropies": [
        {
          "acoustic_entropy": 19.57884979248047,
          "acoustic_entropy_side": 19.406705856323242,
          "hz": 129.47220167065723
        },
        {
          "acoustic_entropy": 18.63747215270996,
          "acoustic_entropy_side": 19.91505241394043,
          "hz": 202.92927478742237
        },
        {
          "acoustic_entropy": 19.267780303955078,
          "acoustic_entropy_side": 19.696107864379883,
          "hz": 282.89161906338205
        },
        {
          "acoustic_entropy": 19.263343811035156,
          "acoustic_entropy_side": 19.41490936279297,
          "hz": 369.9353335868758
        },
        {
          "acoustic_entropy": 19.347789764404297,
          "acoustic_entropy_side": 20.334402084350586,
          "hz": 464.6875360973435
        },
        {
          "acoustic_entropy": 17.91702651977539,
          "acoustic_entropy_side": 18.588682174682617,
          "hz": 567.8308811364784
        },
        {
          "acoustic_entropy": 16.993135452270508,
          "acoustic_entropy_side": 19.260961532592773,
          "hz": 680.1084783214808
        },
        {
          "acoustic_entropy": 20.06195640563965,
          "acoustic_entropy_side": 19.955543518066406,
          "hz": 802.3292461747484
        },
        {
          "acoustic_entropy": 19.250640869140625,
          "acoustic_entropy_side": 19.79724884033203,
          "hz": 935.3737400823702
        },
        {
          "acoustic_entropy": 19.459287643432617,
          "acoustic_entropy_side": 19.11538314819336,
          "hz": 1080.2004963696966
        },
        {
          "acoustic_entropy": 18.857837677001953,
          "acoustic_entropy_side": 19.465484619140625,
          "hz": 1237.8529382007157
        },
        {
          "acoustic_entropy": 19.557048797607422,
          "acoustic_entropy_side": 18.98566436767578,
          "hz": 1409.4668930556702
        },
        {
          "acoustic_entropy": 20.197612762451172,
          "acoustic_entropy_side": 19.4283447265625,
          "hz": 1596.2787759475705
        },
        {
          "acoustic_entropy": 20.258895874023438,
          "acoustic_entropy_side": 20.252004623413086,
          "hz": 1799.6344973346393
        },
        {
          "acoustic_entropy": 19.118499755859375,
          "acoustic_entropy_side": 19.819032669067383,
          "hz": 2020.9991599069049
        },
        {
          "acoustic_entropy": 20.023292541503906,
          "acoustic_entropy_side": 20.267717361450195,
          "hz": 2261.9676141086993
        },
        {
          "acoustic_entropy": 18.692691802978516,
          "acoustic_entropy_side": 19.927642822265625,
          "hz": 2524.2759484456974
        },
        {
          "acoustic_entropy": 18.40762710571289,
          "acoustic_entropy_side": 19.105056762695312,
          "hz": 2809.813997359896
        },
        {
          "acoustic_entropy": 19.198484420776367,
          "acoustic_entropy_side": 20.39280891418457,
          "hz": 3120.6389567871424
        },
        {
          "acoustic_entropy": 18.77145767211914,
