{
  "acoustic_entropy": 193.91441345214844,
  "bands": [
    {
      "high_freq": 148.1999969482422,
      "loudness": -17.68952178955078,
      "loudness_range": 9.690457344055176,
      "mid_mean": -14.041342735290527,
      "mid_to_side_loudness": -18.904932022094727,
      "mid_to_side_loudness_range": 12.963902473449707,
      "side_mean": -33.169464111328125
    },
    {
      "high_freq": 392.3793640136719,
      "loudness": -14.591809272766113,
      "loudness_range": 6.186409950256348,
      "low_freq": 148.1999969482422,
      "mid_mean": -11.149101257324219,
      "mid_to_side_loudness": -13.068399429321289,
      "mid_to_side_loudness_range": 8.423236846923828,
      "side_mean": -24.190702438354492
    },
    {
      "high_freq": 794.6976318359375,
      "loudness": -18.891674041748047,
      "loudness_range": 9.174936294555664,
      "low_freq": 392.3793640136719,
      "mid_mean": -15.733654022216797,
      "mid_to_side_loudness": -9.45920467376709,
      "mid_to_side_loudness_range": 7.257328987121582,
      "side_mean": -25.094900131225586
    },
    {
      "high_freq": 1457.5709228515625,
      "loudness": -18.58967399597168,
      "loudness_range": 12.159000396728516,
      "low_freq": 794.6976318359375,
      "mid_mean": -15.640680313110352,
      "mid_to_side_loudness": -7.973498344421387,
      "mid_to_side_loudness_range": 8.115281105041504,
      "side_mean": -23.625947952270508
    },
    {
      "high_freq": 2549.74365234375,
      "loudness": -16.755826950073242,
      "loudness_range": 14.765305519104004,
      "low_freq": 1457.5709228515625,
      "mid_mean": -13.782474517822266,
      "mid_to_side_loudness": -8.622005462646484,
      "mid_to_side_loudness_range": 9.832040786743164,
      "side_mean": -22.490209579467773
    },
    {
      "high_freq": 4349.24462890625,
      "loudness": -20.7367000579834,
      "loudness_range": 15.994922637939453,
      "low_freq": 2549.74365234375,
      "mid_mean": -17.647716522216797,
      "mid_to_side_loudness": -9.18593692779541,
      "mid_to_side_loudness_range": 9.507155418395996,
      "side_mean": -26.756669998168945
    },
    {
      "high_freq": 7314.1640625,
      "loudness": -21.944124221801758,
      "loudness_range": 13.320186614990234,
      "low_freq": 4349.24462890625,
      "mid_mean": -18.650035858154297,
      "mid_to_side_loudness": -11.490652084350586,
      "mid_to_side_loudness_range": 11.11168098449707,
      "side_mean": -30.198894500732422
    },
    {
      "high_freq": 12199.2666015625,
      "loudness": -21.501585006713867,
      "loudness_range": 13.181230545043945,
      "low_freq": 7314.1640625,
      "mid_mean": -18.074657440185547,
      "mid_to_side_loudness": -13.08976936340332,
      "mid_to_side_loudness_range": 12.872093200683594,
      "side_mean": -31.542699813842773
    },
    {
      "loudness": -24.42086410522461,
      "loudness_range": 13.33344841003418,
      "low_freq": 12199.2666015625,
      "mid_mean": -21.28205108642578,
      "mid_to_side_loudness": -9.622495651245117,
      "mid_to_side_loudness_range": 9.555486679077148,
      "side_mean": -30.40853500366211
    }
  ],
  "bands_short": [
    {
      "high_freq": 148.1999969482422,
      "loudness": -23.210113525390625,
      "loudness_range": 15.050826072692871,
      "mid_mean": -19.607219696044922,
      "mid_to_side_loudness": -20.099294662475586,
      "mid_to_side_loudness_range": 19.527807235717773,
      "side_mean": -40.051979064941406
    },
    {
      "high_freq": 392.3793640136719,
      "loudness": -13.782649040222168,
      "loudness_range": 8.741378784179688,
      "low_freq": 148.1999969482422,
      "mid_mean": -10.342195510864258,
      "mid_to_side_loudness": -13.628218650817871,
      "mid_to_side_loudness_range": 11.801931381225586,
      "side_mean": -24.071407318115234
    },
    {
      "high_freq": 794.6976318359375,
      "loudness": -19.39468002319336,
      "loudness_range": 11.331708908081055,
      "low_freq": 392.3793640136719,
      "mid_mean": -16.274208068847656,
      "mid_to_side_loudness": -9.705438613891602,
      "mid_to_side_loudness_range": 10.419879913330078,
      "side_mean": -25.901453018188477
    },
    {
      "high_freq": 1457.5709228515625,
      "loudness": -18.725767135620117,
      "loudness_range": 13.742659568786621,
      "low_freq": 794.6976318359375,
      "mid_mean": -15.870760917663574,
      "mid_to_side_loudness": -7.681282997131348,
      "mid_to_side_loudness_range": 10.250605583190918,
      "side_mean": -23.642608642578125
    },
    {
      "high_freq": 2549.74365234375,
      "loudness": -17.113399505615234,
      "loudness_range": 16.305925369262695,
      "low_freq": 1457.5709228515625,
      "mid_mean": -14.1583890914917,
      "mid_to_side_loudness": -8.562745094299316,
      "mid_to_side_loudness_range": 12.399585723876953,
      "side_mean": -22.92150115966797
    },
    {
      "high_freq": 4349.24462890625,
      "loudness": -21.025272369384766,
      "loudness_range": 18.561351776123047,
      "low_freq": 2549.74365234375,
      "mid_mean": -18.007919311523438,
      "mid_to_side_loudness": -8.803787231445312,
      "mid_to_side_loudness_range": 10.029793739318848,
      "side_mean": -26.77096176147461
    },
    {
      "high_freq": 7314.1640625,
      "loudness": -22.392784118652344,
      "loudness_range": 16.449058532714844,
      "low_freq": 4349.24462890625,
      "mid_mean": -19.17462730407715,
      "mid_to_side_loudness": -11.259553909301758,
      "mid_to_side_loudness_range": 12.385858535766602,
      "side_mean": -30.29298973083496
    },
    {
      "high_freq": 12199.2666015625,
      "loudness": -22.6330509185791,
      "loudness_range": 17.151260375976562,
      "low_freq": 7314.1640625,
      "mid_mean": -19.24018669128418,
      "mid_to_side_loudness": -13.403992652893066,
      "mid_to_side_loudness_range": 15.475631713867188,
      "side_mean": -33.45048141479492
    },
    {
      "loudness": -27.186235427856445,
      "loudness_range": 20.40481948852539,
      "low_freq": 12199.2666015625,
      "mid_mean": -24.060285568237305,
      "mid_to_side_loudness": -10.645721435546875,
      "mid_to_side_loudness_range": 12.59997844696045,
      "side_mean": -33.91200637817383
    }
  ],
  "bandwidth": 834.1638793945312,
  "channels": 2,
  "covariance": [
    [
      18.22456169128418,
      12.2991943359375,
      7.584232807159424,
      5.074345111846924,
      6.382270812988281,
      8.591191291809082,
      7.113692283630371,
      9.21228313446045,
      6.147586345672607,
      9.304971694946289,
      7.763757228851318,
      11.910008430480957,
      5.876840591430664,
      9.990066528320312,
      2.2489757537841797,
      6.340812683105469,
      1.3713526725769043,
      2.189124345779419
    ],
    [
      12.2991943359375,
      25.328962326049805,
      6.865289688110352,
      8.214767456054688,
      8.809856414794922,
      13.807976722717285,
      10.246356964111328,
      14.568920135498047,
      12.117318153381348,
      14.886653900146484,
      16.29059410095215,
      22.125904083251953,
      12.85791301727295,
      21.845664978027344,
      8.512523651123047,
      17.508028030395508,
      4.56955099105835,
      7.980765342712402
    ],
    [
      7.584232807159424,
      6.865289688110352,
      10.575091361999512,
      7.06998348236084,
      5.248803615570068,
      6.778481960296631,
      5.025463581085205,
      6.860223293304443,
      4.690848350524902,
      8.106038093566895,
      7.027278900146484,
      10.927978515625,
      5.111988544464111,
      8.837806701660156,
      1.4224848747253418,
      5.648822784423828,
      0.3256548047065735,
      1.0204471349716187
    ],
    [
      5.074345111846924,
      8.214767456054688,
      7.06998348236084,
      15.936410903930664,
      6.187033176422119,
      8.42740535736084,
      6.472679615020752,
      8.338061332702637,
      7.638596057891846,
      10.719923973083496,
      9.845248222351074,
      14.806363105773926,
      7.267029762268066,
      13.042191505432129,
      4.370953559875488,
      10.440741539001465,
      2.3469457626342773,
      3.7256486415863037
    ],
    [
      6.382270812988281,
      8.809856414794922,
      5.248803615570068,
      6.187033176422119,
      13.681943893432617,
      13.482893943786621,
      11.201559066772461,
      12.452404022216797,
      11.574875831604004,
      11.96008014678955,
      12.37149429321289,
      15.691495895385742,
      10.064963340759277,
      15.880268096923828,
      6.870022296905518,
      11.942983627319336,
      3.4024672508239746,
      5.011849880218506
    ],
    [
      8.591191291809082,
      13.807976722717285,
      6.778481960296631,
      8.42740535736084,
      13.482893943786621,
      21.62053108215332,
      13.420684814453125,
      17.837345123291016,
      13.941344261169434,
      17.2847843170166,
      15.363930702209473,
      22.816619873046875,
      12.369044303894043,
      22.029895782470703,
      7.543737888336182,
      16.810129165649414,
      4.062047481536865,
      8.273168563842773
    ],
    [
      7.113692283630371,
      10.246356964111328,
      5.025463581085205,
      6.472679615020752,
      11.201559066772461,
      13.420684814453125,
      24.03577995300293,
      22.430431365966797,
      21.42521858215332,
      18.029109954833984,
      16.904006958007812,
      20.95131492614746,
      13.434224128723145,
      20.886255264282227,
      9.037010192871094,
      17.345075607299805,
      4.564495086669922,
      8.348681449890137
    ],
    [
      9.21228313446045,
      14.568920135498047,
      6.860223293304443,
      8.338061332702637,
      12.452404022216797,
      17.837345123291016,
      22.430431365966797,
      30.60221290588379,
      20.76252555847168,
      23.143966674804688,
      19.316980361938477,
      27.29065704345703,
      15.335143089294434,
      26.553081512451172,
      10.218000411987305,
      22.711322784423828,
      5.66006326675415,
      11.466251373291016
    ],
    [
      6.147586345672607,
      12.117318153381348,
      4.690848350524902,
      7.638596057891846,
      11.574875831604004,
      13.941344261169434,
      21.42521858215332,
      20.76252555847168,
      33.86826705932617,
      24.584442138671875,
      26.489137649536133,
      30.899181365966797,
      21.357973098754883,
      31.192907333374023,
      15.203929901123047,
      25.154766082763672,
      7.687827110290527,
      11.371654510498047
    ],
    [
      9.304971694946289,
      14.886653900146484,
      8.106038093566895,
      10.719923973083496,
      11.96008014678955,
      17.2847843170166,
      18.029109954833984,
      23.143966674804688,
      24.584442138671875,
      31.346649169921875,
      23.452890396118164,
      32.93424606323242,
      18.071298599243164,
      30.289995193481445,
      11.674323081970215,
      24.479413986206055,
      6.813916206359863,
      11.755022048950195
    ],
    [
      7.763757228851318,
      16.29059410095215,
      7.027278900146484,
      9.845248222351074,
      12.37149429321289,
      15.363930702209473,
      16.904006958007812,
      19.316980361938477,
      26.489137649536133,
      23.452890396118164,
      36.81861114501953,
      39.73720932006836,
      27.421466827392578,
      40.099266052246094,
      17.707752227783203,
      31.46761131286621,
      9.2449312210083,
      13.37194538116455
    ],
    [
      11.910008430480957,
      22.125904083251953,
      10.927978515625,
      14.806363105773926,
      15.691495895385742,
      22.816619873046875,
      20.95131492614746,
      27.29065704345703,
      30.899181365966797,
      32.93424606323242,
      39.73720932006836,
      58.91801071166992,
      28.627412796020508,
      49.62007141113281,
      18.2525691986084,
      36.97148132324219,
      9.146528244018555,
      15.224595069885254
    ],
    [
      5.876840591430664,
      12.85791301727295,
      5.111988544464111,
      7.267029762268066,
      10.064963340759277,
      12.369044303894043,
      13.434224128723145,
      15.335143089294434,
      21.357973098754883,
      18.071298599243164,
      27.421466827392578,
      28.627412796020508,
      28.41883659362793,
      34.47855758666992,
      19.739505767822266,
      29.62110137939453,
      12.148896217346191,
      14.716129302978516
    ],
    [
      9.990066528320312,
      21.845664978027344,
      8.837806701660156,
      13.042191505432129,
      15.880268096923828,
      22.029895782470703,
      20.886255264282227,
      26.553081512451172,
      31.192907333374023,
      30.289995193481445,
      40.099266052246094,
      49.62007141113281,
      34.47855758666992,
      58.553104400634766,
      23.40153694152832,
      45.50342559814453,
      13.796148300170898,
      21.958358764648438
    ],
    [
      2.2489757537841797,
      8.512523651123047,
      1.4224848747253418,
      4.370953559875488,
      6.870022296905518,
      7.543737888336182,
      9.037010192871094,
      10.218000411987305,
      15.203929901123047,
      11.674323081970215,
      17.707752227783203,
      18.2525691986084,
      19.739505767822266,
      23.40153694152832,
      23.992414474487305,
      25.28431510925293,
      18.3067684173584,
      17.838027954101562
    ],
    [
      6.340812683105469,
      17.508028030395508,
      5.648822784423828,
      10.440741539001465,
      11.942983627319336,
      16.810129165649414,
      17.345075607299805,
      22.711322784423828,
      25.154766082763672,
      24.479413986206055,
      31.46761131286621,
      36.97148132324219,
      29.62110137939453,
      45.50342559814453,
      25.28431510925293,
      52.57477951049805,
      19.82652473449707,
      32.73666763305664
    ],
    [
      1.3713526725769043,
      4.56955099105835,
      0.3256548047065735,
      2.3469457626342773,
      3.4024672508239746,
      4.062047481536865,
      4.564495086669922,
      5.66006326675415,
      7.687827110290527,
      6.813916206359863,
      9.2449312210083,
      9.146528244018555,
      12.148896217346191,
      13.796148300170898,
      18.3067684173584,
      19.82652473449707,
      21.04361343383789,
      20.967071533203125
    ],
    [
      2.189124345779419,
      7.980765342712402,
      1.0204471349716187,
      3.7256486415863037,
      5.011849880218506,
      8.273168563842773,
      8.348681449890137,
      11.466251373291016,
      11.371654510498047,
      11.755022048950195,
      13.37194538116455,
      15.224595069885254,
      14.716129302978516,
      21.958358764648438,
      17.838027954101562,
      32.73666763305664,
      20.967071533203125,
      34.1788215637207
    ]
  ],
  "covariance_short": [
    [
      31.081546783447266,
      14.847310066223145,
      8.540570259094238,
      4.554111003875732,
      6.374128818511963,
      8.529311180114746,
      5.280588150024414,
      6.993284225463867,
      5.1283650398254395,
      7.958326816558838,
      6.699724197387695,
      9.674605369567871,
      4.568860054016113,
      8.482285499572754,
      -0.5403741598129272,
      3.7993178367614746,
      1.0272903442382812,
      1.858073353767395
    ],
    [
      14.847310066223145,
      42.74030685424805,
      9.41557502746582,
      11.34854793548584,
      12.061507225036621,
      18.911048889160156,
      14.103912353515625,
      18.89678192138672,
      16.616865158081055,
      19.119905471801758,
      21.12635040283203,
      25.883777618408203,
      18.068748474121094,
      26.13825035095215,
      11.445566177368164,
      22.01747703552246,
      10.963278770446777,
      17.80948829650879
    ],
    [
      8.540570259094238,
      9.41557502746582,
      15.165632247924805,
      6.392422199249268,
      7.790504455566406,
      8.654136657714844,
      6.9421820640563965,
      8.45401668548584,
      6.014254570007324,
      9.171610832214355,
      8.685639381408691,
      11.033601760864258,
      7.06636905670166,
      9.928247451782227,
      1.9708061218261719,
      8.046587944030762,
      3.381463050842285,
      5.5296125411987305
    ],
    [
      4.554111003875732,
      11.34854793548584,
      6.392422199249268,
      17.67426300048828,
      7.180202960968018,
      10.4208984375,
      6.297646522521973,
      8.138444900512695,
      7.377824306488037,
      10.78741455078125,
      10.383283615112305,
      13.683716773986816,
      7.840190410614014,
      11.6130952835083,
      4.924324035644531,
      10.861815452575684,
      4.309243202209473,
      7.536330223083496
    ],
    [
      6.374128818511963,
      12.061507225036621,
      7.790504455566406,
      7.180202960968018,
      20.46596336364746,
      16.281232833862305,
      12.689918518066406,
      13.145970344543457,
      12.858685493469238,
      13.525433540344238,
      14.211161613464355,
      15.989643096923828,
      11.843859672546387,
      16.3150577545166,
      6.953092575073242,
      14.143695831298828,
      8.408533096313477,
      10.732688903808594
    ],
    [
      8.529311180114746,
      18.911048889160156,
      8.654136657714844,
      10.4208984375,
      16.281232833862305,
      28.406015396118164,
      15.180195808410645,
      19.576810836791992,
      16.203208923339844,
      20.027944564819336,
      18.316373825073242,
      23.625791549682617,
      15.735041618347168,
      23.480966567993164,
      8.902138710021973,
      18.771703720092773,
      9.365044593811035,
      14.915536880493164
    ],
    [
      5.280588150024414,
      14.103912353515625,
      6.9421820640563965,
      6.297646522521973,
      12.689918518066406,
      15.180195808410645,
      29.24190902709961,
      23.614727020263672,
      23.282588958740234,
      19.122203826904297,
      19.046751022338867,
      20.66639518737793,
      16.518970489501953,
      20.770095825195312,
      11.188981056213379,
      19.733423233032227,
      10.71691608428955,
      14.900459289550781
    ],
    [
      6.993284225463867,
      18.89678192138672,
      8.45401668548584,
      8.138444900512695,
      13.145970344543457,
      19.576810836791992,
      23.614727020263672,
      34.456912994384766,
      20.535011291503906,
      24.373157501220703,
      21.163251876831055,
      25.93729019165039,
      18.531246185302734,
      25.86138343811035,
      12.513516426086426,
      23.70376205444336,
      11.454757690429688,
      18.86162567138672
    ],
    [
      5.1283650398254395,
      16.616865158081055,
      6.014254570007324,
      7.377824306488037,
      12.858685493469238,
      16.203208923339844,
      23.282588958740234,
      20.535011291503906,
      40.325775146484375,
      26.493135452270508,
      29.223875045776367,
      31.265727996826172,
      24.320602416992188,
      29.8947696685791,
      17.292482376098633,
      27.61756706237793,
      15.295629501342773,
      20.784950256347656
    ],
    [
      7.958326816558838,
      19.119905471801758,
      9.171610832214355,
      10.78741455078125,
      13.525433540344238,
      20.027944564819336,
      19.122203826904297,
      24.373157501220703,
      26.493135452270508,
      37.992584228515625,
      26.43752670288086,
      33.73331069946289,
      21.196706771850586,
      31.21434783935547,
      13.09805965423584,
      26.529211044311523,
      12.03005313873291,
      20.10795783996582
    ],
    [
      6.699724197387695,
      21.12635040283203,
      8.685639381408691,
      10.383283615112305,
      14.211161613464355,
      18.316373825073242,
      19.046751022338867,
      21.163251876831055,
      29.223875045776367,
      26.43752670288086,
      48.276222229003906,
      44.57200241088867,
      34.355384826660156,
      43.478843688964844,
      21.244382858276367,
      38.039405822753906,
      17.589805603027344,
      26.82369041442871
    ],
    [
      9.674605369567871,
      25.883777618408203,
      11.033601760864258,
      13.683716773986816,
      15.989643096923828,
      23.625791549682617,
      20.66639518737793,
      25.93729019165039,
      31.265727996826172,
      33.73331069946289,
      44.57200241088867,
      61.82579040527344,
      31.695552825927734,
      49.177791595458984,
      19.236948013305664,
      39.84440231323242,
      16.505496978759766,
      28.235170364379883
    ],
    [
      4.568860054016113,
      18.068748474121094,
      7.06636905670166,
      7.840190410614014,
      11.843859672546387,
      15.735041618347168,
      16.518970489501953,
      18.531246185302734,
      24.320602416992188,
      21.196706771850586,
      34.355384826660156,
      31.695552825927734,
      41.93272399902344,
      41.15798568725586,
      27.882997512817383,
      42.23115158081055,
      23.342252731323242,
      31.931243896484375
    ],
    [
      8.482285499572754,
      26.13825035095215,
      9.928247451782227,
      11.6130952835083,
      16.3150577545166,
      23.480966567993164,
      20.770095825195312,
      25.86138343811035,
      29.8947696685791,
      31.21434783935547,
      43.478843688964844,
      49.177791595458984,
      41.15798568725586,
      69.2386703491211,
      26.114521026611328,
      53.4897575378418,
      21.500032424926758,
      38.80473709106445
    ],
    [
      -0.5403741598129272,
      11.445566177368164,
      1.9708061218261719,
      4.924324035644531,
      6.953092575073242,
      8.902138710021973,
      11.188981056213379,
      12.513516426086426,
      17.292482376098633,
      13.09805965423584,
      21.244382858276367,
      19.236948013305664,
      27.882997512817383,
      26.114521026611328,
      39.716365814208984,
      38.9730339050293,
      35.652767181396484,
      39.9935302734375
    ],
    [
      3.7993178367614746,
      22.01747703552246,
      8.046587944030762,
      10.861815452575684,
      14.143695831298828,
      18.771703720092773,
      19.733423233032227,
      23.70376205444336,
      27.61756706237793,
      26.529211044311523,
      38.039405822753906,
      39.84440231323242,
      42.23115158081055,
      53.4897575378418,
      38.9730339050293,
      83.39524841308594,
      40.474281311035156,
      68.31008911132812
    ],
    [
      1.0272903442382812,
      10.963278770446777,
      3.381463050842285,
      4.309243202209473,
      8.408533096313477,
      9.365044593811035,
      10.71691608428955,
      11.454757690429688,
      15.295629501342773,
      12.03005313873291,
      17.589805603027344,
      16.505496978759766,
      23.342252731323242,
      21.500032424926758,
      35.652767181396484,
      40.474281311035156,
      53.304378509521484,
      51.2144660949707
    ],
    [
      1.858073353767395,
      17.80948829650879,
      5.5296125411987305,
      7.536330223083496,
      10.732688903808594,
      14.915536880493164,
      14.900459289550781,
      18.86162567138672,
      20.784950256347656,
      20.10795783996582,
      26.82369041442871,
      28.235170364379883,
      31.931243896484375,
      38.80473709106445,
      39.9935302734375,
      68.31008911132812,
      51.2144660949707,
      83.38794708251953
    ]
  ],
  "damage": -0.4657145142555237,
  "diff_bandwidth": 859.6410522460938,
  "dissonance": 11.186991286889683,
  "drr": 8.811639785766602,
  "dynamics": 2.6640288829803467,
  "format": 1245190,
  "frames": 8966144,
  "loudness": -4.996999263763428,
  "loudness_range": 6.570725917816162,
  "loudness_range_short": 7.9102935791015625,
  "lowpass_true_peak_15khz": 3.6005568504333496,
  "mastering3_acoustic_entropies": [
    {
      "acoustic_entropy": 5.898816108703613,
      "acoustic_entropy_mono": 6.4492363929748535,
      "band_eliminated_acoustic_entropies": [
        {
          "acoustic_entropy": 5.903077125549316,
          "acoustic_entropy_side": 5.898812294006348,
          "hz": 129.47220167065723
        },
        {
          "acoustic_entropy": 5.855358123779297,
          "acoustic_entropy_side": 5.8987250328063965,
          "hz": 202.92927478742237
        },
        {
          "acoustic_entropy": 6.169154644012451,
          "acoustic_entropy_side": 5.896912574768066,
          "hz": 282.89161906338205
        },
        {
          "acoustic_entropy": 5.940162658691406,
          "acoustic_entropy_side": 5.899351119995117,
          "hz": 369.9353335868758
        },
        {
          "acoustic_entropy": 6.022322177886963,
          "acoustic_entropy_side": 5.8965983390808105,
          "hz": 464.6875360973435
        },
        {
          "acoustic_entropy": 5.894052982330322,
          "acoustic_entropy_side": 5.919729709625244,
          "hz": 567.8308811364784
        },
        {
          "acoustic_entropy": 5.957198143005371,
          "acoustic_entropy_side": 5.914685249328613,
          "hz": 680.1084783214808
        },
        {
          "acoustic_entropy": 6.184147357940674,
          "acoustic_entropy_side": 5.919789791107178,
          "hz": 802.3292461747484
        },
        {
          "acoustic_entropy": 6.289402008056641,
          "acoustic_entropy_side": 5.839992046356201,
          "hz": 935.3737400823702
        },
        {
          "acoustic_entropy": 6.736725807189941,
          "acoustic_entropy_side": 5.874059677124023,
          "hz": 1080.2004963696966
        },
        {
          "acoustic_entropy": 6.3067240715026855,
          "acoustic_entropy_side": 5.963980674743652,
          "hz": 1237.8529382007157
        },
        {
          "acoustic_entropy": 5.938040733337402,
          "acoustic_entropy_side": 5.873429775238037,
          "hz": 1409.4668930556702
        },
        {
          "acoustic_entropy": 5.68937349319458,
          "acoustic_entropy_side": 5.89039421081543,
          "hz": 1596.2787759475705
        },
        {
          "acoustic_entropy": 5.972602367401123,
          "acoustic_entropy_side": 5.879523277282715,
          "hz": 1799.6344973346393
        },
        {
          "acoustic_entropy": 5.8177385330200195,
          "acoustic_entropy_side": 5.885234832763672,
          "hz": 2020.9991599069049
        },
        {
          "acoustic_entropy": 5.722103595733643,
          "acoustic_entropy_side": 5.904519081115723,
          "hz": 2261.9676141086993
        },
        {
          "acoustic_entropy": 6.207320213317871,
          "acoustic_entropy_side": 5.885390758514404,
          "hz": 2524.2759484456974
        },
        {
          "acoustic_entropy": 5.925075531005859,
          "acoustic_entropy_side": 5.877243995666504,
          "hz": 2809.813997359896
        },
        {
          "acoustic_entropy": 5.799648761749268,
          "acoustic_entropy_side": 5.834487438201904,
          "hz": 3120.6389567871424
        },
        {
          "acoustic_entropy": 5.8506388664245605,
          "acoustic_entropy_side": 5.87510871887207,
          "hz": 3458.990205492291
        },
        {
          "acoustic_entropy": 5.872715473175049,
          "acoustic_entropy_side": 5.874292373657227,
          "hz": 3827.305438964164
        },
        {
          "acoustic_entropy": 5.867878437042236,
          "acoustic_entropy_side": 5.890712738037109,
          "hz": 4228.238232109126
        },
        {
          "acoustic_entropy": 5.904354095458984,
          "acoustic_entropy_side": 5.902839660644531,
          "hz": 4664.6771572759235
        },
        {
          "acoustic_entropy": 5.861429214477539,
          "acoustic_entropy_side": 5.903289794921875,
          "hz": 5139.766595350093
        },
        {
          "acoustic_entropy": 5.921943664550781,
          "acoustic_entropy_side": 5.89910888671875,
          "hz": 5656.929389854203
        },
        {
          "acoustic_entropy": 5.936261177062988,
          "acoustic_entropy_side": 5.896933555603027,
          "hz": 6219.891507268283
        },
        {
          "acoustic_entropy": 6.046030044555664,
          "acoustic_entropy_side": 5.909720420837402,
          "hz": 6832.70888123896
        },
        {
          "acoustic_entropy": 5.9901204109191895,
          "acoustic_entropy_side": 5.907081127166748,
          "hz": 7499.796634079867
        },
        {
          "acoustic_entropy": 5.90809965133667,
          "acoustic_entropy_side": 5.907179832458496,
          "hz": 8225.96088609342
        },
        {
          "acoustic_entropy": 6.012762546539307,
          "acoustic_entropy_side": 5.916027545928955,
          "hz": 9016.43338188839
        },
        {
          "acoustic_entropy": 6.104954719543457,
          "acoustic_entropy_side": 5.925816535949707,
          "hz": 9876.909183162974
        },
        {
          "acoustic_entropy": 6.208101272583008,
          "acoustic_entropy_side": 5.931782245635986,
          "hz": 10813.587699516042
        },
        {
          "acoustic_entropy": 6.146918296813965,
          "acoustic_entropy_side": 5.927191734313965,
          "hz": 11833.21735289826
        },
        {
          "acoustic_entropy": 6.096731185913086,
          "acoustic_entropy_side": 5.940596103668213,
          "hz": 12943.144197493959
        },
        {
          "acoustic_entropy": 5.965178489685059,
          "acoustic_entropy_side": 5.9680891036987305,
          "hz": 14151.364845322005
        },
        {
          "acoustic_entropy": 6.009479999542236,
          "acoustic_entropy_side": 5.999391555786133,
          "hz": 15466.58407886509
        },
        {
          "acoustic_entropy": 6.2300124168396,
          "acoustic_entropy_side": 6.067399024963379,
          "hz": 16898.27756580493
        },
        {
          "acoustic_entropy": 6.117627143859863,
          "acoustic_entropy_side": 6.075074672698975,
          "hz": 18456.760127700032
        },
        {
          "acoustic_entropy": 6.124113082885742,
          "acoustic_entropy_side": 5.992906093597412,
          "hz": 20153.260054456492
        },
        {
          "acoustic_entropy": 5.948416709899902,
          "acoustic_entropy_side": 5.908030033111572,
          "hz": 22000.00000000001
        }
      ],
      "diff_acoustic_entropy": 4.637939453125,
      "sn": 6
    },
    {
      "acoustic_entropy": 9.434563636779785,
      "acoustic_entropy_mono": 10.145110130310059,
      "band_eliminated_acoustic_entropies": [
        {
          "acoustic_entropy": 9.397690773010254,
          "acoustic_entropy_side": 9.434614181518555,
          "hz": 129.47220167065723
        },
        {
          "acoustic_entropy": 9.206160545349121,
          "acoustic_entropy_side": 9.40964126586914,
          "hz": 202.92927478742237
        },
        {
          "acoustic_entropy": 9.852141380310059,
          "acoustic_entropy_side": 9.32899284362793,
          "hz": 282.89161906338205
        },
        {
          "acoustic_entropy": 9.735662460327148,
          "acoustic_entropy_side": 9.40689754486084,
          "hz": 369.9353335868758
        },
        {
          "acoustic_entropy": 9.286201477050781,
          "acoustic_entropy_side": 9.450584411621094,
          "hz": 464.6875360973435
        },
        {
          "acoustic_entropy": 9.766103744506836,
          "acoustic_entropy_side": 9.394448280334473,
          "hz": 567.8308811364784
        },
        {
          "acoustic_entropy": 9.70478343963623,
          "acoustic_entropy_side": 9.54844856262207,
          "hz": 680.1084783214808
        },
        {
          "acoustic_entropy": 10.466499328613281,
          "acoustic_entropy_side": 9.411175727844238,
          "hz": 802.3292461747484
        },
        {
          "acoustic_entropy": 9.950339317321777,
          "acoustic_entropy_side": 9.42203426361084,
          "hz": 935.3737400823702
        },
        {
          "acoustic_entropy": 9.737220764160156,
          "acoustic_entropy_side": 9.521951675415039,
          "hz": 1080.2004963696966
        },
        {
          "acoustic_entropy": 9.843925476074219,
          "acoustic_entropy_side": 9.244418144226074,
          "hz": 1237.8529382007157
        },
        {
          "acoustic_entropy": 9.797906875610352,
          "acoustic_entropy_side": 9.513239860534668,
          "hz": 1409.4668930556702
        },
        {
          "acoustic_entropy": 8.98613452911377,
          "acoustic_entropy_side": 9.361634254455566,
          "hz": 1596.2787759475705
        },
        {
          "acoustic_entropy": 8.854700088500977,
          "acoustic_entropy_side": 9.073540687561035,
          "hz": 1799.6344973346393
        },
        {
          "acoustic_entropy": 8.962700843811035,
          "acoustic_entropy_side": 9.671061515808105,
          "hz": 2020.9991599069049
        },
        {
          "acoustic_entropy": 9.153727531433105,
          "acoustic_entropy_side": 9.529946327209473,
          "hz": 2261.9676141086993
        },
        {
          "acoustic_entropy": 8.875999450683594,
          "acoustic_entropy_side": 9.297442436218262,
          "hz": 2524.2759484456974
        },
        {
          "acoustic_entropy": 9.298799514770508,
          "acoustic_entropy_side": 9.324275016784668,
          "hz": 2809.813997359896
        },
        {
          "acoustic_entropy": 9.530383110046387,
          "acoustic_entropy_side": 9.372116088867188,
          "hz": 3120.6389567871424
        },
        {
          "acoustic_entropy": 9.528068542480469,
          "acoustic_entropy_side": 9.316774368286133,
          "hz": 3458.990205492291
        },
        {
          "acoustic_entropy": 9.44463062286377,
          "acoustic_entropy_side": 9.372611999511719,
          "hz": 3827.305438964164
        },
        {
          "acoustic_entropy": 9.405464172363281,
          "acoustic_entropy_side": 9.410771369934082,
          "hz": 4228.238232109126
        },
        {
          "acoustic_entropy": 9.50773811340332,
          "acoustic_entropy_side": 9.377291679382324,
          "hz": 4664.6771572759235
        },
        {
          "acoustic_entropy": 9.25255012512207,
          "acoustic_entropy_side": 9.378314018249512,
          "hz": 5139.766595350093
        },
        {
          "acoustic_entropy": 9.275218963623047,
          "acoustic_entropy_side": 9.364593505859375,
          "hz": 5656.929389854203
        },
        {
          "acoustic_entropy": 9.399015426635742,
          "acoustic_entropy_side": 9.388591766357422,
          "hz": 6219.891507268283
        },
        {
          "acoustic_entropy": 9.259634971618652,
          "acoustic_entropy_side": 9.387069702148438,
          "hz": 6832.70888123896
        },
        {
          "acoustic_entropy": 9.178958892822266,
          "acoustic_entropy_side": 9.377235412597656,
          "hz": 7499.796634079867
        },
        {
          "acoustic_entropy": 9.241378784179688,
          "acoustic_entropy_side": 9.362564086914062,
          "hz": 8225.96088609342
        },
        {
          "acoustic_entropy": 9.349405288696289,
          "acoustic_entropy_side": 9.361090660095215,
          "hz": 9016.43338188839
        },
        {
          "acoustic_entropy": 9.460083961486816,
          "acoustic_entropy_side": 9.337956428527832,
          "hz": 9876.909183162974
        },
        {
          "acoustic_entropy": 9.385631561279297,
          "acoustic_entropy_side": 9.32448959350586,
          "hz": 10813.587699516042
        },
        {
          "acoustic_entropy": 9.3594970703125,
          "acoustic_entropy_side": 9.330206871032715,
          "hz": 11833.21735289826
        },
        {
          "acoustic_entropy": 9.169824600219727,
          "acoustic_entropy_side": 9.31887435913086,
          "hz": 12943.144197493959
        },
        {
          "acoustic_entropy": 9.27942180633545,
          "acoustic_entropy_side": 9.356161117553711,
          "hz": 14151.364845322005
        },
        {
          "acoustic_entropy": 9.288350105285645,
          "acoustic_entropy_side": 9.3970365524292,
          "hz": 15466.58407886509
        },
        {
          "acoustic_entropy": 9.348902702331543,
          "acoustic_entropy_side": 9.458368301391602,
          "hz": 16898.27756580493
        },
        {
          "acoustic_entropy": 9.287961959838867,
          "acoustic_entropy_side": 9.473638534545898,
          "hz": 18456.760127700032
        },
        {
          "acoustic_entropy": 9.376747131347656,
          "acoustic_entropy_side": 9.482014656066895,
          "hz": 20153.260054456492
        },
        {
          "acoustic_entropy": 9.470200538635254,
          "acoustic_entropy_side": 9.446417808532715,
          "hz": 22000.00000000001
        }
      ],
      "diff_acoustic_entropy": 7.835433006286621,
      "sn": 12
    },
    {
      "acoustic_entropy": 13.980984687805176,
      "acoustic_entropy_mono": 13.505313873291016,
      "band_eliminated_acoustic_entropies": [
        {
          "acoustic_entropy": 13.898832321166992,
          "acoustic_entropy_side": 13.981377601623535,
          "hz": 129.47220167065723
        },
        {
          "acoustic_entropy": 14.282029151916504,
          "acoustic_entropy_side": 14.360831260681152,
          "hz": 202.92927478742237
        },
        {
          "acoustic_entropy": 14.34837532043457,
          "acoustic_entropy_side": 14.590413093566895,
          "hz": 282.89161906338205
        },
        {
          "acoustic_entropy": 14.172086715698242,
          "acoustic_entropy_side": 13.995009422302246,
          "hz": 369.9353335868758
        },
        {
          "acoustic_entropy": 14.682942390441895,
          "acoustic_entropy_side": 14.091182708740234,
          "hz": 464.6875360973435
        },
        {
          "acoustic_entropy": 14.484709739685059,
          "acoustic_entropy_side": 14.3131103515625,
          "hz": 567.8308811364784
        },
        {
          "acoustic_entropy": 14.645319938659668,
          "acoustic_entropy_side": 14.357766151428223,
          "hz": 680.1084783214808
        },
        {
          "acoustic_entropy": 14.802943229675293,
          "acoustic_entropy_side": 14.36591911315918,
          "hz": 802.3292461747484
        },
        {
          "acoustic_entropy": 14.479364395141602,
          "acoustic_entropy_side": 14.327157974243164,
          "hz": 935.3737400823702
        },
        {
          "acoustic_entropy": 15.856685638427734,
          "acoustic_entropy_side": 15.24695110321045,
          "hz": 1080.2004963696966
        },
        {
          "acoustic_entropy": 14.16379165649414,
          "acoustic_entropy_side": 13.782362937927246,
          "hz": 1237.8529382007157
        },
        {
          "acoustic_entropy": 13.904560089111328,
          "acoustic_entropy_side": 14.183846473693848,
          "hz": 1409.4668930556702
        },
        {
          "acoustic_entropy": 14.222878456115723,
          "acoustic_entropy_side": 14.04560375213623,
          "hz": 1596.2787759475705
        },
        {
          "acoustic_entropy": 14.582590103149414,
          "acoustic_entropy_side": 14.538028717041016,
          "hz": 1799.6344973346393
        },
        {
          "acoustic_entropy": 14.026642799377441,
          "acoustic_entropy_side": 13.65758228302002,
          "hz": 2020.9991599069049
        },
        {
          "acoustic_entropy": 13.240324020385742,
          "acoustic_entropy_side": 13.838257789611816,
          "hz": 2261.9676141086993
        },
        {
          "acoustic_entropy": 13.845657348632812,
          "acoustic_entropy_side": 14.304858207702637,
          "hz": 2524.2759484456974
        },
        {
          "acoustic_entropy": 13.99123477935791,
          "acoustic_entropy_side": 13.961871147155762,
          "hz": 2809.813997359896
        },
        {
          "acoustic_entropy": 13.700983047485352,
          "acoustic_entropy_side": 13.880478858947754,
          "hz": 3120.6389567871424
        },
