{
  "acoustic_entropy": 180.22470092773438,
  "bands": [
    {
      "high_freq": 148.1999969482422,
      "loudness": -48.6307373046875,
      "loudness_range": 34.54707336425781,
      "mid_mean": -46.52973175048828,
      "mid_to_side_loudness": -4.081099510192871,
      "mid_to_side_loudness_range": 11.514583587646484,
      "side_mean": -50.12321472167969
    },
    {
      "high_freq": 392.3793640136719,
      "loudness": -38.450469970703125,
      "loudness_range": 21.2296142578125,
      "low_freq": 148.1999969482422,
      "mid_mean": -38.134246826171875,
      "mid_to_side_loudness": -0.562294602394104,
      "mid_to_side_loudness_range": 8.345565795898438,
      "side_mean": -38.43464279174805
    },
    {
      "high_freq": 794.6976318359375,
      "loudness": -40.8223876953125,
      "loudness_range": 23.945934295654297,
      "low_freq": 392.3793640136719,
      "mid_mean": -39.520320892333984,
      "mid_to_side_loudness": -2.1118524074554443,
      "mid_to_side_loudness_range": 8.901748657226562,
      "side_mean": -41.64385986328125
    },
    {
      "high_freq": 1457.5709228515625,
      "loudness": -43.71276092529297,
      "loudness_range": 20.98737335205078,
      "low_freq": 794.6976318359375,
      "mid_mean": -41.96653366088867,
      "mid_to_side_loudness": -3.2531521320343018,
      "mid_to_side_loudness_range": 8.374534606933594,
      "side_mean": -45.426631927490234
    },
    {
      "high_freq": 2549.74365234375,
      "loudness": -45.80243682861328,
      "loudness_range": 24.418376922607422,
      "low_freq": 1457.5709228515625,
      "mid_mean": -44.488773345947266,
      "mid_to_side_loudness": -2.7241430282592773,
      "mid_to_side_loudness_range": 6.419999122619629,
      "side_mean": -47.1848258972168
    },
    {
      "high_freq": 4349.24462890625,
      "loudness": -50.841915130615234,
      "loudness_range": 28.298934936523438,
      "low_freq": 2549.74365234375,
      "mid_mean": -52.51156234741211,
      "mid_to_side_loudness": -2.347383499145508,
      "mid_to_side_loudness_range": 4.79792594909668,
      "side_mean": -54.19276428222656
    },
    {
      "high_freq": 7314.1640625,
      "loudness": -61.01030349731445,
      "loudness_range": 29.470855712890625,
      "low_freq": 4349.24462890625,
      "mid_mean": -60.82685852050781,
      "mid_to_side_loudness": -1.8303781747817993,
      "mid_to_side_loudness_range": 2.9559669494628906,
      "side_mean": -61.826839447021484
    },
    {
      "high_freq": 12199.2666015625,
      "loudness": -69.70809936523438,
      "loudness_range": 25.8740234375,
      "low_freq": 7314.1640625,
      "mid_mean": -66.17620849609375,
      "mid_to_side_loudness": -0.8591650724411011,
      "mid_to_side_loudness_range": 1.69566011428833,
      "side_mean": -66.50753784179688
    },
    {
      "loudness": -77.18135070800781,
      "loudness_range": 19.32061767578125,
      "low_freq": 12199.2666015625,
      "mid_mean": -69.03753662109375,
      "mid_to_side_loudness": -0.31813040375709534,
      "mid_to_side_loudness_range": 3.1644930839538574,
      "side_mean": -68.9247055053711
    }
  ],
  "bands_short": [
    {
      "high_freq": 148.1999969482422,
      "loudness": -50.43855285644531,
      "loudness_range": 34.87486267089844,
      "mid_mean": -48.38223648071289,
      "mid_to_side_loudness": -4.929545879364014,
      "mid_to_side_loudness_range": 16.15530014038086,
      "side_mean": -52.559234619140625
    },
    {
      "high_freq": 392.3793640136719,
      "loudness": -38.25276184082031,
      "loudness_range": 20.64084815979004,
      "low_freq": 148.1999969482422,
      "mid_mean": -38.26769256591797,
      "mid_to_side_loudness": -0.4543010890483856,
      "mid_to_side_loudness_range": 12.433300018310547,
      "side_mean": -38.38749313354492
    },
    {
      "high_freq": 794.6976318359375,
      "loudness": -41.09372329711914,
      "loudness_range": 25.181032180786133,
      "low_freq": 392.3793640136719,
      "mid_mean": -40.00828552246094,
      "mid_to_side_loudness": -2.1333682537078857,
      "mid_to_side_loudness_range": 12.831748962402344,
      "side_mean": -41.980228424072266
    },
    {
      "high_freq": 1457.5709228515625,
      "loudness": -43.54066467285156,
      "loudness_range": 21.682769775390625,
      "low_freq": 794.6976318359375,
      "mid_mean": -41.97909164428711,
      "mid_to_side_loudness": -3.1440956592559814,
      "mid_to_side_loudness_range": 11.061959266662598,
      "side_mean": -45.31354522705078
    },
    {
      "high_freq": 2549.74365234375,
      "loudness": -46.090213775634766,
      "loudness_range": 24.730133056640625,
      "low_freq": 1457.5709228515625,
      "mid_mean": -44.91976547241211,
      "mid_to_side_loudness": -2.567133903503418,
      "mid_to_side_loudness_range": 8.953909873962402,
      "side_mean": -47.654048919677734
    },
    {
      "high_freq": 4349.24462890625,
      "loudness": -51.024147033691406,
      "loudness_range": 28.46469497680664,
      "low_freq": 2549.74365234375,
      "mid_mean": -52.806575775146484,
      "mid_to_side_loudness": -2.160003900527954,
      "mid_to_side_loudness_range": 6.517414093017578,
      "side_mean": -54.36593246459961
    },
    {
      "high_freq": 7314.1640625,
      "loudness": -60.9066047668457,
      "loudness_range": 29.01498031616211,
      "low_freq": 4349.24462890625,
      "mid_mean": -60.9603157043457,
      "mid_to_side_loudness": -1.768704891204834,
      "mid_to_side_loudness_range": 4.480011940002441,
      "side_mean": -61.938194274902344
    },
    {
      "high_freq": 12199.2666015625,
      "loudness": -69.76265716552734,
      "loudness_range": 26.10135269165039,
      "low_freq": 7314.1640625,
      "mid_mean": -66.26834106445312,
      "mid_to_side_loudness": -0.854561448097229,
      "mid_to_side_loudness_range": 2.769766330718994,
      "side_mean": -66.58890533447266
    },
    {
      "loudness": -77.15327453613281,
      "loudness_range": 19.439529418945312,
      "low_freq": 12199.2666015625,
      "mid_mean": -69.05655670166016,
      "mid_to_side_loudness": -0.38313114643096924,
      "mid_to_side_loudness_range": 3.785229206085205,
      "side_mean": -68.9509506225586
    }
  ],
  "bandwidth": 498.5597229003906,
  "channels": 2,
  "covariance": [
    [
      135.20948791503906,
      143.8082275390625,
      23.42053985595703,
      26.57146453857422,
      34.881832122802734,
      44.13800811767578,
      22.10938262939453,
      29.016231536865234,
      23.430686950683594,
      24.096235275268555,
      48.431007385253906,
      46.13630676269531,
      36.339515686035156,
      34.66521453857422,
      22.09035873413086,
      21.076438903808594,
      5.747967720031738,
      6.690298080444336
    ],
    [
      143.8082275390625,
      163.98538208007812,
      26.28606605529785,
      29.7032527923584,
      38.624847412109375,
      49.120121002197266,
      23.871910095214844,
      31.783382415771484,
      25.569387435913086,
      25.90605354309082,
      55.31317901611328,
      52.38538360595703,
      41.384178161621094,
      39.42029571533203,
      25.072261810302734,
      23.876344680786133,
      6.513827800750732,
      7.568126201629639
    ],
    [
      23.42053985595703,
      26.28606605529785,
      58.97418212890625,
      54.297096252441406,
      40.28726577758789,
      43.88969039916992,
      34.058197021484375,
      36.88237762451172,
      37.19596481323242,
      38.34962463378906,
      47.56842041015625,
      45.965599060058594,
      39.36967849731445,
      37.06996154785156,
      23.322547912597656,
      21.943634033203125,
      7.483703136444092,
      8.624603271484375
    ],
    [
      26.57146453857422,
      29.7032527923584,
      54.297096252441406,
      62.45417404174805,
      40.60388946533203,
      44.316139221191406,
      35.28199768066406,
      37.30807876586914,
      39.01068115234375,
      39.820098876953125,
      48.23176956176758,
      46.783729553222656,
      40.73091506958008,
      38.38384246826172,
      23.986804962158203,
      22.581602096557617,
      7.573131561279297,
      8.76095199584961
    ],
    [
      34.881832122802734,
      38.624847412109375,
      40.28726577758789,
      40.60388946533203,
      63.568878173828125,
      60.356773376464844,
      39.22268295288086,
      42.71050262451172,
      42.647769927978516,
      44.674964904785156,
      58.57277297973633,
      57.575164794921875,
      49.36140441894531,
      46.48740005493164,
      28.945140838623047,
      27.224077224731445,
      8.837430000305176,
      10.19996166229248
    ],
    [
      44.13800811767578,
      49.120121002197266,
      43.88969039916992,
      44.316139221191406,
      60.356773376464844,
      69.29408264160156,
      40.889739990234375,
      47.72409439086914,
      46.16299819946289,
      48.878761291503906,
      66.18643188476562,
      64.79367065429688,
      53.176029205322266,
      50.12628173828125,
      30.604230880737305,
      28.84737205505371,
      9.297718048095703,
      10.721545219421387
    ],
    [
      22.10938262939453,
      23.871910095214844,
      34.058197021484375,
      35.28199768066406,
      39.22268295288086,
      40.889739990234375,
      56.21998977661133,
      49.45165252685547,
      51.32828903198242,
      49.80546569824219,
      57.86215591430664,
      55.02256774902344,
      43.85395050048828,
      40.72983169555664,
      24.228321075439453,
      22.593774795532227,
      6.5420026779174805,
      7.616570949554443
    ],
    [
      29.016231536865234,
      31.783382415771484,
      36.88237762451172,
      37.30807876586914,
      42.71050262451172,
      47.72409439086914,
      49.45165252685547,
      56.070064544677734,
      49.02012634277344,
      50.13328170776367,
      65.94149780273438,
      62.40110778808594,
      47.32748794555664,
      44.127418518066406,
      26.0261173248291,
      24.338096618652344,
      7.327726364135742,
      8.514947891235352
    ],
    [
      23.430686950683594,
      25.569387435913086,
      37.19596481323242,
      39.01068115234375,
      42.647769927978516,
      46.16299819946289,
      51.32828903198242,
      49.02012634277344,
      77.10836791992188,
      69.02490997314453,
      73.55029296875,
      70.61862182617188,
      58.2056770324707,
      54.64595413208008,
      32.26369857788086,
      30.194673538208008,
      8.722211837768555,
      10.159724235534668
    ],
    [
      24.096235275268555,
      25.90605354309082,
      38.34962463378906,
      39.820098876953125,
      44.674964904785156,
      48.878761291503906,
      49.80546569824219,
      50.13328170776367,
      69.02490997314453,
      70.22720336914062,
      76.35023498535156,
      73.7184066772461,
      59.1406364440918,
      55.567909240722656,
      32.392269134521484,
      30.36273193359375,
      9.034321784973145,
      10.494832992553711
    ],
    [
      48.431007385253906,
      55.31317901611328,
      47.56842041015625,
      48.23176956176758,
      58.57277297973633,
      66.18643188476562,
      57.86215591430664,
      65.94149780273438,
      73.55029296875,
      76.35023498535156,
      120.1341323852539,
      112.9961929321289,
      83.3361587524414,
      77.69855499267578,
      43.46006393432617,
      40.499603271484375,
      11.56887435913086,
      13.364302635192871
    ],
    [
      46.13630676269531,
      52.38538360595703,
      45.965599060058594,
      46.783729553222656,
      57.575164794921875,
      64.79367065429688,
      55.02256774902344,
      62.40110778808594,
      70.61862182617188,
      73.7184066772461,
      112.9961929321289,
      108.34640502929688,
      81.29705047607422,
      76.0399169921875,
      42.65785598754883,
      39.860084533691406,
      11.599905014038086,
      13.393266677856445
    ],
    [
      36.339515686035156,
      41.384178161621094,
      39.36967849731445,
      40.73091506958008,
      49.36140441894531,
      53.176029205322266,
      43.85395050048828,
      47.32748794555664,
      58.2056770324707,
      59.1406364440918,
      83.3361587524414,
      81.29705047607422,
      70.38086700439453,
      66.54508972167969,
      39.88201141357422,
      37.500118255615234,
      11.914997100830078,
      13.71198558807373
    ],
    [
      34.66521453857422,
      39.42029571533203,
      37.06996154785156,
      38.38384246826172,
      46.48740005493164,
      50.12628173828125,
      40.72983169555664,
      44.127418518066406,
      54.64595413208008,
      55.567909240722656,
      77.69855499267578,
      76.0399169921875,
      66.54508972167969,
      63.408077239990234,
      38.34661102294922,
      36.109092712402344,
      11.634740829467773,
      13.37594223022461
    ],
    [
      22.09035873413086,
      25.072261810302734,
      23.322547912597656,
      23.986804962158203,
      28.945140838623047,
      30.604230880737305,
      24.228321075439453,
      26.0261173248291,
      32.26369857788086,
      32.392269134521484,
      43.46006393432617,
      42.65785598754883,
      39.88201141357422,
      38.34661102294922,
      25.668066024780273,
      24.196548461914062,
      8.744832992553711,
      10.045397758483887
    ],
    [
      21.076438903808594,
      23.876344680786133,
      21.943634033203125,
      22.581602096557617,
      27.224077224731445,
      28.84737205505371,
      22.593774795532227,
      24.338096618652344,
      30.194673538208008,
      30.36273193359375,
      40.499603271484375,
      39.860084533691406,
      37.500118255615234,
      36.109092712402344,
      24.196548461914062,
      22.944860458374023,
      8.288799285888672,
      9.508915901184082
    ],
    [
      5.747967720031738,
      6.513827800750732,
      7.483703136444092,
      7.573131561279297,
      8.837430000305176,
      9.297718048095703,
      6.5420026779174805,
      7.327726364135742,
      8.722211837768555,
      9.034321784973145,
      11.56887435913086,
      11.599905014038086,
      11.914997100830078,
      11.634740829467773,
      8.744832992553711,
      8.288799285888672,
      4.040742874145508,
      4.5732197761535645
    ],
    [
      6.690298080444336,
      7.568126201629639,
      8.624603271484375,
      8.76095199584961,
      10.19996166229248,
      10.721545219421387,
      7.616570949554443,
      8.514947891235352,
      10.159724235534668,
      10.494832992553711,
      13.364302635192871,
      13.393266677856445,
      13.71198558807373,
      13.37594223022461,
      10.045397758483887,
      9.508915901184082,
      4.5732197761535645,
      5.2132978439331055
    ]
  ],
  "covariance_short": [
    [
      137.12966918945312,
      136.12950134277344,
      29.46210479736328,
      32.472591400146484,
      33.927818298339844,
      40.54245376586914,
      22.261329650878906,
      28.250730514526367,
      23.69760513305664,
      22.536087036132812,
      44.00525665283203,
      42.077449798583984,
      33.913578033447266,
      32.41677474975586,
      20.902172088623047,
      20.009685516357422,
      5.709195137023926,
      6.550570011138916
    ],
    [
      136.12950134277344,
      159.3848876953125,
      32.76472473144531,
      39.03457260131836,
      38.62289810180664,
      45.94260787963867,
      24.2786922454834,
      31.462800979614258,
      26.19717025756836,
      24.51584243774414,
      50.808929443359375,
      48.32849884033203,
      39.19673156738281,
      37.43435287475586,
      24.127071380615234,
      23.069942474365234,
      6.652634620666504,
      7.643187046051025
    ],
    [
      29.46210479736328,
      32.76472473144531,
      60.29857635498047,
      48.972904205322266,
      37.04073715209961,
      41.253517150878906,
      30.851322174072266,
      34.25917053222656,
      33.61671829223633,
      35.25661087036133,
      42.72410202026367,
      41.36701965332031,
      35.74750518798828,
      33.782249450683594,
      21.240760803222656,
      20.005329132080078,
      6.938758373260498,
      7.926437854766846
    ],
    [
      32.472591400146484,
      39.03457260131836,
      48.972904205322266,
      63.21234130859375,
      36.98252868652344,
      41.83102798461914,
      30.5274600982666,
      33.02840042114258,
      34.05970764160156,
      34.58910369873047,
      41.04215621948242,
      39.63302230834961,
      35.56631851196289,
      33.6618537902832,
      21.37784767150879,
      20.152719497680664,
      6.95891809463501,
      7.997709274291992
    ],
    [
      33.927818298339844,
      38.62289810180664,
      37.04073715209961,
      36.98252868652344,
      70.93603515625,
      61.976200103759766,
      41.27403259277344,
      44.14910888671875,
      43.41279983520508,
      47.03693771362305,
      60.95225524902344,
      59.36360168457031,
      50.35129928588867,
      47.32511520385742,
      28.88114356994629,
      27.126968383789062,
      8.776728630065918,
      10.08014965057373
    ],
    [
      40.54245376586914,
      45.94260787963867,
      41.253517150878906,
      41.83102798461914,
      61.976200103759766,
      76.05926513671875,
      42.77803039550781,
      48.69169616699219,
      46.513885498046875,
      50.4686393737793,
      66.54920959472656,
      64.65428161621094,
      53.119022369384766,
      49.97735595703125,
      30.15188217163086,
      28.37393569946289,
      9.15389347076416,
      10.516623497009277
    ],
    [
      22.261329650878906,
      24.2786922454834,
      30.851322174072266,
      30.5274600982666,
      41.27403259277344,
      42.77803039550781,
      59.89909744262695,
      49.842857360839844,
      50.43492126464844,
      50.21013641357422,
      57.91694259643555,
      55.17780303955078,
      44.48080825805664,
      41.43373107910156,
      24.52823829650879,
      22.89138412475586,
      6.822887420654297,
      7.887973308563232
    ],
    [
      28.250730514526367,
      31.462800979614258,
      34.25917053222656,
      33.02840042114258,
      44.14910888671875,
      48.69169616699219,
      49.842857360839844,
      58.79564666748047,
      48.737796783447266,
      51.040122985839844,
      64.77854919433594,
      61.41264724731445,
      47.33091354370117,
      44.265716552734375,
      26.020009994506836,
      24.380369186401367,
      7.476914882659912,
      8.634563446044922
    ],
    [
      23.69760513305664,
      26.19717025756836,
      33.61671829223633,
      34.05970764160156,
      43.41279983520508,
      46.513885498046875,
      50.43492126464844,
      48.737796783447266,
      80.57115173339844,
      70.2711181640625,
      74.85150909423828,
      71.8017349243164,
      59.055824279785156,
      55.3788948059082,
      32.402957916259766,
      30.312978744506836,
      8.80941390991211,
      10.209493637084961
    ],
    [
      22.536087036132812,
      24.51584243774414,
      35.25661087036133,
      34.58910369873047,
      47.03693771362305,
      50.4686393737793,
      50.21013641357422,
      51.040122985839844,
      70.2711181640625,
      75.49335479736328,
      79.0210952758789,
      76.06201934814453,
      60.51849365234375,
      56.77151107788086,
      32.60066223144531,
      30.541414260864258,
      9.074278831481934,
      10.487120628356934
    ],
    [
      44.00525665283203,
      50.808929443359375,
      42.72410202026367,
      41.04215621948242,
      60.95225524902344,
      66.54920959472656,
      57.91694259643555,
      64.77854919433594,
      74.85150909423828,
      79.0210952758789,
      122.25227355957031,
      113.77806091308594,
      84.25100708007812,
      78.39366149902344,
      43.46067428588867,
      40.49589920043945,
      11.608652114868164,
      13.352336883544922
    ],
    [
      42.077449798583984,
      48.32849884033203,
      41.36701965332031,
      39.63302230834961,
      59.36360168457031,
      64.65428161621094,
      55.17780303955078,
      61.41264724731445,
      71.8017349243164,
      76.06201934814453,
      113.77806091308594,
      110.02529907226562,
      81.67340087890625,
      76.25,
      42.42562484741211,
      39.62853240966797,
      11.562017440795898,
      13.292962074279785
    ],
    [
      33.913578033447266,
      39.19673156738281,
      35.74750518798828,
      35.56631851196289,
      50.35129928588867,
      53.119022369384766,
      44.48080825805664,
      47.33091354370117,
      59.055824279785156,
      60.51849365234375,
      84.25100708007812,
      81.67340087890625,
      71.73336029052734,
      67.17973327636719,
      39.92453384399414,
      37.47675704956055,
      11.89733600616455,
      13.637395858764648
    ],
    [
      32.41677474975586,
      37.43435287475586,
      33.782249450683594,
      33.6618537902832,
      47.32511520385742,
      49.97735595703125,
      41.43373107910156,
      44.265716552734375,
      55.3788948059082,
      56.77151107788086,
      78.39366149902344,
      76.25,
      67.17973327636719,
      64.1479263305664,
      38.244754791259766,
      35.97456741333008,
      11.577537536621094,
      13.259434700012207
    ],
    [
      20.902172088623047,
      24.127071380615234,
      21.240760803222656,
      21.37784767150879,
      28.88114356994629,
      30.15188217163086,
      24.52823829650879,
      26.020009994506836,
      32.402957916259766,
      32.60066223144531,
      43.46067428588867,
      42.42562484741211,
      39.92453384399414,
      38.244754791259766,
      25.752790451049805,
      24.151256561279297,
      8.709224700927734,
      9.969672203063965
    ],
    [
      20.009685516357422,
      23.069942474365234,
      20.005329132080078,
      20.152719497680664,
      27.126968383789062,
      28.37393569946289,
      22.89138412475586,
      24.380369186401367,
      30.312978744506836,
      30.541414260864258,
      40.49589920043945,
      39.62853240966797,
      37.47675704956055,
      35.97456741333008,
      24.151256561279297,
      22.98128318786621,
      8.251258850097656,
      9.432062149047852
    ],
    [
      5.709195137023926,
      6.652634620666504,
      6.938758373260498,
      6.95891809463501,
      8.776728630065918,
      9.15389347076416,
      6.822887420654297,
      7.476914882659912,
      8.80941390991211,
      9.074278831481934,
      11.608652114868164,
      11.562017440795898,
      11.89733600616455,
      11.577537536621094,
      8.709224700927734,
      8.251258850097656,
      4.051850318908691,
      4.551945686340332
    ],
    [
      6.550570011138916,
      7.643187046051025,
      7.926437854766846,
      7.997709274291992,
      10.08014965057373,
      10.516623497009277,
      7.887973308563232,
      8.634563446044922,
      10.209493637084961,
      10.487120628356934,
      13.352336883544922,
      13.292962074279785,
      13.637395858764648,
      13.259434700012207,
      9.969672203063965,
      9.432062149047852,
      4.551945686340332,
      5.204264163970947
    ]
  ],
  "damage": -20.020631790161133,
  "diff_bandwidth": 520.5211181640625,
  "dissonance": 5.666405918760999,
  "drr": 2.5363545417785645,
  "dynamics": 5.864192008972168,
  "format": 1245190,
  "frames": 8947712,
  "loudness": -29.770292282104492,
  "loudness_range": 20.504941940307617,
  "loudness_range_short": 20.909564971923828,
  "lowpass_true_peak_15khz": -5.632019519805908,
  "mastering3_acoustic_entropies": [
    {
      "acoustic_entropy": 5.207747459411621,
      "acoustic_entropy_mono": 4.598567008972168,
      "band_eliminated_acoustic_entropies": [
        {
          "acoustic_entropy": 5.040841102600098,
          "acoustic_entropy_side": 5.225314140319824,
          "hz": 129.47220167065723
        },
        {
          "acoustic_entropy": 5.071788787841797,
          "acoustic_entropy_side": 5.2791619300842285,
          "hz": 202.92927478742237
        },
        {
          "acoustic_entropy": 5.146768569946289,
          "acoustic_entropy_side": 4.9387736320495605,
          "hz": 282.89161906338205
        },
        {
          "acoustic_entropy": 5.131063938140869,
          "acoustic_entropy_side": 5.032982349395752,
          "hz": 369.9353335868758
        },
        {
          "acoustic_entropy": 4.603128433227539,
          "acoustic_entropy_side": 5.1274261474609375,
          "hz": 464.6875360973435
        },
        {
          "acoustic_entropy": 5.0998311042785645,
          "acoustic_entropy_side": 5.189516067504883,
          "hz": 567.8308811364784
        },
        {
          "acoustic_entropy": 4.870515823364258,
          "acoustic_entropy_side": 5.054361343383789,
          "hz": 680.1084783214808
        },
        {
          "acoustic_entropy": 5.118946552276611,
          "acoustic_entropy_side": 5.1066389083862305,
          "hz": 802.3292461747484
        },
        {
          "acoustic_entropy": 4.933419227600098,
          "acoustic_entropy_side": 5.114346504211426,
          "hz": 935.3737400823702
        },
        {
          "acoustic_entropy": 5.093040466308594,
          "acoustic_entropy_side": 5.180098056793213,
          "hz": 1080.2004963696966
        },
        {
          "acoustic_entropy": 4.910758018493652,
          "acoustic_entropy_side": 5.272963047027588,
          "hz": 1237.8529382007157
        },
        {
          "acoustic_entropy": 5.163016319274902,
          "acoustic_entropy_side": 5.214372158050537,
          "hz": 1409.4668930556702
        },
        {
          "acoustic_entropy": 4.79794454574585,
          "acoustic_entropy_side": 5.0816473960876465,
          "hz": 1596.2787759475705
        },
        {
          "acoustic_entropy": 5.182733058929443,
          "acoustic_entropy_side": 5.287824630737305,
          "hz": 1799.6344973346393
        },
        {
          "acoustic_entropy": 5.294057369232178,
          "acoustic_entropy_side": 5.248093605041504,
          "hz": 2020.9991599069049
        },
        {
          "acoustic_entropy": 5.04910945892334,
          "acoustic_entropy_side": 5.131549835205078,
          "hz": 2261.9676141086993
        },
        {
          "acoustic_entropy": 5.224431991577148,
          "acoustic_entropy_side": 5.23037576675415,
          "hz": 2524.2759484456974
        },
        {
          "acoustic_entropy": 5.211240768432617,
          "acoustic_entropy_side": 5.200090408325195,
          "hz": 2809.813997359896
        },
        {
          "acoustic_entropy": 5.174839496612549,
          "acoustic_entropy_side": 5.182284355163574,
          "hz": 3120.6389567871424
        },
        {
          "acoustic_entropy": 5.053962707519531,
          "acoustic_entropy_side": 5.14486837387085,
          "hz": 3458.990205492291
        },
        {
          "acoustic_entropy": 5.205352783203125,
          "acoustic_entropy_side": 5.2122111320495605,
          "hz": 3827.305438964164
        },
        {
          "acoustic_entropy": 5.185517311096191,
          "acoustic_entropy_side": 5.2078680992126465,
          "hz": 4228.238232109126
        },
        {
          "acoustic_entropy": 5.148936748504639,
          "acoustic_entropy_side": 5.186677932739258,
          "hz": 4664.6771572759235
        },
        {
          "acoustic_entropy": 5.195950508117676,
          "acoustic_entropy_side": 5.203004837036133,
          "hz": 5139.766595350093
        },
        {
          "acoustic_entropy": 5.1889801025390625,
          "acoustic_entropy_side": 5.202037334442139,
          "hz": 5656.929389854203
        },
        {
          "acoustic_entropy": 5.200624465942383,
          "acoustic_entropy_side": 5.205350875854492,
          "hz": 6219.891507268283
        },
        {
          "acoustic_entropy": 5.194675922393799,
          "acoustic_entropy_side": 5.204646587371826,
          "hz": 6832.70888123896
        },
        {
          "acoustic_entropy": 5.204977512359619,
          "acoustic_entropy_side": 5.207423686981201,
          "hz": 7499.796634079867
        },
        {
          "acoustic_entropy": 5.206715106964111,
          "acoustic_entropy_side": 5.207488536834717,
          "hz": 8225.96088609342
        },
        {
          "acoustic_entropy": 5.2076640129089355,
          "acoustic_entropy_side": 5.2077226638793945,
          "hz": 9016.43338188839
        },
        {
          "acoustic_entropy": 5.207706928253174,
          "acoustic_entropy_side": 5.207724094390869,
          "hz": 9876.909183162974
        },
        {
          "acoustic_entropy": 5.207820415496826,
          "acoustic_entropy_side": 5.207808017730713,
          "hz": 10813.587699516042
        },
        {
          "acoustic_entropy": 5.208011150360107,
          "acoustic_entropy_side": 5.2078938484191895,
          "hz": 11833.21735289826
        },
        {
          "acoustic_entropy": 5.207773685455322,
          "acoustic_entropy_side": 5.207766056060791,
          "hz": 12943.144197493959
        },
        {
          "acoustic_entropy": 5.2077836990356445,
          "acoustic_entropy_side": 5.207790374755859,
          "hz": 14151.364845322005
        },
        {
          "acoustic_entropy": 5.207769393920898,
          "acoustic_entropy_side": 5.207765102386475,
          "hz": 15466.58407886509
        },
        {
          "acoustic_entropy": 5.207757472991943,
          "acoustic_entropy_side": 5.207754135131836,
          "hz": 16898.27756580493
        },
        {
          "acoustic_entropy": 5.207754611968994,
          "acoustic_entropy_side": 5.207754135131836,
          "hz": 18456.760127700032
        },
        {
          "acoustic_entropy": 5.2077507972717285,
          "acoustic_entropy_side": 5.207749366760254,
          "hz": 20153.260054456492
        },
        {
          "acoustic_entropy": 5.207747936248779,
          "acoustic_entropy_side": 5.207747459411621,
          "hz": 22000.00000000001
        }
      ],
      "diff_acoustic_entropy": 1.7394933700561523,
      "sn": 6
    },
    {
      "acoustic_entropy": 9.645846366882324,
      "acoustic_entropy_mono": 9.280001640319824,
      "band_eliminated_acoustic_entropies": [
        {
          "acoustic_entropy": 9.798418998718262,
          "acoustic_entropy_side": 9.852348327636719,
          "hz": 129.47220167065723
        },
        {
          "acoustic_entropy": 9.915923118591309,
          "acoustic_entropy_side": 10.482635498046875,
          "hz": 202.92927478742237
        },
        {
          "acoustic_entropy": 10.482841491699219,
          "acoustic_entropy_side": 10.616816520690918,
          "hz": 282.89161906338205
        },
        {
          "acoustic_entropy": 10.091458320617676,
          "acoustic_entropy_side": 9.925156593322754,
          "hz": 369.9353335868758
        },
        {
          "acoustic_entropy": 10.48036003112793,
          "acoustic_entropy_side": 10.39935302734375,
          "hz": 464.6875360973435
        },
        {
          "acoustic_entropy": 9.698043823242188,
          "acoustic_entropy_side": 10.15909481048584,
          "hz": 567.8308811364784
        },
        {
          "acoustic_entropy": 9.485323905944824,
          "acoustic_entropy_side": 9.065849304199219,
          "hz": 680.1084783214808
        },
        {
          "acoustic_entropy": 9.158555030822754,
          "acoustic_entropy_side": 9.79556941986084,
          "hz": 802.3292461747484
        },
        {
          "acoustic_entropy": 9.51107406616211,
          "acoustic_entropy_side": 9.771402359008789,
          "hz": 935.3737400823702
        },
        {
          "acoustic_entropy": 10.055646896362305,
          "acoustic_entropy_side": 9.568934440612793,
          "hz": 1080.2004963696966
        },
        {
          "acoustic_entropy": 9.708395004272461,
          "acoustic_entropy_side": 9.961037635803223,
          "hz": 1237.8529382007157
        },
        {
          "acoustic_entropy": 10.000894546508789,
          "acoustic_entropy_side": 9.475263595581055,
          "hz": 1409.4668930556702
        },
        {
          "acoustic_entropy": 9.550915718078613,
          "acoustic_entropy_side": 9.691224098205566,
          "hz": 1596.2787759475705
        },
        {
          "acoustic_entropy": 9.794418334960938,
          "acoustic_entropy_side": 9.930922508239746,
          "hz": 1799.6344973346393
        },
        {
          "acoustic_entropy": 9.970355033874512,
          "acoustic_entropy_side": 9.76890754699707,
          "hz": 2020.9991599069049
        },
        {
          "acoustic_entropy": 9.744598388671875,
          "acoustic_entropy_side": 9.676112174987793,
          "hz": 2261.9676141086993
        },
        {
          "acoustic_entropy": 10.028499603271484,
          "acoustic_entropy_side": 9.810916900634766,
          "hz": 2524.2759484456974
        },
        {
          "acoustic_entropy": 9.512009620666504,
          "acoustic_entropy_side": 9.556661605834961,
          "hz": 2809.813997359896
        },
        {
          "acoustic_entropy": 9.855873107910156,
          "acoustic_entropy_side": 9.668635368347168,
          "hz": 3120.6389567871424
        },
        {
          "acoustic_entropy": 9.756766319274902,
          "acoustic_entropy_side": 9.678716659545898,
          "hz": 3458.990205492291
        },
        {
          "acoustic_entropy": 9.615767478942871,
          "acoustic_entropy_side": 9.54929256439209,
          "hz": 3827.305438964164
        },
        {
          "acoustic_entropy": 9.702298164367676,
          "acoustic_entropy_side": 9.646328926086426,
          "hz": 4228.238232109126
        },
        {
          "acoustic_entropy": 9.749309539794922,
          "acoustic_entropy_side": 9.668700218200684,
          "hz": 4664.6771572759235
        },
        {
          "acoustic_entropy": 9.72181224822998,
          "acoustic_entropy_side": 9.663267135620117,
          "hz": 5139.766595350093
        },
        {
          "acoustic_entropy": 9.710392951965332,
          "acoustic_entropy_side": 9.642312049865723,
          "hz": 5656.929389854203
        },
        {
          "acoustic_entropy": 9.662817001342773,
          "acoustic_entropy_side": 9.62488079071045,
          "hz": 6219.891507268283
        },
        {
          "acoustic_entropy": 9.706839561462402,
          "acoustic_entropy_side": 9.644508361816406,
          "hz": 6832.70888123896
        },
        {
          "acoustic_entropy": 9.640090942382812,
          "acoustic_entropy_side": 9.614716529846191,
          "hz": 7499.796634079867
        },
        {
          "acoustic_entropy": 9.619173049926758,
          "acoustic_entropy_side": 9.632684707641602,
          "hz": 8225.96088609342
        },
        {
          "acoustic_entropy": 9.623638153076172,
          "acoustic_entropy_side": 9.637836456298828,
          "hz": 9016.43338188839
        },
        {
          "acoustic_entropy": 9.634806632995605,
          "acoustic_entropy_side": 9.64162826538086,
          "hz": 9876.909183162974
        },
        {
          "acoustic_entropy": 9.646478652954102,
          "acoustic_entropy_side": 9.6459379196167,
          "hz": 10813.587699516042
        },
        {
          "acoustic_entropy": 9.653767585754395,
          "acoustic_entropy_side": 9.647767066955566,
          "hz": 11833.21735289826
        },
        {
          "acoustic_entropy": 9.651077270507812,
          "acoustic_entropy_side": 9.648533821105957,
          "hz": 12943.144197493959
        },
        {
          "acoustic_entropy": 9.65101146697998,
          "acoustic_entropy_side": 9.649032592773438,
          "hz": 14151.364845322005
        },
        {
          "acoustic_entropy": 9.647037506103516,
          "acoustic_entropy_side": 9.646529197692871,
          "hz": 15466.58407886509
        },
        {
          "acoustic_entropy": 9.646151542663574,
          "acoustic_entropy_side": 9.646045684814453,
          "hz": 16898.27756580493
        },
        {
          "acoustic_entropy": 9.64601993560791,
          "acoustic_entropy_side": 9.645966529846191,
          "hz": 18456.760127700032
        },
        {
          "acoustic_entropy": 9.645890235900879,
          "acoustic_entropy_side": 9.6458740234375,
          "hz": 20153.260054456492
        },
        {
          "acoustic_entropy": 9.64585018157959,
          "acoustic_entropy_side": 9.64585018157959,
          "hz": 22000.00000000001
        }
      ],
      "diff_acoustic_entropy": 4.179400444030762,
      "sn": 12
    },
    {
      "acoustic_entropy": 17.70778465270996,
      "acoustic_entropy_mono": 17.360729217529297,
      "band_eliminated_acoustic_entropies": [
        {
          "acoustic_entropy": 17.91713523864746,
          "acoustic_entropy_side": 18.133268356323242,
          "hz": 129.47220167065723
        },
        {
          "acoustic_entropy": 18.255199432373047,
          "acoustic_entropy_side": 18.06075668334961,
          "hz": 202.92927478742237
        },
        {
          "acoustic_entropy": 18.91806411743164,
          "acoustic_entropy_side": 18.87240219116211,
          "hz": 282.89161906338205
        },
        {
          "acoustic_entropy": 17.179418563842773,
          "acoustic_entropy_side": 17.7530574798584,
          "hz": 369.9353335868758
        },
        {
          "acoustic_entropy": 18.258100509643555,
          "acoustic_entropy_side": 18.877370834350586,
          "hz": 464.6875360973435
        },
        {
          "acoustic_entropy": 17.360612869262695,
          "acoustic_entropy_side": 18.387813568115234,
          "hz": 567.8308811364784
        },
        {
          "acoustic_entropy": 17.51119041442871,
          "acoustic_entropy_side": 18.314834594726562,
          "hz": 680.1084783214808
        },
        {
          "acoustic_entropy": 17.439830780029297,
          "acoustic_entropy_side": 18.653608322143555,
          "hz": 802.3292461747484
        },
        {
          "acoustic_entropy": 17.69888687133789,
          "acoustic_entropy_side": 18.666643142700195,
          "hz": 935.3737400823702
        },
        {
          "acoustic_entropy": 18.66306495666504,
          "acoustic_entropy_side": 17.9818058013916,
          "hz": 1080.2004963696966
        },
        {
          "acoustic_entropy": 18.040889739990234,
          "acoustic_entropy_side": 18.086875915527344,
          "hz": 1237.8529382007157
        },
        {
          "acoustic_entropy": 17.953439712524414,
          "acoustic_entropy_side": 18.400676727294922,
          "hz": 1409.4668930556702
        },
        {
          "acoustic_entropy": 18.622987747192383,
          "acoustic_entropy_side": 18.348926544189453,
          "hz": 1596.2787759475705
        },
        {
          "acoustic_entropy": 18.148099899291992,
          "acoustic_entropy_side": 17.71802520751953,
          "hz": 1799.6344973346393
        },
        {
          "acoustic_entropy": 18.664663314819336,
          "acoustic_entropy_side": 18.182857513427734,
          "hz": 2020.9991599069049
        },
        {
          "acoustic_entropy": 18.22488784790039,
          "acoustic_entropy_side": 17.982873916625977,
          "hz": 2261.9676141086993
        },
        {
          "acoustic_entropy": 17.66922378540039,
          "acoustic_entropy_side": 17.672374725341797,
          "hz": 2524.2759484456974
        },
        {
          "acoustic_entropy": 17.196617126464844,
          "acoustic_entropy_side": 18.084978103637695,
          "hz": 2809.813997359896
        },
        {
          "acoustic_entropy": 18.21554183959961,
          "acoustic_entropy_side": 17.903425216674805,
          "hz": 3120.6389567871424
        },
        {
          "acoustic_entropy": 18.036113739013672,
          "acoustic_entropy_side": 17.702619552612305,
          "hz": 3458.990205492291
