{
  "acoustic_entropy": 171.41795349121094,
  "bands": [
    {
      "high_freq": 148.1999969482422,
      "loudness": -21.37014389038086,
      "loudness_range": 7.165840148925781,
      "mid_mean": -17.74579620361328,
      "mid_to_side_loudness": -24.15450096130371,
      "mid_to_side_loudness_range": 18.645381927490234,
      "side_mean": -42.96988296508789
    },
    {
      "high_freq": 392.3793640136719,
      "loudness": -23.881019592285156,
      "loudness_range": 8.088348388671875,
      "low_freq": 148.1999969482422,
      "mid_mean": -20.474838256835938,
      "mid_to_side_loudness": -12.496307373046875,
      "mid_to_side_loudness_range": 9.142030715942383,
      "side_mean": -33.07568359375
    },
    {
      "high_freq": 794.6976318359375,
      "loudness": -23.842487335205078,
      "loudness_range": 11.01860237121582,
      "low_freq": 392.3793640136719,
      "mid_mean": -21.003028869628906,
      "mid_to_side_loudness": -8.561104774475098,
      "mid_to_side_loudness_range": 11.691043853759766,
      "side_mean": -29.495878219604492
    },
    {
      "high_freq": 1457.5709228515625,
      "loudness": -28.7172908782959,
      "loudness_range": 9.301214218139648,
      "low_freq": 794.6976318359375,
      "mid_mean": -25.884395599365234,
      "mid_to_side_loudness": -7.937518119812012,
      "mid_to_side_loudness_range": 12.411474227905273,
      "side_mean": -34.14547348022461
    },
    {
      "high_freq": 2549.74365234375,
      "loudness": -27.25166130065918,
      "loudness_range": 14.492578506469727,
      "low_freq": 1457.5709228515625,
      "mid_mean": -24.442367553710938,
      "mid_to_side_loudness": -8.809103012084961,
      "mid_to_side_loudness_range": 16.42389678955078,
      "side_mean": -33.625083923339844
    },
    {
      "high_freq": 4349.24462890625,
      "loudness": -26.69778823852539,
      "loudness_range": 19.927570343017578,
      "low_freq": 2549.74365234375,
      "mid_mean": -23.660688400268555,
      "mid_to_side_loudness": -11.211627006530762,
      "mid_to_side_loudness_range": 15.910698890686035,
      "side_mean": -35.30447769165039
    },
    {
      "high_freq": 7314.1640625,
      "loudness": -34.05439758300781,
      "loudness_range": 13.410331726074219,
      "low_freq": 4349.24462890625,
      "mid_mean": -31.304834365844727,
      "mid_to_side_loudness": -8.070040702819824,
      "mid_to_side_loudness_range": 13.261905670166016,
      "side_mean": -39.92913818359375
    },
    {
      "high_freq": 12199.2666015625,
      "loudness": -39.739723205566406,
      "loudness_range": 11.074256896972656,
      "low_freq": 7314.1640625,
      "mid_mean": -37.5012092590332,
      "mid_to_side_loudness": -5.478570461273193,
      "mid_to_side_loudness_range": 11.317147254943848,
      "side_mean": -43.0368766784668
    },
    {
      "loudness": -45.463565826416016,
      "loudness_range": 11.632793426513672,
      "low_freq": 12199.2666015625,
      "mid_mean": -43.51168441772461,
      "mid_to_side_loudness": -4.881947994232178,
      "mid_to_side_loudness_range": 10.898885726928711,
      "side_mean": -48.91584014892578
    }
  ],
  "bands_short": [
    {
      "high_freq": 148.1999969482422,
      "loudness": -24.437278747558594,
      "loudness_range": 14.150934219360352,
      "mid_mean": -20.82370948791504,
      "mid_to_side_loudness": -25.82853126525879,
      "mid_to_side_loudness_range": 21.78467559814453,
      "side_mean": -50.16879653930664
    },
    {
      "high_freq": 392.3793640136719,
      "loudness": -23.038564682006836,
      "loudness_range": 11.437042236328125,
      "low_freq": 148.1999969482422,
      "mid_mean": -19.663156509399414,
      "mid_to_side_loudness": -13.817874908447266,
      "mid_to_side_loudness_range": 13.364619255065918,
      "side_mean": -33.698482513427734
    },
    {
      "high_freq": 794.6976318359375,
      "loudness": -24.86971664428711,
      "loudness_range": 14.834800720214844,
      "low_freq": 392.3793640136719,
      "mid_mean": -21.95743751525879,
      "mid_to_side_loudness": -9.025374412536621,
      "mid_to_side_loudness_range": 13.964316368103027,
      "side_mean": -31.017147064208984
    },
    {
      "high_freq": 1457.5709228515625,
      "loudness": -28.992185592651367,
      "loudness_range": 13.465991973876953,
      "low_freq": 794.6976318359375,
      "mid_mean": -26.405128479003906,
      "mid_to_side_loudness": -7.372885704040527,
      "mid_to_side_loudness_range": 14.900010108947754,
      "side_mean": -34.01689529418945
    },
    {
      "high_freq": 2549.74365234375,
      "loudness": -28.418060302734375,
      "loudness_range": 17.76968002319336,
      "low_freq": 1457.5709228515625,
      "mid_mean": -25.918235778808594,
      "mid_to_side_loudness": -7.962867259979248,
      "mid_to_side_loudness_range": 18.054227828979492,
      "side_mean": -34.40708923339844
    },
    {
      "high_freq": 4349.24462890625,
      "loudness": -28.157390594482422,
      "loudness_range": 22.37322235107422,
      "low_freq": 2549.74365234375,
      "mid_mean": -25.489269256591797,
      "mid_to_side_loudness": -9.794939041137695,
      "mid_to_side_loudness_range": 18.445926666259766,
      "side_mean": -35.72277069091797
    },
    {
      "high_freq": 7314.1640625,
      "loudness": -35.43537902832031,
      "loudness_range": 18.705793380737305,
      "low_freq": 4349.24462890625,
      "mid_mean": -32.93946838378906,
      "mid_to_side_loudness": -7.947205543518066,
      "mid_to_side_loudness_range": 16.083879470825195,
      "side_mean": -41.403167724609375
    },
    {
      "high_freq": 12199.2666015625,
      "loudness": -41.338096618652344,
      "loudness_range": 17.15064811706543,
      "low_freq": 7314.1640625,
      "mid_mean": -39.23811340332031,
      "mid_to_side_loudness": -5.536367416381836,
      "mid_to_side_loudness_range": 13.770689010620117,
      "side_mean": -44.88508605957031
    },
    {
      "loudness": -46.602195739746094,
      "loudness_range": 15.017707824707031,
      "low_freq": 12199.2666015625,
      "mid_mean": -44.71685028076172,
      "mid_to_side_loudness": -4.709806442260742,
      "mid_to_side_loudness_range": 12.454339981079102,
      "side_mean": -50.992618560791016
    }
  ],
  "bandwidth": 558.9842529296875,
  "channels": 2,
  "covariance": [
    [
      9.491002082824707,
      7.547356605529785,
      2.9761857986450195,
      2.4531567096710205,
      1.4999021291732788,
      2.1209816932678223,
      2.2091190814971924,
      3.2964534759521484,
      0.12905274331569672,
      2.1257176399230957,
      -0.2692791819572449,
      0.9373918771743774,
      0.17171789705753326,
      2.501401424407959,
      1.5576810836791992,
      2.553942918777466,
      0.6843412518501282,
      1.9369457960128784
    ],
    [
      7.547356605529785,
      29.49277114868164,
      4.276937961578369,
      6.691245079040527,
      2.5620687007904053,
      5.99326753616333,
      -0.03506460785865784,
      6.5379533767700195,
      -7.853178024291992,
      2.263570785522461,
      -13.100351333618164,
      -3.000581741333008,
      -7.243242263793945,
      2.728585958480835,
      -2.0682146549224854,
      3.0066874027252197,
      -4.777432441711426,
      1.0223278999328613
    ],
    [
      2.9761857986450195,
      4.276937961578369,
      13.797965049743652,
      7.664781093597412,
      9.278132438659668,
      8.003111839294434,
      3.5769803524017334,
      7.057852268218994,
      5.0480055809021,
      5.519445896148682,
      0.4470389485359192,
      2.8577420711517334,
      2.5262560844421387,
      4.970942974090576,
      5.65656042098999,
      5.07077693939209,
      4.643186092376709,
      7.73372745513916
    ],
    [
      2.4531567096710205,
      6.691245079040527,
      7.664781093597412,
      14.217207908630371,
      6.885771751403809,
      8.882319450378418,
      3.1764023303985596,
      8.27985954284668,
      2.5523295402526855,
      5.590389728546143,
      1.0889196395874023,
      1.6625468730926514,
      1.8166600465774536,
      3.7017602920532227,
      4.482741355895996,
      3.630857467651367,
      3.5353126525878906,
      3.0701348781585693
    ],
    [
      1.4999021291732788,
      2.5620687007904053,
      9.278132438659668,
      6.885771751403809,
      21.682552337646484,
      10.746535301208496,
      4.188620090484619,
      6.231442451477051,
      8.492949485778809,
      6.362790584564209,
      4.921403884887695,
      1.740702509880066,
      3.2777154445648193,
      2.0743157863616943,
      4.033276081085205,
      1.553990125656128,
      3.913147449493408,
      5.708650588989258
    ],
    [
      2.1209816932678223,
      5.99326753616333,
      8.003111839294434,
      8.882319450378418,
      10.746535301208496,
      19.109338760375977,
      0.8380831480026245,
      10.719958305358887,
      -3.8901145458221436,
      7.782172203063965,
      -9.27963924407959,
      -0.15809836983680725,
      -4.8666229248046875,
      2.9587509632110596,
      0.4596019685268402,
      3.690941333770752,
      -0.5065822601318359,
      2.233212471008301
    ],
    [
      2.2091190814971924,
      -0.03506460785865784,
      3.5769803524017334,
      3.1764023303985596,
      4.188620090484619,
      0.8380831480026245,
      15.462553977966309,
      4.496967315673828,
      16.907169342041016,
      5.727115154266357,
      20.884231567382812,
      7.631527423858643,
      13.252016067504883,
      4.477224826812744,
      10.830124855041504,
      2.644956350326538,
      10.451333999633789,
      3.4112548828125
    ],
    [
      3.2964534759521484,
      6.5379533767700195,
      7.057852268218994,
      8.27985954284668,
      6.231442451477051,
      10.719958305358887,
      4.496967315673828,
      11.562479972839355,
      0.7912483215332031,
      7.043328285217285,
      -2.4278669357299805,
      2.4878897666931152,
      0.16065296530723572,
      5.072309970855713,
      4.712865829467773,
      4.948410987854004,
      3.340304136276245,
      3.6032602787017822
    ],
    [
      0.12905274331569672,
      -7.853178024291992,
      5.0480055809021,
      2.5523295402526855,
      8.492949485778809,
      -3.8901145458221436,
      16.907169342041016,
      0.7912483215332031,
      40.641971588134766,
      7.785964488983154,
      45.60411071777344,
      14.861525535583496,
      31.931392669677734,
      6.054279804229736,
      23.022432327270508,
      2.856204032897949,
      24.483152389526367,
      6.98673677444458
    ],
    [
      2.1257176399230957,
      2.263570785522461,
      5.519445896148682,
      5.590389728546143,
      6.362790584564209,
      7.782172203063965,
      5.727115154266357,
      7.043328285217285,
      7.785964488983154,
      9.53648567199707,
      7.002485752105713,
      5.842342376708984,
      6.387007713317871,
      5.6573028564453125,
      9.149866104125977,
      4.9074015617370605,
      8.499556541442871,
      4.100805759429932
    ],
    [
      -0.2692791819572449,
      -13.100351333618164,
      0.4470389485359192,
      1.0889196395874023,
      4.921403884887695,
      -9.27963924407959,
      20.884231567382812,
      -2.4278669357299805,
      45.60411071777344,
      7.002485752105713,
      62.13739776611328,
      18.38787269592285,
      39.39931869506836,
      6.782512664794922,
      27.05541229248047,
      2.7436342239379883,
      28.77430534362793,
      6.6356587409973145
    ],
    [
      0.9373918771743774,
      -3.000581741333008,
      2.8577420711517334,
      1.6625468730926514,
      1.740702509880066,
      -0.15809836983680725,
      7.631527423858643,
      2.4878897666931152,
      14.861525535583496,
      5.842342376708984,
      18.38787269592285,
      10.655074119567871,
      13.789198875427246,
      7.165990829467773,
      13.387852668762207,
      5.687674045562744,
      13.158365249633789,
      5.452723979949951
    ],
    [
      0.17171789705753326,
      -7.243242263793945,
      2.5262560844421387,
      1.8166600465774536,
      3.2777154445648193,
      -4.8666229248046875,
      13.252016067504883,
      0.16065296530723572,
      31.931392669677734,
      6.387007713317871,
      39.39931869506836,
      13.789198875427246,
      30.525070190429688,
      7.185270309448242,
      21.968307495117188,
      4.089101791381836,
      23.382503509521484,
      5.200757026672363
    ],
    [
      2.501401424407959,
      2.728585958480835,
      4.970942974090576,
      3.7017602920532227,
      2.0743157863616943,
      2.9587509632110596,
      4.477224826812744,
      5.072309970855713,
      6.054279804229736,
      5.6573028564453125,
      6.782512664794922,
      7.165990829467773,
      7.185270309448242,
      15.007160186767578,
      15.217276573181152,
      13.48934555053711,
      13.909346580505371,
      11.312431335449219
    ],
    [
      1.5576810836791992,
      -2.0682146549224854,
      5.65656042098999,
      4.482741355895996,
      4.033276081085205,
      0.4596019685268402,
      10.830124855041504,
      4.712865829467773,
      23.022432327270508,
      9.149866104125977,
      27.05541229248047,
      13.387852668762207,
      21.968307495117188,
      15.217276573181152,
      29.76567840576172,
      12.643067359924316,
      28.581335067749023,
      12.523224830627441
    ],
    [
      2.553942918777466,
      3.0066874027252197,
      5.07077693939209,
      3.630857467651367,
      1.553990125656128,
      3.690941333770752,
      2.644956350326538,
      4.948410987854004,
      2.856204032897949,
      4.9074015617370605,
      2.7436342239379883,
      5.687674045562744,
      4.089101791381836,
      13.48934555053711,
      12.643067359924316,
      16.26437759399414,
      13.570859909057617,
      13.498780250549316
    ],
    [
      0.6843412518501282,
      -4.777432441711426,
      4.643186092376709,
      3.5353126525878906,
      3.913147449493408,
      -0.5065822601318359,
      10.451333999633789,
      3.340304136276245,
      24.483152389526367,
      8.499556541442871,
      28.77430534362793,
      13.158365249633789,
      23.382503509521484,
      13.909346580505371,
      28.581335067749023,
      13.570859909057617,
      32.83399963378906,
      13.270034790039062
    ],
    [
      1.9369457960128784,
      1.0223278999328613,
      7.73372745513916,
      3.0701348781585693,
      5.708650588989258,
      2.233212471008301,
      3.4112548828125,
      3.6032602787017822,
      6.98673677444458,
      4.100805759429932,
      6.6356587409973145,
      5.452723979949951,
      5.200757026672363,
      11.312431335449219,
      12.523224830627441,
      13.498780250549316,
      13.270034790039062,
      26.012033462524414
    ]
  ],
  "covariance_short": [
    [
      28.87045669555664,
      15.368059158325195,
      10.307251930236816,
      3.838026523590088,
      3.9215590953826904,
      2.838527202606201,
      4.02540922164917,
      3.47570538520813,
      3.6045403480529785,
      2.5326197147369385,
      3.5116000175476074,
      1.7318718433380127,
      4.125182628631592,
      3.601378917694092,
      4.65238618850708,
      4.422785758972168,
      3.6528871059417725,
      3.7121641635894775
    ],
    [
      15.368059158325195,
      68.36561584472656,
      13.749650001525879,
      11.603288650512695,
      5.428143501281738,
      6.058664798736572,
      4.229789733886719,
      6.28779935836792,
      1.522995114326477,
      3.2546510696411133,
      -2.5605685710906982,
      -1.514884114265442,
      -0.3059253990650177,
      6.287371635437012,
      6.201329708099365,
      9.269865989685059,
      6.735844612121582,
      39.032325744628906
    ],
    [
      10.307251930236816,
      13.749650001525879,
      20.77165412902832,
      11.379552841186523,
      10.033045768737793,
      10.522644996643066,
      7.5847368240356445,
      9.543534278869629,
      5.461580276489258,
      6.879220962524414,
      2.8098502159118652,
      3.711422920227051,
      5.2692155838012695,
      7.150424957275391,
      7.413095951080322,
      7.865931034088135,
      5.155418872833252,
      8.166582107543945
    ],
    [
      3.838026523590088,
      11.603288650512695,
      11.379552841186523,
      25.07951545715332,
      12.66443157196045,
      15.095537185668945,
      7.992251396179199,
      13.3591947555542,
      5.656515121459961,
      8.667403221130371,
      2.771310567855835,
      1.4314464330673218,
      3.7084574699401855,
      4.586867809295654,
      6.663293361663818,
      5.022674083709717,
      4.623109340667725,
      3.752138614654541
    ],
    [
      3.9215590953826904,
      5.428143501281738,
      10.033045768737793,
      12.66443157196045,
      29.555644989013672,
      19.0272274017334,
      14.742452621459961,
      12.871207237243652,
      16.051910400390625,
      10.467584609985352,
      14.04857063293457,
      4.92717981338501,
      12.070480346679688,
      4.090540885925293,
      10.849205017089844,
      4.013919353485107,
      8.683534622192383,
      4.865368366241455
    ],
    [
      2.838527202606201,
      6.058664798736572,
      10.522644996643066,
      15.095537185668945,
      19.0272274017334,
      31.512943267822266,
      7.943886756896973,
      16.712013244628906,
      3.056030511856079,
      12.239794731140137,
      -3.431900978088379,
      2.4758341312408447,
      0.5590733289718628,
      4.355437278747559,
      3.9882774353027344,
      5.638054847717285,
      2.9289302825927734,
      3.921475410461426
    ],
    [
      4.02540922164917,
      4.229789733886719,
      7.5847368240356445,
      7.992251396179199,
      14.742452621459961,
      7.943886756896973,
      31.193822860717773,
      10.478955268859863,
      30.796077728271484,
      10.358710289001465,
      34.50006866455078,
      10.651782035827637,
      26.892858505249023,
      7.328896999359131,
      20.301530838012695,
      5.077295303344727,
      17.116291046142578,
      4.656322479248047
    ],
    [
      3.47570538520813,
      6.28779935836792,
      9.543534278869629,
      13.3591947555542,
      12.871207237243652,
      16.712013244628906,
      10.478955268859863,
      19.17949867248535,
      6.216336250305176,
      10.436650276184082,
      2.2268850803375244,
      4.046568393707275,
      4.733155250549316,
      5.593049049377441,
      7.271785736083984,
      5.9045538902282715,
      5.340142250061035,
      4.685641765594482
    ],
    [
      3.6045403480529785,
      1.522995114326477,
      5.461580276489258,
      5.656515121459961,
      16.051910400390625,
      3.056030511856079,
      30.796077728271484,
      6.216336250305176,
      57.996246337890625,
      13.791572570800781,
      66.90199279785156,
      19.9561710357666,
      51.19165802001953,
      11.74490737915039,
      39.09553909301758,
      7.343178749084473,
      34.84054946899414,
      8.740817070007324
    ],
    [
      2.5326197147369385,
      3.2546510696411133,
      6.879220962524414,
      8.667403221130371,
      10.467584609985352,
      12.239794731140137,
      10.358710289001465,
      10.436650276184082,
      13.791572570800781,
      16.07640266418457,
      13.500751495361328,
      9.970280647277832,
      13.368734359741211,
      9.91135311126709,
      14.69366455078125,
      8.716889381408691,
      12.726150512695312,
      6.832575798034668
    ],
    [
      3.5116000175476074,
      -2.5605685710906982,
      2.8098502159118652,
      2.771310567855835,
      14.04857063293457,
      -3.431900978088379,
      34.50006866455078,
      2.2268850803375244,
      66.90199279785156,
      13.500751495361328,
      88.84426879882812,
      25.74966812133789,
      65.04327392578125,
      15.396855354309082,
      48.76091766357422,
      9.456368446350098,
      43.04619216918945,
      9.919072151184082
    ],
    [
      1.7318718433380127,
      -1.514884114265442,
      3.711422920227051,
      1.4314464330673218,
      4.92717981338501,
      2.4758341312408447,
      10.651782035827637,
      4.046568393707275,
      19.9561710357666,
      9.970280647277832,
      25.74966812133789,
      16.631362915039062,
      22.379671096801758,
      12.945577621459961,
      20.135482788085938,
      10.735713958740234,
      17.60381507873535,
      8.647619247436523
    ],
    [
      4.125182628631592,
      -0.3059253990650177,
      5.2692155838012695,
      3.7084574699401855,
      12.070480346679688,
      0.5590733289718628,
      26.892858505249023,
      4.733155250549316,
      51.19165802001953,
      13.368734359741211,
      65.04327392578125,
      22.379671096801758,
      57.5999641418457,
      19.73179817199707,
      45.69278335571289,
      15.356565475463867,
      40.234100341796875,
      14.263553619384766
    ],
    [
      3.601378917694092,
      6.287371635437012,
      7.150424957275391,
      4.586867809295654,
      4.090540885925293,
      4.355437278747559,
      7.328896999359131,
      5.593049049377441,
      11.74490737915039,
      9.91135311126709,
      15.396855354309082,
      12.945577621459961,
      19.73179817199707,
      26.38096809387207,
      26.044279098510742,
      24.826208114624023,
      22.598304748535156,
      19.285417556762695
    ],
    [
      4.65238618850708,
      6.201329708099365,
      7.413095951080322,
      6.663293361663818,
      10.849205017089844,
      3.9882774353027344,
      20.301530838012695,
      7.271785736083984,
      39.09553909301758,
      14.69366455078125,
      48.76091766357422,
      20.135482788085938,
      45.69278335571289,
      26.044279098510742,
      50.21916198730469,
      23.42531394958496,
      43.43824005126953,
      20.814516067504883
    ],
    [
      4.422785758972168,
      9.269865989685059,
      7.865931034088135,
      5.022674083709717,
      4.013919353485107,
      5.638054847717285,
      5.077295303344727,
      5.9045538902282715,
      7.343178749084473,
      8.716889381408691,
      9.456368446350098,
      10.735713958740234,
      15.356565475463867,
      24.826208114624023,
      23.42531394958496,
      28.779138565063477,
      21.67302894592285,
      22.30585479736328
    ],
    [
      3.6528871059417725,
      6.735844612121582,
      5.155418872833252,
      4.623109340667725,
      8.683534622192383,
      2.9289302825927734,
      17.116291046142578,
      5.340142250061035,
      34.84054946899414,
      12.726150512695312,
      43.04619216918945,
      17.60381507873535,
      40.234100341796875,
      22.598304748535156,
      43.43824005126953,
      21.67302894592285,
      44.08124542236328,
      20.10503387451172
    ],
    [
      3.7121641635894775,
      39.032325744628906,
      8.166582107543945,
      3.752138614654541,
      4.865368366241455,
      3.921475410461426,
      4.656322479248047,
      4.685641765594482,
      8.740817070007324,
      6.832575798034668,
      9.919072151184082,
      8.647619247436523,
      14.263553619384766,
      19.285417556762695,
      20.814516067504883,
      22.30585479736328,
      20.10503387451172,
      49.0898323059082
    ]
  ],
  "damage": -7.210778713226318,
  "diff_bandwidth": 574.044921875,
  "dissonance": 6.965818166890979,
  "drr": -0.4076298475265503,
  "dynamics": 2.2537527084350586,
  "format": 1245190,
  "frames": 3268608,
  "loudness": -12.37784481048584,
  "loudness_range": 4.713143348693848,
  "loudness_range_short": 8.824145317077637,
  "lowpass_true_peak_15khz": -0.3048086166381836,
  "mastering3_acoustic_entropies": [
    {
      "acoustic_entropy": 7.785449981689453,
      "acoustic_entropy_mono": 7.992514610290527,
      "band_eliminated_acoustic_entropies": [
        {
          "acoustic_entropy": 7.703616619110107,
          "acoustic_entropy_side": 7.785436153411865,
          "hz": 129.47220167065723
        },
        {
          "acoustic_entropy": 7.33331823348999,
          "acoustic_entropy_side": 7.778836727142334,
          "hz": 202.92927478742237
        },
        {
          "acoustic_entropy": 7.763150691986084,
          "acoustic_entropy_side": 7.785810470581055,
          "hz": 282.89161906338205
        },
        {
          "acoustic_entropy": 7.895564556121826,
          "acoustic_entropy_side": 7.790953159332275,
          "hz": 369.9353335868758
        },
        {
          "acoustic_entropy": 6.559277057647705,
          "acoustic_entropy_side": 7.727223873138428,
          "hz": 464.6875360973435
        },
        {
          "acoustic_entropy": 8.055179595947266,
          "acoustic_entropy_side": 7.8212151527404785,
          "hz": 567.8308811364784
        },
        {
          "acoustic_entropy": 7.956981658935547,
          "acoustic_entropy_side": 7.920053958892822,
          "hz": 680.1084783214808
        },
        {
          "acoustic_entropy": 8.01799201965332,
          "acoustic_entropy_side": 7.8112711906433105,
          "hz": 802.3292461747484
        },
        {
          "acoustic_entropy": 7.669460773468018,
          "acoustic_entropy_side": 7.754117965698242,
          "hz": 935.3737400823702
        },
        {
          "acoustic_entropy": 7.630670070648193,
          "acoustic_entropy_side": 7.820569038391113,
          "hz": 1080.2004963696966
        },
        {
          "acoustic_entropy": 8.077471733093262,
          "acoustic_entropy_side": 7.779470920562744,
          "hz": 1237.8529382007157
        },
        {
          "acoustic_entropy": 7.86176061630249,
          "acoustic_entropy_side": 7.768266201019287,
          "hz": 1409.4668930556702
        },
        {
          "acoustic_entropy": 7.762099266052246,
          "acoustic_entropy_side": 7.795648097991943,
          "hz": 1596.2787759475705
        },
        {
          "acoustic_entropy": 8.071870803833008,
          "acoustic_entropy_side": 7.813239097595215,
          "hz": 1799.6344973346393
        },
        {
          "acoustic_entropy": 7.8025312423706055,
          "acoustic_entropy_side": 7.80586576461792,
          "hz": 2020.9991599069049
        },
        {
          "acoustic_entropy": 7.710974216461182,
          "acoustic_entropy_side": 7.802385330200195,
          "hz": 2261.9676141086993
        },
        {
          "acoustic_entropy": 7.8824872970581055,
          "acoustic_entropy_side": 7.792290687561035,
          "hz": 2524.2759484456974
        },
        {
          "acoustic_entropy": 7.760305404663086,
          "acoustic_entropy_side": 7.793888568878174,
          "hz": 2809.813997359896
        },
        {
          "acoustic_entropy": 7.793832778930664,
          "acoustic_entropy_side": 7.805200576782227,
          "hz": 3120.6389567871424
        },
        {
          "acoustic_entropy": 7.595376491546631,
          "acoustic_entropy_side": 7.792276859283447,
          "hz": 3458.990205492291
        },
        {
          "acoustic_entropy": 7.766552448272705,
          "acoustic_entropy_side": 7.8068976402282715,
          "hz": 3827.305438964164
        },
        {
          "acoustic_entropy": 7.790045261383057,
          "acoustic_entropy_side": 7.80280876159668,
          "hz": 4228.238232109126
        },
        {
          "acoustic_entropy": 7.832329273223877,
          "acoustic_entropy_side": 7.796376705169678,
          "hz": 4664.6771572759235
        },
        {
          "acoustic_entropy": 7.873220443725586,
          "acoustic_entropy_side": 7.799963474273682,
          "hz": 5139.766595350093
        },
        {
          "acoustic_entropy": 7.794406414031982,
          "acoustic_entropy_side": 7.800486087799072,
          "hz": 5656.929389854203
        },
        {
          "acoustic_entropy": 7.7499284744262695,
          "acoustic_entropy_side": 7.803614139556885,
          "hz": 6219.891507268283
        },
        {
          "acoustic_entropy": 7.80825138092041,
          "acoustic_entropy_side": 7.807798862457275,
          "hz": 6832.70888123896
        },
        {
          "acoustic_entropy": 7.833407402038574,
          "acoustic_entropy_side": 7.814749717712402,
          "hz": 7499.796634079867
        },
        {
          "acoustic_entropy": 7.836695671081543,
          "acoustic_entropy_side": 7.802278995513916,
          "hz": 8225.96088609342
        },
        {
          "acoustic_entropy": 7.820409297943115,
          "acoustic_entropy_side": 7.799344539642334,
          "hz": 9016.43338188839
        },
        {
          "acoustic_entropy": 7.812526226043701,
          "acoustic_entropy_side": 7.794864654541016,
          "hz": 9876.909183162974
        },
        {
          "acoustic_entropy": 7.816606044769287,
          "acoustic_entropy_side": 7.793924331665039,
          "hz": 10813.587699516042
        },
        {
          "acoustic_entropy": 7.80903434753418,
          "acoustic_entropy_side": 7.7933831214904785,
          "hz": 11833.21735289826
        },
        {
          "acoustic_entropy": 7.816631317138672,
          "acoustic_entropy_side": 7.790031433105469,
          "hz": 12943.144197493959
        },
        {
          "acoustic_entropy": 7.798730373382568,
          "acoustic_entropy_side": 7.787689685821533,
          "hz": 14151.364845322005
        },
        {
          "acoustic_entropy": 7.779252052307129,
          "acoustic_entropy_side": 7.787404537200928,
          "hz": 15466.58407886509
        },
        {
          "acoustic_entropy": 7.789790153503418,
          "acoustic_entropy_side": 7.78683614730835,
          "hz": 16898.27756580493
        },
        {
          "acoustic_entropy": 7.787436008453369,
          "acoustic_entropy_side": 7.786448001861572,
          "hz": 18456.760127700032
        },
        {
          "acoustic_entropy": 7.785866737365723,
          "acoustic_entropy_side": 7.785722732543945,
          "hz": 20153.260054456492
        },
        {
          "acoustic_entropy": 7.785458087921143,
          "acoustic_entropy_side": 7.785457134246826,
          "hz": 22000.00000000001
        }
      ],
      "diff_acoustic_entropy": 6.337230682373047,
      "sn": 6
    },
    {
      "acoustic_entropy": 10.387911796569824,
      "acoustic_entropy_mono": 11.2645263671875,
      "band_eliminated_acoustic_entropies": [
        {
          "acoustic_entropy": 10.734844207763672,
          "acoustic_entropy_side": 10.38684368133545,
          "hz": 129.47220167065723
        },
        {
          "acoustic_entropy": 10.678753852844238,
          "acoustic_entropy_side": 10.13422679901123,
          "hz": 202.92927478742237
        },
        {
          "acoustic_entropy": 10.740761756896973,
          "acoustic_entropy_side": 10.355005264282227,
          "hz": 282.89161906338205
        },
        {
          "acoustic_entropy": 10.810705184936523,
          "acoustic_entropy_side": 10.31363296508789,
          "hz": 369.9353335868758
        },
        {
          "acoustic_entropy": 10.667622566223145,
          "acoustic_entropy_side": 10.171380043029785,
          "hz": 464.6875360973435
        },
        {
          "acoustic_entropy": 11.327042579650879,
          "acoustic_entropy_side": 10.802318572998047,
          "hz": 567.8308811364784
        },
        {
          "acoustic_entropy": 10.99060344696045,
          "acoustic_entropy_side": 10.30603313446045,
          "hz": 680.1084783214808
        },
        {
          "acoustic_entropy": 10.35046100616455,
          "acoustic_entropy_side": 10.806733131408691,
          "hz": 802.3292461747484
        },
        {
          "acoustic_entropy": 10.229547500610352,
          "acoustic_entropy_side": 10.209964752197266,
          "hz": 935.3737400823702
        },
        {
          "acoustic_entropy": 10.774599075317383,
          "acoustic_entropy_side": 10.327674865722656,
          "hz": 1080.2004963696966
        },
        {
          "acoustic_entropy": 10.80412483215332,
          "acoustic_entropy_side": 10.250126838684082,
          "hz": 1237.8529382007157
        },
        {
          "acoustic_entropy": 10.432636260986328,
          "acoustic_entropy_side": 10.302242279052734,
          "hz": 1409.4668930556702
        },
        {
          "acoustic_entropy": 11.10046100616455,
          "acoustic_entropy_side": 10.632309913635254,
          "hz": 1596.2787759475705
        },
        {
          "acoustic_entropy": 10.725951194763184,
          "acoustic_entropy_side": 10.100930213928223,
          "hz": 1799.6344973346393
        },
        {
          "acoustic_entropy": 10.68215560913086,
          "acoustic_entropy_side": 10.568622589111328,
          "hz": 2020.9991599069049
        },
        {
          "acoustic_entropy": 10.382386207580566,
          "acoustic_entropy_side": 10.12765121459961,
          "hz": 2261.9676141086993
        },
        {
          "acoustic_entropy": 10.335033416748047,
          "acoustic_entropy_side": 10.342644691467285,
          "hz": 2524.2759484456974
        },
        {
          "acoustic_entropy": 10.610600471496582,
          "acoustic_entropy_side": 10.357550621032715,
          "hz": 2809.813997359896
        },
        {
          "acoustic_entropy": 10.463419914245605,
          "acoustic_entropy_side": 10.413615226745605,
          "hz": 3120.6389567871424
        },
        {
          "acoustic_entropy": 10.10901165008545,
          "acoustic_entropy_side": 10.300396919250488,
          "hz": 3458.990205492291
        },
        {
          "acoustic_entropy": 10.374048233032227,
          "acoustic_entropy_side": 10.514369010925293,
          "hz": 3827.305438964164
        },
        {
          "acoustic_entropy": 10.039997100830078,
          "acoustic_entropy_side": 10.376407623291016,
          "hz": 4228.238232109126
        },
        {
          "acoustic_entropy": 10.247983932495117,
          "acoustic_entropy_side": 10.430401802062988,
          "hz": 4664.6771572759235
        },
        {
          "acoustic_entropy": 10.4205904006958,
          "acoustic_entropy_side": 10.448820114135742,
          "hz": 5139.766595350093
        },
        {
          "acoustic_entropy": 10.40377140045166,
          "acoustic_entropy_side": 10.44403076171875,
          "hz": 5656.929389854203
        },
        {
          "acoustic_entropy": 10.481075286865234,
          "acoustic_entropy_side": 10.427268028259277,
          "hz": 6219.891507268283
        },
        {
          "acoustic_entropy": 10.408069610595703,
          "acoustic_entropy_side": 10.441802024841309,
          "hz": 6832.70888123896
        },
        {
          "acoustic_entropy": 10.492450714111328,
          "acoustic_entropy_side": 10.450843811035156,
          "hz": 7499.796634079867
        },
        {
          "acoustic_entropy": 10.585365295410156,
          "acoustic_entropy_side": 10.447761535644531,
          "hz": 8225.96088609342
        },
        {
          "acoustic_entropy": 10.514902114868164,
          "acoustic_entropy_side": 10.422396659851074,
          "hz": 9016.43338188839
        },
        {
          "acoustic_entropy": 10.605644226074219,
          "acoustic_entropy_side": 10.420401573181152,
          "hz": 9876.909183162974
        },
        {
          "acoustic_entropy": 10.541302680969238,
          "acoustic_entropy_side": 10.416241645812988,
          "hz": 10813.587699516042
        },
        {
          "acoustic_entropy": 10.529725074768066,
          "acoustic_entropy_side": 10.402705192565918,
          "hz": 11833.21735289826
        },
        {
          "acoustic_entropy": 10.607357025146484,
          "acoustic_entropy_side": 10.402582168579102,
          "hz": 12943.144197493959
        },
        {
          "acoustic_entropy": 10.525851249694824,
          "acoustic_entropy_side": 10.397942543029785,
          "hz": 14151.364845322005
        },
        {
          "acoustic_entropy": 10.513216972351074,
          "acoustic_entropy_side": 10.397936820983887,
          "hz": 15466.58407886509
        },
        {
          "acoustic_entropy": 10.493793487548828,
          "acoustic_entropy_side": 10.397476196289062,
          "hz": 16898.27756580493
        },
        {
          "acoustic_entropy": 10.41569709777832,
          "acoustic_entropy_side": 10.395525932312012,
          "hz": 18456.760127700032
        },
        {
          "acoustic_entropy": 10.392608642578125,
          "acoustic_entropy_side": 10.388940811157227,
          "hz": 20153.260054456492
        },
        {
          "acoustic_entropy": 10.3878812789917,
          "acoustic_entropy_side": 10.387907028198242,
          "hz": 22000.00000000001
        }
      ],
      "diff_acoustic_entropy": 9.97991943359375,
      "sn": 12
    },
    {
      "acoustic_entropy": 15.767675399780273,
      "acoustic_entropy_mono": 13.744158744812012,
      "band_eliminated_acoustic_entropies": [
        {
          "acoustic_entropy": 16.147422790527344,
          "acoustic_entropy_side": 15.810420036315918,
          "hz": 129.47220167065723
        },
        {
          "acoustic_entropy": 14.572151184082031,
          "acoustic_entropy_side": 15.28030014038086,
          "hz": 202.92927478742237
        },
        {
          "acoustic_entropy": 15.740707397460938,
          "acoustic_entropy_side": 15.955955505371094,
          "hz": 282.89161906338205
        },
        {
          "acoustic_entropy": 15.971056938171387,
          "acoustic_entropy_side": 15.045772552490234,
          "hz": 369.9353335868758
        },
        {
          "acoustic_entropy": 14.661349296569824,
          "acoustic_entropy_side": 15.309654235839844,
          "hz": 464.6875360973435
        },
        {
          "acoustic_entropy": 14.914254188537598,
          "acoustic_entropy_side": 15.739977836608887,
          "hz": 567.8308811364784
        },
        {
          "acoustic_entropy": 14.208834648132324,
          "acoustic_entropy_side": 15.857813835144043,
          "hz": 680.1084783214808
        },
        {
          "acoustic_entropy": 15.279694557189941,
          "acoustic_entropy_side": 15.516569137573242,
          "hz": 802.3292461747484
        },
        {
          "acoustic_entropy": 15.12635612487793,
          "acoustic_entropy_side": 15.064444541931152,
          "hz": 935.3737400823702
        },
        {
          "acoustic_entropy": 14.543581008911133,
          "acoustic_entropy_side": 15.398380279541016,
          "hz": 1080.2004963696966
        },
        {
          "acoustic_entropy": 16.4092960357666,
          "acoustic_entropy_side": 15.578736305236816,
          "hz": 1237.8529382007157
        },
        {
          "acoustic_entropy": 14.338891983032227,
          "acoustic_entropy_side": 15.44246768951416,
          "hz": 1409.4668930556702
        },
        {
          "acoustic_entropy": 15.854933738708496,
          "acoustic_entropy_side": 16.017868041992188,
          "hz": 1596.2787759475705
        },
        {
          "acoustic_entropy": 15.525369644165039,
          "acoustic_entropy_side": 15.846556663513184,
          "hz": 1799.6344973346393
        },
        {
          "acoustic_entropy": 15.734847068786621,
          "acoustic_entropy_side": 15.465856552124023,
          "hz": 2020.9991599069049
        },
        {
          "acoustic_entropy": 15.553564071655273,
          "acoustic_entropy_side": 15.666973114013672,
          "hz": 2261.9676141086993
        },
        {
          "acoustic_entropy": 15.955169677734375,
          "acoustic_entropy_side": 15.602904319763184,
          "hz": 2524.2759484456974
        },
        {
          "acoustic_entropy": 15.301548957824707,
          "acoustic_entropy_side": 15.624504089355469,
          "hz": 2809.813997359896
        },
        {
          "acoustic_entropy": 15.70997428894043,
