{
  "acoustic_entropy": 226.4678955078125,
  "bands": [
    {
      "high_freq": 148.1999969482422,
      "loudness": -24.20516586303711,
      "loudness_range": 10.060028076171875,
      "mid_mean": -20.697433471679688,
      "mid_to_side_loudness": -14.903144836425781,
      "mid_to_side_loudness_range": 12.180826187133789,
      "side_mean": -35.838504791259766
    },
    {
      "high_freq": 392.3793640136719,
      "loudness": -21.129722595214844,
      "loudness_range": 6.02330207824707,
      "low_freq": 148.1999969482422,
      "mid_mean": -18.080810546875,
      "mid_to_side_loudness": -8.762722969055176,
      "mid_to_side_loudness_range": 9.995052337646484,
      "side_mean": -26.980426788330078
    },
    {
      "high_freq": 794.6976318359375,
      "loudness": -23.906633377075195,
      "loudness_range": 8.690292358398438,
      "low_freq": 392.3793640136719,
      "mid_mean": -21.997209548950195,
      "mid_to_side_loudness": -3.3796615600585938,
      "mid_to_side_loudness_range": 7.784702301025391,
      "side_mean": -25.425861358642578
    },
    {
      "high_freq": 1457.5709228515625,
      "loudness": -22.097862243652344,
      "loudness_range": 9.89808464050293,
      "low_freq": 794.6976318359375,
      "mid_mean": -20.44276237487793,
      "mid_to_side_loudness": -2.385021924972534,
      "mid_to_side_loudness_range": 4.9070329666137695,
      "side_mean": -22.868793487548828
    },
    {
      "high_freq": 2549.74365234375,
      "loudness": -20.26763343811035,
      "loudness_range": 10.862707138061523,
      "low_freq": 1457.5709228515625,
      "mid_mean": -18.85614585876465,
      "mid_to_side_loudness": -1.6952677965164185,
      "mid_to_side_loudness_range": 3.704402446746826,
      "side_mean": -20.570594787597656
    },
    {
      "high_freq": 4349.24462890625,
      "loudness": -22.820838928222656,
      "loudness_range": 9.902406692504883,
      "low_freq": 2549.74365234375,
      "mid_mean": -21.330265045166016,
      "mid_to_side_loudness": -1.9985337257385254,
      "mid_to_side_loudness_range": 5.06387186050415,
      "side_mean": -23.35603904724121
    },
    {
      "high_freq": 7314.1640625,
      "loudness": -26.514190673828125,
      "loudness_range": 10.827640533447266,
      "low_freq": 4349.24462890625,
      "mid_mean": -24.27653694152832,
      "mid_to_side_loudness": -4.594130039215088,
      "mid_to_side_loudness_range": 8.303373336791992,
      "side_mean": -28.928653717041016
    },
    {
      "high_freq": 12199.2666015625,
      "loudness": -33.12582778930664,
      "loudness_range": 14.11312484741211,
      "low_freq": 7314.1640625,
      "mid_mean": -30.59259033203125,
      "mid_to_side_loudness": -5.996816158294678,
      "mid_to_side_loudness_range": 10.209488868713379,
      "side_mean": -36.669281005859375
    },
    {
      "loudness": -43.152610778808594,
      "loudness_range": 10.586658477783203,
      "low_freq": 12199.2666015625,
      "mid_mean": -40.438133239746094,
      "mid_to_side_loudness": -6.484232425689697,
      "mid_to_side_loudness_range": 8.11292839050293,
      "side_mean": -46.99300003051758
    }
  ],
  "bands_short": [
    {
      "high_freq": 148.1999969482422,
      "loudness": -29.053712844848633,
      "loudness_range": 18.497079849243164,
      "mid_mean": -25.78220558166504,
      "mid_to_side_loudness": -13.504698753356934,
      "mid_to_side_loudness_range": 19.880521774291992,
      "side_mean": -39.60076904296875
    },
    {
      "high_freq": 392.3793640136719,
      "loudness": -21.685049057006836,
      "loudness_range": 12.54222297668457,
      "low_freq": 148.1999969482422,
      "mid_mean": -18.798179626464844,
      "mid_to_side_loudness": -8.6853609085083,
      "mid_to_side_loudness_range": 14.414276123046875,
      "side_mean": -27.623533248901367
    },
    {
      "high_freq": 794.6976318359375,
      "loudness": -24.639135360717773,
      "loudness_range": 11.267536163330078,
      "low_freq": 392.3793640136719,
      "mid_mean": -23.004915237426758,
      "mid_to_side_loudness": -3.179211139678955,
      "mid_to_side_loudness_range": 11.50296688079834,
      "side_mean": -26.230392456054688
    },
    {
      "high_freq": 1457.5709228515625,
      "loudness": -22.50703239440918,
      "loudness_range": 12.170503616333008,
      "low_freq": 794.6976318359375,
      "mid_mean": -21.112333297729492,
      "mid_to_side_loudness": -2.222836494445801,
      "mid_to_side_loudness_range": 9.419543266296387,
      "side_mean": -23.374555587768555
    },
    {
      "high_freq": 2549.74365234375,
      "loudness": -20.82869529724121,
      "loudness_range": 12.62022590637207,
      "low_freq": 1457.5709228515625,
      "mid_mean": -19.56549644470215,
      "mid_to_side_loudness": -1.6069281101226807,
      "mid_to_side_loudness_range": 6.890976428985596,
      "side_mean": -21.19601821899414
    },
    {
      "high_freq": 4349.24462890625,
      "loudness": -23.477031707763672,
      "loudness_range": 12.873693466186523,
      "low_freq": 2549.74365234375,
      "mid_mean": -22.184541702270508,
      "mid_to_side_loudness": -1.710693120956421,
      "mid_to_side_loudness_range": 6.801818370819092,
      "side_mean": -23.91765785217285
    },
    {
      "high_freq": 7314.1640625,
      "loudness": -27.826204299926758,
      "loudness_range": 16.307720184326172,
      "low_freq": 4349.24462890625,
      "mid_mean": -25.926366806030273,
      "mid_to_side_loudness": -3.677865982055664,
      "mid_to_side_loudness_range": 9.539603233337402,
      "side_mean": -29.712894439697266
    },
    {
      "high_freq": 12199.2666015625,
      "loudness": -35.39680862426758,
      "loudness_range": 20.55017852783203,
      "low_freq": 7314.1640625,
      "mid_mean": -33.20328903198242,
      "mid_to_side_loudness": -4.975224494934082,
      "mid_to_side_loudness_range": 11.063053131103516,
      "side_mean": -38.30718231201172
    },
    {
      "loudness": -47.46737289428711,
      "loudness_range": 23.773616790771484,
      "low_freq": 12199.2666015625,
      "mid_mean": -45.12778854370117,
      "mid_to_side_loudness": -5.023808479309082,
      "mid_to_side_loudness_range": 9.233580589294434,
      "side_mean": -50.32357406616211
    }
  ],
  "bandwidth": 838.2427368164062,
  "channels": 2,
  "covariance": [
    [
      17.121688842773438,
      7.325725555419922,
      3.0902485847473145,
      1.8677220344543457,
      -0.9204034805297852,
      -1.1139410734176636,
      0.7983793616294861,
      0.16428089141845703,
      0.796787440776825,
      0.4941127896308899,
      -0.3543427288532257,
      -0.08080784976482391,
      -1.693543791770935,
      -0.9100177884101868,
      -1.2438381910324097,
      -0.18672619760036469,
      -1.9248921871185303,
      -0.47188282012939453
    ],
    [
      7.325725555419922,
      12.539214134216309,
      2.51741623878479,
      3.5665318965911865,
      0.9632003903388977,
      1.1240850687026978,
      0.10286367684602737,
      -0.04253891482949257,
      -0.4756302833557129,
      -0.8590521216392517,
      -1.1016614437103271,
      -1.265742540359497,
      -1.2583389282226562,
      -0.9641907215118408,
      -0.7069879770278931,
      0.17704039812088013,
      -1.2227418422698975,
      -0.07471970468759537
    ],
    [
      3.0902485847473145,
      2.51741623878479,
      7.179823398590088,
      2.9876630306243896,
      2.233523368835449,
      0.6968088150024414,
      1.5937672853469849,
      0.8301464915275574,
      0.9418310523033142,
      0.5005347728729248,
      0.13581962883472443,
      -0.32101139426231384,
      0.5427219271659851,
      -0.7185415029525757,
      0.5944920182228088,
      -0.74428391456604,
      0.817822277545929,
      0.16657854616641998
    ],
    [
      1.8677220344543457,
      3.5665318965911865,
      2.9876630306243896,
      9.573116302490234,
      2.7629730701446533,
      4.187414646148682,
      1.086991548538208,
      1.5169926881790161,
      0.7580985426902771,
      1.0784387588500977,
      0.22751861810684204,
      0.4194304645061493,
      0.23425287008285522,
      0.8329328894615173,
      0.8180888891220093,
      1.8577208518981934,
      0.681952953338623,
      1.5847160816192627
    ],
    [
      -0.9204034805297852,
      0.9632003903388977,
      2.233523368835449,
      2.7629730701446533,
      10.040458679199219,
      9.51265811920166,
      5.101863384246826,
      5.937923908233643,
      4.89536190032959,
      5.208761215209961,
      5.468234539031982,
      5.587121486663818,
      6.382965087890625,
      6.7620062828063965,
      6.021205902099609,
      6.904290676116943,
      5.014883041381836,
      6.578564643859863
    ],
    [
      -1.1139410734176636,
      1.1240850687026978,
      0.6968088150024414,
      4.187414646148682,
      9.51265811920166,
      16.917072296142578,
      6.854274272918701,
      9.721383094787598,
      5.955419540405273,
      7.750383377075195,
      5.723983287811279,
      7.92167329788208,
      4.39519739151001,
      8.633556365966797,
      4.037407875061035,
      9.011773109436035,
      2.4717800617218018,
      6.76800537109375
    ],
    [
      0.7983793616294861,
      0.10286367684602737,
      1.5937672853469849,
      1.086991548538208,
      5.101863384246826,
      6.854274272918701,
      11.869348526000977,
      12.299666404724121,
      8.317440032958984,
      9.725608825683594,
      7.510396957397461,
      10.417890548706055,
      4.476675987243652,
      8.328575134277344,
      2.6921517848968506,
      5.915561676025391,
      1.2643908262252808,
      3.0590384006500244
    ],
    [
      0.16428089141845703,
      -0.04253891482949257,
      0.8301464915275574,
      1.5169926881790161,
      5.937923908233643,
      9.721383094787598,
      12.299666404724121,
      16.278200149536133,
      9.641755104064941,
      12.184858322143555,
      7.962718486785889,
      12.357151985168457,
      4.161529064178467,
      10.423698425292969,
      2.2767415046691895,
      8.051066398620605,
      0.35947391390800476,
      4.041599750518799
    ],
    [
      0.796787440776825,
      -0.4756302833557129,
      0.9418310523033142,
      0.7580985426902771,
      4.89536190032959,
      5.955419540405273,
      8.317440032958984,
      9.641755104064941,
      13.075906753540039,
      14.613702774047852,
      9.260441780090332,
      12.631999969482422,
      6.658677101135254,
      11.71165657043457,
      4.6604838371276855,
      9.041486740112305,
      2.2930901050567627,
      4.56227445602417
    ],
    [
      0.4941127896308899,
      -0.8590521216392517,
      0.5005347728729248,
      1.0784387588500977,
      5.208761215209961,
      7.750383377075195,
      9.725608825683594,
      12.184858322143555,
      14.613702774047852,
      18.15090560913086,
      10.23169231414795,
      15.415319442749023,
      6.605181694030762,
      14.293694496154785,
      4.41149377822876,
      11.25623893737793,
      1.0264273881912231,
      4.671915531158447
    ],
    [
      -0.3543427288532257,
      -1.1016614437103271,
      0.13581962883472443,
      0.22751861810684204,
      5.468234539031982,
      5.723983287811279,
      7.510396957397461,
      7.962718486785889,
      9.260441780090332,
      10.23169231414795,
      11.457901000976562,
      13.21063232421875,
      10.248456954956055,
      13.068758010864258,
      8.961246490478516,
      12.165583610534668,
      4.887638568878174,
      6.572016716003418
    ],
    [
      -0.08080784976482391,
      -1.265742540359497,
      -0.32101139426231384,
      0.4194304645061493,
      5.587121486663818,
      7.92167329788208,
      10.417890548706055,
      12.357151985168457,
      12.631999969482422,
      15.415319442749023,
      13.21063232421875,
      18.765762329101562,
      9.259936332702637,
      16.8430118560791,
      7.408050537109375,
      14.788125991821289,
      2.158025026321411,
      6.173741817474365
    ],
    [
      -1.693543791770935,
      -1.2583389282226562,
      0.5427219271659851,
      0.23425287008285522,
      6.382965087890625,
      4.39519739151001,
      4.476675987243652,
      4.161529064178467,
      6.658677101135254,
      6.605181694030762,
      10.248456954956055,
      9.259936332702637,
      16.29563331604004,
      14.628373146057129,
      16.88589096069336,
      17.297096252441406,
      10.298828125,
      10.678677558898926
    ],
    [
      -0.9100177884101868,
      -0.9641907215118408,
      -0.7185415029525757,
      0.8329328894615173,
      6.7620062828063965,
      8.633556365966797,
      8.328575134277344,
      10.423698425292969,
      11.71165657043457,
      14.293694496154785,
      13.068758010864258,
      16.8430118560791,
      14.628373146057129,
      22.656396865844727,
      14.272737503051758,
      24.16559600830078,
      5.087639808654785,
      11.002860069274902
    ],
    [
      -1.2438381910324097,
      -0.7069879770278931,
      0.5944920182228088,
      0.8180888891220093,
      6.021205902099609,
      4.037407875061035,
      2.6921517848968506,
      2.2767415046691895,
      4.6604838371276855,
      4.41149377822876,
      8.961246490478516,
      7.408050537109375,
      16.88589096069336,
      14.272737503051758,
      21.607309341430664,
      21.919902801513672,
      13.392589569091797,
      14.090641975402832
    ],
    [
      -0.18672619760036469,
      0.17704039812088013,
      -0.74428391456604,
      1.8577208518981934,
      6.904290676116943,
      9.011773109436035,
      5.915561676025391,
      8.051066398620605,
      9.041486740112305,
      11.25623893737793,
      12.165583610534668,
      14.788125991821289,
      17.297096252441406,
      24.16559600830078,
      21.919902801513672,
      35.16737747192383,
      8.241748809814453,
      16.938861846923828
    ],
    [
      -1.9248921871185303,
      -1.2227418422698975,
      0.817822277545929,
      0.681952953338623,
      5.014883041381836,
      2.4717800617218018,
      1.2643908262252808,
      0.35947391390800476,
      2.2930901050567627,
      1.0264273881912231,
      4.887638568878174,
      2.158025026321411,
      10.298828125,
      5.087639808654785,
      13.392589569091797,
      8.241748809814453,
      16.436046600341797,
      13.870131492614746
    ],
    [
      -0.47188282012939453,
      -0.07471970468759537,
      0.16657854616641998,
      1.5847160816192627,
      6.578564643859863,
      6.76800537109375,
      3.0590384006500244,
      4.041599750518799,
      4.56227445602417,
      4.671915531158447,
      6.572016716003418,
      6.173741817474365,
      10.678677558898926,
      11.002860069274902,
      14.090641975402832,
      16.938861846923828,
      13.870131492614746,
      19.3292236328125
    ]
  ],
  "covariance_short": [
    [
      37.38841247558594,
      7.372419357299805,
      14.458165168762207,
      3.806169033050537,
      0.9476231336593628,
      -1.352827787399292,
      2.4747772216796875,
      0.14353236556053162,
      2.852409601211548,
      1.4397836923599243,
      2.409820318222046,
      1.2585692405700684,
      2.275728225708008,
      0.9046031832695007,
      4.398258209228516,
      2.7171871662139893,
      5.455134868621826,
      4.1093430519104
    ],
    [
      7.372419357299805,
      23.386247634887695,
      2.8716554641723633,
      4.883407115936279,
      0.9556155800819397,
      1.1836634874343872,
      0.5132678747177124,
      0.3327333629131317,
      0.16251656413078308,
      -0.14099819958209991,
      -0.38013535737991333,
      -0.10200058668851852,
      -1.1903725862503052,
      -0.0073387171141803265,
      -0.43540170788764954,
      1.3932409286499023,
      0.7613823413848877,
      1.885973334312439
    ],
    [
      14.458165168762207,
      2.8716554641723633,
      21.832462310791016,
      6.631542205810547,
      6.921779632568359,
      1.8028136491775513,
      5.349387168884277,
      1.812398910522461,
      4.396783351898193,
      2.035305976867676,
      4.714431285858154,
      1.7364349365234375,
      6.768314361572266,
      2.4516868591308594,
      8.602764129638672,
      4.536195755004883,
      9.802499771118164,
      6.956249713897705
    ],
    [
      3.806169033050537,
      4.883407115936279,
      6.631542205810547,
      14.836275100708008,
      4.831611633300781,
      5.49425745010376,
      2.6875295639038086,
      2.5119173526763916,
      1.9820481538772583,
      1.780734896659851,
      1.7610576152801514,
      1.3565610647201538,
      2.582266330718994,
      2.079235792160034,
      3.4810116291046143,
      3.4621493816375732,
      3.7872142791748047,
      3.9225831031799316
    ],
    [
      0.9476231336593628,
      0.9556155800819397,
      6.921779632568359,
      4.831611633300781,
      19.773130416870117,
      13.209338188171387,
      10.069515228271484,
      9.267945289611816,
      9.497604370117188,
      8.445796012878418,
      11.062203407287598,
      8.991656303405762,
      13.848705291748047,
      11.388891220092773,
      14.378605842590332,
      13.604361534118652,
      15.811655044555664,
      16.268146514892578
    ],
    [
      -1.352827787399292,
      1.1836634874343872,
      1.8028136491775513,
      5.49425745010376,
      13.209338188171387,
      23.243623733520508,
      9.344826698303223,
      12.25843334197998,
      8.055846214294434,
      9.641858100891113,
      8.168181419372559,
      9.599034309387207,
      7.901443004608154,
      10.937291145324707,
      7.84894323348999,
      12.583785057067871,
      8.500112533569336,
      12.827970504760742
    ],
    [
      2.4747772216796875,
      0.5132678747177124,
      5.349387168884277,
      2.6875295639038086,
      10.069515228271484,
      9.344826698303223,
      21.00994873046875,
      16.695316314697266,
      14.001792907714844,
      14.05379581451416,
      14.170733451843262,
      15.056058883666992,
      12.10509204864502,
      14.155340194702148,
      9.52356243133545,
      12.634605407714844,
      9.394429206848145,
      10.997122764587402
    ],
    [
      0.14353236556053162,
      0.3327333629131317,
      1.812398910522461,
      2.5119173526763916,
      9.267945289611816,
      12.25843334197998,
      16.695316314697266,
      23.958871841430664,
      13.666586875915527,
      16.160661697387695,
      12.79396915435791,
      16.324386596679688,
      9.977604866027832,
      15.50000286102295,
      7.234982013702393,
      13.774985313415527,
      6.46922492980957,
      10.569826126098633
    ],
    [
      2.852409601211548,
      0.16251656413078308,
      4.396783351898193,
      1.9820481538772583,
      9.497604370117188,
      8.055846214294434,
      14.001792907714844,
      13.666586875915527,
      21.412776947021484,
      19.96599578857422,
      16.85491943359375,
      17.909961700439453,
      16.045961380004883,
      18.61341094970703,
      13.304214477539062,
      16.402145385742188,
      11.76241397857666,
      13.010530471801758
    ],
    [
      1.4397836923599243,
      -0.14099819958209991,
      2.035305976867676,
      1.780734896659851,
      8.445796012878418,
      9.641858100891113,
      14.05379581451416,
      16.160661697387695,
      19.96599578857422,
      24.96274185180664,
      16.309289932250977,
      20.175045013427734,
      14.3370943069458,
      20.59827995300293,
      11.29496955871582,
      17.83405876159668,
      8.563272476196289,
      11.962428092956543
    ],
    [
      2.409820318222046,
      -0.38013535737991333,
      4.714431285858154,
      1.7610576152801514,
      11.062203407287598,
      8.168181419372559,
      14.170733451843262,
      12.79396915435791,
      16.85491943359375,
      16.309289932250977,
      23.095966339111328,
      20.92369270324707,
      23.561782836914062,
      22.480052947998047,
      22.31736183166504,
      22.39380645751953,
      19.282041549682617,
      18.78103256225586
    ],
    [
      1.2585692405700684,
      -0.10200058668851852,
      1.7364349365234375,
      1.3565610647201538,
      8.991656303405762,
      9.599034309387207,
      15.056058883666992,
      16.324386596679688,
      17.909961700439453,
      20.175045013427734,
      20.92369270324707,
      25.886438369750977,
      18.828166961669922,
      24.307153701782227,
      16.338817596435547,
      22.366897583007812,
      11.886510848999023,
      14.85571002960205
    ],
    [
      2.275728225708008,
      -1.1903725862503052,
      6.768314361572266,
      2.582266330718994,
      13.848705291748047,
      7.901443004608154,
      12.10509204864502,
      9.977604866027832,
      16.045961380004883,
      14.3370943069458,
      23.561782836914062,
      18.828166961669922,
      38.996238708496094,
      29.479686737060547,
      41.76814651489258,
      36.22813034057617,
      35.09513473510742,
      31.336950302124023
    ],
    [
      0.9046031832695007,
      -0.0073387171141803265,
      2.4516868591308594,
      2.079235792160034,
      11.388891220092773,
      10.937291145324707,
      14.155340194702148,
      15.50000286102295,
      18.61341094970703,
      20.59827995300293,
      22.480052947998047,
      24.307153701782227,
      29.479686737060547,
      34.69160079956055,
      29.784433364868164,
      37.014766693115234,
      22.074941635131836,
      25.924270629882812
    ],
    [
      4.398258209228516,
      -0.43540170788764954,
      8.602764129638672,
      3.4810116291046143,
      14.378605842590332,
      7.84894323348999,
      9.52356243133545,
      7.234982013702393,
      13.304214477539062,
      11.29496955871582,
      22.31736183166504,
      16.338817596435547,
      41.76814651489258,
      29.784433364868164,
      56.656036376953125,
      46.534095764160156,
      48.69300079345703,
      43.13447189331055
    ],
    [
      2.7171871662139893,
      1.3932409286499023,
      4.536195755004883,
      3.4621493816375732,
      13.604361534118652,
      12.583785057067871,
      12.634605407714844,
      13.774985313415527,
      16.402145385742188,
      17.83405876159668,
      22.39380645751953,
      22.366897583007812,
      36.22813034057617,
      37.014766693115234,
      46.534095764160156,
      55.684112548828125,
      36.52076721191406,
      41.841983795166016
    ],
    [
      5.455134868621826,
      0.7613823413848877,
      9.802499771118164,
      3.7872142791748047,
      15.811655044555664,
      8.500112533569336,
      9.394429206848145,
      6.46922492980957,
      11.76241397857666,
      8.563272476196289,
      19.282041549682617,
      11.886510848999023,
      35.09513473510742,
      22.074941635131836,
      48.69300079345703,
      36.52076721191406,
      61.818790435791016,
      54.11476135253906
    ],
    [
      4.1093430519104,
      1.885973334312439,
      6.956249713897705,
      3.9225831031799316,
      16.268146514892578,
      12.827970504760742,
      10.997122764587402,
      10.569826126098633,
      13.010530471801758,
      11.962428092956543,
      18.78103256225586,
      14.85571002960205,
      31.336950302124023,
      25.924270629882812,
      43.13447189331055,
      41.841983795166016,
      54.11476135253906,
      61.975921630859375
    ]
  ],
  "damage": -7.191472053527832,
  "diff_bandwidth": 808.7701416015625,
  "dissonance": 10.365954752912108,
  "drr": -0.5951966643333435,
  "dynamics": 2.1865413188934326,
  "format": 1245190,
  "frames": 12394496,
  "loudness": -10.213521957397461,
  "loudness_range": 5.394695281982422,
  "loudness_range_short": 7.977945327758789,
  "lowpass_true_peak_15khz": 0.8992506265640259,
  "mastering3_acoustic_entropies": [
    {
      "acoustic_entropy": 5.531630039215088,
      "acoustic_entropy_mono": 4.741221904754639,
      "band_eliminated_acoustic_entropies": [
        {
          "acoustic_entropy": 5.569578170776367,
          "acoustic_entropy_side": 5.53177547454834,
          "hz": 129.47220167065723
        },
        {
          "acoustic_entropy": 5.3484416007995605,
          "acoustic_entropy_side": 5.537126541137695,
          "hz": 202.92927478742237
        },
        {
          "acoustic_entropy": 5.489059925079346,
          "acoustic_entropy_side": 5.567702770233154,
          "hz": 282.89161906338205
        },
        {
          "acoustic_entropy": 5.562819480895996,
          "acoustic_entropy_side": 5.583127975463867,
          "hz": 369.9353335868758
        },
        {
          "acoustic_entropy": 5.453108787536621,
          "acoustic_entropy_side": 5.558277606964111,
          "hz": 464.6875360973435
        },
        {
          "acoustic_entropy": 5.455953121185303,
          "acoustic_entropy_side": 5.438380718231201,
          "hz": 567.8308811364784
        },
        {
          "acoustic_entropy": 5.569587707519531,
          "acoustic_entropy_side": 5.727476596832275,
          "hz": 680.1084783214808
        },
        {
          "acoustic_entropy": 5.408112049102783,
          "acoustic_entropy_side": 5.480657577514648,
          "hz": 802.3292461747484
        },
        {
          "acoustic_entropy": 5.531362056732178,
          "acoustic_entropy_side": 5.434133052825928,
          "hz": 935.3737400823702
        },
        {
          "acoustic_entropy": 5.649437427520752,
          "acoustic_entropy_side": 5.76738977432251,
          "hz": 1080.2004963696966
        },
        {
          "acoustic_entropy": 4.799826622009277,
          "acoustic_entropy_side": 5.761356830596924,
          "hz": 1237.8529382007157
        },
        {
          "acoustic_entropy": 5.5205979347229,
          "acoustic_entropy_side": 5.540335655212402,
          "hz": 1409.4668930556702
        },
        {
          "acoustic_entropy": 5.144935607910156,
          "acoustic_entropy_side": 5.526150226593018,
          "hz": 1596.2787759475705
        },
        {
          "acoustic_entropy": 5.508293151855469,
          "acoustic_entropy_side": 5.7116570472717285,
          "hz": 1799.6344973346393
        },
        {
          "acoustic_entropy": 5.297121047973633,
          "acoustic_entropy_side": 5.550313949584961,
          "hz": 2020.9991599069049
        },
        {
          "acoustic_entropy": 5.607378005981445,
          "acoustic_entropy_side": 5.621874809265137,
          "hz": 2261.9676141086993
        },
        {
          "acoustic_entropy": 4.948261737823486,
          "acoustic_entropy_side": 5.181146621704102,
          "hz": 2524.2759484456974
        },
        {
          "acoustic_entropy": 5.658324718475342,
          "acoustic_entropy_side": 5.635766983032227,
          "hz": 2809.813997359896
        },
        {
          "acoustic_entropy": 5.173776149749756,
          "acoustic_entropy_side": 5.171982765197754,
          "hz": 3120.6389567871424
        },
        {
          "acoustic_entropy": 5.344152927398682,
          "acoustic_entropy_side": 5.422630310058594,
          "hz": 3458.990205492291
        },
        {
          "acoustic_entropy": 5.657690048217773,
          "acoustic_entropy_side": 5.613210201263428,
          "hz": 3827.305438964164
        },
        {
          "acoustic_entropy": 5.486302375793457,
          "acoustic_entropy_side": 5.5113019943237305,
          "hz": 4228.238232109126
        },
        {
          "acoustic_entropy": 5.555490016937256,
          "acoustic_entropy_side": 5.551840305328369,
          "hz": 4664.6771572759235
        },
        {
          "acoustic_entropy": 5.565641403198242,
          "acoustic_entropy_side": 5.551237106323242,
          "hz": 5139.766595350093
        },
        {
          "acoustic_entropy": 5.526303768157959,
          "acoustic_entropy_side": 5.521104335784912,
          "hz": 5656.929389854203
        },
        {
          "acoustic_entropy": 5.50223445892334,
          "acoustic_entropy_side": 5.5140581130981445,
          "hz": 6219.891507268283
        },
        {
          "acoustic_entropy": 5.488897323608398,
          "acoustic_entropy_side": 5.516523838043213,
          "hz": 6832.70888123896
        },
        {
          "acoustic_entropy": 5.453418731689453,
          "acoustic_entropy_side": 5.495505332946777,
          "hz": 7499.796634079867
        },
        {
          "acoustic_entropy": 5.510312080383301,
          "acoustic_entropy_side": 5.491445541381836,
          "hz": 8225.96088609342
        },
        {
          "acoustic_entropy": 5.494918346405029,
          "acoustic_entropy_side": 5.463059425354004,
          "hz": 9016.43338188839
        },
        {
          "acoustic_entropy": 5.475185394287109,
          "acoustic_entropy_side": 5.480443477630615,
          "hz": 9876.909183162974
        },
        {
          "acoustic_entropy": 5.502155303955078,
          "acoustic_entropy_side": 5.501382350921631,
          "hz": 10813.587699516042
        },
        {
          "acoustic_entropy": 5.52361536026001,
          "acoustic_entropy_side": 5.5233073234558105,
          "hz": 11833.21735289826
        },
        {
          "acoustic_entropy": 5.531671047210693,
          "acoustic_entropy_side": 5.528575420379639,
          "hz": 12943.144197493959
        },
        {
          "acoustic_entropy": 5.52992057800293,
          "acoustic_entropy_side": 5.532057762145996,
          "hz": 14151.364845322005
        },
        {
          "acoustic_entropy": 5.529400825500488,
          "acoustic_entropy_side": 5.5319671630859375,
          "hz": 15466.58407886509
        },
        {
          "acoustic_entropy": 5.529045104980469,
          "acoustic_entropy_side": 5.531744956970215,
          "hz": 16898.27756580493
        },
        {
          "acoustic_entropy": 5.531592845916748,
          "acoustic_entropy_side": 5.531713485717773,
          "hz": 18456.760127700032
        },
        {
          "acoustic_entropy": 5.531609535217285,
          "acoustic_entropy_side": 5.5316481590271,
          "hz": 20153.260054456492
        },
        {
          "acoustic_entropy": 5.531624794006348,
          "acoustic_entropy_side": 5.531630516052246,
          "hz": 22000.00000000001
        }
      ],
      "diff_acoustic_entropy": 4.201027870178223,
      "sn": 6
    },
    {
      "acoustic_entropy": 9.03077220916748,
      "acoustic_entropy_mono": 8.85808277130127,
      "band_eliminated_acoustic_entropies": [
        {
          "acoustic_entropy": 8.724725723266602,
          "acoustic_entropy_side": 9.030964851379395,
          "hz": 129.47220167065723
        },
        {
          "acoustic_entropy": 8.941276550292969,
          "acoustic_entropy_side": 9.02194881439209,
          "hz": 202.92927478742237
        },
        {
          "acoustic_entropy": 9.173361778259277,
          "acoustic_entropy_side": 9.210838317871094,
          "hz": 282.89161906338205
        },
        {
          "acoustic_entropy": 9.147573471069336,
          "acoustic_entropy_side": 9.062285423278809,
          "hz": 369.9353335868758
        },
        {
          "acoustic_entropy": 8.70281982421875,
          "acoustic_entropy_side": 8.974645614624023,
          "hz": 464.6875360973435
        },
        {
          "acoustic_entropy": 9.087373733520508,
          "acoustic_entropy_side": 9.719757080078125,
          "hz": 567.8308811364784
        },
        {
          "acoustic_entropy": 9.209786415100098,
          "acoustic_entropy_side": 9.130319595336914,
          "hz": 680.1084783214808
        },
        {
          "acoustic_entropy": 9.495168685913086,
          "acoustic_entropy_side": 9.452641487121582,
          "hz": 802.3292461747484
        },
        {
          "acoustic_entropy": 8.438197135925293,
          "acoustic_entropy_side": 8.746146202087402,
          "hz": 935.3737400823702
        },
        {
          "acoustic_entropy": 9.958942413330078,
          "acoustic_entropy_side": 9.643806457519531,
          "hz": 1080.2004963696966
        },
        {
          "acoustic_entropy": 9.34729290008545,
          "acoustic_entropy_side": 9.65416431427002,
          "hz": 1237.8529382007157
        },
        {
          "acoustic_entropy": 9.048249244689941,
          "acoustic_entropy_side": 9.201559066772461,
          "hz": 1409.4668930556702
        },
        {
          "acoustic_entropy": 9.33226203918457,
          "acoustic_entropy_side": 9.93129825592041,
          "hz": 1596.2787759475705
        },
        {
          "acoustic_entropy": 8.983967781066895,
          "acoustic_entropy_side": 8.840417861938477,
          "hz": 1799.6344973346393
        },
        {
          "acoustic_entropy": 8.332128524780273,
          "acoustic_entropy_side": 8.887029647827148,
          "hz": 2020.9991599069049
        },
        {
          "acoustic_entropy": 8.685356140136719,
          "acoustic_entropy_side": 8.866838455200195,
          "hz": 2261.9676141086993
        },
        {
          "acoustic_entropy": 8.816134452819824,
          "acoustic_entropy_side": 8.845357894897461,
          "hz": 2524.2759484456974
        },
        {
          "acoustic_entropy": 9.266889572143555,
          "acoustic_entropy_side": 9.088743209838867,
          "hz": 2809.813997359896
        },
        {
          "acoustic_entropy": 8.717846870422363,
          "acoustic_entropy_side": 8.743247032165527,
          "hz": 3120.6389567871424
        },
        {
          "acoustic_entropy": 9.140345573425293,
          "acoustic_entropy_side": 9.113889694213867,
          "hz": 3458.990205492291
        },
        {
          "acoustic_entropy": 9.190033912658691,
          "acoustic_entropy_side": 9.299630165100098,
          "hz": 3827.305438964164
        },
        {
          "acoustic_entropy": 8.843210220336914,
          "acoustic_entropy_side": 8.778022766113281,
          "hz": 4228.238232109126
        },
        {
          "acoustic_entropy": 8.969318389892578,
          "acoustic_entropy_side": 8.969829559326172,
          "hz": 4664.6771572759235
        },
        {
          "acoustic_entropy": 9.169623374938965,
          "acoustic_entropy_side": 9.089488983154297,
          "hz": 5139.766595350093
        },
        {
          "acoustic_entropy": 9.042470932006836,
          "acoustic_entropy_side": 9.023159980773926,
          "hz": 5656.929389854203
        },
        {
          "acoustic_entropy": 8.978633880615234,
          "acoustic_entropy_side": 9.027669906616211,
          "hz": 6219.891507268283
        },
        {
          "acoustic_entropy": 8.964971542358398,
          "acoustic_entropy_side": 8.998735427856445,
          "hz": 6832.70888123896
        },
        {
          "acoustic_entropy": 8.934592247009277,
          "acoustic_entropy_side": 8.93466854095459,
          "hz": 7499.796634079867
        },
        {
          "acoustic_entropy": 8.90751838684082,
          "acoustic_entropy_side": 8.913860321044922,
          "hz": 8225.96088609342
        },
        {
          "acoustic_entropy": 8.854204177856445,
          "acoustic_entropy_side": 8.853744506835938,
          "hz": 9016.43338188839
        },
        {
          "acoustic_entropy": 8.90880012512207,
          "acoustic_entropy_side": 8.901758193969727,
          "hz": 9876.909183162974
        },
        {
          "acoustic_entropy": 8.937945365905762,
          "acoustic_entropy_side": 8.946700096130371,
          "hz": 10813.587699516042
        },
        {
          "acoustic_entropy": 8.954002380371094,
          "acoustic_entropy_side": 9.000365257263184,
          "hz": 11833.21735289826
        },
        {
          "acoustic_entropy": 8.986640930175781,
          "acoustic_entropy_side": 9.015789031982422,
          "hz": 12943.144197493959
        },
        {
          "acoustic_entropy": 8.979202270507812,
          "acoustic_entropy_side": 9.030753135681152,
          "hz": 14151.364845322005
        },
        {
          "acoustic_entropy": 8.9950532913208,
          "acoustic_entropy_side": 9.033849716186523,
          "hz": 15466.58407886509
        },
        {
          "acoustic_entropy": 9.000741004943848,
          "acoustic_entropy_side": 9.030247688293457,
          "hz": 16898.27756580493
        },
        {
          "acoustic_entropy": 9.024895668029785,
          "acoustic_entropy_side": 9.031720161437988,
          "hz": 18456.760127700032
        },
        {
          "acoustic_entropy": 9.030414581298828,
          "acoustic_entropy_side": 9.031012535095215,
          "hz": 20153.260054456492
        },
        {
          "acoustic_entropy": 9.030735969543457,
          "acoustic_entropy_side": 9.030777931213379,
          "hz": 22000.00000000001
        }
      ],
      "diff_acoustic_entropy": 7.426086902618408,
      "sn": 12
    },
    {
      "acoustic_entropy": 14.233302116394043,
      "acoustic_entropy_mono": 11.377457618713379,
      "band_eliminated_acoustic_entropies": [
        {
          "acoustic_entropy": 13.812531471252441,
          "acoustic_entropy_side": 14.236329078674316,
          "hz": 129.47220167065723
        },
        {
          "acoustic_entropy": 14.07029914855957,
          "acoustic_entropy_side": 14.311503410339355,
          "hz": 202.92927478742237
        },
        {
          "acoustic_entropy": 14.233031272888184,
          "acoustic_entropy_side": 14.199211120605469,
          "hz": 282.89161906338205
        },
        {
          "acoustic_entropy": 14.508925437927246,
          "acoustic_entropy_side": 14.433637619018555,
          "hz": 369.9353335868758
        },
        {
          "acoustic_entropy": 14.698755264282227,
          "acoustic_entropy_side": 14.650707244873047,
          "hz": 464.6875360973435
        },
        {
          "acoustic_entropy": 13.433505058288574,
          "acoustic_entropy_side": 13.723136901855469,
          "hz": 567.8308811364784
        },
        {
          "acoustic_entropy": 14.632094383239746,
          "acoustic_entropy_side": 14.593271255493164,
          "hz": 680.1084783214808
        },
        {
          "acoustic_entropy": 13.762252807617188,
          "acoustic_entropy_side": 14.20953369140625,
          "hz": 802.3292461747484
        },
        {
          "acoustic_entropy": 14.27401065826416,
          "acoustic_entropy_side": 13.88296127319336,
          "hz": 935.3737400823702
        },
        {
          "acoustic_entropy": 14.530409812927246,
          "acoustic_entropy_side": 14.8837308883667,
          "hz": 1080.2004963696966
        },
        {
          "acoustic_entropy": 14.092253684997559,
          "acoustic_entropy_side": 13.838937759399414,
          "hz": 1237.8529382007157
        },
        {
          "acoustic_entropy": 14.272990226745605,
          "acoustic_entropy_side": 14.470579147338867,
          "hz": 1409.4668930556702
        },
        {
          "acoustic_entropy": 14.199628829956055,
          "acoustic_entropy_side": 14.195171356201172,
          "hz": 1596.2787759475705
        },
        {
          "acoustic_entropy": 13.942590713500977,
          "acoustic_entropy_side": 13.841490745544434,
          "hz": 1799.6344973346393
        },
        {
          "acoustic_entropy": 14.055437088012695,
          "acoustic_entropy_side": 13.92809772491455,
          "hz": 2020.9991599069049
        },
        {
          "acoustic_entropy": 14.209511756896973,
          "acoustic_entropy_side": 14.396814346313477,
          "hz": 2261.9676141086993
        },
        {
          "acoustic_entropy": 14.42391300201416,
          "acoustic_entropy_side": 14.496322631835938,
          "hz": 2524.2759484456974
        },
        {
          "acoustic_entropy": 14.109832763671875,
          "acoustic_entropy_side": 14.438142776489258,
          "hz": 2809.813997359896
        },
        {
