{
  "acoustic_entropy": 228.48995971679688,
  "bands": [
    {
      "high_freq": 148.1999969482422,
      "loudness": -29.139060974121094,
      "loudness_range": 12.12399673461914,
      "mid_mean": -25.6380672454834,
      "mid_to_side_loudness": -15.27822208404541,
      "mid_to_side_loudness_range": 14.213506698608398,
      "side_mean": -41.57999801635742
    },
    {
      "high_freq": 392.3793640136719,
      "loudness": -25.56982421875,
      "loudness_range": 11.509183883666992,
      "low_freq": 148.1999969482422,
      "mid_mean": -23.095504760742188,
      "mid_to_side_loudness": -5.530567646026611,
      "mid_to_side_loudness_range": 9.145709037780762,
      "side_mean": -28.809614181518555
    },
    {
      "high_freq": 794.6976318359375,
      "loudness": -25.921993255615234,
      "loudness_range": 13.504941940307617,
      "low_freq": 392.3793640136719,
      "mid_mean": -23.808515548706055,
      "mid_to_side_loudness": -3.956533432006836,
      "mid_to_side_loudness_range": 6.910941123962402,
      "side_mean": -27.9057674407959
    },
    {
      "high_freq": 1457.5709228515625,
      "loudness": -27.54595375061035,
      "loudness_range": 15.228256225585938,
      "low_freq": 794.6976318359375,
      "mid_mean": -25.15513038635254,
      "mid_to_side_loudness": -4.578486919403076,
      "mid_to_side_loudness_range": 7.137594699859619,
      "side_mean": -30.108413696289062
    },
    {
      "high_freq": 2549.74365234375,
      "loudness": -27.98514747619629,
      "loudness_range": 15.554216384887695,
      "low_freq": 1457.5709228515625,
      "mid_mean": -25.289409637451172,
      "mid_to_side_loudness": -5.7475199699401855,
      "mid_to_side_loudness_range": 8.69978141784668,
      "side_mean": -31.70491600036621
    },
    {
      "high_freq": 4349.24462890625,
      "loudness": -29.343358993530273,
      "loudness_range": 15.195751190185547,
      "low_freq": 2549.74365234375,
      "mid_mean": -26.619977951049805,
      "mid_to_side_loudness": -6.35381555557251,
      "mid_to_side_loudness_range": 9.588235855102539,
      "side_mean": -33.262699127197266
    },
    {
      "high_freq": 7314.1640625,
      "loudness": -32.39425277709961,
      "loudness_range": 13.093969345092773,
      "low_freq": 4349.24462890625,
      "mid_mean": -29.8386287689209,
      "mid_to_side_loudness": -5.670663833618164,
      "mid_to_side_loudness_range": 7.608123302459717,
      "side_mean": -35.64651870727539
    },
    {
      "high_freq": 12199.2666015625,
      "loudness": -36.27342987060547,
      "loudness_range": 11.880876541137695,
      "low_freq": 7314.1640625,
      "mid_mean": -33.98271179199219,
      "mid_to_side_loudness": -4.352642059326172,
      "mid_to_side_loudness_range": 6.56701135635376,
      "side_mean": -38.50983428955078
    },
    {
      "loudness": -39.77688217163086,
      "loudness_range": 13.712881088256836,
      "low_freq": 12199.2666015625,
      "mid_mean": -38.17470932006836,
      "mid_to_side_loudness": -2.444063901901245,
      "mid_to_side_loudness_range": 5.052874565124512,
      "side_mean": -40.62351608276367
    }
  ],
  "bands_short": [
    {
      "high_freq": 148.1999969482422,
      "loudness": -33.13896560668945,
      "loudness_range": 22.792354583740234,
      "mid_mean": -29.912460327148438,
      "mid_to_side_loudness": -14.460118293762207,
      "mid_to_side_loudness_range": 20.82624053955078,
      "side_mean": -45.65707015991211
    },
    {
      "high_freq": 392.3793640136719,
      "loudness": -25.98737335205078,
      "loudness_range": 14.456062316894531,
      "low_freq": 148.1999969482422,
      "mid_mean": -23.6193790435791,
      "mid_to_side_loudness": -5.703631401062012,
      "mid_to_side_loudness_range": 12.596158027648926,
      "side_mean": -29.618263244628906
    },
    {
      "high_freq": 794.6976318359375,
      "loudness": -26.196863174438477,
      "loudness_range": 15.157373428344727,
      "low_freq": 392.3793640136719,
      "mid_mean": -24.244104385375977,
      "mid_to_side_loudness": -3.873400926589966,
      "mid_to_side_loudness_range": 10.248712539672852,
      "side_mean": -28.291841506958008
    },
    {
      "high_freq": 1457.5709228515625,
      "loudness": -27.78657341003418,
      "loudness_range": 16.87665557861328,
      "low_freq": 794.6976318359375,
      "mid_mean": -25.603376388549805,
      "mid_to_side_loudness": -4.323908805847168,
      "mid_to_side_loudness_range": 9.984307289123535,
      "side_mean": -30.335250854492188
    },
    {
      "high_freq": 2549.74365234375,
      "loudness": -28.758073806762695,
      "loudness_range": 18.1174373626709,
      "low_freq": 1457.5709228515625,
      "mid_mean": -26.271379470825195,
      "mid_to_side_loudness": -5.3743696212768555,
      "mid_to_side_loudness_range": 10.862181663513184,
      "side_mean": -32.258750915527344
    },
    {
      "high_freq": 4349.24462890625,
      "loudness": -30.05666160583496,
      "loudness_range": 18.024585723876953,
      "low_freq": 2549.74365234375,
      "mid_mean": -27.51552391052246,
      "mid_to_side_loudness": -5.990329265594482,
      "mid_to_side_loudness_range": 11.320160865783691,
      "side_mean": -33.844852447509766
    },
    {
      "high_freq": 7314.1640625,
      "loudness": -33.63763427734375,
      "loudness_range": 17.9270076751709,
      "low_freq": 4349.24462890625,
      "mid_mean": -31.0910587310791,
      "mid_to_side_loudness": -5.835093975067139,
      "mid_to_side_loudness_range": 10.050824165344238,
      "side_mean": -37.18804168701172
    },
    {
      "high_freq": 12199.2666015625,
      "loudness": -37.86842346191406,
      "loudness_range": 17.585620880126953,
      "low_freq": 7314.1640625,
      "mid_mean": -35.52370834350586,
      "mid_to_side_loudness": -5.044785022735596,
      "mid_to_side_loudness_range": 9.342568397521973,
      "side_mean": -40.840721130371094
    },
    {
      "loudness": -42.68848419189453,
      "loudness_range": 22.270998001098633,
      "low_freq": 12199.2666015625,
      "mid_mean": -40.96380615234375,
      "mid_to_side_loudness": -3.4629526138305664,
      "mid_to_side_loudness_range": 8.225666046142578,
      "side_mean": -44.22190475463867
    }
  ],
  "bandwidth": 774.5077514648438,
  "channels": 2,
  "covariance": [
    [
      27.896686553955078,
      16.76062774658203,
      11.865740776062012,
      10.809776306152344,
      8.605923652648926,
      9.174895286560059,
      7.376532077789307,
      7.9907660484313965,
      6.917929172515869,
      7.468577861785889,
      6.668891906738281,
      5.288346767425537,
      5.3240275382995605,
      5.125382423400879,
      4.771268844604492,
      4.950250148773193,
      4.735243320465088,
      3.5077736377716064
    ],
    [
      16.76062774658203,
      27.24222755432129,
      15.318612098693848,
      17.877225875854492,
      13.325714111328125,
      14.152525901794434,
      10.613948822021484,
      11.724305152893066,
      8.840755462646484,
      10.932638168334961,
      8.96577262878418,
      6.8219709396362305,
      5.372482776641846,
      3.374640941619873,
      4.356612205505371,
      3.022996425628662,
      3.295752763748169,
      1.9803467988967896
    ],
    [
      11.865740776062012,
      15.318612098693848,
      21.87738609313965,
      19.70167350769043,
      13.577202796936035,
      14.972099304199219,
      11.279654502868652,
      12.238536834716797,
      9.862706184387207,
      12.24817180633545,
      9.233474731445312,
      9.144737243652344,
      7.5496110916137695,
      6.7935991287231445,
      6.214727401733398,
      5.534165859222412,
      3.9873738288879395,
      2.3850858211517334
    ],
    [
      10.809776306152344,
      17.877225875854492,
      19.70167350769043,
      28.542015075683594,
      17.91034507751465,
      20.714765548706055,
      14.942586898803711,
      15.996724128723145,
      13.352486610412598,
      15.596413612365723,
      9.858179092407227,
      9.710229873657227,
      6.897895336151123,
      5.440491199493408,
      6.145780563354492,
      4.32064151763916,
      5.303549289703369,
      3.25129771232605
    ],
    [
      8.605923652648926,
      13.325714111328125,
      13.577202796936035,
      17.91034507751465,
      28.838115692138672,
      27.182846069335938,
      22.340805053710938,
      24.446727752685547,
      20.821369171142578,
      22.31133460998535,
      19.712194442749023,
      17.591106414794922,
      14.71945571899414,
      10.124943733215332,
      11.711834907531738,
      7.369306564331055,
      9.660252571105957,
      5.884794235229492
    ],
    [
      9.174895286560059,
      14.152525901794434,
      14.972099304199219,
      20.714765548706055,
      27.182846069335938,
      32.394683837890625,
      22.065183639526367,
      25.361778259277344,
      19.36089515686035,
      23.984617233276367,
      17.768075942993164,
      17.707759857177734,
      13.381689071655273,
      9.955432891845703,
      10.967228889465332,
      7.250564098358154,
      9.230655670166016,
      5.479954242706299
    ],
    [
      7.376532077789307,
      10.613948822021484,
      11.279654502868652,
      14.942586898803711,
      22.340805053710938,
      22.065183639526367,
      31.564767837524414,
      27.171051025390625,
      26.76743507385254,
      27.418441772460938,
      24.754182815551758,
      20.911367416381836,
      19.067899703979492,
      13.277986526489258,
      15.335461616516113,
      9.11230182647705,
      12.99734878540039,
      7.701007843017578
    ],
    [
      7.9907660484313965,
      11.724305152893066,
      12.238536834716797,
      15.996724128723145,
      24.446727752685547,
      25.361778259277344,
      27.171051025390625,
      32.75873565673828,
      24.32933235168457,
      28.771202087402344,
      23.071264266967773,
      22.80731773376465,
      19.81121826171875,
      15.117918014526367,
      15.93676471710205,
      11.184297561645508,
      12.998710632324219,
      7.829554557800293
    ],
    [
      6.917929172515869,
      8.840755462646484,
      9.862706184387207,
      13.352486610412598,
      20.821369171142578,
      19.36089515686035,
      26.76743507385254,
      24.32933235168457,
      34.63031768798828,
      28.505474090576172,
      26.2326717376709,
      19.92599868774414,
      19.124841690063477,
      12.563515663146973,
      16.176332473754883,
      8.738870620727539,
      12.89719295501709,
      6.391082286834717
    ],
    [
      7.468577861785889,
      10.932638168334961,
      12.24817180633545,
      15.596413612365723,
      22.31133460998535,
      23.984617233276367,
      27.418441772460938,
      28.771202087402344,
      28.505474090576172,
      35.68491744995117,
      25.205842971801758,
      23.530241012573242,
      20.33441162109375,
      15.28270149230957,
      16.7927188873291,
      10.518939018249512,
      13.975438117980957,
      7.3045735359191895
    ],
    [
      6.668891906738281,
      8.96577262878418,
      9.233474731445312,
      9.858179092407227,
      19.712194442749023,
      17.768075942993164,
      24.754182815551758,
      23.071264266967773,
      26.2326717376709,
      25.205842971801758,
      32.2183837890625,
      22.975841522216797,
      22.978872299194336,
      15.798154830932617,
      18.483135223388672,
      11.106551170349121,
      14.416035652160645,
      8.898233413696289
    ],
    [
      5.288346767425537,
      6.8219709396362305,
      9.144737243652344,
      9.710229873657227,
      17.591106414794922,
      17.707759857177734,
      20.911367416381836,
      22.80731773376465,
      19.92599868774414,
      23.530241012573242,
      22.975841522216797,
      25.148649215698242,
      21.953044891357422,
      19.359785079956055,
      17.483694076538086,
      14.266806602478027,
      14.623071670532227,
      10.319601058959961
    ],
    [
      5.3240275382995605,
      5.372482776641846,
      7.5496110916137695,
      6.897895336151123,
      14.71945571899414,
      13.381689071655273,
      19.067899703979492,
      19.81121826171875,
      19.124841690063477,
      20.33441162109375,
      22.978872299194336,
      21.953044891357422,
      25.417186737060547,
      19.78680419921875,
      20.110877990722656,
      15.872730255126953,
      16.822097778320312,
      12.26806926727295
    ],
    [
      5.125382423400879,
      3.374640941619873,
      6.7935991287231445,
      5.440491199493408,
      10.124943733215332,
      9.955432891845703,
      13.277986526489258,
      15.117918014526367,
      12.563515663146973,
      15.28270149230957,
      15.798154830932617,
      19.359785079956055,
      19.78680419921875,
      21.621261596679688,
      16.851173400878906,
      17.1218204498291,
      14.790661811828613,
      12.138360023498535
    ],
    [
      4.771268844604492,
      4.356612205505371,
      6.214727401733398,
      6.145780563354492,
      11.711834907531738,
      10.967228889465332,
      15.335461616516113,
      15.93676471710205,
      16.176332473754883,
      16.7927188873291,
      18.483135223388672,
      17.483694076538086,
      20.110877990722656,
      16.851173400878906,
      20.4775390625,
      15.618132591247559,
      18.345365524291992,
      13.84908390045166
    ],
    [
      4.950250148773193,
      3.022996425628662,
      5.534165859222412,
      4.32064151763916,
      7.369306564331055,
      7.250564098358154,
      9.11230182647705,
      11.184297561645508,
      8.738870620727539,
      10.518939018249512,
      11.106551170349121,
      14.266806602478027,
      15.872730255126953,
      17.1218204498291,
      15.618132591247559,
      17.690879821777344,
      15.57043743133545,
      14.463689804077148
    ],
    [
      4.735243320465088,
      3.295752763748169,
      3.9873738288879395,
      5.303549289703369,
      9.660252571105957,
      9.230655670166016,
      12.99734878540039,
      12.998710632324219,
      12.89719295501709,
      13.975438117980957,
      14.416035652160645,
      14.623071670532227,
      16.822097778320312,
      14.790661811828613,
      18.345365524291992,
      15.57043743133545,
      26.913803100585938,
      21.797178268432617
    ],
    [
      3.5077736377716064,
      1.9803467988967896,
      2.3850858211517334,
      3.25129771232605,
      5.884794235229492,
      5.479954242706299,
      7.701007843017578,
      7.829554557800293,
      6.391082286834717,
      7.3045735359191895,
      8.898233413696289,
      10.319601058959961,
      12.26806926727295,
      12.138360023498535,
      13.84908390045166,
      14.463689804077148,
      21.797178268432617,
      22.949647903442383
    ]
  ],
  "covariance_short": [
    [
      69.69120025634766,
      35.09183120727539,
      26.768478393554688,
      18.424318313598633,
      15.9813871383667,
      16.447586059570312,
      13.771308898925781,
      13.40821647644043,
      12.903766632080078,
      12.941399574279785,
      12.544723510742188,
      10.433536529541016,
      11.659448623657227,
      10.245899200439453,
      11.203720092773438,
      11.785972595214844,
      14.379977226257324,
      12.698698043823242
    ],
    [
      35.09183120727539,
      55.44223403930664,
      24.18344497680664,
      23.167226791381836,
      17.583221435546875,
      18.463712692260742,
      14.028059959411621,
      14.327099800109863,
      12.23634147644043,
      13.306706428527832,
      12.542228698730469,
      10.186039924621582,
      9.130096435546875,
      6.659696102142334,
      7.302101135253906,
      5.996486663818359,
      7.168148517608643,
      4.501002311706543
    ],
    [
      26.768478393554688,
      24.18344497680664,
      34.17583084106445,
      23.786298751831055,
      17.00527000427246,
      18.127126693725586,
      13.292882919311523,
      14.71902847290039,
      12.479989051818848,
      14.056214332580566,
      13.525550842285156,
      12.88742446899414,
      13.16465950012207,
      11.845220565795898,
      11.073139190673828,
      11.182165145874023,
      10.974411964416504,
      9.41179370880127
    ],
    [
      18.424318313598633,
      23.167226791381836,
      23.786298751831055,
      34.456085205078125,
      19.521011352539062,
      22.66658592224121,
      16.06356430053711,
      17.71913719177246,
      14.520864486694336,
      16.702939987182617,
      12.496328353881836,
      12.180251121520996,
      10.41640567779541,
      8.72030258178711,
      8.61916732788086,
      7.294162273406982,
      8.612991333007812,
      6.102450370788574
    ],
    [
      15.9813871383667,
      17.583221435546875,
      17.00527000427246,
      19.521011352539062,
      34.46237564086914,
      28.942541122436523,
      26.70979881286621,
      25.665616989135742,
      25.510631561279297,
      25.00259017944336,
      23.965356826782227,
      19.959014892578125,
      19.025949478149414,
      13.867384910583496,
      15.798910140991211,
      10.791193962097168,
      14.687302589416504,
      9.071953773498535
    ],
    [
      16.447586059570312,
      18.463712692260742,
      18.127126693725586,
      22.66658592224121,
      28.942541122436523,
      38.420555114746094,
      25.284849166870117,
      27.024751663208008,
      23.0665225982666,
      25.896099090576172,
      20.758281707763672,
      20.00778579711914,
      16.6612548828125,
      13.487038612365723,
      14.052050590515137,
      10.470417022705078,
      13.413819313049316,
      8.511775016784668
    ],
    [
      13.771308898925781,
      14.028059959411621,
      13.292882919311523,
      16.06356430053711,
      26.70979881286621,
      25.284849166870117,
      42.68361282348633,
      33.44979476928711,
      35.6171989440918,
      31.685991287231445,
      32.47031021118164,
      25.37472915649414,
      26.12501335144043,
      18.94588851928711,
      22.311128616333008,
      14.90558910369873,
      20.584165573120117,
      12.291350364685059
    ],
    [
      13.40821647644043,
      14.327099800109863,
      14.71902847290039,
      17.71913719177246,
      25.665616989135742,
      27.024751663208008,
      33.44979476928711,
      40.45372772216797,
      30.695505142211914,
      32.539329528808594,
      27.353843688964844,
      25.928882598876953,
      23.530092239379883,
      19.996925354003906,
      20.88707733154297,
      16.389236450195312,
      20.430522918701172,
      13.772727966308594
    ],
    [
      12.903766632080078,
      12.23634147644043,
      12.479989051818848,
      14.520864486694336,
      25.510631561279297,
      23.0665225982666,
      35.6171989440918,
      30.695505142211914,
      48.32917022705078,
      35.4222297668457,
      38.32392883300781,
      27.1671199798584,
      30.318408966064453,
      20.40196990966797,
      25.7757511138916,
      16.047243118286133,
      23.194486618041992,
      12.973937034606934
    ],
    [
      12.941399574279785,
      13.306706428527832,
      14.056214332580566,
      16.702939987182617,
      25.00259017944336,
      25.896099090576172,
      31.685991287231445,
      32.539329528808594,
      35.4222297668457,
      41.50821304321289,
      30.538206100463867,
      27.972553253173828,
      26.066322326660156,
      21.58202362060547,
      22.90188217163086,
      17.284461975097656,
      21.90592384338379,
      14.246159553527832
    ],
    [
      12.544723510742188,
      12.542228698730469,
      13.525550842285156,
      12.496328353881836,
      23.965356826782227,
      20.758281707763672,
      32.47031021118164,
      27.353843688964844,
      38.32392883300781,
      30.538206100463867,
      47.44559097290039,
      31.590713500976562,
      36.754886627197266,
      25.81623077392578,
      31.144380569458008,
      21.302082061767578,
      27.155250549316406,
      17.734798431396484
    ],
    [
      10.433536529541016,
      10.186039924621582,
      12.88742446899414,
      12.180251121520996,
      19.959014892578125,
      20.00778579711914,
      25.37472915649414,
      25.928882598876953,
      27.1671199798584,
      27.972553253173828,
      31.590713500976562,
      33.45124053955078,
      30.59706687927246,
      28.832164764404297,
      27.686243057250977,
      24.613948822021484,
      26.919816970825195,
      21.36402702331543
    ],
    [
      11.659448623657227,
      9.130096435546875,
      13.16465950012207,
      10.41640567779541,
      19.025949478149414,
      16.6612548828125,
      26.12501335144043,
      23.530092239379883,
      30.318408966064453,
      26.066322326660156,
      36.754886627197266,
      30.59706687927246,
      43.132469177246094,
      34.56956100463867,
      37.641300201416016,
      32.19416046142578,
      36.31645202636719,
      29.189666748046875
    ],
    [
      10.245899200439453,
      6.659696102142334,
      11.845220565795898,
      8.72030258178711,
      13.867384910583496,
      13.487038612365723,
      18.94588851928711,
      19.996925354003906,
      20.40196990966797,
      21.58202362060547,
      25.81623077392578,
      28.832164764404297,
      34.56956100463867,
      40.12095260620117,
      33.426639556884766,
      37.34467315673828,
      36.41714859008789,
      34.63739776611328
    ],
    [
      11.203720092773438,
      7.302101135253906,
      11.073139190673828,
      8.61916732788086,
      15.798910140991211,
      14.052050590515137,
      22.311128616333008,
      20.88707733154297,
      25.7757511138916,
      22.90188217163086,
      31.144380569458008,
      27.686243057250977,
      37.641300201416016,
      33.426639556884766,
      42.29046630859375,
      36.11738586425781,
      40.79438018798828,
      35.194881439208984
    ],
    [
      11.785972595214844,
      5.996486663818359,
      11.182165145874023,
      7.294162273406982,
      10.791193962097168,
      10.470417022705078,
      14.90558910369873,
      16.389236450195312,
      16.047243118286133,
      17.284461975097656,
      21.302082061767578,
      24.613948822021484,
      32.19416046142578,
      37.34467315673828,
      36.11738586425781,
      44.49505615234375,
      42.22529602050781,
      43.76655578613281
    ],
    [
      14.379977226257324,
      7.168148517608643,
      10.974411964416504,
      8.612991333007812,
      14.687302589416504,
      13.413819313049316,
      20.584165573120117,
      20.430522918701172,
      23.194486618041992,
      21.90592384338379,
      27.155250549316406,
      26.919816970825195,
      36.31645202636719,
      36.41714859008789,
      40.79438018798828,
      42.22529602050781,
      58.800498962402344,
      52.9218864440918
    ],
    [
      12.698698043823242,
      4.501002311706543,
      9.41179370880127,
      6.102450370788574,
      9.071953773498535,
      8.511775016784668,
      12.291350364685059,
      13.772727966308594,
      12.973937034606934,
      14.246159553527832,
      17.734798431396484,
      21.36402702331543,
      29.189666748046875,
      34.63739776611328,
      35.194881439208984,
      43.76655578613281,
      52.9218864440918,
      60.30518341064453
    ]
  ],
  "damage": -11.505938529968262,
  "diff_bandwidth": 786.0469360351562,
  "dissonance": 9.320805283517766,
  "drr": 7.148150444030762,
  "dynamics": 3.4013891220092773,
  "format": 1245190,
  "frames": 10637312,
  "loudness": -14.975438117980957,
  "loudness_range": 10.150131225585938,
  "loudness_range_short": 12.23806095123291,
  "lowpass_true_peak_15khz": -1.0276691913604736,
  "mastering3_acoustic_entropies": [
    {
      "acoustic_entropy": 4.283123970031738,
      "acoustic_entropy_mono": 4.829679489135742,
      "band_eliminated_acoustic_entropies": [
        {
          "acoustic_entropy": 4.23231840133667,
          "acoustic_entropy_side": 4.283156394958496,
          "hz": 129.47220167065723
        },
        {
          "acoustic_entropy": 4.212620258331299,
          "acoustic_entropy_side": 4.283583164215088,
          "hz": 202.92927478742237
        },
        {
          "acoustic_entropy": 4.48834753036499,
          "acoustic_entropy_side": 4.282144546508789,
          "hz": 282.89161906338205
        },
        {
          "acoustic_entropy": 4.466809272766113,
          "acoustic_entropy_side": 4.2503132820129395,
          "hz": 369.9353335868758
        },
        {
          "acoustic_entropy": 4.527584075927734,
          "acoustic_entropy_side": 4.418781280517578,
          "hz": 464.6875360973435
        },
        {
          "acoustic_entropy": 4.35109281539917,
          "acoustic_entropy_side": 4.063844680786133,
          "hz": 567.8308811364784
        },
        {
          "acoustic_entropy": 4.697651386260986,
          "acoustic_entropy_side": 4.317196369171143,
          "hz": 680.1084783214808
        },
        {
          "acoustic_entropy": 4.548393249511719,
          "acoustic_entropy_side": 4.646078586578369,
          "hz": 802.3292461747484
        },
        {
          "acoustic_entropy": 4.147410869598389,
          "acoustic_entropy_side": 4.445688247680664,
          "hz": 935.3737400823702
        },
        {
          "acoustic_entropy": 4.409125328063965,
          "acoustic_entropy_side": 4.306499004364014,
          "hz": 1080.2004963696966
        },
        {
          "acoustic_entropy": 4.264021396636963,
          "acoustic_entropy_side": 4.289612770080566,
          "hz": 1237.8529382007157
        },
        {
          "acoustic_entropy": 4.416731357574463,
          "acoustic_entropy_side": 4.5039801597595215,
          "hz": 1409.4668930556702
        },
        {
          "acoustic_entropy": 4.779621124267578,
          "acoustic_entropy_side": 4.515328407287598,
          "hz": 1596.2787759475705
        },
        {
          "acoustic_entropy": 4.139547824859619,
          "acoustic_entropy_side": 4.333327293395996,
          "hz": 1799.6344973346393
        },
        {
          "acoustic_entropy": 4.393520355224609,
          "acoustic_entropy_side": 4.286550521850586,
          "hz": 2020.9991599069049
        },
        {
          "acoustic_entropy": 4.461679935455322,
          "acoustic_entropy_side": 4.326209545135498,
          "hz": 2261.9676141086993
        },
        {
          "acoustic_entropy": 4.280829906463623,
          "acoustic_entropy_side": 4.233964443206787,
          "hz": 2524.2759484456974
        },
        {
          "acoustic_entropy": 4.4529314041137695,
          "acoustic_entropy_side": 4.286596775054932,
          "hz": 2809.813997359896
        },
        {
          "acoustic_entropy": 4.529496669769287,
          "acoustic_entropy_side": 4.289032459259033,
          "hz": 3120.6389567871424
        },
        {
          "acoustic_entropy": 4.224283695220947,
          "acoustic_entropy_side": 4.245913028717041,
          "hz": 3458.990205492291
        },
        {
          "acoustic_entropy": 4.327484130859375,
          "acoustic_entropy_side": 4.260738372802734,
          "hz": 3827.305438964164
        },
        {
          "acoustic_entropy": 4.07844877243042,
          "acoustic_entropy_side": 4.26710319519043,
          "hz": 4228.238232109126
        },
        {
          "acoustic_entropy": 4.31508207321167,
          "acoustic_entropy_side": 4.265557289123535,
          "hz": 4664.6771572759235
        },
        {
          "acoustic_entropy": 4.343784332275391,
          "acoustic_entropy_side": 4.286042213439941,
          "hz": 5139.766595350093
        },
        {
          "acoustic_entropy": 4.323951721191406,
          "acoustic_entropy_side": 4.308574676513672,
          "hz": 5656.929389854203
        },
        {
          "acoustic_entropy": 4.320263385772705,
          "acoustic_entropy_side": 4.303709030151367,
          "hz": 6219.891507268283
        },
        {
          "acoustic_entropy": 4.302448272705078,
          "acoustic_entropy_side": 4.2913498878479,
          "hz": 6832.70888123896
        },
        {
          "acoustic_entropy": 4.223714351654053,
          "acoustic_entropy_side": 4.2772698402404785,
          "hz": 7499.796634079867
        },
        {
          "acoustic_entropy": 4.241304397583008,
          "acoustic_entropy_side": 4.278416156768799,
          "hz": 8225.96088609342
        },
        {
          "acoustic_entropy": 4.253004550933838,
          "acoustic_entropy_side": 4.273953914642334,
          "hz": 9016.43338188839
        },
        {
          "acoustic_entropy": 4.2575764656066895,
          "acoustic_entropy_side": 4.273392200469971,
          "hz": 9876.909183162974
        },
        {
          "acoustic_entropy": 4.266190052032471,
          "acoustic_entropy_side": 4.286458969116211,
          "hz": 10813.587699516042
        },
        {
          "acoustic_entropy": 4.28519868850708,
          "acoustic_entropy_side": 4.283266544342041,
          "hz": 11833.21735289826
        },
        {
          "acoustic_entropy": 4.299932956695557,
          "acoustic_entropy_side": 4.278825283050537,
          "hz": 12943.144197493959
        },
        {
          "acoustic_entropy": 4.337071418762207,
          "acoustic_entropy_side": 4.286398410797119,
          "hz": 14151.364845322005
        },
        {
          "acoustic_entropy": 4.404996871948242,
          "acoustic_entropy_side": 4.31599235534668,
          "hz": 15466.58407886509
        },
        {
          "acoustic_entropy": 4.361584186553955,
          "acoustic_entropy_side": 4.456599235534668,
          "hz": 16898.27756580493
        },
        {
          "acoustic_entropy": 4.300590991973877,
          "acoustic_entropy_side": 4.440946578979492,
          "hz": 18456.760127700032
        },
        {
          "acoustic_entropy": 4.449871063232422,
          "acoustic_entropy_side": 4.361330986022949,
          "hz": 20153.260054456492
        },
        {
          "acoustic_entropy": 4.2937445640563965,
          "acoustic_entropy_side": 4.28598165512085,
          "hz": 22000.00000000001
        }
      ],
      "diff_acoustic_entropy": 3.31638240814209,
      "sn": 6
    },
    {
      "acoustic_entropy": 9.389250755310059,
      "acoustic_entropy_mono": 8.949685096740723,
      "band_eliminated_acoustic_entropies": [
        {
          "acoustic_entropy": 9.622261047363281,
          "acoustic_entropy_side": 9.3885498046875,
          "hz": 129.47220167065723
        },
        {
          "acoustic_entropy": 9.761146545410156,
          "acoustic_entropy_side": 9.388179779052734,
          "hz": 202.92927478742237
        },
        {
          "acoustic_entropy": 9.32495403289795,
          "acoustic_entropy_side": 9.408820152282715,
          "hz": 282.89161906338205
        },
        {
          "acoustic_entropy": 9.37598705291748,
          "acoustic_entropy_side": 9.301267623901367,
          "hz": 369.9353335868758
        },
        {
          "acoustic_entropy": 10.28664493560791,
          "acoustic_entropy_side": 9.667511940002441,
          "hz": 464.6875360973435
        },
        {
          "acoustic_entropy": 9.439011573791504,
          "acoustic_entropy_side": 9.435792922973633,
          "hz": 567.8308811364784
        },
        {
          "acoustic_entropy": 8.960301399230957,
          "acoustic_entropy_side": 9.772350311279297,
          "hz": 680.1084783214808
        },
        {
          "acoustic_entropy": 8.892812728881836,
          "acoustic_entropy_side": 9.473121643066406,
          "hz": 802.3292461747484
        },
        {
          "acoustic_entropy": 8.684319496154785,
          "acoustic_entropy_side": 9.543170928955078,
          "hz": 935.3737400823702
        },
        {
          "acoustic_entropy": 9.131317138671875,
          "acoustic_entropy_side": 8.706155776977539,
          "hz": 1080.2004963696966
        },
        {
          "acoustic_entropy": 8.564103126525879,
          "acoustic_entropy_side": 9.51196575164795,
          "hz": 1237.8529382007157
        },
        {
          "acoustic_entropy": 9.18554973602295,
          "acoustic_entropy_side": 9.403059005737305,
          "hz": 1409.4668930556702
        },
        {
          "acoustic_entropy": 9.075828552246094,
          "acoustic_entropy_side": 9.312093734741211,
          "hz": 1596.2787759475705
        },
        {
          "acoustic_entropy": 9.248503684997559,
          "acoustic_entropy_side": 9.221053123474121,
          "hz": 1799.6344973346393
        },
        {
          "acoustic_entropy": 9.476034164428711,
          "acoustic_entropy_side": 9.35047435760498,
          "hz": 2020.9991599069049
        },
        {
          "acoustic_entropy": 9.469030380249023,
          "acoustic_entropy_side": 9.39361572265625,
          "hz": 2261.9676141086993
        },
        {
          "acoustic_entropy": 9.350329399108887,
          "acoustic_entropy_side": 9.146024703979492,
          "hz": 2524.2759484456974
        },
        {
          "acoustic_entropy": 9.665261268615723,
          "acoustic_entropy_side": 9.506555557250977,
          "hz": 2809.813997359896
        },
        {
          "acoustic_entropy": 8.75780200958252,
          "acoustic_entropy_side": 9.18122386932373,
          "hz": 3120.6389567871424
        },
        {
          "acoustic_entropy": 9.395914077758789,
          "acoustic_entropy_side": 9.277971267700195,
          "hz": 3458.990205492291
        },
        {
          "acoustic_entropy": 9.422076225280762,
          "acoustic_entropy_side": 9.258285522460938,
          "hz": 3827.305438964164
        },
        {
          "acoustic_entropy": 10.14694595336914,
          "acoustic_entropy_side": 9.335108757019043,
          "hz": 4228.238232109126
        },
        {
          "acoustic_entropy": 10.05783748626709,
          "acoustic_entropy_side": 9.475249290466309,
          "hz": 4664.6771572759235
        },
        {
          "acoustic_entropy": 9.484397888183594,
          "acoustic_entropy_side": 9.19552230834961,
          "hz": 5139.766595350093
        },
        {
          "acoustic_entropy": 9.405013084411621,
          "acoustic_entropy_side": 9.304244041442871,
          "hz": 5656.929389854203
        },
        {
          "acoustic_entropy": 9.426721572875977,
          "acoustic_entropy_side": 9.322298049926758,
          "hz": 6219.891507268283
        },
        {
          "acoustic_entropy": 9.385558128356934,
          "acoustic_entropy_side": 9.305411338806152,
          "hz": 6832.70888123896
        },
        {
          "acoustic_entropy": 9.29761791229248,
          "acoustic_entropy_side": 9.235451698303223,
          "hz": 7499.796634079867
        },
        {
          "acoustic_entropy": 9.374873161315918,
          "acoustic_entropy_side": 9.26602554321289,
          "hz": 8225.96088609342
        },
        {
          "acoustic_entropy": 9.35146713256836,
          "acoustic_entropy_side": 9.299911499023438,
          "hz": 9016.43338188839
        },
        {
          "acoustic_entropy": 9.303306579589844,
          "acoustic_entropy_side": 9.298968315124512,
          "hz": 9876.909183162974
        },
        {
          "acoustic_entropy": 9.382294654846191,
          "acoustic_entropy_side": 9.321333885192871,
          "hz": 10813.587699516042
        },
        {
          "acoustic_entropy": 9.374799728393555,
          "acoustic_entropy_side": 9.335410118103027,
          "hz": 11833.21735289826
        },
        {
          "acoustic_entropy": 9.347933769226074,
          "acoustic_entropy_side": 9.363405227661133,
          "hz": 12943.144197493959
        },
        {
          "acoustic_entropy": 9.369491577148438,
          "acoustic_entropy_side": 9.364707946777344,
          "hz": 14151.364845322005
        },
        {
          "acoustic_entropy": 9.330313682556152,
          "acoustic_entropy_side": 9.292746543884277,
          "hz": 15466.58407886509
        },
        {
          "acoustic_entropy": 9.773191452026367,
          "acoustic_entropy_side": 9.529427528381348,
          "hz": 16898.27756580493
        },
        {
          "acoustic_entropy": 9.407133102416992,
          "acoustic_entropy_side": 9.546269416809082,
          "hz": 18456.760127700032
        },
        {
          "acoustic_entropy": 9.646369934082031,
          "acoustic_entropy_side": 9.440802574157715,
          "hz": 20153.260054456492
        },
        {
          "acoustic_entropy": 9.320900917053223,
          "acoustic_entropy_side": 9.362288475036621,
          "hz": 22000.00000000001
        }
      ],
      "diff_acoustic_entropy": 9.058631896972656,
      "sn": 12
    },
    {
      "acoustic_entropy": 15.490943908691406,
      "acoustic_entropy_mono": 14.412006378173828,
      "band_eliminated_acoustic_entropies": [
        {
          "acoustic_entropy": 15.685162544250488,
          "acoustic_entropy_side": 15.470179557800293,
          "hz": 129.47220167065723
        },
        {
          "acoustic_entropy": 15.97244644165039,
          "acoustic_entropy_side": 15.435689926147461,
          "hz": 202.92927478742237
        },
        {
          "acoustic_entropy": 15.361299514770508,
          "acoustic_entropy_side": 15.616144180297852,
          "hz": 282.89161906338205
        },
        {
          "acoustic_entropy": 15.992016792297363,
          "acoustic_entropy_side": 15.349628448486328,
          "hz": 369.9353335868758
        },
        {
          "acoustic_entropy": 15.73277473449707,
          "acoustic_entropy_side": 15.53465747833252,
          "hz": 464.6875360973435
        },
        {
          "acoustic_entropy": 15.298942565917969,
          "acoustic_entropy_side": 16.010414123535156,
          "hz": 567.8308811364784
        },
        {
          "acoustic_entropy": 14.48951244354248,
          "acoustic_entropy_side": 14.970675468444824,
          "hz": 680.1084783214808
        },
        {
          "acoustic_entropy": 15.160374641418457,
          "acoustic_entropy_side": 15.033675193786621,
          "hz": 802.3292461747484
        },
        {
          "acoustic_entropy": 14.872995376586914,
          "acoustic_entropy_side": 14.990344047546387,
          "hz": 935.3737400823702
        },
        {
          "acoustic_entropy": 15.18431568145752,
          "acoustic_entropy_side": 14.958779335021973,
          "hz": 1080.2004963696966
        },
        {
          "acoustic_entropy": 15.645013809204102,
          "acoustic_entropy_side": 14.91165828704834,
          "hz": 1237.8529382007157
        },
        {
          "acoustic_entropy": 15.248943328857422,
          "acoustic_entropy_side": 15.337353706359863,
          "hz": 1409.4668930556702
        },
        {
          "acoustic_entropy": 14.258803367614746,
          "acoustic_entropy_side": 15.262438774108887,
          "hz": 1596.2787759475705
        },
        {
          "acoustic_entropy": 15.174842834472656,
          "acoustic_entropy_side": 15.64193344116211,
          "hz": 1799.6344973346393
        },
        {
          "acoustic_entropy": 15.38343620300293,
          "acoustic_entropy_side": 15.624845504760742,
          "hz": 2020.9991599069049
        },
        {
          "acoustic_entropy": 15.86564826965332,
          "acoustic_entropy_side": 15.80042839050293,
          "hz": 2261.9676141086993
        },
        {
          "acoustic_entropy": 15.093724250793457,
          "acoustic_entropy_side": 15.589207649230957,
          "hz": 2524.2759484456974
        },
        {
          "acoustic_entropy": 15.452502250671387,
          "acoustic_entropy_side": 15.625801086425781,
          "hz": 2809.813997359896
        },
        {
          "acoustic_entropy": 15.670859336853027,
          "acoustic_entropy_side": 15.438140869140625,
          "hz": 3120.6389567871424
