{
  "acoustic_entropy": 224.7206268310547,
  "bands": [
    {
      "high_freq": 148.1999969482422,
      "loudness": -46.10966491699219,
      "loudness_range": 34.63428497314453,
      "mid_mean": -45.599456787109375,
      "mid_to_side_loudness": -4.351467132568359,
      "mid_to_side_loudness_range": 10.603458404541016,
      "side_mean": -50.12385940551758
    },
    {
      "high_freq": 392.3793640136719,
      "loudness": -35.82710266113281,
      "loudness_range": 20.584243774414062,
      "low_freq": 148.1999969482422,
      "mid_mean": -34.739566802978516,
      "mid_to_side_loudness": -2.6611440181732178,
      "mid_to_side_loudness_range": 9.370073318481445,
      "side_mean": -37.10052490234375
    },
    {
      "high_freq": 794.6976318359375,
      "loudness": -33.20787048339844,
      "loudness_range": 19.09840965270996,
      "low_freq": 392.3793640136719,
      "mid_mean": -31.70991325378418,
      "mid_to_side_loudness": -2.282327890396118,
      "mid_to_side_loudness_range": 8.37911319732666,
      "side_mean": -34.14426040649414
    },
    {
      "high_freq": 1457.5709228515625,
      "loudness": -34.550540924072266,
      "loudness_range": 22.162416458129883,
      "low_freq": 794.6976318359375,
      "mid_mean": -32.701297760009766,
      "mid_to_side_loudness": -3.479292869567871,
      "mid_to_side_loudness_range": 6.871597766876221,
      "side_mean": -36.19797134399414
    },
    {
      "high_freq": 2549.74365234375,
      "loudness": -36.58244323730469,
      "loudness_range": 24.912052154541016,
      "low_freq": 1457.5709228515625,
      "mid_mean": -34.642433166503906,
      "mid_to_side_loudness": -3.3489904403686523,
      "mid_to_side_loudness_range": 5.638615131378174,
      "side_mean": -38.170143127441406
    },
    {
      "high_freq": 4349.24462890625,
      "loudness": -39.41259765625,
      "loudness_range": 27.654569625854492,
      "low_freq": 2549.74365234375,
      "mid_mean": -37.54197692871094,
      "mid_to_side_loudness": -3.4917962551116943,
      "mid_to_side_loudness_range": 5.730560302734375,
      "side_mean": -41.5489616394043
    },
    {
      "high_freq": 7314.1640625,
      "loudness": -49.129791259765625,
      "loudness_range": 29.607582092285156,
      "low_freq": 4349.24462890625,
      "mid_mean": -48.46421432495117,
      "mid_to_side_loudness": -4.217942237854004,
      "mid_to_side_loudness_range": 4.927743911743164,
      "side_mean": -52.82147979736328
    },
    {
      "high_freq": 12199.2666015625,
      "loudness": -59.858829498291016,
      "loudness_range": 27.88512420654297,
      "low_freq": 7314.1640625,
      "mid_mean": -57.48471450805664,
      "mid_to_side_loudness": -5.09628438949585,
      "mid_to_side_loudness_range": 5.706724166870117,
      "side_mean": -61.3350715637207
    },
    {
      "loudness": -67.93053436279297,
      "loudness_range": 22.33454132080078,
      "low_freq": 12199.2666015625,
      "mid_mean": -63.288570404052734,
      "mid_to_side_loudness": -4.971223831176758,
      "mid_to_side_loudness_range": 7.007966041564941,
      "side_mean": -66.5849838256836
    }
  ],
  "bands_short": [
    {
      "high_freq": 148.1999969482422,
      "loudness": -52.09785079956055,
      "loudness_range": 35.63861846923828,
      "mid_mean": -50.75667953491211,
      "mid_to_side_loudness": -4.747848987579346,
      "mid_to_side_loudness_range": 16.80780792236328,
      "side_mean": -54.61356735229492
    },
    {
      "high_freq": 392.3793640136719,
      "loudness": -35.73875045776367,
      "loudness_range": 21.37522315979004,
      "low_freq": 148.1999969482422,
      "mid_mean": -34.82084274291992,
      "mid_to_side_loudness": -2.874741554260254,
      "mid_to_side_loudness_range": 11.821288108825684,
      "side_mean": -37.29481887817383
    },
    {
      "high_freq": 794.6976318359375,
      "loudness": -33.49037170410156,
      "loudness_range": 19.5465087890625,
      "low_freq": 392.3793640136719,
      "mid_mean": -32.29384994506836,
      "mid_to_side_loudness": -2.056914806365967,
      "mid_to_side_loudness_range": 12.017414093017578,
      "side_mean": -34.52540969848633
    },
    {
      "high_freq": 1457.5709228515625,
      "loudness": -34.588775634765625,
      "loudness_range": 22.432903289794922,
      "low_freq": 794.6976318359375,
      "mid_mean": -32.86179733276367,
      "mid_to_side_loudness": -3.4731831550598145,
      "mid_to_side_loudness_range": 10.987313270568848,
      "side_mean": -36.44477081298828
    },
    {
      "high_freq": 2549.74365234375,
      "loudness": -36.5517463684082,
      "loudness_range": 25.18862533569336,
      "low_freq": 1457.5709228515625,
      "mid_mean": -34.7658576965332,
      "mid_to_side_loudness": -3.2186107635498047,
      "mid_to_side_loudness_range": 9.167219161987305,
      "side_mean": -38.30560302734375
    },
    {
      "high_freq": 4349.24462890625,
      "loudness": -39.56071472167969,
      "loudness_range": 28.573244094848633,
      "low_freq": 2549.74365234375,
      "mid_mean": -37.86906814575195,
      "mid_to_side_loudness": -3.377312183380127,
      "mid_to_side_loudness_range": 8.218650817871094,
      "side_mean": -41.829376220703125
    },
    {
      "high_freq": 7314.1640625,
      "loudness": -48.919639587402344,
      "loudness_range": 29.888519287109375,
      "low_freq": 4349.24462890625,
      "mid_mean": -48.663414001464844,
      "mid_to_side_loudness": -4.1412882804870605,
      "mid_to_side_loudness_range": 6.442823886871338,
      "side_mean": -52.90935516357422
    },
    {
      "high_freq": 12199.2666015625,
      "loudness": -60.04996871948242,
      "loudness_range": 28.255992889404297,
      "low_freq": 7314.1640625,
      "mid_mean": -57.853485107421875,
      "mid_to_side_loudness": -4.891388416290283,
      "mid_to_side_loudness_range": 6.219968795776367,
      "side_mean": -61.5084342956543
    },
    {
      "loudness": -68.45751953125,
      "loudness_range": 20.866596221923828,
      "low_freq": 12199.2666015625,
      "mid_mean": -63.765541076660156,
      "mid_to_side_loudness": -4.5290303230285645,
      "mid_to_side_loudness_range": 6.503694534301758,
      "side_mean": -66.65454864501953
    }
  ],
  "bandwidth": 815.7908935546875,
  "channels": 2,
  "covariance": [
    [
      135.08592224121094,
      127.86695098876953,
      43.91935348510742,
      40.005836486816406,
      28.953170776367188,
      32.91087341308594,
      26.881790161132812,
      28.66718864440918,
      32.16390609741211,
      34.498233795166016,
      50.22895050048828,
      54.76352310180664,
      55.052391052246094,
      58.068458557128906,
      43.01254653930664,
      38.629371643066406,
      24.378965377807617,
      15.194201469421387
    ],
    [
      127.86695098876953,
      140.59017944335938,
      41.929664611816406,
      39.99465560913086,
      29.439851760864258,
      33.96626281738281,
      28.056726455688477,
      30.055770874023438,
      34.143959045410156,
      36.83722686767578,
      53.92338180541992,
      58.63254928588867,
      58.20808410644531,
      68.6711196899414,
      50.7506217956543,
      44.04231643676758,
      27.964599609375,
      16.62150764465332
    ],
    [
      43.91935348510742,
      41.929664611816406,
      64.77640533447266,
      53.40259552001953,
      28.124404907226562,
      29.624452590942383,
      24.576223373413086,
      25.540565490722656,
      27.912471771240234,
      27.543155670166016,
      27.774797439575195,
      30.011978149414062,
      31.92884635925293,
      30.933753967285156,
      24.259370803833008,
      19.549833297729492,
      11.903382301330566,
      6.991744041442871
    ],
    [
      40.005836486816406,
      39.99465560913086,
      53.40259552001953,
      58.289512634277344,
      26.856904983520508,
      27.79171371459961,
      24.093154907226562,
      24.80269432067871,
      26.74150276184082,
      26.533340454101562,
      27.493017196655273,
      30.104825973510742,
      30.188175201416016,
      29.625730514526367,
      22.17945671081543,
      17.728578567504883,
      9.625814437866211,
      5.7858967781066895
    ],
    [
      28.953170776367188,
      29.439851760864258,
      28.124404907226562,
      26.856904983520508,
      44.33799743652344,
      38.64051055908203,
      23.178943634033203,
      21.545801162719727,
      31.781574249267578,
      30.464927673339844,
      30.671142578125,
      29.012624740600586,
      33.89508056640625,
      31.775724411010742,
      23.19346809387207,
      18.093841552734375,
      10.048709869384766,
      5.681081771850586
    ],
    [
      32.91087341308594,
      33.96626281738281,
      29.624452590942383,
      27.79171371459961,
      38.64051055908203,
      44.5262336730957,
      19.49038314819336,
      19.140405654907227,
      29.1666259765625,
      30.088958740234375,
      32.855995178222656,
      31.882518768310547,
      34.98758316040039,
      33.623207092285156,
      23.933950424194336,
      19.26737403869629,
      10.721720695495605,
      6.1282148361206055
    ],
    [
      26.881790161132812,
      28.056726455688477,
      24.576223373413086,
      24.093154907226562,
      23.178943634033203,
      19.49038314819336,
      64.13565826416016,
      56.070281982421875,
      56.239601135253906,
      53.093318939208984,
      52.50124740600586,
      54.52579879760742,
      59.83930587768555,
      54.55989074707031,
      46.75762939453125,
      33.65565490722656,
      29.887393951416016,
      14.240045547485352
    ],
    [
      28.66718864440918,
      30.055770874023438,
      25.540565490722656,
      24.80269432067871,
      21.545801162719727,
      19.140405654907227,
      56.070281982421875,
      55.98002624511719,
      51.79759216308594,
      50.38866424560547,
      51.409996032714844,
      53.743473052978516,
      56.23074722290039,
      52.37774658203125,
      44.11225509643555,
      32.48285675048828,
      27.92507553100586,
      13.52403736114502
    ],
    [
      32.16390609741211,
      34.143959045410156,
      27.912471771240234,
      26.74150276184082,
      31.781574249267578,
      29.1666259765625,
      56.239601135253906,
      51.79759216308594,
      78.94577026367188,
      72.66385650634766,
      71.59327697753906,
      69.88363647460938,
      79.4123764038086,
      74.2454605102539,
      60.015228271484375,
      45.229557037353516,
      36.357276916503906,
      17.952362060546875
    ],
    [
      34.498233795166016,
      36.83722686767578,
      27.543155670166016,
      26.533340454101562,
      30.464927673339844,
      30.088958740234375,
      53.093318939208984,
      50.38866424560547,
      72.66385650634766,
      74.67562103271484,
      72.12415313720703,
      71.5528335571289,
      79.757080078125,
      75.6324234008789,
      59.596492767333984,
      45.720088958740234,
      35.76340103149414,
      17.873579025268555
    ],
    [
      50.22895050048828,
      53.92338180541992,
      27.774797439575195,
      27.493017196655273,
      30.671142578125,
      32.855995178222656,
      52.50124740600586,
      51.409996032714844,
      71.59327697753906,
      72.12415313720703,
      108.75426483154297,
      104.07071685791016,
      102.41415405273438,
      99.6468734741211,
      78.16845703125,
      63.34451675415039,
      47.7265510559082,
      24.633447647094727
    ],
    [
      54.76352310180664,
      58.63254928588867,
      30.011978149414062,
      30.104825973510742,
      29.012624740600586,
      31.882518768310547,
      54.52579879760742,
      53.743473052978516,
      69.88363647460938,
      71.5528335571289,
      104.07071685791016,
      112.92137145996094,
      103.05207061767578,
      101.05695343017578,
      77.41749572753906,
      62.936744689941406,
      47.1783447265625,
      24.336076736450195
    ],
    [
      55.052391052246094,
      58.20808410644531,
      31.92884635925293,
      30.188175201416016,
      33.89508056640625,
      34.98758316040039,
      59.83930587768555,
      56.23074722290039,
      79.4123764038086,
      79.757080078125,
      102.41415405273438,
      103.05207061767578,
      124.42108917236328,
      116.49067687988281,
      91.6172103881836,
      73.52912902832031,
      54.50435256958008,
      27.906232833862305
    ],
    [
      58.068458557128906,
      68.6711196899414,
      30.933753967285156,
      29.625730514526367,
      31.775724411010742,
      33.623207092285156,
      54.55989074707031,
      52.37774658203125,
      74.2454605102539,
      75.6324234008789,
      99.6468734741211,
      101.05695343017578,
      116.49067687988281,
      117.64749145507812,
      90.24195098876953,
      72.80781555175781,
      53.306190490722656,
      27.633249282836914
    ],
    [
      43.01254653930664,
      50.7506217956543,
      24.259370803833008,
      22.17945671081543,
      23.19346809387207,
      23.933950424194336,
      46.75762939453125,
      44.11225509643555,
      60.015228271484375,
      59.596492767333984,
      78.16845703125,
      77.41749572753906,
      91.6172103881836,
      90.24195098876953,
      77.85122680664062,
      61.48460388183594,
      48.37794494628906,
      24.534257888793945
    ],
    [
      38.629371643066406,
      44.04231643676758,
      19.549833297729492,
      17.728578567504883,
      18.093841552734375,
      19.26737403869629,
      33.65565490722656,
      32.48285675048828,
      45.229557037353516,
      45.720088958740234,
      63.34451675415039,
      62.936744689941406,
      73.52912902832031,
      72.80781555175781,
      61.48460388183594,
      50.75285720825195,
      38.099464416503906,
      20.08066177368164
    ],
    [
      24.378965377807617,
      27.964599609375,
      11.903382301330566,
      9.625814437866211,
      10.048709869384766,
      10.721720695495605,
      29.887393951416016,
      27.92507553100586,
      36.357276916503906,
      35.76340103149414,
      47.7265510559082,
      47.1783447265625,
      54.50435256958008,
      53.306190490722656,
      48.37794494628906,
      38.099464416503906,
      39.545101165771484,
      18.61846351623535
    ],
    [
      15.194201469421387,
      16.62150764465332,
      6.991744041442871,
      5.7858967781066895,
      5.681081771850586,
      6.1282148361206055,
      14.240045547485352,
      13.52403736114502,
      17.952362060546875,
      17.873579025268555,
      24.633447647094727,
      24.336076736450195,
      27.906232833862305,
      27.633249282836914,
      24.534257888793945,
      20.08066177368164,
      18.61846351623535,
      9.604469299316406
    ]
  ],
  "covariance_short": [
    [
      147.1256866455078,
      132.63284301757812,
      47.78488540649414,
      39.04084014892578,
      26.84610939025879,
      28.308984756469727,
      24.18630599975586,
      27.127342224121094,
      32.6361083984375,
      34.51675033569336,
      48.06926345825195,
      52.128021240234375,
      55.061954498291016,
      63.64875030517578,
      48.521934509277344,
      41.34038543701172,
      25.919750213623047,
      16.152509689331055
    ],
    [
      132.63284301757812,
      142.1588134765625,
      45.41973114013672,
      39.90305709838867,
      27.972747802734375,
      29.916711807250977,
      27.893932342529297,
      30.205480575561523,
      37.17055130004883,
      39.17900848388672,
      55.912353515625,
      59.60655975341797,
      61.29107666015625,
      67.67710876464844,
      52.43739318847656,
      44.367401123046875,
      27.498659133911133,
      16.544677734375
    ],
    [
      47.78488540649414,
      45.41973114013672,
      70.10111236572266,
      52.96271896362305,
      30.327545166015625,
      30.70636558532715,
      25.69197654724121,
      26.852418899536133,
      30.414596557617188,
      30.138261795043945,
      29.294687271118164,
      31.34389305114746,
      34.45819091796875,
      33.04302978515625,
      26.291807174682617,
      21.040861129760742,
      13.485690116882324,
      7.905255317687988
    ],
    [
      39.04084014892578,
      39.90305709838867,
      52.96271896362305,
      62.279319763183594,
      27.277137756347656,
      28.061477661132812,
      23.777408599853516,
      24.4638671875,
      27.26146697998047,
      27.243928909301758,
      26.725927352905273,
      29.640335083007812,
      31.276714324951172,
      30.27077293395996,
      22.93137550354004,
      18.093477249145508,
      10.7744140625,
      6.261070728302002
    ],
    [
      26.84610939025879,
      27.972747802734375,
      30.327545166015625,
      27.277137756347656,
      49.62675476074219,
      37.398284912109375,
      21.917499542236328,
      20.252918243408203,
      30.403860092163086,
      29.1968936920166,
      30.420799255371094,
      28.94937515258789,
      34.35147476196289,
      31.863643646240234,
      23.73038673400879,
      18.244680404663086,
      9.609487533569336,
      5.55513858795166
    ],
    [
      28.308984756469727,
      29.916711807250977,
      30.70636558532715,
      28.061477661132812,
      37.398284912109375,
      47.377540588378906,
      18.74142074584961,
      18.504697799682617,
      27.937986373901367,
      28.640357971191406,
      32.10673141479492,
      31.580183029174805,
      34.2196044921875,
      32.87723922729492,
      23.769094467163086,
      18.932302474975586,
      9.988497734069824,
      5.902581691741943
    ],
    [
      24.18630599975586,
      27.893932342529297,
      25.69197654724121,
      23.777408599853516,
      21.917499542236328,
      18.74142074584961,
      65.9168701171875,
      53.46052169799805,
      55.529972076416016,
      52.310760498046875,
      51.70729064941406,
      53.91975784301758,
      58.78707504272461,
      53.71906280517578,
      45.97211456298828,
      33.512149810791016,
      27.333450317382812,
      13.793909072875977
    ],
    [
      27.127342224121094,
      30.205480575561523,
      26.852418899536133,
      24.4638671875,
      20.252918243408203,
      18.504697799682617,
      53.46052169799805,
      58.45893859863281,
      50.930171966552734,
      50.01408767700195,
      50.664127349853516,
      53.95592498779297,
      56.378578186035156,
      52.652435302734375,
      43.968631744384766,
      32.817596435546875,
      25.747665405273438,
      13.26177978515625
    ],
    [
      32.6361083984375,
      37.17055130004883,
      30.414596557617188,
      27.26146697998047,
      30.403860092163086,
      27.937986373901367,
      55.529972076416016,
      50.930171966552734,
      82.51036071777344,
      72.12646484375,
      74.41441345214844,
      72.48006439208984,
      81.17064666748047,
      75.94078826904297,
      61.57959747314453,
      46.903499603271484,
      34.744022369384766,
      18.26386833190918
    ],
    [
      34.51675033569336,
      39.17900848388672,
      30.138261795043945,
      27.243928909301758,
      29.1968936920166,
      28.640357971191406,
      52.310760498046875,
      50.01408767700195,
      72.12646484375,
      77.735595703125,
      74.22853088378906,
      73.878662109375,
      81.46438598632812,
      77.37239837646484,
      61.0656623840332,
      47.26026916503906,
      33.89649963378906,
      18.076492309570312
    ],
    [
      48.06926345825195,
      55.912353515625,
      29.294687271118164,
      26.725927352905273,
      30.420799255371094,
      32.10673141479492,
      51.70729064941406,
      50.664127349853516,
      74.41441345214844,
      74.22853088378906,
      114.88418579101562,
      106.84789276123047,
      106.13630676269531,
      102.78147888183594,
      80.6345443725586,
      64.9782485961914,
      45.26005554199219,
      24.675582885742188
    ],
    [
      52.128021240234375,
      59.60655975341797,
      31.34389305114746,
      29.640335083007812,
      28.94937515258789,
      31.580183029174805,
      53.91975784301758,
      53.95592498779297,
      72.48006439208984,
      73.878662109375,
      106.84789276123047,
      117.98971557617188,
      106.74559783935547,
      104.21498107910156,
      80.0041732788086,
      64.79824829101562,
      44.62532043457031,
      24.469160079956055
    ],
    [
      55.061954498291016,
      61.29107666015625,
      34.45819091796875,
      31.276714324951172,
      34.35147476196289,
      34.2196044921875,
      58.78707504272461,
      56.378578186035156,
      81.17064666748047,
      81.46438598632812,
      106.13630676269531,
      106.74559783935547,
      130.66879272460938,
      120.97190856933594,
      94.93038940429688,
      75.89961242675781,
      52.3926887512207,
      28.29221534729004
    ],
    [
      63.64875030517578,
      67.67710876464844,
      33.04302978515625,
      30.27077293395996,
      31.863643646240234,
      32.87723922729492,
      53.71906280517578,
      52.652435302734375,
      75.94078826904297,
      77.37239837646484,
      102.78147888183594,
      104.21498107910156,
      120.97190856933594,
      121.8914566040039,
      92.54969787597656,
      74.55573272705078,
      50.546607971191406,
      27.768463134765625
    ],
    [
      48.521934509277344,
      52.43739318847656,
      26.291807174682617,
      22.93137550354004,
      23.73038673400879,
      23.769094467163086,
      45.97211456298828,
      43.968631744384766,
      61.57959747314453,
      61.0656623840332,
      80.6345443725586,
      80.0041732788086,
      94.93038940429688,
      92.54969787597656,
      80.3814926147461,
      62.99689483642578,
      46.53290557861328,
      24.881668090820312
    ],
    [
      41.34038543701172,
      44.367401123046875,
      21.040861129760742,
      18.093477249145508,
      18.244680404663086,
      18.932302474975586,
      33.512149810791016,
      32.817596435546875,
      46.903499603271484,
      47.26026916503906,
      64.9782485961914,
      64.79824829101562,
      75.89961242675781,
      74.55573272705078,
      62.99689483642578,
      52.10076141357422,
      36.442352294921875,
      20.251176834106445
    ],
    [
      25.919750213623047,
      27.498659133911133,
      13.485690116882324,
      10.7744140625,
      9.609487533569336,
      9.988497734069824,
      27.333450317382812,
      25.747665405273438,
      34.744022369384766,
      33.89649963378906,
      45.26005554199219,
      44.62532043457031,
      52.3926887512207,
      50.546607971191406,
      46.53290557861328,
      36.442352294921875,
      34.795684814453125,
      17.681398391723633
    ],
    [
      16.152509689331055,
      16.544677734375,
      7.905255317687988,
      6.261070728302002,
      5.55513858795166,
      5.902581691741943,
      13.793909072875977,
      13.26177978515625,
      18.26386833190918,
      18.076492309570312,
      24.675582885742188,
      24.469160079956055,
      28.29221534729004,
      27.768463134765625,
      24.881668090820312,
      20.251176834106445,
      17.681398391723633,
      9.838216781616211
    ]
  ],
  "damage": -16.349409103393555,
  "diff_bandwidth": 856.0914916992188,
  "dissonance": 6.971173029864457,
  "drr": 3.364116907119751,
  "dynamics": 4.7095160484313965,
  "format": 1245190,
  "frames": 8003584,
  "loudness": -22.570749282836914,
  "loudness_range": 15.217729568481445,
  "loudness_range_short": 15.741509437561035,
  "lowpass_true_peak_15khz": -0.9092580676078796,
  "mastering3_acoustic_entropies": [
    {
      "acoustic_entropy": 8.381915092468262,
      "acoustic_entropy_mono": 8.811036109924316,
      "band_eliminated_acoustic_entropies": [
        {
          "acoustic_entropy": 8.3766450881958,
          "acoustic_entropy_side": 8.377236366271973,
          "hz": 129.47220167065723
        },
        {
          "acoustic_entropy": 8.247787475585938,
          "acoustic_entropy_side": 8.368688583374023,
          "hz": 202.92927478742237
        },
        {
          "acoustic_entropy": 8.366840362548828,
          "acoustic_entropy_side": 8.4086275100708,
          "hz": 282.89161906338205
        },
        {
          "acoustic_entropy": 8.359237670898438,
          "acoustic_entropy_side": 8.554847717285156,
          "hz": 369.9353335868758
        },
        {
          "acoustic_entropy": 8.563738822937012,
          "acoustic_entropy_side": 8.600692749023438,
          "hz": 464.6875360973435
        },
        {
          "acoustic_entropy": 8.025528907775879,
          "acoustic_entropy_side": 8.080682754516602,
          "hz": 567.8308811364784
        },
        {
          "acoustic_entropy": 8.009964942932129,
          "acoustic_entropy_side": 8.795889854431152,
          "hz": 680.1084783214808
        },
        {
          "acoustic_entropy": 8.371114730834961,
          "acoustic_entropy_side": 8.280440330505371,
          "hz": 802.3292461747484
        },
        {
          "acoustic_entropy": 8.723695755004883,
          "acoustic_entropy_side": 8.599936485290527,
          "hz": 935.3737400823702
        },
        {
          "acoustic_entropy": 8.550625801086426,
          "acoustic_entropy_side": 8.400466918945312,
          "hz": 1080.2004963696966
        },
        {
          "acoustic_entropy": 8.620924949645996,
          "acoustic_entropy_side": 8.461806297302246,
          "hz": 1237.8529382007157
        },
        {
          "acoustic_entropy": 8.376172065734863,
          "acoustic_entropy_side": 8.2749662399292,
          "hz": 1409.4668930556702
        },
        {
          "acoustic_entropy": 7.9849019050598145,
          "acoustic_entropy_side": 8.379258155822754,
          "hz": 1596.2787759475705
        },
        {
          "acoustic_entropy": 7.90981912612915,
          "acoustic_entropy_side": 8.920228958129883,
          "hz": 1799.6344973346393
        },
        {
          "acoustic_entropy": 8.110618591308594,
          "acoustic_entropy_side": 8.294336318969727,
          "hz": 2020.9991599069049
        },
        {
          "acoustic_entropy": 8.615942001342773,
          "acoustic_entropy_side": 8.68744945526123,
          "hz": 2261.9676141086993
        },
        {
          "acoustic_entropy": 8.248194694519043,
          "acoustic_entropy_side": 8.443826675415039,
          "hz": 2524.2759484456974
        },
        {
          "acoustic_entropy": 8.475780487060547,
          "acoustic_entropy_side": 8.40260124206543,
          "hz": 2809.813997359896
        },
        {
          "acoustic_entropy": 8.396145820617676,
          "acoustic_entropy_side": 8.474736213684082,
          "hz": 3120.6389567871424
        },
        {
          "acoustic_entropy": 8.30661678314209,
          "acoustic_entropy_side": 8.333443641662598,
          "hz": 3458.990205492291
        },
        {
          "acoustic_entropy": 8.066189765930176,
          "acoustic_entropy_side": 8.3314790725708,
          "hz": 3827.305438964164
        },
        {
          "acoustic_entropy": 8.459823608398438,
          "acoustic_entropy_side": 8.397910118103027,
          "hz": 4228.238232109126
        },
        {
          "acoustic_entropy": 8.412399291992188,
          "acoustic_entropy_side": 8.398599624633789,
          "hz": 4664.6771572759235
        },
        {
          "acoustic_entropy": 8.43652057647705,
          "acoustic_entropy_side": 8.371313095092773,
          "hz": 5139.766595350093
        },
        {
          "acoustic_entropy": 8.421064376831055,
          "acoustic_entropy_side": 8.383585929870605,
          "hz": 5656.929389854203
        },
        {
          "acoustic_entropy": 8.388504981994629,
          "acoustic_entropy_side": 8.382123947143555,
          "hz": 6219.891507268283
        },
        {
          "acoustic_entropy": 8.379185676574707,
          "acoustic_entropy_side": 8.380585670471191,
          "hz": 6832.70888123896
        },
        {
          "acoustic_entropy": 8.388469696044922,
          "acoustic_entropy_side": 8.383414268493652,
          "hz": 7499.796634079867
        },
        {
          "acoustic_entropy": 8.385396003723145,
          "acoustic_entropy_side": 8.382040977478027,
          "hz": 8225.96088609342
        },
        {
          "acoustic_entropy": 8.384251594543457,
          "acoustic_entropy_side": 8.382007598876953,
          "hz": 9016.43338188839
        },
        {
          "acoustic_entropy": 8.384058952331543,
          "acoustic_entropy_side": 8.38199234008789,
          "hz": 9876.909183162974
        },
        {
          "acoustic_entropy": 8.383454322814941,
          "acoustic_entropy_side": 8.381989479064941,
          "hz": 10813.587699516042
        },
        {
          "acoustic_entropy": 8.382857322692871,
          "acoustic_entropy_side": 8.3819580078125,
          "hz": 11833.21735289826
        },
        {
          "acoustic_entropy": 8.382210731506348,
          "acoustic_entropy_side": 8.381928443908691,
          "hz": 12943.144197493959
        },
        {
          "acoustic_entropy": 8.380475997924805,
          "acoustic_entropy_side": 8.381921768188477,
          "hz": 14151.364845322005
        },
        {
          "acoustic_entropy": 8.381832122802734,
          "acoustic_entropy_side": 8.381916046142578,
          "hz": 15466.58407886509
        },
        {
          "acoustic_entropy": 8.381837844848633,
          "acoustic_entropy_side": 8.381914138793945,
          "hz": 16898.27756580493
        },
        {
          "acoustic_entropy": 8.381861686706543,
          "acoustic_entropy_side": 8.381914138793945,
          "hz": 18456.760127700032
        },
        {
          "acoustic_entropy": 8.381863594055176,
          "acoustic_entropy_side": 8.381915092468262,
          "hz": 20153.260054456492
        },
        {
          "acoustic_entropy": 8.38190746307373,
          "acoustic_entropy_side": 8.381915092468262,
          "hz": 22000.00000000001
        }
      ],
      "diff_acoustic_entropy": 0.9981221556663513,
      "sn": 6
    },
    {
      "acoustic_entropy": 12.880558967590332,
      "acoustic_entropy_mono": 13.053175926208496,
      "band_eliminated_acoustic_entropies": [
        {
          "acoustic_entropy": 12.973073959350586,
          "acoustic_entropy_side": 12.88498592376709,
          "hz": 129.47220167065723
        },
        {
          "acoustic_entropy": 12.770340919494629,
          "acoustic_entropy_side": 12.923501014709473,
          "hz": 202.92927478742237
        },
        {
          "acoustic_entropy": 12.757647514343262,
          "acoustic_entropy_side": 13.101256370544434,
          "hz": 282.89161906338205
        },
        {
          "acoustic_entropy": 13.966214179992676,
          "acoustic_entropy_side": 13.480730056762695,
          "hz": 369.9353335868758
        },
        {
          "acoustic_entropy": 12.638725280761719,
          "acoustic_entropy_side": 12.162895202636719,
          "hz": 464.6875360973435
        },
        {
          "acoustic_entropy": 12.469618797302246,
          "acoustic_entropy_side": 13.221196174621582,
          "hz": 567.8308811364784
        },
        {
          "acoustic_entropy": 12.376974105834961,
          "acoustic_entropy_side": 13.096233367919922,
          "hz": 680.1084783214808
        },
        {
          "acoustic_entropy": 13.326614379882812,
          "acoustic_entropy_side": 13.2260103225708,
          "hz": 802.3292461747484
        },
        {
          "acoustic_entropy": 12.862550735473633,
          "acoustic_entropy_side": 13.731843948364258,
          "hz": 935.3737400823702
        },
        {
          "acoustic_entropy": 13.17809009552002,
          "acoustic_entropy_side": 13.207369804382324,
          "hz": 1080.2004963696966
        },
        {
          "acoustic_entropy": 13.348801612854004,
          "acoustic_entropy_side": 13.666150093078613,
          "hz": 1237.8529382007157
        },
        {
          "acoustic_entropy": 13.779021263122559,
          "acoustic_entropy_side": 13.423048973083496,
          "hz": 1409.4668930556702
        },
        {
          "acoustic_entropy": 13.197555541992188,
          "acoustic_entropy_side": 13.612751007080078,
          "hz": 1596.2787759475705
        },
        {
          "acoustic_entropy": 12.834420204162598,
          "acoustic_entropy_side": 13.911023139953613,
          "hz": 1799.6344973346393
        },
        {
          "acoustic_entropy": 13.27789306640625,
          "acoustic_entropy_side": 13.495603561401367,
          "hz": 2020.9991599069049
        },
        {
          "acoustic_entropy": 12.53569221496582,
          "acoustic_entropy_side": 12.69483470916748,
          "hz": 2261.9676141086993
        },
        {
          "acoustic_entropy": 13.4507417678833,
          "acoustic_entropy_side": 12.979558944702148,
          "hz": 2524.2759484456974
        },
        {
          "acoustic_entropy": 12.735754013061523,
          "acoustic_entropy_side": 12.785075187683105,
          "hz": 2809.813997359896
        },
        {
          "acoustic_entropy": 13.066908836364746,
          "acoustic_entropy_side": 13.019946098327637,
          "hz": 3120.6389567871424
        },
        {
          "acoustic_entropy": 13.06981372833252,
          "acoustic_entropy_side": 13.029776573181152,
          "hz": 3458.990205492291
        },
        {
          "acoustic_entropy": 12.92839527130127,
          "acoustic_entropy_side": 13.032159805297852,
          "hz": 3827.305438964164
        },
        {
          "acoustic_entropy": 12.888874053955078,
          "acoustic_entropy_side": 12.880581855773926,
          "hz": 4228.238232109126
        },
        {
          "acoustic_entropy": 13.126708984375,
          "acoustic_entropy_side": 12.953752517700195,
          "hz": 4664.6771572759235
        },
        {
          "acoustic_entropy": 12.949563026428223,
          "acoustic_entropy_side": 12.881335258483887,
          "hz": 5139.766595350093
        },
        {
          "acoustic_entropy": 12.90539264678955,
          "acoustic_entropy_side": 12.917421340942383,
          "hz": 5656.929389854203
        },
        {
          "acoustic_entropy": 12.669413566589355,
          "acoustic_entropy_side": 12.812484741210938,
          "hz": 6219.891507268283
        },
        {
          "acoustic_entropy": 12.867891311645508,
          "acoustic_entropy_side": 12.87645435333252,
          "hz": 6832.70888123896
        },
        {
          "acoustic_entropy": 12.908406257629395,
          "acoustic_entropy_side": 12.881123542785645,
          "hz": 7499.796634079867
        },
        {
          "acoustic_entropy": 12.829978942871094,
          "acoustic_entropy_side": 12.868053436279297,
          "hz": 8225.96088609342
        },
        {
          "acoustic_entropy": 12.889305114746094,
          "acoustic_entropy_side": 12.880911827087402,
          "hz": 9016.43338188839
        },
        {
          "acoustic_entropy": 12.870738983154297,
          "acoustic_entropy_side": 12.879836082458496,
          "hz": 9876.909183162974
        },
        {
          "acoustic_entropy": 12.880965232849121,
          "acoustic_entropy_side": 12.880393981933594,
          "hz": 10813.587699516042
        },
        {
          "acoustic_entropy": 12.882948875427246,
          "acoustic_entropy_side": 12.880520820617676,
          "hz": 11833.21735289826
        },
        {
          "acoustic_entropy": 12.885774612426758,
          "acoustic_entropy_side": 12.880456924438477,
          "hz": 12943.144197493959
        },
        {
          "acoustic_entropy": 12.870304107666016,
          "acoustic_entropy_side": 12.880815505981445,
          "hz": 14151.364845322005
        },
        {
          "acoustic_entropy": 12.89100170135498,
          "acoustic_entropy_side": 12.880587577819824,
          "hz": 15466.58407886509
        },
        {
          "acoustic_entropy": 12.880821228027344,
          "acoustic_entropy_side": 12.880563735961914,
          "hz": 16898.27756580493
        },
        {
          "acoustic_entropy": 12.880827903747559,
          "acoustic_entropy_side": 12.880559921264648,
          "hz": 18456.760127700032
        },
        {
          "acoustic_entropy": 12.880870819091797,
          "acoustic_entropy_side": 12.880559921264648,
          "hz": 20153.260054456492
        },
        {
          "acoustic_entropy": 12.880602836608887,
          "acoustic_entropy_side": 12.880558967590332,
          "hz": 22000.00000000001
        }
      ],
      "diff_acoustic_entropy": 2.915158271789551,
      "sn": 12
    },
    {
      "acoustic_entropy": 20.884904861450195,
      "acoustic_entropy_mono": 19.749704360961914,
      "band_eliminated_acoustic_entropies": [
        {
          "acoustic_entropy": 20.87520980834961,
          "acoustic_entropy_side": 20.937602996826172,
          "hz": 129.47220167065723
        },
        {
          "acoustic_entropy": 20.655122756958008,
          "acoustic_entropy_side": 20.637493133544922,
          "hz": 202.92927478742237
        },
        {
          "acoustic_entropy": 21.195545196533203,
          "acoustic_entropy_side": 20.845407485961914,
          "hz": 282.89161906338205
        },
        {
          "acoustic_entropy": 20.45342254638672,
          "acoustic_entropy_side": 20.930784225463867,
          "hz": 369.9353335868758
        },
        {
          "acoustic_entropy": 20.770442962646484,
          "acoustic_entropy_side": 20.803985595703125,
          "hz": 464.6875360973435
        },
        {
          "acoustic_entropy": 20.100360870361328,
          "acoustic_entropy_side": 20.085426330566406,
          "hz": 567.8308811364784
        },
        {
          "acoustic_entropy": 20.425519943237305,
          "acoustic_entropy_side": 21.770837783813477,
          "hz": 680.1084783214808
        },
        {
          "acoustic_entropy": 20.701457977294922,
          "acoustic_entropy_side": 20.851076126098633,
          "hz": 802.3292461747484
        },
        {
          "acoustic_entropy": 19.709407806396484,
          "acoustic_entropy_side": 21.394893646240234,
          "hz": 935.3737400823702
        },
        {
          "acoustic_entropy": 20.43079376220703,
          "acoustic_entropy_side": 21.325023651123047,
          "hz": 1080.2004963696966
        },
        {
          "acoustic_entropy": 20.881816864013672,
          "acoustic_entropy_side": 21.317110061645508,
          "hz": 1237.8529382007157
        },
        {
          "acoustic_entropy": 21.497148513793945,
          "acoustic_entropy_side": 21.268627166748047,
          "hz": 1409.4668930556702
        },
        {
          "acoustic_entropy": 20.906373977661133,
          "acoustic_entropy_side": 20.566802978515625,
          "hz": 1596.2787759475705
        },
        {
          "acoustic_entropy": 21.059057235717773,
          "acoustic_entropy_side": 21.378454208374023,
          "hz": 1799.6344973346393
        },
        {
          "acoustic_entropy": 20.835500717163086,
          "acoustic_entropy_side": 20.776851654052734,
          "hz": 2020.9991599069049
        },
        {
          "acoustic_entropy": 19.767921447753906,
          "acoustic_entropy_side": 20.44563865661621,
          "hz": 2261.9676141086993
        },
        {
          "acoustic_entropy": 20.886259078979492,
          "acoustic_entropy_side": 19.973222732543945,
          "hz": 2524.2759484456974
        },
        {
          "acoustic_entropy": 21.158910751342773,
          "acoustic_entropy_side": 20.84522819519043,
          "hz": 2809.813997359896
        },
        {
          "acoustic_entropy": 20.56451416015625,
          "acoustic_entropy_side": 20.878631591796875,
          "hz": 3120.6389567871424
        },
        {
