{
  "acoustic_entropy": 207.79815673828125,
  "bands": [
    {
      "high_freq": 148.1999969482422,
      "loudness": -34.45929718017578,
      "loudness_range": 17.210979461669922,
      "mid_mean": -31.581836700439453,
      "mid_to_side_loudness": -7.820889949798584,
      "mid_to_side_loudness_range": 7.379566192626953,
      "side_mean": -39.31651306152344
    },
    {
      "high_freq": 392.3793640136719,
      "loudness": -26.81911849975586,
      "loudness_range": 8.820501327514648,
      "low_freq": 148.1999969482422,
      "mid_mean": -23.77570152282715,
      "mid_to_side_loudness": -8.881030082702637,
      "mid_to_side_loudness_range": 8.946435928344727,
      "side_mean": -32.78693771362305
    },
    {
      "high_freq": 794.6976318359375,
      "loudness": -23.67529296875,
      "loudness_range": 9.229854583740234,
      "low_freq": 392.3793640136719,
      "mid_mean": -20.464181900024414,
      "mid_to_side_loudness": -10.578078269958496,
      "mid_to_side_loudness_range": 10.96480941772461,
      "side_mean": -31.215246200561523
    },
    {
      "high_freq": 1457.5709228515625,
      "loudness": -27.138803482055664,
      "loudness_range": 15.423587799072266,
      "low_freq": 794.6976318359375,
      "mid_mean": -24.089086532592773,
      "mid_to_side_loudness": -9.843722343444824,
      "mid_to_side_loudness_range": 14.510661125183105,
      "side_mean": -34.195396423339844
    },
    {
      "high_freq": 2549.74365234375,
      "loudness": -27.701969146728516,
      "loudness_range": 14.494678497314453,
      "low_freq": 1457.5709228515625,
      "mid_mean": -24.80923843383789,
      "mid_to_side_loudness": -8.535507202148438,
      "mid_to_side_loudness_range": 12.275558471679688,
      "side_mean": -33.536720275878906
    },
    {
      "high_freq": 4349.24462890625,
      "loudness": -29.775964736938477,
      "loudness_range": 13.227437973022461,
      "low_freq": 2549.74365234375,
      "mid_mean": -27.015344619750977,
      "mid_to_side_loudness": -7.205883502960205,
      "mid_to_side_loudness_range": 10.427669525146484,
      "side_mean": -34.50114440917969
    },
    {
      "high_freq": 7314.1640625,
      "loudness": -35.603912353515625,
      "loudness_range": 12.287981033325195,
      "low_freq": 4349.24462890625,
      "mid_mean": -33.03886413574219,
      "mid_to_side_loudness": -5.979065418243408,
      "mid_to_side_loudness_range": 8.796536445617676,
      "side_mean": -39.216156005859375
    },
    {
      "high_freq": 12199.2666015625,
      "loudness": -43.06011962890625,
      "loudness_range": 11.144416809082031,
      "low_freq": 7314.1640625,
      "mid_mean": -41.46858596801758,
      "mid_to_side_loudness": -2.071523904800415,
      "mid_to_side_loudness_range": 3.0158286094665527,
      "side_mean": -43.76637268066406
    },
    {
      "loudness": -56.212982177734375,
      "loudness_range": 11.662891387939453,
      "low_freq": 12199.2666015625,
      "mid_mean": -55.413246154785156,
      "mid_to_side_loudness": -0.3553987443447113,
      "mid_to_side_loudness_range": 0.9990971684455872,
      "side_mean": -55.765472412109375
    }
  ],
  "bands_short": [
    {
      "high_freq": 148.1999969482422,
      "loudness": -39.094200134277344,
      "loudness_range": 24.733491897583008,
      "mid_mean": -36.2805290222168,
      "mid_to_side_loudness": -8.677727699279785,
      "mid_to_side_loudness_range": 12.918682098388672,
      "side_mean": -44.89616012573242
    },
    {
      "high_freq": 392.3793640136719,
      "loudness": -27.732337951660156,
      "loudness_range": 12.143260955810547,
      "low_freq": 148.1999969482422,
      "mid_mean": -24.755321502685547,
      "mid_to_side_loudness": -8.828968048095703,
      "mid_to_side_loudness_range": 10.744998931884766,
      "side_mean": -33.66120910644531
    },
    {
      "high_freq": 794.6976318359375,
      "loudness": -24.78760528564453,
      "loudness_range": 14.429296493530273,
      "low_freq": 392.3793640136719,
      "mid_mean": -21.66621208190918,
      "mid_to_side_loudness": -10.51656723022461,
      "mid_to_side_loudness_range": 13.416444778442383,
      "side_mean": -32.31448745727539
    },
    {
      "high_freq": 1457.5709228515625,
      "loudness": -28.341293334960938,
      "loudness_range": 19.702417373657227,
      "low_freq": 794.6976318359375,
      "mid_mean": -25.420915603637695,
      "mid_to_side_loudness": -9.362998962402344,
      "mid_to_side_loudness_range": 14.86281681060791,
      "side_mean": -34.944610595703125
    },
    {
      "high_freq": 2549.74365234375,
      "loudness": -29.426801681518555,
      "loudness_range": 19.41057777404785,
      "low_freq": 1457.5709228515625,
      "mid_mean": -26.5909481048584,
      "mid_to_side_loudness": -8.400469779968262,
      "mid_to_side_loudness_range": 13.53706169128418,
      "side_mean": -35.13583755493164
    },
    {
      "high_freq": 4349.24462890625,
      "loudness": -31.49683380126953,
      "loudness_range": 18.21961784362793,
      "low_freq": 2549.74365234375,
      "mid_mean": -28.896377563476562,
      "mid_to_side_loudness": -6.88881254196167,
      "mid_to_side_loudness_range": 11.348556518554688,
      "side_mean": -35.95712661743164
    },
    {
      "high_freq": 7314.1640625,
      "loudness": -36.909122467041016,
      "loudness_range": 16.50371742248535,
      "low_freq": 4349.24462890625,
      "mid_mean": -34.367645263671875,
      "mid_to_side_loudness": -6.026638507843018,
      "mid_to_side_loudness_range": 9.814687728881836,
      "side_mean": -40.580867767333984
    },
    {
      "high_freq": 12199.2666015625,
      "loudness": -44.256256103515625,
      "loudness_range": 15.086502075195312,
      "low_freq": 7314.1640625,
      "mid_mean": -42.63682556152344,
      "mid_to_side_loudness": -2.3563857078552246,
      "mid_to_side_loudness_range": 4.462733268737793,
      "side_mean": -45.28630447387695
    },
    {
      "loudness": -57.44907760620117,
      "loudness_range": 14.862537384033203,
      "low_freq": 12199.2666015625,
      "mid_mean": -56.53828430175781,
      "mid_to_side_loudness": -0.39373743534088135,
      "mid_to_side_loudness_range": 2.032719135284424,
      "side_mean": -56.90879821777344
    }
  ],
  "bandwidth": 816.4810791015625,
  "channels": 2,
  "covariance": [
    [
      42.19129943847656,
      37.40973663330078,
      10.258265495300293,
      9.401668548583984,
      3.2918379306793213,
      -1.6035115718841553,
      5.510120868682861,
      -2.7481770515441895,
      -0.0768064334988594,
      -7.366543292999268,
      1.703987956047058,
      -4.914116382598877,
      -1.186833143234253,
      -6.455685615539551,
      -0.921551525592804,
      -2.199690580368042,
      -1.580620527267456,
      -1.7947893142700195
    ],
    [
      37.40973663330078,
      40.60493469238281,
      9.621150016784668,
      9.254789352416992,
      2.667048454284668,
      -1.8783048391342163,
      5.599494934082031,
      -2.1495187282562256,
      -0.2680087387561798,
      -7.628851413726807,
      1.999632477760315,
      -4.33912467956543,
      -1.0289119482040405,
      -5.44945764541626,
      -0.27293479442596436,
      -1.5469024181365967,
      -0.7803464531898499,
      -0.8915452361106873
    ],
    [
      10.258265495300293,
      9.621150016784668,
      15.38196849822998,
      8.977216720581055,
      7.868715286254883,
      3.615709066390991,
      6.477902889251709,
      -0.22148609161376953,
      6.720015525817871,
      -1.66180419921875,
      5.175413608551025,
      -0.43488991260528564,
      4.196767330169678,
      -1.5468945503234863,
      0.6067254543304443,
      -0.9765782356262207,
      -0.7335102558135986,
      -0.8778936862945557
    ],
    [
      9.401668548583984,
      9.254789352416992,
      8.977216720581055,
      12.770907402038574,
      5.901902675628662,
      7.953709125518799,
      5.940153121948242,
      7.089315891265869,
      6.583099365234375,
      5.783663272857666,
      6.360725402832031,
      6.609676837921143,
      6.121338844299316,
      5.308033466339111,
      5.478772163391113,
      5.0295729637146,
      3.829472064971924,
      3.6807754039764404
    ],
    [
      3.2918379306793213,
      2.667048454284668,
      7.868715286254883,
      5.901902675628662,
      15.539067268371582,
      7.290241718292236,
      13.101879119873047,
      5.582305431365967,
      9.116116523742676,
      3.768401861190796,
      8.219427108764648,
      4.57230806350708,
      5.994138240814209,
      1.6685421466827393,
      1.6393824815750122,
      0.9414725303649902,
      0.8531069159507751,
      0.5339344143867493
    ],
    [
      -1.6035115718841553,
      -1.8783048391342163,
      3.615709066390991,
      7.953709125518799,
      7.290241718292236,
      15.44683837890625,
      8.819541931152344,
      15.884904861450195,
      12.077903747558594,
      17.341211318969727,
      11.34074592590332,
      17.1949405670166,
      11.734565734863281,
      14.869187355041504,
      10.02747631072998,
      10.949777603149414,
      8.429916381835938,
      8.3318452835083
    ],
    [
      5.510120868682861,
      5.599494934082031,
      6.477902889251709,
      5.940153121948242,
      13.101879119873047,
      8.819541931152344,
      30.26338005065918,
      14.052080154418945,
      10.772137641906738,
      6.6354827880859375,
      16.307491302490234,
      9.353507041931152,
      7.012339115142822,
      2.5002529621124268,
      1.8773494958877563,
      1.575977087020874,
      2.1884922981262207,
      1.8360497951507568
    ],
    [
      -2.7481770515441895,
      -2.1495187282562256,
      -0.22148609161376953,
      7.089315891265869,
      5.582305431365967,
      15.884904861450195,
      14.052080154418945,
      25.886821746826172,
      13.179356575012207,
      24.865154266357422,
      15.716588973999023,
      24.883403778076172,
      14.417325973510742,
      21.834800720214844,
      14.23446273803711,
      16.330812454223633,
      12.652059555053711,
      12.687295913696289
    ],
    [
      -0.0768064334988594,
      -0.2680087387561798,
      6.720015525817871,
      6.583099365234375,
      9.116116523742676,
      12.077903747558594,
      10.772137641906738,
      13.179356575012207,
      28.848623275756836,
      21.012338638305664,
      20.33219337463379,
      19.13892364501953,
      18.398351669311523,
      15.416720390319824,
      9.185920715332031,
      8.966334342956543,
      7.085755348205566,
      6.974827289581299
    ],
    [
      -7.366543292999268,
      -7.628851413726807,
      -1.66180419921875,
      5.783663272857666,
      3.768401861190796,
      17.341211318969727,
      6.6354827880859375,
      24.865154266357422,
      21.012338638305664,
      36.141510009765625,
      17.24772834777832,
      31.34424591064453,
      19.71228790283203,
      29.233535766601562,
      17.6572322845459,
      21.09564208984375,
      15.76913833618164,
      15.925999641418457
    ],
    [
      1.703987956047058,
      1.999632477760315,
      5.175413608551025,
      6.360725402832031,
      8.219427108764648,
      11.34074592590332,
      16.307491302490234,
      15.716588973999023,
      20.33219337463379,
      17.24772834777832,
      23.849435806274414,
      19.838132858276367,
      16.63515281677246,
      14.677887916564941,
      9.022687911987305,
      9.14320182800293,
      7.636693954467773,
      7.455957889556885
    ],
    [
      -4.914116382598877,
      -4.33912467956543,
      -0.43488991260528564,
      6.609676837921143,
      4.57230806350708,
      17.1949405670166,
      9.353507041931152,
      24.883403778076172,
      19.13892364501953,
      31.34424591064453,
      19.838132858276367,
      33.27812576293945,
      20.71760368347168,
      30.368619918823242,
      18.976009368896484,
      21.503459930419922,
      16.40204429626465,
      16.540590286254883
    ],
    [
      -1.186833143234253,
      -1.0289119482040405,
      4.196767330169678,
      6.121338844299316,
      5.994138240814209,
      11.734565734863281,
      7.012339115142822,
      14.417325973510742,
      18.398351669311523,
      19.71228790283203,
      16.63515281677246,
      20.71760368347168,
      20.839704513549805,
      21.53487777709961,
      14.056365013122559,
      14.4180326461792,
      11.019794464111328,
      11.043680191040039
    ],
    [
      -6.455685615539551,
      -5.44945764541626,
      -1.5468945503234863,
      5.308033466339111,
      1.6685421466827393,
      14.869187355041504,
      2.5002529621124268,
      21.834800720214844,
      15.416720390319824,
      29.233535766601562,
      14.677887916564941,
      30.368619918823242,
      21.53487777709961,
      33.73130416870117,
      21.6186580657959,
      24.63095474243164,
      18.511962890625,
      18.88313102722168
    ],
    [
      -0.921551525592804,
      -0.27293479442596436,
      0.6067254543304443,
      5.478772163391113,
      1.6393824815750122,
      10.02747631072998,
      1.8773494958877563,
      14.23446273803711,
      9.185920715332031,
      17.6572322845459,
      9.022687911987305,
      18.976009368896484,
      14.056365013122559,
      21.6186580657959,
      16.927534103393555,
      18.17913818359375,
      13.69707202911377,
      13.763301849365234
    ],
    [
      -2.199690580368042,
      -1.5469024181365967,
      -0.9765782356262207,
      5.0295729637146,
      0.9414725303649902,
      10.949777603149414,
      1.575977087020874,
      16.330812454223633,
      8.966334342956543,
      21.09564208984375,
      9.14320182800293,
      21.503459930419922,
      14.4180326461792,
      24.63095474243164,
      18.17913818359375,
      23.90078353881836,
      17.04837989807129,
      17.234941482543945
    ],
    [
      -1.580620527267456,
      -0.7803464531898499,
      -0.7335102558135986,
      3.829472064971924,
      0.8531069159507751,
      8.429916381835938,
      2.1884922981262207,
      12.652059555053711,
      7.085755348205566,
      15.76913833618164,
      7.636693954467773,
      16.40204429626465,
      11.019794464111328,
      18.511962890625,
      13.69707202911377,
      17.04837989807129,
      19.814590454101562,
      19.566179275512695
    ],
    [
      -1.7947893142700195,
      -0.8915452361106873,
      -0.8778936862945557,
      3.6807754039764404,
      0.5339344143867493,
      8.3318452835083,
      1.8360497951507568,
      12.687295913696289,
      6.974827289581299,
      15.925999641418457,
      7.455957889556885,
      16.540590286254883,
      11.043680191040039,
      18.88313102722168,
      13.763301849365234,
      17.234941482543945,
      19.566179275512695,
      19.545978546142578
    ]
  ],
  "covariance_short": [
    [
      72.49536895751953,
      59.08511734008789,
      15.7018404006958,
      20.693538665771484,
      7.864633083343506,
      5.7498250007629395,
      8.069987297058105,
      3.375986099243164,
      5.0486836433410645,
      0.81749427318573,
      7.346929550170898,
      2.5879690647125244,
      3.778024911880493,
      0.3134349584579468,
      6.035007476806641,
      6.192776679992676,
      6.357368469238281,
      6.254139423370361
    ],
    [
      59.08511734008789,
      68.92066192626953,
      15.216752052307129,
      21.267444610595703,
      7.081970691680908,
      4.826397895812988,
      7.317139625549316,
      2.020477294921875,
      3.517388105392456,
      -0.7070221304893494,
      6.91949987411499,
      2.101454257965088,
      3.3233542442321777,
      0.4667646288871765,
      6.836206912994385,
      6.752320289611816,
      6.7826385498046875,
      6.8249311447143555
    ],
    [
      15.7018404006958,
      15.216752052307129,
      21.918607711791992,
      15.188407897949219,
      11.586063385009766,
      8.348560333251953,
      9.616943359375,
      5.2273664474487305,
      9.173466682434082,
      3.732508420944214,
      6.940408229827881,
      3.214507818222046,
      5.700685024261475,
      1.773510456085205,
      3.519725799560547,
      2.7140157222747803,
      3.4040207862854004,
      3.2807652950286865
    ],
    [
      20.693538665771484,
      21.267444610595703,
      15.188407897949219,
      23.778501510620117,
      11.164474487304688,
      14.250590324401855,
      11.92702865600586,
      13.308435440063477,
      10.556041717529297,
      11.23322582244873,
      10.87094497680664,
      10.779088020324707,
      8.955257415771484,
      8.522310256958008,
      9.378030776977539,
      9.679149627685547,
      8.399648666381836,
      8.433298110961914
    ],
    [
      7.864633083343506,
      7.081970691680908,
      11.586063385009766,
      11.164474487304688,
      29.282752990722656,
      18.074552536010742,
      22.9657039642334,
      18.278457641601562,
      21.301454544067383,
      18.043354034423828,
      18.038461685180664,
      15.113394737243652,
      13.636543273925781,
      10.018006324768066,
      6.451909065246582,
      6.975316524505615,
      6.7692437171936035,
      6.604924201965332
    ],
    [
      5.7498250007629395,
      4.826397895812988,
      8.348560333251953,
      14.250590324401855,
      18.074552536010742,
      28.368799209594727,
      20.967082977294922,
      29.001171112060547,
      22.224252700805664,
      30.517621994018555,
      20.985904693603516,
      27.034780502319336,
      17.83841323852539,
      22.084854125976562,
      15.402764320373535,
      17.38800811767578,
      13.75813102722168,
      13.85216236114502
    ],
    [
      8.069987297058105,
      7.317139625549316,
      9.616943359375,
      11.92702865600586,
      22.9657039642334,
      20.967082977294922,
      44.70907974243164,
      31.066680908203125,
      25.499420166015625,
      25.712251663208008,
      29.20977783203125,
      25.107603073120117,
      18.110336303710938,
      15.925561904907227,
      9.756556510925293,
      11.149739265441895,
      10.73360538482666,
      10.5416259765625
    ],
    [
      3.375986099243164,
      2.020477294921875,
      5.2273664474487305,
      13.308435440063477,
      18.278457641601562,
      29.001171112060547,
      31.066680908203125,
      45.49274826049805,
      28.966814041137695,
      42.961055755615234,
      29.835878372192383,
      39.23847198486328,
      24.433794021606445,
      32.262203216552734,
      21.22711944580078,
      24.681034088134766,
      19.01602554321289,
      19.257600784301758
    ],
    [
      5.0486836433410645,
      3.517388105392456,
      9.173466682434082,
      10.556041717529297,
      21.301454544067383,
      22.224252700805664,
      25.499420166015625,
      28.966814041137695,
      47.64269256591797,
      40.21529769897461,
      35.926876068115234,
      34.09251403808594,
      29.854082107543945,
      27.982227325439453,
      17.049949645996094,
      17.84566879272461,
      14.29125690460205,
      14.228321075439453
    ],
    [
      0.81749427318573,
      -0.7070221304893494,
      3.732508420944214,
      11.23322582244873,
      18.043354034423828,
      30.517621994018555,
      25.712251663208008,
      42.961055755615234,
      40.21529769897461,
      57.2470588684082,
      35.26223373413086,
      48.203948974609375,
      31.735774993896484,
      41.87635803222656,
      26.392316818237305,
      30.37213706970215,
      22.391237258911133,
      22.776649475097656
    ],
    [
      7.346929550170898,
      6.91949987411499,
      6.940408229827881,
      10.87094497680664,
      18.038461685180664,
      20.985904693603516,
      29.20977783203125,
      29.835878372192383,
      35.926876068115234,
      35.26223373413086,
      43.411922454833984,
      37.43231964111328,
      31.91289520263672,
      30.1121768951416,
      19.073171615600586,
      19.909019470214844,
      15.70994758605957,
      15.581462860107422
    ],
    [
      2.5879690647125244,
      2.101454257965088,
      3.214507818222046,
      10.779088020324707,
      15.113394737243652,
      27.034780502319336,
      25.107603073120117,
      39.23847198486328,
      34.09251403808594,
      48.203948974609375,
      37.43231964111328,
      50.372859954833984,
      32.73041534423828,
      42.99977493286133,
      27.365055084228516,
      31.336772918701172,
      22.743383407592773,
      23.171463012695312
    ],
    [
      3.778024911880493,
      3.3233542442321777,
      5.700685024261475,
      8.955257415771484,
      13.636543273925781,
      17.83841323852539,
      18.110336303710938,
      24.433794021606445,
      29.854082107543945,
      31.735774993896484,
      31.91289520263672,
      32.73041534423828,
      35.065582275390625,
      34.14985275268555,
      22.959735870361328,
      23.688859939575195,
      17.753435134887695,
      17.77777862548828
    ],
    [
      0.3134349584579468,
      0.4667646288871765,
      1.773510456085205,
      8.522310256958008,
      10.018006324768066,
      22.084854125976562,
      15.925561904907227,
      32.262203216552734,
      27.982227325439453,
      41.87635803222656,
      30.1121768951416,
      42.99977493286133,
      34.14985275268555,
      47.301544189453125,
      31.074655532836914,
      35.557456970214844,
      25.253429412841797,
      25.95564079284668
    ],
    [
      6.035007476806641,
      6.836206912994385,
      3.519725799560547,
      9.378030776977539,
      6.451909065246582,
      15.402764320373535,
      9.756556510925293,
      21.22711944580078,
      17.049949645996094,
      26.392316818237305,
      19.073171615600586,
      27.365055084228516,
      22.959735870361328,
      31.074655532836914,
      27.930330276489258,
      29.43647575378418,
      21.142053604125977,
      21.33142852783203
    ],
    [
      6.192776679992676,
      6.752320289611816,
      2.7140157222747803,
      9.679149627685547,
      6.975316524505615,
      17.38800811767578,
      11.149739265441895,
      24.681034088134766,
      17.84566879272461,
      30.37213706970215,
      19.909019470214844,
      31.336772918701172,
      23.688859939575195,
      35.557456970214844,
      29.43647575378418,
      38.12357711791992,
      25.510656356811523,
      25.993566513061523
    ],
    [
      6.357368469238281,
      6.7826385498046875,
      3.4040207862854004,
      8.399648666381836,
      6.7692437171936035,
      13.75813102722168,
      10.73360538482666,
      19.01602554321289,
      14.29125690460205,
      22.391237258911133,
      15.70994758605957,
      22.743383407592773,
      17.753435134887695,
      25.253429412841797,
      21.142053604125977,
      25.510656356811523,
      25.726425170898438,
      25.480175018310547
    ],
    [
      6.254139423370361,
      6.8249311447143555,
      3.2807652950286865,
      8.433298110961914,
      6.604924201965332,
      13.85216236114502,
      10.5416259765625,
      19.257600784301758,
      14.228321075439453,
      22.776649475097656,
      15.581462860107422,
      23.171463012695312,
      17.77777862548828,
      25.95564079284668,
      21.33142852783203,
      25.993566513061523,
      25.480175018310547,
      25.794294357299805
    ]
  ],
  "damage": -10.565040588378906,
  "diff_bandwidth": 835.33837890625,
  "dissonance": 9.044500782474648,
  "drr": 8.15451431274414,
  "dynamics": 2.9227890968322754,
  "format": 1245190,
  "frames": 5776320,
  "loudness": -14.862507820129395,
  "loudness_range": 6.446080207824707,
  "loudness_range_short": 12.223690032958984,
  "lowpass_true_peak_15khz": -0.9355525970458984,
  "mastering3_acoustic_entropies": [
    {
      "acoustic_entropy": 6.49945592880249,
      "acoustic_entropy_mono": 6.332245826721191,
      "band_eliminated_acoustic_entropies": [
        {
          "acoustic_entropy": 6.476383209228516,
          "acoustic_entropy_side": 6.499087810516357,
          "hz": 129.47220167065723
        },
        {
          "acoustic_entropy": 6.363722324371338,
          "acoustic_entropy_side": 6.4920244216918945,
          "hz": 202.92927478742237
        },
        {
          "acoustic_entropy": 6.75469446182251,
          "acoustic_entropy_side": 6.49920129776001,
          "hz": 282.89161906338205
        },
        {
          "acoustic_entropy": 6.640146255493164,
          "acoustic_entropy_side": 6.499238014221191,
          "hz": 369.9353335868758
        },
        {
          "acoustic_entropy": 6.8200249671936035,
          "acoustic_entropy_side": 6.490907192230225,
          "hz": 464.6875360973435
        },
        {
          "acoustic_entropy": 7.25448751449585,
          "acoustic_entropy_side": 6.498208522796631,
          "hz": 567.8308811364784
        },
        {
          "acoustic_entropy": 6.678055286407471,
          "acoustic_entropy_side": 6.488924026489258,
          "hz": 680.1084783214808
        },
        {
          "acoustic_entropy": 7.299991130828857,
          "acoustic_entropy_side": 6.549213886260986,
          "hz": 802.3292461747484
        },
        {
          "acoustic_entropy": 6.504794597625732,
          "acoustic_entropy_side": 6.470822811126709,
          "hz": 935.3737400823702
        },
        {
          "acoustic_entropy": 6.6408867835998535,
          "acoustic_entropy_side": 6.644934177398682,
          "hz": 1080.2004963696966
        },
        {
          "acoustic_entropy": 6.501808166503906,
          "acoustic_entropy_side": 6.493403911590576,
          "hz": 1237.8529382007157
        },
        {
          "acoustic_entropy": 6.620304584503174,
          "acoustic_entropy_side": 6.569616317749023,
          "hz": 1409.4668930556702
        },
        {
          "acoustic_entropy": 6.5660529136657715,
          "acoustic_entropy_side": 6.483203887939453,
          "hz": 1596.2787759475705
        },
        {
          "acoustic_entropy": 6.59899377822876,
          "acoustic_entropy_side": 6.4790143966674805,
          "hz": 1799.6344973346393
        },
        {
          "acoustic_entropy": 6.820563316345215,
          "acoustic_entropy_side": 6.478248596191406,
          "hz": 2020.9991599069049
        },
        {
          "acoustic_entropy": 6.720077991485596,
          "acoustic_entropy_side": 6.491384506225586,
          "hz": 2261.9676141086993
        },
        {
          "acoustic_entropy": 6.8007402420043945,
          "acoustic_entropy_side": 6.515267848968506,
          "hz": 2524.2759484456974
        },
        {
          "acoustic_entropy": 6.38759183883667,
          "acoustic_entropy_side": 6.502743244171143,
          "hz": 2809.813997359896
        },
        {
          "acoustic_entropy": 6.841409206390381,
          "acoustic_entropy_side": 6.471995830535889,
          "hz": 3120.6389567871424
        },
        {
          "acoustic_entropy": 6.579455375671387,
          "acoustic_entropy_side": 6.577209949493408,
          "hz": 3458.990205492291
        },
        {
          "acoustic_entropy": 7.224921226501465,
          "acoustic_entropy_side": 6.509700298309326,
          "hz": 3827.305438964164
        },
        {
          "acoustic_entropy": 7.4749369621276855,
          "acoustic_entropy_side": 6.518726825714111,
          "hz": 4228.238232109126
        },
        {
          "acoustic_entropy": 6.597070217132568,
          "acoustic_entropy_side": 6.532324314117432,
          "hz": 4664.6771572759235
        },
        {
          "acoustic_entropy": 6.512369632720947,
          "acoustic_entropy_side": 6.54660177230835,
          "hz": 5139.766595350093
        },
        {
          "acoustic_entropy": 6.564512252807617,
          "acoustic_entropy_side": 6.533475399017334,
          "hz": 5656.929389854203
        },
        {
          "acoustic_entropy": 6.529922008514404,
          "acoustic_entropy_side": 6.519798278808594,
          "hz": 6219.891507268283
        },
        {
          "acoustic_entropy": 6.5550761222839355,
          "acoustic_entropy_side": 6.519383430480957,
          "hz": 6832.70888123896
        },
        {
          "acoustic_entropy": 6.528802394866943,
          "acoustic_entropy_side": 6.511015892028809,
          "hz": 7499.796634079867
        },
        {
          "acoustic_entropy": 6.517556190490723,
          "acoustic_entropy_side": 6.508251667022705,
          "hz": 8225.96088609342
        },
        {
          "acoustic_entropy": 6.523566722869873,
          "acoustic_entropy_side": 6.509840965270996,
          "hz": 9016.43338188839
        },
        {
          "acoustic_entropy": 6.520575046539307,
          "acoustic_entropy_side": 6.50841760635376,
          "hz": 9876.909183162974
        },
        {
          "acoustic_entropy": 6.510103702545166,
          "acoustic_entropy_side": 6.504144668579102,
          "hz": 10813.587699516042
        },
        {
          "acoustic_entropy": 6.5052313804626465,
          "acoustic_entropy_side": 6.502036094665527,
          "hz": 11833.21735289826
        },
        {
          "acoustic_entropy": 6.501922130584717,
          "acoustic_entropy_side": 6.500596523284912,
          "hz": 12943.144197493959
        },
        {
          "acoustic_entropy": 6.5001606941223145,
          "acoustic_entropy_side": 6.499796390533447,
          "hz": 14151.364845322005
        },
        {
          "acoustic_entropy": 6.499666690826416,
          "acoustic_entropy_side": 6.499556064605713,
          "hz": 15466.58407886509
        },
        {
          "acoustic_entropy": 6.49948787689209,
          "acoustic_entropy_side": 6.499471187591553,
          "hz": 16898.27756580493
        },
        {
          "acoustic_entropy": 6.499459743499756,
          "acoustic_entropy_side": 6.499458312988281,
          "hz": 18456.760127700032
        },
        {
          "acoustic_entropy": 6.499456405639648,
          "acoustic_entropy_side": 6.499456882476807,
          "hz": 20153.260054456492
        },
        {
          "acoustic_entropy": 6.49945592880249,
          "acoustic_entropy_side": 6.49945592880249,
          "hz": 22000.00000000001
        }
      ],
      "diff_acoustic_entropy": 7.0419535636901855,
      "sn": 6
    },
    {
      "acoustic_entropy": 10.022716522216797,
      "acoustic_entropy_mono": 10.406734466552734,
      "band_eliminated_acoustic_entropies": [
        {
          "acoustic_entropy": 10.114871978759766,
          "acoustic_entropy_side": 10.030166625976562,
          "hz": 129.47220167065723
        },
        {
          "acoustic_entropy": 10.257555961608887,
          "acoustic_entropy_side": 10.16479778289795,
          "hz": 202.92927478742237
        },
        {
          "acoustic_entropy": 10.62116813659668,
          "acoustic_entropy_side": 10.07235336303711,
          "hz": 282.89161906338205
        },
        {
          "acoustic_entropy": 10.32879638671875,
          "acoustic_entropy_side": 10.146928787231445,
          "hz": 369.9353335868758
        },
        {
          "acoustic_entropy": 10.273847579956055,
          "acoustic_entropy_side": 10.29863166809082,
          "hz": 464.6875360973435
        },
        {
          "acoustic_entropy": 10.104866027832031,
          "acoustic_entropy_side": 9.963273048400879,
          "hz": 567.8308811364784
        },
        {
          "acoustic_entropy": 10.596787452697754,
          "acoustic_entropy_side": 10.006165504455566,
          "hz": 680.1084783214808
        },
        {
          "acoustic_entropy": 10.048446655273438,
          "acoustic_entropy_side": 10.324742317199707,
          "hz": 802.3292461747484
        },
        {
          "acoustic_entropy": 10.166265487670898,
          "acoustic_entropy_side": 10.045839309692383,
          "hz": 935.3737400823702
        },
        {
          "acoustic_entropy": 9.62455940246582,
          "acoustic_entropy_side": 10.213608741760254,
          "hz": 1080.2004963696966
        },
        {
          "acoustic_entropy": 9.986507415771484,
          "acoustic_entropy_side": 9.8832426071167,
          "hz": 1237.8529382007157
        },
        {
          "acoustic_entropy": 10.051101684570312,
          "acoustic_entropy_side": 9.896856307983398,
          "hz": 1409.4668930556702
        },
        {
          "acoustic_entropy": 10.157124519348145,
          "acoustic_entropy_side": 9.986649513244629,
          "hz": 1596.2787759475705
        },
        {
          "acoustic_entropy": 9.965256690979004,
          "acoustic_entropy_side": 9.908914566040039,
          "hz": 1799.6344973346393
        },
        {
          "acoustic_entropy": 10.371339797973633,
          "acoustic_entropy_side": 10.044772148132324,
          "hz": 2020.9991599069049
        },
        {
          "acoustic_entropy": 10.156876564025879,
          "acoustic_entropy_side": 9.969554901123047,
          "hz": 2261.9676141086993
        },
        {
          "acoustic_entropy": 9.870491981506348,
          "acoustic_entropy_side": 10.05417251586914,
          "hz": 2524.2759484456974
        },
        {
          "acoustic_entropy": 10.087577819824219,
          "acoustic_entropy_side": 9.993308067321777,
          "hz": 2809.813997359896
        },
        {
          "acoustic_entropy": 9.92188835144043,
          "acoustic_entropy_side": 9.98786735534668,
          "hz": 3120.6389567871424
        },
        {
          "acoustic_entropy": 10.265310287475586,
          "acoustic_entropy_side": 9.92752742767334,
          "hz": 3458.990205492291
        },
        {
          "acoustic_entropy": 9.841472625732422,
          "acoustic_entropy_side": 9.958330154418945,
          "hz": 3827.305438964164
        },
        {
          "acoustic_entropy": 9.99496841430664,
          "acoustic_entropy_side": 10.03834056854248,
          "hz": 4228.238232109126
        },
        {
          "acoustic_entropy": 10.08462905883789,
          "acoustic_entropy_side": 9.96975326538086,
          "hz": 4664.6771572759235
        },
        {
          "acoustic_entropy": 9.772095680236816,
          "acoustic_entropy_side": 9.89429759979248,
          "hz": 5139.766595350093
        },
        {
          "acoustic_entropy": 9.790013313293457,
          "acoustic_entropy_side": 9.94225788116455,
          "hz": 5656.929389854203
        },
        {
          "acoustic_entropy": 10.022648811340332,
          "acoustic_entropy_side": 9.951826095581055,
          "hz": 6219.891507268283
        },
        {
          "acoustic_entropy": 9.94427490234375,
          "acoustic_entropy_side": 9.965726852416992,
          "hz": 6832.70888123896
        },
        {
          "acoustic_entropy": 10.018831253051758,
          "acoustic_entropy_side": 9.992627143859863,
          "hz": 7499.796634079867
        },
        {
          "acoustic_entropy": 10.000593185424805,
          "acoustic_entropy_side": 9.998154640197754,
          "hz": 8225.96088609342
        },
        {
          "acoustic_entropy": 9.991284370422363,
          "acoustic_entropy_side": 9.999600410461426,
          "hz": 9016.43338188839
        },
        {
          "acoustic_entropy": 9.982243537902832,
          "acoustic_entropy_side": 10.00320816040039,
          "hz": 9876.909183162974
        },
        {
          "acoustic_entropy": 10.001007080078125,
          "acoustic_entropy_side": 10.012479782104492,
          "hz": 10813.587699516042
        },
        {
          "acoustic_entropy": 10.015336036682129,
          "acoustic_entropy_side": 10.020059585571289,
          "hz": 11833.21735289826
        },
        {
          "acoustic_entropy": 10.020374298095703,
          "acoustic_entropy_side": 10.021950721740723,
          "hz": 12943.144197493959
        },
        {
          "acoustic_entropy": 10.023250579833984,
          "acoustic_entropy_side": 10.023078918457031,
          "hz": 14151.364845322005
        },
        {
          "acoustic_entropy": 10.0233154296875,
          "acoustic_entropy_side": 10.023029327392578,
          "hz": 15466.58407886509
        },
        {
          "acoustic_entropy": 10.022889137268066,
          "acoustic_entropy_side": 10.022797584533691,
          "hz": 16898.27756580493
        },
        {
          "acoustic_entropy": 10.02274227142334,
          "acoustic_entropy_side": 10.022725105285645,
          "hz": 18456.760127700032
        },
        {
          "acoustic_entropy": 10.022721290588379,
          "acoustic_entropy_side": 10.022717475891113,
          "hz": 20153.260054456492
        },
        {
          "acoustic_entropy": 10.022717475891113,
          "acoustic_entropy_side": 10.022716522216797,
          "hz": 22000.00000000001
        }
      ],
      "diff_acoustic_entropy": 10.733678817749023,
      "sn": 12
    },
    {
      "acoustic_entropy": 14.035362243652344,
      "acoustic_entropy_mono": 13.80533218383789,
      "band_eliminated_acoustic_entropies": [
        {
          "acoustic_entropy": 13.526906967163086,
          "acoustic_entropy_side": 13.9642915725708,
          "hz": 129.47220167065723
        },
        {
          "acoustic_entropy": 14.58212947845459,
          "acoustic_entropy_side": 14.074298858642578,
          "hz": 202.92927478742237
        },
        {
          "acoustic_entropy": 14.401561737060547,
          "acoustic_entropy_side": 13.92857837677002,
          "hz": 282.89161906338205
        },
        {
          "acoustic_entropy": 14.22469425201416,
          "acoustic_entropy_side": 13.847443580627441,
          "hz": 369.9353335868758
        },
        {
          "acoustic_entropy": 14.577935218811035,
          "acoustic_entropy_side": 14.267594337463379,
          "hz": 464.6875360973435
        },
        {
          "acoustic_entropy": 14.340587615966797,
          "acoustic_entropy_side": 14.591748237609863,
          "hz": 567.8308811364784
        },
        {
          "acoustic_entropy": 14.897544860839844,
          "acoustic_entropy_side": 14.441457748413086,
          "hz": 680.1084783214808
        },
        {
          "acoustic_entropy": 14.442183494567871,
          "acoustic_entropy_side": 14.35866641998291,
          "hz": 802.3292461747484
        },
        {
          "acoustic_entropy": 14.350666999816895,
          "acoustic_entropy_side": 14.05286979675293,
          "hz": 935.3737400823702
        },
        {
          "acoustic_entropy": 14.47408390045166,
          "acoustic_entropy_side": 14.489056587219238,
          "hz": 1080.2004963696966
        },
        {
          "acoustic_entropy": 14.628605842590332,
          "acoustic_entropy_side": 14.168387413024902,
          "hz": 1237.8529382007157
        },
        {
          "acoustic_entropy": 14.151156425476074,
          "acoustic_entropy_side": 14.09574031829834,
          "hz": 1409.4668930556702
        },
        {
          "acoustic_entropy": 14.598989486694336,
          "acoustic_entropy_side": 14.31058120727539,
          "hz": 1596.2787759475705
        },
        {
          "acoustic_entropy": 13.649435997009277,
          "acoustic_entropy_side": 14.18409538269043,
          "hz": 1799.6344973346393
        },
        {
          "acoustic_entropy": 14.028400421142578,
          "acoustic_entropy_side": 13.924304962158203,
          "hz": 2020.9991599069049
        },
        {
          "acoustic_entropy": 14.5377836227417,
          "acoustic_entropy_side": 13.91353702545166,
          "hz": 2261.9676141086993
        },
        {
          "acoustic_entropy": 14.339116096496582,
          "acoustic_entropy_side": 14.146684646606445,
          "hz": 2524.2759484456974
        },
        {
          "acoustic_entropy": 14.397794723510742,
          "acoustic_entropy_side": 14.177216529846191,
          "hz": 2809.813997359896
        },
        {
          "acoustic_entropy": 13.92212963104248,
