{
  "acoustic_entropy": 93.76864624023438,
  "bands": [
    {
      "high_freq": 148.1999969482422,
      "loudness": -32.3113899230957,
      "loudness_range": 10.90040397644043,
      "mid_mean": -53.638729095458984,
      "mid_to_side_loudness": -33.744224548339844,
      "mid_to_side_loudness_range": 2.984375,
      "side_mean": -66.87713623046875
    },
    {
      "high_freq": 392.3793640136719,
      "loudness": -28.944734573364258,
      "loudness_range": 13.484430313110352,
      "low_freq": 148.1999969482422,
      "mid_mean": -54.04318618774414,
      "mid_to_side_loudness": -38.56212615966797,
      "mid_to_side_loudness_range": 21.703643798828125,
      "side_mean": -65.97948455810547
    },
    {
      "high_freq": 794.6976318359375,
      "loudness": -32.23044967651367,
      "loudness_range": 14.555482864379883,
      "low_freq": 392.3793640136719,
      "mid_mean": -55.750572204589844,
      "mid_to_side_loudness": -34.83097839355469,
      "mid_to_side_loudness_range": 6.221343994140625,
      "side_mean": -67.05696105957031
    },
    {
      "high_freq": 1457.5709228515625,
      "loudness": -35.354217529296875,
      "loudness_range": 16.24469757080078,
      "low_freq": 794.6976318359375,
      "mid_mean": -56.921592712402344,
      "mid_to_side_loudness": -37.460182189941406,
      "mid_to_side_loudness_range": 14.990718841552734,
      "side_mean": -68.00129699707031
    },
    {
      "high_freq": 2549.74365234375,
      "loudness": -35.7067756652832,
      "loudness_range": 18.992530822753906,
      "low_freq": 1457.5709228515625,
      "mid_mean": -57.12602996826172,
      "mid_to_side_loudness": -46.299468994140625,
      "mid_to_side_loudness_range": 24.833744049072266,
      "side_mean": -69.18427276611328
    },
    {
      "high_freq": 4349.24462890625,
      "loudness": -40.29641342163086,
      "loudness_range": 17.776939392089844,
      "low_freq": 2549.74365234375,
      "mid_mean": -58.46430206298828,
      "mid_to_side_loudness": -53.1036376953125,
      "mid_to_side_loudness_range": 31.281494140625,
      "side_mean": -69.86064147949219
    },
    {
      "high_freq": 7314.1640625,
      "loudness": -46.89700698852539,
      "loudness_range": 24.831966400146484,
      "low_freq": 4349.24462890625,
      "mid_mean": -60.58073806762695,
      "mid_to_side_loudness": -59.93791961669922,
      "mid_to_side_loudness_range": 34.82258224487305,
      "side_mean": -69.92510223388672
    },
    {
      "high_freq": 12199.2666015625,
      "loudness": -52.986019134521484,
      "loudness_range": 19.138294219970703,
      "low_freq": 7314.1640625,
      "mid_mean": -61.80116271972656,
      "mid_to_side_loudness": -53.98055648803711,
      "mid_to_side_loudness_range": 32.69025421142578,
      "side_mean": -69.99996185302734
    },
    {
      "loudness": -70.27178955078125,
      "loudness_range": 25.629329681396484,
      "low_freq": 12199.2666015625,
      "mid_mean": -63.58137893676758,
      "mid_to_side_loudness": -49.95791244506836,
      "mid_to_side_loudness_range": 30.736968994140625,
      "side_mean": -69.99996948242188
    }
  ],
  "bands_short": [
    {
      "high_freq": 148.1999969482422,
      "loudness": -37.066341400146484,
      "loudness_range": 27.01247215270996,
      "mid_mean": -57.134124755859375,
      "mid_to_side_loudness": -34.300514221191406,
      "mid_to_side_loudness_range": 11.368213653564453,
      "side_mean": -68.07901763916016
    },
    {
      "high_freq": 392.3793640136719,
      "loudness": -29.94987678527832,
      "loudness_range": 24.301794052124023,
      "low_freq": 148.1999969482422,
      "mid_mean": -56.44800567626953,
      "mid_to_side_loudness": -46.740299224853516,
      "mid_to_side_loudness_range": 32.43300247192383,
      "side_mean": -66.72238159179688
    },
    {
      "high_freq": 794.6976318359375,
      "loudness": -36.971527099609375,
      "loudness_range": 32.65985870361328,
      "low_freq": 392.3793640136719,
      "mid_mean": -59.198760986328125,
      "mid_to_side_loudness": -37.51872634887695,
      "mid_to_side_loudness_range": 24.92769432067871,
      "side_mean": -68.0228271484375
    },
    {
      "high_freq": 1457.5709228515625,
      "loudness": -41.069393157958984,
      "loudness_range": 31.463642120361328,
      "low_freq": 794.6976318359375,
      "mid_mean": -60.323917388916016,
      "mid_to_side_loudness": -41.74140167236328,
      "mid_to_side_loudness_range": 27.50559425354004,
      "side_mean": -68.87897491455078
    },
    {
      "high_freq": 2549.74365234375,
      "loudness": -40.86969757080078,
      "loudness_range": 31.607175827026367,
      "low_freq": 1457.5709228515625,
      "mid_mean": -60.18782424926758,
      "mid_to_side_loudness": -53.35003662109375,
      "mid_to_side_loudness_range": 35.524051666259766,
      "side_mean": -69.62332916259766
    },
    {
      "high_freq": 4349.24462890625,
      "loudness": -43.308677673339844,
      "loudness_range": 29.18132972717285,
      "low_freq": 2549.74365234375,
      "mid_mean": -60.92747497558594,
      "mid_to_side_loudness": -59.67079544067383,
      "mid_to_side_loudness_range": 38.01815414428711,
      "side_mean": -69.91336822509766
    },
    {
      "high_freq": 7314.1640625,
      "loudness": -51.70588684082031,
      "loudness_range": 33.47688293457031,
      "low_freq": 4349.24462890625,
      "mid_mean": -63.028255462646484,
      "mid_to_side_loudness": -62.190982818603516,
      "mid_to_side_loudness_range": 39.24045944213867,
      "side_mean": -69.9555892944336
    },
    {
      "high_freq": 12199.2666015625,
      "loudness": -59.43341827392578,
      "loudness_range": 33.40509033203125,
      "low_freq": 7314.1640625,
      "mid_mean": -63.37944793701172,
      "mid_to_side_loudness": -55.234920501708984,
      "mid_to_side_loudness_range": 35.42372512817383,
      "side_mean": -69.99996185302734
    },
    {
      "loudness": -71.8017807006836,
      "loudness_range": 22.741409301757812,
      "low_freq": 12199.2666015625,
      "mid_mean": -64.83157348632812,
      "mid_to_side_loudness": -54.74211883544922,
      "mid_to_side_loudness_range": 36.179176330566406,
      "side_mean": -69.99996948242188
    }
  ],
  "bandwidth": 516.5836181640625,
  "channels": 2,
  "covariance": [
    [
      352.4577331542969,
      84.32177734375,
      392.6673889160156,
      107.18946838378906,
      360.6112060546875,
      78.48990631103516,
      332.19903564453125,
      52.78753662109375,
      326.72442626953125,
      21.87392234802246,
      289.3346252441406,
      3.5823733806610107,
      226.6845703125,
      2.0306029319763184,
      172.11749267578125,
      -0.00023320145555771887,
      120.40717315673828,
      -0.00036505787284113467
    ],
    [
      84.32177734375,
      21.73283576965332,
      93.63510131835938,
      26.996623992919922,
      86.65982818603516,
      19.61652183532715,
      79.74646759033203,
      12.964864730834961,
      79.73342895507812,
      5.74367618560791,
      70.7968978881836,
      0.831893801689148,
      56.26085662841797,
      0.6007132530212402,
      42.904884338378906,
      -4.525902113527991e-05,
      30.15532684326172,
      -8.160049037542194e-05
    ],
    [
      392.6673889160156,
      93.63510131835938,
      444.0875549316406,
      123.33537292480469,
      405.75323486328125,
      89.14453887939453,
      374.10174560546875,
      61.24120330810547,
      366.2442932128906,
      23.19864845275879,
      324.706787109375,
      4.090864181518555,
      253.66964721679688,
      2.0119924545288086,
      193.32167053222656,
      -0.00025738845579326153,
      134.93722534179688,
      -0.00040591784636490047
    ],
    [
      107.18946838378906,
      26.996623992919922,
      123.33537292480469,
      37.223899841308594,
      113.00164031982422,
      26.343599319458008,
      104.47377014160156,
      18.529142379760742,
      102.0918197631836,
      5.785110950469971,
      91.06602478027344,
      1.1132200956344604,
      72.22696685791016,
      0.3723602592945099,
      55.511390686035156,
      -5.830901864101179e-05,
      38.795833587646484,
      -0.00010509288404136896
    ],
    [
      360.6112060546875,
      86.65982818603516,
      405.75323486328125,
      113.00164031982422,
      380.5695495605469,
      86.92355346679688,
      352.1403503417969,
      60.272342681884766,
      341.0052185058594,
      23.788982391357422,
      300.4361572265625,
      3.5649547576904297,
      235.68881225585938,
      2.0060551166534424,
      178.12646484375,
      -0.00022930544218979776,
      124.47964477539062,
      -0.0003690882003866136
    ],
    [
      78.48990631103516,
      19.61652183532715,
      89.14453887939453,
      26.343599319458008,
      86.92355346679688,
      22.982524871826172,
      80.94344329833984,
      16.800331115722656,
      75.76692199707031,
      6.106569290161133,
      66.3232421875,
      0.6594430208206177,
      52.80405044555664,
      0.3695290982723236,
      39.65073013305664,
      -3.990818004240282e-05,
      27.7475528717041,
      -7.620649557793513e-05
    ],
    [
      332.19903564453125,
      79.74646759033203,
      374.10174560546875,
      104.47377014160156,
      352.1403503417969,
      80.94344329833984,
      329.9720458984375,
      58.82026290893555,
      315.0079040527344,
      22.34624481201172,
      276.6844482421875,
      3.0542845726013184,
      213.0482635498047,
      1.6212596893310547,
      161.25094604492188,
      -0.00021064571046736091,
      112.1978530883789,
      -0.00034070498077198863
    ],
    [
      52.78753662109375,
      12.964864730834961,
      61.24120330810547,
      18.529142379760742,
      60.272342681884766,
      16.800331115722656,
      58.82026290893555,
      15.29971694946289,
      49.93496322631836,
      3.9537768363952637,
      43.34320068359375,
      0.33575570583343506,
      30.873937606811523,
      -0.09349687397480011,
      23.808570861816406,
      -2.3904469344415702e-05,
      15.969191551208496,
      -5.0708862545434386e-05
    ],
    [
      326.72442626953125,
      79.73342895507812,
      366.2442932128906,
      102.0918197631836,
      341.0052185058594,
      75.76692199707031,
      315.0079040527344,
      49.93496322631836,
      321.6103820800781,
      25.760879516601562,
      280.9627380371094,
      3.4105286598205566,
      222.8289794921875,
      2.589970827102661,
      165.4187774658203,
      -0.00021132509573362768,
      116.68097686767578,
      -0.00033482929575257003
    ],
    [
      21.87392234802246,
      5.74367618560791,
      23.19864845275879,
      5.785110950469971,
      23.788982391357422,
      6.106569290161133,
      22.34624481201172,
      3.9537768363952637,
      25.760879516601562,
      6.225845813751221,
      21.553199768066406,
      0.17582114040851593,
      16.904390335083008,
      0.810884952545166,
      10.6469087600708,
      -1.3157269677321892e-05,
      7.694319248199463,
      -2.171452433685772e-05
    ],
    [
      289.3346252441406,
      70.7968978881836,
      324.706787109375,
      91.06602478027344,
      300.4361572265625,
      66.3232421875,
      276.6844482421875,
      43.34320068359375,
      280.9627380371094,
      21.553199768066406,
      251.74114990234375,
      3.47267484664917,
      197.52294921875,
      2.0873656272888184,
      147.8352508544922,
      -0.00018460072169546038,
      103.84567260742188,
      -0.000294260389637202
    ],
    [
      3.5823733806610107,
      0.831893801689148,
      4.090864181518555,
      1.1132200956344604,
      3.5649547576904297,
      0.6594430208206177,
      3.0542845726013184,
      0.33575570583343506,
      3.4105286598205566,
      0.17582114040851593,
      3.47267484664917,
      0.23747926950454712,
      2.869905471801758,
      -0.00852196291089058,
      2.291532516479492,
      -2.354811385885114e-06,
      1.4840524196624756,
      -3.6797630400542403e-06
    ],
    [
      226.6845703125,
      56.26085662841797,
      253.66964721679688,
      72.22696685791016,
      235.68881225585938,
      52.80405044555664,
      213.0482635498047,
      30.873937606811523,
      222.8289794921875,
      16.904390335083008,
      197.52294921875,
      2.869905471801758,
      172.4730224609375,
      2.314765214920044,
      126.14073181152344,
      -0.00014423756510950625,
      90.49757385253906,
      -0.00022914152941666543
    ],
    [
      2.0306029319763184,
      0.6007132530212402,
      2.0119924545288086,
      0.3723602592945099,
      2.0060551166534424,
      0.3695290982723236,
      1.6212596893310547,
      -0.09349687397480011,
      2.589970827102661,
      0.810884952545166,
      2.0873656272888184,
      -0.00852196291089058,
      2.314765214920044,
      0.33895573019981384,
      1.2310963869094849,
      -1.6205657402679208e-06,
      0.935594379901886,
      -2.1025991827627877e-06
    ],
    [
      172.11749267578125,
      42.904884338378906,
      193.32167053222656,
      55.511390686035156,
      178.12646484375,
      39.65073013305664,
      161.25094604492188,
      23.808570861816406,
      165.4187774658203,
      10.6469087600708,
      147.8352508544922,
      2.291532516479492,
      126.14073181152344,
      1.2310963869094849,
      97.67767333984375,
      -0.00010753736569313332,
      69.90641784667969,
      -0.00017312794807367027
    ],
    [
      -0.00023320145555771887,
      -4.525902113527991e-05,
      -0.00025738845579326153,
      -5.830901864101179e-05,
      -0.00022930544218979776,
      -3.990818004240282e-05,
      -0.00021064571046736091,
      -2.3904469344415702e-05,
      -0.00021132509573362768,
      -1.3157269677321892e-05,
      -0.00018460072169546038,
      -2.354811385885114e-06,
      -0.00014423756510950625,
      -1.6205657402679208e-06,
      -0.00010753736569313332,
      7.067479046440894e-09,
      -7.781606109347194e-05,
      4.1374956794015816e-09
    ],
    [
      120.40717315673828,
      30.15532684326172,
      134.93722534179688,
      38.795833587646484,
      124.47964477539062,
      27.7475528717041,
      112.1978530883789,
      15.969191551208496,
      116.68097686767578,
      7.694319248199463,
      103.84567260742188,
      1.4840524196624756,
      90.49757385253906,
      0.935594379901886,
      69.90641784667969,
      -7.781606109347194e-05,
      51.49612808227539,
      -0.00012154551222920418
    ],
    [
      -0.00036505787284113467,
      -8.160049037542194e-05,
      -0.00040591784636490047,
      -0.00010509288404136896,
      -0.0003690882003866136,
      -7.620649557793513e-05,
      -0.00034070498077198863,
      -5.0708862545434386e-05,
      -0.00033482929575257003,
      -2.171452433685772e-05,
      -0.000294260389637202,
      -3.6797630400542403e-06,
      -0.00022914152941666543,
      -2.1025991827627877e-06,
      -0.00017312794807367027,
      4.1374956794015816e-09,
      -0.00012154551222920418,
      6.122792495233398e-09
    ]
  ],
  "covariance_short": [
    [
      265.0618896484375,
      56.560237884521484,
      311.5963439941406,
      88.81305694580078,
      259.9324645996094,
      52.98075866699219,
      226.27169799804688,
      29.402751922607422,
      217.9287872314453,
      9.148726463317871,
      195.42613220214844,
      2.413832902908325,
      122.85533905029297,
      0.40967172384262085,
      100.35980224609375,
      -0.000106012899777852,
      62.34476089477539,
      -0.00026408882695250213
    ],
    [
      56.560237884521484,
      14.747602462768555,
      64.82469177246094,
      20.6121826171875,
      55.238468170166016,
      11.940640449523926,
      47.662811279296875,
      6.4922614097595215,
      45.119667053222656,
      2.09322452545166,
      40.06519317626953,
      0.5800555944442749,
      22.48745346069336,
      0.01821340061724186,
      18.74306869506836,
      -5.45724560652161e-06,
      11.419045448303223,
      -4.69259284727741e-05
    ],
    [
      311.5963439941406,
      64.82469177246094,
      389.2684326171875,
      112.70398712158203,
      326.49017333984375,
      68.795166015625,
      284.0498352050781,
      37.820472717285156,
      274.9537048339844,
      12.017765045166016,
      244.57298278808594,
      2.8455188274383545,
      157.76007080078125,
      0.7058844566345215,
      128.65420532226562,
      -0.00014427474525291473,
      81.2048568725586,
      -0.00032924613333307207
    ],
    [
      88.81305694580078,
      20.6121826171875,
      112.70398712158203,
      37.121307373046875,
      97.45640563964844,
      22.995941162109375,
      82.97364807128906,
      12.33734130859375,
      77.71205139160156,
      3.622281074523926,
      68.19071960449219,
      0.8700066804885864,
      40.1226921081543,
      0.15024055540561676,
      32.86368942260742,
      -1.6336336557287723e-05,
      20.122150421142578,
      -8.12079306342639e-05
    ],
    [
      259.9324645996094,
      55.238468170166016,
      326.49017333984375,
      97.45640563964844,
      295.9395446777344,
      69.15624237060547,
      260.51513671875,
      39.910945892333984,
      242.61367797851562,
      11.850459098815918,
      215.3765106201172,
      2.6432950496673584,
      138.4699249267578,
      0.4262423515319824,
      112.33050537109375,
      -8.456722571281716e-05,
      70.65699768066406,
      -0.00026546933804638684
    ],
    [
      52.98075866699219,
      11.940640449523926,
      68.795166015625,
      22.995941162109375,
      69.15624237060547,
      21.653039932250977,
      61.073307037353516,
      12.879801750183105,
      51.546424865722656,
      3.232592821121216,
      45.13821792602539,
      0.6392051577568054,
      27.245271682739258,
      -0.06936400383710861,
      21.676219940185547,
      7.2027405622066e-06,
      12.805645942687988,
      -4.6892440877854824e-05
    ],
    [
      226.27169799804688,
      47.662811279296875,
      284.0498352050781,
      82.97364807128906,
      260.51513671875,
      61.073307037353516,
      243.6812744140625,
      40.1726188659668,
      221.21861267089844,
      11.194952964782715,
      196.2838592529297,
      2.146857976913452,
      130.88951110839844,
      0.8291738033294678,
      104.61846160888672,
      -7.91647398727946e-05,
      67.48633575439453,
      -0.00023998998221941292
    ],
    [
      29.402751922607422,
      6.4922614097595215,
      37.820472717285156,
      12.33734130859375,
      39.910945892333984,
      12.879801750183105,
      40.1726188659668,
      12.941900253295898,
      27.278928756713867,
      1.7425053119659424,
      24.242645263671875,
      0.26805752515792847,
      14.867748260498047,
      -0.04784192517399788,
      12.071362495422363,
      1.3217152627476025e-05,
      6.7234320640563965,
      -2.52759982686257e-05
    ],
    [
      217.9287872314453,
      45.119667053222656,
      274.9537048339844,
      77.71205139160156,
      242.61367797851562,
      51.546424865722656,
      221.21861267089844,
      27.278928756713867,
      243.2707061767578,
      13.85828685760498,
      214.0760955810547,
      2.2518866062164307,
      149.880126953125,
      1.7360163927078247,
      117.968017578125,
      -0.00010547779675107449,
      80.12637329101562,
      -0.00024425037554465234
    ],
    [
      9.148726463317871,
      2.09322452545166,
      12.017765045166016,
      3.622281074523926,
      11.850459098815918,
      3.232592821121216,
      11.194952964782715,
      1.7425053119659424,
      13.85828685760498,
      4.5638909339904785,
      11.111371040344238,
      0.08993411064147949,
      7.181068420410156,
      0.4666212797164917,
      5.4411468505859375,
      -2.423335672574467e-06,
      3.8937203884124756,
      -9.428724297322333e-06
    ],
    [
      195.42613220214844,
      40.06519317626953,
      244.57298278808594,
      68.19071960449219,
      215.3765106201172,
      45.13821792602539,
      196.2838592529297,
      24.242645263671875,
      214.0760955810547,
      11.111371040344238,
      205.4757537841797,
      2.572686195373535,
      143.8556671142578,
      1.4243358373641968,
      112.35298156738281,
      -9.518036677036434e-05,
      76.64641571044922,
      -0.00021986481442581862
    ],
    [
      2.413832902908325,
      0.5800555944442749,
      2.8455188274383545,
      0.8700066804885864,
      2.6432950496673584,
      0.6392051577568054,
      2.146857976913452,
      0.26805752515792847,
      2.2518866062164307,
      0.08993411064147949,
      2.572686195373535,
      0.43532517552375793,
      1.2820873260498047,
      -0.003809683257713914,
      0.9185546636581421,
      -4.923273877466272e-07,
      0.534576416015625,
      -2.1616556296066847e-06
    ],
    [
      122.85533905029297,
      22.48745346069336,
      157.76007080078125,
      40.1226921081543,
      138.4699249267578,
      27.245271682739258,
      130.88951110839844,
      14.867748260498047,
      149.880126953125,
      7.181068420410156,
      143.8556671142578,
      1.2820873260498047,
      120.08675384521484,
      1.6227627992630005,
      90.3753662109375,
      -9.264044638257474e-05,
      64.58084106445312,
      -0.00016028968093451113
    ],
    [
      0.40967172384262085,
      0.01821340061724186,
      0.7058844566345215,
      0.15024055540561676,
      0.4262423515319824,
      -0.06936400383710861,
      0.8291738033294678,
      -0.04784192517399788,
      1.7360163927078247,
      0.4666212797164917,
      1.4243358373641968,
      -0.003809683257713914,
      1.6227627992630005,
      0.35764867067337036,
      0.8406400680541992,
      -1.6735021972635877e-06,
      0.7098773717880249,
      -1.2709114116660203e-06
    ],
    [
      100.35980224609375,
      18.74306869506836,
      128.65420532226562,
      32.86368942260742,
      112.33050537109375,
      21.676219940185547,
      104.61846160888672,
      12.071362495422363,
      117.968017578125,
      5.4411468505859375,
      112.35298156738281,
      0.9185546636581421,
      90.3753662109375,
      0.8406400680541992,
      74.61710357666016,
      -7.16601571184583e-05,
      52.07656478881836,
      -0.0001285904727410525
    ],
    [
      -0.000106012899777852,
      -5.45724560652161e-06,
      -0.00014427474525291473,
      -1.6336336557287723e-05,
      -8.456722571281716e-05,
      7.2027405622066e-06,
      -7.91647398727946e-05,
      1.3217152627476025e-05,
      -0.00010547779675107449,
      -2.423335672574467e-06,
      -9.518036677036434e-05,
      -4.923273877466272e-07,
      -9.264044638257474e-05,
      -1.6735021972635877e-06,
      -7.16601571184583e-05,
      1.6185062179374654e-08,
      -5.8965648349840194e-05,
      3.6783909251880686e-09
    ],
    [
      62.34476089477539,
      11.419045448303223,
      81.2048568725586,
      20.122150421142578,
      70.65699768066406,
      12.805645942687988,
      67.48633575439453,
      6.7234320640563965,
      80.12637329101562,
      3.8937203884124756,
      76.64641571044922,
      0.534576416015625,
      64.58084106445312,
      0.7098773717880249,
      52.07656478881836,
      -5.8965648349840194e-05,
      39.447513580322266,
      -8.686151704750955e-05
    ],
    [
      -0.00026408882695250213,
      -4.69259284727741e-05,
      -0.00032924613333307207,
      -8.12079306342639e-05,
      -0.00026546933804638684,
      -4.6892440877854824e-05,
      -0.00023998998221941292,
      -2.52759982686257e-05,
      -0.00024425037554465234,
      -9.428724297322333e-06,
      -0.00021986481442581862,
      -2.1616556296066847e-06,
      -0.00016028968093451113,
      -1.2709114116660203e-06,
      -0.0001285904727410525,
      3.6783909251880686e-09,
      -8.686151704750955e-05,
      1.5208685866241467e-08
    ]
  ],
  "damage": -18.701196670532227,
  "diff_bandwidth": 525.0408325195312,
  "dissonance": 9.060072487915555,
  "drr": 4.3961920738220215,
  "dynamics": 11.824580192565918,
  "format": 1245190,
  "frames": 862208,
  "loudness": -22.720237731933594,
  "loudness_range": 49.68629455566406,
  "loudness_range_short": 51.092220306396484,
  "lowpass_true_peak_15khz": -4.501199722290039,
  "mastering3_acoustic_entropies": [
    {
      "acoustic_entropy": 6.415678024291992,
      "acoustic_entropy_mono": 6.415661334991455,
      "band_eliminated_acoustic_entropies": [
        {
          "acoustic_entropy": 6.378711223602295,
          "acoustic_entropy_side": 6.415678024291992,
          "hz": 129.47220167065723
        },
        {
          "acoustic_entropy": 6.4925665855407715,
          "acoustic_entropy_side": 6.415678977966309,
          "hz": 202.92927478742237
        },
        {
          "acoustic_entropy": 5.582207202911377,
          "acoustic_entropy_side": 6.4156389236450195,
          "hz": 282.89161906338205
        },
        {
          "acoustic_entropy": 6.529857635498047,
          "acoustic_entropy_side": 6.415678977966309,
          "hz": 369.9353335868758
        },
        {
          "acoustic_entropy": 6.387433052062988,
          "acoustic_entropy_side": 6.415675163269043,
          "hz": 464.6875360973435
        },
        {
          "acoustic_entropy": 6.1105637550354,
          "acoustic_entropy_side": 6.415624141693115,
          "hz": 567.8308811364784
        },
        {
          "acoustic_entropy": 6.469042778015137,
          "acoustic_entropy_side": 6.415672302246094,
          "hz": 680.1084783214808
        },
        {
          "acoustic_entropy": 6.346640110015869,
          "acoustic_entropy_side": 6.415682792663574,
          "hz": 802.3292461747484
        },
        {
          "acoustic_entropy": 6.328845500946045,
          "acoustic_entropy_side": 6.4156975746154785,
          "hz": 935.3737400823702
        },
        {
          "acoustic_entropy": 6.417887210845947,
          "acoustic_entropy_side": 6.415706634521484,
          "hz": 1080.2004963696966
        },
        {
          "acoustic_entropy": 6.245390892028809,
          "acoustic_entropy_side": 6.415682792663574,
          "hz": 1237.8529382007157
        },
        {
          "acoustic_entropy": 6.52884578704834,
          "acoustic_entropy_side": 6.415677547454834,
          "hz": 1409.4668930556702
        },
        {
          "acoustic_entropy": 6.669134616851807,
          "acoustic_entropy_side": 6.41568660736084,
          "hz": 1596.2787759475705
        },
        {
          "acoustic_entropy": 6.181056499481201,
          "acoustic_entropy_side": 6.415698528289795,
          "hz": 1799.6344973346393
        },
        {
          "acoustic_entropy": 6.407845497131348,
          "acoustic_entropy_side": 6.415677547454834,
          "hz": 2020.9991599069049
        },
        {
          "acoustic_entropy": 6.142088413238525,
          "acoustic_entropy_side": 6.415677070617676,
          "hz": 2261.9676141086993
        },
        {
          "acoustic_entropy": 6.430483818054199,
          "acoustic_entropy_side": 6.415679454803467,
          "hz": 2524.2759484456974
        },
        {
          "acoustic_entropy": 6.448696613311768,
          "acoustic_entropy_side": 6.415678024291992,
          "hz": 2809.813997359896
        },
        {
          "acoustic_entropy": 6.512143611907959,
          "acoustic_entropy_side": 6.415678024291992,
          "hz": 3120.6389567871424
        },
        {
          "acoustic_entropy": 6.379488945007324,
          "acoustic_entropy_side": 6.415678024291992,
          "hz": 3458.990205492291
        },
        {
          "acoustic_entropy": 6.453692436218262,
          "acoustic_entropy_side": 6.415678024291992,
          "hz": 3827.305438964164
        },
        {
          "acoustic_entropy": 6.451752185821533,
          "acoustic_entropy_side": 6.415678024291992,
          "hz": 4228.238232109126
        },
        {
          "acoustic_entropy": 6.359469890594482,
          "acoustic_entropy_side": 6.415678024291992,
          "hz": 4664.6771572759235
        },
        {
          "acoustic_entropy": 6.365230560302734,
          "acoustic_entropy_side": 6.415678024291992,
          "hz": 5139.766595350093
        },
        {
          "acoustic_entropy": 6.277345657348633,
          "acoustic_entropy_side": 6.415678024291992,
          "hz": 5656.929389854203
        },
        {
          "acoustic_entropy": 6.149523735046387,
          "acoustic_entropy_side": 6.415678024291992,
          "hz": 6219.891507268283
        },
        {
          "acoustic_entropy": 6.312416076660156,
          "acoustic_entropy_side": 6.415678024291992,
          "hz": 6832.70888123896
        },
        {
          "acoustic_entropy": 6.352352619171143,
          "acoustic_entropy_side": 6.415678024291992,
          "hz": 7499.796634079867
        },
        {
          "acoustic_entropy": 6.375874996185303,
          "acoustic_entropy_side": 6.415678024291992,
          "hz": 8225.96088609342
        },
        {
          "acoustic_entropy": 6.39719295501709,
          "acoustic_entropy_side": 6.415678024291992,
          "hz": 9016.43338188839
        },
        {
          "acoustic_entropy": 6.413372039794922,
          "acoustic_entropy_side": 6.415678024291992,
          "hz": 9876.909183162974
        },
        {
          "acoustic_entropy": 6.412863254547119,
          "acoustic_entropy_side": 6.415678024291992,
          "hz": 10813.587699516042
        },
        {
          "acoustic_entropy": 6.408972263336182,
          "acoustic_entropy_side": 6.415678024291992,
          "hz": 11833.21735289826
        },
        {
          "acoustic_entropy": 6.4059224128723145,
          "acoustic_entropy_side": 6.415678024291992,
          "hz": 12943.144197493959
        },
        {
          "acoustic_entropy": 6.414521217346191,
          "acoustic_entropy_side": 6.415678024291992,
          "hz": 14151.364845322005
        },
        {
          "acoustic_entropy": 6.4066362380981445,
          "acoustic_entropy_side": 6.415678024291992,
          "hz": 15466.58407886509
        },
        {
          "acoustic_entropy": 6.415075302124023,
          "acoustic_entropy_side": 6.415678024291992,
          "hz": 16898.27756580493
        },
        {
          "acoustic_entropy": 6.415660381317139,
          "acoustic_entropy_side": 6.415678024291992,
          "hz": 18456.760127700032
        },
        {
          "acoustic_entropy": 6.415678024291992,
          "acoustic_entropy_side": 6.415678024291992,
          "hz": 20153.260054456492
        },
        {
          "acoustic_entropy": 6.415678024291992,
          "acoustic_entropy_side": 6.415678024291992,
          "hz": 22000.00000000001
        }
      ],
      "diff_acoustic_entropy": 8.370189666748047,
      "sn": 6
    },
    {
      "acoustic_entropy": 8.80053997039795,
      "acoustic_entropy_mono": 8.805365562438965,
      "band_eliminated_acoustic_entropies": [
        {
          "acoustic_entropy": 8.790782928466797,
          "acoustic_entropy_side": 8.800540924072266,
          "hz": 129.47220167065723
        },
        {
          "acoustic_entropy": 8.842510223388672,
          "acoustic_entropy_side": 8.800554275512695,
          "hz": 202.92927478742237
        },
        {
          "acoustic_entropy": 8.293587684631348,
          "acoustic_entropy_side": 8.800287246704102,
          "hz": 282.89161906338205
        },
        {
          "acoustic_entropy": 8.836478233337402,
          "acoustic_entropy_side": 8.800481796264648,
          "hz": 369.9353335868758
        },
        {
          "acoustic_entropy": 8.799590110778809,
          "acoustic_entropy_side": 8.80029582977295,
          "hz": 464.6875360973435
        },
        {
          "acoustic_entropy": 8.551183700561523,
          "acoustic_entropy_side": 8.80057144165039,
          "hz": 567.8308811364784
        },
        {
          "acoustic_entropy": 8.655029296875,
          "acoustic_entropy_side": 8.8004789352417,
          "hz": 680.1084783214808
        },
        {
          "acoustic_entropy": 8.520922660827637,
          "acoustic_entropy_side": 8.801030158996582,
          "hz": 802.3292461747484
        },
        {
          "acoustic_entropy": 8.661887168884277,
          "acoustic_entropy_side": 8.801801681518555,
          "hz": 935.3737400823702
        },
        {
          "acoustic_entropy": 8.930145263671875,
          "acoustic_entropy_side": 8.801987648010254,
          "hz": 1080.2004963696966
        },
        {
          "acoustic_entropy": 8.328661918640137,
          "acoustic_entropy_side": 8.800804138183594,
          "hz": 1237.8529382007157
        },
        {
          "acoustic_entropy": 8.818010330200195,
          "acoustic_entropy_side": 8.80056095123291,
          "hz": 1409.4668930556702
        },
        {
          "acoustic_entropy": 9.017334938049316,
          "acoustic_entropy_side": 8.801337242126465,
          "hz": 1596.2787759475705
        },
        {
          "acoustic_entropy": 8.864655494689941,
          "acoustic_entropy_side": 8.80212116241455,
          "hz": 1799.6344973346393
        },
        {
          "acoustic_entropy": 8.799028396606445,
          "acoustic_entropy_side": 8.800533294677734,
          "hz": 2020.9991599069049
        },
        {
          "acoustic_entropy": 8.419205665588379,
          "acoustic_entropy_side": 8.800500869750977,
          "hz": 2261.9676141086993
        },
        {
          "acoustic_entropy": 8.94430923461914,
          "acoustic_entropy_side": 8.800474166870117,
          "hz": 2524.2759484456974
        },
        {
          "acoustic_entropy": 9.078548431396484,
          "acoustic_entropy_side": 8.800539016723633,
          "hz": 2809.813997359896
        },
        {
          "acoustic_entropy": 9.053850173950195,
          "acoustic_entropy_side": 8.800537109375,
          "hz": 3120.6389567871424
        },
        {
          "acoustic_entropy": 8.88536548614502,
          "acoustic_entropy_side": 8.80053997039795,
          "hz": 3458.990205492291
        },
        {
          "acoustic_entropy": 8.652165412902832,
          "acoustic_entropy_side": 8.800542831420898,
          "hz": 3827.305438964164
        },
        {
          "acoustic_entropy": 8.88992691040039,
          "acoustic_entropy_side": 8.80053997039795,
          "hz": 4228.238232109126
        },
        {
          "acoustic_entropy": 8.70659351348877,
          "acoustic_entropy_side": 8.80053997039795,
          "hz": 4664.6771572759235
        },
        {
          "acoustic_entropy": 8.298423767089844,
          "acoustic_entropy_side": 8.80053997039795,
          "hz": 5139.766595350093
        },
        {
          "acoustic_entropy": 8.181446075439453,
          "acoustic_entropy_side": 8.800520896911621,
          "hz": 5656.929389854203
        },
        {
          "acoustic_entropy": 8.76518440246582,
          "acoustic_entropy_side": 8.80053997039795,
          "hz": 6219.891507268283
        },
        {
          "acoustic_entropy": 8.823466300964355,
          "acoustic_entropy_side": 8.80053997039795,
          "hz": 6832.70888123896
        },
        {
          "acoustic_entropy": 8.631196022033691,
          "acoustic_entropy_side": 8.80053997039795,
          "hz": 7499.796634079867
        },
        {
          "acoustic_entropy": 8.385973930358887,
          "acoustic_entropy_side": 8.80053997039795,
          "hz": 8225.96088609342
        },
        {
          "acoustic_entropy": 8.419440269470215,
          "acoustic_entropy_side": 8.80053997039795,
          "hz": 9016.43338188839
        },
        {
          "acoustic_entropy": 8.709543228149414,
          "acoustic_entropy_side": 8.80053997039795,
          "hz": 9876.909183162974
        },
        {
          "acoustic_entropy": 8.786348342895508,
          "acoustic_entropy_side": 8.80053997039795,
          "hz": 10813.587699516042
        },
        {
          "acoustic_entropy": 8.796186447143555,
          "acoustic_entropy_side": 8.80053997039795,
          "hz": 11833.21735289826
        },
        {
          "acoustic_entropy": 8.830424308776855,
          "acoustic_entropy_side": 8.80053997039795,
          "hz": 12943.144197493959
        },
        {
          "acoustic_entropy": 8.803767204284668,
          "acoustic_entropy_side": 8.80053997039795,
          "hz": 14151.364845322005
        },
        {
          "acoustic_entropy": 8.726062774658203,
          "acoustic_entropy_side": 8.80053997039795,
          "hz": 15466.58407886509
        },
        {
          "acoustic_entropy": 8.783726692199707,
          "acoustic_entropy_side": 8.80053997039795,
          "hz": 16898.27756580493
        },
        {
          "acoustic_entropy": 8.800748825073242,
          "acoustic_entropy_side": 8.80053997039795,
          "hz": 18456.760127700032
        },
        {
          "acoustic_entropy": 8.80053997039795,
          "acoustic_entropy_side": 8.80053997039795,
          "hz": 20153.260054456492
        },
        {
          "acoustic_entropy": 8.80053997039795,
          "acoustic_entropy_side": 8.80053997039795,
          "hz": 22000.00000000001
        }
      ],
      "diff_acoustic_entropy": 10.139785766601562,
      "sn": 12
    },
    {
      "acoustic_entropy": 10.696048736572266,
      "acoustic_entropy_mono": 10.74587345123291,
      "band_eliminated_acoustic_entropies": [
        {
          "acoustic_entropy": 10.600970268249512,
          "acoustic_entropy_side": 10.696121215820312,
          "hz": 129.47220167065723
        },
        {
          "acoustic_entropy": 10.662399291992188,
          "acoustic_entropy_side": 10.695648193359375,
          "hz": 202.92927478742237
        },
        {
          "acoustic_entropy": 10.57345199584961,
          "acoustic_entropy_side": 10.690667152404785,
          "hz": 282.89161906338205
        },
        {
          "acoustic_entropy": 10.635334968566895,
          "acoustic_entropy_side": 10.692541122436523,
          "hz": 369.9353335868758
        },
        {
          "acoustic_entropy": 10.679497718811035,
          "acoustic_entropy_side": 10.690608978271484,
          "hz": 464.6875360973435
        },
        {
          "acoustic_entropy": 10.704764366149902,
          "acoustic_entropy_side": 10.677105903625488,
          "hz": 567.8308811364784
        },
        {
          "acoustic_entropy": 10.77198600769043,
          "acoustic_entropy_side": 10.684796333312988,
          "hz": 680.1084783214808
        },
        {
          "acoustic_entropy": 10.566948890686035,
          "acoustic_entropy_side": 10.690301895141602,
          "hz": 802.3292461747484
        },
        {
          "acoustic_entropy": 10.695856094360352,
          "acoustic_entropy_side": 10.729683876037598,
          "hz": 935.3737400823702
        },
        {
          "acoustic_entropy": 10.945563316345215,
          "acoustic_entropy_side": 10.742655754089355,
          "hz": 1080.2004963696966
        },
        {
          "acoustic_entropy": 10.503519058227539,
          "acoustic_entropy_side": 10.724932670593262,
          "hz": 1237.8529382007157
        },
        {
          "acoustic_entropy": 10.776866912841797,
          "acoustic_entropy_side": 10.699458122253418,
          "hz": 1409.4668930556702
        },
        {
          "acoustic_entropy": 10.35116958618164,
          "acoustic_entropy_side": 10.699411392211914,
          "hz": 1596.2787759475705
        },
        {
          "acoustic_entropy": 10.83041000366211,
          "acoustic_entropy_side": 10.702634811401367,
          "hz": 1799.6344973346393
        },
        {
          "acoustic_entropy": 10.994720458984375,
          "acoustic_entropy_side": 10.693321228027344,
          "hz": 2020.9991599069049
        },
        {
