{
  "acoustic_entropy": 137.03082275390625,
  "bands": [
    {
      "high_freq": 148.1999969482422,
      "loudness": -30.489086151123047,
      "loudness_range": 15.900737762451172,
      "mid_mean": -29.309917449951172,
      "mid_to_side_loudness": -4.039876461029053,
      "mid_to_side_loudness_range": 10.97555923461914,
      "side_mean": -32.97714614868164
    },
    {
      "high_freq": 392.3793640136719,
      "loudness": -24.112234115600586,
      "loudness_range": 17.27401351928711,
      "low_freq": 148.1999969482422,
      "mid_mean": -22.997426986694336,
      "mid_to_side_loudness": -1.7147434949874878,
      "mid_to_side_loudness_range": 10.913330078125,
      "side_mean": -26.580678939819336
    },
    {
      "high_freq": 794.6976318359375,
      "loudness": -22.25450897216797,
      "loudness_range": 10.706037521362305,
      "low_freq": 392.3793640136719,
      "mid_mean": -22.31680679321289,
      "mid_to_side_loudness": -3.680649757385254,
      "mid_to_side_loudness_range": 5.495703220367432,
      "side_mean": -25.446168899536133
    },
    {
      "high_freq": 1457.5709228515625,
      "loudness": -23.953258514404297,
      "loudness_range": 12.606039047241211,
      "low_freq": 794.6976318359375,
      "mid_mean": -23.29452896118164,
      "mid_to_side_loudness": -3.821321725845337,
      "mid_to_side_loudness_range": 4.03753137588501,
      "side_mean": -27.287179946899414
    },
    {
      "high_freq": 2549.74365234375,
      "loudness": -23.680734634399414,
      "loudness_range": 15.608163833618164,
      "low_freq": 1457.5709228515625,
      "mid_mean": -23.291290283203125,
      "mid_to_side_loudness": -4.205224514007568,
      "mid_to_side_loudness_range": 5.320427417755127,
      "side_mean": -27.228796005249023
    },
    {
      "high_freq": 4349.24462890625,
      "loudness": -25.457202911376953,
      "loudness_range": 15.373363494873047,
      "low_freq": 2549.74365234375,
      "mid_mean": -25.165084838867188,
      "mid_to_side_loudness": -4.04934549331665,
      "mid_to_side_loudness_range": 3.4344191551208496,
      "side_mean": -28.929698944091797
    },
    {
      "high_freq": 7314.1640625,
      "loudness": -30.474985122680664,
      "loudness_range": 18.58051109313965,
      "low_freq": 4349.24462890625,
      "mid_mean": -29.069604873657227,
      "mid_to_side_loudness": -4.147278308868408,
      "mid_to_side_loudness_range": 4.338248252868652,
      "side_mean": -33.972293853759766
    },
    {
      "high_freq": 12199.2666015625,
      "loudness": -36.92346954345703,
      "loudness_range": 15.873641967773438,
      "low_freq": 7314.1640625,
      "mid_mean": -35.40641403198242,
      "mid_to_side_loudness": -5.439076900482178,
      "mid_to_side_loudness_range": 7.319782257080078,
      "side_mean": -51.49470901489258
    },
    {
      "loudness": -44.40899658203125,
      "loudness_range": 19.355899810791016,
      "low_freq": 12199.2666015625,
      "mid_mean": -52.34157180786133,
      "mid_to_side_loudness": -7.852842807769775,
      "mid_to_side_loudness_range": 12.32378101348877,
      "side_mean": -58.61872100830078
    }
  ],
  "bands_short": [
    {
      "high_freq": 148.1999969482422,
      "loudness": -33.38750076293945,
      "loudness_range": 20.61467742919922,
      "mid_mean": -32.512752532958984,
      "mid_to_side_loudness": -5.058537483215332,
      "mid_to_side_loudness_range": 17.81391716003418,
      "side_mean": -37.635196685791016
    },
    {
      "high_freq": 392.3793640136719,
      "loudness": -24.24962043762207,
      "loudness_range": 17.521472930908203,
      "low_freq": 148.1999969482422,
      "mid_mean": -23.547998428344727,
      "mid_to_side_loudness": -1.6627123355865479,
      "mid_to_side_loudness_range": 13.048351287841797,
      "side_mean": -26.720001220703125
    },
    {
      "high_freq": 794.6976318359375,
      "loudness": -22.29670524597168,
      "loudness_range": 11.4134521484375,
      "low_freq": 392.3793640136719,
      "mid_mean": -22.036287307739258,
      "mid_to_side_loudness": -3.7171735763549805,
      "mid_to_side_loudness_range": 9.052488327026367,
      "side_mean": -25.401782989501953
    },
    {
      "high_freq": 1457.5709228515625,
      "loudness": -23.594350814819336,
      "loudness_range": 13.123674392700195,
      "low_freq": 794.6976318359375,
      "mid_mean": -22.82626724243164,
      "mid_to_side_loudness": -4.001724720001221,
      "mid_to_side_loudness_range": 7.266668319702148,
      "side_mean": -27.100448608398438
    },
    {
      "high_freq": 2549.74365234375,
      "loudness": -23.603578567504883,
      "loudness_range": 16.156709671020508,
      "low_freq": 1457.5709228515625,
      "mid_mean": -23.20458221435547,
      "mid_to_side_loudness": -4.28245210647583,
      "mid_to_side_loudness_range": 6.750444412231445,
      "side_mean": -27.207015991210938
    },
    {
      "high_freq": 4349.24462890625,
      "loudness": -25.504064559936523,
      "loudness_range": 16.084880828857422,
      "low_freq": 2549.74365234375,
      "mid_mean": -24.90807342529297,
      "mid_to_side_loudness": -4.091646194458008,
      "mid_to_side_loudness_range": 5.1069655418396,
      "side_mean": -28.816024780273438
    },
    {
      "high_freq": 7314.1640625,
      "loudness": -30.397905349731445,
      "loudness_range": 17.706043243408203,
      "low_freq": 4349.24462890625,
      "mid_mean": -29.511384963989258,
      "mid_to_side_loudness": -4.198252201080322,
      "mid_to_side_loudness_range": 4.830683708190918,
      "side_mean": -33.72391128540039
    },
    {
      "high_freq": 12199.2666015625,
      "loudness": -37.12070083618164,
      "loudness_range": 17.54378890991211,
      "low_freq": 7314.1640625,
      "mid_mean": -36.46199417114258,
      "mid_to_side_loudness": -5.314172267913818,
      "mid_to_side_loudness_range": 7.5400238037109375,
      "side_mean": -51.98488235473633
    },
    {
      "loudness": -45.612884521484375,
      "loudness_range": 22.214847564697266,
      "low_freq": 12199.2666015625,
      "mid_mean": -53.67042541503906,
      "mid_to_side_loudness": -7.3627471923828125,
      "mid_to_side_loudness_range": 12.383766174316406,
      "side_mean": -59.33042526245117
    }
  ],
  "bandwidth": 841.7470092773438,
  "channels": 2,
  "covariance": [
    [
      67.1829833984375,
      49.3215217590332,
      58.58696365356445,
      57.75203323364258,
      67.39735412597656,
      52.13504409790039,
      53.423492431640625,
      53.38850784301758,
      58.06875991821289,
      50.495853424072266,
      43.907920837402344,
      38.00921630859375,
      24.684980392456055,
      33.60749435424805,
      21.087488174438477,
      80.43162536621094,
      74.06912231445312,
      50.56010055541992
    ],
    [
      49.3215217590332,
      46.93669128417969,
      41.95500564575195,
      42.41880798339844,
      45.457069396972656,
      32.76768112182617,
      31.515748977661133,
      32.08979034423828,
      36.88522720336914,
      32.06046676635742,
      28.9532413482666,
      26.017478942871094,
      24.626379013061523,
      24.965391159057617,
      21.864341735839844,
      60.21989822387695,
      54.28784942626953,
      38.55577850341797
    ],
    [
      58.58696365356445,
      41.95500564575195,
      60.809993743896484,
      57.474090576171875,
      67.07392120361328,
      54.52351379394531,
      57.509700775146484,
      56.97455978393555,
      60.899478912353516,
      54.524749755859375,
      52.837154388427734,
      46.56743621826172,
      30.604049682617188,
      39.825531005859375,
      27.406574249267578,
      83.05815887451172,
      80.20265197753906,
      54.61178207397461
    ],
    [
      57.75203323364258,
      42.41880798339844,
      57.474090576171875,
      81.55713653564453,
      65.41767883300781,
      49.44568634033203,
      52.56441116333008,
      51.86519241333008,
      56.31211471557617,
      47.73478317260742,
      44.47737503051758,
      39.66144561767578,
      25.545330047607422,
      35.152793884277344,
      21.887603759765625,
      98.6666259765625,
      95.17558288574219,
      63.86580276489258
    ],
    [
      67.39735412597656,
      45.457069396972656,
      67.07392120361328,
      65.41767883300781,
      90.49900817871094,
      70.12217712402344,
      74.32632446289062,
      73.25473022460938,
      77.90460205078125,
      67.53811645507812,
      62.66883850097656,
      54.694236755371094,
      36.7204704284668,
      46.640647888183594,
      31.90152931213379,
      98.73175048828125,
      96.44505310058594,
      64.50959014892578
    ],
    [
      52.13504409790039,
      32.76768112182617,
      54.52351379394531,
      49.44568634033203,
      70.12217712402344,
      71.49150848388672,
      73.24361419677734,
      72.37666320800781,
      76.64392852783203,
      67.20697021484375,
      62.340003967285156,
      54.21318817138672,
      36.312255859375,
      45.54616928100586,
      31.579753875732422,
      83.61769104003906,
      82.29063415527344,
      55.553794860839844
    ],
    [
      53.423492431640625,
      31.515748977661133,
      57.509700775146484,
      52.56441116333008,
      74.32632446289062,
      73.24361419677734,
      80.46782684326172,
      78.6387939453125,
      84.11849975585938,
      72.75455474853516,
      68.67074584960938,
      60.45956802368164,
      42.886322021484375,
      53.00783157348633,
      38.517208099365234,
      90.58698272705078,
      92.34261322021484,
      61.32679748535156
    ],
    [
      53.38850784301758,
      32.08979034423828,
      56.97455978393555,
      51.86519241333008,
      73.25473022460938,
      72.37666320800781,
      78.6387939453125,
      77.90082550048828,
      82.97657775878906,
      71.64288330078125,
      66.1373062133789,
      57.58768844604492,
      41.08420181274414,
      49.906009674072266,
      36.81236267089844,
      89.0125732421875,
      90.55184936523438,
      60.230594635009766
    ],
    [
      58.06875991821289,
      36.88522720336914,
      60.899478912353516,
      56.31211471557617,
      77.90460205078125,
      76.64392852783203,
      84.11849975585938,
      82.97657775878906,
      91.865966796875,
      79.03087615966797,
      74.63851928710938,
      65.56847381591797,
      50.51524353027344,
      58.74748611450195,
      45.46936798095703,
      99.19351196289062,
      100.25106048583984,
      67.08208465576172
    ],
    [
      50.495853424072266,
      32.06046676635742,
      54.524749755859375,
      47.73478317260742,
      67.53811645507812,
      67.20697021484375,
      72.75455474853516,
      71.64288330078125,
      79.03087615966797,
      78.67544555664062,
      72.1162338256836,
      62.725868225097656,
      48.45066452026367,
      55.7374153137207,
      43.594215393066406,
      90.11646270751953,
      90.78907775878906,
      61.09951400756836
    ],
    [
      43.907920837402344,
      28.9532413482666,
      52.837154388427734,
      44.47737503051758,
      62.66883850097656,
      62.340003967285156,
      68.67074584960938,
      66.1373062133789,
      74.63851928710938,
      72.1162338256836,
      90.66449737548828,
      79.28634643554688,
      62.412010192871094,
      70.03742980957031,
      56.51314163208008,
      93.21641540527344,
      95.44966888427734,
      64.93889617919922
    ],
    [
      38.00921630859375,
      26.017478942871094,
      46.56743621826172,
      39.66144561767578,
      54.694236755371094,
      54.21318817138672,
      60.45956802368164,
      57.58768844604492,
      65.56847381591797,
      62.725868225097656,
      79.28634643554688,
      79.91653442382812,
      62.25482940673828,
      69.64356231689453,
      56.341243743896484,
      84.61182403564453,
      86.91270446777344,
      59.737003326416016
    ],
    [
      24.684980392456055,
      24.626379013061523,
      30.604049682617188,
      25.545330047607422,
      36.7204704284668,
      36.312255859375,
      42.886322021484375,
      41.08420181274414,
      50.51524353027344,
      48.45066452026367,
      62.412010192871094,
      62.25482940673828,
      76.94500732421875,
      74.55022430419922,
      70.91980743408203,
      73.84403228759766,
      78.65794372558594,
      55.22231674194336
    ],
    [
      33.60749435424805,
      24.965391159057617,
      39.825531005859375,
      35.152793884277344,
      46.640647888183594,
      45.54616928100586,
      53.00783157348633,
      49.906009674072266,
      58.74748611450195,
      55.7374153137207,
      70.03742980957031,
      69.64356231689453,
      74.55022430419922,
      82.6671142578125,
      67.78849029541016,
      80.16832733154297,
      82.94328308105469,
      58.14580535888672
    ],
    [
      21.087488174438477,
      21.864341735839844,
      27.406574249267578,
      21.887603759765625,
      31.90152931213379,
      31.579753875732422,
      38.517208099365234,
      36.81236267089844,
      45.46936798095703,
      43.594215393066406,
      56.51314163208008,
      56.341243743896484,
      70.91980743408203,
      67.78849029541016,
      79.34912109375,
      71.2984619140625,
      80.91194915771484,
      56.36116027832031
    ],
    [
      80.43162536621094,
      60.21989822387695,
      83.05815887451172,
      98.6666259765625,
      98.73175048828125,
      83.61769104003906,
      90.58698272705078,
      89.0125732421875,
      99.19351196289062,
      90.11646270751953,
      93.21641540527344,
      84.61182403564453,
      73.84403228759766,
      80.16832733154297,
      71.2984619140625,
      219.2375030517578,
      215.38111877441406,
      142.1427764892578
    ],
    [
      74.06912231445312,
      54.28784942626953,
      80.20265197753906,
      95.17558288574219,
      96.44505310058594,
      82.29063415527344,
      92.34261322021484,
      90.55184936523438,
      100.25106048583984,
      90.78907775878906,
      95.44966888427734,
      86.91270446777344,
      78.65794372558594,
      82.94328308105469,
      80.91194915771484,
      215.38111877441406,
      220.02093505859375,
      143.5777130126953
    ],
    [
      50.56010055541992,
      38.55577850341797,
      54.61178207397461,
      63.86580276489258,
      64.50959014892578,
      55.553794860839844,
      61.32679748535156,
      60.230594635009766,
      67.08208465576172,
      61.09951400756836,
      64.93889617919922,
      59.737003326416016,
      55.22231674194336,
      58.14580535888672,
      56.36116027832031,
      142.1427764892578,
      143.5777130126953,
      95.16197204589844
    ]
  ],
  "covariance_short": [
    [
      87.57199096679688,
      51.07432174682617,
      58.57141876220703,
      60.500789642333984,
      49.967185974121094,
      41.85713195800781,
      41.66545486450195,
      44.5480842590332,
      46.84757614135742,
      39.72734832763672,
      29.209936141967773,
      26.51180076599121,
      25.887529373168945,
      21.779394149780273,
      24.3365478515625,
      80.63208770751953,
      71.20841979980469,
      49.387325286865234
    ],
    [
      51.07432174682617,
      76.56769561767578,
      31.494815826416016,
      40.95290756225586,
      29.329547882080078,
      23.801189422607422,
      23.910593032836914,
      25.76148796081543,
      28.730525970458984,
      24.369064331054688,
      20.024831771850586,
      19.13115882873535,
      24.106281280517578,
      22.27708625793457,
      25.612503051757812,
      60.367652893066406,
      52.884185791015625,
      37.52250671386719
    ],
    [
      58.57141876220703,
      31.494815826416016,
      69.84046173095703,
      60.49160385131836,
      53.79140090942383,
      48.963462829589844,
      49.15159225463867,
      52.26777267456055,
      51.91047286987305,
      47.65122604370117,
      41.89581298828125,
      38.54525375366211,
      34.46249008178711,
      28.758630752563477,
      31.525453567504883,
      85.87059783935547,
      80.1836929321289,
      54.55562973022461
    ],
    [
      60.500789642333984,
      40.95290756225586,
      60.49160385131836,
      79.02167510986328,
      50.852027893066406,
      43.357330322265625,
      43.037872314453125,
      46.70412063598633,
      46.933998107910156,
      39.490657806396484,
      33.50674819946289,
      31.31563949584961,
      28.073068618774414,
      23.68345832824707,
      25.17694664001465,
      92.62020874023438,
      86.09264373779297,
      58.149200439453125
    ],
    [
      49.967185974121094,
      29.329547882080078,
      53.79140090942383,
      50.852027893066406,
      75.4180908203125,
      64.09325408935547,
      65.04039001464844,
      66.0570068359375,
      68.16278076171875,
      59.67759704589844,
      49.78350830078125,
      45.66639709472656,
      41.93539047241211,
      34.10248947143555,
      37.15764236450195,
      86.08172607421875,
      82.21708679199219,
      55.89737319946289
    ],
    [
      41.85713195800781,
      23.801189422607422,
      48.963462829589844,
      43.357330322265625,
      64.09325408935547,
      69.91796875,
      64.85362243652344,
      63.49494552612305,
      65.35456085205078,
      61.52396011352539,
      51.63999557495117,
      47.46166229248047,
      43.00284194946289,
      34.98680114746094,
      37.511016845703125,
      80.19339752197266,
      76.6462631225586,
      52.230308532714844
    ],
    [
      41.66545486450195,
      23.910593032836914,
      49.15159225463867,
      43.037872314453125,
      65.04039001464844,
      64.85362243652344,
      74.4820327758789,
      66.0479736328125,
      70.37785339355469,
      65.45489501953125,
      56.36024475097656,
      51.916324615478516,
      49.37734603881836,
      40.519996643066406,
      46.15092849731445,
      85.44992065429688,
      86.60453033447266,
      57.87041091918945
    ],
    [
      44.5480842590332,
      25.76148796081543,
      52.26777267456055,
      46.70412063598633,
      66.0570068359375,
      63.49494552612305,
      66.0479736328125,
      76.57659912109375,
      69.22962951660156,
      63.70089340209961,
      54.983123779296875,
      50.44038772583008,
      47.189178466796875,
      39.0512580871582,
      44.41463088989258,
      86.41856384277344,
      87.21023559570312,
      58.25971221923828
    ],
    [
      46.84757614135742,
      28.730525970458984,
      51.91047286987305,
      46.933998107910156,
      68.16278076171875,
      65.35456085205078,
      70.37785339355469,
      69.22962951660156,
      84.9976577758789,
      70.85739135742188,
      62.76237106323242,
      57.42075729370117,
      56.643226623535156,
      46.85972595214844,
      53.42042922973633,
      93.5555191040039,
      95.5934829711914,
      63.914005279541016
    ],
    [
      39.72734832763672,
      24.369064331054688,
      47.65122604370117,
      39.490657806396484,
      59.67759704589844,
      61.52396011352539,
      65.45489501953125,
      63.70089340209961,
      70.85739135742188,
      75.1259536743164,
      61.387962341308594,
      56.25849533081055,
      54.54848098754883,
      46.047698974609375,
      51.326053619384766,
      86.1883316040039,
      86.5873031616211,
      58.82472610473633
    ],
    [
      29.209936141967773,
      20.024831771850586,
      41.89581298828125,
      33.50674819946289,
      49.78350830078125,
      51.63999557495117,
      56.36024475097656,
      54.983123779296875,
      62.76237106323242,
      61.387962341308594,
      80.83419799804688,
      73.4852294921875,
      69.99032592773438,
      59.99424362182617,
      65.86988067626953,
      85.96928405761719,
      89.47805786132812,
      61.132144927978516
    ],
    [
      26.51180076599121,
      19.13115882873535,
      38.54525375366211,
      31.31563949584961,
      45.66639709472656,
      47.46166229248047,
      51.916324615478516,
      50.44038772583008,
      57.42075729370117,
      56.25849533081055,
      73.4852294921875,
      75.42445373535156,
      69.98434448242188,
      59.742713928222656,
      64.71385955810547,
      80.85417175292969,
      83.5277099609375,
      57.860530853271484
    ],
    [
      25.887529373168945,
      24.106281280517578,
      34.46249008178711,
      28.073068618774414,
      41.93539047241211,
      43.00284194946289,
      49.37734603881836,
      47.189178466796875,
      56.643226623535156,
      54.54848098754883,
      69.99032592773438,
      69.98434448242188,
      88.39727020263672,
      74.40003204345703,
      84.82839965820312,
      85.26154327392578,
      92.79271697998047,
      64.01242065429688
    ],
    [
      21.779394149780273,
      22.27708625793457,
      28.758630752563477,
      23.68345832824707,
      34.10248947143555,
      34.98680114746094,
      40.519996643066406,
      39.0512580871582,
      46.85972595214844,
      46.047698974609375,
      59.99424362182617,
      59.742713928222656,
      74.40003204345703,
      73.52572631835938,
      80.38658905029297,
      74.7308578491211,
      79.8248519897461,
      56.29277420043945
    ],
    [
      24.3365478515625,
      25.612503051757812,
      31.525453567504883,
      25.17694664001465,
      37.15764236450195,
      37.511016845703125,
      46.15092849731445,
      44.41463088989258,
      53.42042922973633,
      51.326053619384766,
      65.86988067626953,
      64.71385955810547,
      84.82839965820312,
      80.38658905029297,
      102.00585174560547,
      87.42906951904297,
      103.11680603027344,
      70.48587799072266
    ],
    [
      80.63208770751953,
      60.367652893066406,
      85.87059783935547,
      92.62020874023438,
      86.08172607421875,
      80.19339752197266,
      85.44992065429688,
      86.41856384277344,
      93.5555191040039,
      86.1883316040039,
      85.96928405761719,
      80.85417175292969,
      85.26154327392578,
      74.7308578491211,
      87.42906951904297,
      218.8660430908203,
      209.28155517578125,
      139.85345458984375
    ],
    [
      71.20841979980469,
      52.884185791015625,
      80.1836929321289,
      86.09264373779297,
      82.21708679199219,
      76.6462631225586,
      86.60453033447266,
      87.21023559570312,
      95.5934829711914,
      86.5873031616211,
      89.47805786132812,
      83.5277099609375,
      92.79271697998047,
      79.8248519897461,
      103.11680603027344,
      209.28155517578125,
      216.70721435546875,
      140.94580078125
    ],
    [
      49.387325286865234,
      37.52250671386719,
      54.55562973022461,
      58.149200439453125,
      55.89737319946289,
      52.230308532714844,
      57.87041091918945,
      58.25971221923828,
      63.914005279541016,
      58.82472610473633,
      61.132144927978516,
      57.860530853271484,
      64.01242065429688,
      56.29277420043945,
      70.48587799072266,
      139.85345458984375,
      140.94580078125,
      95.1559829711914
    ]
  ],
  "damage": -9.723132133483887,
  "diff_bandwidth": 864.8407592773438,
  "dissonance": 9.43785224503357,
  "drr": 8.161797523498535,
  "dynamics": 4.161440372467041,
  "format": 1245190,
  "frames": 567232,
  "loudness": -12.29306411743164,
  "loudness_range": 16.290721893310547,
  "loudness_range_short": 15.599313735961914,
  "lowpass_true_peak_15khz": 0.09697221219539642,
  "mastering3_acoustic_entropies": [
    {
      "acoustic_entropy": 3.1771674156188965,
      "acoustic_entropy_mono": 3.0706169605255127,
      "band_eliminated_acoustic_entropies": [
        {
          "acoustic_entropy": 3.1752138137817383,
          "acoustic_entropy_side": 3.1767868995666504,
          "hz": 129.47220167065723
        },
        {
          "acoustic_entropy": 3.1428592205047607,
          "acoustic_entropy_side": 3.191354990005493,
          "hz": 202.92927478742237
        },
        {
          "acoustic_entropy": 3.2044408321380615,
          "acoustic_entropy_side": 3.242250442504883,
          "hz": 282.89161906338205
        },
        {
          "acoustic_entropy": 3.215972661972046,
          "acoustic_entropy_side": 3.199631452560425,
          "hz": 369.9353335868758
        },
        {
          "acoustic_entropy": 3.0749189853668213,
          "acoustic_entropy_side": 3.179274559020996,
          "hz": 464.6875360973435
        },
        {
          "acoustic_entropy": 2.9384043216705322,
          "acoustic_entropy_side": 3.0487282276153564,
          "hz": 567.8308811364784
        },
        {
          "acoustic_entropy": 3.2073822021484375,
          "acoustic_entropy_side": 3.186131000518799,
          "hz": 680.1084783214808
        },
        {
          "acoustic_entropy": 3.193756580352783,
          "acoustic_entropy_side": 3.1913363933563232,
          "hz": 802.3292461747484
        },
        {
          "acoustic_entropy": 3.192105531692505,
          "acoustic_entropy_side": 3.1798088550567627,
          "hz": 935.3737400823702
        },
        {
          "acoustic_entropy": 3.2795796394348145,
          "acoustic_entropy_side": 3.2020809650421143,
          "hz": 1080.2004963696966
        },
        {
          "acoustic_entropy": 3.1350317001342773,
          "acoustic_entropy_side": 3.1693947315216064,
          "hz": 1237.8529382007157
        },
        {
          "acoustic_entropy": 3.1660566329956055,
          "acoustic_entropy_side": 3.151414394378662,
          "hz": 1409.4668930556702
        },
        {
          "acoustic_entropy": 3.213676929473877,
          "acoustic_entropy_side": 3.186022996902466,
          "hz": 1596.2787759475705
        },
        {
          "acoustic_entropy": 3.176682710647583,
          "acoustic_entropy_side": 3.1682658195495605,
          "hz": 1799.6344973346393
        },
        {
          "acoustic_entropy": 3.185159683227539,
          "acoustic_entropy_side": 3.1796581745147705,
          "hz": 2020.9991599069049
        },
        {
          "acoustic_entropy": 3.224625587463379,
          "acoustic_entropy_side": 3.1871702671051025,
          "hz": 2261.9676141086993
        },
        {
          "acoustic_entropy": 3.1957004070281982,
          "acoustic_entropy_side": 3.182772159576416,
          "hz": 2524.2759484456974
        },
        {
          "acoustic_entropy": 3.210390329360962,
          "acoustic_entropy_side": 3.20007586479187,
          "hz": 2809.813997359896
        },
        {
          "acoustic_entropy": 3.163900375366211,
          "acoustic_entropy_side": 3.1767587661743164,
          "hz": 3120.6389567871424
        },
        {
          "acoustic_entropy": 3.1584556102752686,
          "acoustic_entropy_side": 3.1555371284484863,
          "hz": 3458.990205492291
        },
        {
          "acoustic_entropy": 3.1867575645446777,
          "acoustic_entropy_side": 3.182882308959961,
          "hz": 3827.305438964164
        },
        {
          "acoustic_entropy": 3.152860403060913,
          "acoustic_entropy_side": 3.1681509017944336,
          "hz": 4228.238232109126
        },
        {
          "acoustic_entropy": 3.1662328243255615,
          "acoustic_entropy_side": 3.175341844558716,
          "hz": 4664.6771572759235
        },
        {
          "acoustic_entropy": 3.159681558609009,
          "acoustic_entropy_side": 3.1748392581939697,
          "hz": 5139.766595350093
        },
        {
          "acoustic_entropy": 3.1663851737976074,
          "acoustic_entropy_side": 3.173893928527832,
          "hz": 5656.929389854203
        },
        {
          "acoustic_entropy": 3.156792402267456,
          "acoustic_entropy_side": 3.170844793319702,
          "hz": 6219.891507268283
        },
        {
          "acoustic_entropy": 3.170823097229004,
          "acoustic_entropy_side": 3.1738359928131104,
          "hz": 6832.70888123896
        },
        {
          "acoustic_entropy": 3.164593458175659,
          "acoustic_entropy_side": 3.1755573749542236,
          "hz": 7499.796634079867
        },
        {
          "acoustic_entropy": 3.1716532707214355,
          "acoustic_entropy_side": 3.176331043243408,
          "hz": 8225.96088609342
        },
        {
          "acoustic_entropy": 3.1754653453826904,
          "acoustic_entropy_side": 3.1764016151428223,
          "hz": 9016.43338188839
        },
        {
          "acoustic_entropy": 3.1802594661712646,
          "acoustic_entropy_side": 3.177046298980713,
          "hz": 9876.909183162974
        },
        {
          "acoustic_entropy": 3.182807445526123,
          "acoustic_entropy_side": 3.177422285079956,
          "hz": 10813.587699516042
        },
        {
          "acoustic_entropy": 3.173614025115967,
          "acoustic_entropy_side": 3.1771419048309326,
          "hz": 11833.21735289826
        },
        {
          "acoustic_entropy": 3.1722195148468018,
          "acoustic_entropy_side": 3.177048444747925,
          "hz": 12943.144197493959
        },
        {
          "acoustic_entropy": 3.182668447494507,
          "acoustic_entropy_side": 3.177180767059326,
          "hz": 14151.364845322005
        },
        {
          "acoustic_entropy": 3.1847996711730957,
          "acoustic_entropy_side": 3.1772191524505615,
          "hz": 15466.58407886509
        },
        {
          "acoustic_entropy": 3.185607671737671,
          "acoustic_entropy_side": 3.1772093772888184,
          "hz": 16898.27756580493
        },
        {
          "acoustic_entropy": 3.1807918548583984,
          "acoustic_entropy_side": 3.1771726608276367,
          "hz": 18456.760127700032
        },
        {
          "acoustic_entropy": 3.177656888961792,
          "acoustic_entropy_side": 3.177168130874634,
          "hz": 20153.260054456492
        },
        {
          "acoustic_entropy": 3.177244186401367,
          "acoustic_entropy_side": 3.1771676540374756,
          "hz": 22000.00000000001
        }
      ],
      "diff_acoustic_entropy": 1.2800307273864746,
      "sn": 6
    },
    {
      "acoustic_entropy": 5.141793251037598,
      "acoustic_entropy_mono": 4.8850483894348145,
      "band_eliminated_acoustic_entropies": [
        {
          "acoustic_entropy": 5.129632472991943,
          "acoustic_entropy_side": 5.139800548553467,
          "hz": 129.47220167065723
        },
        {
          "acoustic_entropy": 5.032351016998291,
          "acoustic_entropy_side": 5.230564117431641,
          "hz": 202.92927478742237
        },
        {
          "acoustic_entropy": 5.044290065765381,
          "acoustic_entropy_side": 5.0486674308776855,
          "hz": 282.89161906338205
        },
        {
          "acoustic_entropy": 5.132523059844971,
          "acoustic_entropy_side": 5.080433368682861,
          "hz": 369.9353335868758
        },
        {
          "acoustic_entropy": 4.849149227142334,
          "acoustic_entropy_side": 4.996996879577637,
          "hz": 464.6875360973435
        },
        {
          "acoustic_entropy": 4.895059108734131,
          "acoustic_entropy_side": 4.838430881500244,
          "hz": 567.8308811364784
        },
        {
          "acoustic_entropy": 5.0413689613342285,
          "acoustic_entropy_side": 5.0714592933654785,
          "hz": 680.1084783214808
        },
        {
          "acoustic_entropy": 4.995504856109619,
          "acoustic_entropy_side": 5.0645599365234375,
          "hz": 802.3292461747484
        },
        {
          "acoustic_entropy": 5.17195987701416,
          "acoustic_entropy_side": 5.139122009277344,
          "hz": 935.3737400823702
        },
        {
          "acoustic_entropy": 5.176646709442139,
          "acoustic_entropy_side": 5.15293025970459,
          "hz": 1080.2004963696966
        },
        {
          "acoustic_entropy": 5.142529010772705,
          "acoustic_entropy_side": 5.1295485496521,
          "hz": 1237.8529382007157
        },
        {
          "acoustic_entropy": 5.048342704772949,
          "acoustic_entropy_side": 5.119714260101318,
          "hz": 1409.4668930556702
        },
        {
          "acoustic_entropy": 5.169810771942139,
          "acoustic_entropy_side": 5.187256336212158,
          "hz": 1596.2787759475705
        },
        {
          "acoustic_entropy": 5.055153846740723,
          "acoustic_entropy_side": 5.091400146484375,
          "hz": 1799.6344973346393
        },
        {
          "acoustic_entropy": 5.0994038581848145,
          "acoustic_entropy_side": 5.0934834480285645,
          "hz": 2020.9991599069049
        },
        {
          "acoustic_entropy": 4.960901737213135,
          "acoustic_entropy_side": 5.04889440536499,
          "hz": 2261.9676141086993
        },
        {
          "acoustic_entropy": 5.206445693969727,
          "acoustic_entropy_side": 5.128250598907471,
          "hz": 2524.2759484456974
        },
        {
          "acoustic_entropy": 5.177788257598877,
          "acoustic_entropy_side": 5.1647491455078125,
          "hz": 2809.813997359896
        },
        {
          "acoustic_entropy": 4.998170375823975,
          "acoustic_entropy_side": 5.082524299621582,
          "hz": 3120.6389567871424
        },
        {
          "acoustic_entropy": 5.072559833526611,
          "acoustic_entropy_side": 5.0968146324157715,
          "hz": 3458.990205492291
        },
        {
          "acoustic_entropy": 5.120319366455078,
          "acoustic_entropy_side": 5.19329833984375,
          "hz": 3827.305438964164
        },
        {
          "acoustic_entropy": 5.093840599060059,
          "acoustic_entropy_side": 5.117122173309326,
          "hz": 4228.238232109126
        },
        {
          "acoustic_entropy": 5.144002437591553,
          "acoustic_entropy_side": 5.141403675079346,
          "hz": 4664.6771572759235
        },
        {
          "acoustic_entropy": 5.15690803527832,
          "acoustic_entropy_side": 5.146821975708008,
          "hz": 5139.766595350093
        },
        {
          "acoustic_entropy": 5.173087120056152,
          "acoustic_entropy_side": 5.145306587219238,
          "hz": 5656.929389854203
        },
        {
          "acoustic_entropy": 5.120984077453613,
          "acoustic_entropy_side": 5.120491981506348,
          "hz": 6219.891507268283
        },
        {
          "acoustic_entropy": 5.150498390197754,
          "acoustic_entropy_side": 5.140166759490967,
          "hz": 6832.70888123896
        },
        {
          "acoustic_entropy": 5.1326727867126465,
          "acoustic_entropy_side": 5.13583517074585,
          "hz": 7499.796634079867
        },
        {
          "acoustic_entropy": 5.078390121459961,
          "acoustic_entropy_side": 5.134618282318115,
          "hz": 8225.96088609342
        },
        {
          "acoustic_entropy": 5.123922824859619,
          "acoustic_entropy_side": 5.139523506164551,
          "hz": 9016.43338188839
        },
        {
          "acoustic_entropy": 5.153730392456055,
          "acoustic_entropy_side": 5.151311874389648,
          "hz": 9876.909183162974
        },
        {
          "acoustic_entropy": 5.176699161529541,
          "acoustic_entropy_side": 5.157054901123047,
          "hz": 10813.587699516042
        },
        {
          "acoustic_entropy": 5.08358097076416,
          "acoustic_entropy_side": 5.146383285522461,
          "hz": 11833.21735289826
        },
        {
          "acoustic_entropy": 5.082718849182129,
          "acoustic_entropy_side": 5.144338130950928,
          "hz": 12943.144197493959
        },
        {
          "acoustic_entropy": 5.105284690856934,
          "acoustic_entropy_side": 5.141956329345703,
          "hz": 14151.364845322005
        },
        {
          "acoustic_entropy": 5.056686878204346,
          "acoustic_entropy_side": 5.141014575958252,
          "hz": 15466.58407886509
        },
        {
          "acoustic_entropy": 4.997699737548828,
          "acoustic_entropy_side": 5.140617370605469,
          "hz": 16898.27756580493
        },
        {
          "acoustic_entropy": 5.06273889541626,
          "acoustic_entropy_side": 5.141530513763428,
          "hz": 18456.760127700032
        },
        {
          "acoustic_entropy": 5.123778820037842,
          "acoustic_entropy_side": 5.1416850090026855,
          "hz": 20153.260054456492
        },
        {
          "acoustic_entropy": 5.136464595794678,
          "acoustic_entropy_side": 5.141762733459473,
          "hz": 22000.00000000001
        }
      ],
      "diff_acoustic_entropy": 2.685572862625122,
      "sn": 12
    },
    {
      "acoustic_entropy": 7.780903339385986,
      "acoustic_entropy_mono": 7.593706130981445,
      "band_eliminated_acoustic_entropies": [
        {
          "acoustic_entropy": 7.705014228820801,
          "acoustic_entropy_side": 7.678105354309082,
          "hz": 129.47220167065723
        },
        {
          "acoustic_entropy": 7.874885082244873,
          "acoustic_entropy_side": 7.975794792175293,
          "hz": 202.92927478742237
        },
        {
          "acoustic_entropy": 8.024538040161133,
          "acoustic_entropy_side": 7.959482192993164,
          "hz": 282.89161906338205
        },
        {
          "acoustic_entropy": 8.063413619995117,
          "acoustic_entropy_side": 8.094890594482422,
          "hz": 369.9353335868758
        },
        {
          "acoustic_entropy": 7.953254222869873,
          "acoustic_entropy_side": 7.989383697509766,
          "hz": 464.6875360973435
        },
        {
          "acoustic_entropy": 7.8250603675842285,
          "acoustic_entropy_side": 7.739258289337158,
          "hz": 567.8308811364784
        },
        {
          "acoustic_entropy": 7.4215192794799805,
          "acoustic_entropy_side": 7.604873180389404,
          "hz": 680.1084783214808
        },
        {
          "acoustic_entropy": 7.96076774597168,
          "acoustic_entropy_side": 7.790361404418945,
          "hz": 802.3292461747484
        },
        {
          "acoustic_entropy": 7.725717067718506,
          "acoustic_entropy_side": 7.8328776359558105,
          "hz": 935.3737400823702
        },
        {
          "acoustic_entropy": 7.901900291442871,
          "acoustic_entropy_side": 7.862814426422119,
          "hz": 1080.2004963696966
        },
        {
          "acoustic_entropy": 7.738786220550537,
          "acoustic_entropy_side": 7.7181878089904785,
          "hz": 1237.8529382007157
        },
        {
          "acoustic_entropy": 8.224077224731445,
          "acoustic_entropy_side": 7.974140167236328,
          "hz": 1409.4668930556702
        },
        {
          "acoustic_entropy": 7.852018356323242,
          "acoustic_entropy_side": 7.788339138031006,
          "hz": 1596.2787759475705
        },
        {
          "acoustic_entropy": 7.947622776031494,
          "acoustic_entropy_side": 7.919954776763916,
          "hz": 1799.6344973346393
        },
        {
          "acoustic_entropy": 7.706239700317383,
          "acoustic_entropy_side": 7.698062419891357,
          "hz": 2020.9991599069049
        },
        {
          "acoustic_entropy": 7.6924028396606445,
          "acoustic_entropy_side": 7.678592205047607,
          "hz": 2261.9676141086993
        },
        {
          "acoustic_entropy": 8.10586166381836,
          "acoustic_entropy_side": 7.9370832443237305,
          "hz": 2524.2759484456974
        },
        {
          "acoustic_entropy": 7.900733470916748,
          "acoustic_entropy_side": 7.837915420532227,
          "hz": 2809.813997359896
        },
        {
          "acoustic_entropy": 7.805572986602783,
          "acoustic_entropy_side": 7.819716930389404,
          "hz": 3120.6389567871424
        },
        {
          "acoustic_entropy": 7.854815483093262,
          "acoustic_entropy_side": 7.750482082366943,
          "hz": 3458.990205492291
        },
        {
