{
  "acoustic_entropy": 191.58363342285156,
  "bands": [
    {
      "high_freq": 148.1999969482422,
      "loudness": -31.511754989624023,
      "loudness_range": 22.330902099609375,
      "mid_mean": -28.08848762512207,
      "mid_to_side_loudness": -13.647491455078125,
      "mid_to_side_loudness_range": 12.638833999633789,
      "side_mean": -42.37704086303711
    },
    {
      "high_freq": 392.3793640136719,
      "loudness": -25.50252342224121,
      "loudness_range": 19.363611221313477,
      "low_freq": 148.1999969482422,
      "mid_mean": -22.375274658203125,
      "mid_to_side_loudness": -16.375343322753906,
      "mid_to_side_loudness_range": 26.678003311157227,
      "side_mean": -39.286537170410156
    },
    {
      "high_freq": 794.6976318359375,
      "loudness": -26.463708877563477,
      "loudness_range": 17.744279861450195,
      "low_freq": 392.3793640136719,
      "mid_mean": -24.08918571472168,
      "mid_to_side_loudness": -9.417332649230957,
      "mid_to_side_loudness_range": 24.63996124267578,
      "side_mean": -33.49098205566406
    },
    {
      "high_freq": 1457.5709228515625,
      "loudness": -33.07902145385742,
      "loudness_range": 20.614776611328125,
      "low_freq": 794.6976318359375,
      "mid_mean": -31.099468231201172,
      "mid_to_side_loudness": -6.219724655151367,
      "mid_to_side_loudness_range": 20.113449096679688,
      "side_mean": -37.237586975097656
    },
    {
      "high_freq": 2549.74365234375,
      "loudness": -37.01216125488281,
      "loudness_range": 21.020387649536133,
      "low_freq": 1457.5709228515625,
      "mid_mean": -34.72844314575195,
      "mid_to_side_loudness": -6.756816864013672,
      "mid_to_side_loudness_range": 16.37545394897461,
      "side_mean": -41.482810974121094
    },
    {
      "high_freq": 4349.24462890625,
      "loudness": -40.49822235107422,
      "loudness_range": 24.93575668334961,
      "low_freq": 2549.74365234375,
      "mid_mean": -37.894256591796875,
      "mid_to_side_loudness": -7.196959972381592,
      "mid_to_side_loudness_range": 12.265365600585938,
      "side_mean": -45.16524887084961
    },
    {
      "high_freq": 7314.1640625,
      "loudness": -49.00354766845703,
      "loudness_range": 23.898895263671875,
      "low_freq": 4349.24462890625,
      "mid_mean": -46.95152282714844,
      "mid_to_side_loudness": -3.840848207473755,
      "mid_to_side_loudness_range": 8.067602157592773,
      "side_mean": -51.172401428222656
    },
    {
      "high_freq": 12199.2666015625,
      "loudness": -51.38859558105469,
      "loudness_range": 27.956073760986328,
      "low_freq": 7314.1640625,
      "mid_mean": -50.1869010925293,
      "mid_to_side_loudness": -2.0257301330566406,
      "mid_to_side_loudness_range": 4.520917892456055,
      "side_mean": -52.11471939086914
    },
    {
      "loudness": -65.68282318115234,
      "loudness_range": 17.960426330566406,
      "low_freq": 12199.2666015625,
      "mid_mean": -63.566200256347656,
      "mid_to_side_loudness": 0.3820303976535797,
      "mid_to_side_loudness_range": 3.174323558807373,
      "side_mean": -63.26287841796875
    }
  ],
  "bands_short": [
    {
      "high_freq": 148.1999969482422,
      "loudness": -35.14115524291992,
      "loudness_range": 28.77295684814453,
      "mid_mean": -31.8043270111084,
      "mid_to_side_loudness": -12.950689315795898,
      "mid_to_side_loudness_range": 17.592700958251953,
      "side_mean": -45.224830627441406
    },
    {
      "high_freq": 392.3793640136719,
      "loudness": -26.327913284301758,
      "loudness_range": 21.397064208984375,
      "low_freq": 148.1999969482422,
      "mid_mean": -23.221534729003906,
      "mid_to_side_loudness": -16.01017951965332,
      "mid_to_side_loudness_range": 27.179277420043945,
      "side_mean": -40.019142150878906
    },
    {
      "high_freq": 794.6976318359375,
      "loudness": -28.064741134643555,
      "loudness_range": 24.164045333862305,
      "low_freq": 392.3793640136719,
      "mid_mean": -25.78682518005371,
      "mid_to_side_loudness": -10.020538330078125,
      "mid_to_side_loudness_range": 27.03496742248535,
      "side_mean": -36.4434700012207
    },
    {
      "high_freq": 1457.5709228515625,
      "loudness": -33.53769302368164,
      "loudness_range": 23.373937606811523,
      "low_freq": 794.6976318359375,
      "mid_mean": -31.818361282348633,
      "mid_to_side_loudness": -5.8437299728393555,
      "mid_to_side_loudness_range": 20.669464111328125,
      "side_mean": -37.385826110839844
    },
    {
      "high_freq": 2549.74365234375,
      "loudness": -38.789466857910156,
      "loudness_range": 25.525997161865234,
      "low_freq": 1457.5709228515625,
      "mid_mean": -36.725975036621094,
      "mid_to_side_loudness": -6.221266746520996,
      "mid_to_side_loudness_range": 17.440147399902344,
      "side_mean": -43.1341667175293
    },
    {
      "high_freq": 4349.24462890625,
      "loudness": -42.13660430908203,
      "loudness_range": 29.25792121887207,
      "low_freq": 2549.74365234375,
      "mid_mean": -39.81535339355469,
      "mid_to_side_loudness": -6.70206880569458,
      "mid_to_side_loudness_range": 13.985313415527344,
      "side_mean": -46.98959732055664
    },
    {
      "high_freq": 7314.1640625,
      "loudness": -51.27580642700195,
      "loudness_range": 24.091110229492188,
      "low_freq": 4349.24462890625,
      "mid_mean": -49.44282913208008,
      "mid_to_side_loudness": -3.794372081756592,
      "mid_to_side_loudness_range": 9.357152938842773,
      "side_mean": -53.37336349487305
    },
    {
      "high_freq": 12199.2666015625,
      "loudness": -54.15963363647461,
      "loudness_range": 27.782482147216797,
      "low_freq": 7314.1640625,
      "mid_mean": -52.717716217041016,
      "mid_to_side_loudness": -1.9958552122116089,
      "mid_to_side_loudness_range": 6.327211380004883,
      "side_mean": -54.57886505126953
    },
    {
      "loudness": -66.83655548095703,
      "loudness_range": 16.59154510498047,
      "low_freq": 12199.2666015625,
      "mid_mean": -64.35725402832031,
      "mid_to_side_loudness": 0.2960403561592102,
      "mid_to_side_loudness_range": 4.798185348510742,
      "side_mean": -64.12725067138672
    }
  ],
  "bandwidth": 503.4345397949219,
  "channels": 2,
  "covariance": [
    [
      64.7740707397461,
      47.72520065307617,
      5.6733808517456055,
      5.05485200881958,
      7.13187313079834,
      8.540870666503906,
      -3.260220766067505,
      -2.8574423789978027,
      -2.2317752838134766,
      -2.3266842365264893,
      0.2536279857158661,
      -2.612908363342285,
      -0.7359640002250671,
      -3.5373618602752686,
      2.040498971939087,
      0.5109431743621826,
      -0.1748579740524292,
      -1.0888704061508179
    ],
    [
      47.72520065307617,
      51.081363677978516,
      4.479207515716553,
      6.445404052734375,
      4.092825412750244,
      8.530570030212402,
      -2.8603460788726807,
      -0.1361243575811386,
      -4.862630367279053,
      -2.385220527648926,
      -2.776207685470581,
      -4.27711820602417,
      -3.102281332015991,
      -3.394979476928711,
      0.6844019889831543,
      -0.49504390358924866,
      -1.6638777256011963,
      -2.33712100982666
    ],
    [
      5.6733808517456055,
      4.479207515716553,
      55.02861404418945,
      14.958935737609863,
      23.967174530029297,
      0.6107264757156372,
      14.446866035461426,
      -4.078917503356934,
      18.77773094177246,
      1.9662806987762451,
      31.250938415527344,
      15.060791969299316,
      18.151838302612305,
      9.808967590332031,
      27.589740753173828,
      23.298500061035156,
      9.171954154968262,
      9.298222541809082
    ],
    [
      5.05485200881958,
      6.445404052734375,
      14.958935737609863,
      54.73372268676758,
      12.643683433532715,
      29.435537338256836,
      5.998910427093506,
      13.163222312927246,
      10.15006160736084,
      12.143136978149414,
      14.289687156677246,
      16.13412094116211,
      9.876673698425293,
      10.488452911376953,
      7.614893913269043,
      6.921284198760986,
      5.614105224609375,
      5.287562847137451
    ],
    [
      7.13187313079834,
      4.092825412750244,
      23.967174530029297,
      12.643683433532715,
      45.94270706176758,
      19.89467430114746,
      16.91405487060547,
      -2.1140472888946533,
      31.1202392578125,
      12.350245475769043,
      35.556983947753906,
      23.681127548217773,
      22.561704635620117,
      14.993912696838379,
      29.35941505432129,
      25.399133682250977,
      11.831971168518066,
      11.730982780456543
    ],
    [
      8.540870666503906,
      8.530570030212402,
      0.6107264757156372,
      29.435537338256836,
      19.89467430114746,
      76.10470581054688,
      9.211515426635742,
      31.596670150756836,
      11.66462230682373,
      24.699430465698242,
      10.957769393920898,
      23.321165084838867,
      5.913236618041992,
      11.441558837890625,
      -3.366089344024658,
      -2.2110555171966553,
      2.1130306720733643,
      0.9874482154846191
    ],
    [
      -3.260220766067505,
      -2.8603460788726807,
      14.446866035461426,
      5.998910427093506,
      16.91405487060547,
      9.211515426635742,
      51.89894485473633,
      40.735713958740234,
      24.04941177368164,
      19.745655059814453,
      22.09478187561035,
      20.359312057495117,
      13.59911823272705,
      11.65952205657959,
      12.659804344177246,
      11.83240795135498,
      6.710902690887451,
      6.180800914764404
    ],
    [
      -2.8574423789978027,
      -0.1361243575811386,
      -4.078917503356934,
      13.163222312927246,
      -2.1140472888946533,
      31.596670150756836,
      40.735713958740234,
      82.9889144897461,
      6.373188018798828,
      32.70254135131836,
      -3.4712717533111572,
      14.647318840026855,
      1.2146011590957642,
      9.970218658447266,
      -13.055832862854004,
      -9.7335205078125,
      -1.2067487239837646,
      -2.819014549255371
    ],
    [
      -2.2317752838134766,
      -4.862630367279053,
      18.77773094177246,
      10.15006160736084,
      31.1202392578125,
      11.66462230682373,
      24.04941177368164,
      6.373188018798828,
      55.31232452392578,
      33.610164642333984,
      50.10565948486328,
      39.74727249145508,
      30.511837005615234,
      25.254547119140625,
      31.125932693481445,
      28.65923309326172,
      13.731743812561035,
      13.913354873657227
    ],
    [
      -2.3266842365264893,
      -2.385220527648926,
      1.9662806987762451,
      12.143136978149414,
      12.350245475769043,
      24.699430465698242,
      19.745655059814453,
      32.70254135131836,
      33.610164642333984,
      49.664520263671875,
      20.52450180053711,
      31.652286529541016,
      13.422805786132812,
      19.400114059448242,
      2.6697747707366943,
      4.5484442710876465,
      3.6996448040008545,
      2.5862927436828613
    ],
    [
      0.2536279857158661,
      -2.776207685470581,
      31.250938415527344,
      14.289687156677246,
      35.556983947753906,
      10.957769393920898,
      22.09478187561035,
      -3.4712717533111572,
      50.10565948486328,
      20.52450180053711,
      73.87823486328125,
      51.74118423461914,
      45.93511962890625,
      34.13325500488281,
      51.49721145629883,
      46.17464065551758,
      21.81658172607422,
      22.529634475708008
    ],
    [
      -2.612908363342285,
      -4.27711820602417,
      15.060791969299316,
      16.13412094116211,
      23.681127548217773,
      23.321165084838867,
      20.359312057495117,
      14.647318840026855,
      39.74727249145508,
      31.652286529541016,
      51.74118423461914,
      50.874691009521484,
      32.88822555541992,
      31.116689682006836,
      27.413145065307617,
      26.57493782043457,
      13.859221458435059,
      14.01972484588623
    ],
    [
      -0.7359640002250671,
      -3.102281332015991,
      18.151838302612305,
      9.876673698425293,
      22.561704635620117,
      5.913236618041992,
      13.59911823272705,
      1.2146011590957642,
      30.511837005615234,
      13.422805786132812,
      45.93511962890625,
      32.88822555541992,
      60.123233795166016,
      49.4154167175293,
      62.327022552490234,
      58.561161041259766,
      29.166040420532227,
      30.90003204345703
    ],
    [
      -3.5373618602752686,
      -3.394979476928711,
      9.808967590332031,
      10.488452911376953,
      14.993912696838379,
      11.441558837890625,
      11.65952205657959,
      9.970218658447266,
      25.254547119140625,
      19.400114059448242,
      34.13325500488281,
      31.116689682006836,
      49.4154167175293,
      53.69673156738281,
      53.10106658935547,
      51.84993362426758,
      25.109468460083008,
      27.007604598999023
    ],
    [
      2.040498971939087,
      0.6844019889831543,
      27.589740753173828,
      7.614893913269043,
      29.35941505432129,
      -3.366089344024658,
      12.659804344177246,
      -13.055832862854004,
      31.125932693481445,
      2.6697747707366943,
      51.49721145629883,
      27.413145065307617,
      62.327022552490234,
      53.10106658935547,
      90.06195831298828,
      82.46903991699219,
      37.30048751831055,
      39.670475006103516
    ],
    [
      0.5109431743621826,
      -0.49504390358924866,
      23.298500061035156,
      6.921284198760986,
      25.399133682250977,
      -2.2110555171966553,
      11.83240795135498,
      -9.7335205078125,
      28.65923309326172,
      4.5484442710876465,
      46.17464065551758,
      26.57493782043457,
      58.561161041259766,
      51.84993362426758,
      82.46903991699219,
      77.72468566894531,
      34.6105842590332,
      37.801246643066406
    ],
    [
      -0.1748579740524292,
      -1.6638777256011963,
      9.171954154968262,
      5.614105224609375,
      11.831971168518066,
      2.1130306720733643,
      6.710902690887451,
      -1.2067487239837646,
      13.731743812561035,
      3.6996448040008545,
      21.81658172607422,
      13.859221458435059,
      29.166040420532227,
      25.109468460083008,
      37.30048751831055,
      34.6105842590332,
      20.9881649017334,
      21.548995971679688
    ],
    [
      -1.0888704061508179,
      -2.33712100982666,
      9.298222541809082,
      5.287562847137451,
      11.730982780456543,
      0.9874482154846191,
      6.180800914764404,
      -2.819014549255371,
      13.913354873657227,
      2.5862927436828613,
      22.529634475708008,
      14.01972484588623,
      30.90003204345703,
      27.007604598999023,
      39.670475006103516,
      37.801246643066406,
      21.548995971679688,
      23.315893173217773
    ]
  ],
  "covariance_short": [
    [
      108.44302368164062,
      74.6435317993164,
      11.810361862182617,
      12.347908973693848,
      10.368653297424316,
      19.068620681762695,
      -1.5936229228973389,
      2.894479751586914,
      -0.48076382279396057,
      1.2800079584121704,
      -1.1826605796813965,
      -3.1936466693878174,
      -1.8697551488876343,
      -3.1960084438323975,
      2.4119632244110107,
      0.9675666689872742,
      -0.2245570421218872,
      -0.75642991065979
    ],
    [
      74.6435317993164,
      77.8598403930664,
      8.71300220489502,
      12.478569984436035,
      9.585381507873535,
      15.288264274597168,
      -1.4896515607833862,
      1.0967533588409424,
      -1.074424147605896,
      -0.2230338752269745,
      -1.274351716041565,
      -3.949892520904541,
      -1.6976531744003296,
      -3.409318208694458,
      2.043226480484009,
      0.5177799463272095,
      -0.8962093591690063,
      -1.1115590333938599
    ],
    [
      11.810361862182617,
      8.71300220489502,
      65.44033813476562,
      17.099010467529297,
      30.661603927612305,
      3.9748470783233643,
      17.74773406982422,
      -1.8445197343826294,
      22.80841064453125,
      8.12353229522705,
      33.18389129638672,
      20.197446823120117,
      14.732088088989258,
      7.639155387878418,
      22.59418296813965,
      17.62038803100586,
      2.920858860015869,
      2.8202321529388428
    ],
    [
      12.347908973693848,
      12.478569984436035,
      17.099010467529297,
      51.760276794433594,
      17.6190185546875,
      37.09404754638672,
      7.3489274978637695,
      12.627625465393066,
      11.825592994689941,
      15.4368257522583,
      12.284520149230957,
      17.032678604125977,
      11.206499099731445,
      11.519890785217285,
      6.630749702453613,
      5.725508689880371,
      3.3729279041290283,
      2.966273546218872
    ],
    [
      10.368653297424316,
      9.585381507873535,
      30.661603927612305,
      17.6190185546875,
      74.71839904785156,
      43.65913391113281,
      24.246923446655273,
      2.3938727378845215,
      40.23448181152344,
      22.970108032226562,
      42.233333587646484,
      32.608821868896484,
      23.361106872558594,
      16.998756408691406,
      29.269229888916016,
      24.15717887878418,
      7.684656620025635,
      7.808807373046875
    ],
    [
      19.068620681762695,
      15.288264274597168,
      3.9748470783233643,
      37.09404754638672,
      43.65913391113281,
      119.66539001464844,
      14.138921737670898,
      28.96817970275879,
      27.00606346130371,
      37.84466552734375,
      25.877378463745117,
      39.26055145263672,
      20.498889923095703,
      24.37579345703125,
      9.006058692932129,
      8.840216636657715,
      6.6095781326293945,
      6.2787675857543945
    ],
    [
      -1.5936229228973389,
      -1.4896515607833862,
      17.74773406982422,
      7.3489274978637695,
      24.246923446655273,
      14.138921737670898,
      67.83342742919922,
      52.062191009521484,
      30.228679656982422,
      28.434736251831055,
      27.55545425415039,
      28.467702865600586,
      17.9693546295166,
      18.134157180786133,
      15.146392822265625,
      14.172128677368164,
      6.180623531341553,
      5.874859809875488
    ],
    [
      2.894479751586914,
      1.0967533588409424,
      -1.8445197343826294,
      12.627625465393066,
      2.3938727378845215,
      28.96817970275879,
      52.062191009521484,
      97.55918884277344,
      12.787702560424805,
      37.14823913574219,
      2.2338671684265137,
      21.709890365600586,
      10.509383201599121,
      20.15001106262207,
      -3.9493446350097656,
      -0.5374489426612854,
      2.4417035579681396,
      1.5854942798614502
    ],
    [
      -0.48076382279396057,
      -1.074424147605896,
      22.80841064453125,
      11.825592994689941,
      40.23448181152344,
      27.00606346130371,
      30.228679656982422,
      12.787702560424805,
      75.0513916015625,
      52.46571350097656,
      63.60065841674805,
      54.789512634277344,
      39.56814956665039,
      35.31328201293945,
      36.82815170288086,
      33.725189208984375,
      13.074095726013184,
      13.332844734191895
    ],
    [
      1.2800079584121704,
      -0.2230338752269745,
      8.12353229522705,
      15.4368257522583,
      22.970108032226562,
      37.84466552734375,
      28.434736251831055,
      37.14823913574219,
      52.46571350097656,
      73.98202514648438,
      33.64931106567383,
      49.063018798828125,
      25.681734085083008,
      32.54342269897461,
      12.233231544494629,
      14.443747520446777,
      5.847074508666992,
      5.559280872344971
    ],
    [
      -1.1826605796813965,
      -1.274351716041565,
      33.18389129638672,
      12.284520149230957,
      42.233333587646484,
      25.877378463745117,
      27.55545425415039,
      2.2338671684265137,
      63.60065841674805,
      33.64931106567383,
      95.7340316772461,
      69.7517318725586,
      58.734596252441406,
      46.4993896484375,
      60.86961364746094,
      54.40422439575195,
      22.559738159179688,
      23.357072830200195
    ],
    [
      -3.1936466693878174,
      -3.949892520904541,
      20.197446823120117,
      17.032678604125977,
      32.608821868896484,
      39.26055145263672,
      28.467702865600586,
      21.709890365600586,
      54.789512634277344,
      49.063018798828125,
      69.7517318725586,
      76.02342987060547,
      50.05583953857422,
      49.13452911376953,
      40.63967514038086,
      40.52210998535156,
      16.31426239013672,
      17.745147705078125
    ],
    [
      -1.8697551488876343,
      -1.6976531744003296,
      14.732088088989258,
      11.206499099731445,
      23.361106872558594,
      20.498889923095703,
      17.9693546295166,
      10.509383201599121,
      39.56814956665039,
      25.681734085083008,
      58.734596252441406,
      50.05583953857422,
      73.95716094970703,
      62.434696197509766,
      69.43901824951172,
      63.88581085205078,
      29.135040283203125,
      30.4320068359375
    ],
    [
      -3.1960084438323975,
      -3.409318208694458,
      7.639155387878418,
      11.519890785217285,
      16.998756408691406,
      24.37579345703125,
      18.134157180786133,
      20.15001106262207,
      35.31328201293945,
      32.54342269897461,
      46.4993896484375,
      49.13452911376953,
      62.434696197509766,
      65.24742889404297,
      57.007015228271484,
      56.30236053466797,
      24.62666130065918,
      27.045026779174805
    ],
    [
      2.4119632244110107,
      2.043226480484009,
      22.59418296813965,
      6.630749702453613,
      29.269229888916016,
      9.006058692932129,
      15.146392822265625,
      -3.9493446350097656,
      36.82815170288086,
      12.233231544494629,
      60.86961364746094,
      40.63967514038086,
      69.43901824951172,
      57.007015228271484,
      92.07610321044922,
      82.2365951538086,
      34.80812072753906,
      36.338687896728516
    ],
    [
      0.9675666689872742,
      0.5177799463272095,
      17.62038803100586,
      5.725508689880371,
      24.15717887878418,
      8.840216636657715,
      14.172128677368164,
      -0.5374489426612854,
      33.725189208984375,
      14.443747520446777,
      54.40422439575195,
      40.52210998535156,
      63.88581085205078,
      56.30236053466797,
      82.2365951538086,
      78.0727310180664,
      31.358097076416016,
      34.99470138549805
    ],
    [
      -0.2245570421218872,
      -0.8962093591690063,
      2.920858860015869,
      3.3729279041290283,
      7.684656620025635,
      6.6095781326293945,
      6.180623531341553,
      2.4417035579681396,
      13.074095726013184,
      5.847074508666992,
      22.559738159179688,
      16.31426239013672,
      29.135040283203125,
      24.62666130065918,
      34.80812072753906,
      31.358097076416016,
      19.216712951660156,
      19.134788513183594
    ],
    [
      -0.75642991065979,
      -1.1115590333938599,
      2.8202321529388428,
      2.966273546218872,
      7.808807373046875,
      6.2787675857543945,
      5.874859809875488,
      1.5854942798614502,
      13.332844734191895,
      5.559280872344971,
      23.357072830200195,
      17.745147705078125,
      30.4320068359375,
      27.045026779174805,
      36.338687896728516,
      34.99470138549805,
      19.134788513183594,
      21.238048553466797
    ]
  ],
  "damage": -8.645442962646484,
  "diff_bandwidth": 529.6727905273438,
  "dissonance": 5.681632208302907,
  "drr": 2.4338226318359375,
  "dynamics": 3.947377920150757,
  "format": 1245190,
  "frames": 8845312,
  "loudness": -16.131881713867188,
  "loudness_range": 11.48993968963623,
  "loudness_range_short": 14.695969581604004,
  "lowpass_true_peak_15khz": -1.0843290090560913,
  "mastering3_acoustic_entropies": [
    {
      "acoustic_entropy": 9.77786636352539,
      "acoustic_entropy_mono": 9.094521522521973,
      "band_eliminated_acoustic_entropies": [
        {
          "acoustic_entropy": 9.811064720153809,
          "acoustic_entropy_side": 9.779083251953125,
          "hz": 129.47220167065723
        },
        {
          "acoustic_entropy": 9.585707664489746,
          "acoustic_entropy_side": 9.779102325439453,
          "hz": 202.92927478742237
        },
        {
          "acoustic_entropy": 9.903138160705566,
          "acoustic_entropy_side": 9.777052879333496,
          "hz": 282.89161906338205
        },
        {
          "acoustic_entropy": 8.68564224243164,
          "acoustic_entropy_side": 9.826298713684082,
          "hz": 369.9353335868758
        },
        {
          "acoustic_entropy": 9.543207168579102,
          "acoustic_entropy_side": 9.962173461914062,
          "hz": 464.6875360973435
        },
        {
          "acoustic_entropy": 9.681655883789062,
          "acoustic_entropy_side": 9.930326461791992,
          "hz": 567.8308811364784
        },
        {
          "acoustic_entropy": 9.43938159942627,
          "acoustic_entropy_side": 9.703824043273926,
          "hz": 680.1084783214808
        },
        {
          "acoustic_entropy": 9.638736724853516,
          "acoustic_entropy_side": 10.442106246948242,
          "hz": 802.3292461747484
        },
        {
          "acoustic_entropy": 9.170527458190918,
          "acoustic_entropy_side": 9.654230117797852,
          "hz": 935.3737400823702
        },
        {
          "acoustic_entropy": 9.625351905822754,
          "acoustic_entropy_side": 9.569259643554688,
          "hz": 1080.2004963696966
        },
        {
          "acoustic_entropy": 9.155435562133789,
          "acoustic_entropy_side": 9.400120735168457,
          "hz": 1237.8529382007157
        },
        {
          "acoustic_entropy": 8.765218734741211,
          "acoustic_entropy_side": 9.296485900878906,
          "hz": 1409.4668930556702
        },
        {
          "acoustic_entropy": 9.760584831237793,
          "acoustic_entropy_side": 9.69764232635498,
          "hz": 1596.2787759475705
        },
        {
          "acoustic_entropy": 9.875900268554688,
          "acoustic_entropy_side": 9.767979621887207,
          "hz": 1799.6344973346393
        },
        {
          "acoustic_entropy": 9.784741401672363,
          "acoustic_entropy_side": 9.776881217956543,
          "hz": 2020.9991599069049
        },
        {
          "acoustic_entropy": 9.542699813842773,
          "acoustic_entropy_side": 9.779356002807617,
          "hz": 2261.9676141086993
        },
        {
          "acoustic_entropy": 9.818207740783691,
          "acoustic_entropy_side": 9.840540885925293,
          "hz": 2524.2759484456974
        },
        {
          "acoustic_entropy": 9.630908966064453,
          "acoustic_entropy_side": 9.764047622680664,
          "hz": 2809.813997359896
        },
        {
          "acoustic_entropy": 9.407326698303223,
          "acoustic_entropy_side": 9.751008987426758,
          "hz": 3120.6389567871424
        },
        {
          "acoustic_entropy": 9.615670204162598,
          "acoustic_entropy_side": 9.736736297607422,
          "hz": 3458.990205492291
        },
        {
          "acoustic_entropy": 9.802679061889648,
          "acoustic_entropy_side": 9.766514778137207,
          "hz": 3827.305438964164
        },
        {
          "acoustic_entropy": 9.771326065063477,
          "acoustic_entropy_side": 9.767730712890625,
          "hz": 4228.238232109126
        },
        {
          "acoustic_entropy": 9.83847713470459,
          "acoustic_entropy_side": 9.776199340820312,
          "hz": 4664.6771572759235
        },
        {
          "acoustic_entropy": 9.82029914855957,
          "acoustic_entropy_side": 9.780529022216797,
          "hz": 5139.766595350093
        },
        {
          "acoustic_entropy": 9.81371784210205,
          "acoustic_entropy_side": 9.78183650970459,
          "hz": 5656.929389854203
        },
        {
          "acoustic_entropy": 9.82780933380127,
          "acoustic_entropy_side": 9.78653335571289,
          "hz": 6219.891507268283
        },
        {
          "acoustic_entropy": 9.852505683898926,
          "acoustic_entropy_side": 9.799566268920898,
          "hz": 6832.70888123896
        },
        {
          "acoustic_entropy": 9.751358032226562,
          "acoustic_entropy_side": 9.809469223022461,
          "hz": 7499.796634079867
        },
        {
          "acoustic_entropy": 9.533756256103516,
          "acoustic_entropy_side": 9.802216529846191,
          "hz": 8225.96088609342
        },
        {
          "acoustic_entropy": 9.412257194519043,
          "acoustic_entropy_side": 9.789353370666504,
          "hz": 9016.43338188839
        },
        {
          "acoustic_entropy": 9.450697898864746,
          "acoustic_entropy_side": 9.71843147277832,
          "hz": 9876.909183162974
        },
        {
          "acoustic_entropy": 9.506551742553711,
          "acoustic_entropy_side": 9.714614868164062,
          "hz": 10813.587699516042
        },
        {
          "acoustic_entropy": 9.723563194274902,
          "acoustic_entropy_side": 9.786275863647461,
          "hz": 11833.21735289826
        },
        {
          "acoustic_entropy": 9.788836479187012,
          "acoustic_entropy_side": 9.785309791564941,
          "hz": 12943.144197493959
        },
        {
          "acoustic_entropy": 9.7799072265625,
          "acoustic_entropy_side": 9.779170989990234,
          "hz": 14151.364845322005
        },
        {
          "acoustic_entropy": 9.778072357177734,
          "acoustic_entropy_side": 9.778005599975586,
          "hz": 15466.58407886509
        },
        {
          "acoustic_entropy": 9.777889251708984,
          "acoustic_entropy_side": 9.777884483337402,
          "hz": 16898.27756580493
        },
        {
          "acoustic_entropy": 9.777867317199707,
          "acoustic_entropy_side": 9.77786636352539,
          "hz": 18456.760127700032
        },
        {
          "acoustic_entropy": 9.777867317199707,
          "acoustic_entropy_side": 9.777867317199707,
          "hz": 20153.260054456492
        },
        {
          "acoustic_entropy": 9.77786636352539,
          "acoustic_entropy_side": 9.77786636352539,
          "hz": 22000.00000000001
        }
      ],
      "diff_acoustic_entropy": 7.723873138427734,
      "sn": 6
    },
    {
      "acoustic_entropy": 16.28903579711914,
      "acoustic_entropy_mono": 14.247371673583984,
      "band_eliminated_acoustic_entropies": [
        {
          "acoustic_entropy": 16.333843231201172,
          "acoustic_entropy_side": 16.28949737548828,
          "hz": 129.47220167065723
        },
        {
          "acoustic_entropy": 17.096128463745117,
          "acoustic_entropy_side": 16.28524398803711,
          "hz": 202.92927478742237
        },
        {
          "acoustic_entropy": 17.161022186279297,
          "acoustic_entropy_side": 16.21269989013672,
          "hz": 282.89161906338205
        },
        {
          "acoustic_entropy": 15.946503639221191,
          "acoustic_entropy_side": 16.571683883666992,
          "hz": 369.9353335868758
        },
        {
          "acoustic_entropy": 17.00049591064453,
          "acoustic_entropy_side": 16.48668670654297,
          "hz": 464.6875360973435
        },
        {
          "acoustic_entropy": 16.51038932800293,
          "acoustic_entropy_side": 16.984678268432617,
          "hz": 567.8308811364784
        },
        {
          "acoustic_entropy": 17.12594985961914,
          "acoustic_entropy_side": 16.48101806640625,
          "hz": 680.1084783214808
        },
        {
          "acoustic_entropy": 16.602380752563477,
          "acoustic_entropy_side": 16.481332778930664,
          "hz": 802.3292461747484
        },
        {
          "acoustic_entropy": 15.648311614990234,
          "acoustic_entropy_side": 16.254928588867188,
          "hz": 935.3737400823702
        },
        {
          "acoustic_entropy": 16.172809600830078,
          "acoustic_entropy_side": 15.970808982849121,
          "hz": 1080.2004963696966
        },
        {
          "acoustic_entropy": 17.110273361206055,
          "acoustic_entropy_side": 16.83509063720703,
          "hz": 1237.8529382007157
        },
        {
          "acoustic_entropy": 16.143054962158203,
          "acoustic_entropy_side": 16.488378524780273,
          "hz": 1409.4668930556702
        },
        {
          "acoustic_entropy": 16.496728897094727,
          "acoustic_entropy_side": 16.40561866760254,
          "hz": 1596.2787759475705
        },
        {
          "acoustic_entropy": 16.66659927368164,
          "acoustic_entropy_side": 16.513540267944336,
          "hz": 1799.6344973346393
        },
        {
          "acoustic_entropy": 16.2145938873291,
          "acoustic_entropy_side": 16.358400344848633,
          "hz": 2020.9991599069049
        },
        {
          "acoustic_entropy": 16.342388153076172,
          "acoustic_entropy_side": 16.15701675415039,
          "hz": 2261.9676141086993
        },
        {
          "acoustic_entropy": 16.209367752075195,
          "acoustic_entropy_side": 16.19331169128418,
          "hz": 2524.2759484456974
        },
        {
          "acoustic_entropy": 15.95538330078125,
          "acoustic_entropy_side": 16.140504837036133,
          "hz": 2809.813997359896
        },
        {
          "acoustic_entropy": 16.061935424804688,
          "acoustic_entropy_side": 16.18037223815918,
          "hz": 3120.6389567871424
        },
        {
          "acoustic_entropy": 15.915421485900879,
          "acoustic_entropy_side": 16.266538619995117,
          "hz": 3458.990205492291
        },
        {
          "acoustic_entropy": 16.24435043334961,
          "acoustic_entropy_side": 16.267108917236328,
          "hz": 3827.305438964164
        },
        {
          "acoustic_entropy": 15.727133750915527,
          "acoustic_entropy_side": 16.241342544555664,
          "hz": 4228.238232109126
        },
        {
          "acoustic_entropy": 16.18143081665039,
          "acoustic_entropy_side": 16.28116226196289,
          "hz": 4664.6771572759235
        },
        {
          "acoustic_entropy": 16.26866912841797,
          "acoustic_entropy_side": 16.288570404052734,
          "hz": 5139.766595350093
        },
        {
          "acoustic_entropy": 16.279155731201172,
          "acoustic_entropy_side": 16.297691345214844,
          "hz": 5656.929389854203
        },
        {
          "acoustic_entropy": 16.253047943115234,
          "acoustic_entropy_side": 16.294830322265625,
          "hz": 6219.891507268283
        },
        {
          "acoustic_entropy": 16.21014976501465,
          "acoustic_entropy_side": 16.277252197265625,
          "hz": 6832.70888123896
        },
        {
          "acoustic_entropy": 16.194520950317383,
          "acoustic_entropy_side": 16.271209716796875,
          "hz": 7499.796634079867
        },
        {
          "acoustic_entropy": 16.075098037719727,
          "acoustic_entropy_side": 16.252716064453125,
          "hz": 8225.96088609342
        },
        {
          "acoustic_entropy": 16.03828239440918,
          "acoustic_entropy_side": 16.244773864746094,
          "hz": 9016.43338188839
        },
        {
          "acoustic_entropy": 15.834373474121094,
          "acoustic_entropy_side": 16.189430236816406,
          "hz": 9876.909183162974
        },
        {
          "acoustic_entropy": 15.890242576599121,
          "acoustic_entropy_side": 16.1832275390625,
          "hz": 10813.587699516042
        },
        {
          "acoustic_entropy": 16.1423282623291,
          "acoustic_entropy_side": 16.243288040161133,
          "hz": 11833.21735289826
        },
        {
          "acoustic_entropy": 16.2503719329834,
          "acoustic_entropy_side": 16.26648712158203,
          "hz": 12943.144197493959
        },
        {
          "acoustic_entropy": 16.280315399169922,
          "acoustic_entropy_side": 16.284284591674805,
          "hz": 14151.364845322005
        },
        {
          "acoustic_entropy": 16.28794288635254,
          "acoustic_entropy_side": 16.288330078125,
          "hz": 15466.58407886509
        },
        {
          "acoustic_entropy": 16.288938522338867,
          "acoustic_entropy_side": 16.288963317871094,
          "hz": 16898.27756580493
        },
        {
          "acoustic_entropy": 16.289030075073242,
          "acoustic_entropy_side": 16.289030075073242,
          "hz": 18456.760127700032
        },
        {
          "acoustic_entropy": 16.289033889770508,
          "acoustic_entropy_side": 16.289033889770508,
          "hz": 20153.260054456492
        },
        {
          "acoustic_entropy": 16.28903579711914,
          "acoustic_entropy_side": 16.28903579711914,
          "hz": 22000.00000000001
        }
      ],
      "diff_acoustic_entropy": 13.839295387268066,
      "sn": 12
    },
    {
      "acoustic_entropy": 26.46516990661621,
      "acoustic_entropy_mono": 21.524118423461914,
      "band_eliminated_acoustic_entropies": [
        {
          "acoustic_entropy": 25.455644607543945,
          "acoustic_entropy_side": 26.150789260864258,
          "hz": 129.47220167065723
        },
        {
          "acoustic_entropy": 27.161766052246094,
          "acoustic_entropy_side": 26.111543655395508,
          "hz": 202.92927478742237
        },
        {
          "acoustic_entropy": 26.680906295776367,
          "acoustic_entropy_side": 26.203868865966797,
          "hz": 282.89161906338205
        },
        {
          "acoustic_entropy": 25.794584274291992,
          "acoustic_entropy_side": 26.396747589111328,
          "hz": 369.9353335868758
        },
        {
          "acoustic_entropy": 26.78474235534668,
          "acoustic_entropy_side": 27.0706844329834,
          "hz": 464.6875360973435
        },
        {
          "acoustic_entropy": 26.12067222595215,
          "acoustic_entropy_side": 26.64158058166504,
          "hz": 567.8308811364784
        },
        {
          "acoustic_entropy": 26.368640899658203,
          "acoustic_entropy_side": 26.815908432006836,
          "hz": 680.1084783214808
        },
        {
          "acoustic_entropy": 26.61905288696289,
          "acoustic_entropy_side": 26.52029800415039,
          "hz": 802.3292461747484
        },
        {
          "acoustic_entropy": 25.068410873413086,
          "acoustic_entropy_side": 25.891448974609375,
          "hz": 935.3737400823702
        },
        {
          "acoustic_entropy": 26.701560974121094,
          "acoustic_entropy_side": 27.483915328979492,
          "hz": 1080.2004963696966
        },
        {
          "acoustic_entropy": 26.583772659301758,
          "acoustic_entropy_side": 26.57769203186035,
          "hz": 1237.8529382007157
        },
        {
          "acoustic_entropy": 26.38108253479004,
          "acoustic_entropy_side": 26.621442794799805,
          "hz": 1409.4668930556702
        },
        {
          "acoustic_entropy": 26.791610717773438,
          "acoustic_entropy_side": 27.177465438842773,
          "hz": 1596.2787759475705
        },
        {
          "acoustic_entropy": 26.088321685791016,
          "acoustic_entropy_side": 26.662887573242188,
          "hz": 1799.6344973346393
        },
        {
          "acoustic_entropy": 26.452903747558594,
          "acoustic_entropy_side": 26.678457260131836,
          "hz": 2020.9991599069049
        },
        {
          "acoustic_entropy": 27.022857666015625,
          "acoustic_entropy_side": 26.34274673461914,
          "hz": 2261.9676141086993
        },
        {
          "acoustic_entropy": 26.274137496948242,
          "acoustic_entropy_side": 26.76239585876465,
          "hz": 2524.2759484456974
        },
        {
          "acoustic_entropy": 27.18828582763672,
          "acoustic_entropy_side": 26.898008346557617,
          "hz": 2809.813997359896
        },
        {
