{
  "acoustic_entropy": 186.67584228515625,
  "bands": [
    {
      "high_freq": 148.1999969482422,
      "loudness": -46.862693786621094,
      "loudness_range": 31.040897369384766,
      "mid_mean": -45.15531539916992,
      "mid_to_side_loudness": -3.7533674240112305,
      "mid_to_side_loudness_range": 10.5266752243042,
      "side_mean": -49.372745513916016
    },
    {
      "high_freq": 392.3793640136719,
      "loudness": -38.083744049072266,
      "loudness_range": 20.578718185424805,
      "low_freq": 148.1999969482422,
      "mid_mean": -36.10677719116211,
      "mid_to_side_loudness": -3.61346697807312,
      "mid_to_side_loudness_range": 7.57963752746582,
      "side_mean": -39.68665313720703
    },
    {
      "high_freq": 794.6976318359375,
      "loudness": -33.6983757019043,
      "loudness_range": 20.89244270324707,
      "low_freq": 392.3793640136719,
      "mid_mean": -31.096416473388672,
      "mid_to_side_loudness": -5.647014141082764,
      "mid_to_side_loudness_range": 6.612598419189453,
      "side_mean": -36.870094299316406
    },
    {
      "high_freq": 1457.5709228515625,
      "loudness": -36.53262710571289,
      "loudness_range": 25.32956886291504,
      "low_freq": 794.6976318359375,
      "mid_mean": -33.87485885620117,
      "mid_to_side_loudness": -6.051408290863037,
      "mid_to_side_loudness_range": 6.451021194458008,
      "side_mean": -39.975711822509766
    },
    {
      "high_freq": 2549.74365234375,
      "loudness": -36.34741973876953,
      "loudness_range": 26.557395935058594,
      "low_freq": 1457.5709228515625,
      "mid_mean": -33.47849655151367,
      "mid_to_side_loudness": -6.673222064971924,
      "mid_to_side_loudness_range": 6.706018447875977,
      "side_mean": -40.45885467529297
    },
    {
      "high_freq": 4349.24462890625,
      "loudness": -37.19570541381836,
      "loudness_range": 26.09840202331543,
      "low_freq": 2549.74365234375,
      "mid_mean": -34.4827766418457,
      "mid_to_side_loudness": -6.957017421722412,
      "mid_to_side_loudness_range": 6.454361438751221,
      "side_mean": -41.714229583740234
    },
    {
      "high_freq": 7314.1640625,
      "loudness": -55.20438003540039,
      "loudness_range": 29.132858276367188,
      "low_freq": 4349.24462890625,
      "mid_mean": -53.76633071899414,
      "mid_to_side_loudness": -6.162578105926514,
      "mid_to_side_loudness_range": 5.725727081298828,
      "side_mean": -58.63534927368164
    },
    {
      "high_freq": 12199.2666015625,
      "loudness": -60.627044677734375,
      "loudness_range": 25.61449432373047,
      "low_freq": 7314.1640625,
      "mid_mean": -58.55496597290039,
      "mid_to_side_loudness": -6.576180458068848,
      "mid_to_side_loudness_range": 6.070130348205566,
      "side_mean": -63.055233001708984
    },
    {
      "loudness": -70.11536407470703,
      "loudness_range": 22.77906036376953,
      "low_freq": 12199.2666015625,
      "mid_mean": -65.67027282714844,
      "mid_to_side_loudness": -6.166838645935059,
      "mid_to_side_loudness_range": 6.325260162353516,
      "side_mean": -67.67832946777344
    }
  ],
  "bands_short": [
    {
      "high_freq": 148.1999969482422,
      "loudness": -49.11174011230469,
      "loudness_range": 29.836795806884766,
      "mid_mean": -49.24233627319336,
      "mid_to_side_loudness": -4.1004958152771,
      "mid_to_side_loudness_range": 16.115337371826172,
      "side_mean": -53.00212097167969
    },
    {
      "high_freq": 392.3793640136719,
      "loudness": -38.73456573486328,
      "loudness_range": 21.726415634155273,
      "low_freq": 148.1999969482422,
      "mid_mean": -36.96207046508789,
      "mid_to_side_loudness": -3.338395595550537,
      "mid_to_side_loudness_range": 10.22067642211914,
      "side_mean": -40.268436431884766
    },
    {
      "high_freq": 794.6976318359375,
      "loudness": -33.997947692871094,
      "loudness_range": 20.463863372802734,
      "low_freq": 392.3793640136719,
      "mid_mean": -31.54640769958496,
      "mid_to_side_loudness": -5.4639997482299805,
      "mid_to_side_loudness_range": 9.655007362365723,
      "side_mean": -37.09251022338867
    },
    {
      "high_freq": 1457.5709228515625,
      "loudness": -36.54480743408203,
      "loudness_range": 26.3691463470459,
      "low_freq": 794.6976318359375,
      "mid_mean": -34.0196418762207,
      "mid_to_side_loudness": -5.898989677429199,
      "mid_to_side_loudness_range": 9.519500732421875,
      "side_mean": -39.99101638793945
    },
    {
      "high_freq": 2549.74365234375,
      "loudness": -37.104007720947266,
      "loudness_range": 26.985321044921875,
      "low_freq": 1457.5709228515625,
      "mid_mean": -34.4117431640625,
      "mid_to_side_loudness": -6.42833948135376,
      "mid_to_side_loudness_range": 8.828217506408691,
      "side_mean": -41.0085563659668
    },
    {
      "high_freq": 4349.24462890625,
      "loudness": -37.41573715209961,
      "loudness_range": 26.96336555480957,
      "low_freq": 2549.74365234375,
      "mid_mean": -34.79179000854492,
      "mid_to_side_loudness": -6.691185474395752,
      "mid_to_side_loudness_range": 8.11861801147461,
      "side_mean": -41.83463668823242
    },
    {
      "high_freq": 7314.1640625,
      "loudness": -55.38901138305664,
      "loudness_range": 29.608150482177734,
      "low_freq": 4349.24462890625,
      "mid_mean": -54.10240936279297,
      "mid_to_side_loudness": -6.015542984008789,
      "mid_to_side_loudness_range": 6.677464485168457,
      "side_mean": -58.78879928588867
    },
    {
      "high_freq": 12199.2666015625,
      "loudness": -61.087684631347656,
      "loudness_range": 26.435649871826172,
      "low_freq": 7314.1640625,
      "mid_mean": -59.078269958496094,
      "mid_to_side_loudness": -6.339747428894043,
      "mid_to_side_loudness_range": 6.680829048156738,
      "side_mean": -63.27151107788086
    },
    {
      "loudness": -70.25869750976562,
      "loudness_range": 23.055931091308594,
      "low_freq": 12199.2666015625,
      "mid_mean": -65.86786651611328,
      "mid_to_side_loudness": -5.995715618133545,
      "mid_to_side_loudness_range": 6.856161117553711,
      "side_mean": -67.74386596679688
    }
  ],
  "bandwidth": 857.1796264648438,
  "channels": 2,
  "covariance": [
    [
      109.89910125732422,
      103.3693618774414,
      53.92819595336914,
      54.89744567871094,
      49.399898529052734,
      51.04063415527344,
      55.70365905761719,
      60.725303649902344,
      47.70935821533203,
      56.111568450927734,
      46.70246887207031,
      51.5941047668457,
      73.68821716308594,
      71.39640808105469,
      55.751625061035156,
      48.80934524536133,
      35.64543533325195,
      25.43195915222168
    ],
    [
      103.3693618774414,
      117.6363525390625,
      57.45271301269531,
      58.57011413574219,
      54.70659255981445,
      55.899417877197266,
      59.48482131958008,
      65.47870635986328,
      52.64516067504883,
      60.790443420410156,
      51.424163818359375,
      56.84095001220703,
      79.07246398925781,
      76.57784271240234,
      60.055503845214844,
      52.08722686767578,
      37.99131774902344,
      26.89972686767578
    ],
    [
      53.92819595336914,
      57.45271301269531,
      45.258583068847656,
      43.031341552734375,
      37.20688247680664,
      38.285240173339844,
      38.75722885131836,
      42.5050163269043,
      38.11589050292969,
      42.6194953918457,
      35.39039993286133,
      37.66283416748047,
      53.913970947265625,
      49.80766677856445,
      41.22127914428711,
      34.21060562133789,
      24.565649032592773,
      16.878559112548828
    ],
    [
      54.89744567871094,
      58.57011413574219,
      43.031341552734375,
      47.595645904541016,
      38.421321868896484,
      39.856483459472656,
      40.037986755371094,
      44.38607406616211,
      38.341915130615234,
      42.91511535644531,
      35.397403717041016,
      38.244529724121094,
      54.19276809692383,
      50.530208587646484,
      41.488555908203125,
      34.72706604003906,
      24.910058975219727,
      17.007970809936523
    ],
    [
      49.399898529052734,
      54.70659255981445,
      37.20688247680664,
      38.421321868896484,
      53.1519660949707,
      48.3972282409668,
      47.47480392456055,
      50.142818450927734,
      42.92999267578125,
      47.364418029785156,
      44.93982696533203,
      45.99470520019531,
      56.27849578857422,
      50.86956787109375,
      43.71139907836914,
      34.88468551635742,
      24.469335556030273,
      15.921573638916016
    ],
    [
      51.04063415527344,
      55.899417877197266,
      38.285240173339844,
      39.856483459472656,
      48.3972282409668,
      51.769100189208984,
      45.88160705566406,
      49.249755859375,
      40.71369171142578,
      46.160972595214844,
      40.679420471191406,
      43.23225021362305,
      56.4471549987793,
      51.58193588256836,
      43.022239685058594,
      34.93882369995117,
      24.447555541992188,
      16.075231552124023
    ],
    [
      55.70365905761719,
      59.48482131958008,
      38.75722885131836,
      40.037986755371094,
      47.47480392456055,
      45.88160705566406,
      74.55706787109375,
      71.6719970703125,
      51.84099578857422,
      56.48593521118164,
      58.23118591308594,
      59.69453048706055,
      68.9179916381836,
      62.76456069946289,
      55.49326705932617,
      45.05176544189453,
      31.740835189819336,
      20.809566497802734
    ],
    [
      60.725303649902344,
      65.47870635986328,
      42.5050163269043,
      44.38607406616211,
      50.142818450927734,
      49.249755859375,
      71.6719970703125,
      78.36569213867188,
      52.15072250366211,
      59.4838752746582,
      55.86461639404297,
      59.19594192504883,
      72.96435546875,
      67.33841705322266,
      57.426795959472656,
      47.675601959228516,
      33.60466766357422,
      22.495895385742188
    ],
    [
      47.70935821533203,
      52.64516067504883,
      38.11589050292969,
      38.341915130615234,
      42.92999267578125,
      40.71369171142578,
      51.84099578857422,
      52.15072250366211,
      80.09516906738281,
      73.06513977050781,
      69.320068359375,
      68.06098175048828,
      67.96381378173828,
      60.205162048339844,
      55.96843719482422,
      43.473594665527344,
      31.308815002441406,
      19.662166595458984
    ],
    [
      56.111568450927734,
      60.790443420410156,
      42.6194953918457,
      42.91511535644531,
      47.364418029785156,
      46.160972595214844,
      56.48593521118164,
      59.4838752746582,
      73.06513977050781,
      78.48873138427734,
      64.84785461425781,
      66.12428283691406,
      73.57901000976562,
      66.63490295410156,
      58.62387466430664,
      46.96126937866211,
      33.71375274658203,
      21.80691909790039
    ],
    [
      46.70246887207031,
      51.424163818359375,
      35.39039993286133,
      35.397403717041016,
      44.93982696533203,
      40.679420471191406,
      58.23118591308594,
      55.86461639404297,
      69.320068359375,
      64.84785461425781,
      84.10078430175781,
      77.10345458984375,
      68.18223571777344,
      59.94212341308594,
      57.80857467651367,
      44.16039276123047,
      31.011011123657227,
      19.420143127441406
    ],
    [
      51.5941047668457,
      56.84095001220703,
      37.66283416748047,
      38.244529724121094,
      45.99470520019531,
      43.23225021362305,
      59.69453048706055,
      59.19594192504883,
      68.06098175048828,
      66.12428283691406,
      77.10345458984375,
      77.82827758789062,
      71.2857437133789,
      64.3326187133789,
      58.75533676147461,
      46.52911376953125,
      32.77375030517578,
      21.117504119873047
    ],
    [
      73.68821716308594,
      79.07246398925781,
      53.913970947265625,
      54.19276809692383,
      56.27849578857422,
      56.4471549987793,
      68.9179916381836,
      72.96435546875,
      67.96381378173828,
      73.57901000976562,
      68.18223571777344,
      71.2857437133789,
      96.85047912597656,
      87.7899398803711,
      75.64385223388672,
      61.59257507324219,
      43.68295669555664,
      29.275861740112305
    ],
    [
      71.39640808105469,
      76.57784271240234,
      49.80766677856445,
      50.530208587646484,
      50.86956787109375,
      51.58193588256836,
      62.76456069946289,
      67.33841705322266,
      60.205162048339844,
      66.63490295410156,
      59.94212341308594,
      64.3326187133789,
      87.7899398803711,
      83.7530288696289,
      67.62737274169922,
      58.32988739013672,
      42.1224479675293,
      29.43048667907715
    ],
    [
      55.751625061035156,
      60.055503845214844,
      41.22127914428711,
      41.488555908203125,
      43.71139907836914,
      43.022239685058594,
      55.49326705932617,
      57.426795959472656,
      55.96843719482422,
      58.62387466430664,
      57.80857467651367,
      58.75533676147461,
      75.64385223388672,
      67.62737274169922,
      65.97566986083984,
      51.89170455932617,
      36.3404655456543,
      23.567224502563477
    ],
    [
      48.80934524536133,
      52.08722686767578,
      34.21060562133789,
      34.72706604003906,
      34.88468551635742,
      34.93882369995117,
      45.05176544189453,
      47.675601959228516,
      43.473594665527344,
      46.96126937866211,
      44.16039276123047,
      46.52911376953125,
      61.59257507324219,
      58.32988739013672,
      51.89170455932617,
      44.337486267089844,
      31.938518524169922,
      22.04308319091797
    ],
    [
      35.64543533325195,
      37.99131774902344,
      24.565649032592773,
      24.910058975219727,
      24.469335556030273,
      24.447555541992188,
      31.740835189819336,
      33.60466766357422,
      31.308815002441406,
      33.71375274658203,
      31.011011123657227,
      32.77375030517578,
      43.68295669555664,
      42.1224479675293,
      36.3404655456543,
      31.938518524169922,
      25.439117431640625,
      17.557523727416992
    ],
    [
      25.43195915222168,
      26.89972686767578,
      16.878559112548828,
      17.007970809936523,
      15.921573638916016,
      16.075231552124023,
      20.809566497802734,
      22.495895385742188,
      19.662166595458984,
      21.80691909790039,
      19.420143127441406,
      21.117504119873047,
      29.275861740112305,
      29.43048667907715,
      23.567224502563477,
      22.04308319091797,
      17.557523727416992,
      13.109752655029297
    ]
  ],
  "covariance_short": [
    [
      125.22888946533203,
      105.39088439941406,
      60.0984992980957,
      60.70066452026367,
      48.313629150390625,
      50.88016128540039,
      57.41958999633789,
      61.40184020996094,
      52.32646560668945,
      58.539527893066406,
      49.45067596435547,
      54.1284294128418,
      76.2747573852539,
      72.51619720458984,
      57.427284240722656,
      49.117767333984375,
      35.04312515258789,
      24.431793212890625
    ],
    [
      105.39088439941406,
      114.69403839111328,
      59.180992126464844,
      60.82685852050781,
      47.8430061340332,
      50.14840316772461,
      58.2753791809082,
      62.11540985107422,
      52.101417541503906,
      58.374053955078125,
      49.62429428100586,
      54.66138458251953,
      76.64046478271484,
      73.25765991210938,
      57.92814636230469,
      49.82616424560547,
      35.77485656738281,
      25.093490600585938
    ],
    [
      60.0984992980957,
      59.180992126464844,
      52.15168380737305,
      48.11009216308594,
      38.10246276855469,
      39.91799545288086,
      42.72616958618164,
      45.4716911315918,
      41.01185607910156,
      45.1137580871582,
      37.13494873046875,
      40.283634185791016,
      57.32030487060547,
      52.63938903808594,
      43.15650939941406,
      35.794979095458984,
      25.369455337524414,
      17.488327026367188
    ],
    [
      60.70066452026367,
      60.82685852050781,
      48.11009216308594,
      56.694732666015625,
      39.50716781616211,
      41.880611419677734,
      43.838802337646484,
      47.21623611450195,
      41.383304595947266,
      45.50132751464844,
      37.053672790527344,
      40.437442779541016,
      57.64226531982422,
      53.488948822021484,
      43.37736511230469,
      36.33727264404297,
      25.777921676635742,
      17.735193252563477
    ],
    [
      48.313629150390625,
      47.8430061340332,
      38.10246276855469,
      39.50716781616211,
      51.622528076171875,
      44.84147262573242,
      45.11713790893555,
      46.060935974121094,
      42.04402542114258,
      45.2606315612793,
      42.21602249145508,
      43.08218765258789,
      53.710174560546875,
      47.9328727722168,
      41.28434371948242,
      32.66303634643555,
      22.591367721557617,
      14.748923301696777
    ],
    [
      50.88016128540039,
      50.14840316772461,
      39.91799545288086,
      41.880611419677734,
      44.84147262573242,
      52.185386657714844,
      44.90201187133789,
      46.94399642944336,
      41.3460807800293,
      45.45409393310547,
      39.88723373413086,
      41.956790924072266,
      55.41644287109375,
      50.06149673461914,
      42.21853256225586,
      33.91111373901367,
      23.34063148498535,
      15.38936710357666
    ],
    [
      57.41958999633789,
      58.2753791809082,
      42.72616958618164,
      43.838802337646484,
      45.11713790893555,
      44.90201187133789,
      81.054931640625,
      72.64911651611328,
      54.44814682006836,
      57.35420227050781,
      60.14240646362305,
      61.362857818603516,
      71.7049331665039,
      64.75139617919922,
      57.157344818115234,
      46.1651725769043,
      32.032989501953125,
      21.072790145874023
    ],
    [
      61.40184020996094,
      62.11540985107422,
      45.4716911315918,
      47.21623611450195,
      46.060935974121094,
      46.94399642944336,
      72.64911651611328,
      80.15628051757812,
      54.30768966674805,
      58.932979583740234,
      56.578670501708984,
      59.84696960449219,
      73.53863525390625,
      67.32469177246094,
      57.515480041503906,
      47.49126434326172,
      32.99356460571289,
      22.06937599182129
    ],
    [
      52.32646560668945,
      52.101417541503906,
      41.01185607910156,
      41.383304595947266,
      42.04402542114258,
      41.3460807800293,
      54.44814682006836,
      54.30768966674805,
      85.4415283203125,
      75.3546142578125,
      70.23928833007812,
      69.433349609375,
      70.80669403076172,
      62.1403923034668,
      57.866180419921875,
      44.61730194091797,
      31.764949798583984,
      19.971376419067383
    ],
    [
      58.539527893066406,
      58.374053955078125,
      45.1137580871582,
      45.50132751464844,
      45.2606315612793,
      45.45409393310547,
      57.35420227050781,
      58.932979583740234,
      75.3546142578125,
      81.62649536132812,
      64.63607788085938,
      67.02586364746094,
      74.90062713623047,
      67.36676025390625,
      59.3601188659668,
      47.2841796875,
      33.60206604003906,
      21.721471786499023
    ],
    [
      49.45067596435547,
      49.62429428100586,
      37.13494873046875,
      37.053672790527344,
      42.21602249145508,
      39.88723373413086,
      60.14240646362305,
      56.578670501708984,
      70.23928833007812,
      64.63607788085938,
      90.68356323242188,
      79.88285064697266,
      69.88085174560547,
      60.706809997558594,
      59.472347259521484,
      44.91998291015625,
      31.156967163085938,
      19.47069549560547
    ],
    [
      54.1284294128418,
      54.66138458251953,
      40.283634185791016,
      40.437442779541016,
      43.08218765258789,
      41.956790924072266,
      61.362857818603516,
      59.84696960449219,
      69.433349609375,
      67.02586364746094,
      79.88285064697266,
      82.37618255615234,
      73.40260314941406,
      65.32762908935547,
      60.5661735534668,
      47.33205032348633,
      32.92337417602539,
      21.101734161376953
    ],
    [
      76.2747573852539,
      76.64046478271484,
      57.32030487060547,
      57.64226531982422,
      53.710174560546875,
      55.41644287109375,
      71.7049331665039,
      73.53863525390625,
      70.80669403076172,
      74.90062713623047,
      69.88085174560547,
      73.40260314941406,
      100.62730407714844,
      89.81968688964844,
      77.8493423461914,
      62.80754470825195,
      44.003684997558594,
      29.35828971862793
    ],
    [
      72.51619720458984,
      73.25765991210938,
      52.63938903808594,
      53.488948822021484,
      47.9328727722168,
      50.06149673461914,
      64.75139617919922,
      67.32469177246094,
      62.1403923034668,
      67.36676025390625,
      60.706809997558594,
      65.32762908935547,
      89.81968688964844,
      85.03133392333984,
      69.14042663574219,
      58.8687629699707,
      41.98943328857422,
      29.136001586914062
    ],
    [
      57.427284240722656,
      57.92814636230469,
      43.15650939941406,
      43.37736511230469,
      41.28434371948242,
      42.21853256225586,
      57.157344818115234,
      57.515480041503906,
      57.866180419921875,
      59.3601188659668,
      59.472347259521484,
      60.5661735534668,
      77.8493423461914,
      69.14042663574219,
      68.60900115966797,
      53.4270133972168,
      36.75996017456055,
      23.939334869384766
    ],
    [
      49.117767333984375,
      49.82616424560547,
      35.794979095458984,
      36.33727264404297,
      32.66303634643555,
      33.91111373901367,
      46.1651725769043,
      47.49126434326172,
      44.61730194091797,
      47.2841796875,
      44.91998291015625,
      47.33205032348633,
      62.80754470825195,
      58.8687629699707,
      53.4270133972168,
      45.31897735595703,
      31.95065689086914,
      22.009727478027344
    ],
    [
      35.04312515258789,
      35.77485656738281,
      25.369455337524414,
      25.777921676635742,
      22.591367721557617,
      23.34063148498535,
      32.032989501953125,
      32.99356460571289,
      31.764949798583984,
      33.60206604003906,
      31.156967163085938,
      32.92337417602539,
      44.003684997558594,
      41.98943328857422,
      36.75996017456055,
      31.95065689086914,
      25.684295654296875,
      17.611909866333008
    ],
    [
      24.431793212890625,
      25.093490600585938,
      17.488327026367188,
      17.735193252563477,
      14.748923301696777,
      15.38936710357666,
      21.072790145874023,
      22.06937599182129,
      19.971376419067383,
      21.721471786499023,
      19.47069549560547,
      21.101734161376953,
      29.35828971862793,
      29.136001586914062,
      23.939334869384766,
      22.009727478027344,
      17.611909866333008,
      13.084967613220215
    ]
  ],
  "damage": -14.52497386932373,
  "diff_bandwidth": 902.1264038085938,
  "dissonance": 9.66667976352986,
  "drr": -0.12024736404418945,
  "dynamics": 6.051243305206299,
  "format": 1245190,
  "frames": 18428864,
  "loudness": -23.424503326416016,
  "loudness_range": 21.937721252441406,
  "loudness_range_short": 22.400550842285156,
  "lowpass_true_peak_15khz": -0.048452604562044144,
  "mastering3_acoustic_entropies": [
    {
      "acoustic_entropy": 6.261447429656982,
      "acoustic_entropy_mono": 6.26246452331543,
      "band_eliminated_acoustic_entropies": [
        {
          "acoustic_entropy": 6.263472080230713,
          "acoustic_entropy_side": 6.262610912322998,
          "hz": 129.47220167065723
        },
        {
          "acoustic_entropy": 6.399896621704102,
          "acoustic_entropy_side": 6.341006755828857,
          "hz": 202.92927478742237
        },
        {
          "acoustic_entropy": 6.4236626625061035,
          "acoustic_entropy_side": 6.419122219085693,
          "hz": 282.89161906338205
        },
        {
          "acoustic_entropy": 6.314584732055664,
          "acoustic_entropy_side": 6.237759113311768,
          "hz": 369.9353335868758
        },
        {
          "acoustic_entropy": 6.390701770782471,
          "acoustic_entropy_side": 6.356823444366455,
          "hz": 464.6875360973435
        },
        {
          "acoustic_entropy": 6.45216703414917,
          "acoustic_entropy_side": 6.462579250335693,
          "hz": 567.8308811364784
        },
        {
          "acoustic_entropy": 6.33983039855957,
          "acoustic_entropy_side": 6.404343605041504,
          "hz": 680.1084783214808
        },
        {
          "acoustic_entropy": 6.864387035369873,
          "acoustic_entropy_side": 6.474095821380615,
          "hz": 802.3292461747484
        },
        {
          "acoustic_entropy": 6.061702728271484,
          "acoustic_entropy_side": 6.417660236358643,
          "hz": 935.3737400823702
        },
        {
          "acoustic_entropy": 6.13140869140625,
          "acoustic_entropy_side": 6.399633884429932,
          "hz": 1080.2004963696966
        },
        {
          "acoustic_entropy": 5.714096546173096,
          "acoustic_entropy_side": 6.1558051109313965,
          "hz": 1237.8529382007157
        },
        {
          "acoustic_entropy": 6.319333553314209,
          "acoustic_entropy_side": 6.513632774353027,
          "hz": 1409.4668930556702
        },
        {
          "acoustic_entropy": 6.4608283042907715,
          "acoustic_entropy_side": 6.246621131896973,
          "hz": 1596.2787759475705
        },
        {
          "acoustic_entropy": 6.631736755371094,
          "acoustic_entropy_side": 6.3638458251953125,
          "hz": 1799.6344973346393
        },
        {
          "acoustic_entropy": 6.973390579223633,
          "acoustic_entropy_side": 6.601529121398926,
          "hz": 2020.9991599069049
        },
        {
          "acoustic_entropy": 6.341335773468018,
          "acoustic_entropy_side": 6.337949275970459,
          "hz": 2261.9676141086993
        },
        {
          "acoustic_entropy": 6.573912620544434,
          "acoustic_entropy_side": 6.286463737487793,
          "hz": 2524.2759484456974
        },
        {
          "acoustic_entropy": 5.964803218841553,
          "acoustic_entropy_side": 6.261714935302734,
          "hz": 2809.813997359896
        },
        {
          "acoustic_entropy": 6.193937301635742,
          "acoustic_entropy_side": 6.292845249176025,
          "hz": 3120.6389567871424
        },
        {
          "acoustic_entropy": 6.544759273529053,
          "acoustic_entropy_side": 6.581505298614502,
          "hz": 3458.990205492291
        },
        {
          "acoustic_entropy": 6.360507011413574,
          "acoustic_entropy_side": 6.2940263748168945,
          "hz": 3827.305438964164
        },
        {
          "acoustic_entropy": 6.382877826690674,
          "acoustic_entropy_side": 6.256418704986572,
          "hz": 4228.238232109126
        },
        {
          "acoustic_entropy": 6.238567352294922,
          "acoustic_entropy_side": 6.25067138671875,
          "hz": 4664.6771572759235
        },
        {
          "acoustic_entropy": 6.280292510986328,
          "acoustic_entropy_side": 6.262975692749023,
          "hz": 5139.766595350093
        },
        {
          "acoustic_entropy": 6.257877349853516,
          "acoustic_entropy_side": 6.261383533477783,
          "hz": 5656.929389854203
        },
        {
          "acoustic_entropy": 6.265923976898193,
          "acoustic_entropy_side": 6.2612128257751465,
          "hz": 6219.891507268283
        },
        {
          "acoustic_entropy": 6.258742332458496,
          "acoustic_entropy_side": 6.259217739105225,
          "hz": 6832.70888123896
        },
        {
          "acoustic_entropy": 6.274622440338135,
          "acoustic_entropy_side": 6.262726783752441,
          "hz": 7499.796634079867
        },
        {
          "acoustic_entropy": 6.273458480834961,
          "acoustic_entropy_side": 6.262356281280518,
          "hz": 8225.96088609342
        },
        {
          "acoustic_entropy": 6.2699127197265625,
          "acoustic_entropy_side": 6.26233434677124,
          "hz": 9016.43338188839
        },
        {
          "acoustic_entropy": 6.2661004066467285,
          "acoustic_entropy_side": 6.261780738830566,
          "hz": 9876.909183162974
        },
        {
          "acoustic_entropy": 6.263572692871094,
          "acoustic_entropy_side": 6.261562824249268,
          "hz": 10813.587699516042
        },
        {
          "acoustic_entropy": 6.262356758117676,
          "acoustic_entropy_side": 6.261542797088623,
          "hz": 11833.21735289826
        },
        {
          "acoustic_entropy": 6.261965751647949,
          "acoustic_entropy_side": 6.261528015136719,
          "hz": 12943.144197493959
        },
        {
          "acoustic_entropy": 6.261742115020752,
          "acoustic_entropy_side": 6.261474132537842,
          "hz": 14151.364845322005
        },
        {
          "acoustic_entropy": 6.261494159698486,
          "acoustic_entropy_side": 6.261449813842773,
          "hz": 15466.58407886509
        },
        {
          "acoustic_entropy": 6.26146125793457,
          "acoustic_entropy_side": 6.261447906494141,
          "hz": 16898.27756580493
        },
        {
          "acoustic_entropy": 6.261451721191406,
          "acoustic_entropy_side": 6.261446475982666,
          "hz": 18456.760127700032
        },
        {
          "acoustic_entropy": 6.261446952819824,
          "acoustic_entropy_side": 6.261447429656982,
          "hz": 20153.260054456492
        },
        {
          "acoustic_entropy": 6.261446475982666,
          "acoustic_entropy_side": 6.261447906494141,
          "hz": 22000.00000000001
        }
      ],
      "diff_acoustic_entropy": 1.816170334815979,
      "sn": 6
    },
    {
      "acoustic_entropy": 10.09190559387207,
      "acoustic_entropy_mono": 9.69610595703125,
      "band_eliminated_acoustic_entropies": [
        {
          "acoustic_entropy": 10.09929084777832,
          "acoustic_entropy_side": 10.0941801071167,
          "hz": 129.47220167065723
        },
        {
          "acoustic_entropy": 9.968179702758789,
          "acoustic_entropy_side": 10.070340156555176,
          "hz": 202.92927478742237
        },
        {
          "acoustic_entropy": 10.05358600616455,
          "acoustic_entropy_side": 10.101544380187988,
          "hz": 282.89161906338205
        },
        {
          "acoustic_entropy": 10.080334663391113,
          "acoustic_entropy_side": 10.12469482421875,
          "hz": 369.9353335868758
        },
        {
          "acoustic_entropy": 10.120516777038574,
          "acoustic_entropy_side": 10.18762493133545,
          "hz": 464.6875360973435
        },
        {
          "acoustic_entropy": 10.250260353088379,
          "acoustic_entropy_side": 10.077184677124023,
          "hz": 567.8308811364784
        },
        {
          "acoustic_entropy": 10.249402046203613,
          "acoustic_entropy_side": 10.038572311401367,
          "hz": 680.1084783214808
        },
        {
          "acoustic_entropy": 9.712379455566406,
          "acoustic_entropy_side": 10.027381896972656,
          "hz": 802.3292461747484
        },
        {
          "acoustic_entropy": 9.831628799438477,
          "acoustic_entropy_side": 10.303996086120605,
          "hz": 935.3737400823702
        },
        {
          "acoustic_entropy": 10.035863876342773,
          "acoustic_entropy_side": 10.134970664978027,
          "hz": 1080.2004963696966
        },
        {
          "acoustic_entropy": 9.69643497467041,
          "acoustic_entropy_side": 10.108084678649902,
          "hz": 1237.8529382007157
        },
        {
          "acoustic_entropy": 10.401609420776367,
          "acoustic_entropy_side": 10.468270301818848,
          "hz": 1409.4668930556702
        },
        {
          "acoustic_entropy": 9.612212181091309,
          "acoustic_entropy_side": 10.086912155151367,
          "hz": 1596.2787759475705
        },
        {
          "acoustic_entropy": 9.675634384155273,
          "acoustic_entropy_side": 10.252578735351562,
          "hz": 1799.6344973346393
        },
        {
          "acoustic_entropy": 10.712106704711914,
          "acoustic_entropy_side": 10.565461158752441,
          "hz": 2020.9991599069049
        },
        {
          "acoustic_entropy": 10.166025161743164,
          "acoustic_entropy_side": 10.207340240478516,
          "hz": 2261.9676141086993
        },
        {
          "acoustic_entropy": 10.037242889404297,
          "acoustic_entropy_side": 10.327043533325195,
          "hz": 2524.2759484456974
        },
        {
          "acoustic_entropy": 9.950037002563477,
          "acoustic_entropy_side": 10.207728385925293,
          "hz": 2809.813997359896
        },
        {
          "acoustic_entropy": 10.121191024780273,
          "acoustic_entropy_side": 10.222562789916992,
          "hz": 3120.6389567871424
        },
        {
          "acoustic_entropy": 10.296295166015625,
          "acoustic_entropy_side": 10.0337495803833,
          "hz": 3458.990205492291
        },
        {
          "acoustic_entropy": 10.364819526672363,
          "acoustic_entropy_side": 10.090805053710938,
          "hz": 3827.305438964164
        },
        {
          "acoustic_entropy": 10.087899208068848,
          "acoustic_entropy_side": 10.070711135864258,
          "hz": 4228.238232109126
        },
        {
          "acoustic_entropy": 10.173755645751953,
          "acoustic_entropy_side": 10.158308029174805,
          "hz": 4664.6771572759235
        },
        {
          "acoustic_entropy": 10.18819522857666,
          "acoustic_entropy_side": 10.150059700012207,
          "hz": 5139.766595350093
        },
        {
          "acoustic_entropy": 10.202964782714844,
          "acoustic_entropy_side": 10.126770973205566,
          "hz": 5656.929389854203
        },
        {
          "acoustic_entropy": 10.175519943237305,
          "acoustic_entropy_side": 10.119780540466309,
          "hz": 6219.891507268283
        },
        {
          "acoustic_entropy": 10.181066513061523,
          "acoustic_entropy_side": 10.116127014160156,
          "hz": 6832.70888123896
        },
        {
          "acoustic_entropy": 10.150212287902832,
          "acoustic_entropy_side": 10.11366081237793,
          "hz": 7499.796634079867
        },
        {
          "acoustic_entropy": 10.123848915100098,
          "acoustic_entropy_side": 10.09915828704834,
          "hz": 8225.96088609342
        },
        {
          "acoustic_entropy": 10.12269401550293,
          "acoustic_entropy_side": 10.098209381103516,
          "hz": 9016.43338188839
        },
        {
          "acoustic_entropy": 10.114861488342285,
          "acoustic_entropy_side": 10.095603942871094,
          "hz": 9876.909183162974
        },
        {
          "acoustic_entropy": 10.108806610107422,
          "acoustic_entropy_side": 10.094178199768066,
          "hz": 10813.587699516042
        },
        {
          "acoustic_entropy": 10.105148315429688,
          "acoustic_entropy_side": 10.093610763549805,
          "hz": 11833.21735289826
        },
        {
          "acoustic_entropy": 10.099029541015625,
          "acoustic_entropy_side": 10.093033790588379,
          "hz": 12943.144197493959
        },
        {
          "acoustic_entropy": 10.095796585083008,
          "acoustic_entropy_side": 10.092403411865234,
          "hz": 14151.364845322005
        },
        {
          "acoustic_entropy": 10.093208312988281,
          "acoustic_entropy_side": 10.092079162597656,
          "hz": 15466.58407886509
        },
        {
          "acoustic_entropy": 10.092588424682617,
          "acoustic_entropy_side": 10.09199333190918,
          "hz": 16898.27756580493
        },
        {
          "acoustic_entropy": 10.092275619506836,
          "acoustic_entropy_side": 10.091940879821777,
          "hz": 18456.760127700032
        },
        {
          "acoustic_entropy": 10.092103004455566,
          "acoustic_entropy_side": 10.091923713684082,
          "hz": 20153.260054456492
        },
        {
          "acoustic_entropy": 10.091959953308105,
          "acoustic_entropy_side": 10.091914176940918,
          "hz": 22000.00000000001
        }
      ],
      "diff_acoustic_entropy": 2.979060173034668,
      "sn": 12
    },
    {
      "acoustic_entropy": 16.01995849609375,
      "acoustic_entropy_mono": 15.495854377746582,
      "band_eliminated_acoustic_entropies": [
        {
          "acoustic_entropy": 16.1394100189209,
          "acoustic_entropy_side": 15.995757102966309,
          "hz": 129.47220167065723
        },
        {
          "acoustic_entropy": 16.5040283203125,
          "acoustic_entropy_side": 16.431203842163086,
          "hz": 202.92927478742237
        },
        {
          "acoustic_entropy": 15.919015884399414,
          "acoustic_entropy_side": 16.179424285888672,
          "hz": 282.89161906338205
        },
        {
          "acoustic_entropy": 15.690810203552246,
          "acoustic_entropy_side": 16.13530158996582,
          "hz": 369.9353335868758
        },
        {
          "acoustic_entropy": 17.093074798583984,
          "acoustic_entropy_side": 17.70216941833496,
          "hz": 464.6875360973435
        },
        {
          "acoustic_entropy": 16.9532470703125,
          "acoustic_entropy_side": 16.881500244140625,
          "hz": 567.8308811364784
        },
        {
          "acoustic_entropy": 15.63905143737793,
          "acoustic_entropy_side": 16.43347930908203,
          "hz": 680.1084783214808
        },
        {
          "acoustic_entropy": 15.558625221252441,
          "acoustic_entropy_side": 15.869979858398438,
          "hz": 802.3292461747484
        },
        {
          "acoustic_entropy": 15.521615982055664,
          "acoustic_entropy_side": 16.194368362426758,
          "hz": 935.3737400823702
        },
        {
          "acoustic_entropy": 15.796869277954102,
          "acoustic_entropy_side": 16.1082706451416,
          "hz": 1080.2004963696966
        },
        {
          "acoustic_entropy": 16.040056228637695,
          "acoustic_entropy_side": 16.23143196105957,
          "hz": 1237.8529382007157
        },
        {
          "acoustic_entropy": 16.339588165283203,
          "acoustic_entropy_side": 16.7360782623291,
          "hz": 1409.4668930556702
        },
        {
          "acoustic_entropy": 15.965621948242188,
          "acoustic_entropy_side": 16.14306640625,
          "hz": 1596.2787759475705
        },
        {
          "acoustic_entropy": 15.70384693145752,
          "acoustic_entropy_side": 16.782140731811523,
          "hz": 1799.6344973346393
        },
        {
          "acoustic_entropy": 16.683942794799805,
          "acoustic_entropy_side": 16.827186584472656,
          "hz": 2020.9991599069049
        },
        {
          "acoustic_entropy": 16.301570892333984,
          "acoustic_entropy_side": 16.060466766357422,
          "hz": 2261.9676141086993
        },
        {
          "acoustic_entropy": 15.791507720947266,
          "acoustic_entropy_side": 16.115102767944336,
          "hz": 2524.2759484456974
        },
        {
          "acoustic_entropy": 16.032560348510742,
          "acoustic_entropy_side": 16.33614158630371,
          "hz": 2809.813997359896
        },
        {
          "acoustic_entropy": 16.621248245239258,
          "acoustic_entropy_side": 16.350509643554688,
          "hz": 3120.6389567871424
        },
        {
          "acoustic_entropy": 15.67952823638916,
          "acoustic_entropy_side": 16.00684356689453,
          "hz": 3458.990205492291
