{
  "acoustic_entropy": 205.45457458496094,
  "bands": [
    {
      "high_freq": 148.1999969482422,
      "loudness": -44.658172607421875,
      "loudness_range": 32.183441162109375,
      "mid_mean": -43.731815338134766,
      "mid_to_side_loudness": -3.284710645675659,
      "mid_to_side_loudness_range": 10.669988632202148,
      "side_mean": -46.727638244628906
    },
    {
      "high_freq": 392.3793640136719,
      "loudness": -36.51519012451172,
      "loudness_range": 20.118377685546875,
      "low_freq": 148.1999969482422,
      "mid_mean": -34.752296447753906,
      "mid_to_side_loudness": -3.375821828842163,
      "mid_to_side_loudness_range": 7.006466388702393,
      "side_mean": -37.79790496826172
    },
    {
      "high_freq": 794.6976318359375,
      "loudness": -35.97243881225586,
      "loudness_range": 16.80759620666504,
      "low_freq": 392.3793640136719,
      "mid_mean": -33.883445739746094,
      "mid_to_side_loudness": -3.910163640975952,
      "mid_to_side_loudness_range": 5.970406532287598,
      "side_mean": -37.778411865234375
    },
    {
      "high_freq": 1457.5709228515625,
      "loudness": -37.94560241699219,
      "loudness_range": 18.249324798583984,
      "low_freq": 794.6976318359375,
      "mid_mean": -35.83412170410156,
      "mid_to_side_loudness": -3.9639737606048584,
      "mid_to_side_loudness_range": 5.989815711975098,
      "side_mean": -39.81779479980469
    },
    {
      "high_freq": 2549.74365234375,
      "loudness": -41.04542922973633,
      "loudness_range": 21.090801239013672,
      "low_freq": 1457.5709228515625,
      "mid_mean": -38.83964920043945,
      "mid_to_side_loudness": -4.159665584564209,
      "mid_to_side_loudness_range": 5.071654319763184,
      "side_mean": -43.115787506103516
    },
    {
      "high_freq": 4349.24462890625,
      "loudness": -48.418121337890625,
      "loudness_range": 26.310901641845703,
      "low_freq": 2549.74365234375,
      "mid_mean": -46.24842834472656,
      "mid_to_side_loudness": -4.453409671783447,
      "mid_to_side_loudness_range": 4.234190464019775,
      "side_mean": -51.19156265258789
    },
    {
      "high_freq": 7314.1640625,
      "loudness": -59.67899703979492,
      "loudness_range": 29.79790496826172,
      "low_freq": 4349.24462890625,
      "mid_mean": -57.537879943847656,
      "mid_to_side_loudness": -4.456126689910889,
      "mid_to_side_loudness_range": 3.567321300506592,
      "side_mean": -60.759822845458984
    },
    {
      "high_freq": 12199.2666015625,
      "loudness": -67.28205871582031,
      "loudness_range": 28.547218322753906,
      "low_freq": 7314.1640625,
      "mid_mean": -63.986331939697266,
      "mid_to_side_loudness": -4.832280158996582,
      "mid_to_side_loudness_range": 3.064642906188965,
      "side_mean": -66.15970611572266
    },
    {
      "loudness": -74.2286376953125,
      "loudness_range": 22.798603057861328,
      "low_freq": 12199.2666015625,
      "mid_mean": -67.79888916015625,
      "mid_to_side_loudness": -6.509604454040527,
      "mid_to_side_loudness_range": 6.754326820373535,
      "side_mean": -68.84397888183594
    }
  ],
  "bands_short": [
    {
      "high_freq": 148.1999969482422,
      "loudness": -49.217838287353516,
      "loudness_range": 31.623340606689453,
      "mid_mean": -48.03047180175781,
      "mid_to_side_loudness": -3.426578998565674,
      "mid_to_side_loudness_range": 17.024517059326172,
      "side_mean": -51.075904846191406
    },
    {
      "high_freq": 392.3793640136719,
      "loudness": -36.626861572265625,
      "loudness_range": 21.345727920532227,
      "low_freq": 148.1999969482422,
      "mid_mean": -34.98234176635742,
      "mid_to_side_loudness": -3.3570098876953125,
      "mid_to_side_loudness_range": 11.005233764648438,
      "side_mean": -38.1114501953125
    },
    {
      "high_freq": 794.6976318359375,
      "loudness": -36.36924362182617,
      "loudness_range": 18.47809600830078,
      "low_freq": 392.3793640136719,
      "mid_mean": -34.44434356689453,
      "mid_to_side_loudness": -3.803309917449951,
      "mid_to_side_loudness_range": 10.08407211303711,
      "side_mean": -38.280487060546875
    },
    {
      "high_freq": 1457.5709228515625,
      "loudness": -38.23848342895508,
      "loudness_range": 19.448514938354492,
      "low_freq": 794.6976318359375,
      "mid_mean": -36.31349563598633,
      "mid_to_side_loudness": -3.796794891357422,
      "mid_to_side_loudness_range": 9.75401496887207,
      "side_mean": -40.20000076293945
    },
    {
      "high_freq": 2549.74365234375,
      "loudness": -41.71790313720703,
      "loudness_range": 22.4725399017334,
      "low_freq": 1457.5709228515625,
      "mid_mean": -39.74181365966797,
      "mid_to_side_loudness": -3.9573915004730225,
      "mid_to_side_loudness_range": 8.386837005615234,
      "side_mean": -43.7798957824707
    },
    {
      "high_freq": 4349.24462890625,
      "loudness": -49.09768295288086,
      "loudness_range": 27.570262908935547,
      "low_freq": 2549.74365234375,
      "mid_mean": -47.253421783447266,
      "mid_to_side_loudness": -4.200972557067871,
      "mid_to_side_loudness_range": 7.056332111358643,
      "side_mean": -51.9555549621582
    },
    {
      "high_freq": 7314.1640625,
      "loudness": -60.811195373535156,
      "loudness_range": 31.07327651977539,
      "low_freq": 4349.24462890625,
      "mid_mean": -58.81482696533203,
      "mid_to_side_loudness": -4.254349231719971,
      "mid_to_side_loudness_range": 5.723937034606934,
      "side_mean": -61.69488525390625
    },
    {
      "high_freq": 12199.2666015625,
      "loudness": -68.33245849609375,
      "loudness_range": 29.487716674804688,
      "low_freq": 7314.1640625,
      "mid_mean": -65.08274841308594,
      "mid_to_side_loudness": -4.670937538146973,
      "mid_to_side_loudness_range": 4.17769718170166,
      "side_mean": -66.85421752929688
    },
    {
      "loudness": -73.92184448242188,
      "loudness_range": 23.13678741455078,
      "low_freq": 12199.2666015625,
      "mid_mean": -68.21247100830078,
      "mid_to_side_loudness": -7.0166449546813965,
      "mid_to_side_loudness_range": 7.847775936126709,
      "side_mean": -69.05166625976562
    }
  ],
  "bandwidth": 641.412841796875,
  "channels": 2,
  "covariance": [
    [
      122.76551055908203,
      120.24946594238281,
      44.68186569213867,
      46.56099319458008,
      28.43086051940918,
      31.608566284179688,
      15.409300804138184,
      19.527481079101562,
      16.967533111572266,
      19.515127182006836,
      29.574325561523438,
      35.56516647338867,
      31.29571533203125,
      28.243892669677734,
      22.184106826782227,
      16.8924617767334,
      10.576608657836914,
      6.704248428344727
    ],
    [
      120.24946594238281,
      135.88320922851562,
      47.914981842041016,
      48.72760772705078,
      32.05828857421875,
      35.5821533203125,
      17.619701385498047,
      21.465351104736328,
      19.474348068237305,
      22.313196182250977,
      33.51808547973633,
      40.49909210205078,
      35.72947311401367,
      32.108802795410156,
      25.43109893798828,
      19.563600540161133,
      12.107519149780273,
      7.701395034790039
    ],
    [
      44.68186569213867,
      47.914981842041016,
      52.23692321777344,
      45.9330940246582,
      30.74941635131836,
      33.42020034790039,
      22.299949645996094,
      24.350826263427734,
      23.814830780029297,
      25.78498077392578,
      35.64118576049805,
      39.39551544189453,
      35.47057342529297,
      31.594213485717773,
      24.391708374023438,
      17.754974365234375,
      10.511369705200195,
      6.356075763702393
    ],
    [
      46.56099319458008,
      48.72760772705078,
      45.9330940246582,
      50.73884582519531,
      29.458538055419922,
      32.82518005371094,
      21.392271041870117,
      23.539697647094727,
      23.373544692993164,
      25.497114181518555,
      34.3565673828125,
      37.90839385986328,
      34.51103210449219,
      31.09433937072754,
      23.705760955810547,
      17.476045608520508,
      10.442635536193848,
      6.433172702789307
    ],
    [
      28.43086051940918,
      32.05828857421875,
      30.74941635131836,
      29.458538055419922,
      35.99424362182617,
      34.711387634277344,
      24.480083465576172,
      25.67905616760254,
      26.67831039428711,
      28.575403213500977,
      35.700843811035156,
      38.965633392333984,
      35.672752380371094,
      31.355554580688477,
      23.854562759399414,
      17.810270309448242,
      10.462753295898438,
      6.445546627044678
    ],
    [
      31.608566284179688,
      35.5821533203125,
      33.42020034790039,
      32.82518005371094,
      34.711387634277344,
      39.960391998291016,
      25.577993392944336,
      27.30747413635254,
      27.86333656311035,
      29.80921745300293,
      38.143592834472656,
      42.04454803466797,
      37.92236328125,
      33.613990783691406,
      25.49188995361328,
      18.853675842285156,
      10.843937873840332,
      6.640286922454834
    ],
    [
      15.409300804138184,
      17.619701385498047,
      22.299949645996094,
      21.392271041870117,
      24.480083465576172,
      25.577993392944336,
      42.018592834472656,
      38.530521392822266,
      35.59410858154297,
      36.171051025390625,
      42.341190338134766,
      44.92250061035156,
      42.246212005615234,
      36.57160949707031,
      29.282161712646484,
      21.26571273803711,
      13.30730152130127,
      8.162676811218262
    ],
    [
      19.527481079101562,
      21.465351104736328,
      24.350826263427734,
      23.539697647094727,
      25.67905616760254,
      27.30747413635254,
      38.530521392822266,
      41.69834899902344,
      35.72096252441406,
      37.151123046875,
      43.55099868774414,
      46.536277770996094,
      43.321434020996094,
      37.833984375,
      30.265243530273438,
      22.10738754272461,
      13.53010082244873,
      8.353482246398926
    ],
    [
      16.967533111572266,
      19.474348068237305,
      23.814830780029297,
      23.373544692993164,
      26.67831039428711,
      27.86333656311035,
      35.59410858154297,
      35.72096252441406,
      53.326499938964844,
      49.96833038330078,
      54.428565979003906,
      55.02257537841797,
      54.28740310668945,
      47.59767150878906,
      37.467254638671875,
      28.00650405883789,
      17.175325393676758,
      10.732913970947266
    ],
    [
      19.515127182006836,
      22.313196182250977,
      25.78498077392578,
      25.497114181518555,
      28.575403213500977,
      29.80921745300293,
      36.171051025390625,
      37.151123046875,
      49.96833038330078,
      52.79788589477539,
      55.9751091003418,
      57.64324951171875,
      55.71098709106445,
      49.078460693359375,
      38.42929458618164,
      28.71071434020996,
      17.36280632019043,
      10.850863456726074
    ],
    [
      29.574325561523438,
      33.51808547973633,
      35.64118576049805,
      34.3565673828125,
      35.700843811035156,
      38.143592834472656,
      42.341190338134766,
      43.55099868774414,
      54.428565979003906,
      55.9751091003418,
      80.22858428955078,
      77.98693084716797,
      75.01929473876953,
      66.23464965820312,
      53.313053131103516,
      39.4486198425293,
      23.702556610107422,
      14.652423858642578
    ],
    [
      35.56516647338867,
      40.49909210205078,
      39.39551544189453,
      37.90839385986328,
      38.965633392333984,
      42.04454803466797,
      44.92250061035156,
      46.536277770996094,
      55.02257537841797,
      57.64324951171875,
      77.98693084716797,
      87.67913818359375,
      79.23163604736328,
      69.27306365966797,
      54.4899787902832,
      39.97555160522461,
      23.797473907470703,
      14.632731437683105
    ],
    [
      31.29571533203125,
      35.72947311401367,
      35.47057342529297,
      34.51103210449219,
      35.672752380371094,
      37.92236328125,
      42.246212005615234,
      43.321434020996094,
      54.28740310668945,
      55.71098709106445,
      75.01929473876953,
      79.23163604736328,
      81.14221954345703,
      71.2144775390625,
      58.78391647338867,
      43.90478515625,
      27.193220138549805,
      16.911046981811523
    ],
    [
      28.243892669677734,
      32.108802795410156,
      31.594213485717773,
      31.09433937072754,
      31.355554580688477,
      33.613990783691406,
      36.57160949707031,
      37.833984375,
      47.59767150878906,
      49.078460693359375,
      66.23464965820312,
      69.27306365966797,
      71.2144775390625,
      63.89273452758789,
      53.10520935058594,
      40.05570602416992,
      24.924362182617188,
      15.654172897338867
    ],
    [
      22.184106826782227,
      25.43109893798828,
      24.391708374023438,
      23.705760955810547,
      23.854562759399414,
      25.49188995361328,
      29.282161712646484,
      30.265243530273438,
      37.467254638671875,
      38.42929458618164,
      53.313053131103516,
      54.4899787902832,
      58.78391647338867,
      53.10520935058594,
      48.7347297668457,
      37.410186767578125,
      24.68702507019043,
      15.753772735595703
    ],
    [
      16.8924617767334,
      19.563600540161133,
      17.754974365234375,
      17.476045608520508,
      17.810270309448242,
      18.853675842285156,
      21.26571273803711,
      22.10738754272461,
      28.00650405883789,
      28.71071434020996,
      39.4486198425293,
      39.97555160522461,
      43.90478515625,
      40.05570602416992,
      37.410186767578125,
      29.505386352539062,
      19.91533088684082,
      12.992231369018555
    ],
    [
      10.576608657836914,
      12.107519149780273,
      10.511369705200195,
      10.442635536193848,
      10.462753295898438,
      10.843937873840332,
      13.30730152130127,
      13.53010082244873,
      17.175325393676758,
      17.36280632019043,
      23.702556610107422,
      23.797473907470703,
      27.193220138549805,
      24.924362182617188,
      24.68702507019043,
      19.91533088684082,
      15.580946922302246,
      10.494876861572266
    ],
    [
      6.704248428344727,
      7.701395034790039,
      6.356075763702393,
      6.433172702789307,
      6.445546627044678,
      6.640286922454834,
      8.162676811218262,
      8.353482246398926,
      10.732913970947266,
      10.850863456726074,
      14.652423858642578,
      14.632731437683105,
      16.911046981811523,
      15.654172897338867,
      15.753772735595703,
      12.992231369018555,
      10.494876861572266,
      7.370633125305176
    ]
  ],
  "covariance_short": [
    [
      115.22478485107422,
      106.23795318603516,
      48.85010528564453,
      49.32738494873047,
      28.92897605895996,
      32.55897903442383,
      15.721658706665039,
      19.224163055419922,
      15.672112464904785,
      17.478933334350586,
      26.96172332763672,
      34.0379753112793,
      27.36701011657715,
      24.553834915161133,
      17.819795608520508,
      13.664267539978027,
      8.236169815063477,
      5.464803695678711
    ],
    [
      106.23795318603516,
      127.4045639038086,
      51.07107162475586,
      53.07428741455078,
      32.713043212890625,
      36.52372360229492,
      18.865989685058594,
      22.680145263671875,
      19.521373748779297,
      21.687103271484375,
      30.94199562072754,
      38.81906509399414,
      31.25429916381836,
      28.265005111694336,
      20.002918243408203,
      15.601570129394531,
      9.050493240356445,
      6.054112434387207
    ],
    [
      48.85010528564453,
      51.07107162475586,
      58.42738342285156,
      48.7314338684082,
      31.738187789916992,
      33.68795394897461,
      23.813045501708984,
      25.613245010375977,
      25.307079315185547,
      26.22476577758789,
      34.857173919677734,
      38.62183380126953,
      33.094459533691406,
      29.270708084106445,
      20.486202239990234,
      15.099483489990234,
      8.646720886230469,
      5.467108726501465
    ],
    [
      49.32738494873047,
      53.07428741455078,
      48.7314338684082,
      58.607669830322266,
      30.905847549438477,
      34.26381301879883,
      23.036104202270508,
      25.44646453857422,
      24.494232177734375,
      26.272663116455078,
      33.71497344970703,
      37.6867790222168,
      32.24229431152344,
      28.923173904418945,
      19.8101749420166,
      14.868631362915039,
      8.463667869567871,
      5.457791805267334
    ],
    [
      28.92897605895996,
      32.713043212890625,
      31.738187789916992,
      30.905847549438477,
      43.144927978515625,
      37.72661209106445,
      26.20457649230957,
      28.23372459411621,
      29.08917999267578,
      30.17017936706543,
      38.32890701293945,
      41.327239990234375,
      36.53951644897461,
      31.869707107543945,
      22.4136905670166,
      16.743896484375,
      9.430401802062988,
      5.988873481750488
    ],
    [
      32.55897903442383,
      36.52372360229492,
      33.68795394897461,
      34.26381301879883,
      37.72661209106445,
      46.662635803222656,
      26.997314453125,
      29.529600143432617,
      29.617002487182617,
      31.173555374145508,
      39.82140350341797,
      43.7429084777832,
      37.62070846557617,
      33.21348190307617,
      22.71742057800293,
      16.962017059326172,
      9.282638549804688,
      5.904317378997803
    ],
    [
      15.721658706665039,
      18.865989685058594,
      23.813045501708984,
      23.036104202270508,
      26.20457649230957,
      26.997314453125,
      48.563777923583984,
      40.63618850708008,
      39.9564208984375,
      39.220855712890625,
      47.73823547363281,
      49.015228271484375,
      44.51298904418945,
      37.983673095703125,
      27.84596824645996,
      20.191421508789062,
      12.146309852600098,
      7.5866899490356445
    ],
    [
      19.224163055419922,
      22.680145263671875,
      25.613245010375977,
      25.44646453857422,
      28.23372459411621,
      29.529600143432617,
      40.63618850708008,
      47.44972610473633,
      39.430877685546875,
      39.828922271728516,
      47.60382843017578,
      49.872650146484375,
      44.45773696899414,
      38.4234504699707,
      27.759000778198242,
      20.357086181640625,
      11.93791675567627,
      7.550524711608887
    ],
    [
      15.672112464904785,
      19.521373748779297,
      25.307079315185547,
      24.494232177734375,
      29.08917999267578,
      29.617002487182617,
      39.9564208984375,
      39.430877685546875,
      61.845542907714844,
      54.10690689086914,
      60.94845199584961,
      60.316768646240234,
      57.71428680419922,
      49.697322845458984,
      35.947689056396484,
      26.715333938598633,
      15.722824096679688,
      10.0424222946167
    ],
    [
      17.478933334350586,
      21.687103271484375,
      26.22476577758789,
      26.272663116455078,
      30.17017936706543,
      31.173555374145508,
      39.220855712890625,
      39.828922271728516,
      54.10690689086914,
      58.65182876586914,
      60.417205810546875,
      61.222618103027344,
      57.10399627685547,
      49.67878341674805,
      35.2828254699707,
      26.390235900878906,
      15.220556259155273,
      9.782233238220215
    ],
    [
      26.96172332763672,
      30.94199562072754,
      34.857173919677734,
      33.71497344970703,
      38.32890701293945,
      39.82140350341797,
      47.73823547363281,
      47.60382843017578,
      60.94845199584961,
      60.417205810546875,
      89.19036865234375,
      83.73651885986328,
      78.45095825195312,
      67.9892578125,
      50.961700439453125,
      37.59558868408203,
      21.8979434967041,
      13.822799682617188
    ],
    [
      34.0379753112793,
      38.81906509399414,
      38.62183380126953,
      37.6867790222168,
      41.327239990234375,
      43.7429084777832,
      49.015228271484375,
      49.872650146484375,
      60.316768646240234,
      61.222618103027344,
      83.73651885986328,
      93.71266174316406,
      80.73631286621094,
      69.7513656616211,
      50.54214859008789,
      37.127967834472656,
      21.31395149230957,
      13.445016860961914
    ],
    [
      27.36701011657715,
      31.25429916381836,
      33.094459533691406,
      32.24229431152344,
      36.53951644897461,
      37.62070846557617,
      44.51298904418945,
      44.45773696899414,
      57.71428680419922,
      57.10399627685547,
      78.45095825195312,
      80.73631286621094,
      82.58851623535156,
      70.83331298828125,
      55.19828796386719,
      41.1263313293457,
      24.633264541625977,
      15.685829162597656
    ],
    [
      24.553834915161133,
      28.265005111694336,
      29.270708084106445,
      28.923173904418945,
      31.869707107543945,
      33.21348190307617,
      37.983673095703125,
      38.4234504699707,
      49.697322845458984,
      49.67878341674805,
      67.9892578125,
      69.7513656616211,
      70.83331298828125,
      63.35724639892578,
      49.00020217895508,
      37.03287887573242,
      22.110816955566406,
      14.287100791931152
    ],
    [
      17.819795608520508,
      20.002918243408203,
      20.486202239990234,
      19.8101749420166,
      22.4136905670166,
      22.71742057800293,
      27.84596824645996,
      27.759000778198242,
      35.947689056396484,
      35.2828254699707,
      50.961700439453125,
      50.54214859008789,
      55.19828796386719,
      49.00020217895508,
      44.9266471862793,
      34.2811279296875,
      22.224720001220703,
      14.479447364807129
    ],
    [
      13.664267539978027,
      15.601570129394531,
      15.099483489990234,
      14.868631362915039,
      16.743896484375,
      16.962017059326172,
      20.191421508789062,
      20.357086181640625,
      26.715333938598633,
      26.390235900878906,
      37.59558868408203,
      37.127967834472656,
      41.1263313293457,
      37.03287887573242,
      34.2811279296875,
      27.16923713684082,
      17.7698974609375,
      11.889790534973145
    ],
    [
      8.236169815063477,
      9.050493240356445,
      8.646720886230469,
      8.463667869567871,
      9.430401802062988,
      9.282638549804688,
      12.146309852600098,
      11.93791675567627,
      15.722824096679688,
      15.220556259155273,
      21.8979434967041,
      21.31395149230957,
      24.633264541625977,
      22.110816955566406,
      22.224720001220703,
      17.7698974609375,
      13.755611419677734,
      9.347630500793457
    ],
    [
      5.464803695678711,
      6.054112434387207,
      5.467108726501465,
      5.457791805267334,
      5.988873481750488,
      5.904317378997803,
      7.5866899490356445,
      7.550524711608887,
      10.0424222946167,
      9.782233238220215,
      13.822799682617188,
      13.445016860961914,
      15.685829162597656,
      14.287100791931152,
      14.479447364807129,
      11.889790534973145,
      9.347630500793457,
      6.670314788818359
    ]
  ],
  "damage": -20.205211639404297,
  "diff_bandwidth": 658.974609375,
  "dissonance": 7.940410336815839,
  "drr": 2.6085734367370605,
  "dynamics": 4.856887340545654,
  "format": 1245190,
  "frames": 16097216,
  "loudness": -26.220638275146484,
  "loudness_range": 14.510221481323242,
  "loudness_range_short": 16.01150131225586,
  "lowpass_true_peak_15khz": -4.608083248138428,
  "mastering3_acoustic_entropies": [
    {
      "acoustic_entropy": 5.673370838165283,
      "acoustic_entropy_mono": 5.333691596984863,
      "band_eliminated_acoustic_entropies": [
        {
          "acoustic_entropy": 5.651490688323975,
          "acoustic_entropy_side": 5.666721343994141,
          "hz": 129.47220167065723
        },
        {
          "acoustic_entropy": 5.854249477386475,
          "acoustic_entropy_side": 5.602243900299072,
          "hz": 202.92927478742237
        },
        {
          "acoustic_entropy": 5.604668617248535,
          "acoustic_entropy_side": 5.639527797698975,
          "hz": 282.89161906338205
        },
        {
          "acoustic_entropy": 6.0625481605529785,
          "acoustic_entropy_side": 5.857180595397949,
          "hz": 369.9353335868758
        },
        {
          "acoustic_entropy": 6.119482040405273,
          "acoustic_entropy_side": 5.678405284881592,
          "hz": 464.6875360973435
        },
        {
          "acoustic_entropy": 5.933835983276367,
          "acoustic_entropy_side": 6.180879592895508,
          "hz": 567.8308811364784
        },
        {
          "acoustic_entropy": 6.224592208862305,
          "acoustic_entropy_side": 5.942375659942627,
          "hz": 680.1084783214808
        },
        {
          "acoustic_entropy": 5.730833530426025,
          "acoustic_entropy_side": 5.926676273345947,
          "hz": 802.3292461747484
        },
        {
          "acoustic_entropy": 5.813692569732666,
          "acoustic_entropy_side": 5.963743209838867,
          "hz": 935.3737400823702
        },
        {
          "acoustic_entropy": 5.792191982269287,
          "acoustic_entropy_side": 5.741118907928467,
          "hz": 1080.2004963696966
        },
        {
          "acoustic_entropy": 5.981603622436523,
          "acoustic_entropy_side": 5.810224533081055,
          "hz": 1237.8529382007157
        },
        {
          "acoustic_entropy": 6.212047100067139,
          "acoustic_entropy_side": 5.937714576721191,
          "hz": 1409.4668930556702
        },
        {
          "acoustic_entropy": 5.487159252166748,
          "acoustic_entropy_side": 5.3567962646484375,
          "hz": 1596.2787759475705
        },
        {
          "acoustic_entropy": 5.821150302886963,
          "acoustic_entropy_side": 5.7040839195251465,
          "hz": 1799.6344973346393
        },
        {
          "acoustic_entropy": 6.128397464752197,
          "acoustic_entropy_side": 5.945897102355957,
          "hz": 2020.9991599069049
        },
        {
          "acoustic_entropy": 5.769134521484375,
          "acoustic_entropy_side": 5.675291061401367,
          "hz": 2261.9676141086993
        },
        {
          "acoustic_entropy": 5.848141670227051,
          "acoustic_entropy_side": 5.7783522605896,
          "hz": 2524.2759484456974
        },
        {
          "acoustic_entropy": 5.790816783905029,
          "acoustic_entropy_side": 5.684964179992676,
          "hz": 2809.813997359896
        },
        {
          "acoustic_entropy": 5.702581882476807,
          "acoustic_entropy_side": 5.669973850250244,
          "hz": 3120.6389567871424
        },
        {
          "acoustic_entropy": 5.804320335388184,
          "acoustic_entropy_side": 5.715867042541504,
          "hz": 3458.990205492291
        },
        {
          "acoustic_entropy": 5.758897304534912,
          "acoustic_entropy_side": 5.7131266593933105,
          "hz": 3827.305438964164
        },
        {
          "acoustic_entropy": 5.695944309234619,
          "acoustic_entropy_side": 5.663748741149902,
          "hz": 4228.238232109126
        },
        {
          "acoustic_entropy": 5.706488609313965,
          "acoustic_entropy_side": 5.669241905212402,
          "hz": 4664.6771572759235
        },
        {
          "acoustic_entropy": 5.707394599914551,
          "acoustic_entropy_side": 5.679492950439453,
          "hz": 5139.766595350093
        },
        {
          "acoustic_entropy": 5.65845251083374,
          "acoustic_entropy_side": 5.668158054351807,
          "hz": 5656.929389854203
        },
        {
          "acoustic_entropy": 5.714534759521484,
          "acoustic_entropy_side": 5.68479061126709,
          "hz": 6219.891507268283
        },
        {
          "acoustic_entropy": 5.683078765869141,
          "acoustic_entropy_side": 5.676390647888184,
          "hz": 6832.70888123896
        },
        {
          "acoustic_entropy": 5.675515174865723,
          "acoustic_entropy_side": 5.674718379974365,
          "hz": 7499.796634079867
        },
        {
          "acoustic_entropy": 5.681427001953125,
          "acoustic_entropy_side": 5.674434661865234,
          "hz": 8225.96088609342
        },
        {
          "acoustic_entropy": 5.696959018707275,
          "acoustic_entropy_side": 5.678690433502197,
          "hz": 9016.43338188839
        },
        {
          "acoustic_entropy": 5.6824774742126465,
          "acoustic_entropy_side": 5.674741744995117,
          "hz": 9876.909183162974
        },
        {
          "acoustic_entropy": 5.677624225616455,
          "acoustic_entropy_side": 5.673656463623047,
          "hz": 10813.587699516042
        },
        {
          "acoustic_entropy": 5.6786580085754395,
          "acoustic_entropy_side": 5.673596382141113,
          "hz": 11833.21735289826
        },
        {
          "acoustic_entropy": 5.6761345863342285,
          "acoustic_entropy_side": 5.6735076904296875,
          "hz": 12943.144197493959
        },
        {
          "acoustic_entropy": 5.676124572753906,
          "acoustic_entropy_side": 5.673548221588135,
          "hz": 14151.364845322005
        },
        {
          "acoustic_entropy": 5.681758403778076,
          "acoustic_entropy_side": 5.67557430267334,
          "hz": 15466.58407886509
        },
        {
          "acoustic_entropy": 5.680315971374512,
          "acoustic_entropy_side": 5.673754692077637,
          "hz": 16898.27756580493
        },
        {
          "acoustic_entropy": 5.6737518310546875,
          "acoustic_entropy_side": 5.673388957977295,
          "hz": 18456.760127700032
        },
        {
          "acoustic_entropy": 5.673412799835205,
          "acoustic_entropy_side": 5.6733717918396,
          "hz": 20153.260054456492
        },
        {
          "acoustic_entropy": 5.673373699188232,
          "acoustic_entropy_side": 5.673371315002441,
          "hz": 22000.00000000001
        }
      ],
      "diff_acoustic_entropy": 2.758942127227783,
      "sn": 6
    },
    {
      "acoustic_entropy": 10.660489082336426,
      "acoustic_entropy_mono": 10.01755142211914,
      "band_eliminated_acoustic_entropies": [
        {
          "acoustic_entropy": 10.588455200195312,
          "acoustic_entropy_side": 10.632636070251465,
          "hz": 129.47220167065723
        },
        {
          "acoustic_entropy": 10.3183012008667,
          "acoustic_entropy_side": 10.488590240478516,
          "hz": 202.92927478742237
        },
        {
          "acoustic_entropy": 10.562891960144043,
          "acoustic_entropy_side": 10.633142471313477,
          "hz": 282.89161906338205
        },
        {
          "acoustic_entropy": 10.356012344360352,
          "acoustic_entropy_side": 10.722387313842773,
          "hz": 369.9353335868758
        },
        {
          "acoustic_entropy": 9.988587379455566,
          "acoustic_entropy_side": 10.8251953125,
          "hz": 464.6875360973435
        },
        {
          "acoustic_entropy": 9.528818130493164,
          "acoustic_entropy_side": 10.484556198120117,
          "hz": 567.8308811364784
        },
        {
          "acoustic_entropy": 10.204319953918457,
          "acoustic_entropy_side": 10.774152755737305,
          "hz": 680.1084783214808
        },
        {
          "acoustic_entropy": 9.570335388183594,
          "acoustic_entropy_side": 10.275430679321289,
          "hz": 802.3292461747484
        },
        {
          "acoustic_entropy": 10.258187294006348,
          "acoustic_entropy_side": 10.884212493896484,
          "hz": 935.3737400823702
        },
        {
          "acoustic_entropy": 10.243176460266113,
          "acoustic_entropy_side": 10.42284107208252,
          "hz": 1080.2004963696966
        },
        {
          "acoustic_entropy": 10.355451583862305,
          "acoustic_entropy_side": 10.774840354919434,
          "hz": 1237.8529382007157
        },
        {
          "acoustic_entropy": 11.067544937133789,
          "acoustic_entropy_side": 11.56607723236084,
          "hz": 1409.4668930556702
        },
        {
          "acoustic_entropy": 10.032861709594727,
          "acoustic_entropy_side": 10.469786643981934,
          "hz": 1596.2787759475705
        },
        {
          "acoustic_entropy": 10.147791862487793,
          "acoustic_entropy_side": 10.84809684753418,
          "hz": 1799.6344973346393
        },
        {
          "acoustic_entropy": 9.876729965209961,
          "acoustic_entropy_side": 10.635831832885742,
          "hz": 2020.9991599069049
        },
        {
          "acoustic_entropy": 10.204076766967773,
          "acoustic_entropy_side": 10.293647766113281,
          "hz": 2261.9676141086993
        },
        {
          "acoustic_entropy": 10.217571258544922,
          "acoustic_entropy_side": 10.55484390258789,
          "hz": 2524.2759484456974
        },
        {
          "acoustic_entropy": 10.241876602172852,
          "acoustic_entropy_side": 10.59119701385498,
          "hz": 2809.813997359896
        },
        {
          "acoustic_entropy": 10.35637092590332,
          "acoustic_entropy_side": 10.577849388122559,
          "hz": 3120.6389567871424
        },
        {
          "acoustic_entropy": 10.685320854187012,
          "acoustic_entropy_side": 10.67041015625,
          "hz": 3458.990205492291
        },
        {
          "acoustic_entropy": 10.624469757080078,
          "acoustic_entropy_side": 10.6467866897583,
          "hz": 3827.305438964164
        },
        {
          "acoustic_entropy": 10.745923042297363,
          "acoustic_entropy_side": 10.682018280029297,
          "hz": 4228.238232109126
        },
        {
          "acoustic_entropy": 10.653634071350098,
          "acoustic_entropy_side": 10.642695426940918,
          "hz": 4664.6771572759235
        },
        {
          "acoustic_entropy": 10.608976364135742,
          "acoustic_entropy_side": 10.630064964294434,
          "hz": 5139.766595350093
        },
        {
          "acoustic_entropy": 10.597162246704102,
          "acoustic_entropy_side": 10.63520622253418,
          "hz": 5656.929389854203
        },
        {
          "acoustic_entropy": 10.460672378540039,
          "acoustic_entropy_side": 10.591750144958496,
          "hz": 6219.891507268283
        },
        {
          "acoustic_entropy": 10.534372329711914,
          "acoustic_entropy_side": 10.614901542663574,
          "hz": 6832.70888123896
        },
        {
          "acoustic_entropy": 10.485897064208984,
          "acoustic_entropy_side": 10.61975383758545,
          "hz": 7499.796634079867
        },
        {
          "acoustic_entropy": 10.55753231048584,
          "acoustic_entropy_side": 10.640645027160645,
          "hz": 8225.96088609342
        },
        {
          "acoustic_entropy": 10.530447959899902,
          "acoustic_entropy_side": 10.636637687683105,
          "hz": 9016.43338188839
        },
        {
          "acoustic_entropy": 10.591047286987305,
          "acoustic_entropy_side": 10.649176597595215,
          "hz": 9876.909183162974
        },
        {
          "acoustic_entropy": 10.62302303314209,
          "acoustic_entropy_side": 10.654142379760742,
          "hz": 10813.587699516042
        },
        {
          "acoustic_entropy": 10.628151893615723,
          "acoustic_entropy_side": 10.656277656555176,
          "hz": 11833.21735289826
        },
        {
          "acoustic_entropy": 10.643022537231445,
          "acoustic_entropy_side": 10.657934188842773,
          "hz": 12943.144197493959
        },
        {
          "acoustic_entropy": 10.64804744720459,
          "acoustic_entropy_side": 10.65853214263916,
          "hz": 14151.364845322005
        },
        {
          "acoustic_entropy": 10.639092445373535,
          "acoustic_entropy_side": 10.659221649169922,
          "hz": 15466.58407886509
        },
        {
          "acoustic_entropy": 10.654887199401855,
          "acoustic_entropy_side": 10.659857749938965,
          "hz": 16898.27756580493
        },
        {
          "acoustic_entropy": 10.659526824951172,
          "acoustic_entropy_side": 10.660408973693848,
          "hz": 18456.760127700032
        },
        {
          "acoustic_entropy": 10.660150527954102,
          "acoustic_entropy_side": 10.660440444946289,
          "hz": 20153.260054456492
        },
        {
          "acoustic_entropy": 10.66038990020752,
          "acoustic_entropy_side": 10.660479545593262,
          "hz": 22000.00000000001
        }
      ],
      "diff_acoustic_entropy": 5.580959796905518,
      "sn": 12
    },
    {
      "acoustic_entropy": 16.642356872558594,
      "acoustic_entropy_mono": 16.545541763305664,
      "band_eliminated_acoustic_entropies": [
        {
          "acoustic_entropy": 16.656925201416016,
          "acoustic_entropy_side": 16.43990135192871,
          "hz": 129.47220167065723
        },
        {
          "acoustic_entropy": 16.215282440185547,
          "acoustic_entropy_side": 16.655622482299805,
          "hz": 202.92927478742237
        },
        {
          "acoustic_entropy": 16.81180191040039,
          "acoustic_entropy_side": 17.255178451538086,
          "hz": 282.89161906338205
        },
        {
          "acoustic_entropy": 17.18235206604004,
          "acoustic_entropy_side": 17.574831008911133,
          "hz": 369.9353335868758
        },
        {
          "acoustic_entropy": 16.460208892822266,
          "acoustic_entropy_side": 16.507722854614258,
          "hz": 464.6875360973435
        },
        {
          "acoustic_entropy": 16.24664306640625,
          "acoustic_entropy_side": 16.969791412353516,
          "hz": 567.8308811364784
        },
        {
          "acoustic_entropy": 16.977643966674805,
          "acoustic_entropy_side": 17.398860931396484,
          "hz": 680.1084783214808
        },
        {
          "acoustic_entropy": 15.51481819152832,
          "acoustic_entropy_side": 16.31934356689453,
          "hz": 802.3292461747484
        },
        {
          "acoustic_entropy": 16.7182559967041,
          "acoustic_entropy_side": 17.062149047851562,
          "hz": 935.3737400823702
        },
        {
          "acoustic_entropy": 16.98703384399414,
          "acoustic_entropy_side": 16.800235748291016,
          "hz": 1080.2004963696966
        },
        {
          "acoustic_entropy": 17.13665199279785,
          "acoustic_entropy_side": 17.02082061767578,
          "hz": 1237.8529382007157
        },
        {
          "acoustic_entropy": 16.572370529174805,
          "acoustic_entropy_side": 16.884824752807617,
          "hz": 1409.4668930556702
        },
        {
          "acoustic_entropy": 16.368288040161133,
          "acoustic_entropy_side": 16.8270320892334,
          "hz": 1596.2787759475705
        },
        {
          "acoustic_entropy": 17.781070709228516,
          "acoustic_entropy_side": 18.017580032348633,
          "hz": 1799.6344973346393
        },
        {
          "acoustic_entropy": 17.534934997558594,
          "acoustic_entropy_side": 17.586692810058594,
          "hz": 2020.9991599069049
        },
        {
          "acoustic_entropy": 16.334552764892578,
          "acoustic_entropy_side": 16.781631469726562,
          "hz": 2261.9676141086993
        },
        {
          "acoustic_entropy": 16.793869018554688,
          "acoustic_entropy_side": 16.73700523376465,
          "hz": 2524.2759484456974
        },
        {
          "acoustic_entropy": 16.397153854370117,
          "acoustic_entropy_side": 16.500709533691406,
          "hz": 2809.813997359896
        },
        {
          "acoustic_entropy": 16.032506942749023,
          "acoustic_entropy_side": 16.275733947753906,
          "hz": 3120.6389567871424
        },
        {
