{
  "acoustic_entropy": 145.35845947265625,
  "bands": [
    {
      "high_freq": 148.1999969482422,
      "loudness": -29.409622192382812,
      "loudness_range": 15.293777465820312,
      "mid_mean": -25.72149658203125,
      "mid_to_side_loudness": -30.72968292236328,
      "mid_to_side_loudness_range": 6.758062362670898,
      "side_mean": -56.32642364501953
    },
    {
      "high_freq": 392.3793640136719,
      "loudness": -25.242332458496094,
      "loudness_range": 10.916854858398438,
      "low_freq": 148.1999969482422,
      "mid_mean": -21.560733795166016,
      "mid_to_side_loudness": -25.058326721191406,
      "mid_to_side_loudness_range": 6.158607482910156,
      "side_mean": -46.594730377197266
    },
    {
      "high_freq": 794.6976318359375,
      "loudness": -25.617656707763672,
      "loudness_range": 13.260007858276367,
      "low_freq": 392.3793640136719,
      "mid_mean": -21.94754981994629,
      "mid_to_side_loudness": -23.61530303955078,
      "mid_to_side_loudness_range": 7.102293014526367,
      "side_mean": -45.56514358520508
    },
    {
      "high_freq": 1457.5709228515625,
      "loudness": -33.90968322753906,
      "loudness_range": 20.579496383666992,
      "low_freq": 794.6976318359375,
      "mid_mean": -30.275339126586914,
      "mid_to_side_loudness": -18.85019302368164,
      "mid_to_side_loudness_range": 6.287163734436035,
      "side_mean": -49.08929443359375
    },
    {
      "high_freq": 2549.74365234375,
      "loudness": -38.76313781738281,
      "loudness_range": 22.513757705688477,
      "low_freq": 1457.5709228515625,
      "mid_mean": -35.128562927246094,
      "mid_to_side_loudness": -18.65007972717285,
      "mid_to_side_loudness_range": 6.243109703063965,
      "side_mean": -53.71393585205078
    },
    {
      "high_freq": 4349.24462890625,
      "loudness": -44.346519470214844,
      "loudness_range": 21.552846908569336,
      "low_freq": 2549.74365234375,
      "mid_mean": -40.73430633544922,
      "mid_to_side_loudness": -18.927759170532227,
      "mid_to_side_loudness_range": 5.522052764892578,
      "side_mean": -59.022396087646484
    },
    {
      "high_freq": 7314.1640625,
      "loudness": -49.65131378173828,
      "loudness_range": 22.138782501220703,
      "low_freq": 4349.24462890625,
      "mid_mean": -45.99745178222656,
      "mid_to_side_loudness": -20.540565490722656,
      "mid_to_side_loudness_range": 5.267438888549805,
      "side_mean": -64.19062042236328
    },
    {
      "high_freq": 12199.2666015625,
      "loudness": -57.53866195678711,
      "loudness_range": 24.190250396728516,
      "low_freq": 7314.1640625,
      "mid_mean": -53.9979133605957,
      "mid_to_side_loudness": -24.19517707824707,
      "mid_to_side_loudness_range": 8.396873474121094,
      "side_mean": -68.28111267089844
    },
    {
      "loudness": -68.7562484741211,
      "loudness_range": 14.803451538085938,
      "low_freq": 12199.2666015625,
      "mid_mean": -63.452030181884766,
      "mid_to_side_loudness": -63.08885192871094,
      "mid_to_side_loudness_range": 41.245361328125,
      "side_mean": -69.99777221679688
    }
  ],
  "bands_short": [
    {
      "high_freq": 148.1999969482422,
      "loudness": -33.24668884277344,
      "loudness_range": 22.940074920654297,
      "mid_mean": -29.577245712280273,
      "mid_to_side_loudness": -30.503097534179688,
      "mid_to_side_loudness_range": 16.33509635925293,
      "side_mean": -59.25537109375
    },
    {
      "high_freq": 392.3793640136719,
      "loudness": -25.812908172607422,
      "loudness_range": 13.359132766723633,
      "low_freq": 148.1999969482422,
      "mid_mean": -22.13788604736328,
      "mid_to_side_loudness": -25.496868133544922,
      "mid_to_side_loudness_range": 11.595056533813477,
      "side_mean": -47.639015197753906
    },
    {
      "high_freq": 794.6976318359375,
      "loudness": -26.93902587890625,
      "loudness_range": 18.37900161743164,
      "low_freq": 392.3793640136719,
      "mid_mean": -23.293367385864258,
      "mid_to_side_loudness": -23.187171936035156,
      "mid_to_side_loudness_range": 14.685661315917969,
      "side_mean": -46.6956901550293
    },
    {
      "high_freq": 1457.5709228515625,
      "loudness": -34.97418212890625,
      "loudness_range": 24.400171279907227,
      "low_freq": 794.6976318359375,
      "mid_mean": -31.418724060058594,
      "mid_to_side_loudness": -18.218460083007812,
      "mid_to_side_loudness_range": 15.009771347045898,
      "side_mean": -50.04936981201172
    },
    {
      "high_freq": 2549.74365234375,
      "loudness": -40.72064208984375,
      "loudness_range": 26.03314781188965,
      "low_freq": 1457.5709228515625,
      "mid_mean": -37.17752456665039,
      "mid_to_side_loudness": -17.31509780883789,
      "mid_to_side_loudness_range": 15.866214752197266,
      "side_mean": -54.688758850097656
    },
    {
      "high_freq": 4349.24462890625,
      "loudness": -46.49021911621094,
      "loudness_range": 25.541610717773438,
      "low_freq": 2549.74365234375,
      "mid_mean": -42.97924041748047,
      "mid_to_side_loudness": -17.88343620300293,
      "mid_to_side_loudness_range": 14.566975593566895,
      "side_mean": -59.9907341003418
    },
    {
      "high_freq": 7314.1640625,
      "loudness": -52.82712936401367,
      "loudness_range": 27.643096923828125,
      "low_freq": 4349.24462890625,
      "mid_mean": -49.463191986083984,
      "mid_to_side_loudness": -18.77204704284668,
      "mid_to_side_loudness_range": 16.881290435791016,
      "side_mean": -64.77945709228516
    },
    {
      "high_freq": 12199.2666015625,
      "loudness": -60.29787063598633,
      "loudness_range": 27.393783569335938,
      "low_freq": 7314.1640625,
      "mid_mean": -56.23582077026367,
      "mid_to_side_loudness": -22.936405181884766,
      "mid_to_side_loudness_range": 17.275470733642578,
      "side_mean": -68.47571563720703
    },
    {
      "loudness": -69.54370880126953,
      "loudness_range": 15.28451919555664,
      "low_freq": 12199.2666015625,
      "mid_mean": -63.9578857421875,
      "mid_to_side_loudness": -68.73250579833984,
      "mid_to_side_loudness_range": 21.00775146484375,
      "side_mean": -69.99796295166016
    }
  ],
  "bandwidth": 522.261474609375,
  "channels": 2,
  "covariance": [
    [
      27.35365867614746,
      25.06421661376953,
      2.4752373695373535,
      2.695065498352051,
      0.8270548582077026,
      0.6480839252471924,
      2.8888602256774902,
      3.0390501022338867,
      3.859980583190918,
      4.191324710845947,
      4.568808555603027,
      3.865450143814087,
      3.6476335525512695,
      2.9094715118408203,
      2.03334903717041,
      0.18248359858989716,
      0.7693881988525391,
      0.0014443371910601854
    ],
    [
      25.06421661376953,
      32.07978057861328,
      2.959962844848633,
      3.190221071243286,
      0.28164592385292053,
      -0.19875967502593994,
      2.7193331718444824,
      2.7163145542144775,
      3.9863455295562744,
      6.327361583709717,
      4.107579231262207,
      5.259514808654785,
      2.5279335975646973,
      3.4888641834259033,
      4.397141933441162,
      0.19230766594409943,
      1.481118083000183,
      -0.0008669002563692629
    ],
    [
      2.4752373695373535,
      2.959962844848633,
      15.727036476135254,
      15.226346969604492,
      6.638736724853516,
      5.847266674041748,
      4.389699935913086,
      4.616467475891113,
      1.8837890625,
      1.362455129623413,
      1.3739157915115356,
      0.7285969853401184,
      1.2156686782836914,
      0.09892407059669495,
      3.50520396232605,
      -1.3404426574707031,
      1.1739859580993652,
      -0.007047081366181374
    ],
    [
      2.695065498352051,
      3.190221071243286,
      15.226346969604492,
      19.266164779663086,
      6.968379974365234,
      6.057420253753662,
      4.957345485687256,
      5.844259262084961,
      2.517683267593384,
      2.0710465908050537,
      0.9912709593772888,
      0.5757766962051392,
      1.2440584897994995,
      0.399369478225708,
      3.797858238220215,
      -0.8776201605796814,
      1.3720166683197021,
      -0.005407719872891903
    ],
    [
      0.8270548582077026,
      0.28164592385292053,
      6.638736724853516,
      6.968379974365234,
      24.75996971130371,
      21.735170364379883,
      25.794166564941406,
      23.662050247192383,
      24.894779205322266,
      22.015071868896484,
      21.434518814086914,
      17.873865127563477,
      19.662799835205078,
      13.161905288696289,
      22.222707748413086,
      6.676838397979736,
      10.560951232910156,
      0.010172904469072819
    ],
    [
      0.6480839252471924,
      -0.19875967502593994,
      5.847266674041748,
      6.057420253753662,
      21.735170364379883,
      25.212173461914062,
      22.80723762512207,
      23.17363929748535,
      22.33116912841797,
      21.776920318603516,
      19.404218673706055,
      17.13190460205078,
      18.369869232177734,
      12.787763595581055,
      20.544696807861328,
      6.633283615112305,
      10.064607620239258,
      0.009557711891829967
    ],
    [
      2.8888602256774902,
      2.7193331718444824,
      4.389699935913086,
      4.957345485687256,
      25.794166564941406,
      22.80723762512207,
      46.98308563232422,
      41.8415641784668,
      42.151702880859375,
      37.10372543334961,
      38.30197525024414,
      31.959747314453125,
      37.648170471191406,
      25.964492797851562,
      38.32746505737305,
      12.789369583129883,
      18.465803146362305,
      0.016490047797560692
    ],
    [
      3.0390501022338867,
      2.7163145542144775,
      4.616467475891113,
      5.844259262084961,
      23.662050247192383,
      23.17363929748535,
      41.8415641784668,
      42.58424758911133,
      38.216712951660156,
      36.23488235473633,
      35.26011276245117,
      31.328554153442383,
      34.54105758666992,
      24.972503662109375,
      34.93484115600586,
      12.310624122619629,
      16.916227340698242,
      0.017657669261097908
    ],
    [
      3.859980583190918,
      3.9863455295562744,
      1.8837890625,
      2.517683267593384,
      24.894779205322266,
      22.33116912841797,
      42.151702880859375,
      38.216712951660156,
      54.07280731201172,
      47.451881408691406,
      45.30149841308594,
      37.76218795776367,
      42.83048629760742,
      29.94163703918457,
      41.09450912475586,
      15.160351753234863,
      19.683080673217773,
      0.02390102669596672
    ],
    [
      4.191324710845947,
      6.327361583709717,
      1.362455129623413,
      2.0710465908050537,
      22.015071868896484,
      21.776920318603516,
      37.10372543334961,
      36.23488235473633,
      47.451881408691406,
      48.80134963989258,
      40.155433654785156,
      37.240509033203125,
      38.2823600769043,
      28.921899795532227,
      38.5470085144043,
      14.54425048828125,
      18.420808792114258,
      0.02404695190489292
    ],
    [
      4.568808555603027,
      4.107579231262207,
      1.3739157915115356,
      0.9912709593772888,
      21.434518814086914,
      19.404218673706055,
      38.30197525024414,
      35.26011276245117,
      45.30149841308594,
      40.155433654785156,
      49.959354400634766,
      40.41570281982422,
      43.27797317504883,
      29.891284942626953,
      40.12006759643555,
      14.645413398742676,
      19.444324493408203,
      0.0270999763160944
    ],
    [
      3.865450143814087,
      5.259514808654785,
      0.7285969853401184,
      0.5757766962051392,
      17.873865127563477,
      17.13190460205078,
      31.959747314453125,
      31.328554153442383,
      37.76218795776367,
      37.240509033203125,
      40.41570281982422,
      37.766780853271484,
      36.64973831176758,
      27.583345413208008,
      36.55760192871094,
      13.832171440124512,
      17.756729125976562,
      0.02638317085802555
    ],
    [
      3.6476335525512695,
      2.5279335975646973,
      1.2156686782836914,
      1.2440584897994995,
      19.662799835205078,
      18.369869232177734,
      37.648170471191406,
      34.54105758666992,
      42.83048629760742,
      38.2823600769043,
      43.27797317504883,
      36.64973831176758,
      51.14285659790039,
      35.05039596557617,
      47.08454895019531,
      17.926368713378906,
      23.8271484375,
      0.034887511283159256
    ],
    [
      2.9094715118408203,
      3.4888641834259033,
      0.09892407059669495,
      0.399369478225708,
      13.161905288696289,
      12.787763595581055,
      25.964492797851562,
      24.972503662109375,
      29.94163703918457,
      28.921899795532227,
      29.891284942626953,
      27.583345413208008,
      35.05039596557617,
      27.364063262939453,
      34.2047233581543,
      14.353148460388184,
      17.67424201965332,
      0.02944384329020977
    ],
    [
      2.03334903717041,
      4.397141933441162,
      3.50520396232605,
      3.797858238220215,
      22.222707748413086,
      20.544696807861328,
      38.32746505737305,
      34.93484115600586,
      41.09450912475586,
      38.5470085144043,
      40.12006759643555,
      36.55760192871094,
      47.08454895019531,
      34.2047233581543,
      60.745994567871094,
      21.135562896728516,
      30.397764205932617,
      0.03456714749336243
    ],
    [
      0.18248359858989716,
      0.19230766594409943,
      -1.3404426574707031,
      -0.8776201605796814,
      6.676838397979736,
      6.633283615112305,
      12.789369583129883,
      12.310624122619629,
      15.160351753234863,
      14.54425048828125,
      14.645413398742676,
      13.832171440124512,
      17.926368713378906,
      14.353148460388184,
      21.135562896728516,
      10.4999361038208,
      11.684408187866211,
      0.019451448693871498
    ],
    [
      0.7693881988525391,
      1.481118083000183,
      1.1739859580993652,
      1.3720166683197021,
      10.560951232910156,
      10.064607620239258,
      18.465803146362305,
      16.916227340698242,
      19.683080673217773,
      18.420808792114258,
      19.444324493408203,
      17.756729125976562,
      23.8271484375,
      17.67424201965332,
      30.397764205932617,
      11.684408187866211,
      17.560527801513672,
      0.02462555468082428
    ],
    [
      0.0014443371910601854,
      -0.0008669002563692629,
      -0.007047081366181374,
      -0.005407719872891903,
      0.010172904469072819,
      0.009557711891829967,
      0.016490047797560692,
      0.017657669261097908,
      0.02390102669596672,
      0.02404695190489292,
      0.0270999763160944,
      0.02638317085802555,
      0.034887511283159256,
      0.02944384329020977,
      0.03456714749336243,
      0.019451448693871498,
      0.02462555468082428,
      0.0004134899063501507
    ]
  ],
  "covariance_short": [
    [
      57.40203094482422,
      36.29191970825195,
      6.414543628692627,
      5.131106853485107,
      0.48264795541763306,
      0.6991647481918335,
      3.3072988986968994,
      2.5817575454711914,
      5.225466728210449,
      4.296820640563965,
      6.42515230178833,
      4.3133039474487305,
      7.899933815002441,
      3.7278900146484375,
      3.6535160541534424,
      0.6161266565322876,
      1.4903329610824585,
      0.0027859611436724663
    ],
    [
      36.29191970825195,
      43.99000549316406,
      5.69271993637085,
      5.781656742095947,
      -0.1598374843597412,
      -0.04436209052801132,
      2.2764182090759277,
      4.735838413238525,
      3.4697580337524414,
      5.250548839569092,
      3.924525260925293,
      4.578310012817383,
      4.308377742767334,
      3.1791718006134033,
      1.904482364654541,
      0.1265183687210083,
      0.9975917935371399,
      -0.0007547165732830763
    ],
    [
      6.414543628692627,
      5.69271993637085,
      24.13631248474121,
      17.229595184326172,
      11.023634910583496,
      7.520840644836426,
      7.017941951751709,
      5.923638820648193,
      5.797997951507568,
      3.0046355724334717,
      6.458855152130127,
      2.6912105083465576,
      8.602765083312988,
      1.0370384454727173,
      5.901047706604004,
      -1.3384838104248047,
      1.827576994895935,
      -0.0057239169254899025
    ],
    [
      5.131106853485107,
      5.781656742095947,
      17.229595184326172,
      27.058584213256836,
      8.204214096069336,
      8.288631439208984,
      4.783864974975586,
      7.061335563659668,
      2.7123544216156006,
      3.1020641326904297,
      2.384535074234009,
      1.7694251537322998,
      4.511509895324707,
      0.7895509004592896,
      3.602792739868164,
      -1.029260277748108,
      1.1126114130020142,
      -0.005053660366684198
    ],
    [
      0.48264795541763306,
      -0.1598374843597412,
      11.023634910583496,
      8.204214096069336,
      43.57477569580078,
      26.535825729370117,
      38.09405517578125,
      28.897886276245117,
      36.77418899536133,
      25.880765914916992,
      34.191123962402344,
      21.59326934814453,
      32.988182067871094,
      15.11384105682373,
      30.24196434020996,
      7.474833011627197,
      13.439409255981445,
      0.011376411654055119
    ],
    [
      0.6991647481918335,
      -0.04436209052801132,
      7.520840644836426,
      8.288631439208984,
      26.535825729370117,
      34.7669677734375,
      25.07689666748047,
      28.473777770996094,
      24.385854721069336,
      25.654333114624023,
      23.088985443115234,
      19.92127799987793,
      23.650291442871094,
      13.972944259643555,
      22.00661277770996,
      7.019930839538574,
      10.039538383483887,
      0.009753488935530186
    ],
    [
      3.3072988986968994,
      2.2764182090759277,
      7.017941951751709,
      4.783864974975586,
      38.09405517578125,
      25.07689666748047,
      65.93708038330078,
      45.71588134765625,
      55.81422805786133,
      39.38425827026367,
      52.18342971801758,
      33.66571044921875,
      51.067100524902344,
      25.863523483276367,
      42.882598876953125,
      11.988604545593262,
      19.974340438842773,
      0.01449462492018938
    ],
    [
      2.5817575454711914,
      4.735838413238525,
      5.923638820648193,
      7.061335563659668,
      28.897886276245117,
      28.473777770996094,
      45.71588134765625,
      57.67912292480469,
      41.10799789428711,
      44.42770004272461,
      39.92008972167969,
      36.37808609008789,
      41.165279388427734,
      26.567081451416016,
      36.24742126464844,
      12.109603881835938,
      16.93671989440918,
      0.016945865005254745
    ],
    [
      5.225466728210449,
      3.4697580337524414,
      5.797997951507568,
      2.7123544216156006,
      36.77418899536133,
      24.385854721069336,
      55.81422805786133,
      41.10799789428711,
      73.66687774658203,
      48.865596771240234,
      62.15302276611328,
      39.86143112182617,
      59.20983123779297,
      30.37809944152832,
      47.996463775634766,
      14.76028823852539,
      22.364139556884766,
      0.024245448410511017
    ],
    [
      4.296820640563965,
      5.250548839569092,
      3.0046355724334717,
      3.1020641326904297,
      25.880765914916992,
      25.654333114624023,
      39.38425827026367,
      44.42770004272461,
      48.865596771240234,
      54.7412223815918,
      44.031585693359375,
      39.80826187133789,
      42.91682815551758,
      29.170154571533203,
      35.22771072387695,
      13.98491096496582,
      16.926639556884766,
      0.02305019646883011
    ],
    [
      6.42515230178833,
      3.924525260925293,
      6.458855152130127,
      2.384535074234009,
      34.191123962402344,
      23.088985443115234,
      52.18342971801758,
      39.92008972167969,
      62.15302276611328,
      44.031585693359375,
      73.2905044555664,
      44.32121658325195,
      64.39551544189453,
      31.336650848388672,
      50.34474563598633,
      14.609182357788086,
      23.18954086303711,
      0.02736506424844265
    ],
    [
      4.3133039474487305,
      4.578310012817383,
      2.6912105083465576,
      1.7694251537322998,
      21.59326934814453,
      19.92127799987793,
      33.66571044921875,
      36.37808609008789,
      39.86143112182617,
      39.80826187133789,
      44.32121658325195,
      41.86787414550781,
      42.26708221435547,
      28.292760848999023,
      34.31372833251953,
      13.454022407531738,
      16.493650436401367,
      0.026167932897806168
    ],
    [
      7.899933815002441,
      4.308377742767334,
      8.602765083312988,
      4.511509895324707,
      32.988182067871094,
      23.650291442871094,
      51.067100524902344,
      41.165279388427734,
      59.20983123779297,
      42.91682815551758,
      64.39551544189453,
      42.26708221435547,
      85.3956069946289,
      37.61118698120117,
      69.10247802734375,
      18.374698638916016,
      31.37588882446289,
      0.03803634271025658
    ],
    [
      3.7278900146484375,
      3.1791718006134033,
      1.0370384454727173,
      0.7895509004592896,
      15.11384105682373,
      13.972944259643555,
      25.863523483276367,
      26.567081451416016,
      30.37809944152832,
      29.170154571533203,
      31.336650848388672,
      28.292760848999023,
      37.61118698120117,
      28.390979766845703,
      31.89222526550293,
      13.806986808776855,
      15.917147636413574,
      0.02837499789893627
    ],
    [
      3.6535160541534424,
      1.904482364654541,
      5.901047706604004,
      3.602792739868164,
      30.24196434020996,
      22.00661277770996,
      42.882598876953125,
      36.24742126464844,
      47.996463775634766,
      35.22771072387695,
      50.34474563598633,
      34.31372833251953,
      69.10247802734375,
      31.89222526550293,
      72.15495300292969,
      19.447782516479492,
      33.13424301147461,
      0.03670535236597061
    ],
    [
      0.6161266565322876,
      0.1265183687210083,
      -1.3384838104248047,
      -1.029260277748108,
      7.474833011627197,
      7.019930839538574,
      11.988604545593262,
      12.109603881835938,
      14.76028823852539,
      13.98491096496582,
      14.609182357788086,
      13.454022407531738,
      18.374698638916016,
      13.806986808776855,
      19.447782516479492,
      10.10290813446045,
      10.221569061279297,
      0.019778134301304817
    ],
    [
      1.4903329610824585,
      0.9975917935371399,
      1.827576994895935,
      1.1126114130020142,
      13.439409255981445,
      10.039538383483887,
      19.974340438842773,
      16.93671989440918,
      22.364139556884766,
      16.926639556884766,
      23.18954086303711,
      16.493650436401367,
      31.37588882446289,
      15.917147636413574,
      33.13424301147461,
      10.221569061279297,
      18.164770126342773,
      0.025152593851089478
    ],
    [
      0.0027859611436724663,
      -0.0007547165732830763,
      -0.0057239169254899025,
      -0.005053660366684198,
      0.011376411654055119,
      0.009753488935530186,
      0.01449462492018938,
      0.016945865005254745,
      0.024245448410511017,
      0.02305019646883011,
      0.02736506424844265,
      0.026167932897806168,
      0.03803634271025658,
      0.02837499789893627,
      0.03670535236597061,
      0.019778134301304817,
      0.025152593851089478,
      0.001961132511496544
    ]
  ],
  "damage": -9.9965181350708,
  "diff_bandwidth": 543.4152221679688,
  "dissonance": 5.772038601076506,
  "drr": 1.696226954460144,
  "dynamics": 3.225217342376709,
  "format": 1245190,
  "frames": 20176832,
  "loudness": -16.69800567626953,
  "loudness_range": 8.089865684509277,
  "loudness_range_short": 11.701770782470703,
  "lowpass_true_peak_15khz": -2.4028818607330322,
  "mastering3_acoustic_entropies": [
    {
      "acoustic_entropy": 8.961045265197754,
      "acoustic_entropy_mono": 8.962111473083496,
      "band_eliminated_acoustic_entropies": [
        {
          "acoustic_entropy": 9.015804290771484,
          "acoustic_entropy_side": 8.96104621887207,
          "hz": 129.47220167065723
        },
        {
          "acoustic_entropy": 8.734439849853516,
          "acoustic_entropy_side": 8.961050033569336,
          "hz": 202.92927478742237
        },
        {
          "acoustic_entropy": 9.232458114624023,
          "acoustic_entropy_side": 8.961074829101562,
          "hz": 282.89161906338205
        },
        {
          "acoustic_entropy": 9.770759582519531,
          "acoustic_entropy_side": 8.961586952209473,
          "hz": 369.9353335868758
        },
        {
          "acoustic_entropy": 8.01549243927002,
          "acoustic_entropy_side": 8.95930004119873,
          "hz": 464.6875360973435
        },
        {
          "acoustic_entropy": 8.433640480041504,
          "acoustic_entropy_side": 8.960566520690918,
          "hz": 567.8308811364784
        },
        {
          "acoustic_entropy": 7.4714179039001465,
          "acoustic_entropy_side": 8.961345672607422,
          "hz": 680.1084783214808
        },
        {
          "acoustic_entropy": 8.442520141601562,
          "acoustic_entropy_side": 8.96231746673584,
          "hz": 802.3292461747484
        },
        {
          "acoustic_entropy": 8.633711814880371,
          "acoustic_entropy_side": 8.959638595581055,
          "hz": 935.3737400823702
        },
        {
          "acoustic_entropy": 8.845772743225098,
          "acoustic_entropy_side": 8.973963737487793,
          "hz": 1080.2004963696966
        },
        {
          "acoustic_entropy": 8.244221687316895,
          "acoustic_entropy_side": 8.958834648132324,
          "hz": 1237.8529382007157
        },
        {
          "acoustic_entropy": 8.602840423583984,
          "acoustic_entropy_side": 8.96627140045166,
          "hz": 1409.4668930556702
        },
        {
          "acoustic_entropy": 8.655787467956543,
          "acoustic_entropy_side": 8.938813209533691,
          "hz": 1596.2787759475705
        },
        {
          "acoustic_entropy": 9.34498405456543,
          "acoustic_entropy_side": 8.968246459960938,
          "hz": 1799.6344973346393
        },
        {
          "acoustic_entropy": 8.896556854248047,
          "acoustic_entropy_side": 8.962921142578125,
          "hz": 2020.9991599069049
        },
        {
          "acoustic_entropy": 8.651993751525879,
          "acoustic_entropy_side": 8.95981216430664,
          "hz": 2261.9676141086993
        },
        {
          "acoustic_entropy": 8.682476997375488,
          "acoustic_entropy_side": 8.960909843444824,
          "hz": 2524.2759484456974
        },
        {
          "acoustic_entropy": 8.715963363647461,
          "acoustic_entropy_side": 8.960745811462402,
          "hz": 2809.813997359896
        },
        {
          "acoustic_entropy": 8.857065200805664,
          "acoustic_entropy_side": 8.960744857788086,
          "hz": 3120.6389567871424
        },
        {
          "acoustic_entropy": 8.950360298156738,
          "acoustic_entropy_side": 8.961079597473145,
          "hz": 3458.990205492291
        },
        {
          "acoustic_entropy": 9.007184028625488,
          "acoustic_entropy_side": 8.961075782775879,
          "hz": 3827.305438964164
        },
        {
          "acoustic_entropy": 8.9839448928833,
          "acoustic_entropy_side": 8.961099624633789,
          "hz": 4228.238232109126
        },
        {
          "acoustic_entropy": 9.039396286010742,
          "acoustic_entropy_side": 8.961160659790039,
          "hz": 4664.6771572759235
        },
        {
          "acoustic_entropy": 9.00770378112793,
          "acoustic_entropy_side": 8.961264610290527,
          "hz": 5139.766595350093
        },
        {
          "acoustic_entropy": 8.973553657531738,
          "acoustic_entropy_side": 8.961162567138672,
          "hz": 5656.929389854203
        },
        {
          "acoustic_entropy": 8.950700759887695,
          "acoustic_entropy_side": 8.961085319519043,
          "hz": 6219.891507268283
        },
        {
          "acoustic_entropy": 8.959635734558105,
          "acoustic_entropy_side": 8.961063385009766,
          "hz": 6832.70888123896
        },
        {
          "acoustic_entropy": 8.943313598632812,
          "acoustic_entropy_side": 8.96104621887207,
          "hz": 7499.796634079867
        },
        {
          "acoustic_entropy": 8.95444107055664,
          "acoustic_entropy_side": 8.96104621887207,
          "hz": 8225.96088609342
        },
        {
          "acoustic_entropy": 8.960575103759766,
          "acoustic_entropy_side": 8.961045265197754,
          "hz": 9016.43338188839
        },
        {
          "acoustic_entropy": 8.964471817016602,
          "acoustic_entropy_side": 8.961043357849121,
          "hz": 9876.909183162974
        },
        {
          "acoustic_entropy": 8.94335651397705,
          "acoustic_entropy_side": 8.961039543151855,
          "hz": 10813.587699516042
        },
        {
          "acoustic_entropy": 8.956988334655762,
          "acoustic_entropy_side": 8.961044311523438,
          "hz": 11833.21735289826
        },
        {
          "acoustic_entropy": 8.9605712890625,
          "acoustic_entropy_side": 8.961045265197754,
          "hz": 12943.144197493959
        },
        {
          "acoustic_entropy": 8.960992813110352,
          "acoustic_entropy_side": 8.961045265197754,
          "hz": 14151.364845322005
        },
        {
          "acoustic_entropy": 8.960980415344238,
          "acoustic_entropy_side": 8.961045265197754,
          "hz": 15466.58407886509
        },
        {
          "acoustic_entropy": 8.961031913757324,
          "acoustic_entropy_side": 8.961045265197754,
          "hz": 16898.27756580493
        },
        {
          "acoustic_entropy": 8.96097469329834,
          "acoustic_entropy_side": 8.961045265197754,
          "hz": 18456.760127700032
        },
        {
          "acoustic_entropy": 8.961030006408691,
          "acoustic_entropy_side": 8.961045265197754,
          "hz": 20153.260054456492
        },
        {
          "acoustic_entropy": 8.961045265197754,
          "acoustic_entropy_side": 8.961045265197754,
          "hz": 22000.00000000001
        }
      ],
      "diff_acoustic_entropy": 9.113302230834961,
      "sn": 6
    },
    {
      "acoustic_entropy": 12.897400856018066,
      "acoustic_entropy_mono": 12.925057411193848,
      "band_eliminated_acoustic_entropies": [
        {
          "acoustic_entropy": 12.610448837280273,
          "acoustic_entropy_side": 12.897391319274902,
          "hz": 129.47220167065723
        },
        {
          "acoustic_entropy": 11.755173683166504,
          "acoustic_entropy_side": 12.89709758758545,
          "hz": 202.92927478742237
        },
        {
          "acoustic_entropy": 12.554752349853516,
          "acoustic_entropy_side": 12.895960807800293,
          "hz": 282.89161906338205
        },
        {
          "acoustic_entropy": 13.943464279174805,
          "acoustic_entropy_side": 12.906087875366211,
          "hz": 369.9353335868758
        },
        {
          "acoustic_entropy": 11.80352783203125,
          "acoustic_entropy_side": 12.911890983581543,
          "hz": 464.6875360973435
        },
        {
          "acoustic_entropy": 12.501837730407715,
          "acoustic_entropy_side": 12.891371726989746,
          "hz": 567.8308811364784
        },
        {
          "acoustic_entropy": 11.298498153686523,
          "acoustic_entropy_side": 12.933634757995605,
          "hz": 680.1084783214808
        },
        {
          "acoustic_entropy": 13.562559127807617,
          "acoustic_entropy_side": 12.884937286376953,
          "hz": 802.3292461747484
        },
        {
          "acoustic_entropy": 12.705435752868652,
          "acoustic_entropy_side": 12.876225471496582,
          "hz": 935.3737400823702
        },
        {
          "acoustic_entropy": 12.340875625610352,
          "acoustic_entropy_side": 12.884580612182617,
          "hz": 1080.2004963696966
        },
        {
          "acoustic_entropy": 10.982616424560547,
          "acoustic_entropy_side": 12.872697830200195,
          "hz": 1237.8529382007157
        },
        {
          "acoustic_entropy": 12.491397857666016,
          "acoustic_entropy_side": 12.919546127319336,
          "hz": 1409.4668930556702
        },
        {
          "acoustic_entropy": 12.164839744567871,
          "acoustic_entropy_side": 12.877385139465332,
          "hz": 1596.2787759475705
        },
        {
          "acoustic_entropy": 12.809768676757812,
          "acoustic_entropy_side": 12.902631759643555,
          "hz": 1799.6344973346393
        },
        {
          "acoustic_entropy": 12.749919891357422,
          "acoustic_entropy_side": 12.910181999206543,
          "hz": 2020.9991599069049
        },
        {
          "acoustic_entropy": 12.253641128540039,
          "acoustic_entropy_side": 12.891843795776367,
          "hz": 2261.9676141086993
        },
        {
          "acoustic_entropy": 12.670519828796387,
          "acoustic_entropy_side": 12.893014907836914,
          "hz": 2524.2759484456974
        },
        {
          "acoustic_entropy": 12.960067749023438,
          "acoustic_entropy_side": 12.897148132324219,
          "hz": 2809.813997359896
        },
        {
          "acoustic_entropy": 13.121702194213867,
          "acoustic_entropy_side": 12.89956283569336,
          "hz": 3120.6389567871424
        },
        {
          "acoustic_entropy": 13.088994979858398,
          "acoustic_entropy_side": 12.896946907043457,
          "hz": 3458.990205492291
        },
        {
          "acoustic_entropy": 12.77554702758789,
          "acoustic_entropy_side": 12.895804405212402,
          "hz": 3827.305438964164
        },
        {
          "acoustic_entropy": 12.839845657348633,
          "acoustic_entropy_side": 12.893804550170898,
          "hz": 4228.238232109126
        },
        {
          "acoustic_entropy": 12.884095191955566,
          "acoustic_entropy_side": 12.893990516662598,
          "hz": 4664.6771572759235
        },
        {
          "acoustic_entropy": 12.815072059631348,
          "acoustic_entropy_side": 12.896185874938965,
          "hz": 5139.766595350093
        },
        {
          "acoustic_entropy": 12.76777458190918,
          "acoustic_entropy_side": 12.8964204788208,
          "hz": 5656.929389854203
        },
        {
          "acoustic_entropy": 12.810340881347656,
          "acoustic_entropy_side": 12.896621704101562,
          "hz": 6219.891507268283
        },
        {
          "acoustic_entropy": 12.788250923156738,
          "acoustic_entropy_side": 12.896892547607422,
          "hz": 6832.70888123896
        },
        {
          "acoustic_entropy": 12.85110092163086,
          "acoustic_entropy_side": 12.897345542907715,
          "hz": 7499.796634079867
        },
        {
          "acoustic_entropy": 12.862774848937988,
          "acoustic_entropy_side": 12.897384643554688,
          "hz": 8225.96088609342
        },
        {
          "acoustic_entropy": 12.866085052490234,
          "acoustic_entropy_side": 12.897403717041016,
          "hz": 9016.43338188839
        },
        {
          "acoustic_entropy": 12.749719619750977,
          "acoustic_entropy_side": 12.897417068481445,
          "hz": 9876.909183162974
        },
        {
          "acoustic_entropy": 12.730791091918945,
          "acoustic_entropy_side": 12.897582054138184,
          "hz": 10813.587699516042
        },
        {
          "acoustic_entropy": 12.866819381713867,
          "acoustic_entropy_side": 12.897403717041016,
          "hz": 11833.21735289826
        },
        {
          "acoustic_entropy": 12.892402648925781,
          "acoustic_entropy_side": 12.897400856018066,
          "hz": 12943.144197493959
        },
        {
          "acoustic_entropy": 12.895846366882324,
          "acoustic_entropy_side": 12.897400856018066,
          "hz": 14151.364845322005
        },
        {
          "acoustic_entropy": 12.897318840026855,
          "acoustic_entropy_side": 12.897400856018066,
          "hz": 15466.58407886509
        },
        {
          "acoustic_entropy": 12.89795970916748,
          "acoustic_entropy_side": 12.897400856018066,
          "hz": 16898.27756580493
        },
        {
          "acoustic_entropy": 12.897700309753418,
          "acoustic_entropy_side": 12.897400856018066,
          "hz": 18456.760127700032
        },
        {
          "acoustic_entropy": 12.8973970413208,
          "acoustic_entropy_side": 12.897400856018066,
          "hz": 20153.260054456492
        },
        {
          "acoustic_entropy": 12.897403717041016,
          "acoustic_entropy_side": 12.897400856018066,
          "hz": 22000.00000000001
        }
      ],
      "diff_acoustic_entropy": 13.326887130737305,
      "sn": 12
    },
    {
      "acoustic_entropy": 16.893280029296875,
      "acoustic_entropy_mono": 17.451358795166016,
      "band_eliminated_acoustic_entropies": [
        {
          "acoustic_entropy": 16.679506301879883,
          "acoustic_entropy_side": 16.892995834350586,
          "hz": 129.47220167065723
        },
        {
          "acoustic_entropy": 17.624231338500977,
          "acoustic_entropy_side": 16.895721435546875,
          "hz": 202.92927478742237
        },
        {
          "acoustic_entropy": 16.97153091430664,
          "acoustic_entropy_side": 16.80986785888672,
          "hz": 282.89161906338205
        },
        {
          "acoustic_entropy": 17.35280990600586,
          "acoustic_entropy_side": 16.99806022644043,
          "hz": 369.9353335868758
        },
        {
          "acoustic_entropy": 16.09442901611328,
          "acoustic_entropy_side": 16.701873779296875,
          "hz": 464.6875360973435
        },
        {
          "acoustic_entropy": 16.773923873901367,
          "acoustic_entropy_side": 16.7763729095459,
          "hz": 567.8308811364784
        },
        {
          "acoustic_entropy": 17.2545166015625,
          "acoustic_entropy_side": 16.579500198364258,
          "hz": 680.1084783214808
        },
        {
          "acoustic_entropy": 17.008615493774414,
          "acoustic_entropy_side": 17.47113609313965,
          "hz": 802.3292461747484
        },
        {
          "acoustic_entropy": 17.380720138549805,
          "acoustic_entropy_side": 17.336484909057617,
          "hz": 935.3737400823702
        },
        {
          "acoustic_entropy": 17.120220184326172,
          "acoustic_entropy_side": 17.537561416625977,
          "hz": 1080.2004963696966
        },
        {
          "acoustic_entropy": 16.363554000854492,
          "acoustic_entropy_side": 16.482093811035156,
          "hz": 1237.8529382007157
        },
        {
          "acoustic_entropy": 16.667409896850586,
          "acoustic_entropy_side": 17.14325523376465,
          "hz": 1409.4668930556702
        },
        {
          "acoustic_entropy": 17.590354919433594,
          "acoustic_entropy_side": 17.519636154174805,
          "hz": 1596.2787759475705
        },
        {
          "acoustic_entropy": 16.828645706176758,
          "acoustic_entropy_side": 16.67244529724121,
          "hz": 1799.6344973346393
        },
        {
          "acoustic_entropy": 17.081422805786133,
          "acoustic_entropy_side": 17.1438045501709,
          "hz": 2020.9991599069049
        },
        {
          "acoustic_entropy": 16.998397827148438,
          "acoustic_entropy_side": 16.847021102905273,
          "hz": 2261.9676141086993
        },
        {
          "acoustic_entropy": 17.2440128326416,
          "acoustic_entropy_side": 16.774635314941406,
          "hz": 2524.2759484456974
        },
        {
          "acoustic_entropy": 16.990102767944336,
