{
  "acoustic_entropy": 213.42630004882812,
  "bands": [
    {
      "high_freq": 148.1999969482422,
      "loudness": -20.97608757019043,
      "loudness_range": 11.66517162322998,
      "mid_mean": -17.349767684936523,
      "mid_to_side_loudness": -21.943382263183594,
      "mid_to_side_loudness_range": 20.565757751464844,
      "side_mean": -40.04345703125
    },
    {
      "high_freq": 392.3793640136719,
      "loudness": -23.47214126586914,
      "loudness_range": 8.895427703857422,
      "low_freq": 148.1999969482422,
      "mid_mean": -20.376087188720703,
      "mid_to_side_loudness": -8.51434326171875,
      "mid_to_side_loudness_range": 11.473289489746094,
      "side_mean": -29.390167236328125
    },
    {
      "high_freq": 794.6976318359375,
      "loudness": -22.648609161376953,
      "loudness_range": 11.296178817749023,
      "low_freq": 392.3793640136719,
      "mid_mean": -19.898521423339844,
      "mid_to_side_loudness": -7.488267421722412,
      "mid_to_side_loudness_range": 12.292479515075684,
      "side_mean": -27.50395965576172
    },
    {
      "high_freq": 1457.5709228515625,
      "loudness": -25.003015518188477,
      "loudness_range": 14.851160049438477,
      "low_freq": 794.6976318359375,
      "mid_mean": -22.196352005004883,
      "mid_to_side_loudness": -7.948951721191406,
      "mid_to_side_loudness_range": 12.542450904846191,
      "side_mean": -30.24575424194336
    },
    {
      "high_freq": 2549.74365234375,
      "loudness": -24.547815322875977,
      "loudness_range": 15.882030487060547,
      "low_freq": 1457.5709228515625,
      "mid_mean": -21.552350997924805,
      "mid_to_side_loudness": -8.694544792175293,
      "mid_to_side_loudness_range": 11.8853759765625,
      "side_mean": -30.574438095092773
    },
    {
      "high_freq": 4349.24462890625,
      "loudness": -25.519447326660156,
      "loudness_range": 13.804056167602539,
      "low_freq": 2549.74365234375,
      "mid_mean": -22.299068450927734,
      "mid_to_side_loudness": -9.684041023254395,
      "mid_to_side_loudness_range": 11.440104484558105,
      "side_mean": -32.846595764160156
    },
    {
      "high_freq": 7314.1640625,
      "loudness": -29.289958953857422,
      "loudness_range": 10.618499755859375,
      "low_freq": 4349.24462890625,
      "mid_mean": -26.09514617919922,
      "mid_to_side_loudness": -10.22133731842041,
      "mid_to_side_loudness_range": 12.195353507995605,
      "side_mean": -37.165679931640625
    },
    {
      "high_freq": 12199.2666015625,
      "loudness": -30.975008010864258,
      "loudness_range": 12.107889175415039,
      "low_freq": 7314.1640625,
      "mid_mean": -27.825273513793945,
      "mid_to_side_loudness": -10.062845230102539,
      "mid_to_side_loudness_range": 12.704607963562012,
      "side_mean": -38.603111267089844
    },
    {
      "loudness": -34.22087860107422,
      "loudness_range": 13.48248291015625,
      "low_freq": 12199.2666015625,
      "mid_mean": -31.165327072143555,
      "mid_to_side_loudness": -9.748215675354004,
      "mid_to_side_loudness_range": 10.142229080200195,
      "side_mean": -41.21802520751953
    }
  ],
  "bands_short": [
    {
      "high_freq": 148.1999969482422,
      "loudness": -23.909440994262695,
      "loudness_range": 21.499980926513672,
      "mid_mean": -20.28729248046875,
      "mid_to_side_loudness": -23.19918441772461,
      "mid_to_side_loudness_range": 25.30939483642578,
      "side_mean": -44.769596099853516
    },
    {
      "high_freq": 392.3793640136719,
      "loudness": -23.108531951904297,
      "loudness_range": 12.669147491455078,
      "low_freq": 148.1999969482422,
      "mid_mean": -20.01529312133789,
      "mid_to_side_loudness": -9.617956161499023,
      "mid_to_side_loudness_range": 14.625686645507812,
      "side_mean": -30.11383056640625
    },
    {
      "high_freq": 794.6976318359375,
      "loudness": -23.567323684692383,
      "loudness_range": 15.193798065185547,
      "low_freq": 392.3793640136719,
      "mid_mean": -21.175304412841797,
      "mid_to_side_loudness": -6.638889312744141,
      "mid_to_side_loudness_range": 15.560760498046875,
      "side_mean": -27.919992446899414
    },
    {
      "high_freq": 1457.5709228515625,
      "loudness": -25.85968017578125,
      "loudness_range": 17.836444854736328,
      "low_freq": 794.6976318359375,
      "mid_mean": -23.30985450744629,
      "mid_to_side_loudness": -7.209561347961426,
      "mid_to_side_loudness_range": 15.017804145812988,
      "side_mean": -30.626628875732422
    },
    {
      "high_freq": 2549.74365234375,
      "loudness": -25.894128799438477,
      "loudness_range": 19.350120544433594,
      "low_freq": 1457.5709228515625,
      "mid_mean": -23.17563247680664,
      "mid_to_side_loudness": -7.784273624420166,
      "mid_to_side_loudness_range": 14.769731521606445,
      "side_mean": -31.30657386779785
    },
    {
      "high_freq": 4349.24462890625,
      "loudness": -26.815956115722656,
      "loudness_range": 18.858762741088867,
      "low_freq": 2549.74365234375,
      "mid_mean": -23.810441970825195,
      "mid_to_side_loudness": -8.770356178283691,
      "mid_to_side_loudness_range": 14.139749526977539,
      "side_mean": -33.3653564453125
    },
    {
      "high_freq": 7314.1640625,
      "loudness": -30.903596878051758,
      "loudness_range": 17.318510055541992,
      "low_freq": 4349.24462890625,
      "mid_mean": -27.841737747192383,
      "mid_to_side_loudness": -9.551207542419434,
      "mid_to_side_loudness_range": 14.157205581665039,
      "side_mean": -38.20616912841797
    },
    {
      "high_freq": 12199.2666015625,
      "loudness": -33.00874710083008,
      "loudness_range": 19.844161987304688,
      "low_freq": 7314.1640625,
      "mid_mean": -30.010944366455078,
      "mid_to_side_loudness": -10.066781997680664,
      "mid_to_side_loudness_range": 15.545473098754883,
      "side_mean": -40.88841247558594
    },
    {
      "loudness": -37.50214767456055,
      "loudness_range": 24.06479263305664,
      "low_freq": 12199.2666015625,
      "mid_mean": -34.67093276977539,
      "mid_to_side_loudness": -10.747234344482422,
      "mid_to_side_loudness_range": 17.385408401489258,
      "side_mean": -46.08329772949219
    }
  ],
  "bandwidth": 640.1560668945312,
  "channels": 2,
  "covariance": [
    [
      28.857236862182617,
      10.147725105285645,
      11.306163787841797,
      5.470330238342285,
      8.856173515319824,
      6.7421064376831055,
      7.641404151916504,
      5.163832664489746,
      9.62951374053955,
      7.577972888946533,
      7.0207295417785645,
      11.276237487792969,
      5.907408237457275,
      10.737955093383789,
      5.60422420501709,
      9.249550819396973,
      4.312007427215576,
      9.812411308288574
    ],
    [
      10.147725105285645,
      42.68794631958008,
      7.5820159912109375,
      15.028571128845215,
      10.479826927185059,
      11.805438041687012,
      10.00847339630127,
      11.82313060760498,
      13.535109519958496,
      14.131549835205078,
      10.979780197143555,
      15.773947715759277,
      8.16293716430664,
      16.16021156311035,
      6.59567928314209,
      16.010210037231445,
      4.0370612144470215,
      8.56396198272705
    ],
    [
      11.306163787841797,
      7.5820159912109375,
      18.158485412597656,
      11.124963760375977,
      11.140545845031738,
      8.606322288513184,
      7.4431071281433105,
      5.816838264465332,
      9.681680679321289,
      8.852629661560059,
      7.742635726928711,
      12.21453857421875,
      6.296157360076904,
      10.974169731140137,
      6.581492900848389,
      10.021950721740723,
      5.031914234161377,
      7.780493259429932
    ],
    [
      5.470330238342285,
      15.028571128845215,
      11.124963760375977,
      22.984312057495117,
      12.211783409118652,
      14.412075996398926,
      11.52508544921875,
      11.339632034301758,
      12.329350471496582,
      14.125472068786621,
      9.87437629699707,
      15.694679260253906,
      7.484097957611084,
      15.297118186950684,
      5.444934368133545,
      13.51395034790039,
      3.7643511295318604,
      8.278839111328125
    ],
    [
      8.856173515319824,
      10.479826927185059,
      11.140545845031738,
      12.211783409118652,
      25.80610466003418,
      12.451577186584473,
      16.5582332611084,
      7.703770160675049,
      18.02467155456543,
      11.795616149902344,
      14.678257942199707,
      14.715412139892578,
      11.547741889953613,
      13.339373588562012,
      10.607271194458008,
      11.798511505126953,
      8.545648574829102,
      9.568666458129883
    ],
    [
      6.7421064376831055,
      11.805438041687012,
      8.606322288513184,
      14.412075996398926,
      12.451577186584473,
      19.393529891967773,
      12.778833389282227,
      14.296069145202637,
      12.747245788574219,
      15.863229751586914,
      10.550766944885254,
      16.322925567626953,
      9.213248252868652,
      16.270994186401367,
      7.871512413024902,
      15.175886154174805,
      5.837348461151123,
      10.669525146484375
    ],
    [
      7.641404151916504,
      10.00847339630127,
      7.4431071281433105,
      11.52508544921875,
      16.5582332611084,
      12.778833389282227,
      33.20804977416992,
      17.247934341430664,
      20.48615074157715,
      17.293405532836914,
      15.010205268859863,
      17.439678192138672,
      12.827642440795898,
      17.712711334228516,
      9.590694427490234,
      14.043667793273926,
      7.033062934875488,
      9.498505592346191
    ],
    [
      5.163832664489746,
      11.82313060760498,
      5.816838264465332,
      11.339632034301758,
      7.703770160675049,
      14.296069145202637,
      17.247934341430664,
      21.03037452697754,
      13.331585884094238,
      17.98053550720215,
      10.753252983093262,
      16.707536697387695,
      9.71789836883545,
      17.284791946411133,
      7.851253032684326,
      15.068745613098145,
      4.992151737213135,
      9.169257164001465
    ],
    [
      9.62951374053955,
      13.535109519958496,
      9.681680679321289,
      12.329350471496582,
      18.02467155456543,
      12.747245788574219,
      20.48615074157715,
      13.331585884094238,
      35.87461471557617,
      20.212921142578125,
      25.06608009338379,
      22.701623916625977,
      18.461164474487305,
      21.298067092895508,
      14.789511680603027,
      16.897769927978516,
      12.029327392578125,
      11.941012382507324
    ],
    [
      7.577972888946533,
      14.131549835205078,
      8.852629661560059,
      14.125472068786621,
      11.795616149902344,
      15.863229751586914,
      17.293405532836914,
      17.98053550720215,
      20.212921142578125,
      24.14436149597168,
      14.682229995727539,
      22.15398406982422,
      12.939476013183594,
      20.63983154296875,
      10.82003402709961,
      17.845123291015625,
      7.546819686889648,
      11.63451862335205
    ],
    [
      7.0207295417785645,
      10.979780197143555,
      7.742635726928711,
      9.87437629699707,
      14.678257942199707,
      10.550766944885254,
      15.010205268859863,
      10.753252983093262,
      25.06608009338379,
      14.682229995727539,
      29.611181259155273,
      20.409465789794922,
      16.444541931152344,
      19.417726516723633,
      13.317239761352539,
      14.092438697814941,
      11.518136978149414,
      10.488873481750488
    ],
    [
      11.276237487792969,
      15.773947715759277,
      12.21453857421875,
      15.694679260253906,
      14.715412139892578,
      16.322925567626953,
      17.439678192138672,
      16.707536697387695,
      22.701623916625977,
      22.15398406982422,
      20.409465789794922,
      30.544668197631836,
      14.11131763458252,
      24.256282806396484,
      12.64309310913086,
      20.45130729675293,
      9.423257827758789,
      15.65430736541748
    ],
    [
      5.907408237457275,
      8.16293716430664,
      6.296157360076904,
      7.484097957611084,
      11.547741889953613,
      9.213248252868652,
      12.827642440795898,
      9.71789836883545,
      18.461164474487305,
      12.939476013183594,
      16.444541931152344,
      14.11131763458252,
      19.659860610961914,
      18.958566665649414,
      17.298059463500977,
      18.535314559936523,
      14.36539363861084,
      15.527119636535645
    ],
    [
      10.737955093383789,
      16.16021156311035,
      10.974169731140137,
      15.297118186950684,
      13.339373588562012,
      16.270994186401367,
      17.712711334228516,
      17.284791946411133,
      21.298067092895508,
      20.63983154296875,
      19.417726516723633,
      24.256282806396484,
      18.958566665649414,
      36.46992492675781,
      18.67189598083496,
      32.40235137939453,
      15.913211822509766,
      26.065176010131836
    ],
    [
      5.60422420501709,
      6.59567928314209,
      6.581492900848389,
      5.444934368133545,
      10.607271194458008,
      7.871512413024902,
      9.590694427490234,
      7.851253032684326,
      14.789511680603027,
      10.82003402709961,
      13.317239761352539,
      12.64309310913086,
      17.298059463500977,
      18.67189598083496,
      22.094768524169922,
      23.09368324279785,
      19.46244239807129,
      22.516054153442383
    ],
    [
      9.249550819396973,
      16.010210037231445,
      10.021950721740723,
      13.51395034790039,
      11.798511505126953,
      15.175886154174805,
      14.043667793273926,
      15.068745613098145,
      16.897769927978516,
      17.845123291015625,
      14.092438697814941,
      20.45130729675293,
      18.535314559936523,
      32.40235137939453,
      23.09368324279785,
      41.18465805053711,
      21.714601516723633,
      35.57778549194336
    ],
    [
      4.312007427215576,
      4.0370612144470215,
      5.031914234161377,
      3.7643511295318604,
      8.545648574829102,
      5.837348461151123,
      7.033062934875488,
      4.992151737213135,
      12.029327392578125,
      7.546819686889648,
      11.518136978149414,
      9.423257827758789,
      14.36539363861084,
      15.913211822509766,
      19.46244239807129,
      21.714601516723633,
      24.111248016357422,
      26.232175827026367
    ],
    [
      9.812411308288574,
      8.56396198272705,
      7.780493259429932,
      8.278839111328125,
      9.568666458129883,
      10.669525146484375,
      9.498505592346191,
      9.169257164001465,
      11.941012382507324,
      11.63451862335205,
      10.488873481750488,
      15.65430736541748,
      15.527119636535645,
      26.065176010131836,
      22.516054153442383,
      35.57778549194336,
      26.232175827026367,
      43.74178695678711
    ]
  ],
  "covariance_short": [
    [
      57.62498474121094,
      19.580535888671875,
      21.70696258544922,
      7.367212295532227,
      11.461760520935059,
      9.457317352294922,
      7.372713565826416,
      6.510284900665283,
      11.06906509399414,
      9.608468055725098,
      9.560895919799805,
      13.404479026794434,
      9.667567253112793,
      15.67082691192627,
      10.589820861816406,
      16.218135833740234,
      10.965326309204102,
      19.376705169677734
    ],
    [
      19.580535888671875,
      58.22720718383789,
      12.429059982299805,
      15.505233764648438,
      12.202774047851562,
      15.912281036376953,
      13.835100173950195,
      15.811361312866211,
      17.749698638916016,
      16.99107551574707,
      15.37294864654541,
      19.302576065063477,
      13.391191482543945,
      21.927810668945312,
      12.376943588256836,
      23.627826690673828,
      11.832367897033691,
      24.886474609375
    ],
    [
      21.70696258544922,
      12.429059982299805,
      27.410802841186523,
      12.480118751525879,
      15.068209648132324,
      11.210871696472168,
      9.579536437988281,
      7.761965274810791,
      13.047073364257812,
      11.70718765258789,
      11.346419334411621,
      14.370711326599121,
      11.105649948120117,
      15.264731407165527,
      11.638606071472168,
      15.789501190185547,
      12.188620567321777,
      18.014820098876953
    ],
    [
      7.367212295532227,
      15.505233764648438,
      12.480118751525879,
      27.600452423095703,
      14.964881896972656,
      17.771249771118164,
      13.911192893981934,
      13.939793586730957,
      15.31171703338623,
      17.333093643188477,
      12.916242599487305,
      17.382938385009766,
      10.519693374633789,
      18.079477310180664,
      8.182966232299805,
      17.05232048034668,
      7.193370819091797,
      17.546295166015625
    ],
    [
      11.461760520935059,
      12.202774047851562,
      15.068209648132324,
      14.964881896972656,
      39.87752151489258,
      17.51280975341797,
      24.049177169799805,
      11.649101257324219,
      27.74714469909668,
      17.65706443786621,
      25.502086639404297,
      20.13152503967285,
      21.81953239440918,
      20.029644012451172,
      20.42890167236328,
      20.534557342529297,
      22.288076400756836,
      22.451126098632812
    ],
    [
      9.457317352294922,
      15.912281036376953,
      11.210871696472168,
      17.771249771118164,
      17.51280975341797,
      27.024946212768555,
      17.674041748046875,
      19.095523834228516,
      17.63295555114746,
      21.413400650024414,
      15.143238067626953,
      19.572484970092773,
      14.575714111328125,
      20.54174041748047,
      12.969450950622559,
      20.370325088500977,
      12.89025592803955,
      21.593523025512695
    ],
    [
      7.372713565826416,
      13.835100173950195,
      9.579536437988281,
      13.911192893981934,
      24.049177169799805,
      17.674041748046875,
      48.156742095947266,
      23.183929443359375,
      30.78360939025879,
      22.828983306884766,
      27.686891555786133,
      22.955026626586914,
      24.708772659301758,
      24.965288162231445,
      19.584598541259766,
      22.939559936523438,
      20.028976440429688,
      25.45963478088379
    ],
    [
      6.510284900665283,
      15.811361312866211,
      7.761965274810791,
      13.939793586730957,
      11.649101257324219,
      19.095523834228516,
      23.183929443359375,
      28.468547821044922,
      18.887414932250977,
      22.51453399658203,
      16.602800369262695,
      20.214094161987305,
      15.714662551879883,
      21.870712280273438,
      13.196678161621094,
      20.875524520874023,
      12.588438034057617,
      22.671646118164062
    ],
    [
      11.06906509399414,
      17.749698638916016,
      13.047073364257812,
      15.31171703338623,
      27.74714469909668,
      17.63295555114746,
      30.78360939025879,
      18.887414932250977,
      54.85654067993164,
      28.037128448486328,
      41.883018493652344,
      30.59070587158203,
      34.20478439331055,
      31.33129119873047,
      28.886798858642578,
      30.098674774169922,
      30.210834503173828,
      33.14786148071289
    ],
    [
      9.608468055725098,
      16.99107551574707,
      11.70718765258789,
      17.333093643188477,
      17.65706443786621,
      21.413400650024414,
      22.828983306884766,
      22.51453399658203,
      28.037128448486328,
      32.139835357666016,
      21.991098403930664,
      26.31301498413086,
      20.29365348815918,
      26.359888076782227,
      17.441097259521484,
      25.16888427734375,
      17.132770538330078,
      27.046585083007812
    ],
    [
      9.560895919799805,
      15.37294864654541,
      11.346419334411621,
      12.916242599487305,
      25.502086639404297,
      15.143238067626953,
      27.686891555786133,
      16.602800369262695,
      41.883018493652344,
      21.991098403930664,
      52.38328170776367,
      31.029802322387695,
      36.41145324707031,
      31.477216720581055,
      30.689369201660156,
      29.90110206604004,
      31.496444702148438,
      34.20240020751953
    ],
    [
      13.404479026794434,
      19.302576065063477,
      14.370711326599121,
      17.382938385009766,
      20.13152503967285,
      19.572484970092773,
      22.955026626586914,
      20.214094161987305,
      30.59070587158203,
      26.31301498413086,
      31.029802322387695,
      37.0413932800293,
      24.32498550415039,
      31.589427947998047,
      21.926109313964844,
      30.363874435424805,
      21.71442222595215,
      33.81351852416992
    ],
    [
      9.667567253112793,
      13.391191482543945,
      11.105649948120117,
      10.519693374633789,
      21.81953239440918,
      14.575714111328125,
      24.708772659301758,
      15.714662551879883,
      34.20478439331055,
      20.29365348815918,
      36.41145324707031,
      24.32498550415039,
      44.74026870727539,
      35.402587890625,
      39.89128875732422,
      39.330543518066406,
      42.58921813964844,
      45.61246109008789
    ],
    [
      15.67082691192627,
      21.927810668945312,
      15.264731407165527,
      18.079477310180664,
      20.029644012451172,
      20.54174041748047,
      24.965288162231445,
      21.870712280273438,
      31.33129119873047,
      26.359888076782227,
      31.477216720581055,
      31.589427947998047,
      35.402587890625,
      50.20130920410156,
      34.809234619140625,
      52.053218841552734,
      37.05827713012695,
      58.7896842956543
    ],
    [
      10.589820861816406,
      12.376943588256836,
      11.638606071472168,
      8.182966232299805,
      20.42890167236328,
      12.969450950622559,
      19.584598541259766,
      13.196678161621094,
      28.886798858642578,
      17.441097259521484,
      30.689369201660156,
      21.926109313964844,
      39.89128875732422,
      34.809234619140625,
      51.41730499267578,
      47.981529235839844,
      54.151214599609375,
      57.05727767944336
    ],
    [
      16.218135833740234,
      23.627826690673828,
      15.789501190185547,
      17.05232048034668,
      20.534557342529297,
      20.370325088500977,
      22.939559936523438,
      20.875524520874023,
      30.098674774169922,
      25.16888427734375,
      29.90110206604004,
      30.363874435424805,
      39.330543518066406,
      52.053218841552734,
      47.981529235839844,
      73.3743667602539,
      53.858421325683594,
      83.89669799804688
    ],
    [
      10.965326309204102,
      11.832367897033691,
      12.188620567321777,
      7.193370819091797,
      22.288076400756836,
      12.89025592803955,
      20.028976440429688,
      12.588438034057617,
      30.210834503173828,
      17.132770538330078,
      31.496444702148438,
      21.71442222595215,
      42.58921813964844,
      37.05827713012695,
      54.151214599609375,
      53.858421325683594,
      74.1201400756836,
      73.0628662109375
    ],
    [
      19.376705169677734,
      24.886474609375,
      18.014820098876953,
      17.546295166015625,
      22.451126098632812,
      21.593523025512695,
      25.45963478088379,
      22.671646118164062,
      33.14786148071289,
      27.046585083007812,
      34.20240020751953,
      33.81351852416992,
      45.61246109008789,
      58.7896842956543,
      57.05727767944336,
      83.89669799804688,
      73.0628662109375,
      114.88814544677734
    ]
  ],
  "damage": -5.836820602416992,
  "diff_bandwidth": 656.7825317382812,
  "dissonance": 9.46365540000473,
  "drr": 7.114481449127197,
  "dynamics": 3.035015821456909,
  "format": 1245190,
  "frames": 12322816,
  "loudness": -10.938593864440918,
  "loudness_range": 7.487060546875,
  "loudness_range_short": 10.946249961853027,
  "lowpass_true_peak_15khz": 0.29040810465812683,
  "mastering3_acoustic_entropies": [
    {
      "acoustic_entropy": 7.195853233337402,
      "acoustic_entropy_mono": 7.629761219024658,
      "band_eliminated_acoustic_entropies": [
        {
          "acoustic_entropy": 7.346314430236816,
          "acoustic_entropy_side": 7.1958909034729,
          "hz": 129.47220167065723
        },
        {
          "acoustic_entropy": 6.861845016479492,
          "acoustic_entropy_side": 7.1984944343566895,
          "hz": 202.92927478742237
        },
        {
          "acoustic_entropy": 7.768101215362549,
          "acoustic_entropy_side": 7.198095798492432,
          "hz": 282.89161906338205
        },
        {
          "acoustic_entropy": 7.331742763519287,
          "acoustic_entropy_side": 7.19261360168457,
          "hz": 369.9353335868758
        },
        {
          "acoustic_entropy": 7.330263137817383,
          "acoustic_entropy_side": 7.279906749725342,
          "hz": 464.6875360973435
        },
        {
          "acoustic_entropy": 7.133458137512207,
          "acoustic_entropy_side": 7.331843376159668,
          "hz": 567.8308811364784
        },
        {
          "acoustic_entropy": 7.359893798828125,
          "acoustic_entropy_side": 7.471347808837891,
          "hz": 680.1084783214808
        },
        {
          "acoustic_entropy": 7.264058589935303,
          "acoustic_entropy_side": 7.539259910583496,
          "hz": 802.3292461747484
        },
        {
          "acoustic_entropy": 7.039346694946289,
          "acoustic_entropy_side": 7.456956386566162,
          "hz": 935.3737400823702
        },
        {
          "acoustic_entropy": 7.213800430297852,
          "acoustic_entropy_side": 7.293437957763672,
          "hz": 1080.2004963696966
        },
        {
          "acoustic_entropy": 6.979999542236328,
          "acoustic_entropy_side": 7.2918853759765625,
          "hz": 1237.8529382007157
        },
        {
          "acoustic_entropy": 7.399975299835205,
          "acoustic_entropy_side": 7.328457832336426,
          "hz": 1409.4668930556702
        },
        {
          "acoustic_entropy": 7.105102062225342,
          "acoustic_entropy_side": 7.327761173248291,
          "hz": 1596.2787759475705
        },
        {
          "acoustic_entropy": 6.958372116088867,
          "acoustic_entropy_side": 7.1541337966918945,
          "hz": 1799.6344973346393
        },
        {
          "acoustic_entropy": 6.797715187072754,
          "acoustic_entropy_side": 7.215185642242432,
          "hz": 2020.9991599069049
        },
        {
          "acoustic_entropy": 7.092219829559326,
          "acoustic_entropy_side": 7.2825775146484375,
          "hz": 2261.9676141086993
        },
        {
          "acoustic_entropy": 7.331401824951172,
          "acoustic_entropy_side": 7.298579692840576,
          "hz": 2524.2759484456974
        },
        {
          "acoustic_entropy": 7.080688953399658,
          "acoustic_entropy_side": 7.2688889503479,
          "hz": 2809.813997359896
        },
        {
          "acoustic_entropy": 7.398342609405518,
          "acoustic_entropy_side": 7.2834601402282715,
          "hz": 3120.6389567871424
        },
        {
          "acoustic_entropy": 7.19084358215332,
          "acoustic_entropy_side": 7.222105503082275,
          "hz": 3458.990205492291
        },
        {
          "acoustic_entropy": 7.016895771026611,
          "acoustic_entropy_side": 7.238821506500244,
          "hz": 3827.305438964164
        },
        {
          "acoustic_entropy": 7.029440879821777,
          "acoustic_entropy_side": 7.238805294036865,
          "hz": 4228.238232109126
        },
        {
          "acoustic_entropy": 7.216630935668945,
          "acoustic_entropy_side": 7.219618320465088,
          "hz": 4664.6771572759235
        },
        {
          "acoustic_entropy": 7.250174522399902,
          "acoustic_entropy_side": 7.220795154571533,
          "hz": 5139.766595350093
        },
        {
          "acoustic_entropy": 7.241769790649414,
          "acoustic_entropy_side": 7.211154460906982,
          "hz": 5656.929389854203
        },
        {
          "acoustic_entropy": 7.235380172729492,
          "acoustic_entropy_side": 7.206083297729492,
          "hz": 6219.891507268283
        },
        {
          "acoustic_entropy": 7.132483959197998,
          "acoustic_entropy_side": 7.208250522613525,
          "hz": 6832.70888123896
        },
        {
          "acoustic_entropy": 6.88865852355957,
          "acoustic_entropy_side": 7.2132697105407715,
          "hz": 7499.796634079867
        },
        {
          "acoustic_entropy": 6.990063667297363,
          "acoustic_entropy_side": 7.220290184020996,
          "hz": 8225.96088609342
        },
        {
          "acoustic_entropy": 7.061818599700928,
          "acoustic_entropy_side": 7.2121477127075195,
          "hz": 9016.43338188839
        },
        {
          "acoustic_entropy": 7.116401195526123,
          "acoustic_entropy_side": 7.21815299987793,
          "hz": 9876.909183162974
        },
        {
          "acoustic_entropy": 7.0874433517456055,
          "acoustic_entropy_side": 7.210214614868164,
          "hz": 10813.587699516042
        },
        {
          "acoustic_entropy": 7.0390777587890625,
          "acoustic_entropy_side": 7.209582805633545,
          "hz": 11833.21735289826
        },
        {
          "acoustic_entropy": 7.09934139251709,
          "acoustic_entropy_side": 7.224884986877441,
          "hz": 12943.144197493959
        },
        {
          "acoustic_entropy": 7.026680946350098,
          "acoustic_entropy_side": 7.193317413330078,
          "hz": 14151.364845322005
        },
        {
          "acoustic_entropy": 6.989366054534912,
          "acoustic_entropy_side": 7.177648067474365,
          "hz": 15466.58407886509
        },
        {
          "acoustic_entropy": 6.892096042633057,
          "acoustic_entropy_side": 7.146207809448242,
          "hz": 16898.27756580493
        },
        {
          "acoustic_entropy": 6.853972434997559,
          "acoustic_entropy_side": 7.098405361175537,
          "hz": 18456.760127700032
        },
        {
          "acoustic_entropy": 6.8532915115356445,
          "acoustic_entropy_side": 7.081928730010986,
          "hz": 20153.260054456492
        },
        {
          "acoustic_entropy": 7.095640659332275,
          "acoustic_entropy_side": 7.185314655303955,
          "hz": 22000.00000000001
        }
      ],
      "diff_acoustic_entropy": 6.972268104553223,
      "sn": 6
    },
    {
      "acoustic_entropy": 11.493132591247559,
      "acoustic_entropy_mono": 11.046452522277832,
      "band_eliminated_acoustic_entropies": [
        {
          "acoustic_entropy": 11.721068382263184,
          "acoustic_entropy_side": 11.494343757629395,
          "hz": 129.47220167065723
        },
        {
          "acoustic_entropy": 11.2943115234375,
          "acoustic_entropy_side": 11.48511028289795,
          "hz": 202.92927478742237
        },
        {
          "acoustic_entropy": 11.604470252990723,
          "acoustic_entropy_side": 11.5154447555542,
          "hz": 282.89161906338205
        },
        {
          "acoustic_entropy": 12.035762786865234,
          "acoustic_entropy_side": 11.62578296661377,
          "hz": 369.9353335868758
        },
        {
          "acoustic_entropy": 11.969635009765625,
          "acoustic_entropy_side": 11.550057411193848,
          "hz": 464.6875360973435
        },
        {
          "acoustic_entropy": 11.399495124816895,
          "acoustic_entropy_side": 11.671984672546387,
          "hz": 567.8308811364784
        },
        {
          "acoustic_entropy": 11.975292205810547,
          "acoustic_entropy_side": 11.659449577331543,
          "hz": 680.1084783214808
        },
        {
          "acoustic_entropy": 12.168577194213867,
          "acoustic_entropy_side": 11.706169128417969,
          "hz": 802.3292461747484
        },
        {
          "acoustic_entropy": 11.387564659118652,
          "acoustic_entropy_side": 11.496912002563477,
          "hz": 935.3737400823702
        },
        {
          "acoustic_entropy": 11.158727645874023,
          "acoustic_entropy_side": 11.554123878479004,
          "hz": 1080.2004963696966
        },
        {
          "acoustic_entropy": 11.146553039550781,
          "acoustic_entropy_side": 11.521689414978027,
          "hz": 1237.8529382007157
        },
        {
          "acoustic_entropy": 10.444035530090332,
          "acoustic_entropy_side": 11.417093276977539,
          "hz": 1409.4668930556702
        },
        {
          "acoustic_entropy": 11.100553512573242,
          "acoustic_entropy_side": 11.554347038269043,
          "hz": 1596.2787759475705
        },
        {
          "acoustic_entropy": 11.850374221801758,
          "acoustic_entropy_side": 11.45083236694336,
          "hz": 1799.6344973346393
        },
        {
          "acoustic_entropy": 10.949522018432617,
          "acoustic_entropy_side": 11.384471893310547,
          "hz": 2020.9991599069049
        },
        {
          "acoustic_entropy": 11.148332595825195,
          "acoustic_entropy_side": 11.457011222839355,
          "hz": 2261.9676141086993
        },
        {
          "acoustic_entropy": 11.628253936767578,
          "acoustic_entropy_side": 11.631807327270508,
          "hz": 2524.2759484456974
        },
        {
          "acoustic_entropy": 11.275838851928711,
          "acoustic_entropy_side": 11.515880584716797,
          "hz": 2809.813997359896
        },
        {
          "acoustic_entropy": 11.665816307067871,
          "acoustic_entropy_side": 11.554637908935547,
          "hz": 3120.6389567871424
        },
        {
          "acoustic_entropy": 11.671494483947754,
          "acoustic_entropy_side": 11.442791938781738,
          "hz": 3458.990205492291
        },
        {
          "acoustic_entropy": 11.422465324401855,
          "acoustic_entropy_side": 11.500518798828125,
          "hz": 3827.305438964164
        },
        {
          "acoustic_entropy": 11.438080787658691,
          "acoustic_entropy_side": 11.51089859008789,
          "hz": 4228.238232109126
        },
        {
          "acoustic_entropy": 11.531769752502441,
          "acoustic_entropy_side": 11.497764587402344,
          "hz": 4664.6771572759235
        },
        {
          "acoustic_entropy": 11.49415111541748,
          "acoustic_entropy_side": 11.52493667602539,
          "hz": 5139.766595350093
        },
        {
          "acoustic_entropy": 11.47644329071045,
          "acoustic_entropy_side": 11.516881942749023,
          "hz": 5656.929389854203
        },
        {
          "acoustic_entropy": 11.67497730255127,
          "acoustic_entropy_side": 11.520655632019043,
          "hz": 6219.891507268283
        },
        {
          "acoustic_entropy": 11.618072509765625,
          "acoustic_entropy_side": 11.492350578308105,
          "hz": 6832.70888123896
        },
        {
          "acoustic_entropy": 11.601204872131348,
          "acoustic_entropy_side": 11.50111198425293,
          "hz": 7499.796634079867
        },
        {
          "acoustic_entropy": 11.63193130493164,
          "acoustic_entropy_side": 11.507040977478027,
          "hz": 8225.96088609342
        },
        {
          "acoustic_entropy": 11.562750816345215,
          "acoustic_entropy_side": 11.47806167602539,
          "hz": 9016.43338188839
        },
        {
          "acoustic_entropy": 11.610427856445312,
          "acoustic_entropy_side": 11.456792831420898,
          "hz": 9876.909183162974
        },
        {
          "acoustic_entropy": 11.57364559173584,
          "acoustic_entropy_side": 11.467166900634766,
          "hz": 10813.587699516042
        },
        {
          "acoustic_entropy": 11.569127082824707,
          "acoustic_entropy_side": 11.454686164855957,
          "hz": 11833.21735289826
        },
        {
          "acoustic_entropy": 11.47005558013916,
          "acoustic_entropy_side": 11.447271347045898,
          "hz": 12943.144197493959
        },
        {
          "acoustic_entropy": 11.556636810302734,
          "acoustic_entropy_side": 11.501924514770508,
          "hz": 14151.364845322005
        },
        {
          "acoustic_entropy": 11.568025588989258,
          "acoustic_entropy_side": 11.478866577148438,
          "hz": 15466.58407886509
        },
        {
          "acoustic_entropy": 11.604793548583984,
          "acoustic_entropy_side": 11.496664047241211,
          "hz": 16898.27756580493
        },
        {
          "acoustic_entropy": 11.649595260620117,
          "acoustic_entropy_side": 11.540801048278809,
          "hz": 18456.760127700032
        },
        {
          "acoustic_entropy": 11.833178520202637,
          "acoustic_entropy_side": 11.598258018493652,
          "hz": 20153.260054456492
        },
        {
          "acoustic_entropy": 11.535601615905762,
          "acoustic_entropy_side": 11.517295837402344,
          "hz": 22000.00000000001
        }
      ],
      "diff_acoustic_entropy": 10.128742218017578,
      "sn": 12
    },
    {
      "acoustic_entropy": 17.567523956298828,
      "acoustic_entropy_mono": 15.265669822692871,
      "band_eliminated_acoustic_entropies": [
        {
          "acoustic_entropy": 17.15306854248047,
          "acoustic_entropy_side": 17.423778533935547,
          "hz": 129.47220167065723
        },
        {
          "acoustic_entropy": 17.44089126586914,
          "acoustic_entropy_side": 17.106477737426758,
          "hz": 202.92927478742237
        },
        {
          "acoustic_entropy": 17.505884170532227,
          "acoustic_entropy_side": 17.8804931640625,
          "hz": 282.89161906338205
        },
        {
          "acoustic_entropy": 17.680776596069336,
          "acoustic_entropy_side": 17.741466522216797,
          "hz": 369.9353335868758
        },
        {
          "acoustic_entropy": 17.514060974121094,
          "acoustic_entropy_side": 17.63686180114746,
          "hz": 464.6875360973435
        },
        {
          "acoustic_entropy": 17.899919509887695,
          "acoustic_entropy_side": 17.78594207763672,
          "hz": 567.8308811364784
        },
        {
          "acoustic_entropy": 18.386682510375977,
          "acoustic_entropy_side": 17.671863555908203,
          "hz": 680.1084783214808
        },
        {
          "acoustic_entropy": 17.8658390045166,
          "acoustic_entropy_side": 18.031343460083008,
          "hz": 802.3292461747484
        },
        {
          "acoustic_entropy": 17.863603591918945,
          "acoustic_entropy_side": 17.095149993896484,
          "hz": 935.3737400823702
        },
        {
          "acoustic_entropy": 17.210281372070312,
          "acoustic_entropy_side": 17.968046188354492,
          "hz": 1080.2004963696966
        },
        {
          "acoustic_entropy": 18.189682006835938,
          "acoustic_entropy_side": 17.636764526367188,
          "hz": 1237.8529382007157
        },
        {
          "acoustic_entropy": 16.85034942626953,
          "acoustic_entropy_side": 17.632850646972656,
          "hz": 1409.4668930556702
        },
        {
          "acoustic_entropy": 17.8132381439209,
          "acoustic_entropy_side": 17.858116149902344,
          "hz": 1596.2787759475705
        },
        {
          "acoustic_entropy": 17.95835304260254,
          "acoustic_entropy_side": 17.5295352935791,
          "hz": 1799.6344973346393
        },
        {
          "acoustic_entropy": 17.539634704589844,
          "acoustic_entropy_side": 17.595422744750977,
          "hz": 2020.9991599069049
        },
        {
          "acoustic_entropy": 17.46470069885254,
          "acoustic_entropy_side": 17.61703872680664,
          "hz": 2261.9676141086993
        },
        {
          "acoustic_entropy": 17.553569793701172,
          "acoustic_entropy_side": 17.74701499938965,
          "hz": 2524.2759484456974
        },
        {
          "acoustic_entropy": 17.46819305419922,
          "acoustic_entropy_side": 17.42325210571289,
          "hz": 2809.813997359896
        },
        {
