{
  "acoustic_entropy": 182.8264923095703,
  "bands": [
    {
      "high_freq": 148.1999969482422,
      "loudness": -43.7723503112793,
      "loudness_range": 25.459585189819336,
      "mid_mean": -41.55929946899414,
      "mid_to_side_loudness": -6.486205577850342,
      "mid_to_side_loudness_range": 11.816798210144043,
      "side_mean": -49.250789642333984
    },
    {
      "high_freq": 392.3793640136719,
      "loudness": -39.20772171020508,
      "loudness_range": 15.239852905273438,
      "low_freq": 148.1999969482422,
      "mid_mean": -36.62575149536133,
      "mid_to_side_loudness": -7.0726094245910645,
      "mid_to_side_loudness_range": 13.109589576721191,
      "side_mean": -43.938636779785156
    },
    {
      "high_freq": 794.6976318359375,
      "loudness": -34.07221603393555,
      "loudness_range": 24.680078506469727,
      "low_freq": 392.3793640136719,
      "mid_mean": -31.010324478149414,
      "mid_to_side_loudness": -9.099373817443848,
      "mid_to_side_loudness_range": 12.778912544250488,
      "side_mean": -40.7360725402832
    },
    {
      "high_freq": 1457.5709228515625,
      "loudness": -36.191864013671875,
      "loudness_range": 27.436315536499023,
      "low_freq": 794.6976318359375,
      "mid_mean": -33.27433776855469,
      "mid_to_side_loudness": -7.892467021942139,
      "mid_to_side_loudness_range": 11.134145736694336,
      "side_mean": -41.67222595214844
    },
    {
      "high_freq": 2549.74365234375,
      "loudness": -38.15395736694336,
      "loudness_range": 27.225744247436523,
      "low_freq": 1457.5709228515625,
      "mid_mean": -35.269744873046875,
      "mid_to_side_loudness": -8.154877662658691,
      "mid_to_side_loudness_range": 10.770559310913086,
      "side_mean": -44.02130126953125
    },
    {
      "high_freq": 4349.24462890625,
      "loudness": -41.16630172729492,
      "loudness_range": 28.250444412231445,
      "low_freq": 2549.74365234375,
      "mid_mean": -38.15929412841797,
      "mid_to_side_loudness": -8.639477729797363,
      "mid_to_side_loudness_range": 10.631576538085938,
      "side_mean": -47.73447799682617
    },
    {
      "high_freq": 7314.1640625,
      "loudness": -54.40190505981445,
      "loudness_range": 21.273509979248047,
      "low_freq": 4349.24462890625,
      "mid_mean": -52.0771598815918,
      "mid_to_side_loudness": -6.6364569664001465,
      "mid_to_side_loudness_range": 6.104611873626709,
      "side_mean": -58.11507797241211
    },
    {
      "high_freq": 12199.2666015625,
      "loudness": -56.0808219909668,
      "loudness_range": 23.593181610107422,
      "low_freq": 7314.1640625,
      "mid_mean": -53.6329231262207,
      "mid_to_side_loudness": -7.006073474884033,
      "mid_to_side_loudness_range": 7.644203186035156,
      "side_mean": -59.78955841064453
    },
    {
      "loudness": -68.90283966064453,
      "loudness_range": 22.893756866455078,
      "low_freq": 12199.2666015625,
      "mid_mean": -63.9139289855957,
      "mid_to_side_loudness": -5.545980453491211,
      "mid_to_side_loudness_range": 8.31810188293457,
      "side_mean": -66.94403076171875
    }
  ],
  "bands_short": [
    {
      "high_freq": 148.1999969482422,
      "loudness": -45.69709014892578,
      "loudness_range": 29.288270950317383,
      "mid_mean": -45.66243362426758,
      "mid_to_side_loudness": -5.839622974395752,
      "mid_to_side_loudness_range": 12.518900871276855,
      "side_mean": -52.48524856567383
    },
    {
      "high_freq": 392.3793640136719,
      "loudness": -40.62248611450195,
      "loudness_range": 19.10980987548828,
      "low_freq": 148.1999969482422,
      "mid_mean": -38.38971710205078,
      "mid_to_side_loudness": -6.161763668060303,
      "mid_to_side_loudness_range": 14.720335006713867,
      "side_mean": -44.96266555786133
    },
    {
      "high_freq": 794.6976318359375,
      "loudness": -35.72084045410156,
      "loudness_range": 28.575746536254883,
      "low_freq": 392.3793640136719,
      "mid_mean": -33.0339241027832,
      "mid_to_side_loudness": -7.452773571014404,
      "mid_to_side_loudness_range": 15.723213195800781,
      "side_mean": -41.41816329956055
    },
    {
      "high_freq": 1457.5709228515625,
      "loudness": -37.46792984008789,
      "loudness_range": 30.005420684814453,
      "low_freq": 794.6976318359375,
      "mid_mean": -35.02733612060547,
      "mid_to_side_loudness": -6.415108680725098,
      "mid_to_side_loudness_range": 13.457395553588867,
      "side_mean": -41.98931121826172
    },
    {
      "high_freq": 2549.74365234375,
      "loudness": -39.8227424621582,
      "loudness_range": 30.19044303894043,
      "low_freq": 1457.5709228515625,
      "mid_mean": -37.32832336425781,
      "mid_to_side_loudness": -6.684677600860596,
      "mid_to_side_loudness_range": 12.808362007141113,
      "side_mean": -44.78525161743164
    },
    {
      "high_freq": 4349.24462890625,
      "loudness": -42.483646392822266,
      "loudness_range": 30.537233352661133,
      "low_freq": 2549.74365234375,
      "mid_mean": -39.923095703125,
      "mid_to_side_loudness": -7.094857215881348,
      "mid_to_side_loudness_range": 12.700940132141113,
      "side_mean": -48.449642181396484
    },
    {
      "high_freq": 7314.1640625,
      "loudness": -55.91083526611328,
      "loudness_range": 24.099933624267578,
      "low_freq": 4349.24462890625,
      "mid_mean": -53.841529846191406,
      "mid_to_side_loudness": -5.906130313873291,
      "mid_to_side_loudness_range": 8.22218132019043,
      "side_mean": -59.05598831176758
    },
    {
      "high_freq": 12199.2666015625,
      "loudness": -58.7281494140625,
      "loudness_range": 26.753421783447266,
      "low_freq": 7314.1640625,
      "mid_mean": -56.3639030456543,
      "mid_to_side_loudness": -6.6362714767456055,
      "mid_to_side_loudness_range": 8.417295455932617,
      "side_mean": -61.791961669921875
    },
    {
      "loudness": -70.88579559326172,
      "loudness_range": 24.178749084472656,
      "low_freq": 12199.2666015625,
      "mid_mean": -65.27252960205078,
      "mid_to_side_loudness": -5.151633262634277,
      "mid_to_side_loudness_range": 8.668320655822754,
      "side_mean": -67.66437530517578
    }
  ],
  "bandwidth": 873.416015625,
  "channels": 2,
  "covariance": [
    [
      79.23041534423828,
      85.02738952636719,
      19.963953018188477,
      31.803319931030273,
      27.48684310913086,
      27.154096603393555,
      28.142580032348633,
      28.839324951171875,
      27.490524291992188,
      28.2684268951416,
      35.505775451660156,
      32.25754165649414,
      16.845495223999023,
      12.81278133392334,
      11.81945514678955,
      1.7001922130584717,
      5.936368942260742,
      -1.1769697666168213
    ],
    [
      85.02738952636719,
      126.08771514892578,
      26.37574577331543,
      48.7308464050293,
      41.28672409057617,
      43.18681716918945,
      45.181026458740234,
      46.64087677001953,
      40.888736724853516,
      43.75225067138672,
      51.52783203125,
      45.826683044433594,
      25.822994232177734,
      18.5135440826416,
      19.591835021972656,
      2.686777353286743,
      9.986451148986816,
      -0.9712409973144531
    ],
    [
      19.963953018188477,
      26.37574577331543,
      33.10137939453125,
      27.59168815612793,
      21.71291732788086,
      19.583023071289062,
      18.98891258239746,
      17.556119918823242,
      25.128084182739258,
      22.566524505615234,
      26.30055046081543,
      24.85592269897461,
      17.41324234008789,
      13.08495807647705,
      16.091333389282227,
      9.19678783416748,
      8.125797271728516,
      3.196054458618164
    ],
    [
      31.803319931030273,
      48.7308464050293,
      27.59168815612793,
      46.70948791503906,
      30.75547218322754,
      35.451412200927734,
      31.37748146057129,
      33.7083740234375,
      34.68968200683594,
      37.6319465637207,
      37.3756217956543,
      37.7761116027832,
      22.136831283569336,
      17.807329177856445,
      16.723264694213867,
      6.61087703704834,
      8.522188186645508,
      1.7505321502685547
    ],
    [
      27.48684310913086,
      41.28672409057617,
      21.71291732788086,
      30.75547218322754,
      76.4894027709961,
      56.67402648925781,
      54.12665939331055,
      45.36415100097656,
      55.34737014770508,
      47.973777770996094,
      61.53438949584961,
      51.47052764892578,
      31.07829475402832,
      24.675243377685547,
      26.115550994873047,
      12.631189346313477,
      11.616190910339355,
      3.1064436435699463
    ],
    [
      27.154096603393555,
      43.18681716918945,
      19.583023071289062,
      35.451412200927734,
      56.67402648925781,
      62.40681457519531,
      47.35270690917969,
      49.525936126708984,
      49.30744934082031,
      50.425636291503906,
      52.563232421875,
      50.35459518432617,
      31.280851364135742,
      26.31191635131836,
      23.63323974609375,
      11.73603343963623,
      11.250682830810547,
      3.396247148513794
    ],
    [
      28.142580032348633,
      45.181026458740234,
      18.98891258239746,
      31.37748146057129,
      54.12665939331055,
      47.35270690917969,
      85.26860046386719,
      69.01349639892578,
      59.720130920410156,
      55.24024200439453,
      65.86724090576172,
      56.564727783203125,
      36.39581298828125,
      30.363536834716797,
      23.25554847717285,
      9.838606834411621,
      12.499638557434082,
      3.0810208320617676
    ],
    [
      28.839324951171875,
      46.64087677001953,
      17.556119918823242,
      33.7083740234375,
      45.36415100097656,
      49.525936126708984,
      69.01349639892578,
      75.31143188476562,
      54.2889404296875,
      57.875404357910156,
      57.90072250366211,
      55.5960807800293,
      36.17525863647461,
      30.97784423828125,
      22.36366081237793,
      9.507036209106445,
      12.07998275756836,
      2.7644124031066895
    ],
    [
      27.490524291992188,
      40.888736724853516,
      25.128084182739258,
      34.68968200683594,
      55.34737014770508,
      49.30744934082031,
      59.720130920410156,
      54.2889404296875,
      82.64816284179688,
      67.57904052734375,
      75.96344757080078,
      63.916690826416016,
      40.00556182861328,
      33.97088623046875,
      29.34380531311035,
      15.718667984008789,
      16.10474967956543,
      5.951493263244629
    ],
    [
      28.2684268951416,
      43.75225067138672,
      22.566524505615234,
      37.6319465637207,
      47.973777770996094,
      50.425636291503906,
      55.24024200439453,
      57.875404357910156,
      67.57904052734375,
      71.53060913085938,
      63.856773376464844,
      63.00282287597656,
      39.1812744140625,
      34.09770202636719,
      27.572509765625,
      14.43005657196045,
      14.89917278289795,
      5.124239921569824
    ],
    [
      35.505775451660156,
      51.52783203125,
      26.30055046081543,
      37.3756217956543,
      61.53438949584961,
      52.563232421875,
      65.86724090576172,
      57.90072250366211,
      75.96344757080078,
      63.856773376464844,
      96.17926025390625,
      72.84699249267578,
      43.73462677001953,
      36.049224853515625,
      33.154449462890625,
      16.428569793701172,
      17.23933219909668,
      5.339978218078613
    ],
    [
      32.25754165649414,
      45.826683044433594,
      24.85592269897461,
      37.7761116027832,
      51.47052764892578,
      50.35459518432617,
      56.564727783203125,
      55.5960807800293,
      63.916690826416016,
      63.00282287597656,
      72.84699249267578,
      72.09476470947266,
      44.755496978759766,
      37.91838455200195,
      33.51230239868164,
      18.594715118408203,
      16.914459228515625,
      6.247889518737793
    ],
    [
      16.845495223999023,
      25.822994232177734,
      17.41324234008789,
      22.136831283569336,
      31.07829475402832,
      31.280851364135742,
      36.39581298828125,
      36.17525863647461,
      40.00556182861328,
      39.1812744140625,
      43.73462677001953,
      44.755496978759766,
      59.7741584777832,
      47.203617095947266,
      52.14497375488281,
      37.683109283447266,
      28.587574005126953,
      15.711576461791992
    ],
    [
      12.81278133392334,
      18.5135440826416,
      13.08495807647705,
      17.807329177856445,
      24.675243377685547,
      26.31191635131836,
      30.363536834716797,
      30.97784423828125,
      33.97088623046875,
      34.09770202636719,
      36.049224853515625,
      37.91838455200195,
      47.203617095947266,
      40.56217575073242,
      38.455413818359375,
      29.270841598510742,
      21.32608413696289,
      12.498560905456543
    ],
    [
      11.81945514678955,
      19.591835021972656,
      16.091333389282227,
      16.723264694213867,
      26.115550994873047,
      23.63323974609375,
      23.25554847717285,
      22.36366081237793,
      29.34380531311035,
      27.572509765625,
      33.154449462890625,
      33.51230239868164,
      52.14497375488281,
      38.455413818359375,
      65.58103942871094,
      49.5626106262207,
      37.667144775390625,
      22.020816802978516
    ],
    [
      1.7001922130584717,
      2.686777353286743,
      9.19678783416748,
      6.61087703704834,
      12.631189346313477,
      11.73603343963623,
      9.838606834411621,
      9.507036209106445,
      15.718667984008789,
      14.43005657196045,
      16.428569793701172,
      18.594715118408203,
      37.683109283447266,
      29.270841598510742,
      49.5626106262207,
      42.17850875854492,
      29.324901580810547,
      19.73399543762207
    ],
    [
      5.936368942260742,
      9.986451148986816,
      8.125797271728516,
      8.522188186645508,
      11.616190910339355,
      11.250682830810547,
      12.499638557434082,
      12.07998275756836,
      16.10474967956543,
      14.89917278289795,
      17.23933219909668,
      16.914459228515625,
      28.587574005126953,
      21.32608413696289,
      37.667144775390625,
      29.324901580810547,
      27.68680191040039,
      16.48341178894043
    ],
    [
      -1.1769697666168213,
      -0.9712409973144531,
      3.196054458618164,
      1.7505321502685547,
      3.1064436435699463,
      3.396247148513794,
      3.0810208320617676,
      2.7644124031066895,
      5.951493263244629,
      5.124239921569824,
      5.339978218078613,
      6.247889518737793,
      15.711576461791992,
      12.498560905456543,
      22.020816802978516,
      19.73399543762207,
      16.48341178894043,
      12.024495124816895
    ]
  ],
  "covariance_short": [
    [
      133.1374969482422,
      125.6881332397461,
      30.057498931884766,
      45.73301315307617,
      41.3126220703125,
      39.22549057006836,
      43.44729232788086,
      40.740936279296875,
      39.614933013916016,
      38.44533157348633,
      46.537899017333984,
      43.35468673706055,
      25.97197723388672,
      18.29937171936035,
      18.966753005981445,
      4.435380458831787,
      7.361025810241699,
      -0.5032600164413452
    ],
    [
      125.6881332397461,
      148.19285583496094,
      37.21408462524414,
      57.83750534057617,
      51.1854133605957,
      50.822669982910156,
      54.551719665527344,
      52.2542724609375,
      51.42795181274414,
      51.26109313964844,
      57.39502716064453,
      55.8079833984375,
      35.282169342041016,
      24.56380844116211,
      25.666234970092773,
      6.745195388793945,
      9.773898124694824,
      -0.14492526650428772
    ],
    [
      30.057498931884766,
      37.21408462524414,
      51.643550872802734,
      38.79706573486328,
      35.300315856933594,
      29.20355224609375,
      29.948551177978516,
      24.915851593017578,
      35.43083572387695,
      30.65268898010254,
      33.96720504760742,
      31.609298706054688,
      18.099973678588867,
      13.003533363342285,
      12.370759010314941,
      4.39300537109375,
      3.3713905811309814,
      -0.6627583503723145
    ],
    [
      45.73301315307617,
      57.83750534057617,
      38.79706573486328,
      59.142005920410156,
      40.37374496459961,
      41.08696365356445,
      39.79458236694336,
      37.50797653198242,
      42.69627380371094,
      42.72908401489258,
      42.316383361816406,
      43.44661331176758,
      26.200767517089844,
      19.327293395996094,
      18.442758560180664,
      6.880837917327881,
      6.76668119430542,
      0.7432035803794861
    ],
    [
      41.3126220703125,
      51.1854133605957,
      35.300315856933594,
      40.37374496459961,
      98.29914855957031,
      64.12115478515625,
      68.40026092529297,
      53.13579177856445,
      70.4884262084961,
      56.67753601074219,
      75.34618377685547,
      62.458778381347656,
      38.64285659790039,
      28.528608322143555,
      30.040023803710938,
      13.260871887207031,
      7.280080318450928,
      -0.24954982101917267
    ],
    [
      39.22549057006836,
      50.822669982910156,
      29.20355224609375,
      41.08696365356445,
      64.12115478515625,
      70.37075805664062,
      53.14951705932617,
      51.742034912109375,
      55.86300277709961,
      54.44943618774414,
      56.05744934082031,
      56.411659240722656,
      37.53937530517578,
      29.11899757385254,
      28.20363426208496,
      14.234670639038086,
      10.314766883850098,
      2.6314327716827393
    ],
    [
      43.44729232788086,
      54.551719665527344,
      29.948551177978516,
      39.79458236694336,
      68.40026092529297,
      53.14951705932617,
      107.352294921875,
      78.96973419189453,
      77.04952239990234,
      66.2315902709961,
      80.9044189453125,
      68.02613830566406,
      47.64348602294922,
      37.25222396850586,
      31.29066276550293,
      14.268559455871582,
      11.910810470581055,
      2.2746198177337646
    ],
    [
      40.740936279296875,
      52.2542724609375,
      24.915851593017578,
      37.50797653198242,
      53.13579177856445,
      51.742034912109375,
      78.96973419189453,
      83.04585266113281,
      64.22317504882812,
      62.87191390991211,
      64.11241912841797,
      61.85591506958008,
      44.46382522583008,
      35.708961486816406,
      29.491161346435547,
      14.510936737060547,
      12.847075462341309,
      3.5404844284057617
    ],
    [
      39.614933013916016,
      51.42795181274414,
      35.43083572387695,
      42.69627380371094,
      70.4884262084961,
      55.86300277709961,
      77.04952239990234,
      64.22317504882812,
      106.36803436279297,
      79.7833023071289,
      93.74322509765625,
      75.7070083618164,
      50.80742645263672,
      40.332969665527344,
      36.308719635009766,
      18.66299819946289,
      14.161775588989258,
      3.660322427749634
    ],
    [
      38.44533157348633,
      51.26109313964844,
      30.65268898010254,
      42.72908401489258,
      56.67753601074219,
      54.44943618774414,
      66.2315902709961,
      62.87191390991211,
      79.7833023071289,
      81.97503662109375,
      72.51746368408203,
      71.4251937866211,
      48.04121017456055,
      39.03154373168945,
      34.65546798706055,
      18.762557983398438,
      14.986340522766113,
      4.885750770568848
    ],
    [
      46.537899017333984,
      57.39502716064453,
      33.96720504760742,
      42.316383361816406,
      75.34618377685547,
      56.05744934082031,
      80.9044189453125,
      64.11241912841797,
      93.74322509765625,
      72.51746368408203,
      117.83924865722656,
      83.59156799316406,
      56.63446807861328,
      43.979122161865234,
      42.76467514038086,
      22.27406883239746,
      16.60759735107422,
      4.881803512573242
    ],
    [
      43.35468673706055,
      55.8079833984375,
      31.609298706054688,
      43.44661331176758,
      62.458778381347656,
      56.411659240722656,
      68.02613830566406,
      61.85591506958008,
      75.7070083618164,
      71.4251937866211,
      83.59156799316406,
      84.80076599121094,
      56.79806900024414,
      45.23808288574219,
      43.53591537475586,
      24.943635940551758,
      18.019542694091797,
      6.823666572570801
    ],
    [
      25.97197723388672,
      35.282169342041016,
      18.099973678588867,
      26.200767517089844,
      38.64285659790039,
      37.53937530517578,
      47.64348602294922,
      44.46382522583008,
      50.80742645263672,
      48.04121017456055,
      56.63446807861328,
      56.79806900024414,
      73.37194061279297,
      55.436851501464844,
      62.893184661865234,
      43.53299331665039,
      30.99787712097168,
      16.592905044555664
    ],
    [
      18.29937171936035,
      24.56380844116211,
      13.003533363342285,
      19.327293395996094,
      28.528608322143555,
      29.11899757385254,
      37.25222396850586,
      35.708961486816406,
      40.332969665527344,
      39.03154373168945,
      43.979122161865234,
      45.23808288574219,
      55.436851501464844,
      46.397216796875,
      45.36314392089844,
      33.28310775756836,
      22.784507751464844,
      13.001814842224121
    ],
    [
      18.966753005981445,
      25.666234970092773,
      12.370759010314941,
      18.442758560180664,
      30.040023803710938,
      28.20363426208496,
      31.29066276550293,
      29.491161346435547,
      36.308719635009766,
      34.65546798706055,
      42.76467514038086,
      43.53591537475586,
      62.893184661865234,
      45.36314392089844,
      75.90237426757812,
      54.00428009033203,
      39.30902862548828,
      22.359569549560547
    ],
    [
      4.435380458831787,
      6.745195388793945,
      4.39300537109375,
      6.880837917327881,
      13.260871887207031,
      14.234670639038086,
      14.268559455871582,
      14.510936737060547,
      18.66299819946289,
      18.762557983398438,
      22.27406883239746,
      24.943635940551758,
      43.53299331665039,
      33.28310775756836,
      54.00428009033203,
      43.4078483581543,
      29.496763229370117,
      19.20663070678711
    ],
    [
      7.361025810241699,
      9.773898124694824,
      3.3713905811309814,
      6.76668119430542,
      7.280080318450928,
      10.314766883850098,
      11.910810470581055,
      12.847075462341309,
      14.161775588989258,
      14.986340522766113,
      16.60759735107422,
      18.019542694091797,
      30.99787712097168,
      22.784507751464844,
      39.30902862548828,
      29.496763229370117,
      27.729854583740234,
      16.334163665771484
    ],
    [
      -0.5032600164413452,
      -0.14492526650428772,
      -0.6627583503723145,
      0.7432035803794861,
      -0.24954982101917267,
      2.6314327716827393,
      2.2746198177337646,
      3.5404844284057617,
      3.660322427749634,
      4.885750770568848,
      4.881803512573242,
      6.823666572570801,
      16.592905044555664,
      13.001814842224121,
      22.359569549560547,
      19.20663070678711,
      16.334163665771484,
      11.736711502075195
    ]
  ],
  "damage": -14.658309936523438,
  "diff_bandwidth": 865.4931640625,
  "dissonance": 9.53993656743198,
  "drr": 11.905426979064941,
  "dynamics": 6.019046306610107,
  "format": 1245190,
  "frames": 9452480,
  "loudness": -23.650299072265625,
  "loudness_range": 20.211231231689453,
  "loudness_range_short": 24.061763763427734,
  "lowpass_true_peak_15khz": -3.039628028869629,
  "mastering3_acoustic_entropies": [
    {
      "acoustic_entropy": 7.900485515594482,
      "acoustic_entropy_mono": 8.02696418762207,
      "band_eliminated_acoustic_entropies": [
        {
          "acoustic_entropy": 7.898665428161621,
          "acoustic_entropy_side": 7.899169921875,
          "hz": 129.47220167065723
        },
        {
          "acoustic_entropy": 7.963085174560547,
          "acoustic_entropy_side": 7.897672176361084,
          "hz": 202.92927478742237
        },
        {
          "acoustic_entropy": 7.954778671264648,
          "acoustic_entropy_side": 7.899235725402832,
          "hz": 282.89161906338205
        },
        {
          "acoustic_entropy": 7.917728424072266,
          "acoustic_entropy_side": 7.899750232696533,
          "hz": 369.9353335868758
        },
        {
          "acoustic_entropy": 7.917301177978516,
          "acoustic_entropy_side": 7.887747764587402,
          "hz": 464.6875360973435
        },
        {
          "acoustic_entropy": 7.919727325439453,
          "acoustic_entropy_side": 7.800072193145752,
          "hz": 567.8308811364784
        },
        {
          "acoustic_entropy": 8.208544731140137,
          "acoustic_entropy_side": 7.9417219161987305,
          "hz": 680.1084783214808
        },
        {
          "acoustic_entropy": 7.712361812591553,
          "acoustic_entropy_side": 7.926389217376709,
          "hz": 802.3292461747484
        },
        {
          "acoustic_entropy": 7.400823593139648,
          "acoustic_entropy_side": 8.015898704528809,
          "hz": 935.3737400823702
        },
        {
          "acoustic_entropy": 7.695509910583496,
          "acoustic_entropy_side": 8.003434181213379,
          "hz": 1080.2004963696966
        },
        {
          "acoustic_entropy": 7.828185081481934,
          "acoustic_entropy_side": 7.902008056640625,
          "hz": 1237.8529382007157
        },
        {
          "acoustic_entropy": 7.755557537078857,
          "acoustic_entropy_side": 7.9248504638671875,
          "hz": 1409.4668930556702
        },
        {
          "acoustic_entropy": 8.011075973510742,
          "acoustic_entropy_side": 7.897156238555908,
          "hz": 1596.2787759475705
        },
        {
          "acoustic_entropy": 7.871278762817383,
          "acoustic_entropy_side": 7.9315643310546875,
          "hz": 1799.6344973346393
        },
        {
          "acoustic_entropy": 8.54260540008545,
          "acoustic_entropy_side": 7.9935302734375,
          "hz": 2020.9991599069049
        },
        {
          "acoustic_entropy": 8.006763458251953,
          "acoustic_entropy_side": 7.911466598510742,
          "hz": 2261.9676141086993
        },
        {
          "acoustic_entropy": 8.012789726257324,
          "acoustic_entropy_side": 7.920223236083984,
          "hz": 2524.2759484456974
        },
        {
          "acoustic_entropy": 8.241612434387207,
          "acoustic_entropy_side": 7.9016900062561035,
          "hz": 2809.813997359896
        },
        {
          "acoustic_entropy": 8.1658353805542,
          "acoustic_entropy_side": 7.894410133361816,
          "hz": 3120.6389567871424
        },
        {
          "acoustic_entropy": 8.03335952758789,
          "acoustic_entropy_side": 7.880444526672363,
          "hz": 3458.990205492291
        },
        {
          "acoustic_entropy": 7.823634624481201,
          "acoustic_entropy_side": 7.8781819343566895,
          "hz": 3827.305438964164
        },
        {
          "acoustic_entropy": 7.815995693206787,
          "acoustic_entropy_side": 7.893518447875977,
          "hz": 4228.238232109126
        },
        {
          "acoustic_entropy": 7.911829948425293,
          "acoustic_entropy_side": 7.900241374969482,
          "hz": 4664.6771572759235
        },
        {
          "acoustic_entropy": 7.92014217376709,
          "acoustic_entropy_side": 7.901420593261719,
          "hz": 5139.766595350093
        },
        {
          "acoustic_entropy": 7.9221086502075195,
          "acoustic_entropy_side": 7.901399612426758,
          "hz": 5656.929389854203
        },
        {
          "acoustic_entropy": 7.925232887268066,
          "acoustic_entropy_side": 7.901430130004883,
          "hz": 6219.891507268283
        },
        {
          "acoustic_entropy": 7.922369956970215,
          "acoustic_entropy_side": 7.901114463806152,
          "hz": 6832.70888123896
        },
        {
          "acoustic_entropy": 7.940737724304199,
          "acoustic_entropy_side": 7.902624607086182,
          "hz": 7499.796634079867
        },
        {
          "acoustic_entropy": 7.951787948608398,
          "acoustic_entropy_side": 7.906482696533203,
          "hz": 8225.96088609342
        },
        {
          "acoustic_entropy": 7.982919216156006,
          "acoustic_entropy_side": 7.910678386688232,
          "hz": 9016.43338188839
        },
        {
          "acoustic_entropy": 7.984404563903809,
          "acoustic_entropy_side": 7.910078048706055,
          "hz": 9876.909183162974
        },
        {
          "acoustic_entropy": 7.980423450469971,
          "acoustic_entropy_side": 7.908390045166016,
          "hz": 10813.587699516042
        },
        {
          "acoustic_entropy": 7.932275295257568,
          "acoustic_entropy_side": 7.905179977416992,
          "hz": 11833.21735289826
        },
        {
          "acoustic_entropy": 7.924973011016846,
          "acoustic_entropy_side": 7.9029717445373535,
          "hz": 12943.144197493959
        },
        {
          "acoustic_entropy": 7.907371520996094,
          "acoustic_entropy_side": 7.901140213012695,
          "hz": 14151.364845322005
        },
        {
          "acoustic_entropy": 7.901732444763184,
          "acoustic_entropy_side": 7.90061092376709,
          "hz": 15466.58407886509
        },
        {
          "acoustic_entropy": 7.900649547576904,
          "acoustic_entropy_side": 7.900509357452393,
          "hz": 16898.27756580493
        },
        {
          "acoustic_entropy": 7.900498390197754,
          "acoustic_entropy_side": 7.900487899780273,
          "hz": 18456.760127700032
        },
        {
          "acoustic_entropy": 7.900486469268799,
          "acoustic_entropy_side": 7.900485515594482,
          "hz": 20153.260054456492
        },
        {
          "acoustic_entropy": 7.900485515594482,
          "acoustic_entropy_side": 7.900485515594482,
          "hz": 22000.00000000001
        }
      ],
      "diff_acoustic_entropy": 5.915770530700684,
      "sn": 6
    },
    {
      "acoustic_entropy": 12.034252166748047,
      "acoustic_entropy_mono": 11.598602294921875,
      "band_eliminated_acoustic_entropies": [
        {
          "acoustic_entropy": 11.818109512329102,
          "acoustic_entropy_side": 12.04810619354248,
          "hz": 129.47220167065723
        },
        {
          "acoustic_entropy": 11.617227554321289,
          "acoustic_entropy_side": 11.991193771362305,
          "hz": 202.92927478742237
        },
        {
          "acoustic_entropy": 12.188546180725098,
          "acoustic_entropy_side": 12.110368728637695,
          "hz": 282.89161906338205
        },
        {
          "acoustic_entropy": 11.923848152160645,
          "acoustic_entropy_side": 12.002426147460938,
          "hz": 369.9353335868758
        },
        {
          "acoustic_entropy": 12.042736053466797,
          "acoustic_entropy_side": 12.024121284484863,
          "hz": 464.6875360973435
        },
        {
          "acoustic_entropy": 11.716695785522461,
          "acoustic_entropy_side": 11.680290222167969,
          "hz": 567.8308811364784
        },
        {
          "acoustic_entropy": 11.48911190032959,
          "acoustic_entropy_side": 12.391395568847656,
          "hz": 680.1084783214808
        },
        {
          "acoustic_entropy": 11.644492149353027,
          "acoustic_entropy_side": 11.937397003173828,
          "hz": 802.3292461747484
        },
        {
          "acoustic_entropy": 11.964356422424316,
          "acoustic_entropy_side": 11.995421409606934,
          "hz": 935.3737400823702
        },
        {
          "acoustic_entropy": 11.958115577697754,
          "acoustic_entropy_side": 12.11935806274414,
          "hz": 1080.2004963696966
        },
        {
          "acoustic_entropy": 11.867999076843262,
          "acoustic_entropy_side": 12.043439865112305,
          "hz": 1237.8529382007157
        },
        {
          "acoustic_entropy": 11.422931671142578,
          "acoustic_entropy_side": 12.185088157653809,
          "hz": 1409.4668930556702
        },
        {
          "acoustic_entropy": 12.090283393859863,
          "acoustic_entropy_side": 12.093070983886719,
          "hz": 1596.2787759475705
        },
        {
          "acoustic_entropy": 11.97125244140625,
          "acoustic_entropy_side": 12.2125244140625,
          "hz": 1799.6344973346393
        },
        {
          "acoustic_entropy": 12.163483619689941,
          "acoustic_entropy_side": 12.278069496154785,
          "hz": 2020.9991599069049
        },
        {
          "acoustic_entropy": 11.581473350524902,
          "acoustic_entropy_side": 12.195103645324707,
          "hz": 2261.9676141086993
        },
        {
          "acoustic_entropy": 11.815889358520508,
          "acoustic_entropy_side": 12.07161808013916,
          "hz": 2524.2759484456974
        },
        {
          "acoustic_entropy": 11.424420356750488,
          "acoustic_entropy_side": 12.000450134277344,
          "hz": 2809.813997359896
        },
        {
          "acoustic_entropy": 12.374364852905273,
          "acoustic_entropy_side": 12.026299476623535,
          "hz": 3120.6389567871424
        },
        {
          "acoustic_entropy": 12.037644386291504,
          "acoustic_entropy_side": 12.03113842010498,
          "hz": 3458.990205492291
        },
        {
          "acoustic_entropy": 11.759507179260254,
          "acoustic_entropy_side": 11.96617603302002,
          "hz": 3827.305438964164
        },
        {
          "acoustic_entropy": 11.685873031616211,
          "acoustic_entropy_side": 12.059566497802734,
          "hz": 4228.238232109126
        },
        {
          "acoustic_entropy": 12.001105308532715,
          "acoustic_entropy_side": 12.04646110534668,
          "hz": 4664.6771572759235
        },
        {
          "acoustic_entropy": 12.028504371643066,
          "acoustic_entropy_side": 12.051173210144043,
          "hz": 5139.766595350093
        },
        {
          "acoustic_entropy": 11.976065635681152,
          "acoustic_entropy_side": 12.03456974029541,
          "hz": 5656.929389854203
        },
        {
          "acoustic_entropy": 11.941048622131348,
          "acoustic_entropy_side": 12.032198905944824,
          "hz": 6219.891507268283
        },
        {
          "acoustic_entropy": 11.924543380737305,
          "acoustic_entropy_side": 12.026315689086914,
          "hz": 6832.70888123896
        },
        {
          "acoustic_entropy": 11.834305763244629,
          "acoustic_entropy_side": 12.0071439743042,
          "hz": 7499.796634079867
        },
        {
          "acoustic_entropy": 11.925965309143066,
          "acoustic_entropy_side": 11.960994720458984,
          "hz": 8225.96088609342
        },
        {
          "acoustic_entropy": 12.062923431396484,
          "acoustic_entropy_side": 11.949145317077637,
          "hz": 9016.43338188839
        },
        {
          "acoustic_entropy": 12.06058406829834,
          "acoustic_entropy_side": 11.95006275177002,
          "hz": 9876.909183162974
        },
        {
          "acoustic_entropy": 11.958308219909668,
          "acoustic_entropy_side": 11.9548921585083,
          "hz": 10813.587699516042
        },
        {
          "acoustic_entropy": 11.896303176879883,
          "acoustic_entropy_side": 11.973350524902344,
          "hz": 11833.21735289826
        },
        {
          "acoustic_entropy": 11.951220512390137,
          "acoustic_entropy_side": 12.000883102416992,
          "hz": 12943.144197493959
        },
        {
          "acoustic_entropy": 11.954497337341309,
          "acoustic_entropy_side": 12.023589134216309,
          "hz": 14151.364845322005
        },
        {
          "acoustic_entropy": 12.01459789276123,
          "acoustic_entropy_side": 12.031805992126465,
          "hz": 15466.58407886509
        },
        {
          "acoustic_entropy": 12.030983924865723,
          "acoustic_entropy_side": 12.03373908996582,
          "hz": 16898.27756580493
        },
        {
          "acoustic_entropy": 12.033968925476074,
          "acoustic_entropy_side": 12.034200668334961,
          "hz": 18456.760127700032
        },
        {
          "acoustic_entropy": 12.034241676330566,
          "acoustic_entropy_side": 12.034250259399414,
          "hz": 20153.260054456492
        },
        {
          "acoustic_entropy": 12.03425121307373,
          "acoustic_entropy_side": 12.034252166748047,
          "hz": 22000.00000000001
        }
      ],
      "diff_acoustic_entropy": 8.940999984741211,
      "sn": 12
    },
    {
      "acoustic_entropy": 19.763080596923828,
      "acoustic_entropy_mono": 18.885013580322266,
      "band_eliminated_acoustic_entropies": [
        {
          "acoustic_entropy": 19.03016471862793,
          "acoustic_entropy_side": 19.426517486572266,
          "hz": 129.47220167065723
        },
        {
          "acoustic_entropy": 20.229434967041016,
          "acoustic_entropy_side": 19.55318832397461,
          "hz": 202.92927478742237
        },
        {
          "acoustic_entropy": 19.25507354736328,
          "acoustic_entropy_side": 19.603445053100586,
          "hz": 282.89161906338205
        },
        {
          "acoustic_entropy": 20.85586929321289,
          "acoustic_entropy_side": 19.839155197143555,
          "hz": 369.9353335868758
        },
        {
          "acoustic_entropy": 20.4840087890625,
          "acoustic_entropy_side": 19.720272064208984,
          "hz": 464.6875360973435
        },
        {
          "acoustic_entropy": 19.160728454589844,
          "acoustic_entropy_side": 19.82550048828125,
          "hz": 567.8308811364784
        },
        {
          "acoustic_entropy": 21.226831436157227,
          "acoustic_entropy_side": 20.596769332885742,
          "hz": 680.1084783214808
        },
        {
          "acoustic_entropy": 20.057905197143555,
          "acoustic_entropy_side": 19.552759170532227,
          "hz": 802.3292461747484
        },
        {
          "acoustic_entropy": 19.708404541015625,
          "acoustic_entropy_side": 19.698869705200195,
          "hz": 935.3737400823702
        },
        {
          "acoustic_entropy": 19.13477325439453,
          "acoustic_entropy_side": 19.86639404296875,
          "hz": 1080.2004963696966
        },
        {
          "acoustic_entropy": 19.14433479309082,
          "acoustic_entropy_side": 19.53108787536621,
          "hz": 1237.8529382007157
        },
        {
          "acoustic_entropy": 21.053598403930664,
          "acoustic_entropy_side": 20.370515823364258,
          "hz": 1409.4668930556702
        },
        {
          "acoustic_entropy": 20.241113662719727,
          "acoustic_entropy_side": 19.51393699645996,
          "hz": 1596.2787759475705
        },
        {
          "acoustic_entropy": 20.299388885498047,
          "acoustic_entropy_side": 19.667306900024414,
          "hz": 1799.6344973346393
        },
        {
          "acoustic_entropy": 20.223379135131836,
          "acoustic_entropy_side": 20.351409912109375,
          "hz": 2020.9991599069049
        },
        {
          "acoustic_entropy": 20.012971878051758,
          "acoustic_entropy_side": 19.846460342407227,
          "hz": 2261.9676141086993
        },
        {
          "acoustic_entropy": 19.551177978515625,
          "acoustic_entropy_side": 19.469236373901367,
          "hz": 2524.2759484456974
        },
        {
          "acoustic_entropy": 19.95562744140625,
          "acoustic_entropy_side": 19.676563262939453,
          "hz": 2809.813997359896
        },
        {
          "acoustic_entropy": 19.84599494934082,
          "acoustic_entropy_side": 19.42453956604004,
          "hz": 3120.6389567871424
        },
        {
          "acoustic_entropy": 19.80259895324707,
