{
  "acoustic_entropy": 173.88450622558594,
  "bands": [
    {
      "high_freq": 148.1999969482422,
      "loudness": -29.986042022705078,
      "loudness_range": 10.514558792114258,
      "mid_mean": -26.49491310119629,
      "mid_to_side_loudness": -17.663114547729492,
      "mid_to_side_loudness_range": 19.971904754638672,
      "side_mean": -45.29911422729492
    },
    {
      "high_freq": 392.3793640136719,
      "loudness": -26.345745086669922,
      "loudness_range": 13.403043746948242,
      "low_freq": 148.1999969482422,
      "mid_mean": -23.08053970336914,
      "mid_to_side_loudness": -11.92004680633545,
      "mid_to_side_loudness_range": 13.492549896240234,
      "side_mean": -35.45388412475586
    },
    {
      "high_freq": 794.6976318359375,
      "loudness": -29.308340072631836,
      "loudness_range": 13.485807418823242,
      "low_freq": 392.3793640136719,
      "mid_mean": -26.30205535888672,
      "mid_to_side_loudness": -8.98643970489502,
      "mid_to_side_loudness_range": 12.5870361328125,
      "side_mean": -35.55980682373047
    },
    {
      "high_freq": 1457.5709228515625,
      "loudness": -25.12669563293457,
      "loudness_range": 19.82025146484375,
      "low_freq": 794.6976318359375,
      "mid_mean": -21.768756866455078,
      "mid_to_side_loudness": -12.092973709106445,
      "mid_to_side_loudness_range": 12.601507186889648,
      "side_mean": -34.30361557006836
    },
    {
      "high_freq": 2549.74365234375,
      "loudness": -25.94320297241211,
      "loudness_range": 14.857170104980469,
      "low_freq": 1457.5709228515625,
      "mid_mean": -22.798351287841797,
      "mid_to_side_loudness": -9.355367660522461,
      "mid_to_side_loudness_range": 10.293832778930664,
      "side_mean": -32.46673583984375
    },
    {
      "high_freq": 4349.24462890625,
      "loudness": -30.185710906982422,
      "loudness_range": 16.69055938720703,
      "low_freq": 2549.74365234375,
      "mid_mean": -27.270700454711914,
      "mid_to_side_loudness": -7.784551620483398,
      "mid_to_side_loudness_range": 10.734533309936523,
      "side_mean": -35.44804763793945
    },
    {
      "high_freq": 7314.1640625,
      "loudness": -38.282066345214844,
      "loudness_range": 17.597705841064453,
      "low_freq": 4349.24462890625,
      "mid_mean": -35.50152587890625,
      "mid_to_side_loudness": -7.132009983062744,
      "mid_to_side_loudness_range": 12.57678508758545,
      "side_mean": -43.06515884399414
    },
    {
      "high_freq": 12199.2666015625,
      "loudness": -41.48332214355469,
      "loudness_range": 22.997406005859375,
      "low_freq": 7314.1640625,
      "mid_mean": -39.30686569213867,
      "mid_to_side_loudness": -5.314995288848877,
      "mid_to_side_loudness_range": 7.749709129333496,
      "side_mean": -44.82197570800781
    },
    {
      "loudness": -49.51447296142578,
      "loudness_range": 23.482975006103516,
      "low_freq": 12199.2666015625,
      "mid_mean": -47.905059814453125,
      "mid_to_side_loudness": -2.279110908508301,
      "mid_to_side_loudness_range": 4.0041584968566895,
      "side_mean": -50.671226501464844
    }
  ],
  "bands_short": [
    {
      "high_freq": 148.1999969482422,
      "loudness": -34.946510314941406,
      "loudness_range": 18.82056427001953,
      "mid_mean": -31.707839965820312,
      "mid_to_side_loudness": -17.33571434020996,
      "mid_to_side_loudness_range": 24.101070404052734,
      "side_mean": -51.23086166381836
    },
    {
      "high_freq": 392.3793640136719,
      "loudness": -26.55274772644043,
      "loudness_range": 16.386804580688477,
      "low_freq": 148.1999969482422,
      "mid_mean": -23.309858322143555,
      "mid_to_side_loudness": -12.479998588562012,
      "mid_to_side_loudness_range": 16.180667877197266,
      "side_mean": -36.269187927246094
    },
    {
      "high_freq": 794.6976318359375,
      "loudness": -30.45545196533203,
      "loudness_range": 15.509313583374023,
      "low_freq": 392.3793640136719,
      "mid_mean": -27.582857131958008,
      "mid_to_side_loudness": -8.598152160644531,
      "mid_to_side_loudness_range": 13.807788848876953,
      "side_mean": -36.432090759277344
    },
    {
      "high_freq": 1457.5709228515625,
      "loudness": -25.633878707885742,
      "loudness_range": 21.06171417236328,
      "low_freq": 794.6976318359375,
      "mid_mean": -22.366127014160156,
      "mid_to_side_loudness": -11.767970085144043,
      "mid_to_side_loudness_range": 14.817388534545898,
      "side_mean": -34.58202362060547
    },
    {
      "high_freq": 2549.74365234375,
      "loudness": -26.53261375427246,
      "loudness_range": 16.719648361206055,
      "low_freq": 1457.5709228515625,
      "mid_mean": -23.444297790527344,
      "mid_to_side_loudness": -9.225435256958008,
      "mid_to_side_loudness_range": 11.513333320617676,
      "side_mean": -33.02964782714844
    },
    {
      "high_freq": 4349.24462890625,
      "loudness": -30.768815994262695,
      "loudness_range": 18.76585578918457,
      "low_freq": 2549.74365234375,
      "mid_mean": -27.945331573486328,
      "mid_to_side_loudness": -7.660553932189941,
      "mid_to_side_loudness_range": 11.66952133178711,
      "side_mean": -36.0248908996582
    },
    {
      "high_freq": 7314.1640625,
      "loudness": -41.444854736328125,
      "loudness_range": 24.819156646728516,
      "low_freq": 4349.24462890625,
      "mid_mean": -38.99676513671875,
      "mid_to_side_loudness": -6.192209720611572,
      "mid_to_side_loudness_range": 12.345277786254883,
      "side_mean": -45.554508209228516
    },
    {
      "high_freq": 12199.2666015625,
      "loudness": -46.52264404296875,
      "loudness_range": 30.670841217041016,
      "low_freq": 7314.1640625,
      "mid_mean": -44.099220275878906,
      "mid_to_side_loudness": -4.786893367767334,
      "mid_to_side_loudness_range": 7.57232666015625,
      "side_mean": -49.1839485168457
    },
    {
      "loudness": -54.824302673339844,
      "loudness_range": 26.291950225830078,
      "low_freq": 12199.2666015625,
      "mid_mean": -53.55900955200195,
      "mid_to_side_loudness": -1.7134016752243042,
      "mid_to_side_loudness_range": 3.905226469039917,
      "side_mean": -55.18328094482422
    }
  ],
  "bandwidth": 883.0824584960938,
  "channels": 2,
  "covariance": [
    [
      19.863677978515625,
      16.305620193481445,
      7.719133377075195,
      3.9640324115753174,
      6.137507915496826,
      2.7345781326293945,
      5.793458461761475,
      3.449385643005371,
      4.016879558563232,
      1.4594770669937134,
      7.750199317932129,
      3.476612091064453,
      11.426384925842285,
      8.522733688354492,
      17.18570899963379,
      15.6920804977417,
      12.527814865112305,
      11.096263885498047
    ],
    [
      16.305620193481445,
      45.70056915283203,
      9.759873390197754,
      11.284323692321777,
      8.352105140686035,
      4.49464750289917,
      10.246394157409668,
      6.102915287017822,
      8.664828300476074,
      4.74782133102417,
      15.15314769744873,
      10.288212776184082,
      16.75010871887207,
      15.606526374816895,
      17.224626541137695,
      17.677234649658203,
      8.530064582824707,
      8.63271427154541
    ],
    [
      7.719133377075195,
      9.759873390197754,
      29.841201782226562,
      15.569790840148926,
      15.835716247558594,
      6.207948684692383,
      10.322354316711426,
      4.786421298980713,
      6.356884002685547,
      2.317727565765381,
      13.873290061950684,
      6.360918045043945,
      17.291513442993164,
      11.552079200744629,
      24.710927963256836,
      20.16189193725586,
      19.578950881958008,
      16.573593139648438
    ],
    [
      3.9640324115753174,
      11.284323692321777,
      15.569790840148926,
      25.573286056518555,
      11.905510902404785,
      10.817075729370117,
      9.364309310913086,
      9.423151016235352,
      9.227970123291016,
      9.074661254882812,
      11.608293533325195,
      12.64029598236084,
      13.75430679321289,
      15.249759674072266,
      16.995607376098633,
      17.104177474975586,
      14.248458862304688,
      13.490269660949707
    ],
    [
      6.137507915496826,
      8.352105140686035,
      15.835716247558594,
      11.905510902404785,
      24.727428436279297,
      10.378817558288574,
      20.405948638916016,
      12.07685661315918,
      11.425382614135742,
      7.471203804016113,
      13.1106538772583,
      9.775920867919922,
      13.437079429626465,
      11.623872756958008,
      21.109642028808594,
      19.50086212158203,
      17.541709899902344,
      15.782190322875977
    ],
    [
      2.7345781326293945,
      4.49464750289917,
      6.207948684692383,
      10.817075729370117,
      10.378817558288574,
      15.514324188232422,
      8.464456558227539,
      9.001204490661621,
      9.046331405639648,
      10.104301452636719,
      10.706790924072266,
      12.530110359191895,
      9.565631866455078,
      14.798333168029785,
      10.706917762756348,
      13.07056999206543,
      10.87047004699707,
      10.981595993041992
    ],
    [
      5.793458461761475,
      10.246394157409668,
      10.322354316711426,
      9.364309310913086,
      20.405948638916016,
      8.464456558227539,
      47.218692779541016,
      25.772825241088867,
      27.736671447753906,
      16.340055465698242,
      23.512907028198242,
      14.529939651489258,
      16.56039047241211,
      13.952271461486816,
      24.42444610595703,
      22.709983825683594,
      19.97235679626465,
      19.496192932128906
    ],
    [
      3.449385643005371,
      6.102915287017822,
      4.786421298980713,
      9.423151016235352,
      12.07685661315918,
      9.001204490661621,
      25.772825241088867,
      21.03973388671875,
      18.532217025756836,
      15.214982986450195,
      16.521240234375,
      14.861909866333008,
      12.366291999816895,
      14.899174690246582,
      15.711311340332031,
      17.083763122558594,
      13.571974754333496,
      13.865408897399902
    ],
    [
      4.016879558563232,
      8.664828300476074,
      6.356884002685547,
      9.227970123291016,
      11.425382614135742,
      9.046331405639648,
      27.736671447753906,
      18.532217025756836,
      29.001291275024414,
      19.39744758605957,
      24.39531135559082,
      19.389007568359375,
      15.61515998840332,
      16.68010711669922,
      18.278797149658203,
      18.537874221801758,
      14.19077205657959,
      14.420902252197266
    ],
    [
      1.4594770669937134,
      4.74782133102417,
      2.317727565765381,
      9.074661254882812,
      7.471203804016113,
      10.104301452636719,
      16.340055465698242,
      15.214982986450195,
      19.39744758605957,
      20.840023040771484,
      17.630247116088867,
      19.296083450317383,
      11.510390281677246,
      17.926860809326172,
      10.015829086303711,
      13.697525978088379,
      8.830473899841309,
      9.890575408935547
    ],
    [
      7.750199317932129,
      15.15314769744873,
      13.873290061950684,
      11.608293533325195,
      13.1106538772583,
      10.706790924072266,
      23.512907028198242,
      16.521240234375,
      24.39531135559082,
      17.630247116088867,
      39.36573791503906,
      27.488847732543945,
      24.5712833404541,
      24.256813049316406,
      26.471677780151367,
      26.021778106689453,
      18.545787811279297,
      18.458629608154297
    ],
    [
      3.476612091064453,
      10.288212776184082,
      6.360918045043945,
      12.64029598236084,
      9.775920867919922,
      12.530110359191895,
      14.529939651489258,
      14.861909866333008,
      19.389007568359375,
      19.296083450317383,
      27.488847732543945,
      29.652141571044922,
      18.7674560546875,
      24.46534538269043,
      16.187767028808594,
      19.847688674926758,
      11.571523666381836,
      12.783077239990234
    ],
    [
      11.426384925842285,
      16.75010871887207,
      17.291513442993164,
      13.75430679321289,
      13.437079429626465,
      9.565631866455078,
      16.56039047241211,
      12.366291999816895,
      15.61515998840332,
      11.510390281677246,
      24.5712833404541,
      18.7674560546875,
      44.39204788208008,
      35.20383071899414,
      45.61856460571289,
      41.929264068603516,
      37.1165885925293,
      34.586856842041016
    ],
    [
      8.522733688354492,
      15.606526374816895,
      11.552079200744629,
      15.249759674072266,
      11.623872756958008,
      14.798333168029785,
      13.952271461486816,
      14.899174690246582,
      16.68010711669922,
      17.926860809326172,
      24.256813049316406,
      24.46534538269043,
      35.20383071899414,
      41.76970291137695,
      33.28636169433594,
      36.67121124267578,
      27.056928634643555,
      27.35344123840332
    ],
    [
      17.18570899963379,
      17.224626541137695,
      24.710927963256836,
      16.995607376098633,
      21.109642028808594,
      10.706917762756348,
      24.42444610595703,
      15.711311340332031,
      18.278797149658203,
      10.015829086303711,
      26.471677780151367,
      16.187767028808594,
      45.61856460571289,
      33.28636169433594,
      68.07450866699219,
      60.004859924316406,
      57.67726516723633,
      52.38629913330078
    ],
    [
      15.6920804977417,
      17.677234649658203,
      20.16189193725586,
      17.104177474975586,
      19.50086212158203,
      13.07056999206543,
      22.709983825683594,
      17.083763122558594,
      18.537874221801758,
      13.697525978088379,
      26.021778106689453,
      19.847688674926758,
      41.929264068603516,
      36.67121124267578,
      60.004859924316406,
      58.35780334472656,
      51.84022521972656,
      48.85245132446289
    ],
    [
      12.527814865112305,
      8.530064582824707,
      19.578950881958008,
      14.248458862304688,
      17.541709899902344,
      10.87047004699707,
      19.97235679626465,
      13.571974754333496,
      14.19077205657959,
      8.830473899841309,
      18.545787811279297,
      11.571523666381836,
      37.1165885925293,
      27.056928634643555,
      57.67726516723633,
      51.84022521972656,
      60.338077545166016,
      54.836204528808594
    ],
    [
      11.096263885498047,
      8.63271427154541,
      16.573593139648438,
      13.490269660949707,
      15.782190322875977,
      10.981595993041992,
      19.496192932128906,
      13.865408897399902,
      14.420902252197266,
      9.890575408935547,
      18.458629608154297,
      12.783077239990234,
      34.586856842041016,
      27.35344123840332,
      52.38629913330078,
      48.85245132446289,
      54.836204528808594,
      59.534149169921875
    ]
  ],
  "covariance_short": [
    [
      48.72111129760742,
      21.66016960144043,
      16.233966827392578,
      10.285667419433594,
      8.221490859985352,
      5.689680099487305,
      7.4183807373046875,
      5.103329658508301,
      5.991270065307617,
      4.3235344886779785,
      9.283758163452148,
      5.287204742431641,
      19.03271484375,
      15.151776313781738,
      21.708782196044922,
      19.491092681884766,
      16.820171356201172,
      14.948993682861328
    ],
    [
      21.66016960144043,
      72.48413848876953,
      18.617595672607422,
      22.327842712402344,
      15.982054710388184,
      11.311403274536133,
      17.130762100219727,
      13.559592247009277,
      15.585259437561035,
      11.974138259887695,
      21.757139205932617,
      16.263019561767578,
      27.45908546447754,
      26.63980484008789,
      29.610782623291016,
      32.80528259277344,
      27.227121353149414,
      24.95537567138672
    ],
    [
      16.233966827392578,
      18.617595672607422,
      37.70634078979492,
      19.64473533630371,
      19.168420791625977,
      10.244884490966797,
      12.203264236450195,
      6.826988697052002,
      9.783812522888184,
      5.252500057220459,
      17.597164154052734,
      10.28017520904541,
      25.271175384521484,
      18.26822853088379,
      31.05947494506836,
      25.328832626342773,
      20.47385597229004,
      17.36452293395996
    ],
    [
      10.285667419433594,
      22.327842712402344,
      19.64473533630371,
      33.697208404541016,
      15.016261100769043,
      14.964505195617676,
      11.230831146240234,
      10.5317964553833,
      11.14976692199707,
      10.395428657531738,
      14.630719184875488,
      14.252211570739746,
      22.79290008544922,
      23.093109130859375,
      22.4332332611084,
      21.014440536499023,
      17.030790328979492,
      15.641072273254395
    ],
    [
      8.221490859985352,
      15.982054710388184,
      19.168420791625977,
      15.016261100769043,
      32.187652587890625,
      14.806866645812988,
      24.06348991394043,
      14.81700611114502,
      14.442246437072754,
      10.613470077514648,
      17.395132064819336,
      13.0140380859375,
      21.571077346801758,
      19.566246032714844,
      28.584758758544922,
      25.184213638305664,
      18.395967483520508,
      16.365800857543945
    ],
    [
      5.689680099487305,
      11.311403274536133,
      10.244884490966797,
      14.964505195617676,
      14.806866645812988,
      22.62546730041504,
      11.00270938873291,
      11.551074028015137,
      11.61513900756836,
      12.30727767944336,
      13.85902214050293,
      15.93383502960205,
      18.931631088256836,
      24.3775577545166,
      17.98891830444336,
      19.97273063659668,
      14.74675178527832,
      14.290870666503906
    ],
    [
      7.4183807373046875,
      17.130762100219727,
      12.203264236450195,
      11.230831146240234,
      24.06348991394043,
      11.00270938873291,
      53.8159294128418,
      27.850717544555664,
      32.345191955566406,
      19.880983352661133,
      27.980724334716797,
      18.016918182373047,
      23.121267318725586,
      20.308866500854492,
      30.409690856933594,
      27.513599395751953,
      18.680818557739258,
      17.485797882080078
    ],
    [
      5.103329658508301,
      13.559592247009277,
      6.826988697052002,
      10.5317964553833,
      14.81700611114502,
      11.551074028015137,
      27.850717544555664,
      25.300167083740234,
      20.498458862304688,
      17.36861228942871,
      18.913986206054688,
      16.676286697387695,
      18.734079360961914,
      20.818008422851562,
      20.821746826171875,
      20.667312622070312,
      13.85616397857666,
      13.486709594726562
    ],
    [
      5.991270065307617,
      15.585259437561035,
      9.783812522888184,
      11.14976692199707,
      14.442246437072754,
      11.61513900756836,
      32.345191955566406,
      20.498458862304688,
      35.93219757080078,
      23.434608459472656,
      29.9852294921875,
      23.56255531311035,
      24.540176391601562,
      24.32684326171875,
      23.63397216796875,
      23.161039352416992,
      14.980361938476562,
      14.620847702026367
    ],
    [
      4.3235344886779785,
      11.974138259887695,
      5.252500057220459,
      10.395428657531738,
      10.613470077514648,
      12.30727767944336,
      19.880983352661133,
      17.36861228942871,
      23.434608459472656,
      25.97599220275879,
      21.665401458740234,
      22.58165740966797,
      20.67084503173828,
      25.078598022460938,
      16.700557708740234,
      18.45768928527832,
      11.3615140914917,
      11.716882705688477
    ],
    [
      9.283758163452148,
      21.757139205932617,
      17.597164154052734,
      14.630719184875488,
      17.395132064819336,
      13.85902214050293,
      27.980724334716797,
      18.913986206054688,
      29.9852294921875,
      21.665401458740234,
      48.55065155029297,
      33.492488861083984,
      37.92195129394531,
      34.74618148803711,
      36.81975173950195,
      35.09286880493164,
      22.406036376953125,
      21.25109100341797
    ],
    [
      5.287204742431641,
      16.263019561767578,
      10.28017520904541,
      14.252211570739746,
      13.0140380859375,
      15.93383502960205,
      18.016918182373047,
      16.676286697387695,
      23.56255531311035,
      22.58165740966797,
      33.492488861083984,
      36.311134338378906,
      31.65546989440918,
      35.28310775756836,
      26.385318756103516,
      27.82034683227539,
      16.922311782836914,
      17.113710403442383
    ],
    [
      19.03271484375,
      27.45908546447754,
      25.271175384521484,
      22.79290008544922,
      21.571077346801758,
      18.931631088256836,
      23.121267318725586,
      18.734079360961914,
      24.540176391601562,
      20.67084503173828,
      37.92195129394531,
      31.65546989440918,
      76.040283203125,
      62.79310989379883,
      74.86612701416016,
      68.72554016113281,
      57.13161087036133,
      52.056854248046875
    ],
    [
      15.151776313781738,
      26.63980484008789,
      18.26822853088379,
      23.093109130859375,
      19.566246032714844,
      24.3775577545166,
      20.308866500854492,
      20.818008422851562,
      24.32684326171875,
      25.078598022460938,
      34.74618148803711,
      35.28310775756836,
      62.79310989379883,
      67.99901580810547,
      59.704288482666016,
      60.91510772705078,
      46.42876052856445,
      44.248836517333984
    ],
    [
      21.708782196044922,
      29.610782623291016,
      31.05947494506836,
      22.4332332611084,
      28.584758758544922,
      17.98891830444336,
      30.409690856933594,
      20.821746826171875,
      23.63397216796875,
      16.700557708740234,
      36.81975173950195,
      26.385318756103516,
      74.86612701416016,
      59.704288482666016,
      101.5005111694336,
      90.66043853759766,
      76.46955108642578,
      68.78519439697266
    ],
    [
      19.491092681884766,
      32.80528259277344,
      25.328832626342773,
      21.014440536499023,
      25.184213638305664,
      19.97273063659668,
      27.513599395751953,
      20.667312622070312,
      23.161039352416992,
      18.45768928527832,
      35.09286880493164,
      27.82034683227539,
      68.72554016113281,
      60.91510772705078,
      90.66043853759766,
      89.70547485351562,
      72.39559936523438,
      66.88758087158203
    ],
    [
      16.820171356201172,
      27.227121353149414,
      20.47385597229004,
      17.030790328979492,
      18.395967483520508,
      14.74675178527832,
      18.680818557739258,
      13.85616397857666,
      14.980361938476562,
      11.3615140914917,
      22.406036376953125,
      16.922311782836914,
      57.13161087036133,
      46.42876052856445,
      76.46955108642578,
      72.39559936523438,
      77.08552551269531,
      70.01676177978516
    ],
    [
      14.948993682861328,
      24.95537567138672,
      17.36452293395996,
      15.641072273254395,
      16.365800857543945,
      14.290870666503906,
      17.485797882080078,
      13.486709594726562,
      14.620847702026367,
      11.716882705688477,
      21.25109100341797,
      17.113710403442383,
      52.056854248046875,
      44.248836517333984,
      68.78519439697266,
      66.88758087158203,
      70.01676177978516,
      65.05274200439453
    ]
  ],
  "damage": -5.339964866638184,
  "diff_bandwidth": 891.5403442382812,
  "dissonance": 7.208392808635348,
  "drr": 5.381341457366943,
  "dynamics": 3.9648451805114746,
  "format": 1245190,
  "frames": 8699904,
  "loudness": -14.451258659362793,
  "loudness_range": 12.192604064941406,
  "loudness_range_short": 14.164813041687012,
  "lowpass_true_peak_15khz": 0.11576273292303085,
  "mastering3_acoustic_entropies": [
    {
      "acoustic_entropy": 7.272838115692139,
      "acoustic_entropy_mono": 7.565032958984375,
      "band_eliminated_acoustic_entropies": [
        {
          "acoustic_entropy": 7.2757697105407715,
          "acoustic_entropy_side": 7.27295446395874,
          "hz": 129.47220167065723
        },
        {
          "acoustic_entropy": 7.390192985534668,
          "acoustic_entropy_side": 7.280045509338379,
          "hz": 202.92927478742237
        },
        {
          "acoustic_entropy": 7.615965366363525,
          "acoustic_entropy_side": 7.281518936157227,
          "hz": 282.89161906338205
        },
        {
          "acoustic_entropy": 7.323797702789307,
          "acoustic_entropy_side": 7.283790111541748,
          "hz": 369.9353335868758
        },
        {
          "acoustic_entropy": 7.291914463043213,
          "acoustic_entropy_side": 7.277105808258057,
          "hz": 464.6875360973435
        },
        {
          "acoustic_entropy": 7.221181392669678,
          "acoustic_entropy_side": 7.283943176269531,
          "hz": 567.8308811364784
        },
        {
          "acoustic_entropy": 7.913630962371826,
          "acoustic_entropy_side": 7.276537895202637,
          "hz": 680.1084783214808
        },
        {
          "acoustic_entropy": 7.512697696685791,
          "acoustic_entropy_side": 7.270078659057617,
          "hz": 802.3292461747484
        },
        {
          "acoustic_entropy": 6.962405681610107,
          "acoustic_entropy_side": 7.283965587615967,
          "hz": 935.3737400823702
        },
        {
          "acoustic_entropy": 8.160110473632812,
          "acoustic_entropy_side": 7.304847240447998,
          "hz": 1080.2004963696966
        },
        {
          "acoustic_entropy": 7.28869104385376,
          "acoustic_entropy_side": 7.361378192901611,
          "hz": 1237.8529382007157
        },
        {
          "acoustic_entropy": 6.933981418609619,
          "acoustic_entropy_side": 7.277151584625244,
          "hz": 1409.4668930556702
        },
        {
          "acoustic_entropy": 7.414730072021484,
          "acoustic_entropy_side": 7.273433208465576,
          "hz": 1596.2787759475705
        },
        {
          "acoustic_entropy": 7.730131149291992,
          "acoustic_entropy_side": 7.24652099609375,
          "hz": 1799.6344973346393
        },
        {
          "acoustic_entropy": 7.297943592071533,
          "acoustic_entropy_side": 7.33660364151001,
          "hz": 2020.9991599069049
        },
        {
          "acoustic_entropy": 7.458931922912598,
          "acoustic_entropy_side": 7.47873592376709,
          "hz": 2261.9676141086993
        },
        {
          "acoustic_entropy": 7.647676467895508,
          "acoustic_entropy_side": 7.372989177703857,
          "hz": 2524.2759484456974
        },
        {
          "acoustic_entropy": 6.687008380889893,
          "acoustic_entropy_side": 7.23569393157959,
          "hz": 2809.813997359896
        },
        {
          "acoustic_entropy": 6.902618885040283,
          "acoustic_entropy_side": 7.26246452331543,
          "hz": 3120.6389567871424
        },
        {
          "acoustic_entropy": 7.432636737823486,
          "acoustic_entropy_side": 7.272546768188477,
          "hz": 3458.990205492291
        },
        {
          "acoustic_entropy": 7.423428058624268,
          "acoustic_entropy_side": 7.278146266937256,
          "hz": 3827.305438964164
        },
        {
          "acoustic_entropy": 7.477743148803711,
          "acoustic_entropy_side": 7.286523342132568,
          "hz": 4228.238232109126
        },
        {
          "acoustic_entropy": 7.469037055969238,
          "acoustic_entropy_side": 7.288469314575195,
          "hz": 4664.6771572759235
        },
        {
          "acoustic_entropy": 7.38710355758667,
          "acoustic_entropy_side": 7.281655788421631,
          "hz": 5139.766595350093
        },
        {
          "acoustic_entropy": 7.410391807556152,
          "acoustic_entropy_side": 7.274318695068359,
          "hz": 5656.929389854203
        },
        {
          "acoustic_entropy": 7.3517656326293945,
          "acoustic_entropy_side": 7.275179862976074,
          "hz": 6219.891507268283
        },
        {
          "acoustic_entropy": 7.354034423828125,
          "acoustic_entropy_side": 7.2759504318237305,
          "hz": 6832.70888123896
        },
        {
          "acoustic_entropy": 7.342581748962402,
          "acoustic_entropy_side": 7.276130199432373,
          "hz": 7499.796634079867
        },
        {
          "acoustic_entropy": 7.332070827484131,
          "acoustic_entropy_side": 7.276361465454102,
          "hz": 8225.96088609342
        },
        {
          "acoustic_entropy": 7.363887310028076,
          "acoustic_entropy_side": 7.282601356506348,
          "hz": 9016.43338188839
        },
        {
          "acoustic_entropy": 7.425863742828369,
          "acoustic_entropy_side": 7.299299716949463,
          "hz": 9876.909183162974
        },
        {
          "acoustic_entropy": 7.486855983734131,
          "acoustic_entropy_side": 7.3060622215271,
          "hz": 10813.587699516042
        },
        {
          "acoustic_entropy": 7.4501471519470215,
          "acoustic_entropy_side": 7.30745792388916,
          "hz": 11833.21735289826
        },
        {
          "acoustic_entropy": 7.407753944396973,
          "acoustic_entropy_side": 7.300604343414307,
          "hz": 12943.144197493959
        },
        {
          "acoustic_entropy": 7.340768814086914,
          "acoustic_entropy_side": 7.2895121574401855,
          "hz": 14151.364845322005
        },
        {
          "acoustic_entropy": 7.302440166473389,
          "acoustic_entropy_side": 7.279921054840088,
          "hz": 15466.58407886509
        },
        {
          "acoustic_entropy": 7.290626049041748,
          "acoustic_entropy_side": 7.278153896331787,
          "hz": 16898.27756580493
        },
        {
          "acoustic_entropy": 7.2797346115112305,
          "acoustic_entropy_side": 7.275046348571777,
          "hz": 18456.760127700032
        },
        {
          "acoustic_entropy": 7.274472713470459,
          "acoustic_entropy_side": 7.2735209465026855,
          "hz": 20153.260054456492
        },
        {
          "acoustic_entropy": 7.272943019866943,
          "acoustic_entropy_side": 7.272891044616699,
          "hz": 22000.00000000001
        }
      ],
      "diff_acoustic_entropy": 4.081994533538818,
      "sn": 6
    },
    {
      "acoustic_entropy": 10.123310089111328,
      "acoustic_entropy_mono": 10.456046104431152,
      "band_eliminated_acoustic_entropies": [
        {
          "acoustic_entropy": 10.09695816040039,
          "acoustic_entropy_side": 10.122901916503906,
          "hz": 129.47220167065723
        },
        {
          "acoustic_entropy": 10.069981575012207,
          "acoustic_entropy_side": 10.105522155761719,
          "hz": 202.92927478742237
        },
        {
          "acoustic_entropy": 10.599698066711426,
          "acoustic_entropy_side": 10.15090560913086,
          "hz": 282.89161906338205
        },
        {
          "acoustic_entropy": 11.59401798248291,
          "acoustic_entropy_side": 10.17343521118164,
          "hz": 369.9353335868758
        },
        {
          "acoustic_entropy": 10.126829147338867,
          "acoustic_entropy_side": 10.039926528930664,
          "hz": 464.6875360973435
        },
        {
          "acoustic_entropy": 10.982134819030762,
          "acoustic_entropy_side": 10.141378402709961,
          "hz": 567.8308811364784
        },
        {
          "acoustic_entropy": 10.409741401672363,
          "acoustic_entropy_side": 10.097970008850098,
          "hz": 680.1084783214808
        },
        {
          "acoustic_entropy": 10.45173168182373,
          "acoustic_entropy_side": 10.123124122619629,
          "hz": 802.3292461747484
        },
        {
          "acoustic_entropy": 10.54387092590332,
          "acoustic_entropy_side": 10.151440620422363,
          "hz": 935.3737400823702
        },
        {
          "acoustic_entropy": 11.223431587219238,
          "acoustic_entropy_side": 10.219635009765625,
          "hz": 1080.2004963696966
        },
        {
          "acoustic_entropy": 10.467728614807129,
          "acoustic_entropy_side": 10.114970207214355,
          "hz": 1237.8529382007157
        },
        {
          "acoustic_entropy": 10.823086738586426,
          "acoustic_entropy_side": 10.21272087097168,
          "hz": 1409.4668930556702
        },
        {
          "acoustic_entropy": 10.191291809082031,
          "acoustic_entropy_side": 10.291295051574707,
          "hz": 1596.2787759475705
        },
        {
          "acoustic_entropy": 9.770846366882324,
          "acoustic_entropy_side": 10.175557136535645,
          "hz": 1799.6344973346393
        },
        {
          "acoustic_entropy": 10.58976936340332,
          "acoustic_entropy_side": 10.296085357666016,
          "hz": 2020.9991599069049
        },
        {
          "acoustic_entropy": 9.993590354919434,
          "acoustic_entropy_side": 9.781789779663086,
          "hz": 2261.9676141086993
        },
        {
          "acoustic_entropy": 10.049066543579102,
          "acoustic_entropy_side": 10.001518249511719,
          "hz": 2524.2759484456974
        },
        {
          "acoustic_entropy": 9.813297271728516,
          "acoustic_entropy_side": 10.090331077575684,
          "hz": 2809.813997359896
        },
        {
          "acoustic_entropy": 9.932644844055176,
          "acoustic_entropy_side": 10.108871459960938,
          "hz": 3120.6389567871424
        },
        {
          "acoustic_entropy": 10.097393989562988,
          "acoustic_entropy_side": 10.194014549255371,
          "hz": 3458.990205492291
        },
        {
          "acoustic_entropy": 9.960837364196777,
          "acoustic_entropy_side": 10.12366008758545,
          "hz": 3827.305438964164
        },
        {
          "acoustic_entropy": 10.131098747253418,
          "acoustic_entropy_side": 10.134137153625488,
          "hz": 4228.238232109126
        },
        {
          "acoustic_entropy": 10.221334457397461,
          "acoustic_entropy_side": 10.138936042785645,
          "hz": 4664.6771572759235
        },
        {
          "acoustic_entropy": 10.272113800048828,
          "acoustic_entropy_side": 10.144157409667969,
          "hz": 5139.766595350093
        },
        {
          "acoustic_entropy": 10.33182144165039,
          "acoustic_entropy_side": 10.149920463562012,
          "hz": 5656.929389854203
        },
        {
          "acoustic_entropy": 10.062710762023926,
          "acoustic_entropy_side": 10.151681900024414,
          "hz": 6219.891507268283
        },
        {
          "acoustic_entropy": 10.043027877807617,
          "acoustic_entropy_side": 10.156412124633789,
          "hz": 6832.70888123896
        },
        {
          "acoustic_entropy": 10.10538387298584,
          "acoustic_entropy_side": 10.148816108703613,
          "hz": 7499.796634079867
        },
        {
          "acoustic_entropy": 10.088403701782227,
          "acoustic_entropy_side": 10.14889907836914,
          "hz": 8225.96088609342
        },
        {
          "acoustic_entropy": 9.999728202819824,
          "acoustic_entropy_side": 10.126821517944336,
          "hz": 9016.43338188839
        },
        {
          "acoustic_entropy": 10.004889488220215,
          "acoustic_entropy_side": 10.116369247436523,
          "hz": 9876.909183162974
        },
        {
          "acoustic_entropy": 10.010912895202637,
          "acoustic_entropy_side": 10.119095802307129,
          "hz": 10813.587699516042
        },
        {
          "acoustic_entropy": 10.099433898925781,
          "acoustic_entropy_side": 10.131509780883789,
          "hz": 11833.21735289826
        },
        {
          "acoustic_entropy": 10.105273246765137,
          "acoustic_entropy_side": 10.127405166625977,
          "hz": 12943.144197493959
        },
        {
          "acoustic_entropy": 10.107621192932129,
          "acoustic_entropy_side": 10.125244140625,
          "hz": 14151.364845322005
        },
        {
          "acoustic_entropy": 10.124743461608887,
          "acoustic_entropy_side": 10.126869201660156,
          "hz": 15466.58407886509
        },
        {
          "acoustic_entropy": 10.162897109985352,
          "acoustic_entropy_side": 10.13845443725586,
          "hz": 16898.27756580493
        },
        {
          "acoustic_entropy": 10.150297164916992,
          "acoustic_entropy_side": 10.13554859161377,
          "hz": 18456.760127700032
        },
        {
          "acoustic_entropy": 10.135321617126465,
          "acoustic_entropy_side": 10.128761291503906,
          "hz": 20153.260054456492
        },
        {
          "acoustic_entropy": 10.124322891235352,
          "acoustic_entropy_side": 10.123863220214844,
          "hz": 22000.00000000001
        }
      ],
      "diff_acoustic_entropy": 6.923208713531494,
      "sn": 12
    },
    {
      "acoustic_entropy": 17.495325088500977,
      "acoustic_entropy_mono": 15.818222045898438,
      "band_eliminated_acoustic_entropies": [
        {
          "acoustic_entropy": 17.16106605529785,
          "acoustic_entropy_side": 17.693349838256836,
          "hz": 129.47220167065723
        },
        {
          "acoustic_entropy": 16.743301391601562,
          "acoustic_entropy_side": 17.493000030517578,
          "hz": 202.92927478742237
        },
        {
          "acoustic_entropy": 17.18999671936035,
          "acoustic_entropy_side": 17.41337013244629,
          "hz": 282.89161906338205
        },
        {
          "acoustic_entropy": 17.80309295654297,
          "acoustic_entropy_side": 17.343732833862305,
          "hz": 369.9353335868758
        },
        {
          "acoustic_entropy": 17.505388259887695,
          "acoustic_entropy_side": 17.64532470703125,
          "hz": 464.6875360973435
        },
        {
          "acoustic_entropy": 17.322765350341797,
          "acoustic_entropy_side": 17.511507034301758,
          "hz": 567.8308811364784
        },
        {
          "acoustic_entropy": 17.08115577697754,
          "acoustic_entropy_side": 16.946941375732422,
          "hz": 680.1084783214808
        },
        {
          "acoustic_entropy": 16.687082290649414,
          "acoustic_entropy_side": 17.512174606323242,
          "hz": 802.3292461747484
        },
        {
          "acoustic_entropy": 16.77408790588379,
          "acoustic_entropy_side": 17.360149383544922,
          "hz": 935.3737400823702
        },
        {
          "acoustic_entropy": 17.477127075195312,
          "acoustic_entropy_side": 17.464881896972656,
          "hz": 1080.2004963696966
        },
        {
          "acoustic_entropy": 17.604671478271484,
          "acoustic_entropy_side": 17.721296310424805,
          "hz": 1237.8529382007157
        },
        {
          "acoustic_entropy": 17.009183883666992,
          "acoustic_entropy_side": 16.75967025756836,
          "hz": 1409.4668930556702
        },
        {
          "acoustic_entropy": 17.192689895629883,
          "acoustic_entropy_side": 17.35824203491211,
          "hz": 1596.2787759475705
        },
        {
          "acoustic_entropy": 17.276763916015625,
          "acoustic_entropy_side": 16.46991539001465,
          "hz": 1799.6344973346393
        },
        {
          "acoustic_entropy": 17.0145206451416,
          "acoustic_entropy_side": 17.298973083496094,
          "hz": 2020.9991599069049
        },
        {
          "acoustic_entropy": 16.6654109954834,
          "acoustic_entropy_side": 17.12422752380371,
          "hz": 2261.9676141086993
        },
        {
          "acoustic_entropy": 16.63284683227539,
          "acoustic_entropy_side": 16.90144157409668,
          "hz": 2524.2759484456974
        },
        {
          "acoustic_entropy": 16.818496704101562,
          "acoustic_entropy_side": 17.019664764404297,
          "hz": 2809.813997359896
        },
        {
          "acoustic_entropy": 17.117141723632812,
