{
  "acoustic_entropy": 86.1056137084961,
  "bands": [
    {
      "high_freq": 148.1999969482422,
      "loudness": -57.51802062988281,
      "loudness_range": 12.861743927001953,
      "mid_mean": -56.760013580322266,
      "mid_to_side_loudness": -16.770265579223633,
      "mid_to_side_loudness_range": 21.039644241333008,
      "side_mean": -68.31201171875
    },
    {
      "high_freq": 392.3793640136719,
      "loudness": -39.27448654174805,
      "loudness_range": 25.408857345581055,
      "low_freq": 148.1999969482422,
      "mid_mean": -35.92326736450195,
      "mid_to_side_loudness": -12.226991653442383,
      "mid_to_side_loudness_range": 20.329315185546875,
      "side_mean": -54.60421371459961
    },
    {
      "high_freq": 794.6976318359375,
      "loudness": -39.72187042236328,
      "loudness_range": 23.94302749633789,
      "low_freq": 392.3793640136719,
      "mid_mean": -36.76551818847656,
      "mid_to_side_loudness": -12.283581733703613,
      "mid_to_side_loudness_range": 21.275875091552734,
      "side_mean": -55.59373474121094
    },
    {
      "high_freq": 1457.5709228515625,
      "loudness": -43.96815872192383,
      "loudness_range": 25.894947052001953,
      "low_freq": 794.6976318359375,
      "mid_mean": -41.499324798583984,
      "mid_to_side_loudness": -11.821216583251953,
      "mid_to_side_loudness_range": 20.053112030029297,
      "side_mean": -58.42251968383789
    },
    {
      "high_freq": 2549.74365234375,
      "loudness": -51.572330474853516,
      "loudness_range": 23.203868865966797,
      "low_freq": 1457.5709228515625,
      "mid_mean": -52.51869201660156,
      "mid_to_side_loudness": -12.444487571716309,
      "mid_to_side_loudness_range": 18.97197151184082,
      "side_mean": -63.38264465332031
    },
    {
      "high_freq": 4349.24462890625,
      "loudness": -62.4031867980957,
      "loudness_range": 14.614601135253906,
      "low_freq": 2549.74365234375,
      "mid_mean": -60.495243072509766,
      "mid_to_side_loudness": -15.99733829498291,
      "mid_to_side_loudness_range": 22.208887100219727,
      "side_mean": -69.25057220458984
    },
    {
      "high_freq": 7314.1640625,
      "loudness": -71.677490234375,
      "loudness_range": 9.752052307128906,
      "low_freq": 4349.24462890625,
      "mid_mean": -66.35154724121094,
      "mid_to_side_loudness": -19.15882682800293,
      "mid_to_side_loudness_range": 30.892549514770508,
      "side_mean": -69.95887756347656
    },
    {
      "high_freq": 12199.2666015625,
      "loudness": 0,
      "loudness_range": 0,
      "low_freq": 7314.1640625,
      "mid_mean": -69.35321807861328,
      "mid_to_side_loudness": -9.962736129760742,
      "mid_to_side_loudness_range": 13.287985801696777,
      "side_mean": -69.95677185058594
    },
    {
      "loudness": 0,
      "loudness_range": 0,
      "low_freq": 12199.2666015625,
      "mid_mean": -69.60128021240234,
      "mid_to_side_loudness": -1.8597958087921143,
      "mid_to_side_loudness_range": 2.8580358028411865,
      "side_mean": -69.75679016113281
    }
  ],
  "bands_short": [
    {
      "high_freq": 148.1999969482422,
      "loudness": -60.8017463684082,
      "loudness_range": 15.091972351074219,
      "mid_mean": -59.23115539550781,
      "mid_to_side_loudness": -18.52434730529785,
      "mid_to_side_loudness_range": 24.990882873535156,
      "side_mean": -69.1226577758789
    },
    {
      "high_freq": 392.3793640136719,
      "loudness": -41.278717041015625,
      "loudness_range": 27.27228355407715,
      "low_freq": 148.1999969482422,
      "mid_mean": -38.309349060058594,
      "mid_to_side_loudness": -12.736741065979004,
      "mid_to_side_loudness_range": 21.97089958190918,
      "side_mean": -56.3768424987793
    },
    {
      "high_freq": 794.6976318359375,
      "loudness": -37.74071502685547,
      "loudness_range": 19.046268463134766,
      "low_freq": 392.3793640136719,
      "mid_mean": -34.4661750793457,
      "mid_to_side_loudness": -12.337446212768555,
      "mid_to_side_loudness_range": 22.90367889404297,
      "side_mean": -53.767765045166016
    },
    {
      "high_freq": 1457.5709228515625,
      "loudness": -45.21754837036133,
      "loudness_range": 27.082557678222656,
      "low_freq": 794.6976318359375,
      "mid_mean": -42.63077163696289,
      "mid_to_side_loudness": -11.070560455322266,
      "mid_to_side_loudness_range": 19.719125747680664,
      "side_mean": -58.82447814941406
    },
    {
      "high_freq": 2549.74365234375,
      "loudness": -52.559574127197266,
      "loudness_range": 25.435604095458984,
      "low_freq": 1457.5709228515625,
      "mid_mean": -53.33835983276367,
      "mid_to_side_loudness": -11.839716911315918,
      "mid_to_side_loudness_range": 20.146814346313477,
      "side_mean": -63.60674285888672
    },
    {
      "high_freq": 4349.24462890625,
      "loudness": -62.587554931640625,
      "loudness_range": 15.36962890625,
      "low_freq": 2549.74365234375,
      "mid_mean": -60.6534309387207,
      "mid_to_side_loudness": -15.527816772460938,
      "mid_to_side_loudness_range": 23.333171844482422,
      "side_mean": -69.19598388671875
    },
    {
      "high_freq": 7314.1640625,
      "loudness": -71.991455078125,
      "loudness_range": 9.318511962890625,
      "low_freq": 4349.24462890625,
      "mid_mean": -66.53795623779297,
      "mid_to_side_loudness": -17.3061580657959,
      "mid_to_side_loudness_range": 28.717092514038086,
      "side_mean": -69.95801544189453
    },
    {
      "high_freq": 12199.2666015625,
      "loudness": 0,
      "loudness_range": 0,
      "low_freq": 7314.1640625,
      "mid_mean": -69.3484115600586,
      "mid_to_side_loudness": -9.980069160461426,
      "mid_to_side_loudness_range": 14.038256645202637,
      "side_mean": -69.95709228515625
    },
    {
      "loudness": 0,
      "loudness_range": 0,
      "low_freq": 12199.2666015625,
      "mid_mean": -69.59931182861328,
      "mid_to_side_loudness": -1.8773772716522217,
      "mid_to_side_loudness_range": 3.652674436569214,
      "side_mean": -69.75623321533203
    }
  ],
  "bandwidth": 615.2705078125,
  "channels": 2,
  "covariance": [
    [
      56.74372100830078,
      8.85489273071289,
      23.800819396972656,
      62.2383918762207,
      7.600627899169922,
      49.87452697753906,
      14.876546859741211,
      43.20632553100586,
      69.55785369873047,
      26.644302368164062,
      39.23978042602539,
      3.2507412433624268,
      14.782540321350098,
      0.14153558015823364,
      2.426525592803955,
      0.08187311887741089,
      1.1895225048065186,
      0.6096066236495972
    ],
    [
      8.85489273071289,
      2.313189744949341,
      7.136157512664795,
      10.946928977966309,
      1.2384766340255737,
      6.660583019256592,
      3.2711355686187744,
      6.502284049987793,
      9.945595741271973,
      4.202206611633301,
      6.069308757781982,
      0.6127601265907288,
      2.1131045818328857,
      0.019618311896920204,
      0.3560059070587158,
      0.011313960887491703,
      0.16477255523204803,
      0.07804436981678009
    ],
    [
      23.800819396972656,
      7.136157512664795,
      87.3271255493164,
      66.91022491455078,
      19.483299255371094,
      19.654556274414062,
      33.840126037597656,
      22.97147560119629,
      43.05557632446289,
      19.8276309967041,
      33.93433380126953,
      4.573025703430176,
      14.655926704406738,
      0.23410341143608093,
      0.9086772203445435,
      -0.006950865034013987,
      0.20653510093688965,
      0.017203399911522865
    ],
    [
      62.2383918762207,
      10.946928977966309,
      66.91022491455078,
      107.84193420410156,
      11.761098861694336,
      67.8205795288086,
      24.954862594604492,
      60.536888122558594,
      89.3695297241211,
      40.48433303833008,
      54.605037689208984,
      6.001120567321777,
      20.236495971679688,
      0.2706938087940216,
      2.856520652770996,
      0.09344612061977386,
      1.3962810039520264,
      0.7134148478507996
    ],
    [
      7.600627899169922,
      1.2384766340255737,
      19.483299255371094,
      11.761098861694336,
      74.2166748046875,
      51.95547866821289,
      69.49988555908203,
      53.84543228149414,
      33.52859115600586,
      21.52356719970703,
      11.61336898803711,
      1.6544153690338135,
      7.504245758056641,
      0.1269339919090271,
      0.4791582226753235,
      -0.002693728543817997,
      0.14017829298973083,
      0.02950942888855934
    ],
    [
      49.87452697753906,
      6.660583019256592,
      19.654556274414062,
      67.8205795288086,
      51.95547866821289,
      97.48995971679688,
      47.265201568603516,
      81.22262573242188,
      80.58570098876953,
      39.573577880859375,
      39.56743621826172,
      3.9569146633148193,
      15.904643058776855,
      0.2162696123123169,
      2.537358283996582,
      0.08820482343435287,
      1.3201220035552979,
      0.6797841787338257
    ],
    [
      14.876546859741211,
      3.2711355686187744,
      33.840126037597656,
      24.954862594604492,
      69.49988555908203,
      47.265201568603516,
      97.03116607666016,
      65.92534637451172,
      54.4589958190918,
      35.11820983886719,
      20.9975643157959,
      3.0179970264434814,
      10.506204605102539,
      0.13286851346492767,
      0.7560610175132751,
      -0.00014875660417601466,
      0.1954837143421173,
      0.030143311247229576
    ],
    [
      43.20632553100586,
      6.502284049987793,
      22.97147560119629,
      60.536888122558594,
      53.84543228149414,
      81.22262573242188,
      65.92534637451172,
      84.60980224609375,
      77.77106475830078,
      42.00896453857422,
      37.559356689453125,
      4.326505661010742,
      14.969330787658691,
      0.18813839554786682,
      2.224243402481079,
      0.07180027663707733,
      1.0950582027435303,
      0.5526026487350464
    ],
    [
      69.55785369873047,
      9.945595741271973,
      43.05557632446289,
      89.3695297241211,
      33.52859115600586,
      80.58570098876953,
      54.4589958190918,
      77.77106475830078,
      124.18264770507812,
      58.360897064208984,
      63.18195343017578,
      6.5694074630737305,
      24.28841209411621,
      0.26169437170028687,
      3.220332145690918,
      0.10215592384338379,
      1.5803817510604858,
      0.8182218670845032
    ],
    [
      26.644302368164062,
      4.202206611633301,
      19.8276309967041,
      40.48433303833008,
      21.52356719970703,
      39.573577880859375,
      35.11820983886719,
      42.00896453857422,
      58.360897064208984,
      35.28583908081055,
      27.115787506103516,
      3.7258100509643555,
      9.397521018981934,
      0.12052486091852188,
      1.2517420053482056,
      0.039879150688648224,
      0.618922233581543,
      0.3172759413719177
    ],
    [
      39.23978042602539,
      6.069308757781982,
      33.93433380126953,
      54.605037689208984,
      11.61336898803711,
      39.56743621826172,
      20.9975643157959,
      37.559356689453125,
      63.18195343017578,
      27.115787506103516,
      38.04318618774414,
      4.168200969696045,
      15.366727828979492,
      0.18518021702766418,
      1.8117984533309937,
      0.05325346440076828,
      0.8612497448921204,
      0.4382849633693695
    ],
    [
      3.2507412433624268,
      0.6127601265907288,
      4.573025703430176,
      6.001120567321777,
      1.6544153690338135,
      3.9569146633148193,
      3.0179970264434814,
      4.326505661010742,
      6.5694074630737305,
      3.7258100509643555,
      4.168200969696045,
      0.9061218500137329,
      1.612017035484314,
      0.03441181406378746,
      0.15255002677440643,
      0.004280332010239363,
      0.0702933743596077,
      0.03547261655330658
    ],
    [
      14.782540321350098,
      2.1131045818328857,
      14.655926704406738,
      20.236495971679688,
      7.504245758056641,
      15.904643058776855,
      10.506204605102539,
      14.969330787658691,
      24.28841209411621,
      9.397521018981934,
      15.366727828979492,
      1.612017035484314,
      8.081939697265625,
      0.10340939462184906,
      0.6981872916221619,
      0.016789739951491356,
      0.32418957352638245,
      0.16334211826324463
    ],
    [
      0.14153558015823364,
      0.019618311896920204,
      0.23410341143608093,
      0.2706938087940216,
      0.1269339919090271,
      0.2162696123123169,
      0.13286851346492767,
      0.18813839554786682,
      0.26169437170028687,
      0.12052486091852188,
      0.18518021702766418,
      0.03441181406378746,
      0.10340939462184906,
      0.0032059939112514257,
      0.006409282796084881,
      0.00016559592040721327,
      0.0033030949998646975,
      0.0019334763055667281
    ],
    [
      2.426525592803955,
      0.3560059070587158,
      0.9086772203445435,
      2.856520652770996,
      0.4791582226753235,
      2.537358283996582,
      0.7560610175132751,
      2.224243402481079,
      3.220332145690918,
      1.2517420053482056,
      1.8117984533309937,
      0.15255002677440643,
      0.6981872916221619,
      0.006409282796084881,
      0.11810654401779175,
      0.003921148832887411,
      0.05746139958500862,
      0.02906779572367668
    ],
    [
      0.08187311887741089,
      0.011313960887491703,
      -0.006950865034013987,
      0.09344612061977386,
      -0.002693728543817997,
      0.08820482343435287,
      -0.00014875660417601466,
      0.07180027663707733,
      0.10215592384338379,
      0.039879150688648224,
      0.05325346440076828,
      0.004280332010239363,
      0.016789739951491356,
      0.00016559592040721327,
      0.003921148832887411,
      0.00020247921929694712,
      0.0022641210816800594,
      0.0013063838705420494
    ],
    [
      1.1895225048065186,
      0.16477255523204803,
      0.20653510093688965,
      1.3962810039520264,
      0.14017829298973083,
      1.3201220035552979,
      0.1954837143421173,
      1.0950582027435303,
      1.5803817510604858,
      0.618922233581543,
      0.8612497448921204,
      0.0702933743596077,
      0.32418957352638245,
      0.0033030949998646975,
      0.05746139958500862,
      0.0022641210816800594,
      0.031033633276820183,
      0.01660391502082348
    ],
    [
      0.6096066236495972,
      0.07804436981678009,
      0.017203399911522865,
      0.7134148478507996,
      0.02950942888855934,
      0.6797841787338257,
      0.030143311247229576,
      0.5526026487350464,
      0.8182218670845032,
      0.3172759413719177,
      0.4382849633693695,
      0.03547261655330658,
      0.16334211826324463,
      0.0019334763055667281,
      0.02906779572367668,
      0.0013063838705420494,
      0.01660391502082348,
      0.009603278711438179
    ]
  ],
  "covariance_short": [
    [
      46.34382629394531,
      3.6436727046966553,
      21.244714736938477,
      47.39697265625,
      8.348783493041992,
      46.09733963012695,
      13.166596412658691,
      33.68720626831055,
      55.12319564819336,
      20.775617599487305,
      31.97711181640625,
      2.7654833793640137,
      11.540654182434082,
      0.12119824439287186,
      2.017366647720337,
      0.06651780009269714,
      0.9772354960441589,
      0.5016489624977112
    ],
    [
      3.6436727046966553,
      0.9757304191589355,
      2.3860514163970947,
      4.55035400390625,
      0.8743718266487122,
      3.803020477294922,
      1.8730393648147583,
      3.0695960521698,
      4.851424217224121,
      2.191297769546509,
      2.83221435546875,
      0.32022950053215027,
      0.9638726711273193,
      0.010387861169874668,
      0.17777559161186218,
      0.005762936547398567,
      0.08563263714313507,
      0.038852281868457794
    ],
    [
      21.244714736938477,
      2.3860514163970947,
      101.29541778564453,
      70.94293212890625,
      33.85673522949219,
      29.109655380249023,
      40.84141159057617,
      26.846256256103516,
      50.63520812988281,
      22.874296188354492,
      38.3304443359375,
      5.729310035705566,
      14.771844863891602,
      0.24281951785087585,
      1.017164707183838,
      -0.009111594408750534,
      0.22988896071910858,
      0.021563714370131493
    ],
    [
      47.39697265625,
      4.55035400390625,
      70.94293212890625,
      98.22573852539062,
      23.21166229248047,
      75.49097442626953,
      27.619598388671875,
      54.24024200439453,
      81.17092895507812,
      36.778465270996094,
      51.37852096557617,
      6.3022308349609375,
      17.763830184936523,
      0.25722306966781616,
      2.6414058208465576,
      0.0806673914194107,
      1.2572436332702637,
      0.6327114105224609
    ],
    [
      8.348783493041992,
      0.8743718266487122,
      33.85673522949219,
      23.21166229248047,
      54.710594177246094,
      34.69040298461914,
      54.62184524536133,
      40.02783966064453,
      28.78373146057129,
      16.68084716796875,
      14.735347747802734,
      2.0060322284698486,
      7.186886787414551,
      0.1278369426727295,
      0.5641188621520996,
      -0.0050085908733308315,
      0.14794202148914337,
      0.017471561208367348
    ],
    [
      46.09733963012695,
      3.803020477294922,
      29.109655380249023,
      75.49097442626953,
      34.69040298461914,
      101.44589233398438,
      37.933380126953125,
      77.23165130615234,
      81.09365844726562,
      38.720001220703125,
      43.988216400146484,
      4.845319747924805,
      15.81298828125,
      0.23353974521160126,
      2.8181967735290527,
      0.09779224544763565,
      1.465137004852295,
      0.7515893578529358
    ],
    [
      13.166596412658691,
      1.8730393648147583,
      40.84141159057617,
      27.619598388671875,
      54.62184524536133,
      37.933380126953125,
      99.95453643798828,
      63.594581604003906,
      54.80666732788086,
      33.49325180053711,
      23.981698989868164,
      3.987962245941162,
      10.21937084197998,
      0.15570741891860962,
      0.8321481943130493,
      -0.0010405529756098986,
      0.1963253915309906,
      0.03627890720963478
    ],
    [
      33.68720626831055,
      3.0695960521698,
      26.846256256103516,
      54.24024200439453,
      40.02783966064453,
      77.23165130615234,
      63.594581604003906,
      84.77869415283203,
      70.66551208496094,
      39.795719146728516,
      35.12065505981445,
      5.005642414093018,
      12.746167182922363,
      0.20052893459796906,
      2.1491711139678955,
      0.06827718019485474,
      1.0560345649719238,
      0.5339915752410889
    ],
    [
      55.12319564819336,
      4.851424217224121,
      50.63520812988281,
      81.17092895507812,
      28.78373146057129,
      81.09365844726562,
      54.80666732788086,
      70.66551208496094,
      121.21986389160156,
      54.19786071777344,
      62.74129867553711,
      6.748960971832275,
      22.97994041442871,
      0.25573569536209106,
      3.1852498054504395,
      0.09592752903699875,
      1.5292539596557617,
      0.7875046133995056
    ],
    [
      20.775617599487305,
      2.191297769546509,
      22.874296188354492,
      36.778465270996094,
      16.68084716796875,
      38.720001220703125,
      33.49325180053711,
      39.795719146728516,
      54.19786071777344,
      34.86640930175781,
      25.44237518310547,
      4.010168075561523,
      8.24012565612793,
      0.12440989166498184,
      1.194881796836853,
      0.03694089874625206,
      0.5981907844543457,
      0.3041624128818512
    ],
    [
      31.97711181640625,
      2.83221435546875,
      38.3304443359375,
      51.37852096557617,
      14.735347747802734,
      43.988216400146484,
      23.981698989868164,
      35.12065505981445,
      62.74129867553711,
      25.44237518310547,
      39.18018341064453,
      4.174648284912109,
      15.238274574279785,
      0.18283711373806,
      1.8857734203338623,
      0.05163228511810303,
      0.8676366209983826,
      0.4398263394832611
    ],
    [
      2.7654833793640137,
      0.32022950053215027,
      5.729310035705566,
      6.3022308349609375,
      2.0060322284698486,
      4.845319747924805,
      3.987962245941162,
      5.005642414093018,
      6.748960971832275,
      4.010168075561523,
      4.174648284912109,
      1.1228886842727661,
      1.5353643894195557,
      0.036906275898218155,
      0.15613490343093872,
      0.004617306869477034,
      0.07670815289020538,
      0.03778184950351715
    ],
    [
      11.540654182434082,
      0.9638726711273193,
      14.771844863891602,
      17.763830184936523,
      7.186886787414551,
      15.81298828125,
      10.21937084197998,
      12.746167182922363,
      22.97994041442871,
      8.24012565612793,
      15.238274574279785,
      1.5353643894195557,
      8.068131446838379,
      0.09488697350025177,
      0.7601717710494995,
      0.0159686841070652,
      0.3242754638195038,
      0.16285158693790436
    ],
    [
      0.12119824439287186,
      0.010387861169874668,
      0.24281951785087585,
      0.25722306966781616,
      0.1278369426727295,
      0.23353974521160126,
      0.15570741891860962,
      0.20052893459796906,
      0.25573569536209106,
      0.12440989166498184,
      0.18283711373806,
      0.036906275898218155,
      0.09488697350025177,
      0.004469078034162521,
      0.005947494879364967,
      0.0001678373955655843,
      0.0033417956437915564,
      0.0019682510755956173
    ],
    [
      2.017366647720337,
      0.17777559161186218,
      1.017164707183838,
      2.6414058208465576,
      0.5641188621520996,
      2.8181967735290527,
      0.8321481943130493,
      2.1491711139678955,
      3.1852498054504395,
      1.194881796836853,
      1.8857734203338623,
      0.15613490343093872,
      0.7601717710494995,
      0.005947494879364967,
      0.13882490992546082,
      0.0038567674346268177,
      0.05933995917439461,
      0.029730724170804024
    ],
    [
      0.06651780009269714,
      0.005762936547398567,
      -0.009111594408750534,
      0.0806673914194107,
      -0.0050085908733308315,
      0.09779224544763565,
      -0.0010405529756098986,
      0.06827718019485474,
      0.09592752903699875,
      0.03694089874625206,
      0.05163228511810303,
      0.004617306869477034,
      0.0159686841070652,
      0.0001678373955655843,
      0.0038567674346268177,
      0.00021552304679062217,
      0.002230764599516988,
      0.001281156437471509
    ],
    [
      0.9772354960441589,
      0.08563263714313507,
      0.22988896071910858,
      1.2572436332702637,
      0.14794202148914337,
      1.465137004852295,
      0.1963253915309906,
      1.0560345649719238,
      1.5292539596557617,
      0.5981907844543457,
      0.8676366209983826,
      0.07670815289020538,
      0.3242754638195038,
      0.0033417956437915564,
      0.05933995917439461,
      0.002230764599516988,
      0.03324771299958229,
      0.016854889690876007
    ],
    [
      0.5016489624977112,
      0.038852281868457794,
      0.021563714370131493,
      0.6327114105224609,
      0.017471561208367348,
      0.7515893578529358,
      0.03627890720963478,
      0.5339915752410889,
      0.7875046133995056,
      0.3041624128818512,
      0.4398263394832611,
      0.03778184950351715,
      0.16285158693790436,
      0.0019682510755956173,
      0.029730724170804024,
      0.001281156437471509,
      0.016854889690876007,
      0.010617307387292385
    ]
  ],
  "damage": -20.19622039794922,
  "diff_bandwidth": 635.5572509765625,
  "dissonance": 4.419573216925614,
  "drr": 4.054693222045898,
  "dynamics": 5.337177276611328,
  "format": 1245190,
  "frames": 1365952,
  "loudness": -29.136995315551758,
  "loudness_range": 14.854429244995117,
  "loudness_range_short": 17.92464256286621,
  "lowpass_true_peak_15khz": -12.15021800994873,
  "mastering3_acoustic_entropies": [
    {
      "acoustic_entropy": 7.735764503479004,
      "acoustic_entropy_mono": 7.6914801597595215,
      "band_eliminated_acoustic_entropies": [
        {
          "acoustic_entropy": 7.735533714294434,
          "acoustic_entropy_side": 7.735764026641846,
          "hz": 129.47220167065723
        },
        {
          "acoustic_entropy": 7.689976215362549,
          "acoustic_entropy_side": 7.735688209533691,
          "hz": 202.92927478742237
        },
        {
          "acoustic_entropy": 7.924080848693848,
          "acoustic_entropy_side": 7.736018180847168,
          "hz": 282.89161906338205
        },
        {
          "acoustic_entropy": 8.341475486755371,
          "acoustic_entropy_side": 7.740542888641357,
          "hz": 369.9353335868758
        },
        {
          "acoustic_entropy": 7.019500732421875,
          "acoustic_entropy_side": 7.76353120803833,
          "hz": 464.6875360973435
        },
        {
          "acoustic_entropy": 7.813333988189697,
          "acoustic_entropy_side": 7.729415416717529,
          "hz": 567.8308811364784
        },
        {
          "acoustic_entropy": 7.667977333068848,
          "acoustic_entropy_side": 7.744317054748535,
          "hz": 680.1084783214808
        },
        {
          "acoustic_entropy": 7.198105812072754,
          "acoustic_entropy_side": 7.770107746124268,
          "hz": 802.3292461747484
        },
        {
          "acoustic_entropy": 8.243468284606934,
          "acoustic_entropy_side": 7.728642463684082,
          "hz": 935.3737400823702
        },
        {
          "acoustic_entropy": 7.635633945465088,
          "acoustic_entropy_side": 7.621764183044434,
          "hz": 1080.2004963696966
        },
        {
          "acoustic_entropy": 8.315370559692383,
          "acoustic_entropy_side": 7.723965167999268,
          "hz": 1237.8529382007157
        },
        {
          "acoustic_entropy": 7.888344764709473,
          "acoustic_entropy_side": 7.737748146057129,
          "hz": 1409.4668930556702
        },
        {
          "acoustic_entropy": 8.090706825256348,
          "acoustic_entropy_side": 7.737203598022461,
          "hz": 1596.2787759475705
        },
        {
          "acoustic_entropy": 7.611265182495117,
          "acoustic_entropy_side": 7.737522602081299,
          "hz": 1799.6344973346393
        },
        {
          "acoustic_entropy": 7.837959289550781,
          "acoustic_entropy_side": 7.736157417297363,
          "hz": 2020.9991599069049
        },
        {
          "acoustic_entropy": 7.894913673400879,
          "acoustic_entropy_side": 7.735811233520508,
          "hz": 2261.9676141086993
        },
        {
          "acoustic_entropy": 7.731601238250732,
          "acoustic_entropy_side": 7.735722064971924,
          "hz": 2524.2759484456974
        },
        {
          "acoustic_entropy": 7.7428669929504395,
          "acoustic_entropy_side": 7.735771179199219,
          "hz": 2809.813997359896
        },
        {
          "acoustic_entropy": 7.7312912940979,
          "acoustic_entropy_side": 7.735763072967529,
          "hz": 3120.6389567871424
        },
        {
          "acoustic_entropy": 7.7360944747924805,
          "acoustic_entropy_side": 7.735764503479004,
          "hz": 3458.990205492291
        },
        {
          "acoustic_entropy": 7.736146450042725,
          "acoustic_entropy_side": 7.735764503479004,
          "hz": 3827.305438964164
        },
        {
          "acoustic_entropy": 7.735848903656006,
          "acoustic_entropy_side": 7.735764503479004,
          "hz": 4228.238232109126
        },
        {
          "acoustic_entropy": 7.738996982574463,
          "acoustic_entropy_side": 7.735764503479004,
          "hz": 4664.6771572759235
        },
        {
          "acoustic_entropy": 7.735754013061523,
          "acoustic_entropy_side": 7.735764503479004,
          "hz": 5139.766595350093
        },
        {
          "acoustic_entropy": 7.73576545715332,
          "acoustic_entropy_side": 7.735764503479004,
          "hz": 5656.929389854203
        },
        {
          "acoustic_entropy": 7.735774993896484,
          "acoustic_entropy_side": 7.735764503479004,
          "hz": 6219.891507268283
        },
        {
          "acoustic_entropy": 7.735761642456055,
          "acoustic_entropy_side": 7.735764503479004,
          "hz": 6832.70888123896
        },
        {
          "acoustic_entropy": 7.735970973968506,
          "acoustic_entropy_side": 7.735764503479004,
          "hz": 7499.796634079867
        },
        {
          "acoustic_entropy": 7.7358527183532715,
          "acoustic_entropy_side": 7.735764503479004,
          "hz": 8225.96088609342
        },
        {
          "acoustic_entropy": 7.735764026641846,
          "acoustic_entropy_side": 7.735764503479004,
          "hz": 9016.43338188839
        },
        {
          "acoustic_entropy": 7.735764503479004,
          "acoustic_entropy_side": 7.735764503479004,
          "hz": 9876.909183162974
        },
        {
          "acoustic_entropy": 7.735764503479004,
          "acoustic_entropy_side": 7.735764503479004,
          "hz": 10813.587699516042
        },
        {
          "acoustic_entropy": 7.735764503479004,
          "acoustic_entropy_side": 7.735764503479004,
          "hz": 11833.21735289826
        },
        {
          "acoustic_entropy": 7.735764503479004,
          "acoustic_entropy_side": 7.735764503479004,
          "hz": 12943.144197493959
        },
        {
          "acoustic_entropy": 7.735764503479004,
          "acoustic_entropy_side": 7.735764503479004,
          "hz": 14151.364845322005
        },
        {
          "acoustic_entropy": 7.735764503479004,
          "acoustic_entropy_side": 7.735764503479004,
          "hz": 15466.58407886509
        },
        {
          "acoustic_entropy": 7.735764503479004,
          "acoustic_entropy_side": 7.735764503479004,
          "hz": 16898.27756580493
        },
        {
          "acoustic_entropy": 7.735764503479004,
          "acoustic_entropy_side": 7.735764503479004,
          "hz": 18456.760127700032
        },
        {
          "acoustic_entropy": 7.735764503479004,
          "acoustic_entropy_side": 7.735764503479004,
          "hz": 20153.260054456492
        },
        {
          "acoustic_entropy": 7.735764503479004,
          "acoustic_entropy_side": 7.735764503479004,
          "hz": 22000.00000000001
        }
      ],
      "diff_acoustic_entropy": 4.04727840423584,
      "sn": 6
    },
    {
      "acoustic_entropy": 9.95296573638916,
      "acoustic_entropy_mono": 10.86095905303955,
      "band_eliminated_acoustic_entropies": [
        {
          "acoustic_entropy": 9.955307960510254,
          "acoustic_entropy_side": 9.952964782714844,
          "hz": 129.47220167065723
        },
        {
          "acoustic_entropy": 9.987808227539062,
          "acoustic_entropy_side": 9.952722549438477,
          "hz": 202.92927478742237
        },
        {
          "acoustic_entropy": 10.455910682678223,
          "acoustic_entropy_side": 9.943490982055664,
          "hz": 282.89161906338205
        },
        {
          "acoustic_entropy": 9.959968566894531,
          "acoustic_entropy_side": 9.942703247070312,
          "hz": 369.9353335868758
        },
        {
          "acoustic_entropy": 10.176897048950195,
          "acoustic_entropy_side": 10.319666862487793,
          "hz": 464.6875360973435
        },
        {
          "acoustic_entropy": 10.30765438079834,
          "acoustic_entropy_side": 10.264182090759277,
          "hz": 567.8308811364784
        },
        {
          "acoustic_entropy": 10.161468505859375,
          "acoustic_entropy_side": 10.258522033691406,
          "hz": 680.1084783214808
        },
        {
          "acoustic_entropy": 9.529979705810547,
          "acoustic_entropy_side": 10.068236351013184,
          "hz": 802.3292461747484
        },
        {
          "acoustic_entropy": 10.046364784240723,
          "acoustic_entropy_side": 10.0972900390625,
          "hz": 935.3737400823702
        },
        {
          "acoustic_entropy": 10.214495658874512,
          "acoustic_entropy_side": 10.520674705505371,
          "hz": 1080.2004963696966
        },
        {
          "acoustic_entropy": 10.622844696044922,
          "acoustic_entropy_side": 10.32851791381836,
          "hz": 1237.8529382007157
        },
        {
          "acoustic_entropy": 10.111193656921387,
          "acoustic_entropy_side": 9.946443557739258,
          "hz": 1409.4668930556702
        },
        {
          "acoustic_entropy": 10.045785903930664,
          "acoustic_entropy_side": 9.947568893432617,
          "hz": 1596.2787759475705
        },
        {
          "acoustic_entropy": 9.355368614196777,
          "acoustic_entropy_side": 9.966413497924805,
          "hz": 1799.6344973346393
        },
        {
          "acoustic_entropy": 9.804503440856934,
          "acoustic_entropy_side": 9.950666427612305,
          "hz": 2020.9991599069049
        },
        {
          "acoustic_entropy": 9.879108428955078,
          "acoustic_entropy_side": 9.951546669006348,
          "hz": 2261.9676141086993
        },
        {
          "acoustic_entropy": 10.159531593322754,
          "acoustic_entropy_side": 9.952932357788086,
          "hz": 2524.2759484456974
        },
        {
          "acoustic_entropy": 9.944474220275879,
          "acoustic_entropy_side": 9.952966690063477,
          "hz": 2809.813997359896
        },
        {
          "acoustic_entropy": 9.952178955078125,
          "acoustic_entropy_side": 9.952948570251465,
          "hz": 3120.6389567871424
        },
        {
          "acoustic_entropy": 9.948864936828613,
          "acoustic_entropy_side": 9.952962875366211,
          "hz": 3458.990205492291
        },
        {
          "acoustic_entropy": 9.949751853942871,
          "acoustic_entropy_side": 9.952964782714844,
          "hz": 3827.305438964164
        },
        {
          "acoustic_entropy": 9.950878143310547,
          "acoustic_entropy_side": 9.95296573638916,
          "hz": 4228.238232109126
        },
        {
          "acoustic_entropy": 9.96249008178711,
          "acoustic_entropy_side": 9.95297622680664,
          "hz": 4664.6771572759235
        },
        {
          "acoustic_entropy": 9.951876640319824,
          "acoustic_entropy_side": 9.95296573638916,
          "hz": 5139.766595350093
        },
        {
          "acoustic_entropy": 9.952363014221191,
          "acoustic_entropy_side": 9.95296573638916,
          "hz": 5656.929389854203
        },
        {
          "acoustic_entropy": 9.952470779418945,
          "acoustic_entropy_side": 9.95296573638916,
          "hz": 6219.891507268283
        },
        {
          "acoustic_entropy": 9.952948570251465,
          "acoustic_entropy_side": 9.95296573638916,
          "hz": 6832.70888123896
        },
        {
          "acoustic_entropy": 9.953871726989746,
          "acoustic_entropy_side": 9.95296573638916,
          "hz": 7499.796634079867
        },
        {
          "acoustic_entropy": 9.953474044799805,
          "acoustic_entropy_side": 9.95296573638916,
          "hz": 8225.96088609342
        },
        {
          "acoustic_entropy": 9.952969551086426,
          "acoustic_entropy_side": 9.95296573638916,
          "hz": 9016.43338188839
        },
        {
          "acoustic_entropy": 9.952966690063477,
          "acoustic_entropy_side": 9.95296573638916,
          "hz": 9876.909183162974
        },
        {
          "acoustic_entropy": 9.952964782714844,
          "acoustic_entropy_side": 9.95296573638916,
          "hz": 10813.587699516042
        },
        {
          "acoustic_entropy": 9.95296573638916,
          "acoustic_entropy_side": 9.95296573638916,
          "hz": 11833.21735289826
        },
        {
          "acoustic_entropy": 9.952966690063477,
          "acoustic_entropy_side": 9.95296573638916,
          "hz": 12943.144197493959
        },
        {
          "acoustic_entropy": 9.952966690063477,
          "acoustic_entropy_side": 9.95296573638916,
          "hz": 14151.364845322005
        },
        {
          "acoustic_entropy": 9.952966690063477,
          "acoustic_entropy_side": 9.95296573638916,
          "hz": 15466.58407886509
        },
        {
          "acoustic_entropy": 9.952966690063477,
          "acoustic_entropy_side": 9.95296573638916,
          "hz": 16898.27756580493
        },
        {
          "acoustic_entropy": 9.95296573638916,
          "acoustic_entropy_side": 9.952966690063477,
          "hz": 18456.760127700032
        },
        {
          "acoustic_entropy": 9.95296573638916,
          "acoustic_entropy_side": 9.952966690063477,
          "hz": 20153.260054456492
        },
        {
          "acoustic_entropy": 9.95296573638916,
          "acoustic_entropy_side": 9.95296573638916,
          "hz": 22000.00000000001
        }
      ],
      "diff_acoustic_entropy": 5.297717094421387,
      "sn": 12
    },
    {
      "acoustic_entropy": 13.858380317687988,
      "acoustic_entropy_mono": 12.404250144958496,
      "band_eliminated_acoustic_entropies": [
        {
          "acoustic_entropy": 13.895256042480469,
          "acoustic_entropy_side": 13.858430862426758,
          "hz": 129.47220167065723
        },
        {
          "acoustic_entropy": 13.814345359802246,
          "acoustic_entropy_side": 13.841094017028809,
          "hz": 202.92927478742237
        },
        {
          "acoustic_entropy": 14.172032356262207,
          "acoustic_entropy_side": 13.725502014160156,
          "hz": 282.89161906338205
        },
        {
          "acoustic_entropy": 14.11304759979248,
          "acoustic_entropy_side": 13.961214065551758,
          "hz": 369.9353335868758
        },
        {
          "acoustic_entropy": 13.630515098571777,
          "acoustic_entropy_side": 14.438614845275879,
          "hz": 464.6875360973435
        },
        {
          "acoustic_entropy": 14.231609344482422,
          "acoustic_entropy_side": 14.361849784851074,
          "hz": 567.8308811364784
        },
        {
          "acoustic_entropy": 14.411540031433105,
          "acoustic_entropy_side": 13.855216026306152,
          "hz": 680.1084783214808
        },
        {
          "acoustic_entropy": 14.469072341918945,
          "acoustic_entropy_side": 14.239213943481445,
          "hz": 802.3292461747484
        },
        {
          "acoustic_entropy": 14.43712329864502,
          "acoustic_entropy_side": 13.863781929016113,
          "hz": 935.3737400823702
        },
        {
          "acoustic_entropy": 13.629416465759277,
          "acoustic_entropy_side": 13.380565643310547,
          "hz": 1080.2004963696966
        },
        {
          "acoustic_entropy": 14.740979194641113,
          "acoustic_entropy_side": 14.222500801086426,
          "hz": 1237.8529382007157
        },
        {
          "acoustic_entropy": 14.479154586791992,
          "acoustic_entropy_side": 14.020750999450684,
          "hz": 1409.4668930556702
        },
        {
          "acoustic_entropy": 13.801386833190918,
          "acoustic_entropy_side": 13.648674011230469,
          "hz": 1596.2787759475705
        },
        {
          "acoustic_entropy": 13.923203468322754,
          "acoustic_entropy_side": 13.845990180969238,
          "hz": 1799.6344973346393
        },
        {
          "acoustic_entropy": 14.076030731201172,
          "acoustic_entropy_side": 13.833465576171875,
          "hz": 2020.9991599069049
        },
        {
          "acoustic_entropy": 14.09718132019043,
          "acoustic_entropy_side": 13.89991569519043,
          "hz": 2261.9676141086993
        },
        {
          "acoustic_entropy": 14.031769752502441,
          "acoustic_entropy_side": 13.899383544921875,
          "hz": 2524.2759484456974
        },
        {
          "acoustic_entropy": 13.866460800170898,
