{
  "acoustic_entropy": 204.9806671142578,
  "bands": [
    {
      "high_freq": 148.1999969482422,
      "loudness": -45.94074249267578,
      "loudness_range": 34.425376892089844,
      "mid_mean": -42.94343948364258,
      "mid_to_side_loudness": -8.99946117401123,
      "mid_to_side_loudness_range": 11.136419296264648,
      "side_mean": -51.746700286865234
    },
    {
      "high_freq": 392.3793640136719,
      "loudness": -33.68635177612305,
      "loudness_range": 29.39174461364746,
      "low_freq": 148.1999969482422,
      "mid_mean": -30.95416259765625,
      "mid_to_side_loudness": -8.298283576965332,
      "mid_to_side_loudness_range": 11.400111198425293,
      "side_mean": -39.88884735107422
    },
    {
      "high_freq": 794.6976318359375,
      "loudness": -31.312902450561523,
      "loudness_range": 22.089853286743164,
      "low_freq": 392.3793640136719,
      "mid_mean": -28.263565063476562,
      "mid_to_side_loudness": -8.69561767578125,
      "mid_to_side_loudness_range": 11.257345199584961,
      "side_mean": -37.45647430419922
    },
    {
      "high_freq": 1457.5709228515625,
      "loudness": -35.71722412109375,
      "loudness_range": 24.75911521911621,
      "low_freq": 794.6976318359375,
      "mid_mean": -32.807044982910156,
      "mid_to_side_loudness": -8.747584342956543,
      "mid_to_side_loudness_range": 10.468530654907227,
      "side_mean": -41.741615295410156
    },
    {
      "high_freq": 2549.74365234375,
      "loudness": -37.836429595947266,
      "loudness_range": 23.49356460571289,
      "low_freq": 1457.5709228515625,
      "mid_mean": -34.86182403564453,
      "mid_to_side_loudness": -9.254363059997559,
      "mid_to_side_loudness_range": 12.215474128723145,
      "side_mean": -44.96797180175781
    },
    {
      "high_freq": 4349.24462890625,
      "loudness": -44.083560943603516,
      "loudness_range": 25.057584762573242,
      "low_freq": 2549.74365234375,
      "mid_mean": -40.784523010253906,
      "mid_to_side_loudness": -10.599161148071289,
      "mid_to_side_loudness_range": 13.113252639770508,
      "side_mean": -52.276756286621094
    },
    {
      "high_freq": 7314.1640625,
      "loudness": -48.124107360839844,
      "loudness_range": 27.26801300048828,
      "low_freq": 4349.24462890625,
      "mid_mean": -45.114994049072266,
      "mid_to_side_loudness": -10.7142972946167,
      "mid_to_side_loudness_range": 17.787504196166992,
      "side_mean": -55.65684127807617
    },
    {
      "high_freq": 12199.2666015625,
      "loudness": -48.86981201171875,
      "loudness_range": 21.974224090576172,
      "low_freq": 7314.1640625,
      "mid_mean": -45.999656677246094,
      "mid_to_side_loudness": -9.791193008422852,
      "mid_to_side_loudness_range": 19.181129455566406,
      "side_mean": -55.38093948364258
    },
    {
      "loudness": -50.803680419921875,
      "loudness_range": 20.406810760498047,
      "low_freq": 12199.2666015625,
      "mid_mean": -47.99431610107422,
      "mid_to_side_loudness": -8.18360710144043,
      "mid_to_side_loudness_range": 15.334108352661133,
      "side_mean": -56.31808090209961
    }
  ],
  "bands_short": [
    {
      "high_freq": 148.1999969482422,
      "loudness": -49.747215270996094,
      "loudness_range": 31.218788146972656,
      "mid_mean": -46.740638732910156,
      "mid_to_side_loudness": -9.775583267211914,
      "mid_to_side_loudness_range": 13.103202819824219,
      "side_mean": -55.96010971069336
    },
    {
      "high_freq": 392.3793640136719,
      "loudness": -34.01622772216797,
      "loudness_range": 33.06195831298828,
      "low_freq": 148.1999969482422,
      "mid_mean": -31.009225845336914,
      "mid_to_side_loudness": -8.080952644348145,
      "mid_to_side_loudness_range": 14.396147727966309,
      "side_mean": -40.28873062133789
    },
    {
      "high_freq": 794.6976318359375,
      "loudness": -31.964473724365234,
      "loudness_range": 23.759479522705078,
      "low_freq": 392.3793640136719,
      "mid_mean": -29.03813934326172,
      "mid_to_side_loudness": -8.567553520202637,
      "mid_to_side_loudness_range": 14.151357650756836,
      "side_mean": -38.06112289428711
    },
    {
      "high_freq": 1457.5709228515625,
      "loudness": -36.383880615234375,
      "loudness_range": 25.932676315307617,
      "low_freq": 794.6976318359375,
      "mid_mean": -33.538814544677734,
      "mid_to_side_loudness": -8.68075942993164,
      "mid_to_side_loudness_range": 13.209844589233398,
      "side_mean": -42.666587829589844
    },
    {
      "high_freq": 2549.74365234375,
      "loudness": -38.782318115234375,
      "loudness_range": 24.294418334960938,
      "low_freq": 1457.5709228515625,
      "mid_mean": -35.79055404663086,
      "mid_to_side_loudness": -9.38413143157959,
      "mid_to_side_loudness_range": 13.837072372436523,
      "side_mean": -46.21266174316406
    },
    {
      "high_freq": 4349.24462890625,
      "loudness": -44.69731903076172,
      "loudness_range": 26.850547790527344,
      "low_freq": 2549.74365234375,
      "mid_mean": -41.3919563293457,
      "mid_to_side_loudness": -10.618680953979492,
      "mid_to_side_loudness_range": 14.77694320678711,
      "side_mean": -52.88431167602539
    },
    {
      "high_freq": 7314.1640625,
      "loudness": -48.55607986450195,
      "loudness_range": 27.363494873046875,
      "low_freq": 4349.24462890625,
      "mid_mean": -45.526275634765625,
      "mid_to_side_loudness": -10.774882316589355,
      "mid_to_side_loudness_range": 18.007293701171875,
      "side_mean": -56.16695785522461
    },
    {
      "high_freq": 12199.2666015625,
      "loudness": -49.40037536621094,
      "loudness_range": 22.400096893310547,
      "low_freq": 7314.1640625,
      "mid_mean": -46.54419708251953,
      "mid_to_side_loudness": -9.76517105102539,
      "mid_to_side_loudness_range": 19.685997009277344,
      "side_mean": -55.94342041015625
    },
    {
      "loudness": -51.42778396606445,
      "loudness_range": 20.839248657226562,
      "low_freq": 12199.2666015625,
      "mid_mean": -48.693763732910156,
      "mid_to_side_loudness": -8.158662796020508,
      "mid_to_side_loudness_range": 15.782447814941406,
      "side_mean": -56.964195251464844
    }
  ],
  "bandwidth": 581.3564453125,
  "channels": 2,
  "covariance": [
    [
      159.54530334472656,
      161.9056854248047,
      95.00142669677734,
      93.16545867919922,
      59.84275436401367,
      59.59845733642578,
      46.462650299072266,
      45.75305938720703,
      33.862586975097656,
      37.75136184692383,
      24.945255279541016,
      32.566287994384766,
      41.50136947631836,
      30.53313636779785,
      51.71625900268555,
      35.60597229003906,
      54.1003303527832,
      39.21129608154297
    ],
    [
      161.9056854248047,
      177.9987335205078,
      92.61506652832031,
      94.08383178710938,
      65.27698516845703,
      68.83901977539062,
      51.195621490478516,
      54.086700439453125,
      39.965206146240234,
      49.656978607177734,
      31.088878631591797,
      46.463871002197266,
      47.02610778808594,
      42.675926208496094,
      56.285194396972656,
      48.2691650390625,
      61.2418098449707,
      53.624427795410156
    ],
    [
      95.00142669677734,
      92.61506652832031,
      120.83389282226562,
      97.95311737060547,
      46.37629318237305,
      35.959754943847656,
      38.63264465332031,
      28.043729782104492,
      32.03606033325195,
      22.661144256591797,
      20.986562728881836,
      16.967639923095703,
      34.16453552246094,
      12.666792869567871,
      44.12321090698242,
      13.02977180480957,
      40.261375427246094,
      12.856705665588379
    ],
    [
      93.16545867919922,
      94.08383178710938,
      97.95311737060547,
      101.09230041503906,
      40.96782684326172,
      35.83158874511719,
      36.6829948425293,
      29.751157760620117,
      27.896286010742188,
      25.524391174316406,
      18.76900291442871,
      20.808732986450195,
      32.92671585083008,
      17.38360595703125,
      41.39114761352539,
      18.847135543823242,
      39.46883773803711,
      19.581375122070312
    ],
    [
      59.84275436401367,
      65.27698516845703,
      46.37629318237305,
      40.96782684326172,
      65.61958312988281,
      58.930870056152344,
      49.811134338378906,
      47.75056457519531,
      49.86849594116211,
      46.71888732910156,
      46.8420295715332,
      41.97495651245117,
      51.10823440551758,
      34.751373291015625,
      48.851112365722656,
      33.280269622802734,
      48.67900466918945,
      34.896148681640625
    ],
    [
      59.59845733642578,
      68.83901977539062,
      35.959754943847656,
      35.83158874511719,
      58.930870056152344,
      73.1162338256836,
      48.77662658691406,
      54.202518463134766,
      42.20307540893555,
      51.14778137207031,
      44.886741638183594,
      48.18087387084961,
      47.2514762878418,
      39.249271392822266,
      45.15861129760742,
      40.0639762878418,
      46.33678436279297,
      42.81059646606445
    ],
    [
      46.462650299072266,
      51.195621490478516,
      38.63264465332031,
      36.6829948425293,
      49.811134338378906,
      48.77662658691406,
      76.49958801269531,
      68.21011352539062,
      58.717552185058594,
      55.243465423583984,
      57.3965950012207,
      46.58903121948242,
      67.79654693603516,
      42.37935256958008,
      52.924896240234375,
      32.98905944824219,
      52.503509521484375,
      36.272850036621094
    ],
    [
      45.75305938720703,
      54.086700439453125,
      28.043729782104492,
      29.751157760620117,
      47.75056457519531,
      54.202518463134766,
      68.21011352539062,
      77.52401733398438,
      52.63813018798828,
      59.965911865234375,
      51.11640548706055,
      51.178836822509766,
      60.78268814086914,
      47.03111267089844,
      47.4141731262207,
      40.32157897949219,
      49.912593841552734,
      45.405914306640625
    ],
    [
      33.862586975097656,
      39.965206146240234,
      32.03606033325195,
      27.896286010742188,
      49.86849594116211,
      42.20307540893555,
      58.717552185058594,
      52.63813018798828,
      70.09407806396484,
      60.226749420166016,
      58.93291091918945,
      46.266998291015625,
      66.23332214355469,
      42.76835250854492,
      51.421844482421875,
      33.4782829284668,
      48.89362716674805,
      34.469207763671875
    ],
    [
      37.75136184692383,
      49.656978607177734,
      22.661144256591797,
      25.524391174316406,
      46.71888732910156,
      51.14778137207031,
      55.243465423583984,
      59.965911865234375,
      60.226749420166016,
      78.67874145507812,
      56.28168487548828,
      56.14997100830078,
      64.28894805908203,
      51.15415573120117,
      51.59675979614258,
      46.048500061035156,
      51.91694641113281,
      48.31443786621094
    ],
    [
      24.945255279541016,
      31.088878631591797,
      20.986562728881836,
      18.76900291442871,
      46.8420295715332,
      44.886741638183594,
      57.3965950012207,
      51.11640548706055,
      58.93291091918945,
      56.28168487548828,
      76.85163116455078,
      57.41694259643555,
      67.82485961914062,
      42.625030517578125,
      52.518470764160156,
      34.88984298706055,
      48.72693634033203,
      34.57227325439453
    ],
    [
      32.566287994384766,
      46.463871002197266,
      16.967639923095703,
      20.808732986450195,
      41.97495651245117,
      48.18087387084961,
      46.58903121948242,
      51.178836822509766,
      46.266998291015625,
      56.14997100830078,
      57.41694259643555,
      64.7582778930664,
      56.10343933105469,
      50.69325256347656,
      45.793357849121094,
      46.98514175415039,
      45.99339294433594,
      47.70222854614258
    ],
    [
      41.50136947631836,
      47.02610778808594,
      34.16453552246094,
      32.92671585083008,
      51.10823440551758,
      47.2514762878418,
      67.79654693603516,
      60.78268814086914,
      66.23332214355469,
      64.28894805908203,
      67.82485961914062,
      56.10343933105469,
      92.68251037597656,
      54.99713134765625,
      69.7122802734375,
      41.52373504638672,
      61.46260070800781,
      40.03994369506836
    ],
    [
      30.53313636779785,
      42.675926208496094,
      12.666792869567871,
      17.38360595703125,
      34.751373291015625,
      39.249271392822266,
      42.37935256958008,
      47.03111267089844,
      42.76835250854492,
      51.15415573120117,
      42.625030517578125,
      50.69325256347656,
      54.99713134765625,
      52.07063293457031,
      42.59703826904297,
      47.30489730834961,
      40.952396392822266,
      47.12923049926758
    ],
    [
      51.71625900268555,
      56.285194396972656,
      44.12321090698242,
      41.39114761352539,
      48.851112365722656,
      45.15861129760742,
      52.924896240234375,
      47.4141731262207,
      51.421844482421875,
      51.59675979614258,
      52.518470764160156,
      45.793357849121094,
      69.7122802734375,
      42.59703826904297,
      64.24346923828125,
      38.464569091796875,
      54.92157745361328,
      35.138057708740234
    ],
    [
      35.60597229003906,
      48.2691650390625,
      13.02977180480957,
      18.847135543823242,
      33.280269622802734,
      40.0639762878418,
      32.98905944824219,
      40.32157897949219,
      33.4782829284668,
      46.048500061035156,
      34.88984298706055,
      46.98514175415039,
      41.52373504638672,
      47.30489730834961,
      38.464569091796875,
      50.930259704589844,
      36.70392990112305,
      49.20566940307617
    ],
    [
      54.1003303527832,
      61.2418098449707,
      40.261375427246094,
      39.46883773803711,
      48.67900466918945,
      46.33678436279297,
      52.503509521484375,
      49.912593841552734,
      48.89362716674805,
      51.91694641113281,
      48.72693634033203,
      45.99339294433594,
      61.46260070800781,
      40.952396392822266,
      54.92157745361328,
      36.70392990112305,
      55.947471618652344,
      38.94034957885742
    ],
    [
      39.21129608154297,
      53.624427795410156,
      12.856705665588379,
      19.581375122070312,
      34.896148681640625,
      42.81059646606445,
      36.272850036621094,
      45.405914306640625,
      34.469207763671875,
      48.31443786621094,
      34.57227325439453,
      47.70222854614258,
      40.03994369506836,
      47.12923049926758,
      35.138057708740234,
      49.20566940307617,
      38.94034957885742,
      52.875484466552734
    ]
  ],
  "covariance_short": [
    [
      120.61029815673828,
      120.98338317871094,
      86.94993591308594,
      88.88717651367188,
      47.21860885620117,
      46.25768280029297,
      41.30096435546875,
      42.311012268066406,
      27.574420928955078,
      33.177276611328125,
      18.21057891845703,
      25.489492416381836,
      30.683311462402344,
      24.770437240600586,
      39.10378646850586,
      27.517379760742188,
      44.71168899536133,
      32.42988204956055
    ],
    [
      120.98338317871094,
      137.54833984375,
      86.47193145751953,
      93.43633270263672,
      52.798370361328125,
      55.26885223388672,
      44.47499465942383,
      49.257755279541016,
      31.783349990844727,
      42.225345611572266,
      21.629152297973633,
      36.12684631347656,
      34.329002380371094,
      33.96482467651367,
      43.053890228271484,
      37.83168411254883,
      49.956138610839844,
      43.34737014770508
    ],
    [
      86.94993591308594,
      86.47193145751953,
      138.84446716308594,
      110.64054870605469,
      48.02524948120117,
      36.160980224609375,
      43.36651611328125,
      31.836679458618164,
      34.786380767822266,
      29.067235946655273,
      20.111825942993164,
      17.550214767456055,
      34.39826965332031,
      14.80882453918457,
      48.31635665893555,
      17.556978225708008,
      46.96017837524414,
      18.0008487701416
    ],
    [
      88.88717651367188,
      93.43633270263672,
      110.64054870605469,
      121.7342300415039,
      46.17903137207031,
      40.344600677490234,
      42.370025634765625,
      36.327720642089844,
      30.812156677246094,
      32.05769348144531,
      18.892141342163086,
      22.4907283782959,
      33.24501037597656,
      20.315935134887695,
      46.10430908203125,
      23.160118103027344,
      46.94151306152344,
      24.410232543945312
    ],
    [
      47.21860885620117,
      52.798370361328125,
      48.02524948120117,
      46.17903137207031,
      71.67631530761719,
      58.958351135253906,
      53.65455627441406,
      51.519718170166016,
      50.88709259033203,
      48.44247055053711,
      48.9395637512207,
      42.45055389404297,
      51.27754592895508,
      34.11307907104492,
      50.56532287597656,
      33.079368591308594,
      50.485504150390625,
      34.468238830566406
    ],
    [
      46.25768280029297,
      55.26885223388672,
      36.160980224609375,
      40.344600677490234,
      58.958351135253906,
      75.58972930908203,
      48.50419616699219,
      55.16732406616211,
      40.971275329589844,
      49.81068801879883,
      43.309967041015625,
      46.32814025878906,
      44.52274703979492,
      37.24183654785156,
      43.83903503417969,
      38.364200592041016,
      45.28269958496094,
      40.903297424316406
    ],
    [
      41.30096435546875,
      44.47499465942383,
      43.36651611328125,
      42.370025634765625,
      53.65455627441406,
      48.50419616699219,
      81.83267211914062,
      68.32864379882812,
      60.91411590576172,
      54.55817413330078,
      58.31959915161133,
      47.61179733276367,
      66.79474639892578,
      41.291324615478516,
      54.911109924316406,
      31.65995216369629,
      54.49278259277344,
      34.47325134277344
    ],
    [
      42.311012268066406,
      49.257755279541016,
      31.836679458618164,
      36.327720642089844,
      51.519718170166016,
      55.16732406616211,
      68.32864379882812,
      81.94599151611328,
      54.17097473144531,
      59.4250602722168,
      52.78436279296875,
      52.6666145324707,
      60.6744270324707,
      46.12964630126953,
      49.665592193603516,
      39.24388885498047,
      52.04374694824219,
      43.737857818603516
    ],
    [
      27.574420928955078,
      31.783349990844727,
      34.786380767822266,
      30.812156677246094,
      50.88709259033203,
      40.971275329589844,
      60.91411590576172,
      54.17097473144531,
      75.96652221679688,
      61.00144958496094,
      61.6843147277832,
      46.654212951660156,
      67.96735382080078,
      41.67831802368164,
      53.674991607666016,
      31.571409225463867,
      50.579830169677734,
      32.345462799072266
    ],
    [
      33.177276611328125,
      42.225345611572266,
      29.067235946655273,
      32.05769348144531,
      48.44247055053711,
      49.81068801879883,
      54.55817413330078,
      59.4250602722168,
      61.00144958496094,
      79.07398223876953,
      56.17881774902344,
      55.33319854736328,
      64.80301666259766,
      49.39413070678711,
      53.091243743896484,
      43.38698196411133,
      52.95927810668945,
      45.295799255371094
    ],
    [
      18.21057891845703,
      21.629152297973633,
      20.111825942993164,
      18.892141342163086,
      48.9395637512207,
      43.309967041015625,
      58.31959915161133,
      52.78436279296875,
      61.6843147277832,
      56.17881774902344,
      84.6124038696289,
      60.08803939819336,
      71.40985107421875,
      42.79922866821289,
      55.02299118041992,
      34.19845962524414,
      49.774681091308594,
      33.214298248291016
    ],
    [
      25.489492416381836,
      36.12684631347656,
      17.550214767456055,
      22.4907283782959,
      42.45055389404297,
      46.32814025878906,
      47.61179733276367,
      52.6666145324707,
      46.654212951660156,
      55.33319854736328,
      60.08803939819336,
      66.09899139404297,
      56.22559356689453,
      49.60211944580078,
      45.83742141723633,
      45.27468490600586,
      45.86711502075195,
      45.33720016479492
    ],
    [
      30.683311462402344,
      34.329002380371094,
      34.39826965332031,
      33.24501037597656,
      51.27754592895508,
      44.52274703979492,
      66.79474639892578,
      60.6744270324707,
      67.96735382080078,
      64.80301666259766,
      71.40985107421875,
      56.22559356689453,
      94.40618133544922,
      54.01337432861328,
      70.74870300292969,
      39.43205642700195,
      61.45244598388672,
      37.4873161315918
    ],
    [
      24.770437240600586,
      33.96482467651367,
      14.80882453918457,
      20.315935134887695,
      34.11307907104492,
      37.24183654785156,
      41.291324615478516,
      46.12964630126953,
      41.67831802368164,
      49.39413070678711,
      42.79922866821289,
      49.60211944580078,
      54.01337432861328,
      50.76699447631836,
      42.18145751953125,
      44.832218170166016,
      40.556617736816406,
      44.16493225097656
    ],
    [
      39.10378646850586,
      43.053890228271484,
      48.31635665893555,
      46.10430908203125,
      50.56532287597656,
      43.83903503417969,
      54.911109924316406,
      49.665592193603516,
      53.674991607666016,
      53.091243743896484,
      55.02299118041992,
      45.83742141723633,
      70.74870300292969,
      42.18145751953125,
      66.66995239257812,
      37.52497863769531,
      56.46680450439453,
      33.8157844543457
    ],
    [
      27.517379760742188,
      37.83168411254883,
      17.556978225708008,
      23.160118103027344,
      33.079368591308594,
      38.364200592041016,
      31.65995216369629,
      39.24388885498047,
      31.571409225463867,
      43.38698196411133,
      34.19845962524414,
      45.27468490600586,
      39.43205642700195,
      44.832218170166016,
      37.52497863769531,
      48.15786361694336,
      36.13515853881836,
      46.084068298339844
    ],
    [
      44.71168899536133,
      49.956138610839844,
      46.96017837524414,
      46.94151306152344,
      50.485504150390625,
      45.28269958496094,
      54.49278259277344,
      52.04374694824219,
      50.579830169677734,
      52.95927810668945,
      49.774681091308594,
      45.86711502075195,
      61.45244598388672,
      40.556617736816406,
      56.46680450439453,
      36.13515853881836,
      58.509395599365234,
      37.741634368896484
    ],
    [
      32.42988204956055,
      43.34737014770508,
      18.0008487701416,
      24.410232543945312,
      34.468238830566406,
      40.903297424316406,
      34.47325134277344,
      43.737857818603516,
      32.345462799072266,
      45.295799255371094,
      33.214298248291016,
      45.33720016479492,
      37.4873161315918,
      44.16493225097656,
      33.8157844543457,
      46.084068298339844,
      37.741634368896484,
      49.32108688354492
    ]
  ],
  "damage": -13.804893493652344,
  "diff_bandwidth": 586.2826538085938,
  "dissonance": 6.141623258010263,
  "drr": 1.6618200540542603,
  "dynamics": 5.798435211181641,
  "format": 1245190,
  "frames": 4777984,
  "loudness": -20.602096557617188,
  "loudness_range": 21.010011672973633,
  "loudness_range_short": 22.256820678710938,
  "lowpass_true_peak_15khz": 0.10468931496143341,
  "mastering3_acoustic_entropies": [
    {
      "acoustic_entropy": 8.533758163452148,
      "acoustic_entropy_mono": 9.269672393798828,
      "band_eliminated_acoustic_entropies": [
        {
          "acoustic_entropy": 8.523932456970215,
          "acoustic_entropy_side": 8.532804489135742,
          "hz": 129.47220167065723
        },
        {
          "acoustic_entropy": 8.427027702331543,
          "acoustic_entropy_side": 8.498747825622559,
          "hz": 202.92927478742237
        },
        {
          "acoustic_entropy": 8.897773742675781,
          "acoustic_entropy_side": 8.493073463439941,
          "hz": 282.89161906338205
        },
        {
          "acoustic_entropy": 8.755343437194824,
          "acoustic_entropy_side": 8.549444198608398,
          "hz": 369.9353335868758
        },
        {
          "acoustic_entropy": 8.378669738769531,
          "acoustic_entropy_side": 8.452533721923828,
          "hz": 464.6875360973435
        },
        {
          "acoustic_entropy": 9.134434700012207,
          "acoustic_entropy_side": 9.04602336883545,
          "hz": 567.8308811364784
        },
        {
          "acoustic_entropy": 8.489357948303223,
          "acoustic_entropy_side": 8.992326736450195,
          "hz": 680.1084783214808
        },
        {
          "acoustic_entropy": 8.333813667297363,
          "acoustic_entropy_side": 9.172982215881348,
          "hz": 802.3292461747484
        },
        {
          "acoustic_entropy": 8.162837028503418,
          "acoustic_entropy_side": 8.798101425170898,
          "hz": 935.3737400823702
        },
        {
          "acoustic_entropy": 8.13280200958252,
          "acoustic_entropy_side": 8.674689292907715,
          "hz": 1080.2004963696966
        },
        {
          "acoustic_entropy": 8.62350082397461,
          "acoustic_entropy_side": 8.802557945251465,
          "hz": 1237.8529382007157
        },
        {
          "acoustic_entropy": 8.508572578430176,
          "acoustic_entropy_side": 8.778035163879395,
          "hz": 1409.4668930556702
        },
        {
          "acoustic_entropy": 8.450482368469238,
          "acoustic_entropy_side": 8.507370948791504,
          "hz": 1596.2787759475705
        },
        {
          "acoustic_entropy": 8.096330642700195,
          "acoustic_entropy_side": 8.466666221618652,
          "hz": 1799.6344973346393
        },
        {
          "acoustic_entropy": 8.616508483886719,
          "acoustic_entropy_side": 8.329665184020996,
          "hz": 2020.9991599069049
        },
        {
          "acoustic_entropy": 8.918262481689453,
          "acoustic_entropy_side": 8.452893257141113,
          "hz": 2261.9676141086993
        },
        {
          "acoustic_entropy": 8.61983585357666,
          "acoustic_entropy_side": 8.504891395568848,
          "hz": 2524.2759484456974
        },
        {
          "acoustic_entropy": 8.489272117614746,
          "acoustic_entropy_side": 8.440943717956543,
          "hz": 2809.813997359896
        },
        {
          "acoustic_entropy": 8.43739128112793,
          "acoustic_entropy_side": 8.503691673278809,
          "hz": 3120.6389567871424
        },
        {
          "acoustic_entropy": 8.454915046691895,
          "acoustic_entropy_side": 8.52212142944336,
          "hz": 3458.990205492291
        },
        {
          "acoustic_entropy": 8.510849952697754,
          "acoustic_entropy_side": 8.527533531188965,
          "hz": 3827.305438964164
        },
        {
          "acoustic_entropy": 8.502243995666504,
          "acoustic_entropy_side": 8.530736923217773,
          "hz": 4228.238232109126
        },
        {
          "acoustic_entropy": 8.440385818481445,
          "acoustic_entropy_side": 8.532646179199219,
          "hz": 4664.6771572759235
        },
        {
          "acoustic_entropy": 8.538897514343262,
          "acoustic_entropy_side": 8.531813621520996,
          "hz": 5139.766595350093
        },
        {
          "acoustic_entropy": 8.717521667480469,
          "acoustic_entropy_side": 8.533295631408691,
          "hz": 5656.929389854203
        },
        {
          "acoustic_entropy": 8.692529678344727,
          "acoustic_entropy_side": 8.533194541931152,
          "hz": 6219.891507268283
        },
        {
          "acoustic_entropy": 8.700364112854004,
          "acoustic_entropy_side": 8.532115936279297,
          "hz": 6832.70888123896
        },
        {
          "acoustic_entropy": 8.736554145812988,
          "acoustic_entropy_side": 8.532400131225586,
          "hz": 7499.796634079867
        },
        {
          "acoustic_entropy": 8.665610313415527,
          "acoustic_entropy_side": 8.530672073364258,
          "hz": 8225.96088609342
        },
        {
          "acoustic_entropy": 8.651432037353516,
          "acoustic_entropy_side": 8.530925750732422,
          "hz": 9016.43338188839
        },
        {
          "acoustic_entropy": 8.628605842590332,
          "acoustic_entropy_side": 8.531777381896973,
          "hz": 9876.909183162974
        },
        {
          "acoustic_entropy": 8.516407012939453,
          "acoustic_entropy_side": 8.536476135253906,
          "hz": 10813.587699516042
        },
        {
          "acoustic_entropy": 8.537191390991211,
          "acoustic_entropy_side": 8.535977363586426,
          "hz": 11833.21735289826
        },
        {
          "acoustic_entropy": 8.518814086914062,
          "acoustic_entropy_side": 8.527424812316895,
          "hz": 12943.144197493959
        },
        {
          "acoustic_entropy": 8.540998458862305,
          "acoustic_entropy_side": 8.5305814743042,
          "hz": 14151.364845322005
        },
        {
          "acoustic_entropy": 8.544196128845215,
          "acoustic_entropy_side": 8.534656524658203,
          "hz": 15466.58407886509
        },
        {
          "acoustic_entropy": 8.539216995239258,
          "acoustic_entropy_side": 8.531142234802246,
          "hz": 16898.27756580493
        },
        {
          "acoustic_entropy": 8.54011344909668,
          "acoustic_entropy_side": 8.531463623046875,
          "hz": 18456.760127700032
        },
        {
          "acoustic_entropy": 8.53494930267334,
          "acoustic_entropy_side": 8.533623695373535,
          "hz": 20153.260054456492
        },
        {
          "acoustic_entropy": 8.534026145935059,
          "acoustic_entropy_side": 8.533802032470703,
          "hz": 22000.00000000001
        }
      ],
      "diff_acoustic_entropy": 4.324833869934082,
      "sn": 6
    },
    {
      "acoustic_entropy": 13.1100492477417,
      "acoustic_entropy_mono": 13.619176864624023,
      "band_eliminated_acoustic_entropies": [
        {
          "acoustic_entropy": 13.078392028808594,
          "acoustic_entropy_side": 13.114829063415527,
          "hz": 129.47220167065723
        },
        {
          "acoustic_entropy": 13.100201606750488,
          "acoustic_entropy_side": 12.92270565032959,
          "hz": 202.92927478742237
        },
        {
          "acoustic_entropy": 13.42836856842041,
          "acoustic_entropy_side": 13.43012523651123,
          "hz": 282.89161906338205
        },
        {
          "acoustic_entropy": 12.697481155395508,
          "acoustic_entropy_side": 12.937643051147461,
          "hz": 369.9353335868758
        },
        {
          "acoustic_entropy": 12.633132934570312,
          "acoustic_entropy_side": 13.71141529083252,
          "hz": 464.6875360973435
        },
        {
          "acoustic_entropy": 12.338200569152832,
          "acoustic_entropy_side": 13.20150375366211,
          "hz": 567.8308811364784
        },
        {
          "acoustic_entropy": 12.856088638305664,
          "acoustic_entropy_side": 13.305456161499023,
          "hz": 680.1084783214808
        },
        {
          "acoustic_entropy": 12.8284912109375,
          "acoustic_entropy_side": 13.306085586547852,
          "hz": 802.3292461747484
        },
        {
          "acoustic_entropy": 13.840934753417969,
          "acoustic_entropy_side": 13.48340129852295,
          "hz": 935.3737400823702
        },
        {
          "acoustic_entropy": 12.025822639465332,
          "acoustic_entropy_side": 13.092875480651855,
          "hz": 1080.2004963696966
        },
        {
          "acoustic_entropy": 12.907543182373047,
          "acoustic_entropy_side": 13.3804349899292,
          "hz": 1237.8529382007157
        },
        {
          "acoustic_entropy": 13.377361297607422,
          "acoustic_entropy_side": 13.423807144165039,
          "hz": 1409.4668930556702
        },
        {
          "acoustic_entropy": 12.832037925720215,
          "acoustic_entropy_side": 13.02324104309082,
          "hz": 1596.2787759475705
        },
        {
          "acoustic_entropy": 13.1747407913208,
          "acoustic_entropy_side": 12.980822563171387,
          "hz": 1799.6344973346393
        },
        {
          "acoustic_entropy": 12.557778358459473,
          "acoustic_entropy_side": 12.931405067443848,
          "hz": 2020.9991599069049
        },
        {
          "acoustic_entropy": 13.378826141357422,
          "acoustic_entropy_side": 13.076269149780273,
          "hz": 2261.9676141086993
        },
        {
          "acoustic_entropy": 12.77018928527832,
          "acoustic_entropy_side": 13.179283142089844,
          "hz": 2524.2759484456974
        },
        {
          "acoustic_entropy": 12.83653450012207,
          "acoustic_entropy_side": 13.098423957824707,
          "hz": 2809.813997359896
        },
        {
          "acoustic_entropy": 12.902377128601074,
          "acoustic_entropy_side": 13.136884689331055,
          "hz": 3120.6389567871424
        },
        {
          "acoustic_entropy": 12.838705062866211,
          "acoustic_entropy_side": 13.069896697998047,
          "hz": 3458.990205492291
        },
        {
          "acoustic_entropy": 13.09177017211914,
          "acoustic_entropy_side": 13.080159187316895,
          "hz": 3827.305438964164
        },
        {
          "acoustic_entropy": 13.003153800964355,
          "acoustic_entropy_side": 13.079832077026367,
          "hz": 4228.238232109126
        },
        {
          "acoustic_entropy": 13.037939071655273,
          "acoustic_entropy_side": 13.077747344970703,
          "hz": 4664.6771572759235
        },
        {
          "acoustic_entropy": 13.145475387573242,
          "acoustic_entropy_side": 13.069403648376465,
          "hz": 5139.766595350093
        },
        {
          "acoustic_entropy": 13.098037719726562,
          "acoustic_entropy_side": 13.092167854309082,
          "hz": 5656.929389854203
        },
        {
          "acoustic_entropy": 12.890412330627441,
          "acoustic_entropy_side": 13.085782051086426,
          "hz": 6219.891507268283
        },
        {
          "acoustic_entropy": 12.9176025390625,
          "acoustic_entropy_side": 13.08096694946289,
          "hz": 6832.70888123896
        },
        {
          "acoustic_entropy": 13.231452941894531,
          "acoustic_entropy_side": 13.077827453613281,
          "hz": 7499.796634079867
        },
        {
          "acoustic_entropy": 13.195915222167969,
          "acoustic_entropy_side": 13.070310592651367,
          "hz": 8225.96088609342
        },
        {
          "acoustic_entropy": 13.227471351623535,
          "acoustic_entropy_side": 13.067035675048828,
          "hz": 9016.43338188839
        },
        {
          "acoustic_entropy": 13.130956649780273,
          "acoustic_entropy_side": 13.074830055236816,
          "hz": 9876.909183162974
        },
        {
          "acoustic_entropy": 12.92673397064209,
          "acoustic_entropy_side": 13.03539752960205,
          "hz": 10813.587699516042
        },
        {
          "acoustic_entropy": 13.023552894592285,
          "acoustic_entropy_side": 13.080984115600586,
          "hz": 11833.21735289826
        },
        {
          "acoustic_entropy": 12.885770797729492,
          "acoustic_entropy_side": 13.049304008483887,
          "hz": 12943.144197493959
        },
        {
          "acoustic_entropy": 12.994425773620605,
          "acoustic_entropy_side": 13.07270336151123,
          "hz": 14151.364845322005
        },
        {
          "acoustic_entropy": 13.089451789855957,
          "acoustic_entropy_side": 13.095297813415527,
          "hz": 15466.58407886509
        },
        {
          "acoustic_entropy": 13.136030197143555,
          "acoustic_entropy_side": 13.074935913085938,
          "hz": 16898.27756580493
        },
        {
          "acoustic_entropy": 13.121343612670898,
          "acoustic_entropy_side": 13.080934524536133,
          "hz": 18456.760127700032
        },
        {
          "acoustic_entropy": 13.101250648498535,
          "acoustic_entropy_side": 13.10556411743164,
          "hz": 20153.260054456492
        },
        {
          "acoustic_entropy": 13.107011795043945,
          "acoustic_entropy_side": 13.1095609664917,
          "hz": 22000.00000000001
        }
      ],
      "diff_acoustic_entropy": 6.348935127258301,
      "sn": 12
    },
    {
      "acoustic_entropy": 21.398696899414062,
      "acoustic_entropy_mono": 18.90019989013672,
      "band_eliminated_acoustic_entropies": [
        {
          "acoustic_entropy": 21.37971305847168,
          "acoustic_entropy_side": 21.424955368041992,
          "hz": 129.47220167065723
        },
        {
          "acoustic_entropy": 21.456714630126953,
          "acoustic_entropy_side": 21.31905746459961,
          "hz": 202.92927478742237
        },
        {
          "acoustic_entropy": 21.34894371032715,
          "acoustic_entropy_side": 21.292808532714844,
          "hz": 282.89161906338205
        },
        {
          "acoustic_entropy": 21.956750869750977,
          "acoustic_entropy_side": 21.194660186767578,
          "hz": 369.9353335868758
        },
        {
          "acoustic_entropy": 20.673580169677734,
          "acoustic_entropy_side": 20.958377838134766,
          "hz": 464.6875360973435
        },
        {
          "acoustic_entropy": 20.966995239257812,
          "acoustic_entropy_side": 21.800722122192383,
          "hz": 567.8308811364784
        },
        {
          "acoustic_entropy": 21.231895446777344,
          "acoustic_entropy_side": 21.647119522094727,
          "hz": 680.1084783214808
        },
        {
          "acoustic_entropy": 21.012020111083984,
          "acoustic_entropy_side": 21.37071418762207,
          "hz": 802.3292461747484
        },
        {
          "acoustic_entropy": 20.359350204467773,
          "acoustic_entropy_side": 21.183259963989258,
          "hz": 935.3737400823702
        },
        {
          "acoustic_entropy": 20.67726707458496,
          "acoustic_entropy_side": 22.32455825805664,
          "hz": 1080.2004963696966
        },
        {
          "acoustic_entropy": 20.336896896362305,
          "acoustic_entropy_side": 20.959285736083984,
          "hz": 1237.8529382007157
        },
        {
          "acoustic_entropy": 21.35870361328125,
          "acoustic_entropy_side": 21.48670768737793,
          "hz": 1409.4668930556702
        },
        {
          "acoustic_entropy": 21.709430694580078,
          "acoustic_entropy_side": 20.98683738708496,
          "hz": 1596.2787759475705
        },
        {
          "acoustic_entropy": 21.704988479614258,
          "acoustic_entropy_side": 21.29258155822754,
          "hz": 1799.6344973346393
        },
        {
          "acoustic_entropy": 20.9475040435791,
          "acoustic_entropy_side": 21.590757369995117,
          "hz": 2020.9991599069049
        },
        {
          "acoustic_entropy": 20.9814453125,
          "acoustic_entropy_side": 21.0129451751709,
          "hz": 2261.9676141086993
        },
        {
          "acoustic_entropy": 21.495576858520508,
          "acoustic_entropy_side": 21.591060638427734,
          "hz": 2524.2759484456974
        },
        {
          "acoustic_entropy": 22.023569107055664,
          "acoustic_entropy_side": 21.348979949951172,
          "hz": 2809.813997359896
        },
        {
          "acoustic_entropy": 21.358613967895508,
          "acoustic_entropy_side": 21.270977020263672,
          "hz": 3120.6389567871424
        },
        {
