{
  "acoustic_entropy": 117.70291900634766,
  "bands": [
    {
      "high_freq": 148.1999969482422,
      "loudness": -44.63822937011719,
      "loudness_range": 40.45610809326172,
      "mid_mean": -40.94965744018555,
      "mid_to_side_loudness": -24.55128288269043,
      "mid_to_side_loudness_range": 15.49514389038086,
      "side_mean": -59.66080093383789
    },
    {
      "high_freq": 392.3793640136719,
      "loudness": -38.92814254760742,
      "loudness_range": 25.34426498413086,
      "low_freq": 148.1999969482422,
      "mid_mean": -36.22218704223633,
      "mid_to_side_loudness": -21.306856155395508,
      "mid_to_side_loudness_range": 14.481961250305176,
      "side_mean": -59.35205078125
    },
    {
      "high_freq": 794.6976318359375,
      "loudness": -34.295684814453125,
      "loudness_range": 16.208330154418945,
      "low_freq": 392.3793640136719,
      "mid_mean": -30.66293716430664,
      "mid_to_side_loudness": -22.924776077270508,
      "mid_to_side_loudness_range": 12.695786476135254,
      "side_mean": -54.395301818847656
    },
    {
      "high_freq": 1457.5709228515625,
      "loudness": -38.106109619140625,
      "loudness_range": 23.928598403930664,
      "low_freq": 794.6976318359375,
      "mid_mean": -34.50877380371094,
      "mid_to_side_loudness": -22.812654495239258,
      "mid_to_side_loudness_range": 14.571885108947754,
      "side_mean": -57.22792434692383
    },
    {
      "high_freq": 2549.74365234375,
      "loudness": -37.13227844238281,
      "loudness_range": 10.843219757080078,
      "low_freq": 1457.5709228515625,
      "mid_mean": -33.54619598388672,
      "mid_to_side_loudness": -21.454586029052734,
      "mid_to_side_loudness_range": 9.294843673706055,
      "side_mean": -55.70534133911133
    },
    {
      "high_freq": 4349.24462890625,
      "loudness": -45.78409957885742,
      "loudness_range": 12.138160705566406,
      "low_freq": 2549.74365234375,
      "mid_mean": -42.21025848388672,
      "mid_to_side_loudness": -22.543136596679688,
      "mid_to_side_loudness_range": 9.781560897827148,
      "side_mean": -63.83361053466797
    },
    {
      "high_freq": 7314.1640625,
      "loudness": -61.48493957519531,
      "loudness_range": 14.929607391357422,
      "low_freq": 4349.24462890625,
      "mid_mean": -57.82441329956055,
      "mid_to_side_loudness": -28.012887954711914,
      "mid_to_side_loudness_range": 17.397539138793945,
      "side_mean": -69.84993743896484
    },
    {
      "high_freq": 12199.2666015625,
      "loudness": -69.60203552246094,
      "loudness_range": 14.5963134765625,
      "low_freq": 7314.1640625,
      "mid_mean": -64.25282287597656,
      "mid_to_side_loudness": -35.18144226074219,
      "mid_to_side_loudness_range": 37.84148406982422,
      "side_mean": -69.9818115234375
    },
    {
      "loudness": -72.95326232910156,
      "loudness_range": 2.176849365234375,
      "low_freq": 12199.2666015625,
      "mid_mean": -66.5351791381836,
      "mid_to_side_loudness": -20.942476272583008,
      "mid_to_side_loudness_range": 12.83422565460205,
      "side_mean": -69.95639038085938
    }
  ],
  "bands_short": [
    {
      "high_freq": 148.1999969482422,
      "loudness": -48.39142990112305,
      "loudness_range": 37.76025390625,
      "mid_mean": -44.920841217041016,
      "mid_to_side_loudness": -24.85177230834961,
      "mid_to_side_loudness_range": 16.64461898803711,
      "side_mean": -62.951656341552734
    },
    {
      "high_freq": 392.3793640136719,
      "loudness": -36.82881546020508,
      "loudness_range": 34.88946533203125,
      "low_freq": 148.1999969482422,
      "mid_mean": -34.530540466308594,
      "mid_to_side_loudness": -21.367143630981445,
      "mid_to_side_loudness_range": 15.126138687133789,
      "side_mean": -57.945335388183594
    },
    {
      "high_freq": 794.6976318359375,
      "loudness": -34.35097885131836,
      "loudness_range": 16.681425094604492,
      "low_freq": 392.3793640136719,
      "mid_mean": -30.723705291748047,
      "mid_to_side_loudness": -22.68866729736328,
      "mid_to_side_loudness_range": 14.710613250732422,
      "side_mean": -54.27859878540039
    },
    {
      "high_freq": 1457.5709228515625,
      "loudness": -38.19261932373047,
      "loudness_range": 24.496536254882812,
      "low_freq": 794.6976318359375,
      "mid_mean": -34.7983283996582,
      "mid_to_side_loudness": -22.568153381347656,
      "mid_to_side_loudness_range": 17.309524536132812,
      "side_mean": -57.43949508666992
    },
    {
      "high_freq": 2549.74365234375,
      "loudness": -37.60560607910156,
      "loudness_range": 12.607440948486328,
      "low_freq": 1457.5709228515625,
      "mid_mean": -34.02901840209961,
      "mid_to_side_loudness": -21.154394149780273,
      "mid_to_side_loudness_range": 14.187631607055664,
      "side_mean": -56.118614196777344
    },
    {
      "high_freq": 4349.24462890625,
      "loudness": -45.64385223388672,
      "loudness_range": 12.81573486328125,
      "low_freq": 2549.74365234375,
      "mid_mean": -42.05299758911133,
      "mid_to_side_loudness": -22.42633819580078,
      "mid_to_side_loudness_range": 12.690520286560059,
      "side_mean": -63.76434326171875
    },
    {
      "high_freq": 7314.1640625,
      "loudness": -61.70814514160156,
      "loudness_range": 15.398712158203125,
      "low_freq": 4349.24462890625,
      "mid_mean": -57.98040771484375,
      "mid_to_side_loudness": -27.90010643005371,
      "mid_to_side_loudness_range": 17.755517959594727,
      "side_mean": -69.8454360961914
    },
    {
      "high_freq": 12199.2666015625,
      "loudness": -69.74339294433594,
      "loudness_range": 14.662395477294922,
      "low_freq": 7314.1640625,
      "mid_mean": -64.35578155517578,
      "mid_to_side_loudness": -36.73737716674805,
      "mid_to_side_loudness_range": 56.47763442993164,
      "side_mean": -69.98182678222656
    },
    {
      "loudness": -72.97676086425781,
      "loudness_range": 2.6248245239257812,
      "low_freq": 12199.2666015625,
      "mid_mean": -66.54745483398438,
      "mid_to_side_loudness": -21.329145431518555,
      "mid_to_side_loudness_range": 14.146974563598633,
      "side_mean": -69.95631408691406
    }
  ],
  "bandwidth": 531.236083984375,
  "channels": 2,
  "covariance": [
    [
      261.4620666503906,
      157.80384826660156,
      140.6699981689453,
      109.10079956054688,
      15.13996696472168,
      21.494728088378906,
      76.4275894165039,
      70.90092468261719,
      12.01882553100586,
      10.594659805297852,
      8.795063972473145,
      12.331083297729492,
      6.992908954620361,
      -0.16105903685092926,
      -26.911123275756836,
      -0.2690778076648712,
      4.579776287078857,
      -0.11032921075820923
    ],
    [
      157.80384826660156,
      109.49439239501953,
      87.48379516601562,
      68.17005157470703,
      10.019638061523438,
      18.09134864807129,
      46.55595779418945,
      44.620574951171875,
      7.740971088409424,
      10.703107833862305,
      6.062309265136719,
      8.577152252197266,
      6.857985973358154,
      -0.14883241057395935,
      -14.46261978149414,
      -0.16160093247890472,
      3.6241657733917236,
      -0.08435958623886108
    ],
    [
      140.6699981689453,
      87.48379516601562,
      115.877197265625,
      69.63420104980469,
      0.23817767202854156,
      4.235782623291016,
      31.021120071411133,
      31.07741355895996,
      9.093169212341309,
      6.897373676300049,
      7.114349842071533,
      8.00145149230957,
      11.401721000671387,
      0.07051943242549896,
      -11.313005447387695,
      -0.16786658763885498,
      3.1201186180114746,
      -0.09018431603908539
    ],
    [
      109.10079956054688,
      68.17005157470703,
      69.63420104980469,
      65.9071273803711,
      14.850334167480469,
      21.091535568237305,
      43.34434127807617,
      39.834068298339844,
      9.19746208190918,
      12.448323249816895,
      9.942426681518555,
      10.662615776062012,
      12.315382957458496,
      0.2024775892496109,
      -7.395404815673828,
      -0.09193626791238785,
      3.0266306400299072,
      -0.05989966541528702
    ],
    [
      15.13996696472168,
      10.019638061523438,
      0.23817767202854156,
      14.850334167480469,
      33.532108306884766,
      26.142982482910156,
      37.35512924194336,
      26.21233558654785,
      16.03472137451172,
      13.372340202331543,
      16.631542205810547,
      9.149775505065918,
      12.102895736694336,
      0.23510430753231049,
      5.919261455535889,
      0.0347922183573246,
      1.4389674663543701,
      -0.0475127175450325
    ],
    [
      21.494728088378906,
      18.09134864807129,
      4.235782623291016,
      21.091535568237305,
      26.142982482910156,
      38.50480270385742,
      35.07585525512695,
      33.23030090332031,
      9.88175106048584,
      17.4062442779541,
      10.632115364074707,
      10.367223739624023,
      15.192968368530273,
      0.24801452457904816,
      6.88048791885376,
      0.028052331879734993,
      3.143578290939331,
      -0.060310740023851395
    ],
    [
      76.4275894165039,
      46.55595779418945,
      31.021120071411133,
      43.34434127807617,
      37.35512924194336,
      35.07585525512695,
      80.66224670410156,
      62.47021484375,
      24.22467613220215,
      20.147396087646484,
      20.05756187438965,
      14.295533180236816,
      12.709030151367188,
      0.10268883407115936,
      -2.303347587585449,
      -0.049566227942705154,
      2.843350410461426,
      -0.07209476083517075
    ],
    [
      70.90092468261719,
      44.620574951171875,
      31.07741355895996,
      39.834068298339844,
      26.21233558654785,
      33.23030090332031,
      62.47021484375,
      67.11769104003906,
      14.768697738647461,
      20.74064064025879,
      11.825364112854004,
      12.804865837097168,
      9.88515567779541,
      -0.03771393746137619,
      -4.772406578063965,
      -0.10036978125572205,
      3.5714640617370605,
      -0.07004628330469131
    ],
    [
      12.01882553100586,
      7.740971088409424,
      9.093169212341309,
      9.19746208190918,
      16.03472137451172,
      9.88175106048584,
      24.22467613220215,
      14.768697738647461,
      23.047428131103516,
      15.959603309631348,
      19.7058162689209,
      9.162712097167969,
      14.369736671447754,
      0.16430671513080597,
      7.30140495300293,
      0.013823536224663258,
      1.496427059173584,
      -0.052759502083063126
    ],
    [
      10.594659805297852,
      10.703107833862305,
      6.897373676300049,
      12.448323249816895,
      13.372340202331543,
      17.4062442779541,
      20.147396087646484,
      20.74064064025879,
      15.959603309631348,
      23.807849884033203,
      14.780858993530273,
      11.383831024169922,
      18.111982345581055,
      0.21751269698143005,
      9.189716339111328,
      0.013343624770641327,
      2.745634078979492,
      -0.06195855140686035
    ],
    [
      8.795063972473145,
      6.062309265136719,
      7.114349842071533,
      9.942426681518555,
      16.631542205810547,
      10.632115364074707,
      20.05756187438965,
      11.825364112854004,
      19.7058162689209,
      14.780858993530273,
      24.29667091369629,
      10.466781616210938,
      18.095760345458984,
      0.3279056251049042,
      9.533662796020508,
      0.04218144714832306,
      1.5963342189788818,
      -0.05137428268790245
    ],
    [
      12.331083297729492,
      8.577152252197266,
      8.00145149230957,
      10.662615776062012,
      9.149775505065918,
      10.367223739624023,
      14.295533180236816,
      12.804865837097168,
      9.162712097167969,
      11.383831024169922,
      10.466781616210938,
      9.002108573913574,
      11.712113380432129,
      0.24251969158649445,
      5.428936004638672,
      0.015605409629642963,
      1.5969007015228271,
      -0.036836110055446625
    ],
    [
      6.992908954620361,
      6.857985973358154,
      11.401721000671387,
      12.315382957458496,
      12.102895736694336,
      15.192968368530273,
      12.709030151367188,
      9.88515567779541,
      14.369736671447754,
      18.111982345581055,
      18.095760345458984,
      11.712113380432129,
      25.144136428833008,
      0.5089105367660522,
      13.4603271484375,
      0.053381387144327164,
      2.8517634868621826,
      -0.0709756463766098
    ],
    [
      -0.16105903685092926,
      -0.14883241057395935,
      0.07051943242549896,
      0.2024775892496109,
      0.23510430753231049,
      0.24801452457904816,
      0.10268883407115936,
      -0.03771393746137619,
      0.16430671513080597,
      0.21751269698143005,
      0.3279056251049042,
      0.24251969158649445,
      0.5089105367660522,
      0.027060246095061302,
      0.32373228669166565,
      0.00317200506106019,
      0.029081271961331367,
      -0.0005549411289393902
    ],
    [
      -26.911123275756836,
      -14.46261978149414,
      -11.313005447387695,
      -7.395404815673828,
      5.919261455535889,
      6.88048791885376,
      -2.303347587585449,
      -4.772406578063965,
      7.30140495300293,
      9.189716339111328,
      9.533662796020508,
      5.428936004638672,
      13.4603271484375,
      0.32373228669166565,
      13.56655216217041,
      0.09515046328306198,
      1.0447255373001099,
      -0.026478201150894165
    ],
    [
      -0.2690778076648712,
      -0.16160093247890472,
      -0.16786658763885498,
      -0.09193626791238785,
      0.0347922183573246,
      0.028052331879734993,
      -0.049566227942705154,
      -0.10036978125572205,
      0.013823536224663258,
      0.013343624770641327,
      0.04218144714832306,
      0.015605409629642963,
      0.053381387144327164,
      0.00317200506106019,
      0.09515046328306198,
      0.0014182213926687837,
      -0.005651588551700115,
      0.00015247921692207456
    ],
    [
      4.579776287078857,
      3.6241657733917236,
      3.1201186180114746,
      3.0266306400299072,
      1.4389674663543701,
      3.143578290939331,
      2.843350410461426,
      3.5714640617370605,
      1.496427059173584,
      2.745634078979492,
      1.5963342189788818,
      1.5969007015228271,
      2.8517634868621826,
      0.029081271961331367,
      1.0447255373001099,
      -0.005651588551700115,
      0.7450343370437622,
      -0.014401125721633434
    ],
    [
      -0.11032921075820923,
      -0.08435958623886108,
      -0.09018431603908539,
      -0.05989966541528702,
      -0.0475127175450325,
      -0.060310740023851395,
      -0.07209476083517075,
      -0.07004628330469131,
      -0.052759502083063126,
      -0.06195855140686035,
      -0.05137428268790245,
      -0.036836110055446625,
      -0.0709756463766098,
      -0.0005549411289393902,
      -0.026478201150894165,
      0.00015247921692207456,
      -0.014401125721633434,
      0.0006044927285984159
    ]
  ],
  "covariance_short": [
    [
      200.8219757080078,
      96.95452117919922,
      161.3621063232422,
      130.95912170410156,
      15.40535831451416,
      23.57648468017578,
      65.70215606689453,
      58.06839370727539,
      12.402542114257812,
      10.700955390930176,
      14.630743026733398,
      13.246520042419434,
      10.699711799621582,
      0.019355544820427895,
      -21.011451721191406,
      -0.22782456874847412,
      4.1803741455078125,
      -0.10977333039045334
    ],
    [
      96.95452117919922,
      60.75221252441406,
      81.02198791503906,
      70.7604751586914,
      8.482537269592285,
      15.638976097106934,
      33.7967643737793,
      29.900114059448242,
      5.849651336669922,
      7.688939571380615,
      8.318010330200195,
      7.55313777923584,
      8.312535285949707,
      -0.01963651552796364,
      -8.658224105834961,
      -0.11635321378707886,
      2.856872797012329,
      -0.07377054542303085
    ],
    [
      161.3621063232422,
      81.02198791503906,
      177.0574188232422,
      116.51335144042969,
      -1.0523942708969116,
      6.211974143981934,
      39.632747650146484,
      41.17631530761719,
      9.513118743896484,
      9.09152603149414,
      7.29791784286499,
      9.143549919128418,
      7.782402515411377,
      -0.06861137598752975,
      -18.333271026611328,
      -0.23660816252231598,
      3.788525104522705,
      -0.10599079728126526
    ],
    [
      130.95912170410156,
      70.7604751586914,
      116.51335144042969,
      108.05248260498047,
      16.021814346313477,
      26.516759872436523,
      53.54245376586914,
      51.07611083984375,
      11.598653793334961,
      15.531991958618164,
      11.580388069152832,
      11.989686012268066,
      10.799884796142578,
      0.03994668647646904,
      -13.258082389831543,
      -0.1560695320367813,
      3.689484119415283,
      -0.080124631524086
    ],
    [
      15.40535831451416,
      8.482537269592285,
      -1.0523942708969116,
      16.021814346313477,
      36.44618606567383,
      25.49017333984375,
      36.91283416748047,
      25.28178596496582,
      16.37529754638672,
      12.836494445800781,
      15.816915512084961,
      8.992183685302734,
      11.741090774536133,
      0.26182258129119873,
      5.444983959197998,
      0.03335895761847496,
      1.3637665510177612,
      -0.04421591758728027
    ],
    [
      23.57648468017578,
      15.638976097106934,
      6.211974143981934,
      26.516759872436523,
      25.49017333984375,
      41.000877380371094,
      35.52709197998047,
      33.010833740234375,
      10.429268836975098,
      17.94806671142578,
      11.023320198059082,
      10.852067947387695,
      15.139400482177734,
      0.2493358552455902,
      6.191301345825195,
      0.023313945159316063,
      3.094968557357788,
      -0.06029370054602623
    ],
    [
      65.70215606689453,
      33.7967643737793,
      39.632747650146484,
      53.54245376586914,
      36.91283416748047,
      35.52709197998047,
      82.17054748535156,
      59.97206497192383,
      23.044416427612305,
      20.250261306762695,
      20.342683792114258,
      14.729304313659668,
      12.576983451843262,
      0.14735786616802216,
      -2.8094465732574463,
      -0.06234043464064598,
      2.8299427032470703,
      -0.0712183266878128
    ],
    [
      58.06839370727539,
      29.900114059448242,
      41.17631530761719,
      51.07611083984375,
      25.28178596496582,
      33.010833740234375,
      59.97206497192383,
      66.64251708984375,
      15.191550254821777,
      21.663972854614258,
      12.709556579589844,
      13.141453742980957,
      10.444073677062988,
      0.020169300958514214,
      -4.6363606452941895,
      -0.10184133797883987,
      3.43353009223938,
      -0.06944892555475235
    ],
    [
      12.402542114257812,
      5.849651336669922,
      9.513118743896484,
      11.598653793334961,
      16.37529754638672,
      10.429268836975098,
      23.044416427612305,
      15.191550254821777,
      26.975690841674805,
      15.378347396850586,
      18.249507904052734,
      9.16454029083252,
      13.585858345031738,
      0.16924728453159332,
      6.600852012634277,
      0.01315965037792921,
      1.4932011365890503,
      -0.05096512287855148
    ],
    [
      10.700955390930176,
      7.688939571380615,
      9.09152603149414,
      15.531991958618164,
      12.836494445800781,
      17.94806671142578,
      20.250261306762695,
      21.663972854614258,
      15.378347396850586,
      27.402334213256836,
      14.162223815917969,
      11.483715057373047,
      17.52203369140625,
      0.22221389412879944,
      8.129400253295898,
      0.008179627358913422,
      2.667389154434204,
      -0.06330917775630951
    ],
    [
      14.630743026733398,
      8.318010330200195,
      7.29791784286499,
      11.580388069152832,
      15.816915512084961,
      11.023320198059082,
      20.342683792114258,
      12.709556579589844,
      18.249507904052734,
      14.162223815917969,
      26.518224716186523,
      10.27118968963623,
      17.62473487854004,
      0.32082486152648926,
      8.637258529663086,
      0.04019848629832268,
      1.610073447227478,
      -0.05272518843412399
    ],
    [
      13.246520042419434,
      7.55313777923584,
      9.143549919128418,
      11.989686012268066,
      8.992183685302734,
      10.852067947387695,
      14.729304313659668,
      13.141453742980957,
      9.16454029083252,
      11.483715057373047,
      10.27118968963623,
      10.518695831298828,
      11.838156700134277,
      0.24426066875457764,
      5.118686199188232,
      0.011650589294731617,
      1.6199249029159546,
      -0.038991786539554596
    ],
    [
      10.699711799621582,
      8.312535285949707,
      7.782402515411377,
      10.799884796142578,
      11.741090774536133,
      15.139400482177734,
      12.576983451843262,
      10.444073677062988,
      13.585858345031738,
      17.52203369140625,
      17.62473487854004,
      11.838156700134277,
      26.01778793334961,
      0.47876954078674316,
      12.634310722351074,
      0.04509934410452843,
      2.8921377658843994,
      -0.07309622317552567
    ],
    [
      0.019355544820427895,
      -0.01963651552796364,
      -0.06861137598752975,
      0.03994668647646904,
      0.26182258129119873,
      0.2493358552455902,
      0.14735786616802216,
      0.020169300958514214,
      0.16924728453159332,
      0.22221389412879944,
      0.32082486152648926,
      0.24426066875457764,
      0.47876954078674316,
      0.0382423922419548,
      0.3057252764701843,
      0.002886364934965968,
      0.033361587673425674,
      -0.000632907438557595
    ],
    [
      -21.011451721191406,
      -8.658224105834961,
      -18.333271026611328,
      -13.258082389831543,
      5.444983959197998,
      6.191301345825195,
      -2.8094465732574463,
      -4.6363606452941895,
      6.600852012634277,
      8.129400253295898,
      8.637258529663086,
      5.118686199188232,
      12.634310722351074,
      0.3057252764701843,
      13.7237548828125,
      0.09436598420143127,
      1.1098498106002808,
      -0.02729685604572296
    ],
    [
      -0.22782456874847412,
      -0.11635321378707886,
      -0.23660816252231598,
      -0.1560695320367813,
      0.03335895761847496,
      0.023313945159316063,
      -0.06234043464064598,
      -0.10184133797883987,
      0.01315965037792921,
      0.008179627358913422,
      0.04019848629832268,
      0.011650589294731617,
      0.04509934410452843,
      0.002886364934965968,
      0.09436598420143127,
      0.0019505751552060246,
      -0.005848391447216272,
      0.00015292454918380827
    ],
    [
      4.1803741455078125,
      2.856872797012329,
      3.788525104522705,
      3.689484119415283,
      1.3637665510177612,
      3.094968557357788,
      2.8299427032470703,
      3.43353009223938,
      1.4932011365890503,
      2.667389154434204,
      1.610073447227478,
      1.6199249029159546,
      2.8921377658843994,
      0.033361587673425674,
      1.1098498106002808,
      -0.005848391447216272,
      0.8351207971572876,
      -0.014926186762750149
    ],
    [
      -0.10977333039045334,
      -0.07377054542303085,
      -0.10599079728126526,
      -0.080124631524086,
      -0.04421591758728027,
      -0.06029370054602623,
      -0.0712183266878128,
      -0.06944892555475235,
      -0.05096512287855148,
      -0.06330917775630951,
      -0.05272518843412399,
      -0.038991786539554596,
      -0.07309622317552567,
      -0.000632907438557595,
      -0.02729685604572296,
      0.00015292454918380827,
      -0.014926186762750149,
      0.00090607232414186
    ]
  ],
  "damage": -15.483972549438477,
  "diff_bandwidth": 605.12353515625,
  "dissonance": 2.9687910627727003,
  "drr": 0.9170730113983154,
  "dynamics": 4.6599931716918945,
  "format": 1245190,
  "frames": 2335680,
  "loudness": -23.487886428833008,
  "loudness_range": 16.71226692199707,
  "loudness_range_short": 16.62047004699707,
  "lowpass_true_peak_15khz": -5.564816951751709,
  "mastering3_acoustic_entropies": [
    {
      "acoustic_entropy": 9.382323265075684,
      "acoustic_entropy_mono": 9.407685279846191,
      "band_eliminated_acoustic_entropies": [
        {
          "acoustic_entropy": 9.391063690185547,
          "acoustic_entropy_side": 9.382294654846191,
          "hz": 129.47220167065723
        },
        {
          "acoustic_entropy": 8.610603332519531,
          "acoustic_entropy_side": 9.383849143981934,
          "hz": 202.92927478742237
        },
        {
          "acoustic_entropy": 8.976859092712402,
          "acoustic_entropy_side": 9.38222599029541,
          "hz": 282.89161906338205
        },
        {
          "acoustic_entropy": 9.357316970825195,
          "acoustic_entropy_side": 9.382512092590332,
          "hz": 369.9353335868758
        },
        {
          "acoustic_entropy": 9.117053031921387,
          "acoustic_entropy_side": 9.382478713989258,
          "hz": 464.6875360973435
        },
        {
          "acoustic_entropy": 9.099234580993652,
          "acoustic_entropy_side": 9.383708953857422,
          "hz": 567.8308811364784
        },
        {
          "acoustic_entropy": 9.154352188110352,
          "acoustic_entropy_side": 9.381949424743652,
          "hz": 680.1084783214808
        },
        {
          "acoustic_entropy": 7.884263515472412,
          "acoustic_entropy_side": 9.380965232849121,
          "hz": 802.3292461747484
        },
        {
          "acoustic_entropy": 9.480756759643555,
          "acoustic_entropy_side": 9.370423316955566,
          "hz": 935.3737400823702
        },
        {
          "acoustic_entropy": 8.395185470581055,
          "acoustic_entropy_side": 9.408175468444824,
          "hz": 1080.2004963696966
        },
        {
          "acoustic_entropy": 9.749267578125,
          "acoustic_entropy_side": 9.372173309326172,
          "hz": 1237.8529382007157
        },
        {
          "acoustic_entropy": 8.494241714477539,
          "acoustic_entropy_side": 9.382661819458008,
          "hz": 1409.4668930556702
        },
        {
          "acoustic_entropy": 9.357497215270996,
          "acoustic_entropy_side": 9.38183307647705,
          "hz": 1596.2787759475705
        },
        {
          "acoustic_entropy": 9.055685997009277,
          "acoustic_entropy_side": 9.382156372070312,
          "hz": 1799.6344973346393
        },
        {
          "acoustic_entropy": 9.12752628326416,
          "acoustic_entropy_side": 9.383406639099121,
          "hz": 2020.9991599069049
        },
        {
          "acoustic_entropy": 8.268799781799316,
          "acoustic_entropy_side": 9.381263732910156,
          "hz": 2261.9676141086993
        },
        {
          "acoustic_entropy": 9.333159446716309,
          "acoustic_entropy_side": 9.382235527038574,
          "hz": 2524.2759484456974
        },
        {
          "acoustic_entropy": 9.348575592041016,
          "acoustic_entropy_side": 9.382271766662598,
          "hz": 2809.813997359896
        },
        {
          "acoustic_entropy": 9.366544723510742,
          "acoustic_entropy_side": 9.382315635681152,
          "hz": 3120.6389567871424
        },
        {
          "acoustic_entropy": 9.384105682373047,
          "acoustic_entropy_side": 9.382325172424316,
          "hz": 3458.990205492291
        },
        {
          "acoustic_entropy": 9.408935546875,
          "acoustic_entropy_side": 9.38232421875,
          "hz": 3827.305438964164
        },
        {
          "acoustic_entropy": 9.47131633758545,
          "acoustic_entropy_side": 9.38231372833252,
          "hz": 4228.238232109126
        },
        {
          "acoustic_entropy": 9.544391632080078,
          "acoustic_entropy_side": 9.382314682006836,
          "hz": 4664.6771572759235
        },
        {
          "acoustic_entropy": 9.386229515075684,
          "acoustic_entropy_side": 9.382323265075684,
          "hz": 5139.766595350093
        },
        {
          "acoustic_entropy": 9.381711959838867,
          "acoustic_entropy_side": 9.382323265075684,
          "hz": 5656.929389854203
        },
        {
          "acoustic_entropy": 9.382957458496094,
          "acoustic_entropy_side": 9.382323265075684,
          "hz": 6219.891507268283
        },
        {
          "acoustic_entropy": 9.384191513061523,
          "acoustic_entropy_side": 9.382323265075684,
          "hz": 6832.70888123896
        },
        {
          "acoustic_entropy": 9.383384704589844,
          "acoustic_entropy_side": 9.382323265075684,
          "hz": 7499.796634079867
        },
        {
          "acoustic_entropy": 9.382352828979492,
          "acoustic_entropy_side": 9.382323265075684,
          "hz": 8225.96088609342
        },
        {
          "acoustic_entropy": 9.382561683654785,
          "acoustic_entropy_side": 9.382323265075684,
          "hz": 9016.43338188839
        },
        {
          "acoustic_entropy": 9.382389068603516,
          "acoustic_entropy_side": 9.382323265075684,
          "hz": 9876.909183162974
        },
        {
          "acoustic_entropy": 9.382323265075684,
          "acoustic_entropy_side": 9.382323265075684,
          "hz": 10813.587699516042
        },
        {
          "acoustic_entropy": 9.382323265075684,
          "acoustic_entropy_side": 9.382323265075684,
          "hz": 11833.21735289826
        },
        {
          "acoustic_entropy": 9.382323265075684,
          "acoustic_entropy_side": 9.382323265075684,
          "hz": 12943.144197493959
        },
        {
          "acoustic_entropy": 9.382323265075684,
          "acoustic_entropy_side": 9.382323265075684,
          "hz": 14151.364845322005
        },
        {
          "acoustic_entropy": 9.382323265075684,
          "acoustic_entropy_side": 9.382323265075684,
          "hz": 15466.58407886509
        },
        {
          "acoustic_entropy": 9.382323265075684,
          "acoustic_entropy_side": 9.382323265075684,
          "hz": 16898.27756580493
        },
        {
          "acoustic_entropy": 9.382323265075684,
          "acoustic_entropy_side": 9.382323265075684,
          "hz": 18456.760127700032
        },
        {
          "acoustic_entropy": 9.382323265075684,
          "acoustic_entropy_side": 9.382323265075684,
          "hz": 20153.260054456492
        },
        {
          "acoustic_entropy": 9.382323265075684,
          "acoustic_entropy_side": 9.382323265075684,
          "hz": 22000.00000000001
        }
      ],
      "diff_acoustic_entropy": 3.0228054523468018,
      "sn": 6
    },
    {
      "acoustic_entropy": 11.959205627441406,
      "acoustic_entropy_mono": 11.969977378845215,
      "band_eliminated_acoustic_entropies": [
        {
          "acoustic_entropy": 11.903971672058105,
          "acoustic_entropy_side": 11.959147453308105,
          "hz": 129.47220167065723
        },
        {
          "acoustic_entropy": 12.033906936645508,
          "acoustic_entropy_side": 11.948100090026855,
          "hz": 202.92927478742237
        },
        {
          "acoustic_entropy": 11.626941680908203,
          "acoustic_entropy_side": 11.959883689880371,
          "hz": 282.89161906338205
        },
        {
          "acoustic_entropy": 11.597046852111816,
          "acoustic_entropy_side": 11.963579177856445,
          "hz": 369.9353335868758
        },
        {
          "acoustic_entropy": 11.826579093933105,
          "acoustic_entropy_side": 11.960774421691895,
          "hz": 464.6875360973435
        },
        {
          "acoustic_entropy": 11.961101531982422,
          "acoustic_entropy_side": 11.96236515045166,
          "hz": 567.8308811364784
        },
        {
          "acoustic_entropy": 12.061446189880371,
          "acoustic_entropy_side": 11.94948673248291,
          "hz": 680.1084783214808
        },
        {
          "acoustic_entropy": 10.503874778747559,
          "acoustic_entropy_side": 11.921069145202637,
          "hz": 802.3292461747484
        },
        {
          "acoustic_entropy": 11.446432113647461,
          "acoustic_entropy_side": 11.954047203063965,
          "hz": 935.3737400823702
        },
        {
          "acoustic_entropy": 11.46510124206543,
          "acoustic_entropy_side": 12.03087043762207,
          "hz": 1080.2004963696966
        },
        {
          "acoustic_entropy": 11.586030960083008,
          "acoustic_entropy_side": 11.993226051330566,
          "hz": 1237.8529382007157
        },
        {
          "acoustic_entropy": 10.889039993286133,
          "acoustic_entropy_side": 11.956104278564453,
          "hz": 1409.4668930556702
        },
        {
          "acoustic_entropy": 11.884026527404785,
          "acoustic_entropy_side": 11.961443901062012,
          "hz": 1596.2787759475705
        },
        {
          "acoustic_entropy": 11.371716499328613,
          "acoustic_entropy_side": 11.959494590759277,
          "hz": 1799.6344973346393
        },
        {
          "acoustic_entropy": 11.512452125549316,
          "acoustic_entropy_side": 11.964082717895508,
          "hz": 2020.9991599069049
        },
        {
          "acoustic_entropy": 11.318378448486328,
          "acoustic_entropy_side": 11.956344604492188,
          "hz": 2261.9676141086993
        },
        {
          "acoustic_entropy": 11.985862731933594,
          "acoustic_entropy_side": 11.959311485290527,
          "hz": 2524.2759484456974
        },
        {
          "acoustic_entropy": 11.713977813720703,
          "acoustic_entropy_side": 11.959094047546387,
          "hz": 2809.813997359896
        },
        {
          "acoustic_entropy": 11.965203285217285,
          "acoustic_entropy_side": 11.95932388305664,
          "hz": 3120.6389567871424
        },
        {
          "acoustic_entropy": 11.97909927368164,
          "acoustic_entropy_side": 11.95923900604248,
          "hz": 3458.990205492291
        },
        {
          "acoustic_entropy": 11.991148948669434,
          "acoustic_entropy_side": 11.959213256835938,
          "hz": 3827.305438964164
        },
        {
          "acoustic_entropy": 12.193601608276367,
          "acoustic_entropy_side": 11.959156036376953,
          "hz": 4228.238232109126
        },
        {
          "acoustic_entropy": 12.263195037841797,
          "acoustic_entropy_side": 11.959150314331055,
          "hz": 4664.6771572759235
        },
        {
          "acoustic_entropy": 11.962883949279785,
          "acoustic_entropy_side": 11.959205627441406,
          "hz": 5139.766595350093
        },
        {
          "acoustic_entropy": 11.96020793914795,
          "acoustic_entropy_side": 11.959205627441406,
          "hz": 5656.929389854203
        },
        {
          "acoustic_entropy": 11.959877014160156,
          "acoustic_entropy_side": 11.959205627441406,
          "hz": 6219.891507268283
        },
        {
          "acoustic_entropy": 11.963517189025879,
          "acoustic_entropy_side": 11.959205627441406,
          "hz": 6832.70888123896
        },
        {
          "acoustic_entropy": 11.96902084350586,
          "acoustic_entropy_side": 11.959205627441406,
          "hz": 7499.796634079867
        },
        {
          "acoustic_entropy": 11.957497596740723,
          "acoustic_entropy_side": 11.959205627441406,
          "hz": 8225.96088609342
        },
        {
          "acoustic_entropy": 11.95773696899414,
          "acoustic_entropy_side": 11.959205627441406,
          "hz": 9016.43338188839
        },
        {
          "acoustic_entropy": 11.959451675415039,
          "acoustic_entropy_side": 11.959205627441406,
          "hz": 9876.909183162974
        },
        {
          "acoustic_entropy": 11.95920181274414,
          "acoustic_entropy_side": 11.959205627441406,
          "hz": 10813.587699516042
        },
        {
          "acoustic_entropy": 11.959203720092773,
          "acoustic_entropy_side": 11.959205627441406,
          "hz": 11833.21735289826
        },
        {
          "acoustic_entropy": 11.95920467376709,
          "acoustic_entropy_side": 11.959205627441406,
          "hz": 12943.144197493959
        },
        {
          "acoustic_entropy": 11.95920467376709,
          "acoustic_entropy_side": 11.959205627441406,
          "hz": 14151.364845322005
        },
        {
          "acoustic_entropy": 11.959203720092773,
          "acoustic_entropy_side": 11.959205627441406,
          "hz": 15466.58407886509
        },
        {
          "acoustic_entropy": 11.95920467376709,
          "acoustic_entropy_side": 11.959205627441406,
          "hz": 16898.27756580493
        },
        {
          "acoustic_entropy": 11.959205627441406,
          "acoustic_entropy_side": 11.959205627441406,
          "hz": 18456.760127700032
        },
        {
          "acoustic_entropy": 11.95920467376709,
          "acoustic_entropy_side": 11.959205627441406,
          "hz": 20153.260054456492
        },
        {
          "acoustic_entropy": 11.95920467376709,
          "acoustic_entropy_side": 11.959205627441406,
          "hz": 22000.00000000001
        }
      ],
      "diff_acoustic_entropy": 3.9871461391448975,
      "sn": 12
    },
    {
      "acoustic_entropy": 15.82331657409668,
      "acoustic_entropy_mono": 16.184816360473633,
      "band_eliminated_acoustic_entropies": [
        {
          "acoustic_entropy": 15.147714614868164,
          "acoustic_entropy_side": 15.79570198059082,
          "hz": 129.47220167065723
        },
        {
          "acoustic_entropy": 15.887967109680176,
          "acoustic_entropy_side": 15.62893009185791,
          "hz": 202.92927478742237
        },
        {
          "acoustic_entropy": 15.327970504760742,
          "acoustic_entropy_side": 15.496932029724121,
          "hz": 282.89161906338205
        },
        {
          "acoustic_entropy": 16.02081871032715,
          "acoustic_entropy_side": 15.621465682983398,
          "hz": 369.9353335868758
        },
        {
          "acoustic_entropy": 15.02621841430664,
          "acoustic_entropy_side": 15.721410751342773,
          "hz": 464.6875360973435
        },
        {
          "acoustic_entropy": 16.537702560424805,
          "acoustic_entropy_side": 16.178953170776367,
          "hz": 567.8308811364784
        },
        {
          "acoustic_entropy": 15.397065162658691,
          "acoustic_entropy_side": 15.877059936523438,
          "hz": 680.1084783214808
        },
        {
          "acoustic_entropy": 16.576133728027344,
          "acoustic_entropy_side": 16.178701400756836,
          "hz": 802.3292461747484
        },
        {
          "acoustic_entropy": 15.29057502746582,
          "acoustic_entropy_side": 16.281736373901367,
          "hz": 935.3737400823702
        },
        {
          "acoustic_entropy": 15.191821098327637,
          "acoustic_entropy_side": 15.987555503845215,
          "hz": 1080.2004963696966
        },
        {
          "acoustic_entropy": 15.962239265441895,
          "acoustic_entropy_side": 15.704319953918457,
          "hz": 1237.8529382007157
        },
        {
          "acoustic_entropy": 14.883829116821289,
          "acoustic_entropy_side": 15.863259315490723,
          "hz": 1409.4668930556702
        },
        {
          "acoustic_entropy": 15.689906120300293,
          "acoustic_entropy_side": 15.791247367858887,
          "hz": 1596.2787759475705
        },
        {
          "acoustic_entropy": 15.978720664978027,
          "acoustic_entropy_side": 15.903112411499023,
          "hz": 1799.6344973346393
        },
        {
          "acoustic_entropy": 15.892953872680664,
          "acoustic_entropy_side": 15.701698303222656,
          "hz": 2020.9991599069049
        },
        {
          "acoustic_entropy": 15.357575416564941,
          "acoustic_entropy_side": 15.700976371765137,
