{
  "acoustic_entropy": 207.93170166015625,
  "bands": [
    {
      "high_freq": 148.1999969482422,
      "loudness": -25.14966583251953,
      "loudness_range": 7.200126647949219,
      "mid_mean": -21.89361000061035,
      "mid_to_side_loudness": -14.896081924438477,
      "mid_to_side_loudness_range": 30.499202728271484,
      "side_mean": -38.79206085205078
    },
    {
      "high_freq": 392.3793640136719,
      "loudness": -20.352842330932617,
      "loudness_range": 8.049957275390625,
      "low_freq": 148.1999969482422,
      "mid_mean": -18.81833267211914,
      "mid_to_side_loudness": -3.710855484008789,
      "mid_to_side_loudness_range": 18.18065071105957,
      "side_mean": -22.66425323486328
    },
    {
      "high_freq": 794.6976318359375,
      "loudness": -20.652820587158203,
      "loudness_range": 11.39522647857666,
      "low_freq": 392.3793640136719,
      "mid_mean": -19.289783477783203,
      "mid_to_side_loudness": -3.509906053543091,
      "mid_to_side_loudness_range": 17.70576286315918,
      "side_mean": -22.918426513671875
    },
    {
      "high_freq": 1457.5709228515625,
      "loudness": -22.09881591796875,
      "loudness_range": 15.614554405212402,
      "low_freq": 794.6976318359375,
      "mid_mean": -19.77452850341797,
      "mid_to_side_loudness": -6.4339776039123535,
      "mid_to_side_loudness_range": 16.91829490661621,
      "side_mean": -26.331205368041992
    },
    {
      "high_freq": 2549.74365234375,
      "loudness": -24.31027603149414,
      "loudness_range": 15.456974029541016,
      "low_freq": 1457.5709228515625,
      "mid_mean": -22.042112350463867,
      "mid_to_side_loudness": -5.716890335083008,
      "mid_to_side_loudness_range": 14.651992797851562,
      "side_mean": -27.857799530029297
    },
    {
      "high_freq": 4349.24462890625,
      "loudness": -26.540830612182617,
      "loudness_range": 17.93084716796875,
      "low_freq": 2549.74365234375,
      "mid_mean": -23.99403190612793,
      "mid_to_side_loudness": -7.941525936126709,
      "mid_to_side_loudness_range": 17.71891212463379,
      "side_mean": -31.9564208984375
    },
    {
      "high_freq": 7314.1640625,
      "loudness": -33.3653450012207,
      "loudness_range": 14.754304885864258,
      "low_freq": 4349.24462890625,
      "mid_mean": -30.42709732055664,
      "mid_to_side_loudness": -8.110331535339355,
      "mid_to_side_loudness_range": 14.639439582824707,
      "side_mean": -38.74081039428711
    },
    {
      "high_freq": 12199.2666015625,
      "loudness": -34.36704635620117,
      "loudness_range": 17.38779640197754,
      "low_freq": 7314.1640625,
      "mid_mean": -31.431640625,
      "mid_to_side_loudness": -7.504912376403809,
      "mid_to_side_loudness_range": 12.72919750213623,
      "side_mean": -39.749446868896484
    },
    {
      "loudness": -37.613014221191406,
      "loudness_range": 19.62548828125,
      "low_freq": 12199.2666015625,
      "mid_mean": -34.5600700378418,
      "mid_to_side_loudness": -7.770196914672852,
      "mid_to_side_loudness_range": 12.423306465148926,
      "side_mean": -43.41931915283203
    }
  ],
  "bands_short": [
    {
      "high_freq": 148.1999969482422,
      "loudness": -27.050582885742188,
      "loudness_range": 12.568231582641602,
      "mid_mean": -23.476917266845703,
      "mid_to_side_loudness": -17.281383514404297,
      "mid_to_side_loudness_range": 30.72190284729004,
      "side_mean": -44.644927978515625
    },
    {
      "high_freq": 392.3793640136719,
      "loudness": -20.90604591369629,
      "loudness_range": 9.603221893310547,
      "low_freq": 148.1999969482422,
      "mid_mean": -19.44439125061035,
      "mid_to_side_loudness": -3.9193081855773926,
      "mid_to_side_loudness_range": 19.534133911132812,
      "side_mean": -23.49463653564453
    },
    {
      "high_freq": 794.6976318359375,
      "loudness": -20.77959442138672,
      "loudness_range": 13.72763729095459,
      "low_freq": 392.3793640136719,
      "mid_mean": -19.70454978942871,
      "mid_to_side_loudness": -3.1028425693511963,
      "mid_to_side_loudness_range": 19.719253540039062,
      "side_mean": -22.949922561645508
    },
    {
      "high_freq": 1457.5709228515625,
      "loudness": -23.058551788330078,
      "loudness_range": 17.99770736694336,
      "low_freq": 794.6976318359375,
      "mid_mean": -21.144155502319336,
      "mid_to_side_loudness": -5.46669864654541,
      "mid_to_side_loudness_range": 18.88023567199707,
      "side_mean": -26.752283096313477
    },
    {
      "high_freq": 2549.74365234375,
      "loudness": -25.0553035736084,
      "loudness_range": 18.084339141845703,
      "low_freq": 1457.5709228515625,
      "mid_mean": -23.05925941467285,
      "mid_to_side_loudness": -5.057579517364502,
      "mid_to_side_loudness_range": 15.879505157470703,
      "side_mean": -28.209678649902344
    },
    {
      "high_freq": 4349.24462890625,
      "loudness": -27.43140983581543,
      "loudness_range": 20.574813842773438,
      "low_freq": 2549.74365234375,
      "mid_mean": -25.216938018798828,
      "mid_to_side_loudness": -6.693698883056641,
      "mid_to_side_loudness_range": 18.673368453979492,
      "side_mean": -32.05030059814453
    },
    {
      "high_freq": 7314.1640625,
      "loudness": -34.7603759765625,
      "loudness_range": 19.303213119506836,
      "low_freq": 4349.24462890625,
      "mid_mean": -32.444400787353516,
      "mid_to_side_loudness": -6.5973381996154785,
      "mid_to_side_loudness_range": 16.02056121826172,
      "side_mean": -39.14854049682617
    },
    {
      "high_freq": 12199.2666015625,
      "loudness": -36.25391387939453,
      "loudness_range": 22.08759307861328,
      "low_freq": 7314.1640625,
      "mid_mean": -33.816261291503906,
      "mid_to_side_loudness": -6.183279514312744,
      "mid_to_side_loudness_range": 14.927701950073242,
      "side_mean": -40.77225112915039
    },
    {
      "loudness": -40.982322692871094,
      "loudness_range": 23.954200744628906,
      "low_freq": 12199.2666015625,
      "mid_mean": -38.38203811645508,
      "mid_to_side_loudness": -5.965262413024902,
      "mid_to_side_loudness_range": 14.200377464294434,
      "side_mean": -45.51535415649414
    }
  ],
  "bandwidth": 728.04541015625,
  "channels": 2,
  "covariance": [
    [
      36.376487731933594,
      15.430511474609375,
      16.777082443237305,
      0.8235377073287964,
      15.646394729614258,
      -0.8960591554641724,
      1.7182917594909668,
      1.1706440448760986,
      10.856221199035645,
      1.0680502653121948,
      12.067062377929688,
      0.8190277814865112,
      9.601987838745117,
      6.199704647064209,
      20.84074592590332,
      10.966328620910645,
      18.717607498168945,
      12.518265724182129
    ],
    [
      15.430511474609375,
      45.99702072143555,
      10.462438583374023,
      8.870410919189453,
      13.411567687988281,
      9.846335411071777,
      6.384650707244873,
      10.101591110229492,
      16.17583656311035,
      15.127446174621582,
      13.515655517578125,
      16.339130401611328,
      10.322613716125488,
      14.138495445251465,
      12.257888793945312,
      13.010111808776855,
      6.418711185455322,
      9.326349258422852
    ],
    [
      16.777082443237305,
      10.462438583374023,
      23.55472183227539,
      2.2768044471740723,
      19.69160270690918,
      0.44958800077438354,
      11.28512191772461,
      2.79961895942688,
      16.17265510559082,
      2.9223763942718506,
      19.241127014160156,
      3.067798376083374,
      17.6265869140625,
      9.816618919372559,
      21.32529640197754,
      16.811969757080078,
      21.250410079956055,
      19.41640281677246
    ],
    [
      0.8235377073287964,
      8.870410919189453,
      2.2768044471740723,
      11.576815605163574,
      6.023033618927002,
      9.370012283325195,
      5.422176361083984,
      10.008559226989746,
      8.710183143615723,
      13.316588401794434,
      6.403590679168701,
      12.116328239440918,
      4.459322929382324,
      9.000879287719727,
      1.1896530389785767,
      5.8644866943359375,
      1.1157519817352295,
      4.6499857902526855
    ],
    [
      15.646394729614258,
      13.411567687988281,
      19.69160270690918,
      6.023033618927002,
      34.1867561340332,
      8.24518871307373,
      21.291025161743164,
      10.781704902648926,
      27.725486755371094,
      13.786210060119629,
      30.827674865722656,
      14.290913581848145,
      25.351198196411133,
      16.286914825439453,
      25.92254066467285,
      19.651851654052734,
      25.46955108642578,
      22.165672302246094
    ],
    [
      -0.8960591554641724,
      9.846335411071777,
      0.44958800077438354,
      9.370012283325195,
      8.24518871307373,
      15.765981674194336,
      6.558200359344482,
      13.048362731933594,
      11.71506404876709,
      18.1480655670166,
      8.587937355041504,
      16.77911949157715,
      4.66337251663208,
      10.401888847351074,
      0.4264703392982483,
      6.082389831542969,
      -1.266086459159851,
      3.565901517868042
    ],
    [
      1.7182917594909668,
      6.384650707244873,
      11.28512191772461,
      5.422176361083984,
      21.291025161743164,
      6.558200359344482,
      38.754119873046875,
      12.68917179107666,
      29.50331687927246,
      13.67747974395752,
      25.457599639892578,
      12.802040100097656,
      23.1810302734375,
      14.101911544799805,
      13.724808692932129,
      15.15371322631836,
      14.122801780700684,
      14.859726905822754
    ],
    [
      1.1706440448760986,
      10.101591110229492,
      2.79961895942688,
      10.008559226989746,
      10.781704902648926,
      13.048362731933594,
      12.68917179107666,
      16.559223175048828,
      15.704886436462402,
      19.727182388305664,
      12.473936080932617,
      18.25971794128418,
      8.803919792175293,
      13.208261489868164,
      4.1178998947143555,
      9.098844528198242,
      2.4729859828948975,
      6.253922462463379
    ],
    [
      10.856221199035645,
      16.17583656311035,
      16.17265510559082,
      8.710183143615723,
      27.725486755371094,
      11.71506404876709,
      29.50331687927246,
      15.704886436462402,
      38.20159149169922,
      21.679611206054688,
      31.933563232421875,
      20.574068069458008,
      26.978282928466797,
      20.624101638793945,
      22.109189987182617,
      20.776779174804688,
      20.066272735595703,
      19.571395874023438
    ],
    [
      1.0680502653121948,
      15.127446174621582,
      2.9223763942718506,
      13.316588401794434,
      13.786210060119629,
      18.1480655670166,
      13.67747974395752,
      19.727182388305664,
      21.679611206054688,
      28.2266902923584,
      17.047611236572266,
      26.155662536621094,
      11.591882705688477,
      18.597652435302734,
      4.799912452697754,
      11.503028869628906,
      1.6653962135314941,
      6.407015323638916
    ],
    [
      12.067062377929688,
      13.515655517578125,
      19.241127014160156,
      6.403590679168701,
      30.827674865722656,
      8.587937355041504,
      25.457599639892578,
      12.473936080932617,
      31.933563232421875,
      17.047611236572266,
      47.1464958190918,
      21.52312469482422,
      33.84651565551758,
      21.702213287353516,
      28.1301326751709,
      23.280776977539062,
      25.934772491455078,
      23.064117431640625
    ],
    [
      0.8190277814865112,
      16.339130401611328,
      3.067798376083374,
      12.116328239440918,
      14.290913581848145,
      16.77911949157715,
      12.802040100097656,
      18.25971794128418,
      20.574068069458008,
      26.155662536621094,
      21.52312469482422,
      31.14755630493164,
      14.270687103271484,
      21.836563110351562,
      7.1300578117370605,
      13.842799186706543,
      2.7362773418426514,
      7.3719587326049805
    ],
    [
      9.601987838745117,
      10.322613716125488,
      17.6265869140625,
      4.459322929382324,
      25.351198196411133,
      4.66337251663208,
      23.1810302734375,
      8.803919792175293,
      26.978282928466797,
      11.591882705688477,
      33.84651565551758,
      14.270687103271484,
      38.736263275146484,
      21.207252502441406,
      31.159101486206055,
      24.223115921020508,
      29.236576080322266,
      25.29671859741211
    ],
    [
      6.199704647064209,
      14.138495445251465,
      9.816618919372559,
      9.000879287719727,
      16.286914825439453,
      10.401888847351074,
      14.101911544799805,
      13.208261489868164,
      20.624101638793945,
      18.597652435302734,
      21.702213287353516,
      21.836563110351562,
      21.207252502441406,
      25.489717483520508,
      17.008108139038086,
      21.4100399017334,
      13.382170677185059,
      15.563693046569824
    ],
    [
      20.84074592590332,
      12.257888793945312,
      21.32529640197754,
      1.1896530389785767,
      25.92254066467285,
      0.4264703392982483,
      13.724808692932129,
      4.1178998947143555,
      22.109189987182617,
      4.799912452697754,
      28.1301326751709,
      7.1300578117370605,
      31.159101486206055,
      17.008108139038086,
      46.1037483215332,
      25.41581916809082,
      41.00490951538086,
      29.018415451049805
    ],
    [
      10.966328620910645,
      13.010111808776855,
      16.811969757080078,
      5.8644866943359375,
      19.651851654052734,
      6.082389831542969,
      15.15371322631836,
      9.098844528198242,
      20.776779174804688,
      11.503028869628906,
      23.280776977539062,
      13.842799186706543,
      24.223115921020508,
      21.4100399017334,
      25.41581916809082,
      28.689002990722656,
      24.41728401184082,
      26.411006927490234
    ],
    [
      18.717607498168945,
      6.418711185455322,
      21.250410079956055,
      1.1157519817352295,
      25.46955108642578,
      -1.266086459159851,
      14.122801780700684,
      2.4729859828948975,
      20.066272735595703,
      1.6653962135314941,
      25.934772491455078,
      2.7362773418426514,
      29.236576080322266,
      13.382170677185059,
      41.00490951538086,
      24.41728401184082,
      51.72452926635742,
      32.847965240478516
    ],
    [
      12.518265724182129,
      9.326349258422852,
      19.41640281677246,
      4.6499857902526855,
      22.165672302246094,
      3.565901517868042,
      14.859726905822754,
      6.253922462463379,
      19.571395874023438,
      6.407015323638916,
      23.064117431640625,
      7.3719587326049805,
      25.29671859741211,
      15.563693046569824,
      29.018415451049805,
      26.411006927490234,
      32.847965240478516,
      37.13138961791992
    ]
  ],
  "covariance_short": [
    [
      32.61970901489258,
      14.905699729919434,
      12.690852165222168,
      1.266279935836792,
      11.931265830993652,
      0.8460568785667419,
      4.721130847930908,
      1.0249608755111694,
      9.733736038208008,
      1.3998805284500122,
      10.051751136779785,
      0.9856052994728088,
      8.568554878234863,
      5.183019638061523,
      15.411659240722656,
      9.275376319885254,
      18.15334701538086,
      13.43751335144043
    ],
    [
      14.905699729919434,
      58.65573501586914,
      21.039409637451172,
      8.265145301818848,
      20.56777572631836,
      9.31906795501709,
      14.922072410583496,
      9.57288646697998,
      22.602956771850586,
      13.022441864013672,
      22.922517776489258,
      14.268689155578613,
      23.988100051879883,
      17.992961883544922,
      23.749361038208008,
      21.921913146972656,
      19.313631057739258,
      21.409652709960938
    ],
    [
      12.690852165222168,
      21.039409637451172,
      28.82852554321289,
      3.053490400314331,
      21.104572296142578,
      1.3575267791748047,
      12.479125022888184,
      2.760094404220581,
      16.879579544067383,
      2.690800905227661,
      19.84044647216797,
      3.0227675437927246,
      21.66241455078125,
      10.112237930297852,
      25.60649299621582,
      17.410022735595703,
      26.140111923217773,
      22.816972732543945
    ],
    [
      1.266279935836792,
      8.265145301818848,
      3.053490400314331,
      16.11988639831543,
      6.898750305175781,
      10.469222068786621,
      6.8769850730896,
      10.250272750854492,
      10.27401351928711,
      13.379899024963379,
      7.033187389373779,
      12.383610725402832,
      6.25632905960083,
      9.35938835144043,
      2.92722749710083,
      7.980781078338623,
      3.6404144763946533,
      8.068772315979004
    ],
    [
      11.931265830993652,
      20.56777572631836,
      21.104572296142578,
      6.898750305175781,
      43.09270095825195,
      11.277191162109375,
      27.43964385986328,
      12.589485168457031,
      33.09479522705078,
      16.134092330932617,
      36.63462829589844,
      16.57463836669922,
      33.55165481567383,
      19.309322357177734,
      33.49412155151367,
      22.825014114379883,
      32.46975326538086,
      27.747928619384766
    ],
    [
      0.8460568785667419,
      9.31906795501709,
      1.3575267791748047,
      10.469222068786621,
      11.277191162109375,
      21.5624942779541,
      9.578864097595215,
      14.413923263549805,
      15.543133735656738,
      19.90730857849121,
      11.660494804382324,
      18.18971061706543,
      8.792518615722656,
      12.94258975982666,
      3.863194227218628,
      9.936627388000488,
      2.812761068344116,
      8.970878601074219
    ],
    [
      4.721130847930908,
      14.922072410583496,
      12.479125022888184,
      6.8769850730896,
      27.43964385986328,
      9.578864097595215,
      50.96049499511719,
      15.100241661071777,
      36.888885498046875,
      16.38436508178711,
      33.67347717285156,
      15.524682998657227,
      34.08855056762695,
      17.352516174316406,
      24.368656158447266,
      19.162214279174805,
      22.97911834716797,
      22.360912322998047
    ],
    [
      1.0249608755111694,
      9.57288646697998,
      2.760094404220581,
      10.250272750854492,
      12.589485168457031,
      14.413923263549805,
      15.100241661071777,
      21.014976501464844,
      18.30562973022461,
      20.47555923461914,
      14.456472396850586,
      19.01582908630371,
      12.061197280883789,
      14.554314613342285,
      7.220335006713867,
      12.144217491149902,
      5.19649600982666,
      10.083462715148926
    ],
    [
      9.733736038208008,
      22.602956771850586,
      16.879579544067383,
      10.27401351928711,
      33.09479522705078,
      15.543133735656738,
      36.888885498046875,
      18.30562973022461,
      48.25933837890625,
      25.417999267578125,
      39.2063102722168,
      23.968172073364258,
      38.10479736328125,
      24.848220825195312,
      31.969406127929688,
      25.98154067993164,
      29.110694885253906,
      27.470399856567383
    ],
    [
      1.3998805284500122,
      13.022441864013672,
      2.690800905227661,
      13.379899024963379,
      16.134092330932617,
      19.90730857849121,
      16.38436508178711,
      20.47555923461914,
      25.417999267578125,
      31.81429100036621,
      19.714130401611328,
      27.28183364868164,
      16.37248992919922,
      20.80154800415039,
      9.082544326782227,
      15.75235366821289,
      5.645906448364258,
      11.744418144226074
    ],
    [
      10.051751136779785,
      22.922517776489258,
      19.84044647216797,
      7.033187389373779,
      36.63462829589844,
      11.660494804382324,
      33.67347717285156,
      14.456472396850586,
      39.2063102722168,
      19.714130401611328,
      59.202293395996094,
      25.120574951171875,
      47.69623565673828,
      25.50476837158203,
      40.756595611572266,
      28.004751205444336,
      37.670143127441406,
      31.234607696533203
    ],
    [
      0.9856052994728088,
      14.268689155578613,
      3.0227675437927246,
      12.383610725402832,
      16.57463836669922,
      18.18971061706543,
      15.524682998657227,
      19.01582908630371,
      23.968172073364258,
      27.28183364868164,
      25.120574951171875,
      34.90327835083008,
      20.545705795288086,
      24.574871063232422,
      12.430646896362305,
      18.528583526611328,
      7.295408725738525,
      12.325345039367676
    ],
    [
      8.568554878234863,
      23.988100051879883,
      21.66241455078125,
      6.25632905960083,
      33.55165481567383,
      8.792518615722656,
      34.08855056762695,
      12.061197280883789,
      38.10479736328125,
      16.37248992919922,
      47.69623565673828,
      20.545705795288086,
      62.017826080322266,
      29.74751091003418,
      52.169044494628906,
      34.1911735534668,
      48.63167190551758,
      36.14051818847656
    ],
    [
      5.183019638061523,
      17.992961883544922,
      10.112237930297852,
      9.35938835144043,
      19.309322357177734,
      12.94258975982666,
      17.352516174316406,
      14.554314613342285,
      24.848220825195312,
      20.80154800415039,
      25.50476837158203,
      24.574871063232422,
      29.74751091003418,
      32.361976623535156,
      24.788307189941406,
      28.625652313232422,
      19.988229751586914,
      22.4642333984375
    ],
    [
      15.411659240722656,
      23.749361038208008,
      25.60649299621582,
      2.92722749710083,
      33.49412155151367,
      3.863194227218628,
      24.368656158447266,
      7.220335006713867,
      31.969406127929688,
      9.082544326782227,
      40.756595611572266,
      12.430646896362305,
      52.169044494628906,
      24.788307189941406,
      69.18949127197266,
      36.38677978515625,
      63.899688720703125,
      39.49951171875
    ],
    [
      9.275376319885254,
      21.921913146972656,
      17.410022735595703,
      7.980781078338623,
      22.825014114379883,
      9.936627388000488,
      19.162214279174805,
      12.144217491149902,
      25.98154067993164,
      15.75235366821289,
      28.004751205444336,
      18.528583526611328,
      34.1911735534668,
      28.625652313232422,
      36.38677978515625,
      40.022789001464844,
      35.24733352661133,
      37.39527130126953
    ],
    [
      18.15334701538086,
      19.313631057739258,
      26.140111923217773,
      3.6404144763946533,
      32.46975326538086,
      2.812761068344116,
      22.97911834716797,
      5.19649600982666,
      29.110694885253906,
      5.645906448364258,
      37.670143127441406,
      7.295408725738525,
      48.63167190551758,
      19.988229751586914,
      63.899688720703125,
      35.24733352661133,
      83.02667999267578,
      50.73822784423828
    ],
    [
      13.43751335144043,
      21.409652709960938,
      22.816972732543945,
      8.068772315979004,
      27.747928619384766,
      8.970878601074219,
      22.360912322998047,
      10.083462715148926,
      27.470399856567383,
      11.744418144226074,
      31.234607696533203,
      12.325345039367676,
      36.14051818847656,
      22.4642333984375,
      39.49951171875,
      37.39527130126953,
      50.73822784423828,
      55.17804718017578
    ]
  ],
  "damage": -4.525554180145264,
  "diff_bandwidth": 765.9361572265625,
  "dissonance": 8.250551862856137,
  "drr": 8.727643966674805,
  "dynamics": 3.2636876106262207,
  "format": 1245190,
  "frames": 10886080,
  "loudness": -10.564376831054688,
  "loudness_range": 8.673735618591309,
  "loudness_range_short": 10.888652801513672,
  "lowpass_true_peak_15khz": 0.6329333186149597,
  "mastering3_acoustic_entropies": [
    {
      "acoustic_entropy": 6.970473766326904,
      "acoustic_entropy_mono": 6.4839396476745605,
      "band_eliminated_acoustic_entropies": [
        {
          "acoustic_entropy": 6.984591960906982,
          "acoustic_entropy_side": 6.970439434051514,
          "hz": 129.47220167065723
        },
        {
          "acoustic_entropy": 7.053741455078125,
          "acoustic_entropy_side": 6.971338272094727,
          "hz": 202.92927478742237
        },
        {
          "acoustic_entropy": 7.151294708251953,
          "acoustic_entropy_side": 6.976484298706055,
          "hz": 282.89161906338205
        },
        {
          "acoustic_entropy": 6.992940902709961,
          "acoustic_entropy_side": 6.9685869216918945,
          "hz": 369.9353335868758
        },
        {
          "acoustic_entropy": 7.530178070068359,
          "acoustic_entropy_side": 6.918289661407471,
          "hz": 464.6875360973435
        },
        {
          "acoustic_entropy": 6.744164943695068,
          "acoustic_entropy_side": 6.311892509460449,
          "hz": 567.8308811364784
        },
        {
          "acoustic_entropy": 7.359567165374756,
          "acoustic_entropy_side": 7.15440034866333,
          "hz": 680.1084783214808
        },
        {
          "acoustic_entropy": 6.723219394683838,
          "acoustic_entropy_side": 6.8607707023620605,
          "hz": 802.3292461747484
        },
        {
          "acoustic_entropy": 7.814114093780518,
          "acoustic_entropy_side": 6.496244430541992,
          "hz": 935.3737400823702
        },
        {
          "acoustic_entropy": 6.982051372528076,
          "acoustic_entropy_side": 6.890375137329102,
          "hz": 1080.2004963696966
        },
        {
          "acoustic_entropy": 7.229942798614502,
          "acoustic_entropy_side": 7.101008892059326,
          "hz": 1237.8529382007157
        },
        {
          "acoustic_entropy": 6.3942036628723145,
          "acoustic_entropy_side": 6.964275360107422,
          "hz": 1409.4668930556702
        },
        {
          "acoustic_entropy": 6.877211570739746,
          "acoustic_entropy_side": 6.919013023376465,
          "hz": 1596.2787759475705
        },
        {
          "acoustic_entropy": 7.132759094238281,
          "acoustic_entropy_side": 6.953724384307861,
          "hz": 1799.6344973346393
        },
        {
          "acoustic_entropy": 7.521711826324463,
          "acoustic_entropy_side": 6.943848609924316,
          "hz": 2020.9991599069049
        },
        {
          "acoustic_entropy": 7.102145195007324,
          "acoustic_entropy_side": 6.958359241485596,
          "hz": 2261.9676141086993
        },
        {
          "acoustic_entropy": 6.558863639831543,
          "acoustic_entropy_side": 6.963184356689453,
          "hz": 2524.2759484456974
        },
        {
          "acoustic_entropy": 7.048946857452393,
          "acoustic_entropy_side": 6.967837810516357,
          "hz": 2809.813997359896
        },
        {
          "acoustic_entropy": 7.326545238494873,
          "acoustic_entropy_side": 6.9874491691589355,
          "hz": 3120.6389567871424
        },
        {
          "acoustic_entropy": 7.0285325050354,
          "acoustic_entropy_side": 6.9692487716674805,
          "hz": 3458.990205492291
        },
        {
          "acoustic_entropy": 7.0626397132873535,
          "acoustic_entropy_side": 6.975954055786133,
          "hz": 3827.305438964164
        },
        {
          "acoustic_entropy": 6.502083778381348,
          "acoustic_entropy_side": 6.9717488288879395,
          "hz": 4228.238232109126
        },
        {
          "acoustic_entropy": 6.907700538635254,
          "acoustic_entropy_side": 6.968567371368408,
          "hz": 4664.6771572759235
        },
        {
          "acoustic_entropy": 6.8833489418029785,
          "acoustic_entropy_side": 6.966202259063721,
          "hz": 5139.766595350093
        },
        {
          "acoustic_entropy": 6.87316370010376,
          "acoustic_entropy_side": 6.967104911804199,
          "hz": 5656.929389854203
        },
        {
          "acoustic_entropy": 6.913336277008057,
          "acoustic_entropy_side": 6.965884208679199,
          "hz": 6219.891507268283
        },
        {
          "acoustic_entropy": 6.940782070159912,
          "acoustic_entropy_side": 6.959600448608398,
          "hz": 6832.70888123896
        },
        {
          "acoustic_entropy": 6.940910339355469,
          "acoustic_entropy_side": 6.96065092086792,
          "hz": 7499.796634079867
        },
        {
          "acoustic_entropy": 6.91789436340332,
          "acoustic_entropy_side": 6.9624738693237305,
          "hz": 8225.96088609342
        },
        {
          "acoustic_entropy": 6.924289226531982,
          "acoustic_entropy_side": 6.969089508056641,
          "hz": 9016.43338188839
        },
        {
          "acoustic_entropy": 6.914130210876465,
          "acoustic_entropy_side": 6.970442295074463,
          "hz": 9876.909183162974
        },
        {
          "acoustic_entropy": 6.915493011474609,
          "acoustic_entropy_side": 6.968082427978516,
          "hz": 10813.587699516042
        },
        {
          "acoustic_entropy": 6.942627906799316,
          "acoustic_entropy_side": 6.968474388122559,
          "hz": 11833.21735289826
        },
        {
          "acoustic_entropy": 6.920177459716797,
          "acoustic_entropy_side": 6.968912601470947,
          "hz": 12943.144197493959
        },
        {
          "acoustic_entropy": 6.934539318084717,
          "acoustic_entropy_side": 6.969902515411377,
          "hz": 14151.364845322005
        },
        {
          "acoustic_entropy": 6.995981693267822,
          "acoustic_entropy_side": 6.971207618713379,
          "hz": 15466.58407886509
        },
        {
          "acoustic_entropy": 6.991522789001465,
          "acoustic_entropy_side": 6.971246242523193,
          "hz": 16898.27756580493
        },
        {
          "acoustic_entropy": 6.991631984710693,
          "acoustic_entropy_side": 6.970554351806641,
          "hz": 18456.760127700032
        },
        {
          "acoustic_entropy": 6.976306915283203,
          "acoustic_entropy_side": 6.970479488372803,
          "hz": 20153.260054456492
        },
        {
          "acoustic_entropy": 6.971760272979736,
          "acoustic_entropy_side": 6.970510959625244,
          "hz": 22000.00000000001
        }
      ],
      "diff_acoustic_entropy": 5.623828887939453,
      "sn": 6
    },
    {
      "acoustic_entropy": 12.106062889099121,
      "acoustic_entropy_mono": 10.676891326904297,
      "band_eliminated_acoustic_entropies": [
        {
          "acoustic_entropy": 12.057805061340332,
          "acoustic_entropy_side": 12.105494499206543,
          "hz": 129.47220167065723
        },
        {
          "acoustic_entropy": 12.027360916137695,
          "acoustic_entropy_side": 12.097408294677734,
          "hz": 202.92927478742237
        },
        {
          "acoustic_entropy": 12.226633071899414,
          "acoustic_entropy_side": 12.018234252929688,
          "hz": 282.89161906338205
        },
        {
          "acoustic_entropy": 11.976130485534668,
          "acoustic_entropy_side": 12.206976890563965,
          "hz": 369.9353335868758
        },
        {
          "acoustic_entropy": 11.872438430786133,
          "acoustic_entropy_side": 12.33178997039795,
          "hz": 464.6875360973435
        },
        {
          "acoustic_entropy": 11.988680839538574,
          "acoustic_entropy_side": 12.4070405960083,
          "hz": 567.8308811364784
        },
        {
          "acoustic_entropy": 11.982569694519043,
          "acoustic_entropy_side": 12.396556854248047,
          "hz": 680.1084783214808
        },
        {
          "acoustic_entropy": 11.70960807800293,
          "acoustic_entropy_side": 12.341835021972656,
          "hz": 802.3292461747484
        },
        {
          "acoustic_entropy": 12.083076477050781,
          "acoustic_entropy_side": 12.083635330200195,
          "hz": 935.3737400823702
        },
        {
          "acoustic_entropy": 11.436484336853027,
          "acoustic_entropy_side": 12.337095260620117,
          "hz": 1080.2004963696966
        },
        {
          "acoustic_entropy": 11.828167915344238,
          "acoustic_entropy_side": 12.049772262573242,
          "hz": 1237.8529382007157
        },
        {
          "acoustic_entropy": 12.22231388092041,
          "acoustic_entropy_side": 12.004144668579102,
          "hz": 1409.4668930556702
        },
        {
          "acoustic_entropy": 11.847840309143066,
          "acoustic_entropy_side": 11.994820594787598,
          "hz": 1596.2787759475705
        },
        {
          "acoustic_entropy": 11.967724800109863,
          "acoustic_entropy_side": 12.11521053314209,
          "hz": 1799.6344973346393
        },
        {
          "acoustic_entropy": 12.295241355895996,
          "acoustic_entropy_side": 12.102178573608398,
          "hz": 2020.9991599069049
        },
        {
          "acoustic_entropy": 12.29439926147461,
          "acoustic_entropy_side": 12.010881423950195,
          "hz": 2261.9676141086993
        },
        {
          "acoustic_entropy": 11.592287063598633,
          "acoustic_entropy_side": 11.917160987854004,
          "hz": 2524.2759484456974
        },
        {
          "acoustic_entropy": 12.106206893920898,
          "acoustic_entropy_side": 12.07569694519043,
          "hz": 2809.813997359896
        },
        {
          "acoustic_entropy": 12.679509162902832,
          "acoustic_entropy_side": 12.075688362121582,
          "hz": 3120.6389567871424
        },
        {
          "acoustic_entropy": 12.188855171203613,
          "acoustic_entropy_side": 12.063962936401367,
          "hz": 3458.990205492291
        },
        {
          "acoustic_entropy": 12.344789505004883,
          "acoustic_entropy_side": 12.114001274108887,
          "hz": 3827.305438964164
        },
        {
          "acoustic_entropy": 11.934070587158203,
          "acoustic_entropy_side": 12.05831241607666,
          "hz": 4228.238232109126
        },
        {
          "acoustic_entropy": 12.212059020996094,
          "acoustic_entropy_side": 12.071762084960938,
          "hz": 4664.6771572759235
        },
        {
          "acoustic_entropy": 12.14907455444336,
          "acoustic_entropy_side": 12.054914474487305,
          "hz": 5139.766595350093
        },
        {
          "acoustic_entropy": 11.996370315551758,
          "acoustic_entropy_side": 12.045851707458496,
          "hz": 5656.929389854203
        },
        {
          "acoustic_entropy": 12.034798622131348,
          "acoustic_entropy_side": 12.035395622253418,
          "hz": 6219.891507268283
        },
        {
          "acoustic_entropy": 11.928021430969238,
          "acoustic_entropy_side": 12.06270980834961,
          "hz": 6832.70888123896
        },
        {
          "acoustic_entropy": 11.916191101074219,
          "acoustic_entropy_side": 12.05369758605957,
          "hz": 7499.796634079867
        },
        {
          "acoustic_entropy": 11.952942848205566,
          "acoustic_entropy_side": 12.063517570495605,
          "hz": 8225.96088609342
        },
        {
          "acoustic_entropy": 11.96396255493164,
          "acoustic_entropy_side": 12.089546203613281,
          "hz": 9016.43338188839
        },
        {
          "acoustic_entropy": 11.958420753479004,
          "acoustic_entropy_side": 12.100640296936035,
          "hz": 9876.909183162974
        },
        {
          "acoustic_entropy": 11.889047622680664,
          "acoustic_entropy_side": 12.061144828796387,
          "hz": 10813.587699516042
        },
        {
          "acoustic_entropy": 11.739657402038574,
          "acoustic_entropy_side": 12.041234970092773,
          "hz": 11833.21735289826
        },
        {
          "acoustic_entropy": 11.864263534545898,
          "acoustic_entropy_side": 12.028380393981934,
          "hz": 12943.144197493959
        },
        {
          "acoustic_entropy": 11.877751350402832,
          "acoustic_entropy_side": 12.03419303894043,
          "hz": 14151.364845322005
        },
        {
          "acoustic_entropy": 11.949270248413086,
          "acoustic_entropy_side": 12.082688331604004,
          "hz": 15466.58407886509
        },
        {
          "acoustic_entropy": 12.032626152038574,
          "acoustic_entropy_side": 12.090821266174316,
          "hz": 16898.27756580493
        },
        {
          "acoustic_entropy": 12.010322570800781,
          "acoustic_entropy_side": 12.079249382019043,
          "hz": 18456.760127700032
        },
        {
          "acoustic_entropy": 12.070480346679688,
          "acoustic_entropy_side": 12.088973045349121,
          "hz": 20153.260054456492
        },
        {
          "acoustic_entropy": 12.06749439239502,
          "acoustic_entropy_side": 12.09695053100586,
          "hz": 22000.00000000001
        }
      ],
      "diff_acoustic_entropy": 8.165350914001465,
      "sn": 12
    },
    {
      "acoustic_entropy": 16.809194564819336,
      "acoustic_entropy_mono": 16.068941116333008,
      "band_eliminated_acoustic_entropies": [
        {
          "acoustic_entropy": 16.988590240478516,
          "acoustic_entropy_side": 16.842809677124023,
          "hz": 129.47220167065723
        },
        {
          "acoustic_entropy": 17.129919052124023,
          "acoustic_entropy_side": 17.208152770996094,
          "hz": 202.92927478742237
        },
        {
          "acoustic_entropy": 18.25663948059082,
          "acoustic_entropy_side": 18.09095573425293,
          "hz": 282.89161906338205
        },
        {
          "acoustic_entropy": 17.47824478149414,
          "acoustic_entropy_side": 16.860578536987305,
          "hz": 369.9353335868758
        },
        {
          "acoustic_entropy": 17.321361541748047,
          "acoustic_entropy_side": 16.95796775817871,
          "hz": 464.6875360973435
        },
        {
          "acoustic_entropy": 17.265127182006836,
          "acoustic_entropy_side": 16.87384796142578,
          "hz": 567.8308811364784
        },
        {
          "acoustic_entropy": 16.994522094726562,
          "acoustic_entropy_side": 16.886838912963867,
          "hz": 680.1084783214808
        },
        {
          "acoustic_entropy": 16.7777156829834,
          "acoustic_entropy_side": 17.49657440185547,
          "hz": 802.3292461747484
        },
        {
          "acoustic_entropy": 17.318021774291992,
          "acoustic_entropy_side": 16.84894371032715,
          "hz": 935.3737400823702
        },
        {
          "acoustic_entropy": 17.078693389892578,
          "acoustic_entropy_side": 17.216876983642578,
          "hz": 1080.2004963696966
        },
        {
          "acoustic_entropy": 16.483970642089844,
          "acoustic_entropy_side": 17.06591033935547,
          "hz": 1237.8529382007157
        },
        {
          "acoustic_entropy": 17.274662017822266,
          "acoustic_entropy_side": 16.912046432495117,
          "hz": 1409.4668930556702
        },
        {
          "acoustic_entropy": 16.908235549926758,
          "acoustic_entropy_side": 16.950895309448242,
          "hz": 1596.2787759475705
        },
        {
          "acoustic_entropy": 17.667463302612305,
          "acoustic_entropy_side": 16.884174346923828,
          "hz": 1799.6344973346393
        },
        {
          "acoustic_entropy": 16.59814453125,
          "acoustic_entropy_side": 16.735414505004883,
          "hz": 2020.9991599069049
        },
        {
          "acoustic_entropy": 17.267066955566406,
          "acoustic_entropy_side": 17.12266731262207,
          "hz": 2261.9676141086993
        },
        {
          "acoustic_entropy": 16.470094680786133,
          "acoustic_entropy_side": 17.08670425415039,
          "hz": 2524.2759484456974
        },
        {
          "acoustic_entropy": 17.14858055114746,
          "acoustic_entropy_side": 16.78217315673828,
          "hz": 2809.813997359896
        },
        {
          "acoustic_entropy": 16.739749908447266,
