{
  "acoustic_entropy": 186.56857299804688,
  "bands": [
    {
      "high_freq": 148.1999969482422,
      "loudness": -23.526811599731445,
      "loudness_range": 18.553115844726562,
      "mid_mean": -20.159839630126953,
      "mid_to_side_loudness": -15.297933578491211,
      "mid_to_side_loudness_range": 25.2840576171875,
      "side_mean": -37.2989387512207
    },
    {
      "high_freq": 392.3793640136719,
      "loudness": -22.29145050048828,
      "loudness_range": 9.175209045410156,
      "low_freq": 148.1999969482422,
      "mid_mean": -19.364221572875977,
      "mid_to_side_loudness": -7.999832630157471,
      "mid_to_side_loudness_range": 12.439718246459961,
      "side_mean": -28.098207473754883
    },
    {
      "high_freq": 794.6976318359375,
      "loudness": -23.932437896728516,
      "loudness_range": 8.774551391601562,
      "low_freq": 392.3793640136719,
      "mid_mean": -21.73794937133789,
      "mid_to_side_loudness": -4.29573917388916,
      "mid_to_side_loudness_range": 8.051671028137207,
      "side_mean": -26.552526473999023
    },
    {
      "high_freq": 1457.5709228515625,
      "loudness": -27.74922752380371,
      "loudness_range": 8.723237991333008,
      "low_freq": 794.6976318359375,
      "mid_mean": -25.397605895996094,
      "mid_to_side_loudness": -4.948211669921875,
      "mid_to_side_loudness_range": 9.422982215881348,
      "side_mean": -31.10548210144043
    },
    {
      "high_freq": 2549.74365234375,
      "loudness": -27.194841384887695,
      "loudness_range": 12.891914367675781,
      "low_freq": 1457.5709228515625,
      "mid_mean": -24.492185592651367,
      "mid_to_side_loudness": -7.304352760314941,
      "mid_to_side_loudness_range": 11.38049602508545,
      "side_mean": -31.95145034790039
    },
    {
      "high_freq": 4349.24462890625,
      "loudness": -26.178695678710938,
      "loudness_range": 13.755674362182617,
      "low_freq": 2549.74365234375,
      "mid_mean": -23.26961326599121,
      "mid_to_side_loudness": -10.167149543762207,
      "mid_to_side_loudness_range": 14.59527587890625,
      "side_mean": -34.14497375488281
    },
    {
      "high_freq": 7314.1640625,
      "loudness": -32.83675765991211,
      "loudness_range": 15.106443405151367,
      "low_freq": 4349.24462890625,
      "mid_mean": -29.945388793945312,
      "mid_to_side_loudness": -9.666105270385742,
      "mid_to_side_loudness_range": 17.91023826599121,
      "side_mean": -40.578575134277344
    },
    {
      "high_freq": 12199.2666015625,
      "loudness": -37.30387878417969,
      "loudness_range": 16.09579849243164,
      "low_freq": 7314.1640625,
      "mid_mean": -34.9284782409668,
      "mid_to_side_loudness": -6.21266508102417,
      "mid_to_side_loudness_range": 13.927886962890625,
      "side_mean": -41.483917236328125
    },
    {
      "loudness": -43.139198303222656,
      "loudness_range": 24.3726749420166,
      "low_freq": 12199.2666015625,
      "mid_mean": -40.4364128112793,
      "mid_to_side_loudness": -10.520401954650879,
      "mid_to_side_loudness_range": 18.985179901123047,
      "side_mean": -53.096920013427734
    }
  ],
  "bands_short": [
    {
      "high_freq": 148.1999969482422,
      "loudness": -27.905263900756836,
      "loudness_range": 27.367145538330078,
      "mid_mean": -25.480649948120117,
      "mid_to_side_loudness": -11.273146629333496,
      "mid_to_side_loudness_range": 29.049076080322266,
      "side_mean": -40.028621673583984
    },
    {
      "high_freq": 392.3793640136719,
      "loudness": -22.982152938842773,
      "loudness_range": 12.97314739227295,
      "low_freq": 148.1999969482422,
      "mid_mean": -20.21634864807129,
      "mid_to_side_loudness": -8.5836820602417,
      "mid_to_side_loudness_range": 15.070512771606445,
      "side_mean": -29.34349822998047
    },
    {
      "high_freq": 794.6976318359375,
      "loudness": -23.759157180786133,
      "loudness_range": 9.303131103515625,
      "low_freq": 392.3793640136719,
      "mid_mean": -21.633127212524414,
      "mid_to_side_loudness": -4.49188756942749,
      "mid_to_side_loudness_range": 11.109407424926758,
      "side_mean": -26.788667678833008
    },
    {
      "high_freq": 1457.5709228515625,
      "loudness": -27.985116958618164,
      "loudness_range": 11.328136444091797,
      "low_freq": 794.6976318359375,
      "mid_mean": -25.69329071044922,
      "mid_to_side_loudness": -5.253743648529053,
      "mid_to_side_loudness_range": 11.073286056518555,
      "side_mean": -31.418758392333984
    },
    {
      "high_freq": 2549.74365234375,
      "loudness": -27.706912994384766,
      "loudness_range": 15.148357391357422,
      "low_freq": 1457.5709228515625,
      "mid_mean": -25.18681526184082,
      "mid_to_side_loudness": -7.072576999664307,
      "mid_to_side_loudness_range": 12.886542320251465,
      "side_mean": -32.33241653442383
    },
    {
      "high_freq": 4349.24462890625,
      "loudness": -26.666717529296875,
      "loudness_range": 16.84079933166504,
      "low_freq": 2549.74365234375,
      "mid_mean": -23.91283416748047,
      "mid_to_side_loudness": -10.072652816772461,
      "mid_to_side_loudness_range": 16.735733032226562,
      "side_mean": -34.615901947021484
    },
    {
      "high_freq": 7314.1640625,
      "loudness": -33.9328727722168,
      "loudness_range": 19.48365020751953,
      "low_freq": 4349.24462890625,
      "mid_mean": -31.11397361755371,
      "mid_to_side_loudness": -9.87230110168457,
      "mid_to_side_loudness_range": 20.142913818359375,
      "side_mean": -42.1961669921875
    },
    {
      "high_freq": 12199.2666015625,
      "loudness": -39.32353973388672,
      "loudness_range": 19.65921974182129,
      "low_freq": 7314.1640625,
      "mid_mean": -36.8536262512207,
      "mid_to_side_loudness": -7.407163143157959,
      "mid_to_side_loudness_range": 16.676664352416992,
      "side_mean": -45.0505256652832
    },
    {
      "loudness": -45.26801300048828,
      "loudness_range": 28.606996536254883,
      "low_freq": 12199.2666015625,
      "mid_mean": -42.555538177490234,
      "mid_to_side_loudness": -12.699140548706055,
      "mid_to_side_loudness_range": 22.11772918701172,
      "side_mean": -57.129459381103516
    }
  ],
  "bandwidth": 512.8369140625,
  "channels": 2,
  "covariance": [
    [
      56.02576446533203,
      8.182969093322754,
      12.407949447631836,
      7.189547061920166,
      0.35066142678260803,
      1.4991286993026733,
      2.875901460647583,
      3.492032766342163,
      0.15192392468452454,
      4.478841304779053,
      3.0585808753967285,
      5.11325216293335,
      -0.14199981093406677,
      0.16554854810237885,
      -4.245504379272461,
      7.645974159240723,
      -12.829560279846191,
      6.75656795501709
    ],
    [
      8.182969093322754,
      27.208589553833008,
      9.343688011169434,
      14.05259895324707,
      2.344996452331543,
      11.218619346618652,
      5.527063846588135,
      10.678805351257324,
      9.247241973876953,
      13.17496395111084,
      7.91006326675415,
      14.1428804397583,
      7.5515289306640625,
      12.805862426757812,
      6.762402534484863,
      13.992114067077637,
      -6.143221855163574,
      7.744359970092773
    ],
    [
      12.407949447631836,
      9.343688011169434,
      21.60847282409668,
      15.27564811706543,
      5.865995407104492,
      10.278938293457031,
      8.18448257446289,
      12.23055362701416,
      6.172627925872803,
      9.964056968688965,
      7.640333652496338,
      10.551560401916504,
      6.416750431060791,
      7.059772491455078,
      7.435861587524414,
      9.822599411010742,
      0.07361160218715668,
      11.733400344848633
    ],
    [
      7.189547061920166,
      14.05259895324707,
      15.27564811706543,
      28.211959838867188,
      4.93710994720459,
      15.608002662658691,
      4.45790958404541,
      14.2466402053833,
      5.128304958343506,
      13.17020034790039,
      4.699838161468506,
      15.155743598937988,
      4.8755927085876465,
      14.448742866516113,
      6.134091854095459,
      12.972841262817383,
      -1.3359469175338745,
      13.007308959960938
    ],
    [
      0.35066142678260803,
      2.344996452331543,
      5.865995407104492,
      4.93710994720459,
      14.164912223815918,
      8.535995483398438,
      7.479541301727295,
      4.293729782104492,
      3.97786283493042,
      3.6483373641967773,
      4.8694539070129395,
      4.249903202056885,
      7.529694557189941,
      3.279777765274048,
      7.727479457855225,
      3.8787789344787598,
      6.109598159790039,
      1.2409167289733887
    ],
    [
      1.4991286993026733,
      11.218619346618652,
      10.278938293457031,
      15.608002662658691,
      8.535995483398438,
      20.279190063476562,
      8.584921836853027,
      15.493030548095703,
      9.368302345275879,
      12.808032989501953,
      10.89856243133545,
      14.339713096618652,
      10.221251487731934,
      12.087250709533691,
      10.575655937194824,
      12.240180969238281,
      10.592402458190918,
      14.388193130493164
    ],
    [
      2.875901460647583,
      5.527063846588135,
      8.18448257446289,
      4.45790958404541,
      7.479541301727295,
      8.584921836853027,
      18.47247886657715,
      13.263986587524414,
      17.792491912841797,
      13.584709167480469,
      19.78095054626465,
      11.923149108886719,
      20.231822967529297,
      7.735309600830078,
      17.880903244018555,
      9.134177207946777,
      15.745807647705078,
      11.631403923034668
    ],
    [
      3.492032766342163,
      10.678805351257324,
      12.23055362701416,
      14.2466402053833,
      4.293729782104492,
      15.493030548095703,
      13.263986587524414,
      26.260337829589844,
      14.912654876708984,
      18.059640884399414,
      16.008865356445312,
      14.736223220825195,
      14.580669403076172,
      11.401834487915039,
      13.982014656066895,
      10.673238754272461,
      12.304330825805664,
      16.846267700195312
    ],
    [
      0.15192392468452454,
      9.247241973876953,
      6.172627925872803,
      5.128304958343506,
      3.97786283493042,
      9.368302345275879,
      17.792491912841797,
      14.912654876708984,
      31.419878005981445,
      21.9749698638916,
      31.469852447509766,
      18.25425148010254,
      30.37220573425293,
      13.556640625,
      23.644210815429688,
      14.103575706481934,
      22.057125091552734,
      17.53709602355957
    ],
    [
      4.478841304779053,
      13.17496395111084,
      9.964056968688965,
      13.17020034790039,
      3.6483373641967773,
      12.808032989501953,
      13.584709167480469,
      18.059640884399414,
      21.9749698638916,
      27.09771728515625,
      20.230966567993164,
      20.152090072631836,
      18.905128479003906,
      14.273510932922363,
      15.993669509887695,
      12.862156867980957,
      13.39488410949707,
      15.11104679107666
    ],
    [
      3.0585808753967285,
      7.91006326675415,
      7.640333652496338,
      4.699838161468506,
      4.8694539070129395,
      10.89856243133545,
      19.78095054626465,
      16.008865356445312,
      31.469852447509766,
      20.230966567993164,
      39.131893157958984,
      18.40886878967285,
      34.118186950683594,
      11.87902545928955,
      25.54424476623535,
      14.301861763000488,
      24.084110260009766,
      17.60935401916504
    ],
    [
      5.11325216293335,
      14.1428804397583,
      10.551560401916504,
      15.155743598937988,
      4.249903202056885,
      14.339713096618652,
      11.923149108886719,
      14.736223220825195,
      18.25425148010254,
      20.152090072631836,
      18.40886878967285,
      22.39352798461914,
      16.741336822509766,
      14.92020320892334,
      14.728580474853516,
      18.113447189331055,
      13.101844787597656,
      17.84101104736328
    ],
    [
      -0.14199981093406677,
      7.5515289306640625,
      6.416750431060791,
      4.8755927085876465,
      7.529694557189941,
      10.221251487731934,
      20.231822967529297,
      14.580669403076172,
      30.37220573425293,
      18.905128479003906,
      34.118186950683594,
      16.741336822509766,
      40.95103073120117,
      13.92987060546875,
      30.583478927612305,
      15.573385238647461,
      28.771465301513672,
      17.94486427307129
    ],
    [
      0.16554854810237885,
      12.805862426757812,
      7.059772491455078,
      14.448742866516113,
      3.279777765274048,
      12.087250709533691,
      7.735309600830078,
      11.401834487915039,
      13.556640625,
      14.273510932922363,
      11.87902545928955,
      14.92020320892334,
      13.92987060546875,
      28.505884170532227,
      15.883647918701172,
      21.402618408203125,
      11.290680885314941,
      23.924274444580078
    ],
    [
      -4.245504379272461,
      6.762402534484863,
      7.435861587524414,
      6.134091854095459,
      7.727479457855225,
      10.575655937194824,
      17.880903244018555,
      13.982014656066895,
      23.644210815429688,
      15.993669509887695,
      25.54424476623535,
      14.728580474853516,
      30.583478927612305,
      15.883647918701172,
      36.413795471191406,
      19.292499542236328,
      34.10517501831055,
      23.510419845581055
    ],
    [
      7.645974159240723,
      13.992114067077637,
      9.822599411010742,
      12.972841262817383,
      3.8787789344787598,
      12.240180969238281,
      9.134177207946777,
      10.673238754272461,
      14.103575706481934,
      12.862156867980957,
      14.301861763000488,
      18.113447189331055,
      15.573385238647461,
      21.402618408203125,
      19.292499542236328,
      31.778587341308594,
      19.050615310668945,
      32.28437805175781
    ],
    [
      -12.829560279846191,
      -6.143221855163574,
      0.07361160218715668,
      -1.3359469175338745,
      6.109598159790039,
      10.592402458190918,
      15.745807647705078,
      12.304330825805664,
      22.057125091552734,
      13.39488410949707,
      24.084110260009766,
      13.101844787597656,
      28.771465301513672,
      11.290680885314941,
      34.10517501831055,
      19.050615310668945,
      69.41646575927734,
      34.364131927490234
    ],
    [
      6.75656795501709,
      7.744359970092773,
      11.733400344848633,
      13.007308959960938,
      1.2409167289733887,
      14.388193130493164,
      11.631403923034668,
      16.846267700195312,
      17.53709602355957,
      15.11104679107666,
      17.60935401916504,
      17.84101104736328,
      17.94486427307129,
      23.924274444580078,
      23.510419845581055,
      32.28437805175781,
      34.364131927490234,
      77.51290893554688
    ]
  ],
  "covariance_short": [
    [
      111.7918472290039,
      17.6350154876709,
      23.344024658203125,
      10.595560073852539,
      6.430643558502197,
      7.784704685211182,
      3.2201614379882812,
      7.86123514175415,
      2.3012189865112305,
      10.275728225708008,
      5.306702136993408,
      11.056924819946289,
      2.9846715927124023,
      10.071187973022461,
      6.076040744781494,
      21.851417541503906,
      -11.605770111083984,
      13.794303894042969
    ],
    [
      17.6350154876709,
      49.45858383178711,
      11.838940620422363,
      16.957326889038086,
      4.76239013671875,
      14.477478981018066,
      8.900694847106934,
      13.496333122253418,
      12.439430236816406,
      17.011690139770508,
      8.957062721252441,
      17.025548934936523,
      11.695513725280762,
      16.352333068847656,
      10.421648979187012,
      14.939857482910156,
      -5.9547648429870605,
      4.448431491851807
    ],
    [
      23.344024658203125,
      11.838940620422363,
      36.8609504699707,
      21.206741333007812,
      9.382206916809082,
      13.408689498901367,
      11.393854141235352,
      17.082603454589844,
      10.892715454101562,
      15.535473823547363,
      12.2794189453125,
      14.065500259399414,
      12.648133277893066,
      12.441893577575684,
      12.72460651397705,
      16.908466339111328,
      6.244137763977051,
      17.90420150756836
    ],
    [
      10.595560073852539,
      16.957326889038086,
      21.206741333007812,
      34.80701446533203,
      8.28458023071289,
      15.830790519714355,
      6.419377326965332,
      12.996856689453125,
      5.58565092086792,
      12.970661163330078,
      2.1444251537323,
      15.991716384887695,
      7.205135345458984,
      14.882781028747559,
      9.278944969177246,
      17.12122917175293,
      0.9853252172470093,
      13.246256828308105
    ],
    [
      6.430643558502197,
      4.76239013671875,
      9.382206916809082,
      8.28458023071289,
      19.543947219848633,
      10.01172924041748,
      8.1475191116333,
      6.369113922119141,
      5.9770307540893555,
      5.235145092010498,
      6.28342342376709,
      6.33207893371582,
      9.118033409118652,
      5.376204967498779,
      9.430508613586426,
      6.948008060455322,
      8.001479148864746,
      6.698274612426758
    ],
    [
      7.784704685211182,
      14.477478981018066,
      13.408689498901367,
      15.830790519714355,
      10.01172924041748,
      24.137861251831055,
      9.755850791931152,
      16.189647674560547,
      9.96562671661377,
      14.10036849975586,
      10.895059585571289,
      14.833462715148926,
      10.622244834899902,
      14.449843406677246,
      10.603028297424316,
      12.970904350280762,
      8.800910949707031,
      13.461163520812988
    ],
    [
      3.2201614379882812,
      8.900694847106934,
      11.393854141235352,
      6.419377326965332,
      8.1475191116333,
      9.755850791931152,
      26.543405532836914,
      20.899545669555664,
      24.01163673400879,
      18.2503662109375,
      25.09345245361328,
      16.19845199584961,
      29.239736557006836,
      14.969929695129395,
      25.364511489868164,
      13.43395709991455,
      21.01307487487793,
      16.065563201904297
    ],
    [
      7.86123514175415,
      13.496333122253418,
      17.082603454589844,
      12.996856689453125,
      6.369113922119141,
      16.189647674560547,
      20.899545669555664,
      32.841697692871094,
      20.36976432800293,
      23.99423599243164,
      19.642915725708008,
      19.52480125427246,
      22.524856567382812,
      17.625932693481445,
      21.42829132080078,
      16.36673355102539,
      17.950029373168945,
      18.64410400390625
    ],
    [
      2.3012189865112305,
      12.439430236816406,
      10.892715454101562,
      5.58565092086792,
      5.9770307540893555,
      9.96562671661377,
      24.01163673400879,
      20.36976432800293,
      41.793052673339844,
      26.616947174072266,
      40.015533447265625,
      21.856037139892578,
      44.154788970947266,
      20.068857192993164,
      36.32151412963867,
      19.90845489501953,
      32.64918899536133,
      22.758440017700195
    ],
    [
      10.275728225708008,
      17.011690139770508,
      15.535473823547363,
      12.970661163330078,
      5.235145092010498,
      14.10036849975586,
      18.2503662109375,
      23.99423599243164,
      26.616947174072266,
      32.561885833740234,
      23.851423263549805,
      23.00531578063965,
      26.413679122924805,
      18.621185302734375,
      22.648208618164062,
      18.93783187866211,
      18.387521743774414,
      18.024085998535156
    ],
    [
      5.306702136993408,
      8.957062721252441,
      12.2794189453125,
      2.1444251537323,
      6.28342342376709,
      10.895059585571289,
      25.09345245361328,
      19.642915725708008,
      40.015533447265625,
      23.851423263549805,
      53.034523010253906,
      20.98648452758789,
      48.4649658203125,
      17.132816314697266,
      39.01902770996094,
      17.383901596069336,
      35.67903137207031,
      22.48812484741211
    ],
    [
      11.056924819946289,
      17.025548934936523,
      14.065500259399414,
      15.991716384887695,
      6.33207893371582,
      14.833462715148926,
      16.19845199584961,
      19.52480125427246,
      21.856037139892578,
      23.00531578063965,
      20.98648452758789,
      26.89126205444336,
      24.373668670654297,
      20.33383560180664,
      22.303733825683594,
      23.89505958557129,
      18.180078506469727,
      22.140098571777344
    ],
    [
      2.9846715927124023,
      11.695513725280762,
      12.648133277893066,
      7.205135345458984,
      9.118033409118652,
      10.622244834899902,
      29.239736557006836,
      22.524856567382812,
      44.154788970947266,
      26.413679122924805,
      48.4649658203125,
      24.373668670654297,
      60.150699615478516,
      24.272361755371094,
      49.13397216796875,
      25.503131866455078,
      41.69641876220703,
      29.491445541381836
    ],
    [
      10.071187973022461,
      16.352333068847656,
      12.441893577575684,
      14.882781028747559,
      5.376204967498779,
      14.449843406677246,
      14.969929695129395,
      17.625932693481445,
      20.068857192993164,
      18.621185302734375,
      17.132816314697266,
      20.33383560180664,
      24.272361755371094,
      45.797157287597656,
      28.656932830810547,
      42.87637710571289,
      22.345935821533203,
      43.028865814208984
    ],
    [
      6.076040744781494,
      10.421648979187012,
      12.72460651397705,
      9.278944969177246,
      9.430508613586426,
      10.603028297424316,
      25.364511489868164,
      21.42829132080078,
      36.32151412963867,
      22.648208618164062,
      39.01902770996094,
      22.303733825683594,
      49.13397216796875,
      28.656932830810547,
      55.31372833251953,
      36.1235466003418,
      46.10675811767578,
      40.147727966308594
    ],
    [
      21.851417541503906,
      14.939857482910156,
      16.908466339111328,
      17.12122917175293,
      6.948008060455322,
      12.970904350280762,
      13.43395709991455,
      16.36673355102539,
      19.90845489501953,
      18.93783187866211,
      17.383901596069336,
      23.89505958557129,
      25.503131866455078,
      42.87637710571289,
      36.1235466003418,
      65.42261505126953,
      32.1637077331543,
      64.01852416992188
    ],
    [
      -11.605770111083984,
      -5.9547648429870605,
      6.244137763977051,
      0.9853252172470093,
      8.001479148864746,
      8.800910949707031,
      21.01307487487793,
      17.950029373168945,
      32.64918899536133,
      18.387521743774414,
      35.67903137207031,
      18.180078506469727,
      41.69641876220703,
      22.345935821533203,
      46.10675811767578,
      32.1637077331543,
      84.20307159423828,
      52.580326080322266
    ],
    [
      13.794303894042969,
      4.448431491851807,
      17.90420150756836,
      13.246256828308105,
      6.698274612426758,
      13.461163520812988,
      16.065563201904297,
      18.64410400390625,
      22.758440017700195,
      18.024085998535156,
      22.48812484741211,
      22.140098571777344,
      29.491445541381836,
      43.028865814208984,
      40.147727966308594,
      64.01852416992188,
      52.580326080322266,
      96.35877227783203
    ]
  ],
  "damage": -6.900674819946289,
  "diff_bandwidth": 509.64666748046875,
  "dissonance": 7.714573808577651,
  "drr": 5.079583644866943,
  "dynamics": 2.390697956085205,
  "format": 1245190,
  "frames": 1816512,
  "loudness": -11.98282527923584,
  "loudness_range": 4.63966178894043,
  "loudness_range_short": 8.96151351928711,
  "lowpass_true_peak_15khz": 0.5076473951339722,
  "mastering3_acoustic_entropies": [
    {
      "acoustic_entropy": 7.141777515411377,
      "acoustic_entropy_mono": 7.30422306060791,
      "band_eliminated_acoustic_entropies": [
        {
          "acoustic_entropy": 7.127815246582031,
          "acoustic_entropy_side": 7.141741752624512,
          "hz": 129.47220167065723
        },
        {
          "acoustic_entropy": 7.804603099822998,
          "acoustic_entropy_side": 7.161276817321777,
          "hz": 202.92927478742237
        },
        {
          "acoustic_entropy": 7.389769554138184,
          "acoustic_entropy_side": 7.183531284332275,
          "hz": 282.89161906338205
        },
        {
          "acoustic_entropy": 7.3932623863220215,
          "acoustic_entropy_side": 7.1911773681640625,
          "hz": 369.9353335868758
        },
        {
          "acoustic_entropy": 7.35165548324585,
          "acoustic_entropy_side": 7.196814060211182,
          "hz": 464.6875360973435
        },
        {
          "acoustic_entropy": 7.1047539710998535,
          "acoustic_entropy_side": 7.233368873596191,
          "hz": 567.8308811364784
        },
        {
          "acoustic_entropy": 6.6145195960998535,
          "acoustic_entropy_side": 6.897627830505371,
          "hz": 680.1084783214808
        },
        {
          "acoustic_entropy": 6.970556735992432,
          "acoustic_entropy_side": 7.162045955657959,
          "hz": 802.3292461747484
        },
        {
          "acoustic_entropy": 7.2927446365356445,
          "acoustic_entropy_side": 7.151048183441162,
          "hz": 935.3737400823702
        },
        {
          "acoustic_entropy": 6.9844865798950195,
          "acoustic_entropy_side": 7.251145362854004,
          "hz": 1080.2004963696966
        },
        {
          "acoustic_entropy": 7.085880756378174,
          "acoustic_entropy_side": 7.200229644775391,
          "hz": 1237.8529382007157
        },
        {
          "acoustic_entropy": 7.011836051940918,
          "acoustic_entropy_side": 7.166426181793213,
          "hz": 1409.4668930556702
        },
        {
          "acoustic_entropy": 7.31046724319458,
          "acoustic_entropy_side": 7.1953864097595215,
          "hz": 1596.2787759475705
        },
        {
          "acoustic_entropy": 6.998343467712402,
          "acoustic_entropy_side": 7.186326026916504,
          "hz": 1799.6344973346393
        },
        {
          "acoustic_entropy": 7.1513848304748535,
          "acoustic_entropy_side": 7.174699783325195,
          "hz": 2020.9991599069049
        },
        {
          "acoustic_entropy": 7.215768337249756,
          "acoustic_entropy_side": 7.154966354370117,
          "hz": 2261.9676141086993
        },
        {
          "acoustic_entropy": 7.145371437072754,
          "acoustic_entropy_side": 7.1733832359313965,
          "hz": 2524.2759484456974
        },
        {
          "acoustic_entropy": 7.170269966125488,
          "acoustic_entropy_side": 7.184709072113037,
          "hz": 2809.813997359896
        },
        {
          "acoustic_entropy": 7.204688549041748,
          "acoustic_entropy_side": 7.158125877380371,
          "hz": 3120.6389567871424
        },
        {
          "acoustic_entropy": 7.18215274810791,
          "acoustic_entropy_side": 7.152355670928955,
          "hz": 3458.990205492291
        },
        {
          "acoustic_entropy": 7.1721320152282715,
          "acoustic_entropy_side": 7.155622959136963,
          "hz": 3827.305438964164
        },
        {
          "acoustic_entropy": 7.1172614097595215,
          "acoustic_entropy_side": 7.164321422576904,
          "hz": 4228.238232109126
        },
        {
          "acoustic_entropy": 7.140196800231934,
          "acoustic_entropy_side": 7.12787389755249,
          "hz": 4664.6771572759235
        },
        {
          "acoustic_entropy": 7.120040416717529,
          "acoustic_entropy_side": 7.129824161529541,
          "hz": 5139.766595350093
        },
        {
          "acoustic_entropy": 7.18095588684082,
          "acoustic_entropy_side": 7.1272149085998535,
          "hz": 5656.929389854203
        },
        {
          "acoustic_entropy": 7.169017314910889,
          "acoustic_entropy_side": 7.109516620635986,
          "hz": 6219.891507268283
        },
        {
          "acoustic_entropy": 6.902181625366211,
          "acoustic_entropy_side": 7.104686737060547,
          "hz": 6832.70888123896
        },
        {
          "acoustic_entropy": 6.757759094238281,
          "acoustic_entropy_side": 7.077331066131592,
          "hz": 7499.796634079867
        },
        {
          "acoustic_entropy": 6.835307598114014,
          "acoustic_entropy_side": 7.106658935546875,
          "hz": 8225.96088609342
        },
        {
          "acoustic_entropy": 7.042489051818848,
          "acoustic_entropy_side": 7.12568473815918,
          "hz": 9016.43338188839
        },
        {
          "acoustic_entropy": 7.174341201782227,
          "acoustic_entropy_side": 7.127944469451904,
          "hz": 9876.909183162974
        },
        {
          "acoustic_entropy": 7.139277935028076,
          "acoustic_entropy_side": 7.135344982147217,
          "hz": 10813.587699516042
        },
        {
          "acoustic_entropy": 7.10279655456543,
          "acoustic_entropy_side": 7.139141082763672,
          "hz": 11833.21735289826
        },
        {
          "acoustic_entropy": 6.974493503570557,
          "acoustic_entropy_side": 7.1387200355529785,
          "hz": 12943.144197493959
        },
        {
          "acoustic_entropy": 6.87829065322876,
          "acoustic_entropy_side": 7.140638828277588,
          "hz": 14151.364845322005
        },
        {
          "acoustic_entropy": 6.774945259094238,
          "acoustic_entropy_side": 7.141176700592041,
          "hz": 15466.58407886509
        },
        {
          "acoustic_entropy": 6.6517558097839355,
          "acoustic_entropy_side": 7.140042781829834,
          "hz": 16898.27756580493
        },
        {
          "acoustic_entropy": 6.903236389160156,
          "acoustic_entropy_side": 7.141263484954834,
          "hz": 18456.760127700032
        },
        {
          "acoustic_entropy": 6.96133279800415,
          "acoustic_entropy_side": 7.141664505004883,
          "hz": 20153.260054456492
        },
        {
          "acoustic_entropy": 6.981726169586182,
          "acoustic_entropy_side": 7.141714572906494,
          "hz": 22000.00000000001
        }
      ],
      "diff_acoustic_entropy": 4.9410529136657715,
      "sn": 6
    },
    {
      "acoustic_entropy": 11.28311824798584,
      "acoustic_entropy_mono": 12.343506813049316,
      "band_eliminated_acoustic_entropies": [
        {
          "acoustic_entropy": 11.708181381225586,
          "acoustic_entropy_side": 11.279149055480957,
          "hz": 129.47220167065723
        },
        {
          "acoustic_entropy": 12.504751205444336,
          "acoustic_entropy_side": 11.362391471862793,
          "hz": 202.92927478742237
        },
        {
          "acoustic_entropy": 11.21081829071045,
          "acoustic_entropy_side": 11.758655548095703,
          "hz": 282.89161906338205
        },
        {
          "acoustic_entropy": 11.330721855163574,
          "acoustic_entropy_side": 11.318316459655762,
          "hz": 369.9353335868758
        },
        {
          "acoustic_entropy": 11.642664909362793,
          "acoustic_entropy_side": 11.073949813842773,
          "hz": 464.6875360973435
        },
        {
          "acoustic_entropy": 12.115628242492676,
          "acoustic_entropy_side": 11.51115894317627,
          "hz": 567.8308811364784
        },
        {
          "acoustic_entropy": 11.91497802734375,
          "acoustic_entropy_side": 11.211738586425781,
          "hz": 680.1084783214808
        },
        {
          "acoustic_entropy": 12.08133602142334,
          "acoustic_entropy_side": 11.412447929382324,
          "hz": 802.3292461747484
        },
        {
          "acoustic_entropy": 11.500120162963867,
          "acoustic_entropy_side": 11.326494216918945,
          "hz": 935.3737400823702
        },
        {
          "acoustic_entropy": 10.768065452575684,
          "acoustic_entropy_side": 11.185647010803223,
          "hz": 1080.2004963696966
        },
        {
          "acoustic_entropy": 11.074981689453125,
          "acoustic_entropy_side": 11.200701713562012,
          "hz": 1237.8529382007157
        },
        {
          "acoustic_entropy": 11.503808975219727,
          "acoustic_entropy_side": 11.305137634277344,
          "hz": 1409.4668930556702
        },
        {
          "acoustic_entropy": 11.36231803894043,
          "acoustic_entropy_side": 11.289426803588867,
          "hz": 1596.2787759475705
        },
        {
          "acoustic_entropy": 11.29241943359375,
          "acoustic_entropy_side": 11.303398132324219,
          "hz": 1799.6344973346393
        },
        {
          "acoustic_entropy": 11.455562591552734,
          "acoustic_entropy_side": 11.235438346862793,
          "hz": 2020.9991599069049
        },
        {
          "acoustic_entropy": 11.283670425415039,
          "acoustic_entropy_side": 11.238053321838379,
          "hz": 2261.9676141086993
        },
        {
          "acoustic_entropy": 11.139357566833496,
          "acoustic_entropy_side": 11.339874267578125,
          "hz": 2524.2759484456974
        },
        {
          "acoustic_entropy": 11.344443321228027,
          "acoustic_entropy_side": 11.248104095458984,
          "hz": 2809.813997359896
        },
        {
          "acoustic_entropy": 11.14499282836914,
          "acoustic_entropy_side": 11.337108612060547,
          "hz": 3120.6389567871424
        },
        {
          "acoustic_entropy": 11.151532173156738,
          "acoustic_entropy_side": 11.167797088623047,
          "hz": 3458.990205492291
        },
        {
          "acoustic_entropy": 11.197770118713379,
          "acoustic_entropy_side": 11.190987586975098,
          "hz": 3827.305438964164
        },
        {
          "acoustic_entropy": 11.263138771057129,
          "acoustic_entropy_side": 11.255463600158691,
          "hz": 4228.238232109126
        },
        {
          "acoustic_entropy": 11.282271385192871,
          "acoustic_entropy_side": 11.180829048156738,
          "hz": 4664.6771572759235
        },
        {
          "acoustic_entropy": 11.18852424621582,
          "acoustic_entropy_side": 11.216615676879883,
          "hz": 5139.766595350093
        },
        {
          "acoustic_entropy": 11.20638370513916,
          "acoustic_entropy_side": 11.23968505859375,
          "hz": 5656.929389854203
        },
        {
          "acoustic_entropy": 11.148916244506836,
          "acoustic_entropy_side": 11.215590476989746,
          "hz": 6219.891507268283
        },
        {
          "acoustic_entropy": 11.194559097290039,
          "acoustic_entropy_side": 11.248950004577637,
          "hz": 6832.70888123896
        },
        {
          "acoustic_entropy": 11.21019458770752,
          "acoustic_entropy_side": 11.255239486694336,
          "hz": 7499.796634079867
        },
        {
          "acoustic_entropy": 11.265828132629395,
          "acoustic_entropy_side": 11.167343139648438,
          "hz": 8225.96088609342
        },
        {
          "acoustic_entropy": 11.313735961914062,
          "acoustic_entropy_side": 11.166746139526367,
          "hz": 9016.43338188839
        },
        {
          "acoustic_entropy": 11.155363082885742,
          "acoustic_entropy_side": 11.253047943115234,
          "hz": 9876.909183162974
        },
        {
          "acoustic_entropy": 11.168755531311035,
          "acoustic_entropy_side": 11.258282661437988,
          "hz": 10813.587699516042
        },
        {
          "acoustic_entropy": 11.212003707885742,
          "acoustic_entropy_side": 11.251450538635254,
          "hz": 11833.21735289826
        },
        {
          "acoustic_entropy": 11.266307830810547,
          "acoustic_entropy_side": 11.26283073425293,
          "hz": 12943.144197493959
        },
        {
          "acoustic_entropy": 11.305519104003906,
          "acoustic_entropy_side": 11.266700744628906,
          "hz": 14151.364845322005
        },
        {
          "acoustic_entropy": 11.008459091186523,
          "acoustic_entropy_side": 11.271079063415527,
          "hz": 15466.58407886509
        },
        {
          "acoustic_entropy": 11.537040710449219,
          "acoustic_entropy_side": 11.277584075927734,
          "hz": 16898.27756580493
        },
        {
          "acoustic_entropy": 10.487926483154297,
          "acoustic_entropy_side": 11.28249454498291,
          "hz": 18456.760127700032
        },
        {
          "acoustic_entropy": 11.18858528137207,
          "acoustic_entropy_side": 11.284334182739258,
          "hz": 20153.260054456492
        },
        {
          "acoustic_entropy": 11.078751564025879,
          "acoustic_entropy_side": 11.283614158630371,
          "hz": 22000.00000000001
        }
      ],
      "diff_acoustic_entropy": 8.718132019042969,
      "sn": 12
    },
    {
      "acoustic_entropy": 18.87863540649414,
      "acoustic_entropy_mono": 17.491565704345703,
      "band_eliminated_acoustic_entropies": [
        {
          "acoustic_entropy": 17.98536491394043,
          "acoustic_entropy_side": 18.995832443237305,
          "hz": 129.47220167065723
        },
        {
          "acoustic_entropy": 19.524005889892578,
          "acoustic_entropy_side": 18.857810974121094,
          "hz": 202.92927478742237
        },
        {
          "acoustic_entropy": 19.404306411743164,
          "acoustic_entropy_side": 18.856098175048828,
          "hz": 282.89161906338205
        },
        {
          "acoustic_entropy": 18.77821922302246,
          "acoustic_entropy_side": 18.87625503540039,
          "hz": 369.9353335868758
        },
        {
          "acoustic_entropy": 19.199756622314453,
          "acoustic_entropy_side": 19.18458366394043,
          "hz": 464.6875360973435
        },
        {
          "acoustic_entropy": 19.154272079467773,
          "acoustic_entropy_side": 19.385883331298828,
          "hz": 567.8308811364784
        },
        {
          "acoustic_entropy": 18.675498962402344,
          "acoustic_entropy_side": 18.566753387451172,
          "hz": 680.1084783214808
        },
        {
          "acoustic_entropy": 19.308124542236328,
          "acoustic_entropy_side": 19.478092193603516,
          "hz": 802.3292461747484
        },
        {
          "acoustic_entropy": 19.71630096435547,
          "acoustic_entropy_side": 19.01930046081543,
          "hz": 935.3737400823702
        },
        {
          "acoustic_entropy": 18.6828670501709,
          "acoustic_entropy_side": 19.002212524414062,
          "hz": 1080.2004963696966
        },
        {
          "acoustic_entropy": 19.261674880981445,
          "acoustic_entropy_side": 18.98488426208496,
          "hz": 1237.8529382007157
        },
        {
          "acoustic_entropy": 18.855087280273438,
          "acoustic_entropy_side": 18.981054306030273,
          "hz": 1409.4668930556702
        },
        {
          "acoustic_entropy": 19.490467071533203,
          "acoustic_entropy_side": 18.85736846923828,
          "hz": 1596.2787759475705
        },
        {
          "acoustic_entropy": 19.215057373046875,
          "acoustic_entropy_side": 18.957712173461914,
          "hz": 1799.6344973346393
        },
        {
          "acoustic_entropy": 19.04166603088379,
          "acoustic_entropy_side": 18.744661331176758,
          "hz": 2020.9991599069049
        },
        {
          "acoustic_entropy": 18.954092025756836,
          "acoustic_entropy_side": 18.924766540527344,
          "hz": 2261.9676141086993
        },
        {
          "acoustic_entropy": 19.13787078857422,
          "acoustic_entropy_side": 18.84168815612793,
          "hz": 2524.2759484456974
        },
        {
          "acoustic_entropy": 19.387836456298828,
          "acoustic_entropy_side": 18.98649024963379,
          "hz": 2809.813997359896
        },
        {
          "acoustic_entropy": 18.960161209106445,
