{
  "acoustic_entropy": 172.84375,
  "bands": [
    {
      "high_freq": 148.1999969482422,
      "loudness": -29.49060821533203,
      "loudness_range": 12.925443649291992,
      "mid_mean": -27.260316848754883,
      "mid_to_side_loudness": -8.894850730895996,
      "mid_to_side_loudness_range": 26.79194450378418,
      "side_mean": -38.36070251464844
    },
    {
      "high_freq": 392.3793640136719,
      "loudness": -30.16121482849121,
      "loudness_range": 17.709959030151367,
      "low_freq": 148.1999969482422,
      "mid_mean": -28.17924690246582,
      "mid_to_side_loudness": -3.185300827026367,
      "mid_to_side_loudness_range": 8.015168190002441,
      "side_mean": -30.061214447021484
    },
    {
      "high_freq": 794.6976318359375,
      "loudness": -33.91224670410156,
      "loudness_range": 20.580516815185547,
      "low_freq": 392.3793640136719,
      "mid_mean": -31.764371871948242,
      "mid_to_side_loudness": -4.454860687255859,
      "mid_to_side_loudness_range": 11.859576225280762,
      "side_mean": -33.85075378417969
    },
    {
      "high_freq": 1457.5709228515625,
      "loudness": -37.32778549194336,
      "loudness_range": 24.192039489746094,
      "low_freq": 794.6976318359375,
      "mid_mean": -35.495086669921875,
      "mid_to_side_loudness": -2.6518654823303223,
      "mid_to_side_loudness_range": 6.971447944641113,
      "side_mean": -35.98831558227539
    },
    {
      "high_freq": 2549.74365234375,
      "loudness": -36.27667999267578,
      "loudness_range": 28.278974533081055,
      "low_freq": 1457.5709228515625,
      "mid_mean": -34.39398956298828,
      "mid_to_side_loudness": -3.0704026222229004,
      "mid_to_side_loudness_range": 8.543501853942871,
      "side_mean": -37.59654235839844
    },
    {
      "high_freq": 4349.24462890625,
      "loudness": -41.3198356628418,
      "loudness_range": 29.655866622924805,
      "low_freq": 2549.74365234375,
      "mid_mean": -39.159568786621094,
      "mid_to_side_loudness": -5.313380718231201,
      "mid_to_side_loudness_range": 22.562583923339844,
      "side_mean": -42.6115608215332
    },
    {
      "high_freq": 7314.1640625,
      "loudness": -46.96119689941406,
      "loudness_range": 31.2040958404541,
      "low_freq": 4349.24462890625,
      "mid_mean": -45.413002014160156,
      "mid_to_side_loudness": -5.130481719970703,
      "mid_to_side_loudness_range": 17.743162155151367,
      "side_mean": -52.06141662597656
    },
    {
      "high_freq": 12199.2666015625,
      "loudness": -54.19068908691406,
      "loudness_range": 31.99048614501953,
      "low_freq": 7314.1640625,
      "mid_mean": -52.485782623291016,
      "mid_to_side_loudness": -4.339953422546387,
      "mid_to_side_loudness_range": 17.138978958129883,
      "side_mean": -56.00270080566406
    },
    {
      "loudness": -62.5939826965332,
      "loudness_range": 20.3009033203125,
      "low_freq": 12199.2666015625,
      "mid_mean": -60.668373107910156,
      "mid_to_side_loudness": -1.0084418058395386,
      "mid_to_side_loudness_range": 8.54227066040039,
      "side_mean": -61.22364044189453
    }
  ],
  "bands_short": [
    {
      "high_freq": 148.1999969482422,
      "loudness": -33.56534957885742,
      "loudness_range": 19.65814781188965,
      "mid_mean": -31.23162841796875,
      "mid_to_side_loudness": -11.463614463806152,
      "mid_to_side_loudness_range": 30.746850967407227,
      "side_mean": -42.83002471923828
    },
    {
      "high_freq": 392.3793640136719,
      "loudness": -30.601444244384766,
      "loudness_range": 23.749187469482422,
      "low_freq": 148.1999969482422,
      "mid_mean": -29.218948364257812,
      "mid_to_side_loudness": -5.233709335327148,
      "mid_to_side_loudness_range": 18.376020431518555,
      "side_mean": -34.178348541259766
    },
    {
      "high_freq": 794.6976318359375,
      "loudness": -34.472129821777344,
      "loudness_range": 27.004728317260742,
      "low_freq": 392.3793640136719,
      "mid_mean": -33.666709899902344,
      "mid_to_side_loudness": -6.432815074920654,
      "mid_to_side_loudness_range": 18.331344604492188,
      "side_mean": -36.4371337890625
    },
    {
      "high_freq": 1457.5709228515625,
      "loudness": -35.054176330566406,
      "loudness_range": 26.069406509399414,
      "low_freq": 794.6976318359375,
      "mid_mean": -35.907752990722656,
      "mid_to_side_loudness": -4.888789176940918,
      "mid_to_side_loudness_range": 16.00786018371582,
      "side_mean": -37.29022216796875
    },
    {
      "high_freq": 2549.74365234375,
      "loudness": -34.62853240966797,
      "loudness_range": 27.735349655151367,
      "low_freq": 1457.5709228515625,
      "mid_mean": -35.53232955932617,
      "mid_to_side_loudness": -3.6978602409362793,
      "mid_to_side_loudness_range": 12.684359550476074,
      "side_mean": -38.357704162597656
    },
    {
      "high_freq": 4349.24462890625,
      "loudness": -38.54978561401367,
      "loudness_range": 29.85216522216797,
      "low_freq": 2549.74365234375,
      "mid_mean": -39.29738998413086,
      "mid_to_side_loudness": -3.53863787651062,
      "mid_to_side_loudness_range": 7.847436428070068,
      "side_mean": -50.00868225097656
    },
    {
      "high_freq": 7314.1640625,
      "loudness": -46.111427307128906,
      "loudness_range": 32.60758972167969,
      "low_freq": 4349.24462890625,
      "mid_mean": -51.48100662231445,
      "mid_to_side_loudness": -2.5657248497009277,
      "mid_to_side_loudness_range": 6.802826881408691,
      "side_mean": -53.66825485229492
    },
    {
      "high_freq": 12199.2666015625,
      "loudness": -58.60939025878906,
      "loudness_range": 34.86099624633789,
      "low_freq": 7314.1640625,
      "mid_mean": -56.12247848510742,
      "mid_to_side_loudness": -2.111660957336426,
      "mid_to_side_loudness_range": 5.768649101257324,
      "side_mean": -57.90739059448242
    },
    {
      "loudness": -64.61944580078125,
      "loudness_range": 20.753459930419922,
      "low_freq": 12199.2666015625,
      "mid_mean": -62.34801483154297,
      "mid_to_side_loudness": -0.8372514247894287,
      "mid_to_side_loudness_range": 5.426145076751709,
      "side_mean": -62.82204818725586
    }
  ],
  "bandwidth": 530.5779418945312,
  "channels": 2,
  "covariance": [
    [
      34.94020462036133,
      14.4884033203125,
      13.291202545166016,
      20.33754539489746,
      9.18612003326416,
      26.07204246520996,
      6.654397010803223,
      29.655841827392578,
      10.535711288452148,
      25.364240646362305,
      4.312258720397949,
      22.85144805908203,
      12.32369327545166,
      5.017773628234863,
      11.400039672851562,
      4.106165409088135,
      5.310064315795898,
      2.603025436401367
    ],
    [
      14.4884033203125,
      120.50924682617188,
      40.66155242919922,
      37.25001907348633,
      37.80735778808594,
      19.433673858642578,
      42.235557556152344,
      15.356133460998535,
      23.440263748168945,
      37.97321319580078,
      42.77422332763672,
      53.16852951049805,
      45.544578552246094,
      89.71044921875,
      36.54314422607422,
      64.35294342041016,
      19.119752883911133,
      33.45069122314453
    ],
    [
      13.291202545166016,
      40.66155242919922,
      35.327842712402344,
      35.25847625732422,
      23.79384994506836,
      21.238374710083008,
      26.546667098999023,
      20.3442440032959,
      15.840046882629395,
      28.08281898498535,
      20.744176864624023,
      29.179122924804688,
      23.902624130249023,
      39.747947692871094,
      19.383163452148438,
      27.777101516723633,
      8.589714050292969,
      12.850275993347168
    ],
    [
      20.33754539489746,
      37.25001907348633,
      35.25847625732422,
      54.160152435302734,
      16.895526885986328,
      26.096139907836914,
      18.86455535888672,
      24.455976486206055,
      14.386955261230469,
      27.3610782623291,
      12.188526153564453,
      27.19411277770996,
      19.715160369873047,
      26.511837005615234,
      16.408815383911133,
      17.39417839050293,
      5.75749397277832,
      6.867467880249023
    ],
    [
      9.18612003326416,
      37.80735778808594,
      23.79384994506836,
      16.895526885986328,
      49.30648422241211,
      41.68327713012695,
      45.82337951660156,
      41.3758659362793,
      44.746986389160156,
      57.29413604736328,
      51.08418655395508,
      57.87965774536133,
      52.59025955200195,
      71.13912200927734,
      43.812557220458984,
      51.75392532348633,
      19.309917449951172,
      25.647735595703125
    ],
    [
      26.07204246520996,
      19.433673858642578,
      21.238374710083008,
      26.096139907836914,
      41.68327713012695,
      62.98512268066406,
      55.28261184692383,
      68.09912872314453,
      64.49515533447266,
      82.38202667236328,
      64.96469116210938,
      84.09844970703125,
      70.73826599121094,
      76.92520904541016,
      59.68836975097656,
      57.68253707885742,
      27.103466033935547,
      29.626325607299805
    ],
    [
      6.654397010803223,
      42.235557556152344,
      26.546667098999023,
      18.86455535888672,
      45.82337951660156,
      55.28261184692383,
      77.8311767578125,
      76.07562255859375,
      73.61138916015625,
      97.00101470947266,
      86.07429504394531,
      99.65836334228516,
      85.748779296875,
      109.50224304199219,
      73.00102996826172,
      84.34832763671875,
      35.83998489379883,
      45.197357177734375
    ],
    [
      29.655841827392578,
      15.356133460998535,
      20.3442440032959,
      24.455976486206055,
      41.3758659362793,
      68.09912872314453,
      76.07562255859375,
      109.65596008300781,
      87.75135040283203,
      125.26608276367188,
      92.3221206665039,
      125.63707733154297,
      98.27971649169922,
      115.24536895751953,
      84.1874008178711,
      90.07014465332031,
      41.95964050292969,
      49.84014892578125
    ],
    [
      10.535711288452148,
      23.440263748168945,
      15.840046882629395,
      14.386955261230469,
      44.746986389160156,
      64.49515533447266,
      73.61138916015625,
      87.75135040283203,
      94.4420166015625,
      107.18502807617188,
      95.7784194946289,
      101.42561340332031,
      96.06147003173828,
      102.560546875,
      83.488525390625,
      80.5288314819336,
      39.79524230957031,
      44.007015228271484
    ],
    [
      25.364240646362305,
      37.97321319580078,
      28.08281898498535,
      27.3610782623291,
      57.29413604736328,
      82.38202667236328,
      97.00101470947266,
      125.26608276367188,
      107.18502807617188,
      182.8231201171875,
      120.95252990722656,
      170.43637084960938,
      123.57890319824219,
      160.8700408935547,
      101.67789459228516,
      123.1790542602539,
      52.04462432861328,
      67.11141204833984
    ],
    [
      4.312258720397949,
      42.77422332763672,
      20.744176864624023,
      12.188526153564453,
      51.08418655395508,
      64.96469116210938,
      86.07429504394531,
      92.3221206665039,
      95.7784194946289,
      120.95252990722656,
      113.6389389038086,
      124.02559661865234,
      106.94607543945312,
      131.49217224121094,
      90.37847900390625,
      101.04573822021484,
      44.736717224121094,
      54.746307373046875
    ],
    [
      22.85144805908203,
      53.16852951049805,
      29.179122924804688,
      27.19411277770996,
      57.87965774536133,
      84.09844970703125,
      99.65836334228516,
      125.63707733154297,
      101.42561340332031,
      170.43637084960938,
      124.02559661865234,
      197.3192138671875,
      124.49917602539062,
      173.51210021972656,
      101.90715789794922,
      130.5792694091797,
      52.01517868041992,
      70.04509735107422
    ],
    [
      12.32369327545166,
      45.544578552246094,
      23.902624130249023,
      19.715160369873047,
      52.59025955200195,
      70.73826599121094,
      85.748779296875,
      98.27971649169922,
      96.06147003173828,
      123.57890319824219,
      106.94607543945312,
      124.49917602539062,
      114.96932220458984,
      134.69830322265625,
      101.19551849365234,
      107.77874755859375,
      51.22172927856445,
      61.07457733154297
    ],
    [
      5.017773628234863,
      89.71044921875,
      39.747947692871094,
      26.511837005615234,
      71.13912200927734,
      76.92520904541016,
      109.50224304199219,
      115.24536895751953,
      102.560546875,
      160.8700408935547,
      131.49217224121094,
      173.51210021972656,
      134.69830322265625,
      206.38987731933594,
      125.7643051147461,
      156.60910034179688,
      63.43482971191406,
      84.73225402832031
    ],
    [
      11.400039672851562,
      36.54314422607422,
      19.383163452148438,
      16.408815383911133,
      43.812557220458984,
      59.68836975097656,
      73.00102996826172,
      84.1874008178711,
      83.488525390625,
      101.67789459228516,
      90.37847900390625,
      101.90715789794922,
      101.19551849365234,
      125.7643051147461,
      110.2452392578125,
      105.8894271850586,
      55.4940299987793,
      61.94847106933594
    ],
    [
      4.106165409088135,
      64.35294342041016,
      27.777101516723633,
      17.39417839050293,
      51.75392532348633,
      57.68253707885742,
      84.34832763671875,
      90.07014465332031,
      80.5288314819336,
      123.1790542602539,
      101.04573822021484,
      130.5792694091797,
      107.77874755859375,
      156.60910034179688,
      105.8894271850586,
      126.0350570678711,
      55.92265701293945,
      71.84102630615234
    ],
    [
      5.310064315795898,
      19.119752883911133,
      8.589714050292969,
      5.75749397277832,
      19.309917449951172,
      27.103466033935547,
      35.83998489379883,
      41.95964050292969,
      39.79524230957031,
      52.04462432861328,
      44.736717224121094,
      52.01517868041992,
      51.22172927856445,
      63.43482971191406,
      55.4940299987793,
      55.92265701293945,
      31.812480926513672,
      35.785308837890625
    ],
    [
      2.603025436401367,
      33.45069122314453,
      12.850275993347168,
      6.867467880249023,
      25.647735595703125,
      29.626325607299805,
      45.197357177734375,
      49.84014892578125,
      44.007015228271484,
      67.11141204833984,
      54.746307373046875,
      70.04509735107422,
      61.07457733154297,
      84.73225402832031,
      61.94847106933594,
      71.84102630615234,
      35.785308837890625,
      44.67661666870117
    ]
  ],
  "covariance_short": [
    [
      49.179962158203125,
      33.33218002319336,
      12.636764526367188,
      23.988359451293945,
      23.611841201782227,
      27.03216552734375,
      24.076213836669922,
      31.823440551757812,
      26.05277442932129,
      33.03484344482422,
      27.195777893066406,
      30.065956115722656,
      24.893556594848633,
      25.60318946838379,
      18.48870849609375,
      18.751821517944336,
      8.4823579788208,
      9.6026611328125
    ],
    [
      33.33218002319336,
      122.3042221069336,
      37.05401611328125,
      82.19861602783203,
      41.07090759277344,
      24.464908599853516,
      33.81642150878906,
      19.02604866027832,
      11.369071006774902,
      22.28700065612793,
      15.996933937072754,
      92.86035919189453,
      65.50244140625,
      74.46591186523438,
      42.969024658203125,
      50.941043853759766,
      15.401847839355469,
      24.083669662475586
    ],
    [
      12.636764526367188,
      37.05401611328125,
      79.0681381225586,
      41.62108612060547,
      26.74137306213379,
      27.70765495300293,
      18.292476654052734,
      24.9001407623291,
      19.916656494140625,
      20.811437606811523,
      18.250574111938477,
      38.945194244384766,
      36.94286346435547,
      31.310382843017578,
      26.111764907836914,
      22.184186935424805,
      10.884343147277832,
      11.181788444519043
    ],
    [
      23.988359451293945,
      82.19861602783203,
      41.62108612060547,
      126.76161193847656,
      48.51280975341797,
      39.51356506347656,
      43.318363189697266,
      31.39433479309082,
      19.674888610839844,
      34.341976165771484,
      21.337934494018555,
      78.21540832519531,
      51.98528289794922,
      63.15898513793945,
      33.21147918701172,
      41.6575813293457,
      12.033829689025879,
      19.926008224487305
    ],
    [
      23.611841201782227,
      41.07090759277344,
      26.74137306213379,
      48.51280975341797,
      101.35857391357422,
      62.96552276611328,
      77.35095977783203,
      60.17007827758789,
      61.74052810668945,
      65.14054870605469,
      59.367069244384766,
      110.52156066894531,
      92.4166259765625,
      89.58533477783203,
      63.35664749145508,
      61.29386901855469,
      23.952350616455078,
      28.173446655273438
    ],
    [
      27.03216552734375,
      24.464908599853516,
      27.70765495300293,
      39.51356506347656,
      62.96552276611328,
      99.86460876464844,
      76.80570220947266,
      97.06719207763672,
      85.45155334472656,
      107.93875122070312,
      93.07918548583984,
      115.43092346191406,
      88.68206787109375,
      95.75132751464844,
      63.713932037353516,
      65.39912414550781,
      25.925010681152344,
      29.991994857788086
    ],
    [
      24.076213836669922,
      33.81642150878906,
      18.292476654052734,
      43.318363189697266,
      77.35095977783203,
      76.80570220947266,
      128.7013397216797,
      107.66438293457031,
      104.56119537353516,
      116.47814178466797,
      107.62687683105469,
      147.98663330078125,
      123.33497619628906,
      125.92247009277344,
      91.06208038330078,
      90.33126068115234,
      36.77326202392578,
      42.05084228515625
    ],
    [
      31.823440551757812,
      19.02604866027832,
      24.9001407623291,
      31.39433479309082,
      60.17007827758789,
      97.06719207763672,
      107.66438293457031,
      146.55899047851562,
      121.76913452148438,
      152.2204132080078,
      133.2526397705078,
      153.2290496826172,
      124.06842041015625,
      133.0718994140625,
      94.44703674316406,
      95.85040283203125,
      39.99262237548828,
      45.1595573425293
    ],
    [
      26.05277442932129,
      11.369071006774902,
      19.916656494140625,
      19.674888610839844,
      61.74052810668945,
      85.45155334472656,
      104.56119537353516,
      121.76913452148438,
      135.05484008789062,
      138.96888732910156,
      130.09417724609375,
      138.85348510742188,
      122.01830291748047,
      121.60448455810547,
      95.24608612060547,
      89.20714569091797,
      41.835994720458984,
      43.031551361083984
    ],
    [
      33.03484344482422,
      22.28700065612793,
      20.811437606811523,
      34.341976165771484,
      65.14054870605469,
      107.93875122070312,
      116.47814178466797,
      152.2204132080078,
      138.96888732910156,
      188.2036590576172,
      152.5529022216797,
      180.61685180664062,
      139.93798828125,
      156.61801147460938,
      104.61241149902344,
      111.270751953125,
      43.705101013183594,
      52.0261116027832
    ],
    [
      27.195777893066406,
      15.996933937072754,
      18.250574111938477,
      21.337934494018555,
      59.367069244384766,
      93.07918548583984,
      107.62687683105469,
      133.2526397705078,
      130.09417724609375,
      152.5529022216797,
      149.72320556640625,
      158.06492614746094,
      132.76312255859375,
      136.177734375,
      101.99420166015625,
      98.80928039550781,
      44.05547332763672,
      47.05128479003906
    ],
    [
      30.065956115722656,
      92.86035919189453,
      38.945194244384766,
      78.21540832519531,
      110.52156066894531,
      115.43092346191406,
      147.98663330078125,
      153.2290496826172,
      138.85348510742188,
      180.61685180664062,
      158.06492614746094,
      281.38714599609375,
      214.20826721191406,
      230.50537109375,
      146.89248657226562,
      157.8213653564453,
      55.005271911621094,
      70.23983001708984
    ],
    [
      24.893556594848633,
      65.50244140625,
      36.94286346435547,
      51.98528289794922,
      92.4166259765625,
      88.68206787109375,
      123.33497619628906,
      124.06842041015625,
      122.01830291748047,
      139.93798828125,
      132.76312255859375,
      214.20826721191406,
      188.51791381835938,
      183.31185913085938,
      138.2850799560547,
      132.71353149414062,
      56.63824462890625,
      63.53654479980469
    ],
    [
      25.60318946838379,
      74.46591186523438,
      31.310382843017578,
      63.15898513793945,
      89.58533477783203,
      95.75132751464844,
      125.92247009277344,
      133.0718994140625,
      121.60448455810547,
      156.61801147460938,
      136.177734375,
      230.50537109375,
      183.31185913085938,
      197.15078735351562,
      132.27548217773438,
      140.51609802246094,
      53.28254699707031,
      66.25159454345703
    ],
    [
      18.48870849609375,
      42.969024658203125,
      26.111764907836914,
      33.21147918701172,
      63.35664749145508,
      63.713932037353516,
      91.06208038330078,
      94.44703674316406,
      95.24608612060547,
      104.61241149902344,
      101.99420166015625,
      146.89248657226562,
      138.2850799560547,
      132.27548217773438,
      113.0596923828125,
      105.04293823242188,
      51.131099700927734,
      55.377925872802734
    ],
    [
      18.751821517944336,
      50.941043853759766,
      22.184186935424805,
      41.6575813293457,
      61.29386901855469,
      65.39912414550781,
      90.33126068115234,
      95.85040283203125,
      89.20714569091797,
      111.270751953125,
      98.80928039550781,
      157.8213653564453,
      132.71353149414062,
      140.51609802246094,
      105.04293823242188,
      109.18782806396484,
      46.999385833740234,
      56.33180618286133
    ],
    [
      8.4823579788208,
      15.401847839355469,
      10.884343147277832,
      12.033829689025879,
      23.952350616455078,
      25.925010681152344,
      36.77326202392578,
      39.99262237548828,
      41.835994720458984,
      43.705101013183594,
      44.05547332763672,
      55.005271911621094,
      56.63824462890625,
      53.28254699707031,
      51.131099700927734,
      46.999385833740234,
      29.064964294433594,
      30.479469299316406
    ],
    [
      9.6026611328125,
      24.083669662475586,
      11.181788444519043,
      19.926008224487305,
      28.173446655273438,
      29.991994857788086,
      42.05084228515625,
      45.1595573425293,
      43.031551361083984,
      52.0261116027832,
      47.05128479003906,
      70.23983001708984,
      63.53654479980469,
      66.25159454345703,
      55.377925872802734,
      56.33180618286133,
      30.479469299316406,
      35.52846908569336
    ]
  ],
  "damage": -13.816128730773926,
  "diff_bandwidth": 527.5245971679688,
  "dissonance": 8.029996628362483,
  "drr": 2.6415703296661377,
  "dynamics": 4.35637903213501,
  "format": 1245190,
  "frames": 2857920,
  "loudness": -19.283916473388672,
  "loudness_range": 10.952603340148926,
  "loudness_range_short": 18.15424346923828,
  "lowpass_true_peak_15khz": -1.8084346055984497,
  "mastering3_acoustic_entropies": [
    {
      "acoustic_entropy": 6.8063130378723145,
      "acoustic_entropy_mono": 6.261199474334717,
      "band_eliminated_acoustic_entropies": [
        {
          "acoustic_entropy": 6.823792457580566,
          "acoustic_entropy_side": 6.782830715179443,
          "hz": 129.47220167065723
        },
        {
          "acoustic_entropy": 6.845818042755127,
          "acoustic_entropy_side": 6.6887640953063965,
          "hz": 202.92927478742237
        },
        {
          "acoustic_entropy": 7.052467346191406,
          "acoustic_entropy_side": 7.276952743530273,
          "hz": 282.89161906338205
        },
        {
          "acoustic_entropy": 6.954809665679932,
          "acoustic_entropy_side": 6.788865089416504,
          "hz": 369.9353335868758
        },
        {
          "acoustic_entropy": 7.27131462097168,
          "acoustic_entropy_side": 6.930926322937012,
          "hz": 464.6875360973435
        },
        {
          "acoustic_entropy": 7.095016002655029,
          "acoustic_entropy_side": 6.9300689697265625,
          "hz": 567.8308811364784
        },
        {
          "acoustic_entropy": 6.9506659507751465,
          "acoustic_entropy_side": 6.828481197357178,
          "hz": 680.1084783214808
        },
        {
          "acoustic_entropy": 7.712457180023193,
          "acoustic_entropy_side": 6.885051250457764,
          "hz": 802.3292461747484
        },
        {
          "acoustic_entropy": 7.096363544464111,
          "acoustic_entropy_side": 6.793371200561523,
          "hz": 935.3737400823702
        },
        {
          "acoustic_entropy": 7.084883689880371,
          "acoustic_entropy_side": 6.924595832824707,
          "hz": 1080.2004963696966
        },
        {
          "acoustic_entropy": 6.843226909637451,
          "acoustic_entropy_side": 6.922520160675049,
          "hz": 1237.8529382007157
        },
        {
          "acoustic_entropy": 6.87288236618042,
          "acoustic_entropy_side": 6.865911483764648,
          "hz": 1409.4668930556702
        },
        {
          "acoustic_entropy": 6.8976731300354,
          "acoustic_entropy_side": 6.983203411102295,
          "hz": 1596.2787759475705
        },
        {
          "acoustic_entropy": 7.30841064453125,
          "acoustic_entropy_side": 6.798180103302002,
          "hz": 1799.6344973346393
        },
        {
          "acoustic_entropy": 6.98836088180542,
          "acoustic_entropy_side": 6.772305965423584,
          "hz": 2020.9991599069049
        },
        {
          "acoustic_entropy": 6.937342643737793,
          "acoustic_entropy_side": 6.815988540649414,
          "hz": 2261.9676141086993
        },
        {
          "acoustic_entropy": 6.866625785827637,
          "acoustic_entropy_side": 6.803264617919922,
          "hz": 2524.2759484456974
        },
        {
          "acoustic_entropy": 6.834895133972168,
          "acoustic_entropy_side": 6.781787872314453,
          "hz": 2809.813997359896
        },
        {
          "acoustic_entropy": 7.0120086669921875,
          "acoustic_entropy_side": 6.831793308258057,
          "hz": 3120.6389567871424
        },
        {
          "acoustic_entropy": 6.793026447296143,
          "acoustic_entropy_side": 6.768319129943848,
          "hz": 3458.990205492291
        },
        {
          "acoustic_entropy": 6.900582790374756,
          "acoustic_entropy_side": 6.784274578094482,
          "hz": 3827.305438964164
        },
        {
          "acoustic_entropy": 6.777033805847168,
          "acoustic_entropy_side": 6.780438423156738,
          "hz": 4228.238232109126
        },
        {
          "acoustic_entropy": 6.797342300415039,
          "acoustic_entropy_side": 6.799605369567871,
          "hz": 4664.6771572759235
        },
        {
          "acoustic_entropy": 6.826406002044678,
          "acoustic_entropy_side": 6.816368103027344,
          "hz": 5139.766595350093
        },
        {
          "acoustic_entropy": 6.856770992279053,
          "acoustic_entropy_side": 6.826984405517578,
          "hz": 5656.929389854203
        },
        {
          "acoustic_entropy": 6.879775524139404,
          "acoustic_entropy_side": 6.831764221191406,
          "hz": 6219.891507268283
        },
        {
          "acoustic_entropy": 6.874063014984131,
          "acoustic_entropy_side": 6.836899280548096,
          "hz": 6832.70888123896
        },
        {
          "acoustic_entropy": 6.869630336761475,
          "acoustic_entropy_side": 6.8318376541137695,
          "hz": 7499.796634079867
        },
        {
          "acoustic_entropy": 6.871271133422852,
          "acoustic_entropy_side": 6.832098960876465,
          "hz": 8225.96088609342
        },
        {
          "acoustic_entropy": 6.871311664581299,
          "acoustic_entropy_side": 6.831747531890869,
          "hz": 9016.43338188839
        },
        {
          "acoustic_entropy": 6.852789402008057,
          "acoustic_entropy_side": 6.828029632568359,
          "hz": 9876.909183162974
        },
        {
          "acoustic_entropy": 6.833556652069092,
          "acoustic_entropy_side": 6.820390224456787,
          "hz": 10813.587699516042
        },
        {
          "acoustic_entropy": 6.821419715881348,
          "acoustic_entropy_side": 6.813902378082275,
          "hz": 11833.21735289826
        },
        {
          "acoustic_entropy": 6.814306735992432,
          "acoustic_entropy_side": 6.81062126159668,
          "hz": 12943.144197493959
        },
        {
          "acoustic_entropy": 6.810164928436279,
          "acoustic_entropy_side": 6.8085036277771,
          "hz": 14151.364845322005
        },
        {
          "acoustic_entropy": 6.809098243713379,
          "acoustic_entropy_side": 6.807772636413574,
          "hz": 15466.58407886509
        },
        {
          "acoustic_entropy": 6.808332920074463,
          "acoustic_entropy_side": 6.807407855987549,
          "hz": 16898.27756580493
        },
        {
          "acoustic_entropy": 6.807182788848877,
          "acoustic_entropy_side": 6.80682897567749,
          "hz": 18456.760127700032
        },
        {
          "acoustic_entropy": 6.806509971618652,
          "acoustic_entropy_side": 6.806439399719238,
          "hz": 20153.260054456492
        },
        {
          "acoustic_entropy": 6.806327819824219,
          "acoustic_entropy_side": 6.8063249588012695,
          "hz": 22000.00000000001
        }
      ],
      "diff_acoustic_entropy": 6.620163440704346,
      "sn": 6
    },
    {
      "acoustic_entropy": 11.458026885986328,
      "acoustic_entropy_mono": 10.24316120147705,
      "band_eliminated_acoustic_entropies": [
        {
          "acoustic_entropy": 11.451895713806152,
          "acoustic_entropy_side": 11.49989128112793,
          "hz": 129.47220167065723
        },
        {
          "acoustic_entropy": 11.741957664489746,
          "acoustic_entropy_side": 11.426911354064941,
          "hz": 202.92927478742237
        },
        {
          "acoustic_entropy": 11.392382621765137,
          "acoustic_entropy_side": 11.563920974731445,
          "hz": 282.89161906338205
        },
        {
          "acoustic_entropy": 11.539456367492676,
          "acoustic_entropy_side": 11.471234321594238,
          "hz": 369.9353335868758
        },
        {
          "acoustic_entropy": 11.7039794921875,
          "acoustic_entropy_side": 11.398747444152832,
          "hz": 464.6875360973435
        },
        {
          "acoustic_entropy": 11.513127326965332,
          "acoustic_entropy_side": 11.329004287719727,
          "hz": 567.8308811364784
        },
        {
          "acoustic_entropy": 10.9584379196167,
          "acoustic_entropy_side": 11.630510330200195,
          "hz": 680.1084783214808
        },
        {
          "acoustic_entropy": 12.101938247680664,
          "acoustic_entropy_side": 12.0379638671875,
          "hz": 802.3292461747484
        },
        {
          "acoustic_entropy": 11.131205558776855,
          "acoustic_entropy_side": 11.108616828918457,
          "hz": 935.3737400823702
        },
        {
          "acoustic_entropy": 11.391844749450684,
          "acoustic_entropy_side": 11.531908988952637,
          "hz": 1080.2004963696966
        },
        {
          "acoustic_entropy": 11.23757266998291,
          "acoustic_entropy_side": 11.395373344421387,
          "hz": 1237.8529382007157
        },
        {
          "acoustic_entropy": 11.260095596313477,
          "acoustic_entropy_side": 11.41952896118164,
          "hz": 1409.4668930556702
        },
        {
          "acoustic_entropy": 11.392487525939941,
          "acoustic_entropy_side": 11.55463981628418,
          "hz": 1596.2787759475705
        },
        {
          "acoustic_entropy": 12.043852806091309,
          "acoustic_entropy_side": 11.61445426940918,
          "hz": 1799.6344973346393
        },
        {
          "acoustic_entropy": 11.751646995544434,
          "acoustic_entropy_side": 11.632942199707031,
          "hz": 2020.9991599069049
        },
        {
          "acoustic_entropy": 11.181443214416504,
          "acoustic_entropy_side": 11.385088920593262,
          "hz": 2261.9676141086993
        },
        {
          "acoustic_entropy": 11.312151908874512,
          "acoustic_entropy_side": 11.498847961425781,
          "hz": 2524.2759484456974
        },
        {
          "acoustic_entropy": 11.4330472946167,
          "acoustic_entropy_side": 11.49920654296875,
          "hz": 2809.813997359896
        },
        {
          "acoustic_entropy": 11.416261672973633,
          "acoustic_entropy_side": 11.621829986572266,
          "hz": 3120.6389567871424
        },
        {
          "acoustic_entropy": 10.997289657592773,
          "acoustic_entropy_side": 11.331624984741211,
          "hz": 3458.990205492291
        },
        {
          "acoustic_entropy": 11.630151748657227,
          "acoustic_entropy_side": 11.623592376708984,
          "hz": 3827.305438964164
        },
        {
          "acoustic_entropy": 11.372941970825195,
          "acoustic_entropy_side": 11.42078685760498,
          "hz": 4228.238232109126
        },
        {
          "acoustic_entropy": 11.476168632507324,
          "acoustic_entropy_side": 11.481870651245117,
          "hz": 4664.6771572759235
        },
        {
          "acoustic_entropy": 11.329562187194824,
          "acoustic_entropy_side": 11.38878059387207,
          "hz": 5139.766595350093
        },
        {
          "acoustic_entropy": 11.427181243896484,
          "acoustic_entropy_side": 11.442447662353516,
          "hz": 5656.929389854203
        },
        {
          "acoustic_entropy": 11.384244918823242,
          "acoustic_entropy_side": 11.426554679870605,
          "hz": 6219.891507268283
        },
        {
          "acoustic_entropy": 11.390976905822754,
          "acoustic_entropy_side": 11.421627044677734,
          "hz": 6832.70888123896
        },
        {
          "acoustic_entropy": 11.407205581665039,
          "acoustic_entropy_side": 11.429622650146484,
          "hz": 7499.796634079867
        },
        {
          "acoustic_entropy": 11.415000915527344,
          "acoustic_entropy_side": 11.434331893920898,
          "hz": 8225.96088609342
        },
        {
          "acoustic_entropy": 11.393399238586426,
          "acoustic_entropy_side": 11.430607795715332,
          "hz": 9016.43338188839
        },
        {
          "acoustic_entropy": 11.374180793762207,
          "acoustic_entropy_side": 11.427762031555176,
          "hz": 9876.909183162974
        },
        {
          "acoustic_entropy": 11.388754844665527,
          "acoustic_entropy_side": 11.430757522583008,
          "hz": 10813.587699516042
        },
        {
          "acoustic_entropy": 11.410019874572754,
          "acoustic_entropy_side": 11.439271926879883,
          "hz": 11833.21735289826
        },
        {
          "acoustic_entropy": 11.430387496948242,
          "acoustic_entropy_side": 11.446293830871582,
          "hz": 12943.144197493959
        },
        {
          "acoustic_entropy": 11.445281982421875,
          "acoustic_entropy_side": 11.452255249023438,
          "hz": 14151.364845322005
        },
        {
          "acoustic_entropy": 11.44933795928955,
          "acoustic_entropy_side": 11.454578399658203,
          "hz": 15466.58407886509
        },
        {
          "acoustic_entropy": 11.451330184936523,
          "acoustic_entropy_side": 11.455260276794434,
          "hz": 16898.27756580493
        },
        {
          "acoustic_entropy": 11.455714225769043,
          "acoustic_entropy_side": 11.455059051513672,
          "hz": 18456.760127700032
        },
        {
          "acoustic_entropy": 11.456849098205566,
          "acoustic_entropy_side": 11.45740032196045,
          "hz": 20153.260054456492
        },
        {
          "acoustic_entropy": 11.457955360412598,
          "acoustic_entropy_side": 11.45797348022461,
          "hz": 22000.00000000001
        }
      ],
      "diff_acoustic_entropy": 10.955039024353027,
      "sn": 12
    },
    {
      "acoustic_entropy": 17.445358276367188,
      "acoustic_entropy_mono": 14.249237060546875,
      "band_eliminated_acoustic_entropies": [
        {
          "acoustic_entropy": 16.822879791259766,
          "acoustic_entropy_side": 17.152265548706055,
          "hz": 129.47220167065723
        },
        {
          "acoustic_entropy": 17.87264060974121,
          "acoustic_entropy_side": 17.245813369750977,
          "hz": 202.92927478742237
        },
        {
          "acoustic_entropy": 17.305334091186523,
          "acoustic_entropy_side": 17.478666305541992,
          "hz": 282.89161906338205
        },
        {
          "acoustic_entropy": 17.52324104309082,
          "acoustic_entropy_side": 17.453554153442383,
          "hz": 369.9353335868758
        },
        {
          "acoustic_entropy": 17.895654678344727,
          "acoustic_entropy_side": 17.640676498413086,
          "hz": 464.6875360973435
        },
        {
          "acoustic_entropy": 18.2890625,
          "acoustic_entropy_side": 17.757490158081055,
          "hz": 567.8308811364784
        },
        {
          "acoustic_entropy": 17.11453628540039,
          "acoustic_entropy_side": 17.334774017333984,
          "hz": 680.1084783214808
        },
        {
          "acoustic_entropy": 16.984560012817383,
          "acoustic_entropy_side": 17.341506958007812,
          "hz": 802.3292461747484
        },
        {
          "acoustic_entropy": 17.71968650817871,
          "acoustic_entropy_side": 17.395526885986328,
          "hz": 935.3737400823702
        },
        {
          "acoustic_entropy": 17.45742416381836,
          "acoustic_entropy_side": 17.439579010009766,
          "hz": 1080.2004963696966
        },
        {
          "acoustic_entropy": 17.557083129882812,
          "acoustic_entropy_side": 17.37424659729004,
          "hz": 1237.8529382007157
        },
        {
          "acoustic_entropy": 17.466175079345703,
          "acoustic_entropy_side": 17.725173950195312,
          "hz": 1409.4668930556702
        },
        {
          "acoustic_entropy": 17.264484405517578,
          "acoustic_entropy_side": 17.46576499938965,
          "hz": 1596.2787759475705
        },
        {
          "acoustic_entropy": 17.58073616027832,
          "acoustic_entropy_side": 17.4647274017334,
          "hz": 1799.6344973346393
        },
        {
          "acoustic_entropy": 17.16042137145996,
          "acoustic_entropy_side": 17.357131958007812,
          "hz": 2020.9991599069049
        },
        {
          "acoustic_entropy": 17.679058074951172,
          "acoustic_entropy_side": 17.556772232055664,
          "hz": 2261.9676141086993
        },
        {
          "acoustic_entropy": 17.3819580078125,
          "acoustic_entropy_side": 17.461259841918945,
          "hz": 2524.2759484456974
        },
        {
          "acoustic_entropy": 17.739974975585938,
          "acoustic_entropy_side": 17.343786239624023,
          "hz": 2809.813997359896
        },
        {
          "acoustic_entropy": 17.46098518371582,
          "acoustic_entropy_side": 17.389328002929688,
          "hz": 3120.6389567871424
        },
        {
