{
  "acoustic_entropy": 93.17208099365234,
  "bands": [
    {
      "high_freq": 148.1999969482422,
      "loudness": -52.43562698364258,
      "loudness_range": 16.436138153076172,
      "mid_mean": -50.31942367553711,
      "mid_to_side_loudness": -21.985380172729492,
      "mid_to_side_loudness_range": 26.714523315429688,
      "side_mean": -67.89281463623047
    },
    {
      "high_freq": 392.3793640136719,
      "loudness": -39.632354736328125,
      "loudness_range": 29.403587341308594,
      "low_freq": 148.1999969482422,
      "mid_mean": -36.105934143066406,
      "mid_to_side_loudness": -18.425256729125977,
      "mid_to_side_loudness_range": 22.307437896728516,
      "side_mean": -57.33654022216797
    },
    {
      "high_freq": 794.6976318359375,
      "loudness": -48.216426849365234,
      "loudness_range": 32.207183837890625,
      "low_freq": 392.3793640136719,
      "mid_mean": -44.65696334838867,
      "mid_to_side_loudness": -17.656723022460938,
      "mid_to_side_loudness_range": 23.541257858276367,
      "side_mean": -62.48001480102539
    },
    {
      "high_freq": 1457.5709228515625,
      "loudness": -49.62902069091797,
      "loudness_range": 28.175525665283203,
      "low_freq": 794.6976318359375,
      "mid_mean": -46.36726379394531,
      "mid_to_side_loudness": -17.78917121887207,
      "mid_to_side_loudness_range": 23.31085968017578,
      "side_mean": -64.1261978149414
    },
    {
      "high_freq": 2549.74365234375,
      "loudness": -48.1510009765625,
      "loudness_range": 26.350812911987305,
      "low_freq": 1457.5709228515625,
      "mid_mean": -44.77020263671875,
      "mid_to_side_loudness": -16.54104995727539,
      "mid_to_side_loudness_range": 23.70176124572754,
      "side_mean": -62.21342468261719
    },
    {
      "high_freq": 4349.24462890625,
      "loudness": -46.13235092163086,
      "loudness_range": 22.222244262695312,
      "low_freq": 2549.74365234375,
      "mid_mean": -42.48375701904297,
      "mid_to_side_loudness": -18.091243743896484,
      "mid_to_side_loudness_range": 24.43255615234375,
      "side_mean": -62.20022964477539
    },
    {
      "high_freq": 7314.1640625,
      "loudness": -58.670040130615234,
      "loudness_range": 29.640907287597656,
      "low_freq": 4349.24462890625,
      "mid_mean": -55.962982177734375,
      "mid_to_side_loudness": -19.210798263549805,
      "mid_to_side_loudness_range": 27.653438568115234,
      "side_mean": -69.20369720458984
    },
    {
      "high_freq": 12199.2666015625,
      "loudness": -70.9592056274414,
      "loudness_range": 22.996749877929688,
      "low_freq": 7314.1640625,
      "mid_mean": -65.15036010742188,
      "mid_to_side_loudness": -13.373745918273926,
      "mid_to_side_loudness_range": 20.8040714263916,
      "side_mean": -69.80316162109375
    },
    {
      "loudness": -77.20317840576172,
      "loudness_range": 2.9412078857421875,
      "low_freq": 12199.2666015625,
      "mid_mean": -68.7377700805664,
      "mid_to_side_loudness": -3.99214768409729,
      "mid_to_side_loudness_range": 5.320640563964844,
      "side_mean": -69.4919204711914
    }
  ],
  "bands_short": [
    {
      "high_freq": 148.1999969482422,
      "loudness": -55.4439697265625,
      "loudness_range": 15.45474624633789,
      "mid_mean": -53.11184310913086,
      "mid_to_side_loudness": -22.78078269958496,
      "mid_to_side_loudness_range": 25.74233627319336,
      "side_mean": -68.810546875
    },
    {
      "high_freq": 392.3793640136719,
      "loudness": -40.276580810546875,
      "loudness_range": 29.011259078979492,
      "low_freq": 148.1999969482422,
      "mid_mean": -36.81151580810547,
      "mid_to_side_loudness": -18.749961853027344,
      "mid_to_side_loudness_range": 23.713504791259766,
      "side_mean": -57.91489028930664
    },
    {
      "high_freq": 794.6976318359375,
      "loudness": -47.879783630371094,
      "loudness_range": 29.581130981445312,
      "low_freq": 392.3793640136719,
      "mid_mean": -44.433616638183594,
      "mid_to_side_loudness": -17.173051834106445,
      "mid_to_side_loudness_range": 23.62508201599121,
      "side_mean": -62.10443115234375
    },
    {
      "high_freq": 1457.5709228515625,
      "loudness": -50.18247604370117,
      "loudness_range": 26.951553344726562,
      "low_freq": 794.6976318359375,
      "mid_mean": -47.07534408569336,
      "mid_to_side_loudness": -17.366493225097656,
      "mid_to_side_loudness_range": 23.38446807861328,
      "side_mean": -64.27236938476562
    },
    {
      "high_freq": 2549.74365234375,
      "loudness": -49.63884735107422,
      "loudness_range": 28.272188186645508,
      "low_freq": 1457.5709228515625,
      "mid_mean": -46.2596549987793,
      "mid_to_side_loudness": -15.809444427490234,
      "mid_to_side_loudness_range": 24.591156005859375,
      "side_mean": -62.796173095703125
    },
    {
      "high_freq": 4349.24462890625,
      "loudness": -46.49406051635742,
      "loudness_range": 23.516307830810547,
      "low_freq": 2549.74365234375,
      "mid_mean": -42.817893981933594,
      "mid_to_side_loudness": -17.61377716064453,
      "mid_to_side_loudness_range": 24.907865524291992,
      "side_mean": -62.21674346923828
    },
    {
      "high_freq": 7314.1640625,
      "loudness": -59.544898986816406,
      "loudness_range": 28.32012939453125,
      "low_freq": 4349.24462890625,
      "mid_mean": -56.789913177490234,
      "mid_to_side_loudness": -17.951242446899414,
      "mid_to_side_loudness_range": 27.375171661376953,
      "side_mean": -69.1869125366211
    },
    {
      "high_freq": 12199.2666015625,
      "loudness": -71.36561584472656,
      "loudness_range": 20.517253875732422,
      "low_freq": 7314.1640625,
      "mid_mean": -65.39075469970703,
      "mid_to_side_loudness": -13.023600578308105,
      "mid_to_side_loudness_range": 20.58656120300293,
      "side_mean": -69.802978515625
    },
    {
      "loudness": -77.19528198242188,
      "loudness_range": 2.3123092651367188,
      "low_freq": 12199.2666015625,
      "mid_mean": -68.74842071533203,
      "mid_to_side_loudness": -3.9041359424591064,
      "mid_to_side_loudness_range": 5.7412238121032715,
      "side_mean": -69.48926544189453
    }
  ],
  "bandwidth": 504.4626770019531,
  "channels": 2,
  "covariance": [
    [
      62.29750442504883,
      8.632064819335938,
      37.69944763183594,
      41.28352355957031,
      41.595890045166016,
      30.24250602722168,
      30.156402587890625,
      21.0742130279541,
      27.858510971069336,
      18.124849319458008,
      22.943042755126953,
      18.16790771484375,
      51.113346099853516,
      1.6600172519683838,
      22.013019561767578,
      -0.37709349393844604,
      3.216099977493286,
      0.014983433298766613
    ],
    [
      8.632064819335938,
      2.285174608230591,
      6.839744567871094,
      7.189980506896973,
      8.220808029174805,
      6.004993438720703,
      5.300875186920166,
      3.504293918609619,
      5.898250579833984,
      3.7054576873779297,
      4.08483362197876,
      2.63643741607666,
      6.931441783905029,
      0.25190019607543945,
      3.422499179840088,
      -0.061799950897693634,
      0.39833974838256836,
      -0.013741452246904373
    ],
    [
      37.69944763183594,
      6.839744567871094,
      87.82881927490234,
      54.905574798583984,
      68.61202239990234,
      42.0743408203125,
      64.78327178955078,
      35.17021942138672,
      53.23468017578125,
      20.13851547241211,
      53.50395584106445,
      19.504602432250977,
      61.780006408691406,
      0.9814754724502563,
      36.91899871826172,
      -0.8959718346595764,
      3.49648118019104,
      -0.8685676455497742
    ],
    [
      41.28352355957031,
      7.189980506896973,
      54.905574798583984,
      57.25873947143555,
      46.199954986572266,
      37.20344161987305,
      42.750328063964844,
      33.76030731201172,
      37.71918869018555,
      27.10572052001953,
      35.542476654052734,
      24.940654754638672,
      52.734352111816406,
      2.059380054473877,
      26.906455993652344,
      -0.48974478244781494,
      2.676825523376465,
      -0.16600753366947174
    ],
    [
      41.595890045166016,
      8.220808029174805,
      68.61202239990234,
      46.199954986572266,
      87.22637939453125,
      45.83730697631836,
      65.16098022460938,
      32.17737579345703,
      60.01953125,
      23.011436462402344,
      47.030433654785156,
      16.81613540649414,
      60.85190200805664,
      1.1728425025939941,
      34.879859924316406,
      -0.7025678157806396,
      3.455252170562744,
      -0.6504763960838318
    ],
    [
      30.24250602722168,
      6.004993438720703,
      42.0743408203125,
      37.20344161987305,
      45.83730697631836,
      35.831016540527344,
      38.05971908569336,
      25.46413230895996,
      33.80406188964844,
      22.226192474365234,
      28.633338928222656,
      17.29156494140625,
      39.84839630126953,
      1.4062625169754028,
      22.579097747802734,
      -0.3788914084434509,
      2.09452486038208,
      -0.1717434674501419
    ],
    [
      30.156402587890625,
      5.300875186920166,
      64.78327178955078,
      42.750328063964844,
      65.16098022460938,
      38.05971908569336,
      71.01376342773438,
      36.5787353515625,
      58.071781158447266,
      23.824792861938477,
      50.43998718261719,
      20.759416580200195,
      61.81113052368164,
      1.641839861869812,
      35.38713073730469,
      -0.6314807534217834,
      3.335259199142456,
      -0.5673764944076538
    ],
    [
      21.0742130279541,
      3.504293918609619,
      35.17021942138672,
      33.76030731201172,
      32.17737579345703,
      25.46413230895996,
      36.5787353515625,
      29.110370635986328,
      31.94628143310547,
      22.294519424438477,
      26.299448013305664,
      18.52801513671875,
      36.574981689453125,
      1.6218360662460327,
      20.823589324951172,
      -0.3034511208534241,
      1.91904616355896,
      -0.10752451419830322
    ],
    [
      27.858510971069336,
      5.898250579833984,
      53.23468017578125,
      37.71918869018555,
      60.01953125,
      33.80406188964844,
      58.071781158447266,
      31.94628143310547,
      70.93607330322266,
      31.753376007080078,
      42.95048904418945,
      18.022518157958984,
      59.106651306152344,
      2.680147886276245,
      31.155298233032227,
      -0.514353334903717,
      2.8510613441467285,
      -0.4206843972206116
    ],
    [
      18.124849319458008,
      3.7054576873779297,
      20.13851547241211,
      27.10572052001953,
      23.011436462402344,
      22.226192474365234,
      23.824792861938477,
      22.294519424438477,
      31.753376007080078,
      32.179840087890625,
      16.457002639770508,
      16.441381454467773,
      29.818819046020508,
      2.486549139022827,
      13.901850700378418,
      -0.1658029705286026,
      1.1481748819351196,
      0.08364193886518478
    ],
    [
      22.943042755126953,
      4.08483362197876,
      53.50395584106445,
      35.542476654052734,
      47.030433654785156,
      28.633338928222656,
      50.43998718261719,
      26.299448013305664,
      42.95048904418945,
      16.457002639770508,
      46.98738479614258,
      19.47958755493164,
      49.15748977661133,
      1.2575052976608276,
      26.609886169433594,
      -0.5377978086471558,
      2.521742343902588,
      -0.4987025558948517
    ],
    [
      18.16790771484375,
      2.63643741607666,
      19.504602432250977,
      24.940654754638672,
      16.81613540649414,
      17.29156494140625,
      20.759416580200195,
      18.52801513671875,
      18.022518157958984,
      16.441381454467773,
      19.47958755493164,
      19.761693954467773,
      26.50270652770996,
      1.461112141609192,
      11.167351722717285,
      -0.1339147537946701,
      1.2682193517684937,
      0.082023024559021
    ],
    [
      51.113346099853516,
      6.931441783905029,
      61.780006408691406,
      52.734352111816406,
      60.85190200805664,
      39.84839630126953,
      61.81113052368164,
      36.574981689453125,
      59.106651306152344,
      29.818819046020508,
      49.15748977661133,
      26.50270652770996,
      81.89262390136719,
      2.731689929962158,
      41.04094314575195,
      -0.5847625136375427,
      4.748680591583252,
      -0.2572793662548065
    ],
    [
      1.6600172519683838,
      0.25190019607543945,
      0.9814754724502563,
      2.059380054473877,
      1.1728425025939941,
      1.4062625169754028,
      1.641839861869812,
      1.6218360662460327,
      2.680147886276245,
      2.486549139022827,
      1.2575052976608276,
      1.461112141609192,
      2.731689929962158,
      0.5173612236976624,
      0.5753726959228516,
      -0.0029425225220620632,
      0.03684983029961586,
      0.019831305369734764
    ],
    [
      22.013019561767578,
      3.422499179840088,
      36.91899871826172,
      26.906455993652344,
      34.879859924316406,
      22.579097747802734,
      35.38713073730469,
      20.823589324951172,
      31.155298233032227,
      13.901850700378418,
      26.609886169433594,
      11.167351722717285,
      41.04094314575195,
      0.5753726959228516,
      28.86602210998535,
      -0.35239773988723755,
      3.4276106357574463,
      -0.2506397068500519
    ],
    [
      -0.37709349393844604,
      -0.061799950897693634,
      -0.8959718346595764,
      -0.48974478244781494,
      -0.7025678157806396,
      -0.3788914084434509,
      -0.6314807534217834,
      -0.3034511208534241,
      -0.514353334903717,
      -0.1658029705286026,
      -0.5377978086471558,
      -0.1339147537946701,
      -0.5847625136375427,
      -0.0029425225220620632,
      -0.35239773988723755,
      0.012963076122105122,
      -0.025639358907938004,
      0.014057008549571037
    ],
    [
      3.216099977493286,
      0.39833974838256836,
      3.49648118019104,
      2.676825523376465,
      3.455252170562744,
      2.09452486038208,
      3.335259199142456,
      1.91904616355896,
      2.8510613441467285,
      1.1481748819351196,
      2.521742343902588,
      1.2682193517684937,
      4.748680591583252,
      0.03684983029961586,
      3.4276106357574463,
      -0.025639358907938004,
      0.5422977805137634,
      -0.006844456773251295
    ],
    [
      0.014983433298766613,
      -0.013741452246904373,
      -0.8685676455497742,
      -0.16600753366947174,
      -0.6504763960838318,
      -0.1717434674501419,
      -0.5673764944076538,
      -0.10752451419830322,
      -0.4206843972206116,
      0.08364193886518478,
      -0.4987025558948517,
      0.082023024559021,
      -0.2572793662548065,
      0.019831305369734764,
      -0.2506397068500519,
      0.014057008549571037,
      -0.006844456773251295,
      0.02154240757226944
    ]
  ],
  "covariance_short": [
    [
      49.44981002807617,
      3.5237603187561035,
      33.21305465698242,
      33.6456298828125,
      34.177330017089844,
      26.581924438476562,
      26.29558563232422,
      17.376514434814453,
      25.592487335205078,
      16.295703887939453,
      19.333284378051758,
      15.133792877197266,
      42.65924072265625,
      1.426459550857544,
      18.453506469726562,
      -0.31151580810546875,
      2.6935441493988037,
      0.039708081632852554
    ],
    [
      3.5237603187561035,
      1.2306419610977173,
      4.671916484832764,
      4.364930152893066,
      5.090183734893799,
      3.671994686126709,
      3.894742488861084,
      2.4708521366119385,
      3.937037944793701,
      2.2972166538238525,
      2.58168888092041,
      1.579005241394043,
      4.201861381530762,
      0.08512063324451447,
      2.4207892417907715,
      -0.034486137330532074,
      0.23592333495616913,
      -0.008602107875049114
    ],
    [
      33.21305465698242,
      4.671916484832764,
      94.2262954711914,
      52.24216079711914,
      75.21482849121094,
      44.597049713134766,
      68.92559814453125,
      33.20978546142578,
      62.140541076660156,
      22.586347579956055,
      53.60722351074219,
      16.609952926635742,
      63.01123809814453,
      0.5497992038726807,
      35.02668380737305,
      -0.9202830195426941,
      2.8827219009399414,
      -0.8816654682159424
    ],
    [
      33.6456298828125,
      4.364930152893066,
      52.24216079711914,
      57.352210998535156,
      46.62375259399414,
      38.1561279296875,
      42.26294708251953,
      32.150150299072266,
      39.642093658447266,
      27.432302474975586,
      32.8591194152832,
      22.366676330566406,
      50.10763168334961,
      1.7787879705429077,
      24.484682083129883,
      -0.4638718068599701,
      2.219677209854126,
      -0.16685357689857483
    ],
    [
      34.177330017089844,
      5.090183734893799,
      75.21482849121094,
      46.62375259399414,
      94.78999328613281,
      45.48624801635742,
      70.0216064453125,
      30.557348251342773,
      64.52422332763672,
      22.064273834228516,
      49.811767578125,
      15.380658149719238,
      61.54595947265625,
      0.39571529626846313,
      33.85487747192383,
      -0.7961028814315796,
      2.9381637573242188,
      -0.7605482339859009
    ],
    [
      26.581924438476562,
      3.671994686126709,
      44.597049713134766,
      38.1561279296875,
      45.48624801635742,
      38.44545364379883,
      38.698143005371094,
      25.18811798095703,
      35.218788146972656,
      22.135215759277344,
      28.80650520324707,
      16.764875411987305,
      40.55376052856445,
      1.143860936164856,
      21.322784423828125,
      -0.417449027299881,
      1.7863396406173706,
      -0.213841050863266
    ],
    [
      26.29558563232422,
      3.894742488861084,
      68.92559814453125,
      42.26294708251953,
      70.0216064453125,
      38.698143005371094,
      78.7365951538086,
      34.915584564208984,
      65.04679870605469,
      25.056562423706055,
      51.9516716003418,
      19.17376136779785,
      62.88255310058594,
      1.2779043912887573,
      33.5507926940918,
      -0.6526682376861572,
      3.04404354095459,
      -0.5665640234947205
    ],
    [
      17.376514434814453,
      2.4708521366119385,
      33.20978546142578,
      32.150150299072266,
      30.557348251342773,
      25.18811798095703,
      34.915584564208984,
      29.492462158203125,
      31.94779396057129,
      22.730545043945312,
      24.27851676940918,
      16.791696548461914,
      34.196231842041016,
      1.4506808519363403,
      18.404062271118164,
      -0.2902103364467621,
      1.5438973903656006,
      -0.10309529304504395
    ],
    [
      25.592487335205078,
      3.937037944793701,
      62.140541076660156,
      39.642093658447266,
      64.52422332763672,
      35.218788146972656,
      65.04679870605469,
      31.94779396057129,
      80.80162811279297,
      31.052217483520508,
      47.252010345458984,
      17.338171005249023,
      62.30161666870117,
      2.288775682449341,
      32.15852737426758,
      -0.5888627171516418,
      2.8402016162872314,
      -0.48736512660980225
    ],
    [
      16.295703887939453,
      2.2972166538238525,
      22.586347579956055,
      27.432302474975586,
      22.064273834228516,
      22.135215759277344,
      25.056562423706055,
      22.730545043945312,
      31.052217483520508,
      33.235267639160156,
      16.662517547607422,
      15.734834671020508,
      28.266185760498047,
      2.6245651245117188,
      13.038617134094238,
      -0.18569448590278625,
      1.039268970489502,
      0.04188387468457222
    ],
    [
      19.333284378051758,
      2.58168888092041,
      53.60722351074219,
      32.8591194152832,
      49.811767578125,
      28.80650520324707,
      51.9516716003418,
      24.27851676940918,
      47.252010345458984,
      16.662517547607422,
      50.66448974609375,
      17.637922286987305,
      50.30031967163086,
      0.626997709274292,
      25.697708129882812,
      -0.5236165523529053,
      2.4077866077423096,
      -0.4682008624076843
    ],
    [
      15.133792877197266,
      1.579005241394043,
      16.609952926635742,
      22.366676330566406,
      15.380658149719238,
      16.764875411987305,
      19.17376136779785,
      16.791696548461914,
      17.338171005249023,
      15.734834671020508,
      17.637922286987305,
      21.518922805786133,
      24.72617530822754,
      1.3512961864471436,
      9.578381538391113,
      -0.10305196791887283,
      0.9779092669487,
      0.1077735498547554
    ],
    [
      42.65924072265625,
      4.201861381530762,
      63.01123809814453,
      50.10763168334961,
      61.54595947265625,
      40.55376052856445,
      62.88255310058594,
      34.196231842041016,
      62.30161666870117,
      28.266185760498047,
      50.30031967163086,
      24.72617530822754,
      81.98976135253906,
      2.005965232849121,
      39.04187774658203,
      -0.5856050252914429,
      4.645226001739502,
      -0.24041669070720673
    ],
    [
      1.426459550857544,
      0.08512063324451447,
      0.5497992038726807,
      1.7787879705429077,
      0.39571529626846313,
      1.143860936164856,
      1.2779043912887573,
      1.4506808519363403,
      2.288775682449341,
      2.6245651245117188,
      0.626997709274292,
      1.3512961864471436,
      2.005965232849121,
      0.9604538679122925,
      0.0994533970952034,
      0.004798063077032566,
      -0.00790144968777895,
      0.026919178664684296
    ],
    [
      18.453506469726562,
      2.4207892417907715,
      35.02668380737305,
      24.484682083129883,
      33.85487747192383,
      21.322784423828125,
      33.5507926940918,
      18.404062271118164,
      32.15852737426758,
      13.038617134094238,
      25.697708129882812,
      9.578381538391113,
      39.04187774658203,
      0.0994533970952034,
      26.822608947753906,
      -0.3285650610923767,
      3.26046085357666,
      -0.21221132576465607
    ],
    [
      -0.31151580810546875,
      -0.034486137330532074,
      -0.9202830195426941,
      -0.4638718068599701,
      -0.7961028814315796,
      -0.417449027299881,
      -0.6526682376861572,
      -0.2902103364467621,
      -0.5888627171516418,
      -0.18569448590278625,
      -0.5236165523529053,
      -0.10305196791887283,
      -0.5856050252914429,
      0.004798063077032566,
      -0.3285650610923767,
      0.013404459692537785,
      -0.02363412454724312,
      0.013860964216291904
    ],
    [
      2.6935441493988037,
      0.23592333495616913,
      2.8827219009399414,
      2.219677209854126,
      2.9381637573242188,
      1.7863396406173706,
      3.04404354095459,
      1.5438973903656006,
      2.8402016162872314,
      1.039268970489502,
      2.4077866077423096,
      0.9779092669487,
      4.645226001739502,
      -0.00790144968777895,
      3.26046085357666,
      -0.02363412454724312,
      0.6094846725463867,
      -0.004977737087756395
    ],
    [
      0.039708081632852554,
      -0.008602107875049114,
      -0.8816654682159424,
      -0.16685357689857483,
      -0.7605482339859009,
      -0.213841050863266,
      -0.5665640234947205,
      -0.10309529304504395,
      -0.48736512660980225,
      0.04188387468457222,
      -0.4682008624076843,
      0.1077735498547554,
      -0.24041669070720673,
      0.026919178664684296,
      -0.21221132576465607,
      0.013860964216291904,
      -0.004977737087756395,
      0.023455088958144188
    ]
  ],
  "damage": -16.15987205505371,
  "diff_bandwidth": 543.6434326171875,
  "dissonance": 6.28624799838572,
  "drr": 5.395442008972168,
  "dynamics": 7.093323707580566,
  "format": 1245190,
  "frames": 857024,
  "loudness": -31.92349624633789,
  "loudness_range": 27.337726593017578,
  "loudness_range_short": 27.26293182373047,
  "lowpass_true_peak_15khz": -4.559013366699219,
  "mastering3_acoustic_entropies": [
    {
      "acoustic_entropy": 4.805822849273682,
      "acoustic_entropy_mono": 4.818853855133057,
      "band_eliminated_acoustic_entropies": [
        {
          "acoustic_entropy": 4.805907726287842,
          "acoustic_entropy_side": 4.805822372436523,
          "hz": 129.47220167065723
        },
        {
          "acoustic_entropy": 4.725671768188477,
          "acoustic_entropy_side": 4.805824279785156,
          "hz": 202.92927478742237
        },
        {
          "acoustic_entropy": 3.92891263961792,
          "acoustic_entropy_side": 4.805830001831055,
          "hz": 282.89161906338205
        },
        {
          "acoustic_entropy": 4.6557297706604,
          "acoustic_entropy_side": 4.81534481048584,
          "hz": 369.9353335868758
        },
        {
          "acoustic_entropy": 4.231962203979492,
          "acoustic_entropy_side": 4.8134765625,
          "hz": 464.6875360973435
        },
        {
          "acoustic_entropy": 4.96734094619751,
          "acoustic_entropy_side": 4.8078179359436035,
          "hz": 567.8308811364784
        },
        {
          "acoustic_entropy": 4.7871880531311035,
          "acoustic_entropy_side": 4.805837631225586,
          "hz": 680.1084783214808
        },
        {
          "acoustic_entropy": 4.763726234436035,
          "acoustic_entropy_side": 4.805417060852051,
          "hz": 802.3292461747484
        },
        {
          "acoustic_entropy": 4.829866409301758,
          "acoustic_entropy_side": 4.805788040161133,
          "hz": 935.3737400823702
        },
        {
          "acoustic_entropy": 4.731692790985107,
          "acoustic_entropy_side": 4.805490970611572,
          "hz": 1080.2004963696966
        },
        {
          "acoustic_entropy": 4.842010498046875,
          "acoustic_entropy_side": 4.805715084075928,
          "hz": 1237.8529382007157
        },
        {
          "acoustic_entropy": 4.477071285247803,
          "acoustic_entropy_side": 4.805872917175293,
          "hz": 1409.4668930556702
        },
        {
          "acoustic_entropy": 4.671881675720215,
          "acoustic_entropy_side": 4.805392265319824,
          "hz": 1596.2787759475705
        },
        {
          "acoustic_entropy": 4.64903450012207,
          "acoustic_entropy_side": 4.805876731872559,
          "hz": 1799.6344973346393
        },
        {
          "acoustic_entropy": 4.78490686416626,
          "acoustic_entropy_side": 4.805383682250977,
          "hz": 2020.9991599069049
        },
        {
          "acoustic_entropy": 4.715161323547363,
          "acoustic_entropy_side": 4.803920745849609,
          "hz": 2261.9676141086993
        },
        {
          "acoustic_entropy": 4.3378214836120605,
          "acoustic_entropy_side": 4.805115222930908,
          "hz": 2524.2759484456974
        },
        {
          "acoustic_entropy": 5.018954277038574,
          "acoustic_entropy_side": 4.805495738983154,
          "hz": 2809.813997359896
        },
        {
          "acoustic_entropy": 5.147099494934082,
          "acoustic_entropy_side": 4.805866241455078,
          "hz": 3120.6389567871424
        },
        {
          "acoustic_entropy": 4.9150919914245605,
          "acoustic_entropy_side": 4.805966854095459,
          "hz": 3458.990205492291
        },
        {
          "acoustic_entropy": 4.82815408706665,
          "acoustic_entropy_side": 4.8057966232299805,
          "hz": 3827.305438964164
        },
        {
          "acoustic_entropy": 4.78043794631958,
          "acoustic_entropy_side": 4.8057966232299805,
          "hz": 4228.238232109126
        },
        {
          "acoustic_entropy": 4.715115070343018,
          "acoustic_entropy_side": 4.805822372436523,
          "hz": 4664.6771572759235
        },
        {
          "acoustic_entropy": 4.661889553070068,
          "acoustic_entropy_side": 4.805822849273682,
          "hz": 5139.766595350093
        },
        {
          "acoustic_entropy": 4.633809566497803,
          "acoustic_entropy_side": 4.805822849273682,
          "hz": 5656.929389854203
        },
        {
          "acoustic_entropy": 4.629373550415039,
          "acoustic_entropy_side": 4.805822849273682,
          "hz": 6219.891507268283
        },
        {
          "acoustic_entropy": 4.748567581176758,
          "acoustic_entropy_side": 4.805822849273682,
          "hz": 6832.70888123896
        },
        {
          "acoustic_entropy": 4.668069839477539,
          "acoustic_entropy_side": 4.805822849273682,
          "hz": 7499.796634079867
        },
        {
          "acoustic_entropy": 4.736732006072998,
          "acoustic_entropy_side": 4.805822849273682,
          "hz": 8225.96088609342
        },
        {
          "acoustic_entropy": 4.741097450256348,
          "acoustic_entropy_side": 4.805822849273682,
          "hz": 9016.43338188839
        },
        {
          "acoustic_entropy": 4.766773700714111,
          "acoustic_entropy_side": 4.805822849273682,
          "hz": 9876.909183162974
        },
        {
          "acoustic_entropy": 4.799891471862793,
          "acoustic_entropy_side": 4.805822849273682,
          "hz": 10813.587699516042
        },
        {
          "acoustic_entropy": 4.804992198944092,
          "acoustic_entropy_side": 4.805822849273682,
          "hz": 11833.21735289826
        },
        {
          "acoustic_entropy": 4.80568790435791,
          "acoustic_entropy_side": 4.805822849273682,
          "hz": 12943.144197493959
        },
        {
          "acoustic_entropy": 4.805800437927246,
          "acoustic_entropy_side": 4.805822849273682,
          "hz": 14151.364845322005
        },
        {
          "acoustic_entropy": 4.805817604064941,
          "acoustic_entropy_side": 4.805822849273682,
          "hz": 15466.58407886509
        },
        {
          "acoustic_entropy": 4.805822849273682,
          "acoustic_entropy_side": 4.805822849273682,
          "hz": 16898.27756580493
        },
        {
          "acoustic_entropy": 4.805822849273682,
          "acoustic_entropy_side": 4.805822849273682,
          "hz": 18456.760127700032
        },
        {
          "acoustic_entropy": 4.805822849273682,
          "acoustic_entropy_side": 4.805822849273682,
          "hz": 20153.260054456492
        },
        {
          "acoustic_entropy": 4.805822849273682,
          "acoustic_entropy_side": 4.805822849273682,
          "hz": 22000.00000000001
        }
      ],
      "diff_acoustic_entropy": 3.287405490875244,
      "sn": 6
    },
    {
      "acoustic_entropy": 7.965664386749268,
      "acoustic_entropy_mono": 8.136134147644043,
      "band_eliminated_acoustic_entropies": [
        {
          "acoustic_entropy": 7.963822841644287,
          "acoustic_entropy_side": 7.965663433074951,
          "hz": 129.47220167065723
        },
        {
          "acoustic_entropy": 7.841152191162109,
          "acoustic_entropy_side": 7.965830326080322,
          "hz": 202.92927478742237
        },
        {
          "acoustic_entropy": 7.000010013580322,
          "acoustic_entropy_side": 7.967807769775391,
          "hz": 282.89161906338205
        },
        {
          "acoustic_entropy": 7.806551933288574,
          "acoustic_entropy_side": 7.988463878631592,
          "hz": 369.9353335868758
        },
        {
          "acoustic_entropy": 8.291796684265137,
          "acoustic_entropy_side": 7.979940891265869,
          "hz": 464.6875360973435
        },
        {
          "acoustic_entropy": 7.5909318923950195,
          "acoustic_entropy_side": 7.933259963989258,
          "hz": 567.8308811364784
        },
        {
          "acoustic_entropy": 7.929932117462158,
          "acoustic_entropy_side": 7.946678638458252,
          "hz": 680.1084783214808
        },
        {
          "acoustic_entropy": 7.830490589141846,
          "acoustic_entropy_side": 7.954351425170898,
          "hz": 802.3292461747484
        },
        {
          "acoustic_entropy": 7.898547649383545,
          "acoustic_entropy_side": 7.965764045715332,
          "hz": 935.3737400823702
        },
        {
          "acoustic_entropy": 8.057249069213867,
          "acoustic_entropy_side": 7.972686767578125,
          "hz": 1080.2004963696966
        },
        {
          "acoustic_entropy": 8.04552173614502,
          "acoustic_entropy_side": 7.9676971435546875,
          "hz": 1237.8529382007157
        },
        {
          "acoustic_entropy": 7.919190406799316,
          "acoustic_entropy_side": 7.9529290199279785,
          "hz": 1409.4668930556702
        },
        {
          "acoustic_entropy": 7.74275541305542,
          "acoustic_entropy_side": 7.971686840057373,
          "hz": 1596.2787759475705
        },
        {
          "acoustic_entropy": 7.863001823425293,
          "acoustic_entropy_side": 7.9651103019714355,
          "hz": 1799.6344973346393
        },
        {
          "acoustic_entropy": 7.850376605987549,
          "acoustic_entropy_side": 7.968048095703125,
          "hz": 2020.9991599069049
        },
        {
          "acoustic_entropy": 7.996662139892578,
          "acoustic_entropy_side": 7.97135591506958,
          "hz": 2261.9676141086993
        },
        {
          "acoustic_entropy": 8.224045753479004,
          "acoustic_entropy_side": 7.971558570861816,
          "hz": 2524.2759484456974
        },
        {
          "acoustic_entropy": 7.588219165802002,
          "acoustic_entropy_side": 7.964524745941162,
          "hz": 2809.813997359896
        },
        {
          "acoustic_entropy": 8.366557121276855,
          "acoustic_entropy_side": 7.967049598693848,
          "hz": 3120.6389567871424
        },
        {
          "acoustic_entropy": 8.899332046508789,
          "acoustic_entropy_side": 7.961833477020264,
          "hz": 3458.990205492291
        },
        {
          "acoustic_entropy": 8.23256778717041,
          "acoustic_entropy_side": 7.96620512008667,
          "hz": 3827.305438964164
        },
        {
          "acoustic_entropy": 7.905494213104248,
          "acoustic_entropy_side": 7.965887546539307,
          "hz": 4228.238232109126
        },
        {
          "acoustic_entropy": 7.468564510345459,
          "acoustic_entropy_side": 7.965703964233398,
          "hz": 4664.6771572759235
        },
        {
          "acoustic_entropy": 7.415884971618652,
          "acoustic_entropy_side": 7.965675354003906,
          "hz": 5139.766595350093
        },
        {
          "acoustic_entropy": 7.8628034591674805,
          "acoustic_entropy_side": 7.965663909912109,
          "hz": 5656.929389854203
        },
        {
          "acoustic_entropy": 7.933743476867676,
          "acoustic_entropy_side": 7.9656596183776855,
          "hz": 6219.891507268283
        },
        {
          "acoustic_entropy": 7.931370735168457,
          "acoustic_entropy_side": 7.965663433074951,
          "hz": 6832.70888123896
        },
        {
          "acoustic_entropy": 7.671896934509277,
          "acoustic_entropy_side": 7.965664386749268,
          "hz": 7499.796634079867
        },
        {
          "acoustic_entropy": 7.866676330566406,
          "acoustic_entropy_side": 7.965664386749268,
          "hz": 8225.96088609342
        },
        {
          "acoustic_entropy": 7.875697135925293,
          "acoustic_entropy_side": 7.965664386749268,
          "hz": 9016.43338188839
        },
        {
          "acoustic_entropy": 7.897712230682373,
          "acoustic_entropy_side": 7.965663909912109,
          "hz": 9876.909183162974
        },
        {
          "acoustic_entropy": 7.9508056640625,
          "acoustic_entropy_side": 7.965663909912109,
          "hz": 10813.587699516042
        },
        {
          "acoustic_entropy": 7.96196985244751,
          "acoustic_entropy_side": 7.965663909912109,
          "hz": 11833.21735289826
        },
        {
          "acoustic_entropy": 7.964822769165039,
          "acoustic_entropy_side": 7.965663909912109,
          "hz": 12943.144197493959
        },
        {
          "acoustic_entropy": 7.965488433837891,
          "acoustic_entropy_side": 7.965663909912109,
          "hz": 14151.364845322005
        },
        {
          "acoustic_entropy": 7.965610504150391,
          "acoustic_entropy_side": 7.965664386749268,
          "hz": 15466.58407886509
        },
        {
          "acoustic_entropy": 7.965659141540527,
          "acoustic_entropy_side": 7.965664386749268,
          "hz": 16898.27756580493
        },
        {
          "acoustic_entropy": 7.965662956237793,
          "acoustic_entropy_side": 7.965663909912109,
          "hz": 18456.760127700032
        },
        {
          "acoustic_entropy": 7.965663909912109,
          "acoustic_entropy_side": 7.965663909912109,
          "hz": 20153.260054456492
        },
        {
          "acoustic_entropy": 7.965663909912109,
          "acoustic_entropy_side": 7.965663909912109,
          "hz": 22000.00000000001
        }
      ],
      "diff_acoustic_entropy": 5.977504730224609,
      "sn": 12
    },
    {
      "acoustic_entropy": 14.41031265258789,
      "acoustic_entropy_mono": 14.983733177185059,
      "band_eliminated_acoustic_entropies": [
        {
          "acoustic_entropy": 14.51129150390625,
          "acoustic_entropy_side": 14.410286903381348,
          "hz": 129.47220167065723
        },
        {
          "acoustic_entropy": 14.36532211303711,
          "acoustic_entropy_side": 14.404973030090332,
          "hz": 202.92927478742237
        },
        {
          "acoustic_entropy": 13.776073455810547,
          "acoustic_entropy_side": 14.523446083068848,
          "hz": 282.89161906338205
        },
        {
          "acoustic_entropy": 15.256953239440918,
          "acoustic_entropy_side": 14.8529634475708,
          "hz": 369.9353335868758
        },
        {
          "acoustic_entropy": 14.609430313110352,
          "acoustic_entropy_side": 14.100955963134766,
          "hz": 464.6875360973435
        },
        {
          "acoustic_entropy": 14.864680290222168,
          "acoustic_entropy_side": 14.38700008392334,
          "hz": 567.8308811364784
        },
        {
          "acoustic_entropy": 14.611332893371582,
          "acoustic_entropy_side": 14.419879913330078,
          "hz": 680.1084783214808
        },
        {
          "acoustic_entropy": 14.124369621276855,
          "acoustic_entropy_side": 14.382599830627441,
          "hz": 802.3292461747484
        },
        {
          "acoustic_entropy": 14.553956985473633,
          "acoustic_entropy_side": 14.430968284606934,
          "hz": 935.3737400823702
        },
        {
          "acoustic_entropy": 15.296510696411133,
          "acoustic_entropy_side": 14.457670211791992,
          "hz": 1080.2004963696966
        },
        {
          "acoustic_entropy": 14.008569717407227,
          "acoustic_entropy_side": 14.511641502380371,
          "hz": 1237.8529382007157
        },
        {
          "acoustic_entropy": 13.983946800231934,
          "acoustic_entropy_side": 14.504480361938477,
          "hz": 1409.4668930556702
        },
        {
          "acoustic_entropy": 13.967891693115234,
          "acoustic_entropy_side": 14.255349159240723,
          "hz": 1596.2787759475705
        },
        {
          "acoustic_entropy": 14.304816246032715,
          "acoustic_entropy_side": 14.645259857177734,
          "hz": 1799.6344973346393
        },
        {
          "acoustic_entropy": 14.691268920898438,
          "acoustic_entropy_side": 14.355086326599121,
          "hz": 2020.9991599069049
        },
        {
          "acoustic_entropy": 13.662450790405273,
          "acoustic_entropy_side": 14.08496379852295,
          "hz": 2261.9676141086993
        },
        {
          "acoustic_entropy": 14.526759147644043,
          "acoustic_entropy_side": 14.065690040588379,
          "hz": 2524.2759484456974
        },
        {
          "acoustic_entropy": 13.391444206237793,
