{
  "acoustic_entropy": 198.6351776123047,
  "bands": [
    {
      "high_freq": 148.1999969482422,
      "loudness": -41.050758361816406,
      "loudness_range": 17.871700286865234,
      "mid_mean": -48.92279815673828,
      "mid_to_side_loudness": -3.7519540786743164,
      "mid_to_side_loudness_range": 9.60969352722168,
      "side_mean": -52.10653305053711
    },
    {
      "high_freq": 392.3793640136719,
      "loudness": -36.9818229675293,
      "loudness_range": 16.902597427368164,
      "low_freq": 148.1999969482422,
      "mid_mean": -35.1280517578125,
      "mid_to_side_loudness": -4.200671195983887,
      "mid_to_side_loudness_range": 8.99618148803711,
      "side_mean": -40.02525329589844
    },
    {
      "high_freq": 794.6976318359375,
      "loudness": -35.77367401123047,
      "loudness_range": 14.014904022216797,
      "low_freq": 392.3793640136719,
      "mid_mean": -33.928035736083984,
      "mid_to_side_loudness": -3.052044153213501,
      "mid_to_side_loudness_range": 6.488792419433594,
      "side_mean": -37.04901123046875
    },
    {
      "high_freq": 1457.5709228515625,
      "loudness": -40.074031829833984,
      "loudness_range": 17.443092346191406,
      "low_freq": 794.6976318359375,
      "mid_mean": -38.614601135253906,
      "mid_to_side_loudness": -2.2281384468078613,
      "mid_to_side_loudness_range": 7.225648880004883,
      "side_mean": -40.82304763793945
    },
    {
      "high_freq": 2549.74365234375,
      "loudness": -42.12668991088867,
      "loudness_range": 21.55339813232422,
      "low_freq": 1457.5709228515625,
      "mid_mean": -40.293006896972656,
      "mid_to_side_loudness": -3.273120880126953,
      "mid_to_side_loudness_range": 6.567084312438965,
      "side_mean": -43.63983154296875
    },
    {
      "high_freq": 4349.24462890625,
      "loudness": -51.033660888671875,
      "loudness_range": 25.670318603515625,
      "low_freq": 2549.74365234375,
      "mid_mean": -50.186771392822266,
      "mid_to_side_loudness": -3.5367181301116943,
      "mid_to_side_loudness_range": 6.4985737800598145,
      "side_mean": -53.43342208862305
    },
    {
      "high_freq": 7314.1640625,
      "loudness": -59.75065231323242,
      "loudness_range": 26.252479553222656,
      "low_freq": 4349.24462890625,
      "mid_mean": -59.09086608886719,
      "mid_to_side_loudness": -3.569413900375366,
      "mid_to_side_loudness_range": 6.5498738288879395,
      "side_mean": -61.688541412353516
    },
    {
      "high_freq": 12199.2666015625,
      "loudness": -60.45948791503906,
      "loudness_range": 26.730998992919922,
      "low_freq": 7314.1640625,
      "mid_mean": -63.17397689819336,
      "mid_to_side_loudness": -3.82887601852417,
      "mid_to_side_loudness_range": 5.585380554199219,
      "side_mean": -65.08023834228516
    },
    {
      "loudness": -56.00883483886719,
      "loudness_range": 19.38219451904297,
      "low_freq": 12199.2666015625,
      "mid_mean": -64.58995056152344,
      "mid_to_side_loudness": -3.4650938510894775,
      "mid_to_side_loudness_range": 3.8460679054260254,
      "side_mean": -66.00384521484375
    }
  ],
  "bands_short": [
    {
      "high_freq": 148.1999969482422,
      "loudness": -46.85443878173828,
      "loudness_range": 28.968791961669922,
      "mid_mean": -51.79536819458008,
      "mid_to_side_loudness": -3.8975882530212402,
      "mid_to_side_loudness_range": 13.873418807983398,
      "side_mean": -54.9591064453125
    },
    {
      "high_freq": 392.3793640136719,
      "loudness": -36.5703239440918,
      "loudness_range": 18.05840301513672,
      "low_freq": 148.1999969482422,
      "mid_mean": -34.93598937988281,
      "mid_to_side_loudness": -4.075570106506348,
      "mid_to_side_loudness_range": 12.333477020263672,
      "side_mean": -39.739990234375
    },
    {
      "high_freq": 794.6976318359375,
      "loudness": -36.59113693237305,
      "loudness_range": 17.368932723999023,
      "low_freq": 392.3793640136719,
      "mid_mean": -34.948883056640625,
      "mid_to_side_loudness": -3.0166001319885254,
      "mid_to_side_loudness_range": 10.646230697631836,
      "side_mean": -38.053401947021484
    },
    {
      "high_freq": 1457.5709228515625,
      "loudness": -40.24199295043945,
      "loudness_range": 18.727720260620117,
      "low_freq": 794.6976318359375,
      "mid_mean": -38.973079681396484,
      "mid_to_side_loudness": -2.1150119304656982,
      "mid_to_side_loudness_range": 11.344198226928711,
      "side_mean": -41.113861083984375
    },
    {
      "high_freq": 2549.74365234375,
      "loudness": -43.055545806884766,
      "loudness_range": 22.441495895385742,
      "low_freq": 1457.5709228515625,
      "mid_mean": -41.54098129272461,
      "mid_to_side_loudness": -2.951770305633545,
      "mid_to_side_loudness_range": 10.66486930847168,
      "side_mean": -44.61595916748047
    },
    {
      "high_freq": 4349.24462890625,
      "loudness": -51.57925033569336,
      "loudness_range": 25.8387451171875,
      "low_freq": 2549.74365234375,
      "mid_mean": -51.141212463378906,
      "mid_to_side_loudness": -3.210453510284424,
      "mid_to_side_loudness_range": 9.645148277282715,
      "side_mean": -54.032474517822266
    },
    {
      "high_freq": 7314.1640625,
      "loudness": -60.88844299316406,
      "loudness_range": 27.940956115722656,
      "low_freq": 4349.24462890625,
      "mid_mean": -60.14274215698242,
      "mid_to_side_loudness": -3.078803539276123,
      "mid_to_side_loudness_range": 7.673313140869141,
      "side_mean": -62.23956298828125
    },
    {
      "high_freq": 12199.2666015625,
      "loudness": -61.2014045715332,
      "loudness_range": 28.43004608154297,
      "low_freq": 7314.1640625,
      "mid_mean": -64.13842010498047,
      "mid_to_side_loudness": -3.2579972743988037,
      "mid_to_side_loudness_range": 6.304653167724609,
      "side_mean": -65.56127166748047
    },
    {
      "loudness": -58.79136276245117,
      "loudness_range": 26.13764190673828,
      "low_freq": 12199.2666015625,
      "mid_mean": -65.73101806640625,
      "mid_to_side_loudness": -3.080994129180908,
      "mid_to_side_loudness_range": 5.28859806060791,
      "side_mean": -66.7344970703125
    }
  ],
  "bandwidth": 635.6109619140625,
  "channels": 2,
  "covariance": [
    [
      207.95143127441406,
      181.08737182617188,
      54.463401794433594,
      59.69912338256836,
      49.009666442871094,
      46.322601318359375,
      43.85390853881836,
      33.35454177856445,
      33.340797424316406,
      27.23493194580078,
      47.10935974121094,
      38.27802658081055,
      37.64615249633789,
      31.72317886352539,
      33.29201126098633,
      27.360811233520508,
      31.295419692993164,
      24.049358367919922
    ],
    [
      181.08737182617188,
      167.70977783203125,
      47.777767181396484,
      51.84651565551758,
      44.38166427612305,
      42.0699348449707,
      38.80927276611328,
      29.510040283203125,
      28.53888511657715,
      23.660655975341797,
      40.608436584472656,
      33.05339431762695,
      30.540924072265625,
      25.3420467376709,
      25.420888900756836,
      20.9219913482666,
      23.720088958740234,
      18.229293823242188
    ],
    [
      54.463401794433594,
      47.777767181396484,
      51.77794647216797,
      43.36557388305664,
      24.8868465423584,
      23.522300720214844,
      20.358610153198242,
      16.7337703704834,
      8.699980735778809,
      6.582874298095703,
      11.51710319519043,
      9.251093864440918,
      8.233128547668457,
      7.7582316398620605,
      9.028435707092285,
      7.7189741134643555,
      10.240056991577148,
      8.087352752685547
    ],
    [
      59.69912338256836,
      51.84651565551758,
      43.36557388305664,
      54.37507629394531,
      24.19171905517578,
      23.298629760742188,
      21.953956604003906,
      18.854516983032227,
      8.975010871887207,
      7.157682418823242,
      11.805940628051758,
      9.666986465454102,
      8.454747200012207,
      8.29936695098877,
      9.118783950805664,
      8.1433744430542,
      10.230484962463379,
      8.324309349060059
    ],
    [
      49.009666442871094,
      44.38166427612305,
      24.8868465423584,
      24.19171905517578,
      28.956480026245117,
      26.148006439208984,
      23.855817794799805,
      20.567047119140625,
      18.661712646484375,
      17.844459533691406,
      23.420846939086914,
      20.82468605041504,
      16.930316925048828,
      14.218400955200195,
      12.101052284240723,
      9.696582794189453,
      11.010900497436523,
      8.359800338745117
    ],
    [
      46.322601318359375,
      42.0699348449707,
      23.522300720214844,
      23.298629760742188,
      26.148006439208984,
      28.868492126464844,
      24.371604919433594,
      21.16705894470215,
      20.604671478271484,
      19.723247528076172,
      25.93313217163086,
      23.20583724975586,
      19.994895935058594,
      16.95075225830078,
      15.142990112304688,
      12.105937004089355,
      14.03592300415039,
      10.644556045532227
    ],
    [
      43.85390853881836,
      38.80927276611328,
      20.358610153198242,
      21.953956604003906,
      23.855817794799805,
      24.371604919433594,
      42.820491790771484,
      35.0018424987793,
      37.92342758178711,
      36.44576644897461,
      43.682151794433594,
      37.29983139038086,
      28.492069244384766,
      22.45206642150879,
      18.362245559692383,
      14.176370620727539,
      16.499319076538086,
      12.679789543151855
    ],
    [
      33.35454177856445,
      29.510040283203125,
      16.7337703704834,
      18.854516983032227,
      20.567047119140625,
      21.16705894470215,
      35.0018424987793,
      34.238990783691406,
      32.9548454284668,
      32.7208366394043,
      38.670719146728516,
      33.687416076660156,
      26.082170486450195,
      21.56174087524414,
      17.866939544677734,
      13.95226001739502,
      16.335094451904297,
      12.542744636535645
    ],
    [
      33.340797424316406,
      28.53888511657715,
      8.699980735778809,
      8.975010871887207,
      18.661712646484375,
      20.604671478271484,
      37.92342758178711,
      32.9548454284668,
      57.825958251953125,
      52.65262985229492,
      62.14613342285156,
      53.85335159301758,
      45.97187423706055,
      35.99260330200195,
      30.068946838378906,
      21.88645362854004,
      24.020187377929688,
      17.823701858520508
    ],
    [
      27.23493194580078,
      23.660655975341797,
      6.582874298095703,
      7.157682418823242,
      17.844459533691406,
      19.723247528076172,
      36.44576644897461,
      32.7208366394043,
      52.65262985229492,
      55.37083435058594,
      60.88671875,
      53.52388381958008,
      44.651973724365234,
      35.326473236083984,
      28.83156967163086,
      20.93281364440918,
      22.549633026123047,
      16.698484420776367
    ],
    [
      47.10935974121094,
      40.608436584472656,
      11.51710319519043,
      11.805940628051758,
      23.420846939086914,
      25.93313217163086,
      43.682151794433594,
      38.670719146728516,
      62.14613342285156,
      60.88671875,
      94.39881134033203,
      80.61569213867188,
      70.93944549560547,
      55.92656326293945,
      49.08730697631836,
      35.59188461303711,
      38.30895233154297,
      28.28346061706543
    ],
    [
      38.27802658081055,
      33.05339431762695,
      9.251093864440918,
      9.666986465454102,
      20.82468605041504,
      23.20583724975586,
      37.29983139038086,
      33.687416076660156,
      53.85335159301758,
      53.52388381958008,
      80.61569213867188,
      72.74627685546875,
      63.780147552490234,
      51.0427360534668,
      44.6485595703125,
      32.76951217651367,
      34.93999099731445,
      25.873472213745117
    ],
    [
      37.64615249633789,
      30.540924072265625,
      8.233128547668457,
      8.454747200012207,
      16.930316925048828,
      19.994895935058594,
      28.492069244384766,
      26.082170486450195,
      45.97187423706055,
      44.651973724365234,
      70.93944549560547,
      63.780147552490234,
      86.4900894165039,
      70.60034942626953,
      73.14646911621094,
      55.3420524597168,
      63.82215118408203,
      48.21926498413086
    ],
    [
      31.72317886352539,
      25.3420467376709,
      7.7582316398620605,
      8.29936695098877,
      14.218400955200195,
      16.95075225830078,
      22.45206642150879,
      21.56174087524414,
      35.99260330200195,
      35.326473236083984,
      55.92656326293945,
      51.0427360534668,
      70.60034942626953,
      60.95111846923828,
      63.28291702270508,
      49.065853118896484,
      56.74238586425781,
      42.93391418457031
    ],
    [
      33.29201126098633,
      25.420888900756836,
      9.028435707092285,
      9.118783950805664,
      12.101052284240723,
      15.142990112304688,
      18.362245559692383,
      17.866939544677734,
      30.068946838378906,
      28.83156967163086,
      49.08730697631836,
      44.6485595703125,
      73.14646911621094,
      63.28291702270508,
      74.7534408569336,
      58.42459487915039,
      70.15608978271484,
      53.42192840576172
    ],
    [
      27.360811233520508,
      20.9219913482666,
      7.7189741134643555,
      8.1433744430542,
      9.696582794189453,
      12.105937004089355,
      14.176370620727539,
      13.95226001739502,
      21.88645362854004,
      20.93281364440918,
      35.59188461303711,
      32.76951217651367,
      55.3420524597168,
      49.065853118896484,
      58.42459487915039,
      47.487205505371094,
      56.933963775634766,
      43.898284912109375
    ],
    [
      31.295419692993164,
      23.720088958740234,
      10.240056991577148,
      10.230484962463379,
      11.010900497436523,
      14.03592300415039,
      16.499319076538086,
      16.335094451904297,
      24.020187377929688,
      22.549633026123047,
      38.30895233154297,
      34.93999099731445,
      63.82215118408203,
      56.74238586425781,
      70.15608978271484,
      56.933963775634766,
      73.46219635009766,
      56.464454650878906
    ],
    [
      24.049358367919922,
      18.229293823242188,
      8.087352752685547,
      8.324309349060059,
      8.359800338745117,
      10.644556045532227,
      12.679789543151855,
      12.542744636535645,
      17.823701858520508,
      16.698484420776367,
      28.28346061706543,
      25.873472213745117,
      48.21926498413086,
      42.93391418457031,
      53.42192840576172,
      43.898284912109375,
      56.464454650878906,
      44.15178298950195
    ]
  ],
  "covariance_short": [
    [
      166.44224548339844,
      140.53221130371094,
      54.33714294433594,
      55.13595962524414,
      48.091339111328125,
      45.596397399902344,
      41.037864685058594,
      31.80292510986328,
      29.8416748046875,
      25.454883575439453,
      38.747982025146484,
      32.25570297241211,
      31.465578079223633,
      26.006755828857422,
      24.35126495361328,
      20.458656311035156,
      21.209861755371094,
      16.763124465942383
    ],
    [
      140.53221130371094,
      135.4472198486328,
      46.593162536621094,
      48.464508056640625,
      43.06724548339844,
      41.192596435546875,
      36.3829460144043,
      28.434356689453125,
      26.725894927978516,
      22.839746475219727,
      34.257205963134766,
      28.51803207397461,
      26.76902198791504,
      21.980972290039062,
      20.0538387298584,
      16.80213737487793,
      17.56449317932129,
      13.902606964111328
    ],
    [
      54.33714294433594,
      46.593162536621094,
      58.55698776245117,
      43.75483322143555,
      31.194889068603516,
      28.575572967529297,
      25.028419494628906,
      20.494977951049805,
      15.755393028259277,
      12.50516128540039,
      17.83099937438965,
      14.880987167358398,
      14.979026794433594,
      12.731663703918457,
      12.281109809875488,
      10.183077812194824,
      11.978076934814453,
      9.78266429901123
    ],
    [
      55.13595962524414,
      48.464508056640625,
      43.75483322143555,
      57.443450927734375,
      28.001949310302734,
      26.6145076751709,
      23.095848083496094,
      19.716405868530273,
      12.661357879638672,
      10.166120529174805,
      14.532135009765625,
      11.862064361572266,
      10.632365226745605,
      9.304779052734375,
      8.481929779052734,
      7.5242791175842285,
      8.548087120056152,
      7.307877063751221
    ],
    [
      48.091339111328125,
      43.06724548339844,
      31.194889068603516,
      28.001949310302734,
      42.01076126098633,
      33.06998825073242,
      27.814571380615234,
      24.30092430114746,
      21.672348022460938,
      19.793413162231445,
      24.87525177001953,
      21.497465133666992,
      16.744266510009766,
      13.409709930419922,
      10.349458694458008,
      8.232304573059082,
      8.932246208190918,
      7.19197416305542
    ],
    [
      45.596397399902344,
      41.192596435546875,
      28.575572967529297,
      26.6145076751709,
      33.06998825073242,
      38.36997604370117,
      26.559999465942383,
      23.56654930114746,
      22.021574020385742,
      20.89354133605957,
      25.45403289794922,
      22.751192092895508,
      18.56817626953125,
      15.582530975341797,
      12.421608924865723,
      10.225667953491211,
      11.022351264953613,
      8.822732925415039
    ],
    [
      41.037864685058594,
      36.3829460144043,
      25.028419494628906,
      23.095848083496094,
      27.814571380615234,
      26.559999465942383,
      49.21024703979492,
      37.16244125366211,
      40.71194076538086,
      38.6774787902832,
      46.538307189941406,
      39.399539947509766,
      29.483423233032227,
      23.05060577392578,
      17.86628532409668,
      13.887714385986328,
      14.739483833312988,
      11.862516403198242
    ],
    [
      31.80292510986328,
      28.434356689453125,
      20.494977951049805,
      19.716405868530273,
      24.30092430114746,
      23.56654930114746,
      37.16244125366211,
      41.23300552368164,
      35.76838302612305,
      35.484100341796875,
      41.06653594970703,
      36.06637191772461,
      27.255224227905273,
      22.564083099365234,
      17.513935089111328,
      14.018836975097656,
      14.589670181274414,
      11.878629684448242
    ],
    [
      29.8416748046875,
      26.725894927978516,
      15.755393028259277,
      12.661357879638672,
      21.672348022460938,
      22.021574020385742,
      40.71194076538086,
      35.76838302612305,
      65.8544921875,
      55.855953216552734,
      65.56466674804688,
      56.501808166503906,
      45.04172897338867,
      35.55820846557617,
      27.533660888671875,
      20.393192291259766,
      20.67899513244629,
      15.891494750976562
    ],
    [
      25.454883575439453,
      22.839746475219727,
      12.50516128540039,
      10.166120529174805,
      19.793413162231445,
      20.89354133605957,
      38.6774787902832,
      35.484100341796875,
      55.855953216552734,
      62.485260009765625,
      63.584022521972656,
      56.35416793823242,
      44.1550407409668,
      35.655357360839844,
      26.9763240814209,
      20.328243255615234,
      19.828428268432617,
      15.378365516662598
    ],
    [
      38.747982025146484,
      34.257205963134766,
      17.83099937438965,
      14.532135009765625,
      24.87525177001953,
      25.45403289794922,
      46.538307189941406,
      41.06653594970703,
      65.56466674804688,
      63.584022521972656,
      98.34667205810547,
      82.00589752197266,
      68.46485900878906,
      54.16386795043945,
      44.27429962158203,
      32.635902404785156,
      32.023109436035156,
      24.403316497802734
    ],
    [
      32.25570297241211,
      28.51803207397461,
      14.880987167358398,
      11.862064361572266,
      21.497465133666992,
      22.751192092895508,
      39.399539947509766,
      36.06637191772461,
      56.501808166503906,
      56.35416793823242,
      82.00589752197266,
      76.7248764038086,
      61.855045318603516,
      50.37729263305664,
      40.520565032958984,
      30.71427345275879,
      29.43413543701172,
      22.560781478881836
    ],
    [
      31.465578079223633,
      26.76902198791504,
      14.979026794433594,
      10.632365226745605,
      16.744266510009766,
      18.56817626953125,
      29.483423233032227,
      27.255224227905273,
      45.04172897338867,
      44.1550407409668,
      68.46485900878906,
      61.855045318603516,
      84.6299057006836,
      69.17433166503906,
      68.5044937133789,
      53.003238677978516,
      56.110626220703125,
      43.74401092529297
    ],
    [
      26.006755828857422,
      21.980972290039062,
      12.731663703918457,
      9.304779052734375,
      13.409709930419922,
      15.582530975341797,
      23.05060577392578,
      22.564083099365234,
      35.55820846557617,
      35.655357360839844,
      54.16386795043945,
      50.37729263305664,
      69.17433166503906,
      60.95704650878906,
      59.129390716552734,
      47.10152816772461,
      48.97319030761719,
      38.43812561035156
    ],
    [
      24.35126495361328,
      20.0538387298584,
      12.281109809875488,
      8.481929779052734,
      10.349458694458008,
      12.421608924865723,
      17.86628532409668,
      17.513935089111328,
      27.533660888671875,
      26.9763240814209,
      44.27429962158203,
      40.520565032958984,
      68.5044937133789,
      59.129390716552734,
      68.64067840576172,
      53.98602294921875,
      59.975425720214844,
      47.16611862182617
    ],
    [
      20.458656311035156,
      16.80213737487793,
      10.183077812194824,
      7.5242791175842285,
      8.232304573059082,
      10.225667953491211,
      13.887714385986328,
      14.018836975097656,
      20.393192291259766,
      20.328243255615234,
      32.635902404785156,
      30.71427345275879,
      53.003238677978516,
      47.10152816772461,
      53.98602294921875,
      44.90754699707031,
      48.43690490722656,
      38.89446258544922
    ],
    [
      21.209861755371094,
      17.56449317932129,
      11.978076934814453,
      8.548087120056152,
      8.932246208190918,
      11.022351264953613,
      14.739483833312988,
      14.589670181274414,
      20.67899513244629,
      19.828428268432617,
      32.023109436035156,
      29.43413543701172,
      56.110626220703125,
      48.97319030761719,
      59.975425720214844,
      48.43690490722656,
      60.433135986328125,
      47.478336334228516
    ],
    [
      16.763124465942383,
      13.902606964111328,
      9.78266429901123,
      7.307877063751221,
      7.19197416305542,
      8.822732925415039,
      11.862516403198242,
      11.878629684448242,
      15.891494750976562,
      15.378365516662598,
      24.403316497802734,
      22.560781478881836,
      43.74401092529297,
      38.43812561035156,
      47.16611862182617,
      38.89446258544922,
      47.478336334228516,
      38.663780212402344
    ]
  ],
  "damage": -18.987363815307617,
  "diff_bandwidth": 674.3142700195312,
  "dissonance": 6.565375013274447,
  "drr": -1.4455361366271973,
  "dynamics": 4.476258277893066,
  "format": 1245190,
  "frames": 7967680,
  "loudness": -27.397985458374023,
  "loudness_range": 12.879610061645508,
  "loudness_range_short": 14.80854606628418,
  "lowpass_true_peak_15khz": -2.0808677673339844,
  "mastering3_acoustic_entropies": [
    {
      "acoustic_entropy": 6.6369147300720215,
      "acoustic_entropy_mono": 6.307471752166748,
      "band_eliminated_acoustic_entropies": [
        {
          "acoustic_entropy": 6.638055324554443,
          "acoustic_entropy_side": 6.636834621429443,
          "hz": 129.47220167065723
        },
        {
          "acoustic_entropy": 6.726402282714844,
          "acoustic_entropy_side": 6.652252197265625,
          "hz": 202.92927478742237
        },
        {
          "acoustic_entropy": 6.641668796539307,
          "acoustic_entropy_side": 6.718204975128174,
          "hz": 282.89161906338205
        },
        {
          "acoustic_entropy": 6.78152322769165,
          "acoustic_entropy_side": 6.455603122711182,
          "hz": 369.9353335868758
        },
        {
          "acoustic_entropy": 6.095132350921631,
          "acoustic_entropy_side": 6.549133777618408,
          "hz": 464.6875360973435
        },
        {
          "acoustic_entropy": 6.430895805358887,
          "acoustic_entropy_side": 6.555564880371094,
          "hz": 567.8308811364784
        },
        {
          "acoustic_entropy": 6.798681259155273,
          "acoustic_entropy_side": 6.625617027282715,
          "hz": 680.1084783214808
        },
        {
          "acoustic_entropy": 6.664158821105957,
          "acoustic_entropy_side": 6.78491735458374,
          "hz": 802.3292461747484
        },
        {
          "acoustic_entropy": 6.194607734680176,
          "acoustic_entropy_side": 6.190781116485596,
          "hz": 935.3737400823702
        },
        {
          "acoustic_entropy": 6.790177822113037,
          "acoustic_entropy_side": 6.630009651184082,
          "hz": 1080.2004963696966
        },
        {
          "acoustic_entropy": 6.518011093139648,
          "acoustic_entropy_side": 6.5078582763671875,
          "hz": 1237.8529382007157
        },
        {
          "acoustic_entropy": 6.365504264831543,
          "acoustic_entropy_side": 6.317495346069336,
          "hz": 1409.4668930556702
        },
        {
          "acoustic_entropy": 6.264628887176514,
          "acoustic_entropy_side": 6.1301589012146,
          "hz": 1596.2787759475705
        },
        {
          "acoustic_entropy": 6.560871124267578,
          "acoustic_entropy_side": 6.64120626449585,
          "hz": 1799.6344973346393
        },
        {
          "acoustic_entropy": 6.491643905639648,
          "acoustic_entropy_side": 6.7813615798950195,
          "hz": 2020.9991599069049
        },
        {
          "acoustic_entropy": 6.347303867340088,
          "acoustic_entropy_side": 6.589986801147461,
          "hz": 2261.9676141086993
        },
        {
          "acoustic_entropy": 6.293875217437744,
          "acoustic_entropy_side": 6.534806251525879,
          "hz": 2524.2759484456974
        },
        {
          "acoustic_entropy": 6.388075351715088,
          "acoustic_entropy_side": 6.628519535064697,
          "hz": 2809.813997359896
        },
        {
          "acoustic_entropy": 6.540153503417969,
          "acoustic_entropy_side": 6.6232075691223145,
          "hz": 3120.6389567871424
        },
        {
          "acoustic_entropy": 6.531528472900391,
          "acoustic_entropy_side": 6.615046977996826,
          "hz": 3458.990205492291
        },
        {
          "acoustic_entropy": 6.6187591552734375,
          "acoustic_entropy_side": 6.630787372589111,
          "hz": 3827.305438964164
        },
        {
          "acoustic_entropy": 6.656117916107178,
          "acoustic_entropy_side": 6.645882606506348,
          "hz": 4228.238232109126
        },
        {
          "acoustic_entropy": 6.629783630371094,
          "acoustic_entropy_side": 6.643348217010498,
          "hz": 4664.6771572759235
        },
        {
          "acoustic_entropy": 6.626173973083496,
          "acoustic_entropy_side": 6.636112689971924,
          "hz": 5139.766595350093
        },
        {
          "acoustic_entropy": 6.627509593963623,
          "acoustic_entropy_side": 6.635312557220459,
          "hz": 5656.929389854203
        },
        {
          "acoustic_entropy": 6.606780529022217,
          "acoustic_entropy_side": 6.624194145202637,
          "hz": 6219.891507268283
        },
        {
          "acoustic_entropy": 6.614021301269531,
          "acoustic_entropy_side": 6.625106334686279,
          "hz": 6832.70888123896
        },
        {
          "acoustic_entropy": 6.624579906463623,
          "acoustic_entropy_side": 6.633894443511963,
          "hz": 7499.796634079867
        },
        {
          "acoustic_entropy": 6.6209940910339355,
          "acoustic_entropy_side": 6.632055282592773,
          "hz": 8225.96088609342
        },
        {
          "acoustic_entropy": 6.642070770263672,
          "acoustic_entropy_side": 6.632111549377441,
          "hz": 9016.43338188839
        },
        {
          "acoustic_entropy": 6.622195720672607,
          "acoustic_entropy_side": 6.632920742034912,
          "hz": 9876.909183162974
        },
        {
          "acoustic_entropy": 6.619320392608643,
          "acoustic_entropy_side": 6.632233619689941,
          "hz": 10813.587699516042
        },
        {
          "acoustic_entropy": 6.621330261230469,
          "acoustic_entropy_side": 6.63222074508667,
          "hz": 11833.21735289826
        },
        {
          "acoustic_entropy": 6.621158123016357,
          "acoustic_entropy_side": 6.6326069831848145,
          "hz": 12943.144197493959
        },
        {
          "acoustic_entropy": 6.618557453155518,
          "acoustic_entropy_side": 6.631422519683838,
          "hz": 14151.364845322005
        },
        {
          "acoustic_entropy": 6.794495582580566,
          "acoustic_entropy_side": 6.660104274749756,
          "hz": 15466.58407886509
        },
        {
          "acoustic_entropy": 6.693828105926514,
          "acoustic_entropy_side": 6.644185543060303,
          "hz": 16898.27756580493
        },
        {
          "acoustic_entropy": 6.640405654907227,
          "acoustic_entropy_side": 6.633057117462158,
          "hz": 18456.760127700032
        },
        {
          "acoustic_entropy": 6.635742664337158,
          "acoustic_entropy_side": 6.63340950012207,
          "hz": 20153.260054456492
        },
        {
          "acoustic_entropy": 6.632713794708252,
          "acoustic_entropy_side": 6.636208534240723,
          "hz": 22000.00000000001
        }
      ],
      "diff_acoustic_entropy": 3.0736515522003174,
      "sn": 6
    },
    {
      "acoustic_entropy": 12.191091537475586,
      "acoustic_entropy_mono": 12.359931945800781,
      "band_eliminated_acoustic_entropies": [
        {
          "acoustic_entropy": 12.108049392700195,
          "acoustic_entropy_side": 12.17680835723877,
          "hz": 129.47220167065723
        },
        {
          "acoustic_entropy": 11.8652982711792,
          "acoustic_entropy_side": 12.080098152160645,
          "hz": 202.92927478742237
        },
        {
          "acoustic_entropy": 12.24380111694336,
          "acoustic_entropy_side": 11.816856384277344,
          "hz": 282.89161906338205
        },
        {
          "acoustic_entropy": 12.279661178588867,
          "acoustic_entropy_side": 12.504446029663086,
          "hz": 369.9353335868758
        },
        {
          "acoustic_entropy": 11.857478141784668,
          "acoustic_entropy_side": 11.953978538513184,
          "hz": 464.6875360973435
        },
        {
          "acoustic_entropy": 11.421300888061523,
          "acoustic_entropy_side": 12.807282447814941,
          "hz": 567.8308811364784
        },
        {
          "acoustic_entropy": 12.03107738494873,
          "acoustic_entropy_side": 12.506633758544922,
          "hz": 680.1084783214808
        },
        {
          "acoustic_entropy": 10.989145278930664,
          "acoustic_entropy_side": 12.051522254943848,
          "hz": 802.3292461747484
        },
        {
          "acoustic_entropy": 11.679423332214355,
          "acoustic_entropy_side": 11.902080535888672,
          "hz": 935.3737400823702
        },
        {
          "acoustic_entropy": 11.58117961883545,
          "acoustic_entropy_side": 11.710460662841797,
          "hz": 1080.2004963696966
        },
        {
          "acoustic_entropy": 11.18371868133545,
          "acoustic_entropy_side": 11.508749961853027,
          "hz": 1237.8529382007157
        },
        {
          "acoustic_entropy": 11.019948959350586,
          "acoustic_entropy_side": 12.019855499267578,
          "hz": 1409.4668930556702
        },
        {
          "acoustic_entropy": 11.12137222290039,
          "acoustic_entropy_side": 11.02527904510498,
          "hz": 1596.2787759475705
        },
        {
          "acoustic_entropy": 11.793740272521973,
          "acoustic_entropy_side": 12.270746231079102,
          "hz": 1799.6344973346393
        },
        {
          "acoustic_entropy": 12.136107444763184,
          "acoustic_entropy_side": 12.032734870910645,
          "hz": 2020.9991599069049
        },
        {
          "acoustic_entropy": 11.677993774414062,
          "acoustic_entropy_side": 11.961139678955078,
          "hz": 2261.9676141086993
        },
        {
          "acoustic_entropy": 12.19835376739502,
          "acoustic_entropy_side": 12.181854248046875,
          "hz": 2524.2759484456974
        },
        {
          "acoustic_entropy": 11.939205169677734,
          "acoustic_entropy_side": 12.284802436828613,
          "hz": 2809.813997359896
        },
        {
          "acoustic_entropy": 11.919595718383789,
          "acoustic_entropy_side": 12.14442253112793,
          "hz": 3120.6389567871424
        },
        {
          "acoustic_entropy": 11.9736909866333,
          "acoustic_entropy_side": 12.091599464416504,
          "hz": 3458.990205492291
        },
        {
          "acoustic_entropy": 12.25123119354248,
          "acoustic_entropy_side": 12.199894905090332,
          "hz": 3827.305438964164
        },
        {
          "acoustic_entropy": 12.020852088928223,
          "acoustic_entropy_side": 12.067154884338379,
          "hz": 4228.238232109126
        },
        {
          "acoustic_entropy": 12.038167953491211,
          "acoustic_entropy_side": 12.128949165344238,
          "hz": 4664.6771572759235
        },
        {
          "acoustic_entropy": 12.05628490447998,
          "acoustic_entropy_side": 12.120176315307617,
          "hz": 5139.766595350093
        },
        {
          "acoustic_entropy": 12.106393814086914,
          "acoustic_entropy_side": 12.156590461730957,
          "hz": 5656.929389854203
        },
        {
          "acoustic_entropy": 12.116634368896484,
          "acoustic_entropy_side": 12.190263748168945,
          "hz": 6219.891507268283
        },
        {
          "acoustic_entropy": 12.090690612792969,
          "acoustic_entropy_side": 12.174328804016113,
          "hz": 6832.70888123896
        },
        {
          "acoustic_entropy": 12.203787803649902,
          "acoustic_entropy_side": 12.192798614501953,
          "hz": 7499.796634079867
        },
        {
          "acoustic_entropy": 12.220751762390137,
          "acoustic_entropy_side": 12.199983596801758,
          "hz": 8225.96088609342
        },
        {
          "acoustic_entropy": 11.786937713623047,
          "acoustic_entropy_side": 12.129931449890137,
          "hz": 9016.43338188839
        },
        {
          "acoustic_entropy": 12.182241439819336,
          "acoustic_entropy_side": 12.188262939453125,
          "hz": 9876.909183162974
        },
        {
          "acoustic_entropy": 12.177801132202148,
          "acoustic_entropy_side": 12.181230545043945,
          "hz": 10813.587699516042
        },
        {
          "acoustic_entropy": 12.191746711730957,
          "acoustic_entropy_side": 12.185107231140137,
          "hz": 11833.21735289826
        },
        {
          "acoustic_entropy": 12.179361343383789,
          "acoustic_entropy_side": 12.183963775634766,
          "hz": 12943.144197493959
        },
        {
          "acoustic_entropy": 12.168438911437988,
          "acoustic_entropy_side": 12.180915832519531,
          "hz": 14151.364845322005
        },
        {
          "acoustic_entropy": 11.328398704528809,
          "acoustic_entropy_side": 11.95004653930664,
          "hz": 15466.58407886509
        },
        {
          "acoustic_entropy": 11.840617179870605,
          "acoustic_entropy_side": 12.121249198913574,
          "hz": 16898.27756580493
        },
        {
          "acoustic_entropy": 12.176742553710938,
          "acoustic_entropy_side": 12.175667762756348,
          "hz": 18456.760127700032
        },
        {
          "acoustic_entropy": 12.18587589263916,
          "acoustic_entropy_side": 12.177095413208008,
          "hz": 20153.260054456492
        },
        {
          "acoustic_entropy": 12.176983833312988,
          "acoustic_entropy_side": 12.186922073364258,
          "hz": 22000.00000000001
        }
      ],
      "diff_acoustic_entropy": 5.678194046020508,
      "sn": 12
    },
    {
      "acoustic_entropy": 20.322185516357422,
      "acoustic_entropy_mono": 19.337860107421875,
      "band_eliminated_acoustic_entropies": [
        {
          "acoustic_entropy": 20.94906234741211,
          "acoustic_entropy_side": 21.07134246826172,
          "hz": 129.47220167065723
        },
        {
          "acoustic_entropy": 19.44362449645996,
          "acoustic_entropy_side": 20.927413940429688,
          "hz": 202.92927478742237
        },
        {
          "acoustic_entropy": 20.51857566833496,
          "acoustic_entropy_side": 21.07726287841797,
          "hz": 282.89161906338205
        },
        {
          "acoustic_entropy": 20.726566314697266,
          "acoustic_entropy_side": 21.209644317626953,
          "hz": 369.9353335868758
        },
        {
          "acoustic_entropy": 19.787687301635742,
          "acoustic_entropy_side": 20.470226287841797,
          "hz": 464.6875360973435
        },
        {
          "acoustic_entropy": 19.717235565185547,
          "acoustic_entropy_side": 20.7724552154541,
          "hz": 567.8308811364784
        },
        {
          "acoustic_entropy": 20.609703063964844,
          "acoustic_entropy_side": 21.717634201049805,
          "hz": 680.1084783214808
        },
        {
          "acoustic_entropy": 20.17786407470703,
          "acoustic_entropy_side": 20.86815071105957,
          "hz": 802.3292461747484
        },
        {
          "acoustic_entropy": 20.82086181640625,
          "acoustic_entropy_side": 20.814876556396484,
          "hz": 935.3737400823702
        },
        {
          "acoustic_entropy": 19.762113571166992,
          "acoustic_entropy_side": 19.830408096313477,
          "hz": 1080.2004963696966
        },
        {
          "acoustic_entropy": 19.542604446411133,
          "acoustic_entropy_side": 20.244691848754883,
          "hz": 1237.8529382007157
        },
        {
          "acoustic_entropy": 19.392576217651367,
          "acoustic_entropy_side": 20.643226623535156,
          "hz": 1409.4668930556702
        },
        {
          "acoustic_entropy": 20.638256072998047,
          "acoustic_entropy_side": 20.804906845092773,
          "hz": 1596.2787759475705
        },
        {
          "acoustic_entropy": 20.499746322631836,
          "acoustic_entropy_side": 19.485441207885742,
          "hz": 1799.6344973346393
        },
        {
          "acoustic_entropy": 19.6285343170166,
          "acoustic_entropy_side": 20.12852668762207,
          "hz": 2020.9991599069049
        },
        {
          "acoustic_entropy": 20.18024253845215,
          "acoustic_entropy_side": 20.654386520385742,
          "hz": 2261.9676141086993
        },
        {
          "acoustic_entropy": 20.50116539001465,
          "acoustic_entropy_side": 21.063547134399414,
          "hz": 2524.2759484456974
        },
        {
          "acoustic_entropy": 21.023963928222656,
          "acoustic_entropy_side": 20.93735122680664,
          "hz": 2809.813997359896
        },
        {
          "acoustic_entropy": 20.10086441040039,
          "acoustic_entropy_side": 20.672943115234375,
