{
  "acoustic_entropy": 164.31436157226562,
  "bands": [
    {
      "high_freq": 148.1999969482422,
      "loudness": -33.68366622924805,
      "loudness_range": 17.338241577148438,
      "mid_mean": -30.6329345703125,
      "mid_to_side_loudness": -10.805553436279297,
      "mid_to_side_loudness_range": 17.280323028564453,
      "side_mean": -41.48360824584961
    },
    {
      "high_freq": 392.3793640136719,
      "loudness": -22.3165340423584,
      "loudness_range": 15.126280784606934,
      "low_freq": 148.1999969482422,
      "mid_mean": -19.802827835083008,
      "mid_to_side_loudness": -5.886409282684326,
      "mid_to_side_loudness_range": 9.738317489624023,
      "side_mean": -25.694223403930664
    },
    {
      "high_freq": 794.6976318359375,
      "loudness": -20.4617862701416,
      "loudness_range": 13.84520435333252,
      "low_freq": 392.3793640136719,
      "mid_mean": -19.148324966430664,
      "mid_to_side_loudness": -2.0392098426818848,
      "mid_to_side_loudness_range": 9.266304969787598,
      "side_mean": -21.176286697387695
    },
    {
      "high_freq": 1457.5709228515625,
      "loudness": -24.260562896728516,
      "loudness_range": 15.958322525024414,
      "low_freq": 794.6976318359375,
      "mid_mean": -22.087543487548828,
      "mid_to_side_loudness": -4.310468673706055,
      "mid_to_side_loudness_range": 7.43995475769043,
      "side_mean": -26.448091506958008
    },
    {
      "high_freq": 2549.74365234375,
      "loudness": -29.406492233276367,
      "loudness_range": 12.67962646484375,
      "low_freq": 1457.5709228515625,
      "mid_mean": -27.011653900146484,
      "mid_to_side_loudness": -5.027351379394531,
      "mid_to_side_loudness_range": 6.502298355102539,
      "side_mean": -32.090545654296875
    },
    {
      "high_freq": 4349.24462890625,
      "loudness": -40.516395568847656,
      "loudness_range": 16.715557098388672,
      "low_freq": 2549.74365234375,
      "mid_mean": -38.16900634765625,
      "mid_to_side_loudness": -4.84867000579834,
      "mid_to_side_loudness_range": 5.965419769287109,
      "side_mean": -43.043087005615234
    },
    {
      "high_freq": 7314.1640625,
      "loudness": -54.47687911987305,
      "loudness_range": 26.307571411132812,
      "low_freq": 4349.24462890625,
      "mid_mean": -51.7746696472168,
      "mid_to_side_loudness": -5.881880760192871,
      "mid_to_side_loudness_range": 7.796372890472412,
      "side_mean": -57.006893157958984
    },
    {
      "high_freq": 12199.2666015625,
      "loudness": -63.18928527832031,
      "loudness_range": 17.315155029296875,
      "low_freq": 7314.1640625,
      "mid_mean": -60.006343841552734,
      "mid_to_side_loudness": -5.2121195793151855,
      "mid_to_side_loudness_range": 3.606720447540283,
      "side_mean": -63.92654037475586
    },
    {
      "loudness": -63.98603057861328,
      "loudness_range": 3.5242042541503906,
      "low_freq": 12199.2666015625,
      "mid_mean": -60.87596893310547,
      "mid_to_side_loudness": -5.283181667327881,
      "mid_to_side_loudness_range": 1.3650050163269043,
      "side_mean": -65.00325012207031
    }
  ],
  "bands_short": [
    {
      "high_freq": 148.1999969482422,
      "loudness": -37.48514175415039,
      "loudness_range": 20.32111930847168,
      "mid_mean": -34.04519271850586,
      "mid_to_side_loudness": -16.71710777282715,
      "mid_to_side_loudness_range": 20.102243423461914,
      "side_mean": -51.03862380981445
    },
    {
      "high_freq": 392.3793640136719,
      "loudness": -23.399194717407227,
      "loudness_range": 16.911882400512695,
      "low_freq": 148.1999969482422,
      "mid_mean": -21.04104232788086,
      "mid_to_side_loudness": -5.56998348236084,
      "mid_to_side_loudness_range": 10.951695442199707,
      "side_mean": -26.656553268432617
    },
    {
      "high_freq": 794.6976318359375,
      "loudness": -20.84735107421875,
      "loudness_range": 15.965713500976562,
      "low_freq": 392.3793640136719,
      "mid_mean": -19.39058494567871,
      "mid_to_side_loudness": -2.6026172637939453,
      "mid_to_side_loudness_range": 10.56468391418457,
      "side_mean": -21.97347640991211
    },
    {
      "high_freq": 1457.5709228515625,
      "loudness": -25.124610900878906,
      "loudness_range": 16.313648223876953,
      "low_freq": 794.6976318359375,
      "mid_mean": -23.072853088378906,
      "mid_to_side_loudness": -4.211702823638916,
      "mid_to_side_loudness_range": 9.21373462677002,
      "side_mean": -27.277679443359375
    },
    {
      "high_freq": 2549.74365234375,
      "loudness": -30.763320922851562,
      "loudness_range": 16.10203742980957,
      "low_freq": 1457.5709228515625,
      "mid_mean": -28.478591918945312,
      "mid_to_side_loudness": -4.975534915924072,
      "mid_to_side_loudness_range": 8.983891487121582,
      "side_mean": -33.46017074584961
    },
    {
      "high_freq": 4349.24462890625,
      "loudness": -41.51116180419922,
      "loudness_range": 20.35564422607422,
      "low_freq": 2549.74365234375,
      "mid_mean": -39.23398971557617,
      "mid_to_side_loudness": -4.945442199707031,
      "mid_to_side_loudness_range": 8.518094062805176,
      "side_mean": -44.19158935546875
    },
    {
      "high_freq": 7314.1640625,
      "loudness": -57.055908203125,
      "loudness_range": 29.059410095214844,
      "low_freq": 4349.24462890625,
      "mid_mean": -54.250762939453125,
      "mid_to_side_loudness": -5.5195465087890625,
      "mid_to_side_loudness_range": 8.85722541809082,
      "side_mean": -58.90879440307617
    },
    {
      "high_freq": 12199.2666015625,
      "loudness": -64.89132690429688,
      "loudness_range": 15.47775650024414,
      "low_freq": 7314.1640625,
      "mid_mean": -61.50878143310547,
      "mid_to_side_loudness": -5.193574905395508,
      "mid_to_side_loudness_range": 3.7434403896331787,
      "side_mean": -65.14450073242188
    },
    {
      "loudness": -64.24775695800781,
      "loudness_range": 2.780101776123047,
      "low_freq": 12199.2666015625,
      "mid_mean": -61.109676361083984,
      "mid_to_side_loudness": -5.27711820602417,
      "mid_to_side_loudness_range": 1.8836703300476074,
      "side_mean": -65.18476867675781
    }
  ],
  "bandwidth": 634.6205444335938,
  "channels": 2,
  "covariance": [
    [
      34.32468032836914,
      28.252979278564453,
      8.657870292663574,
      7.497024059295654,
      3.1440389156341553,
      3.183673620223999,
      5.521860599517822,
      6.55297327041626,
      6.581179141998291,
      8.141119956970215,
      7.178410053253174,
      6.671295642852783,
      6.920093059539795,
      6.385556221008301,
      2.3758115768432617,
      2.212296724319458,
      0.7637665271759033,
      0.8939533829689026
    ],
    [
      28.252979278564453,
      56.41224670410156,
      7.288764953613281,
      8.09074878692627,
      3.808000326156616,
      3.991952419281006,
      7.638254642486572,
      8.803337097167969,
      6.9461164474487305,
      8.911370277404785,
      10.258098602294922,
      10.88885498046875,
      10.697511672973633,
      9.497190475463867,
      3.5193660259246826,
      2.6504907608032227,
      1.039987564086914,
      1.179235816001892
    ],
    [
      8.657870292663574,
      7.288764953613281,
      32.47671890258789,
      25.29198455810547,
      3.707551956176758,
      5.783294200897217,
      3.7017548084259033,
      5.143403053283691,
      7.235245227813721,
      8.875005722045898,
      8.1424560546875,
      6.109039306640625,
      9.195452690124512,
      5.184123992919922,
      -0.42842477560043335,
      -1.2066718339920044,
      0.08943849802017212,
      -0.061261001974344254
    ],
    [
      7.497024059295654,
      8.09074878692627,
      25.29198455810547,
      29.185760498046875,
      3.1339757442474365,
      3.7684056758880615,
      3.9716482162475586,
      5.519156455993652,
      6.436914443969727,
      8.292062759399414,
      8.14123249053955,
      7.270702362060547,
      11.019067764282227,
      6.725705623626709,
      0.19546686112880707,
      -0.23107600212097168,
      0.31391793489456177,
      0.2479831427335739
    ],
    [
      3.1440389156341553,
      3.808000326156616,
      3.707551956176758,
      3.1339757442474365,
      26.875822067260742,
      21.166418075561523,
      5.931631088256836,
      10.315402030944824,
      10.618467330932617,
      10.514822006225586,
      14.681471824645996,
      17.251834869384766,
      19.040943145751953,
      16.284130096435547,
      7.022351264953613,
      5.62692928314209,
      0.7120783925056458,
      0.9130427241325378
    ],
    [
      3.183673620223999,
      3.991952419281006,
      5.783294200897217,
      3.7684056758880615,
      21.166418075561523,
      26.06255531311035,
      6.523487091064453,
      10.02668571472168,
      10.816533088684082,
      9.227926254272461,
      15.069586753845215,
      15.502808570861816,
      18.00879669189453,
      16.814899444580078,
      7.128329277038574,
      5.488103866577148,
      0.7297496795654297,
      0.9642841219902039
    ],
    [
      5.521860599517822,
      7.638254642486572,
      3.7017548084259033,
      3.9716482162475586,
      5.931631088256836,
      6.523487091064453,
      27.849445343017578,
      23.602624893188477,
      12.844057083129883,
      14.035863876342773,
      16.850603103637695,
      17.86139488220215,
      28.152856826782227,
      27.05780792236328,
      17.81174659729004,
      15.139046669006348,
      4.174224853515625,
      3.711090087890625
    ],
    [
      6.55297327041626,
      8.803337097167969,
      5.143403053283691,
      5.519156455993652,
      10.315402030944824,
      10.02668571472168,
      23.602624893188477,
      27.415456771850586,
      13.9152250289917,
      15.144943237304688,
      19.292625427246094,
      20.841028213500977,
      30.74987030029297,
      28.444486618041992,
      17.49630355834961,
      14.507049560546875,
      3.950056791305542,
      3.6416289806365967
    ],
    [
      6.581179141998291,
      6.9461164474487305,
      7.235245227813721,
      6.436914443969727,
      10.618467330932617,
      10.816533088684082,
      12.844057083129883,
      13.9152250289917,
      21.240764617919922,
      19.365407943725586,
      21.185998916625977,
      21.92554473876953,
      27.529457092285156,
      23.92769432067871,
      12.547873497009277,
      10.251784324645996,
      2.470815420150757,
      2.3169851303100586
    ],
    [
      8.141119956970215,
      8.911370277404785,
      8.875005722045898,
      8.292062759399414,
      10.514822006225586,
      9.227926254272461,
      14.035863876342773,
      15.144943237304688,
      19.365407943725586,
      23.20281219482422,
      21.47600555419922,
      22.699539184570312,
      26.68996810913086,
      22.99053192138672,
      11.830681800842285,
      9.720829010009766,
      2.1632192134857178,
      2.088261127471924
    ],
    [
      7.178410053253174,
      10.258098602294922,
      8.1424560546875,
      8.14123249053955,
      14.681471824645996,
      15.069586753845215,
      16.850603103637695,
      19.292625427246094,
      21.185998916625977,
      21.47600555419922,
      35.6822624206543,
      34.41434860229492,
      39.29823684692383,
      34.01432418823242,
      17.816232681274414,
      14.869633674621582,
      3.6846632957458496,
      3.4942972660064697
    ],
    [
      6.671295642852783,
      10.88885498046875,
      6.109039306640625,
      7.270702362060547,
      17.251834869384766,
      15.502808570861816,
      17.86139488220215,
      20.841028213500977,
      21.92554473876953,
      22.699539184570312,
      34.41434860229492,
      37.77486801147461,
      42.06297302246094,
      36.452022552490234,
      19.64350700378418,
      16.237091064453125,
      3.9323551654815674,
      3.7147936820983887
    ],
    [
      6.920093059539795,
      10.697511672973633,
      9.195452690124512,
      11.019067764282227,
      19.040943145751953,
      18.00879669189453,
      28.152856826782227,
      30.74987030029297,
      27.529457092285156,
      26.68996810913086,
      39.29823684692383,
      42.06297302246094,
      73.61734008789062,
      62.06629180908203,
      35.138736724853516,
      28.599401473999023,
      8.907315254211426,
      7.280977249145508
    ],
    [
      6.385556221008301,
      9.497190475463867,
      5.184123992919922,
      6.725705623626709,
      16.284130096435547,
      16.814899444580078,
      27.05780792236328,
      28.444486618041992,
      23.92769432067871,
      22.99053192138672,
      34.01432418823242,
      36.452022552490234,
      62.06629180908203,
      57.76569366455078,
      33.537841796875,
      27.84394645690918,
      7.936977863311768,
      6.7714643478393555
    ],
    [
      2.3758115768432617,
      3.5193660259246826,
      -0.42842477560043335,
      0.19546686112880707,
      7.022351264953613,
      7.128329277038574,
      17.81174659729004,
      17.49630355834961,
      12.547873497009277,
      11.830681800842285,
      17.816232681274414,
      19.64350700378418,
      35.138736724853516,
      33.537841796875,
      28.373882293701172,
      23.68877410888672,
      7.094991683959961,
      5.746934413909912
    ],
    [
      2.212296724319458,
      2.6504907608032227,
      -1.2066718339920044,
      -0.23107600212097168,
      5.62692928314209,
      5.488103866577148,
      15.139046669006348,
      14.507049560546875,
      10.251784324645996,
      9.720829010009766,
      14.869633674621582,
      16.237091064453125,
      28.599401473999023,
      27.84394645690918,
      23.68877410888672,
      20.93815040588379,
      6.0428290367126465,
      5.027096271514893
    ],
    [
      0.7637665271759033,
      1.039987564086914,
      0.08943849802017212,
      0.31391793489456177,
      0.7120783925056458,
      0.7297496795654297,
      4.174224853515625,
      3.950056791305542,
      2.470815420150757,
      2.1632192134857178,
      3.6846632957458496,
      3.9323551654815674,
      8.907315254211426,
      7.936977863311768,
      7.094991683959961,
      6.0428290367126465,
      3.4478719234466553,
      2.525106906890869
    ],
    [
      0.8939533829689026,
      1.179235816001892,
      -0.061261001974344254,
      0.2479831427335739,
      0.9130427241325378,
      0.9642841219902039,
      3.711090087890625,
      3.6416289806365967,
      2.3169851303100586,
      2.088261127471924,
      3.4942972660064697,
      3.7147936820983887,
      7.280977249145508,
      6.7714643478393555,
      5.746934413909912,
      5.027096271514893,
      2.525106906890869,
      2.041032314300537
    ]
  ],
  "covariance_short": [
    [
      50.46492385864258,
      18.00904655456543,
      12.555451393127441,
      10.956207275390625,
      6.118713855743408,
      5.416154861450195,
      8.115850448608398,
      8.738190650939941,
      10.345529556274414,
      11.483445167541504,
      8.428343772888184,
      8.865422248840332,
      9.023603439331055,
      7.892712116241455,
      3.056990623474121,
      2.6293134689331055,
      0.5879366397857666,
      0.7300685048103333
    ],
    [
      18.00904655456543,
      34.56809616088867,
      12.260210990905762,
      15.471611022949219,
      8.075860977172852,
      6.906299114227295,
      8.788485527038574,
      9.33892822265625,
      10.352355003356934,
      11.672340393066406,
      12.343064308166504,
      13.07996654510498,
      19.01984214782715,
      15.509450912475586,
      7.346835136413574,
      5.749416351318359,
      3.0748298168182373,
      2.360812187194824
    ],
    [
      12.555451393127441,
      12.260210990905762,
      39.212738037109375,
      30.27017593383789,
      11.062926292419434,
      10.330195426940918,
      9.848508834838867,
      10.263445854187012,
      12.491962432861328,
      13.716363906860352,
      13.98007869720459,
      11.971196174621582,
      13.847874641418457,
      10.116291046142578,
      2.13873028755188,
      0.9870851039886475,
      0.6937260031700134,
      0.417972207069397
    ],
    [
      10.956207275390625,
      15.471611022949219,
      30.27017593383789,
      38.22425842285156,
      9.811266899108887,
      8.087943077087402,
      10.345348358154297,
      11.298577308654785,
      12.129794120788574,
      13.416858673095703,
      13.729487419128418,
      13.254146575927734,
      15.69541072845459,
      11.24390697479248,
      2.2804088592529297,
      1.474007248878479,
      0.8322082757949829,
      0.6855994462966919
    ],
    [
      6.118713855743408,
      8.075860977172852,
      11.062926292419434,
      9.811266899108887,
      33.735084533691406,
      26.964893341064453,
      10.959186553955078,
      15.329889297485352,
      16.953466415405273,
      16.25773048400879,
      23.245065689086914,
      25.918848037719727,
      27.48770523071289,
      23.00567626953125,
      8.550917625427246,
      6.629730701446533,
      1.5629993677139282,
      1.5937881469726562
    ],
    [
      5.416154861450195,
      6.906299114227295,
      10.330195426940918,
      8.087943077087402,
      26.964893341064453,
      34.05955505371094,
      11.513065338134766,
      14.845368385314941,
      17.005329132080078,
      14.57780933380127,
      22.179574966430664,
      22.696144104003906,
      25.599424362182617,
      22.70792579650879,
      8.648763656616211,
      6.61911153793335,
      1.5137664079666138,
      1.6487576961517334
    ],
    [
      8.115850448608398,
      8.788485527038574,
      9.848508834838867,
      10.345348358154297,
      10.959186553955078,
      11.513065338134766,
      34.3862190246582,
      28.932031631469727,
      19.555908203125,
      20.240694046020508,
      23.30495834350586,
      23.016910552978516,
      32.187015533447266,
      29.63744354248047,
      15.038531303405762,
      12.74198055267334,
      3.5555639266967773,
      3.4082584381103516
    ],
    [
      8.738190650939941,
      9.33892822265625,
      10.263445854187012,
      11.298577308654785,
      15.329889297485352,
      14.845368385314941,
      28.932031631469727,
      34.5339241027832,
      20.875337600708008,
      21.902441024780273,
      26.318126678466797,
      26.759305953979492,
      35.45541763305664,
      31.913684844970703,
      15.46301555633545,
      12.746134757995605,
      3.432506799697876,
      3.403735399246216
    ],
    [
      10.345529556274414,
      10.352355003356934,
      12.491962432861328,
      12.129794120788574,
      16.953466415405273,
      17.005329132080078,
      19.555908203125,
      20.875337600708008,
      33.53352355957031,
      28.42954444885254,
      31.385751724243164,
      32.23189926147461,
      36.12731170654297,
      31.422874450683594,
      13.794662475585938,
      11.143320083618164,
      2.9499292373657227,
      2.820054292678833
    ],
    [
      11.483445167541504,
      11.672340393066406,
      13.716363906860352,
      13.416858673095703,
      16.25773048400879,
      14.57780933380127,
      20.240694046020508,
      21.902441024780273,
      28.42954444885254,
      34.45286178588867,
      31.215816497802734,
      32.04905319213867,
      34.19828796386719,
      29.931554794311523,
      12.967329978942871,
      10.561278343200684,
      2.645108938217163,
      2.6252331733703613
    ],
    [
      8.428343772888184,
      12.343064308166504,
      13.98007869720459,
      13.729487419128418,
      23.245065689086914,
      22.179574966430664,
      23.30495834350586,
      26.318126678466797,
      31.385751724243164,
      31.215816497802734,
      49.851070404052734,
      47.00106430053711,
      50.30549240112305,
      42.655128479003906,
      18.587419509887695,
      15.308560371398926,
      3.9562506675720215,
      3.8430302143096924
    ],
    [
      8.865422248840332,
      13.07996654510498,
      11.971196174621582,
      13.254146575927734,
      25.918848037719727,
      22.696144104003906,
      23.016910552978516,
      26.759305953979492,
      32.23189926147461,
      32.04905319213867,
      47.00106430053711,
      53.56757354736328,
      52.92015838623047,
      44.82883834838867,
      19.691938400268555,
      16.313249588012695,
      4.0708723068237305,
      3.978695869445801
    ],
    [
      9.023603439331055,
      19.01984214782715,
      13.847874641418457,
      15.69541072845459,
      27.48770523071289,
      25.599424362182617,
      32.187015533447266,
      35.45541763305664,
      36.12731170654297,
      34.19828796386719,
      50.30549240112305,
      52.92015838623047,
      80.26166534423828,
      67.00386810302734,
      31.64958953857422,
      25.785316467285156,
      8.04123592376709,
      6.958203315734863
    ],
    [
      7.892712116241455,
      15.509450912475586,
      10.116291046142578,
      11.24390697479248,
      23.00567626953125,
      22.70792579650879,
      29.63744354248047,
      31.913684844970703,
      31.422874450683594,
      29.931554794311523,
      42.655128479003906,
      44.82883834838867,
      67.00386810302734,
      62.91637420654297,
      29.6090030670166,
      24.47138214111328,
      7.0036821365356445,
      6.330203056335449
    ],
    [
      3.056990623474121,
      7.346835136413574,
      2.13873028755188,
      2.2804088592529297,
      8.550917625427246,
      8.648763656616211,
      15.038531303405762,
      15.46301555633545,
      13.794662475585938,
      12.967329978942871,
      18.587419509887695,
      19.691938400268555,
      31.64958953857422,
      29.6090030670166,
      22.746305465698242,
      18.831506729125977,
      5.67025089263916,
      4.979866027832031
    ],
    [
      2.6293134689331055,
      5.749416351318359,
      0.9870851039886475,
      1.474007248878479,
      6.629730701446533,
      6.61911153793335,
      12.74198055267334,
      12.746134757995605,
      11.143320083618164,
      10.561278343200684,
      15.308560371398926,
      16.313249588012695,
      25.785316467285156,
      24.47138214111328,
      18.831506729125977,
      17.0086669921875,
      4.802457332611084,
      4.372163772583008
    ],
    [
      0.5879366397857666,
      3.0748298168182373,
      0.6937260031700134,
      0.8322082757949829,
      1.5629993677139282,
      1.5137664079666138,
      3.5555639266967773,
      3.432506799697876,
      2.9499292373657227,
      2.645108938217163,
      3.9562506675720215,
      4.0708723068237305,
      8.04123592376709,
      7.0036821365356445,
      5.67025089263916,
      4.802457332611084,
      2.8673155307769775,
      2.1696221828460693
    ],
    [
      0.7300685048103333,
      2.360812187194824,
      0.417972207069397,
      0.6855994462966919,
      1.5937881469726562,
      1.6487576961517334,
      3.4082584381103516,
      3.403735399246216,
      2.820054292678833,
      2.6252331733703613,
      3.8430302143096924,
      3.978695869445801,
      6.958203315734863,
      6.330203056335449,
      4.979866027832031,
      4.372163772583008,
      2.1696221828460693,
      1.9227808713912964
    ]
  ],
  "damage": -4.944484710693359,
  "diff_bandwidth": 660.9730834960938,
  "dissonance": 4.667231748961045,
  "drr": 0.4101741313934326,
  "dynamics": 3.446320056915283,
  "format": 1245190,
  "frames": 9856960,
  "loudness": -11.944090843200684,
  "loudness_range": 7.924533843994141,
  "loudness_range_short": 12.413667678833008,
  "lowpass_true_peak_15khz": 0.1771271824836731,
  "mastering3_acoustic_entropies": [
    {
      "acoustic_entropy": 7.958694934844971,
      "acoustic_entropy_mono": 7.80768346786499,
      "band_eliminated_acoustic_entropies": [
        {
          "acoustic_entropy": 7.957371711730957,
          "acoustic_entropy_side": 7.958704948425293,
          "hz": 129.47220167065723
        },
        {
          "acoustic_entropy": 7.894425868988037,
          "acoustic_entropy_side": 7.946329116821289,
          "hz": 202.92927478742237
        },
        {
          "acoustic_entropy": 7.993805885314941,
          "acoustic_entropy_side": 7.928946018218994,
          "hz": 282.89161906338205
        },
        {
          "acoustic_entropy": 8.427021980285645,
          "acoustic_entropy_side": 8.128704071044922,
          "hz": 369.9353335868758
        },
        {
          "acoustic_entropy": 8.915363311767578,
          "acoustic_entropy_side": 8.15455436706543,
          "hz": 464.6875360973435
        },
        {
          "acoustic_entropy": 7.785732746124268,
          "acoustic_entropy_side": 7.995172500610352,
          "hz": 567.8308811364784
        },
        {
          "acoustic_entropy": 8.100724220275879,
          "acoustic_entropy_side": 8.635947227478027,
          "hz": 680.1084783214808
        },
        {
          "acoustic_entropy": 8.181000709533691,
          "acoustic_entropy_side": 8.433582305908203,
          "hz": 802.3292461747484
        },
        {
          "acoustic_entropy": 8.196541786193848,
          "acoustic_entropy_side": 8.041824340820312,
          "hz": 935.3737400823702
        },
        {
          "acoustic_entropy": 7.9935622215271,
          "acoustic_entropy_side": 7.723693370819092,
          "hz": 1080.2004963696966
        },
        {
          "acoustic_entropy": 7.443568706512451,
          "acoustic_entropy_side": 7.835485935211182,
          "hz": 1237.8529382007157
        },
        {
          "acoustic_entropy": 7.793151378631592,
          "acoustic_entropy_side": 8.048074722290039,
          "hz": 1409.4668930556702
        },
        {
          "acoustic_entropy": 7.736639976501465,
          "acoustic_entropy_side": 7.5164408683776855,
          "hz": 1596.2787759475705
        },
        {
          "acoustic_entropy": 8.277097702026367,
          "acoustic_entropy_side": 8.08279800415039,
          "hz": 1799.6344973346393
        },
        {
          "acoustic_entropy": 8.234610557556152,
          "acoustic_entropy_side": 8.064713478088379,
          "hz": 2020.9991599069049
        },
        {
          "acoustic_entropy": 8.172133445739746,
          "acoustic_entropy_side": 8.050528526306152,
          "hz": 2261.9676141086993
        },
        {
          "acoustic_entropy": 7.919038772583008,
          "acoustic_entropy_side": 7.962789535522461,
          "hz": 2524.2759484456974
        },
        {
          "acoustic_entropy": 8.099333763122559,
          "acoustic_entropy_side": 7.951966285705566,
          "hz": 2809.813997359896
        },
        {
          "acoustic_entropy": 7.998743057250977,
          "acoustic_entropy_side": 7.961075782775879,
          "hz": 3120.6389567871424
        },
        {
          "acoustic_entropy": 7.965573310852051,
          "acoustic_entropy_side": 7.959457874298096,
          "hz": 3458.990205492291
        },
        {
          "acoustic_entropy": 7.963412761688232,
          "acoustic_entropy_side": 7.959590435028076,
          "hz": 3827.305438964164
        },
        {
          "acoustic_entropy": 7.959991455078125,
          "acoustic_entropy_side": 7.958946228027344,
          "hz": 4228.238232109126
        },
        {
          "acoustic_entropy": 7.9576311111450195,
          "acoustic_entropy_side": 7.959946632385254,
          "hz": 4664.6771572759235
        },
        {
          "acoustic_entropy": 7.958227634429932,
          "acoustic_entropy_side": 7.9586968421936035,
          "hz": 5139.766595350093
        },
        {
          "acoustic_entropy": 7.957333564758301,
          "acoustic_entropy_side": 7.958687782287598,
          "hz": 5656.929389854203
        },
        {
          "acoustic_entropy": 7.956212520599365,
          "acoustic_entropy_side": 7.958714485168457,
          "hz": 6219.891507268283
        },
        {
          "acoustic_entropy": 7.958248615264893,
          "acoustic_entropy_side": 7.958698272705078,
          "hz": 6832.70888123896
        },
        {
          "acoustic_entropy": 7.958672046661377,
          "acoustic_entropy_side": 7.95869255065918,
          "hz": 7499.796634079867
        },
        {
          "acoustic_entropy": 7.958697319030762,
          "acoustic_entropy_side": 7.958694934844971,
          "hz": 8225.96088609342
        },
        {
          "acoustic_entropy": 7.958714008331299,
          "acoustic_entropy_side": 7.95869255065918,
          "hz": 9016.43338188839
        },
        {
          "acoustic_entropy": 7.9587082862854,
          "acoustic_entropy_side": 7.958694934844971,
          "hz": 9876.909183162974
        },
        {
          "acoustic_entropy": 7.958704471588135,
          "acoustic_entropy_side": 7.958695888519287,
          "hz": 10813.587699516042
        },
        {
          "acoustic_entropy": 7.958700656890869,
          "acoustic_entropy_side": 7.958695411682129,
          "hz": 11833.21735289826
        },
        {
          "acoustic_entropy": 7.958707809448242,
          "acoustic_entropy_side": 7.958695888519287,
          "hz": 12943.144197493959
        },
        {
          "acoustic_entropy": 7.958698749542236,
          "acoustic_entropy_side": 7.958694934844971,
          "hz": 14151.364845322005
        },
        {
          "acoustic_entropy": 7.958696365356445,
          "acoustic_entropy_side": 7.958694934844971,
          "hz": 15466.58407886509
        },
        {
          "acoustic_entropy": 7.958694934844971,
          "acoustic_entropy_side": 7.958694934844971,
          "hz": 16898.27756580493
        },
        {
          "acoustic_entropy": 7.958694934844971,
          "acoustic_entropy_side": 7.958694934844971,
          "hz": 18456.760127700032
        },
        {
          "acoustic_entropy": 7.958694934844971,
          "acoustic_entropy_side": 7.958694934844971,
          "hz": 20153.260054456492
        },
        {
          "acoustic_entropy": 7.958694934844971,
          "acoustic_entropy_side": 7.958694934844971,
          "hz": 22000.00000000001
        }
      ],
      "diff_acoustic_entropy": 7.586808204650879,
      "sn": 6
    },
    {
      "acoustic_entropy": 12.056621551513672,
      "acoustic_entropy_mono": 11.02057933807373,
      "band_eliminated_acoustic_entropies": [
        {
          "acoustic_entropy": 12.077007293701172,
          "acoustic_entropy_side": 12.056816101074219,
          "hz": 129.47220167065723
        },
        {
          "acoustic_entropy": 12.113678932189941,
          "acoustic_entropy_side": 12.04874038696289,
          "hz": 202.92927478742237
        },
        {
          "acoustic_entropy": 12.722110748291016,
          "acoustic_entropy_side": 12.372787475585938,
          "hz": 282.89161906338205
        },
        {
          "acoustic_entropy": 12.035175323486328,
          "acoustic_entropy_side": 12.091700553894043,
          "hz": 369.9353335868758
        },
        {
          "acoustic_entropy": 12.091877937316895,
          "acoustic_entropy_side": 11.863999366760254,
          "hz": 464.6875360973435
        },
        {
          "acoustic_entropy": 11.773680686950684,
          "acoustic_entropy_side": 12.459716796875,
          "hz": 567.8308811364784
        },
        {
          "acoustic_entropy": 11.829821586608887,
          "acoustic_entropy_side": 12.717296600341797,
          "hz": 680.1084783214808
        },
        {
          "acoustic_entropy": 12.186755180358887,
          "acoustic_entropy_side": 11.771148681640625,
          "hz": 802.3292461747484
        },
        {
          "acoustic_entropy": 11.835448265075684,
          "acoustic_entropy_side": 12.332701683044434,
          "hz": 935.3737400823702
        },
        {
          "acoustic_entropy": 11.530386924743652,
          "acoustic_entropy_side": 12.185029983520508,
          "hz": 1080.2004963696966
        },
        {
          "acoustic_entropy": 10.86734676361084,
          "acoustic_entropy_side": 11.80217170715332,
          "hz": 1237.8529382007157
        },
        {
          "acoustic_entropy": 11.78337574005127,
          "acoustic_entropy_side": 11.973908424377441,
          "hz": 1409.4668930556702
        },
        {
          "acoustic_entropy": 10.922712326049805,
          "acoustic_entropy_side": 11.057403564453125,
          "hz": 1596.2787759475705
        },
        {
          "acoustic_entropy": 11.553398132324219,
          "acoustic_entropy_side": 11.859755516052246,
          "hz": 1799.6344973346393
        },
        {
          "acoustic_entropy": 11.855595588684082,
          "acoustic_entropy_side": 11.901466369628906,
          "hz": 2020.9991599069049
        },
        {
          "acoustic_entropy": 12.018900871276855,
          "acoustic_entropy_side": 11.919949531555176,
          "hz": 2261.9676141086993
        },
        {
          "acoustic_entropy": 11.885900497436523,
          "acoustic_entropy_side": 12.062813758850098,
          "hz": 2524.2759484456974
        },
        {
          "acoustic_entropy": 11.821481704711914,
          "acoustic_entropy_side": 11.945880889892578,
          "hz": 2809.813997359896
        },
        {
          "acoustic_entropy": 11.92693042755127,
          "acoustic_entropy_side": 12.031222343444824,
          "hz": 3120.6389567871424
        },
        {
          "acoustic_entropy": 12.009669303894043,
          "acoustic_entropy_side": 12.038723945617676,
          "hz": 3458.990205492291
        },
        {
          "acoustic_entropy": 12.02455997467041,
          "acoustic_entropy_side": 12.05101490020752,
          "hz": 3827.305438964164
        },
        {
          "acoustic_entropy": 12.033793449401855,
          "acoustic_entropy_side": 12.053811073303223,
          "hz": 4228.238232109126
        },
        {
          "acoustic_entropy": 12.01616382598877,
          "acoustic_entropy_side": 12.048881530761719,
          "hz": 4664.6771572759235
        },
        {
          "acoustic_entropy": 12.044137001037598,
          "acoustic_entropy_side": 12.05484676361084,
          "hz": 5139.766595350093
        },
        {
          "acoustic_entropy": 12.04971981048584,
          "acoustic_entropy_side": 12.056474685668945,
          "hz": 5656.929389854203
        },
        {
          "acoustic_entropy": 12.043783187866211,
          "acoustic_entropy_side": 12.05589485168457,
          "hz": 6219.891507268283
        },
        {
          "acoustic_entropy": 12.057964324951172,
          "acoustic_entropy_side": 12.056556701660156,
          "hz": 6832.70888123896
        },
        {
          "acoustic_entropy": 12.055996894836426,
          "acoustic_entropy_side": 12.056548118591309,
          "hz": 7499.796634079867
        },
        {
          "acoustic_entropy": 12.056166648864746,
          "acoustic_entropy_side": 12.05656909942627,
          "hz": 8225.96088609342
        },
        {
          "acoustic_entropy": 12.055479049682617,
          "acoustic_entropy_side": 12.056549072265625,
          "hz": 9016.43338188839
        },
        {
          "acoustic_entropy": 12.056342124938965,
          "acoustic_entropy_side": 12.056605339050293,
          "hz": 9876.909183162974
        },
        {
          "acoustic_entropy": 12.056602478027344,
          "acoustic_entropy_side": 12.056620597839355,
          "hz": 10813.587699516042
        },
        {
          "acoustic_entropy": 12.05655574798584,
          "acoustic_entropy_side": 12.056612014770508,
          "hz": 11833.21735289826
        },
        {
          "acoustic_entropy": 12.0565767288208,
          "acoustic_entropy_side": 12.05661392211914,
          "hz": 12943.144197493959
        },
        {
          "acoustic_entropy": 12.056549072265625,
          "acoustic_entropy_side": 12.056614875793457,
          "hz": 14151.364845322005
        },
        {
          "acoustic_entropy": 12.056591033935547,
          "acoustic_entropy_side": 12.05661678314209,
          "hz": 15466.58407886509
        },
        {
          "acoustic_entropy": 12.056619644165039,
          "acoustic_entropy_side": 12.056620597839355,
          "hz": 16898.27756580493
        },
        {
          "acoustic_entropy": 12.056620597839355,
          "acoustic_entropy_side": 12.056621551513672,
          "hz": 18456.760127700032
        },
        {
          "acoustic_entropy": 12.056622505187988,
          "acoustic_entropy_side": 12.056621551513672,
          "hz": 20153.260054456492
        },
        {
          "acoustic_entropy": 12.056621551513672,
          "acoustic_entropy_side": 12.056621551513672,
          "hz": 22000.00000000001
        }
      ],
      "diff_acoustic_entropy": 11.054790496826172,
      "sn": 12
    },
    {
      "acoustic_entropy": 17.865327835083008,
      "acoustic_entropy_mono": 17.031818389892578,
      "band_eliminated_acoustic_entropies": [
        {
          "acoustic_entropy": 17.931608200073242,
          "acoustic_entropy_side": 17.864229202270508,
          "hz": 129.47220167065723
        },
        {
          "acoustic_entropy": 18.543785095214844,
          "acoustic_entropy_side": 17.508502960205078,
          "hz": 202.92927478742237
        },
        {
          "acoustic_entropy": 18.862428665161133,
          "acoustic_entropy_side": 18.51994514465332,
          "hz": 282.89161906338205
        },
        {
          "acoustic_entropy": 17.67029571533203,
          "acoustic_entropy_side": 17.877195358276367,
          "hz": 369.9353335868758
        },
        {
          "acoustic_entropy": 18.607044219970703,
          "acoustic_entropy_side": 18.113323211669922,
          "hz": 464.6875360973435
        },
        {
          "acoustic_entropy": 17.95472526550293,
          "acoustic_entropy_side": 18.73794937133789,
          "hz": 567.8308811364784
        },
        {
          "acoustic_entropy": 18.159637451171875,
          "acoustic_entropy_side": 19.37040901184082,
          "hz": 680.1084783214808
        },
        {
          "acoustic_entropy": 18.108070373535156,
          "acoustic_entropy_side": 17.49209213256836,
          "hz": 802.3292461747484
        },
        {
          "acoustic_entropy": 17.65700912475586,
          "acoustic_entropy_side": 17.6916561126709,
          "hz": 935.3737400823702
        },
        {
          "acoustic_entropy": 18.934528350830078,
          "acoustic_entropy_side": 18.542348861694336,
          "hz": 1080.2004963696966
        },
        {
          "acoustic_entropy": 18.56556510925293,
          "acoustic_entropy_side": 18.959877014160156,
          "hz": 1237.8529382007157
        },
        {
          "acoustic_entropy": 18.26569366455078,
          "acoustic_entropy_side": 18.09623146057129,
          "hz": 1409.4668930556702
        },
        {
          "acoustic_entropy": 17.846099853515625,
          "acoustic_entropy_side": 18.864242553710938,
          "hz": 1596.2787759475705
        },
        {
          "acoustic_entropy": 17.63698387145996,
          "acoustic_entropy_side": 18.096073150634766,
          "hz": 1799.6344973346393
        },
        {
          "acoustic_entropy": 18.46816062927246,
          "acoustic_entropy_side": 18.24860382080078,
          "hz": 2020.9991599069049
        },
        {
          "acoustic_entropy": 18.650875091552734,
          "acoustic_entropy_side": 18.493234634399414,
          "hz": 2261.9676141086993
        },
        {
          "acoustic_entropy": 18.089086532592773,
          "acoustic_entropy_side": 18.146467208862305,
          "hz": 2524.2759484456974
        },
        {
          "acoustic_entropy": 18.756715774536133,
          "acoustic_entropy_side": 18.295433044433594,
          "hz": 2809.813997359896
        },
        {
          "acoustic_entropy": 17.773012161254883,
