{
  "acoustic_entropy": 128.13685607910156,
  "bands": [
    {
      "high_freq": 148.1999969482422,
      "loudness": -31.67685890197754,
      "loudness_range": 11.696712493896484,
      "mid_mean": -27.975189208984375,
      "mid_to_side_loudness": -49.710330963134766,
      "mid_to_side_loudness_range": 7.704319000244141,
      "side_mean": -69.08362579345703
    },
    {
      "high_freq": 392.3793640136719,
      "loudness": -25.048059463500977,
      "loudness_range": 10.327678680419922,
      "low_freq": 148.1999969482422,
      "mid_mean": -21.346702575683594,
      "mid_to_side_loudness": -51.42700958251953,
      "mid_to_side_loudness_range": 13.20150375366211,
      "side_mean": -67.70441436767578
    },
    {
      "high_freq": 794.6976318359375,
      "loudness": -25.80631446838379,
      "loudness_range": 14.266843795776367,
      "low_freq": 392.3793640136719,
      "mid_mean": -22.10489845275879,
      "mid_to_side_loudness": -50.94561004638672,
      "mid_to_side_loudness_range": 14.000221252441406,
      "side_mean": -67.5374984741211
    },
    {
      "high_freq": 1457.5709228515625,
      "loudness": -33.470481872558594,
      "loudness_range": 15.825628280639648,
      "low_freq": 794.6976318359375,
      "mid_mean": -29.77994728088379,
      "mid_to_side_loudness": -52.633026123046875,
      "mid_to_side_loudness_range": 21.344402313232422,
      "side_mean": -69.4931411743164
    },
    {
      "high_freq": 2549.74365234375,
      "loudness": -36.94154739379883,
      "loudness_range": 22.127140045166016,
      "low_freq": 1457.5709228515625,
      "mid_mean": -33.23673629760742,
      "mid_to_side_loudness": -48.86088562011719,
      "mid_to_side_loudness_range": 13.001365661621094,
      "side_mean": -69.5577392578125
    },
    {
      "high_freq": 4349.24462890625,
      "loudness": -45.02732467651367,
      "loudness_range": 14.187416076660156,
      "low_freq": 2549.74365234375,
      "mid_mean": -41.316307067871094,
      "mid_to_side_loudness": -48.03520584106445,
      "mid_to_side_loudness_range": 54.59942626953125,
      "side_mean": -69.95172119140625
    },
    {
      "high_freq": 7314.1640625,
      "loudness": -49.48081588745117,
      "loudness_range": 9.413108825683594,
      "low_freq": 4349.24462890625,
      "mid_mean": -45.77899169921875,
      "mid_to_side_loudness": -51.97150421142578,
      "mid_to_side_loudness_range": 65.40335083007812,
      "side_mean": -69.9910888671875
    },
    {
      "high_freq": 12199.2666015625,
      "loudness": -51.48897171020508,
      "loudness_range": 9.635990142822266,
      "low_freq": 7314.1640625,
      "mid_mean": -47.78873825073242,
      "mid_to_side_loudness": -48.32615661621094,
      "mid_to_side_loudness_range": 63.048274993896484,
      "side_mean": -69.99662780761719
    },
    {
      "loudness": -53.51282501220703,
      "loudness_range": 12.28354263305664,
      "low_freq": 12199.2666015625,
      "mid_mean": -50.18995666503906,
      "mid_to_side_loudness": -30.59125328063965,
      "mid_to_side_loudness_range": 15.49032974243164,
      "side_mean": -69.65646362304688
    }
  ],
  "bands_short": [
    {
      "high_freq": 148.1999969482422,
      "loudness": -34.96397399902344,
      "loudness_range": 17.71048927307129,
      "mid_mean": -31.276514053344727,
      "mid_to_side_loudness": -50.08755111694336,
      "mid_to_side_loudness_range": 12.615009307861328,
      "side_mean": -69.31157684326172
    },
    {
      "high_freq": 392.3793640136719,
      "loudness": -26.280000686645508,
      "loudness_range": 13.551523208618164,
      "low_freq": 148.1999969482422,
      "mid_mean": -22.583341598510742,
      "mid_to_side_loudness": -48.77983856201172,
      "mid_to_side_loudness_range": 14.30221939086914,
      "side_mean": -68.19706726074219
    },
    {
      "high_freq": 794.6976318359375,
      "loudness": -26.912250518798828,
      "loudness_range": 18.183502197265625,
      "low_freq": 392.3793640136719,
      "mid_mean": -23.279983520507812,
      "mid_to_side_loudness": -47.85693359375,
      "mid_to_side_loudness_range": 11.857803344726562,
      "side_mean": -67.95111083984375
    },
    {
      "high_freq": 1457.5709228515625,
      "loudness": -34.76764678955078,
      "loudness_range": 21.94691276550293,
      "low_freq": 794.6976318359375,
      "mid_mean": -31.132593154907227,
      "mid_to_side_loudness": -48.96709060668945,
      "mid_to_side_loudness_range": 20.960102081298828,
      "side_mean": -69.48715209960938
    },
    {
      "high_freq": 2549.74365234375,
      "loudness": -39.4603271484375,
      "loudness_range": 26.497417449951172,
      "low_freq": 1457.5709228515625,
      "mid_mean": -35.779903411865234,
      "mid_to_side_loudness": -47.51485061645508,
      "mid_to_side_loudness_range": 53.808467864990234,
      "side_mean": -69.65034484863281
    },
    {
      "high_freq": 4349.24462890625,
      "loudness": -46.41062545776367,
      "loudness_range": 16.919891357421875,
      "low_freq": 2549.74365234375,
      "mid_mean": -42.695579528808594,
      "mid_to_side_loudness": -48.337894439697266,
      "mid_to_side_loudness_range": 59.868568420410156,
      "side_mean": -69.95410919189453
    },
    {
      "high_freq": 7314.1640625,
      "loudness": -50.7647819519043,
      "loudness_range": 14.260993957519531,
      "low_freq": 4349.24462890625,
      "mid_mean": -47.044586181640625,
      "mid_to_side_loudness": -42.516910552978516,
      "mid_to_side_loudness_range": 59.8717155456543,
      "side_mean": -69.9912338256836
    },
    {
      "high_freq": 12199.2666015625,
      "loudness": -54.206939697265625,
      "loudness_range": 17.305797576904297,
      "low_freq": 7314.1640625,
      "mid_mean": -50.87868118286133,
      "mid_to_side_loudness": -35.58188247680664,
      "mid_to_side_loudness_range": 55.481903076171875,
      "side_mean": -69.99673461914062
    },
    {
      "loudness": -58.197879791259766,
      "loudness_range": 22.028629302978516,
      "low_freq": 12199.2666015625,
      "mid_mean": -54.57781219482422,
      "mid_to_side_loudness": -25.42559814453125,
      "mid_to_side_loudness_range": 23.197097778320312,
      "side_mean": -69.6688461303711
    }
  ],
  "bandwidth": 550.6849365234375,
  "channels": 2,
  "covariance": [
    [
      15.254294395446777,
      3.189955234527588,
      1.5343046188354492,
      0.08352256566286087,
      1.1987760066986084,
      -0.22253383696079254,
      1.5514442920684814,
      0.07111407816410065,
      0.9009286761283875,
      -0.004291469696909189,
      1.0629771947860718,
      -0.013220230117440224,
      1.3278472423553467,
      -0.011471354402601719,
      1.5976544618606567,
      -0.008037744089961052,
      1.5366095304489136,
      -0.014406956732273102
    ],
    [
      3.189955234527588,
      1.2512171268463135,
      0.25913578271865845,
      0.5189491510391235,
      -0.30626147985458374,
      0.1803596168756485,
      0.04119483381509781,
      0.17240691184997559,
      -0.3210560381412506,
      0.10358633100986481,
      0.2253791242837906,
      0.01941305212676525,
      0.31382930278778076,
      0.0012573206331580877,
      0.18701213598251343,
      -0.0005295267328619957,
      0.672231137752533,
      0.014189710840582848
    ],
    [
      1.5343046188354492,
      0.25913578271865845,
      13.760369300842285,
      4.699458599090576,
      6.039877414703369,
      0.32657673954963684,
      9.179703712463379,
      0.023993372917175293,
      7.594399452209473,
      -0.7616782784461975,
      2.0205788612365723,
      -0.1427876204252243,
      -0.11495175212621689,
      -0.04635407030582428,
      0.4991988241672516,
      -0.019850319251418114,
      0.2221827656030655,
      -0.03733275830745697
    ],
    [
      0.08352256566286087,
      0.5189491510391235,
      4.699458599090576,
      4.503814697265625,
      0.8472916483879089,
      1.4237347841262817,
      2.4111852645874023,
      0.5817443132400513,
      1.8658504486083984,
      0.08808840066194534,
      1.2191665172576904,
      0.015212095342576504,
      0.398421049118042,
      -0.003568805055692792,
      0.23737913370132446,
      -0.0019439932657405734,
      1.1084212064743042,
      0.04309038445353508
    ],
    [
      1.1987760066986084,
      -0.30626147985458374,
      6.039877414703369,
      0.8472916483879089,
      25.653297424316406,
      9.44917106628418,
      14.940224647521973,
      0.8086575269699097,
      20.84982681274414,
      0.6826924681663513,
      8.650328636169434,
      0.11117934435606003,
      1.3698376417160034,
      0.019780045375227928,
      0.9357916116714478,
      0.008672979660332203,
      0.35460010170936584,
      -0.06230783835053444
    ],
    [
      -0.22253383696079254,
      0.1803596168756485,
      0.32657673954963684,
      1.4237347841262817,
      9.44917106628418,
      6.895010471343994,
      2.9609742164611816,
      0.7530999779701233,
      5.627389907836914,
      0.5152340531349182,
      3.2817349433898926,
      0.11073479056358337,
      0.6462071537971497,
      0.019918853417038918,
      0.24258381128311157,
      0.008064737543463707,
      1.2953901290893555,
      0.02143244259059429
    ],
    [
      1.5514442920684814,
      0.04119483381509781,
      9.179703712463379,
      2.4111852645874023,
      14.940224647521973,
      2.9609742164611816,
      30.38964080810547,
      2.798879623413086,
      34.48887252807617,
      2.9508862495422363,
      17.05765151977539,
      0.230081245303154,
      8.872713088989258,
      0.055898815393447876,
      5.524728775024414,
      0.019434846937656403,
      2.2450172901153564,
      -0.04490022733807564
    ],
    [
      0.07111407816410065,
      0.17240691184997559,
      0.023993372917175293,
      0.5817443132400513,
      0.8086575269699097,
      0.7530999779701233,
      2.798879623413086,
      0.9276332855224609,
      3.6701717376708984,
      0.9192290902137756,
      2.4031684398651123,
      0.08349134773015976,
      1.7851072549819946,
      0.022067058831453323,
      0.8566322922706604,
      0.008458450436592102,
      0.30732426047325134,
      0.01571328565478325
    ],
    [
      0.9009286761283875,
      -0.3210560381412506,
      7.594399452209473,
      1.8658504486083984,
      20.84982681274414,
      5.627389907836914,
      34.48887252807617,
      3.6701717376708984,
      55.502685546875,
      5.623974800109863,
      27.759231567382812,
      0.5115850567817688,
      15.39454174041748,
      0.12623435258865356,
      9.559279441833496,
      0.045715488493442535,
      4.230953216552734,
      -0.04277559742331505
    ],
    [
      -0.004291469696909189,
      0.10358633100986481,
      -0.7616782784461975,
      0.08808840066194534,
      0.6826924681663513,
      0.5152340531349182,
      2.9508862495422363,
      0.9192290902137756,
      5.623974800109863,
      1.8412190675735474,
      3.4942519664764404,
      0.1713157594203949,
      2.962221145629883,
      0.0536322221159935,
      1.5835623741149902,
      0.023563260212540627,
      0.401964396238327,
      0.01793053187429905
    ],
    [
      1.0629771947860718,
      0.2253791242837906,
      2.0205788612365723,
      1.2191665172576904,
      8.650328636169434,
      3.2817349433898926,
      17.05765151977539,
      2.4031684398651123,
      27.759231567382812,
      3.4942519664764404,
      22.127111434936523,
      0.5805783271789551,
      12.794221878051758,
      0.11479102075099945,
      8.116273880004883,
      0.033476267009973526,
      4.478027820587158,
      0.008091570809483528
    ],
    [
      -0.013220230117440224,
      0.01941305212676525,
      -0.1427876204252243,
      0.015212095342576504,
      0.11117934435606003,
      0.11073479056358337,
      0.230081245303154,
      0.08349134773015976,
      0.5115850567817688,
      0.1713157594203949,
      0.5805783271789551,
      0.06423158943653107,
      0.3898830711841583,
      0.01344416942447424,
      0.18871617317199707,
      0.003982349764555693,
      0.06297606229782104,
      0.0019234992796555161
    ],
    [
      1.3278472423553467,
      0.31382930278778076,
      -0.11495175212621689,
      0.398421049118042,
      1.3698376417160034,
      0.6462071537971497,
      8.872713088989258,
      1.7851072549819946,
      15.39454174041748,
      2.962221145629883,
      12.794221878051758,
      0.3898830711841583,
      13.240488052368164,
      0.09898941218852997,
      10.130997657775879,
      0.03210238367319107,
      7.627847671508789,
      -0.001771375653333962
    ],
    [
      -0.011471354402601719,
      0.0012573206331580877,
      -0.04635407030582428,
      -0.003568805055692792,
      0.019780045375227928,
      0.019918853417038918,
      0.055898815393447876,
      0.022067058831453323,
      0.12623435258865356,
      0.0536322221159935,
      0.11479102075099945,
      0.01344416942447424,
      0.09898941218852997,
      0.00427419925108552,
      0.05578453838825226,
      0.001664350158534944,
      0.013726383447647095,
      0.00047525306581519544
    ],
    [
      1.5976544618606567,
      0.18701213598251343,
      0.4991988241672516,
      0.23737913370132446,
      0.9357916116714478,
      0.24258381128311157,
      5.524728775024414,
      0.8566322922706604,
      9.559279441833496,
      1.5835623741149902,
      8.116273880004883,
      0.18871617317199707,
      10.130997657775879,
      0.05578453838825226,
      13.768704414367676,
      0.02529110386967659,
      14.426058769226074,
      -0.08913581818342209
    ],
    [
      -0.008037744089961052,
      -0.0005295267328619957,
      -0.019850319251418114,
      -0.0019439932657405734,
      0.008672979660332203,
      0.008064737543463707,
      0.019434846937656403,
      0.008458450436592102,
      0.045715488493442535,
      0.023563260212540627,
      0.033476267009973526,
      0.003982349764555693,
      0.03210238367319107,
      0.001664350158534944,
      0.02529110386967659,
      0.0011918906820937991,
      0.005779722239822149,
      0.0003255140909459442
    ],
    [
      1.5366095304489136,
      0.672231137752533,
      0.2221827656030655,
      1.1084212064743042,
      0.35460010170936584,
      1.2953901290893555,
      2.2450172901153564,
      0.30732426047325134,
      4.230953216552734,
      0.401964396238327,
      4.478027820587158,
      0.06297606229782104,
      7.627847671508789,
      0.013726383447647095,
      14.426058769226074,
      0.005779722239822149,
      28.061769485473633,
      0.023413076996803284
    ],
    [
      -0.014406956732273102,
      0.014189710840582848,
      -0.03733275830745697,
      0.04309038445353508,
      -0.06230783835053444,
      0.02143244259059429,
      -0.04490022733807564,
      0.01571328565478325,
      -0.04277559742331505,
      0.01793053187429905,
      0.008091570809483528,
      0.0019234992796555161,
      -0.001771375653333962,
      0.00047525306581519544,
      -0.08913581818342209,
      0.0003255140909459442,
      0.023413076996803284,
      0.009221356362104416
    ]
  ],
  "covariance_short": [
    [
      36.681949615478516,
      4.718416213989258,
      5.110727310180664,
      0.23430819809436798,
      2.923509120941162,
      -0.22312763333320618,
      2.580451011657715,
      -0.008739625103771687,
      1.3290421962738037,
      0.01334278006106615,
      2.1571192741394043,
      -0.004782173782587051,
      4.199103832244873,
      -0.01574389450252056,
      6.767734050750732,
      -0.00538958003744483,
      8.977160453796387,
      -0.08658803254365921
    ],
    [
      4.718416213989258,
      1.5025303363800049,
      0.8061572909355164,
      0.695338785648346,
      0.022159364074468613,
      0.299507737159729,
      0.11189386993646622,
      0.11076230555772781,
      0.01159256137907505,
      0.07719589024782181,
      0.49938255548477173,
      0.018208561465144157,
      0.7455934882164001,
      0.0001283183810301125,
      1.2586286067962646,
      -0.0003661659429781139,
      1.6148823499679565,
      -0.0013211489422246814
    ],
    [
      5.110727310180664,
      0.8061572909355164,
      24.876094818115234,
      5.684118270874023,
      13.322674751281738,
      0.8122096061706543,
      17.169979095458984,
      -0.11048898845911026,
      15.356796264648438,
      -0.5546497702598572,
      6.607192039489746,
      -0.11302892118692398,
      3.066643476486206,
      -0.048451829701662064,
      4.363409042358398,
      -0.01888897828757763,
      4.393179416656494,
      -0.0658363327383995
    ],
    [
      0.23430819809436798,
      0.695338785648346,
      5.684118270874023,
      5.79545783996582,
      2.0114643573760986,
      2.5309576988220215,
      3.6128430366516113,
      0.6745432615280151,
      3.5028581619262695,
      0.22418007254600525,
      2.2291808128356934,
      0.036036230623722076,
      1.3088384866714478,
      -0.0011338930344209075,
      2.0705864429473877,
      -0.00045007155858911574,
      1.8362548351287842,
      0.014441944658756256
    ],
    [
      2.923509120941162,
      0.022159364074468613,
      13.322674751281738,
      2.0114643573760986,
      42.768272399902344,
      11.867124557495117,
      31.64632797241211,
      1.6731829643249512,
      36.282562255859375,
      1.212310791015625,
      16.760583877563477,
      0.2035011649131775,
      6.29405403137207,
      0.03481706604361534,
      5.572353363037109,
      0.012788993306457996,
      3.906463146209717,
      -0.07054600864648819
    ],
    [
      -0.22312763333320618,
      0.299507737159729,
      0.8122096061706543,
      2.5309576988220215,
      11.867124557495117,
      9.278401374816895,
      5.89982795715332,
      1.0950977802276611,
      8.711068153381348,
      0.7655367255210876,
      5.240291595458984,
      0.15825602412223816,
      1.8266559839248657,
      0.027773326262831688,
      2.1629273891448975,
      0.011094036512076855,
      1.7150570154190063,
      0.00946829654276371
    ],
    [
      2.580451011657715,
      0.11189386993646622,
      17.169979095458984,
      3.6128430366516113,
      31.64632797241211,
      5.89982795715332,
      56.990684509277344,
      4.774580478668213,
      56.31704330444336,
      3.0745434761047363,
      28.072650909423828,
      0.2917340099811554,
      15.40582275390625,
      0.06845369935035706,
      12.095964431762695,
      0.02132369391620159,
      5.736593723297119,
      -0.05820731818675995
    ],
    [
      -0.008739625103771687,
      0.11076230555772781,
      -0.11048898845911026,
      0.6745432615280151,
      1.6731829643249512,
      1.0950977802276611,
      4.774580478668213,
      1.8375617265701294,
      4.998300075531006,
      0.9159918427467346,
      3.0461981296539307,
      0.09656072407960892,
      2.0352821350097656,
      0.024655014276504517,
      1.3172639608383179,
      0.008408927358686924,
      0.06175724416971207,
      0.019695408642292023
    ],
    [
      1.3290421962738037,
      0.01159256137907505,
      15.356796264648438,
      3.5028581619262695,
      36.282562255859375,
      8.711068153381348,
      56.31704330444336,
      4.998300075531006,
      80.47053527832031,
      5.685184001922607,
      40.49134063720703,
      0.633882999420166,
      23.372413635253906,
      0.1528986245393753,
      18.324371337890625,
      0.052434634417295456,
      9.046813011169434,
      -0.0686817467212677
    ],
    [
      0.01334278006106615,
      0.07719589024782181,
      -0.5546497702598572,
      0.22418007254600525,
      1.212310791015625,
      0.7655367255210876,
      3.0745434761047363,
      0.9159918427467346,
      5.685184001922607,
      1.8861714601516724,
      3.4024031162261963,
      0.19303633272647858,
      2.8004746437072754,
      0.06112601235508919,
      1.9230979681015015,
      0.025089720264077187,
      0.36288461089134216,
      0.01729601062834263
    ],
    [
      2.1571192741394043,
      0.49938255548477173,
      6.607192039489746,
      2.2291808128356934,
      16.760583877563477,
      5.240291595458984,
      28.072650909423828,
      3.0461981296539307,
      40.49134063720703,
      3.4024031162261963,
      33.303558349609375,
      0.6866363286972046,
      20.82766342163086,
      0.1341606080532074,
      17.853824615478516,
      0.039141394197940826,
      11.985583305358887,
      -0.06302954256534576
    ],
    [
      -0.004782173782587051,
      0.018208561465144157,
      -0.11302892118692398,
      0.036036230623722076,
      0.2035011649131775,
      0.15825602412223816,
      0.2917340099811554,
      0.09656072407960892,
      0.633882999420166,
      0.19303633272647858,
      0.6866363286972046,
      0.09125091135501862,
      0.460394948720932,
      0.01778925582766533,
      0.2951306700706482,
      0.004845629446208477,
      0.08331447094678879,
      0.0021130868699401617
    ],
    [
      4.199103832244873,
      0.7455934882164001,
      3.066643476486206,
      1.3088384866714478,
      6.29405403137207,
      1.8266559839248657,
      15.40582275390625,
      2.0352821350097656,
      23.372413635253906,
      2.8004746437072754,
      20.82766342163086,
      0.460394948720932,
      23.256622314453125,
      0.12283986061811447,
      23.139385223388672,
      0.037966784089803696,
      20.687692642211914,
      -0.17410363256931305
    ],
    [
      -0.01574389450252056,
      0.0001283183810301125,
      -0.048451829701662064,
      -0.0011338930344209075,
      0.03481706604361534,
      0.027773326262831688,
      0.06845369935035706,
      0.024655014276504517,
      0.1528986245393753,
      0.06112601235508919,
      0.1341606080532074,
      0.01778925582766533,
      0.12283986061811447,
      0.007798708043992519,
      0.08306734263896942,
      0.0024457445833832026,
      0.026896487921476364,
      0.0005888614687137306
    ],
    [
      6.767734050750732,
      1.2586286067962646,
      4.363409042358398,
      2.0705864429473877,
      5.572353363037109,
      2.1629273891448975,
      12.095964431762695,
      1.3172639608383179,
      18.324371337890625,
      1.9230979681015015,
      17.853824615478516,
      0.2951306700706482,
      23.139385223388672,
      0.08306734263896942,
      40.1448860168457,
      0.038318511098623276,
      40.6817626953125,
      -0.220465749502182
    ],
    [
      -0.00538958003744483,
      -0.0003661659429781139,
      -0.01888897828757763,
      -0.00045007155858911574,
      0.012788993306457996,
      0.011094036512076855,
      0.02132369391620159,
      0.008408927358686924,
      0.052434634417295456,
      0.025089720264077187,
      0.039141394197940826,
      0.004845629446208477,
      0.037966784089803696,
      0.0024457445833832026,
      0.038318511098623276,
      0.002054424723610282,
      0.01796095259487629,
      0.0007960303337313235
    ],
    [
      8.977160453796387,
      1.6148823499679565,
      4.393179416656494,
      1.8362548351287842,
      3.906463146209717,
      1.7150570154190063,
      5.736593723297119,
      0.06175724416971207,
      9.046813011169434,
      0.36288461089134216,
      11.985583305358887,
      0.08331447094678879,
      20.687692642211914,
      0.026896487921476364,
      40.6817626953125,
      0.01796095259487629,
      51.020240783691406,
      -0.43436968326568604
    ],
    [
      -0.08658803254365921,
      -0.0013211489422246814,
      -0.0658363327383995,
      0.014441944658756256,
      -0.07054600864648819,
      0.00946829654276371,
      -0.05820731818675995,
      0.019695408642292023,
      -0.0686817467212677,
      0.01729601062834263,
      -0.06302954256534576,
      0.0021130868699401617,
      -0.17410363256931305,
      0.0005888614687137306,
      -0.220465749502182,
      0.0007960303337313235,
      -0.43436968326568604,
      0.025152403861284256
    ]
  ],
  "damage": -9.914326667785645,
  "diff_bandwidth": 570.3880004882812,
  "dissonance": 5.613288202155127,
  "drr": 12.969728469848633,
  "dynamics": 3.311718702316284,
  "format": 1245190,
  "frames": 7814080,
  "loudness": -17.033447265625,
  "loudness_range": 7.720976829528809,
  "loudness_range_short": 12.37374496459961,
  "lowpass_true_peak_15khz": -0.629192590713501,
  "mastering3_acoustic_entropies": [
    {
      "acoustic_entropy": 8.186598777770996,
      "acoustic_entropy_mono": 8.186598777770996,
      "band_eliminated_acoustic_entropies": [
        {
          "acoustic_entropy": 8.199301719665527,
          "acoustic_entropy_side": 8.186598777770996,
          "hz": 129.47220167065723
        },
        {
          "acoustic_entropy": 7.987273693084717,
          "acoustic_entropy_side": 8.186598777770996,
          "hz": 202.92927478742237
        },
        {
          "acoustic_entropy": 7.906013011932373,
          "acoustic_entropy_side": 8.186598777770996,
          "hz": 282.89161906338205
        },
        {
          "acoustic_entropy": 8.48599624633789,
          "acoustic_entropy_side": 8.186598777770996,
          "hz": 369.9353335868758
        },
        {
          "acoustic_entropy": 8.195895195007324,
          "acoustic_entropy_side": 8.186598777770996,
          "hz": 464.6875360973435
        },
        {
          "acoustic_entropy": 7.6226887702941895,
          "acoustic_entropy_side": 8.186598777770996,
          "hz": 567.8308811364784
        },
        {
          "acoustic_entropy": 7.553054332733154,
          "acoustic_entropy_side": 8.186598777770996,
          "hz": 680.1084783214808
        },
        {
          "acoustic_entropy": 8.477490425109863,
          "acoustic_entropy_side": 8.186598777770996,
          "hz": 802.3292461747484
        },
        {
          "acoustic_entropy": 8.312898635864258,
          "acoustic_entropy_side": 8.186598777770996,
          "hz": 935.3737400823702
        },
        {
          "acoustic_entropy": 7.520349025726318,
          "acoustic_entropy_side": 8.186598777770996,
          "hz": 1080.2004963696966
        },
        {
          "acoustic_entropy": 7.932862281799316,
          "acoustic_entropy_side": 8.186598777770996,
          "hz": 1237.8529382007157
        },
        {
          "acoustic_entropy": 7.889653205871582,
          "acoustic_entropy_side": 8.186598777770996,
          "hz": 1409.4668930556702
        },
        {
          "acoustic_entropy": 8.188370704650879,
          "acoustic_entropy_side": 8.186598777770996,
          "hz": 1596.2787759475705
        },
        {
          "acoustic_entropy": 8.096781730651855,
          "acoustic_entropy_side": 8.186598777770996,
          "hz": 1799.6344973346393
        },
        {
          "acoustic_entropy": 8.088611602783203,
          "acoustic_entropy_side": 8.186598777770996,
          "hz": 2020.9991599069049
        },
        {
          "acoustic_entropy": 8.111845970153809,
          "acoustic_entropy_side": 8.186598777770996,
          "hz": 2261.9676141086993
        },
        {
          "acoustic_entropy": 8.132630348205566,
          "acoustic_entropy_side": 8.186598777770996,
          "hz": 2524.2759484456974
        },
        {
          "acoustic_entropy": 8.014047622680664,
          "acoustic_entropy_side": 8.186598777770996,
          "hz": 2809.813997359896
        },
        {
          "acoustic_entropy": 8.195111274719238,
          "acoustic_entropy_side": 8.186598777770996,
          "hz": 3120.6389567871424
        },
        {
          "acoustic_entropy": 8.206511497497559,
          "acoustic_entropy_side": 8.186598777770996,
          "hz": 3458.990205492291
        },
        {
          "acoustic_entropy": 8.191787719726562,
          "acoustic_entropy_side": 8.186598777770996,
          "hz": 3827.305438964164
        },
        {
          "acoustic_entropy": 8.192695617675781,
          "acoustic_entropy_side": 8.186598777770996,
          "hz": 4228.238232109126
        },
        {
          "acoustic_entropy": 8.197128295898438,
          "acoustic_entropy_side": 8.186598777770996,
          "hz": 4664.6771572759235
        },
        {
          "acoustic_entropy": 8.202826499938965,
          "acoustic_entropy_side": 8.186598777770996,
          "hz": 5139.766595350093
        },
        {
          "acoustic_entropy": 8.192336082458496,
          "acoustic_entropy_side": 8.186598777770996,
          "hz": 5656.929389854203
        },
        {
          "acoustic_entropy": 8.188201904296875,
          "acoustic_entropy_side": 8.186598777770996,
          "hz": 6219.891507268283
        },
        {
          "acoustic_entropy": 8.187379837036133,
          "acoustic_entropy_side": 8.186598777770996,
          "hz": 6832.70888123896
        },
        {
          "acoustic_entropy": 8.187309265136719,
          "acoustic_entropy_side": 8.186598777770996,
          "hz": 7499.796634079867
        },
        {
          "acoustic_entropy": 8.187609672546387,
          "acoustic_entropy_side": 8.186598777770996,
          "hz": 8225.96088609342
        },
        {
          "acoustic_entropy": 8.187182426452637,
          "acoustic_entropy_side": 8.186598777770996,
          "hz": 9016.43338188839
        },
        {
          "acoustic_entropy": 8.186686515808105,
          "acoustic_entropy_side": 8.186598777770996,
          "hz": 9876.909183162974
        },
        {
          "acoustic_entropy": 8.186650276184082,
          "acoustic_entropy_side": 8.186598777770996,
          "hz": 10813.587699516042
        },
        {
          "acoustic_entropy": 8.186605453491211,
          "acoustic_entropy_side": 8.186598777770996,
          "hz": 11833.21735289826
        },
        {
          "acoustic_entropy": 8.186537742614746,
          "acoustic_entropy_side": 8.186598777770996,
          "hz": 12943.144197493959
        },
        {
          "acoustic_entropy": 8.18655776977539,
          "acoustic_entropy_side": 8.186598777770996,
          "hz": 14151.364845322005
        },
        {
          "acoustic_entropy": 8.186524391174316,
          "acoustic_entropy_side": 8.186598777770996,
          "hz": 15466.58407886509
        },
        {
          "acoustic_entropy": 8.186773300170898,
          "acoustic_entropy_side": 8.186598777770996,
          "hz": 16898.27756580493
        },
        {
          "acoustic_entropy": 8.186988830566406,
          "acoustic_entropy_side": 8.186598777770996,
          "hz": 18456.760127700032
        },
        {
          "acoustic_entropy": 8.186519622802734,
          "acoustic_entropy_side": 8.186598777770996,
          "hz": 20153.260054456492
        },
        {
          "acoustic_entropy": 8.186594009399414,
          "acoustic_entropy_side": 8.186598777770996,
          "hz": 22000.00000000001
        }
      ],
      "diff_acoustic_entropy": 7.526027679443359,
      "sn": 6
    },
    {
      "acoustic_entropy": 11.206635475158691,
      "acoustic_entropy_mono": 11.206636428833008,
      "band_eliminated_acoustic_entropies": [
        {
          "acoustic_entropy": 11.041687965393066,
          "acoustic_entropy_side": 11.206635475158691,
          "hz": 129.47220167065723
        },
        {
          "acoustic_entropy": 11.145919799804688,
          "acoustic_entropy_side": 11.206635475158691,
          "hz": 202.92927478742237
        },
        {
          "acoustic_entropy": 10.503722190856934,
          "acoustic_entropy_side": 11.206635475158691,
          "hz": 282.89161906338205
        },
        {
          "acoustic_entropy": 10.59770679473877,
          "acoustic_entropy_side": 11.206635475158691,
          "hz": 369.9353335868758
        },
        {
          "acoustic_entropy": 11.325252532958984,
          "acoustic_entropy_side": 11.206635475158691,
          "hz": 464.6875360973435
        },
        {
          "acoustic_entropy": 10.837250709533691,
          "acoustic_entropy_side": 11.206634521484375,
          "hz": 567.8308811364784
        },
        {
          "acoustic_entropy": 10.217192649841309,
          "acoustic_entropy_side": 11.206636428833008,
          "hz": 680.1084783214808
        },
        {
          "acoustic_entropy": 11.528998374938965,
          "acoustic_entropy_side": 11.206635475158691,
          "hz": 802.3292461747484
        },
        {
          "acoustic_entropy": 11.737360000610352,
          "acoustic_entropy_side": 11.206635475158691,
          "hz": 935.3737400823702
        },
        {
          "acoustic_entropy": 10.825037002563477,
          "acoustic_entropy_side": 11.206635475158691,
          "hz": 1080.2004963696966
        },
        {
          "acoustic_entropy": 11.045812606811523,
          "acoustic_entropy_side": 11.206635475158691,
          "hz": 1237.8529382007157
        },
        {
          "acoustic_entropy": 10.626548767089844,
          "acoustic_entropy_side": 11.206635475158691,
          "hz": 1409.4668930556702
        },
        {
          "acoustic_entropy": 11.734173774719238,
          "acoustic_entropy_side": 11.206635475158691,
          "hz": 1596.2787759475705
        },
        {
          "acoustic_entropy": 11.120590209960938,
          "acoustic_entropy_side": 11.206635475158691,
          "hz": 1799.6344973346393
        },
        {
          "acoustic_entropy": 11.351408004760742,
          "acoustic_entropy_side": 11.206635475158691,
          "hz": 2020.9991599069049
        },
        {
          "acoustic_entropy": 11.071544647216797,
          "acoustic_entropy_side": 11.206635475158691,
          "hz": 2261.9676141086993
        },
        {
          "acoustic_entropy": 10.968445777893066,
          "acoustic_entropy_side": 11.206635475158691,
          "hz": 2524.2759484456974
        },
        {
          "acoustic_entropy": 11.156242370605469,
          "acoustic_entropy_side": 11.206635475158691,
          "hz": 2809.813997359896
        },
        {
          "acoustic_entropy": 11.123753547668457,
          "acoustic_entropy_side": 11.206635475158691,
          "hz": 3120.6389567871424
        },
        {
          "acoustic_entropy": 11.290660858154297,
          "acoustic_entropy_side": 11.206635475158691,
          "hz": 3458.990205492291
        },
        {
          "acoustic_entropy": 11.257452011108398,
          "acoustic_entropy_side": 11.206635475158691,
          "hz": 3827.305438964164
        },
        {
          "acoustic_entropy": 11.270801544189453,
          "acoustic_entropy_side": 11.206635475158691,
          "hz": 4228.238232109126
        },
        {
          "acoustic_entropy": 11.262743949890137,
          "acoustic_entropy_side": 11.206635475158691,
          "hz": 4664.6771572759235
        },
        {
          "acoustic_entropy": 11.276515007019043,
          "acoustic_entropy_side": 11.206635475158691,
          "hz": 5139.766595350093
        },
        {
          "acoustic_entropy": 11.260456085205078,
          "acoustic_entropy_side": 11.206635475158691,
          "hz": 5656.929389854203
        },
        {
          "acoustic_entropy": 11.216493606567383,
          "acoustic_entropy_side": 11.206635475158691,
          "hz": 6219.891507268283
        },
        {
          "acoustic_entropy": 11.22075366973877,
          "acoustic_entropy_side": 11.206635475158691,
          "hz": 6832.70888123896
        },
        {
          "acoustic_entropy": 11.226251602172852,
          "acoustic_entropy_side": 11.206635475158691,
          "hz": 7499.796634079867
        },
        {
          "acoustic_entropy": 11.222257614135742,
          "acoustic_entropy_side": 11.206635475158691,
          "hz": 8225.96088609342
        },
        {
          "acoustic_entropy": 11.208854675292969,
          "acoustic_entropy_side": 11.206635475158691,
          "hz": 9016.43338188839
        },
        {
          "acoustic_entropy": 11.192739486694336,
          "acoustic_entropy_side": 11.206635475158691,
          "hz": 9876.909183162974
        },
        {
          "acoustic_entropy": 11.19451904296875,
          "acoustic_entropy_side": 11.206635475158691,
          "hz": 10813.587699516042
        },
        {
          "acoustic_entropy": 11.181960105895996,
          "acoustic_entropy_side": 11.206635475158691,
          "hz": 11833.21735289826
        },
        {
          "acoustic_entropy": 11.186145782470703,
          "acoustic_entropy_side": 11.206635475158691,
          "hz": 12943.144197493959
        },
        {
          "acoustic_entropy": 11.186214447021484,
          "acoustic_entropy_side": 11.206635475158691,
          "hz": 14151.364845322005
        },
        {
          "acoustic_entropy": 11.176335334777832,
          "acoustic_entropy_side": 11.206635475158691,
          "hz": 15466.58407886509
        },
        {
          "acoustic_entropy": 11.176928520202637,
          "acoustic_entropy_side": 11.206635475158691,
          "hz": 16898.27756580493
        },
        {
          "acoustic_entropy": 11.172093391418457,
          "acoustic_entropy_side": 11.206635475158691,
          "hz": 18456.760127700032
        },
        {
          "acoustic_entropy": 11.183320045471191,
          "acoustic_entropy_side": 11.206635475158691,
          "hz": 20153.260054456492
        },
        {
          "acoustic_entropy": 11.205945014953613,
          "acoustic_entropy_side": 11.206635475158691,
          "hz": 22000.00000000001
        }
      ],
      "diff_acoustic_entropy": 11.048587799072266,
      "sn": 12
    },
    {
      "acoustic_entropy": 16.54033660888672,
      "acoustic_entropy_mono": 16.541336059570312,
      "band_eliminated_acoustic_entropies": [
        {
          "acoustic_entropy": 15.929205894470215,
          "acoustic_entropy_side": 16.54033660888672,
          "hz": 129.47220167065723
        },
        {
          "acoustic_entropy": 17.537355422973633,
          "acoustic_entropy_side": 16.540332794189453,
          "hz": 202.92927478742237
        },
        {
          "acoustic_entropy": 15.882852554321289,
          "acoustic_entropy_side": 16.540332794189453,
          "hz": 282.89161906338205
        },
        {
          "acoustic_entropy": 16.063053131103516,
          "acoustic_entropy_side": 16.54034423828125,
          "hz": 369.9353335868758
        },
        {
          "acoustic_entropy": 16.017757415771484,
          "acoustic_entropy_side": 16.540273666381836,
          "hz": 464.6875360973435
        },
        {
          "acoustic_entropy": 16.623327255249023,
          "acoustic_entropy_side": 16.540361404418945,
          "hz": 567.8308811364784
        },
        {
          "acoustic_entropy": 16.002519607543945,
          "acoustic_entropy_side": 16.541194915771484,
          "hz": 680.1084783214808
        },
        {
          "acoustic_entropy": 16.958560943603516,
          "acoustic_entropy_side": 16.540367126464844,
          "hz": 802.3292461747484
        },
        {
          "acoustic_entropy": 16.575807571411133,
          "acoustic_entropy_side": 16.540359497070312,
          "hz": 935.3737400823702
        },
        {
          "acoustic_entropy": 16.608617782592773,
          "acoustic_entropy_side": 16.54039192199707,
          "hz": 1080.2004963696966
        },
        {
          "acoustic_entropy": 15.625283241271973,
          "acoustic_entropy_side": 16.54033088684082,
          "hz": 1237.8529382007157
        },
        {
          "acoustic_entropy": 15.806057929992676,
          "acoustic_entropy_side": 16.54033088684082,
          "hz": 1409.4668930556702
        },
        {
          "acoustic_entropy": 15.968700408935547,
          "acoustic_entropy_side": 16.54034996032715,
          "hz": 1596.2787759475705
        },
        {
          "acoustic_entropy": 16.55647087097168,
          "acoustic_entropy_side": 16.54033660888672,
