{
  "acoustic_entropy": 96.94986724853516,
  "bands": [
    {
      "high_freq": 148.1999969482422,
      "loudness": -49.882225036621094,
      "loudness_range": 28.774555206298828,
      "mid_mean": -46.36415481567383,
      "mid_to_side_loudness": -12.711520195007324,
      "mid_to_side_loudness_range": 10.052839279174805,
      "side_mean": -58.099998474121094
    },
    {
      "high_freq": 392.3793640136719,
      "loudness": -39.3886833190918,
      "loudness_range": 26.596040725708008,
      "low_freq": 148.1999969482422,
      "mid_mean": -36.59440612792969,
      "mid_to_side_loudness": -7.363723278045654,
      "mid_to_side_loudness_range": 10.29172420501709,
      "side_mean": -43.94171142578125
    },
    {
      "high_freq": 794.6976318359375,
      "loudness": -38.724769592285156,
      "loudness_range": 32.11623001098633,
      "low_freq": 392.3793640136719,
      "mid_mean": -36.211822509765625,
      "mid_to_side_loudness": -6.58457612991333,
      "mid_to_side_loudness_range": 10.597916603088379,
      "side_mean": -42.921363830566406
    },
    {
      "high_freq": 1457.5709228515625,
      "loudness": -45.39459228515625,
      "loudness_range": 33.21472930908203,
      "low_freq": 794.6976318359375,
      "mid_mean": -43.621910095214844,
      "mid_to_side_loudness": -6.555359363555908,
      "mid_to_side_loudness_range": 8.117033004760742,
      "side_mean": -51.57426071166992
    },
    {
      "high_freq": 2549.74365234375,
      "loudness": -50.97592544555664,
      "loudness_range": 34.74439239501953,
      "low_freq": 1457.5709228515625,
      "mid_mean": -52.21923065185547,
      "mid_to_side_loudness": -8.192512512207031,
      "mid_to_side_loudness_range": 6.3700480461120605,
      "side_mean": -58.46694564819336
    },
    {
      "high_freq": 4349.24462890625,
      "loudness": -69.41773986816406,
      "loudness_range": 28.18243408203125,
      "low_freq": 2549.74365234375,
      "mid_mean": -63.53998947143555,
      "mid_to_side_loudness": -6.22015905380249,
      "mid_to_side_loudness_range": 4.919424057006836,
      "side_mean": -66.4940185546875
    },
    {
      "high_freq": 7314.1640625,
      "loudness": -71.83551025390625,
      "loudness_range": 10.040885925292969,
      "low_freq": 4349.24462890625,
      "mid_mean": -66.40968322753906,
      "mid_to_side_loudness": -5.217641353607178,
      "mid_to_side_loudness_range": 2.8068528175354004,
      "side_mean": -68.46626281738281
    },
    {
      "high_freq": 12199.2666015625,
      "loudness": -69.80766296386719,
      "loudness_range": 3.4472198486328125,
      "low_freq": 7314.1640625,
      "mid_mean": -65.49230194091797,
      "mid_to_side_loudness": -4.767978191375732,
      "mid_to_side_loudness_range": 1.5199182033538818,
      "side_mean": -67.94427490234375
    },
    {
      "loudness": -66.87875366210938,
      "loudness_range": 1.9046478271484375,
      "low_freq": 12199.2666015625,
      "mid_mean": -63.50969696044922,
      "mid_to_side_loudness": -4.415019512176514,
      "mid_to_side_loudness_range": 0.986567497253418,
      "side_mean": -66.4885482788086
    }
  ],
  "bands_short": [
    {
      "high_freq": 148.1999969482422,
      "loudness": -54.42156982421875,
      "loudness_range": 30.121280670166016,
      "mid_mean": -51.293182373046875,
      "mid_to_side_loudness": -14.147624969482422,
      "mid_to_side_loudness_range": 12.972818374633789,
      "side_mean": -62.56659698486328
    },
    {
      "high_freq": 392.3793640136719,
      "loudness": -40.08560562133789,
      "loudness_range": 27.03900909423828,
      "low_freq": 148.1999969482422,
      "mid_mean": -37.383209228515625,
      "mid_to_side_loudness": -7.852312088012695,
      "mid_to_side_loudness_range": 11.773609161376953,
      "side_mean": -45.198184967041016
    },
    {
      "high_freq": 794.6976318359375,
      "loudness": -39.32816696166992,
      "loudness_range": 31.980958938598633,
      "low_freq": 392.3793640136719,
      "mid_mean": -36.78709030151367,
      "mid_to_side_loudness": -6.133423805236816,
      "mid_to_side_loudness_range": 11.03685188293457,
      "side_mean": -43.106143951416016
    },
    {
      "high_freq": 1457.5709228515625,
      "loudness": -46.10015106201172,
      "loudness_range": 34.36481475830078,
      "low_freq": 794.6976318359375,
      "mid_mean": -44.493282318115234,
      "mid_to_side_loudness": -6.6946187019348145,
      "mid_to_side_loudness_range": 9.868658065795898,
      "side_mean": -52.25010681152344
    },
    {
      "high_freq": 2549.74365234375,
      "loudness": -52.07841873168945,
      "loudness_range": 34.56193161010742,
      "low_freq": 1457.5709228515625,
      "mid_mean": -53.135433197021484,
      "mid_to_side_loudness": -8.028335571289062,
      "mid_to_side_loudness_range": 8.307771682739258,
      "side_mean": -59.143714904785156
    },
    {
      "high_freq": 4349.24462890625,
      "loudness": -69.88725280761719,
      "loudness_range": 27.753986358642578,
      "low_freq": 2549.74365234375,
      "mid_mean": -63.962310791015625,
      "mid_to_side_loudness": -6.137150764465332,
      "mid_to_side_loudness_range": 6.013443470001221,
      "side_mean": -66.74634552001953
    },
    {
      "high_freq": 7314.1640625,
      "loudness": -72.10063934326172,
      "loudness_range": 8.982139587402344,
      "low_freq": 4349.24462890625,
      "mid_mean": -66.57815551757812,
      "mid_to_side_loudness": -5.2021870613098145,
      "mid_to_side_loudness_range": 3.3478753566741943,
      "side_mean": -68.5667953491211
    },
    {
      "high_freq": 12199.2666015625,
      "loudness": -69.87743377685547,
      "loudness_range": 3.9201431274414062,
      "low_freq": 7314.1640625,
      "mid_mean": -65.53580474853516,
      "mid_to_side_loudness": -4.752265453338623,
      "mid_to_side_loudness_range": 2.0213942527770996,
      "side_mean": -67.96155548095703
    },
    {
      "loudness": -66.90203857421875,
      "loudness_range": 2.4211959838867188,
      "low_freq": 12199.2666015625,
      "mid_mean": -63.5308837890625,
      "mid_to_side_loudness": -4.41012716293335,
      "mid_to_side_loudness_range": 1.5988235473632812,
      "side_mean": -66.49980926513672
    }
  ],
  "bandwidth": 662.06298828125,
  "channels": 2,
  "covariance": [
    [
      87.95256042480469,
      71.95246124267578,
      53.257572174072266,
      51.22307586669922,
      51.52799987792969,
      49.76994323730469,
      54.57578659057617,
      60.54035186767578,
      62.97599411010742,
      53.793609619140625,
      35.830360412597656,
      23.87822914123535,
      8.724329948425293,
      4.991321086883545,
      2.995086669921875,
      1.9052764177322388,
      2.4998462200164795,
      2.0535717010498047
    ],
    [
      71.95246124267578,
      68.03923034667969,
      47.97678756713867,
      46.67987823486328,
      46.130340576171875,
      44.3430061340332,
      48.97422790527344,
      57.5976676940918,
      60.271480560302734,
      51.10219192504883,
      34.30095672607422,
      23.150522232055664,
      8.926531791687012,
      4.943978309631348,
      3.31430721282959,
      1.978140115737915,
      3.6408727169036865,
      2.6117496490478516
    ],
    [
      53.257572174072266,
      47.97678756713867,
      83.43956756591797,
      76.42245483398438,
      79.66145324707031,
      76.79669189453125,
      79.96508026123047,
      89.1112060546875,
      98.00780487060547,
      80.29708099365234,
      48.675514221191406,
      32.16034698486328,
      9.684554100036621,
      5.976345539093018,
      1.2535055875778198,
      1.0877320766448975,
      2.448598623275757,
      2.2178843021392822
    ],
    [
      51.22307586669922,
      46.67987823486328,
      76.42245483398438,
      83.85520935058594,
      80.47120666503906,
      77.80296325683594,
      83.43216705322266,
      90.84458923339844,
      99.3627700805664,
      81.77320098876953,
      49.392696380615234,
      32.514461517333984,
      9.924202919006348,
      6.207632541656494,
      1.41169273853302,
      1.1357648372650146,
      2.6714658737182617,
      2.341365098953247
    ],
    [
      51.52799987792969,
      46.130340576171875,
      79.66145324707031,
      80.47120666503906,
      122.82201385498047,
      108.11649322509766,
      116.55037689208984,
      117.26632690429688,
      132.85366821289062,
      110.28890228271484,
      69.15380096435547,
      45.74200439453125,
      15.139619827270508,
      9.709486961364746,
      2.6318960189819336,
      1.869512677192688,
      3.6141088008880615,
      3.1409523487091064
    ],
    [
      49.76994323730469,
      44.3430061340332,
      76.79669189453125,
      77.80296325683594,
      108.11649322509766,
      109.86093139648438,
      109.65045166015625,
      113.81747436523438,
      125.71894836425781,
      104.07988739013672,
      64.3429183959961,
      42.34028244018555,
      13.649092674255371,
      8.692668914794922,
      2.2651195526123047,
      1.6096398830413818,
      3.520026922225952,
      2.991364002227783
    ],
    [
      54.57578659057617,
      48.97422790527344,
      79.96508026123047,
      83.43216705322266,
      116.55037689208984,
      109.65045166015625,
      144.18785095214844,
      130.4169921875,
      143.42347717285156,
      123.05150604248047,
      79.07749938964844,
      52.604888916015625,
      17.75625991821289,
      10.79124927520752,
      2.768244981765747,
      1.971753478050232,
      4.325619220733643,
      3.6688051223754883
    ],
    [
      60.54035186767578,
      57.5976676940918,
      89.1112060546875,
      90.84458923339844,
      117.26632690429688,
      113.81747436523438,
      130.4169921875,
      145.9872283935547,
      152.68153381347656,
      125.10220336914062,
      76.69202423095703,
      50.18348693847656,
      17.16152572631836,
      10.630721092224121,
      3.7423043251037598,
      2.392279624938965,
      6.724277019500732,
      4.974058151245117
    ],
    [
      62.97599411010742,
      60.271480560302734,
      98.00780487060547,
      99.3627700805664,
      132.85366821289062,
      125.71894836425781,
      143.42347717285156,
      152.68153381347656,
      176.04685974121094,
      143.4150848388672,
      87.72898864746094,
      57.26289749145508,
      19.676679611206055,
      12.212505340576172,
      3.8171613216400146,
      2.512197732925415,
      6.925431728363037,
      5.235431671142578
    ],
    [
      53.793609619140625,
      51.10219192504883,
      80.29708099365234,
      81.77320098876953,
      110.28890228271484,
      104.07988739013672,
      123.05150604248047,
      125.10220336914062,
      143.4150848388672,
      122.26895141601562,
      77.13910675048828,
      51.1192626953125,
      17.633089065551758,
      10.93413257598877,
      3.3877508640289307,
      2.2224926948547363,
      5.662980079650879,
      4.362936019897461
    ],
    [
      35.830360412597656,
      34.30095672607422,
      48.675514221191406,
      49.392696380615234,
      69.15380096435547,
      64.3429183959961,
      79.07749938964844,
      76.69202423095703,
      87.72898864746094,
      77.13910675048828,
      60.506103515625,
      40.77675247192383,
      15.235142707824707,
      9.373234748840332,
      3.181439161300659,
      1.9987378120422363,
      4.003248691558838,
      3.118243932723999
    ],
    [
      23.87822914123535,
      23.150522232055664,
      32.16034698486328,
      32.514461517333984,
      45.74200439453125,
      42.34028244018555,
      52.604888916015625,
      50.18348693847656,
      57.26289749145508,
      51.1192626953125,
      40.77675247192383,
      29.30266761779785,
      11.24937629699707,
      7.005553722381592,
      2.360426664352417,
      1.4768530130386353,
      2.752960443496704,
      2.1650309562683105
    ],
    [
      8.724329948425293,
      8.926531791687012,
      9.684554100036621,
      9.924202919006348,
      15.139619827270508,
      13.649092674255371,
      17.75625991821289,
      17.16152572631836,
      19.676679611206055,
      17.633089065551758,
      15.235142707824707,
      11.24937629699707,
      6.518522262573242,
      3.9499001502990723,
      1.7707933187484741,
      1.0206074714660645,
      1.4748941659927368,
      1.0892088413238525
    ],
    [
      4.991321086883545,
      4.943978309631348,
      5.976345539093018,
      6.207632541656494,
      9.709486961364746,
      8.692668914794922,
      10.79124927520752,
      10.630721092224121,
      12.212505340576172,
      10.93413257598877,
      9.373234748840332,
      7.005553722381592,
      3.9499001502990723,
      2.784930944442749,
      0.9964802265167236,
      0.5994107723236084,
      0.812541127204895,
      0.6397935152053833
    ],
    [
      2.995086669921875,
      3.31430721282959,
      1.2535055875778198,
      1.41169273853302,
      2.6318960189819336,
      2.2651195526123047,
      2.768244981765747,
      3.7423043251037598,
      3.8171613216400146,
      3.3877508640289307,
      3.181439161300659,
      2.360426664352417,
      1.7707933187484741,
      0.9964802265167236,
      1.1763110160827637,
      0.5961992144584656,
      0.8999968767166138,
      0.5309053063392639
    ],
    [
      1.9052764177322388,
      1.978140115737915,
      1.0877320766448975,
      1.1357648372650146,
      1.869512677192688,
      1.6096398830413818,
      1.971753478050232,
      2.392279624938965,
      2.512197732925415,
      2.2224926948547363,
      1.9987378120422363,
      1.4768530130386353,
      1.0206074714660645,
      0.5994107723236084,
      0.5961992144584656,
      0.32374751567840576,
      0.42214933037757874,
      0.26600733399391174
    ],
    [
      2.4998462200164795,
      3.6408727169036865,
      2.448598623275757,
      2.6714658737182617,
      3.6141088008880615,
      3.520026922225952,
      4.325619220733643,
      6.724277019500732,
      6.925431728363037,
      5.662980079650879,
      4.003248691558838,
      2.752960443496704,
      1.4748941659927368,
      0.812541127204895,
      0.8999968767166138,
      0.42214933037757874,
      1.274867057800293,
      0.7359920740127563
    ],
    [
      2.0535717010498047,
      2.6117496490478516,
      2.2178843021392822,
      2.341365098953247,
      3.1409523487091064,
      2.991364002227783,
      3.6688051223754883,
      4.974058151245117,
      5.235431671142578,
      4.362936019897461,
      3.118243932723999,
      2.1650309562683105,
      1.0892088413238525,
      0.6397935152053833,
      0.5309053063392639,
      0.26600733399391174,
      0.7359920740127563,
      0.45376312732696533
    ]
  ],
  "covariance_short": [
    [
      100.68258666992188,
      59.516746520996094,
      52.80435562133789,
      52.32809829711914,
      52.27094268798828,
      52.02360153198242,
      56.56181716918945,
      64.60395050048828,
      66.5232162475586,
      54.622825622558594,
      35.08538818359375,
      23.076919555664062,
      8.553829193115234,
      4.810080051422119,
      4.2910075187683105,
      2.510361433029175,
      4.7062554359436035,
      3.24587345123291
    ],
    [
      59.516746520996094,
      44.9734001159668,
      36.18949890136719,
      36.490638732910156,
      35.270790100097656,
      34.831642150878906,
      37.61101150512695,
      41.33879089355469,
      42.843292236328125,
      36.03725051879883,
      24.009321212768555,
      16.17186164855957,
      5.8823699951171875,
      3.312976121902466,
      2.566053628921509,
      1.563351035118103,
      2.66125226020813,
      1.9468994140625
    ],
    [
      52.80435562133789,
      36.18949890136719,
      85.01445007324219,
      77.04766082763672,
      79.10892486572266,
      75.99481201171875,
      81.68793487548828,
      86.5704574584961,
      92.84782409667969,
      75.87358093261719,
      44.48638916015625,
      29.28472900390625,
      8.42374038696289,
      5.117568016052246,
      1.4609429836273193,
      1.2388980388641357,
      2.679800510406494,
      2.3523712158203125
    ],
    [
      52.32809829711914,
      36.490638732910156,
      77.04766082763672,
      88.2385025024414,
      81.23362731933594,
      78.42847442626953,
      85.91639709472656,
      90.36673736572266,
      97.6444091796875,
      79.82884979248047,
      46.097660064697266,
      30.241069793701172,
      8.568727493286133,
      5.303779125213623,
      1.3136893510818481,
      1.1504685878753662,
      2.8118717670440674,
      2.461181879043579
    ],
    [
      52.27094268798828,
      35.270790100097656,
      79.10892486572266,
      81.23362731933594,
      120.267578125,
      106.08111572265625,
      116.3658218383789,
      114.16136169433594,
      126.65217590332031,
      103.50678253173828,
      63.596946716308594,
      42.39041519165039,
      12.67008113861084,
      8.056539535522461,
      2.4315297603607178,
      1.8588566780090332,
      3.6901886463165283,
      3.1980247497558594
    ],
    [
      52.02360153198242,
      34.831642150878906,
      75.99481201171875,
      78.42847442626953,
      106.08111572265625,
      107.95455169677734,
      110.00395202636719,
      111.09126281738281,
      120.60935974121094,
      98.26444244384766,
      59.82858657836914,
      39.66304397583008,
      11.381227493286133,
      7.2215776443481445,
      1.9835652112960815,
      1.5415278673171997,
      3.6665098667144775,
      3.103485107421875
    ],
    [
      56.56181716918945,
      37.61101150512695,
      81.68793487548828,
      85.91639709472656,
      116.3658218383789,
      110.00395202636719,
      149.1999053955078,
      131.9954833984375,
      142.30245971679688,
      120.15867614746094,
      75.34479522705078,
      50.46914291381836,
      15.546025276184082,
      9.521556854248047,
      2.729066848754883,
      2.0759899616241455,
      4.530981063842773,
      3.850393772125244
    ],
    [
      64.60395050048828,
      41.33879089355469,
      86.5704574584961,
      90.36673736572266,
      114.16136169433594,
      111.09126281738281,
      131.9954833984375,
      143.0269317626953,
      146.35508728027344,
      119.09237670898438,
      72.16883087158203,
      47.61558532714844,
      14.992362022399902,
      9.277853012084961,
      3.719754219055176,
      2.476275682449341,
      6.835372447967529,
      5.075453281402588
    ],
    [
      66.5232162475586,
      42.843292236328125,
      92.84782409667969,
      97.6444091796875,
      126.65217590332031,
      120.60935974121094,
      142.30245971679688,
      146.35508728027344,
      167.9587860107422,
      134.86143493652344,
      81.0550537109375,
      53.350833892822266,
      17.049978256225586,
      10.519696235656738,
      3.8911163806915283,
      2.660285234451294,
      6.966014385223389,
      5.286593914031982
    ],
    [
      54.622825622558594,
      36.03725051879883,
      75.87358093261719,
      79.82884979248047,
      103.50678253173828,
      98.26444244384766,
      120.15867614746094,
      119.09237670898438,
      134.86143493652344,
      114.94855499267578,
      70.70125579833984,
      47.25642013549805,
      15.290647506713867,
      9.418667793273926,
      3.4246716499328613,
      2.338501214981079,
      5.642346382141113,
      4.362599849700928
    ],
    [
      35.08538818359375,
      24.009321212768555,
      44.48638916015625,
      46.097660064697266,
      63.596946716308594,
      59.82858657836914,
      75.34479522705078,
      72.16883087158203,
      81.0550537109375,
      70.70125579833984,
      56.10038375854492,
      37.75482940673828,
      13.27194881439209,
      8.211097717285156,
      3.2029638290405273,
      2.0944178104400635,
      4.041668891906738,
      3.161088705062866
    ],
    [
      23.076919555664062,
      16.17186164855957,
      29.28472900390625,
      30.241069793701172,
      42.39041519165039,
      39.66304397583008,
      50.46914291381836,
      47.61558532714844,
      53.350833892822266,
      47.25642013549805,
      37.75482940673828,
      27.83110237121582,
      10.017696380615234,
      6.264749526977539,
      2.3940680027008057,
      1.575506567955017,
      2.7988853454589844,
      2.224679708480835
    ],
    [
      8.553829193115234,
      5.8823699951171875,
      8.42374038696289,
      8.568727493286133,
      12.67008113861084,
      11.381227493286133,
      15.546025276184082,
      14.992362022399902,
      17.049978256225586,
      15.290647506713867,
      13.27194881439209,
      10.017696380615234,
      5.933183670043945,
      3.5485072135925293,
      1.8194308280944824,
      1.0863838195800781,
      1.4986690282821655,
      1.1073929071426392
    ],
    [
      4.810080051422119,
      3.312976121902466,
      5.117568016052246,
      5.303779125213623,
      8.056539535522461,
      7.2215776443481445,
      9.521556854248047,
      9.277853012084961,
      10.519696235656738,
      9.418667793273926,
      8.211097717285156,
      6.264749526977539,
      3.5485072135925293,
      2.5642752647399902,
      1.0474082231521606,
      0.6590686440467834,
      0.8306431770324707,
      0.6627181768417358
    ],
    [
      4.2910075187683105,
      2.566053628921509,
      1.4609429836273193,
      1.3136893510818481,
      2.4315297603607178,
      1.9835652112960815,
      2.729066848754883,
      3.719754219055176,
      3.8911163806915283,
      3.4246716499328613,
      3.2029638290405273,
      2.3940680027008057,
      1.8194308280944824,
      1.0474082231521606,
      1.3628308773040771,
      0.6835163831710815,
      1.0086253881454468,
      0.5970532298088074
    ],
    [
      2.510361433029175,
      1.563351035118103,
      1.2388980388641357,
      1.1504685878753662,
      1.8588566780090332,
      1.5415278673171997,
      2.0759899616241455,
      2.476275682449341,
      2.660285234451294,
      2.338501214981079,
      2.0944178104400635,
      1.575506567955017,
      1.0863838195800781,
      0.6590686440467834,
      0.6835163831710815,
      0.3982163667678833,
      0.47960400581359863,
      0.3105650544166565
    ],
    [
      4.7062554359436035,
      2.66125226020813,
      2.679800510406494,
      2.8118717670440674,
      3.6901886463165283,
      3.6665098667144775,
      4.530981063842773,
      6.835372447967529,
      6.966014385223389,
      5.642346382141113,
      4.041668891906738,
      2.7988853454589844,
      1.4986690282821655,
      0.8306431770324707,
      1.0086253881454468,
      0.47960400581359863,
      1.4764962196350098,
      0.8354835510253906
    ],
    [
      3.24587345123291,
      1.9468994140625,
      2.3523712158203125,
      2.461181879043579,
      3.1980247497558594,
      3.103485107421875,
      3.850393772125244,
      5.075453281402588,
      5.286593914031982,
      4.362599849700928,
      3.161088705062866,
      2.224679708480835,
      1.1073929071426392,
      0.6627181768417358,
      0.5970532298088074,
      0.3105650544166565,
      0.8354835510253906,
      0.5435852408409119
    ]
  ],
  "damage": -13.772969245910645,
  "diff_bandwidth": 696.390380859375,
  "dissonance": 4.813555431332295,
  "drr": 10.691797256469727,
  "dynamics": 8.009913444519043,
  "format": 1245190,
  "frames": 9752512,
  "loudness": -28.334415435791016,
  "loudness_range": 28.420394897460938,
  "loudness_range_short": 29.100446701049805,
  "lowpass_true_peak_15khz": -0.682924747467041,
  "mastering3_acoustic_entropies": [
    {
      "acoustic_entropy": 5.664565086364746,
      "acoustic_entropy_mono": 5.164353847503662,
      "band_eliminated_acoustic_entropies": [
        {
          "acoustic_entropy": 5.67356014251709,
          "acoustic_entropy_side": 5.664535999298096,
          "hz": 129.47220167065723
        },
        {
          "acoustic_entropy": 5.652092456817627,
          "acoustic_entropy_side": 5.6687445640563965,
          "hz": 202.92927478742237
        },
        {
          "acoustic_entropy": 5.659153938293457,
          "acoustic_entropy_side": 5.661956310272217,
          "hz": 282.89161906338205
        },
        {
          "acoustic_entropy": 5.468231201171875,
          "acoustic_entropy_side": 5.622035980224609,
          "hz": 369.9353335868758
        },
        {
          "acoustic_entropy": 4.668497562408447,
          "acoustic_entropy_side": 5.708670616149902,
          "hz": 464.6875360973435
        },
        {
          "acoustic_entropy": 5.75031042098999,
          "acoustic_entropy_side": 5.674348831176758,
          "hz": 567.8308811364784
        },
        {
          "acoustic_entropy": 5.425290107727051,
          "acoustic_entropy_side": 5.518997669219971,
          "hz": 680.1084783214808
        },
        {
          "acoustic_entropy": 5.672633647918701,
          "acoustic_entropy_side": 5.776597023010254,
          "hz": 802.3292461747484
        },
        {
          "acoustic_entropy": 5.054993152618408,
          "acoustic_entropy_side": 5.560945987701416,
          "hz": 935.3737400823702
        },
        {
          "acoustic_entropy": 5.644102573394775,
          "acoustic_entropy_side": 5.621164321899414,
          "hz": 1080.2004963696966
        },
        {
          "acoustic_entropy": 5.821924686431885,
          "acoustic_entropy_side": 5.558523178100586,
          "hz": 1237.8529382007157
        },
        {
          "acoustic_entropy": 5.538974285125732,
          "acoustic_entropy_side": 5.591366291046143,
          "hz": 1409.4668930556702
        },
        {
          "acoustic_entropy": 5.4295125007629395,
          "acoustic_entropy_side": 5.618540287017822,
          "hz": 1596.2787759475705
        },
        {
          "acoustic_entropy": 5.558284282684326,
          "acoustic_entropy_side": 5.6517462730407715,
          "hz": 1799.6344973346393
        },
        {
          "acoustic_entropy": 5.464077472686768,
          "acoustic_entropy_side": 5.581997871398926,
          "hz": 2020.9991599069049
        },
        {
          "acoustic_entropy": 5.503457069396973,
          "acoustic_entropy_side": 5.662076950073242,
          "hz": 2261.9676141086993
        },
        {
          "acoustic_entropy": 5.62937593460083,
          "acoustic_entropy_side": 5.665194511413574,
          "hz": 2524.2759484456974
        },
        {
          "acoustic_entropy": 5.627772331237793,
          "acoustic_entropy_side": 5.663951396942139,
          "hz": 2809.813997359896
        },
        {
          "acoustic_entropy": 5.661870956420898,
          "acoustic_entropy_side": 5.664494514465332,
          "hz": 3120.6389567871424
        },
        {
          "acoustic_entropy": 5.662298202514648,
          "acoustic_entropy_side": 5.66439151763916,
          "hz": 3458.990205492291
        },
        {
          "acoustic_entropy": 5.663093566894531,
          "acoustic_entropy_side": 5.66444206237793,
          "hz": 3827.305438964164
        },
        {
          "acoustic_entropy": 5.664112567901611,
          "acoustic_entropy_side": 5.664539813995361,
          "hz": 4228.238232109126
        },
        {
          "acoustic_entropy": 5.664363384246826,
          "acoustic_entropy_side": 5.66455078125,
          "hz": 4664.6771572759235
        },
        {
          "acoustic_entropy": 5.664553642272949,
          "acoustic_entropy_side": 5.6645612716674805,
          "hz": 5139.766595350093
        },
        {
          "acoustic_entropy": 5.66455602645874,
          "acoustic_entropy_side": 5.664563179016113,
          "hz": 5656.929389854203
        },
        {
          "acoustic_entropy": 5.664567470550537,
          "acoustic_entropy_side": 5.664564609527588,
          "hz": 6219.891507268283
        },
        {
          "acoustic_entropy": 5.6645612716674805,
          "acoustic_entropy_side": 5.664564609527588,
          "hz": 6832.70888123896
        },
        {
          "acoustic_entropy": 5.664561748504639,
          "acoustic_entropy_side": 5.664564609527588,
          "hz": 7499.796634079867
        },
        {
          "acoustic_entropy": 5.664564609527588,
          "acoustic_entropy_side": 5.664565086364746,
          "hz": 8225.96088609342
        },
        {
          "acoustic_entropy": 5.664564609527588,
          "acoustic_entropy_side": 5.664565086364746,
          "hz": 9016.43338188839
        },
        {
          "acoustic_entropy": 5.664564609527588,
          "acoustic_entropy_side": 5.664565086364746,
          "hz": 9876.909183162974
        },
        {
          "acoustic_entropy": 5.664564609527588,
          "acoustic_entropy_side": 5.664565086364746,
          "hz": 10813.587699516042
        },
        {
          "acoustic_entropy": 5.664564609527588,
          "acoustic_entropy_side": 5.664565086364746,
          "hz": 11833.21735289826
        },
        {
          "acoustic_entropy": 5.664564609527588,
          "acoustic_entropy_side": 5.664565086364746,
          "hz": 12943.144197493959
        },
        {
          "acoustic_entropy": 5.664564609527588,
          "acoustic_entropy_side": 5.664565086364746,
          "hz": 14151.364845322005
        },
        {
          "acoustic_entropy": 5.664564609527588,
          "acoustic_entropy_side": 5.664565086364746,
          "hz": 15466.58407886509
        },
        {
          "acoustic_entropy": 5.664564609527588,
          "acoustic_entropy_side": 5.664565086364746,
          "hz": 16898.27756580493
        },
        {
          "acoustic_entropy": 5.664564609527588,
          "acoustic_entropy_side": 5.664564609527588,
          "hz": 18456.760127700032
        },
        {
          "acoustic_entropy": 5.664564609527588,
          "acoustic_entropy_side": 5.664564609527588,
          "hz": 20153.260054456492
        },
        {
          "acoustic_entropy": 5.664564609527588,
          "acoustic_entropy_side": 5.664565086364746,
          "hz": 22000.00000000001
        }
      ],
      "diff_acoustic_entropy": 3.6328320503234863,
      "sn": 6
    },
    {
      "acoustic_entropy": 8.370314598083496,
      "acoustic_entropy_mono": 7.762378692626953,
      "band_eliminated_acoustic_entropies": [
        {
          "acoustic_entropy": 8.477031707763672,
          "acoustic_entropy_side": 8.37074089050293,
          "hz": 129.47220167065723
        },
        {
          "acoustic_entropy": 8.395747184753418,
          "acoustic_entropy_side": 8.45559310913086,
          "hz": 202.92927478742237
        },
        {
          "acoustic_entropy": 8.251338005065918,
          "acoustic_entropy_side": 8.464469909667969,
          "hz": 282.89161906338205
        },
        {
          "acoustic_entropy": 8.2453031539917,
          "acoustic_entropy_side": 8.31970500946045,
          "hz": 369.9353335868758
        },
        {
          "acoustic_entropy": 7.747502326965332,
          "acoustic_entropy_side": 8.53581428527832,
          "hz": 464.6875360973435
        },
        {
          "acoustic_entropy": 8.923882484436035,
          "acoustic_entropy_side": 8.58297348022461,
          "hz": 567.8308811364784
        },
        {
          "acoustic_entropy": 8.431000709533691,
          "acoustic_entropy_side": 8.876821517944336,
          "hz": 680.1084783214808
        },
        {
          "acoustic_entropy": 8.666488647460938,
          "acoustic_entropy_side": 8.317739486694336,
          "hz": 802.3292461747484
        },
        {
          "acoustic_entropy": 8.424580574035645,
          "acoustic_entropy_side": 8.46074390411377,
          "hz": 935.3737400823702
        },
        {
          "acoustic_entropy": 8.930392265319824,
          "acoustic_entropy_side": 8.448324203491211,
          "hz": 1080.2004963696966
        },
        {
          "acoustic_entropy": 8.890298843383789,
          "acoustic_entropy_side": 8.40615463256836,
          "hz": 1237.8529382007157
        },
        {
          "acoustic_entropy": 8.102514266967773,
          "acoustic_entropy_side": 8.342957496643066,
          "hz": 1409.4668930556702
        },
        {
          "acoustic_entropy": 8.327519416809082,
          "acoustic_entropy_side": 8.39651870727539,
          "hz": 1596.2787759475705
        },
        {
          "acoustic_entropy": 8.622363090515137,
          "acoustic_entropy_side": 8.455181121826172,
          "hz": 1799.6344973346393
        },
        {
          "acoustic_entropy": 8.084535598754883,
          "acoustic_entropy_side": 8.176472663879395,
          "hz": 2020.9991599069049
        },
        {
          "acoustic_entropy": 8.367171287536621,
          "acoustic_entropy_side": 8.338823318481445,
          "hz": 2261.9676141086993
        },
        {
          "acoustic_entropy": 8.438145637512207,
          "acoustic_entropy_side": 8.36485767364502,
          "hz": 2524.2759484456974
        },
        {
          "acoustic_entropy": 8.225032806396484,
          "acoustic_entropy_side": 8.327950477600098,
          "hz": 2809.813997359896
        },
        {
          "acoustic_entropy": 8.374469757080078,
          "acoustic_entropy_side": 8.368000984191895,
          "hz": 3120.6389567871424
        },
        {
          "acoustic_entropy": 8.351987838745117,
          "acoustic_entropy_side": 8.369001388549805,
          "hz": 3458.990205492291
        },
        {
          "acoustic_entropy": 8.353449821472168,
          "acoustic_entropy_side": 8.37064266204834,
          "hz": 3827.305438964164
        },
        {
          "acoustic_entropy": 8.367627143859863,
          "acoustic_entropy_side": 8.370366096496582,
          "hz": 4228.238232109126
        },
        {
          "acoustic_entropy": 8.370428085327148,
          "acoustic_entropy_side": 8.37040901184082,
          "hz": 4664.6771572759235
        },
        {
          "acoustic_entropy": 8.369796752929688,
          "acoustic_entropy_side": 8.370294570922852,
          "hz": 5139.766595350093
        },
        {
          "acoustic_entropy": 8.37012004852295,
          "acoustic_entropy_side": 8.370304107666016,
          "hz": 5656.929389854203
        },
        {
          "acoustic_entropy": 8.37028694152832,
          "acoustic_entropy_side": 8.37031078338623,
          "hz": 6219.891507268283
        },
        {
          "acoustic_entropy": 8.37025260925293,
          "acoustic_entropy_side": 8.370311737060547,
          "hz": 6832.70888123896
        },
        {
          "acoustic_entropy": 8.370208740234375,
          "acoustic_entropy_side": 8.370312690734863,
          "hz": 7499.796634079867
        },
        {
          "acoustic_entropy": 8.370299339294434,
          "acoustic_entropy_side": 8.370314598083496,
          "hz": 8225.96088609342
        },
        {
          "acoustic_entropy": 8.370316505432129,
          "acoustic_entropy_side": 8.370314598083496,
          "hz": 9016.43338188839
        },
        {
          "acoustic_entropy": 8.370316505432129,
          "acoustic_entropy_side": 8.370314598083496,
          "hz": 9876.909183162974
        },
        {
          "acoustic_entropy": 8.370316505432129,
          "acoustic_entropy_side": 8.370314598083496,
          "hz": 10813.587699516042
        },
        {
          "acoustic_entropy": 8.370316505432129,
          "acoustic_entropy_side": 8.370314598083496,
          "hz": 11833.21735289826
        },
        {
          "acoustic_entropy": 8.370315551757812,
          "acoustic_entropy_side": 8.370314598083496,
          "hz": 12943.144197493959
        },
        {
          "acoustic_entropy": 8.370315551757812,
          "acoustic_entropy_side": 8.370314598083496,
          "hz": 14151.364845322005
        },
        {
          "acoustic_entropy": 8.370315551757812,
          "acoustic_entropy_side": 8.370314598083496,
          "hz": 15466.58407886509
        },
        {
          "acoustic_entropy": 8.370316505432129,
          "acoustic_entropy_side": 8.370314598083496,
          "hz": 16898.27756580493
        },
        {
          "acoustic_entropy": 8.370314598083496,
          "acoustic_entropy_side": 8.370314598083496,
          "hz": 18456.760127700032
        },
        {
          "acoustic_entropy": 8.370315551757812,
          "acoustic_entropy_side": 8.370314598083496,
          "hz": 20153.260054456492
        },
        {
          "acoustic_entropy": 8.37031364440918,
          "acoustic_entropy_side": 8.370314598083496,
          "hz": 22000.00000000001
        }
      ],
      "diff_acoustic_entropy": 5.59861946105957,
      "sn": 12
    },
    {
      "acoustic_entropy": 12.949237823486328,
      "acoustic_entropy_mono": 12.057977676391602,
      "band_eliminated_acoustic_entropies": [
        {
          "acoustic_entropy": 13.061554908752441,
          "acoustic_entropy_side": 12.95083236694336,
          "hz": 129.47220167065723
        },
        {
          "acoustic_entropy": 13.675905227661133,
          "acoustic_entropy_side": 12.947668075561523,
          "hz": 202.92927478742237
        },
        {
          "acoustic_entropy": 12.802389144897461,
          "acoustic_entropy_side": 13.251463890075684,
          "hz": 282.89161906338205
        },
        {
          "acoustic_entropy": 12.64863109588623,
          "acoustic_entropy_side": 12.582954406738281,
          "hz": 369.9353335868758
        },
        {
          "acoustic_entropy": 13.315120697021484,
          "acoustic_entropy_side": 12.892721176147461,
          "hz": 464.6875360973435
        },
        {
          "acoustic_entropy": 12.853469848632812,
          "acoustic_entropy_side": 12.35554313659668,
          "hz": 567.8308811364784
        },
        {
          "acoustic_entropy": 13.441914558410645,
          "acoustic_entropy_side": 12.77595329284668,
          "hz": 680.1084783214808
        },
        {
          "acoustic_entropy": 14.169754981994629,
          "acoustic_entropy_side": 13.838510513305664,
          "hz": 802.3292461747484
        },
        {
          "acoustic_entropy": 13.12492847442627,
          "acoustic_entropy_side": 12.971092224121094,
          "hz": 935.3737400823702
        },
        {
          "acoustic_entropy": 13.673537254333496,
          "acoustic_entropy_side": 13.10442066192627,
          "hz": 1080.2004963696966
        },
        {
          "acoustic_entropy": 13.66259479522705,
          "acoustic_entropy_side": 13.188077926635742,
          "hz": 1237.8529382007157
        },
        {
          "acoustic_entropy": 13.668010711669922,
          "acoustic_entropy_side": 13.178394317626953,
          "hz": 1409.4668930556702
        },
        {
          "acoustic_entropy": 13.673190116882324,
          "acoustic_entropy_side": 12.964405059814453,
          "hz": 1596.2787759475705
        },
        {
          "acoustic_entropy": 13.263282775878906,
          "acoustic_entropy_side": 12.864792823791504,
          "hz": 1799.6344973346393
        },
        {
          "acoustic_entropy": 13.051694869995117,
          "acoustic_entropy_side": 12.576044082641602,
          "hz": 2020.9991599069049
        },
        {
          "acoustic_entropy": 13.424871444702148,
          "acoustic_entropy_side": 13.2063570022583,
          "hz": 2261.9676141086993
        },
        {
          "acoustic_entropy": 12.6967191696167,
          "acoustic_entropy_side": 12.82616901397705,
          "hz": 2524.2759484456974
        },
        {
          "acoustic_entropy": 13.340043067932129,
          "acoustic_entropy_side": 12.976727485656738,
          "hz": 2809.813997359896
        },
        {
          "acoustic_entropy": 12.571333885192871,
          "acoustic_entropy_side": 12.817790985107422,
          "hz": 3120.6389567871424
        },
        {
          "acoustic_entropy": 12.876612663269043,
