{
  "acoustic_entropy": 162.69927978515625,
  "bands": [
    {
      "high_freq": 148.1999969482422,
      "loudness": -53.433685302734375,
      "loudness_range": 15.632808685302734,
      "mid_mean": -51.757225036621094,
      "mid_to_side_loudness": -2.473346710205078,
      "mid_to_side_loudness_range": 7.394042015075684,
      "side_mean": -54.173770904541016
    },
    {
      "high_freq": 392.3793640136719,
      "loudness": -46.00293731689453,
      "loudness_range": 23.35596466064453,
      "low_freq": 148.1999969482422,
      "mid_mean": -44.71163558959961,
      "mid_to_side_loudness": -2.1428136825561523,
      "mid_to_side_loudness_range": 8.419158935546875,
      "side_mean": -47.35886001586914
    },
    {
      "high_freq": 794.6976318359375,
      "loudness": -45.842185974121094,
      "loudness_range": 20.444446563720703,
      "low_freq": 392.3793640136719,
      "mid_mean": -44.93215560913086,
      "mid_to_side_loudness": -1.944339632987976,
      "mid_to_side_loudness_range": 8.263097763061523,
      "side_mean": -46.99049758911133
    },
    {
      "high_freq": 1457.5709228515625,
      "loudness": -47.95127868652344,
      "loudness_range": 28.114116668701172,
      "low_freq": 794.6976318359375,
      "mid_mean": -47.26216125488281,
      "mid_to_side_loudness": -2.361283540725708,
      "mid_to_side_loudness_range": 8.024949073791504,
      "side_mean": -50.655635833740234
    },
    {
      "high_freq": 2549.74365234375,
      "loudness": -52.3248291015625,
      "loudness_range": 26.235801696777344,
      "low_freq": 1457.5709228515625,
      "mid_mean": -52.41337966918945,
      "mid_to_side_loudness": -2.0322446823120117,
      "mid_to_side_loudness_range": 6.810145854949951,
      "side_mean": -54.21688461303711
    },
    {
      "high_freq": 4349.24462890625,
      "loudness": -60.328189849853516,
      "loudness_range": 27.43207550048828,
      "low_freq": 2549.74365234375,
      "mid_mean": -59.073875427246094,
      "mid_to_side_loudness": -1.0717146396636963,
      "mid_to_side_loudness_range": 5.095056533813477,
      "side_mean": -59.76130676269531
    },
    {
      "high_freq": 7314.1640625,
      "loudness": -69.24598693847656,
      "loudness_range": 26.0928955078125,
      "low_freq": 4349.24462890625,
      "mid_mean": -65.05413818359375,
      "mid_to_side_loudness": -1.4980406761169434,
      "mid_to_side_loudness_range": 3.388658285140991,
      "side_mean": -65.61308288574219
    },
    {
      "high_freq": 12199.2666015625,
      "loudness": -75.83987426757812,
      "loudness_range": 21.922443389892578,
      "low_freq": 7314.1640625,
      "mid_mean": -68.17266082763672,
      "mid_to_side_loudness": -1.6085221767425537,
      "mid_to_side_loudness_range": 2.4326388835906982,
      "side_mean": -68.51244354248047
    },
    {
      "loudness": -79.04747009277344,
      "loudness_range": 18.25904083251953,
      "low_freq": 12199.2666015625,
      "mid_mean": -69.51698303222656,
      "mid_to_side_loudness": -1.378923773765564,
      "mid_to_side_loudness_range": 2.2961578369140625,
      "side_mean": -69.59761047363281
    }
  ],
  "bands_short": [
    {
      "high_freq": 148.1999969482422,
      "loudness": -55.4510383605957,
      "loudness_range": 11.895267486572266,
      "mid_mean": -54.51323699951172,
      "mid_to_side_loudness": -0.9761928915977478,
      "mid_to_side_loudness_range": 11.667837142944336,
      "side_mean": -55.426822662353516
    },
    {
      "high_freq": 392.3793640136719,
      "loudness": -45.82170867919922,
      "loudness_range": 22.224166870117188,
      "low_freq": 148.1999969482422,
      "mid_mean": -44.458797454833984,
      "mid_to_side_loudness": -2.7487003803253174,
      "mid_to_side_loudness_range": 11.574750900268555,
      "side_mean": -47.72936248779297
    },
    {
      "high_freq": 794.6976318359375,
      "loudness": -45.50694274902344,
      "loudness_range": 21.158599853515625,
      "low_freq": 392.3793640136719,
      "mid_mean": -44.851951599121094,
      "mid_to_side_loudness": -2.017148971557617,
      "mid_to_side_loudness_range": 10.22942066192627,
      "side_mean": -47.05804443359375
    },
    {
      "high_freq": 1457.5709228515625,
      "loudness": -47.83645248413086,
      "loudness_range": 27.620864868164062,
      "low_freq": 794.6976318359375,
      "mid_mean": -47.665828704833984,
      "mid_to_side_loudness": -2.2996985912323,
      "mid_to_side_loudness_range": 10.221332550048828,
      "side_mean": -51.016178131103516
    },
    {
      "high_freq": 2549.74365234375,
      "loudness": -52.61555480957031,
      "loudness_range": 26.784915924072266,
      "low_freq": 1457.5709228515625,
      "mid_mean": -53.11958694458008,
      "mid_to_side_loudness": -1.9382340908050537,
      "mid_to_side_loudness_range": 8.89228343963623,
      "side_mean": -54.80547332763672
    },
    {
      "high_freq": 4349.24462890625,
      "loudness": -59.5449333190918,
      "loudness_range": 27.804153442382812,
      "low_freq": 2549.74365234375,
      "mid_mean": -58.92618179321289,
      "mid_to_side_loudness": -1.3606629371643066,
      "mid_to_side_loudness_range": 7.433684349060059,
      "side_mean": -59.887489318847656
    },
    {
      "high_freq": 7314.1640625,
      "loudness": -69.15890502929688,
      "loudness_range": 26.1630859375,
      "low_freq": 4349.24462890625,
      "mid_mean": -65.23002624511719,
      "mid_to_side_loudness": -1.4433271884918213,
      "mid_to_side_loudness_range": 5.195013046264648,
      "side_mean": -65.75550842285156
    },
    {
      "high_freq": 12199.2666015625,
      "loudness": -75.66730499267578,
      "loudness_range": 21.817340850830078,
      "low_freq": 7314.1640625,
      "mid_mean": -68.21392822265625,
      "mid_to_side_loudness": -1.5692460536956787,
      "mid_to_side_loudness_range": 3.62563419342041,
      "side_mean": -68.53958892822266
    },
    {
      "loudness": -78.9201889038086,
      "loudness_range": 17.449790954589844,
      "low_freq": 12199.2666015625,
      "mid_mean": -69.5411148071289,
      "mid_to_side_loudness": -1.3735957145690918,
      "mid_to_side_loudness_range": 3.2972073554992676,
      "side_mean": -69.61337280273438
    }
  ],
  "bandwidth": 636.926025390625,
  "channels": 2,
  "covariance": [
    [
      31.230979919433594,
      24.528993606567383,
      0.0916634351015091,
      -0.5279605984687805,
      -8.737698554992676,
      -4.701762676239014,
      -16.600719451904297,
      -5.709399223327637,
      -2.58493971824646,
      0.40786534547805786,
      2.7172844409942627,
      2.61625337600708,
      -2.5869486331939697,
      -2.098116397857666,
      -2.5903708934783936,
      -2.386791229248047,
      -0.25187671184539795,
      -0.27762874960899353
    ],
    [
      24.528993606567383,
      24.024919509887695,
      -1.9215158224105835,
      -1.2031136751174927,
      -6.655702114105225,
      -4.024847984313965,
      -11.914634704589844,
      -3.188812255859375,
      -3.4906506538391113,
      -0.813967764377594,
      2.5851595401763916,
      2.8314974308013916,
      -0.9731472134590149,
      -0.6070744395256042,
      -1.9476922750473022,
      -1.868366003036499,
      -0.5445159077644348,
      -0.47665655612945557
    ],
    [
      0.0916634351015091,
      -1.9215158224105835,
      66.69541931152344,
      57.83980178833008,
      41.63124084472656,
      45.20092010498047,
      54.288578033447266,
      60.90721130371094,
      53.72873306274414,
      48.46034240722656,
      44.92604446411133,
      41.93053436279297,
      30.18470573425293,
      27.306180953979492,
      15.789798736572266,
      13.478863716125488,
      4.821711540222168,
      4.070438385009766
    ],
    [
      -0.5279605984687805,
      -1.2031136751174927,
      57.83980178833008,
      65.12495422363281,
      39.317508697509766,
      41.9420051574707,
      51.771610260009766,
      63.68052673339844,
      55.37192153930664,
      50.60523223876953,
      45.90917205810547,
      43.80998611450195,
      30.971433639526367,
      27.979324340820312,
      16.12923240661621,
      13.835494041442871,
      4.839183807373047,
      4.119531631469727
    ],
    [
      -8.737698554992676,
      -6.655702114105225,
      41.63124084472656,
      39.317508697509766,
      64.50895690917969,
      57.788917541503906,
      66.53157806396484,
      64.61485290527344,
      57.48189163208008,
      50.748329162597656,
      41.72834014892578,
      38.94131088256836,
      25.241796493530273,
      23.01500129699707,
      11.692384719848633,
      9.906052589416504,
      3.9008309841156006,
      3.2712032794952393
    ],
    [
      -4.701762676239014,
      -4.024847984313965,
      45.20092010498047,
      41.9420051574707,
      57.788917541503906,
      60.9141731262207,
      62.94235610961914,
      63.03705596923828,
      53.480018615722656,
      48.05385971069336,
      41.61383056640625,
      38.98704528808594,
      25.355587005615234,
      23.05181312561035,
      12.202914237976074,
      10.377789497375488,
      4.453523635864258,
      3.711092233657837
    ],
    [
      -16.600719451904297,
      -11.914634704589844,
      54.288578033447266,
      51.771610260009766,
      66.53157806396484,
      62.94235610961914,
      96.7097396850586,
      87.7707748413086,
      78.67890167236328,
      70.15399169921875,
      61.93546676635742,
      59.623931884765625,
      42.981998443603516,
      39.31378936767578,
      20.81830596923828,
      17.682605743408203,
      5.552397727966309,
      4.777675151824951
    ],
    [
      -5.709399223327637,
      -3.188812255859375,
      60.90721130371094,
      63.68052673339844,
      64.61485290527344,
      63.03705596923828,
      87.7707748413086,
      101.80232238769531,
      89.74018859863281,
      81.7218017578125,
      70.49866485595703,
      68.63762664794922,
      45.778560638427734,
      41.94017791748047,
      21.084569931030273,
      17.897926330566406,
      5.210691928863525,
      4.535550594329834
    ],
    [
      -2.58493971824646,
      -3.4906506538391113,
      53.72873306274414,
      55.37192153930664,
      57.48189163208008,
      53.480018615722656,
      78.67890167236328,
      89.74018859863281,
      94.84855651855469,
      85.52090454101562,
      72.06053161621094,
      69.29090881347656,
      43.59101104736328,
      40.02852249145508,
      19.176719665527344,
      16.227886199951172,
      4.379456520080566,
      3.8181779384613037
    ],
    [
      0.40786534547805786,
      -0.813967764377594,
      48.46034240722656,
      50.60523223876953,
      50.748329162597656,
      48.05385971069336,
      70.15399169921875,
      81.7218017578125,
      85.52090454101562,
      81.2375259399414,
      69.05543518066406,
      67.5572280883789,
      42.12694549560547,
      38.88821792602539,
      18.182315826416016,
      15.443035125732422,
      3.908468246459961,
      3.464254379272461
    ],
    [
      2.7172844409942627,
      2.5851595401763916,
      44.92604446411133,
      45.90917205810547,
      41.72834014892578,
      41.61383056640625,
      61.93546676635742,
      70.49866485595703,
      72.06053161621094,
      69.05543518066406,
      73.4552993774414,
      71.47567749023438,
      46.20028305053711,
      43.11210632324219,
      20.011093139648438,
      16.95639991760254,
      4.772645950317383,
      4.213456153869629
    ],
    [
      2.61625337600708,
      2.8314974308013916,
      41.93053436279297,
      43.80998611450195,
      38.94131088256836,
      38.98704528808594,
      59.623931884765625,
      68.63762664794922,
      69.29090881347656,
      67.5572280883789,
      71.47567749023438,
      72.6292495727539,
      46.12870407104492,
      43.06434631347656,
      19.74570655822754,
      16.759897232055664,
      4.563291072845459,
      4.035165786743164
    ],
    [
      -2.5869486331939697,
      -0.9731472134590149,
      30.18470573425293,
      30.971433639526367,
      25.241796493530273,
      25.355587005615234,
      42.981998443603516,
      45.778560638427734,
      43.59101104736328,
      42.12694549560547,
      46.20028305053711,
      46.12870407104492,
      35.08975601196289,
      32.63103103637695,
      16.35687255859375,
      14.107349395751953,
      4.07661771774292,
      3.626732587814331
    ],
    [
      -2.098116397857666,
      -0.6070744395256042,
      27.306180953979492,
      27.979324340820312,
      23.01500129699707,
      23.05181312561035,
      39.31378936767578,
      41.94017791748047,
      40.02852249145508,
      38.88821792602539,
      43.11210632324219,
      43.06434631347656,
      32.63103103637695,
      30.669485092163086,
      15.189743041992188,
      13.109566688537598,
      3.733245849609375,
      3.3454930782318115
    ],
    [
      -2.5903708934783936,
      -1.9476922750473022,
      15.789798736572266,
      16.12923240661621,
      11.692384719848633,
      12.202914237976074,
      20.81830596923828,
      21.084569931030273,
      19.176719665527344,
      18.182315826416016,
      20.011093139648438,
      19.74570655822754,
      16.35687255859375,
      15.189743041992188,
      8.664395332336426,
      7.552111625671387,
      2.4141602516174316,
      2.1289591789245605
    ],
    [
      -2.386791229248047,
      -1.868366003036499,
      13.478863716125488,
      13.835494041442871,
      9.906052589416504,
      10.377789497375488,
      17.682605743408203,
      17.897926330566406,
      16.227886199951172,
      15.443035125732422,
      16.95639991760254,
      16.759897232055664,
      14.107349395751953,
      13.109566688537598,
      7.552111625671387,
      6.666528701782227,
      2.092782974243164,
      1.8547266721725464
    ],
    [
      -0.25187671184539795,
      -0.5445159077644348,
      4.821711540222168,
      4.839183807373047,
      3.9008309841156006,
      4.453523635864258,
      5.552397727966309,
      5.210691928863525,
      4.379456520080566,
      3.908468246459961,
      4.772645950317383,
      4.563291072845459,
      4.07661771774292,
      3.733245849609375,
      2.4141602516174316,
      2.092782974243164,
      1.467512845993042,
      1.2214611768722534
    ],
    [
      -0.27762874960899353,
      -0.47665655612945557,
      4.070438385009766,
      4.119531631469727,
      3.2712032794952393,
      3.711092233657837,
      4.777675151824951,
      4.535550594329834,
      3.8181779384613037,
      3.464254379272461,
      4.213456153869629,
      4.035165786743164,
      3.626732587814331,
      3.3454930782318115,
      2.1289591789245605,
      1.8547266721725464,
      1.2214611768722534,
      1.0264219045639038
    ]
  ],
  "covariance_short": [
    [
      20.334239959716797,
      13.902392387390137,
      2.849752902984619,
      4.139913082122803,
      -6.526219367980957,
      -3.8813865184783936,
      -10.146381378173828,
      -5.009496688842773,
      -7.136020183563232,
      -5.534427165985107,
      -1.642187237739563,
      -1.0580178499221802,
      -0.747957170009613,
      -0.6157544255256653,
      -0.8869123458862305,
      -0.9948216080665588,
      0.2916012704372406,
      0.1999090015888214
    ],
    [
      13.902392387390137,
      21.794761657714844,
      3.2253520488739014,
      1.2943323850631714,
      -4.337706089019775,
      -1.9700391292572021,
      -8.212586402893066,
      -2.020498275756836,
      -1.5337854623794556,
      -0.02514030784368515,
      2.0076065063476562,
      2.2476646900177,
      -0.8391935229301453,
      -0.5884386897087097,
      -1.4275591373443604,
      -1.328437089920044,
      -0.4487687945365906,
      -0.3904465138912201
    ],
    [
      2.849752902984619,
      3.2253520488739014,
      62.21229553222656,
      49.314537048339844,
      36.681148529052734,
      41.12887191772461,
      47.41437911987305,
      57.59101867675781,
      53.70044708251953,
      47.85283660888672,
      44.23529052734375,
      41.57103729248047,
      28.196781158447266,
      25.565204620361328,
      14.518540382385254,
      12.403278350830078,
      4.229667663574219,
      3.600985288619995
    ],
    [
      4.139913082122803,
      1.2943323850631714,
      49.314537048339844,
      60.709983825683594,
      33.95957565307617,
      39.366859436035156,
      47.77081298828125,
      60.91239929199219,
      52.9739875793457,
      47.8513069152832,
      43.966548919677734,
      42.749786376953125,
      30.142087936401367,
      27.2413272857666,
      15.319963455200195,
      13.104059219360352,
      4.352041244506836,
      3.747767448425293
    ],
    [
      -6.526219367980957,
      -4.337706089019775,
      36.681148529052734,
      33.95957565307617,
      69.61505126953125,
      59.88264846801758,
      69.43540954589844,
      66.91602325439453,
      61.4333610534668,
      53.76552200317383,
      41.21760940551758,
      40.17408752441406,
      25.632038116455078,
      23.37343406677246,
      11.99817943572998,
      10.214118957519531,
      3.777752161026001,
      3.203275203704834
    ],
    [
      -3.8813865184783936,
      -1.9700391292572021,
      41.12887191772461,
      39.366859436035156,
      59.88264846801758,
      69.26435852050781,
      65.64271545410156,
      67.39906311035156,
      59.02417755126953,
      52.63257598876953,
      42.13826370239258,
      41.03501892089844,
      26.4700870513916,
      24.176231384277344,
      12.839502334594727,
      10.944425582885742,
      4.34780216217041,
      3.678009510040283
    ],
    [
      -10.146381378173828,
      -8.212586402893066,
      47.41437911987305,
      47.77081298828125,
      69.43540954589844,
      65.64271545410156,
      104.70722198486328,
      91.76542663574219,
      84.44621276855469,
      74.30935668945312,
      62.16150665283203,
      60.68689727783203,
      42.73445129394531,
      39.13843536376953,
      20.685213088989258,
      17.55375099182129,
      5.406144618988037,
      4.683312892913818
    ],
    [
      -5.009496688842773,
      -2.020498275756836,
      57.59101867675781,
      60.91239929199219,
      66.91602325439453,
      67.39906311035156,
      91.76542663574219,
      106.63340759277344,
      93.22695922851562,
      84.031494140625,
      69.8187026977539,
      68.3978042602539,
      44.94154357910156,
      41.176212310791016,
      20.67633819580078,
      17.594676971435547,
      5.161753177642822,
      4.515573024749756
    ],
    [
      -7.136020183563232,
      -1.5337854623794556,
      53.70044708251953,
      52.9739875793457,
      61.4333610534668,
      59.02417755126953,
      84.44621276855469,
      93.22695922851562,
      99.96904754638672,
      88.17584228515625,
      74.9262924194336,
      71.45039367675781,
      43.888240814208984,
      40.29589080810547,
      19.34551239013672,
      16.41309928894043,
      4.434738636016846,
      3.8817174434661865
    ],
    [
      -5.534427165985107,
      -0.02514030784368515,
      47.85283660888672,
      47.8513069152832,
      53.76552200317383,
      52.63257598876953,
      74.30935668945312,
      84.031494140625,
      88.17584228515625,
      84.73932647705078,
      70.81254577636719,
      68.78067016601562,
      41.5323371887207,
      38.41010665893555,
      18.155826568603516,
      15.473677635192871,
      4.010053634643555,
      3.5654451847076416
    ],
    [
      -1.642187237739563,
      2.0076065063476562,
      44.23529052734375,
      43.966548919677734,
      41.21760940551758,
      42.13826370239258,
      62.16150665283203,
      69.8187026977539,
      74.9262924194336,
      70.81254577636719,
      76.28813934326172,
      71.5024642944336,
      44.845829010009766,
      41.79936981201172,
      19.83755874633789,
      16.87070655822754,
      4.622869491577148,
      4.1099162101745605
    ],
    [
      -1.0580178499221802,
      2.2476646900177,
      41.57103729248047,
      42.749786376953125,
      40.17408752441406,
      41.03501892089844,
      60.68689727783203,
      68.3978042602539,
      71.45039367675781,
      68.78067016601562,
      71.5024642944336,
      73.33999633789062,
      45.01832962036133,
      42.1063232421875,
      19.78313636779785,
      16.88091468811035,
      4.534579277038574,
      4.0530595779418945
    ],
    [
      -0.747957170009613,
      -0.8391935229301453,
      28.196781158447266,
      30.142087936401367,
      25.632038116455078,
      26.4700870513916,
      42.73445129394531,
      44.94154357910156,
      43.888240814208984,
      41.5323371887207,
      44.845829010009766,
      45.01832962036133,
      34.75572204589844,
      31.91813087463379,
      16.162921905517578,
      13.975371360778809,
      4.002824306488037,
      3.595163106918335
    ],
    [
      -0.6157544255256653,
      -0.5884386897087097,
      25.565204620361328,
      27.2413272857666,
      23.37343406677246,
      24.176231384277344,
      39.13843536376953,
      41.176212310791016,
      40.29589080810547,
      38.41010665893555,
      41.79936981201172,
      42.1063232421875,
      31.91813087463379,
      30.473325729370117,
      14.996465682983398,
      12.977486610412598,
      3.6981112957000732,
      3.3373186588287354
    ],
    [
      -0.8869123458862305,
      -1.4275591373443604,
      14.518540382385254,
      15.319963455200195,
      11.99817943572998,
      12.839502334594727,
      20.685213088989258,
      20.67633819580078,
      19.34551239013672,
      18.155826568603516,
      19.83755874633789,
      19.78313636779785,
      16.162921905517578,
      14.996465682983398,
      8.752120018005371,
      7.567573547363281,
      2.391810655593872,
      2.1274425983428955
    ],
    [
      -0.9948216080665588,
      -1.328437089920044,
      12.403278350830078,
      13.104059219360352,
      10.214118957519531,
      10.944425582885742,
      17.55375099182129,
      17.594676971435547,
      16.41309928894043,
      15.473677635192871,
      16.87070655822754,
      16.88091468811035,
      13.975371360778809,
      12.977486610412598,
      7.567573547363281,
      6.757058620452881,
      2.07188081741333,
      1.852577567100525
    ],
    [
      0.2916012704372406,
      -0.4487687945365906,
      4.229667663574219,
      4.352041244506836,
      3.777752161026001,
      4.34780216217041,
      5.406144618988037,
      5.161753177642822,
      4.434738636016846,
      4.010053634643555,
      4.622869491577148,
      4.534579277038574,
      4.002824306488037,
      3.6981112957000732,
      2.391810655593872,
      2.07188081741333,
      1.4112420082092285,
      1.1969233751296997
    ],
    [
      0.1999090015888214,
      -0.3904465138912201,
      3.600985288619995,
      3.747767448425293,
      3.203275203704834,
      3.678009510040283,
      4.683312892913818,
      4.515573024749756,
      3.8817174434661865,
      3.5654451847076416,
      4.1099162101745605,
      4.0530595779418945,
      3.595163106918335,
      3.3373186588287354,
      2.1274425983428955,
      1.852577567100525,
      1.1969233751296997,
      1.0309544801712036
    ]
  ],
  "damage": -24.724092483520508,
  "diff_bandwidth": 675.8871459960938,
  "dissonance": 4.322715158494628,
  "drr": -1.0135021209716797,
  "dynamics": 5.830318450927734,
  "format": 1245190,
  "frames": 1844160,
  "loudness": -35.4373664855957,
  "loudness_range": 22.54872703552246,
  "loudness_range_short": 23.967622756958008,
  "lowpass_true_peak_15khz": -13.734929084777832,
  "mastering3_acoustic_entropies": [
    {
      "acoustic_entropy": 6.021432399749756,
      "acoustic_entropy_mono": 5.367647171020508,
      "band_eliminated_acoustic_entropies": [
        {
          "acoustic_entropy": 6.0180768966674805,
          "acoustic_entropy_side": 6.020025253295898,
          "hz": 129.47220167065723
        },
        {
          "acoustic_entropy": 5.972217082977295,
          "acoustic_entropy_side": 6.0348896980285645,
          "hz": 202.92927478742237
        },
        {
          "acoustic_entropy": 5.650205612182617,
          "acoustic_entropy_side": 6.025811672210693,
          "hz": 282.89161906338205
        },
        {
          "acoustic_entropy": 5.798003196716309,
          "acoustic_entropy_side": 5.69743013381958,
          "hz": 369.9353335868758
        },
        {
          "acoustic_entropy": 5.776312351226807,
          "acoustic_entropy_side": 5.601827621459961,
          "hz": 464.6875360973435
        },
        {
          "acoustic_entropy": 5.382589340209961,
          "acoustic_entropy_side": 6.0987229347229,
          "hz": 567.8308811364784
        },
        {
          "acoustic_entropy": 5.301652908325195,
          "acoustic_entropy_side": 5.647675514221191,
          "hz": 680.1084783214808
        },
        {
          "acoustic_entropy": 5.87379789352417,
          "acoustic_entropy_side": 5.941129684448242,
          "hz": 802.3292461747484
        },
        {
          "acoustic_entropy": 5.829132080078125,
          "acoustic_entropy_side": 5.954791069030762,
          "hz": 935.3737400823702
        },
        {
          "acoustic_entropy": 6.111160755157471,
          "acoustic_entropy_side": 5.975224018096924,
          "hz": 1080.2004963696966
        },
        {
          "acoustic_entropy": 5.788768768310547,
          "acoustic_entropy_side": 5.787556171417236,
          "hz": 1237.8529382007157
        },
        {
          "acoustic_entropy": 5.90744686126709,
          "acoustic_entropy_side": 5.841910362243652,
          "hz": 1409.4668930556702
        },
        {
          "acoustic_entropy": 5.109364032745361,
          "acoustic_entropy_side": 6.060621738433838,
          "hz": 1596.2787759475705
        },
        {
          "acoustic_entropy": 5.604786396026611,
          "acoustic_entropy_side": 5.827613830566406,
          "hz": 1799.6344973346393
        },
        {
          "acoustic_entropy": 5.558224201202393,
          "acoustic_entropy_side": 5.730795383453369,
          "hz": 2020.9991599069049
        },
        {
          "acoustic_entropy": 5.1859822273254395,
          "acoustic_entropy_side": 5.645663261413574,
          "hz": 2261.9676141086993
        },
        {
          "acoustic_entropy": 5.742544651031494,
          "acoustic_entropy_side": 5.923411846160889,
          "hz": 2524.2759484456974
        },
        {
          "acoustic_entropy": 6.100904941558838,
          "acoustic_entropy_side": 6.061354160308838,
          "hz": 2809.813997359896
        },
        {
          "acoustic_entropy": 5.891132831573486,
          "acoustic_entropy_side": 5.949761867523193,
          "hz": 3120.6389567871424
        },
        {
          "acoustic_entropy": 5.977504730224609,
          "acoustic_entropy_side": 5.986525535583496,
          "hz": 3458.990205492291
        },
        {
          "acoustic_entropy": 6.178904056549072,
          "acoustic_entropy_side": 6.112401962280273,
          "hz": 3827.305438964164
        },
        {
          "acoustic_entropy": 6.056577682495117,
          "acoustic_entropy_side": 6.052718639373779,
          "hz": 4228.238232109126
        },
        {
          "acoustic_entropy": 6.015816688537598,
          "acoustic_entropy_side": 6.015031337738037,
          "hz": 4664.6771572759235
        },
        {
          "acoustic_entropy": 6.049953460693359,
          "acoustic_entropy_side": 6.037082672119141,
          "hz": 5139.766595350093
        },
        {
          "acoustic_entropy": 6.028377056121826,
          "acoustic_entropy_side": 6.025082111358643,
          "hz": 5656.929389854203
        },
        {
          "acoustic_entropy": 6.02684211730957,
          "acoustic_entropy_side": 6.022810459136963,
          "hz": 6219.891507268283
        },
        {
          "acoustic_entropy": 6.0304036140441895,
          "acoustic_entropy_side": 6.024420738220215,
          "hz": 6832.70888123896
        },
        {
          "acoustic_entropy": 6.024508476257324,
          "acoustic_entropy_side": 6.023332118988037,
          "hz": 7499.796634079867
        },
        {
          "acoustic_entropy": 6.022636413574219,
          "acoustic_entropy_side": 6.022007465362549,
          "hz": 8225.96088609342
        },
        {
          "acoustic_entropy": 6.02195930480957,
          "acoustic_entropy_side": 6.0216569900512695,
          "hz": 9016.43338188839
        },
        {
          "acoustic_entropy": 6.021599292755127,
          "acoustic_entropy_side": 6.02151346206665,
          "hz": 9876.909183162974
        },
        {
          "acoustic_entropy": 6.021530628204346,
          "acoustic_entropy_side": 6.021467685699463,
          "hz": 10813.587699516042
        },
        {
          "acoustic_entropy": 6.021477222442627,
          "acoustic_entropy_side": 6.021449089050293,
          "hz": 11833.21735289826
        },
        {
          "acoustic_entropy": 6.021468639373779,
          "acoustic_entropy_side": 6.021446228027344,
          "hz": 12943.144197493959
        },
        {
          "acoustic_entropy": 6.021458148956299,
          "acoustic_entropy_side": 6.021444797515869,
          "hz": 14151.364845322005
        },
        {
          "acoustic_entropy": 6.021437168121338,
          "acoustic_entropy_side": 6.021434307098389,
          "hz": 15466.58407886509
        },
        {
          "acoustic_entropy": 6.021425247192383,
          "acoustic_entropy_side": 6.021432876586914,
          "hz": 16898.27756580493
        },
        {
          "acoustic_entropy": 6.021368026733398,
          "acoustic_entropy_side": 6.021417617797852,
          "hz": 18456.760127700032
        },
        {
          "acoustic_entropy": 6.021353721618652,
          "acoustic_entropy_side": 6.021410942077637,
          "hz": 20153.260054456492
        },
        {
          "acoustic_entropy": 6.02136754989624,
          "acoustic_entropy_side": 6.021413803100586,
          "hz": 22000.00000000001
        }
      ],
      "diff_acoustic_entropy": 2.0269603729248047,
      "sn": 6
    },
    {
      "acoustic_entropy": 9.854008674621582,
      "acoustic_entropy_mono": 9.139545440673828,
      "band_eliminated_acoustic_entropies": [
        {
          "acoustic_entropy": 9.852816581726074,
          "acoustic_entropy_side": 9.866144180297852,
          "hz": 129.47220167065723
        },
        {
          "acoustic_entropy": 9.488323211669922,
          "acoustic_entropy_side": 9.828473091125488,
          "hz": 202.92927478742237
        },
        {
          "acoustic_entropy": 9.236223220825195,
          "acoustic_entropy_side": 9.902507781982422,
          "hz": 282.89161906338205
        },
        {
          "acoustic_entropy": 9.639304161071777,
          "acoustic_entropy_side": 9.920999526977539,
          "hz": 369.9353335868758
        },
        {
          "acoustic_entropy": 10.381129264831543,
          "acoustic_entropy_side": 10.008280754089355,
          "hz": 464.6875360973435
        },
        {
          "acoustic_entropy": 9.551301956176758,
          "acoustic_entropy_side": 9.137271881103516,
          "hz": 567.8308811364784
        },
        {
          "acoustic_entropy": 9.565987586975098,
          "acoustic_entropy_side": 9.9220552444458,
          "hz": 680.1084783214808
        },
        {
          "acoustic_entropy": 10.281868934631348,
          "acoustic_entropy_side": 9.77731704711914,
          "hz": 802.3292461747484
        },
        {
          "acoustic_entropy": 9.629559516906738,
          "acoustic_entropy_side": 10.026727676391602,
          "hz": 935.3737400823702
        },
        {
          "acoustic_entropy": 10.573326110839844,
          "acoustic_entropy_side": 10.417606353759766,
          "hz": 1080.2004963696966
        },
        {
          "acoustic_entropy": 9.668959617614746,
          "acoustic_entropy_side": 9.799365997314453,
          "hz": 1237.8529382007157
        },
        {
          "acoustic_entropy": 9.619839668273926,
          "acoustic_entropy_side": 9.684758186340332,
          "hz": 1409.4668930556702
        },
        {
          "acoustic_entropy": 9.643221855163574,
          "acoustic_entropy_side": 9.897235870361328,
          "hz": 1596.2787759475705
        },
        {
          "acoustic_entropy": 9.94206428527832,
          "acoustic_entropy_side": 9.75225830078125,
          "hz": 1799.6344973346393
        },
        {
          "acoustic_entropy": 9.579998016357422,
          "acoustic_entropy_side": 9.57716178894043,
          "hz": 2020.9991599069049
        },
        {
          "acoustic_entropy": 9.61245346069336,
          "acoustic_entropy_side": 9.534823417663574,
          "hz": 2261.9676141086993
        },
        {
          "acoustic_entropy": 9.247836112976074,
          "acoustic_entropy_side": 10.034107208251953,
          "hz": 2524.2759484456974
        },
        {
          "acoustic_entropy": 9.743809700012207,
          "acoustic_entropy_side": 9.820874214172363,
          "hz": 2809.813997359896
        },
        {
          "acoustic_entropy": 9.537613868713379,
          "acoustic_entropy_side": 9.792834281921387,
          "hz": 3120.6389567871424
        },
        {
          "acoustic_entropy": 9.867012023925781,
          "acoustic_entropy_side": 9.851487159729004,
          "hz": 3458.990205492291
        },
        {
          "acoustic_entropy": 9.478934288024902,
          "acoustic_entropy_side": 9.327361106872559,
          "hz": 3827.305438964164
        },
        {
          "acoustic_entropy": 9.935267448425293,
          "acoustic_entropy_side": 9.903071403503418,
          "hz": 4228.238232109126
        },
        {
          "acoustic_entropy": 9.977609634399414,
          "acoustic_entropy_side": 9.933536529541016,
          "hz": 4664.6771572759235
        },
        {
          "acoustic_entropy": 9.435850143432617,
          "acoustic_entropy_side": 9.649189949035645,
          "hz": 5139.766595350093
        },
        {
          "acoustic_entropy": 9.788141250610352,
          "acoustic_entropy_side": 9.82396125793457,
          "hz": 5656.929389854203
        },
        {
          "acoustic_entropy": 9.760952949523926,
          "acoustic_entropy_side": 9.827798843383789,
          "hz": 6219.891507268283
        },
        {
          "acoustic_entropy": 9.735403060913086,
          "acoustic_entropy_side": 9.816509246826172,
          "hz": 6832.70888123896
        },
        {
          "acoustic_entropy": 9.766678810119629,
          "acoustic_entropy_side": 9.812162399291992,
          "hz": 7499.796634079867
        },
        {
          "acoustic_entropy": 9.810382843017578,
          "acoustic_entropy_side": 9.83432674407959,
          "hz": 8225.96088609342
        },
        {
          "acoustic_entropy": 9.82551383972168,
          "acoustic_entropy_side": 9.84194278717041,
          "hz": 9016.43338188839
        },
        {
          "acoustic_entropy": 9.843093872070312,
          "acoustic_entropy_side": 9.849503517150879,
          "hz": 9876.909183162974
        },
        {
          "acoustic_entropy": 9.848798751831055,
          "acoustic_entropy_side": 9.851845741271973,
          "hz": 10813.587699516042
        },
        {
          "acoustic_entropy": 9.851837158203125,
          "acoustic_entropy_side": 9.85312557220459,
          "hz": 11833.21735289826
        },
        {
          "acoustic_entropy": 9.852270126342773,
          "acoustic_entropy_side": 9.853402137756348,
          "hz": 12943.144197493959
        },
        {
          "acoustic_entropy": 9.852801322937012,
          "acoustic_entropy_side": 9.85346794128418,
          "hz": 14151.364845322005
        },
        {
          "acoustic_entropy": 9.853376388549805,
          "acoustic_entropy_side": 9.85374927520752,
          "hz": 15466.58407886509
        },
        {
          "acoustic_entropy": 9.853114128112793,
          "acoustic_entropy_side": 9.853700637817383,
          "hz": 16898.27756580493
        },
        {
          "acoustic_entropy": 9.852376937866211,
          "acoustic_entropy_side": 9.853510856628418,
          "hz": 18456.760127700032
        },
        {
          "acoustic_entropy": 9.85220718383789,
          "acoustic_entropy_side": 9.853472709655762,
          "hz": 20153.260054456492
        },
        {
          "acoustic_entropy": 9.852723121643066,
          "acoustic_entropy_side": 9.853594779968262,
          "hz": 22000.00000000001
        }
      ],
      "diff_acoustic_entropy": 3.879194974899292,
      "sn": 12
    },
    {
      "acoustic_entropy": 15.520050048828125,
      "acoustic_entropy_mono": 15.113256454467773,
      "band_eliminated_acoustic_entropies": [
        {
          "acoustic_entropy": 14.951175689697266,
          "acoustic_entropy_side": 15.258432388305664,
          "hz": 129.47220167065723
        },
        {
          "acoustic_entropy": 15.827479362487793,
          "acoustic_entropy_side": 15.813556671142578,
          "hz": 202.92927478742237
        },
        {
          "acoustic_entropy": 15.639444351196289,
          "acoustic_entropy_side": 15.478533744812012,
          "hz": 282.89161906338205
        },
        {
          "acoustic_entropy": 15.08311939239502,
          "acoustic_entropy_side": 15.191962242126465,
          "hz": 369.9353335868758
        },
        {
          "acoustic_entropy": 15.863790512084961,
          "acoustic_entropy_side": 16.129497528076172,
          "hz": 464.6875360973435
        },
        {
          "acoustic_entropy": 14.60787296295166,
          "acoustic_entropy_side": 15.391526222229004,
          "hz": 567.8308811364784
        },
        {
          "acoustic_entropy": 14.877220153808594,
          "acoustic_entropy_side": 14.754378318786621,
          "hz": 680.1084783214808
        },
        {
          "acoustic_entropy": 15.230896949768066,
          "acoustic_entropy_side": 14.932989120483398,
          "hz": 802.3292461747484
        },
        {
          "acoustic_entropy": 14.664022445678711,
          "acoustic_entropy_side": 15.09773063659668,
          "hz": 935.3737400823702
        },
        {
          "acoustic_entropy": 15.780633926391602,
          "acoustic_entropy_side": 15.606593132019043,
          "hz": 1080.2004963696966
        },
        {
          "acoustic_entropy": 15.351463317871094,
          "acoustic_entropy_side": 15.785012245178223,
          "hz": 1237.8529382007157
        },
        {
          "acoustic_entropy": 15.107903480529785,
          "acoustic_entropy_side": 15.22970199584961,
          "hz": 1409.4668930556702
        },
        {
          "acoustic_entropy": 14.967463493347168,
          "acoustic_entropy_side": 15.035384178161621,
          "hz": 1596.2787759475705
        },
        {
          "acoustic_entropy": 15.834681510925293,
          "acoustic_entropy_side": 15.338927268981934,
          "hz": 1799.6344973346393
        },
        {
          "acoustic_entropy": 15.391136169433594,
          "acoustic_entropy_side": 15.767051696777344,
          "hz": 2020.9991599069049
        },
        {
          "acoustic_entropy": 15.945282936096191,
          "acoustic_entropy_side": 15.595599174499512,
          "hz": 2261.9676141086993
        },
        {
          "acoustic_entropy": 15.357697486877441,
          "acoustic_entropy_side": 15.530536651611328,
          "hz": 2524.2759484456974
        },
        {
          "acoustic_entropy": 15.646084785461426,
          "acoustic_entropy_side": 15.21921157836914,
          "hz": 2809.813997359896
        },
        {
          "acoustic_entropy": 15.23863697052002,
          "acoustic_entropy_side": 15.272138595581055,
          "hz": 3120.6389567871424
        },
