{
  "acoustic_entropy": 192.8343505859375,
  "bands": [
    {
      "high_freq": 148.1999969482422,
      "loudness": -22.180965423583984,
      "loudness_range": 12.240997314453125,
      "mid_mean": -19.3449649810791,
      "mid_to_side_loudness": -7.283512592315674,
      "mid_to_side_loudness_range": 10.106120109558105,
      "side_mean": -27.09308433532715
    },
    {
      "high_freq": 392.3793640136719,
      "loudness": -19.267101287841797,
      "loudness_range": 7.027159690856934,
      "low_freq": 148.1999969482422,
      "mid_mean": -17.030929565429688,
      "mid_to_side_loudness": -4.03889274597168,
      "mid_to_side_loudness_range": 6.70782995223999,
      "side_mean": -21.373353958129883
    },
    {
      "high_freq": 794.6976318359375,
      "loudness": -23.002132415771484,
      "loudness_range": 8.672515869140625,
      "low_freq": 392.3793640136719,
      "mid_mean": -20.929738998413086,
      "mid_to_side_loudness": -3.624525785446167,
      "mid_to_side_loudness_range": 6.434492588043213,
      "side_mean": -24.76992416381836
    },
    {
      "high_freq": 1457.5709228515625,
      "loudness": -24.706945419311523,
      "loudness_range": 13.561254501342773,
      "low_freq": 794.6976318359375,
      "mid_mean": -23.057830810546875,
      "mid_to_side_loudness": -2.6098082065582275,
      "mid_to_side_loudness_range": 5.432334899902344,
      "side_mean": -25.708818435668945
    },
    {
      "high_freq": 2549.74365234375,
      "loudness": -26.429349899291992,
      "loudness_range": 14.13184928894043,
      "low_freq": 1457.5709228515625,
      "mid_mean": -24.546663284301758,
      "mid_to_side_loudness": -2.9893553256988525,
      "mid_to_side_loudness_range": 5.195396900177002,
      "side_mean": -27.733787536621094
    },
    {
      "high_freq": 4349.24462890625,
      "loudness": -28.45375633239746,
      "loudness_range": 13.486408233642578,
      "low_freq": 2549.74365234375,
      "mid_mean": -26.79387664794922,
      "mid_to_side_loudness": -2.9275898933410645,
      "mid_to_side_loudness_range": 5.021730422973633,
      "side_mean": -29.87477684020996
    },
    {
      "high_freq": 7314.1640625,
      "loudness": -34.97557067871094,
      "loudness_range": 15.526351928710938,
      "low_freq": 4349.24462890625,
      "mid_mean": -33.378055572509766,
      "mid_to_side_loudness": -2.790114164352417,
      "mid_to_side_loudness_range": 5.121158123016357,
      "side_mean": -36.28166961669922
    },
    {
      "high_freq": 12199.2666015625,
      "loudness": -39.23976135253906,
      "loudness_range": 15.989021301269531,
      "low_freq": 7314.1640625,
      "mid_mean": -37.34465408325195,
      "mid_to_side_loudness": -3.806375026702881,
      "mid_to_side_loudness_range": 7.920320510864258,
      "side_mean": -41.52773666381836
    },
    {
      "loudness": -42.64995574951172,
      "loudness_range": 14.841621398925781,
      "low_freq": 12199.2666015625,
      "mid_mean": -40.565940856933594,
      "mid_to_side_loudness": -5.93922233581543,
      "mid_to_side_loudness_range": 10.867444038391113,
      "side_mean": -48.96781539916992
    }
  ],
  "bands_short": [
    {
      "high_freq": 148.1999969482422,
      "loudness": -24.925878524780273,
      "loudness_range": 16.723770141601562,
      "mid_mean": -22.447731018066406,
      "mid_to_side_loudness": -6.971550941467285,
      "mid_to_side_loudness_range": 15.566201210021973,
      "side_mean": -30.306793212890625
    },
    {
      "high_freq": 392.3793640136719,
      "loudness": -18.868871688842773,
      "loudness_range": 8.494839668273926,
      "low_freq": 148.1999969482422,
      "mid_mean": -16.67218017578125,
      "mid_to_side_loudness": -4.485073566436768,
      "mid_to_side_loudness_range": 10.259018898010254,
      "side_mean": -21.48508071899414
    },
    {
      "high_freq": 794.6976318359375,
      "loudness": -23.01084327697754,
      "loudness_range": 10.353994369506836,
      "low_freq": 392.3793640136719,
      "mid_mean": -21.202051162719727,
      "mid_to_side_loudness": -3.2978034019470215,
      "mid_to_side_loudness_range": 10.042007446289062,
      "side_mean": -24.70856475830078
    },
    {
      "high_freq": 1457.5709228515625,
      "loudness": -24.863718032836914,
      "loudness_range": 14.933732986450195,
      "low_freq": 794.6976318359375,
      "mid_mean": -23.375600814819336,
      "mid_to_side_loudness": -2.6076107025146484,
      "mid_to_side_loudness_range": 8.730123519897461,
      "side_mean": -25.99733543395996
    },
    {
      "high_freq": 2549.74365234375,
      "loudness": -26.772720336914062,
      "loudness_range": 15.239973068237305,
      "low_freq": 1457.5709228515625,
      "mid_mean": -25.02434730529785,
      "mid_to_side_loudness": -2.862328290939331,
      "mid_to_side_loudness_range": 7.3651299476623535,
      "side_mean": -28.063087463378906
    },
    {
      "high_freq": 4349.24462890625,
      "loudness": -28.75912094116211,
      "loudness_range": 15.214113235473633,
      "low_freq": 2549.74365234375,
      "mid_mean": -27.21887969970703,
      "mid_to_side_loudness": -2.777580499649048,
      "mid_to_side_loudness_range": 6.489201545715332,
      "side_mean": -30.15773582458496
    },
    {
      "high_freq": 7314.1640625,
      "loudness": -35.405303955078125,
      "loudness_range": 17.267314910888672,
      "low_freq": 4349.24462890625,
      "mid_mean": -33.78584289550781,
      "mid_to_side_loudness": -2.816899299621582,
      "mid_to_side_loudness_range": 6.372666358947754,
      "side_mean": -36.79517364501953
    },
    {
      "high_freq": 12199.2666015625,
      "loudness": -40.18947219848633,
      "loudness_range": 19.15228271484375,
      "low_freq": 7314.1640625,
      "mid_mean": -38.35990524291992,
      "mid_to_side_loudness": -4.064905643463135,
      "mid_to_side_loudness_range": 9.82256031036377,
      "side_mean": -42.916786193847656
    },
    {
      "loudness": -44.01942443847656,
      "loudness_range": 19.403549194335938,
      "low_freq": 12199.2666015625,
      "mid_mean": -42.36552047729492,
      "mid_to_side_loudness": -5.685339450836182,
      "mid_to_side_loudness_range": 12.491475105285645,
      "side_mean": -51.0200309753418
    }
  ],
  "bandwidth": 477.9615173339844,
  "channels": 2,
  "covariance": [
    [
      29.242935180664062,
      18.516748428344727,
      13.456453323364258,
      11.049225807189941,
      11.66806697845459,
      11.383048057556152,
      8.420743942260742,
      9.603690147399902,
      10.239827156066895,
      10.094481468200684,
      7.757048606872559,
      8.204143524169922,
      6.254879951477051,
      7.930267333984375,
      8.12464427947998,
      11.986442565917969,
      8.97035026550293,
      24.486122131347656
    ],
    [
      18.516748428344727,
      18.820547103881836,
      9.603638648986816,
      9.430088996887207,
      7.23769474029541,
      7.264313220977783,
      4.749584674835205,
      5.737265586853027,
      6.2335286140441895,
      6.8599371910095215,
      4.373979091644287,
      5.077009201049805,
      2.1546292304992676,
      3.9753174781799316,
      2.576110601425171,
      5.52632999420166,
      3.1578755378723145,
      18.07526969909668
    ],
    [
      13.456453323364258,
      9.603638648986816,
      15.993837356567383,
      11.257646560668945,
      8.330133438110352,
      9.08428955078125,
      7.268958568572998,
      7.927328109741211,
      7.272019863128662,
      7.1108078956604,
      5.513291835784912,
      4.888865947723389,
      4.565921783447266,
      4.433565616607666,
      6.301103115081787,
      6.923316955566406,
      6.62244176864624,
      15.895902633666992
    ],
    [
      11.049225807189941,
      9.430088996887207,
      11.257646560668945,
      11.7699613571167,
      7.120102882385254,
      7.52440071105957,
      6.291858673095703,
      6.47592830657959,
      6.414243221282959,
      6.355916500091553,
      4.003552436828613,
      3.489722967147827,
      2.4859766960144043,
      2.4231483936309814,
      3.905174493789673,
      4.24357271194458,
      4.483816146850586,
      13.52854061126709
    ],
    [
      11.66806697845459,
      7.23769474029541,
      8.330133438110352,
      7.120102882385254,
      19.315031051635742,
      14.857147216796875,
      17.493406295776367,
      16.312393188476562,
      18.951961517333984,
      17.51565933227539,
      17.14227294921875,
      15.842767715454102,
      12.726463317871094,
      10.864482879638672,
      11.628310203552246,
      10.804872512817383,
      11.481386184692383,
      21.968957901000977
    ],
    [
      11.383048057556152,
      7.264313220977783,
      9.08428955078125,
      7.52440071105957,
      14.857147216796875,
      16.378082275390625,
      15.962727546691895,
      16.210968017578125,
      15.397156715393066,
      14.539544105529785,
      13.888197898864746,
      12.78648853302002,
      9.679818153381348,
      8.477511405944824,
      8.967781066894531,
      8.468639373779297,
      7.987820148468018,
      18.183494567871094
    ],
    [
      8.420743942260742,
      4.749584674835205,
      7.268958568572998,
      6.291858673095703,
      17.493406295776367,
      15.962727546691895,
      31.98296356201172,
      28.446208953857422,
      27.18779945373535,
      25.57039451599121,
      27.69452476501465,
      24.612897872924805,
      23.386375427246094,
      19.2327823638916,
      19.86151695251465,
      16.977914810180664,
      14.494973182678223,
      28.781938552856445
    ],
    [
      9.603690147399902,
      5.737265586853027,
      7.927328109741211,
      6.47592830657959,
      16.312393188476562,
      16.210968017578125,
      28.446208953857422,
      29.69059181213379,
      26.452232360839844,
      25.555234909057617,
      26.22024917602539,
      24.004514694213867,
      22.366962432861328,
      19.012239456176758,
      18.939376831054688,
      16.735597610473633,
      12.986296653747559,
      28.33882713317871
    ],
    [
      10.239827156066895,
      6.2335286140441895,
      7.272019863128662,
      6.414243221282959,
      18.951961517333984,
      15.397156715393066,
      27.18779945373535,
      26.452232360839844,
      32.89209747314453,
      30.654211044311523,
      29.971031188964844,
      26.971813201904297,
      24.312877655029297,
      20.61955451965332,
      21.020910263061523,
      18.76885986328125,
      17.213943481445312,
      32.05156326293945
    ],
    [
      10.094481468200684,
      6.8599371910095215,
      7.1108078956604,
      6.355916500091553,
      17.51565933227539,
      14.539544105529785,
      25.57039451599121,
      25.555234909057617,
      30.654211044311523,
      32.356319427490234,
      27.850082397460938,
      26.75057029724121,
      22.990360260009766,
      20.379549026489258,
      19.407310485839844,
      18.399816513061523,
      15.64359188079834,
      32.4985466003418
    ],
    [
      7.757048606872559,
      4.373979091644287,
      5.513291835784912,
      4.003552436828613,
      17.14227294921875,
      13.888197898864746,
      27.69452476501465,
      26.22024917602539,
      29.971031188964844,
      27.850082397460938,
      36.61805725097656,
      32.222965240478516,
      31.39034652709961,
      27.49970817565918,
      26.382352828979492,
      24.089271545410156,
      19.81992530822754,
      35.5093994140625
    ],
    [
      8.204143524169922,
      5.077009201049805,
      4.888865947723389,
      3.489722967147827,
      15.842767715454102,
      12.78648853302002,
      24.612897872924805,
      24.004514694213867,
      26.971813201904297,
      26.75057029724121,
      32.222965240478516,
      32.739341735839844,
      29.089149475097656,
      27.1529483795166,
      22.899646759033203,
      23.0473575592041,
      15.854330062866211,
      34.712345123291016
    ],
    [
      6.254879951477051,
      2.1546292304992676,
      4.565921783447266,
      2.4859766960144043,
      12.726463317871094,
      9.679818153381348,
      23.386375427246094,
      22.366962432861328,
      24.312877655029297,
      22.990360260009766,
      31.39034652709961,
      29.089149475097656,
      40.80146026611328,
      36.32958984375,
      33.79409408569336,
      35.06190490722656,
      23.21578598022461,
      38.01649856567383
    ],
    [
      7.930267333984375,
      3.9753174781799316,
      4.433565616607666,
      2.4231483936309814,
      10.864482879638672,
      8.477511405944824,
      19.2327823638916,
      19.012239456176758,
      20.61955451965332,
      20.379549026489258,
      27.49970817565918,
      27.1529483795166,
      36.32958984375,
      38.791221618652344,
      29.186365127563477,
      35.3270378112793,
      17.773658752441406,
      36.47377014160156
    ],
    [
      8.12464427947998,
      2.576110601425171,
      6.301103115081787,
      3.905174493789673,
      11.628310203552246,
      8.967781066894531,
      19.86151695251465,
      18.939376831054688,
      21.020910263061523,
      19.407310485839844,
      26.382352828979492,
      22.899646759033203,
      33.79409408569336,
      29.186365127563477,
      44.799072265625,
      39.16105270385742,
      36.91959762573242,
      42.17826843261719
    ],
    [
      11.986442565917969,
      5.52632999420166,
      6.923316955566406,
      4.24357271194458,
      10.804872512817383,
      8.468639373779297,
      16.977914810180664,
      16.735597610473633,
      18.76885986328125,
      18.399816513061523,
      24.089271545410156,
      23.0473575592041,
      35.06190490722656,
      35.3270378112793,
      39.16105270385742,
      46.76716232299805,
      29.034862518310547,
      44.962730407714844
    ],
    [
      8.97035026550293,
      3.1578755378723145,
      6.62244176864624,
      4.483816146850586,
      11.481386184692383,
      7.987820148468018,
      14.494973182678223,
      12.986296653747559,
      17.213943481445312,
      15.64359188079834,
      19.81992530822754,
      15.854330062866211,
      23.21578598022461,
      17.773658752441406,
      36.91959762573242,
      29.034862518310547,
      46.698028564453125,
      38.81949996948242
    ],
    [
      24.486122131347656,
      18.07526969909668,
      15.895902633666992,
      13.52854061126709,
      21.968957901000977,
      18.183494567871094,
      28.781938552856445,
      28.33882713317871,
      32.05156326293945,
      32.4985466003418,
      35.5093994140625,
      34.712345123291016,
      38.01649856567383,
      36.47377014160156,
      42.17826843261719,
      44.962730407714844,
      38.81949996948242,
      75.60621643066406
    ]
  ],
  "covariance_short": [
    [
      51.65876388549805,
      28.542367935180664,
      12.708154678344727,
      11.371150970458984,
      11.572871208190918,
      10.20793342590332,
      6.740079879760742,
      7.042980670928955,
      8.727328300476074,
      9.284612655639648,
      7.042591094970703,
      7.754472255706787,
      5.338294982910156,
      7.931185245513916,
      9.194228172302246,
      14.962106704711914,
      14.731532096862793,
      26.405288696289062
    ],
    [
      28.542367935180664,
      37.687564849853516,
      9.469090461730957,
      9.215174674987793,
      6.720712661743164,
      6.7168965339660645,
      1.4928663969039917,
      2.671189546585083,
      3.737473964691162,
      5.155200481414795,
      1.3044939041137695,
      3.4882946014404297,
      -1.3740897178649902,
      1.4131720066070557,
      1.4698044061660767,
      5.249923229217529,
      5.660982608795166,
      17.2091007232666
    ],
    [
      12.708154678344727,
      9.469090461730957,
      19.718074798583984,
      10.616626739501953,
      10.35391616821289,
      9.753073692321777,
      7.986185073852539,
      8.220305442810059,
      8.077841758728027,
      7.53924560546875,
      6.675362586975098,
      5.814577579498291,
      5.305368423461914,
      5.680637836456299,
      7.16937780380249,
      8.825328826904297,
      8.236242294311523,
      16.289871215820312
    ],
    [
      11.371150970458984,
      9.215174674987793,
      10.616626739501953,
      14.606986999511719,
      8.151352882385254,
      8.165825843811035,
      6.615940570831299,
      6.451773166656494,
      6.817251205444336,
      6.404004096984863,
      4.523499011993408,
      4.049869537353516,
      2.144345998764038,
      2.229501724243164,
      3.97235107421875,
      4.486626148223877,
      5.598843574523926,
      12.985055923461914
    ],
    [
      11.572871208190918,
      6.720712661743164,
      10.35391616821289,
      8.151352882385254,
      23.490568161010742,
      15.019061088562012,
      18.396743774414062,
      17.237220764160156,
      18.733762741088867,
      16.994840621948242,
      17.75185775756836,
      15.627214431762695,
      12.804084777832031,
      11.283272743225098,
      12.99870491027832,
      13.126065254211426,
      13.917717933654785,
      22.744396209716797
    ],
    [
      10.20793342590332,
      6.7168965339660645,
      9.753073692321777,
      8.165825843811035,
      15.019061088562012,
      19.273693084716797,
      15.762006759643555,
      15.757659912109375,
      15.625290870666504,
      14.291422843933105,
      14.44946002960205,
      13.00024127960205,
      9.73961353302002,
      8.674741744995117,
      10.174396514892578,
      10.064739227294922,
      11.161176681518555,
      18.767229080200195
    ],
    [
      6.740079879760742,
      1.4928663969039917,
      7.986185073852539,
      6.615940570831299,
      18.396743774414062,
      15.762006759643555,
      35.85452651977539,
      29.01521873474121,
      29.250886917114258,
      26.770641326904297,
      29.24207878112793,
      25.880306243896484,
      24.324153900146484,
      21.140216827392578,
      21.842937469482422,
      21.1667423248291,
      17.822357177734375,
      29.83522605895996
    ],
    [
      7.042980670928955,
      2.671189546585083,
      8.220305442810059,
      6.451773166656494,
      17.237220764160156,
      15.757659912109375,
      29.01521873474121,
      32.988311767578125,
      27.89409065246582,
      26.392539978027344,
      27.43387794494629,
      25.26554298400879,
      22.80462074279785,
      20.328962326049805,
      20.4123592376709,
      20.244705200195312,
      16.619680404663086,
      28.542877197265625
    ],
    [
      8.727328300476074,
      3.737473964691162,
      8.077841758728027,
      6.817251205444336,
      18.733762741088867,
      15.625290870666504,
      29.250886917114258,
      27.89409065246582,
      36.89408493041992,
      32.07963562011719,
      32.00011444091797,
      28.508365631103516,
      25.55361557006836,
      22.70870018005371,
      23.554073333740234,
      23.646276473999023,
      20.891279220581055,
      32.911251068115234
    ],
    [
      9.284612655639648,
      5.155200481414795,
      7.53924560546875,
      6.404004096984863,
      16.994840621948242,
      14.291422843933105,
      26.770641326904297,
      26.392539978027344,
      32.07963562011719,
      34.50209426879883,
      28.896982192993164,
      27.64177894592285,
      23.448301315307617,
      22.039901733398438,
      21.333723068237305,
      22.917003631591797,
      18.515705108642578,
      32.54777526855469
    ],
    [
      7.042591094970703,
      1.3044939041137695,
      6.675362586975098,
      4.523499011993408,
      17.75185775756836,
      14.44946002960205,
      29.24207878112793,
      27.43387794494629,
      32.00011444091797,
      28.896982192993164,
      40.199222564697266,
      33.890899658203125,
      33.60749816894531,
      30.684040069580078,
      30.199386596679688,
      30.747915267944336,
      24.902782440185547,
      37.856231689453125
    ],
    [
      7.754472255706787,
      3.4882946014404297,
      5.814577579498291,
      4.049869537353516,
      15.627214431762695,
      13.00024127960205,
      25.880306243896484,
      25.26554298400879,
      28.508365631103516,
      27.64177894592285,
      33.890899658203125,
      35.18392562866211,
      30.511632919311523,
      30.158903121948242,
      25.72176742553711,
      29.233978271484375,
      19.356569290161133,
      36.50397872924805
    ],
    [
      5.338294982910156,
      -1.3740897178649902,
      5.305368423461914,
      2.144345998764038,
      12.804084777832031,
      9.73961353302002,
      24.324153900146484,
      22.80462074279785,
      25.55361557006836,
      23.448301315307617,
      33.60749816894531,
      30.511632919311523,
      45.93355178833008,
      41.57747268676758,
      41.61787796020508,
      45.119873046875,
      31.683515548706055,
      41.61606979370117
    ],
    [
      7.931185245513916,
      1.4131720066070557,
      5.680637836456299,
      2.229501724243164,
      11.283272743225098,
      8.674741744995117,
      21.140216827392578,
      20.328962326049805,
      22.70870018005371,
      22.039901733398438,
      30.684040069580078,
      30.158903121948242,
      41.57747268676758,
      46.25019454956055,
      36.94708251953125,
      46.8789176940918,
      25.110111236572266,
      41.57721710205078
    ],
    [
      9.194228172302246,
      1.4698044061660767,
      7.16937780380249,
      3.97235107421875,
      12.99870491027832,
      10.174396514892578,
      21.842937469482422,
      20.4123592376709,
      23.554073333740234,
      21.333723068237305,
      30.199386596679688,
      25.72176742553711,
      41.61787796020508,
      36.94708251953125,
      56.22908401489258,
      50.672481536865234,
      51.88208770751953,
      49.39490509033203
    ],
    [
      14.962106704711914,
      5.249923229217529,
      8.825328826904297,
      4.486626148223877,
      13.126065254211426,
      10.064739227294922,
      21.1667423248291,
      20.244705200195312,
      23.646276473999023,
      22.917003631591797,
      30.747915267944336,
      29.233978271484375,
      45.119873046875,
      46.8789176940918,
      50.672481536865234,
      62.67679977416992,
      40.73310089111328,
      55.63360595703125
    ],
    [
      14.731532096862793,
      5.660982608795166,
      8.236242294311523,
      5.598843574523926,
      13.917717933654785,
      11.161176681518555,
      17.822357177734375,
      16.619680404663086,
      20.891279220581055,
      18.515705108642578,
      24.902782440185547,
      19.356569290161133,
      31.683515548706055,
      25.110111236572266,
      51.88208770751953,
      40.73310089111328,
      65.45097351074219,
      48.612327575683594
    ],
    [
      26.405288696289062,
      17.2091007232666,
      16.289871215820312,
      12.985055923461914,
      22.744396209716797,
      18.767229080200195,
      29.83522605895996,
      28.542877197265625,
      32.911251068115234,
      32.54777526855469,
      37.856231689453125,
      36.50397872924805,
      41.61606979370117,
      41.57721710205078,
      49.39490509033203,
      55.63360595703125,
      48.612327575683594,
      91.95133209228516
    ]
  ],
  "damage": -5.75070333480835,
  "diff_bandwidth": 490.7329406738281,
  "dissonance": 8.028161452266302,
  "drr": 5.3246235847473145,
  "dynamics": 2.73492431640625,
  "format": 1245190,
  "frames": 3827712,
  "loudness": -11.051701545715332,
  "loudness_range": 5.814431190490723,
  "loudness_range_short": 6.817943096160889,
  "lowpass_true_peak_15khz": -0.8523864150047302,
  "mastering3_acoustic_entropies": [
    {
      "acoustic_entropy": 6.628422260284424,
      "acoustic_entropy_mono": 6.610980987548828,
      "band_eliminated_acoustic_entropies": [
        {
          "acoustic_entropy": 6.722873210906982,
          "acoustic_entropy_side": 6.6312103271484375,
          "hz": 129.47220167065723
        },
        {
          "acoustic_entropy": 6.55359411239624,
          "acoustic_entropy_side": 6.588140487670898,
          "hz": 202.92927478742237
        },
        {
          "acoustic_entropy": 6.587497234344482,
          "acoustic_entropy_side": 6.676183223724365,
          "hz": 282.89161906338205
        },
        {
          "acoustic_entropy": 6.390083312988281,
          "acoustic_entropy_side": 6.600490570068359,
          "hz": 369.9353335868758
        },
        {
          "acoustic_entropy": 6.6386332511901855,
          "acoustic_entropy_side": 6.610739707946777,
          "hz": 464.6875360973435
        },
        {
          "acoustic_entropy": 6.304215908050537,
          "acoustic_entropy_side": 6.887412071228027,
          "hz": 567.8308811364784
        },
        {
          "acoustic_entropy": 6.976996421813965,
          "acoustic_entropy_side": 6.972151279449463,
          "hz": 680.1084783214808
        },
        {
          "acoustic_entropy": 6.597733497619629,
          "acoustic_entropy_side": 6.964241027832031,
          "hz": 802.3292461747484
        },
        {
          "acoustic_entropy": 6.239996433258057,
          "acoustic_entropy_side": 6.704355239868164,
          "hz": 935.3737400823702
        },
        {
          "acoustic_entropy": 6.651469707489014,
          "acoustic_entropy_side": 6.596240520477295,
          "hz": 1080.2004963696966
        },
        {
          "acoustic_entropy": 6.990231513977051,
          "acoustic_entropy_side": 6.804315090179443,
          "hz": 1237.8529382007157
        },
        {
          "acoustic_entropy": 6.161218166351318,
          "acoustic_entropy_side": 6.3107781410217285,
          "hz": 1409.4668930556702
        },
        {
          "acoustic_entropy": 5.735825538635254,
          "acoustic_entropy_side": 6.399031639099121,
          "hz": 1596.2787759475705
        },
        {
          "acoustic_entropy": 6.5319013595581055,
          "acoustic_entropy_side": 6.740948677062988,
          "hz": 1799.6344973346393
        },
        {
          "acoustic_entropy": 6.654763221740723,
          "acoustic_entropy_side": 6.9241228103637695,
          "hz": 2020.9991599069049
        },
        {
          "acoustic_entropy": 6.616408348083496,
          "acoustic_entropy_side": 6.572255611419678,
          "hz": 2261.9676141086993
        },
        {
          "acoustic_entropy": 6.282557010650635,
          "acoustic_entropy_side": 6.297478199005127,
          "hz": 2524.2759484456974
        },
        {
          "acoustic_entropy": 6.401491641998291,
          "acoustic_entropy_side": 6.4941725730896,
          "hz": 2809.813997359896
        },
        {
          "acoustic_entropy": 6.5176825523376465,
          "acoustic_entropy_side": 6.624715328216553,
          "hz": 3120.6389567871424
        },
        {
          "acoustic_entropy": 6.751803874969482,
          "acoustic_entropy_side": 6.546911239624023,
          "hz": 3458.990205492291
        },
        {
          "acoustic_entropy": 6.495909214019775,
          "acoustic_entropy_side": 6.534507751464844,
          "hz": 3827.305438964164
        },
        {
          "acoustic_entropy": 6.654051303863525,
          "acoustic_entropy_side": 6.615536689758301,
          "hz": 4228.238232109126
        },
        {
          "acoustic_entropy": 6.614726543426514,
          "acoustic_entropy_side": 6.63967227935791,
          "hz": 4664.6771572759235
        },
        {
          "acoustic_entropy": 6.617178916931152,
          "acoustic_entropy_side": 6.612952709197998,
          "hz": 5139.766595350093
        },
        {
          "acoustic_entropy": 6.608032703399658,
          "acoustic_entropy_side": 6.600337028503418,
          "hz": 5656.929389854203
        },
        {
          "acoustic_entropy": 6.6140456199646,
          "acoustic_entropy_side": 6.624269962310791,
          "hz": 6219.891507268283
        },
        {
          "acoustic_entropy": 6.632003307342529,
          "acoustic_entropy_side": 6.6277756690979,
          "hz": 6832.70888123896
        },
        {
          "acoustic_entropy": 6.630008220672607,
          "acoustic_entropy_side": 6.6340837478637695,
          "hz": 7499.796634079867
        },
        {
          "acoustic_entropy": 6.627298831939697,
          "acoustic_entropy_side": 6.631940841674805,
          "hz": 8225.96088609342
        },
        {
          "acoustic_entropy": 6.618835926055908,
          "acoustic_entropy_side": 6.634887218475342,
          "hz": 9016.43338188839
        },
        {
          "acoustic_entropy": 6.621150970458984,
          "acoustic_entropy_side": 6.634105205535889,
          "hz": 9876.909183162974
        },
        {
          "acoustic_entropy": 6.629417896270752,
          "acoustic_entropy_side": 6.636600017547607,
          "hz": 10813.587699516042
        },
        {
          "acoustic_entropy": 6.618381977081299,
          "acoustic_entropy_side": 6.636383056640625,
          "hz": 11833.21735289826
        },
        {
          "acoustic_entropy": 6.619680881500244,
          "acoustic_entropy_side": 6.632530689239502,
          "hz": 12943.144197493959
        },
        {
          "acoustic_entropy": 6.6210784912109375,
          "acoustic_entropy_side": 6.624825954437256,
          "hz": 14151.364845322005
        },
        {
          "acoustic_entropy": 6.619918346405029,
          "acoustic_entropy_side": 6.624334812164307,
          "hz": 15466.58407886509
        },
        {
          "acoustic_entropy": 6.637221813201904,
          "acoustic_entropy_side": 6.623475074768066,
          "hz": 16898.27756580493
        },
        {
          "acoustic_entropy": 6.650163173675537,
          "acoustic_entropy_side": 6.624996662139893,
          "hz": 18456.760127700032
        },
        {
          "acoustic_entropy": 6.637878894805908,
          "acoustic_entropy_side": 6.626360893249512,
          "hz": 20153.260054456492
        },
        {
          "acoustic_entropy": 6.628983020782471,
          "acoustic_entropy_side": 6.628245830535889,
          "hz": 22000.00000000001
        }
      ],
      "diff_acoustic_entropy": 2.244445562362671,
      "sn": 6
    },
    {
      "acoustic_entropy": 10.259387969970703,
      "acoustic_entropy_mono": 9.822107315063477,
      "band_eliminated_acoustic_entropies": [
        {
          "acoustic_entropy": 10.449213027954102,
          "acoustic_entropy_side": 10.325121879577637,
          "hz": 129.47220167065723
        },
        {
          "acoustic_entropy": 10.043200492858887,
          "acoustic_entropy_side": 10.203949928283691,
          "hz": 202.92927478742237
        },
        {
          "acoustic_entropy": 10.198302268981934,
          "acoustic_entropy_side": 10.187296867370605,
          "hz": 282.89161906338205
        },
        {
          "acoustic_entropy": 10.330617904663086,
          "acoustic_entropy_side": 10.268220901489258,
          "hz": 369.9353335868758
        },
        {
          "acoustic_entropy": 10.076360702514648,
          "acoustic_entropy_side": 10.194482803344727,
          "hz": 464.6875360973435
        },
        {
          "acoustic_entropy": 10.59230899810791,
          "acoustic_entropy_side": 10.541641235351562,
          "hz": 567.8308811364784
        },
        {
          "acoustic_entropy": 9.753922462463379,
          "acoustic_entropy_side": 9.553638458251953,
          "hz": 680.1084783214808
        },
        {
          "acoustic_entropy": 9.661715507507324,
          "acoustic_entropy_side": 10.560342788696289,
          "hz": 802.3292461747484
        },
        {
          "acoustic_entropy": 9.944153785705566,
          "acoustic_entropy_side": 9.882487297058105,
          "hz": 935.3737400823702
        },
        {
          "acoustic_entropy": 9.703293800354004,
          "acoustic_entropy_side": 9.74720573425293,
          "hz": 1080.2004963696966
        },
        {
          "acoustic_entropy": 9.988531112670898,
          "acoustic_entropy_side": 10.442752838134766,
          "hz": 1237.8529382007157
        },
        {
          "acoustic_entropy": 8.900197982788086,
          "acoustic_entropy_side": 9.57911491394043,
          "hz": 1409.4668930556702
        },
        {
          "acoustic_entropy": 9.032147407531738,
          "acoustic_entropy_side": 10.009041786193848,
          "hz": 1596.2787759475705
        },
        {
          "acoustic_entropy": 9.931034088134766,
          "acoustic_entropy_side": 10.264860153198242,
          "hz": 1799.6344973346393
        },
        {
          "acoustic_entropy": 9.619447708129883,
          "acoustic_entropy_side": 10.13485050201416,
          "hz": 2020.9991599069049
        },
        {
          "acoustic_entropy": 10.192535400390625,
          "acoustic_entropy_side": 10.235929489135742,
          "hz": 2261.9676141086993
        },
        {
          "acoustic_entropy": 10.162148475646973,
          "acoustic_entropy_side": 10.120843887329102,
          "hz": 2524.2759484456974
        },
        {
          "acoustic_entropy": 10.184938430786133,
          "acoustic_entropy_side": 10.188870429992676,
          "hz": 2809.813997359896
        },
        {
          "acoustic_entropy": 10.235480308532715,
          "acoustic_entropy_side": 10.165989875793457,
          "hz": 3120.6389567871424
        },
        {
          "acoustic_entropy": 10.204107284545898,
          "acoustic_entropy_side": 10.171382904052734,
          "hz": 3458.990205492291
        },
        {
          "acoustic_entropy": 9.865239143371582,
          "acoustic_entropy_side": 10.009870529174805,
          "hz": 3827.305438964164
        },
        {
          "acoustic_entropy": 9.992986679077148,
          "acoustic_entropy_side": 10.004395484924316,
          "hz": 4228.238232109126
        },
        {
          "acoustic_entropy": 10.134711265563965,
          "acoustic_entropy_side": 10.16385555267334,
          "hz": 4664.6771572759235
        },
        {
          "acoustic_entropy": 9.923831939697266,
          "acoustic_entropy_side": 10.038570404052734,
          "hz": 5139.766595350093
        },
        {
          "acoustic_entropy": 10.014472007751465,
          "acoustic_entropy_side": 10.094578742980957,
          "hz": 5656.929389854203
        },
        {
          "acoustic_entropy": 10.197466850280762,
          "acoustic_entropy_side": 10.218017578125,
          "hz": 6219.891507268283
        },
        {
          "acoustic_entropy": 10.246156692504883,
          "acoustic_entropy_side": 10.241668701171875,
          "hz": 6832.70888123896
        },
        {
          "acoustic_entropy": 10.267913818359375,
          "acoustic_entropy_side": 10.248291015625,
          "hz": 7499.796634079867
        },
        {
          "acoustic_entropy": 10.256882667541504,
          "acoustic_entropy_side": 10.242268562316895,
          "hz": 8225.96088609342
        },
        {
          "acoustic_entropy": 10.244736671447754,
          "acoustic_entropy_side": 10.249881744384766,
          "hz": 9016.43338188839
        },
        {
          "acoustic_entropy": 10.229119300842285,
          "acoustic_entropy_side": 10.240944862365723,
          "hz": 9876.909183162974
        },
        {
          "acoustic_entropy": 10.229181289672852,
          "acoustic_entropy_side": 10.23941707611084,
          "hz": 10813.587699516042
        },
        {
          "acoustic_entropy": 10.197404861450195,
          "acoustic_entropy_side": 10.237631797790527,
          "hz": 11833.21735289826
        },
        {
          "acoustic_entropy": 10.081177711486816,
          "acoustic_entropy_side": 10.23536205291748,
          "hz": 12943.144197493959
        },
        {
          "acoustic_entropy": 10.003719329833984,
          "acoustic_entropy_side": 10.218461990356445,
          "hz": 14151.364845322005
        },
        {
          "acoustic_entropy": 9.970054626464844,
          "acoustic_entropy_side": 10.21558952331543,
          "hz": 15466.58407886509
        },
        {
          "acoustic_entropy": 9.935562133789062,
          "acoustic_entropy_side": 10.19430923461914,
          "hz": 16898.27756580493
        },
        {
          "acoustic_entropy": 9.924015045166016,
          "acoustic_entropy_side": 10.19054889678955,
          "hz": 18456.760127700032
        },
        {
          "acoustic_entropy": 10.008218765258789,
          "acoustic_entropy_side": 10.21644115447998,
          "hz": 20153.260054456492
        },
        {
          "acoustic_entropy": 10.221748352050781,
          "acoustic_entropy_side": 10.254246711730957,
          "hz": 22000.00000000001
        }
      ],
      "diff_acoustic_entropy": 3.9055521488189697,
      "sn": 12
    },
    {
      "acoustic_entropy": 14.673337936401367,
      "acoustic_entropy_mono": 12.788942337036133,
      "band_eliminated_acoustic_entropies": [
        {
          "acoustic_entropy": 14.447208404541016,
          "acoustic_entropy_side": 14.58266544342041,
          "hz": 129.47220167065723
        },
        {
          "acoustic_entropy": 14.550284385681152,
          "acoustic_entropy_side": 14.584366798400879,
          "hz": 202.92927478742237
        },
        {
          "acoustic_entropy": 14.621978759765625,
          "acoustic_entropy_side": 14.757163047790527,
          "hz": 282.89161906338205
        },
        {
          "acoustic_entropy": 14.17786979675293,
          "acoustic_entropy_side": 14.499449729919434,
          "hz": 369.9353335868758
        },
        {
          "acoustic_entropy": 14.255746841430664,
          "acoustic_entropy_side": 14.499780654907227,
          "hz": 464.6875360973435
        },
        {
          "acoustic_entropy": 14.672930717468262,
          "acoustic_entropy_side": 15.15176773071289,
          "hz": 567.8308811364784
        },
        {
          "acoustic_entropy": 14.309447288513184,
          "acoustic_entropy_side": 13.687553405761719,
          "hz": 680.1084783214808
        },
        {
          "acoustic_entropy": 14.191917419433594,
          "acoustic_entropy_side": 15.004414558410645,
          "hz": 802.3292461747484
        },
        {
          "acoustic_entropy": 13.994477272033691,
          "acoustic_entropy_side": 14.410420417785645,
          "hz": 935.3737400823702
        },
        {
          "acoustic_entropy": 14.30873966217041,
          "acoustic_entropy_side": 14.30836009979248,
          "hz": 1080.2004963696966
        },
        {
          "acoustic_entropy": 14.37930679321289,
          "acoustic_entropy_side": 14.105366706848145,
          "hz": 1237.8529382007157
        },
        {
          "acoustic_entropy": 14.145621299743652,
          "acoustic_entropy_side": 14.726447105407715,
          "hz": 1409.4668930556702
        },
        {
          "acoustic_entropy": 13.82060432434082,
          "acoustic_entropy_side": 14.72467041015625,
          "hz": 1596.2787759475705
        },
        {
          "acoustic_entropy": 14.687052726745605,
          "acoustic_entropy_side": 14.794580459594727,
          "hz": 1799.6344973346393
        },
        {
          "acoustic_entropy": 14.972878456115723,
          "acoustic_entropy_side": 14.563745498657227,
          "hz": 2020.9991599069049
        },
        {
          "acoustic_entropy": 14.496847152709961,
          "acoustic_entropy_side": 14.592704772949219,
          "hz": 2261.9676141086993
        },
        {
          "acoustic_entropy": 14.583734512329102,
          "acoustic_entropy_side": 14.629612922668457,
          "hz": 2524.2759484456974
        },
        {
          "acoustic_entropy": 14.95644474029541,
          "acoustic_entropy_side": 14.87901782989502,
          "hz": 2809.813997359896
        },
        {
          "acoustic_entropy": 14.234227180480957,
          "acoustic_entropy_side": 14.178753852844238,
          "hz": 3120.6389567871424
        },
