{
  "acoustic_entropy": 161.29034423828125,
  "bands": [
    {
      "high_freq": 148.1999969482422,
      "loudness": -33.193702697753906,
      "loudness_range": 27.72261619567871,
      "mid_mean": -34.25284194946289,
      "mid_to_side_loudness": -14.387548446655273,
      "mid_to_side_loudness_range": 20.878238677978516,
      "side_mean": -38.02579116821289
    },
    {
      "high_freq": 392.3793640136719,
      "loudness": -26.008413314819336,
      "loudness_range": 18.063095092773438,
      "low_freq": 148.1999969482422,
      "mid_mean": -23.44767951965332,
      "mid_to_side_loudness": -16.28617286682129,
      "mid_to_side_loudness_range": 23.96578598022461,
      "side_mean": -33.95476531982422
    },
    {
      "high_freq": 794.6976318359375,
      "loudness": -27.236324310302734,
      "loudness_range": 17.913406372070312,
      "low_freq": 392.3793640136719,
      "mid_mean": -24.37712287902832,
      "mid_to_side_loudness": -17.296335220336914,
      "mid_to_side_loudness_range": 24.334613800048828,
      "side_mean": -36.227867126464844
    },
    {
      "high_freq": 1457.5709228515625,
      "loudness": -23.490034103393555,
      "loudness_range": 16.313804626464844,
      "low_freq": 794.6976318359375,
      "mid_mean": -20.04987144470215,
      "mid_to_side_loudness": -22.07768440246582,
      "mid_to_side_loudness_range": 19.721920013427734,
      "side_mean": -40.073768615722656
    },
    {
      "high_freq": 2549.74365234375,
      "loudness": -35.57583236694336,
      "loudness_range": 27.314361572265625,
      "low_freq": 1457.5709228515625,
      "mid_mean": -32.61288070678711,
      "mid_to_side_loudness": -17.24329948425293,
      "mid_to_side_loudness_range": 24.329355239868164,
      "side_mean": -50.26713943481445
    },
    {
      "high_freq": 4349.24462890625,
      "loudness": -31.846378326416016,
      "loudness_range": 13.880167007446289,
      "low_freq": 2549.74365234375,
      "mid_mean": -28.298763275146484,
      "mid_to_side_loudness": -24.823261260986328,
      "mid_to_side_loudness_range": 20.04140853881836,
      "side_mean": -53.68495559692383
    },
    {
      "high_freq": 7314.1640625,
      "loudness": -43.819515228271484,
      "loudness_range": 26.01913070678711,
      "low_freq": 4349.24462890625,
      "mid_mean": -40.44366455078125,
      "mid_to_side_loudness": -28.642080307006836,
      "mid_to_side_loudness_range": 16.45442008972168,
      "side_mean": -65.32268524169922
    },
    {
      "high_freq": 12199.2666015625,
      "loudness": -53.54693603515625,
      "loudness_range": 21.77715301513672,
      "low_freq": 7314.1640625,
      "mid_mean": -51.84443283081055,
      "mid_to_side_loudness": -26.53496551513672,
      "mid_to_side_loudness_range": 27.159725189208984,
      "side_mean": -69.09188842773438
    },
    {
      "loudness": -72.88883972167969,
      "loudness_range": 14.965538024902344,
      "low_freq": 12199.2666015625,
      "mid_mean": -66.58970642089844,
      "mid_to_side_loudness": -9.759827613830566,
      "mid_to_side_loudness_range": 16.454660415649414,
      "side_mean": -69.54817199707031
    }
  ],
  "bands_short": [
    {
      "high_freq": 148.1999969482422,
      "loudness": -45.50526809692383,
      "loudness_range": 33.322723388671875,
      "mid_mean": -47.10292434692383,
      "mid_to_side_loudness": -13.658092498779297,
      "mid_to_side_loudness_range": 20.620738983154297,
      "side_mean": -56.1397590637207
    },
    {
      "high_freq": 392.3793640136719,
      "loudness": -25.286130905151367,
      "loudness_range": 18.227323532104492,
      "low_freq": 148.1999969482422,
      "mid_mean": -22.682056427001953,
      "mid_to_side_loudness": -16.238290786743164,
      "mid_to_side_loudness_range": 24.48932647705078,
      "side_mean": -32.80906677246094
    },
    {
      "high_freq": 794.6976318359375,
      "loudness": -27.495702743530273,
      "loudness_range": 17.587589263916016,
      "low_freq": 392.3793640136719,
      "mid_mean": -24.681842803955078,
      "mid_to_side_loudness": -17.208179473876953,
      "mid_to_side_loudness_range": 25.365768432617188,
      "side_mean": -36.5135612487793
    },
    {
      "high_freq": 1457.5709228515625,
      "loudness": -23.682369232177734,
      "loudness_range": 17.905364990234375,
      "low_freq": 794.6976318359375,
      "mid_mean": -20.309314727783203,
      "mid_to_side_loudness": -21.792226791381836,
      "mid_to_side_loudness_range": 22.17165756225586,
      "side_mean": -39.75876998901367
    },
    {
      "high_freq": 2549.74365234375,
      "loudness": -35.88900375366211,
      "loudness_range": 27.28469467163086,
      "low_freq": 1457.5709228515625,
      "mid_mean": -33.20800018310547,
      "mid_to_side_loudness": -16.46187973022461,
      "mid_to_side_loudness_range": 24.8904972076416,
      "side_mean": -50.802791595458984
    },
    {
      "high_freq": 4349.24462890625,
      "loudness": -33.37252426147461,
      "loudness_range": 18.731687545776367,
      "low_freq": 2549.74365234375,
      "mid_mean": -29.883543014526367,
      "mid_to_side_loudness": -24.02497100830078,
      "mid_to_side_loudness_range": 21.292694091796875,
      "side_mean": -54.44441604614258
    },
    {
      "high_freq": 7314.1640625,
      "loudness": -45.04771423339844,
      "loudness_range": 27.5642147064209,
      "low_freq": 4349.24462890625,
      "mid_mean": -41.80792999267578,
      "mid_to_side_loudness": -28.17000389099121,
      "mid_to_side_loudness_range": 19.91455078125,
      "side_mean": -65.77625274658203
    },
    {
      "high_freq": 12199.2666015625,
      "loudness": -53.912784576416016,
      "loudness_range": 24.595699310302734,
      "low_freq": 7314.1640625,
      "mid_mean": -53.240394592285156,
      "mid_to_side_loudness": -25.24304962158203,
      "mid_to_side_loudness_range": 31.754974365234375,
      "side_mean": -69.16082000732422
    },
    {
      "loudness": -73.74853515625,
      "loudness_range": 11.667503356933594,
      "low_freq": 12199.2666015625,
      "mid_mean": -67.08007049560547,
      "mid_to_side_loudness": -8.661444664001465,
      "mid_to_side_loudness_range": 14.688270568847656,
      "side_mean": -69.54967498779297
    }
  ],
  "bandwidth": 755.7228393554688,
  "channels": 2,
  "covariance": [
    [
      176.8297119140625,
      76.78852081298828,
      48.21134948730469,
      90.82846069335938,
      46.25146484375,
      100.97309875488281,
      44.08074951171875,
      89.7395248413086,
      50.243797302246094,
      93.4402084350586,
      -3.7915148735046387,
      27.87379264831543,
      24.982187271118164,
      14.479146003723145,
      52.29970932006836,
      4.935019016265869,
      0.6854499578475952,
      0.21638326346874237
    ],
    [
      76.78852081298828,
      84.50562286376953,
      11.257678985595703,
      39.7984733581543,
      21.819597244262695,
      42.16242218017578,
      13.662367820739746,
      19.317970275878906,
      2.6864941120147705,
      4.233975410461426,
      -1.6508744955062866,
      -9.405095100402832,
      2.390218496322632,
      0.048910293728113174,
      24.902973175048828,
      1.8671997785568237,
      -3.880889415740967,
      0.16136503219604492
    ],
    [
      48.21134948730469,
      11.257678985595703,
      58.810142517089844,
      32.76038360595703,
      18.662525177001953,
      45.89045715332031,
      24.6256046295166,
      43.20551681518555,
      22.762971878051758,
      52.44466018676758,
      3.7706682682037354,
      22.20534324645996,
      20.264944076538086,
      12.439493179321289,
      31.74764060974121,
      2.436349630355835,
      7.149364471435547,
      0.2110832929611206
    ],
    [
      90.82846069335938,
      39.7984733581543,
      32.76038360595703,
      117.8409423828125,
      38.89857864379883,
      72.66483306884766,
      28.589019775390625,
      74.5629653930664,
      38.20948791503906,
      66.9568862915039,
      -5.961336135864258,
      17.097719192504883,
      16.677831649780273,
      10.237931251525879,
      41.0723991394043,
      3.070000410079956,
      0.21566276252269745,
      -0.01602778211236
    ],
    [
      46.25146484375,
      21.819597244262695,
      18.662525177001953,
      38.89857864379883,
      54.60935974121094,
      25.57021141052246,
      13.021658897399902,
      35.731536865234375,
      30.704776763916016,
      49.26485061645508,
      10.135644912719727,
      22.741132736206055,
      3.7349698543548584,
      3.9450130462646484,
      30.050643920898438,
      2.227808713912964,
      -0.6261574625968933,
      0.3640393018722534
    ],
    [
      100.97309875488281,
      42.16242218017578,
      45.89045715332031,
      72.66483306884766,
      25.57021141052246,
      108.09950256347656,
      38.303897857666016,
      74.21859741210938,
      27.5377197265625,
      68.47940826416016,
      -7.368879318237305,
      20.2990665435791,
      31.44959259033203,
      19.651195526123047,
      45.355926513671875,
      3.9470667839050293,
      6.92856502532959,
      0.018967358395457268
    ],
    [
      44.08074951171875,
      13.662367820739746,
      24.6256046295166,
      28.589019775390625,
      13.021658897399902,
      38.303897857666016,
      43.36273956298828,
      38.78586959838867,
      20.504047393798828,
      51.682029724121094,
      8.701249122619629,
      25.639347076416016,
      29.21636390686035,
      15.052424430847168,
      39.68242263793945,
      2.562974691390991,
      7.4021220207214355,
      0.13760192692279816
    ],
    [
      89.7395248413086,
      19.317970275878906,
      43.20551681518555,
      74.5629653930664,
      35.731536865234375,
      74.21859741210938,
      38.78586959838867,
      97.93306732177734,
      44.9736442565918,
      94.05294036865234,
      4.46962308883667,
      43.82057189941406,
      31.232797622680664,
      20.53549575805664,
      50.90709686279297,
      5.191045761108398,
      6.701793193817139,
      0.34554895758628845
    ],
    [
      50.243797302246094,
      2.6864941120147705,
      22.762971878051758,
      38.20948791503906,
      30.704776763916016,
      27.5377197265625,
      20.504047393798828,
      44.9736442565918,
      84.86544036865234,
      79.85546875,
      9.29610824584961,
      31.955781936645508,
      2.3465771675109863,
      5.477294921875,
      24.91216468811035,
      3.2620866298675537,
      -0.003819270059466362,
      0.4716413915157318
    ],
    [
      93.4402084350586,
      4.233975410461426,
      52.44466018676758,
      66.9568862915039,
      49.26485061645508,
      68.47940826416016,
      51.682029724121094,
      94.05294036865234,
      79.85546875,
      156.54771423339844,
      18.177051544189453,
      86.26631164550781,
      38.32950973510742,
      30.382009506225586,
      83.69387817382812,
      7.188830852508545,
      12.449138641357422,
      1.0105890035629272
    ],
    [
      -3.7915148735046387,
      -1.6508744955062866,
      3.7706682682037354,
      -5.961336135864258,
      10.135644912719727,
      -7.368879318237305,
      8.701249122619629,
      4.46962308883667,
      9.29610824584961,
      18.177051544189453,
      35.62805938720703,
      22.10805892944336,
      -4.372610092163086,
      -1.513864517211914,
      19.248254776000977,
      0.28934362530708313,
      -1.1176847219467163,
      0.2920786738395691
    ],
    [
      27.87379264831543,
      -9.405095100402832,
      22.20534324645996,
      17.097719192504883,
      22.741132736206055,
      20.2990665435791,
      25.639347076416016,
      43.82057189941406,
      31.955781936645508,
      86.26631164550781,
      22.10805892944336,
      65.92587280273438,
      20.65324592590332,
      19.67349624633789,
      53.39860534667969,
      4.780800819396973,
      9.250292778015137,
      0.8070143461227417
    ],
    [
      24.982187271118164,
      2.390218496322632,
      20.264944076538086,
      16.677831649780273,
      3.7349698543548584,
      31.44959259033203,
      29.21636390686035,
      31.232797622680664,
      2.3465771675109863,
      38.32950973510742,
      -4.372610092163086,
      20.65324592590332,
      72.01864624023438,
      29.877254486083984,
      33.91248321533203,
      2.9253315925598145,
      19.964675903320312,
      -0.2668827474117279
    ],
    [
      14.479146003723145,
      0.048910293728113174,
      12.439493179321289,
      10.237931251525879,
      3.9450130462646484,
      19.651195526123047,
      15.052424430847168,
      20.53549575805664,
      5.477294921875,
      30.382009506225586,
      -1.513864517211914,
      19.67349624633789,
      29.877254486083984,
      23.226442337036133,
      21.389984130859375,
      4.130520820617676,
      10.691036224365234,
      0.29143133759498596
    ],
    [
      52.29970932006836,
      24.902973175048828,
      31.74764060974121,
      41.0723991394043,
      30.050643920898438,
      45.355926513671875,
      39.68242263793945,
      50.90709686279297,
      24.91216468811035,
      83.69387817382812,
      19.248254776000977,
      53.39860534667969,
      33.91248321533203,
      21.389984130859375,
      89.4758071899414,
      4.492751121520996,
      14.09747314453125,
      0.3960365355014801
    ],
    [
      4.935019016265869,
      1.8671997785568237,
      2.436349630355835,
      3.070000410079956,
      2.227808713912964,
      3.9470667839050293,
      2.562974691390991,
      5.191045761108398,
      3.2620866298675537,
      7.188830852508545,
      0.28934362530708313,
      4.780800819396973,
      2.9253315925598145,
      4.130520820617676,
      4.492751121520996,
      1.4247545003890991,
      1.3786827325820923,
      0.18326830863952637
    ],
    [
      0.6854499578475952,
      -3.880889415740967,
      7.149364471435547,
      0.21566276252269745,
      -0.6261574625968933,
      6.92856502532959,
      7.4021220207214355,
      6.701793193817139,
      -0.003819270059466362,
      12.449138641357422,
      -1.1176847219467163,
      9.250292778015137,
      19.964675903320312,
      10.691036224365234,
      14.09747314453125,
      1.3786827325820923,
      10.931514739990234,
      -0.01661185547709465
    ],
    [
      0.21638326346874237,
      0.16136503219604492,
      0.2110832929611206,
      -0.01602778211236,
      0.3640393018722534,
      0.018967358395457268,
      0.13760192692279816,
      0.34554895758628845,
      0.4716413915157318,
      1.0105890035629272,
      0.2920786738395691,
      0.8070143461227417,
      -0.2668827474117279,
      0.29143133759498596,
      0.3960365355014801,
      0.18326830863952637,
      -0.01661185547709465,
      0.05745964124798775
    ]
  ],
  "covariance_short": [
    [
      180.20179748535156,
      163.33670043945312,
      54.414588928222656,
      87.45488739013672,
      51.01464080810547,
      84.96583557128906,
      50.56746292114258,
      92.55062103271484,
      68.20374298095703,
      113.52464294433594,
      22.16153335571289,
      56.08238983154297,
      42.99590301513672,
      10.04006576538086,
      85.31489562988281,
      2.967172861099243,
      6.869344234466553,
      0.13345856964588165
    ],
    [
      163.33670043945312,
      162.07383728027344,
      57.04582595825195,
      89.11366271972656,
      50.4112434387207,
      87.1187973022461,
      49.64585876464844,
      89.4932632446289,
      62.9681282043457,
      113.63802337646484,
      20.15353775024414,
      57.51572036743164,
      36.656734466552734,
      11.448891639709473,
      84.9021987915039,
      3.322131872177124,
      7.216855049133301,
      0.587870717048645
    ],
    [
      54.414588928222656,
      57.04582595825195,
      58.942508697509766,
      34.58292770385742,
      21.475353240966797,
      39.953399658203125,
      26.39780616760254,
      44.809486389160156,
      24.04046630859375,
      56.57603454589844,
      4.847021102905273,
      26.384944915771484,
      21.71681022644043,
      11.53753662109375,
      37.22578048706055,
      2.293356418609619,
      5.603466987609863,
      0.259703129529953
    ],
    [
      87.45488739013672,
      89.11366271972656,
      34.58292770385742,
      118.33757781982422,
      34.7518196105957,
      76.29727935791016,
      28.642885208129883,
      74.71276092529297,
      37.98502731323242,
      66.56596374511719,
      -4.1278791427612305,
      20.115556716918945,
      21.39096450805664,
      10.316150665283203,
      49.83076858520508,
      2.7315380573272705,
      2.085452079772949,
      0.03587387874722481
    ],
    [
      51.01464080810547,
      50.4112434387207,
      21.475353240966797,
      34.7518196105957,
      55.9932861328125,
      24.604503631591797,
      13.475814819335938,
      36.93599319458008,
      32.306827545166016,
      49.824676513671875,
      9.42618179321289,
      23.98313331604004,
      7.601131439208984,
      4.842474937438965,
      32.30027389526367,
      2.0297725200653076,
      1.7898956537246704,
      0.3519735336303711
    ],
    [
      84.96583557128906,
      87.1187973022461,
      39.953399658203125,
      76.29727935791016,
      24.604503631591797,
      106.02510833740234,
      37.44309997558594,
      73.91089630126953,
      24.546833038330078,
      65.57464599609375,
      -3.4699695110321045,
      25.89124298095703,
      31.46421241760254,
      16.01311492919922,
      55.764583587646484,
      3.2633039951324463,
      5.2152323722839355,
      -0.005769273731857538
    ],
    [
      50.56746292114258,
      49.64585876464844,
      26.39780616760254,
      28.642885208129883,
      13.475814819335938,
      37.44309997558594,
      48.522300720214844,
      39.62920379638672,
      19.356830596923828,
      52.12993621826172,
      11.49942684173584,
      29.579246520996094,
      35.315006256103516,
      15.15670394897461,
      47.57563781738281,
      2.5038862228393555,
      7.001095294952393,
      0.1081015095114708
    ],
    [
      92.55062103271484,
      89.4932632446289,
      44.809486389160156,
      74.71276092529297,
      36.93599319458008,
      73.91089630126953,
      39.62920379638672,
      104.44379425048828,
      45.29281234741211,
      97.17192840576172,
      6.8405842781066895,
      48.00814437866211,
      37.55659484863281,
      21.3128604888916,
      62.09043884277344,
      4.827319622039795,
      7.294877529144287,
      0.3696179986000061
    ],
    [
      68.20374298095703,
      62.9681282043457,
      24.04046630859375,
      37.98502731323242,
      32.306827545166016,
      24.546833038330078,
      19.356830596923828,
      45.29281234741211,
      89.46145629882812,
      80.46147918701172,
      11.615324020385742,
      35.527442932128906,
      10.6290283203125,
      7.875705242156982,
      32.02677917480469,
      3.139894962310791,
      3.0395395755767822,
      0.4294930100440979
    ],
    [
      113.52464294433594,
      113.63802337646484,
      56.57603454589844,
      66.56596374511719,
      49.824676513671875,
      65.57464599609375,
      52.12993621826172,
      97.17192840576172,
      80.46147918701172,
      158.13075256347656,
      22.619388580322266,
      91.31507110595703,
      44.32070541381836,
      30.13917350769043,
      94.78328704833984,
      6.631132125854492,
      12.50355052947998,
      0.9759989976882935
    ],
    [
      22.16153335571289,
      20.15353775024414,
      4.847021102905273,
      -4.1278791427612305,
      9.42618179321289,
      -3.4699695110321045,
      11.49942684173584,
      6.8405842781066895,
      11.615324020385742,
      22.619388580322266,
      48.99330139160156,
      29.992095947265625,
      1.844356656074524,
      0.9808118939399719,
      25.38714599609375,
      0.827434778213501,
      2.3553221225738525,
      0.2612234354019165
    ],
    [
      56.08238983154297,
      57.51572036743164,
      26.384944915771484,
      20.115556716918945,
      23.98313331604004,
      25.89124298095703,
      29.579246520996094,
      48.00814437866211,
      35.527442932128906,
      91.31507110595703,
      29.992095947265625,
      73.20181274414062,
      26.057132720947266,
      20.594064712524414,
      62.44035339355469,
      4.623802185058594,
      9.477855682373047,
      0.7584483623504639
    ],
    [
      42.99590301513672,
      36.656734466552734,
      21.71681022644043,
      21.39096450805664,
      7.601131439208984,
      31.46421241760254,
      35.315006256103516,
      37.55659484863281,
      10.6290283203125,
      44.32070541381836,
      1.844356656074524,
      26.057132720947266,
      80.798095703125,
      29.532447814941406,
      49.00092315673828,
      2.618245840072632,
      15.953836441040039,
      -0.3910509943962097
    ],
    [
      10.04006576538086,
      11.448891639709473,
      11.53753662109375,
      10.316150665283203,
      4.842474937438965,
      16.01311492919922,
      15.15670394897461,
      21.3128604888916,
      7.875705242156982,
      30.13917350769043,
      0.9808118939399719,
      20.594064712524414,
      29.532447814941406,
      22.56749725341797,
      23.64920425415039,
      3.9251749515533447,
      8.276310920715332,
      0.3120506703853607
    ],
    [
      85.31489562988281,
      84.9021987915039,
      37.22578048706055,
      49.83076858520508,
      32.30027389526367,
      55.764583587646484,
      47.57563781738281,
      62.09043884277344,
      32.02677917480469,
      94.78328704833984,
      25.38714599609375,
      62.44035339355469,
      49.00092315673828,
      23.64920425415039,
      109.26387023925781,
      4.84602689743042,
      16.159204483032227,
      0.2953926622867584
    ],
    [
      2.967172861099243,
      3.322131872177124,
      2.293356418609619,
      2.7315380573272705,
      2.0297725200653076,
      3.2633039951324463,
      2.5038862228393555,
      4.827319622039795,
      3.139894962310791,
      6.631132125854492,
      0.827434778213501,
      4.623802185058594,
      2.618245840072632,
      3.9251749515533447,
      4.84602689743042,
      1.555578351020813,
      1.0909569263458252,
      0.23596730828285217
    ],
    [
      6.869344234466553,
      7.216855049133301,
      5.603466987609863,
      2.085452079772949,
      1.7898956537246704,
      5.2152323722839355,
      7.001095294952393,
      7.294877529144287,
      3.0395395755767822,
      12.50355052947998,
      2.3553221225738525,
      9.477855682373047,
      15.953836441040039,
      8.276310920715332,
      16.159204483032227,
      1.0909569263458252,
      8.935946464538574,
      -0.009407429955899715
    ],
    [
      0.13345856964588165,
      0.587870717048645,
      0.259703129529953,
      0.03587387874722481,
      0.3519735336303711,
      -0.005769273731857538,
      0.1081015095114708,
      0.3696179986000061,
      0.4294930100440979,
      0.9759989976882935,
      0.2612234354019165,
      0.7584483623504639,
      -0.3910509943962097,
      0.3120506703853607,
      0.2953926622867584,
      0.23596730828285217,
      -0.009407429955899715,
      0.08495523780584335
    ]
  ],
  "damage": -7.442954063415527,
  "diff_bandwidth": 862.8612670898438,
  "dissonance": 1.9714130709562527,
  "drr": 5.432363033294678,
  "dynamics": 3.4851627349853516,
  "format": 1245190,
  "frames": 7862272,
  "loudness": -15.02538013458252,
  "loudness_range": 9.70443344116211,
  "loudness_range_short": 12.205557823181152,
  "lowpass_true_peak_15khz": -0.9900849461555481,
  "mastering3_acoustic_entropies": [
    {
      "acoustic_entropy": 12.865093231201172,
      "acoustic_entropy_mono": 12.724029541015625,
      "band_eliminated_acoustic_entropies": [
        {
          "acoustic_entropy": 12.865031242370605,
          "acoustic_entropy_side": 12.865094184875488,
          "hz": 129.47220167065723
        },
        {
          "acoustic_entropy": 12.76185417175293,
          "acoustic_entropy_side": 12.860258102416992,
          "hz": 202.92927478742237
        },
        {
          "acoustic_entropy": 12.766351699829102,
          "acoustic_entropy_side": 12.85500431060791,
          "hz": 282.89161906338205
        },
        {
          "acoustic_entropy": 12.286466598510742,
          "acoustic_entropy_side": 12.82082462310791,
          "hz": 369.9353335868758
        },
        {
          "acoustic_entropy": 12.541350364685059,
          "acoustic_entropy_side": 12.869229316711426,
          "hz": 464.6875360973435
        },
        {
          "acoustic_entropy": 12.746186256408691,
          "acoustic_entropy_side": 12.874817848205566,
          "hz": 567.8308811364784
        },
        {
          "acoustic_entropy": 11.779579162597656,
          "acoustic_entropy_side": 12.827900886535645,
          "hz": 680.1084783214808
        },
        {
          "acoustic_entropy": 12.781319618225098,
          "acoustic_entropy_side": 12.74534797668457,
          "hz": 802.3292461747484
        },
        {
          "acoustic_entropy": 12.552312850952148,
          "acoustic_entropy_side": 12.88525390625,
          "hz": 935.3737400823702
        },
        {
          "acoustic_entropy": 10.621938705444336,
          "acoustic_entropy_side": 12.867443084716797,
          "hz": 1080.2004963696966
        },
        {
          "acoustic_entropy": 11.706611633300781,
          "acoustic_entropy_side": 12.90782642364502,
          "hz": 1237.8529382007157
        },
        {
          "acoustic_entropy": 12.126524925231934,
          "acoustic_entropy_side": 12.891654968261719,
          "hz": 1409.4668930556702
        },
        {
          "acoustic_entropy": 12.928030014038086,
          "acoustic_entropy_side": 12.896434783935547,
          "hz": 1596.2787759475705
        },
        {
          "acoustic_entropy": 12.895830154418945,
          "acoustic_entropy_side": 12.863913536071777,
          "hz": 1799.6344973346393
        },
        {
          "acoustic_entropy": 11.625872611999512,
          "acoustic_entropy_side": 12.87076473236084,
          "hz": 2020.9991599069049
        },
        {
          "acoustic_entropy": 12.7233247756958,
          "acoustic_entropy_side": 12.86701774597168,
          "hz": 2261.9676141086993
        },
        {
          "acoustic_entropy": 12.695963859558105,
          "acoustic_entropy_side": 12.865121841430664,
          "hz": 2524.2759484456974
        },
        {
          "acoustic_entropy": 13.005783081054688,
          "acoustic_entropy_side": 12.865867614746094,
          "hz": 2809.813997359896
        },
        {
          "acoustic_entropy": 12.176652908325195,
          "acoustic_entropy_side": 12.865215301513672,
          "hz": 3120.6389567871424
        },
        {
          "acoustic_entropy": 12.590006828308105,
          "acoustic_entropy_side": 12.865360260009766,
          "hz": 3458.990205492291
        },
        {
          "acoustic_entropy": 11.76766586303711,
          "acoustic_entropy_side": 12.865325927734375,
          "hz": 3827.305438964164
        },
        {
          "acoustic_entropy": 12.661365509033203,
          "acoustic_entropy_side": 12.865144729614258,
          "hz": 4228.238232109126
        },
        {
          "acoustic_entropy": 12.350154876708984,
          "acoustic_entropy_side": 12.86512279510498,
          "hz": 4664.6771572759235
        },
        {
          "acoustic_entropy": 12.626235008239746,
          "acoustic_entropy_side": 12.865104675292969,
          "hz": 5139.766595350093
        },
        {
          "acoustic_entropy": 12.62873363494873,
          "acoustic_entropy_side": 12.865096092224121,
          "hz": 5656.929389854203
        },
        {
          "acoustic_entropy": 12.810317993164062,
          "acoustic_entropy_side": 12.865097999572754,
          "hz": 6219.891507268283
        },
        {
          "acoustic_entropy": 12.873366355895996,
          "acoustic_entropy_side": 12.865093231201172,
          "hz": 6832.70888123896
        },
        {
          "acoustic_entropy": 12.86438274383545,
          "acoustic_entropy_side": 12.865093231201172,
          "hz": 7499.796634079867
        },
        {
          "acoustic_entropy": 12.870141983032227,
          "acoustic_entropy_side": 12.865093231201172,
          "hz": 8225.96088609342
        },
        {
          "acoustic_entropy": 12.855148315429688,
          "acoustic_entropy_side": 12.865093231201172,
          "hz": 9016.43338188839
        },
        {
          "acoustic_entropy": 12.862528800964355,
          "acoustic_entropy_side": 12.865093231201172,
          "hz": 9876.909183162974
        },
        {
          "acoustic_entropy": 12.864222526550293,
          "acoustic_entropy_side": 12.865093231201172,
          "hz": 10813.587699516042
        },
        {
          "acoustic_entropy": 12.865092277526855,
          "acoustic_entropy_side": 12.865093231201172,
          "hz": 11833.21735289826
        },
        {
          "acoustic_entropy": 12.865092277526855,
          "acoustic_entropy_side": 12.865093231201172,
          "hz": 12943.144197493959
        },
        {
          "acoustic_entropy": 12.865090370178223,
          "acoustic_entropy_side": 12.865093231201172,
          "hz": 14151.364845322005
        },
        {
          "acoustic_entropy": 12.865090370178223,
          "acoustic_entropy_side": 12.865093231201172,
          "hz": 15466.58407886509
        },
        {
          "acoustic_entropy": 12.865092277526855,
          "acoustic_entropy_side": 12.865093231201172,
          "hz": 16898.27756580493
        },
        {
          "acoustic_entropy": 12.865093231201172,
          "acoustic_entropy_side": 12.865093231201172,
          "hz": 18456.760127700032
        },
        {
          "acoustic_entropy": 12.865092277526855,
          "acoustic_entropy_side": 12.865093231201172,
          "hz": 20153.260054456492
        },
        {
          "acoustic_entropy": 12.865093231201172,
          "acoustic_entropy_side": 12.865093231201172,
          "hz": 22000.00000000001
        }
      ],
      "diff_acoustic_entropy": 6.85650110244751,
      "sn": 6
    },
    {
      "acoustic_entropy": 17.296344757080078,
      "acoustic_entropy_mono": 17.4381160736084,
      "band_eliminated_acoustic_entropies": [
        {
          "acoustic_entropy": 17.300600051879883,
          "acoustic_entropy_side": 17.296924591064453,
          "hz": 129.47220167065723
        },
        {
          "acoustic_entropy": 17.471914291381836,
          "acoustic_entropy_side": 17.388696670532227,
          "hz": 202.92927478742237
        },
        {
          "acoustic_entropy": 17.197330474853516,
          "acoustic_entropy_side": 17.508054733276367,
          "hz": 282.89161906338205
        },
        {
          "acoustic_entropy": 17.5267276763916,
          "acoustic_entropy_side": 17.10920524597168,
          "hz": 369.9353335868758
        },
        {
          "acoustic_entropy": 16.629301071166992,
          "acoustic_entropy_side": 17.300601959228516,
          "hz": 464.6875360973435
        },
        {
          "acoustic_entropy": 16.768753051757812,
          "acoustic_entropy_side": 17.467546463012695,
          "hz": 567.8308811364784
        },
        {
          "acoustic_entropy": 16.429079055786133,
          "acoustic_entropy_side": 17.600841522216797,
          "hz": 680.1084783214808
        },
        {
          "acoustic_entropy": 16.969818115234375,
          "acoustic_entropy_side": 16.796733856201172,
          "hz": 802.3292461747484
        },
        {
          "acoustic_entropy": 17.197202682495117,
          "acoustic_entropy_side": 17.665807723999023,
          "hz": 935.3737400823702
        },
        {
          "acoustic_entropy": 16.471725463867188,
          "acoustic_entropy_side": 17.45025634765625,
          "hz": 1080.2004963696966
        },
        {
          "acoustic_entropy": 16.487550735473633,
          "acoustic_entropy_side": 16.83475685119629,
          "hz": 1237.8529382007157
        },
        {
          "acoustic_entropy": 16.79847526550293,
          "acoustic_entropy_side": 16.933969497680664,
          "hz": 1409.4668930556702
        },
        {
          "acoustic_entropy": 16.90144157409668,
          "acoustic_entropy_side": 17.261932373046875,
          "hz": 1596.2787759475705
        },
        {
          "acoustic_entropy": 17.835067749023438,
          "acoustic_entropy_side": 17.301597595214844,
          "hz": 1799.6344973346393
        },
        {
          "acoustic_entropy": 17.121875762939453,
          "acoustic_entropy_side": 17.346149444580078,
          "hz": 2020.9991599069049
        },
        {
          "acoustic_entropy": 16.858211517333984,
          "acoustic_entropy_side": 17.283214569091797,
          "hz": 2261.9676141086993
        },
        {
          "acoustic_entropy": 16.95717430114746,
          "acoustic_entropy_side": 17.289169311523438,
          "hz": 2524.2759484456974
        },
        {
          "acoustic_entropy": 18.026601791381836,
          "acoustic_entropy_side": 17.28717613220215,
          "hz": 2809.813997359896
        },
        {
          "acoustic_entropy": 16.508867263793945,
          "acoustic_entropy_side": 17.272310256958008,
          "hz": 3120.6389567871424
        },
        {
          "acoustic_entropy": 16.498275756835938,
          "acoustic_entropy_side": 17.290578842163086,
          "hz": 3458.990205492291
        },
        {
          "acoustic_entropy": 16.09521484375,
          "acoustic_entropy_side": 17.291614532470703,
          "hz": 3827.305438964164
        },
        {
          "acoustic_entropy": 17.659164428710938,
          "acoustic_entropy_side": 17.296232223510742,
          "hz": 4228.238232109126
        },
        {
          "acoustic_entropy": 16.833715438842773,
          "acoustic_entropy_side": 17.2962646484375,
          "hz": 4664.6771572759235
        },
        {
          "acoustic_entropy": 16.390888214111328,
          "acoustic_entropy_side": 17.29642105102539,
          "hz": 5139.766595350093
        },
        {
          "acoustic_entropy": 17.310340881347656,
          "acoustic_entropy_side": 17.29630470275879,
          "hz": 5656.929389854203
        },
        {
          "acoustic_entropy": 17.055683135986328,
          "acoustic_entropy_side": 17.29621696472168,
          "hz": 6219.891507268283
        },
        {
          "acoustic_entropy": 17.286651611328125,
          "acoustic_entropy_side": 17.296344757080078,
          "hz": 6832.70888123896
        },
        {
          "acoustic_entropy": 17.275665283203125,
          "acoustic_entropy_side": 17.296342849731445,
          "hz": 7499.796634079867
        },
        {
          "acoustic_entropy": 17.292686462402344,
          "acoustic_entropy_side": 17.296340942382812,
          "hz": 8225.96088609342
        },
        {
          "acoustic_entropy": 17.309803009033203,
          "acoustic_entropy_side": 17.29634666442871,
          "hz": 9016.43338188839
        },
        {
          "acoustic_entropy": 17.27522087097168,
          "acoustic_entropy_side": 17.296342849731445,
          "hz": 9876.909183162974
        },
        {
          "acoustic_entropy": 17.286142349243164,
          "acoustic_entropy_side": 17.296344757080078,
          "hz": 10813.587699516042
        },
        {
          "acoustic_entropy": 17.295063018798828,
          "acoustic_entropy_side": 17.296344757080078,
          "hz": 11833.21735289826
        },
        {
          "acoustic_entropy": 17.296436309814453,
          "acoustic_entropy_side": 17.296344757080078,
          "hz": 12943.144197493959
        },
        {
          "acoustic_entropy": 17.296480178833008,
          "acoustic_entropy_side": 17.296344757080078,
          "hz": 14151.364845322005
        },
        {
          "acoustic_entropy": 17.296329498291016,
          "acoustic_entropy_side": 17.296344757080078,
          "hz": 15466.58407886509
        },
        {
          "acoustic_entropy": 17.296342849731445,
          "acoustic_entropy_side": 17.296344757080078,
          "hz": 16898.27756580493
        },
        {
          "acoustic_entropy": 17.296342849731445,
          "acoustic_entropy_side": 17.296344757080078,
          "hz": 18456.760127700032
        },
        {
          "acoustic_entropy": 17.296344757080078,
          "acoustic_entropy_side": 17.296344757080078,
          "hz": 20153.260054456492
        },
        {
          "acoustic_entropy": 17.29634666442871,
          "acoustic_entropy_side": 17.296344757080078,
          "hz": 22000.00000000001
        }
      ],
      "diff_acoustic_entropy": 10.159278869628906,
      "sn": 12
    },
    {
      "acoustic_entropy": 24.532480239868164,
      "acoustic_entropy_mono": 23.739578247070312,
      "band_eliminated_acoustic_entropies": [
        {
          "acoustic_entropy": 24.39743995666504,
          "acoustic_entropy_side": 24.491273880004883,
          "hz": 129.47220167065723
        },
        {
          "acoustic_entropy": 24.67142105102539,
          "acoustic_entropy_side": 24.493305206298828,
          "hz": 202.92927478742237
        },
        {
          "acoustic_entropy": 23.844558715820312,
          "acoustic_entropy_side": 23.819068908691406,
          "hz": 282.89161906338205
        },
        {
          "acoustic_entropy": 24.410242080688477,
          "acoustic_entropy_side": 24.688457489013672,
          "hz": 369.9353335868758
        },
        {
          "acoustic_entropy": 24.77740478515625,
          "acoustic_entropy_side": 24.470748901367188,
          "hz": 464.6875360973435
        },
        {
          "acoustic_entropy": 24.07319450378418,
          "acoustic_entropy_side": 24.507429122924805,
          "hz": 567.8308811364784
        },
        {
          "acoustic_entropy": 24.320281982421875,
          "acoustic_entropy_side": 24.279874801635742,
          "hz": 680.1084783214808
        },
        {
          "acoustic_entropy": 24.14435577392578,
          "acoustic_entropy_side": 24.616445541381836,
          "hz": 802.3292461747484
        },
        {
          "acoustic_entropy": 24.542314529418945,
          "acoustic_entropy_side": 24.492095947265625,
          "hz": 935.3737400823702
        },
        {
          "acoustic_entropy": 24.642744064331055,
          "acoustic_entropy_side": 24.22857666015625,
          "hz": 1080.2004963696966
        },
        {
          "acoustic_entropy": 24.99544334411621,
          "acoustic_entropy_side": 24.73992347717285,
          "hz": 1237.8529382007157
        },
        {
          "acoustic_entropy": 24.066858291625977,
          "acoustic_entropy_side": 24.242185592651367,
          "hz": 1409.4668930556702
        },
        {
          "acoustic_entropy": 24.796283721923828,
          "acoustic_entropy_side": 24.939067840576172,
          "hz": 1596.2787759475705
        },
        {
          "acoustic_entropy": 24.209732055664062,
          "acoustic_entropy_side": 24.559391021728516,
          "hz": 1799.6344973346393
        },
        {
          "acoustic_entropy": 22.628679275512695,
          "acoustic_entropy_side": 24.651430130004883,
          "hz": 2020.9991599069049
        },
        {
          "acoustic_entropy": 23.49999237060547,
          "acoustic_entropy_side": 24.42905044555664,
          "hz": 2261.9676141086993
        },
        {
          "acoustic_entropy": 24.318273544311523,
          "acoustic_entropy_side": 24.75755500793457,
          "hz": 2524.2759484456974
        },
        {
          "acoustic_entropy": 24.769088745117188,
          "acoustic_entropy_side": 24.556015014648438,
          "hz": 2809.813997359896
        },
        {
