{
  "acoustic_entropy": 165.18838500976562,
  "bands": [
    {
      "high_freq": 148.1999969482422,
      "loudness": -17.402299880981445,
      "loudness_range": 13.90566635131836,
      "mid_mean": -13.93325424194336,
      "mid_to_side_loudness": -15.997733116149902,
      "mid_to_side_loudness_range": 29.887338638305664,
      "side_mean": -31.574804306030273
    },
    {
      "high_freq": 392.3793640136719,
      "loudness": -24.271648406982422,
      "loudness_range": 12.43562126159668,
      "low_freq": 148.1999969482422,
      "mid_mean": -21.601869583129883,
      "mid_to_side_loudness": -7.264919281005859,
      "mid_to_side_loudness_range": 14.857868194580078,
      "side_mean": -29.591699600219727
    },
    {
      "high_freq": 794.6976318359375,
      "loudness": -26.643905639648438,
      "loudness_range": 14.109128952026367,
      "low_freq": 392.3793640136719,
      "mid_mean": -24.87289810180664,
      "mid_to_side_loudness": -3.263279914855957,
      "mid_to_side_loudness_range": 8.576150894165039,
      "side_mean": -27.8745174407959
    },
    {
      "high_freq": 1457.5709228515625,
      "loudness": -26.830350875854492,
      "loudness_range": 15.237035751342773,
      "low_freq": 794.6976318359375,
      "mid_mean": -25.402828216552734,
      "mid_to_side_loudness": -2.1909306049346924,
      "mid_to_side_loudness_range": 6.838150501251221,
      "side_mean": -27.13692855834961
    },
    {
      "high_freq": 2549.74365234375,
      "loudness": -27.90108299255371,
      "loudness_range": 15.646224975585938,
      "low_freq": 1457.5709228515625,
      "mid_mean": -25.69642448425293,
      "mid_to_side_loudness": -4.568010330200195,
      "mid_to_side_loudness_range": 8.463499069213867,
      "side_mean": -30.01039695739746
    },
    {
      "high_freq": 4349.24462890625,
      "loudness": -26.574003219604492,
      "loudness_range": 14.320243835449219,
      "low_freq": 2549.74365234375,
      "mid_mean": -24.26338768005371,
      "mid_to_side_loudness": -5.707364559173584,
      "mid_to_side_loudness_range": 12.685376167297363,
      "side_mean": -30.16617202758789
    },
    {
      "high_freq": 7314.1640625,
      "loudness": -27.711902618408203,
      "loudness_range": 15.80599594116211,
      "low_freq": 4349.24462890625,
      "mid_mean": -25.42675018310547,
      "mid_to_side_loudness": -5.004073619842529,
      "mid_to_side_loudness_range": 11.30534839630127,
      "side_mean": -30.834505081176758
    },
    {
      "high_freq": 12199.2666015625,
      "loudness": -29.574951171875,
      "loudness_range": 19.104839324951172,
      "low_freq": 7314.1640625,
      "mid_mean": -27.547401428222656,
      "mid_to_side_loudness": -4.25272274017334,
      "mid_to_side_loudness_range": 11.651742935180664,
      "side_mean": -32.285221099853516
    },
    {
      "loudness": -32.866363525390625,
      "loudness_range": 20.6069393157959,
      "low_freq": 12199.2666015625,
      "mid_mean": -30.784339904785156,
      "mid_to_side_loudness": -4.704277515411377,
      "mid_to_side_loudness_range": 13.904911041259766,
      "side_mean": -36.79446792602539
    }
  ],
  "bands_short": [
    {
      "high_freq": 148.1999969482422,
      "loudness": -22.175762176513672,
      "loudness_range": 28.66472625732422,
      "mid_mean": -19.294864654541016,
      "mid_to_side_loudness": -12.453995704650879,
      "mid_to_side_loudness_range": 32.21059799194336,
      "side_mean": -33.49089813232422
    },
    {
      "high_freq": 392.3793640136719,
      "loudness": -25.506338119506836,
      "loudness_range": 23.374862670898438,
      "low_freq": 148.1999969482422,
      "mid_mean": -23.333005905151367,
      "mid_to_side_loudness": -5.325251579284668,
      "mid_to_side_loudness_range": 16.347352981567383,
      "side_mean": -29.5767822265625
    },
    {
      "high_freq": 794.6976318359375,
      "loudness": -27.609302520751953,
      "loudness_range": 18.168678283691406,
      "low_freq": 392.3793640136719,
      "mid_mean": -26.466659545898438,
      "mid_to_side_loudness": -1.8779232501983643,
      "mid_to_side_loudness_range": 12.004044532775879,
      "side_mean": -28.521488189697266
    },
    {
      "high_freq": 1457.5709228515625,
      "loudness": -27.58321762084961,
      "loudness_range": 17.800033569335938,
      "low_freq": 794.6976318359375,
      "mid_mean": -26.698366165161133,
      "mid_to_side_loudness": -1.2202836275100708,
      "mid_to_side_loudness_range": 9.967084884643555,
      "side_mean": -27.833192825317383
    },
    {
      "high_freq": 2549.74365234375,
      "loudness": -29.543893814086914,
      "loudness_range": 21.913433074951172,
      "low_freq": 1457.5709228515625,
      "mid_mean": -27.911163330078125,
      "mid_to_side_loudness": -2.8149654865264893,
      "mid_to_side_loudness_range": 9.393980026245117,
      "side_mean": -30.96143913269043
    },
    {
      "high_freq": 4349.24462890625,
      "loudness": -29.260093688964844,
      "loudness_range": 24.47974395751953,
      "low_freq": 2549.74365234375,
      "mid_mean": -27.794309616088867,
      "mid_to_side_loudness": -2.972090721130371,
      "mid_to_side_loudness_range": 9.852460861206055,
      "side_mean": -31.21266746520996
    },
    {
      "high_freq": 7314.1640625,
      "loudness": -30.650075912475586,
      "loudness_range": 25.667638778686523,
      "low_freq": 4349.24462890625,
      "mid_mean": -29.186275482177734,
      "mid_to_side_loudness": -3.0416529178619385,
      "mid_to_side_loudness_range": 10.98316764831543,
      "side_mean": -32.62183380126953
    },
    {
      "high_freq": 12199.2666015625,
      "loudness": -33.03147506713867,
      "loudness_range": 28.45470428466797,
      "low_freq": 7314.1640625,
      "mid_mean": -31.967605590820312,
      "mid_to_side_loudness": -2.4346070289611816,
      "mid_to_side_loudness_range": 12.648653030395508,
      "side_mean": -34.92367172241211
    },
    {
      "loudness": -38.46233367919922,
      "loudness_range": 34.210750579833984,
      "low_freq": 12199.2666015625,
      "mid_mean": -37.964839935302734,
      "mid_to_side_loudness": -2.1991662979125977,
      "mid_to_side_loudness_range": 14.458719253540039,
      "side_mean": -41.38699722290039
    }
  ],
  "bandwidth": 376.4154968261719,
  "channels": 2,
  "covariance": [
    [
      36.825862884521484,
      6.257686138153076,
      20.080364227294922,
      2.2117812633514404,
      13.086407661437988,
      7.578140735626221,
      7.392951965332031,
      5.025811195373535,
      13.5187349319458,
      7.39970588684082,
      18.604604721069336,
      11.475290298461914,
      15.315689086914062,
      14.257159233093262,
      11.337742805480957,
      11.564834594726562,
      12.398889541625977,
      15.531628608703613
    ],
    [
      6.257686138153076,
      50.98564529418945,
      17.5612850189209,
      29.482601165771484,
      21.62202262878418,
      24.645280838012695,
      21.538806915283203,
      18.88637351989746,
      17.070344924926758,
      23.913864135742188,
      6.408583164215088,
      22.58372688293457,
      1.894257664680481,
      12.408534049987793,
      -1.1781377792358398,
      6.682830810546875,
      -1.9644317626953125,
      3.3773183822631836
    ],
    [
      20.080364227294922,
      17.5612850189209,
      32.14207458496094,
      12.919255256652832,
      19.335317611694336,
      12.178388595581055,
      14.306939125061035,
      9.474641799926758,
      20.41596221923828,
      15.222713470458984,
      18.990781784057617,
      16.58209800720215,
      14.859662055969238,
      14.159245491027832,
      10.9515380859375,
      10.260772705078125,
      10.894136428833008,
      12.682829856872559
    ],
    [
      2.2117812633514404,
      29.482601165771484,
      12.919255256652832,
      40.549522399902344,
      22.059667587280273,
      28.869831085205078,
      21.79598045349121,
      21.445646286010742,
      18.314573287963867,
      30.90853500366211,
      7.295720100402832,
      26.827957153320312,
      5.7239603996276855,
      18.213212966918945,
      4.054924488067627,
      14.520030975341797,
      -0.13619650900363922,
      11.009323120117188
    ],
    [
      13.086407661437988,
      21.62202262878418,
      19.335317611694336,
      22.059667587280273,
      29.02086639404297,
      25.81009864807129,
      22.69503402709961,
      19.007427215576172,
      23.459341049194336,
      24.625473022460938,
      18.178916931152344,
      25.2587833404541,
      16.08601188659668,
      22.051790237426758,
      14.489093780517578,
      20.185935974121094,
      11.087152481079102,
      20.59049415588379
    ],
    [
      7.578140735626221,
      24.645280838012695,
      12.178388595581055,
      28.869831085205078,
      25.81009864807129,
      36.36907196044922,
      23.09945297241211,
      24.19736671447754,
      20.9737491607666,
      29.67109489440918,
      13.715109825134277,
      29.03108787536621,
      13.187007904052734,
      23.87246322631836,
      12.595765113830566,
      22.23044776916504,
      7.8756022453308105,
      20.375926971435547
    ],
    [
      7.392951965332031,
      21.538806915283203,
      14.306939125061035,
      21.79598045349121,
      22.69503402709961,
      23.09945297241211,
      30.912464141845703,
      25.524845123291016,
      25.62673568725586,
      28.6760311126709,
      15.77817153930664,
      26.911264419555664,
      11.81658935546875,
      20.089584350585938,
      8.867243766784668,
      17.16986083984375,
      8.14378833770752,
      18.09280014038086
    ],
    [
      5.025811195373535,
      18.88637351989746,
      9.474641799926758,
      21.445646286010742,
      19.007427215576172,
      24.19736671447754,
      25.524845123291016,
      28.396648406982422,
      21.2354736328125,
      27.377456665039062,
      13.0736083984375,
      25.08500099182129,
      10.029226303100586,
      19.333843231201172,
      7.7914652824401855,
      17.772232055664062,
      6.228049278259277,
      18.167800903320312
    ],
    [
      13.5187349319458,
      17.070344924926758,
      20.41596221923828,
      18.314573287963867,
      23.459341049194336,
      20.9737491607666,
      25.62673568725586,
      21.2354736328125,
      34.207462310791016,
      31.083173751831055,
      24.244348526000977,
      31.325349807739258,
      20.55367660522461,
      27.013195037841797,
      16.436355590820312,
      23.99109649658203,
      13.603411674499512,
      22.85797119140625
    ],
    [
      7.39970588684082,
      23.913864135742188,
      15.222713470458984,
      30.90853500366211,
      24.625473022460938,
      29.67109489440918,
      28.6760311126709,
      27.377456665039062,
      31.083173751831055,
      45.58108901977539,
      17.60287857055664,
      39.02498245239258,
      15.057807922363281,
      29.244247436523438,
      11.776485443115234,
      25.44660186767578,
      6.414408206939697,
      20.75174903869629
    ],
    [
      18.604604721069336,
      6.408583164215088,
      18.990781784057617,
      7.295720100402832,
      18.178916931152344,
      13.715109825134277,
      15.77817153930664,
      13.0736083984375,
      24.244348526000977,
      17.60287857055664,
      35.12721252441406,
      27.658771514892578,
      30.743993759155273,
      30.827241897583008,
      26.6550235748291,
      30.059200286865234,
      21.65671157836914,
      30.200162887573242
    ],
    [
      11.475290298461914,
      22.58372688293457,
      16.58209800720215,
      26.827957153320312,
      25.2587833404541,
      29.03108787536621,
      26.911264419555664,
      25.08500099182129,
      31.325349807739258,
      39.02498245239258,
      27.658771514892578,
      53.639549255371094,
      24.890655517578125,
      41.7270622253418,
      20.67121124267578,
      36.691802978515625,
      9.198387145996094,
      29.153749465942383
    ],
    [
      15.315689086914062,
      1.894257664680481,
      14.859662055969238,
      5.7239603996276855,
      16.08601188659668,
      13.187007904052734,
      11.81658935546875,
      10.029226303100586,
      20.55367660522461,
      15.057807922363281,
      30.743993759155273,
      24.890655517578125,
      40.70045471191406,
      36.04621505737305,
      37.922359466552734,
      40.71929931640625,
      30.53493881225586,
      41.03533172607422
    ],
    [
      14.257159233093262,
      12.408534049987793,
      14.159245491027832,
      18.213212966918945,
      22.051790237426758,
      23.87246322631836,
      20.089584350585938,
      19.333843231201172,
      27.013195037841797,
      29.244247436523438,
      30.827241897583008,
      41.7270622253418,
      36.04621505737305,
      52.72406005859375,
      33.16922378540039,
      51.1274299621582,
      20.418577194213867,
      43.59189987182617
    ],
    [
      11.337742805480957,
      -1.1781377792358398,
      10.9515380859375,
      4.054924488067627,
      14.489093780517578,
      12.595765113830566,
      8.867243766784668,
      7.7914652824401855,
      16.436355590820312,
      11.776485443115234,
      26.6550235748291,
      20.67121124267578,
      37.922359466552734,
      33.16922378540039,
      50.61454391479492,
      49.900489807128906,
      42.347991943359375,
      53.73358154296875
    ],
    [
      11.564834594726562,
      6.682830810546875,
      10.260772705078125,
      14.520030975341797,
      20.185935974121094,
      22.23044776916504,
      17.16986083984375,
      17.772232055664062,
      23.99109649658203,
      25.44660186767578,
      30.059200286865234,
      36.691802978515625,
      40.71929931640625,
      51.1274299621582,
      49.900489807128906,
      71.59623718261719,
      38.95037078857422,
      67.29246520996094
    ],
    [
      12.398889541625977,
      -1.9644317626953125,
      10.894136428833008,
      -0.13619650900363922,
      11.087152481079102,
      7.8756022453308105,
      8.14378833770752,
      6.228049278259277,
      13.603411674499512,
      6.414408206939697,
      21.65671157836914,
      9.198387145996094,
      30.53493881225586,
      20.418577194213867,
      42.347991943359375,
      38.95037078857422,
      58.2216911315918,
      55.97769546508789
    ],
    [
      15.531628608703613,
      3.3773183822631836,
      12.682829856872559,
      11.009323120117188,
      20.59049415588379,
      20.375926971435547,
      18.09280014038086,
      18.167800903320312,
      22.85797119140625,
      20.75174903869629,
      30.200162887573242,
      29.153749465942383,
      41.03533172607422,
      43.59189987182617,
      53.73358154296875,
      67.29246520996094,
      55.97769546508789,
      87.68096923828125
    ]
  ],
  "covariance_short": [
    [
      112.48340606689453,
      33.679161071777344,
      30.082088470458984,
      7.370007038116455,
      7.059885025024414,
      5.337528228759766,
      5.73098087310791,
      5.063665390014648,
      10.700526237487793,
      10.933208465576172,
      14.618139266967773,
      18.169387817382812,
      15.120552062988281,
      18.05657386779785,
      9.610507011413574,
      11.462187767028809,
      15.568248748779297,
      13.061545372009277
    ],
    [
      33.679161071777344,
      65.73992156982422,
      29.678667068481445,
      24.268741607666016,
      16.612199783325195,
      17.75745964050293,
      15.33749008178711,
      13.975319862365723,
      14.718155860900879,
      16.849872589111328,
      9.899920463562012,
      16.769641876220703,
      3.785414457321167,
      9.595138549804688,
      -0.7919179201126099,
      5.360513210296631,
      -1.6525851488113403,
      2.9844913482666016
    ],
    [
      30.082088470458984,
      29.678667068481445,
      71.68805694580078,
      28.324249267578125,
      37.17713165283203,
      22.739431381225586,
      27.887798309326172,
      19.26097869873047,
      34.61124801635742,
      28.221248626708984,
      34.29030227661133,
      31.830053329467773,
      31.495716094970703,
      29.860942840576172,
      30.608997344970703,
      28.622364044189453,
      39.48066329956055,
      38.64466094970703
    ],
    [
      7.370007038116455,
      24.268741607666016,
      28.324249267578125,
      41.56149673461914,
      29.39087677001953,
      27.41536521911621,
      24.271556854248047,
      21.891143798828125,
      25.288387298583984,
      27.497148513793945,
      17.95777702331543,
      23.730716705322266,
      13.294466972351074,
      18.106645584106445,
      10.220720291137695,
      15.747859001159668,
      9.081127166748047,
      19.34662628173828
    ],
    [
      7.059885025024414,
      16.612199783325195,
      37.17713165283203,
      29.39087677001953,
      53.94972610473633,
      35.78258514404297,
      37.00840377807617,
      28.397947311401367,
      39.38459396362305,
      34.88837432861328,
      35.9808349609375,
      34.28860855102539,
      33.785274505615234,
      33.160640716552734,
      32.36256790161133,
      32.84452438354492,
      36.56660079956055,
      39.10942077636719
    ],
    [
      5.337528228759766,
      17.75745964050293,
      22.739431381225586,
      27.41536521911621,
      35.78258514404297,
      43.381507873535156,
      29.245882034301758,
      27.082807540893555,
      29.76488494873047,
      31.773475646972656,
      24.984418869018555,
      29.033924102783203,
      23.600894927978516,
      27.0936222076416,
      22.396770477294922,
      26.729873657226562,
      21.560951232910156,
      28.424345016479492
    ],
    [
      5.73098087310791,
      15.33749008178711,
      27.887798309326172,
      24.271556854248047,
      37.00840377807617,
      29.245882034301758,
      51.0308723449707,
      36.80646896362305,
      45.69288635253906,
      40.2669563293457,
      39.793907165527344,
      37.897438049316406,
      35.13101577758789,
      33.7184944152832,
      31.57366180419922,
      31.948490142822266,
      37.42624282836914,
      37.74325942993164
    ],
    [
      5.063665390014648,
      13.975319862365723,
      19.26097869873047,
      21.891143798828125,
      28.397947311401367,
      27.082807540893555,
      36.80646896362305,
      38.338592529296875,
      34.69727325439453,
      35.13684844970703,
      29.822574615478516,
      32.16071319580078,
      26.951894760131836,
      29.1431827545166,
      24.281848907470703,
      28.350374221801758,
      26.36317253112793,
      30.2546443939209
    ],
    [
      10.700526237487793,
      14.718155860900879,
      34.61124801635742,
      25.288387298583984,
      39.38459396362305,
      29.76488494873047,
      45.69288635253906,
      34.69727325439453,
      68.92109680175781,
      53.46835708618164,
      60.093929290771484,
      54.261329650878906,
      54.67307662963867,
      50.05766296386719,
      49.87612533569336,
      48.43071746826172,
      51.51856231689453,
      53.10628128051758
    ],
    [
      10.933208465576172,
      16.849872589111328,
      28.221248626708984,
      27.497148513793945,
      34.88837432861328,
      31.773475646972656,
      40.2669563293457,
      35.13684844970703,
      53.46835708618164,
      57.36289978027344,
      44.78544235229492,
      49.16436004638672,
      40.18297576904297,
      43.220069885253906,
      35.812843322753906,
      40.24209213256836,
      35.178714752197266,
      43.68299865722656
    ],
    [
      14.618139266967773,
      9.899920463562012,
      34.29030227661133,
      17.95777702331543,
      35.9808349609375,
      24.984418869018555,
      39.793907165527344,
      29.822574615478516,
      60.093929290771484,
      44.78544235229492,
      83.03572082519531,
      64.68365478515625,
      75.06648254394531,
      64.4778823852539,
      69.46170806884766,
      62.92601776123047,
      69.60076141357422,
      65.80130767822266
    ],
    [
      18.169387817382812,
      16.769641876220703,
      31.830053329467773,
      23.730716705322266,
      34.28860855102539,
      29.033924102783203,
      37.897438049316406,
      32.16071319580078,
      54.261329650878906,
      49.16436004638672,
      64.68365478515625,
      70.8707046508789,
      57.32643508911133,
      60.04467010498047,
      50.818756103515625,
      54.5096549987793,
      47.88865280151367,
      55.20403289794922
    ],
    [
      15.120552062988281,
      3.785414457321167,
      31.495716094970703,
      13.294466972351074,
      33.785274505615234,
      23.600894927978516,
      35.13101577758789,
      26.951894760131836,
      54.67307662963867,
      40.18297576904297,
      75.06648254394531,
      57.32643508911133,
      94.76365661621094,
      74.98950958251953,
      91.05819702148438,
      80.89897918701172,
      92.74032592773438,
      84.2178726196289
    ],
    [
      18.05657386779785,
      9.595138549804688,
      29.860942840576172,
      18.106645584106445,
      33.160640716552734,
      27.0936222076416,
      33.7184944152832,
      29.1431827545166,
      50.05766296386719,
      43.220069885253906,
      64.4778823852539,
      60.04467010498047,
      74.98950958251953,
      79.68833923339844,
      72.63081359863281,
      78.19404602050781,
      70.76087951660156,
      75.78948211669922
    ],
    [
      9.610507011413574,
      -0.7919179201126099,
      30.608997344970703,
      10.220720291137695,
      32.36256790161133,
      22.396770477294922,
      31.57366180419922,
      24.281848907470703,
      49.87612533569336,
      35.812843322753906,
      69.46170806884766,
      50.818756103515625,
      91.05819702148438,
      72.63081359863281,
      117.53124237060547,
      98.77751922607422,
      119.42357635498047,
      105.8392333984375
    ],
    [
      11.462187767028809,
      5.360513210296631,
      28.622364044189453,
      15.747859001159668,
      32.84452438354492,
      26.729873657226562,
      31.948490142822266,
      28.350374221801758,
      48.43071746826172,
      40.24209213256836,
      62.92601776123047,
      54.5096549987793,
      80.89897918701172,
      78.19404602050781,
      98.77751922607422,
      110.20594787597656,
      102.1605224609375,
      109.0633316040039
    ],
    [
      15.568248748779297,
      -1.6525851488113403,
      39.48066329956055,
      9.081127166748047,
      36.56660079956055,
      21.560951232910156,
      37.42624282836914,
      26.36317253112793,
      51.51856231689453,
      35.178714752197266,
      69.60076141357422,
      47.88865280151367,
      92.74032592773438,
      70.76087951660156,
      119.42357635498047,
      102.1605224609375,
      161.3113555908203,
      133.4242401123047
    ],
    [
      13.061545372009277,
      2.9844913482666016,
      38.64466094970703,
      19.34662628173828,
      39.10942077636719,
      28.424345016479492,
      37.74325942993164,
      30.2546443939209,
      53.10628128051758,
      43.68299865722656,
      65.80130767822266,
      55.20403289794922,
      84.2178726196289,
      75.78948211669922,
      105.8392333984375,
      109.0633316040039,
      133.4242401123047,
      147.43792724609375
    ]
  ],
  "damage": -2.810516595840454,
  "diff_bandwidth": 305.1627197265625,
  "dissonance": 9.60717494341343,
  "drr": 13.835744857788086,
  "dynamics": 3.8113691806793213,
  "format": 1245190,
  "frames": 19211200,
  "loudness": -9.924033164978027,
  "loudness_range": 8.136007308959961,
  "loudness_range_short": 18.88141632080078,
  "lowpass_true_peak_15khz": 1.3846359252929688,
  "mastering3_acoustic_entropies": [
    {
      "acoustic_entropy": 6.979160308837891,
      "acoustic_entropy_mono": 6.849933624267578,
      "band_eliminated_acoustic_entropies": [
        {
          "acoustic_entropy": 6.782153129577637,
          "acoustic_entropy_side": 6.978590965270996,
          "hz": 129.47220167065723
        },
        {
          "acoustic_entropy": 6.93082857131958,
          "acoustic_entropy_side": 6.9762163162231445,
          "hz": 202.92927478742237
        },
        {
          "acoustic_entropy": 6.999719619750977,
          "acoustic_entropy_side": 6.958128452301025,
          "hz": 282.89161906338205
        },
        {
          "acoustic_entropy": 6.919050693511963,
          "acoustic_entropy_side": 6.9747514724731445,
          "hz": 369.9353335868758
        },
        {
          "acoustic_entropy": 6.93294095993042,
          "acoustic_entropy_side": 6.930308818817139,
          "hz": 464.6875360973435
        },
        {
          "acoustic_entropy": 6.942804336547852,
          "acoustic_entropy_side": 6.9262590408325195,
          "hz": 567.8308811364784
        },
        {
          "acoustic_entropy": 6.9791107177734375,
          "acoustic_entropy_side": 7.073521614074707,
          "hz": 680.1084783214808
        },
        {
          "acoustic_entropy": 6.957942485809326,
          "acoustic_entropy_side": 7.0422773361206055,
          "hz": 802.3292461747484
        },
        {
          "acoustic_entropy": 7.057613849639893,
          "acoustic_entropy_side": 7.0542731285095215,
          "hz": 935.3737400823702
        },
        {
          "acoustic_entropy": 6.882044315338135,
          "acoustic_entropy_side": 6.988462924957275,
          "hz": 1080.2004963696966
        },
        {
          "acoustic_entropy": 6.509205341339111,
          "acoustic_entropy_side": 6.903714656829834,
          "hz": 1237.8529382007157
        },
        {
          "acoustic_entropy": 6.81120491027832,
          "acoustic_entropy_side": 7.035083770751953,
          "hz": 1409.4668930556702
        },
        {
          "acoustic_entropy": 6.924790859222412,
          "acoustic_entropy_side": 7.026305675506592,
          "hz": 1596.2787759475705
        },
        {
          "acoustic_entropy": 7.039327144622803,
          "acoustic_entropy_side": 7.02398157119751,
          "hz": 1799.6344973346393
        },
        {
          "acoustic_entropy": 6.989141941070557,
          "acoustic_entropy_side": 7.017156600952148,
          "hz": 2020.9991599069049
        },
        {
          "acoustic_entropy": 6.973268032073975,
          "acoustic_entropy_side": 7.000943183898926,
          "hz": 2261.9676141086993
        },
        {
          "acoustic_entropy": 6.96818733215332,
          "acoustic_entropy_side": 7.005464553833008,
          "hz": 2524.2759484456974
        },
        {
          "acoustic_entropy": 6.959305286407471,
          "acoustic_entropy_side": 7.00661039352417,
          "hz": 2809.813997359896
        },
        {
          "acoustic_entropy": 6.965010166168213,
          "acoustic_entropy_side": 7.004502296447754,
          "hz": 3120.6389567871424
        },
        {
          "acoustic_entropy": 6.944879055023193,
          "acoustic_entropy_side": 6.993583679199219,
          "hz": 3458.990205492291
        },
        {
          "acoustic_entropy": 6.922809600830078,
          "acoustic_entropy_side": 6.9848103523254395,
          "hz": 3827.305438964164
        },
        {
          "acoustic_entropy": 6.9421610832214355,
          "acoustic_entropy_side": 7.0071587562561035,
          "hz": 4228.238232109126
        },
        {
          "acoustic_entropy": 6.88780403137207,
          "acoustic_entropy_side": 6.975128173828125,
          "hz": 4664.6771572759235
        },
        {
          "acoustic_entropy": 6.90395450592041,
          "acoustic_entropy_side": 6.9648542404174805,
          "hz": 5139.766595350093
        },
        {
          "acoustic_entropy": 6.900348663330078,
          "acoustic_entropy_side": 6.960370063781738,
          "hz": 5656.929389854203
        },
        {
          "acoustic_entropy": 6.892822265625,
          "acoustic_entropy_side": 6.94852352142334,
          "hz": 6219.891507268283
        },
        {
          "acoustic_entropy": 6.811686992645264,
          "acoustic_entropy_side": 6.881683349609375,
          "hz": 6832.70888123896
        },
        {
          "acoustic_entropy": 6.8063764572143555,
          "acoustic_entropy_side": 6.927986145019531,
          "hz": 7499.796634079867
        },
        {
          "acoustic_entropy": 6.849552154541016,
          "acoustic_entropy_side": 6.929080486297607,
          "hz": 8225.96088609342
        },
        {
          "acoustic_entropy": 6.846688747406006,
          "acoustic_entropy_side": 6.922361850738525,
          "hz": 9016.43338188839
        },
        {
          "acoustic_entropy": 6.8475165367126465,
          "acoustic_entropy_side": 6.927791595458984,
          "hz": 9876.909183162974
        },
        {
          "acoustic_entropy": 6.870585918426514,
          "acoustic_entropy_side": 6.938725471496582,
          "hz": 10813.587699516042
        },
        {
          "acoustic_entropy": 6.913510322570801,
          "acoustic_entropy_side": 6.948889255523682,
          "hz": 11833.21735289826
        },
        {
          "acoustic_entropy": 6.923213958740234,
          "acoustic_entropy_side": 6.8992600440979,
          "hz": 12943.144197493959
        },
        {
          "acoustic_entropy": 6.860254764556885,
          "acoustic_entropy_side": 6.878668308258057,
          "hz": 14151.364845322005
        },
        {
          "acoustic_entropy": 6.904619216918945,
          "acoustic_entropy_side": 6.94281530380249,
          "hz": 15466.58407886509
        },
        {
          "acoustic_entropy": 6.951988697052002,
          "acoustic_entropy_side": 6.925498962402344,
          "hz": 16898.27756580493
        },
        {
          "acoustic_entropy": 7.039503574371338,
          "acoustic_entropy_side": 6.967148780822754,
          "hz": 18456.760127700032
        },
        {
          "acoustic_entropy": 6.972074031829834,
          "acoustic_entropy_side": 6.975379943847656,
          "hz": 20153.260054456492
        },
        {
          "acoustic_entropy": 6.939579963684082,
          "acoustic_entropy_side": 6.973422050476074,
          "hz": 22000.00000000001
        }
      ],
      "diff_acoustic_entropy": 7.6495771408081055,
      "sn": 6
    },
    {
      "acoustic_entropy": 11.16461181640625,
      "acoustic_entropy_mono": 10.032211303710938,
      "band_eliminated_acoustic_entropies": [
        {
          "acoustic_entropy": 10.604970932006836,
          "acoustic_entropy_side": 11.151564598083496,
          "hz": 129.47220167065723
        },
        {
          "acoustic_entropy": 10.878439903259277,
          "acoustic_entropy_side": 11.155755996704102,
          "hz": 202.92927478742237
        },
        {
          "acoustic_entropy": 11.121676445007324,
          "acoustic_entropy_side": 11.178020477294922,
          "hz": 282.89161906338205
        },
        {
          "acoustic_entropy": 11.024168014526367,
          "acoustic_entropy_side": 11.160033226013184,
          "hz": 369.9353335868758
        },
        {
          "acoustic_entropy": 11.043224334716797,
          "acoustic_entropy_side": 11.15297794342041,
          "hz": 464.6875360973435
        },
        {
          "acoustic_entropy": 10.956209182739258,
          "acoustic_entropy_side": 11.137803077697754,
          "hz": 567.8308811364784
        },
        {
          "acoustic_entropy": 11.488896369934082,
          "acoustic_entropy_side": 11.235699653625488,
          "hz": 680.1084783214808
        },
        {
          "acoustic_entropy": 11.042016983032227,
          "acoustic_entropy_side": 11.114755630493164,
          "hz": 802.3292461747484
        },
        {
          "acoustic_entropy": 11.123371124267578,
          "acoustic_entropy_side": 11.08665657043457,
          "hz": 935.3737400823702
        },
        {
          "acoustic_entropy": 10.923866271972656,
          "acoustic_entropy_side": 10.901052474975586,
          "hz": 1080.2004963696966
        },
        {
          "acoustic_entropy": 10.834948539733887,
          "acoustic_entropy_side": 11.002511024475098,
          "hz": 1237.8529382007157
        },
        {
          "acoustic_entropy": 10.90820598602295,
          "acoustic_entropy_side": 11.379836082458496,
          "hz": 1409.4668930556702
        },
        {
          "acoustic_entropy": 10.979547500610352,
          "acoustic_entropy_side": 11.447697639465332,
          "hz": 1596.2787759475705
        },
        {
          "acoustic_entropy": 11.289722442626953,
          "acoustic_entropy_side": 11.215048789978027,
          "hz": 1799.6344973346393
        },
        {
          "acoustic_entropy": 11.21912956237793,
          "acoustic_entropy_side": 11.255084991455078,
          "hz": 2020.9991599069049
        },
        {
          "acoustic_entropy": 11.247567176818848,
          "acoustic_entropy_side": 11.272547721862793,
          "hz": 2261.9676141086993
        },
        {
          "acoustic_entropy": 11.149492263793945,
          "acoustic_entropy_side": 11.11500072479248,
          "hz": 2524.2759484456974
        },
        {
          "acoustic_entropy": 11.043384552001953,
          "acoustic_entropy_side": 11.147513389587402,
          "hz": 2809.813997359896
        },
        {
          "acoustic_entropy": 10.901267051696777,
          "acoustic_entropy_side": 10.948104858398438,
          "hz": 3120.6389567871424
        },
        {
          "acoustic_entropy": 10.990090370178223,
          "acoustic_entropy_side": 10.912457466125488,
          "hz": 3458.990205492291
        },
        {
          "acoustic_entropy": 11.046317100524902,
          "acoustic_entropy_side": 11.063410758972168,
          "hz": 3827.305438964164
        },
        {
          "acoustic_entropy": 11.029333114624023,
          "acoustic_entropy_side": 11.140522956848145,
          "hz": 4228.238232109126
        },
        {
          "acoustic_entropy": 11.156414031982422,
          "acoustic_entropy_side": 11.163847923278809,
          "hz": 4664.6771572759235
        },
        {
          "acoustic_entropy": 11.088614463806152,
          "acoustic_entropy_side": 11.152482986450195,
          "hz": 5139.766595350093
        },
        {
          "acoustic_entropy": 11.101767539978027,
          "acoustic_entropy_side": 11.133334159851074,
          "hz": 5656.929389854203
        },
        {
          "acoustic_entropy": 11.109890937805176,
          "acoustic_entropy_side": 11.132821083068848,
          "hz": 6219.891507268283
        },
        {
          "acoustic_entropy": 11.052918434143066,
          "acoustic_entropy_side": 11.113694190979004,
          "hz": 6832.70888123896
        },
        {
          "acoustic_entropy": 11.145801544189453,
          "acoustic_entropy_side": 11.126224517822266,
          "hz": 7499.796634079867
        },
        {
          "acoustic_entropy": 11.145050048828125,
          "acoustic_entropy_side": 11.117888450622559,
          "hz": 8225.96088609342
        },
        {
          "acoustic_entropy": 11.138482093811035,
          "acoustic_entropy_side": 11.104768753051758,
          "hz": 9016.43338188839
        },
        {
          "acoustic_entropy": 11.102575302124023,
          "acoustic_entropy_side": 11.078323364257812,
          "hz": 9876.909183162974
        },
        {
          "acoustic_entropy": 11.142709732055664,
          "acoustic_entropy_side": 11.051708221435547,
          "hz": 10813.587699516042
        },
        {
          "acoustic_entropy": 11.15502643585205,
          "acoustic_entropy_side": 11.075780868530273,
          "hz": 11833.21735289826
        },
        {
          "acoustic_entropy": 11.175819396972656,
          "acoustic_entropy_side": 11.095348358154297,
          "hz": 12943.144197493959
        },
        {
          "acoustic_entropy": 11.052688598632812,
          "acoustic_entropy_side": 11.033003807067871,
          "hz": 14151.364845322005
        },
        {
          "acoustic_entropy": 11.010798454284668,
          "acoustic_entropy_side": 11.10685920715332,
          "hz": 15466.58407886509
        },
        {
          "acoustic_entropy": 11.285560607910156,
          "acoustic_entropy_side": 11.203908920288086,
          "hz": 16898.27756580493
        },
        {
          "acoustic_entropy": 11.18840503692627,
          "acoustic_entropy_side": 11.241622924804688,
          "hz": 18456.760127700032
        },
        {
          "acoustic_entropy": 11.243485450744629,
          "acoustic_entropy_side": 11.1824369430542,
          "hz": 20153.260054456492
        },
        {
          "acoustic_entropy": 10.879609107971191,
          "acoustic_entropy_side": 10.959235191345215,
          "hz": 22000.00000000001
        }
      ],
      "diff_acoustic_entropy": 10.944315910339355,
      "sn": 12
    },
    {
      "acoustic_entropy": 16.74138832092285,
      "acoustic_entropy_mono": 14.377741813659668,
      "band_eliminated_acoustic_entropies": [
        {
          "acoustic_entropy": 15.592012405395508,
          "acoustic_entropy_side": 16.605213165283203,
          "hz": 129.47220167065723
        },
        {
          "acoustic_entropy": 16.866872787475586,
          "acoustic_entropy_side": 16.89885902404785,
          "hz": 202.92927478742237
        },
        {
          "acoustic_entropy": 16.400466918945312,
          "acoustic_entropy_side": 16.827600479125977,
          "hz": 282.89161906338205
        },
        {
          "acoustic_entropy": 16.694650650024414,
          "acoustic_entropy_side": 16.800695419311523,
          "hz": 369.9353335868758
        },
        {
          "acoustic_entropy": 16.948041915893555,
          "acoustic_entropy_side": 16.929697036743164,
          "hz": 464.6875360973435
        },
        {
          "acoustic_entropy": 17.01845932006836,
          "acoustic_entropy_side": 16.950634002685547,
          "hz": 567.8308811364784
        },
        {
          "acoustic_entropy": 16.927837371826172,
          "acoustic_entropy_side": 17.048845291137695,
          "hz": 680.1084783214808
        },
        {
          "acoustic_entropy": 16.776344299316406,
          "acoustic_entropy_side": 17.070199966430664,
          "hz": 802.3292461747484
        },
        {
          "acoustic_entropy": 16.568422317504883,
          "acoustic_entropy_side": 16.53177261352539,
          "hz": 935.3737400823702
        },
        {
          "acoustic_entropy": 16.955867767333984,
          "acoustic_entropy_side": 16.6828670501709,
          "hz": 1080.2004963696966
        },
        {
          "acoustic_entropy": 16.607620239257812,
          "acoustic_entropy_side": 16.69314956665039,
          "hz": 1237.8529382007157
        },
        {
          "acoustic_entropy": 17.434106826782227,
          "acoustic_entropy_side": 17.140960693359375,
          "hz": 1409.4668930556702
        },
        {
          "acoustic_entropy": 17.38051986694336,
          "acoustic_entropy_side": 17.092857360839844,
          "hz": 1596.2787759475705
        },
        {
          "acoustic_entropy": 16.984588623046875,
          "acoustic_entropy_side": 17.02393913269043,
          "hz": 1799.6344973346393
        },
        {
          "acoustic_entropy": 16.78727149963379,
          "acoustic_entropy_side": 16.90337371826172,
          "hz": 2020.9991599069049
        },
        {
          "acoustic_entropy": 16.710426330566406,
          "acoustic_entropy_side": 16.817516326904297,
          "hz": 2261.9676141086993
        },
        {
          "acoustic_entropy": 16.40336799621582,
          "acoustic_entropy_side": 16.668241500854492,
          "hz": 2524.2759484456974
        },
        {
          "acoustic_entropy": 16.912494659423828,
          "acoustic_entropy_side": 17.078941345214844,
          "hz": 2809.813997359896
        },
        {
          "acoustic_entropy": 16.528369903564453,
