{
  "acoustic_entropy": 174.25018310546875,
  "bands": [
    {
      "high_freq": 148.1999969482422,
      "loudness": -36.61174392700195,
      "loudness_range": 23.14650535583496,
      "mid_mean": -35.089839935302734,
      "mid_to_side_loudness": -2.5869791507720947,
      "mid_to_side_loudness_range": 3.9749038219451904,
      "side_mean": -37.259376525878906
    },
    {
      "high_freq": 392.3793640136719,
      "loudness": -31.380706787109375,
      "loudness_range": 24.03812026977539,
      "low_freq": 148.1999969482422,
      "mid_mean": -29.740737915039062,
      "mid_to_side_loudness": -2.6720991134643555,
      "mid_to_side_loudness_range": 3.092897891998291,
      "side_mean": -32.22908020019531
    },
    {
      "high_freq": 794.6976318359375,
      "loudness": -32.76974868774414,
      "loudness_range": 20.68714714050293,
      "low_freq": 392.3793640136719,
      "mid_mean": -30.775678634643555,
      "mid_to_side_loudness": -3.7175674438476562,
      "mid_to_side_loudness_range": 4.560178756713867,
      "side_mean": -34.476844787597656
    },
    {
      "high_freq": 1457.5709228515625,
      "loudness": -29.341901779174805,
      "loudness_range": 14.936269760131836,
      "low_freq": 794.6976318359375,
      "mid_mean": -26.80954933166504,
      "mid_to_side_loudness": -6.01216459274292,
      "mid_to_side_loudness_range": 7.302972793579102,
      "side_mean": -33.102962493896484
    },
    {
      "high_freq": 2549.74365234375,
      "loudness": -31.995615005493164,
      "loudness_range": 22.085847854614258,
      "low_freq": 1457.5709228515625,
      "mid_mean": -29.538471221923828,
      "mid_to_side_loudness": -5.38517427444458,
      "mid_to_side_loudness_range": 6.873335838317871,
      "side_mean": -35.15117645263672
    },
    {
      "high_freq": 4349.24462890625,
      "loudness": -41.406002044677734,
      "loudness_range": 27.45313835144043,
      "low_freq": 2549.74365234375,
      "mid_mean": -39.28110122680664,
      "mid_to_side_loudness": -4.1404290199279785,
      "mid_to_side_loudness_range": 5.938384532928467,
      "side_mean": -43.65924072265625
    },
    {
      "high_freq": 7314.1640625,
      "loudness": -52.75510025024414,
      "loudness_range": 28.324352264404297,
      "low_freq": 4349.24462890625,
      "mid_mean": -51.666282653808594,
      "mid_to_side_loudness": -3.1864004135131836,
      "mid_to_side_loudness_range": 4.2207489013671875,
      "side_mean": -54.50966262817383
    },
    {
      "high_freq": 12199.2666015625,
      "loudness": -59.72952651977539,
      "loudness_range": 23.046192169189453,
      "low_freq": 7314.1640625,
      "mid_mean": -57.820655822753906,
      "mid_to_side_loudness": -0.9591999053955078,
      "mid_to_side_loudness_range": 1.7333484888076782,
      "side_mean": -58.67411804199219
    },
    {
      "loudness": -64.07060241699219,
      "loudness_range": 14.853229522705078,
      "low_freq": 12199.2666015625,
      "mid_mean": -62.39777374267578,
      "mid_to_side_loudness": 0.45606890320777893,
      "mid_to_side_loudness_range": 1.6807516813278198,
      "side_mean": -61.99767303466797
    }
  ],
  "bands_short": [
    {
      "high_freq": 148.1999969482422,
      "loudness": -39.650638580322266,
      "loudness_range": 24.952014923095703,
      "mid_mean": -38.61085510253906,
      "mid_to_side_loudness": -2.013746976852417,
      "mid_to_side_loudness_range": 9.174233436584473,
      "side_mean": -40.15232467651367
    },
    {
      "high_freq": 392.3793640136719,
      "loudness": -31.900089263916016,
      "loudness_range": 26.008319854736328,
      "low_freq": 148.1999969482422,
      "mid_mean": -30.28975486755371,
      "mid_to_side_loudness": -3.0274038314819336,
      "mid_to_side_loudness_range": 7.732800483703613,
      "side_mean": -33.1934814453125
    },
    {
      "high_freq": 794.6976318359375,
      "loudness": -33.20867919921875,
      "loudness_range": 24.406978607177734,
      "low_freq": 392.3793640136719,
      "mid_mean": -31.58218765258789,
      "mid_to_side_loudness": -3.4790632724761963,
      "mid_to_side_loudness_range": 8.980232238769531,
      "side_mean": -34.98200988769531
    },
    {
      "high_freq": 1457.5709228515625,
      "loudness": -30.826414108276367,
      "loudness_range": 19.32370376586914,
      "low_freq": 794.6976318359375,
      "mid_mean": -28.8156681060791,
      "mid_to_side_loudness": -4.893373489379883,
      "mid_to_side_loudness_range": 11.474261283874512,
      "side_mean": -33.95648956298828
    },
    {
      "high_freq": 2549.74365234375,
      "loudness": -33.112613677978516,
      "loudness_range": 25.385395050048828,
      "low_freq": 1457.5709228515625,
      "mid_mean": -31.151704788208008,
      "mid_to_side_loudness": -4.58779764175415,
      "mid_to_side_loudness_range": 11.943840980529785,
      "side_mean": -35.92061233520508
    },
    {
      "high_freq": 4349.24462890625,
      "loudness": -42.415130615234375,
      "loudness_range": 29.990890502929688,
      "low_freq": 2549.74365234375,
      "mid_mean": -40.801483154296875,
      "mid_to_side_loudness": -3.481471061706543,
      "mid_to_side_loudness_range": 8.097758293151855,
      "side_mean": -44.481834411621094
    },
    {
      "high_freq": 7314.1640625,
      "loudness": -53.86332321166992,
      "loudness_range": 31.464611053466797,
      "low_freq": 4349.24462890625,
      "mid_mean": -52.86260223388672,
      "mid_to_side_loudness": -2.6413042545318604,
      "mid_to_side_loudness_range": 6.209945201873779,
      "side_mean": -55.26477813720703
    },
    {
      "high_freq": 12199.2666015625,
      "loudness": -61.01596450805664,
      "loudness_range": 24.626651763916016,
      "low_freq": 7314.1640625,
      "mid_mean": -59.00448226928711,
      "mid_to_side_loudness": -0.8211263418197632,
      "mid_to_side_loudness_range": 2.903282403945923,
      "side_mean": -59.72842788696289
    },
    {
      "loudness": -64.85635375976562,
      "loudness_range": 16.19147491455078,
      "low_freq": 12199.2666015625,
      "mid_mean": -62.99330139160156,
      "mid_to_side_loudness": 0.4097038805484772,
      "mid_to_side_loudness_range": 2.7304153442382812,
      "side_mean": -62.635623931884766
    }
  ],
  "bandwidth": 691.2608642578125,
  "channels": 2,
  "covariance": [
    [
      72.46250915527344,
      68.65524291992188,
      73.72376251220703,
      72.61760711669922,
      61.80939483642578,
      64.37126159667969,
      31.495346069335938,
      42.06098556518555,
      60.911495208740234,
      60.91714859008789,
      61.625244140625,
      67.90943145751953,
      66.56654357910156,
      66.48204040527344,
      42.015628814697266,
      42.02164077758789,
      20.015365600585938,
      23.17412757873535
    ],
    [
      68.65524291992188,
      70.35684967041016,
      74.12812805175781,
      72.24649810791016,
      61.399261474609375,
      64.69937133789062,
      32.26655960083008,
      40.24641799926758,
      60.36049270629883,
      60.072296142578125,
      60.8880729675293,
      64.42874145507812,
      66.01835632324219,
      63.65719223022461,
      42.956207275390625,
      41.12228775024414,
      19.77712059020996,
      22.33928871154785
    ],
    [
      73.72376251220703,
      74.12812805175781,
      85.07839965820312,
      82.01765441894531,
      69.55177307128906,
      73.83358001708984,
      34.74465560913086,
      45.09067153930664,
      68.14620208740234,
      68.4785385131836,
      70.54937744140625,
      74.76199340820312,
      75.39192962646484,
      73.08130645751953,
      48.58298873901367,
      46.74481201171875,
      22.047868728637695,
      25.068925857543945
    ],
    [
      72.61760711669922,
      72.24649810791016,
      82.01765441894531,
      82.6812515258789,
      67.19035339355469,
      70.33999633789062,
      32.25747299194336,
      41.717620849609375,
      65.51614379882812,
      65.25843811035156,
      67.14872741699219,
      71.4246826171875,
      72.91292572021484,
      70.32958221435547,
      46.38352584838867,
      44.33721160888672,
      20.585634231567383,
      23.452945709228516
    ],
    [
      61.80939483642578,
      61.399261474609375,
      69.55177307128906,
      67.19035339355469,
      67.85855865478516,
      67.88238525390625,
      33.46574783325195,
      42.00475311279297,
      61.510047912597656,
      62.615177154541016,
      64.8157958984375,
      68.02561950683594,
      65.64738464355469,
      64.57172393798828,
      43.88599395751953,
      42.56230545043945,
      20.891328811645508,
      23.654630661010742
    ],
    [
      64.37126159667969,
      64.69937133789062,
      73.83358001708984,
      70.33999633789062,
      67.88238525390625,
      73.10295104980469,
      34.397789001464844,
      43.48216247558594,
      64.21578216552734,
      65.3990249633789,
      66.96200561523438,
      70.72378540039062,
      68.96761322021484,
      67.23927307128906,
      46.32131576538086,
      44.50619888305664,
      21.822845458984375,
      24.660993576049805
    ],
    [
      31.495346069335938,
      32.26655960083008,
      34.74465560913086,
      32.25747299194336,
      33.46574783325195,
      34.397789001464844,
      35.88383865356445,
      31.438688278198242,
      33.20545959472656,
      34.51271057128906,
      38.11137008666992,
      35.57756805419922,
      34.84870147705078,
      33.08644104003906,
      26.57179069519043,
      24.926822662353516,
      13.981441497802734,
      15.32316780090332
    ],
    [
      42.06098556518555,
      40.24641799926758,
      45.09067153930664,
      41.717620849609375,
      42.00475311279297,
      43.48216247558594,
      31.438688278198242,
      41.9585075378418,
      42.42901611328125,
      47.57548522949219,
      48.374595642089844,
      53.337310791015625,
      46.6376953125,
      48.67164611816406,
      33.494754791259766,
      33.665138244628906,
      17.834842681884766,
      20.5085506439209
    ],
    [
      60.911495208740234,
      60.36049270629883,
      68.14620208740234,
      65.51614379882812,
      61.510047912597656,
      64.21578216552734,
      33.20545959472656,
      42.42901611328125,
      71.4417953491211,
      66.56655883789062,
      69.24398803710938,
      73.08666229248047,
      68.24322509765625,
      67.18572998046875,
      45.157867431640625,
      44.065155029296875,
      21.703359603881836,
      24.49252700805664
    ],
    [
      60.91714859008789,
      60.072296142578125,
      68.4785385131836,
      65.25843811035156,
      62.615177154541016,
      65.3990249633789,
      34.51271057128906,
      47.57548522949219,
      66.56655883789062,
      72.47322845458984,
      70.68386840820312,
      77.49551391601562,
      69.70297241210938,
      70.67758178710938,
      47.139774322509766,
      46.265316009521484,
      22.793109893798828,
      26.15270233154297
    ],
    [
      61.625244140625,
      60.8880729675293,
      70.54937744140625,
      67.14872741699219,
      64.8157958984375,
      66.96200561523438,
      38.11137008666992,
      48.374595642089844,
      69.24398803710938,
      70.68386840820312,
      91.83843994140625,
      93.02070617675781,
      82.84403991699219,
      82.15575408935547,
      60.849708557128906,
      58.117488861083984,
      29.70435333251953,
      33.01523208618164
    ],
    [
      67.90943145751953,
      64.42874145507812,
      74.76199340820312,
      71.4246826171875,
      68.02561950683594,
      70.72378540039062,
      35.57756805419922,
      53.337310791015625,
      73.08666229248047,
      77.49551391601562,
      93.02070617675781,
      105.74175262451172,
      89.96556854248047,
      92.49597930908203,
      64.08827209472656,
      63.370567321777344,
      31.803237915039062,
      36.20193862915039
    ],
    [
      66.56654357910156,
      66.01835632324219,
      75.39192962646484,
      72.91292572021484,
      65.64738464355469,
      68.96761322021484,
      34.84870147705078,
      46.6376953125,
      68.24322509765625,
      69.70297241210938,
      82.84403991699219,
      89.96556854248047,
      99.84513092041016,
      95.87398529052734,
      68.97492218017578,
      66.39422607421875,
      34.39426803588867,
      38.11837387084961
    ],
    [
      66.48204040527344,
      63.65719223022461,
      73.08130645751953,
      70.32958221435547,
      64.57172393798828,
      67.23927307128906,
      33.08644104003906,
      48.67164611816406,
      67.18572998046875,
      70.67758178710938,
      82.15575408935547,
      92.49597930908203,
      95.87398529052734,
      95.49764251708984,
      66.44807434082031,
      65.51579284667969,
      33.81406784057617,
      38.05259704589844
    ],
    [
      42.015628814697266,
      42.956207275390625,
      48.58298873901367,
      46.38352584838867,
      43.88599395751953,
      46.32131576538086,
      26.57179069519043,
      33.494754791259766,
      45.157867431640625,
      47.139774322509766,
      60.849708557128906,
      64.08827209472656,
      68.97492218017578,
      66.44807434082031,
      53.68651580810547,
      50.93817138671875,
      28.543853759765625,
      30.892528533935547
    ],
    [
      42.02164077758789,
      41.12228775024414,
      46.74481201171875,
      44.33721160888672,
      42.56230545043945,
      44.50619888305664,
      24.926822662353516,
      33.665138244628906,
      44.065155029296875,
      46.265316009521484,
      58.117488861083984,
      63.370567321777344,
      66.39422607421875,
      65.51579284667969,
      50.93817138671875,
      49.6092643737793,
      27.70836067199707,
      30.40705108642578
    ],
    [
      20.015365600585938,
      19.77712059020996,
      22.047868728637695,
      20.585634231567383,
      20.891328811645508,
      21.822845458984375,
      13.981441497802734,
      17.834842681884766,
      21.703359603881836,
      22.793109893798828,
      29.70435333251953,
      31.803237915039062,
      34.39426803588867,
      33.81406784057617,
      28.543853759765625,
      27.70836067199707,
      17.268198013305664,
      18.46106719970703
    ],
    [
      23.17412757873535,
      22.33928871154785,
      25.068925857543945,
      23.452945709228516,
      23.654630661010742,
      24.660993576049805,
      15.32316780090332,
      20.5085506439209,
      24.49252700805664,
      26.15270233154297,
      33.01523208618164,
      36.20193862915039,
      38.11837387084961,
      38.05259704589844,
      30.892528533935547,
      30.40705108642578,
      18.46106719970703,
      20.104341506958008
    ]
  ],
  "covariance_short": [
    [
      81.44869995117188,
      71.84054565429688,
      73.18629455566406,
      74.00830841064453,
      67.4931869506836,
      66.45553588867188,
      40.38974380493164,
      41.59256362915039,
      62.009708404541016,
      59.73439407348633,
      62.09101486206055,
      62.85895538330078,
      63.83915328979492,
      61.08858871459961,
      36.041473388671875,
      35.49603271484375,
      14.841070175170898,
      17.642061233520508
    ],
    [
      71.84054565429688,
      79.75878143310547,
      73.28189849853516,
      72.87566375732422,
      66.58781433105469,
      65.83667755126953,
      38.60246276855469,
      39.831520080566406,
      60.3780632019043,
      58.6600456237793,
      61.217567443847656,
      61.9467887878418,
      62.640933990478516,
      58.50441360473633,
      35.74186325073242,
      34.00941467285156,
      14.530596733093262,
      16.795684814453125
    ],
    [
      73.18629455566406,
      73.28189849853516,
      90.97747802734375,
      87.26763153076172,
      79.01447296142578,
      78.63599395751953,
      45.84443664550781,
      47.852394104003906,
      72.09490203857422,
      70.2608642578125,
      75.62356567382812,
      76.78814697265625,
      76.95471954345703,
      72.13725280761719,
      45.07015609741211,
      43.059173583984375,
      18.632932662963867,
      21.511661529541016
    ],
    [
      74.00830841064453,
      72.87566375732422,
      87.26763153076172,
      92.52108001708984,
      79.42810821533203,
      78.40210723876953,
      46.85106658935547,
      47.18455123901367,
      72.59339904785156,
      69.06239318847656,
      75.50111389160156,
      75.78296661376953,
      76.236083984375,
      71.22980499267578,
      44.94398880004883,
      42.772830963134766,
      18.52849769592285,
      21.370376586914062
    ],
    [
      67.4931869506836,
      66.58781433105469,
      79.01447296142578,
      79.42810821533203,
      86.54553985595703,
      79.41158294677734,
      48.027347564697266,
      47.73305130004883,
      71.38616943359375,
      68.85212707519531,
      75.35829162597656,
      75.82865905761719,
      75.00204467773438,
      70.77532958984375,
      45.44573974609375,
      43.691097259521484,
      19.515172958374023,
      22.246417999267578
    ],
    [
      66.45553588867188,
      65.83667755126953,
      78.63599395751953,
      78.40210723876953,
      79.41158294677734,
      85.85216522216797,
      47.87217712402344,
      49.42158889770508,
      71.02632904052734,
      70.57695007324219,
      74.4644775390625,
      76.47735595703125,
      73.64926147460938,
      70.11804962158203,
      44.5654296875,
      42.76738357543945,
      18.971853256225586,
      21.663766860961914
    ],
    [
      40.38974380493164,
      38.60246276855469,
      45.84443664550781,
      46.85106658935547,
      48.027347564697266,
      47.87217712402344,
      57.312599182128906,
      41.39444351196289,
      47.889774322509766,
      45.76248550415039,
      55.42469787597656,
      51.087432861328125,
      51.323543548583984,
      47.02803039550781,
      35.93832015991211,
      33.799713134765625,
      17.092906951904297,
      18.83695411682129
    ],
    [
      41.59256362915039,
      39.831520080566406,
      47.852394104003906,
      47.18455123901367,
      47.73305130004883,
      49.42158889770508,
      41.39444351196289,
      50.69799041748047,
      46.84861373901367,
      50.41606903076172,
      54.87846374511719,
      57.59578323364258,
      52.04114532470703,
      51.864803314208984,
      35.10856628417969,
      34.602046966552734,
      16.986404418945312,
      19.288619995117188
    ],
    [
      62.009708404541016,
      60.3780632019043,
      72.09490203857422,
      72.59339904785156,
      71.38616943359375,
      71.02632904052734,
      47.889774322509766,
      46.84861373901367,
      86.48936462402344,
      71.7322769165039,
      78.2410888671875,
      76.56562042236328,
      76.63970184326172,
      71.17047882080078,
      47.76888656616211,
      45.77440643310547,
      21.105873107910156,
      24.055667877197266
    ],
    [
      59.73439407348633,
      58.6600456237793,
      70.2608642578125,
      69.06239318847656,
      68.85212707519531,
      70.57695007324219,
      45.76248550415039,
      50.41606903076172,
      71.7322769165039,
      80.33123016357422,
      76.4253158569336,
      80.17727661132812,
      73.54530334472656,
      72.1988296508789,
      45.60977554321289,
      44.4794807434082,
      20.542648315429688,
      23.546981811523438
    ],
    [
      62.09101486206055,
      61.217567443847656,
      75.62356567382812,
      75.50111389160156,
      75.35829162597656,
      74.4644775390625,
      55.42469787597656,
      54.87846374511719,
      78.2410888671875,
      76.4253158569336,
      109.200439453125,
      102.37462615966797,
      93.7822494506836,
      89.08014678955078,
      64.46067810058594,
      61.24446105957031,
      29.132980346679688,
      32.66537857055664
    ],
    [
      62.85895538330078,
      61.9467887878418,
      76.78814697265625,
      75.78296661376953,
      75.82865905761719,
      76.47735595703125,
      51.087432861328125,
      57.59578323364258,
      76.56562042236328,
      80.17727661132812,
      102.37462615966797,
      110.38245391845703,
      94.25332641601562,
      92.92451477050781,
      63.236473083496094,
      61.52035140991211,
      29.125118255615234,
      32.9819450378418
    ],
    [
      63.83915328979492,
      62.640933990478516,
      76.95471954345703,
      76.236083984375,
      75.00204467773438,
      73.64926147460938,
      51.323543548583984,
      52.04114532470703,
      76.63970184326172,
      73.54530334472656,
      93.7822494506836,
      94.25332641601562,
      106.37678527832031,
      98.02176666259766,
      69.77957916259766,
      66.63768768310547,
      32.54436492919922,
      36.35808563232422
    ],
    [
      61.08858871459961,
      58.50441360473633,
      72.13725280761719,
      71.22980499267578,
      70.77532958984375,
      70.11804962158203,
      47.02803039550781,
      51.864803314208984,
      71.17047882080078,
      72.1988296508789,
      89.08014678955078,
      92.92451477050781,
      98.02176666259766,
      95.1280517578125,
      64.85906982421875,
      63.278160095214844,
      30.945711135864258,
      34.86431884765625
    ],
    [
      36.041473388671875,
      35.74186325073242,
      45.07015609741211,
      44.94398880004883,
      45.44573974609375,
      44.5654296875,
      35.93832015991211,
      35.10856628417969,
      47.76888656616211,
      45.60977554321289,
      64.46067810058594,
      63.236473083496094,
      69.77957916259766,
      64.85906982421875,
      54.58406448364258,
      51.366920471191406,
      27.727685928344727,
      30.298538208007812
    ],
    [
      35.49603271484375,
      34.00941467285156,
      43.059173583984375,
      42.772830963134766,
      43.691097259521484,
      42.76738357543945,
      33.799713134765625,
      34.602046966552734,
      45.77440643310547,
      44.4794807434082,
      61.24446105957031,
      61.52035140991211,
      66.63768768310547,
      63.278160095214844,
      51.366920471191406,
      49.804840087890625,
      26.71844482421875,
      29.5283145904541
    ],
    [
      14.841070175170898,
      14.530596733093262,
      18.632932662963867,
      18.52849769592285,
      19.515172958374023,
      18.971853256225586,
      17.092906951904297,
      16.986404418945312,
      21.105873107910156,
      20.542648315429688,
      29.132980346679688,
      29.125118255615234,
      32.54436492919922,
      30.945711135864258,
      27.727685928344727,
      26.71844482421875,
      17.026708602905273,
      18.091081619262695
    ],
    [
      17.642061233520508,
      16.795684814453125,
      21.511661529541016,
      21.370376586914062,
      22.246417999267578,
      21.663766860961914,
      18.83695411682129,
      19.288619995117188,
      24.055667877197266,
      23.546981811523438,
      32.66537857055664,
      32.9819450378418,
      36.35808563232422,
      34.86431884765625,
      30.298538208007812,
      29.5283145904541,
      18.091081619262695,
      19.869718551635742
    ]
  ],
  "damage": -13.44412899017334,
  "diff_bandwidth": 736.4714965820312,
  "dissonance": 8.616177210762954,
  "drr": -1.415835976600647,
  "dynamics": 5.87066650390625,
  "format": 1245190,
  "frames": 2873280,
  "loudness": -19.84752655029297,
  "loudness_range": 16.952333450317383,
  "loudness_range_short": 20.853370666503906,
  "lowpass_true_peak_15khz": -1.3364681005477905,
  "mastering3_acoustic_entropies": [
    {
      "acoustic_entropy": 7.170302391052246,
      "acoustic_entropy_mono": 7.0252766609191895,
      "band_eliminated_acoustic_entropies": [
        {
          "acoustic_entropy": 7.1676344871521,
          "acoustic_entropy_side": 7.169667720794678,
          "hz": 129.47220167065723
        },
        {
          "acoustic_entropy": 7.146679878234863,
          "acoustic_entropy_side": 7.179356575012207,
          "hz": 202.92927478742237
        },
        {
          "acoustic_entropy": 7.08048677444458,
          "acoustic_entropy_side": 7.154007911682129,
          "hz": 282.89161906338205
        },
        {
          "acoustic_entropy": 7.138969898223877,
          "acoustic_entropy_side": 7.162741661071777,
          "hz": 369.9353335868758
        },
        {
          "acoustic_entropy": 7.209969520568848,
          "acoustic_entropy_side": 7.177534103393555,
          "hz": 464.6875360973435
        },
        {
          "acoustic_entropy": 7.0993194580078125,
          "acoustic_entropy_side": 7.144714832305908,
          "hz": 567.8308811364784
        },
        {
          "acoustic_entropy": 7.171203136444092,
          "acoustic_entropy_side": 7.188107967376709,
          "hz": 680.1084783214808
        },
        {
          "acoustic_entropy": 7.1251983642578125,
          "acoustic_entropy_side": 7.1663818359375,
          "hz": 802.3292461747484
        },
        {
          "acoustic_entropy": 7.263939380645752,
          "acoustic_entropy_side": 7.166422367095947,
          "hz": 935.3737400823702
        },
        {
          "acoustic_entropy": 7.333055019378662,
          "acoustic_entropy_side": 7.194444179534912,
          "hz": 1080.2004963696966
        },
        {
          "acoustic_entropy": 7.116398334503174,
          "acoustic_entropy_side": 7.254054546356201,
          "hz": 1237.8529382007157
        },
        {
          "acoustic_entropy": 6.291141510009766,
          "acoustic_entropy_side": 7.10196590423584,
          "hz": 1409.4668930556702
        },
        {
          "acoustic_entropy": 6.769876956939697,
          "acoustic_entropy_side": 7.103384494781494,
          "hz": 1596.2787759475705
        },
        {
          "acoustic_entropy": 7.181909084320068,
          "acoustic_entropy_side": 7.173929214477539,
          "hz": 1799.6344973346393
        },
        {
          "acoustic_entropy": 6.774484634399414,
          "acoustic_entropy_side": 7.229916095733643,
          "hz": 2020.9991599069049
        },
        {
          "acoustic_entropy": 7.656171798706055,
          "acoustic_entropy_side": 7.141473770141602,
          "hz": 2261.9676141086993
        },
        {
          "acoustic_entropy": 7.2141804695129395,
          "acoustic_entropy_side": 7.0150299072265625,
          "hz": 2524.2759484456974
        },
        {
          "acoustic_entropy": 6.956739902496338,
          "acoustic_entropy_side": 7.155721187591553,
          "hz": 2809.813997359896
        },
        {
          "acoustic_entropy": 7.014616012573242,
          "acoustic_entropy_side": 7.1427388191223145,
          "hz": 3120.6389567871424
        },
        {
          "acoustic_entropy": 7.133824348449707,
          "acoustic_entropy_side": 7.194418430328369,
          "hz": 3458.990205492291
        },
        {
          "acoustic_entropy": 7.197445392608643,
          "acoustic_entropy_side": 7.175106525421143,
          "hz": 3827.305438964164
        },
        {
          "acoustic_entropy": 7.204343795776367,
          "acoustic_entropy_side": 7.187374591827393,
          "hz": 4228.238232109126
        },
        {
          "acoustic_entropy": 7.1970295906066895,
          "acoustic_entropy_side": 7.178936004638672,
          "hz": 4664.6771572759235
        },
        {
          "acoustic_entropy": 7.173498630523682,
          "acoustic_entropy_side": 7.17194938659668,
          "hz": 5139.766595350093
        },
        {
          "acoustic_entropy": 7.175034523010254,
          "acoustic_entropy_side": 7.172014236450195,
          "hz": 5656.929389854203
        },
        {
          "acoustic_entropy": 7.17404842376709,
          "acoustic_entropy_side": 7.171501159667969,
          "hz": 6219.891507268283
        },
        {
          "acoustic_entropy": 7.171630382537842,
          "acoustic_entropy_side": 7.170938491821289,
          "hz": 6832.70888123896
        },
        {
          "acoustic_entropy": 7.171730995178223,
          "acoustic_entropy_side": 7.170770645141602,
          "hz": 7499.796634079867
        },
        {
          "acoustic_entropy": 7.170858860015869,
          "acoustic_entropy_side": 7.170518398284912,
          "hz": 8225.96088609342
        },
        {
          "acoustic_entropy": 7.171064853668213,
          "acoustic_entropy_side": 7.170559883117676,
          "hz": 9016.43338188839
        },
        {
          "acoustic_entropy": 7.170825004577637,
          "acoustic_entropy_side": 7.17048978805542,
          "hz": 9876.909183162974
        },
        {
          "acoustic_entropy": 7.170648574829102,
          "acoustic_entropy_side": 7.170469284057617,
          "hz": 10813.587699516042
        },
        {
          "acoustic_entropy": 7.1705851554870605,
          "acoustic_entropy_side": 7.170444965362549,
          "hz": 11833.21735289826
        },
        {
          "acoustic_entropy": 7.170495986938477,
          "acoustic_entropy_side": 7.170413017272949,
          "hz": 12943.144197493959
        },
        {
          "acoustic_entropy": 7.170413017272949,
          "acoustic_entropy_side": 7.170370578765869,
          "hz": 14151.364845322005
        },
        {
          "acoustic_entropy": 7.170365810394287,
          "acoustic_entropy_side": 7.170343399047852,
          "hz": 15466.58407886509
        },
        {
          "acoustic_entropy": 7.1703267097473145,
          "acoustic_entropy_side": 7.170319080352783,
          "hz": 16898.27756580493
        },
        {
          "acoustic_entropy": 7.1703057289123535,
          "acoustic_entropy_side": 7.170304775238037,
          "hz": 18456.760127700032
        },
        {
          "acoustic_entropy": 7.170303821563721,
          "acoustic_entropy_side": 7.170301914215088,
          "hz": 20153.260054456492
        },
        {
          "acoustic_entropy": 7.170301914215088,
          "acoustic_entropy_side": 7.170301914215088,
          "hz": 22000.00000000001
        }
      ],
      "diff_acoustic_entropy": 5.919813632965088,
      "sn": 6
    },
    {
      "acoustic_entropy": 10.550414085388184,
      "acoustic_entropy_mono": 9.856966018676758,
      "band_eliminated_acoustic_entropies": [
        {
          "acoustic_entropy": 10.545341491699219,
          "acoustic_entropy_side": 10.550573348999023,
          "hz": 129.47220167065723
        },
        {
          "acoustic_entropy": 10.540197372436523,
          "acoustic_entropy_side": 10.540231704711914,
          "hz": 202.92927478742237
        },
        {
          "acoustic_entropy": 10.637422561645508,
          "acoustic_entropy_side": 10.56760025024414,
          "hz": 282.89161906338205
        },
        {
          "acoustic_entropy": 10.53947639465332,
          "acoustic_entropy_side": 10.546189308166504,
          "hz": 369.9353335868758
        },
        {
          "acoustic_entropy": 10.534039497375488,
          "acoustic_entropy_side": 10.493898391723633,
          "hz": 464.6875360973435
        },
        {
          "acoustic_entropy": 10.564065933227539,
          "acoustic_entropy_side": 10.56435775756836,
          "hz": 567.8308811364784
        },
        {
          "acoustic_entropy": 10.581563949584961,
          "acoustic_entropy_side": 10.463398933410645,
          "hz": 680.1084783214808
        },
        {
          "acoustic_entropy": 10.365851402282715,
          "acoustic_entropy_side": 10.498279571533203,
          "hz": 802.3292461747484
        },
        {
          "acoustic_entropy": 10.832417488098145,
          "acoustic_entropy_side": 10.480082511901855,
          "hz": 935.3737400823702
        },
        {
          "acoustic_entropy": 10.697210311889648,
          "acoustic_entropy_side": 10.538881301879883,
          "hz": 1080.2004963696966
        },
        {
          "acoustic_entropy": 9.62017822265625,
          "acoustic_entropy_side": 10.45938777923584,
          "hz": 1237.8529382007157
        },
        {
          "acoustic_entropy": 10.711451530456543,
          "acoustic_entropy_side": 10.646780014038086,
          "hz": 1409.4668930556702
        },
        {
          "acoustic_entropy": 10.451086044311523,
          "acoustic_entropy_side": 10.282161712646484,
          "hz": 1596.2787759475705
        },
        {
          "acoustic_entropy": 10.325411796569824,
          "acoustic_entropy_side": 10.495746612548828,
          "hz": 1799.6344973346393
        },
        {
          "acoustic_entropy": 10.012582778930664,
          "acoustic_entropy_side": 10.495903015136719,
          "hz": 2020.9991599069049
        },
        {
          "acoustic_entropy": 10.699620246887207,
          "acoustic_entropy_side": 10.600462913513184,
          "hz": 2261.9676141086993
        },
        {
          "acoustic_entropy": 10.830150604248047,
          "acoustic_entropy_side": 10.673233985900879,
          "hz": 2524.2759484456974
        },
        {
          "acoustic_entropy": 10.463324546813965,
          "acoustic_entropy_side": 10.341266632080078,
          "hz": 2809.813997359896
        },
        {
          "acoustic_entropy": 10.800225257873535,
          "acoustic_entropy_side": 10.658273696899414,
          "hz": 3120.6389567871424
        },
        {
          "acoustic_entropy": 10.42232608795166,
          "acoustic_entropy_side": 10.476855278015137,
          "hz": 3458.990205492291
        },
        {
          "acoustic_entropy": 10.475052833557129,
          "acoustic_entropy_side": 10.503617286682129,
          "hz": 3827.305438964164
        },
        {
          "acoustic_entropy": 10.276962280273438,
          "acoustic_entropy_side": 10.42205810546875,
          "hz": 4228.238232109126
        },
        {
          "acoustic_entropy": 10.315302848815918,
          "acoustic_entropy_side": 10.448259353637695,
          "hz": 4664.6771572759235
        },
        {
          "acoustic_entropy": 10.50499439239502,
          "acoustic_entropy_side": 10.534440994262695,
          "hz": 5139.766595350093
        },
        {
          "acoustic_entropy": 10.468589782714844,
          "acoustic_entropy_side": 10.525484085083008,
          "hz": 5656.929389854203
        },
        {
          "acoustic_entropy": 10.499625205993652,
          "acoustic_entropy_side": 10.532505989074707,
          "hz": 6219.891507268283
        },
        {
          "acoustic_entropy": 10.51349925994873,
          "acoustic_entropy_side": 10.536542892456055,
          "hz": 6832.70888123896
        },
        {
          "acoustic_entropy": 10.515900611877441,
          "acoustic_entropy_side": 10.539154052734375,
          "hz": 7499.796634079867
        },
        {
          "acoustic_entropy": 10.53237533569336,
          "acoustic_entropy_side": 10.542961120605469,
          "hz": 8225.96088609342
        },
        {
          "acoustic_entropy": 10.532522201538086,
          "acoustic_entropy_side": 10.543512344360352,
          "hz": 9016.43338188839
        },
        {
          "acoustic_entropy": 10.538095474243164,
          "acoustic_entropy_side": 10.545503616333008,
          "hz": 9876.909183162974
        },
        {
          "acoustic_entropy": 10.540206909179688,
          "acoustic_entropy_side": 10.546149253845215,
          "hz": 10813.587699516042
        },
        {
          "acoustic_entropy": 10.542712211608887,
          "acoustic_entropy_side": 10.546666145324707,
          "hz": 11833.21735289826
        },
        {
          "acoustic_entropy": 10.545541763305664,
          "acoustic_entropy_side": 10.547730445861816,
          "hz": 12943.144197493959
        },
        {
          "acoustic_entropy": 10.547691345214844,
          "acoustic_entropy_side": 10.548867225646973,
          "hz": 14151.364845322005
        },
        {
          "acoustic_entropy": 10.548251152038574,
          "acoustic_entropy_side": 10.549156188964844,
          "hz": 15466.58407886509
        },
        {
          "acoustic_entropy": 10.549527168273926,
          "acoustic_entropy_side": 10.549863815307617,
          "hz": 16898.27756580493
        },
        {
          "acoustic_entropy": 10.550271987915039,
          "acoustic_entropy_side": 10.550326347351074,
          "hz": 18456.760127700032
        },
        {
          "acoustic_entropy": 10.550394058227539,
          "acoustic_entropy_side": 10.55040454864502,
          "hz": 20153.260054456492
        },
        {
          "acoustic_entropy": 10.550413131713867,
          "acoustic_entropy_side": 10.550413131713867,
          "hz": 22000.00000000001
        }
      ],
      "diff_acoustic_entropy": 9.044661521911621,
      "sn": 12
    },
    {
      "acoustic_entropy": 14.728326797485352,
      "acoustic_entropy_mono": 14.302143096923828,
      "band_eliminated_acoustic_entropies": [
        {
          "acoustic_entropy": 14.700791358947754,
          "acoustic_entropy_side": 14.773144721984863,
          "hz": 129.47220167065723
        },
        {
          "acoustic_entropy": 14.866216659545898,
          "acoustic_entropy_side": 14.793585777282715,
          "hz": 202.92927478742237
        },
        {
          "acoustic_entropy": 14.902523040771484,
          "acoustic_entropy_side": 14.70029067993164,
          "hz": 282.89161906338205
        },
        {
          "acoustic_entropy": 14.782562255859375,
          "acoustic_entropy_side": 14.638727188110352,
          "hz": 369.9353335868758
        },
        {
          "acoustic_entropy": 14.984516143798828,
          "acoustic_entropy_side": 14.683162689208984,
          "hz": 464.6875360973435
        },
        {
          "acoustic_entropy": 14.941679954528809,
          "acoustic_entropy_side": 15.004148483276367,
          "hz": 567.8308811364784
        },
        {
          "acoustic_entropy": 14.896032333374023,
          "acoustic_entropy_side": 15.25450325012207,
          "hz": 680.1084783214808
        },
        {
          "acoustic_entropy": 14.91861629486084,
          "acoustic_entropy_side": 14.7584867477417,
          "hz": 802.3292461747484
        },
        {
          "acoustic_entropy": 15.076522827148438,
          "acoustic_entropy_side": 14.79638957977295,
          "hz": 935.3737400823702
        },
        {
          "acoustic_entropy": 15.670543670654297,
          "acoustic_entropy_side": 14.832155227661133,
          "hz": 1080.2004963696966
        },
        {
          "acoustic_entropy": 15.035560607910156,
          "acoustic_entropy_side": 15.04237174987793,
          "hz": 1237.8529382007157
        },
        {
          "acoustic_entropy": 14.669212341308594,
          "acoustic_entropy_side": 15.01240062713623,
          "hz": 1409.4668930556702
        },
        {
          "acoustic_entropy": 14.762399673461914,
          "acoustic_entropy_side": 14.532626152038574,
          "hz": 1596.2787759475705
        },
        {
          "acoustic_entropy": 15.130392074584961,
          "acoustic_entropy_side": 14.88784122467041,
          "hz": 1799.6344973346393
        },
        {
          "acoustic_entropy": 15.007749557495117,
          "acoustic_entropy_side": 14.851552963256836,
          "hz": 2020.9991599069049
        },
        {
          "acoustic_entropy": 14.956099510192871,
          "acoustic_entropy_side": 14.677844047546387,
          "hz": 2261.9676141086993
        },
        {
          "acoustic_entropy": 14.897254943847656,
          "acoustic_entropy_side": 15.087692260742188,
          "hz": 2524.2759484456974
        },
        {
          "acoustic_entropy": 15.447590827941895,
          "acoustic_entropy_side": 14.94265365600586,
          "hz": 2809.813997359896
        },
        {
          "acoustic_entropy": 14.86613941192627,
          "acoustic_entropy_side": 14.7296142578125,
          "hz": 3120.6389567871424
        },
        {
          "acoustic_entropy": 14.474260330200195,
