{
  "acoustic_entropy": 172.4658966064453,
  "bands": [
    {
      "high_freq": 148.1999969482422,
      "loudness": -33.88969802856445,
      "loudness_range": 23.689945220947266,
      "mid_mean": -32.78444290161133,
      "mid_to_side_loudness": -0.9763582944869995,
      "mid_to_side_loudness_range": 2.9884355068206787,
      "side_mean": -33.74807357788086
    },
    {
      "high_freq": 392.3793640136719,
      "loudness": -30.45530891418457,
      "loudness_range": 18.3870792388916,
      "low_freq": 148.1999969482422,
      "mid_mean": -29.68245506286621,
      "mid_to_side_loudness": -0.34524866938591003,
      "mid_to_side_loudness_range": 1.1963920593261719,
      "side_mean": -30.002649307250977
    },
    {
      "high_freq": 794.6976318359375,
      "loudness": -31.86574935913086,
      "loudness_range": 18.53895378112793,
      "low_freq": 392.3793640136719,
      "mid_mean": -30.96172332763672,
      "mid_to_side_loudness": -0.5552111864089966,
      "mid_to_side_loudness_range": 1.4873844385147095,
      "side_mean": -31.464927673339844
    },
    {
      "high_freq": 1457.5709228515625,
      "loudness": -38.341461181640625,
      "loudness_range": 27.070297241210938,
      "low_freq": 794.6976318359375,
      "mid_mean": -37.51187515258789,
      "mid_to_side_loudness": -0.4656357169151306,
      "mid_to_side_loudness_range": 1.2334418296813965,
      "side_mean": -37.84601974487305
    },
    {
      "high_freq": 2549.74365234375,
      "loudness": -44.014766693115234,
      "loudness_range": 28.859493255615234,
      "low_freq": 1457.5709228515625,
      "mid_mean": -43.35511779785156,
      "mid_to_side_loudness": -0.24128291010856628,
      "mid_to_side_loudness_range": 0.5008333921432495,
      "side_mean": -43.52802276611328
    },
    {
      "high_freq": 4349.24462890625,
      "loudness": -44.33168029785156,
      "loudness_range": 25.29913902282715,
      "low_freq": 2549.74365234375,
      "mid_mean": -44.080421447753906,
      "mid_to_side_loudness": -0.13988129794597626,
      "mid_to_side_loudness_range": 0.43302589654922485,
      "side_mean": -44.15485763549805
    },
    {
      "high_freq": 7314.1640625,
      "loudness": -47.29582595825195,
      "loudness_range": 32.322601318359375,
      "low_freq": 4349.24462890625,
      "mid_mean": -46.38279342651367,
      "mid_to_side_loudness": -0.05988681688904762,
      "mid_to_side_loudness_range": 0.31959274411201477,
      "side_mean": -46.440696716308594
    },
    {
      "high_freq": 12199.2666015625,
      "loudness": -51.576473236083984,
      "loudness_range": 24.74325180053711,
      "low_freq": 7314.1640625,
      "mid_mean": -50.81541442871094,
      "mid_to_side_loudness": 0.006786904763430357,
      "mid_to_side_loudness_range": 0.2613205015659332,
      "side_mean": -50.806217193603516
    },
    {
      "loudness": -59.095611572265625,
      "loudness_range": 9.666873931884766,
      "low_freq": 12199.2666015625,
      "mid_mean": -58.11262130737305,
      "mid_to_side_loudness": 0.00863649882376194,
      "mid_to_side_loudness_range": 0.2737508714199066,
      "side_mean": -58.095008850097656
    }
  ],
  "bands_short": [
    {
      "high_freq": 148.1999969482422,
      "loudness": -37.4421501159668,
      "loudness_range": 26.885120391845703,
      "mid_mean": -36.21429443359375,
      "mid_to_side_loudness": -1.3290950059890747,
      "mid_to_side_loudness_range": 4.609129428863525,
      "side_mean": -37.502559661865234
    },
    {
      "high_freq": 392.3793640136719,
      "loudness": -32.000911712646484,
      "loudness_range": 24.758996963500977,
      "low_freq": 148.1999969482422,
      "mid_mean": -31.196884155273438,
      "mid_to_side_loudness": -0.445272833108902,
      "mid_to_side_loudness_range": 2.228682041168213,
      "side_mean": -31.47957420349121
    },
    {
      "high_freq": 794.6976318359375,
      "loudness": -31.776836395263672,
      "loudness_range": 21.1398868560791,
      "low_freq": 392.3793640136719,
      "mid_mean": -30.881731033325195,
      "mid_to_side_loudness": -0.639016330242157,
      "mid_to_side_loudness_range": 3.4214138984680176,
      "side_mean": -31.467105865478516
    },
    {
      "high_freq": 1457.5709228515625,
      "loudness": -39.47379684448242,
      "loudness_range": 29.828142166137695,
      "low_freq": 794.6976318359375,
      "mid_mean": -38.73136520385742,
      "mid_to_side_loudness": -0.537580132484436,
      "mid_to_side_loudness_range": 2.787478446960449,
      "side_mean": -39.14118576049805
    },
    {
      "high_freq": 2549.74365234375,
      "loudness": -45.37189483642578,
      "loudness_range": 30.14722442626953,
      "low_freq": 1457.5709228515625,
      "mid_mean": -44.855979919433594,
      "mid_to_side_loudness": -0.29776179790496826,
      "mid_to_side_loudness_range": 1.377511739730835,
      "side_mean": -45.124664306640625
    },
    {
      "high_freq": 4349.24462890625,
      "loudness": -46.111026763916016,
      "loudness_range": 28.450122833251953,
      "low_freq": 2549.74365234375,
      "mid_mean": -46.637813568115234,
      "mid_to_side_loudness": -0.15500129759311676,
      "mid_to_side_loudness_range": 1.2804410457611084,
      "side_mean": -46.79166030883789
    },
    {
      "high_freq": 7314.1640625,
      "loudness": -49.367549896240234,
      "loudness_range": 32.625892639160156,
      "low_freq": 4349.24462890625,
      "mid_mean": -48.39027404785156,
      "mid_to_side_loudness": -0.07156313210725784,
      "mid_to_side_loudness_range": 1.0080989599227905,
      "side_mean": -48.458953857421875
    },
    {
      "high_freq": 12199.2666015625,
      "loudness": -53.457149505615234,
      "loudness_range": 24.34353256225586,
      "low_freq": 7314.1640625,
      "mid_mean": -52.60892105102539,
      "mid_to_side_loudness": 0.009058918803930283,
      "mid_to_side_loudness_range": 0.9002297520637512,
      "side_mean": -52.59823989868164
    },
    {
      "loudness": -59.779815673828125,
      "loudness_range": 10.643699645996094,
      "low_freq": 12199.2666015625,
      "mid_mean": -58.73838424682617,
      "mid_to_side_loudness": 0.013742756098508835,
      "mid_to_side_loudness_range": 0.9282206296920776,
      "side_mean": -58.72501754760742
    }
  ],
  "bandwidth": 460.9220275878906,
  "channels": 2,
  "covariance": [
    [
      64.97566986083984,
      71.98189544677734,
      35.48198699951172,
      35.481590270996094,
      11.820235252380371,
      10.960005760192871,
      6.08951997756958,
      3.854598045349121,
      13.799959182739258,
      13.223313331604004,
      17.448070526123047,
      16.84825897216797,
      22.848161697387695,
      22.778934478759766,
      19.228708267211914,
      19.224754333496094,
      9.454947471618652,
      9.483091354370117
    ],
    [
      71.98189544677734,
      80.5623550415039,
      40.47124099731445,
      40.35475540161133,
      13.217517852783203,
      12.191816329956055,
      7.670675754547119,
      5.142726421356201,
      15.300786972045898,
      14.666977882385254,
      19.82283592224121,
      19.13227081298828,
      26.08016014099121,
      26.000865936279297,
      21.916162490844727,
      21.917160034179688,
      10.83474349975586,
      10.87060260772705
    ],
    [
      35.48198699951172,
      40.47124099731445,
      47.64680480957031,
      46.81759262084961,
      10.532563209533691,
      10.308197975158691,
      11.78330135345459,
      9.239192962646484,
      19.89992332458496,
      19.41986846923828,
      23.094802856445312,
      22.527240753173828,
      29.381237030029297,
      29.351823806762695,
      21.809112548828125,
      21.83732795715332,
      8.840611457824707,
      8.894096374511719
    ],
    [
      35.481590270996094,
      40.35475540161133,
      46.81759262084961,
      48.321441650390625,
      9.855616569519043,
      9.910517692565918,
      11.900458335876465,
      8.75141429901123,
      19.642127990722656,
      19.052335739135742,
      23.82061767578125,
      22.997535705566406,
      29.742393493652344,
      29.726680755615234,
      22.242103576660156,
      22.2711238861084,
      8.9790620803833,
      9.039193153381348
    ],
    [
      11.820235252380371,
      13.217517852783203,
      10.532563209533691,
      9.855616569519043,
      45.867584228515625,
      45.24787521362305,
      39.722816467285156,
      38.30780029296875,
      38.975006103515625,
      38.480716705322266,
      26.968536376953125,
      26.774513244628906,
      23.72089195251465,
      23.663156509399414,
      20.863204956054688,
      20.902748107910156,
      9.467288970947266,
      9.505574226379395
    ],
    [
      10.960005760192871,
      12.191816329956055,
      10.308197975158691,
      9.910517692565918,
      45.24787521362305,
      46.20070266723633,
      39.851280212402344,
      38.074554443359375,
      38.64344024658203,
      38.59910202026367,
      27.088136672973633,
      26.80740737915039,
      23.643999099731445,
      23.594743728637695,
      20.670381546020508,
      20.711328506469727,
      9.296096801757812,
      9.343236923217773
    ],
    [
      6.08951997756958,
      7.670675754547119,
      11.78330135345459,
      11.900458335876465,
      39.722816467285156,
      39.851280212402344,
      86.6085433959961,
      84.04252624511719,
      66.39771270751953,
      65.79330444335938,
      54.7692756652832,
      53.77001953125,
      52.08653259277344,
      51.98191452026367,
      40.932193756103516,
      40.99335479736328,
      15.46303653717041,
      15.520925521850586
    ],
    [
      3.854598045349121,
      5.142726421356201,
      9.239192962646484,
      8.75141429901123,
      38.30780029296875,
      38.074554443359375,
      84.04252624511719,
      84.65327453613281,
      63.97593688964844,
      63.84018325805664,
      52.31421661376953,
      51.99262237548828,
      49.830360412597656,
      49.735164642333984,
      39.32310485839844,
      39.37896728515625,
      15.029706954956055,
      15.086758613586426
    ],
    [
      13.799959182739258,
      15.300786972045898,
      19.89992332458496,
      19.642127990722656,
      38.975006103515625,
      38.64344024658203,
      66.39771270751953,
      63.97593688964844,
      93.42786407470703,
      92.8072509765625,
      70.06078338623047,
      69.18930053710938,
      68.82035064697266,
      68.6960220336914,
      51.47630310058594,
      51.51813507080078,
      16.6449031829834,
      16.732980728149414
    ],
    [
      13.223313331604004,
      14.666977882385254,
      19.41986846923828,
      19.052335739135742,
      38.480716705322266,
      38.59910202026367,
      65.79330444335938,
      63.84018325805664,
      92.8072509765625,
      92.95307159423828,
      69.5779800415039,
      69.14019775390625,
      68.3844985961914,
      68.26707458496094,
      51.168296813964844,
      51.20878219604492,
      16.53109359741211,
      16.62104034423828
    ],
    [
      17.448070526123047,
      19.82283592224121,
      23.094802856445312,
      23.82061767578125,
      26.968536376953125,
      27.088136672973633,
      54.7692756652832,
      52.31421661376953,
      70.06078338623047,
      69.5779800415039,
      76.2957534790039,
      74.96672058105469,
      71.5154800415039,
      71.43435668945312,
      53.72225570678711,
      53.7482795715332,
      17.430994033813477,
      17.533845901489258
    ],
    [
      16.84825897216797,
      19.13227081298828,
      22.527240753173828,
      22.997535705566406,
      26.774513244628906,
      26.80740737915039,
      53.77001953125,
      51.99262237548828,
      69.18930053710938,
      69.14019775390625,
      74.96672058105469,
      75.4814453125,
      70.73809814453125,
      70.65708923339844,
      53.20390701293945,
      53.232120513916016,
      17.311847686767578,
      17.411537170410156
    ],
    [
      22.848161697387695,
      26.08016014099121,
      29.381237030029297,
      29.742393493652344,
      23.72089195251465,
      23.643999099731445,
      52.08653259277344,
      49.830360412597656,
      68.82035064697266,
      68.3844985961914,
      71.5154800415039,
      70.73809814453125,
      89.79208374023438,
      89.7074966430664,
      65.78083038330078,
      65.79043579101562,
      20.158405303955078,
      20.26939582824707
    ],
    [
      22.778934478759766,
      26.000865936279297,
      29.351823806762695,
      29.726680755615234,
      23.663156509399414,
      23.594743728637695,
      51.98191452026367,
      49.735164642333984,
      68.6960220336914,
      68.26707458496094,
      71.43435668945312,
      70.65708923339844,
      89.7074966430664,
      89.63355255126953,
      65.74075317382812,
      65.74971771240234,
      20.144821166992188,
      20.256380081176758
    ],
    [
      19.228708267211914,
      21.916162490844727,
      21.809112548828125,
      22.242103576660156,
      20.863204956054688,
      20.670381546020508,
      40.932193756103516,
      39.32310485839844,
      51.47630310058594,
      51.168296813964844,
      53.72225570678711,
      53.20390701293945,
      65.78083038330078,
      65.74075317382812,
      56.461307525634766,
      56.47077560424805,
      19.882925033569336,
      19.97977638244629
    ],
    [
      19.224754333496094,
      21.917160034179688,
      21.83732795715332,
      22.2711238861084,
      20.902748107910156,
      20.711328506469727,
      40.99335479736328,
      39.37896728515625,
      51.51813507080078,
      51.20878219604492,
      53.7482795715332,
      53.232120513916016,
      65.79043579101562,
      65.74971771240234,
      56.47077560424805,
      56.48772430419922,
      19.893632888793945,
      19.990995407104492
    ],
    [
      9.454947471618652,
      10.83474349975586,
      8.840611457824707,
      8.9790620803833,
      9.467288970947266,
      9.296096801757812,
      15.46303653717041,
      15.029706954956055,
      16.6449031829834,
      16.53109359741211,
      17.430994033813477,
      17.311847686767578,
      20.158405303955078,
      20.144821166992188,
      19.882925033569336,
      19.893632888793945,
      10.038890838623047,
      10.066108703613281
    ],
    [
      9.483091354370117,
      10.87060260772705,
      8.894096374511719,
      9.039193153381348,
      9.505574226379395,
      9.343236923217773,
      15.520925521850586,
      15.086758613586426,
      16.732980728149414,
      16.62104034423828,
      17.533845901489258,
      17.411537170410156,
      20.26939582824707,
      20.256380081176758,
      19.97977638244629,
      19.990995407104492,
      10.066108703613281,
      10.101032257080078
    ]
  ],
  "covariance_short": [
    [
      74.6292495727539,
      81.6409912109375,
      40.46896743774414,
      40.552852630615234,
      17.48797607421875,
      16.918201446533203,
      7.033077239990234,
      4.599537372589111,
      17.73307228088379,
      17.17141342163086,
      25.820167541503906,
      25.945764541625977,
      26.44666862487793,
      26.401826858520508,
      20.396076202392578,
      20.39337921142578,
      9.070850372314453,
      9.096810340881348
    ],
    [
      81.6409912109375,
      92.41070556640625,
      47.54838562011719,
      47.558101654052734,
      20.380809783935547,
      19.63303565979004,
      9.950078010559082,
      7.086949348449707,
      20.661026000976562,
      20.038347244262695,
      30.92181968688965,
      31.09267807006836,
      31.2462158203125,
      31.180707931518555,
      24.01888084411621,
      24.01613426208496,
      10.580510139465332,
      10.619321823120117
    ],
    [
      40.46896743774414,
      47.54838562011719,
      64.15338134765625,
      63.7099723815918,
      19.369199752807617,
      19.473264694213867,
      19.0009822845459,
      16.493595123291016,
      27.965408325195312,
      28.028484344482422,
      43.43212890625,
      43.6707878112793,
      43.10676193237305,
      43.05333709716797,
      29.66106414794922,
      29.667322158813477,
      10.592155456542969,
      10.630077362060547
    ],
    [
      40.552852630615234,
      47.558101654052734,
      63.7099723815918,
      66.66266632080078,
      19.20514678955078,
      19.823137283325195,
      19.007732391357422,
      16.0697021484375,
      27.90531349182129,
      27.93158721923828,
      43.34939956665039,
      43.69269943237305,
      43.01173782348633,
      42.982330322265625,
      29.825775146484375,
      29.820999145507812,
      10.698747634887695,
      10.73758316040039
    ],
    [
      17.48797607421875,
      20.380809783935547,
      19.369199752807617,
      19.20514678955078,
      56.449249267578125,
      55.38212966918945,
      40.19807815551758,
      38.73308563232422,
      42.70656204223633,
      42.35660171508789,
      36.01530838012695,
      35.977020263671875,
      31.435392379760742,
      31.363142013549805,
      25.881378173828125,
      25.9063663482666,
      10.202882766723633,
      10.238162994384766
    ],
    [
      16.918201446533203,
      19.63303565979004,
      19.473264694213867,
      19.823137283325195,
      55.38212966918945,
      58.18896484375,
      40.79692459106445,
      39.129119873046875,
      42.40851974487305,
      42.80392837524414,
      36.18023681640625,
      36.32802963256836,
      31.56482696533203,
      31.51596450805664,
      25.900964736938477,
      25.926532745361328,
      10.186074256896973,
      10.240123748779297
    ],
    [
      7.033077239990234,
      9.950078010559082,
      19.0009822845459,
      19.007732391357422,
      40.19807815551758,
      40.79692459106445,
      99.65498352050781,
      96.2343521118164,
      74.33096313476562,
      74.59526824951172,
      67.30426788330078,
      67.543212890625,
      58.214744567871094,
      58.08266830444336,
      44.88620376586914,
      44.93479537963867,
      15.90876579284668,
      15.97469425201416
    ],
    [
      4.599537372589111,
      7.086949348449707,
      16.493595123291016,
      16.0697021484375,
      38.73308563232422,
      39.129119873046875,
      96.2343521118164,
      98.23106384277344,
      71.8812255859375,
      72.35128021240234,
      64.83544921875,
      64.92710876464844,
      55.98966979980469,
      55.90172576904297,
      43.415897369384766,
      43.46338653564453,
      15.612911224365234,
      15.67512035369873
    ],
    [
      17.73307228088379,
      20.661026000976562,
      27.965408325195312,
      27.90531349182129,
      42.70656204223633,
      42.40851974487305,
      74.33096313476562,
      71.8812255859375,
      105.7265853881836,
      104.87572479248047,
      84.81595611572266,
      84.92381286621094,
      75.99007415771484,
      75.83181762695312,
      56.17919921875,
      56.22177505493164,
      17.53476905822754,
      17.629898071289062
    ],
    [
      17.17141342163086,
      20.038347244262695,
      28.028484344482422,
      27.93158721923828,
      42.35660171508789,
      42.80392837524414,
      74.59526824951172,
      72.35128021240234,
      104.87572479248047,
      106.52152252197266,
      85.27955627441406,
      85.50750732421875,
      76.3687973022461,
      76.23527526855469,
      56.413028717041016,
      56.46445083618164,
      17.5550594329834,
      17.650474548339844
    ],
    [
      25.820167541503906,
      30.92181968688965,
      43.43212890625,
      43.34939956665039,
      36.01530838012695,
      36.18023681640625,
      67.30426788330078,
      64.83544921875,
      84.81595611572266,
      85.27955627441406,
      103.77838897705078,
      103.60120391845703,
      93.05652618408203,
      92.95196533203125,
      67.703369140625,
      67.73625183105469,
      20.80914306640625,
      20.923084259033203
    ],
    [
      25.945764541625977,
      31.09267807006836,
      43.6707878112793,
      43.69269943237305,
      35.977020263671875,
      36.32802963256836,
      67.543212890625,
      64.92710876464844,
      84.92381286621094,
      85.50750732421875,
      103.60120391845703,
      104.2611083984375,
      93.3487548828125,
      93.24588012695312,
      67.89927673339844,
      67.93509674072266,
      20.86505126953125,
      20.981679916381836
    ],
    [
      26.44666862487793,
      31.2462158203125,
      43.10676193237305,
      43.01173782348633,
      31.435392379760742,
      31.56482696533203,
      58.214744567871094,
      55.98966979980469,
      75.99007415771484,
      76.3687973022461,
      93.05652618408203,
      93.3487548828125,
      101.12223052978516,
      101.00762176513672,
      74.10395050048828,
      74.11030578613281,
      23.1785831451416,
      23.30107307434082
    ],
    [
      26.401826858520508,
      31.180707931518555,
      43.05333709716797,
      42.982330322265625,
      31.363142013549805,
      31.51596450805664,
      58.08266830444336,
      55.90172576904297,
      75.83181762695312,
      76.23527526855469,
      92.95196533203125,
      93.24588012695312,
      101.00762176513672,
      101.0508041381836,
      74.12998962402344,
      74.1368179321289,
      23.208980560302734,
      23.331157684326172
    ],
    [
      20.396076202392578,
      24.01888084411621,
      29.66106414794922,
      29.825775146484375,
      25.881378173828125,
      25.900964736938477,
      44.88620376586914,
      43.415897369384766,
      56.17919921875,
      56.413028717041016,
      67.703369140625,
      67.89927673339844,
      74.10395050048828,
      74.12998962402344,
      64.57615661621094,
      64.53633880615234,
      22.86016273498535,
      22.963550567626953
    ],
    [
      20.39337921142578,
      24.01613426208496,
      29.667322158813477,
      29.820999145507812,
      25.9063663482666,
      25.926532745361328,
      44.93479537963867,
      43.46338653564453,
      56.22177505493164,
      56.46445083618164,
      67.73625183105469,
      67.93509674072266,
      74.11030578613281,
      74.1368179321289,
      64.53633880615234,
      64.57911682128906,
      22.8596248626709,
      22.963708877563477
    ],
    [
      9.070850372314453,
      10.580510139465332,
      10.592155456542969,
      10.698747634887695,
      10.202882766723633,
      10.186074256896973,
      15.90876579284668,
      15.612911224365234,
      17.53476905822754,
      17.5550594329834,
      20.80914306640625,
      20.86505126953125,
      23.1785831451416,
      23.208980560302734,
      22.86016273498535,
      22.8596248626709,
      12.211718559265137,
      12.2061767578125
    ],
    [
      9.096810340881348,
      10.619321823120117,
      10.630077362060547,
      10.73758316040039,
      10.238162994384766,
      10.240123748779297,
      15.97469425201416,
      15.67512035369873,
      17.629898071289062,
      17.650474548339844,
      20.923084259033203,
      20.981679916381836,
      23.30107307434082,
      23.331157684326172,
      22.963550567626953,
      22.963708877563477,
      12.2061767578125,
      12.282974243164062
    ]
  ],
  "damage": -13.734694480895996,
  "diff_bandwidth": 489.6286315917969,
  "dissonance": 6.542710058602225,
  "drr": 16.47272491455078,
  "dynamics": 4.55954122543335,
  "format": 1245190,
  "frames": 7923648,
  "loudness": -20.133800506591797,
  "loudness_range": 12.975848197937012,
  "loudness_range_short": 17.927799224853516,
  "lowpass_true_peak_15khz": 0.13892000913619995,
  "mastering3_acoustic_entropies": [
    {
      "acoustic_entropy": 6.798318862915039,
      "acoustic_entropy_mono": 6.765872955322266,
      "band_eliminated_acoustic_entropies": [
        {
          "acoustic_entropy": 6.903943061828613,
          "acoustic_entropy_side": 6.851518154144287,
          "hz": 129.47220167065723
        },
        {
          "acoustic_entropy": 7.110597610473633,
          "acoustic_entropy_side": 7.1713151931762695,
          "hz": 202.92927478742237
        },
        {
          "acoustic_entropy": 6.791355133056641,
          "acoustic_entropy_side": 7.1661696434021,
          "hz": 282.89161906338205
        },
        {
          "acoustic_entropy": 6.926176071166992,
          "acoustic_entropy_side": 6.921079635620117,
          "hz": 369.9353335868758
        },
        {
          "acoustic_entropy": 5.773544788360596,
          "acoustic_entropy_side": 6.660684585571289,
          "hz": 464.6875360973435
        },
        {
          "acoustic_entropy": 6.678102493286133,
          "acoustic_entropy_side": 7.003355503082275,
          "hz": 567.8308811364784
        },
        {
          "acoustic_entropy": 6.622073173522949,
          "acoustic_entropy_side": 6.97882604598999,
          "hz": 680.1084783214808
        },
        {
          "acoustic_entropy": 6.769040584564209,
          "acoustic_entropy_side": 6.739717483520508,
          "hz": 802.3292461747484
        },
        {
          "acoustic_entropy": 6.997418403625488,
          "acoustic_entropy_side": 6.948946952819824,
          "hz": 935.3737400823702
        },
        {
          "acoustic_entropy": 6.675711154937744,
          "acoustic_entropy_side": 6.758017063140869,
          "hz": 1080.2004963696966
        },
        {
          "acoustic_entropy": 6.5388078689575195,
          "acoustic_entropy_side": 6.7244672775268555,
          "hz": 1237.8529382007157
        },
        {
          "acoustic_entropy": 6.598215579986572,
          "acoustic_entropy_side": 6.899379730224609,
          "hz": 1409.4668930556702
        },
        {
          "acoustic_entropy": 6.658782958984375,
          "acoustic_entropy_side": 6.7434773445129395,
          "hz": 1596.2787759475705
        },
        {
          "acoustic_entropy": 6.798027992248535,
          "acoustic_entropy_side": 6.786110877990723,
          "hz": 1799.6344973346393
        },
        {
          "acoustic_entropy": 6.526975154876709,
          "acoustic_entropy_side": 6.668772220611572,
          "hz": 2020.9991599069049
        },
        {
          "acoustic_entropy": 6.650422096252441,
          "acoustic_entropy_side": 6.725175857543945,
          "hz": 2261.9676141086993
        },
        {
          "acoustic_entropy": 6.706496715545654,
          "acoustic_entropy_side": 6.763576984405518,
          "hz": 2524.2759484456974
        },
        {
          "acoustic_entropy": 6.808014869689941,
          "acoustic_entropy_side": 6.813077926635742,
          "hz": 2809.813997359896
        },
        {
          "acoustic_entropy": 6.771697044372559,
          "acoustic_entropy_side": 6.778036594390869,
          "hz": 3120.6389567871424
        },
        {
          "acoustic_entropy": 6.743380069732666,
          "acoustic_entropy_side": 6.765110969543457,
          "hz": 3458.990205492291
        },
        {
          "acoustic_entropy": 6.714737892150879,
          "acoustic_entropy_side": 6.720961570739746,
          "hz": 3827.305438964164
        },
        {
          "acoustic_entropy": 6.762765884399414,
          "acoustic_entropy_side": 6.749777793884277,
          "hz": 4228.238232109126
        },
        {
          "acoustic_entropy": 6.741204261779785,
          "acoustic_entropy_side": 6.753291606903076,
          "hz": 4664.6771572759235
        },
        {
          "acoustic_entropy": 6.712908744812012,
          "acoustic_entropy_side": 6.741166591644287,
          "hz": 5139.766595350093
        },
        {
          "acoustic_entropy": 6.742253303527832,
          "acoustic_entropy_side": 6.7320051193237305,
          "hz": 5656.929389854203
        },
        {
          "acoustic_entropy": 6.7098493576049805,
          "acoustic_entropy_side": 6.7414703369140625,
          "hz": 6219.891507268283
        },
        {
          "acoustic_entropy": 6.712958812713623,
          "acoustic_entropy_side": 6.773900985717773,
          "hz": 6832.70888123896
        },
        {
          "acoustic_entropy": 6.769414901733398,
          "acoustic_entropy_side": 6.791989803314209,
          "hz": 7499.796634079867
        },
        {
          "acoustic_entropy": 6.764443397521973,
          "acoustic_entropy_side": 6.7946457862854,
          "hz": 8225.96088609342
        },
        {
          "acoustic_entropy": 6.791507244110107,
          "acoustic_entropy_side": 6.805993556976318,
          "hz": 9016.43338188839
        },
        {
          "acoustic_entropy": 6.807989597320557,
          "acoustic_entropy_side": 6.805303573608398,
          "hz": 9876.909183162974
        },
        {
          "acoustic_entropy": 6.812705993652344,
          "acoustic_entropy_side": 6.80757999420166,
          "hz": 10813.587699516042
        },
        {
          "acoustic_entropy": 6.811521530151367,
          "acoustic_entropy_side": 6.806018829345703,
          "hz": 11833.21735289826
        },
        {
          "acoustic_entropy": 6.8031439781188965,
          "acoustic_entropy_side": 6.801743030548096,
          "hz": 12943.144197493959
        },
        {
          "acoustic_entropy": 6.798597812652588,
          "acoustic_entropy_side": 6.798403263092041,
          "hz": 14151.364845322005
        },
        {
          "acoustic_entropy": 6.798429012298584,
          "acoustic_entropy_side": 6.798374176025391,
          "hz": 15466.58407886509
        },
        {
          "acoustic_entropy": 6.798368453979492,
          "acoustic_entropy_side": 6.798343658447266,
          "hz": 16898.27756580493
        },
        {
          "acoustic_entropy": 6.798342227935791,
          "acoustic_entropy_side": 6.798331260681152,
          "hz": 18456.760127700032
        },
        {
          "acoustic_entropy": 6.798325538635254,
          "acoustic_entropy_side": 6.7983222007751465,
          "hz": 20153.260054456492
        },
        {
          "acoustic_entropy": 6.7983198165893555,
          "acoustic_entropy_side": 6.798318862915039,
          "hz": 22000.00000000001
        }
      ],
      "diff_acoustic_entropy": 4.841325283050537,
      "sn": 6
    },
    {
      "acoustic_entropy": 10.626443862915039,
      "acoustic_entropy_mono": 10.48460578918457,
      "band_eliminated_acoustic_entropies": [
        {
          "acoustic_entropy": 10.240660667419434,
          "acoustic_entropy_side": 10.151308059692383,
          "hz": 129.47220167065723
        },
        {
          "acoustic_entropy": 11.883329391479492,
          "acoustic_entropy_side": 11.277442932128906,
          "hz": 202.92927478742237
        },
        {
          "acoustic_entropy": 10.572453498840332,
          "acoustic_entropy_side": 10.919689178466797,
          "hz": 282.89161906338205
        },
        {
          "acoustic_entropy": 11.055037498474121,
          "acoustic_entropy_side": 10.839910507202148,
          "hz": 369.9353335868758
        },
        {
          "acoustic_entropy": 10.863449096679688,
          "acoustic_entropy_side": 11.57865047454834,
          "hz": 464.6875360973435
        },
        {
          "acoustic_entropy": 10.685819625854492,
          "acoustic_entropy_side": 11.4525728225708,
          "hz": 567.8308811364784
        },
        {
          "acoustic_entropy": 10.841468811035156,
          "acoustic_entropy_side": 11.144201278686523,
          "hz": 680.1084783214808
        },
        {
          "acoustic_entropy": 11.018462181091309,
          "acoustic_entropy_side": 11.012001991271973,
          "hz": 802.3292461747484
        },
        {
          "acoustic_entropy": 10.669431686401367,
          "acoustic_entropy_side": 10.497186660766602,
          "hz": 935.3737400823702
        },
        {
          "acoustic_entropy": 10.788128852844238,
          "acoustic_entropy_side": 11.028377532958984,
          "hz": 1080.2004963696966
        },
        {
          "acoustic_entropy": 10.51372241973877,
          "acoustic_entropy_side": 10.7081937789917,
          "hz": 1237.8529382007157
        },
        {
          "acoustic_entropy": 10.303882598876953,
          "acoustic_entropy_side": 10.471585273742676,
          "hz": 1409.4668930556702
        },
        {
          "acoustic_entropy": 10.493325233459473,
          "acoustic_entropy_side": 10.582343101501465,
          "hz": 1596.2787759475705
        },
        {
          "acoustic_entropy": 10.34398365020752,
          "acoustic_entropy_side": 10.318405151367188,
          "hz": 1799.6344973346393
        },
        {
          "acoustic_entropy": 10.903874397277832,
          "acoustic_entropy_side": 11.2664155960083,
          "hz": 2020.9991599069049
        },
        {
          "acoustic_entropy": 10.762771606445312,
          "acoustic_entropy_side": 10.6390962600708,
          "hz": 2261.9676141086993
        },
        {
          "acoustic_entropy": 10.612889289855957,
          "acoustic_entropy_side": 10.594646453857422,
          "hz": 2524.2759484456974
        },
        {
          "acoustic_entropy": 10.384964942932129,
          "acoustic_entropy_side": 10.490296363830566,
          "hz": 2809.813997359896
        },
        {
          "acoustic_entropy": 10.786882400512695,
          "acoustic_entropy_side": 10.748682975769043,
          "hz": 3120.6389567871424
        },
        {
          "acoustic_entropy": 10.551567077636719,
          "acoustic_entropy_side": 10.591972351074219,
          "hz": 3458.990205492291
        },
        {
          "acoustic_entropy": 10.872004508972168,
          "acoustic_entropy_side": 10.851631164550781,
          "hz": 3827.305438964164
        },
        {
          "acoustic_entropy": 10.84277057647705,
          "acoustic_entropy_side": 10.831539154052734,
          "hz": 4228.238232109126
        },
        {
          "acoustic_entropy": 10.53182315826416,
          "acoustic_entropy_side": 10.577259063720703,
          "hz": 4664.6771572759235
        },
        {
          "acoustic_entropy": 10.589842796325684,
          "acoustic_entropy_side": 10.617023468017578,
          "hz": 5139.766595350093
        },
        {
          "acoustic_entropy": 10.551864624023438,
          "acoustic_entropy_side": 10.521262168884277,
          "hz": 5656.929389854203
        },
        {
          "acoustic_entropy": 10.807056427001953,
          "acoustic_entropy_side": 10.668569564819336,
          "hz": 6219.891507268283
        },
        {
          "acoustic_entropy": 10.82307243347168,
          "acoustic_entropy_side": 10.651666641235352,
          "hz": 6832.70888123896
        },
        {
          "acoustic_entropy": 10.778435707092285,
          "acoustic_entropy_side": 10.627153396606445,
          "hz": 7499.796634079867
        },
        {
          "acoustic_entropy": 10.628217697143555,
          "acoustic_entropy_side": 10.549497604370117,
          "hz": 8225.96088609342
        },
        {
          "acoustic_entropy": 10.553620338439941,
          "acoustic_entropy_side": 10.538261413574219,
          "hz": 9016.43338188839
        },
        {
          "acoustic_entropy": 10.53918170928955,
          "acoustic_entropy_side": 10.584291458129883,
          "hz": 9876.909183162974
        },
        {
          "acoustic_entropy": 10.58642578125,
          "acoustic_entropy_side": 10.559901237487793,
          "hz": 10813.587699516042
        },
        {
          "acoustic_entropy": 10.597949981689453,
          "acoustic_entropy_side": 10.534070014953613,
          "hz": 11833.21735289826
        },
        {
          "acoustic_entropy": 10.530864715576172,
          "acoustic_entropy_side": 10.570276260375977,
          "hz": 12943.144197493959
        },
        {
          "acoustic_entropy": 10.620196342468262,
          "acoustic_entropy_side": 10.62356948852539,
          "hz": 14151.364845322005
        },
        {
          "acoustic_entropy": 10.625024795532227,
          "acoustic_entropy_side": 10.62572193145752,
          "hz": 15466.58407886509
        },
        {
          "acoustic_entropy": 10.62585735321045,
          "acoustic_entropy_side": 10.626144409179688,
          "hz": 16898.27756580493
        },
        {
          "acoustic_entropy": 10.626213073730469,
          "acoustic_entropy_side": 10.626326560974121,
          "hz": 18456.760127700032
        },
        {
          "acoustic_entropy": 10.626373291015625,
          "acoustic_entropy_side": 10.626409530639648,
          "hz": 20153.260054456492
        },
        {
          "acoustic_entropy": 10.626428604125977,
          "acoustic_entropy_side": 10.62643814086914,
          "hz": 22000.00000000001
        }
      ],
      "diff_acoustic_entropy": 7.773967266082764,
      "sn": 12
    },
    {
      "acoustic_entropy": 16.641565322875977,
      "acoustic_entropy_mono": 16.390483856201172,
      "band_eliminated_acoustic_entropies": [
        {
          "acoustic_entropy": 16.68992042541504,
          "acoustic_entropy_side": 16.77933692932129,
          "hz": 129.47220167065723
        },
        {
          "acoustic_entropy": 17.321319580078125,
          "acoustic_entropy_side": 17.39133071899414,
          "hz": 202.92927478742237
        },
        {
          "acoustic_entropy": 16.487783432006836,
          "acoustic_entropy_side": 17.00640296936035,
          "hz": 282.89161906338205
        },
        {
          "acoustic_entropy": 18.259122848510742,
          "acoustic_entropy_side": 18.177173614501953,
          "hz": 369.9353335868758
        },
        {
          "acoustic_entropy": 16.86268424987793,
          "acoustic_entropy_side": 18.172496795654297,
          "hz": 464.6875360973435
        },
        {
          "acoustic_entropy": 16.27781867980957,
          "acoustic_entropy_side": 17.05227279663086,
          "hz": 567.8308811364784
        },
        {
          "acoustic_entropy": 17.819820404052734,
          "acoustic_entropy_side": 17.692808151245117,
          "hz": 680.1084783214808
        },
        {
          "acoustic_entropy": 16.72002410888672,
          "acoustic_entropy_side": 16.966365814208984,
          "hz": 802.3292461747484
        },
        {
          "acoustic_entropy": 16.834556579589844,
          "acoustic_entropy_side": 17.065156936645508,
          "hz": 935.3737400823702
        },
        {
          "acoustic_entropy": 17.255502700805664,
          "acoustic_entropy_side": 17.742435455322266,
          "hz": 1080.2004963696966
        },
        {
          "acoustic_entropy": 16.842243194580078,
          "acoustic_entropy_side": 17.16537094116211,
          "hz": 1237.8529382007157
        },
        {
          "acoustic_entropy": 16.682598114013672,
          "acoustic_entropy_side": 17.070640563964844,
          "hz": 1409.4668930556702
        },
        {
          "acoustic_entropy": 17.13268280029297,
          "acoustic_entropy_side": 16.943553924560547,
          "hz": 1596.2787759475705
        },
        {
          "acoustic_entropy": 16.896852493286133,
          "acoustic_entropy_side": 17.24323272705078,
          "hz": 1799.6344973346393
        },
        {
          "acoustic_entropy": 17.047149658203125,
          "acoustic_entropy_side": 17.14017105102539,
          "hz": 2020.9991599069049
        },
        {
          "acoustic_entropy": 17.412160873413086,
          "acoustic_entropy_side": 17.292531967163086,
          "hz": 2261.9676141086993
        },
        {
          "acoustic_entropy": 17.304433822631836,
          "acoustic_entropy_side": 17.10634422302246,
          "hz": 2524.2759484456974
        },
        {
          "acoustic_entropy": 17.30992889404297,
          "acoustic_entropy_side": 16.91661834716797,
          "hz": 2809.813997359896
        },
        {
          "acoustic_entropy": 17.201919555664062,
          "acoustic_entropy_side": 17.83611297607422,
          "hz": 3120.6389567871424
        },
        {
