{
  "acoustic_entropy": 199.85324096679688,
  "bands": [
    {
      "high_freq": 148.1999969482422,
      "loudness": -17.701557159423828,
      "loudness_range": 10.248128890991211,
      "mid_mean": -14.063484191894531,
      "mid_to_side_loudness": -23.042675018310547,
      "mid_to_side_loudness_range": 19.844757080078125,
      "side_mean": -38.11640548706055
    },
    {
      "high_freq": 392.3793640136719,
      "loudness": -18.459259033203125,
      "loudness_range": 8.775040626525879,
      "low_freq": 148.1999969482422,
      "mid_mean": -14.895397186279297,
      "mid_to_side_loudness": -16.555482864379883,
      "mid_to_side_loudness_range": 11.635664939880371,
      "side_mean": -31.39876937866211
    },
    {
      "high_freq": 794.6976318359375,
      "loudness": -22.09003257751465,
      "loudness_range": 8.278583526611328,
      "low_freq": 392.3793640136719,
      "mid_mean": -18.677143096923828,
      "mid_to_side_loudness": -12.624434471130371,
      "mid_to_side_loudness_range": 7.8055620193481445,
      "side_mean": -31.190956115722656
    },
    {
      "high_freq": 1457.5709228515625,
      "loudness": -22.48060417175293,
      "loudness_range": 10.977649688720703,
      "low_freq": 794.6976318359375,
      "mid_mean": -19.177200317382812,
      "mid_to_side_loudness": -11.129518508911133,
      "mid_to_side_loudness_range": 9.360374450683594,
      "side_mean": -30.297067642211914
    },
    {
      "high_freq": 2549.74365234375,
      "loudness": -20.97329330444336,
      "loudness_range": 10.327179908752441,
      "low_freq": 1457.5709228515625,
      "mid_mean": -17.792861938476562,
      "mid_to_side_loudness": -9.50531005859375,
      "mid_to_side_loudness_range": 7.174494743347168,
      "side_mean": -27.34235191345215
    },
    {
      "high_freq": 4349.24462890625,
      "loudness": -21.926300048828125,
      "loudness_range": 13.075984954833984,
      "low_freq": 2549.74365234375,
      "mid_mean": -18.741657257080078,
      "mid_to_side_loudness": -9.446568489074707,
      "mid_to_side_loudness_range": 5.784134864807129,
      "side_mean": -27.990936279296875
    },
    {
      "high_freq": 7314.1640625,
      "loudness": -26.911605834960938,
      "loudness_range": 11.619766235351562,
      "low_freq": 4349.24462890625,
      "mid_mean": -23.611146926879883,
      "mid_to_side_loudness": -11.030445098876953,
      "mid_to_side_loudness_range": 7.675845146179199,
      "side_mean": -34.44844055175781
    },
    {
      "high_freq": 12199.2666015625,
      "loudness": -26.3419132232666,
      "loudness_range": 13.419866561889648,
      "low_freq": 7314.1640625,
      "mid_mean": -22.92953109741211,
      "mid_to_side_loudness": -12.824403762817383,
      "mid_to_side_loudness_range": 9.005953788757324,
      "side_mean": -35.23337173461914
    },
    {
      "loudness": -29.526748657226562,
      "loudness_range": 17.66947364807129,
      "low_freq": 12199.2666015625,
      "mid_mean": -26.108854293823242,
      "mid_to_side_loudness": -12.82437515258789,
      "mid_to_side_loudness_range": 7.61979341506958,
      "side_mean": -38.13996124267578
    }
  ],
  "bands_short": [
    {
      "high_freq": 148.1999969482422,
      "loudness": -22.370372772216797,
      "loudness_range": 20.09048843383789,
      "mid_mean": -18.81081771850586,
      "mid_to_side_loudness": -22.543413162231445,
      "mid_to_side_loudness_range": 25.685089111328125,
      "side_mean": -42.24307632446289
    },
    {
      "high_freq": 392.3793640136719,
      "loudness": -17.782794952392578,
      "loudness_range": 13.511125564575195,
      "low_freq": 148.1999969482422,
      "mid_mean": -14.212080001831055,
      "mid_to_side_loudness": -18.076234817504883,
      "mid_to_side_loudness_range": 16.49106216430664,
      "side_mean": -32.39731979370117
    },
    {
      "high_freq": 794.6976318359375,
      "loudness": -22.09127426147461,
      "loudness_range": 10.35738754272461,
      "low_freq": 392.3793640136719,
      "mid_mean": -18.700401306152344,
      "mid_to_side_loudness": -12.637309074401855,
      "mid_to_side_loudness_range": 10.792816162109375,
      "side_mean": -31.28253936767578
    },
    {
      "high_freq": 1457.5709228515625,
      "loudness": -23.06676483154297,
      "loudness_range": 13.204309463500977,
      "low_freq": 794.6976318359375,
      "mid_mean": -19.835254669189453,
      "mid_to_side_loudness": -10.918697357177734,
      "mid_to_side_loudness_range": 11.576678276062012,
      "side_mean": -30.754623413085938
    },
    {
      "high_freq": 2549.74365234375,
      "loudness": -21.67542266845703,
      "loudness_range": 13.170122146606445,
      "low_freq": 1457.5709228515625,
      "mid_mean": -18.578996658325195,
      "mid_to_side_loudness": -9.334649085998535,
      "mid_to_side_loudness_range": 9.852177619934082,
      "side_mean": -27.9739933013916
    },
    {
      "high_freq": 4349.24462890625,
      "loudness": -22.82530975341797,
      "loudness_range": 16.54287338256836,
      "low_freq": 2549.74365234375,
      "mid_mean": -19.735254287719727,
      "mid_to_side_loudness": -9.03998851776123,
      "mid_to_side_loudness_range": 8.53246021270752,
      "side_mean": -28.73670196533203
    },
    {
      "high_freq": 7314.1640625,
      "loudness": -28.2943115234375,
      "loudness_range": 16.513200759887695,
      "low_freq": 4349.24462890625,
      "mid_mean": -25.038646697998047,
      "mid_to_side_loudness": -11.005708694458008,
      "mid_to_side_loudness_range": 10.961257934570312,
      "side_mean": -36.06068420410156
    },
    {
      "high_freq": 12199.2666015625,
      "loudness": -28.34878158569336,
      "loudness_range": 19.461244583129883,
      "low_freq": 7314.1640625,
      "mid_mean": -24.96116828918457,
      "mid_to_side_loudness": -13.137594223022461,
      "mid_to_side_loudness_range": 13.18365478515625,
      "side_mean": -38.02579116821289
    },
    {
      "loudness": -33.673702239990234,
      "loudness_range": 26.241178512573242,
      "low_freq": 12199.2666015625,
      "mid_mean": -30.30782127380371,
      "mid_to_side_loudness": -13.280350685119629,
      "mid_to_side_loudness_range": 13.494163513183594,
      "side_mean": -43.14784240722656
    }
  ],
  "bandwidth": 664.7000122070312,
  "channels": 2,
  "covariance": [
    [
      25.86014175415039,
      15.216887474060059,
      4.564992427825928,
      6.413166522979736,
      0.1673879623413086,
      3.0209312438964844,
      2.7107465267181396,
      2.9492244720458984,
      3.7361295223236084,
      3.979294538497925,
      4.5728631019592285,
      4.224102973937988,
      1.1151381731033325,
      3.132301092147827,
      0.297760933637619,
      1.5590888261795044,
      0.44830867648124695,
      1.0823042392730713
    ],
    [
      15.216887474060059,
      55.24560546875,
      8.93258285522461,
      24.39326286315918,
      2.3608477115631104,
      8.638493537902832,
      4.92540979385376,
      8.489906311035156,
      4.80825662612915,
      8.378540992736816,
      6.463897705078125,
      8.017439842224121,
      3.832010507583618,
      9.713133811950684,
      -5.174531936645508,
      -3.0879709720611572,
      -15.055525779724121,
      -11.827138900756836
    ],
    [
      4.564992427825928,
      8.93258285522461,
      11.836527824401855,
      8.299426078796387,
      2.757378578186035,
      3.079294204711914,
      2.1950650215148926,
      3.3430304527282715,
      2.44374942779541,
      4.273341178894043,
      3.3412015438079834,
      4.15625,
      3.066533327102661,
      6.96533727645874,
      1.4886324405670166,
      3.0852439403533936,
      1.14542555809021,
      0.30844226479530334
    ],
    [
      6.413166522979736,
      24.39326286315918,
      8.299426078796387,
      23.12433433532715,
      2.8450350761413574,
      8.808377265930176,
      4.513095378875732,
      7.824465751647949,
      5.3851423263549805,
      9.022581100463867,
      6.097630023956299,
      6.751079082489014,
      4.332266807556152,
      10.240859985351562,
      -0.24637450277805328,
      2.5580410957336426,
      -3.428838014602661,
      -1.9831128120422363
    ],
    [
      0.1673879623413086,
      2.3608477115631104,
      2.757378578186035,
      2.8450350761413574,
      9.50505256652832,
      6.6801652908325195,
      3.939976453781128,
      4.432555675506592,
      2.3539395332336426,
      3.345792293548584,
      2.426436424255371,
      2.1587491035461426,
      3.2116827964782715,
      4.125259876251221,
      2.4656362533569336,
      2.5365869998931885,
      0.07176870107650757,
      0.9685624837875366
    ],
    [
      3.0209312438964844,
      8.638493537902832,
      3.079294204711914,
      8.808377265930176,
      6.6801652908325195,
      13.815361976623535,
      4.619786262512207,
      8.944074630737305,
      5.07479190826416,
      8.131484985351562,
      4.9830169677734375,
      5.724597930908203,
      3.711913824081421,
      7.557460784912109,
      1.8222320079803467,
      5.132333278656006,
      1.2778971195220947,
      3.118544101715088
    ],
    [
      2.7107465267181396,
      4.92540979385376,
      2.1950650215148926,
      4.513095378875732,
      3.939976453781128,
      4.619786262512207,
      15.119772911071777,
      11.47342586517334,
      9.801264762878418,
      8.037785530090332,
      8.150575637817383,
      7.000728607177734,
      5.084229469299316,
      7.79553747177124,
      3.8286540508270264,
      5.802764892578125,
      3.541368007659912,
      4.840149402618408
    ],
    [
      2.9492244720458984,
      8.489906311035156,
      3.3430304527282715,
      7.824465751647949,
      4.432555675506592,
      8.944074630737305,
      11.47342586517334,
      18.15843391418457,
      9.958459854125977,
      12.673665046691895,
      10.953068733215332,
      11.47652530670166,
      6.6650309562683105,
      12.425520896911621,
      4.34529972076416,
      8.155967712402344,
      4.85295295715332,
      5.814687252044678
    ],
    [
      3.7361295223236084,
      4.80825662612915,
      2.44374942779541,
      5.3851423263549805,
      2.3539395332336426,
      5.07479190826416,
      9.801264762878418,
      9.958459854125977,
      16.1708927154541,
      13.050616264343262,
      15.54312515258789,
      12.921245574951172,
      8.848950386047363,
      12.025529861450195,
      6.103628158569336,
      8.50070571899414,
      7.066658973693848,
      7.410220623016357
    ],
    [
      3.979294538497925,
      8.378540992736816,
      4.273341178894043,
      9.022581100463867,
      3.345792293548584,
      8.131484985351562,
      8.037785530090332,
      12.673665046691895,
      13.050616264343262,
      16.219694137573242,
      14.981361389160156,
      14.595261573791504,
      8.665414810180664,
      15.173270225524902,
      5.742625713348389,
      9.443965911865234,
      6.805898666381836,
      6.812411785125732
    ],
    [
      4.5728631019592285,
      6.463897705078125,
      3.3412015438079834,
      6.097630023956299,
      2.426436424255371,
      4.9830169677734375,
      8.150575637817383,
      10.953068733215332,
      15.54312515258789,
      14.981361389160156,
      24.250478744506836,
      19.92355728149414,
      12.553359985351562,
      17.56230354309082,
      8.556232452392578,
      12.737494468688965,
      10.229188919067383,
      10.251188278198242
    ],
    [
      4.224102973937988,
      8.017439842224121,
      4.15625,
      6.751079082489014,
      2.1587491035461426,
      5.724597930908203,
      7.000728607177734,
      11.47652530670166,
      12.921245574951172,
      14.595261573791504,
      19.92355728149414,
      21.546398162841797,
      10.85446548461914,
      18.68423080444336,
      7.332039833068848,
      12.355997085571289,
      8.230209350585938,
      9.150891304016113
    ],
    [
      1.1151381731033325,
      3.832010507583618,
      3.066533327102661,
      4.332266807556152,
      3.2116827964782715,
      3.711913824081421,
      5.084229469299316,
      6.6650309562683105,
      8.848950386047363,
      8.665414810180664,
      12.553359985351562,
      10.85446548461914,
      16.684959411621094,
      18.516687393188477,
      13.291293144226074,
      16.074989318847656,
      11.190710067749023,
      12.056903839111328
    ],
    [
      3.132301092147827,
      9.713133811950684,
      6.96533727645874,
      10.240859985351562,
      4.125259876251221,
      7.557460784912109,
      7.79553747177124,
      12.425520896911621,
      12.025529861450195,
      15.173270225524902,
      17.56230354309082,
      18.68423080444336,
      18.516687393188477,
      32.283023834228516,
      14.450565338134766,
      23.95369529724121,
      13.231354713439941,
      15.55211353302002
    ],
    [
      0.297760933637619,
      -5.174531936645508,
      1.4886324405670166,
      -0.24637450277805328,
      2.4656362533569336,
      1.8222320079803467,
      3.8286540508270264,
      4.34529972076416,
      6.103628158569336,
      5.742625713348389,
      8.556232452392578,
      7.332039833068848,
      13.291293144226074,
      14.450565338134766,
      21.402469635009766,
      20.794950485229492,
      22.83544158935547,
      20.976224899291992
    ],
    [
      1.5590888261795044,
      -3.0879709720611572,
      3.0852439403533936,
      2.5580410957336426,
      2.5365869998931885,
      5.132333278656006,
      5.802764892578125,
      8.155967712402344,
      8.50070571899414,
      9.443965911865234,
      12.737494468688965,
      12.355997085571289,
      16.074989318847656,
      23.95369529724121,
      20.794950485229492,
      35.83623123168945,
      25.347763061523438,
      31.501323699951172
    ],
    [
      0.44830867648124695,
      -15.055525779724121,
      1.14542555809021,
      -3.428838014602661,
      0.07176870107650757,
      1.2778971195220947,
      3.541368007659912,
      4.85295295715332,
      7.066658973693848,
      6.805898666381836,
      10.229188919067383,
      8.230209350585938,
      11.190710067749023,
      13.231354713439941,
      22.83544158935547,
      25.347763061523438,
      38.067020416259766,
      32.54682540893555
    ],
    [
      1.0823042392730713,
      -11.827138900756836,
      0.30844226479530334,
      -1.9831128120422363,
      0.9685624837875366,
      3.118544101715088,
      4.840149402618408,
      5.814687252044678,
      7.410220623016357,
      6.812411785125732,
      10.251188278198242,
      9.150891304016113,
      12.056903839111328,
      15.55211353302002,
      20.976224899291992,
      31.501323699951172,
      32.54682540893555,
      39.58832931518555
    ]
  ],
  "covariance_short": [
    [
      52.0479621887207,
      26.907611846923828,
      13.37575912475586,
      9.501836776733398,
      1.2407972812652588,
      4.1537322998046875,
      3.750868558883667,
      2.745694875717163,
      5.069231033325195,
      4.221989631652832,
      5.823993682861328,
      4.971953392028809,
      3.149618625640869,
      5.107440948486328,
      0.8932569026947021,
      3.890352725982666,
      2.4089748859405518,
      4.533628463745117
    ],
    [
      26.907611846923828,
      82.6988296508789,
      12.979641914367676,
      30.06671714782715,
      3.1465959548950195,
      8.795513153076172,
      4.851625442504883,
      8.194622993469238,
      3.7515597343444824,
      8.225297927856445,
      3.400362968444824,
      6.9219841957092285,
      2.7571182250976562,
      11.628851890563965,
      -4.498497486114502,
      -3.2845160961151123,
      -7.5385026931762695,
      -7.368180751800537
    ],
    [
      13.37575912475586,
      12.979641914367676,
      26.843482971191406,
      12.561036109924316,
      4.716829299926758,
      4.996585369110107,
      4.22312068939209,
      4.799012660980225,
      5.720704078674316,
      6.436638355255127,
      6.693159580230713,
      7.097104072570801,
      6.048867225646973,
      9.721930503845215,
      5.754530906677246,
      8.020635604858398,
      6.693325519561768,
      7.001896858215332
    ],
    [
      9.501836776733398,
      30.06671714782715,
      12.561036109924316,
      31.313737869262695,
      5.013617038726807,
      11.031579971313477,
      6.232611656188965,
      9.097344398498535,
      7.19929838180542,
      10.027621269226074,
      7.10297155380249,
      8.642538070678711,
      6.924301624298096,
      13.07039737701416,
      2.7095930576324463,
      6.291330814361572,
      1.4183470010757446,
      3.8834826946258545
    ],
    [
      1.2407972812652588,
      3.1465959548950195,
      4.716829299926758,
      5.013617038726807,
      17.048227310180664,
      9.585362434387207,
      7.340613842010498,
      5.856807708740234,
      4.793086528778076,
      4.750074863433838,
      5.206447124481201,
      4.5447611808776855,
      6.8048295974731445,
      7.211787700653076,
      5.782785415649414,
      6.338776588439941,
      4.332206726074219,
      6.1906819343566895
    ],
    [
      4.1537322998046875,
      8.795513153076172,
      4.996585369110107,
      11.031579971313477,
      9.585362434387207,
      19.420454025268555,
      7.322405815124512,
      11.182281494140625,
      7.567519664764404,
      10.47526741027832,
      7.267305850982666,
      8.85507869720459,
      6.354090213775635,
      11.59583854675293,
      4.592832088470459,
      9.065978050231934,
      4.676921367645264,
      7.952025890350342
    ],
    [
      3.750868558883667,
      4.851625442504883,
      4.22312068939209,
      6.232611656188965,
      7.340613842010498,
      7.322405815124512,
      23.49054527282715,
      14.942451477050781,
      15.012238502502441,
      10.982215881347656,
      13.130331039428711,
      11.309819221496582,
      10.300280570983887,
      12.402030944824219,
      7.951788902282715,
      11.028329849243164,
      8.524931907653809,
      12.334878921508789
    ],
    [
      2.745694875717163,
      8.194622993469238,
      4.799012660980225,
      9.097344398498535,
      5.856807708740234,
      11.182281494140625,
      14.942451477050781,
      22.790483474731445,
      12.714624404907227,
      15.054909706115723,
      13.974620819091797,
      15.387626647949219,
      9.868422508239746,
      17.059995651245117,
      6.953156471252441,
      13.321829795837402,
      8.627775192260742,
      13.24267864227295
    ],
    [
      5.069231033325195,
      3.7515597343444824,
      5.720704078674316,
      7.19929838180542,
      4.793086528778076,
      7.567519664764404,
      15.012238502502441,
      12.714624404907227,
      25.26460075378418,
      17.441299438476562,
      22.61073112487793,
      18.936203002929688,
      15.834237098693848,
      18.422636032104492,
      10.664712905883789,
      15.598051071166992,
      13.038003921508789,
      17.61374282836914
    ],
    [
      4.221989631652832,
      8.225297927856445,
      6.436638355255127,
      10.027621269226074,
      4.750074863433838,
      10.47526741027832,
      10.982215881347656,
      15.054909706115723,
      17.441299438476562,
      21.54555320739746,
      19.475933074951172,
      20.22089195251465,
      12.938774108886719,
      20.809879302978516,
      8.447668075561523,
      15.573678970336914,
      10.877093315124512,
      15.478036880493164
    ],
    [
      5.823993682861328,
      3.400362968444824,
      6.693159580230713,
      7.10297155380249,
      5.206447124481201,
      7.267305850982666,
      13.130331039428711,
      13.974620819091797,
      22.61073112487793,
      19.475933074951172,
      37.52433395385742,
      29.316476821899414,
      23.220521926879883,
      27.563373565673828,
      14.989236831665039,
      23.5477294921875,
      18.932138442993164,
      25.967599868774414
    ],
    [
      4.971953392028809,
      6.9219841957092285,
      7.097104072570801,
      8.642538070678711,
      4.5447611808776855,
      8.85507869720459,
      11.309819221496582,
      15.387626647949219,
      18.936203002929688,
      20.22089195251465,
      29.316476821899414,
      31.489927291870117,
      18.151290893554688,
      28.253067016601562,
      12.109583854675293,
      22.95610809326172,
      15.704407691955566,
      23.56292152404785
    ],
    [
      3.149618625640869,
      2.7571182250976562,
      6.048867225646973,
      6.924301624298096,
      6.8048295974731445,
      6.354090213775635,
      10.300280570983887,
      9.868422508239746,
      15.834237098693848,
      12.938774108886719,
      23.220521926879883,
      18.151290893554688,
      35.95160675048828,
      33.66570281982422,
      27.500051498413086,
      34.379981994628906,
      29.814990997314453,
      36.134552001953125
    ],
    [
      5.107440948486328,
      11.628851890563965,
      9.721930503845215,
      13.07039737701416,
      7.211787700653076,
      11.59583854675293,
      12.402030944824219,
      17.059995651245117,
      18.422636032104492,
      20.809879302978516,
      27.563373565673828,
      28.253067016601562,
      33.66570281982422,
      50.49535369873047,
      26.89084815979004,
      45.7288818359375,
      32.06223678588867,
      44.698822021484375
    ],
    [
      0.8932569026947021,
      -4.498497486114502,
      5.754530906677246,
      2.7095930576324463,
      5.782785415649414,
      4.592832088470459,
      7.951788902282715,
      6.953156471252441,
      10.664712905883789,
      8.447668075561523,
      14.989236831665039,
      12.109583854675293,
      27.500051498413086,
      26.89084815979004,
      46.59769821166992,
      45.2958869934082,
      50.66648483276367,
      53.304893493652344
    ],
    [
      3.890352725982666,
      -3.2845160961151123,
      8.020635604858398,
      6.291330814361572,
      6.338776588439941,
      9.065978050231934,
      11.028329849243164,
      13.321829795837402,
      15.598051071166992,
      15.573678970336914,
      23.5477294921875,
      22.95610809326172,
      34.379981994628906,
      45.7288818359375,
      45.2958869934082,
      73.06226348876953,
      56.41189956665039,
      76.12476348876953
    ],
    [
      2.4089748859405518,
      -7.5385026931762695,
      6.693325519561768,
      1.4183470010757446,
      4.332206726074219,
      4.676921367645264,
      8.524931907653809,
      8.627775192260742,
      13.038003921508789,
      10.877093315124512,
      18.932138442993164,
      15.704407691955566,
      29.814990997314453,
      32.06223678588867,
      50.66648483276367,
      56.41189956665039,
      75.54046630859375,
      75.72274780273438
    ],
    [
      4.533628463745117,
      -7.368180751800537,
      7.001896858215332,
      3.8834826946258545,
      6.1906819343566895,
      7.952025890350342,
      12.334878921508789,
      13.24267864227295,
      17.61374282836914,
      15.478036880493164,
      25.967599868774414,
      23.56292152404785,
      36.134552001953125,
      44.698822021484375,
      53.304893493652344,
      76.12476348876953,
      75.72274780273438,
      103.04387664794922
    ]
  ],
  "damage": -2.589736223220825,
  "diff_bandwidth": 675.4857788085938,
  "dissonance": 10.446273683624971,
  "drr": 7.880878448486328,
  "dynamics": 2.3001768589019775,
  "format": 1245190,
  "frames": 10264576,
  "loudness": -7.907503128051758,
  "loudness_range": 5.111673831939697,
  "loudness_range_short": 7.863889217376709,
  "lowpass_true_peak_15khz": 3.0923986434936523,
  "mastering3_acoustic_entropies": [
    {
      "acoustic_entropy": 7.108377933502197,
      "acoustic_entropy_mono": 7.707067012786865,
      "band_eliminated_acoustic_entropies": [
        {
          "acoustic_entropy": 7.0644121170043945,
          "acoustic_entropy_side": 7.108057975769043,
          "hz": 129.47220167065723
        },
        {
          "acoustic_entropy": 6.5405120849609375,
          "acoustic_entropy_side": 7.102150917053223,
          "hz": 202.92927478742237
        },
        {
          "acoustic_entropy": 6.941316604614258,
          "acoustic_entropy_side": 7.0952982902526855,
          "hz": 282.89161906338205
        },
        {
          "acoustic_entropy": 7.575777530670166,
          "acoustic_entropy_side": 7.104918003082275,
          "hz": 369.9353335868758
        },
        {
          "acoustic_entropy": 8.30026626586914,
          "acoustic_entropy_side": 7.1060967445373535,
          "hz": 464.6875360973435
        },
        {
          "acoustic_entropy": 7.73402214050293,
          "acoustic_entropy_side": 7.114545822143555,
          "hz": 567.8308811364784
        },
        {
          "acoustic_entropy": 7.145994186401367,
          "acoustic_entropy_side": 7.138132095336914,
          "hz": 680.1084783214808
        },
        {
          "acoustic_entropy": 7.135732650756836,
          "acoustic_entropy_side": 7.111091613769531,
          "hz": 802.3292461747484
        },
        {
          "acoustic_entropy": 8.040968894958496,
          "acoustic_entropy_side": 7.128805637359619,
          "hz": 935.3737400823702
        },
        {
          "acoustic_entropy": 8.202350616455078,
          "acoustic_entropy_side": 7.2909722328186035,
          "hz": 1080.2004963696966
        },
        {
          "acoustic_entropy": 7.549685478210449,
          "acoustic_entropy_side": 7.239543914794922,
          "hz": 1237.8529382007157
        },
        {
          "acoustic_entropy": 7.720534324645996,
          "acoustic_entropy_side": 7.259662628173828,
          "hz": 1409.4668930556702
        },
        {
          "acoustic_entropy": 7.810308456420898,
          "acoustic_entropy_side": 7.3377227783203125,
          "hz": 1596.2787759475705
        },
        {
          "acoustic_entropy": 7.338632106781006,
          "acoustic_entropy_side": 7.185473918914795,
          "hz": 1799.6344973346393
        },
        {
          "acoustic_entropy": 7.612853050231934,
          "acoustic_entropy_side": 7.10671329498291,
          "hz": 2020.9991599069049
        },
        {
          "acoustic_entropy": 7.308171272277832,
          "acoustic_entropy_side": 7.128110885620117,
          "hz": 2261.9676141086993
        },
        {
          "acoustic_entropy": 7.394246578216553,
          "acoustic_entropy_side": 7.111546039581299,
          "hz": 2524.2759484456974
        },
        {
          "acoustic_entropy": 7.295018196105957,
          "acoustic_entropy_side": 7.0968852043151855,
          "hz": 2809.813997359896
        },
        {
          "acoustic_entropy": 7.456058979034424,
          "acoustic_entropy_side": 7.1693854331970215,
          "hz": 3120.6389567871424
        },
        {
          "acoustic_entropy": 7.270594596862793,
          "acoustic_entropy_side": 7.196012020111084,
          "hz": 3458.990205492291
        },
        {
          "acoustic_entropy": 7.694091796875,
          "acoustic_entropy_side": 7.29528284072876,
          "hz": 3827.305438964164
        },
        {
          "acoustic_entropy": 7.265369892120361,
          "acoustic_entropy_side": 7.121945381164551,
          "hz": 4228.238232109126
        },
        {
          "acoustic_entropy": 6.924930095672607,
          "acoustic_entropy_side": 7.061028957366943,
          "hz": 4664.6771572759235
        },
        {
          "acoustic_entropy": 6.997162342071533,
          "acoustic_entropy_side": 7.052937984466553,
          "hz": 5139.766595350093
        },
        {
          "acoustic_entropy": 6.945286750793457,
          "acoustic_entropy_side": 7.06781530380249,
          "hz": 5656.929389854203
        },
        {
          "acoustic_entropy": 7.060593128204346,
          "acoustic_entropy_side": 7.058230876922607,
          "hz": 6219.891507268283
        },
        {
          "acoustic_entropy": 7.054079055786133,
          "acoustic_entropy_side": 7.0519208908081055,
          "hz": 6832.70888123896
        },
        {
          "acoustic_entropy": 7.114858627319336,
          "acoustic_entropy_side": 7.050105094909668,
          "hz": 7499.796634079867
        },
        {
          "acoustic_entropy": 7.008973121643066,
          "acoustic_entropy_side": 7.067159175872803,
          "hz": 8225.96088609342
        },
        {
          "acoustic_entropy": 7.031175136566162,
          "acoustic_entropy_side": 7.077783584594727,
          "hz": 9016.43338188839
        },
        {
          "acoustic_entropy": 7.098461151123047,
          "acoustic_entropy_side": 7.066633224487305,
          "hz": 9876.909183162974
        },
        {
          "acoustic_entropy": 7.1585774421691895,
          "acoustic_entropy_side": 7.106767654418945,
          "hz": 10813.587699516042
        },
        {
          "acoustic_entropy": 7.239079475402832,
          "acoustic_entropy_side": 7.104159355163574,
          "hz": 11833.21735289826
        },
        {
          "acoustic_entropy": 7.2546281814575195,
          "acoustic_entropy_side": 7.101202964782715,
          "hz": 12943.144197493959
        },
        {
          "acoustic_entropy": 7.21559476852417,
          "acoustic_entropy_side": 7.100008964538574,
          "hz": 14151.364845322005
        },
        {
          "acoustic_entropy": 7.1444926261901855,
          "acoustic_entropy_side": 7.09619665145874,
          "hz": 15466.58407886509
        },
        {
          "acoustic_entropy": 7.160889148712158,
          "acoustic_entropy_side": 7.091193199157715,
          "hz": 16898.27756580493
        },
        {
          "acoustic_entropy": 7.186089515686035,
          "acoustic_entropy_side": 7.101237773895264,
          "hz": 18456.760127700032
        },
        {
          "acoustic_entropy": 7.036248207092285,
          "acoustic_entropy_side": 7.095248699188232,
          "hz": 20153.260054456492
        },
        {
          "acoustic_entropy": 7.00145959854126,
          "acoustic_entropy_side": 7.106123447418213,
          "hz": 22000.00000000001
        }
      ],
      "diff_acoustic_entropy": 7.414267539978027,
      "sn": 6
    },
    {
      "acoustic_entropy": 11.777350425720215,
      "acoustic_entropy_mono": 11.714488983154297,
      "band_eliminated_acoustic_entropies": [
        {
          "acoustic_entropy": 11.779450416564941,
          "acoustic_entropy_side": 11.774781227111816,
          "hz": 129.47220167065723
        },
        {
          "acoustic_entropy": 11.501778602600098,
          "acoustic_entropy_side": 11.762052536010742,
          "hz": 202.92927478742237
        },
        {
          "acoustic_entropy": 11.700128555297852,
          "acoustic_entropy_side": 11.645986557006836,
          "hz": 282.89161906338205
        },
        {
          "acoustic_entropy": 12.071030616760254,
          "acoustic_entropy_side": 11.814679145812988,
          "hz": 369.9353335868758
        },
        {
          "acoustic_entropy": 11.905434608459473,
          "acoustic_entropy_side": 11.588311195373535,
          "hz": 464.6875360973435
        },
        {
          "acoustic_entropy": 11.932622909545898,
          "acoustic_entropy_side": 11.861130714416504,
          "hz": 567.8308811364784
        },
        {
          "acoustic_entropy": 12.126155853271484,
          "acoustic_entropy_side": 11.84913158416748,
          "hz": 680.1084783214808
        },
        {
          "acoustic_entropy": 11.629631042480469,
          "acoustic_entropy_side": 11.686331748962402,
          "hz": 802.3292461747484
        },
        {
          "acoustic_entropy": 11.588122367858887,
          "acoustic_entropy_side": 11.780226707458496,
          "hz": 935.3737400823702
        },
        {
          "acoustic_entropy": 11.810181617736816,
          "acoustic_entropy_side": 11.782586097717285,
          "hz": 1080.2004963696966
        },
        {
          "acoustic_entropy": 11.107633590698242,
          "acoustic_entropy_side": 11.601655960083008,
          "hz": 1237.8529382007157
        },
        {
          "acoustic_entropy": 11.95058536529541,
          "acoustic_entropy_side": 11.370518684387207,
          "hz": 1409.4668930556702
        },
        {
          "acoustic_entropy": 11.532929420471191,
          "acoustic_entropy_side": 11.798155784606934,
          "hz": 1596.2787759475705
        },
        {
          "acoustic_entropy": 11.806336402893066,
          "acoustic_entropy_side": 11.718603134155273,
          "hz": 1799.6344973346393
        },
        {
          "acoustic_entropy": 11.798860549926758,
          "acoustic_entropy_side": 11.672772407531738,
          "hz": 2020.9991599069049
        },
        {
          "acoustic_entropy": 11.558003425598145,
          "acoustic_entropy_side": 11.505451202392578,
          "hz": 2261.9676141086993
        },
        {
          "acoustic_entropy": 11.939313888549805,
          "acoustic_entropy_side": 11.828231811523438,
          "hz": 2524.2759484456974
        },
        {
          "acoustic_entropy": 11.638925552368164,
          "acoustic_entropy_side": 11.738348960876465,
          "hz": 2809.813997359896
        },
        {
          "acoustic_entropy": 11.461803436279297,
          "acoustic_entropy_side": 11.674823760986328,
          "hz": 3120.6389567871424
        },
        {
          "acoustic_entropy": 11.517373085021973,
          "acoustic_entropy_side": 11.792781829833984,
          "hz": 3458.990205492291
        },
        {
          "acoustic_entropy": 11.517952919006348,
          "acoustic_entropy_side": 11.5521821975708,
          "hz": 3827.305438964164
        },
        {
          "acoustic_entropy": 11.448436737060547,
          "acoustic_entropy_side": 11.892938613891602,
          "hz": 4228.238232109126
        },
        {
          "acoustic_entropy": 11.35922622680664,
          "acoustic_entropy_side": 11.823631286621094,
          "hz": 4664.6771572759235
        },
        {
          "acoustic_entropy": 11.54530143737793,
          "acoustic_entropy_side": 11.760708808898926,
          "hz": 5139.766595350093
        },
        {
          "acoustic_entropy": 11.548404693603516,
          "acoustic_entropy_side": 11.778305053710938,
          "hz": 5656.929389854203
        },
        {
          "acoustic_entropy": 11.463149070739746,
          "acoustic_entropy_side": 11.77094554901123,
          "hz": 6219.891507268283
        },
        {
          "acoustic_entropy": 11.593109130859375,
          "acoustic_entropy_side": 11.736029624938965,
          "hz": 6832.70888123896
        },
        {
          "acoustic_entropy": 11.697508811950684,
          "acoustic_entropy_side": 11.690256118774414,
          "hz": 7499.796634079867
        },
        {
          "acoustic_entropy": 11.785269737243652,
          "acoustic_entropy_side": 11.764528274536133,
          "hz": 8225.96088609342
        },
        {
          "acoustic_entropy": 11.56130313873291,
          "acoustic_entropy_side": 11.846726417541504,
          "hz": 9016.43338188839
        },
        {
          "acoustic_entropy": 11.847212791442871,
          "acoustic_entropy_side": 11.956972122192383,
          "hz": 9876.909183162974
        },
        {
          "acoustic_entropy": 11.948689460754395,
          "acoustic_entropy_side": 11.86331558227539,
          "hz": 10813.587699516042
        },
        {
          "acoustic_entropy": 11.753841400146484,
          "acoustic_entropy_side": 11.616608619689941,
          "hz": 11833.21735289826
        },
        {
          "acoustic_entropy": 11.633539199829102,
          "acoustic_entropy_side": 11.707701683044434,
          "hz": 12943.144197493959
        },
        {
          "acoustic_entropy": 11.626311302185059,
          "acoustic_entropy_side": 11.59431266784668,
          "hz": 14151.364845322005
        },
        {
          "acoustic_entropy": 11.891157150268555,
          "acoustic_entropy_side": 11.769954681396484,
          "hz": 15466.58407886509
        },
        {
          "acoustic_entropy": 11.914117813110352,
          "acoustic_entropy_side": 11.702954292297363,
          "hz": 16898.27756580493
        },
        {
          "acoustic_entropy": 11.409436225891113,
          "acoustic_entropy_side": 11.65324878692627,
          "hz": 18456.760127700032
        },
        {
          "acoustic_entropy": 11.200145721435547,
          "acoustic_entropy_side": 11.737408638000488,
          "hz": 20153.260054456492
        },
        {
          "acoustic_entropy": 11.784502983093262,
          "acoustic_entropy_side": 11.775609970092773,
          "hz": 22000.00000000001
        }
      ],
      "diff_acoustic_entropy": 10.84924602508545,
      "sn": 12
    },
    {
      "acoustic_entropy": 16.671863555908203,
      "acoustic_entropy_mono": 15.248074531555176,
      "band_eliminated_acoustic_entropies": [
        {
          "acoustic_entropy": 16.346385955810547,
          "acoustic_entropy_side": 16.519058227539062,
          "hz": 129.47220167065723
        },
        {
          "acoustic_entropy": 16.293054580688477,
          "acoustic_entropy_side": 16.32411766052246,
          "hz": 202.92927478742237
        },
        {
          "acoustic_entropy": 16.028520584106445,
          "acoustic_entropy_side": 15.824687957763672,
          "hz": 282.89161906338205
        },
        {
          "acoustic_entropy": 17.36431312561035,
          "acoustic_entropy_side": 16.579015731811523,
          "hz": 369.9353335868758
        },
        {
          "acoustic_entropy": 17.193193435668945,
          "acoustic_entropy_side": 16.737394332885742,
          "hz": 464.6875360973435
        },
        {
          "acoustic_entropy": 16.22273063659668,
          "acoustic_entropy_side": 16.745805740356445,
          "hz": 567.8308811364784
        },
        {
          "acoustic_entropy": 16.626239776611328,
          "acoustic_entropy_side": 16.7021427154541,
          "hz": 680.1084783214808
        },
        {
          "acoustic_entropy": 16.858762741088867,
          "acoustic_entropy_side": 16.831445693969727,
          "hz": 802.3292461747484
        },
        {
          "acoustic_entropy": 16.90740394592285,
          "acoustic_entropy_side": 16.76003074645996,
          "hz": 935.3737400823702
        },
        {
          "acoustic_entropy": 17.138797760009766,
          "acoustic_entropy_side": 16.790904998779297,
          "hz": 1080.2004963696966
        },
        {
          "acoustic_entropy": 16.538061141967773,
          "acoustic_entropy_side": 16.607332229614258,
          "hz": 1237.8529382007157
        },
        {
          "acoustic_entropy": 16.28481101989746,
          "acoustic_entropy_side": 15.982848167419434,
          "hz": 1409.4668930556702
        },
        {
          "acoustic_entropy": 16.799762725830078,
          "acoustic_entropy_side": 17.07355499267578,
          "hz": 1596.2787759475705
        },
        {
          "acoustic_entropy": 16.787755966186523,
          "acoustic_entropy_side": 16.901206970214844,
          "hz": 1799.6344973346393
        },
        {
          "acoustic_entropy": 16.383739471435547,
          "acoustic_entropy_side": 16.424541473388672,
          "hz": 2020.9991599069049
        },
        {
          "acoustic_entropy": 16.569644927978516,
          "acoustic_entropy_side": 16.55438804626465,
          "hz": 2261.9676141086993
        },
        {
          "acoustic_entropy": 16.852060317993164,
          "acoustic_entropy_side": 16.721723556518555,
          "hz": 2524.2759484456974
        },
        {
          "acoustic_entropy": 16.61641502380371,
          "acoustic_entropy_side": 16.760751724243164,
          "hz": 2809.813997359896
        },
        {
          "acoustic_entropy": 16.288475036621094,
          "acoustic_entropy_side": 16.507028579711914,
