{
  "acoustic_entropy": 157.03524780273438,
  "bands": [
    {
      "high_freq": 148.1999969482422,
      "loudness": -29.15153694152832,
      "loudness_range": 19.078462600708008,
      "mid_mean": -25.564693450927734,
      "mid_to_side_loudness": -16.586713790893555,
      "mid_to_side_loudness_range": 6.975981712341309,
      "side_mean": -42.309417724609375
    },
    {
      "high_freq": 392.3793640136719,
      "loudness": -27.44432830810547,
      "loudness_range": 12.668878555297852,
      "low_freq": 148.1999969482422,
      "mid_mean": -24.098421096801758,
      "mid_to_side_loudness": -10.931324005126953,
      "mid_to_side_loudness_range": 4.433511734008789,
      "side_mean": -35.043312072753906
    },
    {
      "high_freq": 794.6976318359375,
      "loudness": -29.906227111816406,
      "loudness_range": 16.76094627380371,
      "low_freq": 392.3793640136719,
      "mid_mean": -27.07834815979004,
      "mid_to_side_loudness": -6.916652202606201,
      "mid_to_side_loudness_range": 5.783022880554199,
      "side_mean": -34.001224517822266
    },
    {
      "high_freq": 1457.5709228515625,
      "loudness": -35.34833526611328,
      "loudness_range": 19.369129180908203,
      "low_freq": 794.6976318359375,
      "mid_mean": -32.55763244628906,
      "mid_to_side_loudness": -6.4977312088012695,
      "mid_to_side_loudness_range": 4.0311174392700195,
      "side_mean": -39.04713821411133
    },
    {
      "high_freq": 2549.74365234375,
      "loudness": -41.041316986083984,
      "loudness_range": 20.118148803710938,
      "low_freq": 1457.5709228515625,
      "mid_mean": -38.229759216308594,
      "mid_to_side_loudness": -6.456221580505371,
      "mid_to_side_loudness_range": 3.1728920936584473,
      "side_mean": -44.72184753417969
    },
    {
      "high_freq": 4349.24462890625,
      "loudness": -42.77416229248047,
      "loudness_range": 20.0426025390625,
      "low_freq": 2549.74365234375,
      "mid_mean": -39.94995880126953,
      "mid_to_side_loudness": -6.642618656158447,
      "mid_to_side_loudness_range": 2.244112968444824,
      "side_mean": -46.66261291503906
    },
    {
      "high_freq": 7314.1640625,
      "loudness": -43.290103912353516,
      "loudness_range": 26.05931854248047,
      "low_freq": 4349.24462890625,
      "mid_mean": -40.62936782836914,
      "mid_to_side_loudness": -6.544161319732666,
      "mid_to_side_loudness_range": 1.5944805145263672,
      "side_mean": -47.553794860839844
    },
    {
      "high_freq": 12199.2666015625,
      "loudness": -46.55978775024414,
      "loudness_range": 26.876358032226562,
      "low_freq": 7314.1640625,
      "mid_mean": -43.73199462890625,
      "mid_to_side_loudness": -6.471011638641357,
      "mid_to_side_loudness_range": 1.1651034355163574,
      "side_mean": -49.978172302246094
    },
    {
      "loudness": -47.661312103271484,
      "loudness_range": 27.214340209960938,
      "low_freq": 12199.2666015625,
      "mid_mean": -44.7205924987793,
      "mid_to_side_loudness": -6.52885103225708,
      "mid_to_side_loudness_range": 1.5024089813232422,
      "side_mean": -50.98556137084961
    }
  ],
  "bands_short": [
    {
      "high_freq": 148.1999969482422,
      "loudness": -33.33357238769531,
      "loudness_range": 25.03514862060547,
      "mid_mean": -29.758182525634766,
      "mid_to_side_loudness": -16.66755485534668,
      "mid_to_side_loudness_range": 13.557483673095703,
      "side_mean": -46.766197204589844
    },
    {
      "high_freq": 392.3793640136719,
      "loudness": -27.015377044677734,
      "loudness_range": 15.239871978759766,
      "low_freq": 148.1999969482422,
      "mid_mean": -23.625812530517578,
      "mid_to_side_loudness": -11.711835861206055,
      "mid_to_side_loudness_range": 7.671379089355469,
      "side_mean": -35.38264083862305
    },
    {
      "high_freq": 794.6976318359375,
      "loudness": -30.956539154052734,
      "loudness_range": 19.911680221557617,
      "low_freq": 392.3793640136719,
      "mid_mean": -28.168458938598633,
      "mid_to_side_loudness": -7.013472557067871,
      "mid_to_side_loudness_range": 7.891185760498047,
      "side_mean": -35.23197937011719
    },
    {
      "high_freq": 1457.5709228515625,
      "loudness": -36.66320037841797,
      "loudness_range": 22.075252532958984,
      "low_freq": 794.6976318359375,
      "mid_mean": -33.93707275390625,
      "mid_to_side_loudness": -6.352081775665283,
      "mid_to_side_loudness_range": 5.807818412780762,
      "side_mean": -40.32292938232422
    },
    {
      "high_freq": 2549.74365234375,
      "loudness": -43.031585693359375,
      "loudness_range": 23.97248077392578,
      "low_freq": 1457.5709228515625,
      "mid_mean": -40.27155303955078,
      "mid_to_side_loudness": -6.326725006103516,
      "mid_to_side_loudness_range": 4.428755760192871,
      "side_mean": -46.601219177246094
    },
    {
      "high_freq": 4349.24462890625,
      "loudness": -45.09428405761719,
      "loudness_range": 23.959087371826172,
      "low_freq": 2549.74365234375,
      "mid_mean": -42.28252410888672,
      "mid_to_side_loudness": -6.561559677124023,
      "mid_to_side_loudness_range": 3.394378662109375,
      "side_mean": -48.78733825683594
    },
    {
      "high_freq": 7314.1640625,
      "loudness": -46.37884521484375,
      "loudness_range": 30.69133949279785,
      "low_freq": 4349.24462890625,
      "mid_mean": -43.58171463012695,
      "mid_to_side_loudness": -6.472625255584717,
      "mid_to_side_loudness_range": 2.628666400909424,
      "side_mean": -49.85789489746094
    },
    {
      "high_freq": 12199.2666015625,
      "loudness": -49.536048889160156,
      "loudness_range": 29.687911987304688,
      "low_freq": 7314.1640625,
      "mid_mean": -46.62360382080078,
      "mid_to_side_loudness": -6.306991100311279,
      "mid_to_side_loudness_range": 1.9359264373779297,
      "side_mean": -52.618831634521484
    },
    {
      "loudness": -50.61806106567383,
      "loudness_range": 28.81826400756836,
      "low_freq": 12199.2666015625,
      "mid_mean": -47.68552780151367,
      "mid_to_side_loudness": -6.327682018280029,
      "mid_to_side_loudness_range": 1.8884034156799316,
      "side_mean": -53.68281936645508
    }
  ],
  "bandwidth": 423.4686279296875,
  "channels": 2,
  "covariance": [
    [
      48.579063415527344,
      39.344390869140625,
      12.343694686889648,
      11.033982276916504,
      10.688970565795898,
      10.397420883178711,
      8.693716049194336,
      8.795239448547363,
      8.584465980529785,
      9.346148490905762,
      6.232884883880615,
      6.69394588470459,
      6.737112522125244,
      6.635478973388672,
      6.045963287353516,
      4.978486061096191,
      4.378440856933594,
      3.510047435760498
    ],
    [
      39.344390869140625,
      39.5970458984375,
      11.998984336853027,
      10.767788887023926,
      9.02194881439209,
      8.773221015930176,
      5.445041656494141,
      5.692270278930664,
      4.324512481689453,
      5.017794132232666,
      3.1266229152679443,
      3.39481258392334,
      4.040075302124023,
      3.8142175674438477,
      3.951042652130127,
      2.985069990158081,
      3.7788681983947754,
      2.8399853706359863
    ],
    [
      12.343694686889648,
      11.998984336853027,
      24.855627059936523,
      21.169889450073242,
      13.908445358276367,
      13.0292387008667,
      11.518200874328613,
      11.535504341125488,
      10.964812278747559,
      10.8612060546875,
      8.35188102722168,
      8.27358341217041,
      8.940389633178711,
      9.145278930664062,
      8.385161399841309,
      7.3526129722595215,
      8.043695449829102,
      6.898477554321289
    ],
    [
      11.033982276916504,
      10.767788887023926,
      21.169889450073242,
      19.965824127197266,
      14.151497840881348,
      13.417941093444824,
      11.756943702697754,
      12.069733619689941,
      11.1001558303833,
      11.24283504486084,
      7.752647876739502,
      7.77441930770874,
      7.724363327026367,
      7.961233139038086,
      7.13590145111084,
      6.264671325683594,
      6.791948318481445,
      5.848738193511963
    ],
    [
      10.688970565795898,
      9.02194881439209,
      13.908445358276367,
      14.151497840881348,
      34.557044982910156,
      34.03702926635742,
      25.788227081298828,
      27.514375686645508,
      25.516590118408203,
      27.40635108947754,
      14.871195793151855,
      16.52901840209961,
      6.425657272338867,
      7.281500339508057,
      3.249537706375122,
      2.925360679626465,
      -0.7808926105499268,
      -0.4888869822025299
    ],
    [
      10.397420883178711,
      8.773221015930176,
      13.0292387008667,
      13.417941093444824,
      34.03702926635742,
      37.69514846801758,
      26.371238708496094,
      28.57073974609375,
      25.53825569152832,
      27.641685485839844,
      15.253612518310547,
      17.17560386657715,
      5.976498603820801,
      6.876805782318115,
      2.020785093307495,
      1.8022302389144897,
      -2.202005386352539,
      -1.7504732608795166
    ],
    [
      8.693716049194336,
      5.445041656494141,
      11.518200874328613,
      11.756943702697754,
      25.788227081298828,
      26.371238708496094,
      45.328163146972656,
      45.06235122680664,
      35.897884368896484,
      38.136234283447266,
      26.337404251098633,
      28.116193771362305,
      14.073990821838379,
      15.825490951538086,
      9.503800392150879,
      8.83664321899414,
      2.775632619857788,
      3.075418472290039
    ],
    [
      8.795239448547363,
      5.692270278930664,
      11.535504341125488,
      12.069733619689941,
      27.514375686645508,
      28.57073974609375,
      45.06235122680664,
      47.17776870727539,
      36.5852165222168,
      39.08810806274414,
      25.934907913208008,
      27.88176918029785,
      13.248619079589844,
      14.889100074768066,
      8.137754440307617,
      7.583240509033203,
      1.078741192817688,
      1.5700265169143677
    ],
    [
      8.584465980529785,
      4.324512481689453,
      10.964812278747559,
      11.1001558303833,
      25.516590118408203,
      25.53825569152832,
      35.897884368896484,
      36.5852165222168,
      48.563232421875,
      48.26396560668945,
      39.81474685668945,
      40.89253234863281,
      31.65757179260254,
      33.791725158691406,
      26.93697738647461,
      25.320585250854492,
      19.34078598022461,
      18.191883087158203
    ],
    [
      9.346148490905762,
      5.017794132232666,
      10.8612060546875,
      11.24283504486084,
      27.40635108947754,
      27.641685485839844,
      38.136234283447266,
      39.08810806274414,
      48.26396560668945,
      50.142913818359375,
      39.244384765625,
      40.737449645996094,
      29.76746368408203,
      31.768001556396484,
      24.207265853881836,
      22.862293243408203,
      16.123971939086914,
      15.436712265014648
    ],
    [
      6.232884883880615,
      3.1266229152679443,
      8.35188102722168,
      7.752647876739502,
      14.871195793151855,
      15.253612518310547,
      26.337404251098633,
      25.934907913208008,
      39.81474685668945,
      39.244384765625,
      52.17717742919922,
      50.40127182006836,
      48.609867095947266,
      51.879905700683594,
      46.21394729614258,
      43.28691101074219,
      41.568260192871094,
      38.09592819213867
    ],
    [
      6.69394588470459,
      3.39481258392334,
      8.27358341217041,
      7.77441930770874,
      16.52901840209961,
      17.17560386657715,
      28.116193771362305,
      27.88176918029785,
      40.89253234863281,
      40.737449645996094,
      50.40127182006836,
      51.3582878112793,
      46.3858528137207,
      50.744163513183594,
      44.61664962768555,
      41.77847671508789,
      39.63786315917969,
      36.40409851074219
    ],
    [
      6.737112522125244,
      4.040075302124023,
      8.940389633178711,
      7.724363327026367,
      6.425657272338867,
      5.976498603820801,
      14.073990821838379,
      13.248619079589844,
      31.65757179260254,
      29.76746368408203,
      48.609867095947266,
      46.3858528137207,
      68.73313903808594,
      64.77880096435547,
      62.56889724731445,
      58.52812194824219,
      60.890445709228516,
      55.13527297973633
    ],
    [
      6.635478973388672,
      3.8142175674438477,
      9.145278930664062,
      7.961233139038086,
      7.281500339508057,
      6.876805782318115,
      15.825490951538086,
      14.889100074768066,
      33.791725158691406,
      31.768001556396484,
      51.879905700683594,
      50.744163513183594,
      64.77880096435547,
      68.83749389648438,
      66.28519439697266,
      61.74661636352539,
      64.03357696533203,
      57.88820266723633
    ],
    [
      6.045963287353516,
      3.951042652130127,
      8.385161399841309,
      7.13590145111084,
      3.249537706375122,
      2.020785093307495,
      9.503800392150879,
      8.137754440307617,
      26.93697738647461,
      24.207265853881836,
      46.21394729614258,
      44.61664962768555,
      62.56889724731445,
      66.28519439697266,
      69.4122543334961,
      64.27754974365234,
      67.44929504394531,
      60.7697868347168
    ],
    [
      4.978486061096191,
      2.985069990158081,
      7.3526129722595215,
      6.264671325683594,
      2.925360679626465,
      1.8022302389144897,
      8.83664321899414,
      7.583240509033203,
      25.320585250854492,
      22.862293243408203,
      43.28691101074219,
      41.77847671508789,
      58.52812194824219,
      61.74661636352539,
      64.27754974365234,
      59.903656005859375,
      62.8424186706543,
      56.781490325927734
    ],
    [
      4.378440856933594,
      3.7788681983947754,
      8.043695449829102,
      6.791948318481445,
      -0.7808926105499268,
      -2.202005386352539,
      2.775632619857788,
      1.078741192817688,
      19.34078598022461,
      16.123971939086914,
      41.568260192871094,
      39.63786315917969,
      60.890445709228516,
      64.03357696533203,
      67.44929504394531,
      62.8424186706543,
      72.99287414550781,
      65.56974029541016
    ],
    [
      3.510047435760498,
      2.8399853706359863,
      6.898477554321289,
      5.848738193511963,
      -0.4888869822025299,
      -1.7504732608795166,
      3.075418472290039,
      1.5700265169143677,
      18.191883087158203,
      15.436712265014648,
      38.09592819213867,
      36.40409851074219,
      55.13527297973633,
      57.88820266723633,
      60.7697868347168,
      56.781490325927734,
      65.56974029541016,
      59.21673583984375
    ]
  ],
  "covariance_short": [
    [
      75.31597137451172,
      55.498477935791016,
      23.272584915161133,
      17.443281173706055,
      11.404744148254395,
      11.139233589172363,
      11.65481185913086,
      11.641345024108887,
      13.675768852233887,
      14.182089805603027,
      10.61635971069336,
      10.353949546813965,
      9.888277053833008,
      9.125146865844727,
      6.2144670486450195,
      5.303881645202637,
      4.8202056884765625,
      4.162661075592041
    ],
    [
      55.498477935791016,
      60.6009521484375,
      21.268320083618164,
      17.191125869750977,
      10.095375061035156,
      9.660218238830566,
      8.279532432556152,
      8.29415225982666,
      8.619860649108887,
      9.109479904174805,
      7.153444766998291,
      6.9208197593688965,
      7.759037971496582,
      6.963788032531738,
      5.352809906005859,
      4.372373104095459,
      5.22917366027832,
      4.317874908447266
    ],
    [
      23.272584915161133,
      21.268320083618164,
      33.117679595947266,
      25.37563705444336,
      18.038448333740234,
      16.238916397094727,
      16.353483200073242,
      16.107988357543945,
      15.471748352050781,
      15.287841796875,
      8.955432891845703,
      8.825499534606934,
      7.8213982582092285,
      7.125760555267334,
      5.3988423347473145,
      4.701724052429199,
      4.882917881011963,
      4.3513407707214355
    ],
    [
      17.443281173706055,
      17.191125869750977,
      25.37563705444336,
      26.59139633178711,
      18.579307556152344,
      17.313066482543945,
      16.704265594482422,
      16.805952072143555,
      16.042348861694336,
      16.01339340209961,
      9.56272029876709,
      9.460887908935547,
      8.212433815002441,
      7.595156669616699,
      5.7737627029418945,
      5.123376369476318,
      5.232005596160889,
      4.7520432472229
    ],
    [
      11.404744148254395,
      10.095375061035156,
      18.038448333740234,
      18.579307556152344,
      47.78297805786133,
      44.23784637451172,
      34.40977478027344,
      35.72948455810547,
      34.432132720947266,
      35.82526397705078,
      19.193172454833984,
      20.360931396484375,
      8.176413536071777,
      8.165634155273438,
      2.7270381450653076,
      2.6802845001220703,
      -0.6688701510429382,
      -0.027739612385630608
    ],
    [
      11.139233589172363,
      9.660218238830566,
      16.238916397094727,
      17.313066482543945,
      44.23784637451172,
      49.70255661010742,
      33.81550216674805,
      35.72031784057617,
      34.145931243896484,
      35.798702239990234,
      19.255046844482422,
      20.704086303710938,
      7.287292957305908,
      7.415431499481201,
      1.0253692865371704,
      1.057958722114563,
      -2.5635130405426025,
      -1.782697081565857
    ],
    [
      11.65481185913086,
      8.279532432556152,
      16.353483200073242,
      16.704265594482422,
      34.40977478027344,
      33.81550216674805,
      59.05615234375,
      56.772098541259766,
      46.91825485229492,
      48.348087310791016,
      31.317577362060547,
      32.3904914855957,
      16.599790573120117,
      16.525211334228516,
      7.974513530731201,
      7.690344333648682,
      2.1555304527282715,
      2.827742099761963
    ],
    [
      11.641345024108887,
      8.29415225982666,
      16.107988357543945,
      16.805952072143555,
      35.72948455810547,
      35.72031784057617,
      56.772098541259766,
      60.16331100463867,
      47.2918701171875,
      49.10244369506836,
      30.51515007019043,
      31.80728530883789,
      15.050166130065918,
      15.138290405273438,
      6.058675765991211,
      5.912680625915527,
      0.17883677780628204,
      1.039953351020813
    ],
    [
      13.675768852233887,
      8.619860649108887,
      15.471748352050781,
      16.042348861694336,
      34.432132720947266,
      34.145931243896484,
      46.91825485229492,
      47.2918701171875,
      65.67286682128906,
      63.860679626464844,
      48.95466232299805,
      49.191802978515625,
      38.21901321411133,
      36.83761215209961,
      27.746562957763672,
      26.1292781829834,
      19.132673263549805,
      18.570539474487305
    ],
    [
      14.182089805603027,
      9.109479904174805,
      15.287841796875,
      16.01339340209961,
      35.82526397705078,
      35.798702239990234,
      48.348087310791016,
      49.10244369506836,
      63.860679626464844,
      65.5069580078125,
      47.86012649536133,
      48.45737075805664,
      35.474273681640625,
      34.4093132019043,
      24.49189567565918,
      23.16421890258789,
      15.879012107849121,
      15.649413108825684
    ],
    [
      10.61635971069336,
      7.153444766998291,
      8.955432891845703,
      9.56272029876709,
      19.193172454833984,
      19.255046844482422,
      31.317577362060547,
      30.51515007019043,
      48.95466232299805,
      47.86012649536133,
      63.373565673828125,
      60.49424362182617,
      61.289974212646484,
      58.149009704589844,
      51.726829528808594,
      48.17216873168945,
      44.81564712524414,
      41.60779571533203
    ],
    [
      10.353949546813965,
      6.9208197593688965,
      8.825499534606934,
      9.460887908935547,
      20.360931396484375,
      20.704086303710938,
      32.3904914855957,
      31.80728530883789,
      49.191802978515625,
      48.45737075805664,
      60.49424362182617,
      59.78718948364258,
      57.68486404418945,
      54.99749755859375,
      47.851837158203125,
      44.663658142089844,
      40.913272857666016,
      38.14962387084961
    ],
    [
      9.888277053833008,
      7.759037971496582,
      7.8213982582092285,
      8.212433815002441,
      8.176413536071777,
      7.287292957305908,
      16.599790573120117,
      15.050166130065918,
      38.21901321411133,
      35.474273681640625,
      61.289974212646484,
      57.68486404418945,
      81.91671752929688,
      76.21541595458984,
      74.43373107910156,
      68.75205993652344,
      68.5172119140625,
      62.54921340942383
    ],
    [
      9.125146865844727,
      6.963788032531738,
      7.125760555267334,
      7.595156669616699,
      8.165634155273438,
      7.415431499481201,
      16.525211334228516,
      15.138290405273438,
      36.83761215209961,
      34.4093132019043,
      58.149009704589844,
      54.99749755859375,
      76.21541595458984,
      71.91111755371094,
      69.38984680175781,
      64.2842788696289,
      63.66293716430664,
      58.30608367919922
    ],
    [
      6.2144670486450195,
      5.352809906005859,
      5.3988423347473145,
      5.7737627029418945,
      2.7270381450653076,
      1.0253692865371704,
      7.974513530731201,
      6.058675765991211,
      27.746562957763672,
      24.49189567565918,
      51.726829528808594,
      47.851837158203125,
      74.43373107910156,
      69.38984680175781,
      74.9028549194336,
      69.150634765625,
      70.81719970703125,
      64.61471557617188
    ],
    [
      5.303881645202637,
      4.372373104095459,
      4.701724052429199,
      5.123376369476318,
      2.6802845001220703,
      1.057958722114563,
      7.690344333648682,
      5.912680625915527,
      26.1292781829834,
      23.16421890258789,
      48.17216873168945,
      44.663658142089844,
      68.75205993652344,
      64.2842788696289,
      69.150634765625,
      64.35639190673828,
      65.62173461914062,
      60.09296798706055
    ],
    [
      4.8202056884765625,
      5.22917366027832,
      4.882917881011963,
      5.232005596160889,
      -0.6688701510429382,
      -2.5635130405426025,
      2.1555304527282715,
      0.17883677780628204,
      19.132673263549805,
      15.879012107849121,
      44.81564712524414,
      40.913272857666016,
      68.5172119140625,
      63.66293716430664,
      70.81719970703125,
      65.62173461914062,
      75.55204772949219,
      68.60835266113281
    ],
    [
      4.162661075592041,
      4.317874908447266,
      4.3513407707214355,
      4.7520432472229,
      -0.027739612385630608,
      -1.782697081565857,
      2.827742099761963,
      1.039953351020813,
      18.570539474487305,
      15.649413108825684,
      41.60779571533203,
      38.14962387084961,
      62.54921340942383,
      58.30608367919922,
      64.61471557617188,
      60.09296798706055,
      68.60835266113281,
      62.69440841674805
    ]
  ],
  "damage": -11.28044319152832,
  "diff_bandwidth": 442.0216369628906,
  "dissonance": 6.3016993103084475,
  "drr": 4.49308967590332,
  "dynamics": 3.5773985385894775,
  "format": 1245190,
  "frames": 18510784,
  "loudness": -18.094608306884766,
  "loudness_range": 9.293595314025879,
  "loudness_range_short": 13.566061019897461,
  "lowpass_true_peak_15khz": -0.851977527141571,
  "mastering3_acoustic_entropies": [
    {
      "acoustic_entropy": 6.789279937744141,
      "acoustic_entropy_mono": 7.017019271850586,
      "band_eliminated_acoustic_entropies": [
        {
          "acoustic_entropy": 6.917847156524658,
          "acoustic_entropy_side": 6.788403511047363,
          "hz": 129.47220167065723
        },
        {
          "acoustic_entropy": 6.864144802093506,
          "acoustic_entropy_side": 6.7824859619140625,
          "hz": 202.92927478742237
        },
        {
          "acoustic_entropy": 7.503401279449463,
          "acoustic_entropy_side": 6.86041259765625,
          "hz": 282.89161906338205
        },
        {
          "acoustic_entropy": 7.4970855712890625,
          "acoustic_entropy_side": 6.856823444366455,
          "hz": 369.9353335868758
        },
        {
          "acoustic_entropy": 7.4987945556640625,
          "acoustic_entropy_side": 6.857656002044678,
          "hz": 464.6875360973435
        },
        {
          "acoustic_entropy": 7.448278427124023,
          "acoustic_entropy_side": 7.182458400726318,
          "hz": 567.8308811364784
        },
        {
          "acoustic_entropy": 7.114466190338135,
          "acoustic_entropy_side": 6.935721397399902,
          "hz": 680.1084783214808
        },
        {
          "acoustic_entropy": 7.855253219604492,
          "acoustic_entropy_side": 7.335095405578613,
          "hz": 802.3292461747484
        },
        {
          "acoustic_entropy": 6.830194473266602,
          "acoustic_entropy_side": 6.945302486419678,
          "hz": 935.3737400823702
        },
        {
          "acoustic_entropy": 7.6435089111328125,
          "acoustic_entropy_side": 6.86564826965332,
          "hz": 1080.2004963696966
        },
        {
          "acoustic_entropy": 7.4814252853393555,
          "acoustic_entropy_side": 6.864458084106445,
          "hz": 1237.8529382007157
        },
        {
          "acoustic_entropy": 6.672727584838867,
          "acoustic_entropy_side": 6.613524436950684,
          "hz": 1409.4668930556702
        },
        {
          "acoustic_entropy": 6.611728668212891,
          "acoustic_entropy_side": 6.750058650970459,
          "hz": 1596.2787759475705
        },
        {
          "acoustic_entropy": 6.7395195960998535,
          "acoustic_entropy_side": 6.779991626739502,
          "hz": 1799.6344973346393
        },
        {
          "acoustic_entropy": 6.941741943359375,
          "acoustic_entropy_side": 6.810343265533447,
          "hz": 2020.9991599069049
        },
        {
          "acoustic_entropy": 6.7619500160217285,
          "acoustic_entropy_side": 6.7823591232299805,
          "hz": 2261.9676141086993
        },
        {
          "acoustic_entropy": 6.8199381828308105,
          "acoustic_entropy_side": 6.784573078155518,
          "hz": 2524.2759484456974
        },
        {
          "acoustic_entropy": 6.815775394439697,
          "acoustic_entropy_side": 6.787837505340576,
          "hz": 2809.813997359896
        },
        {
          "acoustic_entropy": 6.959294319152832,
          "acoustic_entropy_side": 6.819057941436768,
          "hz": 3120.6389567871424
        },
        {
          "acoustic_entropy": 6.804289817810059,
          "acoustic_entropy_side": 6.795206069946289,
          "hz": 3458.990205492291
        },
        {
          "acoustic_entropy": 6.798587322235107,
          "acoustic_entropy_side": 6.775214672088623,
          "hz": 3827.305438964164
        },
        {
          "acoustic_entropy": 6.789087772369385,
          "acoustic_entropy_side": 6.777057647705078,
          "hz": 4228.238232109126
        },
        {
          "acoustic_entropy": 6.756202697753906,
          "acoustic_entropy_side": 6.778746128082275,
          "hz": 4664.6771572759235
        },
        {
          "acoustic_entropy": 6.779330253601074,
          "acoustic_entropy_side": 6.786221504211426,
          "hz": 5139.766595350093
        },
        {
          "acoustic_entropy": 6.786411762237549,
          "acoustic_entropy_side": 6.789499759674072,
          "hz": 5656.929389854203
        },
        {
          "acoustic_entropy": 6.781391620635986,
          "acoustic_entropy_side": 6.78764533996582,
          "hz": 6219.891507268283
        },
        {
          "acoustic_entropy": 6.797267913818359,
          "acoustic_entropy_side": 6.789687156677246,
          "hz": 6832.70888123896
        },
        {
          "acoustic_entropy": 6.781692981719971,
          "acoustic_entropy_side": 6.787918567657471,
          "hz": 7499.796634079867
        },
        {
          "acoustic_entropy": 6.812720775604248,
          "acoustic_entropy_side": 6.778780937194824,
          "hz": 8225.96088609342
        },
        {
          "acoustic_entropy": 6.8111138343811035,
          "acoustic_entropy_side": 6.77529239654541,
          "hz": 9016.43338188839
        },
        {
          "acoustic_entropy": 6.834991931915283,
          "acoustic_entropy_side": 6.808333873748779,
          "hz": 9876.909183162974
        },
        {
          "acoustic_entropy": 6.806539535522461,
          "acoustic_entropy_side": 6.774441719055176,
          "hz": 10813.587699516042
        },
        {
          "acoustic_entropy": 6.781702518463135,
          "acoustic_entropy_side": 6.787637233734131,
          "hz": 11833.21735289826
        },
        {
          "acoustic_entropy": 6.780720233917236,
          "acoustic_entropy_side": 6.786281585693359,
          "hz": 12943.144197493959
        },
        {
          "acoustic_entropy": 6.776328086853027,
          "acoustic_entropy_side": 6.782776355743408,
          "hz": 14151.364845322005
        },
        {
          "acoustic_entropy": 6.827945709228516,
          "acoustic_entropy_side": 6.778538227081299,
          "hz": 15466.58407886509
        },
        {
          "acoustic_entropy": 6.859455585479736,
          "acoustic_entropy_side": 6.777663707733154,
          "hz": 16898.27756580493
        },
        {
          "acoustic_entropy": 6.8321733474731445,
          "acoustic_entropy_side": 6.781311511993408,
          "hz": 18456.760127700032
        },
        {
          "acoustic_entropy": 6.775984764099121,
          "acoustic_entropy_side": 6.785550117492676,
          "hz": 20153.260054456492
        },
        {
          "acoustic_entropy": 6.783851146697998,
          "acoustic_entropy_side": 6.7889404296875,
          "hz": 22000.00000000001
        }
      ],
      "diff_acoustic_entropy": 6.315247535705566,
      "sn": 6
    },
    {
      "acoustic_entropy": 10.769757270812988,
      "acoustic_entropy_mono": 10.991073608398438,
      "band_eliminated_acoustic_entropies": [
        {
          "acoustic_entropy": 10.67016315460205,
          "acoustic_entropy_side": 10.770687103271484,
          "hz": 129.47220167065723
        },
        {
          "acoustic_entropy": 11.620498657226562,
          "acoustic_entropy_side": 10.685215950012207,
          "hz": 202.92927478742237
        },
        {
          "acoustic_entropy": 11.443431854248047,
          "acoustic_entropy_side": 11.108642578125,
          "hz": 282.89161906338205
        },
        {
          "acoustic_entropy": 11.105910301208496,
          "acoustic_entropy_side": 10.82227611541748,
          "hz": 369.9353335868758
        },
        {
          "acoustic_entropy": 11.132638931274414,
          "acoustic_entropy_side": 10.848406791687012,
          "hz": 464.6875360973435
        },
        {
          "acoustic_entropy": 10.751204490661621,
          "acoustic_entropy_side": 10.464914321899414,
          "hz": 567.8308811364784
        },
        {
          "acoustic_entropy": 10.482873916625977,
          "acoustic_entropy_side": 10.483504295349121,
          "hz": 680.1084783214808
        },
        {
          "acoustic_entropy": 10.874044418334961,
          "acoustic_entropy_side": 10.635467529296875,
          "hz": 802.3292461747484
        },
        {
          "acoustic_entropy": 10.764822959899902,
          "acoustic_entropy_side": 10.781587600708008,
          "hz": 935.3737400823702
        },
        {
          "acoustic_entropy": 10.12896728515625,
          "acoustic_entropy_side": 10.560805320739746,
          "hz": 1080.2004963696966
        },
        {
          "acoustic_entropy": 10.85745906829834,
          "acoustic_entropy_side": 11.090693473815918,
          "hz": 1237.8529382007157
        },
        {
          "acoustic_entropy": 10.529994010925293,
          "acoustic_entropy_side": 10.538265228271484,
          "hz": 1409.4668930556702
        },
        {
          "acoustic_entropy": 10.532135963439941,
          "acoustic_entropy_side": 10.71805477142334,
          "hz": 1596.2787759475705
        },
        {
          "acoustic_entropy": 10.66614055633545,
          "acoustic_entropy_side": 10.699845314025879,
          "hz": 1799.6344973346393
        },
        {
          "acoustic_entropy": 11.046290397644043,
          "acoustic_entropy_side": 10.864046096801758,
          "hz": 2020.9991599069049
        },
        {
          "acoustic_entropy": 10.627129554748535,
          "acoustic_entropy_side": 10.767071723937988,
          "hz": 2261.9676141086993
        },
        {
          "acoustic_entropy": 10.694109916687012,
          "acoustic_entropy_side": 10.796380043029785,
          "hz": 2524.2759484456974
        },
        {
          "acoustic_entropy": 10.573348045349121,
          "acoustic_entropy_side": 10.705607414245605,
          "hz": 2809.813997359896
        },
        {
          "acoustic_entropy": 10.835387229919434,
          "acoustic_entropy_side": 10.795026779174805,
          "hz": 3120.6389567871424
        },
        {
          "acoustic_entropy": 10.706080436706543,
          "acoustic_entropy_side": 10.754433631896973,
          "hz": 3458.990205492291
        },
        {
          "acoustic_entropy": 10.712456703186035,
          "acoustic_entropy_side": 10.739774703979492,
          "hz": 3827.305438964164
        },
        {
          "acoustic_entropy": 10.716863632202148,
          "acoustic_entropy_side": 10.759339332580566,
          "hz": 4228.238232109126
        },
        {
          "acoustic_entropy": 10.722431182861328,
          "acoustic_entropy_side": 10.766427040100098,
          "hz": 4664.6771572759235
        },
        {
          "acoustic_entropy": 10.762596130371094,
          "acoustic_entropy_side": 10.77625560760498,
          "hz": 5139.766595350093
        },
        {
          "acoustic_entropy": 10.754762649536133,
          "acoustic_entropy_side": 10.773489952087402,
          "hz": 5656.929389854203
        },
        {
          "acoustic_entropy": 10.74411392211914,
          "acoustic_entropy_side": 10.768563270568848,
          "hz": 6219.891507268283
        },
        {
          "acoustic_entropy": 10.743056297302246,
          "acoustic_entropy_side": 10.767809867858887,
          "hz": 6832.70888123896
        },
        {
          "acoustic_entropy": 10.714632987976074,
          "acoustic_entropy_side": 10.756186485290527,
          "hz": 7499.796634079867
        },
        {
          "acoustic_entropy": 10.722819328308105,
          "acoustic_entropy_side": 10.74162483215332,
          "hz": 8225.96088609342
        },
        {
          "acoustic_entropy": 10.707121849060059,
          "acoustic_entropy_side": 10.733866691589355,
          "hz": 9016.43338188839
        },
        {
          "acoustic_entropy": 10.569369316101074,
          "acoustic_entropy_side": 10.724313735961914,
          "hz": 9876.909183162974
        },
        {
          "acoustic_entropy": 10.70360279083252,
          "acoustic_entropy_side": 10.73791217803955,
          "hz": 10813.587699516042
        },
        {
          "acoustic_entropy": 10.744550704956055,
          "acoustic_entropy_side": 10.76522159576416,
          "hz": 11833.21735289826
        },
        {
          "acoustic_entropy": 10.743878364562988,
          "acoustic_entropy_side": 10.766134262084961,
          "hz": 12943.144197493959
        },
        {
          "acoustic_entropy": 10.731569290161133,
          "acoustic_entropy_side": 10.763649940490723,
          "hz": 14151.364845322005
        },
        {
          "acoustic_entropy": 10.688519477844238,
          "acoustic_entropy_side": 10.760725021362305,
          "hz": 15466.58407886509
        },
        {
          "acoustic_entropy": 10.664634704589844,
          "acoustic_entropy_side": 10.760589599609375,
          "hz": 16898.27756580493
        },
        {
          "acoustic_entropy": 10.672196388244629,
          "acoustic_entropy_side": 10.763469696044922,
          "hz": 18456.760127700032
        },
        {
          "acoustic_entropy": 10.71540641784668,
          "acoustic_entropy_side": 10.768417358398438,
          "hz": 20153.260054456492
        },
        {
          "acoustic_entropy": 10.76575756072998,
          "acoustic_entropy_side": 10.769683837890625,
          "hz": 22000.00000000001
        }
      ],
      "diff_acoustic_entropy": 10.509031295776367,
      "sn": 12
    },
    {
      "acoustic_entropy": 15.360474586486816,
      "acoustic_entropy_mono": 15.727712631225586,
      "band_eliminated_acoustic_entropies": [
        {
          "acoustic_entropy": 15.355974197387695,
          "acoustic_entropy_side": 15.370375633239746,
          "hz": 129.47220167065723
        },
        {
          "acoustic_entropy": 16.507347106933594,
          "acoustic_entropy_side": 15.239664077758789,
          "hz": 202.92927478742237
        },
        {
          "acoustic_entropy": 16.778425216674805,
          "acoustic_entropy_side": 16.241025924682617,
          "hz": 282.89161906338205
        },
        {
          "acoustic_entropy": 15.7141695022583,
          "acoustic_entropy_side": 15.618884086608887,
          "hz": 369.9353335868758
        },
        {
          "acoustic_entropy": 16.06481170654297,
          "acoustic_entropy_side": 16.04697036743164,
          "hz": 464.6875360973435
        },
        {
          "acoustic_entropy": 15.59945297241211,
          "acoustic_entropy_side": 15.718208312988281,
          "hz": 567.8308811364784
        },
        {
          "acoustic_entropy": 16.223203659057617,
          "acoustic_entropy_side": 16.409643173217773,
          "hz": 680.1084783214808
        },
        {
          "acoustic_entropy": 15.305549621582031,
          "acoustic_entropy_side": 15.79982852935791,
          "hz": 802.3292461747484
        },
        {
          "acoustic_entropy": 16.048416137695312,
          "acoustic_entropy_side": 15.64613151550293,
          "hz": 935.3737400823702
        },
        {
          "acoustic_entropy": 15.482213020324707,
          "acoustic_entropy_side": 15.357806205749512,
          "hz": 1080.2004963696966
        },
        {
          "acoustic_entropy": 16.092256546020508,
          "acoustic_entropy_side": 15.537120819091797,
          "hz": 1237.8529382007157
        },
        {
          "acoustic_entropy": 15.725627899169922,
          "acoustic_entropy_side": 15.507699012756348,
          "hz": 1409.4668930556702
        },
        {
          "acoustic_entropy": 15.550798416137695,
          "acoustic_entropy_side": 15.978652954101562,
          "hz": 1596.2787759475705
        },
        {
          "acoustic_entropy": 15.74251937866211,
          "acoustic_entropy_side": 15.623869895935059,
          "hz": 1799.6344973346393
        },
        {
          "acoustic_entropy": 15.086069107055664,
          "acoustic_entropy_side": 15.13823127746582,
          "hz": 2020.9991599069049
        },
        {
          "acoustic_entropy": 15.533814430236816,
          "acoustic_entropy_side": 15.726677894592285,
          "hz": 2261.9676141086993
        },
        {
          "acoustic_entropy": 15.565673828125,
          "acoustic_entropy_side": 15.521191596984863,
          "hz": 2524.2759484456974
        },
        {
          "acoustic_entropy": 15.45637321472168,
          "acoustic_entropy_side": 15.598077774047852,
          "hz": 2809.813997359896
        },
        {
          "acoustic_entropy": 15.512253761291504,
          "acoustic_entropy_side": 15.33558464050293,
          "hz": 3120.6389567871424
        },
        {
