{
  "acoustic_entropy": 149.098388671875,
  "bands": [
    {
      "high_freq": 148.1999969482422,
      "loudness": -43.706878662109375,
      "loudness_range": 25.299009323120117,
      "mid_mean": -41.396480560302734,
      "mid_to_side_loudness": -5.483169078826904,
      "mid_to_side_loudness_range": 7.787055015563965,
      "side_mean": -46.86625289916992
    },
    {
      "high_freq": 392.3793640136719,
      "loudness": -27.01481056213379,
      "loudness_range": 15.099485397338867,
      "low_freq": 148.1999969482422,
      "mid_mean": -25.12578773498535,
      "mid_to_side_loudness": -4.319134712219238,
      "mid_to_side_loudness_range": 13.04465103149414,
      "side_mean": -29.22255516052246
    },
    {
      "high_freq": 794.6976318359375,
      "loudness": -23.908056259155273,
      "loudness_range": 15.120040893554688,
      "low_freq": 392.3793640136719,
      "mid_mean": -21.41181182861328,
      "mid_to_side_loudness": -6.762551784515381,
      "mid_to_side_loudness_range": 14.439188003540039,
      "side_mean": -27.994718551635742
    },
    {
      "high_freq": 1457.5709228515625,
      "loudness": -28.405868530273438,
      "loudness_range": 16.370935440063477,
      "low_freq": 794.6976318359375,
      "mid_mean": -25.674755096435547,
      "mid_to_side_loudness": -8.527084350585938,
      "mid_to_side_loudness_range": 16.405548095703125,
      "side_mean": -33.88089370727539
    },
    {
      "high_freq": 2549.74365234375,
      "loudness": -34.116722106933594,
      "loudness_range": 15.223297119140625,
      "low_freq": 1457.5709228515625,
      "mid_mean": -32.02853775024414,
      "mid_to_side_loudness": -5.635934829711914,
      "mid_to_side_loudness_range": 16.967994689941406,
      "side_mean": -37.09257507324219
    },
    {
      "high_freq": 4349.24462890625,
      "loudness": -36.4213981628418,
      "loudness_range": 15.020713806152344,
      "low_freq": 2549.74365234375,
      "mid_mean": -33.27357864379883,
      "mid_to_side_loudness": -12.411163330078125,
      "mid_to_side_loudness_range": 18.682342529296875,
      "side_mean": -45.89289855957031
    },
    {
      "high_freq": 7314.1640625,
      "loudness": -48.60271072387695,
      "loudness_range": 17.060935974121094,
      "low_freq": 4349.24462890625,
      "mid_mean": -45.244319915771484,
      "mid_to_side_loudness": -13.93578052520752,
      "mid_to_side_loudness_range": 16.63422203063965,
      "side_mean": -58.934486389160156
    },
    {
      "high_freq": 12199.2666015625,
      "loudness": -53.20188903808594,
      "loudness_range": 15.67019271850586,
      "low_freq": 7314.1640625,
      "mid_mean": -50.18992233276367,
      "mid_to_side_loudness": -16.348224639892578,
      "mid_to_side_loudness_range": 14.680807113647461,
      "side_mean": -64.4959716796875
    },
    {
      "loudness": -60.464881896972656,
      "loudness_range": 5.028911590576172,
      "low_freq": 12199.2666015625,
      "mid_mean": -58.3290901184082,
      "mid_to_side_loudness": -3.4926793575286865,
      "mid_to_side_loudness_range": 6.24666166305542,
      "side_mean": -61.510406494140625
    }
  ],
  "bands_short": [
    {
      "high_freq": 148.1999969482422,
      "loudness": -52.540740966796875,
      "loudness_range": 31.545150756835938,
      "mid_mean": -50.48531723022461,
      "mid_to_side_loudness": -6.390887260437012,
      "mid_to_side_loudness_range": 12.60554027557373,
      "side_mean": -56.41459274291992
    },
    {
      "high_freq": 392.3793640136719,
      "loudness": -30.482473373413086,
      "loudness_range": 24.091772079467773,
      "low_freq": 148.1999969482422,
      "mid_mean": -28.808591842651367,
      "mid_to_side_loudness": -4.119038105010986,
      "mid_to_side_loudness_range": 14.449825286865234,
      "side_mean": -33.25423049926758
    },
    {
      "high_freq": 794.6976318359375,
      "loudness": -27.395612716674805,
      "loudness_range": 28.962003707885742,
      "low_freq": 392.3793640136719,
      "mid_mean": -25.766277313232422,
      "mid_to_side_loudness": -5.5786356925964355,
      "mid_to_side_loudness_range": 17.48079490661621,
      "side_mean": -31.063182830810547
    },
    {
      "high_freq": 1457.5709228515625,
      "loudness": -32.521018981933594,
      "loudness_range": 29.60631561279297,
      "low_freq": 794.6976318359375,
      "mid_mean": -30.594472885131836,
      "mid_to_side_loudness": -6.033724308013916,
      "mid_to_side_loudness_range": 19.702428817749023,
      "side_mean": -37.23790740966797
    },
    {
      "high_freq": 2549.74365234375,
      "loudness": -37.66057205200195,
      "loudness_range": 26.81476402282715,
      "low_freq": 1457.5709228515625,
      "mid_mean": -36.1813850402832,
      "mid_to_side_loudness": -4.67232084274292,
      "mid_to_side_loudness_range": 19.32987403869629,
      "side_mean": -40.9574089050293
    },
    {
      "high_freq": 4349.24462890625,
      "loudness": -41.145896911621094,
      "loudness_range": 29.879045486450195,
      "low_freq": 2549.74365234375,
      "mid_mean": -38.97069549560547,
      "mid_to_side_loudness": -8.539855003356934,
      "mid_to_side_loudness_range": 20.819416046142578,
      "side_mean": -50.70616149902344
    },
    {
      "high_freq": 7314.1640625,
      "loudness": -50.85209655761719,
      "loudness_range": 25.821826934814453,
      "low_freq": 4349.24462890625,
      "mid_mean": -52.547279357910156,
      "mid_to_side_loudness": -10.111677169799805,
      "mid_to_side_loudness_range": 18.257516860961914,
      "side_mean": -61.405906677246094
    },
    {
      "high_freq": 12199.2666015625,
      "loudness": -54.023094177246094,
      "loudness_range": 23.575233459472656,
      "low_freq": 7314.1640625,
      "mid_mean": -56.21841049194336,
      "mid_to_side_loudness": -11.471466064453125,
      "mid_to_side_loudness_range": 18.747209548950195,
      "side_mean": -65.66290283203125
    },
    {
      "loudness": -61.022499084472656,
      "loudness_range": 7.077320098876953,
      "low_freq": 12199.2666015625,
      "mid_mean": -59.192848205566406,
      "mid_to_side_loudness": -2.6137449741363525,
      "mid_to_side_loudness_range": 7.81899356842041,
      "side_mean": -61.59110641479492
    }
  ],
  "bandwidth": 653.5194091796875,
  "channels": 2,
  "covariance": [
    [
      78.12159729003906,
      69.5471420288086,
      -1.100183129310608,
      9.037020683288574,
      -3.3037002086639404,
      -2.4409005641937256,
      -10.456985473632812,
      3.834693670272827,
      2.2686307430267334,
      8.44387435913086,
      -1.2153104543685913,
      5.694816589355469,
      -15.71231460571289,
      -7.262698650360107,
      -15.413152694702148,
      -7.373538494110107,
      -3.6553452014923096,
      -0.17524904012680054
    ],
    [
      69.5471420288086,
      71.90530395507812,
      5.238584518432617,
      14.96561050415039,
      2.5550098419189453,
      4.911768913269043,
      -2.8560307025909424,
      9.852413177490234,
      6.727073669433594,
      15.832608222961426,
      2.9356601238250732,
      11.41541576385498,
      -9.84909725189209,
      -2.5919926166534424,
      -10.825111389160156,
      -5.1484503746032715,
      -2.793489456176758,
      -0.10905671864748001
    ],
    [
      -1.100183129310608,
      5.238584518432617,
      30.22195816040039,
      26.629619598388672,
      14.813406944274902,
      19.526269912719727,
      17.48538589477539,
      18.695114135742188,
      16.09404754638672,
      17.945112228393555,
      15.482288360595703,
      19.7591495513916,
      13.95680046081543,
      14.064929008483887,
      6.767531394958496,
      5.200401306152344,
      1.7419929504394531,
      0.10031214356422424
    ],
    [
      9.037020683288574,
      14.96561050415039,
      26.629619598388672,
      45.699119567871094,
      13.496317863464355,
      25.40258026123047,
      16.060976028442383,
      24.8502254486084,
      16.523374557495117,
      29.860435485839844,
      9.499164581298828,
      25.11463737487793,
      7.555380344390869,
      15.260747909545898,
      -1.4892216920852661,
      2.6403419971466064,
      -1.0598564147949219,
      0.07584800571203232
    ],
    [
      -3.3037002086639404,
      2.5550098419189453,
      14.813406944274902,
      13.496317863464355,
      31.152616500854492,
      26.40106201171875,
      26.307315826416016,
      20.597274780273438,
      17.62761878967285,
      20.431005477905273,
      20.292280197143555,
      19.138736724853516,
      19.40785789489746,
      16.149572372436523,
      12.201297760009766,
      7.983770370483398,
      2.7262191772460938,
      0.18045417964458466
    ],
    [
      -2.4409005641937256,
      4.911768913269043,
      19.526269912719727,
      25.40258026123047,
      26.40106201171875,
      46.75554656982422,
      25.776052474975586,
      29.910005569458008,
      19.688859939575195,
      31.924692153930664,
      13.744230270385742,
      27.208982467651367,
      14.137619018554688,
      20.84578514099121,
      4.408725738525391,
      6.340665340423584,
      -0.3693407475948334,
      0.2212730050086975
    ],
    [
      -10.456985473632812,
      -2.8560307025909424,
      17.48538589477539,
      16.060976028442383,
      26.307315826416016,
      25.776052474975586,
      40.25517272949219,
      24.192251205444336,
      18.768688201904297,
      22.174955368041992,
      23.474729537963867,
      21.835466384887695,
      23.336759567260742,
      18.57644271850586,
      14.93110179901123,
      8.736518859863281,
      4.085415840148926,
      0.3480953574180603
    ],
    [
      3.834693670272827,
      9.852413177490234,
      18.695114135742188,
      24.8502254486084,
      20.597274780273438,
      29.910005569458008,
      24.192251205444336,
      38.98759460449219,
      17.104148864746094,
      28.432035446166992,
      11.712030410766602,
      24.819555282592773,
      11.34379768371582,
      18.772077560424805,
      1.7203035354614258,
      4.50872278213501,
      0.05918427184224129,
      0.11359868198633194
    ],
    [
      2.2686307430267334,
      6.727073669433594,
      16.09404754638672,
      16.523374557495117,
      17.62761878967285,
      19.688859939575195,
      18.768688201904297,
      17.104148864746094,
      30.851438522338867,
      22.42668342590332,
      20.958221435546875,
      25.70628547668457,
      16.924203872680664,
      19.668325424194336,
      11.358270645141602,
      10.50129222869873,
      3.53153133392334,
      0.3414927124977112
    ],
    [
      8.44387435913086,
      15.832608222961426,
      17.945112228393555,
      29.860435485839844,
      20.431005477905273,
      31.924692153930664,
      22.174955368041992,
      28.432035446166992,
      22.42668342590332,
      44.81935501098633,
      10.241278648376465,
      30.552406311035156,
      9.397886276245117,
      20.309072494506836,
      0.9096732139587402,
      5.022818088531494,
      -0.4690653085708618,
      0.12130645662546158
    ],
    [
      -1.2153104543685913,
      2.9356601238250732,
      15.482288360595703,
      9.499164581298828,
      20.292280197143555,
      13.744230270385742,
      23.474729537963867,
      11.712030410766602,
      20.958221435546875,
      10.241278648376465,
      35.21834945678711,
      19.747474670410156,
      24.892000198364258,
      14.810968399047852,
      20.8448486328125,
      11.67325210571289,
      5.63387393951416,
      0.348693311214447
    ],
    [
      5.694816589355469,
      11.41541576385498,
      19.7591495513916,
      25.11463737487793,
      19.138736724853516,
      27.208982467651367,
      21.835466384887695,
      24.819555282592773,
      25.70628547668457,
      30.552406311035156,
      19.747474670410156,
      37.92119216918945,
      12.873275756835938,
      22.45313262939453,
      2.86257004737854,
      7.160694122314453,
      0.4774860441684723,
      0.221880704164505
    ],
    [
      -15.71231460571289,
      -9.84909725189209,
      13.95680046081543,
      7.555380344390869,
      19.40785789489746,
      14.137619018554688,
      23.336759567260742,
      11.34379768371582,
      16.924203872680664,
      9.397886276245117,
      24.892000198364258,
      12.873275756835938,
      38.25584030151367,
      22.848386764526367,
      30.861024856567383,
      16.919803619384766,
      8.02366828918457,
      0.3144179582595825
    ],
    [
      -7.262698650360107,
      -2.5919926166534424,
      14.064929008483887,
      15.260747909545898,
      16.149572372436523,
      20.84578514099121,
      18.57644271850586,
      18.772077560424805,
      19.668325424194336,
      20.309072494506836,
      14.810968399047852,
      22.45313262939453,
      22.848386764526367,
      30.715234756469727,
      17.727209091186523,
      14.722207069396973,
      5.965665817260742,
      2.2091376781463623
    ],
    [
      -15.413152694702148,
      -10.825111389160156,
      6.767531394958496,
      -1.4892216920852661,
      12.201297760009766,
      4.408725738525391,
      14.93110179901123,
      1.7203035354614258,
      11.358270645141602,
      0.9096732139587402,
      20.8448486328125,
      2.86257004737854,
      30.861024856567383,
      17.727209091186523,
      45.07520294189453,
      19.608694076538086,
      14.250292778015137,
      3.6366915702819824
    ],
    [
      -7.373538494110107,
      -5.1484503746032715,
      5.200401306152344,
      2.6403419971466064,
      7.983770370483398,
      6.340665340423584,
      8.736518859863281,
      4.50872278213501,
      10.50129222869873,
      5.022818088531494,
      11.67325210571289,
      7.160694122314453,
      16.919803619384766,
      14.722207069396973,
      19.608694076538086,
      13.856252670288086,
      6.121973037719727,
      1.31159245967865
    ],
    [
      -3.6553452014923096,
      -2.793489456176758,
      1.7419929504394531,
      -1.0598564147949219,
      2.7262191772460938,
      -0.3693407475948334,
      4.085415840148926,
      0.05918427184224129,
      3.53153133392334,
      -0.4690653085708618,
      5.63387393951416,
      0.4774860441684723,
      8.02366828918457,
      5.965665817260742,
      14.250292778015137,
      6.121973037719727,
      7.332314968109131,
      2.090714693069458
    ],
    [
      -0.17524904012680054,
      -0.10905671864748001,
      0.10031214356422424,
      0.07584800571203232,
      0.18045417964458466,
      0.2212730050086975,
      0.3480953574180603,
      0.11359868198633194,
      0.3414927124977112,
      0.12130645662546158,
      0.348693311214447,
      0.221880704164505,
      0.3144179582595825,
      2.2091376781463623,
      3.6366915702819824,
      1.31159245967865,
      2.090714693069458,
      1.4864646196365356
    ]
  ],
  "covariance_short": [
    [
      98.12455749511719,
      77.85723876953125,
      15.516873359680176,
      22.932514190673828,
      11.23868179321289,
      11.304648399353027,
      11.920825958251953,
      19.508386611938477,
      16.32097816467285,
      22.9809627532959,
      13.814144134521484,
      30.12186622619629,
      13.18207836151123,
      7.336984634399414,
      9.90853214263916,
      1.676168441772461,
      4.485098838806152,
      3.194946527481079
    ],
    [
      77.85723876953125,
      80.76136016845703,
      22.283178329467773,
      34.71770095825195,
      19.00202751159668,
      20.792720794677734,
      19.58104133605957,
      27.735570907592773,
      21.10900115966797,
      32.1456298828125,
      17.26890754699707,
      34.503414154052734,
      15.665127754211426,
      10.383520126342773,
      9.746394157409668,
      2.5071635246276855,
      2.982081890106201,
      2.229555368423462
    ],
    [
      15.516873359680176,
      22.283178329467773,
      71.34627532958984,
      64.72024536132812,
      59.1622314453125,
      54.6931266784668,
      53.787742614746094,
      57.62948226928711,
      51.04622268676758,
      58.230247497558594,
      51.21143341064453,
      61.08524703979492,
      50.54367446899414,
      33.55797576904297,
      35.20317077636719,
      13.693168640136719,
      4.278426170349121,
      0.09434155374765396
    ],
    [
      22.932514190673828,
      34.71770095825195,
      64.72024536132812,
      92.66827392578125,
      61.77894592285156,
      66.5175552368164,
      58.89352798461914,
      71.15839385986328,
      54.55325698852539,
      73.99769592285156,
      48.46813201904297,
      72.09233856201172,
      48.87336730957031,
      37.30689239501953,
      29.20965576171875,
      12.751160621643066,
      2.3757948875427246,
      0.043558333069086075
    ],
    [
      11.23868179321289,
      19.00202751159668,
      59.1622314453125,
      61.77894592285156,
      111.75956726074219,
      85.49300384521484,
      90.10995483398438,
      79.9892349243164,
      72.26068115234375,
      76.8593978881836,
      85.83029174804688,
      79.02959442138672,
      79.16802978515625,
      47.9786491394043,
      59.808197021484375,
      23.189388275146484,
      7.192878246307373,
      0.20441383123397827
    ],
    [
      11.304648399353027,
      20.792720794677734,
      54.6931266784668,
      66.5175552368164,
      85.49300384521484,
      111.1788558959961,
      79.06293487548828,
      85.28076934814453,
      66.6007308959961,
      83.69132995605469,
      62.75682067871094,
      78.7441177368164,
      66.04411315917969,
      48.78499984741211,
      43.02882385253906,
      19.109188079833984,
      4.432234764099121,
      0.17341843247413635
    ],
    [
      11.920825958251953,
      19.58104133605957,
      53.787742614746094,
      58.89352798461914,
      90.10995483398438,
      79.06293487548828,
      117.49575805664062,
      81.74908447265625,
      72.445556640625,
      77.12074279785156,
      89.92281341552734,
      77.09779357910156,
      80.14328002929688,
      49.83393096923828,
      60.003753662109375,
      23.84595489501953,
      8.441664695739746,
      0.3554849326610565
    ],
    [
      19.508386611938477,
      27.735570907592773,
      57.62948226928711,
      71.15839385986328,
      79.9892349243164,
      85.28076934814453,
      81.74908447265625,
      106.04071044921875,
      64.4614028930664,
      85.3061752319336,
      61.50389862060547,
      80.30005645751953,
      62.63016128540039,
      47.37875747680664,
      39.24897384643555,
      17.467317581176758,
      3.838618516921997,
      0.15822336077690125
    ],
    [
      16.32097816467285,
      21.10900115966797,
      51.04622268676758,
      54.55325698852539,
      72.26068115234375,
      66.6007308959961,
      72.445556640625,
      64.4614028930664,
      95.87794494628906,
      74.09098815917969,
      81.70360565185547,
      76.01045989990234,
      78.35556030273438,
      48.64891052246094,
      61.97395706176758,
      24.649261474609375,
      11.652235984802246,
      0.514864981174469
    ],
    [
      22.9809627532959,
      32.1456298828125,
      58.230247497558594,
      73.99769592285156,
      76.8593978881836,
      83.69132995605469,
      77.12074279785156,
      85.3061752319336,
      74.09098815917969,
      106.9135971069336,
      60.0976448059082,
      85.5305404663086,
      60.8512077331543,
      48.25651931762695,
      39.03459930419922,
      18.102649688720703,
      4.295375347137451,
      0.1692541390657425
    ],
    [
      13.814144134521484,
      17.26890754699707,
      51.21143341064453,
      48.46813201904297,
      85.83029174804688,
      62.75682067871094,
      89.92281341552734,
      61.50389862060547,
      81.70360565185547,
      60.0976448059082,
      131.41403198242188,
      77.85626983642578,
      103.99920654296875,
      54.552608489990234,
      89.76547241210938,
      33.383522033691406,
      15.68454647064209,
      0.641087532043457
    ],
    [
      30.12186622619629,
      34.503414154052734,
      61.08524703979492,
      72.09233856201172,
      79.02959442138672,
      78.7441177368164,
      77.09779357910156,
      80.30005645751953,
      76.01045989990234,
      85.5305404663086,
      77.85626983642578,
      111.4394760131836,
      85.10950469970703,
      58.2282600402832,
      58.968536376953125,
      24.490266799926758,
      11.552363395690918,
      3.567434310913086
    ],
    [
      13.18207836151123,
      15.665127754211426,
      50.54367446899414,
      48.87336730957031,
      79.16802978515625,
      66.04411315917969,
      80.14328002929688,
      62.63016128540039,
      78.35556030273438,
      60.8512077331543,
      103.99920654296875,
      85.10950469970703,
      147.7954864501953,
      73.23873138427734,
      123.76575469970703,
      44.2093391418457,
      28.518638610839844,
      3.7859513759613037
    ],
    [
      7.336984634399414,
      10.383520126342773,
      33.55797576904297,
      37.30689239501953,
      47.9786491394043,
      48.78499984741211,
      49.83393096923828,
      47.37875747680664,
      48.64891052246094,
      48.25651931762695,
      54.552608489990234,
      58.2282600402832,
      73.23873138427734,
      50.229248046875,
      53.812747955322266,
      24.6047306060791,
      11.89543342590332,
      1.9375544786453247
    ],
    [
      9.90853214263916,
      9.746394157409668,
      35.20317077636719,
      29.20965576171875,
      59.808197021484375,
      43.02882385253906,
      60.003753662109375,
      39.24897384643555,
      61.97395706176758,
      39.03459930419922,
      89.76547241210938,
      58.968536376953125,
      123.76575469970703,
      53.812747955322266,
      122.4393539428711,
      42.5435791015625,
      28.558359146118164,
      3.229156732559204
    ],
    [
      1.676168441772461,
      2.5071635246276855,
      13.693168640136719,
      12.751160621643066,
      23.189388275146484,
      19.109188079833984,
      23.84595489501953,
      17.467317581176758,
      24.649261474609375,
      18.102649688720703,
      33.383522033691406,
      24.490266799926758,
      44.2093391418457,
      24.6047306060791,
      42.5435791015625,
      19.94423484802246,
      10.041364669799805,
      1.2320764064788818
    ],
    [
      4.485098838806152,
      2.982081890106201,
      4.278426170349121,
      2.3757948875427246,
      7.192878246307373,
      4.432234764099121,
      8.441664695739746,
      3.838618516921997,
      11.652235984802246,
      4.295375347137451,
      15.68454647064209,
      11.552363395690918,
      28.518638610839844,
      11.89543342590332,
      28.558359146118164,
      10.041364669799805,
      11.48226547241211,
      2.1622250080108643
    ],
    [
      3.194946527481079,
      2.229555368423462,
      0.09434155374765396,
      0.043558333069086075,
      0.20441383123397827,
      0.17341843247413635,
      0.3554849326610565,
      0.15822336077690125,
      0.514864981174469,
      0.1692541390657425,
      0.641087532043457,
      3.567434310913086,
      3.7859513759613037,
      1.9375544786453247,
      3.229156732559204,
      1.2320764064788818,
      2.1622250080108643,
      1.5986076593399048
    ]
  ],
  "damage": -6.871707916259766,
  "diff_bandwidth": 665.7482299804688,
  "dissonance": 6.210477316113967,
  "drr": 16.586416244506836,
  "dynamics": 4.500665187835693,
  "format": 1245190,
  "frames": 6964272,
  "loudness": -16.066198348999023,
  "loudness_range": 10.529956817626953,
  "loudness_range_short": 25.729475021362305,
  "lowpass_true_peak_15khz": -0.12126828730106354,
  "mastering3_acoustic_entropies": [
    {
      "acoustic_entropy": 7.393864631652832,
      "acoustic_entropy_mono": 6.222959041595459,
      "band_eliminated_acoustic_entropies": [
        {
          "acoustic_entropy": 7.393032550811768,
          "acoustic_entropy_side": 7.393822193145752,
          "hz": 129.47220167065723
        },
        {
          "acoustic_entropy": 7.367138385772705,
          "acoustic_entropy_side": 7.362804412841797,
          "hz": 202.92927478742237
        },
        {
          "acoustic_entropy": 7.378454208374023,
          "acoustic_entropy_side": 7.368088245391846,
          "hz": 282.89161906338205
        },
        {
          "acoustic_entropy": 7.505577087402344,
          "acoustic_entropy_side": 7.357539176940918,
          "hz": 369.9353335868758
        },
        {
          "acoustic_entropy": 6.69645357131958,
          "acoustic_entropy_side": 6.8776421546936035,
          "hz": 464.6875360973435
        },
        {
          "acoustic_entropy": 6.808177947998047,
          "acoustic_entropy_side": 7.527318954467773,
          "hz": 567.8308811364784
        },
        {
          "acoustic_entropy": 6.954512119293213,
          "acoustic_entropy_side": 6.90929651260376,
          "hz": 680.1084783214808
        },
        {
          "acoustic_entropy": 7.567736625671387,
          "acoustic_entropy_side": 7.403040409088135,
          "hz": 802.3292461747484
        },
        {
          "acoustic_entropy": 7.253298759460449,
          "acoustic_entropy_side": 7.392271041870117,
          "hz": 935.3737400823702
        },
        {
          "acoustic_entropy": 7.171614646911621,
          "acoustic_entropy_side": 7.307035446166992,
          "hz": 1080.2004963696966
        },
        {
          "acoustic_entropy": 7.191174030303955,
          "acoustic_entropy_side": 7.212092876434326,
          "hz": 1237.8529382007157
        },
        {
          "acoustic_entropy": 7.191117286682129,
          "acoustic_entropy_side": 7.325739860534668,
          "hz": 1409.4668930556702
        },
        {
          "acoustic_entropy": 7.277931213378906,
          "acoustic_entropy_side": 7.350749969482422,
          "hz": 1596.2787759475705
        },
        {
          "acoustic_entropy": 7.615052223205566,
          "acoustic_entropy_side": 7.306822776794434,
          "hz": 1799.6344973346393
        },
        {
          "acoustic_entropy": 7.427351474761963,
          "acoustic_entropy_side": 7.3592939376831055,
          "hz": 2020.9991599069049
        },
        {
          "acoustic_entropy": 7.403711318969727,
          "acoustic_entropy_side": 7.383610725402832,
          "hz": 2261.9676141086993
        },
        {
          "acoustic_entropy": 7.2784504890441895,
          "acoustic_entropy_side": 7.361878395080566,
          "hz": 2524.2759484456974
        },
        {
          "acoustic_entropy": 7.318882465362549,
          "acoustic_entropy_side": 7.38566780090332,
          "hz": 2809.813997359896
        },
        {
          "acoustic_entropy": 7.386124134063721,
          "acoustic_entropy_side": 7.381458759307861,
          "hz": 3120.6389567871424
        },
        {
          "acoustic_entropy": 7.5049920082092285,
          "acoustic_entropy_side": 7.3850274085998535,
          "hz": 3458.990205492291
        },
        {
          "acoustic_entropy": 7.316858768463135,
          "acoustic_entropy_side": 7.394036293029785,
          "hz": 3827.305438964164
        },
        {
          "acoustic_entropy": 7.341591835021973,
          "acoustic_entropy_side": 7.394656181335449,
          "hz": 4228.238232109126
        },
        {
          "acoustic_entropy": 7.394244194030762,
          "acoustic_entropy_side": 7.3938775062561035,
          "hz": 4664.6771572759235
        },
        {
          "acoustic_entropy": 7.3923540115356445,
          "acoustic_entropy_side": 7.39385986328125,
          "hz": 5139.766595350093
        },
        {
          "acoustic_entropy": 7.393726348876953,
          "acoustic_entropy_side": 7.393877029418945,
          "hz": 5656.929389854203
        },
        {
          "acoustic_entropy": 7.393894195556641,
          "acoustic_entropy_side": 7.393862247467041,
          "hz": 6219.891507268283
        },
        {
          "acoustic_entropy": 7.393903732299805,
          "acoustic_entropy_side": 7.3938703536987305,
          "hz": 6832.70888123896
        },
        {
          "acoustic_entropy": 7.394979953765869,
          "acoustic_entropy_side": 7.393876075744629,
          "hz": 7499.796634079867
        },
        {
          "acoustic_entropy": 7.394564151763916,
          "acoustic_entropy_side": 7.393880844116211,
          "hz": 8225.96088609342
        },
        {
          "acoustic_entropy": 7.394745349884033,
          "acoustic_entropy_side": 7.393878936767578,
          "hz": 9016.43338188839
        },
        {
          "acoustic_entropy": 7.394495010375977,
          "acoustic_entropy_side": 7.393867015838623,
          "hz": 9876.909183162974
        },
        {
          "acoustic_entropy": 7.394205093383789,
          "acoustic_entropy_side": 7.39386510848999,
          "hz": 10813.587699516042
        },
        {
          "acoustic_entropy": 7.39400053024292,
          "acoustic_entropy_side": 7.393864631652832,
          "hz": 11833.21735289826
        },
        {
          "acoustic_entropy": 7.393890380859375,
          "acoustic_entropy_side": 7.393864631652832,
          "hz": 12943.144197493959
        },
        {
          "acoustic_entropy": 7.3938679695129395,
          "acoustic_entropy_side": 7.393864631652832,
          "hz": 14151.364845322005
        },
        {
          "acoustic_entropy": 7.393866062164307,
          "acoustic_entropy_side": 7.393864631652832,
          "hz": 15466.58407886509
        },
        {
          "acoustic_entropy": 7.393864631652832,
          "acoustic_entropy_side": 7.393864631652832,
          "hz": 16898.27756580493
        },
        {
          "acoustic_entropy": 7.39386510848999,
          "acoustic_entropy_side": 7.393864631652832,
          "hz": 18456.760127700032
        },
        {
          "acoustic_entropy": 7.39386510848999,
          "acoustic_entropy_side": 7.393864631652832,
          "hz": 20153.260054456492
        },
        {
          "acoustic_entropy": 7.393864631652832,
          "acoustic_entropy_side": 7.393864631652832,
          "hz": 22000.00000000001
        }
      ],
      "diff_acoustic_entropy": 7.916585445404053,
      "sn": 6
    },
    {
      "acoustic_entropy": 11.890631675720215,
      "acoustic_entropy_mono": 10.139090538024902,
      "band_eliminated_acoustic_entropies": [
        {
          "acoustic_entropy": 11.901664733886719,
          "acoustic_entropy_side": 11.891611099243164,
          "hz": 129.47220167065723
        },
        {
          "acoustic_entropy": 11.879509925842285,
          "acoustic_entropy_side": 11.756895065307617,
          "hz": 202.92927478742237
        },
        {
          "acoustic_entropy": 12.253005027770996,
          "acoustic_entropy_side": 11.803102493286133,
          "hz": 282.89161906338205
        },
        {
          "acoustic_entropy": 11.401739120483398,
          "acoustic_entropy_side": 11.311064720153809,
          "hz": 369.9353335868758
        },
        {
          "acoustic_entropy": 10.735225677490234,
          "acoustic_entropy_side": 11.558480262756348,
          "hz": 464.6875360973435
        },
        {
          "acoustic_entropy": 11.410305976867676,
          "acoustic_entropy_side": 11.451106071472168,
          "hz": 567.8308811364784
        },
        {
          "acoustic_entropy": 11.517159461975098,
          "acoustic_entropy_side": 11.845870018005371,
          "hz": 680.1084783214808
        },
        {
          "acoustic_entropy": 12.3649320602417,
          "acoustic_entropy_side": 11.91726016998291,
          "hz": 802.3292461747484
        },
        {
          "acoustic_entropy": 11.73813533782959,
          "acoustic_entropy_side": 11.70781421661377,
          "hz": 935.3737400823702
        },
        {
          "acoustic_entropy": 11.423171997070312,
          "acoustic_entropy_side": 11.639097213745117,
          "hz": 1080.2004963696966
        },
        {
          "acoustic_entropy": 10.920105934143066,
          "acoustic_entropy_side": 11.639189720153809,
          "hz": 1237.8529382007157
        },
        {
          "acoustic_entropy": 11.841971397399902,
          "acoustic_entropy_side": 11.79578971862793,
          "hz": 1409.4668930556702
        },
        {
          "acoustic_entropy": 11.99492073059082,
          "acoustic_entropy_side": 11.839569091796875,
          "hz": 1596.2787759475705
        },
        {
          "acoustic_entropy": 12.187978744506836,
          "acoustic_entropy_side": 12.13597583770752,
          "hz": 1799.6344973346393
        },
        {
          "acoustic_entropy": 11.696267127990723,
          "acoustic_entropy_side": 12.193365097045898,
          "hz": 2020.9991599069049
        },
        {
          "acoustic_entropy": 11.710611343383789,
          "acoustic_entropy_side": 12.054651260375977,
          "hz": 2261.9676141086993
        },
        {
          "acoustic_entropy": 11.323437690734863,
          "acoustic_entropy_side": 11.859827041625977,
          "hz": 2524.2759484456974
        },
        {
          "acoustic_entropy": 11.498324394226074,
          "acoustic_entropy_side": 11.869117736816406,
          "hz": 2809.813997359896
        },
        {
          "acoustic_entropy": 11.41565227508545,
          "acoustic_entropy_side": 11.830102920532227,
          "hz": 3120.6389567871424
        },
        {
          "acoustic_entropy": 11.354133605957031,
          "acoustic_entropy_side": 11.868969917297363,
          "hz": 3458.990205492291
        },
        {
          "acoustic_entropy": 11.563467979431152,
          "acoustic_entropy_side": 11.881745338439941,
          "hz": 3827.305438964164
        },
        {
          "acoustic_entropy": 11.84382438659668,
          "acoustic_entropy_side": 11.875401496887207,
          "hz": 4228.238232109126
        },
        {
          "acoustic_entropy": 11.879423141479492,
          "acoustic_entropy_side": 11.888514518737793,
          "hz": 4664.6771572759235
        },
        {
          "acoustic_entropy": 11.839141845703125,
          "acoustic_entropy_side": 11.890071868896484,
          "hz": 5139.766595350093
        },
        {
          "acoustic_entropy": 11.8666353225708,
          "acoustic_entropy_side": 11.890080451965332,
          "hz": 5656.929389854203
        },
        {
          "acoustic_entropy": 11.915307998657227,
          "acoustic_entropy_side": 11.890433311462402,
          "hz": 6219.891507268283
        },
        {
          "acoustic_entropy": 11.895208358764648,
          "acoustic_entropy_side": 11.890218734741211,
          "hz": 6832.70888123896
        },
        {
          "acoustic_entropy": 11.889196395874023,
          "acoustic_entropy_side": 11.890132904052734,
          "hz": 7499.796634079867
        },
        {
          "acoustic_entropy": 11.887142181396484,
          "acoustic_entropy_side": 11.890021324157715,
          "hz": 8225.96088609342
        },
        {
          "acoustic_entropy": 11.887100219726562,
          "acoustic_entropy_side": 11.890251159667969,
          "hz": 9016.43338188839
        },
        {
          "acoustic_entropy": 11.890974998474121,
          "acoustic_entropy_side": 11.89057731628418,
          "hz": 9876.909183162974
        },
        {
          "acoustic_entropy": 11.878814697265625,
          "acoustic_entropy_side": 11.89062213897705,
          "hz": 10813.587699516042
        },
        {
          "acoustic_entropy": 11.888063430786133,
          "acoustic_entropy_side": 11.890630722045898,
          "hz": 11833.21735289826
        },
        {
          "acoustic_entropy": 11.890198707580566,
          "acoustic_entropy_side": 11.890632629394531,
          "hz": 12943.144197493959
        },
        {
          "acoustic_entropy": 11.890534400939941,
          "acoustic_entropy_side": 11.890630722045898,
          "hz": 14151.364845322005
        },
        {
          "acoustic_entropy": 11.890579223632812,
          "acoustic_entropy_side": 11.890630722045898,
          "hz": 15466.58407886509
        },
        {
          "acoustic_entropy": 11.890600204467773,
          "acoustic_entropy_side": 11.890631675720215,
          "hz": 16898.27756580493
        },
        {
          "acoustic_entropy": 11.890626907348633,
          "acoustic_entropy_side": 11.890631675720215,
          "hz": 18456.760127700032
        },
        {
          "acoustic_entropy": 11.890629768371582,
          "acoustic_entropy_side": 11.890630722045898,
          "hz": 20153.260054456492
        },
        {
          "acoustic_entropy": 11.890629768371582,
          "acoustic_entropy_side": 11.890630722045898,
          "hz": 22000.00000000001
        }
      ],
      "diff_acoustic_entropy": 12.105071067810059,
      "sn": 12
    },
    {
      "acoustic_entropy": 18.408491134643555,
      "acoustic_entropy_mono": 15.375945091247559,
      "band_eliminated_acoustic_entropies": [
        {
          "acoustic_entropy": 18.506013870239258,
          "acoustic_entropy_side": 18.416584014892578,
          "hz": 129.47220167065723
        },
        {
          "acoustic_entropy": 18.262636184692383,
          "acoustic_entropy_side": 18.398193359375,
          "hz": 202.92927478742237
        },
        {
          "acoustic_entropy": 18.29654312133789,
          "acoustic_entropy_side": 18.67656135559082,
          "hz": 282.89161906338205
        },
        {
          "acoustic_entropy": 18.785179138183594,
          "acoustic_entropy_side": 18.781635284423828,
          "hz": 369.9353335868758
        },
        {
          "acoustic_entropy": 17.74196434020996,
          "acoustic_entropy_side": 18.123592376708984,
          "hz": 464.6875360973435
        },
        {
          "acoustic_entropy": 19.026138305664062,
          "acoustic_entropy_side": 18.78485870361328,
          "hz": 567.8308811364784
        },
        {
          "acoustic_entropy": 18.874469757080078,
          "acoustic_entropy_side": 18.020423889160156,
          "hz": 680.1084783214808
        },
        {
          "acoustic_entropy": 18.654632568359375,
          "acoustic_entropy_side": 18.47713279724121,
          "hz": 802.3292461747484
        },
        {
          "acoustic_entropy": 17.719058990478516,
          "acoustic_entropy_side": 18.511409759521484,
          "hz": 935.3737400823702
        },
        {
          "acoustic_entropy": 18.96805763244629,
          "acoustic_entropy_side": 18.943153381347656,
          "hz": 1080.2004963696966
        },
        {
          "acoustic_entropy": 17.81234359741211,
          "acoustic_entropy_side": 18.901363372802734,
          "hz": 1237.8529382007157
        },
        {
          "acoustic_entropy": 19.2020206451416,
          "acoustic_entropy_side": 18.751895904541016,
          "hz": 1409.4668930556702
        },
        {
          "acoustic_entropy": 18.176025390625,
          "acoustic_entropy_side": 18.1669921875,
          "hz": 1596.2787759475705
        },
        {
          "acoustic_entropy": 18.345535278320312,
          "acoustic_entropy_side": 18.362062454223633,
          "hz": 1799.6344973346393
        },
        {
          "acoustic_entropy": 18.715166091918945,
          "acoustic_entropy_side": 18.853137969970703,
          "hz": 2020.9991599069049
        },
        {
          "acoustic_entropy": 18.386442184448242,
          "acoustic_entropy_side": 18.634723663330078,
          "hz": 2261.9676141086993
        },
        {
          "acoustic_entropy": 18.453018188476562,
          "acoustic_entropy_side": 18.17725944519043,
          "hz": 2524.2759484456974
        },
        {
          "acoustic_entropy": 17.95860481262207,
          "acoustic_entropy_side": 18.085708618164062,
          "hz": 2809.813997359896
        },
        {
          "acoustic_entropy": 18.605525970458984,
