{
  "acoustic_entropy": 157.2511444091797,
  "bands": [
    {
      "high_freq": 148.1999969482422,
      "loudness": -42.74163818359375,
      "loudness_range": 24.046123504638672,
      "mid_mean": -40.41471481323242,
      "mid_to_side_loudness": -6.103674411773682,
      "mid_to_side_loudness_range": 13.557439804077148,
      "side_mean": -46.51385498046875
    },
    {
      "high_freq": 392.3793640136719,
      "loudness": -35.241546630859375,
      "loudness_range": 21.1861515045166,
      "low_freq": 148.1999969482422,
      "mid_mean": -33.09437561035156,
      "mid_to_side_loudness": -4.3366169929504395,
      "mid_to_side_loudness_range": 9.57274341583252,
      "side_mean": -37.563655853271484
    },
    {
      "high_freq": 794.6976318359375,
      "loudness": -37.45988464355469,
      "loudness_range": 24.217761993408203,
      "low_freq": 392.3793640136719,
      "mid_mean": -35.79109191894531,
      "mid_to_side_loudness": -3.0580596923828125,
      "mid_to_side_loudness_range": 8.333151817321777,
      "side_mean": -38.66006851196289
    },
    {
      "high_freq": 1457.5709228515625,
      "loudness": -41.8454475402832,
      "loudness_range": 26.653823852539062,
      "low_freq": 794.6976318359375,
      "mid_mean": -39.987457275390625,
      "mid_to_side_loudness": -3.2097413539886475,
      "mid_to_side_loudness_range": 7.442038059234619,
      "side_mean": -43.25319290161133
    },
    {
      "high_freq": 2549.74365234375,
      "loudness": -45.1860466003418,
      "loudness_range": 31.455791473388672,
      "low_freq": 1457.5709228515625,
      "mid_mean": -43.45921325683594,
      "mid_to_side_loudness": -2.814875841140747,
      "mid_to_side_loudness_range": 7.654674530029297,
      "side_mean": -46.42469024658203
    },
    {
      "high_freq": 4349.24462890625,
      "loudness": -55.84357452392578,
      "loudness_range": 34.57849884033203,
      "low_freq": 2549.74365234375,
      "mid_mean": -54.51069641113281,
      "mid_to_side_loudness": -2.410820245742798,
      "mid_to_side_loudness_range": 5.451678276062012,
      "side_mean": -56.427547454833984
    },
    {
      "high_freq": 7314.1640625,
      "loudness": -61.4832649230957,
      "loudness_range": 33.53483963012695,
      "low_freq": 4349.24462890625,
      "mid_mean": -61.67948913574219,
      "mid_to_side_loudness": -2.335576295852661,
      "mid_to_side_loudness_range": 5.5911102294921875,
      "side_mean": -62.6423454284668
    },
    {
      "high_freq": 12199.2666015625,
      "loudness": -63.94298553466797,
      "loudness_range": 26.757572174072266,
      "low_freq": 7314.1640625,
      "mid_mean": -65.89031982421875,
      "mid_to_side_loudness": -1.598965048789978,
      "mid_to_side_loudness_range": 3.5019350051879883,
      "side_mean": -66.2882308959961
    },
    {
      "loudness": -75.86492919921875,
      "loudness_range": 16.74972915649414,
      "low_freq": 12199.2666015625,
      "mid_mean": -68.08287811279297,
      "mid_to_side_loudness": -1.1975229978561401,
      "mid_to_side_loudness_range": 2.4574496746063232,
      "side_mean": -68.38314819335938
    }
  ],
  "bands_short": [
    {
      "high_freq": 148.1999969482422,
      "loudness": -47.48365020751953,
      "loudness_range": 24.749183654785156,
      "mid_mean": -45.11244583129883,
      "mid_to_side_loudness": -6.742391586303711,
      "mid_to_side_loudness_range": 16.640972137451172,
      "side_mean": -52.026126861572266
    },
    {
      "high_freq": 392.3793640136719,
      "loudness": -35.55599594116211,
      "loudness_range": 22.19100570678711,
      "low_freq": 148.1999969482422,
      "mid_mean": -33.36519241333008,
      "mid_to_side_loudness": -4.798336505889893,
      "mid_to_side_loudness_range": 11.179298400878906,
      "side_mean": -38.2718620300293
    },
    {
      "high_freq": 794.6976318359375,
      "loudness": -36.722904205322266,
      "loudness_range": 23.96907615661621,
      "low_freq": 392.3793640136719,
      "mid_mean": -35.213863372802734,
      "mid_to_side_loudness": -2.777433156967163,
      "mid_to_side_loudness_range": 10.957271575927734,
      "side_mean": -37.88626480102539
    },
    {
      "high_freq": 1457.5709228515625,
      "loudness": -41.647010803222656,
      "loudness_range": 26.945526123046875,
      "low_freq": 794.6976318359375,
      "mid_mean": -39.98576736450195,
      "mid_to_side_loudness": -3.0719597339630127,
      "mid_to_side_loudness_range": 10.917230606079102,
      "side_mean": -43.15852737426758
    },
    {
      "high_freq": 2549.74365234375,
      "loudness": -45.46480941772461,
      "loudness_range": 31.661487579345703,
      "low_freq": 1457.5709228515625,
      "mid_mean": -43.90743637084961,
      "mid_to_side_loudness": -2.8891515731811523,
      "mid_to_side_loudness_range": 11.113004684448242,
      "side_mean": -46.90092468261719
    },
    {
      "high_freq": 4349.24462890625,
      "loudness": -55.80868911743164,
      "loudness_range": 34.73637390136719,
      "low_freq": 2549.74365234375,
      "mid_mean": -54.60034942626953,
      "mid_to_side_loudness": -2.3874197006225586,
      "mid_to_side_loudness_range": 8.006650924682617,
      "side_mean": -56.504730224609375
    },
    {
      "high_freq": 7314.1640625,
      "loudness": -61.34645462036133,
      "loudness_range": 33.503501892089844,
      "low_freq": 4349.24462890625,
      "mid_mean": -61.767059326171875,
      "mid_to_side_loudness": -2.2434966564178467,
      "mid_to_side_loudness_range": 7.022838592529297,
      "side_mean": -62.70126724243164
    },
    {
      "high_freq": 12199.2666015625,
      "loudness": -64.00445556640625,
      "loudness_range": 26.837867736816406,
      "low_freq": 7314.1640625,
      "mid_mean": -65.91918182373047,
      "mid_to_side_loudness": -1.586218237876892,
      "mid_to_side_loudness_range": 4.052004337310791,
      "side_mean": -66.31156921386719
    },
    {
      "loudness": -75.88790893554688,
      "loudness_range": 16.776920318603516,
      "low_freq": 12199.2666015625,
      "mid_mean": -68.08767700195312,
      "mid_to_side_loudness": -1.189103126525879,
      "mid_to_side_loudness_range": 3.284528970718384,
      "side_mean": -68.3878402709961
    }
  ],
  "bandwidth": 616.9969482421875,
  "channels": 2,
  "covariance": [
    [
      71.10721588134766,
      56.820465087890625,
      49.900474548339844,
      45.494110107421875,
      49.887184143066406,
      47.57705307006836,
      48.81535720825195,
      47.718849182128906,
      45.80887985229492,
      43.871665954589844,
      61.16690444946289,
      62.34409713745117,
      54.36474609375,
      54.0917854309082,
      35.674827575683594,
      34.343772888183594,
      13.406392097473145,
      11.975485801696777
    ],
    [
      56.820465087890625,
      64.84939575195312,
      46.04853057861328,
      46.1834602355957,
      47.12382888793945,
      47.39216613769531,
      47.205501556396484,
      46.69001007080078,
      46.04201889038086,
      45.5198860168457,
      59.4976806640625,
      61.68696594238281,
      53.837154388427734,
      54.286067962646484,
      35.793521881103516,
      34.66898727416992,
      13.232965469360352,
      12.16401195526123
    ],
    [
      49.900474548339844,
      46.04853057861328,
      53.85492706298828,
      49.502403259277344,
      48.28401565551758,
      46.712459564208984,
      45.346866607666016,
      45.037498474121094,
      42.897823333740234,
      43.477500915527344,
      54.96517562866211,
      56.75590896606445,
      49.26319885253906,
      48.905372619628906,
      32.67922592163086,
      31.141948699951172,
      12.153655052185059,
      10.908119201660156
    ],
    [
      45.494110107421875,
      46.1834602355957,
      49.502403259277344,
      56.7855110168457,
      47.599281311035156,
      49.01347732543945,
      44.536476135253906,
      45.4929313659668,
      46.34251022338867,
      49.18840026855469,
      56.14179611206055,
      59.21406936645508,
      50.614437103271484,
      51.15540313720703,
      33.78842544555664,
      32.54328536987305,
      12.375059127807617,
      11.383668899536133
    ],
    [
      49.887184143066406,
      47.12382888793945,
      48.28401565551758,
      47.599281311035156,
      67.38223266601562,
      62.9969367980957,
      59.12132263183594,
      58.86307144165039,
      59.14627456665039,
      58.6285400390625,
      69.63035583496094,
      70.63772583007812,
      60.815948486328125,
      59.743934631347656,
      40.486961364746094,
      38.47417068481445,
      15.077093124389648,
      13.715822219848633
    ],
    [
      47.57705307006836,
      47.39216613769531,
      46.712459564208984,
      49.01347732543945,
      62.9969367980957,
      69.76751708984375,
      59.341156005859375,
      60.96900177001953,
      63.41239547729492,
      64.17292785644531,
      73.69281768798828,
      75.70136260986328,
      64.18711853027344,
      63.651512145996094,
      42.58367919921875,
      40.52510070800781,
      15.666155815124512,
      14.28584098815918
    ],
    [
      48.81535720825195,
      47.205501556396484,
      45.346866607666016,
      44.536476135253906,
      59.12132263183594,
      59.341156005859375,
      80.40397644042969,
      74.34923553466797,
      71.61345672607422,
      68.39614868164062,
      81.48591613769531,
      80.72418975830078,
      69.70404052734375,
      67.63148498535156,
      45.30672836303711,
      42.843292236328125,
      16.654333114624023,
      15.080487251281738
    ],
    [
      47.718849182128906,
      46.69001007080078,
      45.037498474121094,
      45.4929313659668,
      58.86307144165039,
      60.96900177001953,
      74.34923553466797,
      76.52311706542969,
      70.69741821289062,
      69.47185516357422,
      81.90609741210938,
      82.13848114013672,
      70.54859924316406,
      68.86011505126953,
      45.66554260253906,
      43.22380828857422,
      16.600543975830078,
      15.036847114562988
    ],
    [
      45.80887985229492,
      46.04201889038086,
      42.897823333740234,
      46.34251022338867,
      59.14627456665039,
      63.41239547729492,
      71.61345672607422,
      70.69741821289062,
      105.11643981933594,
      98.77871704101562,
      95.37416076660156,
      94.40660095214844,
      83.2490234375,
      80.37769317626953,
      52.83916473388672,
      49.70381546020508,
      19.276174545288086,
      17.717418670654297
    ],
    [
      43.871665954589844,
      45.5198860168457,
      43.477500915527344,
      49.18840026855469,
      58.6285400390625,
      64.17292785644531,
      68.39614868164062,
      69.47185516357422,
      98.77871704101562,
      101.41432189941406,
      94.22411346435547,
      95.1234130859375,
      82.12393951416016,
      80.2413330078125,
      52.024925231933594,
      49.2293815612793,
      18.640289306640625,
      17.26643180847168
    ],
    [
      61.16690444946289,
      59.4976806640625,
      54.96517562866211,
      56.14179611206055,
      69.63035583496094,
      73.69281768798828,
      81.48591613769531,
      81.90609741210938,
      95.37416076660156,
      94.22411346435547,
      118.53077697753906,
      118.65077209472656,
      100.66484832763672,
      98.57380676269531,
      63.78685760498047,
      60.4066162109375,
      22.75971031188965,
      20.70695686340332
    ],
    [
      62.34409713745117,
      61.68696594238281,
      56.75590896606445,
      59.21406936645508,
      70.63772583007812,
      75.70136260986328,
      80.72418975830078,
      82.13848114013672,
      94.40660095214844,
      95.1234130859375,
      118.65077209472656,
      121.78372955322266,
      102.64740753173828,
      101.75218200683594,
      65.52179718017578,
      62.45769500732422,
      23.228981018066406,
      21.348346710205078
    ],
    [
      54.36474609375,
      53.837154388427734,
      49.26319885253906,
      50.614437103271484,
      60.815948486328125,
      64.18711853027344,
      69.70404052734375,
      70.54859924316406,
      83.2490234375,
      82.12393951416016,
      100.66484832763672,
      102.64740753173828,
      93.4178695678711,
      92.1778335571289,
      60.85509490966797,
      57.99623489379883,
      21.995683670043945,
      20.183523178100586
    ],
    [
      54.0917854309082,
      54.286067962646484,
      48.905372619628906,
      51.15540313720703,
      59.743934631347656,
      63.651512145996094,
      67.63148498535156,
      68.86011505126953,
      80.37769317626953,
      80.2413330078125,
      98.57380676269531,
      101.75218200683594,
      92.1778335571289,
      92.28461456298828,
      60.83234405517578,
      58.414459228515625,
      22.02938461303711,
      20.421483993530273
    ],
    [
      35.674827575683594,
      35.793521881103516,
      32.67922592163086,
      33.78842544555664,
      40.486961364746094,
      42.58367919921875,
      45.30672836303711,
      45.66554260253906,
      52.83916473388672,
      52.024925231933594,
      63.78685760498047,
      65.52179718017578,
      60.85509490966797,
      60.83234405517578,
      42.19020080566406,
      40.43029022216797,
      15.83257007598877,
      14.631473541259766
    ],
    [
      34.343772888183594,
      34.66898727416992,
      31.141948699951172,
      32.54328536987305,
      38.47417068481445,
      40.52510070800781,
      42.843292236328125,
      43.22380828857422,
      49.70381546020508,
      49.2293815612793,
      60.4066162109375,
      62.45769500732422,
      57.99623489379883,
      58.414459228515625,
      40.43029022216797,
      39.167335510253906,
      15.258858680725098,
      14.322826385498047
    ],
    [
      13.406392097473145,
      13.232965469360352,
      12.153655052185059,
      12.375059127807617,
      15.077093124389648,
      15.666155815124512,
      16.654333114624023,
      16.600543975830078,
      19.276174545288086,
      18.640289306640625,
      22.75971031188965,
      23.228981018066406,
      21.995683670043945,
      22.02938461303711,
      15.83257007598877,
      15.258858680725098,
      6.6479082107543945,
      6.141620635986328
    ],
    [
      11.975485801696777,
      12.16401195526123,
      10.908119201660156,
      11.383668899536133,
      13.715822219848633,
      14.28584098815918,
      15.080487251281738,
      15.036847114562988,
      17.717418670654297,
      17.26643180847168,
      20.70695686340332,
      21.348346710205078,
      20.183523178100586,
      20.421483993530273,
      14.631473541259766,
      14.322826385498047,
      6.141620635986328,
      5.919503211975098
    ]
  ],
  "covariance_short": [
    [
      75.08920288085938,
      51.19588851928711,
      51.76376724243164,
      43.893733978271484,
      45.841949462890625,
      39.34575653076172,
      45.40391540527344,
      43.95466232299805,
      40.24402618408203,
      37.93956756591797,
      54.168460845947266,
      54.8774299621582,
      47.86444854736328,
      47.15319061279297,
      31.262113571166992,
      29.92632293701172,
      12.000723838806152,
      10.492107391357422
    ],
    [
      51.19588851928711,
      64.29669952392578,
      43.07212829589844,
      41.895042419433594,
      40.810707092285156,
      37.289459228515625,
      41.12165069580078,
      40.35028076171875,
      38.426734924316406,
      37.14017105102539,
      53.315452575683594,
      54.00069046020508,
      46.03330612182617,
      45.62600326538086,
      29.94624137878418,
      28.850128173828125,
      11.479716300964355,
      10.389174461364746
    ],
    [
      51.76376724243164,
      43.07212829589844,
      58.81435775756836,
      51.60377502441406,
      51.12783432006836,
      47.5826416015625,
      48.3065185546875,
      48.116302490234375,
      44.95985412597656,
      44.986358642578125,
      57.45390319824219,
      59.12335968017578,
      51.368438720703125,
      50.76932907104492,
      33.83075714111328,
      32.287559509277344,
      12.560065269470215,
      11.280076026916504
    ],
    [
      43.893733978271484,
      41.895042419433594,
      51.60377502441406,
      59.96623992919922,
      51.189666748046875,
      52.066043853759766,
      47.92191696166992,
      49.229896545410156,
      46.601078033447266,
      49.144378662109375,
      57.81845474243164,
      60.87462615966797,
      52.42188262939453,
      52.67951202392578,
      34.790130615234375,
      33.54548645019531,
      12.747735023498535,
      11.731766700744629
    ],
    [
      45.841949462890625,
      40.810707092285156,
      51.12783432006836,
      51.189666748046875,
      66.54247283935547,
      59.10825729370117,
      54.763206481933594,
      54.299259185791016,
      55.813270568847656,
      56.465885162353516,
      64.23180389404297,
      65.91695404052734,
      57.025455474853516,
      56.29413604736328,
      38.15348434448242,
      36.35712814331055,
      14.317344665527344,
      12.99672794342041
    ],
    [
      39.34575653076172,
      37.289459228515625,
      47.5826416015625,
      52.066043853759766,
      59.10825729370117,
      69.42589569091797,
      55.37001419067383,
      56.60428237915039,
      60.47606658935547,
      63.01845932006836,
      67.41631317138672,
      69.80653381347656,
      59.25519943237305,
      59.014305114746094,
      39.552703857421875,
      37.75503921508789,
      14.675891876220703,
      13.369718551635742
    ],
    [
      45.40391540527344,
      41.12165069580078,
      48.3065185546875,
      47.92191696166992,
      54.763206481933594,
      55.37001419067383,
      82.09320068359375,
      73.08128356933594,
      70.45797729492188,
      67.9603271484375,
      81.2582015991211,
      80.4383316040039,
      69.3629150390625,
      67.4289779663086,
      45.256839752197266,
      42.856266021728516,
      16.709060668945312,
      15.154133796691895
    ],
    [
      43.95466232299805,
      40.35028076171875,
      48.116302490234375,
      49.229896545410156,
      54.299259185791016,
      56.60428237915039,
      73.08128356933594,
      79.38404846191406,
      70.00102996826172,
      69.8265151977539,
      81.64769744873047,
      82.1099624633789,
      70.3300552368164,
      68.85334014892578,
      45.75735092163086,
      43.39084243774414,
      16.746505737304688,
      15.205000877380371
    ],
    [
      40.24402618408203,
      38.426734924316406,
      44.95985412597656,
      46.601078033447266,
      55.813270568847656,
      60.47606658935547,
      70.45797729492188,
      70.00102996826172,
      107.3345947265625,
      97.17290496826172,
      95.73101043701172,
      94.41002655029297,
      82.8602523803711,
      79.97135925292969,
      52.663726806640625,
      49.569576263427734,
      19.258636474609375,
      17.663427352905273
    ],
    [
      37.93956756591797,
      37.14017105102539,
      44.986358642578125,
      49.144378662109375,
      56.465885162353516,
      63.01845932006836,
      67.9603271484375,
      69.8265151977539,
      97.17290496826172,
      103.88152313232422,
      94.62010192871094,
      95.26834106445312,
      81.8405990600586,
      79.9732437133789,
      51.887081146240234,
      49.1341438293457,
      18.623367309570312,
      17.221437454223633
    ],
    [
      54.168460845947266,
      53.315452575683594,
      57.45390319824219,
      57.81845474243164,
      64.23180389404297,
      67.41631317138672,
      81.2582015991211,
      81.64769744873047,
      95.73101043701172,
      94.62010192871094,
      120.21057891845703,
      118.30384063720703,
      99.91149139404297,
      97.67118072509766,
      63.22298812866211,
      59.91288375854492,
      22.614965438842773,
      20.57411766052246
    ],
    [
      54.8774299621582,
      54.00069046020508,
      59.12335968017578,
      60.87462615966797,
      65.91695404052734,
      69.80653381347656,
      80.4383316040039,
      82.1099624633789,
      94.41002655029297,
      95.26834106445312,
      118.30384063720703,
      122.3948745727539,
      101.87501525878906,
      100.83147430419922,
      64.98340606689453,
      61.96767044067383,
      23.09769630432129,
      21.21335792541504
    ],
    [
      47.86444854736328,
      46.03330612182617,
      51.368438720703125,
      52.42188262939453,
      57.025455474853516,
      59.25519943237305,
      69.3629150390625,
      70.3300552368164,
      82.8602523803711,
      81.8405990600586,
      99.91149139404297,
      101.87501525878906,
      93.2728500366211,
      91.51466369628906,
      60.410037994384766,
      57.60942840576172,
      21.899646759033203,
      20.089401245117188
    ],
    [
      47.15319061279297,
      45.62600326538086,
      50.76932907104492,
      52.67951202392578,
      56.29413604736328,
      59.014305114746094,
      67.4289779663086,
      68.85334014892578,
      79.97135925292969,
      79.9732437133789,
      97.67118072509766,
      100.83147430419922,
      91.51466369628906,
      91.84971618652344,
      60.32219314575195,
      57.95212936401367,
      21.909189224243164,
      20.296422958374023
    ],
    [
      31.262113571166992,
      29.94624137878418,
      33.83075714111328,
      34.790130615234375,
      38.15348434448242,
      39.552703857421875,
      45.256839752197266,
      45.75735092163086,
      52.663726806640625,
      51.887081146240234,
      63.22298812866211,
      64.98340606689453,
      60.410037994384766,
      60.32219314575195,
      42.06304931640625,
      40.23916244506836,
      15.767484664916992,
      14.563774108886719
    ],
    [
      29.92632293701172,
      28.850128173828125,
      32.287559509277344,
      33.54548645019531,
      36.35712814331055,
      37.75503921508789,
      42.856266021728516,
      43.39084243774414,
      49.569576263427734,
      49.1341438293457,
      59.91288375854492,
      61.96767044067383,
      57.60942840576172,
      57.95212936401367,
      40.23916244506836,
      39.07355880737305,
      15.199128150939941,
      14.254363059997559
    ],
    [
      12.000723838806152,
      11.479716300964355,
      12.560065269470215,
      12.747735023498535,
      14.317344665527344,
      14.675891876220703,
      16.709060668945312,
      16.746505737304688,
      19.258636474609375,
      18.623367309570312,
      22.614965438842773,
      23.09769630432129,
      21.899646759033203,
      21.909189224243164,
      15.767484664916992,
      15.199128150939941,
      6.742097854614258,
      6.198246002197266
    ],
    [
      10.492107391357422,
      10.389174461364746,
      11.280076026916504,
      11.731766700744629,
      12.99672794342041,
      13.369718551635742,
      15.154133796691895,
      15.205000877380371,
      17.663427352905273,
      17.221437454223633,
      20.57411766052246,
      21.21335792541504,
      20.089401245117188,
      20.296422958374023,
      14.563774108886719,
      14.254363059997559,
      6.198246002197266,
      5.992597579956055
    ]
  ],
  "damage": -16.998699188232422,
  "diff_bandwidth": 628.7952270507812,
  "dissonance": 6.186859672922498,
  "drr": 12.262901306152344,
  "dynamics": 6.632530212402344,
  "format": 1245190,
  "frames": 15453120,
  "loudness": -27.263412475585938,
  "loudness_range": 21.305625915527344,
  "loudness_range_short": 21.475975036621094,
  "lowpass_true_peak_15khz": -1.2156392335891724,
  "mastering3_acoustic_entropies": [
    {
      "acoustic_entropy": 4.380655288696289,
      "acoustic_entropy_mono": 4.535203456878662,
      "band_eliminated_acoustic_entropies": [
        {
          "acoustic_entropy": 4.394690990447998,
          "acoustic_entropy_side": 4.381209850311279,
          "hz": 129.47220167065723
        },
        {
          "acoustic_entropy": 4.415118217468262,
          "acoustic_entropy_side": 4.378775119781494,
          "hz": 202.92927478742237
        },
        {
          "acoustic_entropy": 4.598609447479248,
          "acoustic_entropy_side": 4.370558738708496,
          "hz": 282.89161906338205
        },
        {
          "acoustic_entropy": 4.332109451293945,
          "acoustic_entropy_side": 4.4391703605651855,
          "hz": 369.9353335868758
        },
        {
          "acoustic_entropy": 4.408353805541992,
          "acoustic_entropy_side": 4.361626625061035,
          "hz": 464.6875360973435
        },
        {
          "acoustic_entropy": 4.2059645652771,
          "acoustic_entropy_side": 4.439028263092041,
          "hz": 567.8308811364784
        },
        {
          "acoustic_entropy": 4.404542922973633,
          "acoustic_entropy_side": 4.566753387451172,
          "hz": 680.1084783214808
        },
        {
          "acoustic_entropy": 4.7260847091674805,
          "acoustic_entropy_side": 4.683175563812256,
          "hz": 802.3292461747484
        },
        {
          "acoustic_entropy": 4.723038196563721,
          "acoustic_entropy_side": 4.671834945678711,
          "hz": 935.3737400823702
        },
        {
          "acoustic_entropy": 4.637374401092529,
          "acoustic_entropy_side": 4.600696086883545,
          "hz": 1080.2004963696966
        },
        {
          "acoustic_entropy": 4.626136779785156,
          "acoustic_entropy_side": 4.48812198638916,
          "hz": 1237.8529382007157
        },
        {
          "acoustic_entropy": 4.526363849639893,
          "acoustic_entropy_side": 4.423205852508545,
          "hz": 1409.4668930556702
        },
        {
          "acoustic_entropy": 4.58980131149292,
          "acoustic_entropy_side": 4.677072048187256,
          "hz": 1596.2787759475705
        },
        {
          "acoustic_entropy": 4.885516166687012,
          "acoustic_entropy_side": 4.351418495178223,
          "hz": 1799.6344973346393
        },
        {
          "acoustic_entropy": 4.536099433898926,
          "acoustic_entropy_side": 4.35679817199707,
          "hz": 2020.9991599069049
        },
        {
          "acoustic_entropy": 4.472798824310303,
          "acoustic_entropy_side": 4.372440338134766,
          "hz": 2261.9676141086993
        },
        {
          "acoustic_entropy": 4.500722885131836,
          "acoustic_entropy_side": 4.414549350738525,
          "hz": 2524.2759484456974
        },
        {
          "acoustic_entropy": 4.418574810028076,
          "acoustic_entropy_side": 4.382217884063721,
          "hz": 2809.813997359896
        },
        {
          "acoustic_entropy": 4.47780179977417,
          "acoustic_entropy_side": 4.422813892364502,
          "hz": 3120.6389567871424
        },
        {
          "acoustic_entropy": 4.67064905166626,
          "acoustic_entropy_side": 4.444738864898682,
          "hz": 3458.990205492291
        },
        {
          "acoustic_entropy": 4.529207229614258,
          "acoustic_entropy_side": 4.414954662322998,
          "hz": 3827.305438964164
        },
        {
          "acoustic_entropy": 4.42555570602417,
          "acoustic_entropy_side": 4.398433685302734,
          "hz": 4228.238232109126
        },
        {
          "acoustic_entropy": 4.415123462677002,
          "acoustic_entropy_side": 4.391427516937256,
          "hz": 4664.6771572759235
        },
        {
          "acoustic_entropy": 4.412790298461914,
          "acoustic_entropy_side": 4.399979114532471,
          "hz": 5139.766595350093
        },
        {
          "acoustic_entropy": 4.36625337600708,
          "acoustic_entropy_side": 4.370858669281006,
          "hz": 5656.929389854203
        },
        {
          "acoustic_entropy": 4.3877387046813965,
          "acoustic_entropy_side": 4.382935523986816,
          "hz": 6219.891507268283
        },
        {
          "acoustic_entropy": 4.38309383392334,
          "acoustic_entropy_side": 4.38222599029541,
          "hz": 6832.70888123896
        },
        {
          "acoustic_entropy": 4.374435901641846,
          "acoustic_entropy_side": 4.377191066741943,
          "hz": 7499.796634079867
        },
        {
          "acoustic_entropy": 4.381894111633301,
          "acoustic_entropy_side": 4.381337642669678,
          "hz": 8225.96088609342
        },
        {
          "acoustic_entropy": 4.379350662231445,
          "acoustic_entropy_side": 4.3802361488342285,
          "hz": 9016.43338188839
        },
        {
          "acoustic_entropy": 4.381370544433594,
          "acoustic_entropy_side": 4.381001949310303,
          "hz": 9876.909183162974
        },
        {
          "acoustic_entropy": 4.380537509918213,
          "acoustic_entropy_side": 4.380617618560791,
          "hz": 10813.587699516042
        },
        {
          "acoustic_entropy": 4.380673885345459,
          "acoustic_entropy_side": 4.380672931671143,
          "hz": 11833.21735289826
        },
        {
          "acoustic_entropy": 4.380624771118164,
          "acoustic_entropy_side": 4.380650520324707,
          "hz": 12943.144197493959
        },
        {
          "acoustic_entropy": 4.38065242767334,
          "acoustic_entropy_side": 4.380655288696289,
          "hz": 14151.364845322005
        },
        {
          "acoustic_entropy": 4.380654811859131,
          "acoustic_entropy_side": 4.380655288696289,
          "hz": 15466.58407886509
        },
        {
          "acoustic_entropy": 4.380654335021973,
          "acoustic_entropy_side": 4.380655765533447,
          "hz": 16898.27756580493
        },
        {
          "acoustic_entropy": 4.380655288696289,
          "acoustic_entropy_side": 4.380655288696289,
          "hz": 18456.760127700032
        },
        {
          "acoustic_entropy": 4.380655288696289,
          "acoustic_entropy_side": 4.380655288696289,
          "hz": 20153.260054456492
        },
        {
          "acoustic_entropy": 4.380655288696289,
          "acoustic_entropy_side": 4.380655288696289,
          "hz": 22000.00000000001
        }
      ],
      "diff_acoustic_entropy": 0.43774735927581787,
      "sn": 6
    },
    {
      "acoustic_entropy": 9.457573890686035,
      "acoustic_entropy_mono": 7.905754566192627,
      "band_eliminated_acoustic_entropies": [
        {
          "acoustic_entropy": 9.478768348693848,
          "acoustic_entropy_side": 9.464011192321777,
          "hz": 129.47220167065723
        },
        {
          "acoustic_entropy": 8.671914100646973,
          "acoustic_entropy_side": 9.522603988647461,
          "hz": 202.92927478742237
        },
        {
          "acoustic_entropy": 9.089481353759766,
          "acoustic_entropy_side": 9.38390827178955,
          "hz": 282.89161906338205
        },
        {
          "acoustic_entropy": 9.156423568725586,
          "acoustic_entropy_side": 9.286958694458008,
          "hz": 369.9353335868758
        },
        {
          "acoustic_entropy": 8.352288246154785,
          "acoustic_entropy_side": 9.190996170043945,
          "hz": 464.6875360973435
        },
        {
          "acoustic_entropy": 8.964750289916992,
          "acoustic_entropy_side": 9.257884979248047,
          "hz": 567.8308811364784
        },
        {
          "acoustic_entropy": 8.84249210357666,
          "acoustic_entropy_side": 9.418264389038086,
          "hz": 680.1084783214808
        },
        {
          "acoustic_entropy": 9.474602699279785,
          "acoustic_entropy_side": 9.444218635559082,
          "hz": 802.3292461747484
        },
        {
          "acoustic_entropy": 9.06552791595459,
          "acoustic_entropy_side": 9.381902694702148,
          "hz": 935.3737400823702
        },
        {
          "acoustic_entropy": 9.65634822845459,
          "acoustic_entropy_side": 9.647111892700195,
          "hz": 1080.2004963696966
        },
        {
          "acoustic_entropy": 9.272523880004883,
          "acoustic_entropy_side": 9.464482307434082,
          "hz": 1237.8529382007157
        },
        {
          "acoustic_entropy": 9.280372619628906,
          "acoustic_entropy_side": 9.35840129852295,
          "hz": 1409.4668930556702
        },
        {
          "acoustic_entropy": 8.347574234008789,
          "acoustic_entropy_side": 9.657490730285645,
          "hz": 1596.2787759475705
        },
        {
          "acoustic_entropy": 8.85004997253418,
          "acoustic_entropy_side": 9.276105880737305,
          "hz": 1799.6344973346393
        },
        {
          "acoustic_entropy": 9.070237159729004,
          "acoustic_entropy_side": 9.40817928314209,
          "hz": 2020.9991599069049
        },
        {
          "acoustic_entropy": 9.487516403198242,
          "acoustic_entropy_side": 9.46513557434082,
          "hz": 2261.9676141086993
        },
        {
          "acoustic_entropy": 9.39334774017334,
          "acoustic_entropy_side": 9.408050537109375,
          "hz": 2524.2759484456974
        },
        {
          "acoustic_entropy": 9.318323135375977,
          "acoustic_entropy_side": 9.399125099182129,
          "hz": 2809.813997359896
        },
        {
          "acoustic_entropy": 9.521918296813965,
          "acoustic_entropy_side": 9.502863883972168,
          "hz": 3120.6389567871424
        },
        {
          "acoustic_entropy": 9.261489868164062,
          "acoustic_entropy_side": 9.291751861572266,
          "hz": 3458.990205492291
        },
        {
          "acoustic_entropy": 9.5001802444458,
          "acoustic_entropy_side": 9.490812301635742,
          "hz": 3827.305438964164
        },
        {
          "acoustic_entropy": 9.393345832824707,
          "acoustic_entropy_side": 9.389787673950195,
          "hz": 4228.238232109126
        },
        {
          "acoustic_entropy": 9.399335861206055,
          "acoustic_entropy_side": 9.442255020141602,
          "hz": 4664.6771572759235
        },
        {
          "acoustic_entropy": 9.405531883239746,
          "acoustic_entropy_side": 9.392411231994629,
          "hz": 5139.766595350093
        },
        {
          "acoustic_entropy": 9.43121337890625,
          "acoustic_entropy_side": 9.449677467346191,
          "hz": 5656.929389854203
        },
        {
          "acoustic_entropy": 9.420286178588867,
          "acoustic_entropy_side": 9.445996284484863,
          "hz": 6219.891507268283
        },
        {
          "acoustic_entropy": 9.393621444702148,
          "acoustic_entropy_side": 9.419332504272461,
          "hz": 6832.70888123896
        },
        {
          "acoustic_entropy": 9.444625854492188,
          "acoustic_entropy_side": 9.455105781555176,
          "hz": 7499.796634079867
        },
        {
          "acoustic_entropy": 9.443170547485352,
          "acoustic_entropy_side": 9.450836181640625,
          "hz": 8225.96088609342
        },
        {
          "acoustic_entropy": 9.452108383178711,
          "acoustic_entropy_side": 9.45549488067627,
          "hz": 9016.43338188839
        },
        {
          "acoustic_entropy": 9.452505111694336,
          "acoustic_entropy_side": 9.454463958740234,
          "hz": 9876.909183162974
        },
        {
          "acoustic_entropy": 9.455998420715332,
          "acoustic_entropy_side": 9.45677375793457,
          "hz": 10813.587699516042
        },
        {
          "acoustic_entropy": 9.4560546875,
          "acoustic_entropy_side": 9.456685066223145,
          "hz": 11833.21735289826
        },
        {
          "acoustic_entropy": 9.456866264343262,
          "acoustic_entropy_side": 9.457162857055664,
          "hz": 12943.144197493959
        },
        {
          "acoustic_entropy": 9.457170486450195,
          "acoustic_entropy_side": 9.457324028015137,
          "hz": 14151.364845322005
        },
        {
          "acoustic_entropy": 9.45748233795166,
          "acoustic_entropy_side": 9.45750904083252,
          "hz": 15466.58407886509
        },
        {
          "acoustic_entropy": 9.457555770874023,
          "acoustic_entropy_side": 9.457558631896973,
          "hz": 16898.27756580493
        },
        {
          "acoustic_entropy": 9.457573890686035,
          "acoustic_entropy_side": 9.457571029663086,
          "hz": 18456.760127700032
        },
        {
          "acoustic_entropy": 9.457572937011719,
          "acoustic_entropy_side": 9.457573890686035,
          "hz": 20153.260054456492
        },
        {
          "acoustic_entropy": 9.457573890686035,
          "acoustic_entropy_side": 9.457573890686035,
          "hz": 22000.00000000001
        }
      ],
      "diff_acoustic_entropy": 1.1174124479293823,
      "sn": 12
    },
    {
      "acoustic_entropy": 17.01312828063965,
      "acoustic_entropy_mono": 14.930347442626953,
      "band_eliminated_acoustic_entropies": [
        {
          "acoustic_entropy": 16.64749526977539,
          "acoustic_entropy_side": 17.041805267333984,
          "hz": 129.47220167065723
        },
        {
          "acoustic_entropy": 17.030763626098633,
          "acoustic_entropy_side": 16.820438385009766,
          "hz": 202.92927478742237
        },
        {
          "acoustic_entropy": 16.640186309814453,
          "acoustic_entropy_side": 16.64673614501953,
          "hz": 282.89161906338205
        },
        {
          "acoustic_entropy": 16.533140182495117,
          "acoustic_entropy_side": 17.076515197753906,
          "hz": 369.9353335868758
        },
        {
          "acoustic_entropy": 16.97474479675293,
          "acoustic_entropy_side": 16.818653106689453,
          "hz": 464.6875360973435
        },
        {
          "acoustic_entropy": 15.373523712158203,
          "acoustic_entropy_side": 16.379638671875,
          "hz": 567.8308811364784
        },
        {
          "acoustic_entropy": 16.054044723510742,
          "acoustic_entropy_side": 16.017824172973633,
          "hz": 680.1084783214808
        },
        {
          "acoustic_entropy": 15.756698608398438,
          "acoustic_entropy_side": 16.107219696044922,
          "hz": 802.3292461747484
        },
        {
          "acoustic_entropy": 16.34244728088379,
          "acoustic_entropy_side": 17.699071884155273,
          "hz": 935.3737400823702
        },
        {
          "acoustic_entropy": 16.981149673461914,
          "acoustic_entropy_side": 17.689842224121094,
          "hz": 1080.2004963696966
        },
        {
          "acoustic_entropy": 16.303817749023438,
          "acoustic_entropy_side": 16.42201805114746,
          "hz": 1237.8529382007157
        },
        {
          "acoustic_entropy": 17.0008602142334,
          "acoustic_entropy_side": 16.79538345336914,
          "hz": 1409.4668930556702
        },
        {
          "acoustic_entropy": 15.640789031982422,
          "acoustic_entropy_side": 16.744314193725586,
          "hz": 1596.2787759475705
        },
        {
          "acoustic_entropy": 16.805166244506836,
          "acoustic_entropy_side": 16.32960319519043,
          "hz": 1799.6344973346393
        },
        {
          "acoustic_entropy": 16.777599334716797,
          "acoustic_entropy_side": 17.176626205444336,
          "hz": 2020.9991599069049
        },
        {
          "acoustic_entropy": 17.359149932861328,
          "acoustic_entropy_side": 16.68532943725586,
          "hz": 2261.9676141086993
        },
        {
          "acoustic_entropy": 16.784494400024414,
          "acoustic_entropy_side": 17.21928596496582,
          "hz": 2524.2759484456974
        },
        {
          "acoustic_entropy": 16.91779136657715,
          "acoustic_entropy_side": 17.14148712158203,
          "hz": 2809.813997359896
        },
        {
          "acoustic_entropy": 17.375200271606445,
          "acoustic_entropy_side": 17.43581771850586,
          "hz": 3120.6389567871424
        },
        {
          "acoustic_entropy": 16.911409378051758,
          "acoustic_entropy_side": 16.993331909179688,
