{
  "acoustic_entropy": 214.18515014648438,
  "bands": [
    {
      "high_freq": 148.1999969482422,
      "loudness": -21.7824649810791,
      "loudness_range": 10.75946044921875,
      "mid_mean": -18.46392822265625,
      "mid_to_side_loudness": -11.874699592590332,
      "mid_to_side_loudness_range": 20.080320358276367,
      "side_mean": -31.151453018188477
    },
    {
      "high_freq": 392.3793640136719,
      "loudness": -21.345073699951172,
      "loudness_range": 6.457546234130859,
      "low_freq": 148.1999969482422,
      "mid_mean": -19.161590576171875,
      "mid_to_side_loudness": -3.793193817138672,
      "mid_to_side_loudness_range": 7.892115592956543,
      "side_mean": -23.36232566833496
    },
    {
      "high_freq": 794.6976318359375,
      "loudness": -20.63349723815918,
      "loudness_range": 11.748953819274902,
      "low_freq": 392.3793640136719,
      "mid_mean": -19.192333221435547,
      "mid_to_side_loudness": -1.8087358474731445,
      "mid_to_side_loudness_range": 7.380122184753418,
      "side_mean": -21.198062896728516
    },
    {
      "high_freq": 1457.5709228515625,
      "loudness": -19.51057243347168,
      "loudness_range": 10.523153305053711,
      "low_freq": 794.6976318359375,
      "mid_mean": -17.924907684326172,
      "mid_to_side_loudness": -2.30186128616333,
      "mid_to_side_loudness_range": 7.609997749328613,
      "side_mean": -20.439777374267578
    },
    {
      "high_freq": 2549.74365234375,
      "loudness": -17.522106170654297,
      "loudness_range": 8.198545455932617,
      "low_freq": 1457.5709228515625,
      "mid_mean": -16.52049446105957,
      "mid_to_side_loudness": -0.9333845973014832,
      "mid_to_side_loudness_range": 5.190196990966797,
      "side_mean": -17.44350242614746
    },
    {
      "high_freq": 4349.24462890625,
      "loudness": -18.471599578857422,
      "loudness_range": 6.829840660095215,
      "low_freq": 2549.74365234375,
      "mid_mean": -18.002010345458984,
      "mid_to_side_loudness": 0.2566271424293518,
      "mid_to_side_loudness_range": 4.264731407165527,
      "side_mean": -17.722280502319336
    },
    {
      "high_freq": 7314.1640625,
      "loudness": -22.49723243713379,
      "loudness_range": 7.830671310424805,
      "low_freq": 4349.24462890625,
      "mid_mean": -21.13524055480957,
      "mid_to_side_loudness": -1.5966414213180542,
      "mid_to_side_loudness_range": 5.254117012023926,
      "side_mean": -22.820484161376953
    },
    {
      "high_freq": 12199.2666015625,
      "loudness": -26.833118438720703,
      "loudness_range": 10.185857772827148,
      "low_freq": 7314.1640625,
      "mid_mean": -24.869104385375977,
      "mid_to_side_loudness": -3.3229176998138428,
      "mid_to_side_loudness_range": 6.708641052246094,
      "side_mean": -28.35955238342285
    },
    {
      "loudness": -37.83518981933594,
      "loudness_range": 10.071151733398438,
      "low_freq": 12199.2666015625,
      "mid_mean": -36.16508102416992,
      "mid_to_side_loudness": -2.654297113418579,
      "mid_to_side_loudness_range": 8.92912483215332,
      "side_mean": -39.0450439453125
    }
  ],
  "bands_short": [
    {
      "high_freq": 148.1999969482422,
      "loudness": -24.867656707763672,
      "loudness_range": 19.23426055908203,
      "mid_mean": -21.67703628540039,
      "mid_to_side_loudness": -13.500621795654297,
      "mid_to_side_loudness_range": 27.598350524902344,
      "side_mean": -36.2873649597168
    },
    {
      "high_freq": 392.3793640136719,
      "loudness": -21.275278091430664,
      "loudness_range": 9.299104690551758,
      "low_freq": 148.1999969482422,
      "mid_mean": -19.2084903717041,
      "mid_to_side_loudness": -4.038278102874756,
      "mid_to_side_loudness_range": 11.960223197937012,
      "side_mean": -23.66863250732422
    },
    {
      "high_freq": 794.6976318359375,
      "loudness": -21.842300415039062,
      "loudness_range": 14.083626747131348,
      "low_freq": 392.3793640136719,
      "mid_mean": -20.956077575683594,
      "mid_to_side_loudness": -1.119685411453247,
      "mid_to_side_loudness_range": 11.046098709106445,
      "side_mean": -22.230825424194336
    },
    {
      "high_freq": 1457.5709228515625,
      "loudness": -20.111215591430664,
      "loudness_range": 13.776315689086914,
      "low_freq": 794.6976318359375,
      "mid_mean": -18.945880889892578,
      "mid_to_side_loudness": -1.6904419660568237,
      "mid_to_side_loudness_range": 10.475481986999512,
      "side_mean": -20.815370559692383
    },
    {
      "high_freq": 2549.74365234375,
      "loudness": -18.20223617553711,
      "loudness_range": 10.989861488342285,
      "low_freq": 1457.5709228515625,
      "mid_mean": -17.466283798217773,
      "mid_to_side_loudness": -0.5788522958755493,
      "mid_to_side_loudness_range": 8.160497665405273,
      "side_mean": -18.045948028564453
    },
    {
      "high_freq": 4349.24462890625,
      "loudness": -18.74965476989746,
      "loudness_range": 9.072806358337402,
      "low_freq": 2549.74365234375,
      "mid_mean": -18.486751556396484,
      "mid_to_side_loudness": 0.4695783257484436,
      "mid_to_side_loudness_range": 6.258795738220215,
      "side_mean": -17.96787452697754
    },
    {
      "high_freq": 7314.1640625,
      "loudness": -23.073577880859375,
      "loudness_range": 10.306625366210938,
      "low_freq": 4349.24462890625,
      "mid_mean": -21.934791564941406,
      "mid_to_side_loudness": -1.2756555080413818,
      "mid_to_side_loudness_range": 7.064248085021973,
      "side_mean": -23.29874038696289
    },
    {
      "high_freq": 12199.2666015625,
      "loudness": -28.174375534057617,
      "loudness_range": 12.312580108642578,
      "low_freq": 7314.1640625,
      "mid_mean": -26.48131561279297,
      "mid_to_side_loudness": -2.7817811965942383,
      "mid_to_side_loudness_range": 8.29306697845459,
      "side_mean": -29.405771255493164
    },
    {
      "loudness": -39.204952239990234,
      "loudness_range": 14.186988830566406,
      "low_freq": 12199.2666015625,
      "mid_mean": -37.78398895263672,
      "mid_to_side_loudness": -2.1923747062683105,
      "mid_to_side_loudness_range": 9.54272174835205,
      "side_mean": -40.24628829956055
    }
  ],
  "bandwidth": 949.8060302734375,
  "channels": 2,
  "covariance": [
    [
      22.3128719329834,
      6.599785804748535,
      5.066222667694092,
      5.230642318725586,
      1.6131587028503418,
      3.635996103286743,
      3.946533679962158,
      5.574831962585449,
      3.42559552192688,
      5.207707405090332,
      4.239352703094482,
      6.133972644805908,
      0.7247228622436523,
      3.5388216972351074,
      0.3608287274837494,
      2.9080891609191895,
      0.8277715444564819,
      4.452456474304199
    ],
    [
      6.599785804748535,
      25.79524803161621,
      3.324852228164673,
      8.806236267089844,
      -3.17972469329834,
      1.6583093404769897,
      -0.309626966714859,
      4.260884761810303,
      1.372265100479126,
      2.78560209274292,
      0.7720479965209961,
      3.1486897468566895,
      -2.417184591293335,
      -1.2219159603118896,
      -2.900566577911377,
      -0.9296286702156067,
      -3.9496986865997314,
      -2.770514965057373
    ],
    [
      5.066222667694092,
      3.324852228164673,
      7.383057117462158,
      5.611995697021484,
      4.060583114624023,
      3.6761393547058105,
      3.427257776260376,
      3.7379837036132812,
      5.048127174377441,
      4.9767985343933105,
      4.434853553771973,
      4.63619327545166,
      2.835331678390503,
      2.417569398880005,
      2.511060953140259,
      1.526221513748169,
      1.9435079097747803,
      1.030044674873352
    ],
    [
      5.230642318725586,
      8.806236267089844,
      5.611995697021484,
      12.762577056884766,
      5.2868876457214355,
      6.802769660949707,
      6.132862091064453,
      6.721662521362305,
      6.473764896392822,
      5.861753940582275,
      4.407279014587402,
      5.075603485107422,
      1.7375935316085815,
      1.5694475173950195,
      1.6330182552337646,
      1.0269484519958496,
      1.1829966306686401,
      0.6281201839447021
    ],
    [
      1.6131587028503418,
      -3.17972469329834,
      4.060583114624023,
      5.2868876457214355,
      23.75528907775879,
      15.594616889953613,
      15.795917510986328,
      9.55693531036377,
      10.308235168457031,
      8.699456214904785,
      8.43381118774414,
      7.324621677398682,
      6.607447147369385,
      5.567469120025635,
      6.160176753997803,
      4.581928730010986,
      5.467865943908691,
      5.258388519287109
    ],
    [
      3.635996103286743,
      1.6583093404769897,
      3.6761393547058105,
      6.802769660949707,
      15.594616889953613,
      14.672547340393066,
      12.375112533569336,
      9.535140037536621,
      7.6212544441223145,
      6.818220138549805,
      6.253252983093262,
      6.039351940155029,
      4.097243785858154,
      3.865659713745117,
      3.5368542671203613,
      3.153546094894409,
      3.1306474208831787,
      3.552274703979492
    ],
    [
      3.946533679962158,
      -0.309626966714859,
      3.427257776260376,
      6.132862091064453,
      15.795917510986328,
      12.375112533569336,
      21.98310089111328,
      13.868332862854004,
      10.865291595458984,
      8.922882080078125,
      7.302082538604736,
      7.663664817810059,
      4.131831645965576,
      4.447534561157227,
      3.4544262886047363,
      3.7661848068237305,
      3.71686053276062,
      4.759220600128174
    ],
    [
      5.574831962585449,
      4.260884761810303,
      3.7379837036132812,
      6.721662521362305,
      9.55693531036377,
      9.535140037536621,
      13.868332862854004,
      14.06424331665039,
      8.322359085083008,
      7.961944580078125,
      6.504542350769043,
      7.640891075134277,
      3.039802074432373,
      4.4304728507995605,
      2.7248191833496094,
      3.755535364151001,
      3.182018518447876,
      4.644220352172852
    ],
    [
      3.42559552192688,
      1.372265100479126,
      5.048127174377441,
      6.473764896392822,
      10.308235168457031,
      7.6212544441223145,
      10.865291595458984,
      8.322359085083008,
      16.50060272216797,
      13.00395679473877,
      10.48917007446289,
      9.538717269897461,
      5.736526012420654,
      5.484256267547607,
      4.741005897521973,
      3.8694536685943604,
      4.430344581604004,
      3.5132882595062256
    ],
    [
      5.207707405090332,
      2.78560209274292,
      4.9767985343933105,
      5.861753940582275,
      8.699456214904785,
      6.818220138549805,
      8.922882080078125,
      7.961944580078125,
      13.00395679473877,
      13.35313606262207,
      10.286515235900879,
      10.56159782409668,
      5.157625675201416,
      6.226211071014404,
      4.427063941955566,
      4.7611799240112305,
      4.469359874725342,
      5.061819076538086
    ],
    [
      4.239352703094482,
      0.7720479965209961,
      4.434853553771973,
      4.407279014587402,
      8.43381118774414,
      6.253252983093262,
      7.302082538604736,
      6.504542350769043,
      10.48917007446289,
      10.286515235900879,
      11.558969497680664,
      10.228416442871094,
      5.793535232543945,
      6.653812408447266,
      4.964975357055664,
      5.0564398765563965,
      4.952704906463623,
      5.26871395111084
    ],
    [
      6.133972644805908,
      3.1486897468566895,
      4.63619327545166,
      5.075603485107422,
      7.324621677398682,
      6.039351940155029,
      7.663664817810059,
      7.640891075134277,
      9.538717269897461,
      10.56159782409668,
      10.228416442871094,
      11.78328800201416,
      4.884474277496338,
      7.1908464431762695,
      4.32839298248291,
      5.846299648284912,
      4.59254789352417,
      6.712118148803711
    ],
    [
      0.7247228622436523,
      -2.417184591293335,
      2.835331678390503,
      1.7375935316085815,
      6.607447147369385,
      4.097243785858154,
      4.131831645965576,
      3.039802074432373,
      5.736526012420654,
      5.157625675201416,
      5.793535232543945,
      4.884474277496338,
      9.42305850982666,
      8.521546363830566,
      7.844409942626953,
      6.5345072746276855,
      7.217128276824951,
      6.379555702209473
    ],
    [
      3.5388216972351074,
      -1.2219159603118896,
      2.417569398880005,
      1.5694475173950195,
      5.567469120025635,
      3.865659713745117,
      4.447534561157227,
      4.4304728507995605,
      5.484256267547607,
      6.226211071014404,
      6.653812408447266,
      7.1908464431762695,
      8.521546363830566,
      11.037298202514648,
      7.660316467285156,
      9.177992820739746,
      7.708865642547607,
      10.105597496032715
    ],
    [
      0.3608287274837494,
      -2.900566577911377,
      2.511060953140259,
      1.6330182552337646,
      6.160176753997803,
      3.5368542671203613,
      3.4544262886047363,
      2.7248191833496094,
      4.741005897521973,
      4.427063941955566,
      4.964975357055664,
      4.32839298248291,
      7.844409942626953,
      7.660316467285156,
      14.412020683288574,
      10.345279693603516,
      12.797831535339355,
      7.551567554473877
    ],
    [
      2.9080891609191895,
      -0.9296286702156067,
      1.526221513748169,
      1.0269484519958496,
      4.581928730010986,
      3.153546094894409,
      3.7661848068237305,
      3.755535364151001,
      3.8694536685943604,
      4.7611799240112305,
      5.0564398765563965,
      5.846299648284912,
      6.5345072746276855,
      9.177992820739746,
      10.345279693603516,
      11.834869384765625,
      9.861709594726562,
      10.566256523132324
    ],
    [
      0.8277715444564819,
      -3.9496986865997314,
      1.9435079097747803,
      1.1829966306686401,
      5.467865943908691,
      3.1306474208831787,
      3.71686053276062,
      3.182018518447876,
      4.430344581604004,
      4.469359874725342,
      4.952704906463623,
      4.59254789352417,
      7.217128276824951,
      7.708865642547607,
      12.797831535339355,
      9.861709594726562,
      14.750738143920898,
      10.46369457244873
    ],
    [
      4.452456474304199,
      -2.770514965057373,
      1.030044674873352,
      0.6281201839447021,
      5.258388519287109,
      3.552274703979492,
      4.759220600128174,
      4.644220352172852,
      3.5132882595062256,
      5.061819076538086,
      5.26871395111084,
      6.712118148803711,
      6.379555702209473,
      10.105597496032715,
      7.551567554473877,
      10.566256523132324,
      10.46369457244873,
      16.14309310913086
    ]
  ],
  "covariance_short": [
    [
      47.98823928833008,
      8.959033966064453,
      13.98534107208252,
      9.01716136932373,
      4.305150508880615,
      6.667935371398926,
      7.36928129196167,
      8.575363159179688,
      7.477750778198242,
      9.26633358001709,
      7.321914196014404,
      9.857850074768066,
      2.68733286857605,
      6.561453819274902,
      1.9984749555587769,
      5.824927806854248,
      2.0300137996673584,
      7.2061448097229
    ],
    [
      8.959033966064453,
      46.5210075378418,
      4.828446388244629,
      11.012188911437988,
      -1.8458468914031982,
      2.580983877182007,
      -1.7795231342315674,
      2.7592053413391113,
      -0.35592350363731384,
      1.6715060472488403,
      0.8493762016296387,
      2.6785647869110107,
      -3.120028495788574,
      -1.4555401802062988,
      -2.6353070735931396,
      -0.08077230304479599,
      -4.933689594268799,
      -2.6588120460510254
    ],
    [
      13.98534107208252,
      4.828446388244629,
      18.11546516418457,
      9.211599349975586,
      7.376501560211182,
      5.818119049072266,
      5.9424238204956055,
      5.519445896148682,
      8.561039924621582,
      8.16321849822998,
      7.4183878898620605,
      7.802707195281982,
      5.50079870223999,
      5.022809028625488,
      5.412016868591309,
      4.486719131469727,
      4.5160088539123535,
      4.541921138763428
    ],
    [
      9.01716136932373,
      11.012188911437988,
      9.211599349975586,
      18.62425422668457,
      6.5490946769714355,
      7.883949279785156,
      6.838016510009766,
      7.199924945831299,
      7.357813835144043,
      6.985140800476074,
      5.4916253089904785,
      5.985839366912842,
      2.201237201690674,
      2.3376171588897705,
      1.93369722366333,
      1.7946217060089111,
      1.1644883155822754,
      1.0776846408843994
    ],
    [
      4.305150508880615,
      -1.8458468914031982,
      7.376501560211182,
      6.5490946769714355,
      32.778743743896484,
      18.558883666992188,
      19.34442138671875,
      11.994640350341797,
      13.824338912963867,
      10.795465469360352,
      10.560287475585938,
      8.321145057678223,
      9.484991073608398,
      7.098968029022217,
      7.582569599151611,
      6.108092784881592,
      7.094067096710205,
      7.635263442993164
    ],
    [
      6.667935371398926,
      2.580983877182007,
      5.818119049072266,
      7.883949279785156,
      18.558883666992188,
      20.54136085510254,
      14.88567066192627,
      11.193803787231445,
      9.701786994934082,
      8.416841506958008,
      7.466001033782959,
      6.707797527313232,
      5.435550212860107,
      4.86107873916626,
      3.808518409729004,
      4.0369553565979,
      3.6481378078460693,
      4.488293170928955
    ],
    [
      7.36928129196167,
      -1.7795231342315674,
      5.9424238204956055,
      6.838016510009766,
      19.34442138671875,
      14.88567066192627,
      34.228416442871094,
      19.76692771911621,
      14.23029613494873,
      11.264286994934082,
      9.492392539978027,
      9.428892135620117,
      7.215595245361328,
      7.023523807525635,
      4.916110038757324,
      6.072385787963867,
      5.8522539138793945,
      8.218500137329102
    ],
    [
      8.575363159179688,
      2.7592053413391113,
      5.519445896148682,
      7.199924945831299,
      11.994640350341797,
      11.193803787231445,
      19.76692771911621,
      20.129222869873047,
      10.383417129516602,
      9.651589393615723,
      8.14148235321045,
      8.886273384094238,
      4.962368965148926,
      6.333829402923584,
      3.631704330444336,
      5.4155049324035645,
      4.398103713989258,
      7.0247626304626465
    ],
    [
      7.477750778198242,
      -0.35592350363731384,
      8.561039924621582,
      7.357813835144043,
      13.824338912963867,
      9.701786994934082,
      14.23029613494873,
      10.383417129516602,
      25.506969451904297,
      17.46893882751465,
      15.026689529418945,
      12.610756874084473,
      9.648819923400879,
      8.594345092773438,
      7.923249244689941,
      6.675938606262207,
      8.044136047363281,
      7.864530563354492
    ],
    [
      9.26633358001709,
      1.6715060472488403,
      8.16321849822998,
      6.985140800476074,
      10.795465469360352,
      8.416841506958008,
      11.264286994934082,
      9.651589393615723,
      17.46893882751465,
      18.380918502807617,
      13.345483779907227,
      12.929167747497559,
      7.826600551605225,
      8.775447845458984,
      6.699307918548584,
      7.229951858520508,
      6.904097080230713,
      8.460884094238281
    ],
    [
      7.321914196014404,
      0.8493762016296387,
      7.4183878898620605,
      5.4916253089904785,
      10.560287475585938,
      7.466001033782959,
      9.492392539978027,
      8.14148235321045,
      15.026689529418945,
      13.345483779907227,
      18.00861358642578,
      13.7608003616333,
      11.06464672088623,
      10.831514358520508,
      10.10279369354248,
      9.50768756866455,
      9.954540252685547,
      10.86095142364502
    ],
    [
      9.857850074768066,
      2.6785647869110107,
      7.802707195281982,
      5.985839366912842,
      8.321145057678223,
      6.707797527313232,
      9.428892135620117,
      8.886273384094238,
      12.610756874084473,
      12.929167747497559,
      13.7608003616333,
      15.729409217834473,
      8.606139183044434,
      10.893672943115234,
      8.175865173339844,
      9.964398384094238,
      8.385580062866211,
      11.586588859558105
    ],
    [
      2.68733286857605,
      -3.120028495788574,
      5.50079870223999,
      2.201237201690674,
      9.484991073608398,
      5.435550212860107,
      7.215595245361328,
      4.962368965148926,
      9.648819923400879,
      7.826600551605225,
      11.06464672088623,
      8.606139183044434,
      18.621103286743164,
      14.849394798278809,
      16.476165771484375,
      13.620894432067871,
      16.0543270111084,
      14.996490478515625
    ],
    [
      6.561453819274902,
      -1.4555401802062988,
      5.022809028625488,
      2.3376171588897705,
      7.098968029022217,
      4.86107873916626,
      7.023523807525635,
      6.333829402923584,
      8.594345092773438,
      8.775447845458984,
      10.831514358520508,
      10.893672943115234,
      14.849394798278809,
      17.63393211364746,
      13.9475679397583,
      15.94662857055664,
      14.497974395751953,
      18.38750648498535
    ],
    [
      1.9984749555587769,
      -2.6353070735931396,
      5.412016868591309,
      1.93369722366333,
      7.582569599151611,
      3.808518409729004,
      4.916110038757324,
      3.631704330444336,
      7.923249244689941,
      6.699307918548584,
      10.10279369354248,
      8.175865173339844,
      16.476165771484375,
      13.9475679397583,
      25.968769073486328,
      19.59814453125,
      24.12019157409668,
      18.685701370239258
    ],
    [
      5.824927806854248,
      -0.08077230304479599,
      4.486719131469727,
      1.7946217060089111,
      6.108092784881592,
      4.0369553565979,
      6.072385787963867,
      5.4155049324035645,
      6.675938606262207,
      7.229951858520508,
      9.50768756866455,
      9.964398384094238,
      13.620894432067871,
      15.94662857055664,
      19.59814453125,
      22.248319625854492,
      19.434507369995117,
      22.356325149536133
    ],
    [
      2.0300137996673584,
      -4.933689594268799,
      4.5160088539123535,
      1.1644883155822754,
      7.094067096710205,
      3.6481378078460693,
      5.8522539138793945,
      4.398103713989258,
      8.044136047363281,
      6.904097080230713,
      9.954540252685547,
      8.385580062866211,
      16.0543270111084,
      14.497974395751953,
      24.12019157409668,
      19.434507369995117,
      29.22360610961914,
      23.778295516967773
    ],
    [
      7.2061448097229,
      -2.6588120460510254,
      4.541921138763428,
      1.0776846408843994,
      7.635263442993164,
      4.488293170928955,
      8.218500137329102,
      7.0247626304626465,
      7.864530563354492,
      8.460884094238281,
      10.86095142364502,
      11.586588859558105,
      14.996490478515625,
      18.38750648498535,
      18.685701370239258,
      22.356325149536133,
      23.778295516967773,
      32.84648132324219
    ]
  ],
  "damage": -3.89039945602417,
  "diff_bandwidth": 908.9326171875,
  "dissonance": 11.29095091621034,
  "drr": -1.9010300636291504,
  "dynamics": 2.0912606716156006,
  "format": 1245190,
  "frames": 9673664,
  "loudness": -7.4137091636657715,
  "loudness_range": 4.652830123901367,
  "loudness_range_short": 6.757229328155518,
  "lowpass_true_peak_15khz": 1.147100567817688,
  "mastering3_acoustic_entropies": [
    {
      "acoustic_entropy": 5.016342639923096,
      "acoustic_entropy_mono": 4.851968765258789,
      "band_eliminated_acoustic_entropies": [
        {
          "acoustic_entropy": 5.038649082183838,
          "acoustic_entropy_side": 5.016432762145996,
          "hz": 129.47220167065723
        },
        {
          "acoustic_entropy": 5.0807013511657715,
          "acoustic_entropy_side": 5.02015495300293,
          "hz": 202.92927478742237
        },
        {
          "acoustic_entropy": 5.138320446014404,
          "acoustic_entropy_side": 5.036453723907471,
          "hz": 282.89161906338205
        },
        {
          "acoustic_entropy": 5.195868492126465,
          "acoustic_entropy_side": 5.078496932983398,
          "hz": 369.9353335868758
        },
        {
          "acoustic_entropy": 4.990697860717773,
          "acoustic_entropy_side": 5.024808883666992,
          "hz": 464.6875360973435
        },
        {
          "acoustic_entropy": 5.345379829406738,
          "acoustic_entropy_side": 5.168153762817383,
          "hz": 567.8308811364784
        },
        {
          "acoustic_entropy": 5.092433452606201,
          "acoustic_entropy_side": 5.2161054611206055,
          "hz": 680.1084783214808
        },
        {
          "acoustic_entropy": 5.033529758453369,
          "acoustic_entropy_side": 4.993973255157471,
          "hz": 802.3292461747484
        },
        {
          "acoustic_entropy": 5.131104946136475,
          "acoustic_entropy_side": 5.008600234985352,
          "hz": 935.3737400823702
        },
        {
          "acoustic_entropy": 5.388971328735352,
          "acoustic_entropy_side": 5.250278949737549,
          "hz": 1080.2004963696966
        },
        {
          "acoustic_entropy": 5.108907222747803,
          "acoustic_entropy_side": 5.052875995635986,
          "hz": 1237.8529382007157
        },
        {
          "acoustic_entropy": 5.132498264312744,
          "acoustic_entropy_side": 5.019550800323486,
          "hz": 1409.4668930556702
        },
        {
          "acoustic_entropy": 5.084663391113281,
          "acoustic_entropy_side": 5.033700942993164,
          "hz": 1596.2787759475705
        },
        {
          "acoustic_entropy": 5.038491725921631,
          "acoustic_entropy_side": 5.134216785430908,
          "hz": 1799.6344973346393
        },
        {
          "acoustic_entropy": 5.368553161621094,
          "acoustic_entropy_side": 5.166834831237793,
          "hz": 2020.9991599069049
        },
        {
          "acoustic_entropy": 4.8787384033203125,
          "acoustic_entropy_side": 4.805115222930908,
          "hz": 2261.9676141086993
        },
        {
          "acoustic_entropy": 4.918878078460693,
          "acoustic_entropy_side": 4.908064842224121,
          "hz": 2524.2759484456974
        },
        {
          "acoustic_entropy": 4.902124404907227,
          "acoustic_entropy_side": 4.872445583343506,
          "hz": 2809.813997359896
        },
        {
          "acoustic_entropy": 4.800666332244873,
          "acoustic_entropy_side": 4.973917007446289,
          "hz": 3120.6389567871424
        },
        {
          "acoustic_entropy": 4.851171970367432,
          "acoustic_entropy_side": 4.958584308624268,
          "hz": 3458.990205492291
        },
        {
          "acoustic_entropy": 5.037397861480713,
          "acoustic_entropy_side": 5.004772663116455,
          "hz": 3827.305438964164
        },
        {
          "acoustic_entropy": 5.103316783905029,
          "acoustic_entropy_side": 5.025148391723633,
          "hz": 4228.238232109126
        },
        {
          "acoustic_entropy": 5.052165508270264,
          "acoustic_entropy_side": 5.040858745574951,
          "hz": 4664.6771572759235
        },
        {
          "acoustic_entropy": 5.149725914001465,
          "acoustic_entropy_side": 5.043599605560303,
          "hz": 5139.766595350093
        },
        {
          "acoustic_entropy": 5.217337131500244,
          "acoustic_entropy_side": 5.0427069664001465,
          "hz": 5656.929389854203
        },
        {
          "acoustic_entropy": 5.0862250328063965,
          "acoustic_entropy_side": 5.007901191711426,
          "hz": 6219.891507268283
        },
        {
          "acoustic_entropy": 5.100798606872559,
          "acoustic_entropy_side": 5.074982643127441,
          "hz": 6832.70888123896
        },
        {
          "acoustic_entropy": 5.041688919067383,
          "acoustic_entropy_side": 5.052961349487305,
          "hz": 7499.796634079867
        },
        {
          "acoustic_entropy": 4.962756633758545,
          "acoustic_entropy_side": 5.066511631011963,
          "hz": 8225.96088609342
        },
        {
          "acoustic_entropy": 4.747875690460205,
          "acoustic_entropy_side": 5.027935981750488,
          "hz": 9016.43338188839
        },
        {
          "acoustic_entropy": 4.728207588195801,
          "acoustic_entropy_side": 4.983063220977783,
          "hz": 9876.909183162974
        },
        {
          "acoustic_entropy": 4.760997772216797,
          "acoustic_entropy_side": 4.979180812835693,
          "hz": 10813.587699516042
        },
        {
          "acoustic_entropy": 4.8466949462890625,
          "acoustic_entropy_side": 4.999444961547852,
          "hz": 11833.21735289826
        },
        {
          "acoustic_entropy": 4.938649654388428,
          "acoustic_entropy_side": 5.017801284790039,
          "hz": 12943.144197493959
        },
        {
          "acoustic_entropy": 4.9869065284729,
          "acoustic_entropy_side": 5.019248962402344,
          "hz": 14151.364845322005
        },
        {
          "acoustic_entropy": 4.997162342071533,
          "acoustic_entropy_side": 5.017577648162842,
          "hz": 15466.58407886509
        },
        {
          "acoustic_entropy": 5.004472255706787,
          "acoustic_entropy_side": 5.017063617706299,
          "hz": 16898.27756580493
        },
        {
          "acoustic_entropy": 5.010704040527344,
          "acoustic_entropy_side": 5.016741752624512,
          "hz": 18456.760127700032
        },
        {
          "acoustic_entropy": 5.015950679779053,
          "acoustic_entropy_side": 5.016659259796143,
          "hz": 20153.260054456492
        },
        {
          "acoustic_entropy": 5.016374588012695,
          "acoustic_entropy_side": 5.016414165496826,
          "hz": 22000.00000000001
        }
      ],
      "diff_acoustic_entropy": 5.362182140350342,
      "sn": 6
    },
    {
      "acoustic_entropy": 8.305462837219238,
      "acoustic_entropy_mono": 8.100114822387695,
      "band_eliminated_acoustic_entropies": [
        {
          "acoustic_entropy": 8.166852951049805,
          "acoustic_entropy_side": 8.305835723876953,
          "hz": 129.47220167065723
        },
        {
          "acoustic_entropy": 8.228313446044922,
          "acoustic_entropy_side": 8.260003089904785,
          "hz": 202.92927478742237
        },
        {
          "acoustic_entropy": 8.119807243347168,
          "acoustic_entropy_side": 8.241438865661621,
          "hz": 282.89161906338205
        },
        {
          "acoustic_entropy": 7.736525535583496,
          "acoustic_entropy_side": 8.134836196899414,
          "hz": 369.9353335868758
        },
        {
          "acoustic_entropy": 8.185018539428711,
          "acoustic_entropy_side": 8.195416450500488,
          "hz": 464.6875360973435
        },
        {
          "acoustic_entropy": 8.575010299682617,
          "acoustic_entropy_side": 8.443334579467773,
          "hz": 567.8308811364784
        },
        {
          "acoustic_entropy": 7.7061004638671875,
          "acoustic_entropy_side": 8.588275909423828,
          "hz": 680.1084783214808
        },
        {
          "acoustic_entropy": 8.765275955200195,
          "acoustic_entropy_side": 8.559417724609375,
          "hz": 802.3292461747484
        },
        {
          "acoustic_entropy": 8.532144546508789,
          "acoustic_entropy_side": 7.620759010314941,
          "hz": 935.3737400823702
        },
        {
          "acoustic_entropy": 8.742735862731934,
          "acoustic_entropy_side": 8.836642265319824,
          "hz": 1080.2004963696966
        },
        {
          "acoustic_entropy": 8.973182678222656,
          "acoustic_entropy_side": 8.498774528503418,
          "hz": 1237.8529382007157
        },
        {
          "acoustic_entropy": 8.017844200134277,
          "acoustic_entropy_side": 8.225691795349121,
          "hz": 1409.4668930556702
        },
        {
          "acoustic_entropy": 8.142125129699707,
          "acoustic_entropy_side": 7.9120354652404785,
          "hz": 1596.2787759475705
        },
        {
          "acoustic_entropy": 8.21478271484375,
          "acoustic_entropy_side": 8.570509910583496,
          "hz": 1799.6344973346393
        },
        {
          "acoustic_entropy": 8.752197265625,
          "acoustic_entropy_side": 8.572855949401855,
          "hz": 2020.9991599069049
        },
        {
          "acoustic_entropy": 8.24927806854248,
          "acoustic_entropy_side": 8.196823120117188,
          "hz": 2261.9676141086993
        },
        {
          "acoustic_entropy": 8.468962669372559,
          "acoustic_entropy_side": 8.316753387451172,
          "hz": 2524.2759484456974
        },
        {
          "acoustic_entropy": 7.815121173858643,
          "acoustic_entropy_side": 8.149654388427734,
          "hz": 2809.813997359896
        },
        {
          "acoustic_entropy": 8.125971794128418,
          "acoustic_entropy_side": 8.201008796691895,
          "hz": 3120.6389567871424
        },
        {
          "acoustic_entropy": 8.019269943237305,
          "acoustic_entropy_side": 8.212539672851562,
          "hz": 3458.990205492291
        },
        {
          "acoustic_entropy": 8.174144744873047,
          "acoustic_entropy_side": 8.203137397766113,
          "hz": 3827.305438964164
        },
        {
          "acoustic_entropy": 8.36716079711914,
          "acoustic_entropy_side": 8.256707191467285,
          "hz": 4228.238232109126
        },
        {
          "acoustic_entropy": 8.246487617492676,
          "acoustic_entropy_side": 8.26074504852295,
          "hz": 4664.6771572759235
        },
        {
          "acoustic_entropy": 8.336359024047852,
          "acoustic_entropy_side": 8.272598266601562,
          "hz": 5139.766595350093
        },
        {
          "acoustic_entropy": 8.411138534545898,
          "acoustic_entropy_side": 8.32100772857666,
          "hz": 5656.929389854203
        },
        {
          "acoustic_entropy": 8.142890930175781,
          "acoustic_entropy_side": 8.260214805603027,
          "hz": 6219.891507268283
        },
        {
          "acoustic_entropy": 8.504921913146973,
          "acoustic_entropy_side": 8.478161811828613,
          "hz": 6832.70888123896
        },
        {
          "acoustic_entropy": 8.47967529296875,
          "acoustic_entropy_side": 8.452392578125,
          "hz": 7499.796634079867
        },
        {
          "acoustic_entropy": 8.5668363571167,
          "acoustic_entropy_side": 8.52214527130127,
          "hz": 8225.96088609342
        },
        {
          "acoustic_entropy": 8.496072769165039,
          "acoustic_entropy_side": 8.481025695800781,
          "hz": 9016.43338188839
        },
        {
          "acoustic_entropy": 8.220696449279785,
          "acoustic_entropy_side": 8.393959999084473,
          "hz": 9876.909183162974
        },
        {
          "acoustic_entropy": 8.356727600097656,
          "acoustic_entropy_side": 8.32369327545166,
          "hz": 10813.587699516042
        },
        {
          "acoustic_entropy": 8.390861511230469,
          "acoustic_entropy_side": 8.334999084472656,
          "hz": 11833.21735289826
        },
        {
          "acoustic_entropy": 8.39112663269043,
          "acoustic_entropy_side": 8.342767715454102,
          "hz": 12943.144197493959
        },
        {
          "acoustic_entropy": 8.3594970703125,
          "acoustic_entropy_side": 8.32972240447998,
          "hz": 14151.364845322005
        },
        {
          "acoustic_entropy": 8.350641250610352,
          "acoustic_entropy_side": 8.324563980102539,
          "hz": 15466.58407886509
        },
        {
          "acoustic_entropy": 8.332688331604004,
          "acoustic_entropy_side": 8.317776679992676,
          "hz": 16898.27756580493
        },
        {
          "acoustic_entropy": 8.320683479309082,
          "acoustic_entropy_side": 8.313081741333008,
          "hz": 18456.760127700032
        },
        {
          "acoustic_entropy": 8.31364917755127,
          "acoustic_entropy_side": 8.311396598815918,
          "hz": 20153.260054456492
        },
        {
          "acoustic_entropy": 8.30717658996582,
          "acoustic_entropy_side": 8.306857109069824,
          "hz": 22000.00000000001
        }
      ],
      "diff_acoustic_entropy": 9.397226333618164,
      "sn": 12
    },
    {
      "acoustic_entropy": 12.659378051757812,
      "acoustic_entropy_mono": 11.585091590881348,
      "band_eliminated_acoustic_entropies": [
        {
          "acoustic_entropy": 11.662314414978027,
          "acoustic_entropy_side": 12.704205513000488,
          "hz": 129.47220167065723
        },
        {
          "acoustic_entropy": 13.077932357788086,
          "acoustic_entropy_side": 12.924306869506836,
          "hz": 202.92927478742237
        },
        {
          "acoustic_entropy": 13.20805835723877,
          "acoustic_entropy_side": 12.957232475280762,
          "hz": 282.89161906338205
        },
        {
          "acoustic_entropy": 12.810813903808594,
          "acoustic_entropy_side": 12.932666778564453,
          "hz": 369.9353335868758
        },
        {
          "acoustic_entropy": 12.629627227783203,
          "acoustic_entropy_side": 12.707120895385742,
          "hz": 464.6875360973435
        },
        {
          "acoustic_entropy": 12.839591026306152,
          "acoustic_entropy_side": 12.566835403442383,
          "hz": 567.8308811364784
        },
        {
          "acoustic_entropy": 12.710759162902832,
          "acoustic_entropy_side": 12.678800582885742,
          "hz": 680.1084783214808
        },
        {
          "acoustic_entropy": 13.138671875,
          "acoustic_entropy_side": 13.33183765411377,
          "hz": 802.3292461747484
        },
        {
          "acoustic_entropy": 12.679769515991211,
          "acoustic_entropy_side": 13.091316223144531,
          "hz": 935.3737400823702
        },
        {
          "acoustic_entropy": 13.457345962524414,
          "acoustic_entropy_side": 13.532816886901855,
          "hz": 1080.2004963696966
        },
        {
          "acoustic_entropy": 12.48171329498291,
          "acoustic_entropy_side": 12.570807456970215,
          "hz": 1237.8529382007157
        },
        {
          "acoustic_entropy": 13.151111602783203,
          "acoustic_entropy_side": 12.76427936553955,
          "hz": 1409.4668930556702
        },
        {
          "acoustic_entropy": 12.802732467651367,
          "acoustic_entropy_side": 12.812799453735352,
          "hz": 1596.2787759475705
        },
        {
          "acoustic_entropy": 11.661569595336914,
          "acoustic_entropy_side": 12.37373161315918,
          "hz": 1799.6344973346393
        },
        {
          "acoustic_entropy": 12.691571235656738,
          "acoustic_entropy_side": 12.634342193603516,
          "hz": 2020.9991599069049
        },
        {
          "acoustic_entropy": 13.14231014251709,
          "acoustic_entropy_side": 12.868228912353516,
          "hz": 2261.9676141086993
        },
        {
          "acoustic_entropy": 12.225693702697754,
          "acoustic_entropy_side": 12.480184555053711,
          "hz": 2524.2759484456974
        },
        {
          "acoustic_entropy": 12.650219917297363,
          "acoustic_entropy_side": 12.480380058288574,
          "hz": 2809.813997359896
        },
        {
          "acoustic_entropy": 12.84398078918457,
          "acoustic_entropy_side": 12.848490715026855,
          "hz": 3120.6389567871424
        },
        {
          "acoustic_entropy": 12.543972969055176,
          "acoustic_entropy_side": 12.671642303466797,
