{
  "acoustic_entropy": 113.8619613647461,
  "bands": [
    {
      "high_freq": 148.1999969482422,
      "loudness": -43.14370346069336,
      "loudness_range": 29.116140365600586,
      "mid_mean": -51.0826416015625,
      "mid_to_side_loudness": -7.122351169586182,
      "mid_to_side_loudness_range": 16.729509353637695,
      "side_mean": -54.998695373535156
    },
    {
      "high_freq": 392.3793640136719,
      "loudness": -39.02995300292969,
      "loudness_range": 26.014934539794922,
      "low_freq": 148.1999969482422,
      "mid_mean": -38.65855026245117,
      "mid_to_side_loudness": -5.568115234375,
      "mid_to_side_loudness_range": 13.928243637084961,
      "side_mean": -43.839263916015625
    },
    {
      "high_freq": 794.6976318359375,
      "loudness": -39.461639404296875,
      "loudness_range": 23.867834091186523,
      "low_freq": 392.3793640136719,
      "mid_mean": -37.15203857421875,
      "mid_to_side_loudness": -7.660707950592041,
      "mid_to_side_loudness_range": 18.06315040588379,
      "side_mean": -44.773494720458984
    },
    {
      "high_freq": 1457.5709228515625,
      "loudness": -50.3192253112793,
      "loudness_range": 32.33539581298828,
      "low_freq": 794.6976318359375,
      "mid_mean": -51.36311721801758,
      "mid_to_side_loudness": -6.3645219802856445,
      "mid_to_side_loudness_range": 18.886695861816406,
      "side_mean": -57.02116012573242
    },
    {
      "high_freq": 2549.74365234375,
      "loudness": -55.12623596191406,
      "loudness_range": 24.70578384399414,
      "low_freq": 1457.5709228515625,
      "mid_mean": -54.811973571777344,
      "mid_to_side_loudness": -5.968695163726807,
      "mid_to_side_loudness_range": 17.284303665161133,
      "side_mean": -60.12458419799805
    },
    {
      "high_freq": 4349.24462890625,
      "loudness": -62.80409240722656,
      "loudness_range": 24.993499755859375,
      "low_freq": 2549.74365234375,
      "mid_mean": -61.65577697753906,
      "mid_to_side_loudness": -5.4082136154174805,
      "mid_to_side_loudness_range": 18.93465805053711,
      "side_mean": -65.11322784423828
    },
    {
      "high_freq": 7314.1640625,
      "loudness": -72.31666564941406,
      "loudness_range": 24.72490692138672,
      "low_freq": 4349.24462890625,
      "mid_mean": -67.6457290649414,
      "mid_to_side_loudness": -5.8769049644470215,
      "mid_to_side_loudness_range": 23.319108963012695,
      "side_mean": -68.24324798583984
    },
    {
      "high_freq": 12199.2666015625,
      "loudness": -56.67227554321289,
      "loudness_range": 26.305431365966797,
      "low_freq": 7314.1640625,
      "mid_mean": -68.3150405883789,
      "mid_to_side_loudness": -6.082543849945068,
      "mid_to_side_loudness_range": 17.90047836303711,
      "side_mean": -68.3065185546875
    },
    {
      "loudness": -80.01895141601562,
      "loudness_range": 8.239166259765625,
      "low_freq": 12199.2666015625,
      "mid_mean": -69.22708892822266,
      "mid_to_side_loudness": -1.6097040176391602,
      "mid_to_side_loudness_range": 2.0899088382720947,
      "side_mean": -69.45098114013672
    }
  ],
  "bands_short": [
    {
      "high_freq": 148.1999969482422,
      "loudness": -53.20539093017578,
      "loudness_range": 36.77571105957031,
      "mid_mean": -58.67845153808594,
      "mid_to_side_loudness": -6.90854024887085,
      "mid_to_side_loudness_range": 21.38918685913086,
      "side_mean": -61.700313568115234
    },
    {
      "high_freq": 392.3793640136719,
      "loudness": -40.301124572753906,
      "loudness_range": 30.100717544555664,
      "low_freq": 148.1999969482422,
      "mid_mean": -40.83674240112305,
      "mid_to_side_loudness": -6.016360282897949,
      "mid_to_side_loudness_range": 17.90719223022461,
      "side_mean": -50.80076599121094
    },
    {
      "high_freq": 794.6976318359375,
      "loudness": -41.54744338989258,
      "loudness_range": 28.808311462402344,
      "low_freq": 392.3793640136719,
      "mid_mean": -39.78107452392578,
      "mid_to_side_loudness": -7.05810546875,
      "mid_to_side_loudness_range": 22.979949951171875,
      "side_mean": -47.46434783935547
    },
    {
      "high_freq": 1457.5709228515625,
      "loudness": -51.97392272949219,
      "loudness_range": 38.95985412597656,
      "low_freq": 794.6976318359375,
      "mid_mean": -53.55387878417969,
      "mid_to_side_loudness": -4.196257591247559,
      "mid_to_side_loudness_range": 21.227731704711914,
      "side_mean": -57.60800552368164
    },
    {
      "high_freq": 2549.74365234375,
      "loudness": -58.046939849853516,
      "loudness_range": 30.494895935058594,
      "low_freq": 1457.5709228515625,
      "mid_mean": -57.811893463134766,
      "mid_to_side_loudness": -3.9755773544311523,
      "mid_to_side_loudness_range": 18.182294845581055,
      "side_mean": -61.50774002075195
    },
    {
      "high_freq": 4349.24462890625,
      "loudness": -65.23330688476562,
      "loudness_range": 28.649898529052734,
      "low_freq": 2549.74365234375,
      "mid_mean": -64.09687805175781,
      "mid_to_side_loudness": -3.3427419662475586,
      "mid_to_side_loudness_range": 15.823999404907227,
      "side_mean": -66.17761993408203
    },
    {
      "high_freq": 7314.1640625,
      "loudness": -72.38683319091797,
      "loudness_range": 25.965755462646484,
      "low_freq": 4349.24462890625,
      "mid_mean": -68.5003662109375,
      "mid_to_side_loudness": -5.138463497161865,
      "mid_to_side_loudness_range": 16.67068099975586,
      "side_mean": -68.97747039794922
    },
    {
      "high_freq": 12199.2666015625,
      "loudness": -59.929534912109375,
      "loudness_range": 31.812488555908203,
      "low_freq": 7314.1640625,
      "mid_mean": -68.83932495117188,
      "mid_to_side_loudness": -6.452435493469238,
      "mid_to_side_loudness_range": 18.12359619140625,
      "side_mean": -68.85044860839844
    },
    {
      "loudness": -80.08243560791016,
      "loudness_range": 3.743804931640625,
      "low_freq": 12199.2666015625,
      "mid_mean": -69.34243774414062,
      "mid_to_side_loudness": -1.6934380531311035,
      "mid_to_side_loudness_range": 3.233976364135742,
      "side_mean": -69.54083251953125
    }
  ],
  "bandwidth": 512.0700073242188,
  "channels": 2,
  "covariance": [
    [
      252.6260986328125,
      210.1386260986328,
      51.465782165527344,
      72.78121185302734,
      -6.881570339202881,
      20.098966598510742,
      35.79603576660156,
      34.5577392578125,
      12.945021629333496,
      19.1292724609375,
      8.91166877746582,
      18.467086791992188,
      3.97552752494812,
      11.258273124694824,
      5.7442522048950195,
      8.872060775756836,
      3.6540822982788086,
      2.64579701423645
    ],
    [
      210.1386260986328,
      182.99029541015625,
      39.668052673339844,
      57.54291915893555,
      -5.177951335906982,
      15.699023246765137,
      29.110702514648438,
      27.77255630493164,
      8.027140617370605,
      12.91628646850586,
      4.301384925842285,
      11.943933486938477,
      2.4731714725494385,
      8.201419830322266,
      3.78395414352417,
      6.212463855743408,
      2.8950369358062744,
      1.9980602264404297
    ],
    [
      51.465782165527344,
      39.668052673339844,
      117.72323608398438,
      104.66181945800781,
      -13.403321266174316,
      13.593423843383789,
      9.276556015014648,
      21.51689910888672,
      1.5887371301651,
      14.430523872375488,
      7.951351165771484,
      13.406911849975586,
      2.957122802734375,
      4.113027572631836,
      -1.1479973793029785,
      2.6253018379211426,
      1.7447681427001953,
      2.00233793258667
    ],
    [
      72.78121185302734,
      57.54291915893555,
      104.66181945800781,
      128.17543029785156,
      -17.670942306518555,
      16.33983039855957,
      2.1612229347229004,
      23.534494400024414,
      -3.655127763748169,
      15.930007934570312,
      6.564584255218506,
      15.19201374053955,
      2.832019090652466,
      4.293065071105957,
      -2.881617546081543,
      -0.4758077561855316,
      0.13617295026779175,
      1.0217519998550415
    ],
    [
      -6.881570339202881,
      -5.177951335906982,
      -13.403321266174316,
      -17.670942306518555,
      90.94813537597656,
      48.10627365112305,
      72.8297119140625,
      31.83280372619629,
      76.14134979248047,
      33.301212310791016,
      40.92162322998047,
      11.061152458190918,
      13.774728775024414,
      7.0762434005737305,
      9.474418640136719,
      8.040918350219727,
      1.0299432277679443,
      0.43510666489601135
    ],
    [
      20.098966598510742,
      15.699023246765137,
      13.593423843383789,
      16.33983039855957,
      48.10627365112305,
      48.79695129394531,
      46.79811477661133,
      34.18730926513672,
      40.443443298339844,
      27.87134552001953,
      23.816701889038086,
      14.020453453063965,
      7.491934299468994,
      5.494041442871094,
      4.187638282775879,
      2.9018354415893555,
      0.1514098048210144,
      0.11771704256534576
    ],
    [
      35.79603576660156,
      29.110702514648438,
      9.276556015014648,
      2.1612229347229004,
      72.8297119140625,
      46.79811477661133,
      151.9435272216797,
      81.72682189941406,
      111.26465606689453,
      49.91812515258789,
      68.75891876220703,
      28.303354263305664,
      20.85610008239746,
      11.03803539276123,
      18.702329635620117,
      16.83680534362793,
      3.4801218509674072,
      2.195711612701416
    ],
    [
      34.5577392578125,
      27.77255630493164,
      21.51689910888672,
      23.534494400024414,
      31.83280372619629,
      34.18730926513672,
      81.72682189941406,
      64.64913940429688,
      53.378299713134766,
      34.34068298339844,
      33.64459228515625,
      21.665903091430664,
      10.017308235168457,
      6.818456649780273,
      8.46526050567627,
      6.670928955078125,
      1.1844171285629272,
      0.7693862318992615
    ],
    [
      12.945021629333496,
      8.027140617370605,
      1.5887371301651,
      -3.655127763748169,
      76.14134979248047,
      40.443443298339844,
      111.26465606689453,
      53.378299713134766,
      107.47744750976562,
      47.33793258666992,
      66.91860961914062,
      25.429244995117188,
      22.699968338012695,
      13.367476463317871,
      17.136917114257812,
      16.482929229736328,
      3.6302850246429443,
      2.182842254638672
    ],
    [
      19.1292724609375,
      12.91628646850586,
      14.430523872375488,
      15.930007934570312,
      33.301212310791016,
      27.87134552001953,
      49.91812515258789,
      34.34068298339844,
      47.33793258666992,
      32.35593032836914,
      30.12729835510254,
      18.61176300048828,
      10.549670219421387,
      8.280946731567383,
      6.610593318939209,
      6.558494567871094,
      1.6470669507980347,
      1.0811506509780884
    ],
    [
      8.91166877746582,
      4.301384925842285,
      7.951351165771484,
      6.564584255218506,
      40.92162322998047,
      23.816701889038086,
      68.75891876220703,
      33.64459228515625,
      66.91860961914062,
      30.12729835510254,
      55.131187438964844,
      29.599790573120117,
      19.62226676940918,
      14.388846397399902,
      17.586280822753906,
      17.35094451904297,
      3.7888405323028564,
      2.564735174179077
    ],
    [
      18.467086791992188,
      11.943933486938477,
      13.406911849975586,
      15.19201374053955,
      11.061152458190918,
      14.020453453063965,
      28.303354263305664,
      21.665903091430664,
      25.429244995117188,
      18.61176300048828,
      29.599790573120117,
      35.45132064819336,
      11.951144218444824,
      16.399072647094727,
      17.66112518310547,
      16.381059646606445,
      4.119483470916748,
      2.4649710655212402
    ],
    [
      3.97552752494812,
      2.4731714725494385,
      2.957122802734375,
      2.832019090652466,
      13.774728775024414,
      7.491934299468994,
      20.85610008239746,
      10.017308235168457,
      22.699968338012695,
      10.549670219421387,
      19.62226676940918,
      11.951144218444824,
      11.438010215759277,
      10.388790130615234,
      10.234615325927734,
      10.746404647827148,
      2.629538059234619,
      1.7540298700332642
    ],
    [
      11.258273124694824,
      8.201419830322266,
      4.113027572631836,
      4.293065071105957,
      7.0762434005737305,
      5.494041442871094,
      11.03803539276123,
      6.818456649780273,
      13.367476463317871,
      8.280946731567383,
      14.388846397399902,
      16.399072647094727,
      10.388790130615234,
      15.890268325805664,
      11.656106948852539,
      12.425629615783691,
      3.5415761470794678,
      2.000148296356201
    ],
    [
      5.7442522048950195,
      3.78395414352417,
      -1.1479973793029785,
      -2.881617546081543,
      9.474418640136719,
      4.187638282775879,
      18.702329635620117,
      8.46526050567627,
      17.136917114257812,
      6.610593318939209,
      17.586280822753906,
      17.66112518310547,
      10.234615325927734,
      11.656106948852539,
      25.307893753051758,
      24.720481872558594,
      3.4150431156158447,
      3.2900147438049316
    ],
    [
      8.872060775756836,
      6.212463855743408,
      2.6253018379211426,
      -0.4758077561855316,
      8.040918350219727,
      2.9018354415893555,
      16.83680534362793,
      6.670928955078125,
      16.482929229736328,
      6.558494567871094,
      17.35094451904297,
      16.381059646606445,
      10.746404647827148,
      12.425629615783691,
      24.720481872558594,
      27.956369400024414,
      5.758313179016113,
      4.956523418426514
    ],
    [
      3.6540822982788086,
      2.8950369358062744,
      1.7447681427001953,
      0.13617295026779175,
      1.0299432277679443,
      0.1514098048210144,
      3.4801218509674072,
      1.1844171285629272,
      3.6302850246429443,
      1.6470669507980347,
      3.7888405323028564,
      4.119483470916748,
      2.629538059234619,
      3.5415761470794678,
      3.4150431156158447,
      5.758313179016113,
      3.536489486694336,
      2.3162615299224854
    ],
    [
      2.64579701423645,
      1.9980602264404297,
      2.00233793258667,
      1.0217519998550415,
      0.43510666489601135,
      0.11771704256534576,
      2.195711612701416,
      0.7693862318992615,
      2.182842254638672,
      1.0811506509780884,
      2.564735174179077,
      2.4649710655212402,
      1.7540298700332642,
      2.000148296356201,
      3.2900147438049316,
      4.956523418426514,
      2.3162615299224854,
      1.881447672843933
    ]
  ],
  "covariance_short": [
    [
      162.86367797851562,
      121.79020690917969,
      80.60214233398438,
      115.66282653808594,
      6.843184471130371,
      25.38899040222168,
      37.96906280517578,
      32.99557876586914,
      20.67832374572754,
      16.889318466186523,
      17.649002075195312,
      16.519044876098633,
      4.569141864776611,
      6.16966438293457,
      4.552270889282227,
      5.192135334014893,
      1.6327012777328491,
      1.0885027647018433
    ],
    [
      121.79020690917969,
      107.91448974609375,
      54.66563415527344,
      85.0438003540039,
      5.356631278991699,
      18.89563751220703,
      34.3217887878418,
      28.36522102355957,
      17.27518081665039,
      12.569305419921875,
      14.17810344696045,
      12.509215354919434,
      3.3119583129882812,
      4.39146089553833,
      3.471580982208252,
      3.4875106811523438,
      0.9955758452415466,
      0.6554424166679382
    ],
    [
      80.60214233398438,
      54.66563415527344,
      159.08180236816406,
      146.14529418945312,
      -0.5081864595413208,
      24.3366756439209,
      8.170076370239258,
      18.305194854736328,
      3.0211257934570312,
      12.215411186218262,
      8.050052642822266,
      8.502702713012695,
      3.2531960010528564,
      3.966642141342163,
      -1.4551383256912231,
      0.7948102355003357,
      1.2533692121505737,
      1.2718449831008911
    ],
    [
      115.66282653808594,
      85.0438003540039,
      146.14529418945312,
      222.28594970703125,
      -4.430084228515625,
      26.82768440246582,
      21.22675895690918,
      30.397972106933594,
      14.424036979675293,
      23.82576560974121,
      15.53400993347168,
      16.7065486907959,
      5.503578186035156,
      7.144113063812256,
      -1.3385117053985596,
      0.8672375679016113,
      1.9858858585357666,
      1.7097728252410889
    ],
    [
      6.843184471130371,
      5.356631278991699,
      -0.5081864595413208,
      -4.430084228515625,
      121.73800659179688,
      61.190765380859375,
      78.82472229003906,
      33.11188507080078,
      78.39017486572266,
      41.38487243652344,
      43.26690673828125,
      17.29369354248047,
      13.568102836608887,
      8.567806243896484,
      8.13924503326416,
      9.137102127075195,
      2.599785089492798,
      1.2276161909103394
    ],
    [
      25.38899040222168,
      18.89563751220703,
      24.3366756439209,
      26.82768440246582,
      61.190765380859375,
      71.9697494506836,
      55.994930267333984,
      42.10953903198242,
      47.67332077026367,
      35.71206283569336,
      27.185089111328125,
      17.62224578857422,
      7.714692115783691,
      6.716335773468018,
      3.2543458938598633,
      3.4675841331481934,
      0.9625096917152405,
      0.6022664308547974
    ],
    [
      37.96906280517578,
      34.3217887878418,
      8.170076370239258,
      21.22675895690918,
      78.82472229003906,
      55.994930267333984,
      175.65350341796875,
      103.33470916748047,
      115.89313507080078,
      58.28079605102539,
      69.06060028076172,
      34.77241897583008,
      18.594884872436523,
      7.979458332061768,
      16.513992309570312,
      14.829708099365234,
      2.9103434085845947,
      1.5753360986709595
    ],
    [
      32.99557876586914,
      28.36522102355957,
      18.305194854736328,
      30.397972106933594,
      33.11188507080078,
      42.10953903198242,
      103.33470916748047,
      90.67530822753906,
      60.33297348022461,
      42.52485275268555,
      35.434574127197266,
      26.380521774291992,
      9.043901443481445,
      5.914581775665283,
      8.117481231689453,
      6.484288692474365,
      1.1534336805343628,
      0.7419037222862244
    ],
    [
      20.67832374572754,
      17.27518081665039,
      3.0211257934570312,
      14.424036979675293,
      78.39017486572266,
      47.67332077026367,
      115.89313507080078,
      60.33297348022461,
      105.94213104248047,
      50.44759750366211,
      63.715087890625,
      27.658226013183594,
      20.059675216674805,
      9.828030586242676,
      13.803425788879395,
      13.360841751098633,
      2.976377248764038,
      1.6164445877075195
    ],
    [
      16.889318466186523,
      12.569305419921875,
      12.215411186218262,
      23.82576560974121,
      41.38487243652344,
      35.71206283569336,
      58.28079605102539,
      42.52485275268555,
      50.44759750366211,
      38.95587921142578,
      29.934406280517578,
      20.83793830871582,
      9.34989070892334,
      7.601989269256592,
      6.229568004608154,
      6.389680862426758,
      1.6677348613739014,
      1.0934504270553589
    ],
    [
      17.649002075195312,
      14.17810344696045,
      8.050052642822266,
      15.53400993347168,
      43.26690673828125,
      27.185089111328125,
      69.06060028076172,
      35.434574127197266,
      63.715087890625,
      29.934406280517578,
      54.91852951049805,
      30.75084686279297,
      18.658098220825195,
      11.385856628417969,
      14.757549285888672,
      14.739248275756836,
      3.5176901817321777,
      2.1780614852905273
    ],
    [
      16.519044876098633,
      12.509215354919434,
      8.502702713012695,
      16.7065486907959,
      17.29369354248047,
      17.62224578857422,
      34.77241897583008,
      26.380521774291992,
      27.658226013183594,
      20.83793830871582,
      30.75084686279297,
      34.06110763549805,
      10.089221954345703,
      11.186657905578613,
      13.38770866394043,
      12.664263725280762,
      3.4740781784057617,
      2.126492500305176
    ],
    [
      4.569141864776611,
      3.3119583129882812,
      3.2531960010528564,
      5.503578186035156,
      13.568102836608887,
      7.714692115783691,
      18.594884872436523,
      9.043901443481445,
      20.059675216674805,
      9.34989070892334,
      18.658098220825195,
      10.089221954345703,
      11.078690528869629,
      8.339555740356445,
      7.264086723327637,
      7.311148166656494,
      2.0386295318603516,
      1.26449453830719
    ],
    [
      6.16966438293457,
      4.39146089553833,
      3.966642141342163,
      7.144113063812256,
      8.567806243896484,
      6.716335773468018,
      7.979458332061768,
      5.914581775665283,
      9.828030586242676,
      7.601989269256592,
      11.385856628417969,
      11.186657905578613,
      8.339555740356445,
      11.125479698181152,
      5.892798900604248,
      6.319703102111816,
      2.3770368099212646,
      1.2974379062652588
    ],
    [
      4.552270889282227,
      3.471580982208252,
      -1.4551383256912231,
      -1.3385117053985596,
      8.13924503326416,
      3.2543458938598633,
      16.513992309570312,
      8.117481231689453,
      13.803425788879395,
      6.229568004608154,
      14.757549285888672,
      13.38770866394043,
      7.264086723327637,
      5.892798900604248,
      17.120494842529297,
      17.1213321685791,
      2.653688907623291,
      2.3281662464141846
    ],
    [
      5.192135334014893,
      3.4875106811523438,
      0.7948102355003357,
      0.8672375679016113,
      9.137102127075195,
      3.4675841331481934,
      14.829708099365234,
      6.484288692474365,
      13.360841751098633,
      6.389680862426758,
      14.739248275756836,
      12.664263725280762,
      7.311148166656494,
      6.319703102111816,
      17.1213321685791,
      19.84701156616211,
      4.127626895904541,
      3.3279709815979004
    ],
    [
      1.6327012777328491,
      0.9955758452415466,
      1.2533692121505737,
      1.9858858585357666,
      2.599785089492798,
      0.9625096917152405,
      2.9103434085845947,
      1.1534336805343628,
      2.976377248764038,
      1.6677348613739014,
      3.5176901817321777,
      3.4740781784057617,
      2.0386295318603516,
      2.3770368099212646,
      2.653688907623291,
      4.127626895904541,
      2.7641549110412598,
      1.8325965404510498
    ],
    [
      1.0885027647018433,
      0.6554424166679382,
      1.2718449831008911,
      1.7097728252410889,
      1.2276161909103394,
      0.6022664308547974,
      1.5753360986709595,
      0.7419037222862244,
      1.6164445877075195,
      1.0934504270553589,
      2.1780614852905273,
      2.126492500305176,
      1.26449453830719,
      1.2974379062652588,
      2.3281662464141846,
      3.3279709815979004,
      1.8325965404510498,
      1.475201964378357
    ]
  ],
  "damage": -19.03740882873535,
  "diff_bandwidth": 514.4330444335938,
  "dissonance": 4.998936415258809,
  "drr": -3.7399582862854004,
  "dynamics": 4.560305595397949,
  "format": 1245190,
  "frames": 3571712,
  "loudness": -26.95716094970703,
  "loudness_range": 11.151695251464844,
  "loudness_range_short": 22.27965545654297,
  "lowpass_true_peak_15khz": -10.84511661529541,
  "mastering3_acoustic_entropies": [
    {
      "acoustic_entropy": 9.276908874511719,
      "acoustic_entropy_mono": 7.95109224319458,
      "band_eliminated_acoustic_entropies": [
        {
          "acoustic_entropy": 9.125418663024902,
          "acoustic_entropy_side": 9.270186424255371,
          "hz": 129.47220167065723
        },
        {
          "acoustic_entropy": 8.410940170288086,
          "acoustic_entropy_side": 9.167305946350098,
          "hz": 202.92927478742237
        },
        {
          "acoustic_entropy": 8.611893653869629,
          "acoustic_entropy_side": 8.773356437683105,
          "hz": 282.89161906338205
        },
        {
          "acoustic_entropy": 8.714761734008789,
          "acoustic_entropy_side": 8.504606246948242,
          "hz": 369.9353335868758
        },
        {
          "acoustic_entropy": 8.825878143310547,
          "acoustic_entropy_side": 9.257950782775879,
          "hz": 464.6875360973435
        },
        {
          "acoustic_entropy": 9.632966995239258,
          "acoustic_entropy_side": 9.226908683776855,
          "hz": 567.8308811364784
        },
        {
          "acoustic_entropy": 9.649765968322754,
          "acoustic_entropy_side": 9.282089233398438,
          "hz": 680.1084783214808
        },
        {
          "acoustic_entropy": 9.957648277282715,
          "acoustic_entropy_side": 9.156485557556152,
          "hz": 802.3292461747484
        },
        {
          "acoustic_entropy": 8.998629570007324,
          "acoustic_entropy_side": 9.292470932006836,
          "hz": 935.3737400823702
        },
        {
          "acoustic_entropy": 9.165543556213379,
          "acoustic_entropy_side": 9.266341209411621,
          "hz": 1080.2004963696966
        },
        {
          "acoustic_entropy": 9.206639289855957,
          "acoustic_entropy_side": 9.270641326904297,
          "hz": 1237.8529382007157
        },
        {
          "acoustic_entropy": 9.477641105651855,
          "acoustic_entropy_side": 9.277188301086426,
          "hz": 1409.4668930556702
        },
        {
          "acoustic_entropy": 9.273443222045898,
          "acoustic_entropy_side": 9.276751518249512,
          "hz": 1596.2787759475705
        },
        {
          "acoustic_entropy": 9.224469184875488,
          "acoustic_entropy_side": 9.276412963867188,
          "hz": 1799.6344973346393
        },
        {
          "acoustic_entropy": 9.291535377502441,
          "acoustic_entropy_side": 9.276881217956543,
          "hz": 2020.9991599069049
        },
        {
          "acoustic_entropy": 9.413287162780762,
          "acoustic_entropy_side": 9.27522087097168,
          "hz": 2261.9676141086993
        },
        {
          "acoustic_entropy": 9.190652847290039,
          "acoustic_entropy_side": 9.276076316833496,
          "hz": 2524.2759484456974
        },
        {
          "acoustic_entropy": 9.261726379394531,
          "acoustic_entropy_side": 9.27534008026123,
          "hz": 2809.813997359896
        },
        {
          "acoustic_entropy": 9.27423095703125,
          "acoustic_entropy_side": 9.276681900024414,
          "hz": 3120.6389567871424
        },
        {
          "acoustic_entropy": 9.291338920593262,
          "acoustic_entropy_side": 9.293091773986816,
          "hz": 3458.990205492291
        },
        {
          "acoustic_entropy": 9.27617359161377,
          "acoustic_entropy_side": 9.277377128601074,
          "hz": 3827.305438964164
        },
        {
          "acoustic_entropy": 9.272782325744629,
          "acoustic_entropy_side": 9.277734756469727,
          "hz": 4228.238232109126
        },
        {
          "acoustic_entropy": 9.281692504882812,
          "acoustic_entropy_side": 9.277841567993164,
          "hz": 4664.6771572759235
        },
        {
          "acoustic_entropy": 9.277679443359375,
          "acoustic_entropy_side": 9.277019500732422,
          "hz": 5139.766595350093
        },
        {
          "acoustic_entropy": 9.27701473236084,
          "acoustic_entropy_side": 9.27695083618164,
          "hz": 5656.929389854203
        },
        {
          "acoustic_entropy": 9.27708625793457,
          "acoustic_entropy_side": 9.276972770690918,
          "hz": 6219.891507268283
        },
        {
          "acoustic_entropy": 9.277205467224121,
          "acoustic_entropy_side": 9.27714729309082,
          "hz": 6832.70888123896
        },
        {
          "acoustic_entropy": 9.281196594238281,
          "acoustic_entropy_side": 9.280692100524902,
          "hz": 7499.796634079867
        },
        {
          "acoustic_entropy": 9.277270317077637,
          "acoustic_entropy_side": 9.27736759185791,
          "hz": 8225.96088609342
        },
        {
          "acoustic_entropy": 9.223746299743652,
          "acoustic_entropy_side": 9.224385261535645,
          "hz": 9016.43338188839
        },
        {
          "acoustic_entropy": 9.280573844909668,
          "acoustic_entropy_side": 9.27879524230957,
          "hz": 9876.909183162974
        },
        {
          "acoustic_entropy": 9.277386665344238,
          "acoustic_entropy_side": 9.276814460754395,
          "hz": 10813.587699516042
        },
        {
          "acoustic_entropy": 9.281575202941895,
          "acoustic_entropy_side": 9.283072471618652,
          "hz": 11833.21735289826
        },
        {
          "acoustic_entropy": 9.277889251708984,
          "acoustic_entropy_side": 9.277689933776855,
          "hz": 12943.144197493959
        },
        {
          "acoustic_entropy": 9.27834701538086,
          "acoustic_entropy_side": 9.277444839477539,
          "hz": 14151.364845322005
        },
        {
          "acoustic_entropy": 9.27704906463623,
          "acoustic_entropy_side": 9.276988983154297,
          "hz": 15466.58407886509
        },
        {
          "acoustic_entropy": 9.276911735534668,
          "acoustic_entropy_side": 9.276908874511719,
          "hz": 16898.27756580493
        },
        {
          "acoustic_entropy": 9.276908874511719,
          "acoustic_entropy_side": 9.276908874511719,
          "hz": 18456.760127700032
        },
        {
          "acoustic_entropy": 9.276908874511719,
          "acoustic_entropy_side": 9.276908874511719,
          "hz": 20153.260054456492
        },
        {
          "acoustic_entropy": 9.276908874511719,
          "acoustic_entropy_side": 9.276908874511719,
          "hz": 22000.00000000001
        }
      ],
      "diff_acoustic_entropy": 6.893823623657227,
      "sn": 6
    },
    {
      "acoustic_entropy": 12.652486801147461,
      "acoustic_entropy_mono": 11.373165130615234,
      "band_eliminated_acoustic_entropies": [
        {
          "acoustic_entropy": 12.504951477050781,
          "acoustic_entropy_side": 12.685199737548828,
          "hz": 129.47220167065723
        },
        {
          "acoustic_entropy": 11.352681159973145,
          "acoustic_entropy_side": 12.63640308380127,
          "hz": 202.92927478742237
        },
        {
          "acoustic_entropy": 12.403261184692383,
          "acoustic_entropy_side": 12.415573120117188,
          "hz": 282.89161906338205
        },
        {
          "acoustic_entropy": 12.386612892150879,
          "acoustic_entropy_side": 12.466235160827637,
          "hz": 369.9353335868758
        },
        {
          "acoustic_entropy": 12.420268058776855,
          "acoustic_entropy_side": 12.660154342651367,
          "hz": 464.6875360973435
        },
        {
          "acoustic_entropy": 12.937174797058105,
          "acoustic_entropy_side": 12.917868614196777,
          "hz": 567.8308811364784
        },
        {
          "acoustic_entropy": 13.522414207458496,
          "acoustic_entropy_side": 12.694671630859375,
          "hz": 680.1084783214808
        },
        {
          "acoustic_entropy": 13.44883918762207,
          "acoustic_entropy_side": 12.518799781799316,
          "hz": 802.3292461747484
        },
        {
          "acoustic_entropy": 12.650649070739746,
          "acoustic_entropy_side": 12.566803932189941,
          "hz": 935.3737400823702
        },
        {
          "acoustic_entropy": 12.667041778564453,
          "acoustic_entropy_side": 12.757645606994629,
          "hz": 1080.2004963696966
        },
        {
          "acoustic_entropy": 13.295496940612793,
          "acoustic_entropy_side": 12.6045503616333,
          "hz": 1237.8529382007157
        },
        {
          "acoustic_entropy": 13.131590843200684,
          "acoustic_entropy_side": 12.629793167114258,
          "hz": 1409.4668930556702
        },
        {
          "acoustic_entropy": 12.901963233947754,
          "acoustic_entropy_side": 12.645500183105469,
          "hz": 1596.2787759475705
        },
        {
          "acoustic_entropy": 12.861141204833984,
          "acoustic_entropy_side": 12.66928482055664,
          "hz": 1799.6344973346393
        },
        {
          "acoustic_entropy": 12.583061218261719,
          "acoustic_entropy_side": 12.64627456665039,
          "hz": 2020.9991599069049
        },
        {
          "acoustic_entropy": 13.035809516906738,
          "acoustic_entropy_side": 12.63778018951416,
          "hz": 2261.9676141086993
        },
        {
          "acoustic_entropy": 12.57386302947998,
          "acoustic_entropy_side": 12.647805213928223,
          "hz": 2524.2759484456974
        },
        {
          "acoustic_entropy": 12.747737884521484,
          "acoustic_entropy_side": 12.642898559570312,
          "hz": 2809.813997359896
        },
        {
          "acoustic_entropy": 12.62513256072998,
          "acoustic_entropy_side": 12.679708480834961,
          "hz": 3120.6389567871424
        },
        {
          "acoustic_entropy": 12.818456649780273,
          "acoustic_entropy_side": 12.824196815490723,
          "hz": 3458.990205492291
        },
        {
          "acoustic_entropy": 12.729497909545898,
          "acoustic_entropy_side": 12.72849178314209,
          "hz": 3827.305438964164
        },
        {
          "acoustic_entropy": 12.57107925415039,
          "acoustic_entropy_side": 12.613207817077637,
          "hz": 4228.238232109126
        },
        {
          "acoustic_entropy": 12.671076774597168,
          "acoustic_entropy_side": 12.65107250213623,
          "hz": 4664.6771572759235
        },
        {
          "acoustic_entropy": 12.66411018371582,
          "acoustic_entropy_side": 12.653787612915039,
          "hz": 5139.766595350093
        },
        {
          "acoustic_entropy": 12.655029296875,
          "acoustic_entropy_side": 12.653679847717285,
          "hz": 5656.929389854203
        },
        {
          "acoustic_entropy": 12.659524917602539,
          "acoustic_entropy_side": 12.656559944152832,
          "hz": 6219.891507268283
        },
        {
          "acoustic_entropy": 12.658140182495117,
          "acoustic_entropy_side": 12.655574798583984,
          "hz": 6832.70888123896
        },
        {
          "acoustic_entropy": 12.669071197509766,
          "acoustic_entropy_side": 12.658971786499023,
          "hz": 7499.796634079867
        },
        {
          "acoustic_entropy": 12.747389793395996,
          "acoustic_entropy_side": 12.720656394958496,
          "hz": 8225.96088609342
        },
        {
          "acoustic_entropy": 12.782855987548828,
          "acoustic_entropy_side": 12.71069622039795,
          "hz": 9016.43338188839
        },
        {
          "acoustic_entropy": 12.683080673217773,
          "acoustic_entropy_side": 12.641850471496582,
          "hz": 9876.909183162974
        },
        {
          "acoustic_entropy": 12.658356666564941,
          "acoustic_entropy_side": 12.659849166870117,
          "hz": 10813.587699516042
        },
        {
          "acoustic_entropy": 12.586241722106934,
          "acoustic_entropy_side": 12.630020141601562,
          "hz": 11833.21735289826
        },
        {
          "acoustic_entropy": 12.630317687988281,
          "acoustic_entropy_side": 12.652831077575684,
          "hz": 12943.144197493959
        },
        {
          "acoustic_entropy": 12.659329414367676,
          "acoustic_entropy_side": 12.66006851196289,
          "hz": 14151.364845322005
        },
        {
          "acoustic_entropy": 12.656214714050293,
          "acoustic_entropy_side": 12.654627799987793,
          "hz": 15466.58407886509
        },
        {
          "acoustic_entropy": 12.652677536010742,
          "acoustic_entropy_side": 12.652588844299316,
          "hz": 16898.27756580493
        },
        {
          "acoustic_entropy": 12.65248966217041,
          "acoustic_entropy_side": 12.652485847473145,
          "hz": 18456.760127700032
        },
        {
          "acoustic_entropy": 12.652486801147461,
          "acoustic_entropy_side": 12.652486801147461,
          "hz": 20153.260054456492
        },
        {
          "acoustic_entropy": 12.652486801147461,
          "acoustic_entropy_side": 12.652486801147461,
          "hz": 22000.00000000001
        }
      ],
      "diff_acoustic_entropy": 10.693320274353027,
      "sn": 12
    },
    {
      "acoustic_entropy": 18.662508010864258,
      "acoustic_entropy_mono": 18.403472900390625,
      "band_eliminated_acoustic_entropies": [
        {
          "acoustic_entropy": 18.525880813598633,
          "acoustic_entropy_side": 18.753314971923828,
          "hz": 129.47220167065723
        },
        {
          "acoustic_entropy": 20.64700698852539,
          "acoustic_entropy_side": 19.12200164794922,
          "hz": 202.92927478742237
        },
        {
          "acoustic_entropy": 19.086462020874023,
          "acoustic_entropy_side": 19.576065063476562,
          "hz": 282.89161906338205
        },
        {
          "acoustic_entropy": 19.457717895507812,
          "acoustic_entropy_side": 18.75405502319336,
          "hz": 369.9353335868758
        },
        {
          "acoustic_entropy": 19.859121322631836,
          "acoustic_entropy_side": 19.900779724121094,
          "hz": 464.6875360973435
        },
        {
          "acoustic_entropy": 19.896888732910156,
          "acoustic_entropy_side": 19.666027069091797,
          "hz": 567.8308811364784
        },
        {
          "acoustic_entropy": 18.13044548034668,
          "acoustic_entropy_side": 18.969724655151367,
          "hz": 680.1084783214808
        },
        {
          "acoustic_entropy": 18.64518165588379,
          "acoustic_entropy_side": 18.818157196044922,
          "hz": 802.3292461747484
        },
        {
          "acoustic_entropy": 18.906633377075195,
          "acoustic_entropy_side": 18.98263931274414,
          "hz": 935.3737400823702
        },
        {
          "acoustic_entropy": 18.98143196105957,
          "acoustic_entropy_side": 18.54714584350586,
          "hz": 1080.2004963696966
        },
        {
          "acoustic_entropy": 18.793237686157227,
          "acoustic_entropy_side": 18.990083694458008,
          "hz": 1237.8529382007157
        },
        {
          "acoustic_entropy": 19.64263343811035,
          "acoustic_entropy_side": 18.34946060180664,
          "hz": 1409.4668930556702
        },
        {
          "acoustic_entropy": 18.84994888305664,
          "acoustic_entropy_side": 18.59056282043457,
          "hz": 1596.2787759475705
        },
        {
          "acoustic_entropy": 18.7076416015625,
          "acoustic_entropy_side": 18.75680160522461,
          "hz": 1799.6344973346393
        },
        {
          "acoustic_entropy": 19.33792495727539,
          "acoustic_entropy_side": 18.93670654296875,
          "hz": 2020.9991599069049
        },
        {
          "acoustic_entropy": 18.38796615600586,
          "acoustic_entropy_side": 18.373836517333984,
          "hz": 2261.9676141086993
        },
        {
          "acoustic_entropy": 19.00743293762207,
          "acoustic_entropy_side": 18.8188419342041,
          "hz": 2524.2759484456974
        },
        {
          "acoustic_entropy": 19.3236083984375,
          "acoustic_entropy_side": 18.975934982299805,
          "hz": 2809.813997359896
        },
        {
          "acoustic_entropy": 18.81583595275879,
          "acoustic_entropy_side": 18.75173568725586,
