{
  "acoustic_entropy": 228.24685668945312,
  "bands": [
    {
      "high_freq": 148.1999969482422,
      "loudness": -23.3615665435791,
      "loudness_range": 9.117046356201172,
      "mid_mean": -19.93695831298828,
      "mid_to_side_loudness": -12.349836349487305,
      "mid_to_side_loudness_range": 13.95645523071289,
      "side_mean": -33.70833969116211
    },
    {
      "high_freq": 392.3793640136719,
      "loudness": -23.880643844604492,
      "loudness_range": 9.834880828857422,
      "low_freq": 148.1999969482422,
      "mid_mean": -20.915508270263672,
      "mid_to_side_loudness": -8.234825134277344,
      "mid_to_side_loudness_range": 11.805501937866211,
      "side_mean": -29.51179313659668
    },
    {
      "high_freq": 794.6976318359375,
      "loudness": -22.69243812561035,
      "loudness_range": 8.28909683227539,
      "low_freq": 392.3793640136719,
      "mid_mean": -19.79490852355957,
      "mid_to_side_loudness": -7.645748615264893,
      "mid_to_side_loudness_range": 8.947325706481934,
      "side_mean": -27.72355842590332
    },
    {
      "high_freq": 1457.5709228515625,
      "loudness": -26.546640396118164,
      "loudness_range": 9.902017593383789,
      "low_freq": 794.6976318359375,
      "mid_mean": -23.70482063293457,
      "mid_to_side_loudness": -7.049603462219238,
      "mid_to_side_loudness_range": 8.156545639038086,
      "side_mean": -31.001996994018555
    },
    {
      "high_freq": 2549.74365234375,
      "loudness": -27.091203689575195,
      "loudness_range": 8.837894439697266,
      "low_freq": 1457.5709228515625,
      "mid_mean": -24.241405487060547,
      "mid_to_side_loudness": -7.15609884262085,
      "mid_to_side_loudness_range": 7.735537528991699,
      "side_mean": -31.55382537841797
    },
    {
      "high_freq": 4349.24462890625,
      "loudness": -29.277042388916016,
      "loudness_range": 8.607135772705078,
      "low_freq": 2549.74365234375,
      "mid_mean": -26.22858238220215,
      "mid_to_side_loudness": -8.728964805603027,
      "mid_to_side_loudness_range": 9.997039794921875,
      "side_mean": -35.003501892089844
    },
    {
      "high_freq": 7314.1640625,
      "loudness": -32.523033142089844,
      "loudness_range": 10.489217758178711,
      "low_freq": 4349.24462890625,
      "mid_mean": -29.346113204956055,
      "mid_to_side_loudness": -9.687701225280762,
      "mid_to_side_loudness_range": 9.909584999084473,
      "side_mean": -39.26643753051758
    },
    {
      "high_freq": 12199.2666015625,
      "loudness": -35.2789421081543,
      "loudness_range": 10.983165740966797,
      "low_freq": 7314.1640625,
      "mid_mean": -32.10722351074219,
      "mid_to_side_loudness": -9.415555000305176,
      "mid_to_side_loudness_range": 8.865338325500488,
      "side_mean": -41.68074417114258
    },
    {
      "loudness": -40.39890670776367,
      "loudness_range": 9.77133560180664,
      "low_freq": 12199.2666015625,
      "mid_mean": -37.4786262512207,
      "mid_to_side_loudness": -7.512205600738525,
      "mid_to_side_loudness_range": 6.562370300292969,
      "side_mean": -45.16510009765625
    }
  ],
  "bands_short": [
    {
      "high_freq": 148.1999969482422,
      "loudness": -27.11187171936035,
      "loudness_range": 18.833066940307617,
      "mid_mean": -23.68979835510254,
      "mid_to_side_loudness": -12.832205772399902,
      "mid_to_side_loudness_range": 20.091564178466797,
      "side_mean": -37.847171783447266
    },
    {
      "high_freq": 392.3793640136719,
      "loudness": -23.380496978759766,
      "loudness_range": 12.856924057006836,
      "low_freq": 148.1999969482422,
      "mid_mean": -20.445560455322266,
      "mid_to_side_loudness": -8.597785949707031,
      "mid_to_side_loudness_range": 13.544602394104004,
      "side_mean": -29.43233871459961
    },
    {
      "high_freq": 794.6976318359375,
      "loudness": -23.355058670043945,
      "loudness_range": 11.580757141113281,
      "low_freq": 392.3793640136719,
      "mid_mean": -20.5562801361084,
      "mid_to_side_loudness": -7.631175518035889,
      "mid_to_side_loudness_range": 11.529281616210938,
      "side_mean": -28.45077896118164
    },
    {
      "high_freq": 1457.5709228515625,
      "loudness": -26.549150466918945,
      "loudness_range": 12.525247573852539,
      "low_freq": 794.6976318359375,
      "mid_mean": -23.716751098632812,
      "mid_to_side_loudness": -7.532116413116455,
      "mid_to_side_loudness_range": 10.938135147094727,
      "side_mean": -31.5126953125
    },
    {
      "high_freq": 2549.74365234375,
      "loudness": -27.852859497070312,
      "loudness_range": 12.50047492980957,
      "low_freq": 1457.5709228515625,
      "mid_mean": -25.0096435546875,
      "mid_to_side_loudness": -7.548444747924805,
      "mid_to_side_loudness_range": 10.304840087890625,
      "side_mean": -32.696571350097656
    },
    {
      "high_freq": 4349.24462890625,
      "loudness": -29.9638614654541,
      "loudness_range": 13.285116195678711,
      "low_freq": 2549.74365234375,
      "mid_mean": -26.953628540039062,
      "mid_to_side_loudness": -9.071975708007812,
      "mid_to_side_loudness_range": 11.75916576385498,
      "side_mean": -36.1171875
    },
    {
      "high_freq": 7314.1640625,
      "loudness": -33.81700897216797,
      "loudness_range": 15.385231018066406,
      "low_freq": 4349.24462890625,
      "mid_mean": -30.70793914794922,
      "mid_to_side_loudness": -9.741034507751465,
      "mid_to_side_loudness_range": 11.403746604919434,
      "side_mean": -40.63982009887695
    },
    {
      "high_freq": 12199.2666015625,
      "loudness": -36.37150192260742,
      "loudness_range": 14.645380020141602,
      "low_freq": 7314.1640625,
      "mid_mean": -33.26607131958008,
      "mid_to_side_loudness": -9.445196151733398,
      "mid_to_side_loudness_range": 10.48444938659668,
      "side_mean": -42.84785079956055
    },
    {
      "loudness": -41.18124008178711,
      "loudness_range": 13.473152160644531,
      "low_freq": 12199.2666015625,
      "mid_mean": -38.27692413330078,
      "mid_to_side_loudness": -7.67577600479126,
      "mid_to_side_loudness_range": 8.233570098876953,
      "side_mean": -46.078773498535156
    }
  ],
  "bandwidth": 557.3028564453125,
  "channels": 2,
  "covariance": [
    [
      22.487642288208008,
      14.205947875976562,
      14.094926834106445,
      10.660613059997559,
      11.061844825744629,
      12.109190940856934,
      8.674261093139648,
      9.136397361755371,
      7.897765636444092,
      6.738844871520996,
      9.695805549621582,
      6.553142070770264,
      8.809378623962402,
      6.767557144165039,
      10.540199279785156,
      7.242396831512451,
      10.121121406555176,
      8.535566329956055
    ],
    [
      14.205947875976562,
      24.473417282104492,
      15.612177848815918,
      14.259111404418945,
      9.747908592224121,
      12.575335502624512,
      8.586112976074219,
      10.149064064025879,
      8.314351081848145,
      6.446880340576172,
      10.205399513244629,
      5.213105201721191,
      10.916596412658691,
      6.4798688888549805,
      12.64946174621582,
      7.737746715545654,
      11.96451187133789,
      9.57776927947998
    ],
    [
      14.094926834106445,
      15.612177848815918,
      21.993175506591797,
      18.35878562927246,
      13.086954116821289,
      15.811962127685547,
      11.398777961730957,
      13.15133285522461,
      10.912254333496094,
      10.484468460083008,
      13.06948184967041,
      7.1227803230285645,
      12.889101028442383,
      8.535334587097168,
      14.74974250793457,
      9.730390548706055,
      15.801725387573242,
      13.415510177612305
    ],
    [
      10.660613059997559,
      14.259111404418945,
      18.35878562927246,
      30.15631675720215,
      9.781569480895996,
      13.604592323303223,
      6.848982334136963,
      8.451712608337402,
      5.38096809387207,
      4.224781513214111,
      6.694334030151367,
      0.22584213316440582,
      6.401050090789795,
      2.5620477199554443,
      9.007787704467773,
      5.93324089050293,
      11.738062858581543,
      10.69863224029541
    ],
    [
      11.061844825744629,
      9.747908592224121,
      13.086954116821289,
      9.781569480895996,
      16.790002822875977,
      13.381611824035645,
      14.840133666992188,
      12.328359603881836,
      11.771146774291992,
      11.097585678100586,
      13.93218994140625,
      9.508886337280273,
      13.278437614440918,
      10.688467979431152,
      14.421361923217773,
      10.54362964630127,
      13.361760139465332,
      11.311388969421387
    ],
    [
      12.109190940856934,
      12.575335502624512,
      15.811962127685547,
      13.604592323303223,
      13.381611824035645,
      19.36888885498047,
      11.114903450012207,
      14.32308578491211,
      10.003301620483398,
      10.534209251403809,
      12.607638359069824,
      7.010738372802734,
      12.537243843078613,
      8.01308822631836,
      13.555533409118652,
      10.063277244567871,
      13.758899688720703,
      13.320392608642578
    ],
    [
      8.674261093139648,
      8.586112976074219,
      11.398777961730957,
      6.848982334136963,
      14.840133666992188,
      11.114903450012207,
      18.987436294555664,
      15.383383750915527,
      14.562097549438477,
      15.650428771972656,
      15.983651161193848,
      14.31812858581543,
      15.060835838317871,
      14.597879409790039,
      16.099668502807617,
      14.084573745727539,
      14.822623252868652,
      13.345697402954102
    ],
    [
      9.136397361755371,
      10.149064064025879,
      13.15133285522461,
      8.451712608337402,
      12.328359603881836,
      14.32308578491211,
      15.383383750915527,
      20.426197052001953,
      14.430508613586426,
      19.556228637695312,
      15.166033744812012,
      15.31618595123291,
      14.384371757507324,
      14.707855224609375,
      15.591704368591309,
      16.352642059326172,
      15.83218765258789,
      18.06892204284668
    ],
    [
      7.897765636444092,
      8.314351081848145,
      10.912254333496094,
      5.38096809387207,
      11.771146774291992,
      10.003301620483398,
      14.562097549438477,
      14.430508613586426,
      16.091856002807617,
      16.532913208007812,
      15.10340404510498,
      15.102386474609375,
      14.235921859741211,
      14.559292793273926,
      14.866025924682617,
      13.275161743164062,
      13.569693565368652,
      13.063788414001465
    ],
    [
      6.738844871520996,
      6.446880340576172,
      10.484468460083008,
      4.224781513214111,
      11.097585678100586,
      10.534209251403809,
      15.650428771972656,
      19.556228637695312,
      16.532913208007812,
      25.349422454833984,
      15.951068878173828,
      20.605388641357422,
      14.475358963012695,
      18.856534957885742,
      15.03231143951416,
      18.600950241088867,
      14.746726036071777,
      18.43452262878418
    ],
    [
      9.695805549621582,
      10.205399513244629,
      13.06948184967041,
      6.694334030151367,
      13.93218994140625,
      12.607638359069824,
      15.983651161193848,
      15.166033744812012,
      15.10340404510498,
      15.951068878173828,
      18.098590850830078,
      15.310768127441406,
      16.320350646972656,
      15.616873741149902,
      16.830507278442383,
      14.004039764404297,
      14.755979537963867,
      13.527414321899414
    ],
    [
      6.553142070770264,
      5.213105201721191,
      7.1227803230285645,
      0.22584213316440582,
      9.508886337280273,
      7.010738372802734,
      14.31812858581543,
      15.31618595123291,
      15.102386474609375,
      20.605388641357422,
      15.310768127441406,
      23.335689544677734,
      13.146690368652344,
      20.113840103149414,
      12.994067192077637,
      16.832571029663086,
      11.361847877502441,
      14.040979385375977
    ],
    [
      8.809378623962402,
      10.916596412658691,
      12.889101028442383,
      6.401050090789795,
      13.278437614440918,
      12.537243843078613,
      15.060835838317871,
      14.384371757507324,
      14.235921859741211,
      14.475358963012695,
      16.320350646972656,
      13.146690368652344,
      19.6910400390625,
      15.773672103881836,
      17.61766242980957,
      13.725692749023438,
      14.88068962097168,
      12.904762268066406
    ],
    [
      6.767557144165039,
      6.4798688888549805,
      8.535334587097168,
      2.5620477199554443,
      10.688467979431152,
      8.01308822631836,
      14.597879409790039,
      14.707855224609375,
      14.559292793273926,
      18.856534957885742,
      15.616873741149902,
      20.113840103149414,
      15.773672103881836,
      22.090660095214844,
      15.260457992553711,
      17.08817481994629,
      12.683093070983887,
      14.050564765930176
    ],
    [
      10.540199279785156,
      12.64946174621582,
      14.74974250793457,
      9.007787704467773,
      14.421361923217773,
      13.555533409118652,
      16.099668502807617,
      15.591704368591309,
      14.866025924682617,
      15.03231143951416,
      16.830507278442383,
      12.994067192077637,
      17.61766242980957,
      15.260457992553711,
      19.322912216186523,
      14.71117115020752,
      16.770811080932617,
      14.336385726928711
    ],
    [
      7.242396831512451,
      7.737746715545654,
      9.730390548706055,
      5.93324089050293,
      10.54362964630127,
      10.063277244567871,
      14.084573745727539,
      16.352642059326172,
      13.275161743164062,
      18.600950241088867,
      14.004039764404297,
      16.832571029663086,
      13.725692749023438,
      17.08817481994629,
      14.71117115020752,
      17.227205276489258,
      13.175423622131348,
      15.453593254089355
    ],
    [
      10.121121406555176,
      11.96451187133789,
      15.801725387573242,
      11.738062858581543,
      13.361760139465332,
      13.758899688720703,
      14.822623252868652,
      15.83218765258789,
      13.569693565368652,
      14.746726036071777,
      14.755979537963867,
      11.361847877502441,
      14.88068962097168,
      12.683093070983887,
      16.770811080932617,
      13.175423622131348,
      18.039505004882812,
      15.956698417663574
    ],
    [
      8.535566329956055,
      9.57776927947998,
      13.415510177612305,
      10.69863224029541,
      11.311388969421387,
      13.320392608642578,
      13.345697402954102,
      18.06892204284668,
      13.063788414001465,
      18.43452262878418,
      13.527414321899414,
      14.040979385375977,
      12.904762268066406,
      14.050564765930176,
      14.336385726928711,
      15.453593254089355,
      15.956698417663574,
      18.89753532409668
    ]
  ],
  "covariance_short": [
    [
      47.85752487182617,
      17.987642288208008,
      19.17535972595215,
      14.225017547607422,
      13.681326866149902,
      13.98755168914795,
      10.649703025817871,
      10.470383644104004,
      9.450455665588379,
      7.028776168823242,
      11.047436714172363,
      7.420826435089111,
      13.134705543518066,
      8.922098159790039,
      14.07069206237793,
      9.188422203063965,
      11.946183204650879,
      9.811222076416016
    ],
    [
      17.987642288208008,
      29.737993240356445,
      12.370776176452637,
      11.593241691589355,
      7.697534561157227,
      9.621726989746094,
      6.536617755889893,
      7.594601631164551,
      6.636740684509277,
      4.759028911590576,
      7.813727378845215,
      4.382438659667969,
      8.918381690979004,
      5.5892415046691895,
      9.459863662719727,
      5.527871608734131,
      7.999537944793701,
      6.316625118255615
    ],
    [
      19.17535972595215,
      12.370776176452637,
      31.036712646484375,
      20.8783016204834,
      15.562963485717773,
      18.31549072265625,
      13.435172080993652,
      14.462016105651855,
      12.988783836364746,
      10.793106079101562,
      16.41216468811035,
      8.883965492248535,
      17.197858810424805,
      10.16818618774414,
      18.34695816040039,
      11.548495292663574,
      19.59861183166504,
      15.940074920654297
    ],
    [
      14.225017547607422,
      11.593241691589355,
      20.8783016204834,
      33.02471160888672,
      11.920265197753906,
      16.006574630737305,
      8.2721586227417,
      9.273634910583496,
      7.119237899780273,
      3.8542323112487793,
      7.895077228546143,
      1.3101006746292114,
      8.097650527954102,
      3.1834604740142822,
      10.977446556091309,
      6.334072589874268,
      13.582058906555176,
      11.784875869750977
    ],
    [
      13.681326866149902,
      7.697534561157227,
      15.562963485717773,
      11.920265197753906,
      24.44594383239746,
      17.40691375732422,
      17.546222686767578,
      14.81018352508545,
      14.956705093383789,
      12.850430488586426,
      17.57219696044922,
      12.806683540344238,
      17.3840274810791,
      13.168354034423828,
      17.793001174926758,
      13.673486709594727,
      16.698486328125,
      14.790882110595703
    ],
    [
      13.98755168914795,
      9.621726989746094,
      18.31549072265625,
      16.006574630737305,
      17.40691375732422,
      26.888057708740234,
      12.827402114868164,
      16.801071166992188,
      12.645302772521973,
      12.283034324645996,
      15.654881477355957,
      11.14498519897461,
      15.535646438598633,
      11.211356163024902,
      16.463266372680664,
      13.235154151916504,
      16.246965408325195,
      16.53272819519043
    ],
    [
      10.649703025817871,
      6.536617755889893,
      13.435172080993652,
      8.2721586227417,
      17.546222686767578,
      12.827402114868164,
      24.835594177246094,
      18.652528762817383,
      19.189735412597656,
      18.862558364868164,
      19.756549835205078,
      18.654035568237305,
      20.254680633544922,
      18.363245010375977,
      19.72954750061035,
      17.97148895263672,
      18.517105102539062,
      16.968061447143555
    ],
    [
      10.470383644104004,
      7.594601631164551,
      14.462016105651855,
      9.273634910583496,
      14.81018352508545,
      16.801071166992188,
      18.652528762817383,
      27.247169494628906,
      17.9483699798584,
      23.37986946105957,
      18.629127502441406,
      21.675460815429688,
      18.93450164794922,
      19.981828689575195,
      18.810626983642578,
      20.81554412841797,
      18.9658260345459,
      21.635482788085938
    ],
    [
      9.450455665588379,
      6.636740684509277,
      12.988783836364746,
      7.119237899780273,
      14.956705093383789,
      12.645302772521973,
      19.189735412597656,
      17.9483699798584,
      22.400390625,
      21.1597900390625,
      19.76863670349121,
      19.2623233795166,
      20.516223907470703,
      19.129547119140625,
      19.532878875732422,
      18.02052879333496,
      18.03980827331543,
      17.31216049194336
    ],
    [
      7.028776168823242,
      4.759028911590576,
      10.793106079101562,
      3.8542323112487793,
      12.850430488586426,
      12.283034324645996,
      18.862558364868164,
      23.37986946105957,
      21.1597900390625,
      32.60343551635742,
      19.25934410095215,
      26.70311737060547,
      19.531169891357422,
      24.638219833374023,
      18.515974044799805,
      23.787094116210938,
      18.501243591308594,
      22.822145462036133
    ],
    [
      11.047436714172363,
      7.813727378845215,
      16.41216468811035,
      7.895077228546143,
      17.57219696044922,
      15.654881477355957,
      19.756549835205078,
      18.629127502441406,
      19.76863670349121,
      19.25934410095215,
      27.451171875,
      21.76218032836914,
      25.97589683532715,
      21.653594970703125,
      23.99955177307129,
      20.223613739013672,
      21.21676254272461,
      18.627029418945312
    ],
    [
      7.420826435089111,
      4.382438659667969,
      8.883965492248535,
      1.3101006746292114,
      12.806683540344238,
      11.14498519897461,
      18.654035568237305,
      21.675460815429688,
      19.2623233795166,
      26.70311737060547,
      21.76218032836914,
      33.44859313964844,
      20.933469772338867,
      28.05828857421875,
      18.693344116210938,
      25.387975692749023,
      17.12350845336914,
      21.176414489746094
    ],
    [
      13.134705543518066,
      8.918381690979004,
      17.197858810424805,
      8.097650527954102,
      17.3840274810791,
      15.535646438598633,
      20.254680633544922,
      18.93450164794922,
      20.516223907470703,
      19.531169891357422,
      25.97589683532715,
      20.933469772338867,
      35.162960052490234,
      26.783985137939453,
      30.13146209716797,
      23.613067626953125,
      23.857830047607422,
      19.9438419342041
    ],
    [
      8.922098159790039,
      5.5892415046691895,
      10.16818618774414,
      3.1834604740142822,
      13.168354034423828,
      11.211356163024902,
      18.363245010375977,
      19.981828689575195,
      19.129547119140625,
      24.638219833374023,
      21.653594970703125,
      28.05828857421875,
      26.783985137939453,
      33.51658630371094,
      23.24235725402832,
      27.093461990356445,
      19.560827255249023,
      22.135217666625977
    ],
    [
      14.07069206237793,
      9.459863662719727,
      18.34695816040039,
      10.977446556091309,
      17.793001174926758,
      16.463266372680664,
      19.72954750061035,
      18.810626983642578,
      19.532878875732422,
      18.515974044799805,
      23.99955177307129,
      18.693344116210938,
      30.13146209716797,
      23.24235725402832,
      31.07461166381836,
      23.454877853393555,
      24.87222671508789,
      20.406553268432617
    ],
    [
      9.188422203063965,
      5.527871608734131,
      11.548495292663574,
      6.334072589874268,
      13.673486709594727,
      13.235154151916504,
      17.97148895263672,
      20.81554412841797,
      18.02052879333496,
      23.787094116210938,
      20.223613739013672,
      25.387975692749023,
      23.613067626953125,
      27.093461990356445,
      23.454877853393555,
      27.91205596923828,
      20.142669677734375,
      22.4035701751709
    ],
    [
      11.946183204650879,
      7.999537944793701,
      19.59861183166504,
      13.582058906555176,
      16.698486328125,
      16.246965408325195,
      18.517105102539062,
      18.9658260345459,
      18.03980827331543,
      18.501243591308594,
      21.21676254272461,
      17.12350845336914,
      23.857830047607422,
      19.560827255249023,
      24.87222671508789,
      20.142669677734375,
      26.156431198120117,
      22.077938079833984
    ],
    [
      9.811222076416016,
      6.316625118255615,
      15.940074920654297,
      11.784875869750977,
      14.790882110595703,
      16.53272819519043,
      16.968061447143555,
      21.635482788085938,
      17.31216049194336,
      22.822145462036133,
      18.627029418945312,
      21.176414489746094,
      19.9438419342041,
      22.135217666625977,
      20.406553268432617,
      22.4035701751709,
      22.077938079833984,
      26.387924194335938
    ]
  ],
  "damage": -9.250753402709961,
  "diff_bandwidth": 557.6014404296875,
  "dissonance": 8.244180540635794,
  "drr": 3.371730327606201,
  "dynamics": 2.4940807819366455,
  "format": 1245190,
  "frames": 2658304,
  "loudness": -12.983396530151367,
  "loudness_range": 6.000059127807617,
  "loudness_range_short": 8.749593734741211,
  "lowpass_true_peak_15khz": 0.11523856967687607,
  "mastering3_acoustic_entropies": [
    {
      "acoustic_entropy": 5.452346324920654,
      "acoustic_entropy_mono": 5.367005825042725,
      "band_eliminated_acoustic_entropies": [
        {
          "acoustic_entropy": 5.4703826904296875,
          "acoustic_entropy_side": 5.452293395996094,
          "hz": 129.47220167065723
        },
        {
          "acoustic_entropy": 5.436354160308838,
          "acoustic_entropy_side": 5.412450313568115,
          "hz": 202.92927478742237
        },
        {
          "acoustic_entropy": 5.35871696472168,
          "acoustic_entropy_side": 5.137238025665283,
          "hz": 282.89161906338205
        },
        {
          "acoustic_entropy": 5.653688907623291,
          "acoustic_entropy_side": 5.419625759124756,
          "hz": 369.9353335868758
        },
        {
          "acoustic_entropy": 5.022945880889893,
          "acoustic_entropy_side": 5.632857799530029,
          "hz": 464.6875360973435
        },
        {
          "acoustic_entropy": 5.054031848907471,
          "acoustic_entropy_side": 5.554561138153076,
          "hz": 567.8308811364784
        },
        {
          "acoustic_entropy": 4.929802417755127,
          "acoustic_entropy_side": 5.6425347328186035,
          "hz": 680.1084783214808
        },
        {
          "acoustic_entropy": 5.084858417510986,
          "acoustic_entropy_side": 5.623620986938477,
          "hz": 802.3292461747484
        },
        {
          "acoustic_entropy": 5.65693473815918,
          "acoustic_entropy_side": 5.4549126625061035,
          "hz": 935.3737400823702
        },
        {
          "acoustic_entropy": 4.927062511444092,
          "acoustic_entropy_side": 5.348618507385254,
          "hz": 1080.2004963696966
        },
        {
          "acoustic_entropy": 5.5011420249938965,
          "acoustic_entropy_side": 5.395172119140625,
          "hz": 1237.8529382007157
        },
        {
          "acoustic_entropy": 5.012851715087891,
          "acoustic_entropy_side": 5.513769626617432,
          "hz": 1409.4668930556702
        },
        {
          "acoustic_entropy": 5.437290191650391,
          "acoustic_entropy_side": 5.26004695892334,
          "hz": 1596.2787759475705
        },
        {
          "acoustic_entropy": 5.26487398147583,
          "acoustic_entropy_side": 5.380350589752197,
          "hz": 1799.6344973346393
        },
        {
          "acoustic_entropy": 5.369265556335449,
          "acoustic_entropy_side": 5.375602722167969,
          "hz": 2020.9991599069049
        },
        {
          "acoustic_entropy": 5.510178565979004,
          "acoustic_entropy_side": 5.384398937225342,
          "hz": 2261.9676141086993
        },
        {
          "acoustic_entropy": 5.5065155029296875,
          "acoustic_entropy_side": 5.441176891326904,
          "hz": 2524.2759484456974
        },
        {
          "acoustic_entropy": 5.404595375061035,
          "acoustic_entropy_side": 5.429112911224365,
          "hz": 2809.813997359896
        },
        {
          "acoustic_entropy": 5.329465866088867,
          "acoustic_entropy_side": 5.421627044677734,
          "hz": 3120.6389567871424
        },
        {
          "acoustic_entropy": 5.545671463012695,
          "acoustic_entropy_side": 5.457980632781982,
          "hz": 3458.990205492291
        },
        {
          "acoustic_entropy": 5.433226108551025,
          "acoustic_entropy_side": 5.466333866119385,
          "hz": 3827.305438964164
        },
        {
          "acoustic_entropy": 5.490697860717773,
          "acoustic_entropy_side": 5.4384565353393555,
          "hz": 4228.238232109126
        },
        {
          "acoustic_entropy": 5.489070415496826,
          "acoustic_entropy_side": 5.448249816894531,
          "hz": 4664.6771572759235
        },
        {
          "acoustic_entropy": 5.316756248474121,
          "acoustic_entropy_side": 5.449970722198486,
          "hz": 5139.766595350093
        },
        {
          "acoustic_entropy": 5.423671722412109,
          "acoustic_entropy_side": 5.444282531738281,
          "hz": 5656.929389854203
        },
        {
          "acoustic_entropy": 5.448483467102051,
          "acoustic_entropy_side": 5.459567546844482,
          "hz": 6219.891507268283
        },
        {
          "acoustic_entropy": 5.431619167327881,
          "acoustic_entropy_side": 5.449150085449219,
          "hz": 6832.70888123896
        },
        {
          "acoustic_entropy": 5.4836106300354,
          "acoustic_entropy_side": 5.4528350830078125,
          "hz": 7499.796634079867
        },
        {
          "acoustic_entropy": 5.464648723602295,
          "acoustic_entropy_side": 5.453739643096924,
          "hz": 8225.96088609342
        },
        {
          "acoustic_entropy": 5.498983383178711,
          "acoustic_entropy_side": 5.454753398895264,
          "hz": 9016.43338188839
        },
        {
          "acoustic_entropy": 5.562806129455566,
          "acoustic_entropy_side": 5.455224514007568,
          "hz": 9876.909183162974
        },
        {
          "acoustic_entropy": 5.562967777252197,
          "acoustic_entropy_side": 5.454159736633301,
          "hz": 10813.587699516042
        },
        {
          "acoustic_entropy": 5.535238742828369,
          "acoustic_entropy_side": 5.45407247543335,
          "hz": 11833.21735289826
        },
        {
          "acoustic_entropy": 5.525689601898193,
          "acoustic_entropy_side": 5.452559471130371,
          "hz": 12943.144197493959
        },
        {
          "acoustic_entropy": 5.492349624633789,
          "acoustic_entropy_side": 5.451425075531006,
          "hz": 14151.364845322005
        },
        {
          "acoustic_entropy": 5.458940505981445,
          "acoustic_entropy_side": 5.450618267059326,
          "hz": 15466.58407886509
        },
        {
          "acoustic_entropy": 5.457991123199463,
          "acoustic_entropy_side": 5.451254367828369,
          "hz": 16898.27756580493
        },
        {
          "acoustic_entropy": 5.45540714263916,
          "acoustic_entropy_side": 5.4515910148620605,
          "hz": 18456.760127700032
        },
        {
          "acoustic_entropy": 5.455101490020752,
          "acoustic_entropy_side": 5.452192306518555,
          "hz": 20153.260054456492
        },
        {
          "acoustic_entropy": 5.453098773956299,
          "acoustic_entropy_side": 5.4523420333862305,
          "hz": 22000.00000000001
        }
      ],
      "diff_acoustic_entropy": 5.296639919281006,
      "sn": 6
    },
    {
      "acoustic_entropy": 9.04578971862793,
      "acoustic_entropy_mono": 7.826262474060059,
      "band_eliminated_acoustic_entropies": [
        {
          "acoustic_entropy": 8.940762519836426,
          "acoustic_entropy_side": 9.040484428405762,
          "hz": 129.47220167065723
        },
        {
          "acoustic_entropy": 8.845858573913574,
          "acoustic_entropy_side": 8.8740873336792,
          "hz": 202.92927478742237
        },
        {
          "acoustic_entropy": 8.865252494812012,
          "acoustic_entropy_side": 8.944559097290039,
          "hz": 282.89161906338205
        },
        {
          "acoustic_entropy": 8.836577415466309,
          "acoustic_entropy_side": 9.13839054107666,
          "hz": 369.9353335868758
        },
        {
          "acoustic_entropy": 8.456852912902832,
          "acoustic_entropy_side": 9.33471393585205,
          "hz": 464.6875360973435
        },
        {
          "acoustic_entropy": 8.622117042541504,
          "acoustic_entropy_side": 9.694451332092285,
          "hz": 567.8308811364784
        },
        {
          "acoustic_entropy": 9.284248352050781,
          "acoustic_entropy_side": 9.051528930664062,
          "hz": 680.1084783214808
        },
        {
          "acoustic_entropy": 8.202465057373047,
          "acoustic_entropy_side": 9.4566068649292,
          "hz": 802.3292461747484
        },
        {
          "acoustic_entropy": 9.274199485778809,
          "acoustic_entropy_side": 9.067453384399414,
          "hz": 935.3737400823702
        },
        {
          "acoustic_entropy": 9.267831802368164,
          "acoustic_entropy_side": 9.112424850463867,
          "hz": 1080.2004963696966
        },
        {
          "acoustic_entropy": 9.316024780273438,
          "acoustic_entropy_side": 8.984708786010742,
          "hz": 1237.8529382007157
        },
        {
          "acoustic_entropy": 9.120219230651855,
          "acoustic_entropy_side": 9.348335266113281,
          "hz": 1409.4668930556702
        },
        {
          "acoustic_entropy": 8.669896125793457,
          "acoustic_entropy_side": 9.033330917358398,
          "hz": 1596.2787759475705
        },
        {
          "acoustic_entropy": 8.967438697814941,
          "acoustic_entropy_side": 9.04707145690918,
          "hz": 1799.6344973346393
        },
        {
          "acoustic_entropy": 9.095868110656738,
          "acoustic_entropy_side": 9.049560546875,
          "hz": 2020.9991599069049
        },
        {
          "acoustic_entropy": 9.222089767456055,
          "acoustic_entropy_side": 9.125067710876465,
          "hz": 2261.9676141086993
        },
        {
          "acoustic_entropy": 9.22561264038086,
          "acoustic_entropy_side": 9.181734085083008,
          "hz": 2524.2759484456974
        },
        {
          "acoustic_entropy": 9.205224990844727,
          "acoustic_entropy_side": 9.402788162231445,
          "hz": 2809.813997359896
        },
        {
          "acoustic_entropy": 9.249271392822266,
          "acoustic_entropy_side": 9.171785354614258,
          "hz": 3120.6389567871424
        },
        {
          "acoustic_entropy": 9.358291625976562,
          "acoustic_entropy_side": 9.344121932983398,
          "hz": 3458.990205492291
        },
        {
          "acoustic_entropy": 8.841693878173828,
          "acoustic_entropy_side": 8.999305725097656,
          "hz": 3827.305438964164
        },
        {
          "acoustic_entropy": 9.078389167785645,
          "acoustic_entropy_side": 8.929840087890625,
          "hz": 4228.238232109126
        },
        {
          "acoustic_entropy": 9.082212448120117,
          "acoustic_entropy_side": 8.918109893798828,
          "hz": 4664.6771572759235
        },
        {
          "acoustic_entropy": 9.01616382598877,
          "acoustic_entropy_side": 8.887164115905762,
          "hz": 5139.766595350093
        },
        {
          "acoustic_entropy": 8.854921340942383,
          "acoustic_entropy_side": 8.957980155944824,
          "hz": 5656.929389854203
        },
        {
          "acoustic_entropy": 8.89210319519043,
          "acoustic_entropy_side": 8.916647911071777,
          "hz": 6219.891507268283
        },
        {
          "acoustic_entropy": 8.98069953918457,
          "acoustic_entropy_side": 8.949965476989746,
          "hz": 6832.70888123896
        },
        {
          "acoustic_entropy": 8.93554973602295,
          "acoustic_entropy_side": 8.992085456848145,
          "hz": 7499.796634079867
        },
        {
          "acoustic_entropy": 8.882015228271484,
          "acoustic_entropy_side": 8.986135482788086,
          "hz": 8225.96088609342
        },
        {
          "acoustic_entropy": 8.810873031616211,
          "acoustic_entropy_side": 9.039572715759277,
          "hz": 9016.43338188839
        },
        {
          "acoustic_entropy": 9.020334243774414,
          "acoustic_entropy_side": 9.067432403564453,
          "hz": 9876.909183162974
        },
        {
          "acoustic_entropy": 9.023486137390137,
          "acoustic_entropy_side": 9.076476097106934,
          "hz": 10813.587699516042
        },
        {
          "acoustic_entropy": 8.96389102935791,
          "acoustic_entropy_side": 9.052229881286621,
          "hz": 11833.21735289826
        },
        {
          "acoustic_entropy": 8.901283264160156,
          "acoustic_entropy_side": 9.070868492126465,
          "hz": 12943.144197493959
        },
        {
          "acoustic_entropy": 8.884635925292969,
          "acoustic_entropy_side": 9.083269119262695,
          "hz": 14151.364845322005
        },
        {
          "acoustic_entropy": 8.924603462219238,
          "acoustic_entropy_side": 9.089179039001465,
          "hz": 15466.58407886509
        },
        {
          "acoustic_entropy": 8.970585823059082,
          "acoustic_entropy_side": 9.07843017578125,
          "hz": 16898.27756580493
        },
        {
          "acoustic_entropy": 9.012213706970215,
          "acoustic_entropy_side": 9.069217681884766,
          "hz": 18456.760127700032
        },
        {
          "acoustic_entropy": 8.998751640319824,
          "acoustic_entropy_side": 9.057579040527344,
          "hz": 20153.260054456492
        },
        {
          "acoustic_entropy": 9.0364351272583,
          "acoustic_entropy_side": 9.047036170959473,
          "hz": 22000.00000000001
        }
      ],
      "diff_acoustic_entropy": 7.750294208526611,
      "sn": 12
    },
    {
      "acoustic_entropy": 13.9210844039917,
      "acoustic_entropy_mono": 11.772939682006836,
      "band_eliminated_acoustic_entropies": [
        {
          "acoustic_entropy": 13.160989761352539,
          "acoustic_entropy_side": 13.960464477539062,
          "hz": 129.47220167065723
        },
        {
          "acoustic_entropy": 14.512227058410645,
          "acoustic_entropy_side": 14.12103271484375,
          "hz": 202.92927478742237
        },
        {
          "acoustic_entropy": 13.23720645904541,
          "acoustic_entropy_side": 13.186287879943848,
          "hz": 282.89161906338205
        },
        {
          "acoustic_entropy": 13.774267196655273,
          "acoustic_entropy_side": 14.499795913696289,
          "hz": 369.9353335868758
        },
        {
          "acoustic_entropy": 13.062679290771484,
          "acoustic_entropy_side": 13.104869842529297,
          "hz": 464.6875360973435
        },
        {
          "acoustic_entropy": 13.595888137817383,
          "acoustic_entropy_side": 14.254942893981934,
          "hz": 567.8308811364784
        },
        {
          "acoustic_entropy": 13.557470321655273,
          "acoustic_entropy_side": 13.484918594360352,
          "hz": 680.1084783214808
        },
        {
          "acoustic_entropy": 13.37234878540039,
          "acoustic_entropy_side": 13.947553634643555,
          "hz": 802.3292461747484
        },
        {
          "acoustic_entropy": 13.352643966674805,
          "acoustic_entropy_side": 13.911101341247559,
          "hz": 935.3737400823702
        },
        {
          "acoustic_entropy": 12.512785911560059,
          "acoustic_entropy_side": 13.53625774383545,
          "hz": 1080.2004963696966
        },
        {
          "acoustic_entropy": 12.845437049865723,
          "acoustic_entropy_side": 13.465910911560059,
          "hz": 1237.8529382007157
        },
        {
          "acoustic_entropy": 13.325244903564453,
          "acoustic_entropy_side": 13.71286678314209,
          "hz": 1409.4668930556702
        },
        {
          "acoustic_entropy": 12.961127281188965,
          "acoustic_entropy_side": 14.138187408447266,
          "hz": 1596.2787759475705
        },
        {
          "acoustic_entropy": 13.069453239440918,
          "acoustic_entropy_side": 13.493765830993652,
          "hz": 1799.6344973346393
        },
        {
          "acoustic_entropy": 14.053908348083496,
          "acoustic_entropy_side": 13.644092559814453,
          "hz": 2020.9991599069049
        },
        {
          "acoustic_entropy": 13.95358657836914,
          "acoustic_entropy_side": 14.062995910644531,
          "hz": 2261.9676141086993
        },
        {
          "acoustic_entropy": 13.94152545928955,
          "acoustic_entropy_side": 13.741982460021973,
          "hz": 2524.2759484456974
        },
        {
          "acoustic_entropy": 13.909552574157715,
          "acoustic_entropy_side": 14.018467903137207,
          "hz": 2809.813997359896
        },
        {
          "acoustic_entropy": 13.377931594848633,
          "acoustic_entropy_side": 13.324416160583496,
