{
  "acoustic_entropy": 125.11681365966797,
  "bands": [
    {
      "high_freq": 148.1999969482422,
      "loudness": -37.1400146484375,
      "loudness_range": 19.484254837036133,
      "mid_mean": -44.044822692871094,
      "mid_to_side_loudness": -31.88890838623047,
      "mid_to_side_loudness_range": 3.007356643676758,
      "side_mean": -65.97332000732422
    },
    {
      "high_freq": 392.3793640136719,
      "loudness": -28.273693084716797,
      "loudness_range": 15.163351058959961,
      "low_freq": 148.1999969482422,
      "mid_mean": -26.08148765563965,
      "mid_to_side_loudness": -35.68407440185547,
      "mid_to_side_loudness_range": 15.734224319458008,
      "side_mean": -62.247962951660156
    },
    {
      "high_freq": 794.6976318359375,
      "loudness": -33.136295318603516,
      "loudness_range": 17.41982078552246,
      "low_freq": 392.3793640136719,
      "mid_mean": -31.168087005615234,
      "mid_to_side_loudness": -34.10388946533203,
      "mid_to_side_loudness_range": 7.902795791625977,
      "side_mean": -64.5502700805664
    },
    {
      "high_freq": 1457.5709228515625,
      "loudness": -37.92646408081055,
      "loudness_range": 20.324745178222656,
      "low_freq": 794.6976318359375,
      "mid_mean": -50.111000061035156,
      "mid_to_side_loudness": -34.1435661315918,
      "mid_to_side_loudness_range": 8.495647430419922,
      "side_mean": -66.85751342773438
    },
    {
      "high_freq": 2549.74365234375,
      "loudness": -39.347286224365234,
      "loudness_range": 20.225080490112305,
      "low_freq": 1457.5709228515625,
      "mid_mean": -50.49147415161133,
      "mid_to_side_loudness": -36.316715240478516,
      "mid_to_side_loudness_range": 14.426803588867188,
      "side_mean": -67.82382202148438
    },
    {
      "high_freq": 4349.24462890625,
      "loudness": -41.885128021240234,
      "loudness_range": 18.852550506591797,
      "low_freq": 2549.74365234375,
      "mid_mean": -52.262420654296875,
      "mid_to_side_loudness": -38.49807357788086,
      "mid_to_side_loudness_range": 19.77692222595215,
      "side_mean": -68.9729995727539
    },
    {
      "high_freq": 7314.1640625,
      "loudness": -51.54501724243164,
      "loudness_range": 25.099609375,
      "low_freq": 4349.24462890625,
      "mid_mean": -57.73442459106445,
      "mid_to_side_loudness": -46.83205795288086,
      "mid_to_side_loudness_range": 34.032386779785156,
      "side_mean": -69.86979675292969
    },
    {
      "high_freq": 12199.2666015625,
      "loudness": -60.389671325683594,
      "loudness_range": 33.50135040283203,
      "low_freq": 7314.1640625,
      "mid_mean": -60.66557312011719,
      "mid_to_side_loudness": -51.77192306518555,
      "mid_to_side_loudness_range": 36.365074157714844,
      "side_mean": -69.99021911621094
    },
    {
      "loudness": -70.69718170166016,
      "loudness_range": 24.45352554321289,
      "low_freq": 12199.2666015625,
      "mid_mean": -64.28411865234375,
      "mid_to_side_loudness": -61.236812591552734,
      "mid_to_side_loudness_range": 36.34748458862305,
      "side_mean": -69.99996185302734
    }
  ],
  "bands_short": [
    {
      "high_freq": 148.1999969482422,
      "loudness": -42.416770935058594,
      "loudness_range": 28.02433967590332,
      "mid_mean": -51.344459533691406,
      "mid_to_side_loudness": -32.1766357421875,
      "mid_to_side_loudness_range": 8.203123092651367,
      "side_mean": -67.49830627441406
    },
    {
      "high_freq": 392.3793640136719,
      "loudness": -28.48009490966797,
      "loudness_range": 18.38155746459961,
      "low_freq": 148.1999969482422,
      "mid_mean": -28.765819549560547,
      "mid_to_side_loudness": -34.0234260559082,
      "mid_to_side_loudness_range": 13.999429702758789,
      "side_mean": -63.11947250366211
    },
    {
      "high_freq": 794.6976318359375,
      "loudness": -34.14970397949219,
      "loudness_range": 24.425996780395508,
      "low_freq": 392.3793640136719,
      "mid_mean": -43.07270431518555,
      "mid_to_side_loudness": -33.24262619018555,
      "mid_to_side_loudness_range": 10.49223518371582,
      "side_mean": -65.4374008178711
    },
    {
      "high_freq": 1457.5709228515625,
      "loudness": -40.631988525390625,
      "loudness_range": 28.572412490844727,
      "low_freq": 794.6976318359375,
      "mid_mean": -53.53447341918945,
      "mid_to_side_loudness": -34.84261703491211,
      "mid_to_side_loudness_range": 16.84964942932129,
      "side_mean": -67.62592315673828
    },
    {
      "high_freq": 2549.74365234375,
      "loudness": -41.87580108642578,
      "loudness_range": 26.666614532470703,
      "low_freq": 1457.5709228515625,
      "mid_mean": -53.9842643737793,
      "mid_to_side_loudness": -36.621803283691406,
      "mid_to_side_loudness_range": 23.095407485961914,
      "side_mean": -68.58594512939453
    },
    {
      "high_freq": 4349.24462890625,
      "loudness": -44.283447265625,
      "loudness_range": 26.973798751831055,
      "low_freq": 2549.74365234375,
      "mid_mean": -55.556339263916016,
      "mid_to_side_loudness": -37.64236831665039,
      "mid_to_side_loudness_range": 26.744647979736328,
      "side_mean": -69.28466796875
    },
    {
      "high_freq": 7314.1640625,
      "loudness": -56.05328369140625,
      "loudness_range": 31.41278839111328,
      "low_freq": 4349.24462890625,
      "mid_mean": -60.947994232177734,
      "mid_to_side_loudness": -48.35622787475586,
      "mid_to_side_loudness_range": 38.44593048095703,
      "side_mean": -69.90673065185547
    },
    {
      "high_freq": 12199.2666015625,
      "loudness": -65.23832702636719,
      "loudness_range": 29.84687042236328,
      "low_freq": 7314.1640625,
      "mid_mean": -62.97648620605469,
      "mid_to_side_loudness": -60.3961296081543,
      "mid_to_side_loudness_range": 40.40926742553711,
      "side_mean": -69.99237060546875
    },
    {
      "loudness": -71.85960388183594,
      "loudness_range": 18.875179290771484,
      "low_freq": 12199.2666015625,
      "mid_mean": -65.18968963623047,
      "mid_to_side_loudness": -60.427852630615234,
      "mid_to_side_loudness_range": 39.99065399169922,
      "side_mean": -69.99995422363281
    }
  ],
  "bandwidth": 496.2688293457031,
  "channels": 2,
  "covariance": [
    [
      266.8119201660156,
      67.71971893310547,
      37.94116973876953,
      100.9024429321289,
      45.19440460205078,
      74.81729125976562,
      257.1460266113281,
      44.40095138549805,
      250.52154541015625,
      33.21080780029297,
      229.35670471191406,
      14.950658798217773,
      150.1634521484375,
      1.7785215377807617,
      106.3811264038086,
      0.1369018703699112,
      53.17684555053711,
      -0.0004709185450337827
    ],
    [
      67.71971893310547,
      21.371387481689453,
      15.584303855895996,
      26.08033561706543,
      21.100351333618164,
      21.13198471069336,
      66.42696380615234,
      12.286615371704102,
      66.67684173583984,
      9.719717979431152,
      62.57380294799805,
      4.106694221496582,
      42.457115173339844,
      0.46300333738327026,
      32.927608489990234,
      0.02451355755329132,
      17.179304122924805,
      -8.448983135167509e-05
    ],
    [
      37.94116973876953,
      15.584303855895996,
      75.61039733886719,
      44.03955078125,
      61.625911712646484,
      27.610193252563477,
      73.03466796875,
      16.298702239990234,
      56.70914840698242,
      10.202489852905273,
      57.20590591430664,
      6.354199409484863,
      35.505741119384766,
      0.5229621529579163,
      24.310190200805664,
      0.07815489172935486,
      12.743607521057129,
      0.00013394573761615902
    ],
    [
      100.9024429321289,
      26.08033561706543,
      44.03955078125,
      57.21657943725586,
      38.578399658203125,
      38.5860481262207,
      126.42668914794922,
      22.215269088745117,
      118.62481689453125,
      15.41426944732666,
      109.88935852050781,
      7.9877214431762695,
      72.00108337402344,
      0.820761501789093,
      47.930747985839844,
      0.07668041437864304,
      23.974096298217773,
      -7.261944119818509e-05
    ],
    [
      45.19440460205078,
      21.100351333618164,
      61.625911712646484,
      38.578399658203125,
      88.15634155273438,
      41.598777770996094,
      88.96150207519531,
      25.57659912109375,
      65.91130065917969,
      13.812532424926758,
      67.01358032226562,
      5.579139232635498,
      48.202056884765625,
      0.310047447681427,
      41.91523742675781,
      0.06584174931049347,
      23.122385025024414,
      2.450296415190678e-05
    ],
    [
      74.81729125976562,
      21.13198471069336,
      27.610193252563477,
      38.5860481262207,
      41.598777770996094,
      34.154449462890625,
      96.86101531982422,
      20.2646484375,
      88.82585144042969,
      12.532401084899902,
      82.6912841796875,
      5.369290351867676,
      56.51802062988281,
      0.43826472759246826,
      41.81171798706055,
      0.05506634712219238,
      21.627227783203125,
      -9.83777063083835e-05
    ],
    [
      257.1460266113281,
      66.42696380615234,
      73.03466796875,
      126.42668914794922,
      88.96150207519531,
      96.86101531982422,
      326.5664978027344,
      64.92510986328125,
      291.323486328125,
      35.17707824707031,
      267.3965759277344,
      15.851099967956543,
      180.9347381591797,
      2.0842297077178955,
      123.06877899169922,
      0.1596299111843109,
      62.68729019165039,
      -0.0002665147476363927
    ],
    [
      44.40095138549805,
      12.286615371704102,
      16.298702239990234,
      22.215269088745117,
      25.57659912109375,
      20.2646484375,
      64.92510986328125,
      18.649869918823242,
      48.84589385986328,
      5.586736679077148,
      45.6790885925293,
      2.0802438259124756,
      31.62234878540039,
      0.32637327909469604,
      21.48590087890625,
      0.021736307069659233,
      10.962333679199219,
      -5.1543127483455464e-05
    ],
    [
      250.52154541015625,
      66.67684173583984,
      56.70914840698242,
      118.62481689453125,
      65.91130065917969,
      88.82585144042969,
      291.323486328125,
      48.84589385986328,
      303.52398681640625,
      43.85480499267578,
      276.3553161621094,
      19.00487518310547,
      184.97467041015625,
      2.1592514514923096,
      128.23194885253906,
      0.15200988948345184,
      62.58015823364258,
      -0.00029990627081133425
    ],
    [
      33.21080780029297,
      9.719717979431152,
      10.202489852905273,
      15.41426944732666,
      13.812532424926758,
      12.532401084899902,
      35.17707824707031,
      5.586736679077148,
      43.85480499267578,
      12.295930862426758,
      37.973079681396484,
      4.560476303100586,
      23.05907440185547,
      0.17063502967357635,
      16.156938552856445,
      -0.00013845897046849132,
      5.784663200378418,
      -4.7099882067414e-05
    ],
    [
      229.35670471191406,
      62.57380294799805,
      57.20590591430664,
      109.88935852050781,
      67.01358032226562,
      82.6912841796875,
      267.3965759277344,
      45.6790885925293,
      276.3553161621094,
      37.973079681396484,
      264.87518310546875,
      19.155799865722656,
      180.3459014892578,
      2.2219343185424805,
      126.96300506591797,
      0.1477222442626953,
      63.55923843383789,
      -0.0002217954461229965
    ],
    [
      14.950658798217773,
      4.106694221496582,
      6.354199409484863,
      7.9877214431762695,
      5.579139232635498,
      5.369290351867676,
      15.851099967956543,
      2.0802438259124756,
      19.00487518310547,
      4.560476303100586,
      19.155799865722656,
      3.6861884593963623,
      11.455467224121094,
      0.09500830620527267,
      7.112590312957764,
      -0.0013551153242588043,
      2.297482490539551,
      1.3478517757903319e-05
    ],
    [
      150.1634521484375,
      42.457115173339844,
      35.505741119384766,
      72.00108337402344,
      48.202056884765625,
      56.51802062988281,
      180.9347381591797,
      31.62234878540039,
      184.97467041015625,
      23.05907440185547,
      180.3459014892578,
      11.455467224121094,
      146.63023376464844,
      2.9410979747772217,
      106.18329620361328,
      0.2484409362077713,
      59.32403564453125,
      -0.00016037737077567726
    ],
    [
      1.7785215377807617,
      0.46300333738327026,
      0.5229621529579163,
      0.820761501789093,
      0.310047447681427,
      0.43826472759246826,
      2.0842297077178955,
      0.32637327909469604,
      2.1592514514923096,
      0.17063502967357635,
      2.2219343185424805,
      0.09500830620527267,
      2.9410979747772217,
      0.33787304162979126,
      2.127577066421509,
      0.02730422653257847,
      1.452941656112671,
      -2.4412490802205866e-06
    ],
    [
      106.3811264038086,
      32.927608489990234,
      24.310190200805664,
      47.930747985839844,
      41.91523742675781,
      41.81171798706055,
      123.06877899169922,
      21.48590087890625,
      128.23194885253906,
      16.156938552856445,
      126.96300506591797,
      7.112590312957764,
      106.18329620361328,
      2.127577066421509,
      90.46627044677734,
      0.23000502586364746,
      52.48630142211914,
      -0.0001423344947397709
    ],
    [
      0.1369018703699112,
      0.02451355755329132,
      0.07815489172935486,
      0.07668041437864304,
      0.06584174931049347,
      0.05506634712219238,
      0.1596299111843109,
      0.021736307069659233,
      0.15200988948345184,
      -0.00013845897046849132,
      0.1477222442626953,
      -0.0013551153242588043,
      0.2484409362077713,
      0.02730422653257847,
      0.23000502586364746,
      0.006315623875707388,
      0.16921241581439972,
      -2.6673498609852686e-07
    ],
    [
      53.17684555053711,
      17.179304122924805,
      12.743607521057129,
      23.974096298217773,
      23.122385025024414,
      21.627227783203125,
      62.68729019165039,
      10.962333679199219,
      62.58015823364258,
      5.784663200378418,
      63.55923843383789,
      2.297482490539551,
      59.32403564453125,
      1.452941656112671,
      52.48630142211914,
      0.16921241581439972,
      37.412662506103516,
      -0.00012437764962669462
    ],
    [
      -0.0004709185450337827,
      -8.448983135167509e-05,
      0.00013394573761615902,
      -7.261944119818509e-05,
      2.450296415190678e-05,
      -9.83777063083835e-05,
      -0.0002665147476363927,
      -5.1543127483455464e-05,
      -0.00029990627081133425,
      -4.7099882067414e-05,
      -0.0002217954461229965,
      1.3478517757903319e-05,
      -0.00016037737077567726,
      -2.4412490802205866e-06,
      -0.0001423344947397709,
      -2.6673498609852686e-07,
      -0.00012437764962669462,
      3.972570539190201e-08
    ]
  ],
  "covariance_short": [
    [
      244.67886352539062,
      50.44927215576172,
      91.54938507080078,
      100.86019897460938,
      224.61434936523438,
      66.36274719238281,
      220.9003143310547,
      32.798439025878906,
      216.2250518798828,
      23.870119094848633,
      190.76992797851562,
      11.48335075378418,
      99.50477600097656,
      0.6094448566436768,
      61.52421951293945,
      0.06353940069675446,
      28.548540115356445,
      -0.00018838699907064438
    ],
    [
      50.44927215576172,
      14.454336166381836,
      23.654808044433594,
      19.831558227539062,
      44.274173736572266,
      13.833921432495117,
      40.80208969116211,
      6.452936172485352,
      42.3155517578125,
      5.460691928863525,
      38.510860443115234,
      2.2791616916656494,
      20.199695587158203,
      0.06356336921453476,
      14.383870124816895,
      0.0009137812885455787,
      6.0321364402771,
      -4.2961310100508854e-05
    ],
    [
      91.54938507080078,
      23.654808044433594,
      164.65892028808594,
      78.52461242675781,
      150.41314697265625,
      51.564537048339844,
      132.20046997070312,
      28.119665145874023,
      99.55448150634766,
      15.946019172668457,
      81.77604675292969,
      8.97851276397705,
      25.649751663208008,
      -1.07522714138031,
      7.1541032791137695,
      -0.11295266449451447,
      -2.4604833126068115,
      0.0001782859762897715
    ],
    [
      100.86019897460938,
      19.831558227539062,
      78.52461242675781,
      60.05210876464844,
      130.64625549316406,
      39.48237609863281,
      120.923095703125,
      21.078937530517578,
      109.91584014892578,
      12.570453643798828,
      97.29032897949219,
      6.757116794586182,
      51.384071350097656,
      0.22368623316287994,
      30.54083251953125,
      -0.0016562631353735924,
      14.428971290588379,
      -4.952767267241143e-05
    ],
    [
      224.61434936523438,
      44.274173736572266,
      150.41314697265625,
      130.64625549316406,
      349.9073181152344,
      103.7445068359375,
      296.0456848144531,
      55.98242950439453,
      262.251953125,
      30.493005752563477,
      227.9932861328125,
      14.832037925720215,
      123.09961700439453,
      0.38030484318733215,
      73.45799255371094,
      -0.030195068567991257,
      35.42661666870117,
      -4.3216641643084586e-06
    ],
    [
      66.36274719238281,
      13.833921432495117,
      51.564537048339844,
      39.48237609863281,
      103.7445068359375,
      36.61548614501953,
      93.08329010009766,
      19.875377655029297,
      81.4979019165039,
      10.251143455505371,
      72.23076629638672,
      4.648600101470947,
      40.56352233886719,
      0.1469826102256775,
      25.424949645996094,
      -0.007970504462718964,
      12.020062446594238,
      -8.061673725023866e-05
    ],
    [
      220.9003143310547,
      40.80208969116211,
      132.20046997070312,
      120.923095703125,
      296.0456848144531,
      93.08329010009766,
      299.95782470703125,
      58.96641540527344,
      256.80267333984375,
      26.275102615356445,
      226.69979858398438,
      13.315081596374512,
      129.98208618164062,
      1.0441086292266846,
      77.88748168945312,
      0.0543837770819664,
      41.30790710449219,
      -0.0001287921768380329
    ],
    [
      32.798439025878906,
      6.452936172485352,
      28.119665145874023,
      21.078937530517578,
      55.98242950439453,
      19.875377655029297,
      58.96641540527344,
      18.302953720092773,
      40.75433349609375,
      4.445849895477295,
      36.84029006958008,
      2.178143262863159,
      21.69842529296875,
      0.17812244594097137,
      12.325502395629883,
      0.0004482954682316631,
      5.8517351150512695,
      -2.036066507571377e-05
    ],
    [
      216.2250518798828,
      42.3155517578125,
      99.55448150634766,
      109.91584014892578,
      262.251953125,
      81.4979019165039,
      256.80267333984375,
      40.75433349609375,
      274.80157470703125,
      33.74598693847656,
      243.5929412841797,
      15.41032886505127,
      143.79283142089844,
      1.4327325820922852,
      92.56041717529297,
      0.11628507822751999,
      47.4659309387207,
      -0.0001778944133548066
    ],
    [
      23.870119094848633,
      5.460691928863525,
      15.946019172668457,
      12.570453643798828,
      30.493005752563477,
      10.251143455505371,
      26.275102615356445,
      4.445849895477295,
      33.74598693847656,
      10.691052436828613,
      27.54652976989746,
      3.7866780757904053,
      14.534071922302246,
      0.1017327606678009,
      8.0628023147583,
      0.0026670657098293304,
      2.659438133239746,
      -1.4423894754145294e-05
    ],
    [
      190.76992797851562,
      38.510860443115234,
      81.77604675292969,
      97.29032897949219,
      227.9932861328125,
      72.23076629638672,
      226.69979858398438,
      36.84029006958008,
      243.5929412841797,
      27.54652976989746,
      240.81146240234375,
      16.03963279724121,
      149.7086181640625,
      1.8453781604766846,
      98.00645446777344,
      0.14900891482830048,
      50.92837905883789,
      -0.00015311672177631408
    ],
    [
      11.48335075378418,
      2.2791616916656494,
      8.97851276397705,
      6.757116794586182,
      14.832037925720215,
      4.648600101470947,
      13.315081596374512,
      2.178143262863159,
      15.41032886505127,
      3.7866780757904053,
      16.03963279724121,
      4.024087429046631,
      9.359848022460938,
      0.13152779638767242,
      4.509241580963135,
      0.007887632586061954,
      1.358986258506775,
      6.252681487239897e-06
    ],
    [
      99.50477600097656,
      20.199695587158203,
      25.649751663208008,
      51.384071350097656,
      123.09961700439453,
      40.56352233886719,
      129.98208618164062,
      21.69842529296875,
      143.79283142089844,
      14.534071922302246,
      149.7086181640625,
      9.359848022460938,
      117.07066345214844,
      2.396223545074463,
      80.3133316040039,
      0.24667727947235107,
      44.6081657409668,
      -0.00013405352365225554
    ],
    [
      0.6094448566436768,
      0.06356336921453476,
      -1.07522714138031,
      0.22368623316287994,
      0.38030484318733215,
      0.1469826102256775,
      1.0441086292266846,
      0.17812244594097137,
      1.4327325820922852,
      0.1017327606678009,
      1.8453781604766846,
      0.13152779638767242,
      2.396223545074463,
      0.3890138864517212,
      1.5992813110351562,
      0.022788358852267265,
      1.0272936820983887,
      -2.7003566174244042e-06
    ],
    [
      61.52421951293945,
      14.383870124816895,
      7.1541032791137695,
      30.54083251953125,
      73.45799255371094,
      25.424949645996094,
      77.88748168945312,
      12.325502395629883,
      92.56041717529297,
      8.0628023147583,
      98.00645446777344,
      4.509241580963135,
      80.3133316040039,
      1.5992813110351562,
      72.27883911132812,
      0.2206096649169922,
      39.563133239746094,
      -0.00018204751540906727
    ],
    [
      0.06353940069675446,
      0.0009137812885455787,
      -0.11295266449451447,
      -0.0016562631353735924,
      -0.030195068567991257,
      -0.007970504462718964,
      0.0543837770819664,
      0.0004482954682316631,
      0.11628507822751999,
      0.0026670657098293304,
      0.14900891482830048,
      0.007887632586061954,
      0.24667727947235107,
      0.022788358852267265,
      0.2206096649169922,
      0.018324924632906914,
      0.14987069368362427,
      9.560619673720794e-08
    ],
    [
      28.548540115356445,
      6.0321364402771,
      -2.4604833126068115,
      14.428971290588379,
      35.42661666870117,
      12.020062446594238,
      41.30790710449219,
      5.8517351150512695,
      47.4659309387207,
      2.659438133239746,
      50.92837905883789,
      1.358986258506775,
      44.6081657409668,
      1.0272936820983887,
      39.563133239746094,
      0.14987069368362427,
      27.352956771850586,
      -8.715037984075025e-05
    ],
    [
      -0.00018838699907064438,
      -4.2961310100508854e-05,
      0.0001782859762897715,
      -4.952767267241143e-05,
      -4.3216641643084586e-06,
      -8.061673725023866e-05,
      -0.0001287921768380329,
      -2.036066507571377e-05,
      -0.0001778944133548066,
      -1.4423894754145294e-05,
      -0.00015311672177631408,
      6.252681487239897e-06,
      -0.00013405352365225554,
      -2.7003566174244042e-06,
      -0.00018204751540906727,
      9.560619673720794e-08,
      -8.715037984075025e-05,
      1.6402245250901615e-07
    ]
  ],
  "damage": -17.064062118530273,
  "diff_bandwidth": 520.9395141601562,
  "dissonance": 8.086105566409133,
  "drr": 4.810568332672119,
  "dynamics": 7.0771284103393555,
  "format": 1245190,
  "frames": 1755136,
  "loudness": -22.11641502380371,
  "loudness_range": 16.72869873046875,
  "loudness_range_short": 33.2587890625,
  "lowpass_true_peak_15khz": -3.854753017425537,
  "mastering3_acoustic_entropies": [
    {
      "acoustic_entropy": 7.733151435852051,
      "acoustic_entropy_mono": 7.7332916259765625,
      "band_eliminated_acoustic_entropies": [
        {
          "acoustic_entropy": 7.676487445831299,
          "acoustic_entropy_side": 7.733151435852051,
          "hz": 129.47220167065723
        },
        {
          "acoustic_entropy": 7.7130937576293945,
          "acoustic_entropy_side": 7.733154773712158,
          "hz": 202.92927478742237
        },
        {
          "acoustic_entropy": 8.129159927368164,
          "acoustic_entropy_side": 7.733209609985352,
          "hz": 282.89161906338205
        },
        {
          "acoustic_entropy": 7.1929240226745605,
          "acoustic_entropy_side": 7.733190059661865,
          "hz": 369.9353335868758
        },
        {
          "acoustic_entropy": 8.061769485473633,
          "acoustic_entropy_side": 7.7331862449646,
          "hz": 464.6875360973435
        },
        {
          "acoustic_entropy": 7.3663411140441895,
          "acoustic_entropy_side": 7.733212947845459,
          "hz": 567.8308811364784
        },
        {
          "acoustic_entropy": 7.411777019500732,
          "acoustic_entropy_side": 7.733150959014893,
          "hz": 680.1084783214808
        },
        {
          "acoustic_entropy": 7.467827320098877,
          "acoustic_entropy_side": 7.7331156730651855,
          "hz": 802.3292461747484
        },
        {
          "acoustic_entropy": 7.543609142303467,
          "acoustic_entropy_side": 7.733099460601807,
          "hz": 935.3737400823702
        },
        {
          "acoustic_entropy": 7.609850883483887,
          "acoustic_entropy_side": 7.733107089996338,
          "hz": 1080.2004963696966
        },
        {
          "acoustic_entropy": 7.453012466430664,
          "acoustic_entropy_side": 7.733132839202881,
          "hz": 1237.8529382007157
        },
        {
          "acoustic_entropy": 7.968052864074707,
          "acoustic_entropy_side": 7.733182907104492,
          "hz": 1409.4668930556702
        },
        {
          "acoustic_entropy": 8.050661087036133,
          "acoustic_entropy_side": 7.733184814453125,
          "hz": 1596.2787759475705
        },
        {
          "acoustic_entropy": 7.934139251708984,
          "acoustic_entropy_side": 7.733187198638916,
          "hz": 1799.6344973346393
        },
        {
          "acoustic_entropy": 7.569076061248779,
          "acoustic_entropy_side": 7.733158588409424,
          "hz": 2020.9991599069049
        },
        {
          "acoustic_entropy": 7.6042046546936035,
          "acoustic_entropy_side": 7.73314905166626,
          "hz": 2261.9676141086993
        },
        {
          "acoustic_entropy": 7.7759294509887695,
          "acoustic_entropy_side": 7.733147144317627,
          "hz": 2524.2759484456974
        },
        {
          "acoustic_entropy": 7.083656311035156,
          "acoustic_entropy_side": 7.7331461906433105,
          "hz": 2809.813997359896
        },
        {
          "acoustic_entropy": 7.524446964263916,
          "acoustic_entropy_side": 7.733151912689209,
          "hz": 3120.6389567871424
        },
        {
          "acoustic_entropy": 7.802616596221924,
          "acoustic_entropy_side": 7.733151435852051,
          "hz": 3458.990205492291
        },
        {
          "acoustic_entropy": 7.924612998962402,
          "acoustic_entropy_side": 7.733151912689209,
          "hz": 3827.305438964164
        },
        {
          "acoustic_entropy": 7.756274700164795,
          "acoustic_entropy_side": 7.733151435852051,
          "hz": 4228.238232109126
        },
        {
          "acoustic_entropy": 7.5574421882629395,
          "acoustic_entropy_side": 7.733151435852051,
          "hz": 4664.6771572759235
        },
        {
          "acoustic_entropy": 7.527515411376953,
          "acoustic_entropy_side": 7.733151435852051,
          "hz": 5139.766595350093
        },
        {
          "acoustic_entropy": 7.454659938812256,
          "acoustic_entropy_side": 7.733151435852051,
          "hz": 5656.929389854203
        },
        {
          "acoustic_entropy": 7.56209135055542,
          "acoustic_entropy_side": 7.733151435852051,
          "hz": 6219.891507268283
        },
        {
          "acoustic_entropy": 7.537981033325195,
          "acoustic_entropy_side": 7.733151435852051,
          "hz": 6832.70888123896
        },
        {
          "acoustic_entropy": 7.569545745849609,
          "acoustic_entropy_side": 7.733151435852051,
          "hz": 7499.796634079867
        },
        {
          "acoustic_entropy": 7.616795063018799,
          "acoustic_entropy_side": 7.733151435852051,
          "hz": 8225.96088609342
        },
        {
          "acoustic_entropy": 7.6383233070373535,
          "acoustic_entropy_side": 7.733151435852051,
          "hz": 9016.43338188839
        },
        {
          "acoustic_entropy": 7.760268211364746,
          "acoustic_entropy_side": 7.733151435852051,
          "hz": 9876.909183162974
        },
        {
          "acoustic_entropy": 7.758005142211914,
          "acoustic_entropy_side": 7.733151435852051,
          "hz": 10813.587699516042
        },
        {
          "acoustic_entropy": 7.766473770141602,
          "acoustic_entropy_side": 7.733151435852051,
          "hz": 11833.21735289826
        },
        {
          "acoustic_entropy": 7.769513130187988,
          "acoustic_entropy_side": 7.733151435852051,
          "hz": 12943.144197493959
        },
        {
          "acoustic_entropy": 7.751380920410156,
          "acoustic_entropy_side": 7.733151435852051,
          "hz": 14151.364845322005
        },
        {
          "acoustic_entropy": 7.742892265319824,
          "acoustic_entropy_side": 7.733151435852051,
          "hz": 15466.58407886509
        },
        {
          "acoustic_entropy": 7.725369453430176,
          "acoustic_entropy_side": 7.733151435852051,
          "hz": 16898.27756580493
        },
        {
          "acoustic_entropy": 7.733020305633545,
          "acoustic_entropy_side": 7.733151435852051,
          "hz": 18456.760127700032
        },
        {
          "acoustic_entropy": 7.733151435852051,
          "acoustic_entropy_side": 7.733151435852051,
          "hz": 20153.260054456492
        },
        {
          "acoustic_entropy": 7.733151435852051,
          "acoustic_entropy_side": 7.733151435852051,
          "hz": 22000.00000000001
        }
      ],
      "diff_acoustic_entropy": 7.221526145935059,
      "sn": 6
    },
    {
      "acoustic_entropy": 10.134650230407715,
      "acoustic_entropy_mono": 10.131962776184082,
      "band_eliminated_acoustic_entropies": [
        {
          "acoustic_entropy": 10.108085632324219,
          "acoustic_entropy_side": 10.134651184082031,
          "hz": 129.47220167065723
        },
        {
          "acoustic_entropy": 9.940319061279297,
          "acoustic_entropy_side": 10.134664535522461,
          "hz": 202.92927478742237
        },
        {
          "acoustic_entropy": 10.355591773986816,
          "acoustic_entropy_side": 10.134533882141113,
          "hz": 282.89161906338205
        },
        {
          "acoustic_entropy": 9.493880271911621,
          "acoustic_entropy_side": 10.134127616882324,
          "hz": 369.9353335868758
        },
        {
          "acoustic_entropy": 10.055706024169922,
          "acoustic_entropy_side": 10.13432502746582,
          "hz": 464.6875360973435
        },
        {
          "acoustic_entropy": 10.170733451843262,
          "acoustic_entropy_side": 10.13290023803711,
          "hz": 567.8308811364784
        },
        {
          "acoustic_entropy": 10.213979721069336,
          "acoustic_entropy_side": 10.134451866149902,
          "hz": 680.1084783214808
        },
        {
          "acoustic_entropy": 9.982192039489746,
          "acoustic_entropy_side": 10.134509086608887,
          "hz": 802.3292461747484
        },
        {
          "acoustic_entropy": 9.989651679992676,
          "acoustic_entropy_side": 10.134305953979492,
          "hz": 935.3737400823702
        },
        {
          "acoustic_entropy": 9.926947593688965,
          "acoustic_entropy_side": 10.134383201599121,
          "hz": 1080.2004963696966
        },
        {
          "acoustic_entropy": 10.160262107849121,
          "acoustic_entropy_side": 10.13455581665039,
          "hz": 1237.8529382007157
        },
        {
          "acoustic_entropy": 10.332491874694824,
          "acoustic_entropy_side": 10.134744644165039,
          "hz": 1409.4668930556702
        },
        {
          "acoustic_entropy": 10.356056213378906,
          "acoustic_entropy_side": 10.134855270385742,
          "hz": 1596.2787759475705
        },
        {
          "acoustic_entropy": 10.276651382446289,
          "acoustic_entropy_side": 10.135059356689453,
          "hz": 1799.6344973346393
        },
        {
          "acoustic_entropy": 9.93973445892334,
          "acoustic_entropy_side": 10.134689331054688,
          "hz": 2020.9991599069049
        },
        {
          "acoustic_entropy": 9.816280364990234,
          "acoustic_entropy_side": 10.134620666503906,
          "hz": 2261.9676141086993
        },
        {
          "acoustic_entropy": 10.350035667419434,
          "acoustic_entropy_side": 10.134613990783691,
          "hz": 2524.2759484456974
        },
        {
          "acoustic_entropy": 10.008638381958008,
          "acoustic_entropy_side": 10.134627342224121,
          "hz": 2809.813997359896
        },
        {
          "acoustic_entropy": 10.049369812011719,
          "acoustic_entropy_side": 10.134671211242676,
          "hz": 3120.6389567871424
        },
        {
          "acoustic_entropy": 10.105709075927734,
          "acoustic_entropy_side": 10.134650230407715,
          "hz": 3458.990205492291
        },
        {
          "acoustic_entropy": 10.744582176208496,
          "acoustic_entropy_side": 10.134661674499512,
          "hz": 3827.305438964164
        },
        {
          "acoustic_entropy": 10.50245475769043,
          "acoustic_entropy_side": 10.134653091430664,
          "hz": 4228.238232109126
        },
        {
          "acoustic_entropy": 10.2474365234375,
          "acoustic_entropy_side": 10.134650230407715,
          "hz": 4664.6771572759235
        },
        {
          "acoustic_entropy": 10.339723587036133,
          "acoustic_entropy_side": 10.134651184082031,
          "hz": 5139.766595350093
        },
        {
          "acoustic_entropy": 10.338716506958008,
          "acoustic_entropy_side": 10.134650230407715,
          "hz": 5656.929389854203
        },
        {
          "acoustic_entropy": 10.288415908813477,
          "acoustic_entropy_side": 10.134653091430664,
          "hz": 6219.891507268283
        },
        {
          "acoustic_entropy": 10.305694580078125,
          "acoustic_entropy_side": 10.134653091430664,
          "hz": 6832.70888123896
        },
        {
          "acoustic_entropy": 10.229373931884766,
          "acoustic_entropy_side": 10.134650230407715,
          "hz": 7499.796634079867
        },
        {
          "acoustic_entropy": 10.291703224182129,
          "acoustic_entropy_side": 10.134650230407715,
          "hz": 8225.96088609342
        },
        {
          "acoustic_entropy": 10.327997207641602,
          "acoustic_entropy_side": 10.134650230407715,
          "hz": 9016.43338188839
        },
        {
          "acoustic_entropy": 10.258936882019043,
          "acoustic_entropy_side": 10.134650230407715,
          "hz": 9876.909183162974
        },
        {
          "acoustic_entropy": 10.218005180358887,
          "acoustic_entropy_side": 10.134650230407715,
          "hz": 10813.587699516042
        },
        {
          "acoustic_entropy": 10.189742088317871,
          "acoustic_entropy_side": 10.134650230407715,
          "hz": 11833.21735289826
        },
        {
          "acoustic_entropy": 10.203569412231445,
          "acoustic_entropy_side": 10.134650230407715,
          "hz": 12943.144197493959
        },
        {
          "acoustic_entropy": 10.210122108459473,
          "acoustic_entropy_side": 10.134650230407715,
          "hz": 14151.364845322005
        },
        {
          "acoustic_entropy": 10.160283088684082,
          "acoustic_entropy_side": 10.134650230407715,
          "hz": 15466.58407886509
        },
        {
          "acoustic_entropy": 10.139406204223633,
          "acoustic_entropy_side": 10.134650230407715,
          "hz": 16898.27756580493
        },
        {
          "acoustic_entropy": 10.134441375732422,
          "acoustic_entropy_side": 10.134650230407715,
          "hz": 18456.760127700032
        },
        {
          "acoustic_entropy": 10.134650230407715,
          "acoustic_entropy_side": 10.134650230407715,
          "hz": 20153.260054456492
        },
        {
          "acoustic_entropy": 10.134650230407715,
          "acoustic_entropy_side": 10.134650230407715,
          "hz": 22000.00000000001
        }
      ],
      "diff_acoustic_entropy": 10.113335609436035,
      "sn": 12
    },
    {
      "acoustic_entropy": 13.971685409545898,
      "acoustic_entropy_mono": 13.890718460083008,
      "band_eliminated_acoustic_entropies": [
        {
          "acoustic_entropy": 14.12853717803955,
          "acoustic_entropy_side": 13.971769332885742,
          "hz": 129.47220167065723
        },
        {
          "acoustic_entropy": 14.405606269836426,
          "acoustic_entropy_side": 13.976693153381348,
          "hz": 202.92927478742237
        },
        {
          "acoustic_entropy": 14.307289123535156,
          "acoustic_entropy_side": 13.970710754394531,
          "hz": 282.89161906338205
        },
        {
          "acoustic_entropy": 13.600460052490234,
          "acoustic_entropy_side": 13.960131645202637,
          "hz": 369.9353335868758
        },
        {
          "acoustic_entropy": 14.252681732177734,
          "acoustic_entropy_side": 13.985365867614746,
          "hz": 464.6875360973435
        },
        {
          "acoustic_entropy": 14.27983570098877,
          "acoustic_entropy_side": 13.974875450134277,
          "hz": 567.8308811364784
        },
        {
          "acoustic_entropy": 13.808826446533203,
          "acoustic_entropy_side": 13.953154563903809,
          "hz": 680.1084783214808
        },
        {
          "acoustic_entropy": 14.117332458496094,
          "acoustic_entropy_side": 13.961318969726562,
          "hz": 802.3292461747484
        },
        {
          "acoustic_entropy": 13.79748821258545,
          "acoustic_entropy_side": 13.93747329711914,
          "hz": 935.3737400823702
        },
        {
          "acoustic_entropy": 14.198066711425781,
          "acoustic_entropy_side": 13.93968677520752,
          "hz": 1080.2004963696966
        },
        {
          "acoustic_entropy": 14.24386978149414,
          "acoustic_entropy_side": 13.937949180603027,
          "hz": 1237.8529382007157
        },
        {
          "acoustic_entropy": 13.933148384094238,
          "acoustic_entropy_side": 13.950603485107422,
          "hz": 1409.4668930556702
        },
        {
          "acoustic_entropy": 13.612434387207031,
          "acoustic_entropy_side": 13.967391967773438,
          "hz": 1596.2787759475705
        },
        {
          "acoustic_entropy": 14.200536727905273,
          "acoustic_entropy_side": 13.97397518157959,
          "hz": 1799.6344973346393
        },
        {
          "acoustic_entropy": 14.025102615356445,
          "acoustic_entropy_side": 13.976961135864258,
          "hz": 2020.9991599069049
        },
        {
          "acoustic_entropy": 14.09325122833252,
          "acoustic_entropy_side": 13.971214294433594,
