{
  "acoustic_entropy": 134.167236328125,
  "bands": [
    {
      "high_freq": 148.1999969482422,
      "loudness": -46.295936584472656,
      "loudness_range": 29.721939086914062,
      "mid_mean": -53.087162017822266,
      "mid_to_side_loudness": -4.770151615142822,
      "mid_to_side_loudness_range": 6.018057823181152,
      "side_mean": -56.82917404174805
    },
    {
      "high_freq": 392.3793640136719,
      "loudness": -40.906578063964844,
      "loudness_range": 18.345054626464844,
      "low_freq": 148.1999969482422,
      "mid_mean": -38.48495864868164,
      "mid_to_side_loudness": -5.840494632720947,
      "mid_to_side_loudness_range": 11.279003143310547,
      "side_mean": -44.63322448730469
    },
    {
      "high_freq": 794.6976318359375,
      "loudness": -32.26851272583008,
      "loudness_range": 25.775863647460938,
      "low_freq": 392.3793640136719,
      "mid_mean": -29.464584350585938,
      "mid_to_side_loudness": -7.831189155578613,
      "mid_to_side_loudness_range": 13.816061019897461,
      "side_mean": -37.63264846801758
    },
    {
      "high_freq": 1457.5709228515625,
      "loudness": -38.27914810180664,
      "loudness_range": 24.434537887573242,
      "low_freq": 794.6976318359375,
      "mid_mean": -35.78265380859375,
      "mid_to_side_loudness": -6.384588241577148,
      "mid_to_side_loudness_range": 10.851128578186035,
      "side_mean": -42.227237701416016
    },
    {
      "high_freq": 2549.74365234375,
      "loudness": -39.292144775390625,
      "loudness_range": 25.52675437927246,
      "low_freq": 1457.5709228515625,
      "mid_mean": -36.482330322265625,
      "mid_to_side_loudness": -7.633983612060547,
      "mid_to_side_loudness_range": 10.416027069091797,
      "side_mean": -44.286102294921875
    },
    {
      "high_freq": 4349.24462890625,
      "loudness": -43.35149383544922,
      "loudness_range": 27.862403869628906,
      "low_freq": 2549.74365234375,
      "mid_mean": -40.3561897277832,
      "mid_to_side_loudness": -9.122984886169434,
      "mid_to_side_loudness_range": 11.381197929382324,
      "side_mean": -49.823333740234375
    },
    {
      "high_freq": 7314.1640625,
      "loudness": -58.34499740600586,
      "loudness_range": 22.963348388671875,
      "low_freq": 4349.24462890625,
      "mid_mean": -55.03293991088867,
      "mid_to_side_loudness": -8.439423561096191,
      "mid_to_side_loudness_range": 9.639333724975586,
      "side_mean": -62.218997955322266
    },
    {
      "high_freq": 12199.2666015625,
      "loudness": -59.53521728515625,
      "loudness_range": 28.15570831298828,
      "low_freq": 7314.1640625,
      "mid_mean": -56.175113677978516,
      "mid_to_side_loudness": -10.406898498535156,
      "mid_to_side_loudness_range": 10.81669807434082,
      "side_mean": -64.23834991455078
    },
    {
      "loudness": -70.0051040649414,
      "loudness_range": 24.33401870727539,
      "low_freq": 12199.2666015625,
      "mid_mean": -63.77325439453125,
      "mid_to_side_loudness": -8.690701484680176,
      "mid_to_side_loudness_range": 8.871732711791992,
      "side_mean": -68.19973754882812
    }
  ],
  "bands_short": [
    {
      "high_freq": 148.1999969482422,
      "loudness": -47.33868408203125,
      "loudness_range": 31.224395751953125,
      "mid_mean": -54.84806823730469,
      "mid_to_side_loudness": -4.463379859924316,
      "mid_to_side_loudness_range": 10.471695899963379,
      "side_mean": -58.09627151489258
    },
    {
      "high_freq": 392.3793640136719,
      "loudness": -42.27021789550781,
      "loudness_range": 22.07257080078125,
      "low_freq": 148.1999969482422,
      "mid_mean": -39.98622512817383,
      "mid_to_side_loudness": -5.647640705108643,
      "mid_to_side_loudness_range": 12.833621978759766,
      "side_mean": -45.9845085144043
    },
    {
      "high_freq": 794.6976318359375,
      "loudness": -33.5083122253418,
      "loudness_range": 27.50436019897461,
      "low_freq": 392.3793640136719,
      "mid_mean": -31.044387817382812,
      "mid_to_side_loudness": -6.840991973876953,
      "mid_to_side_loudness_range": 16.52775001525879,
      "side_mean": -38.2193489074707
    },
    {
      "high_freq": 1457.5709228515625,
      "loudness": -39.2376823425293,
      "loudness_range": 26.196760177612305,
      "low_freq": 794.6976318359375,
      "mid_mean": -36.99931335449219,
      "mid_to_side_loudness": -5.610045433044434,
      "mid_to_side_loudness_range": 13.316648483276367,
      "side_mean": -42.73936462402344
    },
    {
      "high_freq": 2549.74365234375,
      "loudness": -40.46040725708008,
      "loudness_range": 27.706037521362305,
      "low_freq": 1457.5709228515625,
      "mid_mean": -37.91748046875,
      "mid_to_side_loudness": -6.535110950469971,
      "mid_to_side_loudness_range": 12.697306632995605,
      "side_mean": -44.72987747192383
    },
    {
      "high_freq": 4349.24462890625,
      "loudness": -44.74703598022461,
      "loudness_range": 29.334131240844727,
      "low_freq": 2549.74365234375,
      "mid_mean": -41.96645736694336,
      "mid_to_side_loudness": -7.7716755867004395,
      "mid_to_side_loudness_range": 13.185844421386719,
      "side_mean": -50.21209716796875
    },
    {
      "high_freq": 7314.1640625,
      "loudness": -59.70008087158203,
      "loudness_range": 23.997459411621094,
      "low_freq": 4349.24462890625,
      "mid_mean": -56.367191314697266,
      "mid_to_side_loudness": -7.414632320404053,
      "mid_to_side_loudness_range": 9.719853401184082,
      "side_mean": -62.51408004760742
    },
    {
      "high_freq": 12199.2666015625,
      "loudness": -62.10182189941406,
      "loudness_range": 29.32818603515625,
      "low_freq": 7314.1640625,
      "mid_mean": -58.35882568359375,
      "mid_to_side_loudness": -9.307602882385254,
      "mid_to_side_loudness_range": 10.815107345581055,
      "side_mean": -65.0398941040039
    },
    {
      "loudness": -72.1643295288086,
      "loudness_range": 25.166942596435547,
      "low_freq": 12199.2666015625,
      "mid_mean": -65.12506103515625,
      "mid_to_side_loudness": -7.614895343780518,
      "mid_to_side_loudness_range": 8.895438194274902,
      "side_mean": -68.45841979980469
    }
  ],
  "bandwidth": 839.2151489257812,
  "channels": 2,
  "covariance": [
    [
      184.05059814453125,
      158.46971130371094,
      35.661582946777344,
      43.368770599365234,
      15.235804557800293,
      20.141098022460938,
      8.477055549621582,
      13.84180736541748,
      12.23172664642334,
      12.873124122619629,
      23.509008407592773,
      22.079648971557617,
      5.744424343109131,
      9.396246910095215,
      -6.126913070678711,
      -2.5459604263305664,
      -2.9219789505004883,
      0.4720277488231659
    ],
    [
      158.46971130371094,
      140.0008544921875,
      31.887481689453125,
      38.603668212890625,
      14.725831031799316,
      18.31852912902832,
      7.733101844787598,
      11.77413272857666,
      12.761287689208984,
      12.346989631652832,
      22.5216121673584,
      20.575401306152344,
      5.120349407196045,
      8.090286254882812,
      -4.666170597076416,
      -1.9541778564453125,
      -2.490565776824951,
      0.5461615324020386
    ],
    [
      35.661582946777344,
      31.887481689453125,
      48.940093994140625,
      37.023712158203125,
      5.354513168334961,
      12.922483444213867,
      9.508283615112305,
      11.531632423400879,
      12.407912254333496,
      11.244434356689453,
      16.541513442993164,
      18.96632194519043,
      10.761797904968262,
      10.202261924743652,
      3.665435791015625,
      2.982074737548828,
      1.1218162775039673,
      1.0741418600082397
    ],
    [
      43.368770599365234,
      38.603668212890625,
      37.023712158203125,
      48.25523376464844,
      10.953413009643555,
      18.05452537536621,
      13.709756851196289,
      15.79103946685791,
      16.388973236083984,
      15.750472068786621,
      18.696767807006836,
      23.06608772277832,
      13.234939575195312,
      13.282591819763184,
      5.3171916007995605,
      5.917942047119141,
      2.8760993480682373,
      2.34566068649292
    ],
    [
      15.235804557800293,
      14.725831031799316,
      5.354513168334961,
      10.953413009643555,
      80.60062408447266,
      50.69404602050781,
      43.019344329833984,
      33.52671432495117,
      45.76679611206055,
      33.77328872680664,
      55.1281623840332,
      37.80160903930664,
      25.106416702270508,
      16.336414337158203,
      26.83245849609375,
      11.277807235717773,
      12.162161827087402,
      3.8400886058807373
    ],
    [
      20.141098022460938,
      18.31852912902832,
      12.922483444213867,
      18.05452537536621,
      50.69404602050781,
      47.05537414550781,
      34.77326202392578,
      32.745567321777344,
      33.4144287109375,
      29.18497085571289,
      37.30719757080078,
      31.049673080444336,
      18.11518096923828,
      14.42015266418457,
      14.062581062316895,
      7.313597679138184,
      6.6025238037109375,
      2.7069337368011475
    ],
    [
      8.477055549621582,
      7.733101844787598,
      9.508283615112305,
      13.709756851196289,
      43.019344329833984,
      34.77326202392578,
      69.61758422851562,
      54.19839096069336,
      41.419830322265625,
      35.594791412353516,
      40.84956741333008,
      34.61717987060547,
      20.925647735595703,
      15.874341011047363,
      14.2728910446167,
      8.670561790466309,
      9.772319793701172,
      4.314269065856934
    ],
    [
      13.84180736541748,
      11.77413272857666,
      11.531632423400879,
      15.79103946685791,
      33.52671432495117,
      32.745567321777344,
      54.19839096069336,
      56.46143341064453,
      35.54850387573242,
      35.4001350402832,
      30.038650512695312,
      30.12347412109375,
      15.680486679077148,
      13.752021789550781,
      6.424264430999756,
      4.446382522583008,
      4.585606098175049,
      2.654874563217163
    ],
    [
      12.23172664642334,
      12.761287689208984,
      12.407912254333496,
      16.388973236083984,
      45.76679611206055,
      33.4144287109375,
      41.419830322265625,
      35.54850387573242,
      80.77397918701172,
      59.292911529541016,
      74.53960418701172,
      61.952720642089844,
      34.01909255981445,
      26.322343826293945,
      29.50726890563965,
      18.282508850097656,
      17.55124282836914,
      6.603816509246826
    ],
    [
      12.873124122619629,
      12.346989631652832,
      11.244434356689453,
      15.750472068786621,
      33.77328872680664,
      29.18497085571289,
      35.594791412353516,
      35.4001350402832,
      59.292911529541016,
      53.53691482543945,
      52.49531173706055,
      49.60043716430664,
      24.903684616088867,
      21.275901794433594,
      17.91644859313965,
      12.101350784301758,
      11.303574562072754,
      4.673171043395996
    ],
    [
      23.509008407592773,
      22.5216121673584,
      16.541513442993164,
      18.696767807006836,
      55.1281623840332,
      37.30719757080078,
      40.84956741333008,
      30.038650512695312,
      74.53960418701172,
      52.49531173706055,
      92.61672973632812,
      69.9392318725586,
      45.404911041259766,
      31.798494338989258,
      42.346588134765625,
      24.05488395690918,
      22.269058227539062,
      7.930027961730957
    ],
    [
      22.079648971557617,
      20.575401306152344,
      18.96632194519043,
      23.06608772277832,
      37.80160903930664,
      31.049673080444336,
      34.61717987060547,
      30.12347412109375,
      61.952720642089844,
      49.60043716430664,
      69.9392318725586,
      67.04209899902344,
      40.46590805053711,
      31.358285903930664,
      33.06918716430664,
      21.586807250976562,
      18.8164005279541,
      7.408742427825928
    ],
    [
      5.744424343109131,
      5.120349407196045,
      10.761797904968262,
      13.234939575195312,
      25.106416702270508,
      18.11518096923828,
      20.925647735595703,
      15.680486679077148,
      34.01909255981445,
      24.903684616088867,
      45.404911041259766,
      40.46590805053711,
      50.88240051269531,
      32.90878677368164,
      50.780311584472656,
      31.70539665222168,
      29.566917419433594,
      11.067031860351562
    ],
    [
      9.396246910095215,
      8.090286254882812,
      10.202261924743652,
      13.282591819763184,
      16.336414337158203,
      14.42015266418457,
      15.874341011047363,
      13.752021789550781,
      26.322343826293945,
      21.275901794433594,
      31.798494338989258,
      31.358285903930664,
      32.90878677368164,
      26.330379486083984,
      28.036386489868164,
      21.490863800048828,
      16.645538330078125,
      7.389568328857422
    ],
    [
      -6.126913070678711,
      -4.666170597076416,
      3.665435791015625,
      5.3171916007995605,
      26.83245849609375,
      14.062581062316895,
      14.2728910446167,
      6.424264430999756,
      29.50726890563965,
      17.91644859313965,
      42.346588134765625,
      33.06918716430664,
      50.780311584472656,
      28.036386489868164,
      73.2406005859375,
      40.833370208740234,
      43.867462158203125,
      15.060787200927734
    ],
    [
      -2.5459604263305664,
      -1.9541778564453125,
      2.982074737548828,
      5.917942047119141,
      11.277807235717773,
      7.313597679138184,
      8.670561790466309,
      4.446382522583008,
      18.282508850097656,
      12.101350784301758,
      24.05488395690918,
      21.586807250976562,
      31.70539665222168,
      21.490863800048828,
      40.833370208740234,
      28.480724334716797,
      25.952621459960938,
      10.53598403930664
    ],
    [
      -2.9219789505004883,
      -2.490565776824951,
      1.1218162775039673,
      2.8760993480682373,
      12.162161827087402,
      6.6025238037109375,
      9.772319793701172,
      4.585606098175049,
      17.55124282836914,
      11.303574562072754,
      22.269058227539062,
      18.8164005279541,
      29.566917419433594,
      16.645538330078125,
      43.867462158203125,
      25.952621459960938,
      32.435333251953125,
      11.632291793823242
    ],
    [
      0.4720277488231659,
      0.5461615324020386,
      1.0741418600082397,
      2.34566068649292,
      3.8400886058807373,
      2.7069337368011475,
      4.314269065856934,
      2.654874563217163,
      6.603816509246826,
      4.673171043395996,
      7.930027961730957,
      7.408742427825928,
      11.067031860351562,
      7.389568328857422,
      15.060787200927734,
      10.53598403930664,
      11.632291793823242,
      5.02689266204834
    ]
  ],
  "covariance_short": [
    [
      183.12542724609375,
      155.7009735107422,
      48.24323654174805,
      52.21269607543945,
      20.5710506439209,
      23.5346622467041,
      11.800919532775879,
      13.393101692199707,
      13.315780639648438,
      12.608351707458496,
      24.311473846435547,
      24.160083770751953,
      10.367429733276367,
      10.560396194458008,
      1.6948846578598022,
      1.1537137031555176,
      1.2999790906906128,
      1.5185691118240356
    ],
    [
      155.7009735107422,
      137.333251953125,
      41.809288024902344,
      45.89305877685547,
      19.08297348022461,
      20.90357780456543,
      11.198005676269531,
      12.217589378356934,
      13.316797256469727,
      11.89753246307373,
      22.714561462402344,
      21.9881591796875,
      10.023821830749512,
      9.67392635345459,
      3.1869351863861084,
      1.9868468046188354,
      1.7465003728866577,
      1.586444616317749
    ],
    [
      48.24323654174805,
      41.809288024902344,
      61.541996002197266,
      48.877471923828125,
      10.05021858215332,
      16.117897033691406,
      12.212026596069336,
      11.983611106872559,
      16.14451789855957,
      13.694575309753418,
      20.441024780273438,
      21.404449462890625,
      10.50472640991211,
      9.949886322021484,
      1.7400200366973877,
      1.6947481632232666,
      1.0060670375823975,
      0.43145713210105896
    ],
    [
      52.21269607543945,
      45.89305877685547,
      48.877471923828125,
      61.98735046386719,
      14.2156400680542,
      19.86043357849121,
      15.317005157470703,
      17.36052131652832,
      17.075876235961914,
      17.239398956298828,
      20.221071243286133,
      24.563024520874023,
      14.37233829498291,
      13.392704010009766,
      5.852015972137451,
      5.234503746032715,
      3.6027982234954834,
      1.9929924011230469
    ],
    [
      20.5710506439209,
      19.08297348022461,
      10.05021858215332,
      14.2156400680542,
      90.37773895263672,
      53.24486541748047,
      50.06594467163086,
      37.947608947753906,
      49.12930679321289,
      35.98450469970703,
      59.15207290649414,
      39.81373977661133,
      28.172557830810547,
      18.40711212158203,
      24.985219955444336,
      10.255952835083008,
      7.367604732513428,
      2.2716126441955566
    ],
    [
      23.5346622467041,
      20.90357780456543,
      16.117897033691406,
      19.86043357849121,
      53.24486541748047,
      52.49952697753906,
      38.567752838134766,
      33.7729606628418,
      33.638587951660156,
      29.74103546142578,
      36.0225715637207,
      31.164234161376953,
      20.026935577392578,
      15.044717788696289,
      15.463706016540527,
      7.749207496643066,
      6.6360249519348145,
      2.531820774078369
    ],
    [
      11.800919532775879,
      11.198005676269531,
      12.212026596069336,
      15.317005157470703,
      50.06594467163086,
      38.567752838134766,
      79.79138946533203,
      58.39460754394531,
      49.687644958496094,
      39.778038024902344,
      47.24613571166992,
      37.931793212890625,
      25.05776596069336,
      17.643102645874023,
      17.27813148498535,
      8.350386619567871,
      10.11075210571289,
      3.3025410175323486
    ],
    [
      13.393101692199707,
      12.217589378356934,
      11.983611106872559,
      17.36052131652832,
      37.947608947753906,
      33.7729606628418,
      58.39460754394531,
      61.32232666015625,
      40.50066375732422,
      37.53738784790039,
      34.19050216674805,
      31.90627098083496,
      19.797914505004883,
      15.611980438232422,
      11.235397338867188,
      6.046658515930176,
      6.954250335693359,
      2.6789350509643555
    ],
    [
      13.315780639648438,
      13.316797256469727,
      16.14451789855957,
      17.075876235961914,
      49.12930679321289,
      33.638587951660156,
      49.687644958496094,
      40.50066375732422,
      89.85469818115234,
      62.62539291381836,
      80.28739929199219,
      63.19353485107422,
      37.784271240234375,
      26.849149703979492,
      31.717208862304688,
      16.287429809570312,
      16.192094802856445,
      4.855406284332275
    ],
    [
      12.608351707458496,
      11.89753246307373,
      13.694575309753418,
      17.239398956298828,
      35.98450469970703,
      29.74103546142578,
      39.778038024902344,
      37.53738784790039,
      62.62539291381836,
      58.85334777832031,
      55.55720138549805,
      51.33650588989258,
      29.151145935058594,
      22.756742477416992,
      22.10853385925293,
      12.71968936920166,
      12.530878067016602,
      4.228256702423096
    ],
    [
      24.311473846435547,
      22.714561462402344,
      20.441024780273438,
      20.221071243286133,
      59.15207290649414,
      36.0225715637207,
      47.24613571166992,
      34.19050216674805,
      80.28739929199219,
      55.55720138549805,
      103.8038558959961,
      73.72100830078125,
      48.469661712646484,
      32.44514083862305,
      43.751163482666016,
      22.039016723632812,
      20.06494140625,
      6.2718634605407715
    ],
    [
      24.160083770751953,
      21.9881591796875,
      21.404449462890625,
      24.563024520874023,
      39.81373977661133,
      31.164234161376953,
      37.931793212890625,
      31.90627098083496,
      63.19353485107422,
      51.33650588989258,
      73.72100830078125,
      71.38623809814453,
      43.719722747802734,
      32.14237976074219,
      36.26494216918945,
      21.183046340942383,
      19.271099090576172,
      6.833226680755615
    ],
    [
      10.367429733276367,
      10.023821830749512,
      10.50472640991211,
      14.37233829498291,
      28.172557830810547,
      20.026935577392578,
      25.05776596069336,
      19.797914505004883,
      37.784271240234375,
      29.151145935058594,
      48.469661712646484,
      43.719722747802734,
      55.09956359863281,
      34.79712677001953,
      51.963768005371094,
      30.96866798400879,
      29.086692810058594,
      11.240781784057617
    ],
    [
      10.560396194458008,
      9.67392635345459,
      9.949886322021484,
      13.392704010009766,
      18.40711212158203,
      15.044717788696289,
      17.643102645874023,
      15.611980438232422,
      26.849149703979492,
      22.756742477416992,
      32.44514083862305,
      32.14237976074219,
      34.79712677001953,
      27.456523895263672,
      29.462955474853516,
      20.943994522094727,
      16.909900665283203,
      7.3839898109436035
    ],
    [
      1.6948846578598022,
      3.1869351863861084,
      1.7400200366973877,
      5.852015972137451,
      24.985219955444336,
      15.463706016540527,
      17.27813148498535,
      11.235397338867188,
      31.717208862304688,
      22.10853385925293,
      43.751163482666016,
      36.26494216918945,
      51.963768005371094,
      29.462955474853516,
      72.86515045166016,
      39.93324279785156,
      41.36845779418945,
      15.506813049316406
    ],
    [
      1.1537137031555176,
      1.9868468046188354,
      1.6947481632232666,
      5.234503746032715,
      10.255952835083008,
      7.749207496643066,
      8.350386619567871,
      6.046658515930176,
      16.287429809570312,
      12.71968936920166,
      22.039016723632812,
      21.183046340942383,
      30.96866798400879,
      20.943994522094727,
      39.93324279785156,
      27.21994400024414,
      24.566287994384766,
      10.634136199951172
    ],
    [
      1.2999790906906128,
      1.7465003728866577,
      1.0060670375823975,
      3.6027982234954834,
      7.367604732513428,
      6.6360249519348145,
      10.11075210571289,
      6.954250335693359,
      16.192094802856445,
      12.530878067016602,
      20.06494140625,
      19.271099090576172,
      29.086692810058594,
      16.909900665283203,
      41.36845779418945,
      24.566287994384766,
      31.351226806640625,
      12.173123359680176
    ],
    [
      1.5185691118240356,
      1.586444616317749,
      0.43145713210105896,
      1.9929924011230469,
      2.2716126441955566,
      2.531820774078369,
      3.3025410175323486,
      2.6789350509643555,
      4.855406284332275,
      4.228256702423096,
      6.2718634605407715,
      6.833226680755615,
      11.240781784057617,
      7.3839898109436035,
      15.506813049316406,
      10.634136199951172,
      12.173123359680176,
      5.655523777008057
    ]
  ],
  "damage": -10.194186210632324,
  "diff_bandwidth": 857.1016235351562,
  "dissonance": 8.932442327357721,
  "drr": 12.62817096710205,
  "dynamics": 6.235858917236328,
  "format": 1245190,
  "frames": 3432384,
  "loudness": -23.597553253173828,
  "loudness_range": 19.751182556152344,
  "loudness_range_short": 23.224884033203125,
  "lowpass_true_peak_15khz": -4.2111663818359375,
  "mastering3_acoustic_entropies": [
    {
      "acoustic_entropy": 9.045059204101562,
      "acoustic_entropy_mono": 9.074749946594238,
      "band_eliminated_acoustic_entropies": [
        {
          "acoustic_entropy": 9.047304153442383,
          "acoustic_entropy_side": 9.044357299804688,
          "hz": 129.47220167065723
        },
        {
          "acoustic_entropy": 9.050898551940918,
          "acoustic_entropy_side": 9.045744895935059,
          "hz": 202.92927478742237
        },
        {
          "acoustic_entropy": 9.054280281066895,
          "acoustic_entropy_side": 9.048568725585938,
          "hz": 282.89161906338205
        },
        {
          "acoustic_entropy": 9.028276443481445,
          "acoustic_entropy_side": 9.049151420593262,
          "hz": 369.9353335868758
        },
        {
          "acoustic_entropy": 8.682475090026855,
          "acoustic_entropy_side": 9.077900886535645,
          "hz": 464.6875360973435
        },
        {
          "acoustic_entropy": 8.544466972351074,
          "acoustic_entropy_side": 9.154467582702637,
          "hz": 567.8308811364784
        },
        {
          "acoustic_entropy": 8.794974327087402,
          "acoustic_entropy_side": 9.038575172424316,
          "hz": 680.1084783214808
        },
        {
          "acoustic_entropy": 8.017230033874512,
          "acoustic_entropy_side": 8.97843074798584,
          "hz": 802.3292461747484
        },
        {
          "acoustic_entropy": 8.451486587524414,
          "acoustic_entropy_side": 9.0755033493042,
          "hz": 935.3737400823702
        },
        {
          "acoustic_entropy": 8.913501739501953,
          "acoustic_entropy_side": 9.087472915649414,
          "hz": 1080.2004963696966
        },
        {
          "acoustic_entropy": 9.068889617919922,
          "acoustic_entropy_side": 9.086661338806152,
          "hz": 1237.8529382007157
        },
        {
          "acoustic_entropy": 9.09718132019043,
          "acoustic_entropy_side": 9.019548416137695,
          "hz": 1409.4668930556702
        },
        {
          "acoustic_entropy": 8.354503631591797,
          "acoustic_entropy_side": 8.985967636108398,
          "hz": 1596.2787759475705
        },
        {
          "acoustic_entropy": 9.01917552947998,
          "acoustic_entropy_side": 9.032540321350098,
          "hz": 1799.6344973346393
        },
        {
          "acoustic_entropy": 8.980478286743164,
          "acoustic_entropy_side": 9.048402786254883,
          "hz": 2020.9991599069049
        },
        {
          "acoustic_entropy": 8.935602188110352,
          "acoustic_entropy_side": 9.054333686828613,
          "hz": 2261.9676141086993
        },
        {
          "acoustic_entropy": 8.817973136901855,
          "acoustic_entropy_side": 9.042709350585938,
          "hz": 2524.2759484456974
        },
        {
          "acoustic_entropy": 8.803889274597168,
          "acoustic_entropy_side": 9.023945808410645,
          "hz": 2809.813997359896
        },
        {
          "acoustic_entropy": 8.856045722961426,
          "acoustic_entropy_side": 9.015515327453613,
          "hz": 3120.6389567871424
        },
        {
          "acoustic_entropy": 8.964807510375977,
          "acoustic_entropy_side": 9.037321090698242,
          "hz": 3458.990205492291
        },
        {
          "acoustic_entropy": 9.001106262207031,
          "acoustic_entropy_side": 9.043384552001953,
          "hz": 3827.305438964164
        },
        {
          "acoustic_entropy": 9.019559860229492,
          "acoustic_entropy_side": 9.044800758361816,
          "hz": 4228.238232109126
        },
        {
          "acoustic_entropy": 9.042295455932617,
          "acoustic_entropy_side": 9.045051574707031,
          "hz": 4664.6771572759235
        },
        {
          "acoustic_entropy": 9.043734550476074,
          "acoustic_entropy_side": 9.045066833496094,
          "hz": 5139.766595350093
        },
        {
          "acoustic_entropy": 9.041401863098145,
          "acoustic_entropy_side": 9.045063018798828,
          "hz": 5656.929389854203
        },
        {
          "acoustic_entropy": 9.042585372924805,
          "acoustic_entropy_side": 9.045055389404297,
          "hz": 6219.891507268283
        },
        {
          "acoustic_entropy": 9.044951438903809,
          "acoustic_entropy_side": 9.045050621032715,
          "hz": 6832.70888123896
        },
        {
          "acoustic_entropy": 9.046385765075684,
          "acoustic_entropy_side": 9.045062065124512,
          "hz": 7499.796634079867
        },
        {
          "acoustic_entropy": 9.048185348510742,
          "acoustic_entropy_side": 9.04504680633545,
          "hz": 8225.96088609342
        },
        {
          "acoustic_entropy": 9.047561645507812,
          "acoustic_entropy_side": 9.045055389404297,
          "hz": 9016.43338188839
        },
        {
          "acoustic_entropy": 9.046649932861328,
          "acoustic_entropy_side": 9.045079231262207,
          "hz": 9876.909183162974
        },
        {
          "acoustic_entropy": 9.045456886291504,
          "acoustic_entropy_side": 9.045079231262207,
          "hz": 10813.587699516042
        },
        {
          "acoustic_entropy": 9.042972564697266,
          "acoustic_entropy_side": 9.04507064819336,
          "hz": 11833.21735289826
        },
        {
          "acoustic_entropy": 9.042871475219727,
          "acoustic_entropy_side": 9.045062065124512,
          "hz": 12943.144197493959
        },
        {
          "acoustic_entropy": 9.044992446899414,
          "acoustic_entropy_side": 9.045062065124512,
          "hz": 14151.364845322005
        },
        {
          "acoustic_entropy": 9.045077323913574,
          "acoustic_entropy_side": 9.045060157775879,
          "hz": 15466.58407886509
        },
        {
          "acoustic_entropy": 9.045064926147461,
          "acoustic_entropy_side": 9.045060157775879,
          "hz": 16898.27756580493
        },
        {
          "acoustic_entropy": 9.045060157775879,
          "acoustic_entropy_side": 9.045059204101562,
          "hz": 18456.760127700032
        },
        {
          "acoustic_entropy": 9.045060157775879,
          "acoustic_entropy_side": 9.045059204101562,
          "hz": 20153.260054456492
        },
        {
          "acoustic_entropy": 9.045059204101562,
          "acoustic_entropy_side": 9.045059204101562,
          "hz": 22000.00000000001
        }
      ],
      "diff_acoustic_entropy": 4.533845901489258,
      "sn": 6
    },
    {
      "acoustic_entropy": 11.286238670349121,
      "acoustic_entropy_mono": 11.713305473327637,
      "band_eliminated_acoustic_entropies": [
        {
          "acoustic_entropy": 11.32413101196289,
          "acoustic_entropy_side": 11.279502868652344,
          "hz": 129.47220167065723
        },
        {
          "acoustic_entropy": 11.40011978149414,
          "acoustic_entropy_side": 11.31257152557373,
          "hz": 202.92927478742237
        },
        {
          "acoustic_entropy": 11.505043983459473,
          "acoustic_entropy_side": 11.335188865661621,
          "hz": 282.89161906338205
        },
        {
          "acoustic_entropy": 11.665661811828613,
          "acoustic_entropy_side": 11.409374237060547,
          "hz": 369.9353335868758
        },
        {
          "acoustic_entropy": 11.798294067382812,
          "acoustic_entropy_side": 11.848698616027832,
          "hz": 464.6875360973435
        },
        {
          "acoustic_entropy": 11.11926555633545,
          "acoustic_entropy_side": 11.671366691589355,
          "hz": 567.8308811364784
        },
        {
          "acoustic_entropy": 11.999895095825195,
          "acoustic_entropy_side": 11.514769554138184,
          "hz": 680.1084783214808
        },
        {
          "acoustic_entropy": 11.24876880645752,
          "acoustic_entropy_side": 11.705187797546387,
          "hz": 802.3292461747484
        },
        {
          "acoustic_entropy": 11.524230003356934,
          "acoustic_entropy_side": 11.489493370056152,
          "hz": 935.3737400823702
        },
        {
          "acoustic_entropy": 12.117278099060059,
          "acoustic_entropy_side": 11.554607391357422,
          "hz": 1080.2004963696966
        },
        {
          "acoustic_entropy": 11.161221504211426,
          "acoustic_entropy_side": 11.40405559539795,
          "hz": 1237.8529382007157
        },
        {
          "acoustic_entropy": 12.181280136108398,
          "acoustic_entropy_side": 11.381180763244629,
          "hz": 1409.4668930556702
        },
        {
          "acoustic_entropy": 11.273199081420898,
          "acoustic_entropy_side": 11.33989429473877,
          "hz": 1596.2787759475705
        },
        {
          "acoustic_entropy": 11.609604835510254,
          "acoustic_entropy_side": 11.501862525939941,
          "hz": 1799.6344973346393
        },
        {
          "acoustic_entropy": 11.341019630432129,
          "acoustic_entropy_side": 10.864537239074707,
          "hz": 2020.9991599069049
        },
        {
          "acoustic_entropy": 11.218639373779297,
          "acoustic_entropy_side": 11.193978309631348,
          "hz": 2261.9676141086993
        },
        {
          "acoustic_entropy": 11.134187698364258,
          "acoustic_entropy_side": 11.335287094116211,
          "hz": 2524.2759484456974
        },
        {
          "acoustic_entropy": 10.491462707519531,
          "acoustic_entropy_side": 11.289687156677246,
          "hz": 2809.813997359896
        },
        {
          "acoustic_entropy": 10.995438575744629,
          "acoustic_entropy_side": 11.273613929748535,
          "hz": 3120.6389567871424
        },
        {
          "acoustic_entropy": 11.318671226501465,
          "acoustic_entropy_side": 11.275900840759277,
          "hz": 3458.990205492291
        },
        {
          "acoustic_entropy": 11.556200981140137,
          "acoustic_entropy_side": 11.308375358581543,
          "hz": 3827.305438964164
        },
        {
          "acoustic_entropy": 11.442606925964355,
          "acoustic_entropy_side": 11.289676666259766,
          "hz": 4228.238232109126
        },
        {
          "acoustic_entropy": 11.301753997802734,
          "acoustic_entropy_side": 11.28649616241455,
          "hz": 4664.6771572759235
        },
        {
          "acoustic_entropy": 11.298800468444824,
          "acoustic_entropy_side": 11.28659725189209,
          "hz": 5139.766595350093
        },
        {
          "acoustic_entropy": 11.304949760437012,
          "acoustic_entropy_side": 11.286378860473633,
          "hz": 5656.929389854203
        },
        {
          "acoustic_entropy": 11.300844192504883,
          "acoustic_entropy_side": 11.286286354064941,
          "hz": 6219.891507268283
        },
        {
          "acoustic_entropy": 11.288399696350098,
          "acoustic_entropy_side": 11.286192893981934,
          "hz": 6832.70888123896
        },
        {
          "acoustic_entropy": 11.317378044128418,
          "acoustic_entropy_side": 11.28691291809082,
          "hz": 7499.796634079867
        },
        {
          "acoustic_entropy": 11.319315910339355,
          "acoustic_entropy_side": 11.287607192993164,
          "hz": 8225.96088609342
        },
        {
          "acoustic_entropy": 11.365967750549316,
          "acoustic_entropy_side": 11.287884712219238,
          "hz": 9016.43338188839
        },
        {
          "acoustic_entropy": 11.377066612243652,
          "acoustic_entropy_side": 11.287561416625977,
          "hz": 9876.909183162974
        },
        {
          "acoustic_entropy": 11.375068664550781,
          "acoustic_entropy_side": 11.287327766418457,
          "hz": 10813.587699516042
        },
        {
          "acoustic_entropy": 11.344505310058594,
          "acoustic_entropy_side": 11.286822319030762,
          "hz": 11833.21735289826
        },
        {
          "acoustic_entropy": 11.313101768493652,
          "acoustic_entropy_side": 11.286471366882324,
          "hz": 12943.144197493959
        },
        {
          "acoustic_entropy": 11.29622745513916,
          "acoustic_entropy_side": 11.28631591796875,
          "hz": 14151.364845322005
        },
        {
          "acoustic_entropy": 11.288981437683105,
          "acoustic_entropy_side": 11.2862548828125,
          "hz": 15466.58407886509
        },
        {
          "acoustic_entropy": 11.286633491516113,
          "acoustic_entropy_side": 11.286239624023438,
          "hz": 16898.27756580493
        },
        {
          "acoustic_entropy": 11.286276817321777,
          "acoustic_entropy_side": 11.286238670349121,
          "hz": 18456.760127700032
        },
        {
          "acoustic_entropy": 11.286240577697754,
          "acoustic_entropy_side": 11.286238670349121,
          "hz": 20153.260054456492
        },
        {
          "acoustic_entropy": 11.286238670349121,
          "acoustic_entropy_side": 11.286238670349121,
          "hz": 22000.00000000001
        }
      ],
      "diff_acoustic_entropy": 6.76986837387085,
      "sn": 12
    },
    {
      "acoustic_entropy": 20.196659088134766,
      "acoustic_entropy_mono": 17.988994598388672,
      "band_eliminated_acoustic_entropies": [
        {
          "acoustic_entropy": 19.634645462036133,
          "acoustic_entropy_side": 20.10506820678711,
          "hz": 129.47220167065723
        },
        {
          "acoustic_entropy": 19.275659561157227,
          "acoustic_entropy_side": 19.921478271484375,
          "hz": 202.92927478742237
        },
        {
          "acoustic_entropy": 19.96323585510254,
          "acoustic_entropy_side": 20.120161056518555,
          "hz": 282.89161906338205
        },
        {
          "acoustic_entropy": 19.30635643005371,
          "acoustic_entropy_side": 20.13457489013672,
          "hz": 369.9353335868758
        },
        {
          "acoustic_entropy": 20.144372940063477,
          "acoustic_entropy_side": 19.947301864624023,
          "hz": 464.6875360973435
        },
        {
          "acoustic_entropy": 20.02098274230957,
          "acoustic_entropy_side": 20.18216323852539,
          "hz": 567.8308811364784
        },
        {
          "acoustic_entropy": 20.56982421875,
          "acoustic_entropy_side": 20.050161361694336,
          "hz": 680.1084783214808
        },
        {
          "acoustic_entropy": 20.22287940979004,
          "acoustic_entropy_side": 20.037830352783203,
          "hz": 802.3292461747484
        },
        {
          "acoustic_entropy": 20.85662841796875,
          "acoustic_entropy_side": 20.4924259185791,
          "hz": 935.3737400823702
        },
        {
          "acoustic_entropy": 20.20193862915039,
          "acoustic_entropy_side": 20.388978958129883,
          "hz": 1080.2004963696966
        },
        {
          "acoustic_entropy": 21.1434268951416,
          "acoustic_entropy_side": 20.26304817199707,
          "hz": 1237.8529382007157
        },
        {
          "acoustic_entropy": 19.733827590942383,
          "acoustic_entropy_side": 20.041093826293945,
          "hz": 1409.4668930556702
        },
        {
          "acoustic_entropy": 19.80835723876953,
          "acoustic_entropy_side": 19.983789443969727,
          "hz": 1596.2787759475705
        },
        {
          "acoustic_entropy": 20.94244956970215,
          "acoustic_entropy_side": 20.671939849853516,
          "hz": 1799.6344973346393
        },
        {
          "acoustic_entropy": 20.483362197875977,
          "acoustic_entropy_side": 20.0300350189209,
          "hz": 2020.9991599069049
        },
        {
          "acoustic_entropy": 20.358322143554688,
          "acoustic_entropy_side": 20.290592193603516,
          "hz": 2261.9676141086993
        },
        {
          "acoustic_entropy": 20.0103816986084,
          "acoustic_entropy_side": 19.80780029296875,
          "hz": 2524.2759484456974
        },
        {
          "acoustic_entropy": 20.06515884399414,
          "acoustic_entropy_side": 19.85312843322754,
          "hz": 2809.813997359896
        },
        {
          "acoustic_entropy": 20.35624122619629,
