{
  "acoustic_entropy": 199.26058959960938,
  "bands": [
    {
      "high_freq": 148.1999969482422,
      "loudness": -30.627696990966797,
      "loudness_range": 27.13255500793457,
      "mid_mean": -28.236509323120117,
      "mid_to_side_loudness": -18.893484115600586,
      "mid_to_side_loudness_range": 18.08258056640625,
      "side_mean": -52.771366119384766
    },
    {
      "high_freq": 392.3793640136719,
      "loudness": -30.45989418029785,
      "loudness_range": 24.282339096069336,
      "low_freq": 148.1999969482422,
      "mid_mean": -27.479354858398438,
      "mid_to_side_loudness": -10.65200424194336,
      "mid_to_side_loudness_range": 13.284246444702148,
      "side_mean": -33.466636657714844
    },
    {
      "high_freq": 794.6976318359375,
      "loudness": -30.691526412963867,
      "loudness_range": 19.650148391723633,
      "low_freq": 392.3793640136719,
      "mid_mean": -27.94927406311035,
      "mid_to_side_loudness": -10.870357513427734,
      "mid_to_side_loudness_range": 17.904451370239258,
      "side_mean": -36.959102630615234
    },
    {
      "high_freq": 1457.5709228515625,
      "loudness": -31.18571662902832,
      "loudness_range": 19.155187606811523,
      "low_freq": 794.6976318359375,
      "mid_mean": -28.753711700439453,
      "mid_to_side_loudness": -15.06853199005127,
      "mid_to_side_loudness_range": 35.82120895385742,
      "side_mean": -40.74386978149414
    },
    {
      "high_freq": 2549.74365234375,
      "loudness": -29.342243194580078,
      "loudness_range": 21.019617080688477,
      "low_freq": 1457.5709228515625,
      "mid_mean": -27.053726196289062,
      "mid_to_side_loudness": -12.109342575073242,
      "mid_to_side_loudness_range": 34.5052490234375,
      "side_mean": -36.44883728027344
    },
    {
      "high_freq": 4349.24462890625,
      "loudness": -29.735563278198242,
      "loudness_range": 22.308835983276367,
      "low_freq": 2549.74365234375,
      "mid_mean": -27.100566864013672,
      "mid_to_side_loudness": -7.158101558685303,
      "mid_to_side_loudness_range": 13.349205017089844,
      "side_mean": -35.396629333496094
    },
    {
      "high_freq": 7314.1640625,
      "loudness": -34.58340072631836,
      "loudness_range": 24.1636905670166,
      "low_freq": 4349.24462890625,
      "mid_mean": -31.650569915771484,
      "mid_to_side_loudness": -9.35498046875,
      "mid_to_side_loudness_range": 14.385746002197266,
      "side_mean": -50.88471984863281
    },
    {
      "high_freq": 12199.2666015625,
      "loudness": -37.15496826171875,
      "loudness_range": 20.8242244720459,
      "low_freq": 7314.1640625,
      "mid_mean": -34.36113739013672,
      "mid_to_side_loudness": -11.1980619430542,
      "mid_to_side_loudness_range": 17.74378204345703,
      "side_mean": -53.71074295043945
    },
    {
      "loudness": -45.30077362060547,
      "loudness_range": 24.44973373413086,
      "low_freq": 12199.2666015625,
      "mid_mean": -43.17890930175781,
      "mid_to_side_loudness": -11.564788818359375,
      "mid_to_side_loudness_range": 21.042863845825195,
      "side_mean": -58.43916702270508
    }
  ],
  "bands_short": [
    {
      "high_freq": 148.1999969482422,
      "loudness": -34.002471923828125,
      "loudness_range": 30.17963981628418,
      "mid_mean": -32.47319030761719,
      "mid_to_side_loudness": -20.017610549926758,
      "mid_to_side_loudness_range": 28.535490036010742,
      "side_mean": -57.252601623535156
    },
    {
      "high_freq": 392.3793640136719,
      "loudness": -29.629608154296875,
      "loudness_range": 26.54694175720215,
      "low_freq": 148.1999969482422,
      "mid_mean": -26.83876609802246,
      "mid_to_side_loudness": -11.720125198364258,
      "mid_to_side_loudness_range": 18.911142349243164,
      "side_mean": -34.55872344970703
    },
    {
      "high_freq": 794.6976318359375,
      "loudness": -31.598268508911133,
      "loudness_range": 23.461349487304688,
      "low_freq": 392.3793640136719,
      "mid_mean": -29.435853958129883,
      "mid_to_side_loudness": -9.738551139831543,
      "mid_to_side_loudness_range": 21.891075134277344,
      "side_mean": -37.776729583740234
    },
    {
      "high_freq": 1457.5709228515625,
      "loudness": -32.224449157714844,
      "loudness_range": 24.805166244506836,
      "low_freq": 794.6976318359375,
      "mid_mean": -30.407644271850586,
      "mid_to_side_loudness": -10.543963432312012,
      "mid_to_side_loudness_range": 30.93092155456543,
      "side_mean": -40.27787399291992
    },
    {
      "high_freq": 2549.74365234375,
      "loudness": -30.490535736083984,
      "loudness_range": 26.01162338256836,
      "low_freq": 1457.5709228515625,
      "mid_mean": -28.896474838256836,
      "mid_to_side_loudness": -10.403982162475586,
      "mid_to_side_loudness_range": 34.4912109375,
      "side_mean": -36.855316162109375
    },
    {
      "high_freq": 4349.24462890625,
      "loudness": -30.86478614807129,
      "loudness_range": 26.639848709106445,
      "low_freq": 2549.74365234375,
      "mid_mean": -28.913795471191406,
      "mid_to_side_loudness": -6.621156215667725,
      "mid_to_side_loudness_range": 14.912598609924316,
      "side_mean": -36.230106353759766
    },
    {
      "high_freq": 7314.1640625,
      "loudness": -35.57633590698242,
      "loudness_range": 26.862178802490234,
      "low_freq": 4349.24462890625,
      "mid_mean": -33.308597564697266,
      "mid_to_side_loudness": -8.348783493041992,
      "mid_to_side_loudness_range": 16.158836364746094,
      "side_mean": -51.786983489990234
    },
    {
      "high_freq": 12199.2666015625,
      "loudness": -38.80398178100586,
      "loudness_range": 24.141597747802734,
      "low_freq": 7314.1640625,
      "mid_mean": -36.48110580444336,
      "mid_to_side_loudness": -10.160337448120117,
      "mid_to_side_loudness_range": 18.66968536376953,
      "side_mean": -55.215030670166016
    },
    {
      "loudness": -47.06291961669922,
      "loudness_range": 27.37606430053711,
      "low_freq": 12199.2666015625,
      "mid_mean": -50.310523986816406,
      "mid_to_side_loudness": -10.734783172607422,
      "mid_to_side_loudness_range": 21.10988426208496,
      "side_mean": -60.58976745605469
    }
  ],
  "bandwidth": 797.2329711914062,
  "channels": 2,
  "covariance": [
    [
      151.2617645263672,
      152.24330139160156,
      79.1170883178711,
      51.62070083618164,
      34.38741683959961,
      43.01177978515625,
      25.34595489501953,
      80.79874420166016,
      39.2330322265625,
      94.32738494873047,
      33.192108154296875,
      75.5998764038086,
      42.45034408569336,
      157.43309020996094,
      46.63706588745117,
      141.56768798828125,
      68.92708587646484,
      121.96661376953125
    ],
    [
      152.24330139160156,
      214.038818359375,
      101.3448715209961,
      49.205665588378906,
      48.38151550292969,
      54.18096160888672,
      30.40941619873047,
      112.44953918457031,
      47.263145446777344,
      119.55741119384766,
      38.29728698730469,
      92.0248794555664,
      43.55216979980469,
      212.0045623779297,
      51.87350082397461,
      185.26133728027344,
      79.748291015625,
      146.32284545898438
    ],
    [
      79.1170883178711,
      101.3448715209961,
      77.04002380371094,
      22.274499893188477,
      37.858177185058594,
      24.998682022094727,
      24.169918060302734,
      59.29296112060547,
      28.939634323120117,
      56.57634353637695,
      21.138416290283203,
      38.19270324707031,
      23.789260864257812,
      111.85079956054688,
      30.86115264892578,
      100.50259399414062,
      45.14679718017578,
      80.0906982421875
    ],
    [
      51.62070083618164,
      49.205665588378906,
      22.274499893188477,
      43.62600326538086,
      7.99963903427124,
      26.646390914916992,
      6.3296613693237305,
      24.42777442932129,
      15.01601791381836,
      33.504188537597656,
      14.333462715148926,
      32.4785041809082,
      16.578521728515625,
      43.96636962890625,
      12.808576583862305,
      42.68253707885742,
      18.263530731201172,
      42.867889404296875
    ],
    [
      34.38741683959961,
      48.38151550292969,
      37.858177185058594,
      7.99963903427124,
      60.963558197021484,
      18.331565856933594,
      43.5924072265625,
      32.67291259765625,
      41.012733459472656,
      28.029010772705078,
      35.55440139770508,
      22.701988220214844,
      33.32566452026367,
      63.31494140625,
      32.375179290771484,
      55.34606170654297,
      29.316076278686523,
      38.28167724609375
    ],
    [
      43.01177978515625,
      54.18096160888672,
      24.998682022094727,
      26.646390914916992,
      18.331565856933594,
      65.80230712890625,
      13.618865966796875,
      51.40087890625,
      17.249399185180664,
      53.93025588989258,
      17.916963577270508,
      46.16960144042969,
      13.967849731445312,
      66.91885375976562,
      14.517107009887695,
      57.46843719482422,
      16.071292877197266,
      39.910125732421875
    ],
    [
      25.34595489501953,
      30.40941619873047,
      24.169918060302734,
      6.3296613693237305,
      43.5924072265625,
      13.618865966796875,
      64.23421478271484,
      9.26791763305664,
      55.094032287597656,
      10.457029342651367,
      40.81358337402344,
      13.171854019165039,
      39.221885681152344,
      43.456363677978516,
      26.136272430419922,
      37.798099517822266,
      17.867507934570312,
      25.540315628051758
    ],
    [
      80.79874420166016,
      112.44953918457031,
      59.29296112060547,
      24.42777442932129,
      32.67291259765625,
      51.40087890625,
      9.26791763305664,
      115.08782958984375,
      14.353312492370605,
      100.17537689208984,
      14.903548240661621,
      69.79368591308594,
      14.527705192565918,
      132.7915496826172,
      30.24009895324707,
      115.36734771728516,
      44.8310432434082,
      84.35038757324219
    ],
    [
      39.2330322265625,
      47.263145446777344,
      28.939634323120117,
      15.01601791381836,
      41.012733459472656,
      17.249399185180664,
      55.094032287597656,
      14.353312492370605,
      72.62799835205078,
      17.181821823120117,
      51.88214874267578,
      20.853792190551758,
      48.75030517578125,
      57.040321350097656,
      32.74674606323242,
      49.23398208618164,
      24.058149337768555,
      35.84891891479492
    ],
    [
      94.32738494873047,
      119.55741119384766,
      56.57634353637695,
      33.504188537597656,
      28.029010772705078,
      53.93025588989258,
      10.457029342651367,
      100.17537689208984,
      17.181821823120117,
      122.11419677734375,
      21.562429428100586,
      80.85414123535156,
      23.560279846191406,
      135.23342895507812,
      33.876502990722656,
      119.90462493896484,
      51.38951110839844,
      95.76810455322266
    ],
    [
      33.192108154296875,
      38.29728698730469,
      21.138416290283203,
      14.333462715148926,
      35.55440139770508,
      17.916963577270508,
      40.81358337402344,
      14.903548240661621,
      51.88214874267578,
      21.562429428100586,
      66.56803131103516,
      17.904020309448242,
      58.98468017578125,
      50.87696075439453,
      35.13783264160156,
      42.51124572753906,
      22.820707321166992,
      27.84169578552246
    ],
    [
      75.5998764038086,
      92.0248794555664,
      38.19270324707031,
      32.4785041809082,
      22.701988220214844,
      46.16960144042969,
      13.171854019165039,
      69.79368591308594,
      20.853792190551758,
      80.85414123535156,
      17.904020309448242,
      103.5414810180664,
      21.240333557128906,
      107.73677825927734,
      21.372377395629883,
      96.11367797851562,
      31.010269165039062,
      78.35945129394531
    ],
    [
      42.45034408569336,
      43.55216979980469,
      23.789260864257812,
      16.578521728515625,
      33.32566452026367,
      13.967849731445312,
      39.221885681152344,
      14.527705192565918,
      48.75030517578125,
      23.560279846191406,
      58.98468017578125,
      21.240333557128906,
      73.61137390136719,
      57.431766510009766,
      48.17453384399414,
      52.40693283081055,
      35.78989028930664,
      40.18721389770508
    ],
    [
      157.43309020996094,
      212.0045623779297,
      111.85079956054688,
      43.96636962890625,
      63.31494140625,
      66.91885375976562,
      43.456363677978516,
      132.7915496826172,
      57.040321350097656,
      135.23342895507812,
      50.87696075439453,
      107.73677825927734,
      57.431766510009766,
      245.88284301757812,
      63.608612060546875,
      215.9568328857422,
      87.5447998046875,
      163.14344787597656
    ],
    [
      46.63706588745117,
      51.87350082397461,
      30.86115264892578,
      12.808576583862305,
      32.375179290771484,
      14.517107009887695,
      26.136272430419922,
      30.24009895324707,
      32.74674606323242,
      33.876502990722656,
      35.13783264160156,
      21.372377395629883,
      48.17453384399414,
      63.608612060546875,
      63.5941047668457,
      62.16802978515625,
      58.23693084716797,
      52.23460006713867
    ],
    [
      141.56768798828125,
      185.26133728027344,
      100.50259399414062,
      42.68253707885742,
      55.34606170654297,
      57.46843719482422,
      37.798099517822266,
      115.36734771728516,
      49.23398208618164,
      119.90462493896484,
      42.51124572753906,
      96.11367797851562,
      52.40693283081055,
      215.9568328857422,
      62.16802978515625,
      198.07777404785156,
      89.87702941894531,
      157.68336486816406
    ],
    [
      68.92708587646484,
      79.748291015625,
      45.14679718017578,
      18.263530731201172,
      29.316076278686523,
      16.071292877197266,
      17.867507934570312,
      44.8310432434082,
      24.058149337768555,
      51.38951110839844,
      22.820707321166992,
      31.010269165039062,
      35.78989028930664,
      87.5447998046875,
      58.23693084716797,
      89.87702941894531,
      91.48199462890625,
      89.97742462158203
    ],
    [
      121.96661376953125,
      146.32284545898438,
      80.0906982421875,
      42.867889404296875,
      38.28167724609375,
      39.910125732421875,
      25.540315628051758,
      84.35038757324219,
      35.84891891479492,
      95.76810455322266,
      27.84169578552246,
      78.35945129394531,
      40.18721389770508,
      163.14344787597656,
      52.23460006713867,
      157.68336486816406,
      89.97742462158203,
      145.4517822265625
    ]
  ],
  "covariance_short": [
    [
      190.7672576904297,
      122.57210540771484,
      99.44789123535156,
      78.35533142089844,
      36.35715866088867,
      53.56968307495117,
      30.4141902923584,
      74.8710708618164,
      46.247222900390625,
      92.25511932373047,
      42.57838439941406,
      79.67326354980469,
      44.32027816772461,
      144.75665283203125,
      40.174190521240234,
      123.32328033447266,
      87.11695861816406,
      103.3350601196289
    ],
    [
      122.57210540771484,
      146.1818389892578,
      82.46656799316406,
      54.171630859375,
      31.411758422851562,
      43.94654846191406,
      23.572147369384766,
      76.83190155029297,
      41.65543746948242,
      87.0947265625,
      39.27686309814453,
      73.5787353515625,
      39.62919616699219,
      159.87147521972656,
      36.823246002197266,
      132.0025177001953,
      89.16244506835938,
      93.67083740234375
    ],
    [
      99.44789123535156,
      82.46656799316406,
      97.67315673828125,
      41.9659309387207,
      45.1868896484375,
      36.596099853515625,
      34.87255096435547,
      55.63374710083008,
      39.9154052734375,
      58.590614318847656,
      34.98851776123047,
      45.377357482910156,
      33.12029266357422,
      111.13443756103516,
      33.03919219970703,
      94.50071716308594,
      72.40155029296875,
      72.09459686279297
    ],
    [
      78.35533142089844,
      54.171630859375,
      41.9659309387207,
      67.55901336669922,
      18.380126953125,
      38.82656478881836,
      19.232431411743164,
      36.80123519897461,
      27.362316131591797,
      47.953369140625,
      28.072036743164062,
      46.666385650634766,
      25.92121124267578,
      55.88194274902344,
      19.0273494720459,
      48.293243408203125,
      37.551483154296875,
      41.241546630859375
    ],
    [
      36.35715866088867,
      31.411758422851562,
      45.1868896484375,
      18.380126953125,
      83.68773651123047,
      29.45250129699707,
      59.06195831298828,
      34.42413330078125,
      52.17936706542969,
      32.207313537597656,
      48.2017707824707,
      30.94930076599121,
      38.018226623535156,
      58.27131652832031,
      33.81224060058594,
      47.066253662109375,
      43.98222732543945,
      24.88568687438965
    ],
    [
      53.56968307495117,
      43.94654846191406,
      36.596099853515625,
      38.82656478881836,
      29.45250129699707,
      75.17919921875,
      28.165542602539062,
      59.26805877685547,
      30.097782135009766,
      60.57701873779297,
      31.54597282409668,
      53.032249450683594,
      23.164140701293945,
      68.03970336914062,
      19.485937118530273,
      53.49346923828125,
      33.442779541015625,
      29.03876304626465
    ],
    [
      30.4141902923584,
      23.572147369384766,
      34.87255096435547,
      19.232431411743164,
      59.06195831298828,
      28.165542602539062,
      94.28754425048828,
      20.274381637573242,
      74.89998626708984,
      22.727210998535156,
      60.290435791015625,
      29.82638168334961,
      52.73562240600586,
      47.5319938659668,
      38.17744827270508,
      38.86939239501953,
      37.68634033203125,
      18.540681838989258
    ],
    [
      74.8710708618164,
      76.83190155029297,
      55.63374710083008,
      36.80123519897461,
      34.42413330078125,
      59.26805877685547,
      20.274381637573242,
      107.2589111328125,
      25.70845603942871,
      92.08490753173828,
      25.50499153137207,
      73.2948226928711,
      18.981082916259766,
      115.51973724365234,
      26.383398056030273,
      94.23418426513672,
      47.55043029785156,
      59.259517669677734
    ],
    [
      46.247222900390625,
      41.65543746948242,
      39.9154052734375,
      27.362316131591797,
      52.17936706542969,
      30.097782135009766,
      74.89998626708984,
      25.70845603942871,
      100.42664337158203,
      32.928470611572266,
      74.28430938720703,
      41.531612396240234,
      63.42543411254883,
      64.24292755126953,
      44.83559799194336,
      51.97101593017578,
      44.11680603027344,
      29.496700286865234
    ],
    [
      92.25511932373047,
      87.0947265625,
      58.590614318847656,
      47.953369140625,
      32.207313537597656,
      60.57701873779297,
      22.727210998535156,
      92.08490753173828,
      32.928470611572266,
      120.9821548461914,
      36.607643127441406,
      89.01800537109375,
      30.956439971923828,
      121.83453369140625,
      31.5535831451416,
      100.20830535888672,
      51.385093688964844,
      69.01168823242188
    ],
    [
      42.57838439941406,
      39.27686309814453,
      34.98851776123047,
      28.072036743164062,
      48.2017707824707,
      31.54597282409668,
      60.290435791015625,
      25.50499153137207,
      74.28430938720703,
      36.607643127441406,
      96.91777801513672,
      43.21120071411133,
      79.26667785644531,
      64.55860137939453,
      51.73250961303711,
      52.02693176269531,
      52.43582534790039,
      27.319063186645508
    ],
    [
      79.67326354980469,
      73.5787353515625,
      45.377357482910156,
      46.666385650634766,
      30.94930076599121,
      53.032249450683594,
      29.82638168334961,
      73.2948226928711,
      41.531612396240234,
      89.01800537109375,
      43.21120071411133,
      113.10658264160156,
      38.29645919799805,
      107.6520767211914,
      29.367889404296875,
      87.65974426269531,
      48.80374526977539,
      59.700679779052734
    ],
    [
      44.32027816772461,
      39.62919616699219,
      33.12029266357422,
      25.92121124267578,
      38.018226623535156,
      23.164140701293945,
      52.73562240600586,
      18.981082916259766,
      63.42543411254883,
      30.956439971923828,
      79.26667785644531,
      38.29645919799805,
      99.0720443725586,
      65.25147247314453,
      70.13653564453125,
      58.52066421508789,
      71.09990692138672,
      39.94655990600586
    ],
    [
      144.75665283203125,
      159.87147521972656,
      111.13443756103516,
      55.88194274902344,
      58.27131652832031,
      68.03970336914062,
      47.5319938659668,
      115.51973724365234,
      64.24292755126953,
      121.83453369140625,
      64.55860137939453,
      107.6520767211914,
      65.25147247314453,
      240.6673126220703,
      62.72852325439453,
      202.21717834472656,
      144.05325317382812,
      137.7172088623047
    ],
    [
      40.174190521240234,
      36.823246002197266,
      33.03919219970703,
      19.0273494720459,
      33.81224060058594,
      19.485937118530273,
      38.17744827270508,
      26.383398056030273,
      44.83559799194336,
      31.5535831451416,
      51.73250961303711,
      29.367889404296875,
      70.13653564453125,
      62.72852325439453,
      90.20306396484375,
      63.25719451904297,
      83.8745346069336,
      51.12834167480469
    ],
    [
      123.32328033447266,
      132.0025177001953,
      94.50071716308594,
      48.293243408203125,
      47.066253662109375,
      53.49346923828125,
      38.86939239501953,
      94.23418426513672,
      51.97101593017578,
      100.20830535888672,
      52.02693176269531,
      87.65974426269531,
      58.52066421508789,
      202.21717834472656,
      63.25719451904297,
      184.26150512695312,
      136.4799346923828,
      135.6707763671875
    ],
    [
      87.11695861816406,
      89.16244506835938,
      72.40155029296875,
      37.551483154296875,
      43.98222732543945,
      33.442779541015625,
      37.68634033203125,
      47.55043029785156,
      44.11680603027344,
      51.385093688964844,
      52.43582534790039,
      48.80374526977539,
      71.09990692138672,
      144.05325317382812,
      83.8745346069336,
      136.4799346923828,
      180.2945556640625,
      114.76160430908203
    ],
    [
      103.3350601196289,
      93.67083740234375,
      72.09459686279297,
      41.241546630859375,
      24.88568687438965,
      29.03876304626465,
      18.540681838989258,
      59.259517669677734,
      29.496700286865234,
      69.01168823242188,
      27.319063186645508,
      59.700679779052734,
      39.94655990600586,
      137.7172088623047,
      51.12834167480469,
      135.6707763671875,
      114.76160430908203,
      127.49761199951172
    ]
  ],
  "damage": -11.292166709899902,
  "diff_bandwidth": 864.3789672851562,
  "dissonance": 10.09184894234439,
  "drr": 6.918841361999512,
  "dynamics": 5.073486328125,
  "format": 1245190,
  "frames": 13306816,
  "loudness": -15.81227970123291,
  "loudness_range": 17.254112243652344,
  "loudness_range_short": 24.460407257080078,
  "lowpass_true_peak_15khz": 0.8686099648475647,
  "mastering3_acoustic_entropies": [
    {
      "acoustic_entropy": 7.362716197967529,
      "acoustic_entropy_mono": 7.440139293670654,
      "band_eliminated_acoustic_entropies": [
        {
          "acoustic_entropy": 7.307340145111084,
          "acoustic_entropy_side": 7.36265754699707,
          "hz": 129.47220167065723
        },
        {
          "acoustic_entropy": 7.021064281463623,
          "acoustic_entropy_side": 7.357235908508301,
          "hz": 202.92927478742237
        },
        {
          "acoustic_entropy": 7.318552017211914,
          "acoustic_entropy_side": 7.346576690673828,
          "hz": 282.89161906338205
        },
        {
          "acoustic_entropy": 7.275604724884033,
          "acoustic_entropy_side": 7.3601975440979,
          "hz": 369.9353335868758
        },
        {
          "acoustic_entropy": 7.534940242767334,
          "acoustic_entropy_side": 7.370632171630859,
          "hz": 464.6875360973435
        },
        {
          "acoustic_entropy": 7.010075569152832,
          "acoustic_entropy_side": 7.370572566986084,
          "hz": 567.8308811364784
        },
        {
          "acoustic_entropy": 7.468014717102051,
          "acoustic_entropy_side": 7.37207555770874,
          "hz": 680.1084783214808
        },
        {
          "acoustic_entropy": 7.45469856262207,
          "acoustic_entropy_side": 7.369750499725342,
          "hz": 802.3292461747484
        },
        {
          "acoustic_entropy": 7.501582145690918,
          "acoustic_entropy_side": 7.372810363769531,
          "hz": 935.3737400823702
        },
        {
          "acoustic_entropy": 7.348971843719482,
          "acoustic_entropy_side": 7.358493804931641,
          "hz": 1080.2004963696966
        },
        {
          "acoustic_entropy": 7.27276611328125,
          "acoustic_entropy_side": 7.348930358886719,
          "hz": 1237.8529382007157
        },
        {
          "acoustic_entropy": 7.327454566955566,
          "acoustic_entropy_side": 7.347714424133301,
          "hz": 1409.4668930556702
        },
        {
          "acoustic_entropy": 7.048846244812012,
          "acoustic_entropy_side": 7.341705322265625,
          "hz": 1596.2787759475705
        },
        {
          "acoustic_entropy": 7.299795627593994,
          "acoustic_entropy_side": 7.343353271484375,
          "hz": 1799.6344973346393
        },
        {
          "acoustic_entropy": 7.205204486846924,
          "acoustic_entropy_side": 7.359322547912598,
          "hz": 2020.9991599069049
        },
        {
          "acoustic_entropy": 6.958161354064941,
          "acoustic_entropy_side": 7.343867301940918,
          "hz": 2261.9676141086993
        },
        {
          "acoustic_entropy": 7.046915054321289,
          "acoustic_entropy_side": 7.2816338539123535,
          "hz": 2524.2759484456974
        },
        {
          "acoustic_entropy": 7.474112510681152,
          "acoustic_entropy_side": 7.306203365325928,
          "hz": 2809.813997359896
        },
        {
          "acoustic_entropy": 7.281641960144043,
          "acoustic_entropy_side": 7.3163604736328125,
          "hz": 3120.6389567871424
        },
        {
          "acoustic_entropy": 7.408937931060791,
          "acoustic_entropy_side": 7.305358409881592,
          "hz": 3458.990205492291
        },
        {
          "acoustic_entropy": 7.17650842666626,
          "acoustic_entropy_side": 7.303959369659424,
          "hz": 3827.305438964164
        },
        {
          "acoustic_entropy": 7.09784460067749,
          "acoustic_entropy_side": 7.366185188293457,
          "hz": 4228.238232109126
        },
        {
          "acoustic_entropy": 7.234659671783447,
          "acoustic_entropy_side": 7.369320869445801,
          "hz": 4664.6771572759235
        },
        {
          "acoustic_entropy": 7.4711127281188965,
          "acoustic_entropy_side": 7.376559257507324,
          "hz": 5139.766595350093
        },
        {
          "acoustic_entropy": 7.496717929840088,
          "acoustic_entropy_side": 7.378273010253906,
          "hz": 5656.929389854203
        },
        {
          "acoustic_entropy": 7.593965530395508,
          "acoustic_entropy_side": 7.392241954803467,
          "hz": 6219.891507268283
        },
        {
          "acoustic_entropy": 7.627364635467529,
          "acoustic_entropy_side": 7.382558345794678,
          "hz": 6832.70888123896
        },
        {
          "acoustic_entropy": 7.599282741546631,
          "acoustic_entropy_side": 7.368269920349121,
          "hz": 7499.796634079867
        },
        {
          "acoustic_entropy": 7.636594772338867,
          "acoustic_entropy_side": 7.383488655090332,
          "hz": 8225.96088609342
        },
        {
          "acoustic_entropy": 7.62905216217041,
          "acoustic_entropy_side": 7.390748977661133,
          "hz": 9016.43338188839
        },
        {
          "acoustic_entropy": 7.41601037979126,
          "acoustic_entropy_side": 7.378510475158691,
          "hz": 9876.909183162974
        },
        {
          "acoustic_entropy": 7.346782684326172,
          "acoustic_entropy_side": 7.369504928588867,
          "hz": 10813.587699516042
        },
        {
          "acoustic_entropy": 7.232700824737549,
          "acoustic_entropy_side": 7.354319095611572,
          "hz": 11833.21735289826
        },
        {
          "acoustic_entropy": 7.261916160583496,
          "acoustic_entropy_side": 7.356675624847412,
          "hz": 12943.144197493959
        },
        {
          "acoustic_entropy": 7.239024639129639,
          "acoustic_entropy_side": 7.351236343383789,
          "hz": 14151.364845322005
        },
        {
          "acoustic_entropy": 7.28300666809082,
          "acoustic_entropy_side": 7.356226921081543,
          "hz": 15466.58407886509
        },
        {
          "acoustic_entropy": 7.309911727905273,
          "acoustic_entropy_side": 7.3553361892700195,
          "hz": 16898.27756580493
        },
        {
          "acoustic_entropy": 7.314970970153809,
          "acoustic_entropy_side": 7.3586530685424805,
          "hz": 18456.760127700032
        },
        {
          "acoustic_entropy": 7.328088760375977,
          "acoustic_entropy_side": 7.362017631530762,
          "hz": 20153.260054456492
        },
        {
          "acoustic_entropy": 7.3582658767700195,
          "acoustic_entropy_side": 7.362668037414551,
          "hz": 22000.00000000001
        }
      ],
      "diff_acoustic_entropy": 6.31557559967041,
      "sn": 6
    },
    {
      "acoustic_entropy": 12.002660751342773,
      "acoustic_entropy_mono": 12.44843578338623,
      "band_eliminated_acoustic_entropies": [
        {
          "acoustic_entropy": 11.930261611938477,
          "acoustic_entropy_side": 12.005520820617676,
          "hz": 129.47220167065723
        },
        {
          "acoustic_entropy": 11.593690872192383,
          "acoustic_entropy_side": 11.945160865783691,
          "hz": 202.92927478742237
        },
        {
          "acoustic_entropy": 12.38673210144043,
          "acoustic_entropy_side": 11.976356506347656,
          "hz": 282.89161906338205
        },
        {
          "acoustic_entropy": 12.359480857849121,
          "acoustic_entropy_side": 12.150520324707031,
          "hz": 369.9353335868758
        },
        {
          "acoustic_entropy": 11.940064430236816,
          "acoustic_entropy_side": 12.171002388000488,
          "hz": 464.6875360973435
        },
        {
          "acoustic_entropy": 11.704127311706543,
          "acoustic_entropy_side": 12.013910293579102,
          "hz": 567.8308811364784
        },
        {
          "acoustic_entropy": 11.707386016845703,
          "acoustic_entropy_side": 12.127613067626953,
          "hz": 680.1084783214808
        },
        {
          "acoustic_entropy": 12.153416633605957,
          "acoustic_entropy_side": 12.107093811035156,
          "hz": 802.3292461747484
        },
        {
          "acoustic_entropy": 12.047346115112305,
          "acoustic_entropy_side": 12.028824806213379,
          "hz": 935.3737400823702
        },
        {
          "acoustic_entropy": 12.175640106201172,
          "acoustic_entropy_side": 11.930953979492188,
          "hz": 1080.2004963696966
        },
        {
          "acoustic_entropy": 12.189263343811035,
          "acoustic_entropy_side": 11.974957466125488,
          "hz": 1237.8529382007157
        },
        {
          "acoustic_entropy": 11.669413566589355,
          "acoustic_entropy_side": 11.984285354614258,
          "hz": 1409.4668930556702
        },
        {
          "acoustic_entropy": 11.764518737792969,
          "acoustic_entropy_side": 11.920969009399414,
          "hz": 1596.2787759475705
        },
        {
          "acoustic_entropy": 12.17365550994873,
          "acoustic_entropy_side": 11.948844909667969,
          "hz": 1799.6344973346393
        },
        {
          "acoustic_entropy": 11.991095542907715,
          "acoustic_entropy_side": 11.962488174438477,
          "hz": 2020.9991599069049
        },
        {
          "acoustic_entropy": 11.794299125671387,
          "acoustic_entropy_side": 11.94279956817627,
          "hz": 2261.9676141086993
        },
        {
          "acoustic_entropy": 12.024158477783203,
          "acoustic_entropy_side": 11.900764465332031,
          "hz": 2524.2759484456974
        },
        {
          "acoustic_entropy": 12.52650260925293,
          "acoustic_entropy_side": 11.896515846252441,
          "hz": 2809.813997359896
        },
        {
          "acoustic_entropy": 12.343840599060059,
          "acoustic_entropy_side": 11.973797798156738,
          "hz": 3120.6389567871424
        },
        {
          "acoustic_entropy": 12.001731872558594,
          "acoustic_entropy_side": 12.007787704467773,
          "hz": 3458.990205492291
        },
        {
          "acoustic_entropy": 11.986539840698242,
          "acoustic_entropy_side": 11.910950660705566,
          "hz": 3827.305438964164
        },
        {
          "acoustic_entropy": 12.398834228515625,
          "acoustic_entropy_side": 11.965995788574219,
          "hz": 4228.238232109126
        },
        {
          "acoustic_entropy": 12.363492965698242,
          "acoustic_entropy_side": 12.040140151977539,
          "hz": 4664.6771572759235
        },
        {
          "acoustic_entropy": 12.520638465881348,
          "acoustic_entropy_side": 11.991762161254883,
          "hz": 5139.766595350093
        },
        {
          "acoustic_entropy": 12.339516639709473,
          "acoustic_entropy_side": 12.018986701965332,
          "hz": 5656.929389854203
        },
        {
          "acoustic_entropy": 11.909309387207031,
          "acoustic_entropy_side": 12.033355712890625,
          "hz": 6219.891507268283
        },
        {
          "acoustic_entropy": 12.073126792907715,
          "acoustic_entropy_side": 12.05343246459961,
          "hz": 6832.70888123896
        },
        {
          "acoustic_entropy": 12.247299194335938,
          "acoustic_entropy_side": 12.088594436645508,
          "hz": 7499.796634079867
        },
        {
          "acoustic_entropy": 12.637091636657715,
          "acoustic_entropy_side": 12.156170845031738,
          "hz": 8225.96088609342
        },
        {
          "acoustic_entropy": 12.51703929901123,
          "acoustic_entropy_side": 12.144402503967285,
          "hz": 9016.43338188839
        },
        {
          "acoustic_entropy": 12.217490196228027,
          "acoustic_entropy_side": 12.14111614227295,
          "hz": 9876.909183162974
        },
        {
          "acoustic_entropy": 12.354413986206055,
          "acoustic_entropy_side": 12.172981262207031,
          "hz": 10813.587699516042
        },
        {
          "acoustic_entropy": 11.879953384399414,
          "acoustic_entropy_side": 12.174408912658691,
          "hz": 11833.21735289826
        },
        {
          "acoustic_entropy": 11.95650577545166,
          "acoustic_entropy_side": 12.111555099487305,
          "hz": 12943.144197493959
        },
        {
          "acoustic_entropy": 12.037178039550781,
          "acoustic_entropy_side": 12.093619346618652,
          "hz": 14151.364845322005
        },
        {
          "acoustic_entropy": 12.076833724975586,
          "acoustic_entropy_side": 12.096270561218262,
          "hz": 15466.58407886509
        },
        {
          "acoustic_entropy": 12.072305679321289,
          "acoustic_entropy_side": 12.078736305236816,
          "hz": 16898.27756580493
        },
        {
          "acoustic_entropy": 12.025073051452637,
          "acoustic_entropy_side": 12.048144340515137,
          "hz": 18456.760127700032
        },
        {
          "acoustic_entropy": 12.050621032714844,
          "acoustic_entropy_side": 12.01492977142334,
          "hz": 20153.260054456492
        },
        {
          "acoustic_entropy": 12.028180122375488,
          "acoustic_entropy_side": 12.003582000732422,
          "hz": 22000.00000000001
        }
      ],
      "diff_acoustic_entropy": 11.02766227722168,
      "sn": 12
    },
    {
      "acoustic_entropy": 20.07114601135254,
      "acoustic_entropy_mono": 18.642484664916992,
      "band_eliminated_acoustic_entropies": [
        {
          "acoustic_entropy": 20.31296157836914,
          "acoustic_entropy_side": 20.040950775146484,
          "hz": 129.47220167065723
        },
        {
          "acoustic_entropy": 20.613845825195312,
          "acoustic_entropy_side": 20.40399742126465,
          "hz": 202.92927478742237
        },
        {
          "acoustic_entropy": 20.203508377075195,
          "acoustic_entropy_side": 20.617372512817383,
          "hz": 282.89161906338205
        },
        {
          "acoustic_entropy": 20.89942169189453,
          "acoustic_entropy_side": 20.185216903686523,
          "hz": 369.9353335868758
        },
        {
          "acoustic_entropy": 19.888700485229492,
          "acoustic_entropy_side": 20.180192947387695,
          "hz": 464.6875360973435
        },
        {
          "acoustic_entropy": 19.95564079284668,
          "acoustic_entropy_side": 20.036535263061523,
          "hz": 567.8308811364784
        },
        {
          "acoustic_entropy": 20.134275436401367,
          "acoustic_entropy_side": 20.242958068847656,
          "hz": 680.1084783214808
        },
        {
          "acoustic_entropy": 19.93119239807129,
          "acoustic_entropy_side": 20.141063690185547,
          "hz": 802.3292461747484
        },
        {
          "acoustic_entropy": 20.399368286132812,
          "acoustic_entropy_side": 20.08542251586914,
          "hz": 935.3737400823702
        },
        {
          "acoustic_entropy": 20.767436981201172,
          "acoustic_entropy_side": 19.99013900756836,
          "hz": 1080.2004963696966
        },
        {
          "acoustic_entropy": 20.103002548217773,
          "acoustic_entropy_side": 20.18571662902832,
          "hz": 1237.8529382007157
        },
        {
          "acoustic_entropy": 20.014360427856445,
          "acoustic_entropy_side": 20.13092613220215,
          "hz": 1409.4668930556702
        },
        {
          "acoustic_entropy": 20.45285987854004,
          "acoustic_entropy_side": 20.130149841308594,
          "hz": 1596.2787759475705
        },
        {
          "acoustic_entropy": 20.27448272705078,
          "acoustic_entropy_side": 20.038938522338867,
          "hz": 1799.6344973346393
        },
        {
          "acoustic_entropy": 19.714494705200195,
          "acoustic_entropy_side": 19.78453254699707,
          "hz": 2020.9991599069049
        },
        {
          "acoustic_entropy": 20.442142486572266,
          "acoustic_entropy_side": 20.09131622314453,
          "hz": 2261.9676141086993
        },
        {
          "acoustic_entropy": 19.743572235107422,
          "acoustic_entropy_side": 19.95858383178711,
          "hz": 2524.2759484456974
        },
        {
          "acoustic_entropy": 19.827646255493164,
          "acoustic_entropy_side": 19.95893669128418,
          "hz": 2809.813997359896
        },
        {
          "acoustic_entropy": 19.97294807434082,
          "acoustic_entropy_side": 20.005226135253906,
          "hz": 3120.6389567871424
        },
        {
