{
  "acoustic_entropy": 173.17247009277344,
  "bands": [
    {
      "high_freq": 148.1999969482422,
      "loudness": -36.138221740722656,
      "loudness_range": 25.53311538696289,
      "mid_mean": -32.9243049621582,
      "mid_to_side_loudness": -10.244356155395508,
      "mid_to_side_loudness_range": 11.473245620727539,
      "side_mean": -43.77374267578125
    },
    {
      "high_freq": 392.3793640136719,
      "loudness": -31.625436782836914,
      "loudness_range": 20.16038703918457,
      "low_freq": 148.1999969482422,
      "mid_mean": -29.53472137451172,
      "mid_to_side_loudness": -4.239426136016846,
      "mid_to_side_loudness_range": 8.645760536193848,
      "side_mean": -33.8514289855957
    },
    {
      "high_freq": 794.6976318359375,
      "loudness": -32.701576232910156,
      "loudness_range": 20.305923461914062,
      "low_freq": 392.3793640136719,
      "mid_mean": -30.915924072265625,
      "mid_to_side_loudness": -3.2932674884796143,
      "mid_to_side_loudness_range": 9.46419620513916,
      "side_mean": -34.23707962036133
    },
    {
      "high_freq": 1457.5709228515625,
      "loudness": -34.26127624511719,
      "loudness_range": 25.305273056030273,
      "low_freq": 794.6976318359375,
      "mid_mean": -32.788902282714844,
      "mid_to_side_loudness": -2.0054819583892822,
      "mid_to_side_loudness_range": 7.763113021850586,
      "side_mean": -34.92356872558594
    },
    {
      "high_freq": 2549.74365234375,
      "loudness": -40.42565155029297,
      "loudness_range": 29.40057373046875,
      "low_freq": 1457.5709228515625,
      "mid_mean": -39.06011962890625,
      "mid_to_side_loudness": -2.0362091064453125,
      "mid_to_side_loudness_range": 7.395196914672852,
      "side_mean": -41.202720642089844
    },
    {
      "high_freq": 4349.24462890625,
      "loudness": -49.2865104675293,
      "loudness_range": 26.64724349975586,
      "low_freq": 2549.74365234375,
      "mid_mean": -47.651920318603516,
      "mid_to_side_loudness": -2.8641951084136963,
      "mid_to_side_loudness_range": 6.089748859405518,
      "side_mean": -50.487937927246094
    },
    {
      "high_freq": 7314.1640625,
      "loudness": -55.369258880615234,
      "loudness_range": 23.49759292602539,
      "low_freq": 4349.24462890625,
      "mid_mean": -53.17294692993164,
      "mid_to_side_loudness": -2.778468608856201,
      "mid_to_side_loudness_range": 2.7744686603546143,
      "side_mean": -55.70835876464844
    },
    {
      "high_freq": 12199.2666015625,
      "loudness": -61.32471466064453,
      "loudness_range": 20.625228881835938,
      "low_freq": 7314.1640625,
      "mid_mean": -58.719566345214844,
      "mid_to_side_loudness": -2.6034352779388428,
      "mid_to_side_loudness_range": 1.0852248668670654,
      "side_mean": -60.8543586730957
    },
    {
      "loudness": -64.59498596191406,
      "loudness_range": 12.57772445678711,
      "low_freq": 12199.2666015625,
      "mid_mean": -61.996055603027344,
      "mid_to_side_loudness": -1.9343290328979492,
      "mid_to_side_loudness_range": 0.8412212133407593,
      "side_mean": -63.49013900756836
    }
  ],
  "bands_short": [
    {
      "high_freq": 148.1999969482422,
      "loudness": -40.712284088134766,
      "loudness_range": 28.240768432617188,
      "mid_mean": -37.461814880371094,
      "mid_to_side_loudness": -11.111148834228516,
      "mid_to_side_loudness_range": 13.660553932189941,
      "side_mean": -49.7496337890625
    },
    {
      "high_freq": 392.3793640136719,
      "loudness": -31.17143440246582,
      "loudness_range": 20.2264404296875,
      "low_freq": 148.1999969482422,
      "mid_mean": -28.612417221069336,
      "mid_to_side_loudness": -5.901311874389648,
      "mid_to_side_loudness_range": 10.778463363647461,
      "side_mean": -34.770111083984375
    },
    {
      "high_freq": 794.6976318359375,
      "loudness": -32.54743194580078,
      "loudness_range": 22.42574119567871,
      "low_freq": 392.3793640136719,
      "mid_mean": -31.036983489990234,
      "mid_to_side_loudness": -2.6458399295806885,
      "mid_to_side_loudness_range": 10.241600036621094,
      "side_mean": -33.59185028076172
    },
    {
      "high_freq": 1457.5709228515625,
      "loudness": -35.23666000366211,
      "loudness_range": 26.50450325012207,
      "low_freq": 794.6976318359375,
      "mid_mean": -33.90223693847656,
      "mid_to_side_loudness": -1.9308607578277588,
      "mid_to_side_loudness_range": 9.275217056274414,
      "side_mean": -35.932308197021484
    },
    {
      "high_freq": 2549.74365234375,
      "loudness": -41.4051628112793,
      "loudness_range": 28.7584171295166,
      "low_freq": 1457.5709228515625,
      "mid_mean": -40.02760314941406,
      "mid_to_side_loudness": -2.128824472427368,
      "mid_to_side_loudness_range": 8.702596664428711,
      "side_mean": -42.327571868896484
    },
    {
      "high_freq": 4349.24462890625,
      "loudness": -50.1305046081543,
      "loudness_range": 27.53524398803711,
      "low_freq": 2549.74365234375,
      "mid_mean": -48.67689514160156,
      "mid_to_side_loudness": -2.8223087787628174,
      "mid_to_side_loudness_range": 7.660717964172363,
      "side_mean": -51.33066940307617
    },
    {
      "high_freq": 7314.1640625,
      "loudness": -56.08599853515625,
      "loudness_range": 23.53586196899414,
      "low_freq": 4349.24462890625,
      "mid_mean": -53.88128662109375,
      "mid_to_side_loudness": -2.745715856552124,
      "mid_to_side_loudness_range": 3.5160655975341797,
      "side_mean": -56.3638801574707
    },
    {
      "high_freq": 12199.2666015625,
      "loudness": -61.81923294067383,
      "loudness_range": 20.27684783935547,
      "low_freq": 7314.1640625,
      "mid_mean": -59.18321228027344,
      "mid_to_side_loudness": -2.5896763801574707,
      "mid_to_side_loudness_range": 1.9358766078948975,
      "side_mean": -61.28252410888672
    },
    {
      "loudness": -64.88317108154297,
      "loudness_range": 12.21535873413086,
      "low_freq": 12199.2666015625,
      "mid_mean": -62.25629425048828,
      "mid_to_side_loudness": -1.9105629920959473,
      "mid_to_side_loudness_range": 1.445963740348816,
      "side_mean": -63.71194076538086
    }
  ],
  "bandwidth": 598.2627563476562,
  "channels": 2,
  "covariance": [
    [
      80.97100830078125,
      61.18637466430664,
      27.929805755615234,
      26.407176971435547,
      23.98874282836914,
      22.855010986328125,
      27.517391204833984,
      28.395315170288086,
      28.32179069519043,
      29.627717971801758,
      32.40697479248047,
      34.09700393676758,
      34.463645935058594,
      33.29496383666992,
      30.899261474609375,
      28.107515335083008,
      17.532737731933594,
      15.61946964263916
    ],
    [
      61.18637466430664,
      64.0036392211914,
      33.78038787841797,
      32.78452682495117,
      28.496341705322266,
      28.62476348876953,
      32.68408966064453,
      32.58419418334961,
      32.30419158935547,
      34.447181701660156,
      36.308067321777344,
      37.76482009887695,
      31.47400665283203,
      29.379589080810547,
      24.707658767700195,
      22.5945987701416,
      14.691520690917969,
      13.173397064208984
    ],
    [
      27.929805755615234,
      33.78038787841797,
      55.581214904785156,
      51.101234436035156,
      40.43280792236328,
      41.565155029296875,
      44.25506591796875,
      42.99769592285156,
      43.717803955078125,
      45.407958984375,
      43.93207550048828,
      45.57034683227539,
      27.033584594726562,
      23.585620880126953,
      14.998751640319824,
      13.883965492248535,
      9.505879402160645,
      8.662714958190918
    ],
    [
      26.407176971435547,
      32.78452682495117,
      51.101234436035156,
      58.529945373535156,
      41.16555404663086,
      39.73645782470703,
      44.405677795410156,
      43.604156494140625,
      44.64018630981445,
      46.187286376953125,
      45.69773483276367,
      47.32077407836914,
      28.11308479309082,
      24.44127655029297,
      14.874956130981445,
      13.73121166229248,
      9.217524528503418,
      8.40104866027832
    ],
    [
      23.98874282836914,
      28.496341705322266,
      40.43280792236328,
      41.16555404663086,
      52.148399353027344,
      48.575008392333984,
      45.55037307739258,
      44.29306411743164,
      46.192684173583984,
      46.73146438598633,
      47.31705093383789,
      47.04180145263672,
      26.95916748046875,
      23.36448097229004,
      13.862380027770996,
      12.890445709228516,
      8.820300102233887,
      7.999443054199219
    ],
    [
      22.855010986328125,
      28.62476348876953,
      41.565155029296875,
      39.73645782470703,
      48.575008392333984,
      57.670127868652344,
      46.30632400512695,
      44.689544677734375,
      46.615421295166016,
      47.09650802612305,
      46.88219451904297,
      47.159481048583984,
      25.082080841064453,
      21.47540283203125,
      12.046961784362793,
      11.28389835357666,
      8.180700302124023,
      7.498010158538818
    ],
    [
      27.517391204833984,
      32.68408966064453,
      44.25506591796875,
      44.405677795410156,
      45.55037307739258,
      46.30632400512695,
      76.09783935546875,
      69.43052673339844,
      62.6671257019043,
      65.75880432128906,
      60.797203063964844,
      60.95061111450195,
      37.668800354003906,
      34.040122985839844,
      21.258684158325195,
      19.469440460205078,
      12.092362403869629,
      10.85684871673584
    ],
    [
      28.395315170288086,
      32.58419418334961,
      42.99769592285156,
      43.604156494140625,
      44.29306411743164,
      44.689544677734375,
      69.43052673339844,
      72.12367248535156,
      60.39655303955078,
      63.244136810302734,
      58.21041488647461,
      58.60506057739258,
      36.22555160522461,
      32.82565689086914,
      20.973373413085938,
      19.263246536254883,
      11.955159187316895,
      10.791083335876465
    ],
    [
      28.32179069519043,
      32.30419158935547,
      43.717803955078125,
      44.64018630981445,
      46.192684173583984,
      46.615421295166016,
      62.6671257019043,
      60.39655303955078,
      92.18690490722656,
      90.3103256225586,
      75.60115814208984,
      74.47392272949219,
      49.70518112182617,
      45.292728424072266,
      28.981876373291016,
      26.300369262695312,
      14.593681335449219,
      12.995938301086426
    ],
    [
      29.627717971801758,
      34.447181701660156,
      45.407958984375,
      46.187286376953125,
      46.73146438598633,
      47.09650802612305,
      65.75880432128906,
      63.244136810302734,
      90.3103256225586,
      98.23835754394531,
      76.9596176147461,
      75.4903335571289,
      51.3916130065918,
      47.23122024536133,
      30.28738784790039,
      27.47883415222168,
      15.012055397033691,
      13.372031211853027
    ],
    [
      32.40697479248047,
      36.308067321777344,
      43.93207550048828,
      45.69773483276367,
      47.31705093383789,
      46.88219451904297,
      60.797203063964844,
      58.21041488647461,
      75.60115814208984,
      76.9596176147461,
      88.44581604003906,
      86.24346160888672,
      55.299983978271484,
      50.180870056152344,
      33.71906280517578,
      30.426950454711914,
      17.15465545654297,
      15.150891304016113
    ],
    [
      34.09700393676758,
      37.76482009887695,
      45.57034683227539,
      47.32077407836914,
      47.04180145263672,
      47.159481048583984,
      60.95061111450195,
      58.60506057739258,
      74.47392272949219,
      75.4903335571289,
      86.24346160888672,
      90.52534484863281,
      56.169219970703125,
      51.16118240356445,
      34.40056228637695,
      30.986099243164062,
      17.498443603515625,
      15.439371109008789
    ],
    [
      34.463645935058594,
      31.47400665283203,
      27.033584594726562,
      28.11308479309082,
      26.95916748046875,
      25.082080841064453,
      37.668800354003906,
      36.22555160522461,
      49.70518112182617,
      51.3916130065918,
      55.299983978271484,
      56.169219970703125,
      55.69525909423828,
      52.330379486083984,
      41.06000518798828,
      37.15879821777344,
      21.374221801757812,
      18.839628219604492
    ],
    [
      33.29496383666992,
      29.379589080810547,
      23.585620880126953,
      24.44127655029297,
      23.36448097229004,
      21.47540283203125,
      34.040122985839844,
      32.82565689086914,
      45.292728424072266,
      47.23122024536133,
      50.180870056152344,
      51.16118240356445,
      52.330379486083984,
      50.3254508972168,
      40.25798034667969,
      36.50397872924805,
      20.943817138671875,
      18.468034744262695
    ],
    [
      30.899261474609375,
      24.707658767700195,
      14.998751640319824,
      14.874956130981445,
      13.862380027770996,
      12.046961784362793,
      21.258684158325195,
      20.973373413085938,
      28.981876373291016,
      30.28738784790039,
      33.71906280517578,
      34.40056228637695,
      41.06000518798828,
      40.25798034667969,
      40.62641143798828,
      37.01050567626953,
      22.81252098083496,
      20.13554573059082
    ],
    [
      28.107515335083008,
      22.5945987701416,
      13.883965492248535,
      13.73121166229248,
      12.890445709228516,
      11.28389835357666,
      19.469440460205078,
      19.263246536254883,
      26.300369262695312,
      27.47883415222168,
      30.426950454711914,
      30.986099243164062,
      37.15879821777344,
      36.50397872924805,
      37.01050567626953,
      33.892364501953125,
      21.096485137939453,
      18.65428924560547
    ],
    [
      17.532737731933594,
      14.691520690917969,
      9.505879402160645,
      9.217524528503418,
      8.820300102233887,
      8.180700302124023,
      12.092362403869629,
      11.955159187316895,
      14.593681335449219,
      15.012055397033691,
      17.15465545654297,
      17.498443603515625,
      21.374221801757812,
      20.943817138671875,
      22.81252098083496,
      21.096485137939453,
      14.698342323303223,
      13.087543487548828
    ],
    [
      15.61946964263916,
      13.173397064208984,
      8.662714958190918,
      8.40104866027832,
      7.999443054199219,
      7.498010158538818,
      10.85684871673584,
      10.791083335876465,
      12.995938301086426,
      13.372031211853027,
      15.150891304016113,
      15.439371109008789,
      18.839628219604492,
      18.468034744262695,
      20.13554573059082,
      18.65428924560547,
      13.087543487548828,
      11.703601837158203
    ]
  ],
  "covariance_short": [
    [
      95.21415710449219,
      71.89718627929688,
      32.285640716552734,
      25.058439254760742,
      21.32066535949707,
      19.994630813598633,
      22.05493927001953,
      23.523815155029297,
      23.72194480895996,
      24.228431701660156,
      27.777544021606445,
      28.1727237701416,
      31.842960357666016,
      30.626110076904297,
      29.092100143432617,
      26.37201690673828,
      16.254322052001953,
      14.500838279724121
    ],
    [
      71.89718627929688,
      79.89995574951172,
      38.132564544677734,
      33.981117248535156,
      29.675809860229492,
      29.30043601989746,
      31.45126724243164,
      31.638011932373047,
      30.522354125976562,
      32.28618621826172,
      34.545719146728516,
      34.4443473815918,
      32.10387420654297,
      29.712509155273438,
      25.55738067626953,
      23.26337242126465,
      14.835997581481934,
      13.287403106689453
    ],
    [
      32.285640716552734,
      38.132564544677734,
      54.859066009521484,
      45.986778259277344,
      40.603206634521484,
      40.586971282958984,
      41.97589874267578,
      40.35368347167969,
      41.82101058959961,
      43.323062896728516,
      42.02409362792969,
      42.928096771240234,
      27.4855899810791,
      24.4688663482666,
      17.542774200439453,
      16.025476455688477,
      10.444070816040039,
      9.40368366241455
    ],
    [
      25.058439254760742,
      33.981117248535156,
      45.986778259277344,
      54.53230667114258,
      43.093746185302734,
      42.1740837097168,
      43.845069885253906,
      42.95541763305664,
      43.601932525634766,
      45.1923713684082,
      44.454593658447266,
      44.5148811340332,
      26.324186325073242,
      22.860872268676758,
      14.965690612792969,
      13.692734718322754,
      9.139725685119629,
      8.271124839782715
    ],
    [
      21.32066535949707,
      29.675809860229492,
      40.603206634521484,
      43.093746185302734,
      62.3219108581543,
      56.376041412353516,
      50.735931396484375,
      49.01743698120117,
      51.34940719604492,
      51.11474609375,
      51.57489013671875,
      51.54047393798828,
      26.91992950439453,
      23.095714569091797,
      13.104945182800293,
      12.104485511779785,
      8.341591835021973,
      7.561385154724121
    ],
    [
      19.994630813598633,
      29.30043601989746,
      40.586971282958984,
      42.1740837097168,
      56.376041412353516,
      65.97239685058594,
      50.967403411865234,
      49.046512603759766,
      51.95418167114258,
      51.81800079345703,
      50.31584930419922,
      50.846614837646484,
      25.477977752685547,
      21.645891189575195,
      11.689828872680664,
      10.8138427734375,
      7.664336204528809,
      7.009105205535889
    ],
    [
      22.05493927001953,
      31.45126724243164,
      41.97589874267578,
      43.845069885253906,
      50.735931396484375,
      50.967403411865234,
      82.2452392578125,
      73.31021118164062,
      66.51374053955078,
      69.03094482421875,
      63.054443359375,
      63.30757522583008,
      36.59080123901367,
      32.600128173828125,
      19.6369571685791,
      17.86923599243164,
      11.019864082336426,
      9.879498481750488
    ],
    [
      23.523815155029297,
      31.638011932373047,
      40.35368347167969,
      42.95541763305664,
      49.01743698120117,
      49.046512603759766,
      73.31021118164062,
      77.17538452148438,
      64.23997497558594,
      66.59359741210938,
      59.49040603637695,
      59.99375915527344,
      34.736385345458984,
      31.022171020507812,
      19.017473220825195,
      17.400318145751953,
      10.699743270874023,
      9.665887832641602
    ],
    [
      23.72194480895996,
      30.522354125976562,
      41.82101058959961,
      43.601932525634766,
      51.34940719604492,
      51.95418167114258,
      66.51374053955078,
      64.23997497558594,
      96.15699005126953,
      92.07079315185547,
      75.53975677490234,
      74.95209503173828,
      47.49138641357422,
      42.7692756652832,
      26.2175235748291,
      23.778600692749023,
      13.319936752319336,
      11.892662048339844
    ],
    [
      24.228431701660156,
      32.28618621826172,
      43.323062896728516,
      45.1923713684082,
      51.11474609375,
      51.81800079345703,
      69.03094482421875,
      66.59359741210938,
      92.07079315185547,
      101.033203125,
      76.59664154052734,
      75.58447265625,
      49.02663803100586,
      44.495121002197266,
      27.55727195739746,
      24.973344802856445,
      13.792506217956543,
      12.333449363708496
    ],
    [
      27.777544021606445,
      34.545719146728516,
      42.02409362792969,
      44.454593658447266,
      51.57489013671875,
      50.31584930419922,
      63.054443359375,
      59.49040603637695,
      75.53975677490234,
      76.59664154052734,
      90.33644104003906,
      86.83882141113281,
      54.30936813354492,
      48.885520935058594,
      31.877073287963867,
      28.75165367126465,
      16.31218147277832,
      14.425118446350098
    ],
    [
      28.1727237701416,
      34.4443473815918,
      42.928096771240234,
      44.5148811340332,
      51.54047393798828,
      50.846614837646484,
      63.30757522583008,
      59.99375915527344,
      74.95209503173828,
      75.58447265625,
      86.83882141113281,
      90.76123809814453,
      53.89222717285156,
      48.75022506713867,
      31.964460372924805,
      28.812973022460938,
      16.402467727661133,
      14.506779670715332
    ],
    [
      31.842960357666016,
      32.10387420654297,
      27.4855899810791,
      26.324186325073242,
      26.91992950439453,
      25.477977752685547,
      36.59080123901367,
      34.736385345458984,
      47.49138641357422,
      49.02663803100586,
      54.30936813354492,
      53.89222717285156,
      55.27439880371094,
      51.31228256225586,
      39.64257049560547,
      35.85331726074219,
      20.54810333251953,
      18.15621566772461
    ],
    [
      30.626110076904297,
      29.712509155273438,
      24.4688663482666,
      22.860872268676758,
      23.095714569091797,
      21.645891189575195,
      32.600128173828125,
      31.022171020507812,
      42.7692756652832,
      44.495121002197266,
      48.885520935058594,
      48.75022506713867,
      51.31228256225586,
      49.373497009277344,
      38.53717041015625,
      34.91458511352539,
      19.936365127563477,
      17.62603759765625
    ],
    [
      29.092100143432617,
      25.55738067626953,
      17.542774200439453,
      14.965690612792969,
      13.104945182800293,
      11.689828872680664,
      19.6369571685791,
      19.017473220825195,
      26.2175235748291,
      27.55727195739746,
      31.877073287963867,
      31.964460372924805,
      39.64257049560547,
      38.53717041015625,
      39.1222038269043,
      35.52101135253906,
      21.977611541748047,
      19.44609832763672
    ],
    [
      26.37201690673828,
      23.26337242126465,
      16.025476455688477,
      13.692734718322754,
      12.104485511779785,
      10.8138427734375,
      17.86923599243164,
      17.400318145751953,
      23.778600692749023,
      24.973344802856445,
      28.75165367126465,
      28.812973022460938,
      35.85331726074219,
      34.91458511352539,
      35.52101135253906,
      32.6219482421875,
      20.318227767944336,
      18.01504135131836
    ],
    [
      16.254322052001953,
      14.835997581481934,
      10.444070816040039,
      9.139725685119629,
      8.341591835021973,
      7.664336204528809,
      11.019864082336426,
      10.699743270874023,
      13.319936752319336,
      13.792506217956543,
      16.31218147277832,
      16.402467727661133,
      20.54810333251953,
      19.936365127563477,
      21.977611541748047,
      20.318227767944336,
      14.390716552734375,
      12.797568321228027
    ],
    [
      14.500838279724121,
      13.287403106689453,
      9.40368366241455,
      8.271124839782715,
      7.561385154724121,
      7.009105205535889,
      9.879498481750488,
      9.665887832641602,
      11.892662048339844,
      12.333449363708496,
      14.425118446350098,
      14.506779670715332,
      18.15621566772461,
      17.62603759765625,
      19.44609832763672,
      18.01504135131836,
      12.797568321228027,
      11.529280662536621
    ]
  ],
  "damage": -13.784406661987305,
  "diff_bandwidth": 668.9517822265625,
  "dissonance": 5.095391844449075,
  "drr": 0.2746923565864563,
  "dynamics": 5.47490119934082,
  "format": 1245190,
  "frames": 20807680,
  "loudness": -21.071603775024414,
  "loudness_range": 17.334325790405273,
  "loudness_range_short": 19.06616973876953,
  "lowpass_true_peak_15khz": -0.049401216208934784,
  "mastering3_acoustic_entropies": [
    {
      "acoustic_entropy": 8.677316665649414,
      "acoustic_entropy_mono": 8.454936981201172,
      "band_eliminated_acoustic_entropies": [
        {
          "acoustic_entropy": 8.6138916015625,
          "acoustic_entropy_side": 8.677334785461426,
          "hz": 129.47220167065723
        },
        {
          "acoustic_entropy": 7.416234016418457,
          "acoustic_entropy_side": 8.651517868041992,
          "hz": 202.92927478742237
        },
        {
          "acoustic_entropy": 8.837287902832031,
          "acoustic_entropy_side": 8.716928482055664,
          "hz": 282.89161906338205
        },
        {
          "acoustic_entropy": 8.77036190032959,
          "acoustic_entropy_side": 8.757474899291992,
          "hz": 369.9353335868758
        },
        {
          "acoustic_entropy": 8.296727180480957,
          "acoustic_entropy_side": 8.352265357971191,
          "hz": 464.6875360973435
        },
        {
          "acoustic_entropy": 7.930914878845215,
          "acoustic_entropy_side": 8.870890617370605,
          "hz": 567.8308811364784
        },
        {
          "acoustic_entropy": 8.447646141052246,
          "acoustic_entropy_side": 8.685327529907227,
          "hz": 680.1084783214808
        },
        {
          "acoustic_entropy": 8.595730781555176,
          "acoustic_entropy_side": 8.431046485900879,
          "hz": 802.3292461747484
        },
        {
          "acoustic_entropy": 8.028562545776367,
          "acoustic_entropy_side": 8.95983600616455,
          "hz": 935.3737400823702
        },
        {
          "acoustic_entropy": 8.619824409484863,
          "acoustic_entropy_side": 8.346770286560059,
          "hz": 1080.2004963696966
        },
        {
          "acoustic_entropy": 8.472603797912598,
          "acoustic_entropy_side": 8.430013656616211,
          "hz": 1237.8529382007157
        },
        {
          "acoustic_entropy": 8.101204872131348,
          "acoustic_entropy_side": 8.762836456298828,
          "hz": 1409.4668930556702
        },
        {
          "acoustic_entropy": 8.838821411132812,
          "acoustic_entropy_side": 8.900131225585938,
          "hz": 1596.2787759475705
        },
        {
          "acoustic_entropy": 7.958428859710693,
          "acoustic_entropy_side": 8.26431655883789,
          "hz": 1799.6344973346393
        },
        {
          "acoustic_entropy": 8.492189407348633,
          "acoustic_entropy_side": 8.723234176635742,
          "hz": 2020.9991599069049
        },
        {
          "acoustic_entropy": 8.366230010986328,
          "acoustic_entropy_side": 8.544109344482422,
          "hz": 2261.9676141086993
        },
        {
          "acoustic_entropy": 8.432082176208496,
          "acoustic_entropy_side": 8.650049209594727,
          "hz": 2524.2759484456974
        },
        {
          "acoustic_entropy": 8.759804725646973,
          "acoustic_entropy_side": 8.914362907409668,
          "hz": 2809.813997359896
        },
        {
          "acoustic_entropy": 8.869619369506836,
          "acoustic_entropy_side": 8.690835952758789,
          "hz": 3120.6389567871424
        },
        {
          "acoustic_entropy": 8.576589584350586,
          "acoustic_entropy_side": 8.69647216796875,
          "hz": 3458.990205492291
        },
        {
          "acoustic_entropy": 8.617424964904785,
          "acoustic_entropy_side": 8.721674919128418,
          "hz": 3827.305438964164
        },
        {
          "acoustic_entropy": 8.706216812133789,
          "acoustic_entropy_side": 8.68605899810791,
          "hz": 4228.238232109126
        },
        {
          "acoustic_entropy": 8.678688049316406,
          "acoustic_entropy_side": 8.679136276245117,
          "hz": 4664.6771572759235
        },
        {
          "acoustic_entropy": 8.681296348571777,
          "acoustic_entropy_side": 8.679230690002441,
          "hz": 5139.766595350093
        },
        {
          "acoustic_entropy": 8.689459800720215,
          "acoustic_entropy_side": 8.679803848266602,
          "hz": 5656.929389854203
        },
        {
          "acoustic_entropy": 8.686784744262695,
          "acoustic_entropy_side": 8.679059028625488,
          "hz": 6219.891507268283
        },
        {
          "acoustic_entropy": 8.679220199584961,
          "acoustic_entropy_side": 8.677923202514648,
          "hz": 6832.70888123896
        },
        {
          "acoustic_entropy": 8.679224014282227,
          "acoustic_entropy_side": 8.677911758422852,
          "hz": 7499.796634079867
        },
        {
          "acoustic_entropy": 8.679004669189453,
          "acoustic_entropy_side": 8.677573204040527,
          "hz": 8225.96088609342
        },
        {
          "acoustic_entropy": 8.678716659545898,
          "acoustic_entropy_side": 8.677474021911621,
          "hz": 9016.43338188839
        },
        {
          "acoustic_entropy": 8.677638053894043,
          "acoustic_entropy_side": 8.677364349365234,
          "hz": 9876.909183162974
        },
        {
          "acoustic_entropy": 8.677512168884277,
          "acoustic_entropy_side": 8.677342414855957,
          "hz": 10813.587699516042
        },
        {
          "acoustic_entropy": 8.677547454833984,
          "acoustic_entropy_side": 8.677342414855957,
          "hz": 11833.21735289826
        },
        {
          "acoustic_entropy": 8.677362442016602,
          "acoustic_entropy_side": 8.677323341369629,
          "hz": 12943.144197493959
        },
        {
          "acoustic_entropy": 8.677338600158691,
          "acoustic_entropy_side": 8.677324295043945,
          "hz": 14151.364845322005
        },
        {
          "acoustic_entropy": 8.677325248718262,
          "acoustic_entropy_side": 8.677321434020996,
          "hz": 15466.58407886509
        },
        {
          "acoustic_entropy": 8.677323341369629,
          "acoustic_entropy_side": 8.67731761932373,
          "hz": 16898.27756580493
        },
        {
          "acoustic_entropy": 8.67731761932373,
          "acoustic_entropy_side": 8.67731761932373,
          "hz": 18456.760127700032
        },
        {
          "acoustic_entropy": 8.67731761932373,
          "acoustic_entropy_side": 8.677316665649414,
          "hz": 20153.260054456492
        },
        {
          "acoustic_entropy": 8.677316665649414,
          "acoustic_entropy_side": 8.677316665649414,
          "hz": 22000.00000000001
        }
      ],
      "diff_acoustic_entropy": 5.048089027404785,
      "sn": 6
    },
    {
      "acoustic_entropy": 12.817261695861816,
      "acoustic_entropy_mono": 11.857390403747559,
      "band_eliminated_acoustic_entropies": [
        {
          "acoustic_entropy": 12.870288848876953,
          "acoustic_entropy_side": 12.829705238342285,
          "hz": 129.47220167065723
        },
        {
          "acoustic_entropy": 10.592941284179688,
          "acoustic_entropy_side": 12.971470832824707,
          "hz": 202.92927478742237
        },
        {
          "acoustic_entropy": 13.0470609664917,
          "acoustic_entropy_side": 12.669777870178223,
          "hz": 282.89161906338205
        },
        {
          "acoustic_entropy": 12.530272483825684,
          "acoustic_entropy_side": 12.81389331817627,
          "hz": 369.9353335868758
        },
        {
          "acoustic_entropy": 11.666674613952637,
          "acoustic_entropy_side": 12.156190872192383,
          "hz": 464.6875360973435
        },
        {
          "acoustic_entropy": 11.711567878723145,
          "acoustic_entropy_side": 13.118241310119629,
          "hz": 567.8308811364784
        },
        {
          "acoustic_entropy": 12.405538558959961,
          "acoustic_entropy_side": 12.901459693908691,
          "hz": 680.1084783214808
        },
        {
          "acoustic_entropy": 12.476561546325684,
          "acoustic_entropy_side": 12.786924362182617,
          "hz": 802.3292461747484
        },
        {
          "acoustic_entropy": 11.615608215332031,
          "acoustic_entropy_side": 12.911211013793945,
          "hz": 935.3737400823702
        },
        {
          "acoustic_entropy": 11.98271656036377,
          "acoustic_entropy_side": 12.208096504211426,
          "hz": 1080.2004963696966
        },
        {
          "acoustic_entropy": 13.101396560668945,
          "acoustic_entropy_side": 12.880616188049316,
          "hz": 1237.8529382007157
        },
        {
          "acoustic_entropy": 12.503397941589355,
          "acoustic_entropy_side": 13.126596450805664,
          "hz": 1409.4668930556702
        },
        {
          "acoustic_entropy": 12.77403736114502,
          "acoustic_entropy_side": 12.968914985656738,
          "hz": 1596.2787759475705
        },
        {
          "acoustic_entropy": 12.432050704956055,
          "acoustic_entropy_side": 12.404670715332031,
          "hz": 1799.6344973346393
        },
        {
          "acoustic_entropy": 12.87804126739502,
          "acoustic_entropy_side": 12.823125839233398,
          "hz": 2020.9991599069049
        },
        {
          "acoustic_entropy": 12.87917423248291,
          "acoustic_entropy_side": 12.816681861877441,
          "hz": 2261.9676141086993
        },
        {
          "acoustic_entropy": 12.325051307678223,
          "acoustic_entropy_side": 12.638143539428711,
          "hz": 2524.2759484456974
        },
        {
          "acoustic_entropy": 12.874002456665039,
          "acoustic_entropy_side": 12.954867362976074,
          "hz": 2809.813997359896
        },
        {
          "acoustic_entropy": 13.058988571166992,
          "acoustic_entropy_side": 12.673852920532227,
          "hz": 3120.6389567871424
        },
        {
          "acoustic_entropy": 12.45809268951416,
          "acoustic_entropy_side": 12.773959159851074,
          "hz": 3458.990205492291
        },
        {
          "acoustic_entropy": 12.828117370605469,
          "acoustic_entropy_side": 12.859620094299316,
          "hz": 3827.305438964164
        },
        {
          "acoustic_entropy": 12.84917163848877,
          "acoustic_entropy_side": 12.820560455322266,
          "hz": 4228.238232109126
        },
        {
          "acoustic_entropy": 12.84800910949707,
          "acoustic_entropy_side": 12.82973575592041,
          "hz": 4664.6771572759235
        },
        {
          "acoustic_entropy": 12.860343933105469,
          "acoustic_entropy_side": 12.832651138305664,
          "hz": 5139.766595350093
        },
        {
          "acoustic_entropy": 12.852749824523926,
          "acoustic_entropy_side": 12.829182624816895,
          "hz": 5656.929389854203
        },
        {
          "acoustic_entropy": 12.846238136291504,
          "acoustic_entropy_side": 12.828437805175781,
          "hz": 6219.891507268283
        },
        {
          "acoustic_entropy": 12.846492767333984,
          "acoustic_entropy_side": 12.832564353942871,
          "hz": 6832.70888123896
        },
        {
          "acoustic_entropy": 12.841095924377441,
          "acoustic_entropy_side": 12.827070236206055,
          "hz": 7499.796634079867
        },
        {
          "acoustic_entropy": 12.832656860351562,
          "acoustic_entropy_side": 12.821701049804688,
          "hz": 8225.96088609342
        },
        {
          "acoustic_entropy": 12.826416015625,
          "acoustic_entropy_side": 12.820013999938965,
          "hz": 9016.43338188839
        },
        {
          "acoustic_entropy": 12.825274467468262,
          "acoustic_entropy_side": 12.81971549987793,
          "hz": 9876.909183162974
        },
        {
          "acoustic_entropy": 12.826436996459961,
          "acoustic_entropy_side": 12.819853782653809,
          "hz": 10813.587699516042
        },
        {
          "acoustic_entropy": 12.826861381530762,
          "acoustic_entropy_side": 12.820216178894043,
          "hz": 11833.21735289826
        },
        {
          "acoustic_entropy": 12.823202133178711,
          "acoustic_entropy_side": 12.818950653076172,
          "hz": 12943.144197493959
        },
        {
          "acoustic_entropy": 12.820685386657715,
          "acoustic_entropy_side": 12.818236351013184,
          "hz": 14151.364845322005
        },
        {
          "acoustic_entropy": 12.819436073303223,
          "acoustic_entropy_side": 12.81787109375,
          "hz": 15466.58407886509
        },
        {
          "acoustic_entropy": 12.818649291992188,
          "acoustic_entropy_side": 12.81762409210205,
          "hz": 16898.27756580493
        },
        {
          "acoustic_entropy": 12.81749439239502,
          "acoustic_entropy_side": 12.817320823669434,
          "hz": 18456.760127700032
        },
        {
          "acoustic_entropy": 12.817273139953613,
          "acoustic_entropy_side": 12.817262649536133,
          "hz": 20153.260054456492
        },
        {
          "acoustic_entropy": 12.817261695861816,
          "acoustic_entropy_side": 12.817261695861816,
          "hz": 22000.00000000001
        }
      ],
      "diff_acoustic_entropy": 7.901725769042969,
      "sn": 12
    },
    {
      "acoustic_entropy": 19.85369300842285,
      "acoustic_entropy_mono": 16.618450164794922,
      "band_eliminated_acoustic_entropies": [
        {
          "acoustic_entropy": 19.588895797729492,
          "acoustic_entropy_side": 19.815383911132812,
          "hz": 129.47220167065723
        },
        {
          "acoustic_entropy": 18.486431121826172,
          "acoustic_entropy_side": 19.659770965576172,
          "hz": 202.92927478742237
        },
        {
          "acoustic_entropy": 19.939193725585938,
          "acoustic_entropy_side": 19.551715850830078,
          "hz": 282.89161906338205
        },
        {
          "acoustic_entropy": 18.807659149169922,
          "acoustic_entropy_side": 19.25128173828125,
          "hz": 369.9353335868758
        },
        {
          "acoustic_entropy": 19.315404891967773,
          "acoustic_entropy_side": 19.571775436401367,
          "hz": 464.6875360973435
        },
        {
          "acoustic_entropy": 19.217792510986328,
          "acoustic_entropy_side": 19.923818588256836,
          "hz": 567.8308811364784
        },
        {
          "acoustic_entropy": 18.756620407104492,
          "acoustic_entropy_side": 20.14377784729004,
          "hz": 680.1084783214808
        },
        {
          "acoustic_entropy": 19.70359992980957,
          "acoustic_entropy_side": 19.011043548583984,
          "hz": 802.3292461747484
        },
        {
          "acoustic_entropy": 19.014238357543945,
          "acoustic_entropy_side": 19.935531616210938,
          "hz": 935.3737400823702
        },
        {
          "acoustic_entropy": 19.180259704589844,
          "acoustic_entropy_side": 19.210838317871094,
          "hz": 1080.2004963696966
        },
        {
          "acoustic_entropy": 19.85567283630371,
          "acoustic_entropy_side": 20.488290786743164,
          "hz": 1237.8529382007157
        },
        {
          "acoustic_entropy": 18.781328201293945,
          "acoustic_entropy_side": 19.767568588256836,
          "hz": 1409.4668930556702
        },
        {
          "acoustic_entropy": 18.839330673217773,
          "acoustic_entropy_side": 19.013139724731445,
          "hz": 1596.2787759475705
        },
        {
          "acoustic_entropy": 20.217924118041992,
          "acoustic_entropy_side": 19.29910659790039,
          "hz": 1799.6344973346393
        },
        {
          "acoustic_entropy": 19.725223541259766,
          "acoustic_entropy_side": 19.667293548583984,
          "hz": 2020.9991599069049
        },
        {
          "acoustic_entropy": 19.095129013061523,
          "acoustic_entropy_side": 19.303504943847656,
          "hz": 2261.9676141086993
        },
        {
          "acoustic_entropy": 19.8522891998291,
          "acoustic_entropy_side": 19.596080780029297,
          "hz": 2524.2759484456974
        },
        {
          "acoustic_entropy": 18.61587905883789,
          "acoustic_entropy_side": 18.983509063720703,
          "hz": 2809.813997359896
        },
        {
          "acoustic_entropy": 19.603195190429688,
          "acoustic_entropy_side": 19.46811866760254,
          "hz": 3120.6389567871424
        },
        {
