{
  "acoustic_entropy": 201.2171630859375,
  "bands": [
    {
      "high_freq": 148.1999969482422,
      "loudness": -29.030134201049805,
      "loudness_range": 8.671173095703125,
      "mid_mean": -25.642520904541016,
      "mid_to_side_loudness": -11.540342330932617,
      "mid_to_side_loudness_range": 14.376480102539062,
      "side_mean": -37.96072769165039
    },
    {
      "high_freq": 392.3793640136719,
      "loudness": -26.36980628967285,
      "loudness_range": 11.795236587524414,
      "low_freq": 148.1999969482422,
      "mid_mean": -25.185861587524414,
      "mid_to_side_loudness": -1.3026211261749268,
      "mid_to_side_loudness_range": 6.1435675621032715,
      "side_mean": -26.562101364135742
    },
    {
      "high_freq": 794.6976318359375,
      "loudness": -28.620397567749023,
      "loudness_range": 14.915843963623047,
      "low_freq": 392.3793640136719,
      "mid_mean": -27.52882194519043,
      "mid_to_side_loudness": -1.0089261531829834,
      "mid_to_side_loudness_range": 4.963878631591797,
      "side_mean": -28.56937599182129
    },
    {
      "high_freq": 1457.5709228515625,
      "loudness": -30.16904640197754,
      "loudness_range": 16.71852684020996,
      "low_freq": 794.6976318359375,
      "mid_mean": -29.45294761657715,
      "mid_to_side_loudness": -0.3205025792121887,
      "mid_to_side_loudness_range": 5.390864849090576,
      "side_mean": -29.70418357849121
    },
    {
      "high_freq": 2549.74365234375,
      "loudness": -33.45071029663086,
      "loudness_range": 21.827608108520508,
      "low_freq": 1457.5709228515625,
      "mid_mean": -32.53893280029297,
      "mid_to_side_loudness": -0.755490779876709,
      "mid_to_side_loudness_range": 3.7515206336975098,
      "side_mean": -33.182647705078125
    },
    {
      "high_freq": 4349.24462890625,
      "loudness": -39.18939208984375,
      "loudness_range": 21.967302322387695,
      "low_freq": 2549.74365234375,
      "mid_mean": -37.893226623535156,
      "mid_to_side_loudness": -1.6145445108413696,
      "mid_to_side_loudness_range": 5.955416202545166,
      "side_mean": -39.54348373413086
    },
    {
      "high_freq": 7314.1640625,
      "loudness": -45.19023132324219,
      "loudness_range": 9.67282485961914,
      "low_freq": 4349.24462890625,
      "mid_mean": -42.93398666381836,
      "mid_to_side_loudness": -4.782196998596191,
      "mid_to_side_loudness_range": 8.815093994140625,
      "side_mean": -47.772972106933594
    },
    {
      "high_freq": 12199.2666015625,
      "loudness": -47.82795715332031,
      "loudness_range": 8.398517608642578,
      "low_freq": 7314.1640625,
      "mid_mean": -45.2506103515625,
      "mid_to_side_loudness": -5.647709369659424,
      "mid_to_side_loudness_range": 7.527783393859863,
      "side_mean": -51.44996643066406
    },
    {
      "loudness": -50.955997467041016,
      "loudness_range": 12.021541595458984,
      "low_freq": 12199.2666015625,
      "mid_mean": -48.48505401611328,
      "mid_to_side_loudness": -5.077310085296631,
      "mid_to_side_loudness_range": 7.153497219085693,
      "side_mean": -53.97636413574219
    }
  ],
  "bands_short": [
    {
      "high_freq": 148.1999969482422,
      "loudness": -33.054229736328125,
      "loudness_range": 15.892908096313477,
      "mid_mean": -29.89342498779297,
      "mid_to_side_loudness": -9.536394119262695,
      "mid_to_side_loudness_range": 18.65888786315918,
      "side_mean": -40.37474822998047
    },
    {
      "high_freq": 392.3793640136719,
      "loudness": -26.248273849487305,
      "loudness_range": 12.325260162353516,
      "low_freq": 148.1999969482422,
      "mid_mean": -24.559465408325195,
      "mid_to_side_loudness": -3.945293664932251,
      "mid_to_side_loudness_range": 15.03315544128418,
      "side_mean": -28.591819763183594
    },
    {
      "high_freq": 794.6976318359375,
      "loudness": -28.74295997619629,
      "loudness_range": 17.729841232299805,
      "low_freq": 392.3793640136719,
      "mid_mean": -27.721725463867188,
      "mid_to_side_loudness": -1.091967225074768,
      "mid_to_side_loudness_range": 8.736037254333496,
      "side_mean": -28.912342071533203
    },
    {
      "high_freq": 1457.5709228515625,
      "loudness": -30.911128997802734,
      "loudness_range": 19.26676368713379,
      "low_freq": 794.6976318359375,
      "mid_mean": -30.299352645874023,
      "mid_to_side_loudness": -0.4158164858818054,
      "mid_to_side_loudness_range": 8.473064422607422,
      "side_mean": -30.565223693847656
    },
    {
      "high_freq": 2549.74365234375,
      "loudness": -34.508243560791016,
      "loudness_range": 24.728965759277344,
      "low_freq": 1457.5709228515625,
      "mid_mean": -33.6978759765625,
      "mid_to_side_loudness": -0.7923682332038879,
      "mid_to_side_loudness_range": 6.980345726013184,
      "side_mean": -34.32403564453125
    },
    {
      "high_freq": 4349.24462890625,
      "loudness": -40.95619201660156,
      "loudness_range": 27.737308502197266,
      "low_freq": 2549.74365234375,
      "mid_mean": -40.04022979736328,
      "mid_to_side_loudness": -0.9386217594146729,
      "mid_to_side_loudness_range": 6.225293159484863,
      "side_mean": -40.971458435058594
    },
    {
      "high_freq": 7314.1640625,
      "loudness": -49.11903381347656,
      "loudness_range": 21.126564025878906,
      "low_freq": 4349.24462890625,
      "mid_mean": -47.68672561645508,
      "mid_to_side_loudness": -2.2685837745666504,
      "mid_to_side_loudness_range": 9.611188888549805,
      "side_mean": -50.535484313964844
    },
    {
      "high_freq": 12199.2666015625,
      "loudness": -52.584896087646484,
      "loudness_range": 20.653778076171875,
      "low_freq": 7314.1640625,
      "mid_mean": -51.506832122802734,
      "mid_to_side_loudness": -2.4877710342407227,
      "mid_to_side_loudness_range": 8.585830688476562,
      "side_mean": -53.88880920410156
    },
    {
      "loudness": -55.97714614868164,
      "loudness_range": 19.18421173095703,
      "low_freq": 12199.2666015625,
      "mid_mean": -54.75223922729492,
      "mid_to_side_loudness": -2.080474853515625,
      "mid_to_side_loudness_range": 6.468598365783691,
      "side_mean": -56.72274398803711
    }
  ],
  "bandwidth": 588.9720458984375,
  "channels": 2,
  "covariance": [
    [
      12.203912734985352,
      5.182929992675781,
      0.016588276252150536,
      -2.101923942565918,
      1.2723557949066162,
      0.9078684449195862,
      3.5857505798339844,
      2.953563690185547,
      4.192357063293457,
      3.676908254623413,
      3.810490846633911,
      3.8454208374023438,
      2.810561180114746,
      2.7800991535186768,
      3.311599016189575,
      2.8764379024505615,
      3.463805913925171,
      2.3851590156555176
    ],
    [
      5.182929992675781,
      21.348905563354492,
      5.925571918487549,
      6.078700542449951,
      3.979959011077881,
      3.4885900020599365,
      2.857576847076416,
      2.160064220428467,
      2.3830199241638184,
      1.7515919208526611,
      0.5764307379722595,
      0.3569759130477905,
      6.139882564544678,
      4.370760917663574,
      7.35666036605835,
      4.429582595825195,
      8.178803443908691,
      4.801060676574707
    ],
    [
      0.016588276252150536,
      5.925571918487549,
      18.174951553344727,
      19.668855667114258,
      3.590956449508667,
      3.732416868209839,
      1.5791829824447632,
      1.5835930109024048,
      2.884373903274536,
      3.422093152999878,
      4.9181084632873535,
      7.268327713012695,
      3.4237372875213623,
      4.880206108093262,
      2.5685198307037354,
      2.0243303775787354,
      0.5515378713607788,
      0.12575575709342957
    ],
    [
      -2.101923942565918,
      6.078700542449951,
      19.668855667114258,
      26.850255966186523,
      4.483365058898926,
      5.041993141174316,
      1.2551805973052979,
      1.349237322807312,
      2.1347625255584717,
      2.5316615104675293,
      5.639054775238037,
      8.371527671813965,
      4.011601448059082,
      6.236915588378906,
      2.4734222888946533,
      2.1583006381988525,
      0.05051674321293831,
      -0.16695602238178253
    ],
    [
      1.2723557949066162,
      3.979959011077881,
      3.590956449508667,
      4.483365058898926,
      22.938230514526367,
      24.065536499023438,
      7.965202331542969,
      9.264114379882812,
      4.259339809417725,
      4.965029239654541,
      2.5392322540283203,
      3.068074941635132,
      3.902484893798828,
      3.8054699897766113,
      2.7977845668792725,
      2.1666955947875977,
      3.1403043270111084,
      1.9270063638687134
    ],
    [
      0.9078684449195862,
      3.4885900020599365,
      3.732416868209839,
      5.041993141174316,
      24.065536499023438,
      28.468727111816406,
      9.696467399597168,
      11.499086380004883,
      6.460370063781738,
      7.5382981300354,
      4.553250789642334,
      6.064312934875488,
      3.4526689052581787,
      4.620131015777588,
      1.9507036209106445,
      2.0147111415863037,
      2.326935291290283,
      1.476064682006836
    ],
    [
      3.5857505798339844,
      2.857576847076416,
      1.5791829824447632,
      1.2551805973052979,
      7.965202331542969,
      9.696467399597168,
      31.415019989013672,
      33.442840576171875,
      37.90751647949219,
      40.18009567260742,
      32.46565628051758,
      38.843997955322266,
      6.803025722503662,
      13.838996887207031,
      2.2183969020843506,
      2.962371349334717,
      0.1251707822084427,
      -0.08512236177921295
    ],
    [
      2.953563690185547,
      2.160064220428467,
      1.5835930109024048,
      1.349237322807312,
      9.264114379882812,
      11.499086380004883,
      33.442840576171875,
      39.93052673339844,
      40.550331115722656,
      44.23823165893555,
      34.37049102783203,
      42.21501541137695,
      5.774207592010498,
      13.882476806640625,
      1.2010811567306519,
      2.443960189819336,
      -1.2795592546463013,
      -0.8417711853981018
    ],
    [
      4.192357063293457,
      2.3830199241638184,
      2.884373903274536,
      2.1347625255584717,
      4.259339809417725,
      6.460370063781738,
      37.90751647949219,
      40.550331115722656,
      58.52175521850586,
      60.91371154785156,
      49.81698989868164,
      59.28197479248047,
      8.154772758483887,
      20.86551856994629,
      0.30972445011138916,
      3.12374210357666,
      -2.548953056335449,
      -1.5645816326141357
    ],
    [
      3.676908254623413,
      1.7515919208526611,
      3.422093152999878,
      2.5316615104675293,
      4.965029239654541,
      7.5382981300354,
      40.18009567260742,
      44.23823165893555,
      60.91371154785156,
      66.79668426513672,
      51.74713897705078,
      63.21240234375,
      6.654088973999023,
      21.155370712280273,
      -1.233500599861145,
      2.3543901443481445,
      -4.529013156890869,
      -2.904805898666382
    ],
    [
      3.810490846633911,
      0.5764307379722595,
      4.9181084632873535,
      5.639054775238037,
      2.5392322540283203,
      4.553250789642334,
      32.46565628051758,
      34.37049102783203,
      49.81698989868164,
      51.74713897705078,
      52.75385665893555,
      59.523536682128906,
      11.654211044311523,
      24.112287521362305,
      2.606128454208374,
      5.473180294036865,
      -1.2328763008117676,
      -0.1923978477716446
    ],
    [
      3.8454208374023438,
      0.3569759130477905,
      7.268327713012695,
      8.371527671813965,
      3.068074941635132,
      6.064312934875488,
      38.843997955322266,
      42.21501541137695,
      59.28197479248047,
      63.21240234375,
      59.523536682128906,
      72.39773559570312,
      9.700937271118164,
      26.80760383605957,
      -0.3625471591949463,
      4.355363368988037,
      -5.493553161621094,
      -3.141889810562134
    ],
    [
      2.810561180114746,
      6.139882564544678,
      3.4237372875213623,
      4.011601448059082,
      3.902484893798828,
      3.4526689052581787,
      6.803025722503662,
      5.774207592010498,
      8.154772758483887,
      6.654088973999023,
      11.654211044311523,
      9.700937271118164,
      17.919431686401367,
      14.650254249572754,
      15.473106384277344,
      11.382904052734375,
      14.56319522857666,
      10.03681468963623
    ],
    [
      2.7800991535186768,
      4.370760917663574,
      4.880206108093262,
      6.236915588378906,
      3.8054699897766113,
      4.620131015777588,
      13.838996887207031,
      13.882476806640625,
      20.86551856994629,
      21.155370712280273,
      24.112287521362305,
      26.80760383605957,
      14.650254249572754,
      21.711275100708008,
      9.307849884033203,
      10.341042518615723,
      6.6686601638793945,
      5.543938636779785
    ],
    [
      3.311599016189575,
      7.35666036605835,
      2.5685198307037354,
      2.4734222888946533,
      2.7977845668792725,
      1.9507036209106445,
      2.2183969020843506,
      1.2010811567306519,
      0.30972445011138916,
      -1.233500599861145,
      2.606128454208374,
      -0.3625471591949463,
      15.473106384277344,
      9.307849884033203,
      19.552936553955078,
      12.639164924621582,
      19.65566635131836,
      13.11463737487793
    ],
    [
      2.8764379024505615,
      4.429582595825195,
      2.0243303775787354,
      2.1583006381988525,
      2.1666955947875977,
      2.0147111415863037,
      2.962371349334717,
      2.443960189819336,
      3.12374210357666,
      2.3543901443481445,
      5.473180294036865,
      4.355363368988037,
      11.382904052734375,
      10.341042518615723,
      12.639164924621582,
      20.99618911743164,
      12.256162643432617,
      18.007505416870117
    ],
    [
      3.463805913925171,
      8.178803443908691,
      0.5515378713607788,
      0.05051674321293831,
      3.1403043270111084,
      2.326935291290283,
      0.1251707822084427,
      -1.2795592546463013,
      -2.548953056335449,
      -4.529013156890869,
      -1.2328763008117676,
      -5.493553161621094,
      14.56319522857666,
      6.6686601638793945,
      19.65566635131836,
      12.256162643432617,
      23.561260223388672,
      15.459157943725586
    ],
    [
      2.3851590156555176,
      4.801060676574707,
      0.12575575709342957,
      -0.16695602238178253,
      1.9270063638687134,
      1.476064682006836,
      -0.08512236177921295,
      -0.8417711853981018,
      -1.5645816326141357,
      -2.904805898666382,
      -0.1923978477716446,
      -3.141889810562134,
      10.03681468963623,
      5.543938636779785,
      13.11463737487793,
      18.007505416870117,
      15.459157943725586,
      19.19012451171875
    ]
  ],
  "covariance_short": [
    [
      36.14825439453125,
      17.030231475830078,
      8.869304656982422,
      -1.282226324081421,
      0.1741732805967331,
      -1.6340069770812988,
      6.405930519104004,
      5.032010555267334,
      5.766347885131836,
      4.685906410217285,
      7.0544610023498535,
      5.410865306854248,
      8.212419509887695,
      5.7662272453308105,
      8.7400484085083,
      6.531692028045654,
      8.611682891845703,
      6.22564697265625
    ],
    [
      17.030231475830078,
      38.06354904174805,
      4.02667236328125,
      3.887202262878418,
      3.6398730278015137,
      3.120115041732788,
      5.510924816131592,
      4.291890621185303,
      3.432790517807007,
      2.7369132041931152,
      1.791156530380249,
      1.1457507610321045,
      4.491484642028809,
      5.419579982757568,
      3.8964316844940186,
      4.637641906738281,
      3.744889736175537,
      3.258688449859619
    ],
    [
      8.869304656982422,
      4.02667236328125,
      22.77060890197754,
      18.12486457824707,
      7.611232280731201,
      7.380128860473633,
      2.626229763031006,
      1.9878681898117065,
      2.6324622631073,
      2.614640951156616,
      7.045711040496826,
      6.4795241355896,
      10.696759223937988,
      9.124072074890137,
      9.419646263122559,
      7.421327114105225,
      6.86503791809082,
      4.793280601501465
    ],
    [
      -1.282226324081421,
      3.887202262878418,
      18.12486457824707,
      41.34270477294922,
      11.350773811340332,
      14.701589584350586,
      2.629460573196411,
      2.0812289714813232,
      4.873177528381348,
      5.074409008026123,
      11.717080116271973,
      12.95660400390625,
      10.722145080566406,
      12.010564804077148,
      6.464344024658203,
      6.099873065948486,
      3.3175816535949707,
      2.3908259868621826
    ],
    [
      0.1741732805967331,
      3.6398730278015137,
      7.611232280731201,
      11.350773811340332,
      35.601078033447266,
      35.03715133666992,
      14.463462829589844,
      15.931025505065918,
      10.08182144165039,
      10.676315307617188,
      11.041322708129883,
      10.525676727294922,
      11.326777458190918,
      10.637478828430176,
      8.263126373291016,
      7.007383823394775,
      5.789381504058838,
      4.52658748626709
    ],
    [
      -1.6340069770812988,
      3.120115041732788,
      7.380128860473633,
      14.701589584350586,
      35.03715133666992,
      45.08712387084961,
      16.140165328979492,
      19.12306022644043,
      11.685991287231445,
      13.432649612426758,
      12.420029640197754,
      13.850030899047852,
      10.5722074508667,
      11.987692832946777,
      6.276492118835449,
      6.331322193145752,
      3.469454526901245,
      3.037031650543213
    ],
    [
      6.405930519104004,
      5.510924816131592,
      2.626229763031006,
      2.629460573196411,
      14.463462829589844,
      16.140165328979492,
      43.48506164550781,
      43.839752197265625,
      49.21001434326172,
      51.28074645996094,
      48.4478759765625,
      51.70710372924805,
      20.22515869140625,
      23.23199462890625,
      6.75503396987915,
      7.243401050567627,
      2.935851812362671,
      2.495332717895508
    ],
    [
      5.032010555267334,
      4.291890621185303,
      1.9878681898117065,
      2.0812289714813232,
      15.931025505065918,
      19.12306022644043,
      43.839752197265625,
      54.43003845214844,
      52.28297805786133,
      56.80320739746094,
      50.767765045166016,
      55.965370178222656,
      18.349218368530273,
      22.934106826782227,
      4.344111442565918,
      5.733331680297852,
      0.4204851984977722,
      0.6764487624168396
    ],
    [
      5.766347885131836,
      3.432790517807007,
      2.6324622631073,
      4.873177528381348,
      10.08182144165039,
      11.685991287231445,
      49.21001434326172,
      52.28297805786133,
      76.0381851196289,
      76.55955505371094,
      72.50645446777344,
      77.4168930053711,
      28.197509765625,
      33.698116302490234,
      7.129891872406006,
      8.665836334228516,
      2.302292585372925,
      2.3079135417938232
    ],
    [
      4.685906410217285,
      2.7369132041931152,
      2.614640951156616,
      5.074409008026123,
      10.676315307617188,
      13.432649612426758,
      51.28074645996094,
      56.80320739746094,
      76.55955505371094,
      85.34896087646484,
      73.96981811523438,
      81.8000717163086,
      25.44756317138672,
      33.65064239501953,
      3.229308605194092,
      6.745566368103027,
      -1.9714076519012451,
      -0.5470478534698486
    ],
    [
      7.0544610023498535,
      1.791156530380249,
      7.045711040496826,
      11.717080116271973,
      11.041322708129883,
      12.420029640197754,
      48.4478759765625,
      50.767765045166016,
      72.50645446777344,
      73.96981811523438,
      88.75215148925781,
      88.42979431152344,
      44.813697814941406,
      45.16911697387695,
      20.00139045715332,
      16.680849075317383,
      12.232928276062012,
      8.721701622009277
    ],
    [
      5.410865306854248,
      1.1457507610321045,
      6.4795241355896,
      12.95660400390625,
      10.525676727294922,
      13.850030899047852,
      51.70710372924805,
      55.965370178222656,
      77.4168930053711,
      81.8000717163086,
      88.42979431152344,
      97.24000549316406,
      37.03144454956055,
      44.15494155883789,
      10.490530014038086,
      12.085165023803711,
      2.5333030223846436,
      2.488950252532959
    ],
    [
      8.212419509887695,
      4.491484642028809,
      10.696759223937988,
      10.722145080566406,
      11.326777458190918,
      10.5722074508667,
      20.22515869140625,
      18.349218368530273,
      28.197509765625,
      25.44756317138672,
      44.813697814941406,
      37.03144454956055,
      56.429283142089844,
      41.769287109375,
      47.007957458496094,
      32.646400451660156,
      38.6331672668457,
      26.686288833618164
    ],
    [
      5.7662272453308105,
      5.419579982757568,
      9.124072074890137,
      12.010564804077148,
      10.637478828430176,
      11.987692832946777,
      23.23199462890625,
      22.934106826782227,
      33.698116302490234,
      33.65064239501953,
      45.16911697387695,
      44.15494155883789,
      41.769287109375,
      51.36591720581055,
      37.889278411865234,
      33.2025260925293,
      28.187002182006836,
      22.8061580657959
    ],
    [
      8.7400484085083,
      3.8964316844940186,
      9.419646263122559,
      6.464344024658203,
      8.263126373291016,
      6.276492118835449,
      6.75503396987915,
      4.344111442565918,
      7.129891872406006,
      3.229308605194092,
      20.00139045715332,
      10.490530014038086,
      47.007957458496094,
      37.889278411865234,
      62.05112075805664,
      42.506168365478516,
      54.411766052246094,
      38.68331527709961
    ],
    [
      6.531692028045654,
      4.637641906738281,
      7.421327114105225,
      6.099873065948486,
      7.007383823394775,
      6.331322193145752,
      7.243401050567627,
      5.733331680297852,
      8.665836334228516,
      6.745566368103027,
      16.680849075317383,
      12.085165023803711,
      32.646400451660156,
      33.2025260925293,
      42.506168365478516,
      33.75432205200195,
      35.59146499633789,
      27.54220199584961
    ],
    [
      8.611682891845703,
      3.744889736175537,
      6.86503791809082,
      3.3175816535949707,
      5.789381504058838,
      3.469454526901245,
      2.935851812362671,
      0.4204851984977722,
      2.302292585372925,
      -1.9714076519012451,
      12.232928276062012,
      2.5333030223846436,
      38.6331672668457,
      28.187002182006836,
      54.411766052246094,
      35.59146499633789,
      52.93152618408203,
      37.03413391113281
    ],
    [
      6.22564697265625,
      3.258688449859619,
      4.793280601501465,
      2.3908259868621826,
      4.52658748626709,
      3.037031650543213,
      2.495332717895508,
      0.6764487624168396,
      2.3079135417938232,
      -0.5470478534698486,
      8.721701622009277,
      2.488950252532959,
      26.686288833618164,
      22.8061580657959,
      38.68331527709961,
      27.54220199584961,
      37.03413391113281,
      27.744773864746094
    ]
  ],
  "damage": -11.236878395080566,
  "diff_bandwidth": 591.0587158203125,
  "dissonance": 6.17183266116186,
  "drr": 4.793356895446777,
  "dynamics": 2.788118362426758,
  "format": 1245190,
  "frames": 6074368,
  "loudness": -16.960107803344727,
  "loudness_range": 7.217145919799805,
  "loudness_range_short": 9.422027587890625,
  "lowpass_true_peak_15khz": -1.5194495916366577,
  "mastering3_acoustic_entropies": [
    {
      "acoustic_entropy": 7.721778869628906,
      "acoustic_entropy_mono": 6.057923793792725,
      "band_eliminated_acoustic_entropies": [
        {
          "acoustic_entropy": 7.770595550537109,
          "acoustic_entropy_side": 7.721536159515381,
          "hz": 129.47220167065723
        },
        {
          "acoustic_entropy": 6.853320121765137,
          "acoustic_entropy_side": 7.508167266845703,
          "hz": 202.92927478742237
        },
        {
          "acoustic_entropy": 6.73793363571167,
          "acoustic_entropy_side": 6.528389930725098,
          "hz": 282.89161906338205
        },
        {
          "acoustic_entropy": 8.130675315856934,
          "acoustic_entropy_side": 8.057975769042969,
          "hz": 369.9353335868758
        },
        {
          "acoustic_entropy": 7.10270357131958,
          "acoustic_entropy_side": 7.860396862030029,
          "hz": 464.6875360973435
        },
        {
          "acoustic_entropy": 7.740486145019531,
          "acoustic_entropy_side": 7.69760799407959,
          "hz": 567.8308811364784
        },
        {
          "acoustic_entropy": 7.5559773445129395,
          "acoustic_entropy_side": 8.179286003112793,
          "hz": 680.1084783214808
        },
        {
          "acoustic_entropy": 7.56007194519043,
          "acoustic_entropy_side": 7.752914905548096,
          "hz": 802.3292461747484
        },
        {
          "acoustic_entropy": 7.684652805328369,
          "acoustic_entropy_side": 7.553727149963379,
          "hz": 935.3737400823702
        },
        {
          "acoustic_entropy": 8.025094032287598,
          "acoustic_entropy_side": 7.827928066253662,
          "hz": 1080.2004963696966
        },
        {
          "acoustic_entropy": 7.653168201446533,
          "acoustic_entropy_side": 7.728821277618408,
          "hz": 1237.8529382007157
        },
        {
          "acoustic_entropy": 7.437073230743408,
          "acoustic_entropy_side": 7.476860046386719,
          "hz": 1409.4668930556702
        },
        {
          "acoustic_entropy": 7.914159774780273,
          "acoustic_entropy_side": 7.813014984130859,
          "hz": 1596.2787759475705
        },
        {
          "acoustic_entropy": 7.619647979736328,
          "acoustic_entropy_side": 7.667095184326172,
          "hz": 1799.6344973346393
        },
        {
          "acoustic_entropy": 7.876429080963135,
          "acoustic_entropy_side": 7.835387706756592,
          "hz": 2020.9991599069049
        },
        {
          "acoustic_entropy": 7.723031997680664,
          "acoustic_entropy_side": 7.642355918884277,
          "hz": 2261.9676141086993
        },
        {
          "acoustic_entropy": 7.712185382843018,
          "acoustic_entropy_side": 7.775711536407471,
          "hz": 2524.2759484456974
        },
        {
          "acoustic_entropy": 7.537534713745117,
          "acoustic_entropy_side": 7.638540267944336,
          "hz": 2809.813997359896
        },
        {
          "acoustic_entropy": 7.66436767578125,
          "acoustic_entropy_side": 7.7004828453063965,
          "hz": 3120.6389567871424
        },
        {
          "acoustic_entropy": 7.490199565887451,
          "acoustic_entropy_side": 7.5771307945251465,
          "hz": 3458.990205492291
        },
        {
          "acoustic_entropy": 7.4818220138549805,
          "acoustic_entropy_side": 7.591693878173828,
          "hz": 3827.305438964164
        },
        {
          "acoustic_entropy": 7.748843669891357,
          "acoustic_entropy_side": 7.5803070068359375,
          "hz": 4228.238232109126
        },
        {
          "acoustic_entropy": 7.662487983703613,
          "acoustic_entropy_side": 7.700774192810059,
          "hz": 4664.6771572759235
        },
        {
          "acoustic_entropy": 7.733445644378662,
          "acoustic_entropy_side": 7.719457149505615,
          "hz": 5139.766595350093
        },
        {
          "acoustic_entropy": 7.748600006103516,
          "acoustic_entropy_side": 7.722275257110596,
          "hz": 5656.929389854203
        },
        {
          "acoustic_entropy": 7.744086265563965,
          "acoustic_entropy_side": 7.7225165367126465,
          "hz": 6219.891507268283
        },
        {
          "acoustic_entropy": 7.7578864097595215,
          "acoustic_entropy_side": 7.7230377197265625,
          "hz": 6832.70888123896
        },
        {
          "acoustic_entropy": 7.752697467803955,
          "acoustic_entropy_side": 7.722944736480713,
          "hz": 7499.796634079867
        },
        {
          "acoustic_entropy": 7.742641448974609,
          "acoustic_entropy_side": 7.722628593444824,
          "hz": 8225.96088609342
        },
        {
          "acoustic_entropy": 7.7446393966674805,
          "acoustic_entropy_side": 7.722782611846924,
          "hz": 9016.43338188839
        },
        {
          "acoustic_entropy": 7.747006416320801,
          "acoustic_entropy_side": 7.723066806793213,
          "hz": 9876.909183162974
        },
        {
          "acoustic_entropy": 7.753969192504883,
          "acoustic_entropy_side": 7.723331928253174,
          "hz": 10813.587699516042
        },
        {
          "acoustic_entropy": 7.758368492126465,
          "acoustic_entropy_side": 7.723814487457275,
          "hz": 11833.21735289826
        },
        {
          "acoustic_entropy": 7.754261493682861,
          "acoustic_entropy_side": 7.723710060119629,
          "hz": 12943.144197493959
        },
        {
          "acoustic_entropy": 7.764247417449951,
          "acoustic_entropy_side": 7.724240303039551,
          "hz": 14151.364845322005
        },
        {
          "acoustic_entropy": 7.769698143005371,
          "acoustic_entropy_side": 7.725063800811768,
          "hz": 15466.58407886509
        },
        {
          "acoustic_entropy": 7.746963024139404,
          "acoustic_entropy_side": 7.7234649658203125,
          "hz": 16898.27756580493
        },
        {
          "acoustic_entropy": 7.730226039886475,
          "acoustic_entropy_side": 7.722388744354248,
          "hz": 18456.760127700032
        },
        {
          "acoustic_entropy": 7.725035190582275,
          "acoustic_entropy_side": 7.722044467926025,
          "hz": 20153.260054456492
        },
        {
          "acoustic_entropy": 7.722052097320557,
          "acoustic_entropy_side": 7.721801280975342,
          "hz": 22000.00000000001
        }
      ],
      "diff_acoustic_entropy": 4.872795581817627,
      "sn": 6
    },
    {
      "acoustic_entropy": 11.86623477935791,
      "acoustic_entropy_mono": 10.617408752441406,
      "band_eliminated_acoustic_entropies": [
        {
          "acoustic_entropy": 12.020565032958984,
          "acoustic_entropy_side": 11.865382194519043,
          "hz": 129.47220167065723
        },
        {
          "acoustic_entropy": 11.03355884552002,
          "acoustic_entropy_side": 11.610457420349121,
          "hz": 202.92927478742237
        },
        {
          "acoustic_entropy": 12.275848388671875,
          "acoustic_entropy_side": 11.584965705871582,
          "hz": 282.89161906338205
        },
        {
          "acoustic_entropy": 12.097349166870117,
          "acoustic_entropy_side": 11.892834663391113,
          "hz": 369.9353335868758
        },
        {
          "acoustic_entropy": 12.658472061157227,
          "acoustic_entropy_side": 12.600113868713379,
          "hz": 464.6875360973435
        },
        {
          "acoustic_entropy": 10.975150108337402,
          "acoustic_entropy_side": 12.224696159362793,
          "hz": 567.8308811364784
        },
        {
          "acoustic_entropy": 12.20632553100586,
          "acoustic_entropy_side": 12.795395851135254,
          "hz": 680.1084783214808
        },
        {
          "acoustic_entropy": 12.092841148376465,
          "acoustic_entropy_side": 11.969890594482422,
          "hz": 802.3292461747484
        },
        {
          "acoustic_entropy": 10.917623519897461,
          "acoustic_entropy_side": 11.665459632873535,
          "hz": 935.3737400823702
        },
        {
          "acoustic_entropy": 11.964303970336914,
          "acoustic_entropy_side": 12.34692668914795,
          "hz": 1080.2004963696966
        },
        {
          "acoustic_entropy": 10.988117218017578,
          "acoustic_entropy_side": 11.6362943649292,
          "hz": 1237.8529382007157
        },
        {
          "acoustic_entropy": 11.520293235778809,
          "acoustic_entropy_side": 11.633907318115234,
          "hz": 1409.4668930556702
        },
        {
          "acoustic_entropy": 12.17789077758789,
          "acoustic_entropy_side": 11.467451095581055,
          "hz": 1596.2787759475705
        },
        {
          "acoustic_entropy": 11.233755111694336,
          "acoustic_entropy_side": 11.30349349975586,
          "hz": 1799.6344973346393
        },
        {
          "acoustic_entropy": 12.368072509765625,
          "acoustic_entropy_side": 12.363433837890625,
          "hz": 2020.9991599069049
        },
        {
          "acoustic_entropy": 11.438565254211426,
          "acoustic_entropy_side": 11.647886276245117,
          "hz": 2261.9676141086993
        },
        {
          "acoustic_entropy": 11.798378944396973,
          "acoustic_entropy_side": 11.854634284973145,
          "hz": 2524.2759484456974
        },
        {
          "acoustic_entropy": 11.901126861572266,
          "acoustic_entropy_side": 11.852149963378906,
          "hz": 2809.813997359896
        },
        {
          "acoustic_entropy": 11.85301685333252,
          "acoustic_entropy_side": 11.873302459716797,
          "hz": 3120.6389567871424
        },
        {
          "acoustic_entropy": 11.769551277160645,
          "acoustic_entropy_side": 11.82401180267334,
          "hz": 3458.990205492291
        },
        {
          "acoustic_entropy": 11.602073669433594,
          "acoustic_entropy_side": 11.74356460571289,
          "hz": 3827.305438964164
        },
        {
          "acoustic_entropy": 11.583057403564453,
          "acoustic_entropy_side": 11.768282890319824,
          "hz": 4228.238232109126
        },
        {
          "acoustic_entropy": 11.636183738708496,
          "acoustic_entropy_side": 11.812317848205566,
          "hz": 4664.6771572759235
        },
        {
          "acoustic_entropy": 11.705342292785645,
          "acoustic_entropy_side": 11.831626892089844,
          "hz": 5139.766595350093
        },
        {
          "acoustic_entropy": 11.75281810760498,
          "acoustic_entropy_side": 11.85285758972168,
          "hz": 5656.929389854203
        },
        {
          "acoustic_entropy": 11.77120590209961,
          "acoustic_entropy_side": 11.85572624206543,
          "hz": 6219.891507268283
        },
        {
          "acoustic_entropy": 11.77306079864502,
          "acoustic_entropy_side": 11.85616397857666,
          "hz": 6832.70888123896
        },
        {
          "acoustic_entropy": 11.772359848022461,
          "acoustic_entropy_side": 11.856053352355957,
          "hz": 7499.796634079867
        },
        {
          "acoustic_entropy": 11.800436019897461,
          "acoustic_entropy_side": 11.860185623168945,
          "hz": 8225.96088609342
        },
        {
          "acoustic_entropy": 11.781185150146484,
          "acoustic_entropy_side": 11.859944343566895,
          "hz": 9016.43338188839
        },
        {
          "acoustic_entropy": 11.77569580078125,
          "acoustic_entropy_side": 11.858835220336914,
          "hz": 9876.909183162974
        },
        {
          "acoustic_entropy": 11.763211250305176,
          "acoustic_entropy_side": 11.858667373657227,
          "hz": 10813.587699516042
        },
        {
          "acoustic_entropy": 11.760272979736328,
          "acoustic_entropy_side": 11.858627319335938,
          "hz": 11833.21735289826
        },
        {
          "acoustic_entropy": 11.764037132263184,
          "acoustic_entropy_side": 11.859297752380371,
          "hz": 12943.144197493959
        },
        {
          "acoustic_entropy": 11.72031021118164,
          "acoustic_entropy_side": 11.856263160705566,
          "hz": 14151.364845322005
        },
        {
          "acoustic_entropy": 11.700188636779785,
          "acoustic_entropy_side": 11.852713584899902,
          "hz": 15466.58407886509
        },
        {
          "acoustic_entropy": 11.759511947631836,
          "acoustic_entropy_side": 11.857925415039062,
          "hz": 16898.27756580493
        },
        {
          "acoustic_entropy": 11.828413963317871,
          "acoustic_entropy_side": 11.863037109375,
          "hz": 18456.760127700032
        },
        {
          "acoustic_entropy": 11.851181983947754,
          "acoustic_entropy_side": 11.864712715148926,
          "hz": 20153.260054456492
        },
        {
          "acoustic_entropy": 11.864762306213379,
          "acoustic_entropy_side": 11.866087913513184,
          "hz": 22000.00000000001
        }
      ],
      "diff_acoustic_entropy": 8.59472370147705,
      "sn": 12
    },
    {
      "acoustic_entropy": 18.85323143005371,
      "acoustic_entropy_mono": 16.104814529418945,
      "band_eliminated_acoustic_entropies": [
        {
          "acoustic_entropy": 18.96583366394043,
          "acoustic_entropy_side": 18.875469207763672,
          "hz": 129.47220167065723
        },
        {
          "acoustic_entropy": 18.320423126220703,
          "acoustic_entropy_side": 19.231185913085938,
          "hz": 202.92927478742237
        },
        {
          "acoustic_entropy": 17.64769172668457,
          "acoustic_entropy_side": 17.32697105407715,
          "hz": 282.89161906338205
        },
        {
          "acoustic_entropy": 18.50471305847168,
          "acoustic_entropy_side": 19.190462112426758,
          "hz": 369.9353335868758
        },
        {
          "acoustic_entropy": 17.963613510131836,
          "acoustic_entropy_side": 18.9581298828125,
          "hz": 464.6875360973435
        },
        {
          "acoustic_entropy": 17.79150390625,
          "acoustic_entropy_side": 18.040721893310547,
          "hz": 567.8308811364784
        },
        {
          "acoustic_entropy": 18.153066635131836,
          "acoustic_entropy_side": 18.72677230834961,
          "hz": 680.1084783214808
        },
        {
          "acoustic_entropy": 18.41016960144043,
          "acoustic_entropy_side": 19.061796188354492,
          "hz": 802.3292461747484
        },
        {
          "acoustic_entropy": 18.639875411987305,
          "acoustic_entropy_side": 19.069751739501953,
          "hz": 935.3737400823702
        },
        {
          "acoustic_entropy": 18.729665756225586,
          "acoustic_entropy_side": 18.495302200317383,
          "hz": 1080.2004963696966
        },
        {
          "acoustic_entropy": 17.73635482788086,
          "acoustic_entropy_side": 19.092275619506836,
          "hz": 1237.8529382007157
        },
        {
          "acoustic_entropy": 18.4530086517334,
          "acoustic_entropy_side": 18.47585678100586,
          "hz": 1409.4668930556702
        },
        {
          "acoustic_entropy": 18.777019500732422,
          "acoustic_entropy_side": 18.701107025146484,
          "hz": 1596.2787759475705
        },
        {
          "acoustic_entropy": 18.40736961364746,
          "acoustic_entropy_side": 18.96293830871582,
          "hz": 1799.6344973346393
        },
        {
          "acoustic_entropy": 19.779701232910156,
          "acoustic_entropy_side": 18.275875091552734,
          "hz": 2020.9991599069049
        },
        {
          "acoustic_entropy": 18.531494140625,
          "acoustic_entropy_side": 18.77332878112793,
          "hz": 2261.9676141086993
        },
        {
          "acoustic_entropy": 18.711997985839844,
          "acoustic_entropy_side": 19.00779151916504,
          "hz": 2524.2759484456974
        },
        {
          "acoustic_entropy": 19.257192611694336,
          "acoustic_entropy_side": 18.95853042602539,
          "hz": 2809.813997359896
        },
        {
          "acoustic_entropy": 19.040613174438477,
          "acoustic_entropy_side": 18.7878475189209,
