{
  "acoustic_entropy": 190.14682006835938,
  "bands": [
    {
      "high_freq": 148.1999969482422,
      "loudness": -14.241674423217773,
      "loudness_range": 5.343242645263672,
      "mid_mean": -10.690693855285645,
      "mid_to_side_loudness": -19.18918800354004,
      "mid_to_side_loudness_range": 21.16975975036621,
      "side_mean": -30.028722763061523
    },
    {
      "high_freq": 392.3793640136719,
      "loudness": -18.24995994567871,
      "loudness_range": 7.488764762878418,
      "low_freq": 148.1999969482422,
      "mid_mean": -15.149942398071289,
      "mid_to_side_loudness": -11.423669815063477,
      "mid_to_side_loudness_range": 22.57061767578125,
      "side_mean": -26.89497184753418
    },
    {
      "high_freq": 794.6976318359375,
      "loudness": -21.1390323638916,
      "loudness_range": 7.569793701171875,
      "low_freq": 392.3793640136719,
      "mid_mean": -17.808956146240234,
      "mid_to_side_loudness": -12.889363288879395,
      "mid_to_side_loudness_range": 19.48125648498535,
      "side_mean": -30.965354919433594
    },
    {
      "high_freq": 1457.5709228515625,
      "loudness": -23.65508270263672,
      "loudness_range": 11.961620330810547,
      "low_freq": 794.6976318359375,
      "mid_mean": -20.277441024780273,
      "mid_to_side_loudness": -13.60696792602539,
      "mid_to_side_loudness_range": 19.09419822692871,
      "side_mean": -34.4337158203125
    },
    {
      "high_freq": 2549.74365234375,
      "loudness": -20.894376754760742,
      "loudness_range": 11.94580078125,
      "low_freq": 1457.5709228515625,
      "mid_mean": -18.479429244995117,
      "mid_to_side_loudness": -6.051699161529541,
      "mid_to_side_loudness_range": 13.760480880737305,
      "side_mean": -22.671070098876953
    },
    {
      "high_freq": 4349.24462890625,
      "loudness": -20.045928955078125,
      "loudness_range": 11.58321762084961,
      "low_freq": 2549.74365234375,
      "mid_mean": -17.467308044433594,
      "mid_to_side_loudness": -6.829540729522705,
      "mid_to_side_loudness_range": 13.402847290039062,
      "side_mean": -22.08873748779297
    },
    {
      "high_freq": 7314.1640625,
      "loudness": -22.67221450805664,
      "loudness_range": 10.93863296508789,
      "low_freq": 4349.24462890625,
      "mid_mean": -19.17098045349121,
      "mid_to_side_loudness": -14.793717384338379,
      "mid_to_side_loudness_range": 14.431355476379395,
      "side_mean": -34.226844787597656
    },
    {
      "high_freq": 12199.2666015625,
      "loudness": -28.355073928833008,
      "loudness_range": 10.132905960083008,
      "low_freq": 7314.1640625,
      "mid_mean": -24.70926856994629,
      "mid_to_side_loudness": -19.194534301757812,
      "mid_to_side_loudness_range": 15.135190963745117,
      "side_mean": -44.42262649536133
    },
    {
      "loudness": -37.7905387878418,
      "loudness_range": 12.70747184753418,
      "low_freq": 12199.2666015625,
      "mid_mean": -34.19335174560547,
      "mid_to_side_loudness": -17.290376663208008,
      "mid_to_side_loudness_range": 12.578503608703613,
      "side_mean": -52.84543991088867
    }
  ],
  "bands_short": [
    {
      "high_freq": 148.1999969482422,
      "loudness": -16.252424240112305,
      "loudness_range": 11.05138874053955,
      "mid_mean": -12.720108032226562,
      "mid_to_side_loudness": -20.514368057250977,
      "mid_to_side_loudness_range": 25.999980926513672,
      "side_mean": -33.41242218017578
    },
    {
      "high_freq": 392.3793640136719,
      "loudness": -17.04598617553711,
      "loudness_range": 9.383919715881348,
      "low_freq": 148.1999969482422,
      "mid_mean": -13.923872947692871,
      "mid_to_side_loudness": -12.005512237548828,
      "mid_to_side_loudness_range": 22.93984031677246,
      "side_mean": -26.177610397338867
    },
    {
      "high_freq": 794.6976318359375,
      "loudness": -21.733341217041016,
      "loudness_range": 10.74045181274414,
      "low_freq": 392.3793640136719,
      "mid_mean": -18.52088165283203,
      "mid_to_side_loudness": -12.324667930603027,
      "mid_to_side_loudness_range": 20.684595108032227,
      "side_mean": -31.009798049926758
    },
    {
      "high_freq": 1457.5709228515625,
      "loudness": -24.255285263061523,
      "loudness_range": 14.36099624633789,
      "low_freq": 794.6976318359375,
      "mid_mean": -20.962913513183594,
      "mid_to_side_loudness": -12.955300331115723,
      "mid_to_side_loudness_range": 19.580533981323242,
      "side_mean": -34.145023345947266
    },
    {
      "high_freq": 2549.74365234375,
      "loudness": -21.61552619934082,
      "loudness_range": 14.23416805267334,
      "low_freq": 1457.5709228515625,
      "mid_mean": -19.276185989379883,
      "mid_to_side_loudness": -6.198591709136963,
      "mid_to_side_loudness_range": 16.271316528320312,
      "side_mean": -23.669116973876953
    },
    {
      "high_freq": 4349.24462890625,
      "loudness": -20.478490829467773,
      "loudness_range": 13.657695770263672,
      "low_freq": 2549.74365234375,
      "mid_mean": -17.942014694213867,
      "mid_to_side_loudness": -6.834719181060791,
      "mid_to_side_loudness_range": 16.28175926208496,
      "side_mean": -22.708660125732422
    },
    {
      "high_freq": 7314.1640625,
      "loudness": -23.25491714477539,
      "loudness_range": 12.982032775878906,
      "low_freq": 4349.24462890625,
      "mid_mean": -19.779930114746094,
      "mid_to_side_loudness": -14.70019817352295,
      "mid_to_side_loudness_range": 16.18175506591797,
      "side_mean": -34.41021728515625
    },
    {
      "high_freq": 12199.2666015625,
      "loudness": -29.41990089416504,
      "loudness_range": 13.49806022644043,
      "low_freq": 7314.1640625,
      "mid_mean": -25.806163787841797,
      "mid_to_side_loudness": -19.006832122802734,
      "mid_to_side_loudness_range": 18.121337890625,
      "side_mean": -45.28004455566406
    },
    {
      "loudness": -40.455238342285156,
      "loudness_range": 20.04304313659668,
      "low_freq": 12199.2666015625,
      "mid_mean": -36.904197692871094,
      "mid_to_side_loudness": -16.45932960510254,
      "mid_to_side_loudness_range": 16.742279052734375,
      "side_mean": -54.7866325378418
    }
  ],
  "bandwidth": 493.25701904296875,
  "channels": 2,
  "covariance": [
    [
      5.771728992462158,
      4.590033531188965,
      1.515128493309021,
      7.395455837249756,
      0.3366621732711792,
      6.271576404571533,
      0.7952899932861328,
      6.6662678718566895,
      2.241633653640747,
      4.163761615753174,
      2.317833423614502,
      3.0609254837036133,
      1.7076207399368286,
      5.335894584655762,
      0.7980648279190063,
      3.7578577995300293,
      1.8160141706466675,
      6.6037797927856445
    ],
    [
      4.590033531188965,
      53.403541564941406,
      5.0219879150390625,
      44.7686653137207,
      2.9282758235931396,
      33.62332534790039,
      5.392114162445068,
      34.44430923461914,
      11.076095581054688,
      17.605955123901367,
      12.489323616027832,
      14.578875541687012,
      10.29332447052002,
      31.646499633789062,
      7.768092155456543,
      26.551301956176758,
      13.083212852478027,
      25.01869773864746
    ],
    [
      1.515128493309021,
      5.0219879150390625,
      7.349085330963135,
      10.443839073181152,
      2.2057456970214844,
      9.392619132995605,
      2.418672561645508,
      9.024726867675781,
      4.523649215698242,
      6.975954532623291,
      4.042210102081299,
      6.096044063568115,
      3.0522639751434326,
      7.855729103088379,
      2.631645441055298,
      6.288939476013184,
      3.2244489192962646,
      8.403416633605957
    ],
    [
      7.395455837249756,
      44.7686653137207,
      10.443839073181152,
      71.60831451416016,
      7.081850528717041,
      52.1087760925293,
      10.658626556396484,
      55.691226959228516,
      21.542787551879883,
      26.7974910736084,
      21.39028549194336,
      22.060529708862305,
      17.196809768676758,
      46.12642288208008,
      13.913069725036621,
      34.1663818359375,
      21.48792266845703,
      41.37446212768555
    ],
    [
      0.3366621732711792,
      2.9282758235931396,
      2.2057456970214844,
      7.081850528717041,
      7.659022808074951,
      7.751636028289795,
      7.050468921661377,
      7.608387470245361,
      5.376279830932617,
      4.048383712768555,
      4.8099565505981445,
      3.9860990047454834,
      5.166860580444336,
      5.162838935852051,
      4.25208854675293,
      4.666622638702393,
      3.807964563369751,
      6.860081672668457
    ],
    [
      6.271576404571533,
      33.62332534790039,
      9.392619132995605,
      52.1087760925293,
      7.751636028289795,
      53.166378021240234,
      11.201364517211914,
      48.885658264160156,
      19.643518447875977,
      23.60367774963379,
      19.098634719848633,
      19.71255111694336,
      15.667791366577148,
      39.65388488769531,
      12.215536117553711,
      29.134170532226562,
      19.121543884277344,
      35.29121398925781
    ],
    [
      0.7952899932861328,
      5.392114162445068,
      2.418672561645508,
      10.658626556396484,
      7.050468921661377,
      11.201364517211914,
      17.63556671142578,
      10.867258071899414,
      9.675752639770508,
      6.78400993347168,
      7.2281646728515625,
      6.079291820526123,
      6.344117641448975,
      8.588797569274902,
      4.5631585121154785,
      5.681070804595947,
      3.979661226272583,
      6.794513702392578
    ],
    [
      6.6662678718566895,
      34.44430923461914,
      9.024726867675781,
      55.691226959228516,
      7.608387470245361,
      48.885658264160156,
      10.867258071899414,
      57.20444869995117,
      21.12259864807129,
      25.859209060668945,
      20.69061851501465,
      20.599889755249023,
      17.396921157836914,
      42.22544860839844,
      13.533379554748535,
      31.097347259521484,
      19.629945755004883,
      38.02865982055664
    ],
    [
      2.241633653640747,
      11.076095581054688,
      4.523649215698242,
      21.542787551879883,
      5.376279830932617,
      19.643518447875977,
      9.675752639770508,
      21.12259864807129,
      17.427013397216797,
      12.703969955444336,
      13.119721412658691,
      10.283540725708008,
      9.271472930908203,
      18.70875358581543,
      7.232717990875244,
      15.205365180969238,
      9.018036842346191,
      18.16122817993164
    ],
    [
      4.163761615753174,
      17.605955123901367,
      6.975954532623291,
      26.7974910736084,
      4.048383712768555,
      23.60367774963379,
      6.78400993347168,
      25.859209060668945,
      12.703969955444336,
      37.47644805908203,
      9.485918045043945,
      27.735620498657227,
      9.068015098571777,
      24.003314971923828,
      7.198752403259277,
      16.805221557617188,
      9.854195594787598,
      22.324010848999023
    ],
    [
      2.317833423614502,
      12.489323616027832,
      4.042210102081299,
      21.39028549194336,
      4.8099565505981445,
      19.098634719848633,
      7.2281646728515625,
      20.69061851501465,
      13.119721412658691,
      9.485918045043945,
      15.015201568603516,
      10.14919376373291,
      10.515228271484375,
      19.077423095703125,
      7.778926849365234,
      16.288644790649414,
      9.487825393676758,
      18.3681697845459
    ],
    [
      3.0609254837036133,
      14.578875541687012,
      6.096044063568115,
      22.060529708862305,
      3.9860990047454834,
      19.71255111694336,
      6.079291820526123,
      20.599889755249023,
      10.283540725708008,
      27.735620498657227,
      10.14919376373291,
      30.8106746673584,
      8.251992225646973,
      22.187389373779297,
      5.911333084106445,
      15.518674850463867,
      7.862736701965332,
      17.841323852539062
    ],
    [
      1.7076207399368286,
      10.29332447052002,
      3.0522639751434326,
      17.196809768676758,
      5.166860580444336,
      15.667791366577148,
      6.344117641448975,
      17.396921157836914,
      9.271472930908203,
      9.068015098571777,
      10.515228271484375,
      8.251992225646973,
      14.927900314331055,
      16.31853675842285,
      10.27003002166748,
      14.009510040283203,
      10.133493423461914,
      16.285072326660156
    ],
    [
      5.335894584655762,
      31.646499633789062,
      7.855729103088379,
      46.12642288208008,
      5.162838935852051,
      39.65388488769531,
      8.588797569274902,
      42.22544860839844,
      18.70875358581543,
      24.003314971923828,
      19.077423095703125,
      22.187389373779297,
      16.31853675842285,
      48.67837905883789,
      12.280981063842773,
      35.1043701171875,
      18.53510093688965,
      37.74640655517578
    ],
    [
      0.7980648279190063,
      7.768092155456543,
      2.631645441055298,
      13.913069725036621,
      4.25208854675293,
      12.215536117553711,
      4.5631585121154785,
      13.533379554748535,
      7.232717990875244,
      7.198752403259277,
      7.778926849365234,
      5.911333084106445,
      10.27003002166748,
      12.280981063842773,
      14.527687072753906,
      11.873930931091309,
      12.647865295410156,
      15.32484245300293
    ],
    [
      3.7578577995300293,
      26.551301956176758,
      6.288939476013184,
      34.1663818359375,
      4.666622638702393,
      29.134170532226562,
      5.681070804595947,
      31.097347259521484,
      15.205365180969238,
      16.805221557617188,
      16.288644790649414,
      15.518674850463867,
      14.009510040283203,
      35.1043701171875,
      11.873930931091309,
      40.002532958984375,
      16.762792587280273,
      38.07123565673828
    ],
    [
      1.8160141706466675,
      13.083212852478027,
      3.2244489192962646,
      21.48792266845703,
      3.807964563369751,
      19.121543884277344,
      3.979661226272583,
      19.629945755004883,
      9.018036842346191,
      9.854195594787598,
      9.487825393676758,
      7.862736701965332,
      10.133493423461914,
      18.53510093688965,
      12.647865295410156,
      16.762792587280273,
      21.02104949951172,
      25.47699737548828
    ],
    [
      6.6037797927856445,
      25.01869773864746,
      8.403416633605957,
      41.37446212768555,
      6.860081672668457,
      35.29121398925781,
      6.794513702392578,
      38.02865982055664,
      18.16122817993164,
      22.324010848999023,
      18.3681697845459,
      17.841323852539062,
      16.285072326660156,
      37.74640655517578,
      15.32484245300293,
      38.07123565673828,
      25.47699737548828,
      58.64289474487305
    ]
  ],
  "covariance_short": [
    [
      17.786109924316406,
      5.773481845855713,
      6.024131774902344,
      7.6404805183410645,
      1.2529608011245728,
      7.877930164337158,
      2.3810036182403564,
      8.148756980895996,
      3.992600202560425,
      5.4722394943237305,
      3.9155633449554443,
      4.532843112945557,
      2.674785852432251,
      6.5599260330200195,
      2.0433011054992676,
      5.554529190063477,
      3.949394464492798,
      8.527003288269043
    ],
    [
      5.773481845855713,
      66.89278411865234,
      5.4328789710998535,
      41.044456481933594,
      1.8423755168914795,
      27.915142059326172,
      3.9921023845672607,
      26.693098068237305,
      9.458879470825195,
      16.757709503173828,
      11.448055267333984,
      14.644925117492676,
      9.722026824951172,
      26.711191177368164,
      7.046706199645996,
      23.907926559448242,
      12.894438743591309,
      24.99080467224121
    ],
    [
      6.024131774902344,
      5.4328789710998535,
      13.773468017578125,
      10.806600570678711,
      4.54100227355957,
      9.946401596069336,
      3.9712793827056885,
      10.187555313110352,
      5.9164605140686035,
      7.307340145111084,
      5.581343650817871,
      6.650338172912598,
      3.9997406005859375,
      9.101438522338867,
      3.373246192932129,
      8.13397216796875,
      6.193839073181152,
      12.16076946258545
    ],
    [
      7.6404805183410645,
      41.044456481933594,
      10.806600570678711,
      68.89933776855469,
      8.774978637695312,
      46.892189025878906,
      11.543801307678223,
      46.946136474609375,
      21.45279312133789,
      28.74531364440918,
      21.919431686401367,
      24.209543228149414,
      18.383323669433594,
      40.386009216308594,
      15.490845680236816,
      30.975418090820312,
      21.038528442382812,
      39.71933364868164
    ],
    [
      1.2529608011245728,
      1.8423755168914795,
      4.54100227355957,
      8.774978637695312,
      16.337759017944336,
      9.84269905090332,
      11.841214179992676,
      9.042181968688965,
      9.810151100158691,
      5.036018371582031,
      8.666370391845703,
      5.079143524169922,
      8.047494888305664,
      7.746697902679443,
      7.742931365966797,
      8.168534278869629,
      9.721086502075195,
      11.445219993591309
    ],
    [
      7.877930164337158,
      27.915142059326172,
      9.946401596069336,
      46.892189025878906,
      9.84269905090332,
      56.98928451538086,
      13.254988670349121,
      46.36961364746094,
      22.483272552490234,
      27.717884063720703,
      22.083511352539062,
      23.78407859802246,
      18.099952697753906,
      38.49631881713867,
      15.36056900024414,
      28.586734771728516,
      20.53261947631836,
      37.141971588134766
    ],
    [
      2.3810036182403564,
      3.9921023845672607,
      3.9712793827056885,
      11.543801307678223,
      11.841214179992676,
      13.254988670349121,
      26.2873592376709,
      11.973689079284668,
      15.567580223083496,
      7.892116069793701,
      11.731283187866211,
      7.412874221801758,
      9.46474552154541,
      11.662986755371094,
      8.587749481201172,
      9.251412391662598,
      9.723065376281738,
      11.59130859375
    ],
    [
      8.148756980895996,
      26.693098068237305,
      10.187555313110352,
      46.946136474609375,
      9.042181968688965,
      46.36961364746094,
      11.973689079284668,
      55.83600616455078,
      22.582012176513672,
      30.613651275634766,
      22.257030487060547,
      25.419925689697266,
      19.320039749145508,
      39.695255279541016,
      15.958701133728027,
      29.15904998779297,
      20.757917404174805,
      37.73585891723633
    ],
    [
      3.992600202560425,
      9.458879470825195,
      5.9164605140686035,
      21.45279312133789,
      9.810151100158691,
      22.483272552490234,
      15.567580223083496,
      22.582012176513672,
      26.37946891784668,
      17.934711456298828,
      19.31328773498535,
      14.737710952758789,
      14.200072288513184,
      23.17092514038086,
      11.776898384094238,
      18.698808670043945,
      14.333576202392578,
      22.045639038085938
    ],
    [
      5.4722394943237305,
      16.757709503173828,
      7.307340145111084,
      28.74531364440918,
      5.036018371582031,
      27.717884063720703,
      7.892116069793701,
      30.613651275634766,
      17.934711456298828,
      50.380455017089844,
      14.910144805908203,
      38.257225036621094,
      12.383817672729492,
      31.527860641479492,
      11.451142311096191,
      24.16854476928711,
      13.816286087036133,
      28.709606170654297
    ],
    [
      3.9155633449554443,
      11.448055267333984,
      5.581343650817871,
      21.919431686401367,
      8.666370391845703,
      22.083511352539062,
      11.731283187866211,
      22.257030487060547,
      19.31328773498535,
      14.910144805908203,
      22.844362258911133,
      16.117006301879883,
      16.07558822631836,
      23.813175201416016,
      12.505141258239746,
      20.041654586791992,
      14.765168190002441,
      22.998424530029297
    ],
    [
      4.532843112945557,
      14.644925117492676,
      6.650338172912598,
      24.209543228149414,
      5.079143524169922,
      23.78407859802246,
      7.412874221801758,
      25.419925689697266,
      14.737710952758789,
      38.257225036621094,
      16.117006301879883,
      46.22913360595703,
      11.295110702514648,
      29.989776611328125,
      10.036214828491211,
      23.35334587097168,
      11.911561012268066,
      24.87789535522461
    ],
    [
      2.674785852432251,
      9.722026824951172,
      3.9997406005859375,
      18.383323669433594,
      8.047494888305664,
      18.099952697753906,
      9.46474552154541,
      19.320039749145508,
      14.200072288513184,
      12.383817672729492,
      16.07558822631836,
      11.295110702514648,
      23.106943130493164,
      20.017364501953125,
      17.451305389404297,
      18.65303611755371,
      19.284303665161133,
      21.97303581237793
    ],
    [
      6.5599260330200195,
      26.711191177368164,
      9.101438522338867,
      40.386009216308594,
      7.746697902679443,
      38.49631881713867,
      11.662986755371094,
      39.695255279541016,
      23.17092514038086,
      31.527860641479492,
      23.813175201416016,
      29.989776611328125,
      20.017364501953125,
      52.71847152709961,
      16.25096321105957,
      39.16166305541992,
      23.194921493530273,
      42.14404296875
    ],
    [
      2.0433011054992676,
      7.046706199645996,
      3.373246192932129,
      15.490845680236816,
      7.742931365966797,
      15.36056900024414,
      8.587749481201172,
      15.958701133728027,
      11.776898384094238,
      11.451142311096191,
      12.505141258239746,
      10.036214828491211,
      17.451305389404297,
      16.25096321105957,
      25.169626235961914,
      18.53030014038086,
      26.961729049682617,
      23.6112060546875
    ],
    [
      5.554529190063477,
      23.907926559448242,
      8.13397216796875,
      30.975418090820312,
      8.168534278869629,
      28.586734771728516,
      9.251412391662598,
      29.15904998779297,
      18.698808670043945,
      24.16854476928711,
      20.041654586791992,
      23.35334587097168,
      18.65303611755371,
      39.16166305541992,
      18.53030014038086,
      51.72818374633789,
      29.50095558166504,
      51.194122314453125
    ],
    [
      3.949394464492798,
      12.894438743591309,
      6.193839073181152,
      21.038528442382812,
      9.721086502075195,
      20.53261947631836,
      9.723065376281738,
      20.757917404174805,
      14.333576202392578,
      13.816286087036133,
      14.765168190002441,
      11.911561012268066,
      19.284303665161133,
      23.194921493530273,
      26.961729049682617,
      29.50095558166504,
      48.11957550048828,
      43.87230682373047
    ],
    [
      8.527003288269043,
      24.99080467224121,
      12.16076946258545,
      39.71933364868164,
      11.445219993591309,
      37.141971588134766,
      11.59130859375,
      37.73585891723633,
      22.045639038085938,
      28.709606170654297,
      22.998424530029297,
      24.87789535522461,
      21.97303581237793,
      42.14404296875,
      23.6112060546875,
      51.194122314453125,
      43.87230682373047,
      80.90782928466797
    ]
  ],
  "damage": -0.1420794427394867,
  "diff_bandwidth": 522.7969970703125,
  "dissonance": 8.925042413987908,
  "drr": 0.6639904379844666,
  "dynamics": 2.0220835208892822,
  "format": 1245190,
  "frames": 13400064,
  "loudness": -6.846529483795166,
  "loudness_range": 4.761754989624023,
  "loudness_range_short": 6.13618278503418,
  "lowpass_true_peak_15khz": 1.0443304777145386,
  "mastering3_acoustic_entropies": [
    {
      "acoustic_entropy": 5.641698837280273,
      "acoustic_entropy_mono": 5.912011623382568,
      "band_eliminated_acoustic_entropies": [
        {
          "acoustic_entropy": 5.743468284606934,
          "acoustic_entropy_side": 5.640133857727051,
          "hz": 129.47220167065723
        },
        {
          "acoustic_entropy": 5.377796649932861,
          "acoustic_entropy_side": 5.58840274810791,
          "hz": 202.92927478742237
        },
        {
          "acoustic_entropy": 5.81076717376709,
          "acoustic_entropy_side": 5.6012187004089355,
          "hz": 282.89161906338205
        },
        {
          "acoustic_entropy": 5.677085876464844,
          "acoustic_entropy_side": 5.595787048339844,
          "hz": 369.9353335868758
        },
        {
          "acoustic_entropy": 5.578078746795654,
          "acoustic_entropy_side": 5.6158037185668945,
          "hz": 464.6875360973435
        },
        {
          "acoustic_entropy": 5.529986381530762,
          "acoustic_entropy_side": 5.620469093322754,
          "hz": 567.8308811364784
        },
        {
          "acoustic_entropy": 5.585155487060547,
          "acoustic_entropy_side": 5.635843276977539,
          "hz": 680.1084783214808
        },
        {
          "acoustic_entropy": 5.414879322052002,
          "acoustic_entropy_side": 5.6377034187316895,
          "hz": 802.3292461747484
        },
        {
          "acoustic_entropy": 5.950575828552246,
          "acoustic_entropy_side": 5.644792556762695,
          "hz": 935.3737400823702
        },
        {
          "acoustic_entropy": 4.779040336608887,
          "acoustic_entropy_side": 5.64058780670166,
          "hz": 1080.2004963696966
        },
        {
          "acoustic_entropy": 5.475692272186279,
          "acoustic_entropy_side": 5.638070583343506,
          "hz": 1237.8529382007157
        },
        {
          "acoustic_entropy": 5.462650775909424,
          "acoustic_entropy_side": 5.6379923820495605,
          "hz": 1409.4668930556702
        },
        {
          "acoustic_entropy": 5.536014080047607,
          "acoustic_entropy_side": 5.633854866027832,
          "hz": 1596.2787759475705
        },
        {
          "acoustic_entropy": 5.481471061706543,
          "acoustic_entropy_side": 5.618337154388428,
          "hz": 1799.6344973346393
        },
        {
          "acoustic_entropy": 5.447030067443848,
          "acoustic_entropy_side": 5.6010870933532715,
          "hz": 2020.9991599069049
        },
        {
          "acoustic_entropy": 5.645364284515381,
          "acoustic_entropy_side": 5.593230724334717,
          "hz": 2261.9676141086993
        },
        {
          "acoustic_entropy": 5.582886219024658,
          "acoustic_entropy_side": 5.6141276359558105,
          "hz": 2524.2759484456974
        },
        {
          "acoustic_entropy": 5.339354515075684,
          "acoustic_entropy_side": 5.562335014343262,
          "hz": 2809.813997359896
        },
        {
          "acoustic_entropy": 5.485174179077148,
          "acoustic_entropy_side": 5.487444877624512,
          "hz": 3120.6389567871424
        },
        {
          "acoustic_entropy": 5.648673057556152,
          "acoustic_entropy_side": 5.593668460845947,
          "hz": 3458.990205492291
        },
        {
          "acoustic_entropy": 5.623501300811768,
          "acoustic_entropy_side": 5.658508777618408,
          "hz": 3827.305438964164
        },
        {
          "acoustic_entropy": 5.809497356414795,
          "acoustic_entropy_side": 5.644816875457764,
          "hz": 4228.238232109126
        },
        {
          "acoustic_entropy": 5.247809410095215,
          "acoustic_entropy_side": 5.623907089233398,
          "hz": 4664.6771572759235
        },
        {
          "acoustic_entropy": 5.494879245758057,
          "acoustic_entropy_side": 5.628748416900635,
          "hz": 5139.766595350093
        },
        {
          "acoustic_entropy": 5.7666401863098145,
          "acoustic_entropy_side": 5.631422996520996,
          "hz": 5656.929389854203
        },
        {
          "acoustic_entropy": 5.55458402633667,
          "acoustic_entropy_side": 5.637054920196533,
          "hz": 6219.891507268283
        },
        {
          "acoustic_entropy": 5.429232597351074,
          "acoustic_entropy_side": 5.640656471252441,
          "hz": 6832.70888123896
        },
        {
          "acoustic_entropy": 5.461501598358154,
          "acoustic_entropy_side": 5.641563415527344,
          "hz": 7499.796634079867
        },
        {
          "acoustic_entropy": 5.483686447143555,
          "acoustic_entropy_side": 5.641449451446533,
          "hz": 8225.96088609342
        },
        {
          "acoustic_entropy": 5.510589122772217,
          "acoustic_entropy_side": 5.641599178314209,
          "hz": 9016.43338188839
        },
        {
          "acoustic_entropy": 5.48219633102417,
          "acoustic_entropy_side": 5.641592025756836,
          "hz": 9876.909183162974
        },
        {
          "acoustic_entropy": 5.473181247711182,
          "acoustic_entropy_side": 5.641567230224609,
          "hz": 10813.587699516042
        },
        {
          "acoustic_entropy": 5.4823503494262695,
          "acoustic_entropy_side": 5.641602993011475,
          "hz": 11833.21735289826
        },
        {
          "acoustic_entropy": 5.563101291656494,
          "acoustic_entropy_side": 5.641634464263916,
          "hz": 12943.144197493959
        },
        {
          "acoustic_entropy": 5.580463409423828,
          "acoustic_entropy_side": 5.641655921936035,
          "hz": 14151.364845322005
        },
        {
          "acoustic_entropy": 5.577118873596191,
          "acoustic_entropy_side": 5.641688346862793,
          "hz": 15466.58407886509
        },
        {
          "acoustic_entropy": 5.585383415222168,
          "acoustic_entropy_side": 5.641691207885742,
          "hz": 16898.27756580493
        },
        {
          "acoustic_entropy": 5.612166881561279,
          "acoustic_entropy_side": 5.641693592071533,
          "hz": 18456.760127700032
        },
        {
          "acoustic_entropy": 5.632580280303955,
          "acoustic_entropy_side": 5.641695499420166,
          "hz": 20153.260054456492
        },
        {
          "acoustic_entropy": 5.641201972961426,
          "acoustic_entropy_side": 5.641698837280273,
          "hz": 22000.00000000001
        }
      ],
      "diff_acoustic_entropy": 5.042437553405762,
      "sn": 6
    },
    {
      "acoustic_entropy": 8.788246154785156,
      "acoustic_entropy_mono": 8.379840850830078,
      "band_eliminated_acoustic_entropies": [
        {
          "acoustic_entropy": 8.874345779418945,
          "acoustic_entropy_side": 8.821273803710938,
          "hz": 129.47220167065723
        },
        {
          "acoustic_entropy": 8.609702110290527,
          "acoustic_entropy_side": 8.76412296295166,
          "hz": 202.92927478742237
        },
        {
          "acoustic_entropy": 9.261104583740234,
          "acoustic_entropy_side": 8.895878791809082,
          "hz": 282.89161906338205
        },
        {
          "acoustic_entropy": 8.628466606140137,
          "acoustic_entropy_side": 8.918076515197754,
          "hz": 369.9353335868758
        },
        {
          "acoustic_entropy": 9.140518188476562,
          "acoustic_entropy_side": 8.934342384338379,
          "hz": 464.6875360973435
        },
        {
          "acoustic_entropy": 8.281041145324707,
          "acoustic_entropy_side": 8.914140701293945,
          "hz": 567.8308811364784
        },
        {
          "acoustic_entropy": 8.554686546325684,
          "acoustic_entropy_side": 9.016663551330566,
          "hz": 680.1084783214808
        },
        {
          "acoustic_entropy": 8.198495864868164,
          "acoustic_entropy_side": 8.785038948059082,
          "hz": 802.3292461747484
        },
        {
          "acoustic_entropy": 8.659648895263672,
          "acoustic_entropy_side": 8.7575044631958,
          "hz": 935.3737400823702
        },
        {
          "acoustic_entropy": 8.421182632446289,
          "acoustic_entropy_side": 8.824435234069824,
          "hz": 1080.2004963696966
        },
        {
          "acoustic_entropy": 9.01680850982666,
          "acoustic_entropy_side": 8.837726593017578,
          "hz": 1237.8529382007157
        },
        {
          "acoustic_entropy": 9.072582244873047,
          "acoustic_entropy_side": 8.843276023864746,
          "hz": 1409.4668930556702
        },
        {
          "acoustic_entropy": 8.901178359985352,
          "acoustic_entropy_side": 8.841642379760742,
          "hz": 1596.2787759475705
        },
        {
          "acoustic_entropy": 8.81698226928711,
          "acoustic_entropy_side": 8.835948944091797,
          "hz": 1799.6344973346393
        },
        {
          "acoustic_entropy": 8.537360191345215,
          "acoustic_entropy_side": 8.850247383117676,
          "hz": 2020.9991599069049
        },
        {
          "acoustic_entropy": 9.035721778869629,
          "acoustic_entropy_side": 8.814621925354004,
          "hz": 2261.9676141086993
        },
        {
          "acoustic_entropy": 8.885186195373535,
          "acoustic_entropy_side": 8.73705768585205,
          "hz": 2524.2759484456974
        },
        {
          "acoustic_entropy": 8.326837539672852,
          "acoustic_entropy_side": 8.584442138671875,
          "hz": 2809.813997359896
        },
        {
          "acoustic_entropy": 8.949084281921387,
          "acoustic_entropy_side": 8.836748123168945,
          "hz": 3120.6389567871424
        },
        {
          "acoustic_entropy": 8.745375633239746,
          "acoustic_entropy_side": 8.780998229980469,
          "hz": 3458.990205492291
        },
        {
          "acoustic_entropy": 8.712568283081055,
          "acoustic_entropy_side": 8.75888442993164,
          "hz": 3827.305438964164
        },
        {
          "acoustic_entropy": 8.988973617553711,
          "acoustic_entropy_side": 8.865885734558105,
          "hz": 4228.238232109126
        },
        {
          "acoustic_entropy": 8.333940505981445,
          "acoustic_entropy_side": 8.810958862304688,
          "hz": 4664.6771572759235
        },
        {
          "acoustic_entropy": 8.407515525817871,
          "acoustic_entropy_side": 8.849140167236328,
          "hz": 5139.766595350093
        },
        {
          "acoustic_entropy": 8.899518013000488,
          "acoustic_entropy_side": 8.856663703918457,
          "hz": 5656.929389854203
        },
        {
          "acoustic_entropy": 9.224371910095215,
          "acoustic_entropy_side": 8.82848072052002,
          "hz": 6219.891507268283
        },
        {
          "acoustic_entropy": 8.95637035369873,
          "acoustic_entropy_side": 8.797639846801758,
          "hz": 6832.70888123896
        },
        {
          "acoustic_entropy": 8.786184310913086,
          "acoustic_entropy_side": 8.758916854858398,
          "hz": 7499.796634079867
        },
        {
          "acoustic_entropy": 8.73044204711914,
          "acoustic_entropy_side": 8.751279830932617,
          "hz": 8225.96088609342
        },
        {
          "acoustic_entropy": 8.979277610778809,
          "acoustic_entropy_side": 8.783977508544922,
          "hz": 9016.43338188839
        },
        {
          "acoustic_entropy": 8.967455863952637,
          "acoustic_entropy_side": 8.78791332244873,
          "hz": 9876.909183162974
        },
        {
          "acoustic_entropy": 8.95799732208252,
          "acoustic_entropy_side": 8.787944793701172,
          "hz": 10813.587699516042
        },
        {
          "acoustic_entropy": 8.74139404296875,
          "acoustic_entropy_side": 8.788822174072266,
          "hz": 11833.21735289826
        },
        {
          "acoustic_entropy": 8.550617218017578,
          "acoustic_entropy_side": 8.785343170166016,
          "hz": 12943.144197493959
        },
        {
          "acoustic_entropy": 8.600543975830078,
          "acoustic_entropy_side": 8.786774635314941,
          "hz": 14151.364845322005
        },
        {
          "acoustic_entropy": 8.761589050292969,
          "acoustic_entropy_side": 8.788227081298828,
          "hz": 15466.58407886509
        },
        {
          "acoustic_entropy": 8.777934074401855,
          "acoustic_entropy_side": 8.788248062133789,
          "hz": 16898.27756580493
        },
        {
          "acoustic_entropy": 8.699514389038086,
          "acoustic_entropy_side": 8.788260459899902,
          "hz": 18456.760127700032
        },
        {
          "acoustic_entropy": 8.747203826904297,
          "acoustic_entropy_side": 8.788252830505371,
          "hz": 20153.260054456492
        },
        {
          "acoustic_entropy": 8.786486625671387,
          "acoustic_entropy_side": 8.788247108459473,
          "hz": 22000.00000000001
        }
      ],
      "diff_acoustic_entropy": 7.901578903198242,
      "sn": 12
    },
    {
      "acoustic_entropy": 13.317383766174316,
      "acoustic_entropy_mono": 10.784831047058105,
      "band_eliminated_acoustic_entropies": [
        {
          "acoustic_entropy": 13.443792343139648,
          "acoustic_entropy_side": 13.29957389831543,
          "hz": 129.47220167065723
        },
        {
          "acoustic_entropy": 12.545472145080566,
          "acoustic_entropy_side": 12.57604694366455,
          "hz": 202.92927478742237
        },
        {
          "acoustic_entropy": 14.166783332824707,
          "acoustic_entropy_side": 13.915260314941406,
          "hz": 282.89161906338205
        },
        {
          "acoustic_entropy": 13.190342903137207,
          "acoustic_entropy_side": 13.480201721191406,
          "hz": 369.9353335868758
        },
        {
          "acoustic_entropy": 14.2859468460083,
          "acoustic_entropy_side": 13.74459171295166,
          "hz": 464.6875360973435
        },
        {
          "acoustic_entropy": 13.765908241271973,
          "acoustic_entropy_side": 13.347692489624023,
          "hz": 567.8308811364784
        },
        {
          "acoustic_entropy": 13.655426979064941,
          "acoustic_entropy_side": 13.689889907836914,
          "hz": 680.1084783214808
        },
        {
          "acoustic_entropy": 13.220799446105957,
          "acoustic_entropy_side": 13.149354934692383,
          "hz": 802.3292461747484
        },
        {
          "acoustic_entropy": 14.119796752929688,
          "acoustic_entropy_side": 13.316823959350586,
          "hz": 935.3737400823702
        },
        {
          "acoustic_entropy": 13.321344375610352,
          "acoustic_entropy_side": 13.241857528686523,
          "hz": 1080.2004963696966
        },
        {
          "acoustic_entropy": 14.317569732666016,
          "acoustic_entropy_side": 13.465838432312012,
          "hz": 1237.8529382007157
        },
        {
          "acoustic_entropy": 13.123212814331055,
          "acoustic_entropy_side": 13.32386589050293,
          "hz": 1409.4668930556702
        },
        {
          "acoustic_entropy": 13.34581470489502,
          "acoustic_entropy_side": 13.228498458862305,
          "hz": 1596.2787759475705
        },
        {
          "acoustic_entropy": 13.534394264221191,
          "acoustic_entropy_side": 13.497421264648438,
          "hz": 1799.6344973346393
        },
        {
          "acoustic_entropy": 13.405853271484375,
          "acoustic_entropy_side": 13.199352264404297,
          "hz": 2020.9991599069049
        },
        {
          "acoustic_entropy": 13.168988227844238,
          "acoustic_entropy_side": 13.126494407653809,
          "hz": 2261.9676141086993
        },
        {
          "acoustic_entropy": 13.67101001739502,
          "acoustic_entropy_side": 13.386760711669922,
          "hz": 2524.2759484456974
        },
        {
          "acoustic_entropy": 12.838205337524414,
          "acoustic_entropy_side": 12.871210098266602,
          "hz": 2809.813997359896
        },
        {
          "acoustic_entropy": 13.278005599975586,
          "acoustic_entropy_side": 13.324901580810547,
          "hz": 3120.6389567871424
        },
        {
