{
  "acoustic_entropy": 216.38308715820312,
  "bands": [
    {
      "high_freq": 148.1999969482422,
      "loudness": -22.88335609436035,
      "loudness_range": 19.323657989501953,
      "mid_mean": -19.48797607421875,
      "mid_to_side_loudness": -14.395285606384277,
      "mid_to_side_loudness_range": 23.45096778869629,
      "side_mean": -34.6833381652832
    },
    {
      "high_freq": 392.3793640136719,
      "loudness": -22.27615737915039,
      "loudness_range": 11.111848831176758,
      "low_freq": 148.1999969482422,
      "mid_mean": -20.091888427734375,
      "mid_to_side_loudness": -4.710094928741455,
      "mid_to_side_loudness_range": 10.772148132324219,
      "side_mean": -24.904247283935547
    },
    {
      "high_freq": 794.6976318359375,
      "loudness": -19.834409713745117,
      "loudness_range": 16.17535400390625,
      "low_freq": 392.3793640136719,
      "mid_mean": -17.315898895263672,
      "mid_to_side_loudness": -6.143533706665039,
      "mid_to_side_loudness_range": 12.624696731567383,
      "side_mean": -23.700748443603516
    },
    {
      "high_freq": 1457.5709228515625,
      "loudness": -23.27187156677246,
      "loudness_range": 13.256362915039062,
      "low_freq": 794.6976318359375,
      "mid_mean": -20.997194290161133,
      "mid_to_side_loudness": -4.756774425506592,
      "mid_to_side_loudness_range": 8.587342262268066,
      "side_mean": -25.84601593017578
    },
    {
      "high_freq": 2549.74365234375,
      "loudness": -23.457109451293945,
      "loudness_range": 12.274404525756836,
      "low_freq": 1457.5709228515625,
      "mid_mean": -21.265644073486328,
      "mid_to_side_loudness": -4.297685623168945,
      "mid_to_side_loudness_range": 7.0361504554748535,
      "side_mean": -25.658510208129883
    },
    {
      "high_freq": 4349.24462890625,
      "loudness": -26.409984588623047,
      "loudness_range": 12.167434692382812,
      "low_freq": 2549.74365234375,
      "mid_mean": -24.11174201965332,
      "mid_to_side_loudness": -4.697238922119141,
      "mid_to_side_loudness_range": 7.946982383728027,
      "side_mean": -28.924720764160156
    },
    {
      "high_freq": 7314.1640625,
      "loudness": -29.265989303588867,
      "loudness_range": 14.542699813842773,
      "low_freq": 4349.24462890625,
      "mid_mean": -26.675504684448242,
      "mid_to_side_loudness": -6.203451156616211,
      "mid_to_side_loudness_range": 9.94426441192627,
      "side_mean": -33.00968933105469
    },
    {
      "high_freq": 12199.2666015625,
      "loudness": -28.922515869140625,
      "loudness_range": 18.665889739990234,
      "low_freq": 7314.1640625,
      "mid_mean": -26.16303825378418,
      "mid_to_side_loudness": -7.05859375,
      "mid_to_side_loudness_range": 10.881268501281738,
      "side_mean": -33.588863372802734
    },
    {
      "loudness": -32.87849044799805,
      "loudness_range": 12.659330368041992,
      "low_freq": 12199.2666015625,
      "mid_mean": -30.157672882080078,
      "mid_to_side_loudness": -6.677636623382568,
      "mid_to_side_loudness_range": 8.351960182189941,
      "side_mean": -37.55371856689453
    }
  ],
  "bands_short": [
    {
      "high_freq": 148.1999969482422,
      "loudness": -26.392147064208984,
      "loudness_range": 26.19866180419922,
      "mid_mean": -22.970733642578125,
      "mid_to_side_loudness": -15.027949333190918,
      "mid_to_side_loudness_range": 26.67013168334961,
      "side_mean": -39.90165710449219
    },
    {
      "high_freq": 392.3793640136719,
      "loudness": -21.918224334716797,
      "loudness_range": 12.635321617126465,
      "low_freq": 148.1999969482422,
      "mid_mean": -19.652013778686523,
      "mid_to_side_loudness": -5.594668388366699,
      "mid_to_side_loudness_range": 13.863790512084961,
      "side_mean": -25.408145904541016
    },
    {
      "high_freq": 794.6976318359375,
      "loudness": -20.064376831054688,
      "loudness_range": 16.78162384033203,
      "low_freq": 392.3793640136719,
      "mid_mean": -17.789520263671875,
      "mid_to_side_loudness": -5.760263442993164,
      "mid_to_side_loudness_range": 14.882070541381836,
      "side_mean": -23.774124145507812
    },
    {
      "high_freq": 1457.5709228515625,
      "loudness": -23.59941864013672,
      "loudness_range": 14.76923942565918,
      "low_freq": 794.6976318359375,
      "mid_mean": -21.499998092651367,
      "mid_to_side_loudness": -4.583385944366455,
      "mid_to_side_loudness_range": 11.408838272094727,
      "side_mean": -26.188255310058594
    },
    {
      "high_freq": 2549.74365234375,
      "loudness": -23.847444534301758,
      "loudness_range": 13.823678970336914,
      "low_freq": 1457.5709228515625,
      "mid_mean": -21.8065185546875,
      "mid_to_side_loudness": -4.086075305938721,
      "mid_to_side_loudness_range": 9.215935707092285,
      "side_mean": -25.97676658630371
    },
    {
      "high_freq": 4349.24462890625,
      "loudness": -26.718788146972656,
      "loudness_range": 13.893892288208008,
      "low_freq": 2549.74365234375,
      "mid_mean": -24.565805435180664,
      "mid_to_side_loudness": -4.446199417114258,
      "mid_to_side_loudness_range": 9.391995429992676,
      "side_mean": -29.118986129760742
    },
    {
      "high_freq": 7314.1640625,
      "loudness": -29.981847763061523,
      "loudness_range": 16.577768325805664,
      "low_freq": 4349.24462890625,
      "mid_mean": -27.58555793762207,
      "mid_to_side_loudness": -5.680624485015869,
      "mid_to_side_loudness_range": 11.00223445892334,
      "side_mean": -33.41845703125
    },
    {
      "high_freq": 12199.2666015625,
      "loudness": -30.09442901611328,
      "loudness_range": 21.472023010253906,
      "low_freq": 7314.1640625,
      "mid_mean": -27.535417556762695,
      "mid_to_side_loudness": -6.448423862457275,
      "mid_to_side_loudness_range": 11.827495574951172,
      "side_mean": -34.4626579284668
    },
    {
      "loudness": -35.37145233154297,
      "loudness_range": 23.262596130371094,
      "low_freq": 12199.2666015625,
      "mid_mean": -32.86366653442383,
      "mid_to_side_loudness": -6.131153583526611,
      "mid_to_side_loudness_range": 10.689170837402344,
      "side_mean": -39.60322570800781
    }
  ],
  "bandwidth": 680.4697875976562,
  "channels": 2,
  "covariance": [
    [
      49.874088287353516,
      23.705053329467773,
      18.27589988708496,
      14.957793235778809,
      18.542749404907227,
      15.011027336120605,
      14.623906135559082,
      12.772592544555664,
      18.246807098388672,
      15.893054962158203,
      18.81671905517578,
      16.34635353088379,
      22.148408889770508,
      18.918745040893555,
      26.533632278442383,
      27.748605728149414,
      22.120885848999023,
      31.103342056274414
    ],
    [
      23.705053329467773,
      56.761898040771484,
      11.41016674041748,
      16.375246047973633,
      8.845820426940918,
      8.61001205444336,
      9.997076034545898,
      10.28392219543457,
      12.546747207641602,
      13.12719440460205,
      13.418582916259766,
      13.768648147583008,
      15.911859512329102,
      18.13886833190918,
      15.015453338623047,
      19.297191619873047,
      9.575013160705566,
      15.88641357421875
    ],
    [
      18.27589988708496,
      11.41016674041748,
      19.799896240234375,
      16.646406173706055,
      12.290660858154297,
      12.66417407989502,
      9.998625755310059,
      9.997062683105469,
      13.000016212463379,
      11.61254596710205,
      12.272257804870605,
      11.436198234558105,
      15.536162376403809,
      13.018563270568848,
      18.419878005981445,
      19.252721786499023,
      12.757528305053711,
      18.427026748657227
    ],
    [
      14.957793235778809,
      16.375246047973633,
      16.646406173706055,
      27.971920013427734,
      9.365150451660156,
      14.494254112243652,
      9.773602485656738,
      12.744504928588867,
      12.763553619384766,
      14.457489013671875,
      10.719014167785645,
      14.026381492614746,
      11.801217079162598,
      15.162240028381348,
      12.93605899810791,
      19.29857635498047,
      9.115194320678711,
      16.152624130249023
    ],
    [
      18.542749404907227,
      8.845820426940918,
      12.290660858154297,
      9.365150451660156,
      41.871150970458984,
      22.957578659057617,
      23.480432510375977,
      13.569937705993652,
      17.82347297668457,
      12.579827308654785,
      19.814369201660156,
      12.869877815246582,
      22.852331161499023,
      14.117730140686035,
      23.65507698059082,
      20.02519989013672,
      14.69752025604248,
      19.1887264251709
    ],
    [
      15.011027336120605,
      8.61001205444336,
      12.66417407989502,
      14.494254112243652,
      22.957578659057617,
      23.886089324951172,
      15.913480758666992,
      14.275450706481934,
      14.21737289428711,
      14.031150817871094,
      13.766839027404785,
      13.531055450439453,
      15.492396354675293,
      14.090863227844238,
      16.64580535888672,
      18.690406799316406,
      12.306279182434082,
      17.71051788330078
    ],
    [
      14.623906135559082,
      9.997076034545898,
      9.998625755310059,
      9.773602485656738,
      23.480432510375977,
      15.913480758666992,
      25.88474464416504,
      16.87494468688965,
      13.873550415039062,
      12.989651679992676,
      16.50105094909668,
      13.328383445739746,
      17.286222457885742,
      12.948308944702148,
      15.945170402526855,
      16.404647827148438,
      10.680452346801758,
      15.956275939941406
    ],
    [
      12.772592544555664,
      10.28392219543457,
      9.997062683105469,
      12.744504928588867,
      13.569937705993652,
      14.275450706481934,
      16.87494468688965,
      18.072114944458008,
      11.756183624267578,
      13.853805541992188,
      12.024934768676758,
      13.458365440368652,
      11.977404594421387,
      12.636369705200195,
      11.3173246383667,
      14.83755111694336,
      9.110434532165527,
      14.244619369506836
    ],
    [
      18.246807098388672,
      12.546747207641602,
      13.000016212463379,
      12.763553619384766,
      17.82347297668457,
      14.21737289428711,
      13.873550415039062,
      11.756183624267578,
      25.123512268066406,
      18.425569534301758,
      20.39826011657715,
      16.02293586730957,
      19.55140495300293,
      15.51468276977539,
      19.35427474975586,
      18.60388946533203,
      12.294322967529297,
      16.681236267089844
    ],
    [
      15.893054962158203,
      13.12719440460205,
      11.61254596710205,
      14.457489013671875,
      12.579827308654785,
      14.031150817871094,
      12.989651679992676,
      13.853805541992188,
      18.425569534301758,
      19.492097854614258,
      15.286042213439941,
      16.47353744506836,
      14.276026725769043,
      15.184550285339355,
      13.795300483703613,
      17.185876846313477,
      10.385828018188477,
      14.987838745117188
    ],
    [
      18.81671905517578,
      13.418582916259766,
      12.272257804870605,
      10.719014167785645,
      19.814369201660156,
      13.766839027404785,
      16.50105094909668,
      12.024934768676758,
      20.39826011657715,
      15.286042213439941,
      23.610076904296875,
      16.649131774902344,
      22.94344711303711,
      17.06443977355957,
      20.843782424926758,
      19.268383026123047,
      13.076889991760254,
      17.779430389404297
    ],
    [
      16.34635353088379,
      13.768648147583008,
      11.436198234558105,
      14.026381492614746,
      12.869877815246582,
      13.531055450439453,
      13.328383445739746,
      13.458365440368652,
      16.02293586730957,
      16.47353744506836,
      16.649131774902344,
      18.276586532592773,
      15.897428512573242,
      17.189260482788086,
      14.133460998535156,
      18.518787384033203,
      10.682418823242188,
      16.039020538330078
    ],
    [
      22.148408889770508,
      15.911859512329102,
      15.536162376403809,
      11.801217079162598,
      22.852331161499023,
      15.492396354675293,
      17.286222457885742,
      11.977404594421387,
      19.55140495300293,
      14.276026725769043,
      22.94344711303711,
      15.897428512573242,
      31.91469383239746,
      21.121183395385742,
      31.982046127319336,
      27.543254852294922,
      21.409976959228516,
      25.501693725585938
    ],
    [
      18.918745040893555,
      18.13886833190918,
      13.018563270568848,
      15.162240028381348,
      14.117730140686035,
      14.090863227844238,
      12.948308944702148,
      12.636369705200195,
      15.51468276977539,
      15.184550285339355,
      17.06443977355957,
      17.189260482788086,
      21.121183395385742,
      22.794147491455078,
      20.384809494018555,
      25.701257705688477,
      14.948840141296387,
      22.131969451904297
    ],
    [
      26.533632278442383,
      15.015453338623047,
      18.419878005981445,
      12.93605899810791,
      23.65507698059082,
      16.64580535888672,
      15.945170402526855,
      11.3173246383667,
      19.35427474975586,
      13.795300483703613,
      20.843782424926758,
      14.133460998535156,
      31.982046127319336,
      20.384809494018555,
      47.64803695678711,
      35.87287521362305,
      33.234493255615234,
      35.40083694458008
    ],
    [
      27.748605728149414,
      19.297191619873047,
      19.252721786499023,
      19.29857635498047,
      20.02519989013672,
      18.690406799316406,
      16.404647827148438,
      14.83755111694336,
      18.60388946533203,
      17.185876846313477,
      19.268383026123047,
      18.518787384033203,
      27.543254852294922,
      25.701257705688477,
      35.87287521362305,
      43.834510803222656,
      28.076269149780273,
      39.231422424316406
    ],
    [
      22.120885848999023,
      9.575013160705566,
      12.757528305053711,
      9.115194320678711,
      14.69752025604248,
      12.306279182434082,
      10.680452346801758,
      9.110434532165527,
      12.294322967529297,
      10.385828018188477,
      13.076889991760254,
      10.682418823242188,
      21.409976959228516,
      14.948840141296387,
      33.234493255615234,
      28.076269149780273,
      39.027408599853516,
      32.80144119262695
    ],
    [
      31.103342056274414,
      15.88641357421875,
      18.427026748657227,
      16.152624130249023,
      19.1887264251709,
      17.71051788330078,
      15.956275939941406,
      14.244619369506836,
      16.681236267089844,
      14.987838745117188,
      17.779430389404297,
      16.039020538330078,
      25.501693725585938,
      22.131969451904297,
      35.40083694458008,
      39.231422424316406,
      32.80144119262695,
      49.01292419433594
    ]
  ],
  "covariance_short": [
    [
      81.59801483154297,
      42.971527099609375,
      19.60909080505371,
      12.02752685546875,
      17.043107986450195,
      11.773602485656738,
      14.072144508361816,
      11.746221542358398,
      19.090620040893555,
      15.050248146057129,
      20.82197380065918,
      17.018014907836914,
      23.975404739379883,
      19.823646545410156,
      27.790950775146484,
      27.236021041870117,
      29.42755889892578,
      31.511404037475586
    ],
    [
      42.971527099609375,
      80.0032958984375,
      19.637025833129883,
      23.737634658813477,
      15.360420227050781,
      13.113851547241211,
      15.045531272888184,
      13.900294303894043,
      19.670419692993164,
      17.41582489013672,
      20.340789794921875,
      18.72059440612793,
      24.281591415405273,
      23.391094207763672,
      25.506366729736328,
      27.348478317260742,
      23.090497970581055,
      26.925813674926758
    ],
    [
      19.60909080505371,
      19.637025833129883,
      24.297557830810547,
      16.254465103149414,
      11.68862533569336,
      11.595650672912598,
      10.2550687789917,
      10.543596267700195,
      13.995010375976562,
      12.329096794128418,
      13.619208335876465,
      12.678597450256348,
      16.472021102905273,
      14.519567489624023,
      18.321956634521484,
      20.430505752563477,
      18.132680892944336,
      22.55731964111328
    ],
    [
      12.02752685546875,
      23.737634658813477,
      16.254465103149414,
      32.66332244873047,
      9.255414962768555,
      14.777393341064453,
      9.946066856384277,
      13.036612510681152,
      13.337501525878906,
      14.551852226257324,
      11.538183212280273,
      14.76982307434082,
      12.422869682312012,
      16.283504486083984,
      12.594169616699219,
      19.942752838134766,
      12.424894332885742,
      19.777029037475586
    ],
    [
      17.043107986450195,
      15.360420227050781,
      11.68862533569336,
      9.255414962768555,
      44.8661003112793,
      21.620262145996094,
      25.4595890045166,
      14.681398391723633,
      18.946834564208984,
      13.03676986694336,
      21.293519973754883,
      13.294831275939941,
      24.645130157470703,
      14.91463565826416,
      24.127578735351562,
      20.930788040161133,
      19.282014846801758,
      22.015024185180664
    ],
    [
      11.773602485656738,
      13.113851547241211,
      11.595650672912598,
      14.777393341064453,
      21.620262145996094,
      26.421506881713867,
      16.081892013549805,
      14.99152660369873,
      14.497406005859375,
      14.284454345703125,
      14.213019371032715,
      14.16397762298584,
      15.908823013305664,
      14.776610374450684,
      16.187620162963867,
      18.979705810546875,
      14.945564270019531,
      20.171905517578125
    ],
    [
      14.072144508361816,
      15.045531272888184,
      10.2550687789917,
      9.946066856384277,
      25.4595890045166,
      16.081892013549805,
      32.188140869140625,
      18.7526912689209,
      16.369583129882812,
      14.331639289855957,
      19.603370666503906,
      15.14168643951416,
      20.62190818786621,
      15.099029541015625,
      18.32659149169922,
      18.380708694458008,
      16.315811157226562,
      19.871049880981445
    ],
    [
      11.746221542358398,
      13.900294303894043,
      10.543596267700195,
      13.036612510681152,
      14.681398391723633,
      14.99152660369873,
      18.7526912689209,
      22.81338119506836,
      13.5830078125,
      15.191490173339844,
      14.039522171020508,
      15.30484390258789,
      13.9628324508667,
      14.768649101257324,
      12.755915641784668,
      16.717906951904297,
      13.138215065002441,
      18.301645278930664
    ],
    [
      19.090620040893555,
      19.670419692993164,
      13.995010375976562,
      13.337501525878906,
      18.946834564208984,
      14.497406005859375,
      16.369583129882812,
      13.5830078125,
      30.46623992919922,
      20.491573333740234,
      23.906978607177734,
      18.17612075805664,
      22.791078567504883,
      17.767885208129883,
      21.586349487304688,
      20.981517791748047,
      18.28276252746582,
      20.784019470214844
    ],
    [
      15.050248146057129,
      17.41582489013672,
      12.329096794128418,
      14.551852226257324,
      13.03676986694336,
      14.284454345703125,
      14.331639289855957,
      15.191490173339844,
      20.491573333740234,
      22.599618911743164,
      17.20206069946289,
      18.356342315673828,
      15.956613540649414,
      17.23320198059082,
      14.940324783325195,
      18.892414093017578,
      14.699187278747559,
      19.36643409729004
    ],
    [
      20.82197380065918,
      20.340789794921875,
      13.619208335876465,
      11.538183212280273,
      21.293519973754883,
      14.213019371032715,
      19.603370666503906,
      14.039522171020508,
      23.906978607177734,
      17.20206069946289,
      29.097827911376953,
      19.269386291503906,
      27.253421783447266,
      19.9117488861084,
      24.005760192871094,
      22.788766860961914,
      20.41026496887207,
      22.68596076965332
    ],
    [
      17.018014907836914,
      18.72059440612793,
      12.678597450256348,
      14.76982307434082,
      13.294831275939941,
      14.16397762298584,
      15.14168643951416,
      15.30484390258789,
      18.17612075805664,
      18.356342315673828,
      19.269386291503906,
      22.018564224243164,
      18.263704299926758,
      20.16659164428711,
      16.192989349365234,
      21.241201400756836,
      16.09853172302246,
      21.449989318847656
    ],
    [
      23.975404739379883,
      24.281591415405273,
      16.472021102905273,
      12.422869682312012,
      24.645130157470703,
      15.908823013305664,
      20.62190818786621,
      13.9628324508667,
      22.791078567504883,
      15.956613540649414,
      27.253421783447266,
      18.263704299926758,
      39.43921661376953,
      24.586456298828125,
      38.51603698730469,
      32.676700592041016,
      32.48626708984375,
      32.1450309753418
    ],
    [
      19.823646545410156,
      23.391094207763672,
      14.519567489624023,
      16.283504486083984,
      14.91463565826416,
      14.776610374450684,
      15.099029541015625,
      14.768649101257324,
      17.767885208129883,
      17.23320198059082,
      19.9117488861084,
      20.16659164428711,
      24.586456298828125,
      27.43924331665039,
      23.693622589111328,
      30.458904266357422,
      22.247058868408203,
      29.072935104370117
    ],
    [
      27.790950775146484,
      25.506366729736328,
      18.321956634521484,
      12.594169616699219,
      24.127578735351562,
      16.187620162963867,
      18.32659149169922,
      12.755915641784668,
      21.586349487304688,
      14.940324783325195,
      24.005760192871094,
      16.192989349365234,
      38.51603698730469,
      23.693622589111328,
      57.64249038696289,
      41.86958694458008,
      50.15962219238281,
      44.56226348876953
    ],
    [
      27.236021041870117,
      27.348478317260742,
      20.430505752563477,
      19.942752838134766,
      20.930788040161133,
      18.979705810546875,
      18.380708694458008,
      16.717906951904297,
      20.981517791748047,
      18.892414093017578,
      22.788766860961914,
      21.241201400756836,
      32.676700592041016,
      30.458904266357422,
      41.86958694458008,
      52.1290397644043,
      41.00387191772461,
      51.66619873046875
    ],
    [
      29.42755889892578,
      23.090497970581055,
      18.132680892944336,
      12.424894332885742,
      19.282014846801758,
      14.945564270019531,
      16.315811157226562,
      13.138215065002441,
      18.28276252746582,
      14.699187278747559,
      20.41026496887207,
      16.09853172302246,
      32.48626708984375,
      22.247058868408203,
      50.15962219238281,
      41.00387191772461,
      64.225341796875,
      53.88558578491211
    ],
    [
      31.511404037475586,
      26.925813674926758,
      22.55731964111328,
      19.777029037475586,
      22.015024185180664,
      20.171905517578125,
      19.871049880981445,
      18.301645278930664,
      20.784019470214844,
      19.36643409729004,
      22.68596076965332,
      21.449989318847656,
      32.1450309753418,
      29.072935104370117,
      44.56226348876953,
      51.66619873046875,
      53.88558578491211,
      69.97354125976562
    ]
  ],
  "damage": -2.749114751815796,
  "diff_bandwidth": 666.8403930664062,
  "dissonance": 9.291397304344086,
  "drr": 13.770580291748047,
  "dynamics": 3.5469095706939697,
  "format": 1245190,
  "frames": 13070272,
  "loudness": -9.814644813537598,
  "loudness_range": 9.902416229248047,
  "loudness_range_short": 11.338598251342773,
  "lowpass_true_peak_15khz": 2.865257978439331,
  "mastering3_acoustic_entropies": [
    {
      "acoustic_entropy": 7.440300941467285,
      "acoustic_entropy_mono": 7.0428595542907715,
      "band_eliminated_acoustic_entropies": [
        {
          "acoustic_entropy": 7.325857639312744,
          "acoustic_entropy_side": 7.441730499267578,
          "hz": 129.47220167065723
        },
        {
          "acoustic_entropy": 7.564986228942871,
          "acoustic_entropy_side": 7.432449817657471,
          "hz": 202.92927478742237
        },
        {
          "acoustic_entropy": 7.309056758880615,
          "acoustic_entropy_side": 7.285369873046875,
          "hz": 282.89161906338205
        },
        {
          "acoustic_entropy": 7.517338275909424,
          "acoustic_entropy_side": 7.608632564544678,
          "hz": 369.9353335868758
        },
        {
          "acoustic_entropy": 7.72395133972168,
          "acoustic_entropy_side": 7.504015922546387,
          "hz": 464.6875360973435
        },
        {
          "acoustic_entropy": 7.008965492248535,
          "acoustic_entropy_side": 7.238925933837891,
          "hz": 567.8308811364784
        },
        {
          "acoustic_entropy": 7.535494804382324,
          "acoustic_entropy_side": 7.025246620178223,
          "hz": 680.1084783214808
        },
        {
          "acoustic_entropy": 7.747420310974121,
          "acoustic_entropy_side": 7.512089729309082,
          "hz": 802.3292461747484
        },
        {
          "acoustic_entropy": 7.850432395935059,
          "acoustic_entropy_side": 7.494506359100342,
          "hz": 935.3737400823702
        },
        {
          "acoustic_entropy": 7.453378200531006,
          "acoustic_entropy_side": 7.523462772369385,
          "hz": 1080.2004963696966
        },
        {
          "acoustic_entropy": 7.650846481323242,
          "acoustic_entropy_side": 7.601535797119141,
          "hz": 1237.8529382007157
        },
        {
          "acoustic_entropy": 6.319714069366455,
          "acoustic_entropy_side": 7.429873943328857,
          "hz": 1409.4668930556702
        },
        {
          "acoustic_entropy": 7.563297271728516,
          "acoustic_entropy_side": 7.470302581787109,
          "hz": 1596.2787759475705
        },
        {
          "acoustic_entropy": 7.33625602722168,
          "acoustic_entropy_side": 7.429553508758545,
          "hz": 1799.6344973346393
        },
        {
          "acoustic_entropy": 7.4138360023498535,
          "acoustic_entropy_side": 7.45946741104126,
          "hz": 2020.9991599069049
        },
        {
          "acoustic_entropy": 7.602846145629883,
          "acoustic_entropy_side": 7.478740692138672,
          "hz": 2261.9676141086993
        },
        {
          "acoustic_entropy": 7.389190196990967,
          "acoustic_entropy_side": 7.316946029663086,
          "hz": 2524.2759484456974
        },
        {
          "acoustic_entropy": 7.466004371643066,
          "acoustic_entropy_side": 7.415524005889893,
          "hz": 2809.813997359896
        },
        {
          "acoustic_entropy": 7.4007039070129395,
          "acoustic_entropy_side": 7.469480037689209,
          "hz": 3120.6389567871424
        },
        {
          "acoustic_entropy": 7.455863952636719,
          "acoustic_entropy_side": 7.472615718841553,
          "hz": 3458.990205492291
        },
        {
          "acoustic_entropy": 7.406678199768066,
          "acoustic_entropy_side": 7.4572978019714355,
          "hz": 3827.305438964164
        },
        {
          "acoustic_entropy": 7.29597806930542,
          "acoustic_entropy_side": 7.432744026184082,
          "hz": 4228.238232109126
        },
        {
          "acoustic_entropy": 7.301941871643066,
          "acoustic_entropy_side": 7.427859306335449,
          "hz": 4664.6771572759235
        },
        {
          "acoustic_entropy": 7.393982410430908,
          "acoustic_entropy_side": 7.435620307922363,
          "hz": 5139.766595350093
        },
        {
          "acoustic_entropy": 7.335911273956299,
          "acoustic_entropy_side": 7.415594577789307,
          "hz": 5656.929389854203
        },
        {
          "acoustic_entropy": 7.2421956062316895,
          "acoustic_entropy_side": 7.334349155426025,
          "hz": 6219.891507268283
        },
        {
          "acoustic_entropy": 7.340950965881348,
          "acoustic_entropy_side": 7.287174701690674,
          "hz": 6832.70888123896
        },
        {
          "acoustic_entropy": 7.276732921600342,
          "acoustic_entropy_side": 7.240748405456543,
          "hz": 7499.796634079867
        },
        {
          "acoustic_entropy": 7.337497234344482,
          "acoustic_entropy_side": 7.2652153968811035,
          "hz": 8225.96088609342
        },
        {
          "acoustic_entropy": 7.245401382446289,
          "acoustic_entropy_side": 7.219599723815918,
          "hz": 9016.43338188839
        },
        {
          "acoustic_entropy": 7.232221603393555,
          "acoustic_entropy_side": 7.229554653167725,
          "hz": 9876.909183162974
        },
        {
          "acoustic_entropy": 7.255983829498291,
          "acoustic_entropy_side": 7.361572265625,
          "hz": 10813.587699516042
        },
        {
          "acoustic_entropy": 7.394771099090576,
          "acoustic_entropy_side": 7.45585823059082,
          "hz": 11833.21735289826
        },
        {
          "acoustic_entropy": 7.431240558624268,
          "acoustic_entropy_side": 7.5063347816467285,
          "hz": 12943.144197493959
        },
        {
          "acoustic_entropy": 7.367425918579102,
          "acoustic_entropy_side": 7.474203586578369,
          "hz": 14151.364845322005
        },
        {
          "acoustic_entropy": 7.368251323699951,
          "acoustic_entropy_side": 7.450780868530273,
          "hz": 15466.58407886509
        },
        {
          "acoustic_entropy": 7.347209930419922,
          "acoustic_entropy_side": 7.440437316894531,
          "hz": 16898.27756580493
        },
        {
          "acoustic_entropy": 7.385682106018066,
          "acoustic_entropy_side": 7.433242321014404,
          "hz": 18456.760127700032
        },
        {
          "acoustic_entropy": 7.424804210662842,
          "acoustic_entropy_side": 7.43719482421875,
          "hz": 20153.260054456492
        },
        {
          "acoustic_entropy": 7.436929225921631,
          "acoustic_entropy_side": 7.439236164093018,
          "hz": 22000.00000000001
        }
      ],
      "diff_acoustic_entropy": 4.698452949523926,
      "sn": 6
    },
    {
      "acoustic_entropy": 10.782295227050781,
      "acoustic_entropy_mono": 10.428306579589844,
      "band_eliminated_acoustic_entropies": [
        {
          "acoustic_entropy": 10.715213775634766,
          "acoustic_entropy_side": 10.803815841674805,
          "hz": 129.47220167065723
        },
        {
          "acoustic_entropy": 11.053462982177734,
          "acoustic_entropy_side": 10.985542297363281,
          "hz": 202.92927478742237
        },
        {
          "acoustic_entropy": 11.118597984313965,
          "acoustic_entropy_side": 10.902763366699219,
          "hz": 282.89161906338205
        },
        {
          "acoustic_entropy": 11.237223625183105,
          "acoustic_entropy_side": 11.174238204956055,
          "hz": 369.9353335868758
        },
        {
          "acoustic_entropy": 11.364924430847168,
          "acoustic_entropy_side": 10.984648704528809,
          "hz": 464.6875360973435
        },
        {
          "acoustic_entropy": 11.310518264770508,
          "acoustic_entropy_side": 11.028587341308594,
          "hz": 567.8308811364784
        },
        {
          "acoustic_entropy": 11.587756156921387,
          "acoustic_entropy_side": 10.858768463134766,
          "hz": 680.1084783214808
        },
        {
          "acoustic_entropy": 11.959219932556152,
          "acoustic_entropy_side": 11.018279075622559,
          "hz": 802.3292461747484
        },
        {
          "acoustic_entropy": 11.070128440856934,
          "acoustic_entropy_side": 10.682473182678223,
          "hz": 935.3737400823702
        },
        {
          "acoustic_entropy": 11.38010311126709,
          "acoustic_entropy_side": 10.999771118164062,
          "hz": 1080.2004963696966
        },
        {
          "acoustic_entropy": 11.430692672729492,
          "acoustic_entropy_side": 10.971779823303223,
          "hz": 1237.8529382007157
        },
        {
          "acoustic_entropy": 11.024362564086914,
          "acoustic_entropy_side": 10.976866722106934,
          "hz": 1409.4668930556702
        },
        {
          "acoustic_entropy": 10.977226257324219,
          "acoustic_entropy_side": 10.748620986938477,
          "hz": 1596.2787759475705
        },
        {
          "acoustic_entropy": 10.400067329406738,
          "acoustic_entropy_side": 10.613046646118164,
          "hz": 1799.6344973346393
        },
        {
          "acoustic_entropy": 11.09705638885498,
          "acoustic_entropy_side": 10.96889877319336,
          "hz": 2020.9991599069049
        },
        {
          "acoustic_entropy": 10.852849960327148,
          "acoustic_entropy_side": 10.90129280090332,
          "hz": 2261.9676141086993
        },
        {
          "acoustic_entropy": 10.613219261169434,
          "acoustic_entropy_side": 10.725345611572266,
          "hz": 2524.2759484456974
        },
        {
          "acoustic_entropy": 10.505668640136719,
          "acoustic_entropy_side": 10.72650146484375,
          "hz": 2809.813997359896
        },
        {
          "acoustic_entropy": 10.675434112548828,
          "acoustic_entropy_side": 10.800711631774902,
          "hz": 3120.6389567871424
        },
        {
          "acoustic_entropy": 10.684250831604004,
          "acoustic_entropy_side": 10.776455879211426,
          "hz": 3458.990205492291
        },
        {
          "acoustic_entropy": 10.742719650268555,
          "acoustic_entropy_side": 10.842023849487305,
          "hz": 3827.305438964164
        },
        {
          "acoustic_entropy": 10.793272972106934,
          "acoustic_entropy_side": 10.81534481048584,
          "hz": 4228.238232109126
        },
        {
          "acoustic_entropy": 10.896318435668945,
          "acoustic_entropy_side": 10.814495086669922,
          "hz": 4664.6771572759235
        },
        {
          "acoustic_entropy": 10.533430099487305,
          "acoustic_entropy_side": 10.754937171936035,
          "hz": 5139.766595350093
        },
        {
          "acoustic_entropy": 10.603582382202148,
          "acoustic_entropy_side": 10.76449203491211,
          "hz": 5656.929389854203
        },
        {
          "acoustic_entropy": 10.814724922180176,
          "acoustic_entropy_side": 10.87934398651123,
          "hz": 6219.891507268283
        },
        {
          "acoustic_entropy": 10.587456703186035,
          "acoustic_entropy_side": 10.878836631774902,
          "hz": 6832.70888123896
        },
        {
          "acoustic_entropy": 10.588088035583496,
          "acoustic_entropy_side": 10.800346374511719,
          "hz": 7499.796634079867
        },
        {
          "acoustic_entropy": 10.806447982788086,
          "acoustic_entropy_side": 10.822230339050293,
          "hz": 8225.96088609342
        },
        {
          "acoustic_entropy": 10.860552787780762,
          "acoustic_entropy_side": 10.845941543579102,
          "hz": 9016.43338188839
        },
        {
          "acoustic_entropy": 10.776179313659668,
          "acoustic_entropy_side": 10.821369171142578,
          "hz": 9876.909183162974
        },
        {
          "acoustic_entropy": 10.763428688049316,
          "acoustic_entropy_side": 10.732802391052246,
          "hz": 10813.587699516042
        },
        {
          "acoustic_entropy": 10.903624534606934,
          "acoustic_entropy_side": 10.816954612731934,
          "hz": 11833.21735289826
        },
        {
          "acoustic_entropy": 10.792424201965332,
          "acoustic_entropy_side": 10.830238342285156,
          "hz": 12943.144197493959
        },
        {
          "acoustic_entropy": 10.831628799438477,
          "acoustic_entropy_side": 10.846026420593262,
          "hz": 14151.364845322005
        },
        {
          "acoustic_entropy": 10.805039405822754,
          "acoustic_entropy_side": 10.880061149597168,
          "hz": 15466.58407886509
        },
        {
          "acoustic_entropy": 10.852713584899902,
          "acoustic_entropy_side": 10.885735511779785,
          "hz": 16898.27756580493
        },
        {
          "acoustic_entropy": 10.64532470703125,
          "acoustic_entropy_side": 10.714059829711914,
          "hz": 18456.760127700032
        },
        {
          "acoustic_entropy": 10.740492820739746,
          "acoustic_entropy_side": 10.783525466918945,
          "hz": 20153.260054456492
        },
        {
          "acoustic_entropy": 10.773358345031738,
          "acoustic_entropy_side": 10.782172203063965,
          "hz": 22000.00000000001
        }
      ],
      "diff_acoustic_entropy": 8.175960540771484,
      "sn": 12
    },
    {
      "acoustic_entropy": 17.09991455078125,
      "acoustic_entropy_mono": 14.750535011291504,
      "band_eliminated_acoustic_entropies": [
        {
          "acoustic_entropy": 16.846027374267578,
          "acoustic_entropy_side": 17.185958862304688,
          "hz": 129.47220167065723
        },
        {
          "acoustic_entropy": 18.698171615600586,
          "acoustic_entropy_side": 18.078950881958008,
          "hz": 202.92927478742237
        },
        {
          "acoustic_entropy": 17.744028091430664,
          "acoustic_entropy_side": 17.291772842407227,
          "hz": 282.89161906338205
        },
        {
          "acoustic_entropy": 18.293689727783203,
          "acoustic_entropy_side": 17.521530151367188,
          "hz": 369.9353335868758
        },
        {
          "acoustic_entropy": 16.91727066040039,
          "acoustic_entropy_side": 16.329795837402344,
          "hz": 464.6875360973435
        },
        {
          "acoustic_entropy": 17.018491744995117,
          "acoustic_entropy_side": 17.27019500732422,
          "hz": 567.8308811364784
        },
        {
          "acoustic_entropy": 17.481277465820312,
          "acoustic_entropy_side": 17.59446144104004,
          "hz": 680.1084783214808
        },
        {
          "acoustic_entropy": 17.6737003326416,
          "acoustic_entropy_side": 17.38260269165039,
          "hz": 802.3292461747484
        },
        {
          "acoustic_entropy": 17.360830307006836,
          "acoustic_entropy_side": 16.906620025634766,
          "hz": 935.3737400823702
        },
        {
          "acoustic_entropy": 17.383617401123047,
          "acoustic_entropy_side": 17.08619499206543,
          "hz": 1080.2004963696966
        },
        {
          "acoustic_entropy": 17.507457733154297,
          "acoustic_entropy_side": 17.623258590698242,
          "hz": 1237.8529382007157
        },
        {
          "acoustic_entropy": 16.982627868652344,
          "acoustic_entropy_side": 16.664142608642578,
          "hz": 1409.4668930556702
        },
        {
          "acoustic_entropy": 17.22852325439453,
          "acoustic_entropy_side": 17.173175811767578,
          "hz": 1596.2787759475705
        },
        {
          "acoustic_entropy": 17.06359100341797,
          "acoustic_entropy_side": 17.001529693603516,
          "hz": 1799.6344973346393
        },
        {
          "acoustic_entropy": 17.229475021362305,
          "acoustic_entropy_side": 17.203977584838867,
          "hz": 2020.9991599069049
        },
        {
          "acoustic_entropy": 16.598175048828125,
          "acoustic_entropy_side": 16.896865844726562,
          "hz": 2261.9676141086993
        },
        {
          "acoustic_entropy": 16.64388656616211,
          "acoustic_entropy_side": 16.825809478759766,
          "hz": 2524.2759484456974
        },
        {
          "acoustic_entropy": 16.69573211669922,
          "acoustic_entropy_side": 16.95192527770996,
