{
  "acoustic_entropy": 140.87454223632812,
  "bands": [
    {
      "high_freq": 148.1999969482422,
      "loudness": -34.24701690673828,
      "loudness_range": 19.541561126708984,
      "mid_mean": -30.641414642333984,
      "mid_to_side_loudness": -17.26465606689453,
      "mid_to_side_loudness_range": 7.434931755065918,
      "side_mean": -47.867347717285156
    },
    {
      "high_freq": 392.3793640136719,
      "loudness": -32.31283950805664,
      "loudness_range": 17.225584030151367,
      "low_freq": 148.1999969482422,
      "mid_mean": -29.0621395111084,
      "mid_to_side_loudness": -9.891861915588379,
      "mid_to_side_loudness_range": 4.669005870819092,
      "side_mean": -38.961612701416016
    },
    {
      "high_freq": 794.6976318359375,
      "loudness": -33.693695068359375,
      "loudness_range": 23.56767463684082,
      "low_freq": 392.3793640136719,
      "mid_mean": -30.979595184326172,
      "mid_to_side_loudness": -6.230320453643799,
      "mid_to_side_loudness_range": 5.233344078063965,
      "side_mean": -37.26880645751953
    },
    {
      "high_freq": 1457.5709228515625,
      "loudness": -41.76933288574219,
      "loudness_range": 24.050983428955078,
      "low_freq": 794.6976318359375,
      "mid_mean": -39.098907470703125,
      "mid_to_side_loudness": -6.061783313751221,
      "mid_to_side_loudness_range": 4.593608856201172,
      "side_mean": -45.12592697143555
    },
    {
      "high_freq": 2549.74365234375,
      "loudness": -46.30149459838867,
      "loudness_range": 21.77077865600586,
      "low_freq": 1457.5709228515625,
      "mid_mean": -43.50226974487305,
      "mid_to_side_loudness": -6.31234884262085,
      "mid_to_side_loudness_range": 3.3037915229797363,
      "side_mean": -49.72919845581055
    },
    {
      "high_freq": 4349.24462890625,
      "loudness": -45.95940399169922,
      "loudness_range": 14.217220306396484,
      "low_freq": 2549.74365234375,
      "mid_mean": -43.13785171508789,
      "mid_to_side_loudness": -6.423819541931152,
      "mid_to_side_loudness_range": 2.540457248687744,
      "side_mean": -49.506988525390625
    },
    {
      "high_freq": 7314.1640625,
      "loudness": -44.775726318359375,
      "loudness_range": 14.750118255615234,
      "low_freq": 4349.24462890625,
      "mid_mean": -41.93281173706055,
      "mid_to_side_loudness": -6.592850208282471,
      "mid_to_side_loudness_range": 1.6759700775146484,
      "side_mean": -48.500240325927734
    },
    {
      "high_freq": 12199.2666015625,
      "loudness": -46.292938232421875,
      "loudness_range": 17.368595123291016,
      "low_freq": 7314.1640625,
      "mid_mean": -43.48999786376953,
      "mid_to_side_loudness": -6.578052520751953,
      "mid_to_side_loudness_range": 0.990199089050293,
      "side_mean": -50.01805877685547
    },
    {
      "loudness": -46.383140563964844,
      "loudness_range": 19.30107879638672,
      "low_freq": 12199.2666015625,
      "mid_mean": -43.519187927246094,
      "mid_to_side_loudness": -6.6305084228515625,
      "mid_to_side_loudness_range": 1.1538262367248535,
      "side_mean": -50.08551788330078
    }
  ],
  "bands_short": [
    {
      "high_freq": 148.1999969482422,
      "loudness": -37.61497116088867,
      "loudness_range": 22.974077224731445,
      "mid_mean": -34.03043746948242,
      "mid_to_side_loudness": -17.468212127685547,
      "mid_to_side_loudness_range": 12.099403381347656,
      "side_mean": -51.42287063598633
    },
    {
      "high_freq": 392.3793640136719,
      "loudness": -31.95453643798828,
      "loudness_range": 17.895225524902344,
      "low_freq": 148.1999969482422,
      "mid_mean": -28.644451141357422,
      "mid_to_side_loudness": -10.935426712036133,
      "mid_to_side_loudness_range": 7.539523601531982,
      "side_mean": -39.57768630981445
    },
    {
      "high_freq": 794.6976318359375,
      "loudness": -34.15679168701172,
      "loudness_range": 23.98774528503418,
      "low_freq": 392.3793640136719,
      "mid_mean": -31.424224853515625,
      "mid_to_side_loudness": -6.544608116149902,
      "mid_to_side_loudness_range": 6.752394676208496,
      "side_mean": -37.97517776489258
    },
    {
      "high_freq": 1457.5709228515625,
      "loudness": -42.29863357543945,
      "loudness_range": 24.677202224731445,
      "low_freq": 794.6976318359375,
      "mid_mean": -39.67782211303711,
      "mid_to_side_loudness": -5.9377007484436035,
      "mid_to_side_loudness_range": 5.902591705322266,
      "side_mean": -45.58477020263672
    },
    {
      "high_freq": 2549.74365234375,
      "loudness": -47.23218536376953,
      "loudness_range": 23.105663299560547,
      "low_freq": 1457.5709228515625,
      "mid_mean": -44.441715240478516,
      "mid_to_side_loudness": -6.3465752601623535,
      "mid_to_side_loudness_range": 4.638710021972656,
      "side_mean": -50.70457458496094
    },
    {
      "high_freq": 4349.24462890625,
      "loudness": -46.40384292602539,
      "loudness_range": 15.300186157226562,
      "low_freq": 2549.74365234375,
      "mid_mean": -43.596778869628906,
      "mid_to_side_loudness": -6.420103549957275,
      "mid_to_side_loudness_range": 3.8766846656799316,
      "side_mean": -49.9610595703125
    },
    {
      "high_freq": 7314.1640625,
      "loudness": -45.180572509765625,
      "loudness_range": 15.605484008789062,
      "low_freq": 4349.24462890625,
      "mid_mean": -42.36859130859375,
      "mid_to_side_loudness": -6.572859764099121,
      "mid_to_side_loudness_range": 2.795738697052002,
      "side_mean": -48.90619659423828
    },
    {
      "high_freq": 12199.2666015625,
      "loudness": -46.903995513916016,
      "loudness_range": 18.555335998535156,
      "low_freq": 7314.1640625,
      "mid_mean": -44.05703353881836,
      "mid_to_side_loudness": -6.554463863372803,
      "mid_to_side_loudness_range": 1.784050464630127,
      "side_mean": -50.542755126953125
    },
    {
      "loudness": -47.161598205566406,
      "loudness_range": 21.067317962646484,
      "low_freq": 12199.2666015625,
      "mid_mean": -44.28495407104492,
      "mid_to_side_loudness": -6.548823356628418,
      "mid_to_side_loudness_range": 1.642768383026123,
      "side_mean": -50.74602508544922
    }
  ],
  "bandwidth": 480.3856201171875,
  "channels": 2,
  "covariance": [
    [
      45.25469970703125,
      38.02837371826172,
      19.812524795532227,
      16.70163917541504,
      9.005016326904297,
      8.902983665466309,
      5.903968334197998,
      5.534401893615723,
      -0.14856776595115662,
      -0.38305673003196716,
      -0.5773372054100037,
      -0.8130193948745728,
      1.9364748001098633,
      1.603456735610962,
      3.1568644046783447,
      2.78310227394104,
      4.104615688323975,
      3.7677667140960693
    ],
    [
      38.02837371826172,
      37.46389389038086,
      19.709043502807617,
      16.60230827331543,
      12.911965370178223,
      12.968265533447266,
      10.918074607849121,
      10.67271900177002,
      3.5393500328063965,
      3.6872684955596924,
      1.4702000617980957,
      1.3682650327682495,
      2.8719189167022705,
      2.7517030239105225,
      3.8169283866882324,
      3.683931350708008,
      4.421555519104004,
      4.383414268493652
    ],
    [
      19.812524795532227,
      19.709043502807617,
      35.93052673339844,
      32.230613708496094,
      23.41984748840332,
      23.2391300201416,
      24.158538818359375,
      24.251745223999023,
      11.106717109680176,
      11.895430564880371,
      3.8877079486846924,
      3.9572529792785645,
      3.898916482925415,
      3.7841784954071045,
      5.495871067047119,
      5.058236122131348,
      6.083370685577393,
      5.651691436767578
    ],
    [
      16.70163917541504,
      16.60230827331543,
      32.230613708496094,
      31.668392181396484,
      22.497209548950195,
      22.75352668762207,
      23.72532844543457,
      23.787450790405273,
      11.761372566223145,
      12.597625732421875,
      4.535409927368164,
      4.6094889640808105,
      4.290283679962158,
      4.1905741691589355,
      5.667593002319336,
      5.229207515716553,
      6.011175155639648,
      5.594371318817139
    ],
    [
      9.005016326904297,
      12.911965370178223,
      23.41984748840332,
      22.497209548950195,
      62.44355010986328,
      61.12470626831055,
      43.17371368408203,
      43.018531799316406,
      31.474205017089844,
      33.90353012084961,
      9.145215034484863,
      9.932466506958008,
      6.286788463592529,
      6.523698806762695,
      8.143775939941406,
      7.780287742614746,
      8.225550651550293,
      7.960744380950928
    ],
    [
      8.902983665466309,
      12.968265533447266,
      23.2391300201416,
      22.75352668762207,
      61.12470626831055,
      64.33403778076172,
      43.35633850097656,
      43.569252014160156,
      30.538127899169922,
      33.07341384887695,
      8.467365264892578,
      9.368762016296387,
      5.841997146606445,
      6.105859756469727,
      7.726555824279785,
      7.375121116638184,
      7.8057050704956055,
      7.579946517944336
    ],
    [
      5.903968334197998,
      10.918074607849121,
      24.158538818359375,
      23.72532844543457,
      43.17371368408203,
      43.35633850097656,
      70.1996841430664,
      68.8824234008789,
      43.10845947265625,
      45.75556564331055,
      20.317888259887695,
      20.81899070739746,
      10.629687309265137,
      11.121092796325684,
      9.417828559875488,
      9.369409561157227,
      6.766913414001465,
      7.302191257476807
    ],
    [
      5.534401893615723,
      10.67271900177002,
      24.251745223999023,
      23.787450790405273,
      43.018531799316406,
      43.569252014160156,
      68.8824234008789,
      71.22042846679688,
      42.735107421875,
      45.235450744628906,
      20.24164581298828,
      20.843338012695312,
      10.584542274475098,
      11.203675270080566,
      9.475893020629883,
      9.547175407409668,
      6.9075140953063965,
      7.561054229736328
    ],
    [
      -0.14856776595115662,
      3.5393500328063965,
      11.106717109680176,
      11.761372566223145,
      31.474205017089844,
      30.538127899169922,
      43.10845947265625,
      42.735107421875,
      51.55718231201172,
      51.761390686035156,
      29.214649200439453,
      28.792875289916992,
      17.39562225341797,
      17.482391357421875,
      13.84355354309082,
      13.767054557800293,
      10.160563468933105,
      10.629926681518555
    ],
    [
      -0.38305673003196716,
      3.6872684955596924,
      11.895430564880371,
      12.597625732421875,
      33.90353012084961,
      33.07341384887695,
      45.75556564331055,
      45.235450744628906,
      51.761390686035156,
      53.44381332397461,
      27.977449417114258,
      28.114822387695312,
      16.21260643005371,
      16.393888473510742,
      12.984278678894043,
      13.198186874389648,
      9.362871170043945,
      10.11970043182373
    ],
    [
      -0.5773372054100037,
      1.4702000617980957,
      3.8877079486846924,
      4.535409927368164,
      9.145215034484863,
      8.467365264892578,
      20.317888259887695,
      20.24164581298828,
      29.214649200439453,
      27.977449417114258,
      29.765384674072266,
      28.76032829284668,
      24.256839752197266,
      23.82567024230957,
      22.681747436523438,
      21.976490020751953,
      20.856033325195312,
      20.482351303100586
    ],
    [
      -0.8130193948745728,
      1.3682650327682495,
      3.9572529792785645,
      4.6094889640808105,
      9.932466506958008,
      9.368762016296387,
      20.81899070739746,
      20.843338012695312,
      28.792875289916992,
      28.114822387695312,
      28.76032829284668,
      28.783931732177734,
      24.264610290527344,
      23.99985122680664,
      23.543733596801758,
      23.114646911621094,
      21.987682342529297,
      21.889678955078125
    ],
    [
      1.9364748001098633,
      2.8719189167022705,
      3.898916482925415,
      4.290283679962158,
      6.286788463592529,
      5.841997146606445,
      10.629687309265137,
      10.584542274475098,
      17.39562225341797,
      16.21260643005371,
      24.256839752197266,
      24.264610290527344,
      28.954763412475586,
      27.921064376831055,
      31.928279876708984,
      30.53154945373535,
      32.97612762451172,
      31.61374855041504
    ],
    [
      1.603456735610962,
      2.7517030239105225,
      3.7841784954071045,
      4.1905741691589355,
      6.523698806762695,
      6.105859756469727,
      11.121092796325684,
      11.203675270080566,
      17.482391357421875,
      16.393888473510742,
      23.82567024230957,
      23.99985122680664,
      27.921064376831055,
      27.653400421142578,
      31.395240783691406,
      30.199586868286133,
      32.22764205932617,
      31.094146728515625
    ],
    [
      3.1568644046783447,
      3.8169283866882324,
      5.495871067047119,
      5.667593002319336,
      8.143775939941406,
      7.726555824279785,
      9.417828559875488,
      9.475893020629883,
      13.84355354309082,
      12.984278678894043,
      22.681747436523438,
      23.543733596801758,
      31.928279876708984,
      31.395240783691406,
      39.67630386352539,
      37.856842041015625,
      42.70912551879883,
      40.75140380859375
    ],
    [
      2.78310227394104,
      3.683931350708008,
      5.058236122131348,
      5.229207515716553,
      7.780287742614746,
      7.375121116638184,
      9.369409561157227,
      9.547175407409668,
      13.767054557800293,
      13.198186874389648,
      21.976490020751953,
      23.114646911621094,
      30.53154945373535,
      30.199586868286133,
      37.856842041015625,
      36.972633361816406,
      40.63540267944336,
      39.564483642578125
    ],
    [
      4.104615688323975,
      4.421555519104004,
      6.083370685577393,
      6.011175155639648,
      8.225550651550293,
      7.8057050704956055,
      6.766913414001465,
      6.9075140953063965,
      10.160563468933105,
      9.362871170043945,
      20.856033325195312,
      21.987682342529297,
      32.97612762451172,
      32.22764205932617,
      42.70912551879883,
      40.63540267944336,
      48.99415969848633,
      46.292236328125
    ],
    [
      3.7677667140960693,
      4.383414268493652,
      5.651691436767578,
      5.594371318817139,
      7.960744380950928,
      7.579946517944336,
      7.302191257476807,
      7.561054229736328,
      10.629926681518555,
      10.11970043182373,
      20.482351303100586,
      21.889678955078125,
      31.61374855041504,
      31.094146728515625,
      40.75140380859375,
      39.564483642578125,
      46.292236328125,
      44.70291519165039
    ]
  ],
  "covariance_short": [
    [
      62.47156524658203,
      47.630489349365234,
      27.720977783203125,
      22.497343063354492,
      8.98717975616455,
      8.851375579833984,
      4.14630126953125,
      3.1460821628570557,
      0.4573238492012024,
      -0.05770781263709068,
      0.26460981369018555,
      -0.077768974006176,
      2.117145299911499,
      1.8558167219161987,
      2.726747512817383,
      2.429859161376953,
      3.3404178619384766,
      2.9181535243988037
    ],
    [
      47.630489349365234,
      50.52458190917969,
      25.673627853393555,
      20.678239822387695,
      12.480167388916016,
      12.214752197265625,
      8.661829948425293,
      7.900874137878418,
      3.0929062366485596,
      3.6498990058898926,
      1.0956252813339233,
      1.2251958847045898,
      2.4760677814483643,
      2.3364057540893555,
      3.2145729064941406,
      3.662943124771118,
      3.6611850261688232,
      4.043366432189941
    ],
    [
      27.720977783203125,
      25.673627853393555,
      37.45269775390625,
      33.192230224609375,
      22.136770248413086,
      21.184999465942383,
      20.590063095092773,
      20.312837600708008,
      8.052425384521484,
      8.760120391845703,
      2.381917715072632,
      2.5755467414855957,
      2.9540162086486816,
      2.799537181854248,
      4.3509063720703125,
      4.053728103637695,
      5.290546894073486,
      4.922438144683838
    ],
    [
      22.497343063354492,
      20.678239822387695,
      33.192230224609375,
      36.500511169433594,
      24.220420837402344,
      24.006546020507812,
      23.91629981994629,
      23.79092788696289,
      11.356358528137207,
      12.115947723388672,
      4.377911567687988,
      4.486602783203125,
      4.187937259674072,
      4.062065601348877,
      5.292750835418701,
      4.96065616607666,
      5.837226390838623,
      5.4533610343933105
    ],
    [
      8.98717975616455,
      12.480167388916016,
      22.136770248413086,
      24.220420837402344,
      63.41587829589844,
      61.76683807373047,
      46.46028137207031,
      46.7556266784668,
      32.027915954589844,
      33.925872802734375,
      9.647388458251953,
      10.29742431640625,
      5.799905776977539,
      6.020323276519775,
      7.219383239746094,
      7.021068096160889,
      7.052733898162842,
      7.018862247467041
    ],
    [
      8.851375579833984,
      12.214752197265625,
      21.184999465942383,
      24.006546020507812,
      61.76683807373047,
      66.90128326416016,
      47.57203674316406,
      48.49570083618164,
      31.603235244750977,
      33.64198684692383,
      9.046387672424316,
      9.79634952545166,
      5.3894500732421875,
      5.690799236297607,
      6.915841579437256,
      6.7158427238464355,
      6.795965194702148,
      6.7751593589782715
    ],
    [
      4.14630126953125,
      8.661829948425293,
      20.590063095092773,
      23.91629981994629,
      46.46028137207031,
      47.57203674316406,
      71.17607116699219,
      69.08191680908203,
      43.1501350402832,
      45.410892486572266,
      19.488149642944336,
      20.085355758666992,
      10.21292495727539,
      10.699536323547363,
      9.113041877746582,
      9.203397750854492,
      7.055696487426758,
      7.542314052581787
    ],
    [
      3.1460821628570557,
      7.900874137878418,
      20.312837600708008,
      23.79092788696289,
      46.7556266784668,
      48.49570083618164,
      69.08191680908203,
      72.54286193847656,
      42.634281158447266,
      44.877838134765625,
      19.045066833496094,
      19.754024505615234,
      10.031420707702637,
      10.58198356628418,
      9.119729042053223,
      9.263152122497559,
      7.1777753829956055,
      7.728675365447998
    ],
    [
      0.4573238492012024,
      3.0929062366485596,
      8.052425384521484,
      11.356358528137207,
      32.027915954589844,
      31.603235244750977,
      43.1501350402832,
      42.634281158447266,
      54.67449951171875,
      53.62605667114258,
      30.26343536376953,
      29.520750045776367,
      17.770545959472656,
      17.642993927001953,
      13.90659236907959,
      13.755400657653809,
      10.839906692504883,
      11.094463348388672
    ],
    [
      -0.05770781263709068,
      3.6498990058898926,
      8.760120391845703,
      12.115947723388672,
      33.925872802734375,
      33.64198684692383,
      45.410892486572266,
      44.877838134765625,
      53.62605667114258,
      55.681209564208984,
      28.65793228149414,
      28.587915420532227,
      16.242551803588867,
      16.273082733154297,
      12.761968612670898,
      13.40468692779541,
      9.686335563659668,
      10.768107414245605
    ],
    [
      0.26460981369018555,
      1.0956252813339233,
      2.381917715072632,
      4.377911567687988,
      9.647388458251953,
      9.046387672424316,
      19.488149642944336,
      19.045066833496094,
      30.26343536376953,
      28.65793228149414,
      32.23678207397461,
      30.565223693847656,
      26.40523910522461,
      25.633895874023438,
      25.059640884399414,
      24.013221740722656,
      23.97446632385254,
      23.075109481811523
    ],
    [
      -0.077768974006176,
      1.2251958847045898,
      2.5755467414855957,
      4.486602783203125,
      10.29742431640625,
      9.79634952545166,
      20.085355758666992,
      19.754024505615234,
      29.520750045776367,
      28.587915420532227,
      30.565223693847656,
      30.932388305664062,
      26.312768936157227,
      25.763290405273438,
      25.9387264251709,
      25.254690170288086,
      25.07505989074707,
      24.564050674438477
    ],
    [
      2.117145299911499,
      2.4760677814483643,
      2.9540162086486816,
      4.187937259674072,
      5.799905776977539,
      5.3894500732421875,
      10.21292495727539,
      10.031420707702637,
      17.770545959472656,
      16.242551803588867,
      26.40523910522461,
      26.312768936157227,
      32.87965393066406,
      31.266170501708984,
      36.125972747802734,
      34.31209945678711,
      37.859474182128906,
      35.892242431640625
    ],
    [
      1.8558167219161987,
      2.3364057540893555,
      2.799537181854248,
      4.062065601348877,
      6.020323276519775,
      5.690799236297607,
      10.699536323547363,
      10.58198356628418,
      17.642993927001953,
      16.273082733154297,
      25.633895874023438,
      25.763290405273438,
      31.266170501708984,
      30.942590713500977,
      35.288116455078125,
      33.62501907348633,
      36.736427307128906,
      34.98126220703125
    ],
    [
      2.726747512817383,
      3.2145729064941406,
      4.3509063720703125,
      5.292750835418701,
      7.219383239746094,
      6.915841579437256,
      9.113041877746582,
      9.119729042053223,
      13.90659236907959,
      12.761968612670898,
      25.059640884399414,
      25.9387264251709,
      36.125972747802734,
      35.288116455078125,
      45.58851623535156,
      43.064266204833984,
      49.0267333984375,
      46.36260223388672
    ],
    [
      2.429859161376953,
      3.662943124771118,
      4.053728103637695,
      4.96065616607666,
      7.021068096160889,
      6.7158427238464355,
      9.203397750854492,
      9.263152122497559,
      13.755400657653809,
      13.40468692779541,
      24.013221740722656,
      25.254690170288086,
      34.31209945678711,
      33.62501907348633,
      43.064266204833984,
      41.762542724609375,
      46.334266662597656,
      44.61002731323242
    ],
    [
      3.3404178619384766,
      3.6611850261688232,
      5.290546894073486,
      5.837226390838623,
      7.052733898162842,
      6.795965194702148,
      7.055696487426758,
      7.1777753829956055,
      10.839906692504883,
      9.686335563659668,
      23.97446632385254,
      25.07505989074707,
      37.859474182128906,
      36.736427307128906,
      49.0267333984375,
      46.334266662597656,
      56.51955032348633,
      53.00996398925781
    ],
    [
      2.9181535243988037,
      4.043366432189941,
      4.922438144683838,
      5.4533610343933105,
      7.018862247467041,
      6.7751593589782715,
      7.542314052581787,
      7.728675365447998,
      11.094463348388672,
      10.768107414245605,
      23.075109481811523,
      24.564050674438477,
      35.892242431640625,
      34.98126220703125,
      46.36260223388672,
      44.61002731323242,
      53.00996398925781,
      50.75555419921875
    ]
  ],
  "damage": -13.180508613586426,
  "diff_bandwidth": 516.795654296875,
  "dissonance": 5.86539005475426,
  "drr": 2.7548887729644775,
  "dynamics": 4.712854385375977,
  "format": 1245190,
  "frames": 12967872,
  "loudness": -22.10739517211914,
  "loudness_range": 13.443108558654785,
  "loudness_range_short": 15.504143714904785,
  "lowpass_true_peak_15khz": -1.2609204053878784,
  "mastering3_acoustic_entropies": [
    {
      "acoustic_entropy": 7.582835674285889,
      "acoustic_entropy_mono": 8.187271118164062,
      "band_eliminated_acoustic_entropies": [
        {
          "acoustic_entropy": 7.6462225914001465,
          "acoustic_entropy_side": 7.582721710205078,
          "hz": 129.47220167065723
        },
        {
          "acoustic_entropy": 7.631326198577881,
          "acoustic_entropy_side": 7.584179878234863,
          "hz": 202.92927478742237
        },
        {
          "acoustic_entropy": 8.778708457946777,
          "acoustic_entropy_side": 7.748584270477295,
          "hz": 282.89161906338205
        },
        {
          "acoustic_entropy": 8.286396980285645,
          "acoustic_entropy_side": 7.749570369720459,
          "hz": 369.9353335868758
        },
        {
          "acoustic_entropy": 8.376007080078125,
          "acoustic_entropy_side": 7.723520278930664,
          "hz": 464.6875360973435
        },
        {
          "acoustic_entropy": 8.451143264770508,
          "acoustic_entropy_side": 7.865571975708008,
          "hz": 567.8308811364784
        },
        {
          "acoustic_entropy": 7.780135631561279,
          "acoustic_entropy_side": 8.256834030151367,
          "hz": 680.1084783214808
        },
        {
          "acoustic_entropy": 7.9855194091796875,
          "acoustic_entropy_side": 7.740659713745117,
          "hz": 802.3292461747484
        },
        {
          "acoustic_entropy": 8.29202938079834,
          "acoustic_entropy_side": 8.173516273498535,
          "hz": 935.3737400823702
        },
        {
          "acoustic_entropy": 7.792505264282227,
          "acoustic_entropy_side": 7.555165767669678,
          "hz": 1080.2004963696966
        },
        {
          "acoustic_entropy": 7.5744733810424805,
          "acoustic_entropy_side": 7.517978668212891,
          "hz": 1237.8529382007157
        },
        {
          "acoustic_entropy": 7.921463966369629,
          "acoustic_entropy_side": 7.680405616760254,
          "hz": 1409.4668930556702
        },
        {
          "acoustic_entropy": 7.481211185455322,
          "acoustic_entropy_side": 7.567987442016602,
          "hz": 1596.2787759475705
        },
        {
          "acoustic_entropy": 7.365330219268799,
          "acoustic_entropy_side": 7.536296367645264,
          "hz": 1799.6344973346393
        },
        {
          "acoustic_entropy": 7.516791820526123,
          "acoustic_entropy_side": 7.579776763916016,
          "hz": 2020.9991599069049
        },
        {
          "acoustic_entropy": 7.3510637283325195,
          "acoustic_entropy_side": 7.523237705230713,
          "hz": 2261.9676141086993
        },
        {
          "acoustic_entropy": 7.47391414642334,
          "acoustic_entropy_side": 7.550508499145508,
          "hz": 2524.2759484456974
        },
        {
          "acoustic_entropy": 7.360192775726318,
          "acoustic_entropy_side": 7.536588668823242,
          "hz": 2809.813997359896
        },
        {
          "acoustic_entropy": 7.436318874359131,
          "acoustic_entropy_side": 7.549762725830078,
          "hz": 3120.6389567871424
        },
        {
          "acoustic_entropy": 7.477667331695557,
          "acoustic_entropy_side": 7.564754962921143,
          "hz": 3458.990205492291
        },
        {
          "acoustic_entropy": 7.5612640380859375,
          "acoustic_entropy_side": 7.581968307495117,
          "hz": 3827.305438964164
        },
        {
          "acoustic_entropy": 7.562962055206299,
          "acoustic_entropy_side": 7.582696437835693,
          "hz": 4228.238232109126
        },
        {
          "acoustic_entropy": 7.5416178703308105,
          "acoustic_entropy_side": 7.57855224609375,
          "hz": 4664.6771572759235
        },
        {
          "acoustic_entropy": 7.54462194442749,
          "acoustic_entropy_side": 7.578927040100098,
          "hz": 5139.766595350093
        },
        {
          "acoustic_entropy": 7.551324367523193,
          "acoustic_entropy_side": 7.580379962921143,
          "hz": 5656.929389854203
        },
        {
          "acoustic_entropy": 7.554296493530273,
          "acoustic_entropy_side": 7.5808491706848145,
          "hz": 6219.891507268283
        },
        {
          "acoustic_entropy": 7.531618118286133,
          "acoustic_entropy_side": 7.57913064956665,
          "hz": 6832.70888123896
        },
        {
          "acoustic_entropy": 7.493387222290039,
          "acoustic_entropy_side": 7.5767998695373535,
          "hz": 7499.796634079867
        },
        {
          "acoustic_entropy": 7.535953998565674,
          "acoustic_entropy_side": 7.579874038696289,
          "hz": 8225.96088609342
        },
        {
          "acoustic_entropy": 7.551692962646484,
          "acoustic_entropy_side": 7.580817222595215,
          "hz": 9016.43338188839
        },
        {
          "acoustic_entropy": 7.5486555099487305,
          "acoustic_entropy_side": 7.58008337020874,
          "hz": 9876.909183162974
        },
        {
          "acoustic_entropy": 7.514044284820557,
          "acoustic_entropy_side": 7.577145099639893,
          "hz": 10813.587699516042
        },
        {
          "acoustic_entropy": 7.443737030029297,
          "acoustic_entropy_side": 7.5674872398376465,
          "hz": 11833.21735289826
        },
        {
          "acoustic_entropy": 7.395375728607178,
          "acoustic_entropy_side": 7.554141998291016,
          "hz": 12943.144197493959
        },
        {
          "acoustic_entropy": 7.395698070526123,
          "acoustic_entropy_side": 7.5513129234313965,
          "hz": 14151.364845322005
        },
        {
          "acoustic_entropy": 7.323994159698486,
          "acoustic_entropy_side": 7.540463447570801,
          "hz": 15466.58407886509
        },
        {
          "acoustic_entropy": 7.294070243835449,
          "acoustic_entropy_side": 7.538100719451904,
          "hz": 16898.27756580493
        },
        {
          "acoustic_entropy": 7.406169891357422,
          "acoustic_entropy_side": 7.560055255889893,
          "hz": 18456.760127700032
        },
        {
          "acoustic_entropy": 7.461028099060059,
          "acoustic_entropy_side": 7.571906089782715,
          "hz": 20153.260054456492
        },
        {
          "acoustic_entropy": 7.554220199584961,
          "acoustic_entropy_side": 7.581042289733887,
          "hz": 22000.00000000001
        }
      ],
      "diff_acoustic_entropy": 5.020452976226807,
      "sn": 6
    },
    {
      "acoustic_entropy": 12.630010604858398,
      "acoustic_entropy_mono": 12.860038757324219,
      "band_eliminated_acoustic_entropies": [
        {
          "acoustic_entropy": 12.531685829162598,
          "acoustic_entropy_side": 12.629410743713379,
          "hz": 129.47220167065723
        },
        {
          "acoustic_entropy": 12.760598182678223,
          "acoustic_entropy_side": 12.617166519165039,
          "hz": 202.92927478742237
        },
        {
          "acoustic_entropy": 14.009089469909668,
          "acoustic_entropy_side": 12.904759407043457,
          "hz": 282.89161906338205
        },
        {
          "acoustic_entropy": 12.556068420410156,
          "acoustic_entropy_side": 12.721357345581055,
          "hz": 369.9353335868758
        },
        {
          "acoustic_entropy": 12.899385452270508,
          "acoustic_entropy_side": 12.797958374023438,
          "hz": 464.6875360973435
        },
        {
          "acoustic_entropy": 12.538833618164062,
          "acoustic_entropy_side": 12.854023933410645,
          "hz": 567.8308811364784
        },
        {
          "acoustic_entropy": 11.780518531799316,
          "acoustic_entropy_side": 13.266568183898926,
          "hz": 680.1084783214808
        },
        {
          "acoustic_entropy": 11.643577575683594,
          "acoustic_entropy_side": 12.294806480407715,
          "hz": 802.3292461747484
        },
        {
          "acoustic_entropy": 12.648900032043457,
          "acoustic_entropy_side": 12.898640632629395,
          "hz": 935.3737400823702
        },
        {
          "acoustic_entropy": 11.402934074401855,
          "acoustic_entropy_side": 12.28207015991211,
          "hz": 1080.2004963696966
        },
        {
          "acoustic_entropy": 11.41409969329834,
          "acoustic_entropy_side": 12.064003944396973,
          "hz": 1237.8529382007157
        },
        {
          "acoustic_entropy": 12.568615913391113,
          "acoustic_entropy_side": 12.746986389160156,
          "hz": 1409.4668930556702
        },
        {
          "acoustic_entropy": 11.95848274230957,
          "acoustic_entropy_side": 12.576258659362793,
          "hz": 1596.2787759475705
        },
        {
          "acoustic_entropy": 12.435705184936523,
          "acoustic_entropy_side": 12.565717697143555,
          "hz": 1799.6344973346393
        },
        {
          "acoustic_entropy": 12.648698806762695,
          "acoustic_entropy_side": 12.647414207458496,
          "hz": 2020.9991599069049
        },
        {
          "acoustic_entropy": 12.46990966796875,
          "acoustic_entropy_side": 12.60024642944336,
          "hz": 2261.9676141086993
        },
        {
          "acoustic_entropy": 12.669537544250488,
          "acoustic_entropy_side": 12.684839248657227,
          "hz": 2524.2759484456974
        },
        {
          "acoustic_entropy": 12.536566734313965,
          "acoustic_entropy_side": 12.629956245422363,
          "hz": 2809.813997359896
        },
        {
          "acoustic_entropy": 12.533305168151855,
          "acoustic_entropy_side": 12.612950325012207,
          "hz": 3120.6389567871424
        },
        {
          "acoustic_entropy": 12.516161918640137,
          "acoustic_entropy_side": 12.613100051879883,
          "hz": 3458.990205492291
        },
        {
          "acoustic_entropy": 12.646612167358398,
          "acoustic_entropy_side": 12.630879402160645,
          "hz": 3827.305438964164
        },
        {
          "acoustic_entropy": 12.639400482177734,
          "acoustic_entropy_side": 12.636505126953125,
          "hz": 4228.238232109126
        },
        {
          "acoustic_entropy": 12.607722282409668,
          "acoustic_entropy_side": 12.629104614257812,
          "hz": 4664.6771572759235
        },
        {
          "acoustic_entropy": 12.615342140197754,
          "acoustic_entropy_side": 12.629846572875977,
          "hz": 5139.766595350093
        },
        {
          "acoustic_entropy": 12.625879287719727,
          "acoustic_entropy_side": 12.630597114562988,
          "hz": 5656.929389854203
        },
        {
          "acoustic_entropy": 12.640891075134277,
          "acoustic_entropy_side": 12.63268756866455,
          "hz": 6219.891507268283
        },
        {
          "acoustic_entropy": 12.69431209564209,
          "acoustic_entropy_side": 12.642901420593262,
          "hz": 6832.70888123896
        },
        {
          "acoustic_entropy": 12.702264785766602,
          "acoustic_entropy_side": 12.660910606384277,
          "hz": 7499.796634079867
        },
        {
          "acoustic_entropy": 12.692672729492188,
          "acoustic_entropy_side": 12.644179344177246,
          "hz": 8225.96088609342
        },
        {
          "acoustic_entropy": 12.676377296447754,
          "acoustic_entropy_side": 12.639114379882812,
          "hz": 9016.43338188839
        },
        {
          "acoustic_entropy": 12.664390563964844,
          "acoustic_entropy_side": 12.634984016418457,
          "hz": 9876.909183162974
        },
        {
          "acoustic_entropy": 12.670257568359375,
          "acoustic_entropy_side": 12.63489055633545,
          "hz": 10813.587699516042
        },
        {
          "acoustic_entropy": 12.672460556030273,
          "acoustic_entropy_side": 12.638458251953125,
          "hz": 11833.21735289826
        },
        {
          "acoustic_entropy": 12.651884078979492,
          "acoustic_entropy_side": 12.637721061706543,
          "hz": 12943.144197493959
        },
        {
          "acoustic_entropy": 12.630860328674316,
          "acoustic_entropy_side": 12.63487720489502,
          "hz": 14151.364845322005
        },
        {
          "acoustic_entropy": 12.608455657958984,
          "acoustic_entropy_side": 12.643080711364746,
          "hz": 15466.58407886509
        },
        {
          "acoustic_entropy": 12.565325736999512,
          "acoustic_entropy_side": 12.647013664245605,
          "hz": 16898.27756580493
        },
        {
          "acoustic_entropy": 12.656768798828125,
          "acoustic_entropy_side": 12.648724555969238,
          "hz": 18456.760127700032
        },
        {
          "acoustic_entropy": 12.678876876831055,
          "acoustic_entropy_side": 12.648283004760742,
          "hz": 20153.260054456492
        },
        {
          "acoustic_entropy": 12.655095100402832,
          "acoustic_entropy_side": 12.635775566101074,
          "hz": 22000.00000000001
        }
      ],
      "diff_acoustic_entropy": 7.476840496063232,
      "sn": 12
    },
    {
      "acoustic_entropy": 16.05665397644043,
      "acoustic_entropy_mono": 16.382524490356445,
      "band_eliminated_acoustic_entropies": [
        {
          "acoustic_entropy": 15.956960678100586,
          "acoustic_entropy_side": 15.961053848266602,
          "hz": 129.47220167065723
        },
        {
          "acoustic_entropy": 17.003190994262695,
          "acoustic_entropy_side": 16.044418334960938,
          "hz": 202.92927478742237
        },
        {
          "acoustic_entropy": 16.931882858276367,
          "acoustic_entropy_side": 17.34417724609375,
          "hz": 282.89161906338205
        },
        {
          "acoustic_entropy": 17.32327651977539,
          "acoustic_entropy_side": 17.040552139282227,
          "hz": 369.9353335868758
        },
        {
          "acoustic_entropy": 16.507965087890625,
          "acoustic_entropy_side": 16.318449020385742,
          "hz": 464.6875360973435
        },
        {
          "acoustic_entropy": 17.20360565185547,
          "acoustic_entropy_side": 16.634809494018555,
          "hz": 567.8308811364784
        },
        {
          "acoustic_entropy": 16.933937072753906,
          "acoustic_entropy_side": 16.83831787109375,
          "hz": 680.1084783214808
        },
        {
          "acoustic_entropy": 16.652748107910156,
          "acoustic_entropy_side": 16.18801498413086,
          "hz": 802.3292461747484
        },
        {
          "acoustic_entropy": 16.615476608276367,
          "acoustic_entropy_side": 16.81336212158203,
          "hz": 935.3737400823702
        },
        {
          "acoustic_entropy": 16.29348373413086,
          "acoustic_entropy_side": 16.640884399414062,
          "hz": 1080.2004963696966
        },
        {
          "acoustic_entropy": 15.701667785644531,
          "acoustic_entropy_side": 15.770219802856445,
          "hz": 1237.8529382007157
        },
        {
          "acoustic_entropy": 16.374238967895508,
          "acoustic_entropy_side": 16.28557014465332,
          "hz": 1409.4668930556702
        },
        {
          "acoustic_entropy": 16.601938247680664,
          "acoustic_entropy_side": 16.206146240234375,
          "hz": 1596.2787759475705
        },
        {
          "acoustic_entropy": 16.1215877532959,
          "acoustic_entropy_side": 16.15918731689453,
          "hz": 1799.6344973346393
        },
        {
          "acoustic_entropy": 16.098411560058594,
          "acoustic_entropy_side": 16.17756462097168,
          "hz": 2020.9991599069049
        },
        {
          "acoustic_entropy": 15.967389106750488,
          "acoustic_entropy_side": 16.115053176879883,
          "hz": 2261.9676141086993
        },
        {
          "acoustic_entropy": 16.39317512512207,
          "acoustic_entropy_side": 16.17318344116211,
          "hz": 2524.2759484456974
        },
        {
          "acoustic_entropy": 16.045949935913086,
          "acoustic_entropy_side": 16.11585235595703,
          "hz": 2809.813997359896
        },
        {
          "acoustic_entropy": 15.943082809448242,
