{
  "acoustic_entropy": 142.34478759765625,
  "bands": [
    {
      "high_freq": 148.1999969482422,
      "loudness": -71.8469467163086,
      "loudness_range": 3.8465118408203125,
      "mid_mean": -66.48666381835938,
      "mid_to_side_loudness": -6.067460536956787,
      "mid_to_side_loudness_range": 5.227299690246582,
      "side_mean": -68.78211975097656
    },
    {
      "high_freq": 392.3793640136719,
      "loudness": -80.82392883300781,
      "loudness_range": 12.603408813476562,
      "low_freq": 148.1999969482422,
      "mid_mean": -69.28319549560547,
      "mid_to_side_loudness": -3.717677116394043,
      "mid_to_side_loudness_range": 6.536165714263916,
      "side_mean": -69.63502502441406
    },
    {
      "high_freq": 794.6976318359375,
      "loudness": -63.77568817138672,
      "loudness_range": 36.43680191040039,
      "low_freq": 392.3793640136719,
      "mid_mean": -65.17913818359375,
      "mid_to_side_loudness": 0.14587169885635376,
      "mid_to_side_loudness_range": 5.300302505493164,
      "side_mean": -65.0096664428711
    },
    {
      "high_freq": 1457.5709228515625,
      "loudness": -48.4329833984375,
      "loudness_range": 36.09717559814453,
      "low_freq": 794.6976318359375,
      "mid_mean": -51.99888229370117,
      "mid_to_side_loudness": -0.5024446249008179,
      "mid_to_side_loudness_range": 5.837972640991211,
      "side_mean": -52.42048645019531
    },
    {
      "high_freq": 2549.74365234375,
      "loudness": -31.830066680908203,
      "loudness_range": 29.374502182006836,
      "low_freq": 1457.5709228515625,
      "mid_mean": -31.028688430786133,
      "mid_to_side_loudness": -1.4674052000045776,
      "mid_to_side_loudness_range": 7.141977310180664,
      "side_mean": -32.651756286621094
    },
    {
      "high_freq": 4349.24462890625,
      "loudness": -38.20915985107422,
      "loudness_range": 35.46747970581055,
      "low_freq": 2549.74365234375,
      "mid_mean": -37.84266662597656,
      "mid_to_side_loudness": -0.4936639070510864,
      "mid_to_side_loudness_range": 8.588763236999512,
      "side_mean": -38.309722900390625
    },
    {
      "high_freq": 7314.1640625,
      "loudness": -49.481998443603516,
      "loudness_range": 26.202816009521484,
      "low_freq": 4349.24462890625,
      "mid_mean": -50.26239776611328,
      "mid_to_side_loudness": -1.0857834815979004,
      "mid_to_side_loudness_range": 7.261473178863525,
      "side_mean": -51.26054382324219
    },
    {
      "high_freq": 12199.2666015625,
      "loudness": -57.18515396118164,
      "loudness_range": 27.268089294433594,
      "low_freq": 7314.1640625,
      "mid_mean": -56.80365753173828,
      "mid_to_side_loudness": -0.8477712869644165,
      "mid_to_side_loudness_range": 6.06508207321167,
      "side_mean": -57.517822265625
    },
    {
      "loudness": -61.567726135253906,
      "loudness_range": 25.40948486328125,
      "low_freq": 12199.2666015625,
      "mid_mean": -59.98157501220703,
      "mid_to_side_loudness": -0.8299099802970886,
      "mid_to_side_loudness_range": 3.7573511600494385,
      "side_mean": -60.47645950317383
    }
  ],
  "bands_short": [
    {
      "high_freq": 148.1999969482422,
      "loudness": -72.18819427490234,
      "loudness_range": 7.112998962402344,
      "mid_mean": -66.56392669677734,
      "mid_to_side_loudness": -6.518354415893555,
      "mid_to_side_loudness_range": 11.871975898742676,
      "side_mean": -68.87104034423828
    },
    {
      "high_freq": 392.3793640136719,
      "loudness": -81.30219268798828,
      "loudness_range": 11.269073486328125,
      "low_freq": 148.1999969482422,
      "mid_mean": -69.35359954833984,
      "mid_to_side_loudness": -2.5623185634613037,
      "mid_to_side_loudness_range": 9.46108627319336,
      "side_mean": -69.60682678222656
    },
    {
      "high_freq": 794.6976318359375,
      "loudness": -65.32929992675781,
      "loudness_range": 36.56897735595703,
      "low_freq": 392.3793640136719,
      "mid_mean": -66.294677734375,
      "mid_to_side_loudness": -0.23638711869716644,
      "mid_to_side_loudness_range": 9.523589134216309,
      "side_mean": -66.2564697265625
    },
    {
      "high_freq": 1457.5709228515625,
      "loudness": -50.4150505065918,
      "loudness_range": 37.65199279785156,
      "low_freq": 794.6976318359375,
      "mid_mean": -53.64712905883789,
      "mid_to_side_loudness": -0.5300822257995605,
      "mid_to_side_loudness_range": 10.176107406616211,
      "side_mean": -54.05881118774414
    },
    {
      "high_freq": 2549.74365234375,
      "loudness": -33.4206428527832,
      "loudness_range": 31.071561813354492,
      "low_freq": 1457.5709228515625,
      "mid_mean": -33.144561767578125,
      "mid_to_side_loudness": -1.3315316438674927,
      "mid_to_side_loudness_range": 11.543036460876465,
      "side_mean": -34.83205032348633
    },
    {
      "high_freq": 4349.24462890625,
      "loudness": -39.2610969543457,
      "loudness_range": 36.85106658935547,
      "low_freq": 2549.74365234375,
      "mid_mean": -39.428192138671875,
      "mid_to_side_loudness": -0.37848329544067383,
      "mid_to_side_loudness_range": 12.258135795593262,
      "side_mean": -39.781646728515625
    },
    {
      "high_freq": 7314.1640625,
      "loudness": -50.45362091064453,
      "loudness_range": 28.01148223876953,
      "low_freq": 4349.24462890625,
      "mid_mean": -51.65872573852539,
      "mid_to_side_loudness": -0.939174234867096,
      "mid_to_side_loudness_range": 10.160215377807617,
      "side_mean": -52.50148391723633
    },
    {
      "high_freq": 12199.2666015625,
      "loudness": -58.048316955566406,
      "loudness_range": 28.418418884277344,
      "low_freq": 7314.1640625,
      "mid_mean": -57.93735122680664,
      "mid_to_side_loudness": -0.812956690788269,
      "mid_to_side_loudness_range": 7.643962860107422,
      "side_mean": -58.6065673828125
    },
    {
      "loudness": -62.24930953979492,
      "loudness_range": 26.824665069580078,
      "low_freq": 12199.2666015625,
      "mid_mean": -61.036258697509766,
      "mid_to_side_loudness": -0.7099394202232361,
      "mid_to_side_loudness_range": 4.2891974449157715,
      "side_mean": -61.44173812866211
    }
  ],
  "bandwidth": 1693.62744140625,
  "channels": 2,
  "covariance": [
    [
      0.8198405504226685,
      0.377657949924469,
      0.03394846245646477,
      0.05138799548149109,
      0.6146047711372375,
      0.6095069646835327,
      1.4710839986801147,
      1.4735581874847412,
      -1.5742294788360596,
      -1.7708990573883057,
      0.2323497235774994,
      0.2651727795600891,
      -0.08344103395938873,
      -0.049915067851543427,
      -0.11632653325796127,
      -0.22834612429141998,
      -0.4768492877483368,
      -0.40763434767723083
    ],
    [
      0.377657949924469,
      0.5025336146354675,
      0.09496413171291351,
      0.0949159488081932,
      0.7011452913284302,
      0.7366244792938232,
      1.3245617151260376,
      1.2752894163131714,
      -0.9812286496162415,
      -1.0547561645507812,
      0.2552694082260132,
      0.17281486093997955,
      0.0131730567663908,
      0.05914326012134552,
      0.019039293751120567,
      -0.062481839209795,
      -0.1792932152748108,
      -0.1374555081129074
    ],
    [
      0.03394846245646477,
      0.09496413171291351,
      1.3510901927947998,
      0.6119288802146912,
      2.3255181312561035,
      2.278092861175537,
      2.1747241020202637,
      2.2098405361175537,
      -1.20962655544281,
      -1.2465678453445435,
      2.509129285812378,
      2.17317533493042,
      1.541601300239563,
      1.4770532846450806,
      1.5980560779571533,
      1.6994733810424805,
      1.3796703815460205,
      1.3367763757705688
    ],
    [
      0.05138799548149109,
      0.0949159488081932,
      0.6119288802146912,
      0.32872283458709717,
      1.5607616901397705,
      1.5633624792099,
      1.1988377571105957,
      1.1928505897521973,
      -0.7239596843719482,
      -0.797343909740448,
      1.1355947256088257,
      0.912481427192688,
      0.7228498458862305,
      0.673629105091095,
      0.6978409290313721,
      0.7367647290229797,
      0.532500147819519,
      0.5507739186286926
    ],
    [
      0.6146047711372375,
      0.7011452913284302,
      2.3255181312561035,
      1.5607616901397705,
      66.18689727783203,
      69.14443969726562,
      47.70458221435547,
      46.65653610229492,
      -17.162870407104492,
      -16.85714340209961,
      -6.8914313316345215,
      -9.384383201599121,
      -6.3045172691345215,
      -5.5056867599487305,
      -7.599689960479736,
      -6.8687543869018555,
      -7.358276844024658,
      -6.928685188293457
    ],
    [
      0.6095069646835327,
      0.7366244792938232,
      2.278092861175537,
      1.5633624792099,
      69.14443969726562,
      73.70160675048828,
      50.40091323852539,
      49.52916717529297,
      -18.287221908569336,
      -17.761268615722656,
      -8.99470043182373,
      -11.540687561035156,
      -7.687504768371582,
      -6.803645133972168,
      -9.214925765991211,
      -8.537957191467285,
      -9.074918746948242,
      -8.623396873474121
    ],
    [
      1.4710839986801147,
      1.3245617151260376,
      2.1747241020202637,
      1.1988377571105957,
      47.70458221435547,
      50.40091323852539,
      194.09521484375,
      193.43035888671875,
      -29.444843292236328,
      -33.46394729614258,
      -36.067020416259766,
      -40.20118713378906,
      -2.679514169692993,
      -4.563086032867432,
      -16.832069396972656,
      -16.708412170410156,
      -17.766639709472656,
      -17.76909065246582
    ],
    [
      1.4735581874847412,
      1.2752894163131714,
      2.2098405361175537,
      1.1928505897521973,
      46.65653610229492,
      49.52916717529297,
      193.43035888671875,
      196.4145965576172,
      -31.585468292236328,
      -35.42866897583008,
      -40.80849075317383,
      -44.75807571411133,
      -6.839083194732666,
      -9.013514518737793,
      -20.5983829498291,
      -20.484193801879883,
      -20.788171768188477,
      -20.75133514404297
    ],
    [
      -1.5742294788360596,
      -0.9812286496162415,
      -1.20962655544281,
      -0.7239596843719482,
      -17.162870407104492,
      -18.287221908569336,
      -29.444843292236328,
      -31.585468292236328,
      102.68317413330078,
      97.6639175415039,
      13.198590278625488,
      13.695225715637207,
      51.019020080566406,
      47.695838928222656,
      37.62702178955078,
      35.00520324707031,
      30.15064811706543,
      29.014127731323242
    ],
    [
      -1.7708990573883057,
      -1.0547561645507812,
      -1.2465678453445435,
      -0.797343909740448,
      -16.85714340209961,
      -17.761268615722656,
      -33.46394729614258,
      -35.42866897583008,
      97.6639175415039,
      105.75221252441406,
      14.789754867553711,
      15.20116138458252,
      52.06377410888672,
      48.2908821105957,
      38.10177993774414,
      35.75099563598633,
      31.176185607910156,
      30.059202194213867
    ],
    [
      0.2323497235774994,
      0.2552694082260132,
      2.509129285812378,
      1.1355947256088257,
      -6.8914313316345215,
      -8.99470043182373,
      -36.067020416259766,
      -40.80849075317383,
      13.198590278625488,
      14.789754867553711,
      156.45217895507812,
      145.14796447753906,
      82.47664642333984,
      84.64033508300781,
      85.475830078125,
      87.20635223388672,
      70.49137115478516,
      69.65365600585938
    ],
    [
      0.2651727795600891,
      0.17281486093997955,
      2.17317533493042,
      0.912481427192688,
      -9.384383201599121,
      -11.540687561035156,
      -40.20118713378906,
      -44.75807571411133,
      13.695225715637207,
      15.20116138458252,
      145.14796447753906,
      143.6958770751953,
      78.81598663330078,
      81.52510833740234,
      81.28069305419922,
      82.63362884521484,
      66.64016723632812,
      65.59575653076172
    ],
    [
      -0.08344103395938873,
      0.0131730567663908,
      1.541601300239563,
      0.7228498458862305,
      -6.3045172691345215,
      -7.687504768371582,
      -2.679514169692993,
      -6.839083194732666,
      51.019020080566406,
      52.06377410888672,
      82.47664642333984,
      78.81598663330078,
      105.65974426269531,
      100.67964172363281,
      83.10034942626953,
      80.59449768066406,
      64.7929916381836,
      63.340030670166016
    ],
    [
      -0.049915067851543427,
      0.05914326012134552,
      1.4770532846450806,
      0.673629105091095,
      -5.5056867599487305,
      -6.803645133972168,
      -4.563086032867432,
      -9.013514518737793,
      47.695838928222656,
      48.2908821105957,
      84.64033508300781,
      81.52510833740234,
      100.67964172363281,
      101.98121643066406,
      82.57279205322266,
      80.53841400146484,
      64.87669372558594,
      62.943607330322266
    ],
    [
      -0.11632653325796127,
      0.019039293751120567,
      1.5980560779571533,
      0.6978409290313721,
      -7.599689960479736,
      -9.214925765991211,
      -16.832069396972656,
      -20.5983829498291,
      37.62702178955078,
      38.10177993774414,
      85.475830078125,
      81.28069305419922,
      83.10034942626953,
      82.57279205322266,
      78.4262466430664,
      76.13894653320312,
      62.082733154296875,
      60.70968246459961
    ],
    [
      -0.22834612429141998,
      -0.062481839209795,
      1.6994733810424805,
      0.7367647290229797,
      -6.8687543869018555,
      -8.537957191467285,
      -16.708412170410156,
      -20.484193801879883,
      35.00520324707031,
      35.75099563598633,
      87.20635223388672,
      82.63362884521484,
      80.59449768066406,
      80.53841400146484,
      76.13894653320312,
      77.78840637207031,
      61.53402328491211,
      60.007850646972656
    ],
    [
      -0.4768492877483368,
      -0.1792932152748108,
      1.3796703815460205,
      0.532500147819519,
      -7.358276844024658,
      -9.074918746948242,
      -17.766639709472656,
      -20.788171768188477,
      30.15064811706543,
      31.176185607910156,
      70.49137115478516,
      66.64016723632812,
      64.7929916381836,
      64.87669372558594,
      62.082733154296875,
      61.53402328491211,
      55.58224868774414,
      53.60459518432617
    ],
    [
      -0.40763434767723083,
      -0.1374555081129074,
      1.3367763757705688,
      0.5507739186286926,
      -6.928685188293457,
      -8.623396873474121,
      -17.76909065246582,
      -20.75133514404297,
      29.014127731323242,
      30.059202194213867,
      69.65365600585938,
      65.59575653076172,
      63.340030670166016,
      62.943607330322266,
      60.70968246459961,
      60.007850646972656,
      53.60459518432617,
      52.93048858642578
    ]
  ],
  "covariance_short": [
    [
      2.4101927280426025,
      0.3427082300186157,
      0.04844064638018608,
      0.07781590521335602,
      0.5662654638290405,
      0.5252934098243713,
      1.073655366897583,
      1.154760479927063,
      -1.4038275480270386,
      -1.7477247714996338,
      0.41309624910354614,
      0.3576478064060211,
      -0.047391943633556366,
      -0.061162590980529785,
      -0.030209582298994064,
      -0.12093529850244522,
      -0.32541611790657043,
      -0.2709346115589142
    ],
    [
      0.3427082300186157,
      0.7383292317390442,
      0.09374338388442993,
      0.11535591632127762,
      0.6433851718902588,
      0.6579146385192871,
      1.1000664234161377,
      1.1196255683898926,
      -0.7997392416000366,
      -0.8547020554542542,
      0.3049177825450897,
      0.21503505110740662,
      0.0295031126588583,
      0.0930526927113533,
      0.07478955388069153,
      -0.0010285135358572006,
      -0.10779932141304016,
      -0.09053666144609451
    ],
    [
      0.04844064638018608,
      0.09374338388442993,
      1.2016868591308594,
      0.5290307402610779,
      1.467293620109558,
      1.288853406906128,
      1.1371498107910156,
      1.1186649799346924,
      -1.4103331565856934,
      -1.167146921157837,
      1.7191839218139648,
      1.427060842514038,
      1.0170613527297974,
      1.0253593921661377,
      1.1385759115219116,
      1.2076045274734497,
      0.9771658182144165,
      0.9337590336799622
    ],
    [
      0.07781590521335602,
      0.11535591632127762,
      0.5290307402610779,
      0.3567398488521576,
      1.172803282737732,
      1.1524049043655396,
      0.9821903705596924,
      0.9968938231468201,
      -0.9381046891212463,
      -0.854109525680542,
      0.8431916832923889,
      0.651140570640564,
      0.502852737903595,
      0.4989578127861023,
      0.505898118019104,
      0.5330495834350586,
      0.3662475049495697,
      0.37192484736442566
    ],
    [
      0.5662654638290405,
      0.6433851718902588,
      1.467293620109558,
      1.172803282737732,
      51.315670013427734,
      52.024356842041016,
      38.74415969848633,
      38.535682678222656,
      -15.88492488861084,
      -14.271885871887207,
      -3.973666191101074,
      -5.871310234069824,
      -5.431504249572754,
      -4.599678039550781,
      -5.218836307525635,
      -4.932516574859619,
      -5.144957542419434,
      -4.976200103759766
    ],
    [
      0.5252934098243713,
      0.6579146385192871,
      1.288853406906128,
      1.1524049043655396,
      52.024356842041016,
      57.35748291015625,
      39.81601333618164,
      40.13193893432617,
      -16.518918991088867,
      -14.98532772064209,
      -5.32380485534668,
      -7.299079895019531,
      -6.652255058288574,
      -5.667446613311768,
      -6.611010551452637,
      -6.295464992523193,
      -6.67207670211792,
      -6.43419885635376
    ],
    [
      1.073655366897583,
      1.1000664234161377,
      1.1371498107910156,
      0.9821903705596924,
      38.74415969848633,
      39.81601333618164,
      186.58448791503906,
      182.8466339111328,
      -21.613332748413086,
      -22.330928802490234,
      -32.556915283203125,
      -36.69437026977539,
      -3.724200487136841,
      -6.054864406585693,
      -16.463552474975586,
      -16.426532745361328,
      -18.105451583862305,
      -18.1812686920166
    ],
    [
      1.154760479927063,
      1.1196255683898926,
      1.1186649799346924,
      0.9968938231468201,
      38.535682678222656,
      40.13193893432617,
      182.8466339111328,
      189.5581817626953,
      -24.264177322387695,
      -24.650007247924805,
      -35.51982498168945,
      -39.68905258178711,
      -7.607663631439209,
      -9.825697898864746,
      -19.45468521118164,
      -19.371068954467773,
      -20.628009796142578,
      -20.64113998413086
    ],
    [
      -1.4038275480270386,
      -0.7997392416000366,
      -1.4103331565856934,
      -0.9381046891212463,
      -15.88492488861084,
      -16.518918991088867,
      -21.613332748413086,
      -24.264177322387695,
      122.40167999267578,
      108.14107513427734,
      -13.358447074890137,
      -11.961237907409668,
      46.351783752441406,
      42.49177551269531,
      27.570207595825195,
      25.119911193847656,
      21.10194969177246,
      20.429655075073242
    ],
    [
      -1.7477247714996338,
      -0.8547020554542542,
      -1.167146921157837,
      -0.854109525680542,
      -14.271885871887207,
      -14.98532772064209,
      -22.330928802490234,
      -24.650007247924805,
      108.14107513427734,
      123.88704681396484,
      -14.678354263305664,
      -12.708304405212402,
      46.270206451416016,
      42.3455924987793,
      26.777048110961914,
      24.7332820892334,
      20.659679412841797,
      19.921302795410156
    ],
    [
      0.41309624910354614,
      0.3049177825450897,
      1.7191839218139648,
      0.8431916832923889,
      -3.973666191101074,
      -5.32380485534668,
      -32.556915283203125,
      -35.51982498168945,
      -13.358447074890137,
      -14.678354263305664,
      167.65232849121094,
      149.62693786621094,
      81.31430053710938,
      83.42603302001953,
      81.18856048583984,
      82.44963073730469,
      67.98329162597656,
      66.03192901611328
    ],
    [
      0.3576478064060211,
      0.21503505110740662,
      1.427060842514038,
      0.651140570640564,
      -5.871310234069824,
      -7.299079895019531,
      -36.69437026977539,
      -39.68905258178711,
      -11.961237907409668,
      -12.708304405212402,
      149.62693786621094,
      155.48471069335938,
      78.42512512207031,
      80.63133239746094,
      77.56328582763672,
      78.32728576660156,
      64.04779052734375,
      62.12877655029297
    ],
    [
      -0.047391943633556366,
      0.0295031126588583,
      1.0170613527297974,
      0.502852737903595,
      -5.431504249572754,
      -6.652255058288574,
      -3.724200487136841,
      -7.607663631439209,
      46.351783752441406,
      46.270206451416016,
      81.31430053710938,
      78.42512512207031,
      114.29700469970703,
      105.8352279663086,
      84.09501647949219,
      81.27545166015625,
      64.8306884765625,
      62.983299255371094
    ],
    [
      -0.061162590980529785,
      0.0930526927113533,
      1.0253593921661377,
      0.4989578127861023,
      -4.599678039550781,
      -5.667446613311768,
      -6.054864406585693,
      -9.825697898864746,
      42.49177551269531,
      42.3455924987793,
      83.42603302001953,
      80.63133239746094,
      105.8352279663086,
      109.1350326538086,
      82.84310913085938,
      80.3353042602539,
      64.34832000732422,
      62.123199462890625
    ],
    [
      -0.030209582298994064,
      0.07478955388069153,
      1.1385759115219116,
      0.505898118019104,
      -5.218836307525635,
      -6.611010551452637,
      -16.463552474975586,
      -19.45468521118164,
      27.570207595825195,
      26.777048110961914,
      81.18856048583984,
      77.56328582763672,
      84.09501647949219,
      82.84310913085938,
      79.54058074951172,
      75.30064392089844,
      61.84935760498047,
      60.178443908691406
    ],
    [
      -0.12093529850244522,
      -0.0010285135358572006,
      1.2076045274734497,
      0.5330495834350586,
      -4.932516574859619,
      -6.295464992523193,
      -16.426532745361328,
      -19.371068954467773,
      25.119911193847656,
      24.7332820892334,
      82.44963073730469,
      78.32728576660156,
      81.27545166015625,
      80.3353042602539,
      75.30064392089844,
      77.39762115478516,
      60.823970794677734,
      59.026424407958984
    ],
    [
      -0.32541611790657043,
      -0.10779932141304016,
      0.9771658182144165,
      0.3662475049495697,
      -5.144957542419434,
      -6.67207670211792,
      -18.105451583862305,
      -20.628009796142578,
      21.10194969177246,
      20.659679412841797,
      67.98329162597656,
      64.04779052734375,
      64.8306884765625,
      64.34832000732422,
      61.84935760498047,
      60.823970794677734,
      58.45070266723633,
      55.91472625732422
    ],
    [
      -0.2709346115589142,
      -0.09053666144609451,
      0.9337590336799622,
      0.37192484736442566,
      -4.976200103759766,
      -6.43419885635376,
      -18.1812686920166,
      -20.64113998413086,
      20.429655075073242,
      19.921302795410156,
      66.03192901611328,
      62.12877655029297,
      62.983299255371094,
      62.123199462890625,
      60.178443908691406,
      59.026424407958984,
      55.91472625732422,
      55.24984359741211
    ]
  ],
  "damage": -11.715457916259766,
  "diff_bandwidth": 1721.3089599609375,
  "dissonance": 7.746803289718002,
  "drr": -0.4801258146762848,
  "dynamics": 6.443253517150879,
  "format": 1245190,
  "frames": 8607680,
  "loudness": -22.665321350097656,
  "loudness_range": 20.143260955810547,
  "loudness_range_short": 21.794435501098633,
  "lowpass_true_peak_15khz": -0.8662987947463989,
  "mastering3_acoustic_entropies": [
    {
      "acoustic_entropy": 8.23940372467041,
      "acoustic_entropy_mono": 8.044371604919434,
      "band_eliminated_acoustic_entropies": [
        {
          "acoustic_entropy": 8.239404678344727,
          "acoustic_entropy_side": 8.239404678344727,
          "hz": 129.47220167065723
        },
        {
          "acoustic_entropy": 8.23940372467041,
          "acoustic_entropy_side": 8.23940372467041,
          "hz": 202.92927478742237
        },
        {
          "acoustic_entropy": 8.23940372467041,
          "acoustic_entropy_side": 8.23940372467041,
          "hz": 282.89161906338205
        },
        {
          "acoustic_entropy": 8.23940372467041,
          "acoustic_entropy_side": 8.23940372467041,
          "hz": 369.9353335868758
        },
        {
          "acoustic_entropy": 8.23940372467041,
          "acoustic_entropy_side": 8.23940372467041,
          "hz": 464.6875360973435
        },
        {
          "acoustic_entropy": 8.23940372467041,
          "acoustic_entropy_side": 8.239402770996094,
          "hz": 567.8308811364784
        },
        {
          "acoustic_entropy": 8.239249229431152,
          "acoustic_entropy_side": 8.23929500579834,
          "hz": 680.1084783214808
        },
        {
          "acoustic_entropy": 8.254373550415039,
          "acoustic_entropy_side": 8.249088287353516,
          "hz": 802.3292461747484
        },
        {
          "acoustic_entropy": 8.336847305297852,
          "acoustic_entropy_side": 8.318840026855469,
          "hz": 935.3737400823702
        },
        {
          "acoustic_entropy": 8.071636199951172,
          "acoustic_entropy_side": 8.371636390686035,
          "hz": 1080.2004963696966
        },
        {
          "acoustic_entropy": 8.267160415649414,
          "acoustic_entropy_side": 8.165034294128418,
          "hz": 1237.8529382007157
        },
        {
          "acoustic_entropy": 8.301162719726562,
          "acoustic_entropy_side": 8.251336097717285,
          "hz": 1409.4668930556702
        },
        {
          "acoustic_entropy": 8.377634048461914,
          "acoustic_entropy_side": 8.291513442993164,
          "hz": 1596.2787759475705
        },
        {
          "acoustic_entropy": 8.417860984802246,
          "acoustic_entropy_side": 8.635026931762695,
          "hz": 1799.6344973346393
        },
        {
          "acoustic_entropy": 8.46703052520752,
          "acoustic_entropy_side": 8.252693176269531,
          "hz": 2020.9991599069049
        },
        {
          "acoustic_entropy": 8.451172828674316,
          "acoustic_entropy_side": 8.844989776611328,
          "hz": 2261.9676141086993
        },
        {
          "acoustic_entropy": 8.882122993469238,
          "acoustic_entropy_side": 8.851601600646973,
          "hz": 2524.2759484456974
        },
        {
          "acoustic_entropy": 8.65494441986084,
          "acoustic_entropy_side": 8.617267608642578,
          "hz": 2809.813997359896
        },
        {
          "acoustic_entropy": 9.3331937789917,
          "acoustic_entropy_side": 8.718287467956543,
          "hz": 3120.6389567871424
        },
        {
          "acoustic_entropy": 8.223505973815918,
          "acoustic_entropy_side": 8.25082015991211,
          "hz": 3458.990205492291
        },
        {
          "acoustic_entropy": 8.708900451660156,
          "acoustic_entropy_side": 8.106870651245117,
          "hz": 3827.305438964164
        },
        {
          "acoustic_entropy": 7.992061138153076,
          "acoustic_entropy_side": 8.133811950683594,
          "hz": 4228.238232109126
        },
        {
          "acoustic_entropy": 8.353196144104004,
          "acoustic_entropy_side": 8.292367935180664,
          "hz": 4664.6771572759235
        },
        {
          "acoustic_entropy": 8.26233196258545,
          "acoustic_entropy_side": 8.246444702148438,
          "hz": 5139.766595350093
        },
        {
          "acoustic_entropy": 8.235894203186035,
          "acoustic_entropy_side": 8.237728118896484,
          "hz": 5656.929389854203
        },
        {
          "acoustic_entropy": 8.186504364013672,
          "acoustic_entropy_side": 8.242288589477539,
          "hz": 6219.891507268283
        },
        {
          "acoustic_entropy": 8.216266632080078,
          "acoustic_entropy_side": 8.249415397644043,
          "hz": 6832.70888123896
        },
        {
          "acoustic_entropy": 8.24502944946289,
          "acoustic_entropy_side": 8.238730430603027,
          "hz": 7499.796634079867
        },
        {
          "acoustic_entropy": 8.234641075134277,
          "acoustic_entropy_side": 8.237964630126953,
          "hz": 8225.96088609342
        },
        {
          "acoustic_entropy": 8.244734764099121,
          "acoustic_entropy_side": 8.242855072021484,
          "hz": 9016.43338188839
        },
        {
          "acoustic_entropy": 8.246512413024902,
          "acoustic_entropy_side": 8.24257755279541,
          "hz": 9876.909183162974
        },
        {
          "acoustic_entropy": 8.239826202392578,
          "acoustic_entropy_side": 8.239326477050781,
          "hz": 10813.587699516042
        },
        {
          "acoustic_entropy": 8.238834381103516,
          "acoustic_entropy_side": 8.2390775680542,
          "hz": 11833.21735289826
        },
        {
          "acoustic_entropy": 8.239603042602539,
          "acoustic_entropy_side": 8.239442825317383,
          "hz": 12943.144197493959
        },
        {
          "acoustic_entropy": 8.239399909973145,
          "acoustic_entropy_side": 8.239408493041992,
          "hz": 14151.364845322005
        },
        {
          "acoustic_entropy": 8.239133834838867,
          "acoustic_entropy_side": 8.239298820495605,
          "hz": 15466.58407886509
        },
        {
          "acoustic_entropy": 8.238677024841309,
          "acoustic_entropy_side": 8.239173889160156,
          "hz": 16898.27756580493
        },
        {
          "acoustic_entropy": 8.238974571228027,
          "acoustic_entropy_side": 8.239255905151367,
          "hz": 18456.760127700032
        },
        {
          "acoustic_entropy": 8.239293098449707,
          "acoustic_entropy_side": 8.239368438720703,
          "hz": 20153.260054456492
        },
        {
          "acoustic_entropy": 8.23939037322998,
          "acoustic_entropy_side": 8.239399909973145,
          "hz": 22000.00000000001
        }
      ],
      "diff_acoustic_entropy": 5.651962757110596,
      "sn": 6
    },
    {
      "acoustic_entropy": 12.130732536315918,
      "acoustic_entropy_mono": 11.824390411376953,
      "band_eliminated_acoustic_entropies": [
        {
          "acoustic_entropy": 12.130719184875488,
          "acoustic_entropy_side": 12.130719184875488,
          "hz": 129.47220167065723
        },
        {
          "acoustic_entropy": 12.130732536315918,
          "acoustic_entropy_side": 12.130732536315918,
          "hz": 202.92927478742237
        },
        {
          "acoustic_entropy": 12.130732536315918,
          "acoustic_entropy_side": 12.130732536315918,
          "hz": 282.89161906338205
        },
        {
          "acoustic_entropy": 12.130732536315918,
          "acoustic_entropy_side": 12.130732536315918,
          "hz": 369.9353335868758
        },
        {
          "acoustic_entropy": 12.130732536315918,
          "acoustic_entropy_side": 12.130733489990234,
          "hz": 464.6875360973435
        },
        {
          "acoustic_entropy": 12.130733489990234,
          "acoustic_entropy_side": 12.130732536315918,
          "hz": 567.8308811364784
        },
        {
          "acoustic_entropy": 12.130963325500488,
          "acoustic_entropy_side": 12.130858421325684,
          "hz": 680.1084783214808
        },
        {
          "acoustic_entropy": 12.156828880310059,
          "acoustic_entropy_side": 12.132831573486328,
          "hz": 802.3292461747484
        },
        {
          "acoustic_entropy": 12.266834259033203,
          "acoustic_entropy_side": 12.07323932647705,
          "hz": 935.3737400823702
        },
        {
          "acoustic_entropy": 12.517305374145508,
          "acoustic_entropy_side": 12.661008834838867,
          "hz": 1080.2004963696966
        },
        {
          "acoustic_entropy": 12.273602485656738,
          "acoustic_entropy_side": 12.56136703491211,
          "hz": 1237.8529382007157
        },
        {
          "acoustic_entropy": 12.490276336669922,
          "acoustic_entropy_side": 12.371950149536133,
          "hz": 1409.4668930556702
        },
        {
          "acoustic_entropy": 11.947083473205566,
          "acoustic_entropy_side": 12.102716445922852,
          "hz": 1596.2787759475705
        },
        {
          "acoustic_entropy": 12.561473846435547,
          "acoustic_entropy_side": 12.758376121520996,
          "hz": 1799.6344973346393
        },
        {
          "acoustic_entropy": 12.152179718017578,
          "acoustic_entropy_side": 12.226264953613281,
          "hz": 2020.9991599069049
        },
        {
          "acoustic_entropy": 13.276067733764648,
          "acoustic_entropy_side": 12.953351020812988,
          "hz": 2261.9676141086993
        },
        {
          "acoustic_entropy": 12.654946327209473,
          "acoustic_entropy_side": 12.736441612243652,
          "hz": 2524.2759484456974
        },
        {
          "acoustic_entropy": 13.335224151611328,
          "acoustic_entropy_side": 13.295243263244629,
          "hz": 2809.813997359896
        },
        {
          "acoustic_entropy": 12.298129081726074,
          "acoustic_entropy_side": 11.978404998779297,
          "hz": 3120.6389567871424
        },
        {
          "acoustic_entropy": 12.494577407836914,
          "acoustic_entropy_side": 12.437397956848145,
          "hz": 3458.990205492291
        },
        {
          "acoustic_entropy": 12.058022499084473,
          "acoustic_entropy_side": 12.011087417602539,
          "hz": 3827.305438964164
        },
        {
          "acoustic_entropy": 11.988048553466797,
          "acoustic_entropy_side": 12.079071044921875,
          "hz": 4228.238232109126
        },
        {
          "acoustic_entropy": 12.20191764831543,
          "acoustic_entropy_side": 12.212285995483398,
          "hz": 4664.6771572759235
        },
        {
          "acoustic_entropy": 12.215195655822754,
          "acoustic_entropy_side": 12.138758659362793,
          "hz": 5139.766595350093
        },
        {
          "acoustic_entropy": 12.292827606201172,
          "acoustic_entropy_side": 12.208115577697754,
          "hz": 5656.929389854203
        },
        {
          "acoustic_entropy": 12.060152053833008,
          "acoustic_entropy_side": 12.22020149230957,
          "hz": 6219.891507268283
        },
        {
          "acoustic_entropy": 12.160086631774902,
          "acoustic_entropy_side": 12.19979190826416,
          "hz": 6832.70888123896
        },
        {
          "acoustic_entropy": 12.102986335754395,
          "acoustic_entropy_side": 12.107852935791016,
          "hz": 7499.796634079867
        },
        {
          "acoustic_entropy": 12.161718368530273,
          "acoustic_entropy_side": 12.148486137390137,
          "hz": 8225.96088609342
        },
        {
          "acoustic_entropy": 12.210745811462402,
          "acoustic_entropy_side": 12.185766220092773,
          "hz": 9016.43338188839
        },
        {
          "acoustic_entropy": 12.134561538696289,
          "acoustic_entropy_side": 12.134077072143555,
          "hz": 9876.909183162974
        },
        {
          "acoustic_entropy": 12.124185562133789,
          "acoustic_entropy_side": 12.12402629852295,
          "hz": 10813.587699516042
        },
        {
          "acoustic_entropy": 12.142155647277832,
          "acoustic_entropy_side": 12.135929107666016,
          "hz": 11833.21735289826
        },
        {
          "acoustic_entropy": 12.134733200073242,
          "acoustic_entropy_side": 12.131704330444336,
          "hz": 12943.144197493959
        },
        {
          "acoustic_entropy": 12.13078498840332,
          "acoustic_entropy_side": 12.131026268005371,
          "hz": 14151.364845322005
        },
        {
          "acoustic_entropy": 12.133190155029297,
          "acoustic_entropy_side": 12.131592750549316,
          "hz": 15466.58407886509
        },
        {
          "acoustic_entropy": 12.12900161743164,
          "acoustic_entropy_side": 12.130535125732422,
          "hz": 16898.27756580493
        },
        {
          "acoustic_entropy": 12.136548042297363,
          "acoustic_entropy_side": 12.132294654846191,
          "hz": 18456.760127700032
        },
        {
          "acoustic_entropy": 12.13080883026123,
          "acoustic_entropy_side": 12.130534172058105,
          "hz": 20153.260054456492
        },
        {
          "acoustic_entropy": 12.130684852600098,
          "acoustic_entropy_side": 12.130708694458008,
          "hz": 22000.00000000001
        }
      ],
      "diff_acoustic_entropy": 8.043732643127441,
      "sn": 12
    },
    {
      "acoustic_entropy": 20.64974594116211,
      "acoustic_entropy_mono": 19.922880172729492,
      "band_eliminated_acoustic_entropies": [
        {
          "acoustic_entropy": 20.65134620666504,
          "acoustic_entropy_side": 20.651338577270508,
          "hz": 129.47220167065723
        },
        {
          "acoustic_entropy": 20.649749755859375,
          "acoustic_entropy_side": 20.649747848510742,
          "hz": 202.92927478742237
        },
        {
          "acoustic_entropy": 20.64974594116211,
          "acoustic_entropy_side": 20.649747848510742,
          "hz": 282.89161906338205
        },
        {
          "acoustic_entropy": 20.64975357055664,
          "acoustic_entropy_side": 20.64974594116211,
          "hz": 369.9353335868758
        },
        {
          "acoustic_entropy": 20.649742126464844,
          "acoustic_entropy_side": 20.649749755859375,
          "hz": 464.6875360973435
        },
        {
          "acoustic_entropy": 20.649505615234375,
          "acoustic_entropy_side": 20.64959716796875,
          "hz": 567.8308811364784
        },
        {
          "acoustic_entropy": 20.649179458618164,
          "acoustic_entropy_side": 20.65427017211914,
          "hz": 680.1084783214808
        },
        {
          "acoustic_entropy": 20.234102249145508,
          "acoustic_entropy_side": 20.368927001953125,
          "hz": 802.3292461747484
        },
        {
          "acoustic_entropy": 20.709510803222656,
          "acoustic_entropy_side": 20.56797981262207,
          "hz": 935.3737400823702
        },
        {
          "acoustic_entropy": 21.09317398071289,
          "acoustic_entropy_side": 20.678064346313477,
          "hz": 1080.2004963696966
        },
        {
          "acoustic_entropy": 20.455503463745117,
          "acoustic_entropy_side": 20.656402587890625,
          "hz": 1237.8529382007157
        },
        {
          "acoustic_entropy": 20.766843795776367,
          "acoustic_entropy_side": 20.8822021484375,
          "hz": 1409.4668930556702
        },
        {
          "acoustic_entropy": 21.201711654663086,
          "acoustic_entropy_side": 20.833372116088867,
          "hz": 1596.2787759475705
        },
        {
          "acoustic_entropy": 21.250797271728516,
          "acoustic_entropy_side": 20.84982681274414,
          "hz": 1799.6344973346393
        },
        {
          "acoustic_entropy": 20.593780517578125,
          "acoustic_entropy_side": 20.997817993164062,
          "hz": 2020.9991599069049
        },
        {
          "acoustic_entropy": 21.95598602294922,
          "acoustic_entropy_side": 21.51125144958496,
          "hz": 2261.9676141086993
        },
        {
          "acoustic_entropy": 20.666976928710938,
          "acoustic_entropy_side": 21.893413543701172,
