{
  "acoustic_entropy": 198.71128845214844,
  "bands": [
    {
      "high_freq": 148.1999969482422,
      "loudness": -27.580251693725586,
      "loudness_range": 21.363853454589844,
      "mid_mean": -29.570444107055664,
      "mid_to_side_loudness": 2.3958630561828613,
      "mid_to_side_loudness_range": 14.981245994567871,
      "side_mean": -26.37924575805664
    },
    {
      "high_freq": 392.3793640136719,
      "loudness": -21.72598648071289,
      "loudness_range": 10.656599998474121,
      "low_freq": 148.1999969482422,
      "mid_mean": -21.965059280395508,
      "mid_to_side_loudness": 1.4316506385803223,
      "mid_to_side_loudness_range": 7.775760650634766,
      "side_mean": -20.606882095336914
    },
    {
      "high_freq": 794.6976318359375,
      "loudness": -20.733610153198242,
      "loudness_range": 9.376501083374023,
      "low_freq": 392.3793640136719,
      "mid_mean": -20.86843490600586,
      "mid_to_side_loudness": 1.413112759590149,
      "mid_to_side_loudness_range": 5.455320358276367,
      "side_mean": -19.516036987304688
    },
    {
      "high_freq": 1457.5709228515625,
      "loudness": -20.624067306518555,
      "loudness_range": 8.406221389770508,
      "low_freq": 794.6976318359375,
      "mid_mean": -21.00208854675293,
      "mid_to_side_loudness": 1.710666298866272,
      "mid_to_side_loudness_range": 4.954383373260498,
      "side_mean": -19.26495361328125
    },
    {
      "high_freq": 2549.74365234375,
      "loudness": -22.39528465270996,
      "loudness_range": 9.106363296508789,
      "low_freq": 1457.5709228515625,
      "mid_mean": -22.567623138427734,
      "mid_to_side_loudness": 1.4672054052352905,
      "mid_to_side_loudness_range": 4.067361354827881,
      "side_mean": -21.14681625366211
    },
    {
      "high_freq": 4349.24462890625,
      "loudness": -29.027023315429688,
      "loudness_range": 12.637823104858398,
      "low_freq": 2549.74365234375,
      "mid_mean": -28.90571403503418,
      "mid_to_side_loudness": 0.9278170466423035,
      "mid_to_side_loudness_range": 4.633498191833496,
      "side_mean": -28.0260066986084
    },
    {
      "high_freq": 7314.1640625,
      "loudness": -38.345096588134766,
      "loudness_range": 16.908044815063477,
      "low_freq": 4349.24462890625,
      "mid_mean": -37.90354537963867,
      "mid_to_side_loudness": 0.2247113138437271,
      "mid_to_side_loudness_range": 4.957347869873047,
      "side_mean": -37.67142105102539
    },
    {
      "high_freq": 12199.2666015625,
      "loudness": -54.135826110839844,
      "loudness_range": 20.776683807373047,
      "low_freq": 7314.1640625,
      "mid_mean": -53.75165939331055,
      "mid_to_side_loudness": -2.6436448097229004,
      "mid_to_side_loudness_range": 6.540894508361816,
      "side_mean": -56.11648941040039
    },
    {
      "loudness": -67.69049072265625,
      "loudness_range": 10.464717864990234,
      "low_freq": 12199.2666015625,
      "mid_mean": -64.20813751220703,
      "mid_to_side_loudness": -2.263164520263672,
      "mid_to_side_loudness_range": 3.145616292953491,
      "side_mean": -65.81888580322266
    }
  ],
  "bands_short": [
    {
      "high_freq": 148.1999969482422,
      "loudness": -33.5167121887207,
      "loudness_range": 29.90719223022461,
      "mid_mean": -34.39896011352539,
      "mid_to_side_loudness": 1.1894762516021729,
      "mid_to_side_loudness_range": 18.734622955322266,
      "side_mean": -32.880401611328125
    },
    {
      "high_freq": 392.3793640136719,
      "loudness": -21.281291961669922,
      "loudness_range": 11.568435668945312,
      "low_freq": 148.1999969482422,
      "mid_mean": -21.88512420654297,
      "mid_to_side_loudness": 1.9663591384887695,
      "mid_to_side_loudness_range": 9.501461029052734,
      "side_mean": -20.006662368774414
    },
    {
      "high_freq": 794.6976318359375,
      "loudness": -21.12407875061035,
      "loudness_range": 9.967273712158203,
      "low_freq": 392.3793640136719,
      "mid_mean": -21.34191131591797,
      "mid_to_side_loudness": 1.4297188520431519,
      "mid_to_side_loudness_range": 7.45134973526001,
      "side_mean": -19.99436378479004
    },
    {
      "high_freq": 1457.5709228515625,
      "loudness": -20.26314926147461,
      "loudness_range": 8.994053840637207,
      "low_freq": 794.6976318359375,
      "mid_mean": -20.7017765045166,
      "mid_to_side_loudness": 1.7045031785964966,
      "mid_to_side_loudness_range": 6.924655437469482,
      "side_mean": -18.988248825073242
    },
    {
      "high_freq": 2549.74365234375,
      "loudness": -22.536100387573242,
      "loudness_range": 9.807165145874023,
      "low_freq": 1457.5709228515625,
      "mid_mean": -22.798919677734375,
      "mid_to_side_loudness": 1.4853384494781494,
      "mid_to_side_loudness_range": 6.609187126159668,
      "side_mean": -21.378339767456055
    },
    {
      "high_freq": 4349.24462890625,
      "loudness": -29.201663970947266,
      "loudness_range": 13.162376403808594,
      "low_freq": 2549.74365234375,
      "mid_mean": -29.238977432250977,
      "mid_to_side_loudness": 0.9547125697135925,
      "mid_to_side_loudness_range": 7.523162841796875,
      "side_mean": -28.31450653076172
    },
    {
      "high_freq": 7314.1640625,
      "loudness": -38.56993103027344,
      "loudness_range": 17.65273666381836,
      "low_freq": 4349.24462890625,
      "mid_mean": -38.30546951293945,
      "mid_to_side_loudness": 0.30664557218551636,
      "mid_to_side_loudness_range": 8.359832763671875,
      "side_mean": -38.04336929321289
    },
    {
      "high_freq": 12199.2666015625,
      "loudness": -54.57949447631836,
      "loudness_range": 22.260223388671875,
      "low_freq": 7314.1640625,
      "mid_mean": -54.50611114501953,
      "mid_to_side_loudness": -2.325183153152466,
      "mid_to_side_loudness_range": 9.519011497497559,
      "side_mean": -56.59980010986328
    },
    {
      "loudness": -67.89283752441406,
      "loudness_range": 11.091068267822266,
      "low_freq": 12199.2666015625,
      "mid_mean": -64.30430603027344,
      "mid_to_side_loudness": -2.121633529663086,
      "mid_to_side_loudness_range": 3.7661995887756348,
      "side_mean": -65.8486328125
    }
  ],
  "bandwidth": 681.521484375,
  "channels": 2,
  "covariance": [
    [
      74.59793090820312,
      54.919368743896484,
      21.27739906311035,
      25.849645614624023,
      17.145793914794922,
      17.86207389831543,
      11.753803253173828,
      10.495612144470215,
      4.900512218475342,
      3.517169713973999,
      -3.83796763420105,
      -4.566166877746582,
      -14.914844512939453,
      -14.53989315032959,
      -2.065645933151245,
      -2.9248833656311035,
      5.399535655975342,
      4.15822696685791
    ],
    [
      54.919368743896484,
      74.04083251953125,
      19.37221908569336,
      24.23087501525879,
      16.993959426879883,
      16.821969985961914,
      11.884084701538086,
      10.35189437866211,
      5.161776065826416,
      3.414268732070923,
      -3.1609458923339844,
      -3.94435977935791,
      -12.415068626403809,
      -12.576828002929688,
      -6.231272220611572,
      -6.98720121383667,
      3.962336778640747,
      3.1716291904449463
    ],
    [
      21.27739906311035,
      19.37221908569336,
      20.879226684570312,
      17.999279022216797,
      13.798900604248047,
      14.171919822692871,
      12.20666790008545,
      10.881827354431152,
      9.431002616882324,
      9.530034065246582,
      8.120360374450684,
      7.7187113761901855,
      5.981980800628662,
      5.981581687927246,
      12.088526725769043,
      11.437667846679688,
      6.255627155303955,
      4.454553604125977
    ],
    [
      25.849645614624023,
      24.23087501525879,
      17.999279022216797,
      22.948810577392578,
      13.624844551086426,
      14.041245460510254,
      11.798377990722656,
      10.35233211517334,
      8.042522430419922,
      8.169692039489746,
      4.471012592315674,
      4.282214164733887,
      1.5099283456802368,
      1.8726204633712769,
      8.145828247070312,
      7.41775369644165,
      5.342069625854492,
      3.908285140991211
    ],
    [
      17.145793914794922,
      16.993959426879883,
      13.798900604248047,
      13.624844551086426,
      18.001195907592773,
      15.327531814575195,
      12.582448959350586,
      11.35431957244873,
      10.246234893798828,
      10.204914093017578,
      8.72107219696045,
      8.388931274414062,
      6.1356000900268555,
      5.789138317108154,
      10.784733772277832,
      10.276124000549316,
      6.528508186340332,
      4.613582134246826
    ],
    [
      17.86207389831543,
      16.821969985961914,
      14.171919822692871,
      14.041245460510254,
      15.327531814575195,
      17.42607879638672,
      11.80660629272461,
      10.649486541748047,
      9.089005470275879,
      9.303516387939453,
      7.29784631729126,
      7.516700267791748,
      4.839524745941162,
      4.894465446472168,
      8.881575584411621,
      8.82409954071045,
      5.663294315338135,
      4.063941955566406
    ],
    [
      11.753803253173828,
      11.884084701538086,
      12.20666790008545,
      11.798377990722656,
      12.582448959350586,
      11.80660629272461,
      14.571242332458496,
      11.420496940612793,
      10.878888130187988,
      10.897756576538086,
      10.510150909423828,
      10.171401977539062,
      9.706363677978516,
      9.651347160339355,
      15.868389129638672,
      15.049612998962402,
      6.621557235717773,
      4.551135540008545
    ],
    [
      10.495612144470215,
      10.35189437866211,
      10.881827354431152,
      10.35233211517334,
      11.35431957244873,
      10.649486541748047,
      11.420496940612793,
      12.777311325073242,
      10.384655952453613,
      10.81942367553711,
      10.080324172973633,
      10.150781631469727,
      8.778868675231934,
      9.334776878356934,
      13.155925750732422,
      12.921297073364258,
      5.350183963775635,
      3.7574410438537598
    ],
    [
      4.900512218475342,
      5.161776065826416,
      9.431002616882324,
      8.042522430419922,
      10.246234893798828,
      9.089005470275879,
      10.878888130187988,
      10.384655952453613,
      13.699030876159668,
      12.442089080810547,
      13.902764320373535,
      13.645176887512207,
      14.388982772827148,
      14.374068260192871,
      18.346933364868164,
      17.787179946899414,
      6.919906139373779,
      4.7105865478515625
    ],
    [
      3.517169713973999,
      3.414268732070923,
      9.530034065246582,
      8.169692039489746,
      10.204914093017578,
      9.303516387939453,
      10.897756576538086,
      10.81942367553711,
      12.442089080810547,
      14.23160457611084,
      13.310717582702637,
      13.644248962402344,
      14.20348072052002,
      14.617033958435059,
      18.09149742126465,
      18.156652450561523,
      6.1197285652160645,
      4.193287372589111
    ],
    [
      -3.83796763420105,
      -3.1609458923339844,
      8.120360374450684,
      4.471012592315674,
      8.72107219696045,
      7.29784631729126,
      10.510150909423828,
      10.080324172973633,
      13.902764320373535,
      13.310717582702637,
      22.57851791381836,
      20.892898559570312,
      24.7600040435791,
      24.2788143157959,
      27.407798767089844,
      26.351932525634766,
      8.31494426727295,
      5.478755474090576
    ],
    [
      -4.566166877746582,
      -3.94435977935791,
      7.7187113761901855,
      4.282214164733887,
      8.388931274414062,
      7.516700267791748,
      10.171401977539062,
      10.150781631469727,
      13.645176887512207,
      13.644248962402344,
      20.892898559570312,
      22.29863166809082,
      23.767255783081055,
      23.94871711730957,
      24.976396560668945,
      24.909320831298828,
      7.11598539352417,
      4.756843566894531
    ],
    [
      -14.914844512939453,
      -12.415068626403809,
      5.981980800628662,
      1.5099283456802368,
      6.1356000900268555,
      4.839524745941162,
      9.706363677978516,
      8.778868675231934,
      14.388982772827148,
      14.20348072052002,
      24.7600040435791,
      23.767255783081055,
      37.38867950439453,
      34.03820037841797,
      38.621341705322266,
      36.398109436035156,
      10.334564208984375,
      6.631573677062988
    ],
    [
      -14.53989315032959,
      -12.576828002929688,
      5.981581687927246,
      1.8726204633712769,
      5.789138317108154,
      4.894465446472168,
      9.651347160339355,
      9.334776878356934,
      14.374068260192871,
      14.617033958435059,
      24.2788143157959,
      23.94871711730957,
      34.03820037841797,
      34.76933670043945,
      35.91112518310547,
      34.629581451416016,
      8.990129470825195,
      5.831489086151123
    ],
    [
      -2.065645933151245,
      -6.231272220611572,
      12.088526725769043,
      8.145828247070312,
      10.784733772277832,
      8.881575584411621,
      15.868389129638672,
      13.155925750732422,
      18.346933364868164,
      18.09149742126465,
      27.407798767089844,
      24.976396560668945,
      38.621341705322266,
      35.91112518310547,
      70.89212799072266,
      62.635440826416016,
      17.877500534057617,
      11.212122917175293
    ],
    [
      -2.9248833656311035,
      -6.98720121383667,
      11.437667846679688,
      7.41775369644165,
      10.276124000549316,
      8.82409954071045,
      15.049612998962402,
      12.921297073364258,
      17.787179946899414,
      18.156652450561523,
      26.351932525634766,
      24.909320831298828,
      36.398109436035156,
      34.629581451416016,
      62.635440826416016,
      59.45518112182617,
      15.329453468322754,
      9.715249061584473
    ],
    [
      5.399535655975342,
      3.962336778640747,
      6.255627155303955,
      5.342069625854492,
      6.528508186340332,
      5.663294315338135,
      6.621557235717773,
      5.350183963775635,
      6.919906139373779,
      6.1197285652160645,
      8.31494426727295,
      7.11598539352417,
      10.334564208984375,
      8.990129470825195,
      17.877500534057617,
      15.329453468322754,
      7.039970397949219,
      4.597397327423096
    ],
    [
      4.15822696685791,
      3.1716291904449463,
      4.454553604125977,
      3.908285140991211,
      4.613582134246826,
      4.063941955566406,
      4.551135540008545,
      3.7574410438537598,
      4.7105865478515625,
      4.193287372589111,
      5.478755474090576,
      4.756843566894531,
      6.631573677062988,
      5.831489086151123,
      11.212122917175293,
      9.715249061584473,
      4.597397327423096,
      3.0560996532440186
    ]
  ],
  "covariance_short": [
    [
      116.5972671508789,
      95.63700103759766,
      23.114608764648438,
      30.636274337768555,
      17.701791763305664,
      20.585588455200195,
      10.013273239135742,
      8.984944343566895,
      1.8096381425857544,
      -0.30256187915802,
      -10.219139099121094,
      -11.014211654663086,
      -24.18105125427246,
      -24.142696380615234,
      -9.896584510803223,
      -10.796104431152344,
      4.459829807281494,
      3.4240126609802246
    ],
    [
      95.63700103759766,
      118.83151245117188,
      22.238624572753906,
      31.85239028930664,
      18.611194610595703,
      21.053316116333008,
      11.3897066116333,
      10.560672760009766,
      3.9071929454803467,
      1.7685810327529907,
      -6.956374168395996,
      -7.2224225997924805,
      -19.26766586303711,
      -19.427833557128906,
      -8.45781135559082,
      -8.030290603637695,
      4.274548530578613,
      3.4135520458221436
    ],
    [
      23.114608764648438,
      22.238624572753906,
      22.9654541015625,
      18.783023834228516,
      14.160881996154785,
      15.026023864746094,
      12.631672859191895,
      11.396977424621582,
      10.064740180969238,
      9.821603775024414,
      8.669075965881348,
      7.912420272827148,
      6.066838264465332,
      6.121897220611572,
      13.115961074829102,
      11.905844688415527,
      6.606076240539551,
      4.673101902008057
    ],
    [
      30.636274337768555,
      31.85239028930664,
      18.783023834228516,
      27.018917083740234,
      14.454056739807129,
      15.694472312927246,
      12.27785587310791,
      10.980717658996582,
      8.756999015808105,
      8.576279640197754,
      4.887980937957764,
      4.378320693969727,
      0.5009718537330627,
      1.0887713432312012,
      8.171150207519531,
      7.303587436676025,
      5.448603630065918,
      3.9403417110443115
    ],
    [
      17.701791763305664,
      18.611194610595703,
      14.160881996154785,
      14.454056739807129,
      19.35245704650879,
      15.206974983215332,
      13.199487686157227,
      12.214522361755371,
      10.924955368041992,
      10.788046836853027,
      9.801860809326172,
      9.022428512573242,
      7.163294792175293,
      6.904784202575684,
      13.543111801147461,
      12.40070629119873,
      6.914137840270996,
      4.8305511474609375
    ],
    [
      20.585588455200195,
      21.053316116333008,
      15.026023864746094,
      15.694472312927246,
      15.206974983215332,
      19.788759231567383,
      12.415413856506348,
      11.487093925476074,
      9.652546882629395,
      10.034387588500977,
      8.196830749511719,
      8.052314758300781,
      5.0786261558532715,
      5.498149871826172,
      10.850326538085938,
      10.457775115966797,
      5.801777362823486,
      4.159185409545898
    ],
    [
      10.013273239135742,
      11.3897066116333,
      12.631672859191895,
      12.27785587310791,
      13.199487686157227,
      12.415413856506348,
      16.690622329711914,
      12.359904289245605,
      12.138067245483398,
      12.06779670715332,
      12.188432693481445,
      11.501419067382812,
      11.177447319030762,
      11.097579002380371,
      17.727127075195312,
      16.31464385986328,
      7.286562442779541,
      4.983521461486816
    ],
    [
      8.984944343566895,
      10.560672760009766,
      11.396977424621582,
      10.980717658996582,
      12.214522361755371,
      11.487093925476074,
      12.359904289245605,
      15.021343231201172,
      11.350844383239746,
      11.882030487060547,
      11.257728576660156,
      11.164578437805176,
      9.837798118591309,
      10.308894157409668,
      14.31215763092041,
      13.89664363861084,
      5.751193046569824,
      4.049638748168945
    ],
    [
      1.8096381425857544,
      3.9071929454803467,
      10.064740180969238,
      8.756999015808105,
      10.924955368041992,
      9.652546882629395,
      12.138067245483398,
      11.350844383239746,
      16.48748016357422,
      13.540677070617676,
      15.638758659362793,
      14.816007614135742,
      16.391374588012695,
      16.14391326904297,
      21.397584915161133,
      20.07162094116211,
      7.667659282684326,
      5.202676296234131
    ],
    [
      -0.30256187915802,
      1.7685810327529907,
      9.821603775024414,
      8.576279640197754,
      10.788046836853027,
      10.034387588500977,
      12.06779670715332,
      11.882030487060547,
      13.540677070617676,
      16.991260528564453,
      14.77335262298584,
      14.849607467651367,
      15.45616340637207,
      16.113527297973633,
      19.84174346923828,
      19.706201553344727,
      6.4197001457214355,
      4.423420429229736
    ],
    [
      -10.219139099121094,
      -6.956374168395996,
      8.669075965881348,
      4.887980937957764,
      9.801860809326172,
      8.196830749511719,
      12.188432693481445,
      11.257728576660156,
      15.638758659362793,
      14.77335262298584,
      26.758251190185547,
      22.398229598999023,
      27.02269744873047,
      26.476530075073242,
      30.98154067993164,
      29.055871963500977,
      9.36545181274414,
      6.182733535766602
    ],
    [
      -11.014211654663086,
      -7.2224225997924805,
      7.912420272827148,
      4.378320693969727,
      9.022428512573242,
      8.052314758300781,
      11.501419067382812,
      11.164578437805176,
      14.816007614135742,
      14.849607467651367,
      22.398229598999023,
      25.66277503967285,
      25.079021453857422,
      25.46289825439453,
      26.595195770263672,
      26.32761573791504,
      7.4824395179748535,
      5.061422824859619
    ],
    [
      -24.18105125427246,
      -19.26766586303711,
      6.066838264465332,
      0.5009718537330627,
      7.163294792175293,
      5.0786261558532715,
      11.177447319030762,
      9.837798118591309,
      16.391374588012695,
      15.45616340637207,
      27.02269744873047,
      25.079021453857422,
      43.420982360839844,
      36.866233825683594,
      43.34053421020508,
      39.508907318115234,
      11.960715293884277,
      7.703348159790039
    ],
    [
      -24.142696380615234,
      -19.427833557128906,
      6.121897220611572,
      1.0887713432312012,
      6.904784202575684,
      5.498149871826172,
      11.097579002380371,
      10.308894157409668,
      16.14391326904297,
      16.113527297973633,
      26.476530075073242,
      25.46289825439453,
      36.866233825683594,
      40.358394622802734,
      39.205726623535156,
      37.35672378540039,
      9.889050483703613,
      6.475634574890137
    ],
    [
      -9.896584510803223,
      -8.45781135559082,
      13.115961074829102,
      8.171150207519531,
      13.543111801147461,
      10.850326538085938,
      17.727127075195312,
      14.31215763092041,
      21.397584915161133,
      19.84174346923828,
      30.98154067993164,
      26.595195770263672,
      43.34053421020508,
      39.205726623535156,
      78.45307159423828,
      65.9234390258789,
      20.80901336669922,
      13.106045722961426
    ],
    [
      -10.796104431152344,
      -8.030290603637695,
      11.905844688415527,
      7.303587436676025,
      12.40070629119873,
      10.457775115966797,
      16.31464385986328,
      13.89664363861084,
      20.07162094116211,
      19.706201553344727,
      29.055871963500977,
      26.32761573791504,
      39.508907318115234,
      37.35672378540039,
      65.9234390258789,
      62.80947494506836,
      16.787216186523438,
      10.743138313293457
    ],
    [
      4.459829807281494,
      4.274548530578613,
      6.606076240539551,
      5.448603630065918,
      6.914137840270996,
      5.801777362823486,
      7.286562442779541,
      5.751193046569824,
      7.667659282684326,
      6.4197001457214355,
      9.36545181274414,
      7.4824395179748535,
      11.960715293884277,
      9.889050483703613,
      20.80901336669922,
      16.787216186523438,
      8.343090057373047,
      5.322009563446045
    ],
    [
      3.4240126609802246,
      3.4135520458221436,
      4.673101902008057,
      3.9403417110443115,
      4.8305511474609375,
      4.159185409545898,
      4.983521461486816,
      4.049638748168945,
      5.202676296234131,
      4.423420429229736,
      6.182733535766602,
      5.061422824859619,
      7.703348159790039,
      6.475634574890137,
      13.106045722961426,
      10.743138313293457,
      5.322009563446045,
      3.513718366622925
    ]
  ],
  "damage": -7.269933700561523,
  "diff_bandwidth": 758.4453125,
  "dissonance": 6.2369708886641115,
  "drr": 0.5144222378730774,
  "dynamics": 3.1887638568878174,
  "format": 1245190,
  "frames": 8777728,
  "loudness": -11.10276985168457,
  "loudness_range": 8.395685195922852,
  "loudness_range_short": 9.253742218017578,
  "lowpass_true_peak_15khz": -0.07275975495576859,
  "mastering3_acoustic_entropies": [
    {
      "acoustic_entropy": 2.5839271545410156,
      "acoustic_entropy_mono": 2.4010517597198486,
      "band_eliminated_acoustic_entropies": [
        {
          "acoustic_entropy": 2.591271162033081,
          "acoustic_entropy_side": 2.584399700164795,
          "hz": 129.47220167065723
        },
        {
          "acoustic_entropy": 2.6921167373657227,
          "acoustic_entropy_side": 2.6697394847869873,
          "hz": 202.92927478742237
        },
        {
          "acoustic_entropy": 2.6916685104370117,
          "acoustic_entropy_side": 2.575660228729248,
          "hz": 282.89161906338205
        },
        {
          "acoustic_entropy": 2.793252944946289,
          "acoustic_entropy_side": 2.7051165103912354,
          "hz": 369.9353335868758
        },
        {
          "acoustic_entropy": 2.834484100341797,
          "acoustic_entropy_side": 2.676058530807495,
          "hz": 464.6875360973435
        },
        {
          "acoustic_entropy": 2.711944341659546,
          "acoustic_entropy_side": 2.7529404163360596,
          "hz": 567.8308811364784
        },
        {
          "acoustic_entropy": 3.218512535095215,
          "acoustic_entropy_side": 2.998154640197754,
          "hz": 680.1084783214808
        },
        {
          "acoustic_entropy": 2.737253189086914,
          "acoustic_entropy_side": 2.777919054031372,
          "hz": 802.3292461747484
        },
        {
          "acoustic_entropy": 2.929288864135742,
          "acoustic_entropy_side": 2.674332857131958,
          "hz": 935.3737400823702
        },
        {
          "acoustic_entropy": 2.712218761444092,
          "acoustic_entropy_side": 2.7251391410827637,
          "hz": 1080.2004963696966
        },
        {
          "acoustic_entropy": 2.967592477798462,
          "acoustic_entropy_side": 2.78533935546875,
          "hz": 1237.8529382007157
        },
        {
          "acoustic_entropy": 2.518021583557129,
          "acoustic_entropy_side": 2.684760332107544,
          "hz": 1409.4668930556702
        },
        {
          "acoustic_entropy": 2.5465822219848633,
          "acoustic_entropy_side": 2.5784740447998047,
          "hz": 1596.2787759475705
        },
        {
          "acoustic_entropy": 2.673347234725952,
          "acoustic_entropy_side": 2.6747751235961914,
          "hz": 1799.6344973346393
        },
        {
          "acoustic_entropy": 2.682607889175415,
          "acoustic_entropy_side": 2.648730516433716,
          "hz": 2020.9991599069049
        },
        {
          "acoustic_entropy": 2.519976854324341,
          "acoustic_entropy_side": 2.524566888809204,
          "hz": 2261.9676141086993
        },
        {
          "acoustic_entropy": 2.607245922088623,
          "acoustic_entropy_side": 2.650587797164917,
          "hz": 2524.2759484456974
        },
        {
          "acoustic_entropy": 2.6749627590179443,
          "acoustic_entropy_side": 2.597700357437134,
          "hz": 2809.813997359896
        },
        {
          "acoustic_entropy": 2.6321589946746826,
          "acoustic_entropy_side": 2.5995593070983887,
          "hz": 3120.6389567871424
        },
        {
          "acoustic_entropy": 2.5813984870910645,
          "acoustic_entropy_side": 2.5315115451812744,
          "hz": 3458.990205492291
        },
        {
          "acoustic_entropy": 2.5935349464416504,
          "acoustic_entropy_side": 2.5950825214385986,
          "hz": 3827.305438964164
        },
        {
          "acoustic_entropy": 2.571577548980713,
          "acoustic_entropy_side": 2.581308364868164,
          "hz": 4228.238232109126
        },
        {
          "acoustic_entropy": 2.6005523204803467,
          "acoustic_entropy_side": 2.583958625793457,
          "hz": 4664.6771572759235
        },
        {
          "acoustic_entropy": 2.5753989219665527,
          "acoustic_entropy_side": 2.584014892578125,
          "hz": 5139.766595350093
        },
        {
          "acoustic_entropy": 2.5808844566345215,
          "acoustic_entropy_side": 2.5803017616271973,
          "hz": 5656.929389854203
        },
        {
          "acoustic_entropy": 2.5836780071258545,
          "acoustic_entropy_side": 2.5845935344696045,
          "hz": 6219.891507268283
        },
        {
          "acoustic_entropy": 2.571462392807007,
          "acoustic_entropy_side": 2.5825035572052,
          "hz": 6832.70888123896
        },
        {
          "acoustic_entropy": 2.5834145545959473,
          "acoustic_entropy_side": 2.584127426147461,
          "hz": 7499.796634079867
        },
        {
          "acoustic_entropy": 2.5838043689727783,
          "acoustic_entropy_side": 2.583930730819702,
          "hz": 8225.96088609342
        },
        {
          "acoustic_entropy": 2.586561441421509,
          "acoustic_entropy_side": 2.584045648574829,
          "hz": 9016.43338188839
        },
        {
          "acoustic_entropy": 2.5840089321136475,
          "acoustic_entropy_side": 2.583897829055786,
          "hz": 9876.909183162974
        },
        {
          "acoustic_entropy": 2.5838756561279297,
          "acoustic_entropy_side": 2.5839178562164307,
          "hz": 10813.587699516042
        },
        {
          "acoustic_entropy": 2.583925485610962,
          "acoustic_entropy_side": 2.5839271545410156,
          "hz": 11833.21735289826
        },
        {
          "acoustic_entropy": 2.5839264392852783,
          "acoustic_entropy_side": 2.5839271545410156,
          "hz": 12943.144197493959
        },
        {
          "acoustic_entropy": 2.5839269161224365,
          "acoustic_entropy_side": 2.5839271545410156,
          "hz": 14151.364845322005
        },
        {
          "acoustic_entropy": 2.5839271545410156,
          "acoustic_entropy_side": 2.5839271545410156,
          "hz": 15466.58407886509
        },
        {
          "acoustic_entropy": 2.5839271545410156,
          "acoustic_entropy_side": 2.5839271545410156,
          "hz": 16898.27756580493
        },
        {
          "acoustic_entropy": 2.5839271545410156,
          "acoustic_entropy_side": 2.5839271545410156,
          "hz": 18456.760127700032
        },
        {
          "acoustic_entropy": 2.5839271545410156,
          "acoustic_entropy_side": 2.5839271545410156,
          "hz": 20153.260054456492
        },
        {
          "acoustic_entropy": 2.5839271545410156,
          "acoustic_entropy_side": 2.5839271545410156,
          "hz": 22000.00000000001
        }
      ],
      "diff_acoustic_entropy": 0.991206169128418,
      "sn": 6
    },
    {
      "acoustic_entropy": 4.952137470245361,
      "acoustic_entropy_mono": 4.351288795471191,
      "band_eliminated_acoustic_entropies": [
        {
          "acoustic_entropy": 4.999695777893066,
          "acoustic_entropy_side": 4.990468978881836,
          "hz": 129.47220167065723
        },
        {
          "acoustic_entropy": 4.81073522567749,
          "acoustic_entropy_side": 4.776384353637695,
          "hz": 202.92927478742237
        },
        {
          "acoustic_entropy": 5.329528331756592,
          "acoustic_entropy_side": 5.139895439147949,
          "hz": 282.89161906338205
        },
        {
          "acoustic_entropy": 5.116285800933838,
          "acoustic_entropy_side": 5.076430797576904,
          "hz": 369.9353335868758
        },
        {
          "acoustic_entropy": 5.32618522644043,
          "acoustic_entropy_side": 4.968598365783691,
          "hz": 464.6875360973435
        },
        {
          "acoustic_entropy": 5.4043450355529785,
          "acoustic_entropy_side": 4.93597936630249,
          "hz": 567.8308811364784
        },
        {
          "acoustic_entropy": 5.213533401489258,
          "acoustic_entropy_side": 5.314513683319092,
          "hz": 680.1084783214808
        },
        {
          "acoustic_entropy": 5.283794403076172,
          "acoustic_entropy_side": 5.213634967803955,
          "hz": 802.3292461747484
        },
        {
          "acoustic_entropy": 5.483348846435547,
          "acoustic_entropy_side": 5.078602313995361,
          "hz": 935.3737400823702
        },
        {
          "acoustic_entropy": 5.347988605499268,
          "acoustic_entropy_side": 5.360069751739502,
          "hz": 1080.2004963696966
        },
        {
          "acoustic_entropy": 5.598119258880615,
          "acoustic_entropy_side": 5.484673976898193,
          "hz": 1237.8529382007157
        },
        {
          "acoustic_entropy": 5.1941046714782715,
          "acoustic_entropy_side": 5.2160491943359375,
          "hz": 1409.4668930556702
        },
        {
          "acoustic_entropy": 5.161831378936768,
          "acoustic_entropy_side": 4.966325283050537,
          "hz": 1596.2787759475705
        },
        {
          "acoustic_entropy": 5.295156002044678,
          "acoustic_entropy_side": 5.103627681732178,
          "hz": 1799.6344973346393
        },
        {
          "acoustic_entropy": 4.834029674530029,
          "acoustic_entropy_side": 4.7952375411987305,
          "hz": 2020.9991599069049
        },
        {
          "acoustic_entropy": 4.828616619110107,
          "acoustic_entropy_side": 4.899313449859619,
          "hz": 2261.9676141086993
        },
        {
          "acoustic_entropy": 4.935696125030518,
          "acoustic_entropy_side": 4.922338485717773,
          "hz": 2524.2759484456974
        },
        {
          "acoustic_entropy": 4.952145576477051,
          "acoustic_entropy_side": 4.972753047943115,
          "hz": 2809.813997359896
        },
        {
          "acoustic_entropy": 5.097626686096191,
          "acoustic_entropy_side": 5.025129318237305,
          "hz": 3120.6389567871424
        },
        {
          "acoustic_entropy": 4.907219409942627,
          "acoustic_entropy_side": 4.9250874519348145,
          "hz": 3458.990205492291
        },
        {
          "acoustic_entropy": 4.92789888381958,
          "acoustic_entropy_side": 4.818382740020752,
          "hz": 3827.305438964164
        },
        {
          "acoustic_entropy": 5.049819469451904,
          "acoustic_entropy_side": 4.94791841506958,
          "hz": 4228.238232109126
        },
        {
          "acoustic_entropy": 4.99888801574707,
          "acoustic_entropy_side": 5.007577419281006,
          "hz": 4664.6771572759235
        },
        {
          "acoustic_entropy": 4.880867004394531,
          "acoustic_entropy_side": 4.925641059875488,
          "hz": 5139.766595350093
        },
        {
          "acoustic_entropy": 5.033567428588867,
          "acoustic_entropy_side": 4.978248596191406,
          "hz": 5656.929389854203
        },
        {
          "acoustic_entropy": 4.990862846374512,
          "acoustic_entropy_side": 4.965195178985596,
          "hz": 6219.891507268283
        },
        {
          "acoustic_entropy": 4.875664710998535,
          "acoustic_entropy_side": 4.922937393188477,
          "hz": 6832.70888123896
        },
        {
          "acoustic_entropy": 4.962425231933594,
          "acoustic_entropy_side": 4.9622979164123535,
          "hz": 7499.796634079867
        },
        {
          "acoustic_entropy": 4.9476776123046875,
          "acoustic_entropy_side": 4.94929838180542,
          "hz": 8225.96088609342
        },
        {
          "acoustic_entropy": 4.965014934539795,
          "acoustic_entropy_side": 4.951148986816406,
          "hz": 9016.43338188839
        },
        {
          "acoustic_entropy": 4.943615436553955,
          "acoustic_entropy_side": 4.951434135437012,
          "hz": 9876.909183162974
        },
        {
          "acoustic_entropy": 4.951411724090576,
          "acoustic_entropy_side": 4.952067852020264,
          "hz": 10813.587699516042
        },
        {
          "acoustic_entropy": 4.952151298522949,
          "acoustic_entropy_side": 4.952138423919678,
          "hz": 11833.21735289826
        },
        {
          "acoustic_entropy": 4.952145099639893,
          "acoustic_entropy_side": 4.952138900756836,
          "hz": 12943.144197493959
        },
        {
          "acoustic_entropy": 4.952136993408203,
          "acoustic_entropy_side": 4.952138900756836,
          "hz": 14151.364845322005
        },
        {
          "acoustic_entropy": 4.952138423919678,
          "acoustic_entropy_side": 4.9521379470825195,
          "hz": 15466.58407886509
        },
        {
          "acoustic_entropy": 4.952137470245361,
          "acoustic_entropy_side": 4.952137470245361,
          "hz": 16898.27756580493
        },
        {
          "acoustic_entropy": 4.952137470245361,
          "acoustic_entropy_side": 4.952137470245361,
          "hz": 18456.760127700032
        },
        {
          "acoustic_entropy": 4.952137470245361,
          "acoustic_entropy_side": 4.9521379470825195,
          "hz": 20153.260054456492
        },
        {
          "acoustic_entropy": 4.952137470245361,
          "acoustic_entropy_side": 4.952137470245361,
          "hz": 22000.00000000001
        }
      ],
      "diff_acoustic_entropy": 1.932108759880066,
      "sn": 12
    },
    {
      "acoustic_entropy": 9.606779098510742,
      "acoustic_entropy_mono": 8.204856872558594,
      "band_eliminated_acoustic_entropies": [
        {
          "acoustic_entropy": 9.837242126464844,
          "acoustic_entropy_side": 9.63160514831543,
          "hz": 129.47220167065723
        },
        {
          "acoustic_entropy": 9.375215530395508,
          "acoustic_entropy_side": 9.176743507385254,
          "hz": 202.92927478742237
        },
        {
          "acoustic_entropy": 10.069316864013672,
          "acoustic_entropy_side": 9.83716869354248,
          "hz": 282.89161906338205
        },
        {
          "acoustic_entropy": 9.429404258728027,
          "acoustic_entropy_side": 9.814435958862305,
          "hz": 369.9353335868758
        },
        {
          "acoustic_entropy": 9.656816482543945,
          "acoustic_entropy_side": 9.715509414672852,
          "hz": 464.6875360973435
        },
        {
          "acoustic_entropy": 9.73945140838623,
          "acoustic_entropy_side": 9.557771682739258,
          "hz": 567.8308811364784
        },
        {
          "acoustic_entropy": 9.925737380981445,
          "acoustic_entropy_side": 10.187657356262207,
          "hz": 680.1084783214808
        },
        {
          "acoustic_entropy": 9.721251487731934,
          "acoustic_entropy_side": 9.304553031921387,
          "hz": 802.3292461747484
        },
        {
          "acoustic_entropy": 9.138029098510742,
          "acoustic_entropy_side": 9.563486099243164,
          "hz": 935.3737400823702
        },
        {
          "acoustic_entropy": 9.373017311096191,
          "acoustic_entropy_side": 9.36408519744873,
          "hz": 1080.2004963696966
        },
        {
          "acoustic_entropy": 9.88544750213623,
          "acoustic_entropy_side": 9.8783540725708,
          "hz": 1237.8529382007157
        },
        {
          "acoustic_entropy": 9.585808753967285,
          "acoustic_entropy_side": 9.475690841674805,
          "hz": 1409.4668930556702
        },
        {
          "acoustic_entropy": 9.203524589538574,
          "acoustic_entropy_side": 9.485886573791504,
          "hz": 1596.2787759475705
        },
        {
          "acoustic_entropy": 9.393202781677246,
          "acoustic_entropy_side": 9.641191482543945,
          "hz": 1799.6344973346393
        },
        {
          "acoustic_entropy": 9.773979187011719,
          "acoustic_entropy_side": 9.679498672485352,
          "hz": 2020.9991599069049
        },
        {
          "acoustic_entropy": 9.490974426269531,
          "acoustic_entropy_side": 9.615297317504883,
          "hz": 2261.9676141086993
        },
        {
          "acoustic_entropy": 9.95423412322998,
          "acoustic_entropy_side": 9.946755409240723,
          "hz": 2524.2759484456974
        },
        {
          "acoustic_entropy": 9.424818992614746,
          "acoustic_entropy_side": 9.355937004089355,
          "hz": 2809.813997359896
        },
        {
          "acoustic_entropy": 9.47890853881836,
          "acoustic_entropy_side": 9.685226440429688,
