{
  "acoustic_entropy": 191.8559112548828,
  "bands": [
    {
      "high_freq": 148.1999969482422,
      "loudness": -34.87959289550781,
      "loudness_range": 23.525333404541016,
      "mid_mean": -33.32974624633789,
      "mid_to_side_loudness": -2.9558849334716797,
      "mid_to_side_loudness_range": 12.113092422485352,
      "side_mean": -36.42717742919922
    },
    {
      "high_freq": 392.3793640136719,
      "loudness": -27.828161239624023,
      "loudness_range": 14.68437385559082,
      "low_freq": 148.1999969482422,
      "mid_mean": -26.95289421081543,
      "mid_to_side_loudness": -0.6296228170394897,
      "mid_to_side_loudness_range": 6.409488677978516,
      "side_mean": -27.67980194091797
    },
    {
      "high_freq": 794.6976318359375,
      "loudness": -26.595626831054688,
      "loudness_range": 15.694246292114258,
      "low_freq": 392.3793640136719,
      "mid_mean": -25.614585876464844,
      "mid_to_side_loudness": -1.1518677473068237,
      "mid_to_side_loudness_range": 5.822390556335449,
      "side_mean": -26.78009796142578
    },
    {
      "high_freq": 1457.5709228515625,
      "loudness": -28.728145599365234,
      "loudness_range": 19.619497299194336,
      "low_freq": 794.6976318359375,
      "mid_mean": -27.763790130615234,
      "mid_to_side_loudness": -1.2395620346069336,
      "mid_to_side_loudness_range": 3.952756881713867,
      "side_mean": -29.16474723815918
    },
    {
      "high_freq": 2549.74365234375,
      "loudness": -31.808244705200195,
      "loudness_range": 22.08824348449707,
      "low_freq": 1457.5709228515625,
      "mid_mean": -30.611812591552734,
      "mid_to_side_loudness": -1.4355229139328003,
      "mid_to_side_loudness_range": 4.1257476806640625,
      "side_mean": -32.19173812866211
    },
    {
      "high_freq": 4349.24462890625,
      "loudness": -36.885711669921875,
      "loudness_range": 21.057050704956055,
      "low_freq": 2549.74365234375,
      "mid_mean": -35.67753601074219,
      "mid_to_side_loudness": -1.4929518699645996,
      "mid_to_side_loudness_range": 2.938905954360962,
      "side_mean": -37.09682083129883
    },
    {
      "high_freq": 7314.1640625,
      "loudness": -47.5240478515625,
      "loudness_range": 26.72842788696289,
      "low_freq": 4349.24462890625,
      "mid_mean": -46.38495635986328,
      "mid_to_side_loudness": -1.4869812726974487,
      "mid_to_side_loudness_range": 3.3215465545654297,
      "side_mean": -48.04800796508789
    },
    {
      "high_freq": 12199.2666015625,
      "loudness": -56.55229187011719,
      "loudness_range": 30.781723022460938,
      "low_freq": 7314.1640625,
      "mid_mean": -56.34894943237305,
      "mid_to_side_loudness": -1.7178618907928467,
      "mid_to_side_loudness_range": 2.9590682983398438,
      "side_mean": -57.792213439941406
    },
    {
      "loudness": -67.55521392822266,
      "loudness_range": 25.283966064453125,
      "low_freq": 12199.2666015625,
      "mid_mean": -63.80805587768555,
      "mid_to_side_loudness": -2.3578836917877197,
      "mid_to_side_loudness_range": 4.0918684005737305,
      "side_mean": -65.11468505859375
    }
  ],
  "bands_short": [
    {
      "high_freq": 148.1999969482422,
      "loudness": -37.478309631347656,
      "loudness_range": 23.38055419921875,
      "mid_mean": -36.766258239746094,
      "mid_to_side_loudness": -3.2700355052948,
      "mid_to_side_loudness_range": 18.165281295776367,
      "side_mean": -40.20333480834961
    },
    {
      "high_freq": 392.3793640136719,
      "loudness": -27.90771484375,
      "loudness_range": 16.42059326171875,
      "low_freq": 148.1999969482422,
      "mid_mean": -27.21682357788086,
      "mid_to_side_loudness": -0.6829190254211426,
      "mid_to_side_loudness_range": 9.396352767944336,
      "side_mean": -28.030702590942383
    },
    {
      "high_freq": 794.6976318359375,
      "loudness": -26.696983337402344,
      "loudness_range": 16.408649444580078,
      "low_freq": 392.3793640136719,
      "mid_mean": -25.95240592956543,
      "mid_to_side_loudness": -1.12367844581604,
      "mid_to_side_loudness_range": 9.881216049194336,
      "side_mean": -26.996925354003906
    },
    {
      "high_freq": 1457.5709228515625,
      "loudness": -28.637218475341797,
      "loudness_range": 19.20367431640625,
      "low_freq": 794.6976318359375,
      "mid_mean": -27.78187370300293,
      "mid_to_side_loudness": -1.249436616897583,
      "mid_to_side_loudness_range": 8.053875923156738,
      "side_mean": -29.213319778442383
    },
    {
      "high_freq": 2549.74365234375,
      "loudness": -32.036827087402344,
      "loudness_range": 22.277067184448242,
      "low_freq": 1457.5709228515625,
      "mid_mean": -31.0638427734375,
      "mid_to_side_loudness": -1.4133609533309937,
      "mid_to_side_loudness_range": 7.429051399230957,
      "side_mean": -32.549224853515625
    },
    {
      "high_freq": 4349.24462890625,
      "loudness": -36.942935943603516,
      "loudness_range": 21.34303092956543,
      "low_freq": 2549.74365234375,
      "mid_mean": -35.818031311035156,
      "mid_to_side_loudness": -1.4730149507522583,
      "mid_to_side_loudness_range": 5.6222028732299805,
      "side_mean": -37.24161148071289
    },
    {
      "high_freq": 7314.1640625,
      "loudness": -47.77634048461914,
      "loudness_range": 26.983898162841797,
      "low_freq": 4349.24462890625,
      "mid_mean": -46.730674743652344,
      "mid_to_side_loudness": -1.4474128484725952,
      "mid_to_side_loudness_range": 5.370696544647217,
      "side_mean": -48.36076736450195
    },
    {
      "high_freq": 12199.2666015625,
      "loudness": -57.433631896972656,
      "loudness_range": 30.564197540283203,
      "low_freq": 7314.1640625,
      "mid_mean": -56.91045379638672,
      "mid_to_side_loudness": -1.5928038358688354,
      "mid_to_side_loudness_range": 3.642733097076416,
      "side_mean": -58.200042724609375
    },
    {
      "loudness": -68.59794616699219,
      "loudness_range": 24.973743438720703,
      "low_freq": 12199.2666015625,
      "mid_mean": -64.49519348144531,
      "mid_to_side_loudness": -2.173595666885376,
      "mid_to_side_loudness_range": 4.732157230377197,
      "side_mean": -65.54550170898438
    }
  ],
  "bandwidth": 688.6554565429688,
  "channels": 2,
  "covariance": [
    [
      70.35078430175781,
      56.48140335083008,
      32.61015701293945,
      29.701091766357422,
      28.933406829833984,
      29.62742805480957,
      35.81995391845703,
      34.298797607421875,
      37.08583450317383,
      35.539127349853516,
      32.61667251586914,
      29.416095733642578,
      40.24543380737305,
      36.25606155395508,
      45.29789733886719,
      40.4497184753418,
      30.19565773010254,
      23.769290924072266
    ],
    [
      56.48140335083008,
      64.36993408203125,
      32.41762924194336,
      28.1701717376709,
      29.262285232543945,
      29.64737319946289,
      36.14427185058594,
      35.11086654663086,
      36.80400848388672,
      34.60734176635742,
      32.0966682434082,
      29.42654800415039,
      38.47429275512695,
      35.155574798583984,
      41.02288818359375,
      36.64167785644531,
      25.814905166625977,
      20.12383270263672
    ],
    [
      32.61015701293945,
      32.41762924194336,
      34.40656661987305,
      30.67795181274414,
      23.89216423034668,
      24.833576202392578,
      27.012235641479492,
      27.21257209777832,
      27.564971923828125,
      25.73532485961914,
      25.202030181884766,
      23.601797103881836,
      30.500490188598633,
      28.253376007080078,
      33.44545364379883,
      29.968162536621094,
      20.896282196044922,
      16.281206130981445
    ],
    [
      29.701091766357422,
      28.1701717376709,
      30.67795181274414,
      32.15395736694336,
      23.084487915039062,
      24.20115089416504,
      25.964494705200195,
      25.700347900390625,
      26.68120765686035,
      24.873682022094727,
      23.856651306152344,
      22.302148818969727,
      28.36554527282715,
      26.0516414642334,
      30.7518253326416,
      27.5814266204834,
      18.643421173095703,
      14.524462699890137
    ],
    [
      28.933406829833984,
      29.262285232543945,
      23.89216423034668,
      23.084487915039062,
      40.30094909667969,
      38.58904266357422,
      43.277217864990234,
      42.44597244262695,
      43.10798263549805,
      42.37262725830078,
      40.2573127746582,
      38.95964050292969,
      46.668636322021484,
      43.24707794189453,
      43.99116516113281,
      39.83209991455078,
      23.450239181518555,
      18.493057250976562
    ],
    [
      29.62742805480957,
      29.64737319946289,
      24.833576202392578,
      24.20115089416504,
      38.58904266357422,
      41.89506530761719,
      43.131568908691406,
      42.85865783691406,
      42.77644729614258,
      42.17570877075195,
      40.09925079345703,
      38.892662048339844,
      46.26192092895508,
      42.986167907714844,
      43.73112487792969,
      39.70499038696289,
      23.011995315551758,
      18.104692459106445
    ],
    [
      35.81995391845703,
      36.14427185058594,
      27.012235641479492,
      25.964494705200195,
      43.277217864990234,
      43.131568908691406,
      59.33616256713867,
      55.32029724121094,
      53.27996063232422,
      50.045372009277344,
      48.94109344482422,
      46.80991744995117,
      54.42665481567383,
      49.73621368408203,
      52.0102424621582,
      47.145538330078125,
      27.778505325317383,
      21.76970100402832
    ],
    [
      34.298797607421875,
      35.11086654663086,
      27.21257209777832,
      25.700347900390625,
      42.44597244262695,
      42.85865783691406,
      55.32029724121094,
      57.16004943847656,
      52.76608657836914,
      49.01447296142578,
      48.374732971191406,
      46.34131622314453,
      53.39652633666992,
      49.03076934814453,
      51.005619049072266,
      46.308380126953125,
      26.760385513305664,
      21.06060791015625
    ],
    [
      37.08583450317383,
      36.80400848388672,
      27.564971923828125,
      26.68120765686035,
      43.10798263549805,
      42.77644729614258,
      53.27996063232422,
      52.76608657836914,
      65.06108093261719,
      59.34129333496094,
      51.27320861816406,
      48.5815544128418,
      60.6348762512207,
      55.363182067871094,
      57.96047592163086,
      52.52325439453125,
      32.565208435058594,
      25.58041000366211
    ],
    [
      35.539127349853516,
      34.60734176635742,
      25.73532485961914,
      24.873682022094727,
      42.37262725830078,
      42.17570877075195,
      50.045372009277344,
      49.01447296142578,
      59.34129333496094,
      59.213382720947266,
      49.796783447265625,
      47.477378845214844,
      58.41813278198242,
      53.41725540161133,
      55.632442474365234,
      50.39253616333008,
      31.190475463867188,
      24.403255462646484
    ],
    [
      32.61667251586914,
      32.0966682434082,
      25.202030181884766,
      23.856651306152344,
      40.2573127746582,
      40.09925079345703,
      48.94109344482422,
      48.374732971191406,
      51.27320861816406,
      49.796783447265625,
      54.621917724609375,
      50.27923583984375,
      60.95004653930664,
      58.137271881103516,
      59.33490753173828,
      54.56435012817383,
      32.70524978637695,
      26.85570526123047
    ],
    [
      29.416095733642578,
      29.42654800415039,
      23.601797103881836,
      22.302148818969727,
      38.95964050292969,
      38.892662048339844,
      46.80991744995117,
      46.34131622314453,
      48.5815544128418,
      47.477378845214844,
      50.27923583984375,
      49.288780212402344,
      58.17869567871094,
      54.16112518310547,
      55.16053009033203,
      50.94686508178711,
      30.13327980041504,
      24.981414794921875
    ],
    [
      40.24543380737305,
      38.47429275512695,
      30.500490188598633,
      28.36554527282715,
      46.668636322021484,
      46.26192092895508,
      54.42665481567383,
      53.39652633666992,
      60.6348762512207,
      58.41813278198242,
      60.95004653930664,
      58.17869567871094,
      79.28657531738281,
      73.57288360595703,
      77.7634506225586,
      71.60331726074219,
      44.51153564453125,
      36.78633499145508
    ],
    [
      36.25606155395508,
      35.155574798583984,
      28.253376007080078,
      26.0516414642334,
      43.24707794189453,
      42.986167907714844,
      49.73621368408203,
      49.03076934814453,
      55.363182067871094,
      53.41725540161133,
      58.137271881103516,
      54.16112518310547,
      73.57288360595703,
      71.93682098388672,
      73.70492553710938,
      68.20196533203125,
      41.5714111328125,
      34.75654220581055
    ],
    [
      45.29789733886719,
      41.02288818359375,
      33.44545364379883,
      30.7518253326416,
      43.99116516113281,
      43.73112487792969,
      52.0102424621582,
      51.005619049072266,
      57.96047592163086,
      55.632442474365234,
      59.33490753173828,
      55.16053009033203,
      77.7634506225586,
      73.70492553710938,
      90.89656066894531,
      83.07909393310547,
      54.260284423828125,
      44.808685302734375
    ],
    [
      40.4497184753418,
      36.64167785644531,
      29.968162536621094,
      27.5814266204834,
      39.83209991455078,
      39.70499038696289,
      47.145538330078125,
      46.308380126953125,
      52.52325439453125,
      50.39253616333008,
      54.56435012817383,
      50.94686508178711,
      71.60331726074219,
      68.20196533203125,
      83.07909393310547,
      76.54296112060547,
      49.43783950805664,
      41.399192810058594
    ],
    [
      30.19565773010254,
      25.814905166625977,
      20.896282196044922,
      18.643421173095703,
      23.450239181518555,
      23.011995315551758,
      27.778505325317383,
      26.760385513305664,
      32.565208435058594,
      31.190475463867188,
      32.70524978637695,
      30.13327980041504,
      44.51153564453125,
      41.5714111328125,
      54.260284423828125,
      49.43783950805664,
      39.90254211425781,
      33.5166130065918
    ],
    [
      23.769290924072266,
      20.12383270263672,
      16.281206130981445,
      14.524462699890137,
      18.493057250976562,
      18.104692459106445,
      21.76970100402832,
      21.06060791015625,
      25.58041000366211,
      24.403255462646484,
      26.85570526123047,
      24.981414794921875,
      36.78633499145508,
      34.75654220581055,
      44.808685302734375,
      41.399192810058594,
      33.5166130065918,
      29.169824600219727
    ]
  ],
  "covariance_short": [
    [
      86.2484359741211,
      53.298316955566406,
      31.48331642150879,
      29.07372283935547,
      25.70916175842285,
      27.34859275817871,
      31.20589828491211,
      29.841657638549805,
      29.576520919799805,
      29.390079498291016,
      26.129058837890625,
      24.240272521972656,
      30.039857864379883,
      28.35926628112793,
      33.690494537353516,
      30.646900177001953,
      20.69402313232422,
      17.085803985595703
    ],
    [
      53.298316955566406,
      75.36229705810547,
      28.325899124145508,
      25.662668228149414,
      23.85433006286621,
      25.09696388244629,
      28.16874122619629,
      26.931350708007812,
      25.671098709106445,
      25.126522064208984,
      22.035179138183594,
      21.007349014282227,
      24.083755493164062,
      23.498804092407227,
      24.910804748535156,
      22.689037322998047,
      14.434706687927246,
      12.0759859085083
    ],
    [
      31.48331642150879,
      28.325899124145508,
      40.79680633544922,
      32.88433074951172,
      25.177278518676758,
      25.44191551208496,
      28.92807960510254,
      29.36236000061035,
      30.316923141479492,
      28.80388832092285,
      27.468982696533203,
      25.807302474975586,
      32.44670867919922,
      30.427268981933594,
      33.53729248046875,
      30.795072555541992,
      18.669780731201172,
      15.449180603027344
    ],
    [
      29.07372283935547,
      25.662668228149414,
      32.88433074951172,
      37.81990051269531,
      24.78400230407715,
      25.842613220214844,
      27.47587776184082,
      27.74135971069336,
      28.95829963684082,
      27.599231719970703,
      25.840211868286133,
      24.339439392089844,
      29.83399772644043,
      27.878969192504883,
      30.555994033813477,
      28.124313354492188,
      16.413158416748047,
      13.564108848571777
    ],
    [
      25.70916175842285,
      23.85433006286621,
      25.177278518676758,
      24.78400230407715,
      43.234439849853516,
      35.98017120361328,
      39.72180938720703,
      40.1710090637207,
      42.61215591430664,
      40.911659240722656,
      39.558265686035156,
      37.96549606323242,
      44.468353271484375,
      42.15071105957031,
      41.17290496826172,
      37.76785659790039,
      20.3245906829834,
      16.72792625427246
    ],
    [
      27.34859275817871,
      25.09696388244629,
      25.44191551208496,
      25.842613220214844,
      35.98017120361328,
      43.712486267089844,
      39.409854888916016,
      40.056861877441406,
      41.43939208984375,
      40.06135940551758,
      38.14872360229492,
      37.01986312866211,
      42.88275909423828,
      40.595054626464844,
      39.79829406738281,
      36.6335334777832,
      19.15843963623047,
      15.771628379821777
    ],
    [
      31.20589828491211,
      28.16874122619629,
      28.92807960510254,
      27.47587776184082,
      39.72180938720703,
      39.409854888916016,
      58.23166275024414,
      50.98556900024414,
      51.4143180847168,
      48.0802001953125,
      47.59876251220703,
      45.286869049072266,
      51.98048400878906,
      48.50581359863281,
      48.4786376953125,
      44.33365249633789,
      24.246726989746094,
      19.741825103759766
    ],
    [
      29.841657638549805,
      26.931350708007812,
      29.36236000061035,
      27.74135971069336,
      40.1710090637207,
      40.056861877441406,
      50.98556900024414,
      57.569454193115234,
      51.59526062011719,
      48.14157485961914,
      47.55998992919922,
      45.71786880493164,
      51.697052001953125,
      48.18894577026367,
      47.918190002441406,
      43.96372985839844,
      23.401941299438477,
      19.17677879333496
    ],
    [
      29.576520919799805,
      25.671098709106445,
      30.316923141479492,
      28.95829963684082,
      42.61215591430664,
      41.43939208984375,
      51.4143180847168,
      51.59526062011719,
      68.6960220336914,
      60.29603576660156,
      53.102073669433594,
      50.458099365234375,
      61.15997314453125,
      56.15605545043945,
      56.73564910888672,
      51.94087600708008,
      29.68916893005371,
      24.168071746826172
    ],
    [
      29.390079498291016,
      25.126522064208984,
      28.80388832092285,
      27.599231719970703,
      40.911659240722656,
      40.06135940551758,
      48.0802001953125,
      48.14157485961914,
      60.29603576660156,
      61.894752502441406,
      50.485145568847656,
      48.038169860839844,
      58.39261245727539,
      53.6545295715332,
      53.79057312011719,
      49.368385314941406,
      27.81998062133789,
      22.664812088012695
    ],
    [
      26.129058837890625,
      22.035179138183594,
      27.468982696533203,
      25.840211868286133,
      39.558265686035156,
      38.14872360229492,
      47.59876251220703,
      47.55998992919922,
      53.102073669433594,
      50.485145568847656,
      57.020347595214844,
      51.734500885009766,
      61.79389572143555,
      58.263492584228516,
      58.38129806518555,
      54.002197265625,
      30.424760818481445,
      25.598594665527344
    ],
    [
      24.240272521972656,
      21.007349014282227,
      25.807302474975586,
      24.339439392089844,
      37.96549606323242,
      37.01986312866211,
      45.286869049072266,
      45.71786880493164,
      50.458099365234375,
      48.038169860839844,
      51.734500885009766,
      52.381832122802734,
      58.516475677490234,
      55.38260269165039,
      54.798057556152344,
      51.01474380493164,
      28.132007598876953,
      23.990386962890625
    ],
    [
      30.039857864379883,
      24.083755493164062,
      32.44670867919922,
      29.83399772644043,
      44.468353271484375,
      42.88275909423828,
      51.98048400878906,
      51.697052001953125,
      61.15997314453125,
      58.39261245727539,
      61.79389572143555,
      58.516475677490234,
      80.60235595703125,
      74.07134246826172,
      76.00444793701172,
      70.32166290283203,
      40.8143424987793,
      34.388343811035156
    ],
    [
      28.35926628112793,
      23.498804092407227,
      30.427268981933594,
      27.878969192504883,
      42.15071105957031,
      40.595054626464844,
      48.50581359863281,
      48.18894577026367,
      56.15605545043945,
      53.6545295715332,
      58.263492584228516,
      55.38260269165039,
      74.07134246826172,
      73.90557861328125,
      72.17416381835938,
      67.54973602294922,
      37.8580322265625,
      32.70558166503906
    ],
    [
      33.690494537353516,
      24.910804748535156,
      33.53729248046875,
      30.555994033813477,
      41.17290496826172,
      39.79829406738281,
      48.4786376953125,
      47.918190002441406,
      56.73564910888672,
      53.79057312011719,
      58.38129806518555,
      54.798057556152344,
      76.00444793701172,
      72.17416381835938,
      86.56438446044922,
      79.3123550415039,
      48.711917877197266,
      40.971351623535156
    ],
    [
      30.646900177001953,
      22.689037322998047,
      30.795072555541992,
      28.124313354492188,
      37.76785659790039,
      36.6335334777832,
      44.33365249633789,
      43.96372985839844,
      51.94087600708008,
      49.368385314941406,
      54.002197265625,
      51.01474380493164,
      70.32166290283203,
      67.54973602294922,
      79.3123550415039,
      74.29268646240234,
      44.15493392944336,
      38.20585632324219
    ],
    [
      20.69402313232422,
      14.434706687927246,
      18.669780731201172,
      16.413158416748047,
      20.3245906829834,
      19.15843963623047,
      24.246726989746094,
      23.401941299438477,
      29.68916893005371,
      27.81998062133789,
      30.424760818481445,
      28.132007598876953,
      40.8143424987793,
      37.8580322265625,
      48.711917877197266,
      44.15493392944336,
      35.30360412597656,
      29.619169235229492
    ],
    [
      17.085803985595703,
      12.0759859085083,
      15.449180603027344,
      13.564108848571777,
      16.72792625427246,
      15.771628379821777,
      19.741825103759766,
      19.17677879333496,
      24.168071746826172,
      22.664812088012695,
      25.598594665527344,
      23.990386962890625,
      34.388343811035156,
      32.70558166503906,
      40.971351623535156,
      38.20585632324219,
      29.619169235229492,
      26.370880126953125
    ]
  ],
  "damage": -11.845236778259277,
  "diff_bandwidth": 696.1741333007812,
  "dissonance": 7.815815367676465,
  "drr": 0.24149788916110992,
  "dynamics": 4.792990207672119,
  "format": 1245190,
  "frames": 4417536,
  "loudness": -17.31306266784668,
  "loudness_range": 15.04916000366211,
  "loudness_range_short": 15.936902046203613,
  "lowpass_true_peak_15khz": -0.6015811562538147,
  "mastering3_acoustic_entropies": [
    {
      "acoustic_entropy": 4.286555767059326,
      "acoustic_entropy_mono": 4.378015041351318,
      "band_eliminated_acoustic_entropies": [
        {
          "acoustic_entropy": 4.290443420410156,
          "acoustic_entropy_side": 4.286255359649658,
          "hz": 129.47220167065723
        },
        {
          "acoustic_entropy": 4.265462398529053,
          "acoustic_entropy_side": 4.2824530601501465,
          "hz": 202.92927478742237
        },
        {
          "acoustic_entropy": 4.1031670570373535,
          "acoustic_entropy_side": 4.261419773101807,
          "hz": 282.89161906338205
        },
        {
          "acoustic_entropy": 4.011496543884277,
          "acoustic_entropy_side": 4.19282341003418,
          "hz": 369.9353335868758
        },
        {
          "acoustic_entropy": 4.1872992515563965,
          "acoustic_entropy_side": 4.288995265960693,
          "hz": 464.6875360973435
        },
        {
          "acoustic_entropy": 4.080924987792969,
          "acoustic_entropy_side": 4.2458815574646,
          "hz": 567.8308811364784
        },
        {
          "acoustic_entropy": 4.207705974578857,
          "acoustic_entropy_side": 4.267464637756348,
          "hz": 680.1084783214808
        },
        {
          "acoustic_entropy": 4.12307071685791,
          "acoustic_entropy_side": 4.119091510772705,
          "hz": 802.3292461747484
        },
        {
          "acoustic_entropy": 4.295609951019287,
          "acoustic_entropy_side": 4.339311122894287,
          "hz": 935.3737400823702
        },
        {
          "acoustic_entropy": 4.023012161254883,
          "acoustic_entropy_side": 4.256070137023926,
          "hz": 1080.2004963696966
        },
        {
          "acoustic_entropy": 4.199580669403076,
          "acoustic_entropy_side": 4.164949417114258,
          "hz": 1237.8529382007157
        },
        {
          "acoustic_entropy": 4.333208084106445,
          "acoustic_entropy_side": 4.367860794067383,
          "hz": 1409.4668930556702
        },
        {
          "acoustic_entropy": 3.813605785369873,
          "acoustic_entropy_side": 4.110918998718262,
          "hz": 1596.2787759475705
        },
        {
          "acoustic_entropy": 3.664241075515747,
          "acoustic_entropy_side": 4.093377590179443,
          "hz": 1799.6344973346393
        },
        {
          "acoustic_entropy": 4.245039939880371,
          "acoustic_entropy_side": 4.324094295501709,
          "hz": 2020.9991599069049
        },
        {
          "acoustic_entropy": 4.333477973937988,
          "acoustic_entropy_side": 4.289834499359131,
          "hz": 2261.9676141086993
        },
        {
          "acoustic_entropy": 4.21962308883667,
          "acoustic_entropy_side": 4.28101110458374,
          "hz": 2524.2759484456974
        },
        {
          "acoustic_entropy": 4.142762184143066,
          "acoustic_entropy_side": 4.258149147033691,
          "hz": 2809.813997359896
        },
        {
          "acoustic_entropy": 4.247077465057373,
          "acoustic_entropy_side": 4.253132343292236,
          "hz": 3120.6389567871424
        },
        {
          "acoustic_entropy": 4.2696852684021,
          "acoustic_entropy_side": 4.265127658843994,
          "hz": 3458.990205492291
        },
        {
          "acoustic_entropy": 4.223625183105469,
          "acoustic_entropy_side": 4.249982833862305,
          "hz": 3827.305438964164
        },
        {
          "acoustic_entropy": 4.2961344718933105,
          "acoustic_entropy_side": 4.282370090484619,
          "hz": 4228.238232109126
        },
        {
          "acoustic_entropy": 4.360497951507568,
          "acoustic_entropy_side": 4.310638427734375,
          "hz": 4664.6771572759235
        },
        {
          "acoustic_entropy": 4.347484111785889,
          "acoustic_entropy_side": 4.309202194213867,
          "hz": 5139.766595350093
        },
        {
          "acoustic_entropy": 4.353092670440674,
          "acoustic_entropy_side": 4.309653282165527,
          "hz": 5656.929389854203
        },
        {
          "acoustic_entropy": 4.340573310852051,
          "acoustic_entropy_side": 4.308094501495361,
          "hz": 6219.891507268283
        },
        {
          "acoustic_entropy": 4.341455459594727,
          "acoustic_entropy_side": 4.309154510498047,
          "hz": 6832.70888123896
        },
        {
          "acoustic_entropy": 4.3278679847717285,
          "acoustic_entropy_side": 4.302778720855713,
          "hz": 7499.796634079867
        },
        {
          "acoustic_entropy": 4.328697204589844,
          "acoustic_entropy_side": 4.304382801055908,
          "hz": 8225.96088609342
        },
        {
          "acoustic_entropy": 4.323941230773926,
          "acoustic_entropy_side": 4.30059289932251,
          "hz": 9016.43338188839
        },
        {
          "acoustic_entropy": 4.318277835845947,
          "acoustic_entropy_side": 4.298106670379639,
          "hz": 9876.909183162974
        },
        {
          "acoustic_entropy": 4.3198370933532715,
          "acoustic_entropy_side": 4.29609489440918,
          "hz": 10813.587699516042
        },
        {
          "acoustic_entropy": 4.3103156089782715,
          "acoustic_entropy_side": 4.292540550231934,
          "hz": 11833.21735289826
        },
        {
          "acoustic_entropy": 4.311312675476074,
          "acoustic_entropy_side": 4.292026042938232,
          "hz": 12943.144197493959
        },
        {
          "acoustic_entropy": 4.308413505554199,
          "acoustic_entropy_side": 4.291100978851318,
          "hz": 14151.364845322005
        },
        {
          "acoustic_entropy": 4.300168991088867,
          "acoustic_entropy_side": 4.288576602935791,
          "hz": 15466.58407886509
        },
        {
          "acoustic_entropy": 4.289884090423584,
          "acoustic_entropy_side": 4.286906719207764,
          "hz": 16898.27756580493
        },
        {
          "acoustic_entropy": 4.28670597076416,
          "acoustic_entropy_side": 4.286500930786133,
          "hz": 18456.760127700032
        },
        {
          "acoustic_entropy": 4.2864251136779785,
          "acoustic_entropy_side": 4.286513328552246,
          "hz": 20153.260054456492
        },
        {
          "acoustic_entropy": 4.286541938781738,
          "acoustic_entropy_side": 4.286550045013428,
          "hz": 22000.00000000001
        }
      ],
      "diff_acoustic_entropy": 1.0657917261123657,
      "sn": 6
    },
    {
      "acoustic_entropy": 7.31908655166626,
      "acoustic_entropy_mono": 6.7568230628967285,
      "band_eliminated_acoustic_entropies": [
        {
          "acoustic_entropy": 7.381036281585693,
          "acoustic_entropy_side": 7.322787761688232,
          "hz": 129.47220167065723
        },
        {
          "acoustic_entropy": 7.304598331451416,
          "acoustic_entropy_side": 7.3735456466674805,
          "hz": 202.92927478742237
        },
        {
          "acoustic_entropy": 7.0873847007751465,
          "acoustic_entropy_side": 7.089632987976074,
          "hz": 282.89161906338205
        },
        {
          "acoustic_entropy": 7.247114181518555,
          "acoustic_entropy_side": 7.376912593841553,
          "hz": 369.9353335868758
        },
        {
          "acoustic_entropy": 7.406551361083984,
          "acoustic_entropy_side": 7.193161964416504,
          "hz": 464.6875360973435
        },
        {
          "acoustic_entropy": 7.849891662597656,
          "acoustic_entropy_side": 7.614864349365234,
          "hz": 567.8308811364784
        },
        {
          "acoustic_entropy": 7.661744117736816,
          "acoustic_entropy_side": 7.701159477233887,
          "hz": 680.1084783214808
        },
        {
          "acoustic_entropy": 7.488710403442383,
          "acoustic_entropy_side": 7.4910054206848145,
          "hz": 802.3292461747484
        },
        {
          "acoustic_entropy": 7.343489170074463,
          "acoustic_entropy_side": 7.460976600646973,
          "hz": 935.3737400823702
        },
        {
          "acoustic_entropy": 7.339337348937988,
          "acoustic_entropy_side": 7.387479305267334,
          "hz": 1080.2004963696966
        },
        {
          "acoustic_entropy": 7.42256498336792,
          "acoustic_entropy_side": 7.249897480010986,
          "hz": 1237.8529382007157
        },
        {
          "acoustic_entropy": 7.530289649963379,
          "acoustic_entropy_side": 7.469020366668701,
          "hz": 1409.4668930556702
        },
        {
          "acoustic_entropy": 6.939060211181641,
          "acoustic_entropy_side": 7.392004013061523,
          "hz": 1596.2787759475705
        },
        {
          "acoustic_entropy": 7.400511741638184,
          "acoustic_entropy_side": 7.312387943267822,
          "hz": 1799.6344973346393
        },
        {
          "acoustic_entropy": 7.459688186645508,
          "acoustic_entropy_side": 7.564189910888672,
          "hz": 2020.9991599069049
        },
        {
          "acoustic_entropy": 7.481732368469238,
          "acoustic_entropy_side": 7.5580878257751465,
          "hz": 2261.9676141086993
        },
        {
          "acoustic_entropy": 7.130002021789551,
          "acoustic_entropy_side": 7.179739475250244,
          "hz": 2524.2759484456974
        },
        {
          "acoustic_entropy": 7.356894016265869,
          "acoustic_entropy_side": 7.299733638763428,
          "hz": 2809.813997359896
        },
        {
          "acoustic_entropy": 7.157999038696289,
          "acoustic_entropy_side": 7.187379360198975,
          "hz": 3120.6389567871424
        },
        {
          "acoustic_entropy": 7.206919193267822,
          "acoustic_entropy_side": 7.232693672180176,
          "hz": 3458.990205492291
        },
        {
          "acoustic_entropy": 7.070310115814209,
          "acoustic_entropy_side": 7.1879658699035645,
          "hz": 3827.305438964164
        },
        {
          "acoustic_entropy": 7.2176513671875,
          "acoustic_entropy_side": 7.286055088043213,
          "hz": 4228.238232109126
        },
        {
          "acoustic_entropy": 7.2042083740234375,
          "acoustic_entropy_side": 7.281993389129639,
          "hz": 4664.6771572759235
        },
        {
          "acoustic_entropy": 7.282988548278809,
          "acoustic_entropy_side": 7.311277866363525,
          "hz": 5139.766595350093
        },
        {
          "acoustic_entropy": 7.300257205963135,
          "acoustic_entropy_side": 7.304365634918213,
          "hz": 5656.929389854203
        },
        {
          "acoustic_entropy": 7.300856590270996,
          "acoustic_entropy_side": 7.312034606933594,
          "hz": 6219.891507268283
        },
        {
          "acoustic_entropy": 7.292013645172119,
          "acoustic_entropy_side": 7.309998512268066,
          "hz": 6832.70888123896
        },
        {
          "acoustic_entropy": 7.324751377105713,
          "acoustic_entropy_side": 7.3218092918396,
          "hz": 7499.796634079867
        },
        {
          "acoustic_entropy": 7.324673652648926,
          "acoustic_entropy_side": 7.321695804595947,
          "hz": 8225.96088609342
        },
        {
          "acoustic_entropy": 7.317458152770996,
          "acoustic_entropy_side": 7.318548202514648,
          "hz": 9016.43338188839
        },
        {
          "acoustic_entropy": 7.316230297088623,
          "acoustic_entropy_side": 7.317924976348877,
          "hz": 9876.909183162974
        },
        {
          "acoustic_entropy": 7.295995235443115,
          "acoustic_entropy_side": 7.303985595703125,
          "hz": 10813.587699516042
        },
        {
          "acoustic_entropy": 7.293176651000977,
          "acoustic_entropy_side": 7.302060127258301,
          "hz": 11833.21735289826
        },
        {
          "acoustic_entropy": 7.317397117614746,
          "acoustic_entropy_side": 7.293610572814941,
          "hz": 12943.144197493959
        },
        {
          "acoustic_entropy": 7.336826324462891,
          "acoustic_entropy_side": 7.2925896644592285,
          "hz": 14151.364845322005
        },
        {
          "acoustic_entropy": 7.320913791656494,
          "acoustic_entropy_side": 7.294581890106201,
          "hz": 15466.58407886509
        },
        {
          "acoustic_entropy": 7.29374361038208,
          "acoustic_entropy_side": 7.297728061676025,
          "hz": 16898.27756580493
        },
        {
          "acoustic_entropy": 7.29672384262085,
          "acoustic_entropy_side": 7.304125785827637,
          "hz": 18456.760127700032
        },
        {
          "acoustic_entropy": 7.301082611083984,
          "acoustic_entropy_side": 7.311831951141357,
          "hz": 20153.260054456492
        },
        {
          "acoustic_entropy": 7.316794395446777,
          "acoustic_entropy_side": 7.318154811859131,
          "hz": 22000.00000000001
        }
      ],
      "diff_acoustic_entropy": 2.7631657123565674,
      "sn": 12
    },
    {
      "acoustic_entropy": 12.250406265258789,
      "acoustic_entropy_mono": 12.198302268981934,
      "band_eliminated_acoustic_entropies": [
        {
          "acoustic_entropy": 12.157511711120605,
          "acoustic_entropy_side": 12.217604637145996,
          "hz": 129.47220167065723
        },
        {
          "acoustic_entropy": 12.351531982421875,
          "acoustic_entropy_side": 12.790185928344727,
          "hz": 202.92927478742237
        },
        {
          "acoustic_entropy": 12.39512825012207,
          "acoustic_entropy_side": 12.521333694458008,
          "hz": 282.89161906338205
        },
        {
          "acoustic_entropy": 12.207463264465332,
          "acoustic_entropy_side": 12.220687866210938,
          "hz": 369.9353335868758
        },
        {
          "acoustic_entropy": 12.963127136230469,
          "acoustic_entropy_side": 13.022055625915527,
          "hz": 464.6875360973435
        },
        {
          "acoustic_entropy": 12.527176856994629,
          "acoustic_entropy_side": 12.6177978515625,
          "hz": 567.8308811364784
        },
        {
          "acoustic_entropy": 11.552496910095215,
          "acoustic_entropy_side": 12.624922752380371,
          "hz": 680.1084783214808
        },
        {
          "acoustic_entropy": 12.407330513000488,
          "acoustic_entropy_side": 12.380882263183594,
          "hz": 802.3292461747484
        },
        {
          "acoustic_entropy": 11.693465232849121,
          "acoustic_entropy_side": 11.968201637268066,
          "hz": 935.3737400823702
        },
        {
          "acoustic_entropy": 11.89961051940918,
          "acoustic_entropy_side": 12.05642032623291,
          "hz": 1080.2004963696966
        },
        {
          "acoustic_entropy": 12.435226440429688,
          "acoustic_entropy_side": 12.265387535095215,
          "hz": 1237.8529382007157
        },
        {
          "acoustic_entropy": 12.502950668334961,
          "acoustic_entropy_side": 12.249292373657227,
          "hz": 1409.4668930556702
        },
        {
          "acoustic_entropy": 11.706942558288574,
          "acoustic_entropy_side": 11.513832092285156,
          "hz": 1596.2787759475705
        },
        {
          "acoustic_entropy": 12.218840599060059,
          "acoustic_entropy_side": 12.280489921569824,
          "hz": 1799.6344973346393
        },
        {
          "acoustic_entropy": 12.007015228271484,
          "acoustic_entropy_side": 12.178633689880371,
          "hz": 2020.9991599069049
        },
        {
          "acoustic_entropy": 12.281882286071777,
          "acoustic_entropy_side": 12.170838356018066,
          "hz": 2261.9676141086993
        },
        {
          "acoustic_entropy": 12.113324165344238,
          "acoustic_entropy_side": 12.24068546295166,
          "hz": 2524.2759484456974
        },
        {
          "acoustic_entropy": 12.100446701049805,
          "acoustic_entropy_side": 12.248283386230469,
          "hz": 2809.813997359896
        },
        {
          "acoustic_entropy": 11.774377822875977,
          "acoustic_entropy_side": 11.97782039642334,
          "hz": 3120.6389567871424
        },
        {
          "acoustic_entropy": 12.16534423828125,
