{
  "acoustic_entropy": 135.5702362060547,
  "bands": [
    {
      "high_freq": 148.1999969482422,
      "loudness": -33.62654495239258,
      "loudness_range": 24.296802520751953,
      "mid_mean": -32.679141998291016,
      "mid_to_side_loudness": -0.8798024654388428,
      "mid_to_side_loudness_range": 5.615756034851074,
      "side_mean": -33.532020568847656
    },
    {
      "high_freq": 392.3793640136719,
      "loudness": -33.8719482421875,
      "loudness_range": 23.456546783447266,
      "low_freq": 148.1999969482422,
      "mid_mean": -31.91143798828125,
      "mid_to_side_loudness": -3.9790608882904053,
      "mid_to_side_loudness_range": 9.6873140335083,
      "side_mean": -35.89031982421875
    },
    {
      "high_freq": 794.6976318359375,
      "loudness": -35.129058837890625,
      "loudness_range": 22.12940788269043,
      "low_freq": 392.3793640136719,
      "mid_mean": -33.17271423339844,
      "mid_to_side_loudness": -4.240215301513672,
      "mid_to_side_loudness_range": 11.982707977294922,
      "side_mean": -37.404544830322266
    },
    {
      "high_freq": 1457.5709228515625,
      "loudness": -33.346858978271484,
      "loudness_range": 31.080272674560547,
      "low_freq": 794.6976318359375,
      "mid_mean": -31.487918853759766,
      "mid_to_side_loudness": -3.454946756362915,
      "mid_to_side_loudness_range": 7.0006279945373535,
      "side_mean": -34.80345916748047
    },
    {
      "high_freq": 2549.74365234375,
      "loudness": -41.62217330932617,
      "loudness_range": 32.89624786376953,
      "low_freq": 1457.5709228515625,
      "mid_mean": -40.34016799926758,
      "mid_to_side_loudness": -1.7023402452468872,
      "mid_to_side_loudness_range": 4.897038459777832,
      "side_mean": -42.03020477294922
    },
    {
      "high_freq": 4349.24462890625,
      "loudness": -47.46431350708008,
      "loudness_range": 33.85624694824219,
      "low_freq": 2549.74365234375,
      "mid_mean": -50.2349853515625,
      "mid_to_side_loudness": -1.677913784980774,
      "mid_to_side_loudness_range": 3.9453556537628174,
      "side_mean": -51.62412643432617
    },
    {
      "high_freq": 7314.1640625,
      "loudness": -55.70501708984375,
      "loudness_range": 31.181129455566406,
      "low_freq": 4349.24462890625,
      "mid_mean": -61.29412841796875,
      "mid_to_side_loudness": -2.1244771480560303,
      "mid_to_side_loudness_range": 4.061609268188477,
      "side_mean": -62.54640197753906
    },
    {
      "high_freq": 12199.2666015625,
      "loudness": -62.45988845825195,
      "loudness_range": 26.848129272460938,
      "low_freq": 7314.1640625,
      "mid_mean": -66.41569519042969,
      "mid_to_side_loudness": -2.7091732025146484,
      "mid_to_side_loudness_range": 4.7122883796691895,
      "side_mean": -66.98228454589844
    },
    {
      "loudness": -68.698974609375,
      "loudness_range": 24.24703598022461,
      "low_freq": 12199.2666015625,
      "mid_mean": -68.47599792480469,
      "mid_to_side_loudness": -3.743245840072632,
      "mid_to_side_loudness_range": 6.537874698638916,
      "side_mean": -68.68582916259766
    }
  ],
  "bands_short": [
    {
      "high_freq": 148.1999969482422,
      "loudness": -34.5798454284668,
      "loudness_range": 24.931066513061523,
      "mid_mean": -33.95901870727539,
      "mid_to_side_loudness": -0.5086773633956909,
      "mid_to_side_loudness_range": 11.356980323791504,
      "side_mean": -34.495601654052734
    },
    {
      "high_freq": 392.3793640136719,
      "loudness": -33.61591720581055,
      "loudness_range": 22.747425079345703,
      "low_freq": 148.1999969482422,
      "mid_mean": -31.772438049316406,
      "mid_to_side_loudness": -4.01264762878418,
      "mid_to_side_loudness_range": 12.460798263549805,
      "side_mean": -35.783966064453125
    },
    {
      "high_freq": 794.6976318359375,
      "loudness": -35.51832962036133,
      "loudness_range": 21.168140411376953,
      "low_freq": 392.3793640136719,
      "mid_mean": -33.64466857910156,
      "mid_to_side_loudness": -4.308412075042725,
      "mid_to_side_loudness_range": 14.062151908874512,
      "side_mean": -37.93867111206055
    },
    {
      "high_freq": 1457.5709228515625,
      "loudness": -32.940364837646484,
      "loudness_range": 30.615497589111328,
      "low_freq": 794.6976318359375,
      "mid_mean": -31.245746612548828,
      "mid_to_side_loudness": -3.287572145462036,
      "mid_to_side_loudness_range": 9.87200927734375,
      "side_mean": -34.414127349853516
    },
    {
      "high_freq": 2549.74365234375,
      "loudness": -41.898807525634766,
      "loudness_range": 32.799346923828125,
      "low_freq": 1457.5709228515625,
      "mid_mean": -40.740116119384766,
      "mid_to_side_loudness": -1.6845636367797852,
      "mid_to_side_loudness_range": 7.780368804931641,
      "side_mean": -42.386226654052734
    },
    {
      "high_freq": 4349.24462890625,
      "loudness": -47.603206634521484,
      "loudness_range": 34.34701919555664,
      "low_freq": 2549.74365234375,
      "mid_mean": -50.354312896728516,
      "mid_to_side_loudness": -1.7657113075256348,
      "mid_to_side_loudness_range": 6.906667709350586,
      "side_mean": -51.80873489379883
    },
    {
      "high_freq": 7314.1640625,
      "loudness": -55.64975357055664,
      "loudness_range": 31.197174072265625,
      "low_freq": 4349.24462890625,
      "mid_mean": -61.274234771728516,
      "mid_to_side_loudness": -2.2941343784332275,
      "mid_to_side_loudness_range": 6.30820369720459,
      "side_mean": -62.64433670043945
    },
    {
      "high_freq": 12199.2666015625,
      "loudness": -63.58245849609375,
      "loudness_range": 27.881221771240234,
      "low_freq": 7314.1640625,
      "mid_mean": -66.69192504882812,
      "mid_to_side_loudness": -2.699553966522217,
      "mid_to_side_loudness_range": 5.063847541809082,
      "side_mean": -67.1996841430664
    },
    {
      "loudness": -68.90927124023438,
      "loudness_range": 24.53866195678711,
      "low_freq": 12199.2666015625,
      "mid_mean": -68.63287353515625,
      "mid_to_side_loudness": -3.861133098602295,
      "mid_to_side_loudness_range": 7.276973724365234,
      "side_mean": -68.81438446044922
    }
  ],
  "bandwidth": 556.7802124023438,
  "channels": 2,
  "covariance": [
    [
      64.23128509521484,
      61.21492385864258,
      39.66938400268555,
      46.375274658203125,
      30.073211669921875,
      32.960540771484375,
      34.30476379394531,
      38.75450897216797,
      36.612060546875,
      38.1810188293457,
      57.49082565307617,
      56.699188232421875,
      38.39830780029297,
      35.18030548095703,
      20.887266159057617,
      19.611427307128906,
      10.84988784790039,
      10.599980354309082
    ],
    [
      61.21492385864258,
      66.31755828857422,
      34.63730239868164,
      43.686981201171875,
      27.078683853149414,
      30.591136932373047,
      35.6718635559082,
      39.20022201538086,
      32.920780181884766,
      33.53145217895508,
      53.57694625854492,
      53.385047912597656,
      36.1296501159668,
      33.21636199951172,
      21.93425941467285,
      20.43989372253418,
      11.304780006408691,
      10.99802303314209
    ],
    [
      39.66938400268555,
      34.63730239868164,
      63.27642822265625,
      56.70329666137695,
      37.871578216552734,
      28.26392364501953,
      34.360958099365234,
      34.50975036621094,
      46.27580642700195,
      44.76536178588867,
      76.88495635986328,
      73.814453125,
      54.18167495727539,
      48.80173873901367,
      26.598649978637695,
      23.862335205078125,
      11.861985206604004,
      11.050458908081055
    ],
    [
      46.375274658203125,
      43.686981201171875,
      56.70329666137695,
      64.36766815185547,
      36.80263137817383,
      37.89929962158203,
      44.74690246582031,
      49.5926399230957,
      58.457008361816406,
      57.54836654663086,
      86.85198974609375,
      84.06239318847656,
      62.81999206542969,
      56.77373123168945,
      32.94844436645508,
      29.6018009185791,
      14.867058753967285,
      13.841143608093262
    ],
    [
      30.073211669921875,
      27.078683853149414,
      37.871578216552734,
      36.80263137817383,
      59.075775146484375,
      54.732295989990234,
      36.2403678894043,
      36.60529327392578,
      39.2278938293457,
      38.096187591552734,
      59.611751556396484,
      55.25099182128906,
      38.395835876464844,
      33.15165328979492,
      14.570499420166016,
      11.5137300491333,
      3.9678728580474854,
      3.3119282722473145
    ],
    [
      32.960540771484375,
      30.591136932373047,
      28.26392364501953,
      37.89929962158203,
      54.732295989990234,
      71.22808074951172,
      46.37825012207031,
      52.848514556884766,
      57.68988800048828,
      58.40777587890625,
      71.04241180419922,
      66.85868835449219,
      49.70090103149414,
      43.31468200683594,
      21.002992630004883,
      17.366058349609375,
      7.053845405578613,
      6.224544525146484
    ],
    [
      34.30476379394531,
      35.6718635559082,
      34.360958099365234,
      44.74690246582031,
      36.2403678894043,
      46.37825012207031,
      88.88249969482422,
      93.00965881347656,
      65.84210205078125,
      64.19585418701172,
      92.14640808105469,
      89.42404174804688,
      72.76219177246094,
      66.39686584472656,
      41.7745246887207,
      37.34975814819336,
      19.486242294311523,
      18.41283416748047
    ],
    [
      38.75450897216797,
      39.20022201538086,
      34.50975036621094,
      49.5926399230957,
      36.60529327392578,
      52.848514556884766,
      93.00965881347656,
      107.04329681396484,
      76.31770324707031,
      75.8799057006836,
      102.99524688720703,
      100.36323547363281,
      81.11727142333984,
      73.99922180175781,
      47.031227111816406,
      41.95399856567383,
      21.76258659362793,
      20.468568801879883
    ],
    [
      36.612060546875,
      32.920780181884766,
      46.27580642700195,
      58.457008361816406,
      39.2278938293457,
      57.68988800048828,
      65.84210205078125,
      76.31770324707031,
      118.75858306884766,
      119.49457550048828,
      128.44131469726562,
      123.10852813720703,
      96.40780639648438,
      86.05924987792969,
      46.46156692504883,
      40.750823974609375,
      20.05727195739746,
      18.65034294128418
    ],
    [
      38.1810188293457,
      33.53145217895508,
      44.76536178588867,
      57.54836654663086,
      38.096187591552734,
      58.40777587890625,
      64.19585418701172,
      75.8799057006836,
      119.49457550048828,
      127.28598022460938,
      129.341552734375,
      124.37120819091797,
      98.26103210449219,
      87.85740661621094,
      46.478858947753906,
      40.954715728759766,
      20.395631790161133,
      19.075910568237305
    ],
    [
      57.49082565307617,
      53.57694625854492,
      76.88495635986328,
      86.85198974609375,
      59.611751556396484,
      71.04241180419922,
      92.14640808105469,
      102.99524688720703,
      128.44131469726562,
      129.341552734375,
      200.7227325439453,
      193.5343780517578,
      134.12208557128906,
      120.05842590332031,
      68.5736312866211,
      60.13057327270508,
      29.777772903442383,
      27.494625091552734
    ],
    [
      56.699188232421875,
      53.385047912597656,
      73.814453125,
      84.06239318847656,
      55.25099182128906,
      66.85868835449219,
      89.42404174804688,
      100.36323547363281,
      123.10852813720703,
      124.37120819091797,
      193.5343780517578,
      188.67698669433594,
      129.0079345703125,
      115.95756530761719,
      66.68575286865234,
      58.7960319519043,
      29.2958927154541,
      27.1771240234375
    ],
    [
      38.39830780029297,
      36.1296501159668,
      54.18167495727539,
      62.81999206542969,
      38.395835876464844,
      49.70090103149414,
      72.76219177246094,
      81.11727142333984,
      96.40780639648438,
      98.26103210449219,
      134.12208557128906,
      129.0079345703125,
      114.41035461425781,
      103.39682006835938,
      60.05813980102539,
      53.10085678100586,
      27.201404571533203,
      25.22015953063965
    ],
    [
      35.18030548095703,
      33.21636199951172,
      48.80173873901367,
      56.77373123168945,
      33.15165328979492,
      43.31468200683594,
      66.39686584472656,
      73.99922180175781,
      86.05924987792969,
      87.85740661621094,
      120.05842590332031,
      115.95756530761719,
      103.39682006835938,
      95.01179504394531,
      56.22629928588867,
      50.30523681640625,
      26.048351287841797,
      24.28350830078125
    ],
    [
      20.887266159057617,
      21.93425941467285,
      26.598649978637695,
      32.94844436645508,
      14.570499420166016,
      21.002992630004883,
      41.7745246887207,
      47.031227111816406,
      46.46156692504883,
      46.478858947753906,
      68.5736312866211,
      66.68575286865234,
      60.05813980102539,
      56.22629928588867,
      40.53609085083008,
      36.58790588378906,
      19.77935028076172,
      18.381942749023438
    ],
    [
      19.611427307128906,
      20.43989372253418,
      23.862335205078125,
      29.6018009185791,
      11.5137300491333,
      17.366058349609375,
      37.34975814819336,
      41.95399856567383,
      40.750823974609375,
      40.954715728759766,
      60.13057327270508,
      58.7960319519043,
      53.10085678100586,
      50.30523681640625,
      36.58790588378906,
      33.82069396972656,
      18.786956787109375,
      17.728290557861328
    ],
    [
      10.84988784790039,
      11.304780006408691,
      11.861985206604004,
      14.867058753967285,
      3.9678728580474854,
      7.053845405578613,
      19.486242294311523,
      21.76258659362793,
      20.05727195739746,
      20.395631790161133,
      29.777772903442383,
      29.2958927154541,
      27.201404571533203,
      26.048351287841797,
      19.77935028076172,
      18.786956787109375,
      11.418599128723145,
      10.904248237609863
    ],
    [
      10.599980354309082,
      10.99802303314209,
      11.050458908081055,
      13.841143608093262,
      3.3119282722473145,
      6.224544525146484,
      18.41283416748047,
      20.468568801879883,
      18.65034294128418,
      19.075910568237305,
      27.494625091552734,
      27.1771240234375,
      25.22015953063965,
      24.28350830078125,
      18.381942749023438,
      17.728290557861328,
      10.904248237609863,
      10.556375503540039
    ]
  ],
  "covariance_short": [
    [
      72.64891815185547,
      63.329559326171875,
      39.49686050415039,
      46.704776763916016,
      28.981868743896484,
      32.13642120361328,
      35.67546463012695,
      39.77771759033203,
      33.43833923339844,
      35.25857162475586,
      53.58136749267578,
      53.64285659790039,
      35.507774353027344,
      32.34266662597656,
      17.72896385192871,
      16.922882080078125,
      9.073795318603516,
      9.027405738830566
    ],
    [
      63.329559326171875,
      73.81661224365234,
      34.15068817138672,
      43.88455581665039,
      26.254945755004883,
      29.762361526489258,
      36.755401611328125,
      39.94086456298828,
      29.17857551574707,
      29.9757022857666,
      49.78422546386719,
      50.55853271484375,
      33.43293380737305,
      30.560680389404297,
      18.523582458496094,
      17.591350555419922,
      9.249058723449707,
      9.228501319885254
    ],
    [
      39.49686050415039,
      34.15068817138672,
      62.473087310791016,
      53.663692474365234,
      38.80583572387695,
      30.078886032104492,
      31.343603134155273,
      31.398784637451172,
      43.6624755859375,
      42.61893081665039,
      71.28729248046875,
      68.8370590209961,
      50.382652282714844,
      45.403446197509766,
      23.779483795166016,
      21.66059684753418,
      10.515185356140137,
      9.995478630065918
    ],
    [
      46.704776763916016,
      43.88455581665039,
      53.663692474365234,
      64.83834075927734,
      36.99617004394531,
      39.710697174072266,
      43.11582565307617,
      47.418697357177734,
      55.45708465576172,
      55.531837463378906,
      80.40142822265625,
      78.42711639404297,
      57.803810119628906,
      52.58153533935547,
      29.453622817993164,
      26.873611450195312,
      13.121475219726562,
      12.472518920898438
    ],
    [
      28.981868743896484,
      26.254945755004883,
      38.80583572387695,
      36.99617004394531,
      60.615760803222656,
      52.271636962890625,
      40.58217239379883,
      40.95387268066406,
      43.640560150146484,
      42.324119567871094,
      63.19429397583008,
      58.97646713256836,
      43.50316619873047,
      37.21324157714844,
      16.54438591003418,
      13.74094295501709,
      5.239729881286621,
      4.713759899139404
    ],
    [
      32.13642120361328,
      29.762361526489258,
      30.078886032104492,
      39.710697174072266,
      52.271636962890625,
      69.75511932373047,
      51.340492248535156,
      57.8182373046875,
      61.830970764160156,
      62.60555648803711,
      74.3805923461914,
      70.38053894042969,
      55.083251953125,
      47.62502670288086,
      22.701446533203125,
      19.332672119140625,
      8.057029724121094,
      7.3961286544799805
    ],
    [
      35.67546463012695,
      36.755401611328125,
      31.343603134155273,
      43.11582565307617,
      40.58217239379883,
      51.340492248535156,
      90.2288589477539,
      90.57036590576172,
      63.645450592041016,
      62.25522232055664,
      86.0286865234375,
      83.55233764648438,
      67.8921127319336,
      61.17367935180664,
      37.78059005737305,
      33.65532684326172,
      17.16062355041504,
      16.283906936645508
    ],
    [
      39.77771759033203,
      39.94086456298828,
      31.398784637451172,
      47.418697357177734,
      40.95387268066406,
      57.8182373046875,
      90.57036590576172,
      107.4581527709961,
      72.75640106201172,
      73.07430267333984,
      95.15287780761719,
      93.2773208618164,
      74.58102416992188,
      67.52433013916016,
      41.65983200073242,
      37.25556182861328,
      18.775636672973633,
      17.82005500793457
    ],
    [
      33.43833923339844,
      29.17857551574707,
      43.6624755859375,
      55.45708465576172,
      43.640560150146484,
      61.830970764160156,
      63.645450592041016,
      72.75640106201172,
      119.74633026123047,
      118.20906829833984,
      125.33273315429688,
      119.76554870605469,
      95.09001159667969,
      83.9291000366211,
      43.283447265625,
      37.94556427001953,
      18.023147583007812,
      16.926151275634766
    ],
    [
      35.25857162475586,
      29.9757022857666,
      42.61893081665039,
      55.531837463378906,
      42.324119567871094,
      62.60555648803711,
      62.25522232055664,
      73.07430267333984,
      118.20906829833984,
      128.8741455078125,
      126.59626770019531,
      121.599365234375,
      97.43627166748047,
      86.41747283935547,
      43.47100067138672,
      38.29878616333008,
      18.3054256439209,
      17.29884147644043
    ],
    [
      53.58136749267578,
      49.78422546386719,
      71.28729248046875,
      80.40142822265625,
      63.19429397583008,
      74.3805923461914,
      86.0286865234375,
      95.15287780761719,
      125.33273315429688,
      126.59626770019531,
      196.19898986816406,
      187.38992309570312,
      132.3848876953125,
      117.08750915527344,
      63.477420806884766,
      55.904048919677734,
      26.767057418823242,
      24.956466674804688
    ],
    [
      53.64285659790039,
      50.55853271484375,
      68.8370590209961,
      78.42711639404297,
      58.97646713256836,
      70.38053894042969,
      83.55233764648438,
      93.2773208618164,
      119.76554870605469,
      121.599365234375,
      187.38992309570312,
      184.88031005859375,
      127.23272705078125,
      113.31623840332031,
      61.58375549316406,
      54.71757888793945,
      26.217721939086914,
      24.634126663208008
    ],
    [
      35.507774353027344,
      33.43293380737305,
      50.382652282714844,
      57.803810119628906,
      43.50316619873047,
      55.083251953125,
      67.8921127319336,
      74.58102416992188,
      95.09001159667969,
      97.43627166748047,
      132.3848876953125,
      127.23272705078125,
      113.29582214355469,
      100.57327270507812,
      56.46207046508789,
      49.77976989746094,
      24.889923095703125,
      23.20171356201172
    ],
    [
      32.34266662597656,
      30.560680389404297,
      45.403446197509766,
      52.58153533935547,
      37.21324157714844,
      47.62502670288086,
      61.17367935180664,
      67.52433013916016,
      83.9291000366211,
      86.41747283935547,
      117.08750915527344,
      113.31623840332031,
      100.57327270507812,
      92.77857971191406,
      52.555213928222656,
      47.29291915893555,
      23.754056930541992,
      22.399017333984375
    ],
    [
      17.72896385192871,
      18.523582458496094,
      23.779483795166016,
      29.453622817993164,
      16.54438591003418,
      22.701446533203125,
      37.78059005737305,
      41.65983200073242,
      43.283447265625,
      43.47100067138672,
      63.477420806884766,
      61.58375549316406,
      56.46207046508789,
      52.555213928222656,
      38.01518630981445,
      34.22825622558594,
      18.458396911621094,
      17.224748611450195
    ],
    [
      16.922882080078125,
      17.591350555419922,
      21.66059684753418,
      26.873611450195312,
      13.74094295501709,
      19.332672119140625,
      33.65532684326172,
      37.25556182861328,
      37.94556427001953,
      38.29878616333008,
      55.904048919677734,
      54.71757888793945,
      49.77976989746094,
      47.29291915893555,
      34.22825622558594,
      31.848596572875977,
      17.40719985961914,
      16.564498901367188
    ],
    [
      9.073795318603516,
      9.249058723449707,
      10.515185356140137,
      13.121475219726562,
      5.239729881286621,
      8.057029724121094,
      17.16062355041504,
      18.775636672973633,
      18.023147583007812,
      18.3054256439209,
      26.767057418823242,
      26.217721939086914,
      24.889923095703125,
      23.754056930541992,
      18.458396911621094,
      17.40719985961914,
      10.832977294921875,
      10.301285743713379
    ],
    [
      9.027405738830566,
      9.228501319885254,
      9.995478630065918,
      12.472518920898438,
      4.713759899139404,
      7.3961286544799805,
      16.283906936645508,
      17.82005500793457,
      16.926151275634766,
      17.29884147644043,
      24.956466674804688,
      24.634126663208008,
      23.20171356201172,
      22.399017333984375,
      17.224748611450195,
      16.564498901367188,
      10.301285743713379,
      9.986000061035156
    ]
  ],
  "damage": -7.303882122039795,
  "diff_bandwidth": 584.310302734375,
  "dissonance": 3.980681356675337,
  "drr": 6.171865463256836,
  "dynamics": 6.404924392700195,
  "format": 1245190,
  "frames": 4985792,
  "loudness": -20.490652084350586,
  "loudness_range": 22.908166885375977,
  "loudness_range_short": 23.16669273376465,
  "lowpass_true_peak_15khz": -2.062044382095337,
  "mastering3_acoustic_entropies": [
    {
      "acoustic_entropy": 6.9699811935424805,
      "acoustic_entropy_mono": 6.4273786544799805,
      "band_eliminated_acoustic_entropies": [
        {
          "acoustic_entropy": 6.7805280685424805,
          "acoustic_entropy_side": 6.769546031951904,
          "hz": 129.47220167065723
        },
        {
          "acoustic_entropy": 6.8776397705078125,
          "acoustic_entropy_side": 6.851047515869141,
          "hz": 202.92927478742237
        },
        {
          "acoustic_entropy": 6.972710609436035,
          "acoustic_entropy_side": 6.97395133972168,
          "hz": 282.89161906338205
        },
        {
          "acoustic_entropy": 6.814778804779053,
          "acoustic_entropy_side": 7.004600524902344,
          "hz": 369.9353335868758
        },
        {
          "acoustic_entropy": 6.993595600128174,
          "acoustic_entropy_side": 7.072723865509033,
          "hz": 464.6875360973435
        },
        {
          "acoustic_entropy": 6.401647090911865,
          "acoustic_entropy_side": 6.947622776031494,
          "hz": 567.8308811364784
        },
        {
          "acoustic_entropy": 6.943201065063477,
          "acoustic_entropy_side": 7.066213130950928,
          "hz": 680.1084783214808
        },
        {
          "acoustic_entropy": 6.898015975952148,
          "acoustic_entropy_side": 6.874397277832031,
          "hz": 802.3292461747484
        },
        {
          "acoustic_entropy": 6.133358478546143,
          "acoustic_entropy_side": 6.753712177276611,
          "hz": 935.3737400823702
        },
        {
          "acoustic_entropy": 6.870926380157471,
          "acoustic_entropy_side": 7.497348308563232,
          "hz": 1080.2004963696966
        },
        {
          "acoustic_entropy": 6.778019905090332,
          "acoustic_entropy_side": 6.712889671325684,
          "hz": 1237.8529382007157
        },
        {
          "acoustic_entropy": 6.805157661437988,
          "acoustic_entropy_side": 6.908858299255371,
          "hz": 1409.4668930556702
        },
        {
          "acoustic_entropy": 7.095622539520264,
          "acoustic_entropy_side": 7.207106590270996,
          "hz": 1596.2787759475705
        },
        {
          "acoustic_entropy": 6.812341213226318,
          "acoustic_entropy_side": 6.838467121124268,
          "hz": 1799.6344973346393
        },
        {
          "acoustic_entropy": 6.798813343048096,
          "acoustic_entropy_side": 6.89253044128418,
          "hz": 2020.9991599069049
        },
        {
          "acoustic_entropy": 6.9388532638549805,
          "acoustic_entropy_side": 6.958939075469971,
          "hz": 2261.9676141086993
        },
        {
          "acoustic_entropy": 6.87113618850708,
          "acoustic_entropy_side": 6.950046062469482,
          "hz": 2524.2759484456974
        },
        {
          "acoustic_entropy": 6.8734588623046875,
          "acoustic_entropy_side": 6.929784297943115,
          "hz": 2809.813997359896
        },
        {
          "acoustic_entropy": 6.892191410064697,
          "acoustic_entropy_side": 6.765110969543457,
          "hz": 3120.6389567871424
        },
        {
          "acoustic_entropy": 6.715239524841309,
          "acoustic_entropy_side": 6.755887508392334,
          "hz": 3458.990205492291
        },
        {
          "acoustic_entropy": 6.910953998565674,
          "acoustic_entropy_side": 6.946561813354492,
          "hz": 3827.305438964164
        },
        {
          "acoustic_entropy": 6.981454849243164,
          "acoustic_entropy_side": 6.967757225036621,
          "hz": 4228.238232109126
        },
        {
          "acoustic_entropy": 6.950803279876709,
          "acoustic_entropy_side": 6.965884208679199,
          "hz": 4664.6771572759235
        },
        {
          "acoustic_entropy": 6.959314823150635,
          "acoustic_entropy_side": 6.966479301452637,
          "hz": 5139.766595350093
        },
        {
          "acoustic_entropy": 6.9663896560668945,
          "acoustic_entropy_side": 6.9688801765441895,
          "hz": 5656.929389854203
        },
        {
          "acoustic_entropy": 6.969026565551758,
          "acoustic_entropy_side": 6.9696784019470215,
          "hz": 6219.891507268283
        },
        {
          "acoustic_entropy": 6.969354629516602,
          "acoustic_entropy_side": 6.969813823699951,
          "hz": 6832.70888123896
        },
        {
          "acoustic_entropy": 6.969808578491211,
          "acoustic_entropy_side": 6.969928741455078,
          "hz": 7499.796634079867
        },
        {
          "acoustic_entropy": 6.969867706298828,
          "acoustic_entropy_side": 6.969944000244141,
          "hz": 8225.96088609342
        },
        {
          "acoustic_entropy": 6.969951629638672,
          "acoustic_entropy_side": 6.969971656799316,
          "hz": 9016.43338188839
        },
        {
          "acoustic_entropy": 6.969962120056152,
          "acoustic_entropy_side": 6.969970703125,
          "hz": 9876.909183162974
        },
        {
          "acoustic_entropy": 6.969969749450684,
          "acoustic_entropy_side": 6.969974994659424,
          "hz": 10813.587699516042
        },
        {
          "acoustic_entropy": 6.969974517822266,
          "acoustic_entropy_side": 6.969977855682373,
          "hz": 11833.21735289826
        },
        {
          "acoustic_entropy": 6.969978332519531,
          "acoustic_entropy_side": 6.969980239868164,
          "hz": 12943.144197493959
        },
        {
          "acoustic_entropy": 6.969979286193848,
          "acoustic_entropy_side": 6.9699811935424805,
          "hz": 14151.364845322005
        },
        {
          "acoustic_entropy": 6.969981670379639,
          "acoustic_entropy_side": 6.9699811935424805,
          "hz": 15466.58407886509
        },
        {
          "acoustic_entropy": 6.969980716705322,
          "acoustic_entropy_side": 6.9699811935424805,
          "hz": 16898.27756580493
        },
        {
          "acoustic_entropy": 6.9699811935424805,
          "acoustic_entropy_side": 6.969979763031006,
          "hz": 18456.760127700032
        },
        {
          "acoustic_entropy": 6.969979763031006,
          "acoustic_entropy_side": 6.969980716705322,
          "hz": 20153.260054456492
        },
        {
          "acoustic_entropy": 6.969980716705322,
          "acoustic_entropy_side": 6.969980716705322,
          "hz": 22000.00000000001
        }
      ],
      "diff_acoustic_entropy": 1.0424233675003052,
      "sn": 6
    },
    {
      "acoustic_entropy": 11.272733688354492,
      "acoustic_entropy_mono": 10.561970710754395,
      "band_eliminated_acoustic_entropies": [
        {
          "acoustic_entropy": 11.038871765136719,
          "acoustic_entropy_side": 10.949978828430176,
          "hz": 129.47220167065723
        },
        {
          "acoustic_entropy": 10.947571754455566,
          "acoustic_entropy_side": 11.082841873168945,
          "hz": 202.92927478742237
        },
        {
          "acoustic_entropy": 11.640342712402344,
          "acoustic_entropy_side": 11.32102108001709,
          "hz": 282.89161906338205
        },
        {
          "acoustic_entropy": 11.244145393371582,
          "acoustic_entropy_side": 11.448837280273438,
          "hz": 369.9353335868758
        },
        {
          "acoustic_entropy": 11.471940994262695,
          "acoustic_entropy_side": 11.426826477050781,
          "hz": 464.6875360973435
        },
        {
          "acoustic_entropy": 10.785908699035645,
          "acoustic_entropy_side": 11.05215072631836,
          "hz": 567.8308811364784
        },
        {
          "acoustic_entropy": 11.454530715942383,
          "acoustic_entropy_side": 11.471037864685059,
          "hz": 680.1084783214808
        },
        {
          "acoustic_entropy": 11.061826705932617,
          "acoustic_entropy_side": 11.117881774902344,
          "hz": 802.3292461747484
        },
        {
          "acoustic_entropy": 10.412397384643555,
          "acoustic_entropy_side": 11.227425575256348,
          "hz": 935.3737400823702
        },
        {
          "acoustic_entropy": 10.481230735778809,
          "acoustic_entropy_side": 12.000275611877441,
          "hz": 1080.2004963696966
        },
        {
          "acoustic_entropy": 11.002265930175781,
          "acoustic_entropy_side": 11.322775840759277,
          "hz": 1237.8529382007157
        },
        {
          "acoustic_entropy": 11.258368492126465,
          "acoustic_entropy_side": 11.31800365447998,
          "hz": 1409.4668930556702
        },
        {
          "acoustic_entropy": 11.530177116394043,
          "acoustic_entropy_side": 11.192293167114258,
          "hz": 1596.2787759475705
        },
        {
          "acoustic_entropy": 11.203736305236816,
          "acoustic_entropy_side": 11.12315559387207,
          "hz": 1799.6344973346393
        },
        {
          "acoustic_entropy": 11.104416847229004,
          "acoustic_entropy_side": 11.27558422088623,
          "hz": 2020.9991599069049
        },
        {
          "acoustic_entropy": 11.306987762451172,
          "acoustic_entropy_side": 11.296978950500488,
          "hz": 2261.9676141086993
        },
        {
          "acoustic_entropy": 11.31115436553955,
          "acoustic_entropy_side": 11.291353225708008,
          "hz": 2524.2759484456974
        },
        {
          "acoustic_entropy": 11.05008602142334,
          "acoustic_entropy_side": 11.072696685791016,
          "hz": 2809.813997359896
        },
        {
          "acoustic_entropy": 11.213608741760254,
          "acoustic_entropy_side": 11.190638542175293,
          "hz": 3120.6389567871424
        },
        {
          "acoustic_entropy": 10.948349952697754,
          "acoustic_entropy_side": 11.057826042175293,
          "hz": 3458.990205492291
        },
        {
          "acoustic_entropy": 11.322710037231445,
          "acoustic_entropy_side": 11.292496681213379,
          "hz": 3827.305438964164
        },
        {
          "acoustic_entropy": 11.329951286315918,
          "acoustic_entropy_side": 11.287727355957031,
          "hz": 4228.238232109126
        },
        {
          "acoustic_entropy": 11.342424392700195,
          "acoustic_entropy_side": 11.295320510864258,
          "hz": 4664.6771572759235
        },
        {
          "acoustic_entropy": 11.333048820495605,
          "acoustic_entropy_side": 11.297322273254395,
          "hz": 5139.766595350093
        },
        {
          "acoustic_entropy": 11.290329933166504,
          "acoustic_entropy_side": 11.276956558227539,
          "hz": 5656.929389854203
        },
        {
          "acoustic_entropy": 11.286993980407715,
          "acoustic_entropy_side": 11.276013374328613,
          "hz": 6219.891507268283
        },
        {
          "acoustic_entropy": 11.278535842895508,
          "acoustic_entropy_side": 11.274796485900879,
          "hz": 6832.70888123896
        },
        {
          "acoustic_entropy": 11.273783683776855,
          "acoustic_entropy_side": 11.273042678833008,
          "hz": 7499.796634079867
        },
        {
          "acoustic_entropy": 11.273547172546387,
          "acoustic_entropy_side": 11.272899627685547,
          "hz": 8225.96088609342
        },
        {
          "acoustic_entropy": 11.273236274719238,
          "acoustic_entropy_side": 11.272889137268066,
          "hz": 9016.43338188839
        },
        {
          "acoustic_entropy": 11.272916793823242,
          "acoustic_entropy_side": 11.27282428741455,
          "hz": 9876.909183162974
        },
        {
          "acoustic_entropy": 11.272794723510742,
          "acoustic_entropy_side": 11.272793769836426,
          "hz": 10813.587699516042
        },
        {
          "acoustic_entropy": 11.272756576538086,
          "acoustic_entropy_side": 11.272753715515137,
          "hz": 11833.21735289826
        },
        {
          "acoustic_entropy": 11.272743225097656,
          "acoustic_entropy_side": 11.272736549377441,
          "hz": 12943.144197493959
        },
        {
          "acoustic_entropy": 11.272743225097656,
          "acoustic_entropy_side": 11.272734642028809,
          "hz": 14151.364845322005
        },
        {
          "acoustic_entropy": 11.272734642028809,
          "acoustic_entropy_side": 11.272730827331543,
          "hz": 15466.58407886509
        },
        {
          "acoustic_entropy": 11.272732734680176,
          "acoustic_entropy_side": 11.272732734680176,
          "hz": 16898.27756580493
        },
        {
          "acoustic_entropy": 11.272729873657227,
          "acoustic_entropy_side": 11.272733688354492,
          "hz": 18456.760127700032
        },
        {
          "acoustic_entropy": 11.272733688354492,
          "acoustic_entropy_side": 11.272732734680176,
          "hz": 20153.260054456492
        },
        {
          "acoustic_entropy": 11.27273178100586,
          "acoustic_entropy_side": 11.272732734680176,
          "hz": 22000.00000000001
        }
      ],
      "diff_acoustic_entropy": 2.582545042037964,
      "sn": 12
    },
    {
      "acoustic_entropy": 18.547096252441406,
      "acoustic_entropy_mono": 17.083118438720703,
      "band_eliminated_acoustic_entropies": [
        {
          "acoustic_entropy": 18.166481018066406,
          "acoustic_entropy_side": 19.081518173217773,
          "hz": 129.47220167065723
        },
        {
          "acoustic_entropy": 18.643108367919922,
          "acoustic_entropy_side": 18.33687400817871,
          "hz": 202.92927478742237
        },
        {
          "acoustic_entropy": 18.30023193359375,
          "acoustic_entropy_side": 18.730751037597656,
          "hz": 282.89161906338205
        },
        {
          "acoustic_entropy": 17.78678321838379,
          "acoustic_entropy_side": 17.853622436523438,
          "hz": 369.9353335868758
        },
        {
          "acoustic_entropy": 18.805400848388672,
          "acoustic_entropy_side": 18.56757164001465,
          "hz": 464.6875360973435
        },
        {
          "acoustic_entropy": 17.802644729614258,
          "acoustic_entropy_side": 18.840713500976562,
          "hz": 567.8308811364784
        },
        {
          "acoustic_entropy": 18.552255630493164,
          "acoustic_entropy_side": 19.687074661254883,
          "hz": 680.1084783214808
        },
        {
          "acoustic_entropy": 18.89592933654785,
          "acoustic_entropy_side": 18.988571166992188,
          "hz": 802.3292461747484
        },
        {
          "acoustic_entropy": 17.456884384155273,
          "acoustic_entropy_side": 17.88066864013672,
          "hz": 935.3737400823702
        },
        {
          "acoustic_entropy": 18.757654190063477,
          "acoustic_entropy_side": 19.62678337097168,
          "hz": 1080.2004963696966
        },
        {
          "acoustic_entropy": 18.10446548461914,
          "acoustic_entropy_side": 18.75728988647461,
          "hz": 1237.8529382007157
        },
        {
          "acoustic_entropy": 18.836681365966797,
          "acoustic_entropy_side": 18.85348129272461,
          "hz": 1409.4668930556702
        },
        {
          "acoustic_entropy": 18.47296905517578,
          "acoustic_entropy_side": 18.359601974487305,
          "hz": 1596.2787759475705
        },
        {
          "acoustic_entropy": 18.582569122314453,
          "acoustic_entropy_side": 18.965158462524414,
          "hz": 1799.6344973346393
        },
        {
          "acoustic_entropy": 18.86147117614746,
          "acoustic_entropy_side": 18.9909610748291,
          "hz": 2020.9991599069049
        },
        {
          "acoustic_entropy": 18.659372329711914,
          "acoustic_entropy_side": 18.58086395263672,
          "hz": 2261.9676141086993
        },
        {
          "acoustic_entropy": 18.42124366760254,
          "acoustic_entropy_side": 18.36629295349121,
          "hz": 2524.2759484456974
        },
        {
          "acoustic_entropy": 18.877887725830078,
          "acoustic_entropy_side": 18.595979690551758,
          "hz": 2809.813997359896
        },
        {
          "acoustic_entropy": 18.885570526123047,
          "acoustic_entropy_side": 18.395109176635742,
          "hz": 3120.6389567871424
        },
        {
