{
  "acoustic_entropy": 222.73509216308594,
  "bands": [
    {
      "high_freq": 148.1999969482422,
      "loudness": -29.914920806884766,
      "loudness_range": 23.378679275512695,
      "mid_mean": -26.680131912231445,
      "mid_to_side_loudness": -13.091153144836426,
      "mid_to_side_loudness_range": 16.351945877075195,
      "side_mean": -40.48305130004883
    },
    {
      "high_freq": 392.3793640136719,
      "loudness": -23.99528694152832,
      "loudness_range": 14.128019332885742,
      "low_freq": 148.1999969482422,
      "mid_mean": -20.69403076171875,
      "mid_to_side_loudness": -11.34703254699707,
      "mid_to_side_loudness_range": 13.161633491516113,
      "side_mean": -32.34778594970703
    },
    {
      "high_freq": 794.6976318359375,
      "loudness": -26.280656814575195,
      "loudness_range": 15.070917129516602,
      "low_freq": 392.3793640136719,
      "mid_mean": -23.25942611694336,
      "mid_to_side_loudness": -8.76009464263916,
      "mid_to_side_loudness_range": 10.900812149047852,
      "side_mean": -32.40673065185547
    },
    {
      "high_freq": 1457.5709228515625,
      "loudness": -28.495996475219727,
      "loudness_range": 10.764266967773438,
      "low_freq": 794.6976318359375,
      "mid_mean": -25.575204849243164,
      "mid_to_side_loudness": -8.785334587097168,
      "mid_to_side_loudness_range": 13.81843376159668,
      "side_mean": -34.67198944091797
    },
    {
      "high_freq": 2549.74365234375,
      "loudness": -29.458955764770508,
      "loudness_range": 11.300426483154297,
      "low_freq": 1457.5709228515625,
      "mid_mean": -26.256982803344727,
      "mid_to_side_loudness": -10.512632369995117,
      "mid_to_side_loudness_range": 12.206562042236328,
      "side_mean": -37.00300216674805
    },
    {
      "high_freq": 4349.24462890625,
      "loudness": -34.77845764160156,
      "loudness_range": 15.568588256835938,
      "low_freq": 2549.74365234375,
      "mid_mean": -31.459117889404297,
      "mid_to_side_loudness": -11.384906768798828,
      "mid_to_side_loudness_range": 10.662753105163574,
      "side_mean": -43.039161682128906
    },
    {
      "high_freq": 7314.1640625,
      "loudness": -37.093017578125,
      "loudness_range": 16.79559326171875,
      "low_freq": 4349.24462890625,
      "mid_mean": -33.71699142456055,
      "mid_to_side_loudness": -11.574156761169434,
      "mid_to_side_loudness_range": 7.7377824783325195,
      "side_mean": -45.5339469909668
    },
    {
      "high_freq": 12199.2666015625,
      "loudness": -37.95133972167969,
      "loudness_range": 13.770315170288086,
      "low_freq": 7314.1640625,
      "mid_mean": -34.62236785888672,
      "mid_to_side_loudness": -10.891985893249512,
      "mid_to_side_loudness_range": 7.024990081787109,
      "side_mean": -45.74169158935547
    },
    {
      "loudness": -41.414215087890625,
      "loudness_range": 7.970222473144531,
      "low_freq": 12199.2666015625,
      "mid_mean": -38.13484573364258,
      "mid_to_side_loudness": -10.537013053894043,
      "mid_to_side_loudness_range": 8.989286422729492,
      "side_mean": -48.97782897949219
    }
  ],
  "bands_short": [
    {
      "high_freq": 148.1999969482422,
      "loudness": -34.929359436035156,
      "loudness_range": 28.797319412231445,
      "mid_mean": -32.17225646972656,
      "mid_to_side_loudness": -12.144026756286621,
      "mid_to_side_loudness_range": 23.081579208374023,
      "side_mean": -45.002197265625
    },
    {
      "high_freq": 392.3793640136719,
      "loudness": -24.259010314941406,
      "loudness_range": 17.308368682861328,
      "low_freq": 148.1999969482422,
      "mid_mean": -20.996240615844727,
      "mid_to_side_loudness": -11.074317932128906,
      "mid_to_side_loudness_range": 17.60264778137207,
      "side_mean": -32.927452087402344
    },
    {
      "high_freq": 794.6976318359375,
      "loudness": -27.21640396118164,
      "loudness_range": 17.942222595214844,
      "low_freq": 392.3793640136719,
      "mid_mean": -24.317747116088867,
      "mid_to_side_loudness": -8.689017295837402,
      "mid_to_side_loudness_range": 14.779070854187012,
      "side_mean": -33.444129943847656
    },
    {
      "high_freq": 1457.5709228515625,
      "loudness": -29.710960388183594,
      "loudness_range": 15.523630142211914,
      "low_freq": 794.6976318359375,
      "mid_mean": -26.864282608032227,
      "mid_to_side_loudness": -8.647363662719727,
      "mid_to_side_loudness_range": 14.984914779663086,
      "side_mean": -35.739776611328125
    },
    {
      "high_freq": 2549.74365234375,
      "loudness": -30.75742530822754,
      "loudness_range": 15.815052032470703,
      "low_freq": 1457.5709228515625,
      "mid_mean": -27.637277603149414,
      "mid_to_side_loudness": -10.475078582763672,
      "mid_to_side_loudness_range": 14.628692626953125,
      "side_mean": -38.36475372314453
    },
    {
      "high_freq": 4349.24462890625,
      "loudness": -35.686126708984375,
      "loudness_range": 20.28614616394043,
      "low_freq": 2549.74365234375,
      "mid_mean": -32.45359802246094,
      "mid_to_side_loudness": -11.052857398986816,
      "mid_to_side_loudness_range": 12.983539581298828,
      "side_mean": -43.74580764770508
    },
    {
      "high_freq": 7314.1640625,
      "loudness": -39.275386810302734,
      "loudness_range": 22.005596160888672,
      "low_freq": 4349.24462890625,
      "mid_mean": -35.99497604370117,
      "mid_to_side_loudness": -11.346121788024902,
      "mid_to_side_loudness_range": 11.384217262268066,
      "side_mean": -47.54309844970703
    },
    {
      "high_freq": 12199.2666015625,
      "loudness": -40.335147857666016,
      "loudness_range": 19.26088523864746,
      "low_freq": 7314.1640625,
      "mid_mean": -37.09708786010742,
      "mid_to_side_loudness": -10.73819637298584,
      "mid_to_side_loudness_range": 10.925273895263672,
      "side_mean": -48.00890350341797
    },
    {
      "loudness": -42.76439666748047,
      "loudness_range": 14.19870376586914,
      "low_freq": 12199.2666015625,
      "mid_mean": -39.54214096069336,
      "mid_to_side_loudness": -10.504303932189941,
      "mid_to_side_loudness_range": 11.411502838134766,
      "side_mean": -50.75102233886719
    }
  ],
  "bandwidth": 519.2045288085938,
  "channels": 2,
  "covariance": [
    [
      84.10954284667969,
      48.77598571777344,
      18.438770294189453,
      5.2514238357543945,
      15.127827644348145,
      10.455591201782227,
      0.7265518307685852,
      4.989720821380615,
      -0.30045977234840393,
      1.3440459966659546,
      3.8499152660369873,
      4.622027397155762,
      -9.143440246582031,
      -11.852575302124023,
      -13.596602439880371,
      -14.627925872802734,
      -4.940401077270508,
      -8.153702735900879
    ],
    [
      48.77598571777344,
      44.508811950683594,
      12.871554374694824,
      7.090938568115234,
      11.000260353088379,
      9.45161247253418,
      -0.8867891430854797,
      2.117372989654541,
      -2.1880033016204834,
      0.38154447078704834,
      -1.502948522567749,
      0.5576176643371582,
      -7.45802640914917,
      -7.054224491119385,
      -7.305416107177734,
      -5.80583381652832,
      -1.9520184993743896,
      -2.0020923614501953
    ],
    [
      18.438770294189453,
      12.871554374694824,
      32.85762405395508,
      22.462207794189453,
      8.240095138549805,
      11.2281494140625,
      0.8705219626426697,
      9.253925323486328,
      2.123716115951538,
      8.275280952453613,
      12.050390243530273,
      12.382124900817871,
      6.375682353973389,
      7.3953537940979,
      1.438462734222412,
      4.662840366363525,
      2.1791107654571533,
      5.566830635070801
    ],
    [
      5.2514238357543945,
      7.090938568115234,
      22.462207794189453,
      31.194276809692383,
      9.420063972473145,
      13.788307189941406,
      2.946242570877075,
      6.54368257522583,
      1.547396183013916,
      3.438593864440918,
      9.423620223999023,
      8.527207374572754,
      5.784781455993652,
      6.858836650848389,
      5.048107147216797,
      8.687541961669922,
      5.125695705413818,
      7.349837303161621
    ],
    [
      15.127827644348145,
      11.000260353088379,
      8.240095138549805,
      9.420063972473145,
      28.911945343017578,
      23.174278259277344,
      0.13577447831630707,
      -0.8560048341751099,
      -3.308544158935547,
      -5.1345953941345215,
      4.999154567718506,
      5.284700393676758,
      0.554668664932251,
      0.3574879467487335,
      -0.8780222535133362,
      0.5019392967224121,
      2.0496392250061035,
      -0.02755860798060894
    ],
    [
      10.455591201782227,
      9.45161247253418,
      11.2281494140625,
      13.788307189941406,
      23.174278259277344,
      34.8748893737793,
      1.2442213296890259,
      6.197164535522461,
      -2.422400712966919,
      0.4431048333644867,
      10.8406982421875,
      13.652463912963867,
      7.155407905578613,
      10.688566207885742,
      5.519333839416504,
      10.436358451843262,
      3.876871347427368,
      8.006616592407227
    ],
    [
      0.7265518307685852,
      -0.8867891430854797,
      0.8705219626426697,
      2.946242570877075,
      0.13577447831630707,
      1.2442213296890259,
      17.909103393554688,
      9.22288703918457,
      11.878976821899414,
      6.822617053985596,
      5.6655073165893555,
      5.125868320465088,
      8.110899925231934,
      7.096160888671875,
      10.48102855682373,
      7.356520652770996,
      8.952014923095703,
      5.301685333251953
    ],
    [
      4.989720821380615,
      2.117372989654541,
      9.253925323486328,
      6.54368257522583,
      -0.8560048341751099,
      6.197164535522461,
      9.22288703918457,
      25.85753631591797,
      8.630160331726074,
      18.32160758972168,
      14.293376922607422,
      20.45360565185547,
      14.926342010498047,
      19.506175994873047,
      9.356828689575195,
      13.892250061035156,
      5.035999774932861,
      14.318013191223145
    ],
    [
      -0.30045977234840393,
      -2.1880033016204834,
      2.123716115951538,
      1.547396183013916,
      -3.308544158935547,
      -2.422400712966919,
      11.878976821899414,
      8.630160331726074,
      19.9820613861084,
      17.03254508972168,
      10.3449068069458,
      11.920655250549316,
      12.235855102539062,
      11.390417098999023,
      11.305313110351562,
      9.135797500610352,
      8.881921768188477,
      7.133296012878418
    ],
    [
      1.3440459966659546,
      0.38154447078704834,
      8.275280952453613,
      3.438593864440918,
      -5.1345953941345215,
      0.4431048333644867,
      6.822617053985596,
      18.32160758972168,
      17.03254508972168,
      32.89634323120117,
      16.209028244018555,
      25.829133987426758,
      17.65439224243164,
      22.85523223876953,
      10.816144943237305,
      14.541250228881836,
      6.327791213989258,
      14.408671379089355
    ],
    [
      3.8499152660369873,
      -1.502948522567749,
      12.050390243530273,
      9.423620223999023,
      4.999154567718506,
      10.8406982421875,
      5.6655073165893555,
      14.293376922607422,
      10.3449068069458,
      16.209028244018555,
      33.42662811279297,
      30.205692291259766,
      20.929349899291992,
      21.11343765258789,
      12.817211151123047,
      13.719074249267578,
      6.766639709472656,
      10.202874183654785
    ],
    [
      4.622027397155762,
      0.5576176643371582,
      12.382124900817871,
      8.527207374572754,
      5.284700393676758,
      13.652463912963867,
      5.125868320465088,
      20.45360565185547,
      11.920655250549316,
      25.829133987426758,
      30.205692291259766,
      39.55373764038086,
      22.9361515045166,
      29.111894607543945,
      12.440935134887695,
      17.947711944580078,
      6.308900833129883,
      16.070009231567383
    ],
    [
      -9.143440246582031,
      -7.45802640914917,
      6.375682353973389,
      5.784781455993652,
      0.554668664932251,
      7.155407905578613,
      8.110899925231934,
      14.926342010498047,
      12.235855102539062,
      17.65439224243164,
      20.929349899291992,
      22.9361515045166,
      29.625152587890625,
      28.18463134765625,
      21.74393653869629,
      21.10872459411621,
      11.120976448059082,
      15.077593803405762
    ],
    [
      -11.852575302124023,
      -7.054224491119385,
      7.3953537940979,
      6.858836650848389,
      0.3574879467487335,
      10.688566207885742,
      7.096160888671875,
      19.506175994873047,
      11.390417098999023,
      22.85523223876953,
      21.11343765258789,
      29.111894607543945,
      28.18463134765625,
      35.065792083740234,
      21.479604721069336,
      26.591262817382812,
      10.728411674499512,
      20.621625900268555
    ],
    [
      -13.596602439880371,
      -7.305416107177734,
      1.438462734222412,
      5.048107147216797,
      -0.8780222535133362,
      5.519333839416504,
      10.48102855682373,
      9.356828689575195,
      11.305313110351562,
      10.816144943237305,
      12.817211151123047,
      12.440935134887695,
      21.74393653869629,
      21.479604721069336,
      25.693037033081055,
      23.0191707611084,
      13.689996719360352,
      14.754096031188965
    ],
    [
      -14.627925872802734,
      -5.80583381652832,
      4.662840366363525,
      8.687541961669922,
      0.5019392967224121,
      10.436358451843262,
      7.356520652770996,
      13.892250061035156,
      9.135797500610352,
      14.541250228881836,
      13.719074249267578,
      17.947711944580078,
      21.10872459411621,
      26.591262817382812,
      23.0191707611084,
      28.07862663269043,
      12.046623229980469,
      19.687150955200195
    ],
    [
      -4.940401077270508,
      -1.9520184993743896,
      2.1791107654571533,
      5.125695705413818,
      2.0496392250061035,
      3.876871347427368,
      8.952014923095703,
      5.035999774932861,
      8.881921768188477,
      6.327791213989258,
      6.766639709472656,
      6.308900833129883,
      11.120976448059082,
      10.728411674499512,
      13.689996719360352,
      12.046623229980469,
      11.42004680633545,
      9.253597259521484
    ],
    [
      -8.153702735900879,
      -2.0020923614501953,
      5.566830635070801,
      7.349837303161621,
      -0.02755860798060894,
      8.006616592407227,
      5.301685333251953,
      14.318013191223145,
      7.133296012878418,
      14.408671379089355,
      10.202874183654785,
      16.070009231567383,
      15.077593803405762,
      20.621625900268555,
      14.754096031188965,
      19.687150955200195,
      9.253597259521484,
      19.152172088623047
    ]
  ],
  "covariance_short": [
    [
      121.55118560791016,
      58.87794494628906,
      41.4776611328125,
      14.696209907531738,
      19.395885467529297,
      14.575213432312012,
      9.057402610778809,
      14.960086822509766,
      9.102128028869629,
      16.258230209350586,
      15.795971870422363,
      16.871126174926758,
      8.2412691116333,
      5.2307209968566895,
      0.3582186996936798,
      -1.746662974357605,
      5.034890651702881,
      3.53255558013916
    ],
    [
      58.87794494628906,
      61.39341735839844,
      16.935707092285156,
      10.310394287109375,
      13.317667961120605,
      11.83045482635498,
      1.6770457029342651,
      5.817426681518555,
      0.4066312313079834,
      5.478919982910156,
      -0.3513209819793701,
      4.278558254241943,
      -4.924295902252197,
      -2.8300998210906982,
      -4.86392068862915,
      -3.3343513011932373,
      -0.2693132162094116,
      0.7688380479812622
    ],
    [
      41.4776611328125,
      16.935707092285156,
      49.722007751464844,
      25.488351821899414,
      20.673574447631836,
      16.052722930908203,
      7.206230163574219,
      12.229765892028809,
      6.0216851234436035,
      10.90642261505127,
      16.460233688354492,
      14.87857723236084,
      13.344167709350586,
      12.506606101989746,
      7.179039478302002,
      9.107144355773926,
      7.329516887664795,
      9.563200950622559
    ],
    [
      14.696209907531738,
      10.310394287109375,
      25.488351821899414,
      37.361358642578125,
      14.775147438049316,
      16.367488861083984,
      4.484711170196533,
      9.058627128601074,
      2.753002882003784,
      6.647507190704346,
      9.443670272827148,
      9.968159675598145,
      6.933736324310303,
      9.20973014831543,
      5.218969345092773,
      10.53428840637207,
      6.870510101318359,
      10.412567138671875
    ],
    [
      19.395885467529297,
      13.317667961120605,
      20.673574447631836,
      14.775147438049316,
      44.35710525512695,
      31.156511306762695,
      3.795470952987671,
      5.600672721862793,
      1.3102598190307617,
      1.7255951166152954,
      11.341512680053711,
      11.160820960998535,
      8.808175086975098,
      8.967267990112305,
      4.4616827964782715,
      7.5269293785095215,
      7.615134239196777,
      7.474645137786865
    ],
    [
      14.575213432312012,
      11.83045482635498,
      16.052722930908203,
      16.367488861083984,
      31.156511306762695,
      45.572486877441406,
      4.337009906768799,
      10.033428192138672,
      1.1929805278778076,
      5.675633430480957,
      13.35595703125,
      17.30173683166504,
      12.497124671936035,
      15.801755905151367,
      7.693073749542236,
      13.746420860290527,
      7.777645111083984,
      13.047320365905762
    ],
    [
      9.057402610778809,
      1.6770457029342651,
      7.206230163574219,
      4.484711170196533,
      3.795470952987671,
      4.337009906768799,
      33.41072463989258,
      18.0756893157959,
      22.173559188842773,
      13.553976058959961,
      18.831735610961914,
      15.207488059997559,
      21.228628158569336,
      15.147088050842285,
      22.082660675048828,
      13.7947416305542,
      19.71771240234375,
      11.364875793457031
    ],
    [
      14.960086822509766,
      5.817426681518555,
      12.229765892028809,
      9.058627128601074,
      5.600672721862793,
      10.033428192138672,
      18.0756893157959,
      33.63196563720703,
      12.490378379821777,
      20.51858139038086,
      20.081674575805664,
      25.422693252563477,
      21.84992027282715,
      24.599641799926758,
      15.405048370361328,
      18.791011810302734,
      11.295924186706543,
      18.41921615600586
    ],
    [
      9.102128028869629,
      0.4066312313079834,
      6.0216851234436035,
      2.753002882003784,
      1.3102598190307617,
      1.1929805278778076,
      22.173559188842773,
      12.490378379821777,
      35.85697937011719,
      24.54825782775879,
      24.110294342041016,
      21.075881958007812,
      25.985332489013672,
      19.034116744995117,
      23.998706817626953,
      16.368019104003906,
      19.921369552612305,
      12.294015884399414
    ],
    [
      16.258230209350586,
      5.478919982910156,
      10.90642261505127,
      6.647507190704346,
      1.7255951166152954,
      5.675633430480957,
      13.553976058959961,
      20.51858139038086,
      24.54825782775879,
      40.07207107543945,
      24.36448860168457,
      32.48940658569336,
      26.877126693725586,
      29.856863021850586,
      20.40422248840332,
      23.106355667114258,
      13.458849906921387,
      20.126384735107422
    ],
    [
      15.795971870422363,
      -0.3513209819793701,
      16.460233688354492,
      9.443670272827148,
      11.341512680053711,
      13.35595703125,
      18.831735610961914,
      20.081674575805664,
      24.110294342041016,
      24.36448860168457,
      54.74867630004883,
      41.691165924072266,
      42.27437973022461,
      34.05790328979492,
      27.97870445251465,
      23.76771354675293,
      19.311073303222656,
      18.10041618347168
    ],
    [
      16.871126174926758,
      4.278558254241943,
      14.87857723236084,
      9.968159675598145,
      11.160820960998535,
      17.30173683166504,
      15.207488059997559,
      25.422693252563477,
      21.075881958007812,
      32.48940658569336,
      41.691165924072266,
      48.87935256958008,
      37.44736099243164,
      40.96207809448242,
      24.29557228088379,
      28.738014221191406,
      15.655549049377441,
      23.963579177856445
    ],
    [
      8.2412691116333,
      -4.924295902252197,
      13.344167709350586,
      6.933736324310303,
      8.808175086975098,
      12.497124671936035,
      21.228628158569336,
      21.84992027282715,
      25.985332489013672,
      26.877126693725586,
      42.27437973022461,
      37.44736099243164,
      56.50453567504883,
      44.731048583984375,
      41.311702728271484,
      34.4656982421875,
      26.2554988861084,
      24.996028900146484
    ],
    [
      5.2307209968566895,
      -2.8300998210906982,
      12.506606101989746,
      9.20973014831543,
      8.967267990112305,
      15.801755905151367,
      15.147088050842285,
      24.599641799926758,
      19.034116744995117,
      29.856863021850586,
      34.05790328979492,
      40.96207809448242,
      44.731048583984375,
      50.04206466674805,
      33.8288459777832,
      39.02162170410156,
      20.537471771240234,
      30.734251022338867
    ],
    [
      0.3582186996936798,
      -4.86392068862915,
      7.179039478302002,
      5.218969345092773,
      4.4616827964782715,
      7.693073749542236,
      22.082660675048828,
      15.405048370361328,
      23.998706817626953,
      20.40422248840332,
      27.97870445251465,
      24.29557228088379,
      41.311702728271484,
      33.8288459777832,
      42.53684616088867,
      33.34810256958008,
      27.525930404663086,
      23.323457717895508
    ],
    [
      -1.746662974357605,
      -3.3343513011932373,
      9.107144355773926,
      10.53428840637207,
      7.5269293785095215,
      13.746420860290527,
      13.7947416305542,
      18.791011810302734,
      16.368019104003906,
      23.106355667114258,
      23.76771354675293,
      28.738014221191406,
      34.4656982421875,
      39.02162170410156,
      33.34810256958008,
      39.35778045654297,
      20.646652221679688,
      28.990480422973633
    ],
    [
      5.034890651702881,
      -0.2693132162094116,
      7.329516887664795,
      6.870510101318359,
      7.615134239196777,
      7.777645111083984,
      19.71771240234375,
      11.295924186706543,
      19.921369552612305,
      13.458849906921387,
      19.311073303222656,
      15.655549049377441,
      26.2554988861084,
      20.537471771240234,
      27.525930404663086,
      20.646652221679688,
      24.935609817504883,
      17.03335189819336
    ],
    [
      3.53255558013916,
      0.7688380479812622,
      9.563200950622559,
      10.412567138671875,
      7.474645137786865,
      13.047320365905762,
      11.364875793457031,
      18.41921615600586,
      12.294015884399414,
      20.126384735107422,
      18.10041618347168,
      23.963579177856445,
      24.996028900146484,
      30.734251022338867,
      23.323457717895508,
      28.990480422973633,
      17.03335189819336,
      36.19502258300781
    ]
  ],
  "damage": -9.728459358215332,
  "diff_bandwidth": 546.9365234375,
  "dissonance": 6.346063987606207,
  "drr": 5.296006679534912,
  "dynamics": 2.5149099826812744,
  "format": 1245190,
  "frames": 3602432,
  "loudness": -14.608137130737305,
  "loudness_range": 5.52644157409668,
  "loudness_range_short": 9.493385314941406,
  "lowpass_true_peak_15khz": -0.2448628544807434,
  "mastering3_acoustic_entropies": [
    {
      "acoustic_entropy": 10.412073135375977,
      "acoustic_entropy_mono": 10.360602378845215,
      "band_eliminated_acoustic_entropies": [
        {
          "acoustic_entropy": 10.656316757202148,
          "acoustic_entropy_side": 10.4124116897583,
          "hz": 129.47220167065723
        },
        {
          "acoustic_entropy": 9.979472160339355,
          "acoustic_entropy_side": 10.434873580932617,
          "hz": 202.92927478742237
        },
        {
          "acoustic_entropy": 10.022765159606934,
          "acoustic_entropy_side": 10.446991920471191,
          "hz": 282.89161906338205
        },
        {
          "acoustic_entropy": 9.009140014648438,
          "acoustic_entropy_side": 10.373629570007324,
          "hz": 369.9353335868758
        },
        {
          "acoustic_entropy": 10.403142929077148,
          "acoustic_entropy_side": 10.405129432678223,
          "hz": 464.6875360973435
        },
        {
          "acoustic_entropy": 9.700986862182617,
          "acoustic_entropy_side": 10.294519424438477,
          "hz": 567.8308811364784
        },
        {
          "acoustic_entropy": 10.155780792236328,
          "acoustic_entropy_side": 10.398187637329102,
          "hz": 680.1084783214808
        },
        {
          "acoustic_entropy": 10.530511856079102,
          "acoustic_entropy_side": 10.506624221801758,
          "hz": 802.3292461747484
        },
        {
          "acoustic_entropy": 10.800027847290039,
          "acoustic_entropy_side": 10.373530387878418,
          "hz": 935.3737400823702
        },
        {
          "acoustic_entropy": 10.213940620422363,
          "acoustic_entropy_side": 10.575819969177246,
          "hz": 1080.2004963696966
        },
        {
          "acoustic_entropy": 10.100000381469727,
          "acoustic_entropy_side": 10.3371000289917,
          "hz": 1237.8529382007157
        },
        {
          "acoustic_entropy": 10.135871887207031,
          "acoustic_entropy_side": 10.241315841674805,
          "hz": 1409.4668930556702
        },
        {
          "acoustic_entropy": 10.582978248596191,
          "acoustic_entropy_side": 10.436235427856445,
          "hz": 1596.2787759475705
        },
        {
          "acoustic_entropy": 10.553376197814941,
          "acoustic_entropy_side": 10.477999687194824,
          "hz": 1799.6344973346393
        },
        {
          "acoustic_entropy": 11.080519676208496,
          "acoustic_entropy_side": 10.46630859375,
          "hz": 2020.9991599069049
        },
        {
          "acoustic_entropy": 9.83152961730957,
          "acoustic_entropy_side": 10.39249038696289,
          "hz": 2261.9676141086993
        },
        {
          "acoustic_entropy": 9.892972946166992,
          "acoustic_entropy_side": 10.365090370178223,
          "hz": 2524.2759484456974
        },
        {
          "acoustic_entropy": 10.386027336120605,
          "acoustic_entropy_side": 10.385244369506836,
          "hz": 2809.813997359896
        },
        {
          "acoustic_entropy": 9.984482765197754,
          "acoustic_entropy_side": 10.382488250732422,
          "hz": 3120.6389567871424
        },
        {
          "acoustic_entropy": 10.050275802612305,
          "acoustic_entropy_side": 10.386163711547852,
          "hz": 3458.990205492291
        },
        {
          "acoustic_entropy": 10.556329727172852,
          "acoustic_entropy_side": 10.364192962646484,
          "hz": 3827.305438964164
        },
        {
          "acoustic_entropy": 10.627504348754883,
          "acoustic_entropy_side": 10.39306640625,
          "hz": 4228.238232109126
        },
        {
          "acoustic_entropy": 10.267709732055664,
          "acoustic_entropy_side": 10.370231628417969,
          "hz": 4664.6771572759235
        },
        {
          "acoustic_entropy": 10.204183578491211,
          "acoustic_entropy_side": 10.395796775817871,
          "hz": 5139.766595350093
        },
        {
          "acoustic_entropy": 10.342817306518555,
          "acoustic_entropy_side": 10.403371810913086,
          "hz": 5656.929389854203
        },
        {
          "acoustic_entropy": 10.315875053405762,
          "acoustic_entropy_side": 10.408722877502441,
          "hz": 6219.891507268283
        },
        {
          "acoustic_entropy": 10.638006210327148,
          "acoustic_entropy_side": 10.414207458496094,
          "hz": 6832.70888123896
        },
        {
          "acoustic_entropy": 10.61416244506836,
          "acoustic_entropy_side": 10.415555953979492,
          "hz": 7499.796634079867
        },
        {
          "acoustic_entropy": 10.668143272399902,
          "acoustic_entropy_side": 10.415980339050293,
          "hz": 8225.96088609342
        },
        {
          "acoustic_entropy": 10.655853271484375,
          "acoustic_entropy_side": 10.41665267944336,
          "hz": 9016.43338188839
        },
        {
          "acoustic_entropy": 10.683329582214355,
          "acoustic_entropy_side": 10.417181968688965,
          "hz": 9876.909183162974
        },
        {
          "acoustic_entropy": 10.860161781311035,
          "acoustic_entropy_side": 10.430763244628906,
          "hz": 10813.587699516042
        },
        {
          "acoustic_entropy": 10.646659851074219,
          "acoustic_entropy_side": 10.425211906433105,
          "hz": 11833.21735289826
        },
        {
          "acoustic_entropy": 10.637126922607422,
          "acoustic_entropy_side": 10.423741340637207,
          "hz": 12943.144197493959
        },
        {
          "acoustic_entropy": 10.614433288574219,
          "acoustic_entropy_side": 10.415173530578613,
          "hz": 14151.364845322005
        },
        {
          "acoustic_entropy": 10.479517936706543,
          "acoustic_entropy_side": 10.41038703918457,
          "hz": 15466.58407886509
        },
        {
          "acoustic_entropy": 10.491939544677734,
          "acoustic_entropy_side": 10.41035270690918,
          "hz": 16898.27756580493
        },
        {
          "acoustic_entropy": 10.465851783752441,
          "acoustic_entropy_side": 10.410964012145996,
          "hz": 18456.760127700032
        },
        {
          "acoustic_entropy": 10.433218955993652,
          "acoustic_entropy_side": 10.411731719970703,
          "hz": 20153.260054456492
        },
        {
          "acoustic_entropy": 10.414931297302246,
          "acoustic_entropy_side": 10.412089347839355,
          "hz": 22000.00000000001
        }
      ],
      "diff_acoustic_entropy": 9.15445327758789,
      "sn": 6
    },
    {
      "acoustic_entropy": 15.334991455078125,
      "acoustic_entropy_mono": 15.136137008666992,
      "band_eliminated_acoustic_entropies": [
        {
          "acoustic_entropy": 15.597079277038574,
          "acoustic_entropy_side": 15.334028244018555,
          "hz": 129.47220167065723
        },
        {
          "acoustic_entropy": 15.485933303833008,
          "acoustic_entropy_side": 15.365728378295898,
          "hz": 202.92927478742237
        },
        {
          "acoustic_entropy": 15.329920768737793,
          "acoustic_entropy_side": 15.573965072631836,
          "hz": 282.89161906338205
        },
        {
          "acoustic_entropy": 14.79564380645752,
          "acoustic_entropy_side": 15.546541213989258,
          "hz": 369.9353335868758
        },
        {
          "acoustic_entropy": 15.606228828430176,
          "acoustic_entropy_side": 15.294313430786133,
          "hz": 464.6875360973435
        },
        {
          "acoustic_entropy": 15.335748672485352,
          "acoustic_entropy_side": 15.096955299377441,
          "hz": 567.8308811364784
        },
        {
          "acoustic_entropy": 14.98794937133789,
          "acoustic_entropy_side": 15.34598159790039,
          "hz": 680.1084783214808
        },
        {
          "acoustic_entropy": 15.67210865020752,
          "acoustic_entropy_side": 15.382547378540039,
          "hz": 802.3292461747484
        },
        {
          "acoustic_entropy": 15.85542106628418,
          "acoustic_entropy_side": 15.502823829650879,
          "hz": 935.3737400823702
        },
        {
          "acoustic_entropy": 16.334362030029297,
          "acoustic_entropy_side": 15.438271522521973,
          "hz": 1080.2004963696966
        },
        {
          "acoustic_entropy": 15.346390724182129,
          "acoustic_entropy_side": 14.833539009094238,
          "hz": 1237.8529382007157
        },
        {
          "acoustic_entropy": 15.41296672821045,
          "acoustic_entropy_side": 15.575400352478027,
          "hz": 1409.4668930556702
        },
        {
          "acoustic_entropy": 15.629694938659668,
          "acoustic_entropy_side": 15.308444023132324,
          "hz": 1596.2787759475705
        },
        {
          "acoustic_entropy": 15.320601463317871,
          "acoustic_entropy_side": 15.153999328613281,
          "hz": 1799.6344973346393
        },
        {
          "acoustic_entropy": 15.148269653320312,
          "acoustic_entropy_side": 15.644525527954102,
          "hz": 2020.9991599069049
        },
        {
          "acoustic_entropy": 14.994096755981445,
          "acoustic_entropy_side": 15.298523902893066,
          "hz": 2261.9676141086993
        },
        {
          "acoustic_entropy": 15.445966720581055,
          "acoustic_entropy_side": 15.344256401062012,
          "hz": 2524.2759484456974
        },
        {
          "acoustic_entropy": 15.254962921142578,
          "acoustic_entropy_side": 15.359503746032715,
          "hz": 2809.813997359896
        },
        {
          "acoustic_entropy": 15.665228843688965,
          "acoustic_entropy_side": 15.369321823120117,
          "hz": 3120.6389567871424
        },
        {
          "acoustic_entropy": 15.270971298217773,
          "acoustic_entropy_side": 15.255435943603516,
          "hz": 3458.990205492291
        },
        {
          "acoustic_entropy": 15.355433464050293,
          "acoustic_entropy_side": 15.364578247070312,
          "hz": 3827.305438964164
        },
        {
          "acoustic_entropy": 15.354954719543457,
          "acoustic_entropy_side": 15.327457427978516,
          "hz": 4228.238232109126
        },
        {
          "acoustic_entropy": 14.919536590576172,
          "acoustic_entropy_side": 15.319531440734863,
          "hz": 4664.6771572759235
        },
        {
          "acoustic_entropy": 15.410679817199707,
          "acoustic_entropy_side": 15.329024314880371,
          "hz": 5139.766595350093
        },
        {
          "acoustic_entropy": 15.615117073059082,
          "acoustic_entropy_side": 15.349502563476562,
          "hz": 5656.929389854203
        },
        {
          "acoustic_entropy": 15.595020294189453,
          "acoustic_entropy_side": 15.331707000732422,
          "hz": 6219.891507268283
        },
        {
          "acoustic_entropy": 15.517751693725586,
          "acoustic_entropy_side": 15.346762657165527,
          "hz": 6832.70888123896
        },
        {
          "acoustic_entropy": 15.567752838134766,
          "acoustic_entropy_side": 15.343159675598145,
          "hz": 7499.796634079867
        },
        {
          "acoustic_entropy": 15.327363014221191,
          "acoustic_entropy_side": 15.336543083190918,
          "hz": 8225.96088609342
        },
        {
          "acoustic_entropy": 15.270713806152344,
          "acoustic_entropy_side": 15.340208053588867,
          "hz": 9016.43338188839
        },
        {
          "acoustic_entropy": 15.23449993133545,
          "acoustic_entropy_side": 15.33021068572998,
          "hz": 9876.909183162974
        },
        {
          "acoustic_entropy": 15.300339698791504,
          "acoustic_entropy_side": 15.327906608581543,
          "hz": 10813.587699516042
        },
        {
          "acoustic_entropy": 15.204021453857422,
          "acoustic_entropy_side": 15.423908233642578,
          "hz": 11833.21735289826
        },
        {
          "acoustic_entropy": 15.314135551452637,
          "acoustic_entropy_side": 15.368473052978516,
          "hz": 12943.144197493959
        },
        {
          "acoustic_entropy": 15.254447937011719,
          "acoustic_entropy_side": 15.351304054260254,
          "hz": 14151.364845322005
        },
        {
          "acoustic_entropy": 15.387767791748047,
          "acoustic_entropy_side": 15.341690063476562,
          "hz": 15466.58407886509
        },
        {
          "acoustic_entropy": 15.33782958984375,
          "acoustic_entropy_side": 15.338370323181152,
          "hz": 16898.27756580493
        },
        {
          "acoustic_entropy": 15.353607177734375,
          "acoustic_entropy_side": 15.336599349975586,
          "hz": 18456.760127700032
        },
        {
          "acoustic_entropy": 15.343560218811035,
          "acoustic_entropy_side": 15.336658477783203,
          "hz": 20153.260054456492
        },
        {
          "acoustic_entropy": 15.3357572555542,
          "acoustic_entropy_side": 15.335145950317383,
          "hz": 22000.00000000001
        }
      ],
      "diff_acoustic_entropy": 15.042964935302734,
      "sn": 12
    },
    {
      "acoustic_entropy": 22.120513916015625,
      "acoustic_entropy_mono": 20.012117385864258,
      "band_eliminated_acoustic_entropies": [
        {
          "acoustic_entropy": 22.612075805664062,
          "acoustic_entropy_side": 22.210979461669922,
          "hz": 129.47220167065723
        },
        {
          "acoustic_entropy": 22.683921813964844,
          "acoustic_entropy_side": 22.2275447845459,
          "hz": 202.92927478742237
        },
        {
          "acoustic_entropy": 21.538551330566406,
          "acoustic_entropy_side": 21.45589828491211,
          "hz": 282.89161906338205
        },
        {
          "acoustic_entropy": 22.103422164916992,
          "acoustic_entropy_side": 23.215213775634766,
          "hz": 369.9353335868758
        },
        {
          "acoustic_entropy": 22.56467628479004,
          "acoustic_entropy_side": 22.0340633392334,
          "hz": 464.6875360973435
        },
        {
          "acoustic_entropy": 22.111042022705078,
          "acoustic_entropy_side": 22.28508758544922,
          "hz": 567.8308811364784
        },
        {
          "acoustic_entropy": 22.971052169799805,
          "acoustic_entropy_side": 22.750654220581055,
          "hz": 680.1084783214808
        },
        {
          "acoustic_entropy": 23.32004165649414,
          "acoustic_entropy_side": 22.22859764099121,
          "hz": 802.3292461747484
        },
        {
          "acoustic_entropy": 21.795879364013672,
          "acoustic_entropy_side": 22.574831008911133,
          "hz": 935.3737400823702
        },
        {
          "acoustic_entropy": 21.817707061767578,
          "acoustic_entropy_side": 21.655406951904297,
          "hz": 1080.2004963696966
        },
        {
          "acoustic_entropy": 22.115079879760742,
          "acoustic_entropy_side": 22.25259780883789,
          "hz": 1237.8529382007157
        },
        {
          "acoustic_entropy": 21.70219612121582,
          "acoustic_entropy_side": 22.18328857421875,
          "hz": 1409.4668930556702
        },
        {
          "acoustic_entropy": 23.206443786621094,
          "acoustic_entropy_side": 22.128192901611328,
          "hz": 1596.2787759475705
        },
        {
          "acoustic_entropy": 21.119632720947266,
          "acoustic_entropy_side": 21.138870239257812,
          "hz": 1799.6344973346393
        },
        {
          "acoustic_entropy": 23.18187141418457,
          "acoustic_entropy_side": 22.050161361694336,
          "hz": 2020.9991599069049
        },
        {
          "acoustic_entropy": 21.813812255859375,
          "acoustic_entropy_side": 21.775388717651367,
          "hz": 2261.9676141086993
        },
        {
          "acoustic_entropy": 22.32868766784668,
          "acoustic_entropy_side": 22.113237380981445,
          "hz": 2524.2759484456974
        },
        {
          "acoustic_entropy": 22.883880615234375,
          "acoustic_entropy_side": 22.147912979125977,
