{
  "acoustic_entropy": 147.50209045410156,
  "bands": [
    {
      "high_freq": 148.1999969482422,
      "loudness": -32.01414108276367,
      "loudness_range": 31.418724060058594,
      "mid_mean": -28.6845760345459,
      "mid_to_side_loudness": -12.742587089538574,
      "mid_to_side_loudness_range": 16.16625213623047,
      "side_mean": -42.41914367675781
    },
    {
      "high_freq": 392.3793640136719,
      "loudness": -23.972923278808594,
      "loudness_range": 7.077482223510742,
      "low_freq": 148.1999969482422,
      "mid_mean": -21.591501235961914,
      "mid_to_side_loudness": -4.969074249267578,
      "mid_to_side_loudness_range": 7.235301971435547,
      "side_mean": -26.705148696899414
    },
    {
      "high_freq": 794.6976318359375,
      "loudness": -24.263050079345703,
      "loudness_range": 11.545669555664062,
      "low_freq": 392.3793640136719,
      "mid_mean": -21.377676010131836,
      "mid_to_side_loudness": -8.248485565185547,
      "mid_to_side_loudness_range": 12.251997947692871,
      "side_mean": -29.808757781982422
    },
    {
      "high_freq": 1457.5709228515625,
      "loudness": -35.39212417602539,
      "loudness_range": 16.389249801635742,
      "low_freq": 794.6976318359375,
      "mid_mean": -32.49287796020508,
      "mid_to_side_loudness": -8.429773330688477,
      "mid_to_side_loudness_range": 12.334023475646973,
      "side_mean": -41.18817901611328
    },
    {
      "high_freq": 2549.74365234375,
      "loudness": -39.065372467041016,
      "loudness_range": 25.399677276611328,
      "low_freq": 1457.5709228515625,
      "mid_mean": -36.08980178833008,
      "mid_to_side_loudness": -9.05207347869873,
      "mid_to_side_loudness_range": 13.062918663024902,
      "side_mean": -45.26116180419922
    },
    {
      "high_freq": 4349.24462890625,
      "loudness": -43.04403305053711,
      "loudness_range": 17.19438934326172,
      "low_freq": 2549.74365234375,
      "mid_mean": -40.22822570800781,
      "mid_to_side_loudness": -8.084813117980957,
      "mid_to_side_loudness_range": 12.210413932800293,
      "side_mean": -48.56553268432617
    },
    {
      "high_freq": 7314.1640625,
      "loudness": -47.447181701660156,
      "loudness_range": 10.178741455078125,
      "low_freq": 4349.24462890625,
      "mid_mean": -44.79579544067383,
      "mid_to_side_loudness": -7.045568943023682,
      "mid_to_side_loudness_range": 9.343042373657227,
      "side_mean": -52.331298828125
    },
    {
      "high_freq": 12199.2666015625,
      "loudness": -46.050357818603516,
      "loudness_range": 8.326892852783203,
      "low_freq": 7314.1640625,
      "mid_mean": -43.48859786987305,
      "mid_to_side_loudness": -6.060909271240234,
      "mid_to_side_loudness_range": 8.022579193115234,
      "side_mean": -50.183162689208984
    },
    {
      "loudness": -46.62199020385742,
      "loudness_range": 11.916057586669922,
      "low_freq": 12199.2666015625,
      "mid_mean": -43.8681755065918,
      "mid_to_side_loudness": -7.534844398498535,
      "mid_to_side_loudness_range": 10.15283489227295,
      "side_mean": -52.03683090209961
    }
  ],
  "bands_short": [
    {
      "high_freq": 148.1999969482422,
      "loudness": -35.05207443237305,
      "loudness_range": 34.52497863769531,
      "mid_mean": -32.06875228881836,
      "mid_to_side_loudness": -13.46943187713623,
      "mid_to_side_loudness_range": 17.91631507873535,
      "side_mean": -47.09321212768555
    },
    {
      "high_freq": 392.3793640136719,
      "loudness": -24.047588348388672,
      "loudness_range": 9.330020904541016,
      "low_freq": 148.1999969482422,
      "mid_mean": -21.70169448852539,
      "mid_to_side_loudness": -5.130937099456787,
      "mid_to_side_loudness_range": 9.02489948272705,
      "side_mean": -26.9847354888916
    },
    {
      "high_freq": 794.6976318359375,
      "loudness": -24.904115676879883,
      "loudness_range": 14.640937805175781,
      "low_freq": 392.3793640136719,
      "mid_mean": -22.12685203552246,
      "mid_to_side_loudness": -8.101503372192383,
      "mid_to_side_loudness_range": 13.870674133300781,
      "side_mean": -30.41253089904785
    },
    {
      "high_freq": 1457.5709228515625,
      "loudness": -36.25287628173828,
      "loudness_range": 19.898515701293945,
      "low_freq": 794.6976318359375,
      "mid_mean": -33.53120422363281,
      "mid_to_side_loudness": -8.022109031677246,
      "mid_to_side_loudness_range": 14.342004776000977,
      "side_mean": -42.02696990966797
    },
    {
      "high_freq": 2549.74365234375,
      "loudness": -39.86894607543945,
      "loudness_range": 26.667877197265625,
      "low_freq": 1457.5709228515625,
      "mid_mean": -37.0517578125,
      "mid_to_side_loudness": -8.421390533447266,
      "mid_to_side_loudness_range": 13.659981727600098,
      "side_mean": -46.183509826660156
    },
    {
      "high_freq": 4349.24462890625,
      "loudness": -44.536346435546875,
      "loudness_range": 23.71076202392578,
      "low_freq": 2549.74365234375,
      "mid_mean": -41.835140228271484,
      "mid_to_side_loudness": -7.666480541229248,
      "mid_to_side_loudness_range": 13.19566535949707,
      "side_mean": -50.334354400634766
    },
    {
      "high_freq": 7314.1640625,
      "loudness": -48.451194763183594,
      "loudness_range": 15.496681213378906,
      "low_freq": 4349.24462890625,
      "mid_mean": -45.82548141479492,
      "mid_to_side_loudness": -6.847535133361816,
      "mid_to_side_loudness_range": 10.752986907958984,
      "side_mean": -53.202884674072266
    },
    {
      "high_freq": 12199.2666015625,
      "loudness": -46.629215240478516,
      "loudness_range": 11.027961730957031,
      "low_freq": 7314.1640625,
      "mid_mean": -44.141666412353516,
      "mid_to_side_loudness": -5.882901668548584,
      "mid_to_side_loudness_range": 9.251123428344727,
      "side_mean": -50.66978454589844
    },
    {
      "loudness": -47.19364547729492,
      "loudness_range": 14.517147064208984,
      "low_freq": 12199.2666015625,
      "mid_mean": -44.55923843383789,
      "mid_to_side_loudness": -7.127992630004883,
      "mid_to_side_loudness_range": 11.272597312927246,
      "side_mean": -52.32365036010742
    }
  ],
  "bandwidth": 433.18896484375,
  "channels": 2,
  "covariance": [
    [
      120.23778533935547,
      87.46002960205078,
      12.153225898742676,
      -8.337891578674316,
      20.701480865478516,
      -3.352893114089966,
      40.18009948730469,
      29.777891159057617,
      67.1441879272461,
      58.300621032714844,
      41.647125244140625,
      25.776046752929688,
      24.426359176635742,
      6.88745641708374,
      17.03563117980957,
      0.3007160723209381,
      31.996610641479492,
      11.706216812133789
    ],
    [
      87.46002960205078,
      84.7763900756836,
      11.080835342407227,
      -6.302390098571777,
      19.747360229492188,
      -1.170330286026001,
      33.075374603271484,
      23.78631019592285,
      54.20756530761719,
      45.61545944213867,
      32.89478302001953,
      18.43555450439453,
      20.91539192199707,
      5.9321699142456055,
      14.286737442016602,
      0.26916179060935974,
      28.53428077697754,
      10.358981132507324
    ],
    [
      12.153225898742676,
      11.080835342407227,
      11.169358253479004,
      5.337806224822998,
      8.221487045288086,
      4.44694709777832,
      9.203344345092773,
      4.894021511077881,
      11.049756050109863,
      6.111865043640137,
      9.438015937805176,
      6.844619274139404,
      10.360736846923828,
      5.061359405517578,
      9.292793273925781,
      4.392145156860352,
      9.856975555419922,
      5.4976725578308105
    ],
    [
      -8.337891578674316,
      -6.302390098571777,
      5.337806224822998,
      8.01668643951416,
      2.4432222843170166,
      4.238760471343994,
      -0.6946814060211182,
      -1.492082118988037,
      -3.6951892375946045,
      -5.183894157409668,
      -0.4473896026611328,
      2.445823907852173,
      4.301518440246582,
      4.6235575675964355,
      4.775728225708008,
      5.404726505279541,
      1.9699575901031494,
      3.7612156867980957
    ],
    [
      20.701480865478516,
      19.747360229492188,
      8.221487045288086,
      2.4432222843170166,
      26.395071029663086,
      8.540384292602539,
      27.354442596435547,
      13.764976501464844,
      36.00486373901367,
      20.632320404052734,
      29.54305648803711,
      14.408784866333008,
      21.35844612121582,
      7.322861194610596,
      17.479013442993164,
      5.435552597045898,
      24.243955612182617,
      8.92135238647461
    ],
    [
      -3.352893114089966,
      -1.170330286026001,
      4.44694709777832,
      4.238760471343994,
      8.540384292602539,
      10.471920013427734,
      5.2412919998168945,
      3.957237720489502,
      3.597815990447998,
      -0.1145368292927742,
      4.911535263061523,
      4.865994930267334,
      6.824749946594238,
      4.431990146636963,
      6.602671146392822,
      4.88331937789917,
      6.303809642791748,
      4.646524429321289
    ],
    [
      40.18009948730469,
      33.075374603271484,
      9.203344345092773,
      -0.6946814060211182,
      27.354442596435547,
      5.2412919998168945,
      42.75156021118164,
      18.717750549316406,
      55.282135009765625,
      34.23631286621094,
      42.624366760253906,
      18.571300506591797,
      24.620410919189453,
      6.430109024047852,
      19.935998916625977,
      3.705887794494629,
      29.52865982055664,
      8.7918119430542
    ],
    [
      29.777891159057617,
      23.78631019592285,
      4.894021511077881,
      -1.492082118988037,
      13.764976501464844,
      3.957237720489502,
      18.717750549316406,
      19.449779510498047,
      27.28853988647461,
      26.55086326599121,
      21.011165618896484,
      16.662260055541992,
      12.848833084106445,
      6.15081787109375,
      10.262500762939453,
      4.1144118309021,
      15.01449203491211,
      7.847959995269775
    ],
    [
      67.1441879272461,
      54.20756530761719,
      11.049756050109863,
      -3.6951892375946045,
      36.00486373901367,
      3.597815990447998,
      55.282135009765625,
      27.28853988647461,
      86.78150939941406,
      57.761314392089844,
      59.53895950317383,
      28.31431770324707,
      35.497825622558594,
      10.506829261779785,
      25.66593360900879,
      4.614622592926025,
      42.483802795410156,
      13.90527629852295
    ],
    [
      58.300621032714844,
      45.61545944213867,
      6.111865043640137,
      -5.183894157409668,
      20.632320404052734,
      -0.1145368292927742,
      34.23631286621094,
      26.55086326599121,
      57.761314392089844,
      53.63862609863281,
      39.381935119628906,
      25.97001075744629,
      21.808000564575195,
      8.364579200744629,
      15.251392364501953,
      2.53350567817688,
      26.62264060974121,
      11.129609107971191
    ],
    [
      41.647125244140625,
      32.89478302001953,
      9.438015937805176,
      -0.4473896026611328,
      29.54305648803711,
      4.911535263061523,
      42.624366760253906,
      21.011165618896484,
      59.53895950317383,
      39.381935119628906,
      50.08639144897461,
      24.4735050201416,
      28.98855209350586,
      9.92595100402832,
      23.01462173461914,
      6.254240989685059,
      32.90209197998047,
      11.445603370666504
    ],
    [
      25.776046752929688,
      18.43555450439453,
      6.844619274139404,
      2.445823907852173,
      14.408784866333008,
      4.865994930267334,
      18.571300506591797,
      16.662260055541992,
      28.31431770324707,
      25.97001075744629,
      24.4735050201416,
      22.14101791381836,
      16.848844528198242,
      10.911221504211426,
      13.84106159210205,
      8.403534889221191,
      16.951475143432617,
      11.092916488647461
    ],
    [
      24.426359176635742,
      20.91539192199707,
      10.360736846923828,
      4.301518440246582,
      21.35844612121582,
      6.824749946594238,
      24.620410919189453,
      12.848833084106445,
      35.497825622558594,
      21.808000564575195,
      28.98855209350586,
      16.848844528198242,
      23.599708557128906,
      10.52052116394043,
      18.2703800201416,
      8.02187728881836,
      23.275400161743164,
      10.968408584594727
    ],
    [
      6.88745641708374,
      5.9321699142456055,
      5.061359405517578,
      4.6235575675964355,
      7.322861194610596,
      4.431990146636963,
      6.430109024047852,
      6.15081787109375,
      10.506829261779785,
      8.364579200744629,
      9.92595100402832,
      10.911221504211426,
      10.52052116394043,
      16.965633392333984,
      8.080419540405273,
      16.75539207458496,
      8.517645835876465,
      16.11465835571289
    ],
    [
      17.03563117980957,
      14.286737442016602,
      9.292793273925781,
      4.775728225708008,
      17.479013442993164,
      6.602671146392822,
      19.935998916625977,
      10.262500762939453,
      25.66593360900879,
      15.251392364501953,
      23.01462173461914,
      13.84106159210205,
      18.2703800201416,
      8.080419540405273,
      16.55699920654297,
      7.406683444976807,
      17.92042350769043,
      8.582930564880371
    ],
    [
      0.3007160723209381,
      0.26916179060935974,
      4.392145156860352,
      5.404726505279541,
      5.435552597045898,
      4.88331937789917,
      3.705887794494629,
      4.1144118309021,
      4.614622592926025,
      2.53350567817688,
      6.254240989685059,
      8.403534889221191,
      8.02187728881836,
      16.75539207458496,
      7.406683444976807,
      19.153257369995117,
      5.629725456237793,
      16.23600196838379
    ],
    [
      31.996610641479492,
      28.53428077697754,
      9.856975555419922,
      1.9699575901031494,
      24.243955612182617,
      6.303809642791748,
      29.52865982055664,
      15.01449203491211,
      42.483802795410156,
      26.62264060974121,
      32.90209197998047,
      16.951475143432617,
      23.275400161743164,
      8.517645835876465,
      17.92042350769043,
      5.629725456237793,
      27.485403060913086,
      10.238012313842773
    ],
    [
      11.706216812133789,
      10.358981132507324,
      5.4976725578308105,
      3.7612156867980957,
      8.92135238647461,
      4.646524429321289,
      8.7918119430542,
      7.847959995269775,
      13.90527629852295,
      11.129609107971191,
      11.445603370666504,
      11.092916488647461,
      10.968408584594727,
      16.11465835571289,
      8.582930564880371,
      16.23600196838379,
      10.238012313842773,
      16.792081832885742
    ]
  ],
  "covariance_short": [
    [
      144.84620666503906,
      107.19303894042969,
      16.721614837646484,
      -9.009799003601074,
      25.61318588256836,
      2.6745870113372803,
      46.10710906982422,
      39.042877197265625,
      71.07539367675781,
      66.94668579101562,
      48.70994567871094,
      36.35639953613281,
      27.796098709106445,
      11.373533248901367,
      18.112470626831055,
      0.8648090958595276,
      34.469398498535156,
      14.106858253479004
    ],
    [
      107.19303894042969,
      114.07820892333984,
      16.583444595336914,
      -4.9165496826171875,
      24.601781845092773,
      5.31011962890625,
      41.15501022338867,
      35.81260681152344,
      60.70046615600586,
      59.164833068847656,
      44.823577880859375,
      35.3894157409668,
      28.016239166259766,
      14.248733520507812,
      17.820600509643555,
      4.466536045074463,
      32.69501495361328,
      15.274352073669434
    ],
    [
      16.721614837646484,
      16.583444595336914,
      16.04291534423828,
      6.454350471496582,
      9.705521583557129,
      4.590208530426025,
      13.642156600952148,
      7.510782718658447,
      14.330491065979004,
      10.51574420928955,
      14.806282043457031,
      10.633011817932129,
      13.241655349731445,
      7.514977931976318,
      11.505670547485352,
      5.5709967613220215,
      13.112252235412598,
      7.110531806945801
    ],
    [
      -9.009799003601074,
      -4.9165496826171875,
      6.454350471496582,
      10.331598281860352,
      1.3450241088867188,
      2.7368433475494385,
      -0.3001304566860199,
      -1.0181740522384644,
      -3.4722869396209717,
      -2.553452491760254,
      0.8267667293548584,
      3.8963661193847656,
      4.6450018882751465,
      6.385256767272949,
      5.515100002288818,
      6.773406982421875,
      2.926431894302368,
      5.040442943572998
    ],
    [
      25.61318588256836,
      24.601781845092773,
      9.705521583557129,
      1.3450241088867188,
      37.31013107299805,
      16.0344181060791,
      36.88444137573242,
      23.177053451538086,
      43.077728271484375,
      30.500577926635742,
      41.12220001220703,
      22.465124130249023,
      27.77469253540039,
      11.165105819702148,
      21.712392807006836,
      7.104454040527344,
      29.433849334716797,
      11.1931734085083
    ],
    [
      2.6745870113372803,
      5.31011962890625,
      4.590208530426025,
      2.7368433475494385,
      16.0344181060791,
      21.03757095336914,
      11.640687942504883,
      14.401506423950195,
      8.373417854309082,
      9.450955390930176,
      12.49831771850586,
      12.030401229858398,
      10.068765640258789,
      7.642047882080078,
      9.331384658813477,
      7.107889175415039,
      9.719362258911133,
      7.256655216217041
    ],
    [
      46.10710906982422,
      41.15501022338867,
      13.642156600952148,
      -0.3001304566860199,
      36.88444137573242,
      11.640687942504883,
      56.78200149536133,
      27.933801651000977,
      63.22742462158203,
      42.33057403564453,
      55.282012939453125,
      28.390762329101562,
      34.763206481933594,
      12.322834968566895,
      25.87749671936035,
      6.692820072174072,
      36.93771743774414,
      12.489421844482422
    ],
    [
      39.042877197265625,
      35.81260681152344,
      7.510782718658447,
      -1.0181740522384644,
      23.177053451538086,
      14.401506423950195,
      27.933801651000977,
      33.93423080444336,
      35.39561462402344,
      37.74361801147461,
      32.33750915527344,
      27.85389518737793,
      19.668601989746094,
      12.626452445983887,
      15.112497329711914,
      8.168173789978027,
      20.3629207611084,
      11.903865814208984
    ],
    [
      71.07539367675781,
      60.70046615600586,
      14.330491065979004,
      -3.4722869396209717,
      43.077728271484375,
      8.373417854309082,
      63.22742462158203,
      35.39561462402344,
      96.15383911132812,
      65.58197784423828,
      71.71476745605469,
      38.853729248046875,
      43.420963287353516,
      15.802397727966309,
      29.767650604248047,
      5.857148170471191,
      46.771766662597656,
      15.982461929321289
    ],
    [
      66.94668579101562,
      59.164833068847656,
      10.51574420928955,
      -2.553452491760254,
      30.500577926635742,
      9.450955390930176,
      42.33057403564453,
      37.74361801147461,
      65.58197784423828,
      67.31822967529297,
      53.133602142333984,
      40.09893035888672,
      31.68873405456543,
      17.77809715270996,
      20.986852645874023,
      7.872092247009277,
      33.8260612487793,
      16.917293548583984
    ],
    [
      48.70994567871094,
      44.823577880859375,
      14.806282043457031,
      0.8267667293548584,
      41.12220001220703,
      12.49831771850586,
      55.282012939453125,
      32.33750915527344,
      71.71476745605469,
      53.133602142333984,
      69.73088836669922,
      39.42830276489258,
      43.15629959106445,
      19.186487197875977,
      31.256431579589844,
      10.675580024719238,
      42.87273406982422,
      16.844717025756836
    ],
    [
      36.35639953613281,
      35.3894157409668,
      10.633011817932129,
      3.8963661193847656,
      22.465124130249023,
      12.030401229858398,
      28.390762329101562,
      27.85389518737793,
      38.853729248046875,
      40.09893035888672,
      39.42830276489258,
      48.084781646728516,
      26.95081329345703,
      29.918033599853516,
      20.204235076904297,
      24.98847770690918,
      24.849281311035156,
      26.98308563232422
    ],
    [
      27.796098709106445,
      28.016239166259766,
      13.241655349731445,
      4.6450018882751465,
      27.77469253540039,
      10.068765640258789,
      34.763206481933594,
      19.668601989746094,
      43.420963287353516,
      31.68873405456543,
      43.15629959106445,
      26.95081329345703,
      32.95625686645508,
      16.562318801879883,
      24.00908851623535,
      10.320003509521484,
      30.425533294677734,
      13.704680442810059
    ],
    [
      11.373533248901367,
      14.248733520507812,
      7.514977931976318,
      6.385256767272949,
      11.165105819702148,
      7.642047882080078,
      12.322834968566895,
      12.626452445983887,
      15.802397727966309,
      17.77809715270996,
      19.186487197875977,
      29.918033599853516,
      16.562318801879883,
      23.951885223388672,
      12.681680679321289,
      20.786895751953125,
      13.317771911621094,
      20.211772918701172
    ],
    [
      18.112470626831055,
      17.820600509643555,
      11.505670547485352,
      5.515100002288818,
      21.712392807006836,
      9.331384658813477,
      25.87749671936035,
      15.112497329711914,
      29.767650604248047,
      20.986852645874023,
      31.256431579589844,
      20.204235076904297,
      24.00908851623535,
      12.681680679321289,
      21.953855514526367,
      10.921578407287598,
      22.390390396118164,
      11.004945755004883
    ],
    [
      0.8648090958595276,
      4.466536045074463,
      5.5709967613220215,
      6.773406982421875,
      7.104454040527344,
      7.107889175415039,
      6.692820072174072,
      8.168173789978027,
      5.857148170471191,
      7.872092247009277,
      10.675580024719238,
      24.98847770690918,
      10.320003509521484,
      20.786895751953125,
      10.921578407287598,
      23.475614547729492,
      7.831423282623291,
      18.900981903076172
    ],
    [
      34.469398498535156,
      32.69501495361328,
      13.112252235412598,
      2.926431894302368,
      29.433849334716797,
      9.719362258911133,
      36.93771743774414,
      20.3629207611084,
      46.771766662597656,
      33.8260612487793,
      42.87273406982422,
      24.849281311035156,
      30.425533294677734,
      13.317771911621094,
      22.390390396118164,
      7.831423282623291,
      32.41444396972656,
      12.799981117248535
    ],
    [
      14.106858253479004,
      15.274352073669434,
      7.110531806945801,
      5.040442943572998,
      11.1931734085083,
      7.256655216217041,
      12.489421844482422,
      11.903865814208984,
      15.982461929321289,
      16.917293548583984,
      16.844717025756836,
      26.98308563232422,
      13.704680442810059,
      20.211772918701172,
      11.004945755004883,
      18.900981903076172,
      12.799981117248535,
      19.678781509399414
    ]
  ],
  "damage": -9.174007415771484,
  "diff_bandwidth": 454.7325744628906,
  "dissonance": 4.663562537132751,
  "drr": -0.10201149433851242,
  "dynamics": 3.1333420276641846,
  "format": 1245190,
  "frames": 3205120,
  "loudness": -15.888010025024414,
  "loudness_range": 7.96993350982666,
  "loudness_range_short": 10.638882637023926,
  "lowpass_true_peak_15khz": 0.016778599470853806,
  "mastering3_acoustic_entropies": [
    {
      "acoustic_entropy": 6.0442280769348145,
      "acoustic_entropy_mono": 6.924638748168945,
      "band_eliminated_acoustic_entropies": [
        {
          "acoustic_entropy": 6.633162975311279,
          "acoustic_entropy_side": 6.043708324432373,
          "hz": 129.47220167065723
        },
        {
          "acoustic_entropy": 6.167233943939209,
          "acoustic_entropy_side": 6.015316486358643,
          "hz": 202.92927478742237
        },
        {
          "acoustic_entropy": 6.401491641998291,
          "acoustic_entropy_side": 6.028757095336914,
          "hz": 282.89161906338205
        },
        {
          "acoustic_entropy": 6.299441337585449,
          "acoustic_entropy_side": 6.241199016571045,
          "hz": 369.9353335868758
        },
        {
          "acoustic_entropy": 7.422682285308838,
          "acoustic_entropy_side": 6.054134845733643,
          "hz": 464.6875360973435
        },
        {
          "acoustic_entropy": 6.485630512237549,
          "acoustic_entropy_side": 6.151072978973389,
          "hz": 567.8308811364784
        },
        {
          "acoustic_entropy": 6.317840576171875,
          "acoustic_entropy_side": 6.097761154174805,
          "hz": 680.1084783214808
        },
        {
          "acoustic_entropy": 6.160640239715576,
          "acoustic_entropy_side": 6.0486602783203125,
          "hz": 802.3292461747484
        },
        {
          "acoustic_entropy": 6.3925862312316895,
          "acoustic_entropy_side": 6.0528764724731445,
          "hz": 935.3737400823702
        },
        {
          "acoustic_entropy": 5.858384609222412,
          "acoustic_entropy_side": 6.051734447479248,
          "hz": 1080.2004963696966
        },
        {
          "acoustic_entropy": 6.252205848693848,
          "acoustic_entropy_side": 6.047964096069336,
          "hz": 1237.8529382007157
        },
        {
          "acoustic_entropy": 6.004395484924316,
          "acoustic_entropy_side": 6.052447319030762,
          "hz": 1409.4668930556702
        },
        {
          "acoustic_entropy": 6.018203258514404,
          "acoustic_entropy_side": 6.0471882820129395,
          "hz": 1596.2787759475705
        },
        {
          "acoustic_entropy": 6.116883277893066,
          "acoustic_entropy_side": 6.0396728515625,
          "hz": 1799.6344973346393
        },
        {
          "acoustic_entropy": 6.0753493309021,
          "acoustic_entropy_side": 6.041332721710205,
          "hz": 2020.9991599069049
        },
        {
          "acoustic_entropy": 5.98336124420166,
          "acoustic_entropy_side": 6.046849250793457,
          "hz": 2261.9676141086993
        },
        {
          "acoustic_entropy": 6.134973049163818,
          "acoustic_entropy_side": 6.044620513916016,
          "hz": 2524.2759484456974
        },
        {
          "acoustic_entropy": 6.081404685974121,
          "acoustic_entropy_side": 6.040196418762207,
          "hz": 2809.813997359896
        },
        {
          "acoustic_entropy": 6.028083324432373,
          "acoustic_entropy_side": 6.041236877441406,
          "hz": 3120.6389567871424
        },
        {
          "acoustic_entropy": 6.032955169677734,
          "acoustic_entropy_side": 6.042118549346924,
          "hz": 3458.990205492291
        },
        {
          "acoustic_entropy": 6.014222621917725,
          "acoustic_entropy_side": 6.042623043060303,
          "hz": 3827.305438964164
        },
        {
          "acoustic_entropy": 6.041216850280762,
          "acoustic_entropy_side": 6.0438151359558105,
          "hz": 4228.238232109126
        },
        {
          "acoustic_entropy": 6.0400309562683105,
          "acoustic_entropy_side": 6.043510913848877,
          "hz": 4664.6771572759235
        },
        {
          "acoustic_entropy": 6.042145729064941,
          "acoustic_entropy_side": 6.043914318084717,
          "hz": 5139.766595350093
        },
        {
          "acoustic_entropy": 6.043627738952637,
          "acoustic_entropy_side": 6.043957233428955,
          "hz": 5656.929389854203
        },
        {
          "acoustic_entropy": 6.043862819671631,
          "acoustic_entropy_side": 6.0441765785217285,
          "hz": 6219.891507268283
        },
        {
          "acoustic_entropy": 6.044292449951172,
          "acoustic_entropy_side": 6.044229984283447,
          "hz": 6832.70888123896
        },
        {
          "acoustic_entropy": 6.043423175811768,
          "acoustic_entropy_side": 6.044236660003662,
          "hz": 7499.796634079867
        },
        {
          "acoustic_entropy": 6.044737339019775,
          "acoustic_entropy_side": 6.044241428375244,
          "hz": 8225.96088609342
        },
        {
          "acoustic_entropy": 6.042832851409912,
          "acoustic_entropy_side": 6.0442399978637695,
          "hz": 9016.43338188839
        },
        {
          "acoustic_entropy": 6.042969703674316,
          "acoustic_entropy_side": 6.044314384460449,
          "hz": 9876.909183162974
        },
        {
          "acoustic_entropy": 6.041035175323486,
          "acoustic_entropy_side": 6.044413089752197,
          "hz": 10813.587699516042
        },
        {
          "acoustic_entropy": 6.041075706481934,
          "acoustic_entropy_side": 6.04453706741333,
          "hz": 11833.21735289826
        },
        {
          "acoustic_entropy": 6.038212299346924,
          "acoustic_entropy_side": 6.044449329376221,
          "hz": 12943.144197493959
        },
        {
          "acoustic_entropy": 6.045118808746338,
          "acoustic_entropy_side": 6.044278621673584,
          "hz": 14151.364845322005
        },
        {
          "acoustic_entropy": 6.050673961639404,
          "acoustic_entropy_side": 6.044116020202637,
          "hz": 15466.58407886509
        },
        {
          "acoustic_entropy": 6.042627334594727,
          "acoustic_entropy_side": 6.044243812561035,
          "hz": 16898.27756580493
        },
        {
          "acoustic_entropy": 6.042635917663574,
          "acoustic_entropy_side": 6.044236183166504,
          "hz": 18456.760127700032
        },
        {
          "acoustic_entropy": 6.045177936553955,
          "acoustic_entropy_side": 6.044216156005859,
          "hz": 20153.260054456492
        },
        {
          "acoustic_entropy": 6.044262409210205,
          "acoustic_entropy_side": 6.044227600097656,
          "hz": 22000.00000000001
        }
      ],
      "diff_acoustic_entropy": 5.656120777130127,
      "sn": 6
    },
    {
      "acoustic_entropy": 9.830756187438965,
      "acoustic_entropy_mono": 10.239578247070312,
      "band_eliminated_acoustic_entropies": [
        {
          "acoustic_entropy": 10.174314498901367,
          "acoustic_entropy_side": 9.832096099853516,
          "hz": 129.47220167065723
        },
        {
          "acoustic_entropy": 9.654006004333496,
          "acoustic_entropy_side": 9.844207763671875,
          "hz": 202.92927478742237
        },
        {
          "acoustic_entropy": 10.596346855163574,
          "acoustic_entropy_side": 10.132335662841797,
          "hz": 282.89161906338205
        },
        {
          "acoustic_entropy": 9.213499069213867,
          "acoustic_entropy_side": 9.658249855041504,
          "hz": 369.9353335868758
        },
        {
          "acoustic_entropy": 9.721250534057617,
          "acoustic_entropy_side": 10.357492446899414,
          "hz": 464.6875360973435
        },
        {
          "acoustic_entropy": 10.405121803283691,
          "acoustic_entropy_side": 9.967826843261719,
          "hz": 567.8308811364784
        },
        {
          "acoustic_entropy": 9.118791580200195,
          "acoustic_entropy_side": 10.119481086730957,
          "hz": 680.1084783214808
        },
        {
          "acoustic_entropy": 9.8635892868042,
          "acoustic_entropy_side": 9.965853691101074,
          "hz": 802.3292461747484
        },
        {
          "acoustic_entropy": 9.501945495605469,
          "acoustic_entropy_side": 9.88744831085205,
          "hz": 935.3737400823702
        },
        {
          "acoustic_entropy": 9.2386474609375,
          "acoustic_entropy_side": 9.916357040405273,
          "hz": 1080.2004963696966
        },
        {
          "acoustic_entropy": 9.926655769348145,
          "acoustic_entropy_side": 9.903517723083496,
          "hz": 1237.8529382007157
        },
        {
          "acoustic_entropy": 10.08966064453125,
          "acoustic_entropy_side": 9.881678581237793,
          "hz": 1409.4668930556702
        },
        {
          "acoustic_entropy": 9.863709449768066,
          "acoustic_entropy_side": 9.89589786529541,
          "hz": 1596.2787759475705
        },
        {
          "acoustic_entropy": 9.885269165039062,
          "acoustic_entropy_side": 9.867565155029297,
          "hz": 1799.6344973346393
        },
        {
          "acoustic_entropy": 10.278585433959961,
          "acoustic_entropy_side": 9.84886646270752,
          "hz": 2020.9991599069049
        },
        {
          "acoustic_entropy": 9.964237213134766,
          "acoustic_entropy_side": 9.863722801208496,
          "hz": 2261.9676141086993
        },
        {
          "acoustic_entropy": 9.722816467285156,
          "acoustic_entropy_side": 9.830221176147461,
          "hz": 2524.2759484456974
        },
        {
          "acoustic_entropy": 9.84713363647461,
          "acoustic_entropy_side": 9.8240385055542,
          "hz": 2809.813997359896
        },
        {
          "acoustic_entropy": 9.722352981567383,
          "acoustic_entropy_side": 9.841355323791504,
          "hz": 3120.6389567871424
        },
        {
          "acoustic_entropy": 9.790970802307129,
          "acoustic_entropy_side": 9.8364839553833,
          "hz": 3458.990205492291
        },
        {
          "acoustic_entropy": 9.846234321594238,
          "acoustic_entropy_side": 9.837342262268066,
          "hz": 3827.305438964164
        },
        {
          "acoustic_entropy": 9.831814765930176,
          "acoustic_entropy_side": 9.834479331970215,
          "hz": 4228.238232109126
        },
        {
          "acoustic_entropy": 9.853327751159668,
          "acoustic_entropy_side": 9.827913284301758,
          "hz": 4664.6771572759235
        },
        {
          "acoustic_entropy": 9.857847213745117,
          "acoustic_entropy_side": 9.83016586303711,
          "hz": 5139.766595350093
        },
        {
          "acoustic_entropy": 9.857006072998047,
          "acoustic_entropy_side": 9.831406593322754,
          "hz": 5656.929389854203
        },
        {
          "acoustic_entropy": 9.841148376464844,
          "acoustic_entropy_side": 9.831269264221191,
          "hz": 6219.891507268283
        },
        {
          "acoustic_entropy": 9.838804244995117,
          "acoustic_entropy_side": 9.831334114074707,
          "hz": 6832.70888123896
        },
        {
          "acoustic_entropy": 9.83859920501709,
          "acoustic_entropy_side": 9.83126163482666,
          "hz": 7499.796634079867
        },
        {
          "acoustic_entropy": 9.83851146697998,
          "acoustic_entropy_side": 9.831120491027832,
          "hz": 8225.96088609342
        },
        {
          "acoustic_entropy": 9.83311653137207,
          "acoustic_entropy_side": 9.831109046936035,
          "hz": 9016.43338188839
        },
        {
          "acoustic_entropy": 9.834335327148438,
          "acoustic_entropy_side": 9.8319673538208,
          "hz": 9876.909183162974
        },
        {
          "acoustic_entropy": 9.83303451538086,
          "acoustic_entropy_side": 9.831418991088867,
          "hz": 10813.587699516042
        },
        {
          "acoustic_entropy": 9.830903053283691,
          "acoustic_entropy_side": 9.832754135131836,
          "hz": 11833.21735289826
        },
        {
          "acoustic_entropy": 9.829609870910645,
          "acoustic_entropy_side": 9.832266807556152,
          "hz": 12943.144197493959
        },
        {
          "acoustic_entropy": 9.852331161499023,
          "acoustic_entropy_side": 9.831289291381836,
          "hz": 14151.364845322005
        },
        {
          "acoustic_entropy": 9.84010124206543,
          "acoustic_entropy_side": 9.830662727355957,
          "hz": 15466.58407886509
        },
        {
          "acoustic_entropy": 9.843317985534668,
          "acoustic_entropy_side": 9.83050537109375,
          "hz": 16898.27756580493
        },
        {
          "acoustic_entropy": 9.845673561096191,
          "acoustic_entropy_side": 9.830574035644531,
          "hz": 18456.760127700032
        },
        {
          "acoustic_entropy": 9.827838897705078,
          "acoustic_entropy_side": 9.830785751342773,
          "hz": 20153.260054456492
        },
        {
          "acoustic_entropy": 9.832420349121094,
          "acoustic_entropy_side": 9.830763816833496,
          "hz": 22000.00000000001
        }
      ],
      "diff_acoustic_entropy": 8.156183242797852,
      "sn": 12
    },
    {
      "acoustic_entropy": 14.329802513122559,
      "acoustic_entropy_mono": 13.880598068237305,
      "band_eliminated_acoustic_entropies": [
        {
          "acoustic_entropy": 14.497448921203613,
          "acoustic_entropy_side": 14.285700798034668,
          "hz": 129.47220167065723
        },
        {
          "acoustic_entropy": 14.292071342468262,
          "acoustic_entropy_side": 14.547562599182129,
          "hz": 202.92927478742237
        },
        {
          "acoustic_entropy": 14.867612838745117,
          "acoustic_entropy_side": 14.320805549621582,
          "hz": 282.89161906338205
        },
        {
          "acoustic_entropy": 15.04931640625,
          "acoustic_entropy_side": 14.441546440124512,
          "hz": 369.9353335868758
        },
        {
          "acoustic_entropy": 15.273699760437012,
          "acoustic_entropy_side": 14.923578262329102,
          "hz": 464.6875360973435
        },
        {
          "acoustic_entropy": 16.14208221435547,
          "acoustic_entropy_side": 15.43292236328125,
          "hz": 567.8308811364784
        },
        {
          "acoustic_entropy": 14.44570255279541,
          "acoustic_entropy_side": 14.630255699157715,
          "hz": 680.1084783214808
        },
        {
          "acoustic_entropy": 13.409173965454102,
          "acoustic_entropy_side": 13.954034805297852,
          "hz": 802.3292461747484
        },
        {
          "acoustic_entropy": 14.352367401123047,
          "acoustic_entropy_side": 14.469940185546875,
          "hz": 935.3737400823702
        },
        {
          "acoustic_entropy": 14.301300048828125,
          "acoustic_entropy_side": 14.51890754699707,
          "hz": 1080.2004963696966
        },
        {
          "acoustic_entropy": 14.949783325195312,
          "acoustic_entropy_side": 14.369516372680664,
          "hz": 1237.8529382007157
        },
        {
          "acoustic_entropy": 13.904390335083008,
          "acoustic_entropy_side": 14.132820129394531,
          "hz": 1409.4668930556702
        },
        {
          "acoustic_entropy": 14.175202369689941,
          "acoustic_entropy_side": 14.38453483581543,
          "hz": 1596.2787759475705
        },
        {
          "acoustic_entropy": 14.181395530700684,
          "acoustic_entropy_side": 14.396343231201172,
          "hz": 1799.6344973346393
        },
        {
          "acoustic_entropy": 14.662839889526367,
          "acoustic_entropy_side": 14.318158149719238,
          "hz": 2020.9991599069049
        },
        {
          "acoustic_entropy": 14.419702529907227,
          "acoustic_entropy_side": 14.376664161682129,
          "hz": 2261.9676141086993
        },
        {
          "acoustic_entropy": 14.332773208618164,
          "acoustic_entropy_side": 14.507349967956543,
          "hz": 2524.2759484456974
        },
        {
          "acoustic_entropy": 14.690107345581055,
          "acoustic_entropy_side": 14.570745468139648,
          "hz": 2809.813997359896
        },
        {
          "acoustic_entropy": 13.94904613494873,
          "acoustic_entropy_side": 14.354827880859375,
          "hz": 3120.6389567871424
        },
