{
  "acoustic_entropy": 171.373291015625,
  "bands": [
    {
      "high_freq": 148.1999969482422,
      "loudness": -20.598705291748047,
      "loudness_range": 11.376567840576172,
      "mid_mean": -17.01412010192871,
      "mid_to_side_loudness": -21.11251449584961,
      "mid_to_side_loudness_range": 22.531597137451172,
      "side_mean": -39.468685150146484
    },
    {
      "high_freq": 392.3793640136719,
      "loudness": -24.115772247314453,
      "loudness_range": 11.070930480957031,
      "low_freq": 148.1999969482422,
      "mid_mean": -21.587770462036133,
      "mid_to_side_loudness": -7.2938618659973145,
      "mid_to_side_loudness_range": 16.279687881469727,
      "side_mean": -28.79569435119629
    },
    {
      "high_freq": 794.6976318359375,
      "loudness": -27.75503921508789,
      "loudness_range": 15.81812858581543,
      "low_freq": 392.3793640136719,
      "mid_mean": -26.16684341430664,
      "mid_to_side_loudness": -4.299744606018066,
      "mid_to_side_loudness_range": 16.83550453186035,
      "side_mean": -30.327823638916016
    },
    {
      "high_freq": 1457.5709228515625,
      "loudness": -31.334354400634766,
      "loudness_range": 18.930301666259766,
      "low_freq": 794.6976318359375,
      "mid_mean": -28.992456436157227,
      "mid_to_side_loudness": -7.024674892425537,
      "mid_to_side_loudness_range": 17.632471084594727,
      "side_mean": -35.91374588012695
    },
    {
      "high_freq": 2549.74365234375,
      "loudness": -31.676877975463867,
      "loudness_range": 21.11195945739746,
      "low_freq": 1457.5709228515625,
      "mid_mean": -29.204687118530273,
      "mid_to_side_loudness": -7.231329441070557,
      "mid_to_side_loudness_range": 16.556245803833008,
      "side_mean": -36.56230545043945
    },
    {
      "high_freq": 4349.24462890625,
      "loudness": -31.761592864990234,
      "loudness_range": 21.44521141052246,
      "low_freq": 2549.74365234375,
      "mid_mean": -29.1099796295166,
      "mid_to_side_loudness": -8.153142929077148,
      "mid_to_side_loudness_range": 16.468143463134766,
      "side_mean": -37.59709548950195
    },
    {
      "high_freq": 7314.1640625,
      "loudness": -37.197906494140625,
      "loudness_range": 14.898662567138672,
      "low_freq": 4349.24462890625,
      "mid_mean": -34.688453674316406,
      "mid_to_side_loudness": -5.488099098205566,
      "mid_to_side_loudness_range": 8.649698257446289,
      "side_mean": -40.53934097290039
    },
    {
      "high_freq": 12199.2666015625,
      "loudness": -41.009521484375,
      "loudness_range": 13.23299789428711,
      "low_freq": 7314.1640625,
      "mid_mean": -38.50613021850586,
      "mid_to_side_loudness": -5.638152599334717,
      "mid_to_side_loudness_range": 7.212464332580566,
      "side_mean": -44.453067779541016
    },
    {
      "loudness": -45.33887481689453,
      "loudness_range": 16.280689239501953,
      "low_freq": 12199.2666015625,
      "mid_mean": -42.88032531738281,
      "mid_to_side_loudness": -5.697207927703857,
      "mid_to_side_loudness_range": 5.961024284362793,
      "side_mean": -48.989871978759766
    }
  ],
  "bands_short": [
    {
      "high_freq": 148.1999969482422,
      "loudness": -23.46110725402832,
      "loudness_range": 19.10979461669922,
      "mid_mean": -19.902568817138672,
      "mid_to_side_loudness": -22.12103271484375,
      "mid_to_side_loudness_range": 27.662038803100586,
      "side_mean": -44.39692687988281
    },
    {
      "high_freq": 392.3793640136719,
      "loudness": -24.23509979248047,
      "loudness_range": 15.214311599731445,
      "low_freq": 148.1999969482422,
      "mid_mean": -21.46538543701172,
      "mid_to_side_loudness": -9.120476722717285,
      "mid_to_side_loudness_range": 18.959373474121094,
      "side_mean": -30.91000747680664
    },
    {
      "high_freq": 794.6976318359375,
      "loudness": -28.65468406677246,
      "loudness_range": 20.075223922729492,
      "low_freq": 392.3793640136719,
      "mid_mean": -27.169757843017578,
      "mid_to_side_loudness": -4.472959041595459,
      "mid_to_side_loudness_range": 19.037179946899414,
      "side_mean": -31.695465087890625
    },
    {
      "high_freq": 1457.5709228515625,
      "loudness": -32.890106201171875,
      "loudness_range": 23.002416610717773,
      "low_freq": 794.6976318359375,
      "mid_mean": -30.6785831451416,
      "mid_to_side_loudness": -6.618904113769531,
      "mid_to_side_loudness_range": 18.91415786743164,
      "side_mean": -37.58810043334961
    },
    {
      "high_freq": 2549.74365234375,
      "loudness": -33.4407844543457,
      "loudness_range": 23.966585159301758,
      "low_freq": 1457.5709228515625,
      "mid_mean": -31.31306266784668,
      "mid_to_side_loudness": -6.0653228759765625,
      "mid_to_side_loudness_range": 17.86282730102539,
      "side_mean": -37.84846496582031
    },
    {
      "high_freq": 4349.24462890625,
      "loudness": -32.929996490478516,
      "loudness_range": 24.064353942871094,
      "low_freq": 2549.74365234375,
      "mid_mean": -30.55476951599121,
      "mid_to_side_loudness": -6.95370626449585,
      "mid_to_side_loudness_range": 17.807296752929688,
      "side_mean": -38.00741195678711
    },
    {
      "high_freq": 7314.1640625,
      "loudness": -39.34796142578125,
      "loudness_range": 21.140750885009766,
      "low_freq": 4349.24462890625,
      "mid_mean": -37.10952377319336,
      "mid_to_side_loudness": -4.9864325523376465,
      "mid_to_side_loudness_range": 11.380577087402344,
      "side_mean": -42.60231018066406
    },
    {
      "high_freq": 12199.2666015625,
      "loudness": -44.326412200927734,
      "loudness_range": 23.470767974853516,
      "low_freq": 7314.1640625,
      "mid_mean": -41.97614669799805,
      "mid_to_side_loudness": -5.615511417388916,
      "mid_to_side_loudness_range": 10.939526557922363,
      "side_mean": -48.526466369628906
    },
    {
      "loudness": -50.89781951904297,
      "loudness_range": 29.913013458251953,
      "low_freq": 12199.2666015625,
      "mid_mean": -49.52678298950195,
      "mid_to_side_loudness": -5.902563571929932,
      "mid_to_side_loudness_range": 10.211597442626953,
      "side_mean": -55.53573989868164
    }
  ],
  "bandwidth": 391.5399475097656,
  "channels": 2,
  "covariance": [
    [
      24.26144027709961,
      8.154687881469727,
      3.244398355484009,
      6.64019775390625,
      3.46553111076355,
      6.578969478607178,
      4.304478645324707,
      6.313431739807129,
      3.1888725757598877,
      3.4147136211395264,
      3.1880509853363037,
      2.394745349884033,
      1.1531060934066772,
      3.162022590637207,
      0.950174868106842,
      2.9687082767486572,
      2.0707807540893555,
      5.2750725746154785
    ],
    [
      8.154687881469727,
      56.820064544677734,
      10.592308044433594,
      27.84851837158203,
      8.270614624023438,
      26.026248931884766,
      13.645142555236816,
      28.548934936523438,
      10.779112815856934,
      18.61589241027832,
      1.6704902648925781,
      8.634668350219727,
      1.099657654762268,
      0.8080772757530212,
      -1.9683750867843628,
      -0.5034246444702148,
      -6.428887367248535,
      -4.297448635101318
    ],
    [
      3.244398355484009,
      10.592308044433594,
      17.4386043548584,
      14.48588752746582,
      11.942886352539062,
      12.246581077575684,
      12.149325370788574,
      14.327330589294434,
      13.343268394470215,
      12.213066101074219,
      10.953852653503418,
      8.931413650512695,
      10.742271423339844,
      7.918703556060791,
      7.832454681396484,
      6.556762218475342,
      3.250699758529663,
      4.948670387268066
    ],
    [
      6.64019775390625,
      27.84851837158203,
      14.48588752746582,
      45.2239990234375,
      14.777846336364746,
      36.722900390625,
      19.19930076599121,
      35.28688049316406,
      16.793537139892578,
      24.403427124023438,
      8.247672080993652,
      9.994656562805176,
      3.260204553604126,
      2.4133005142211914,
      1.219791054725647,
      3.1492838859558105,
      -2.0402672290802,
      1.4443069696426392
    ],
    [
      3.46553111076355,
      8.270614624023438,
      11.942886352539062,
      14.777846336364746,
      30.31792449951172,
      23.592891693115234,
      27.925613403320312,
      22.409196853637695,
      28.848432540893555,
      20.332345962524414,
      26.969696044921875,
      16.739885330200195,
      13.346321105957031,
      9.289785385131836,
      9.511897087097168,
      6.262517929077148,
      2.713846445083618,
      3.041480541229248
    ],
    [
      6.578969478607178,
      26.026248931884766,
      12.246581077575684,
      36.722900390625,
      23.592891693115234,
      59.631927490234375,
      24.95083236694336,
      48.382144927978516,
      20.383808135986328,
      32.99325180053711,
      9.857210159301758,
      16.645376205444336,
      4.293590545654297,
      5.5321173667907715,
      1.3224245309829712,
      4.172868728637695,
      -3.255025863647461,
      1.5314321517944336
    ],
    [
      4.304478645324707,
      13.645142555236816,
      12.149325370788574,
      19.19930076599121,
      27.925613403320312,
      24.95083236694336,
      47.615394592285156,
      33.69011688232422,
      44.96949005126953,
      26.680042266845703,
      40.386749267578125,
      20.800418853759766,
      16.635976791381836,
      8.13193416595459,
      11.731701850891113,
      5.4616265296936035,
      3.0350680351257324,
      0.3967449963092804
    ],
    [
      6.313431739807129,
      28.548934936523438,
      14.327330589294434,
      35.28688049316406,
      22.409196853637695,
      48.382144927978516,
      33.69011688232422,
      62.1937370300293,
      26.31114959716797,
      37.475608825683594,
      13.922872543334961,
      20.6661376953125,
      6.466095447540283,
      7.226584434509277,
      1.9009937047958374,
      5.2728729248046875,
      -5.0806684494018555,
      -0.02921971119940281
    ],
    [
      3.1888725757598877,
      10.779112815856934,
      13.343268394470215,
      16.793537139892578,
      28.848432540893555,
      20.383808135986328,
      44.96949005126953,
      26.31114959716797,
      60.87519073486328,
      31.119237899780273,
      55.63114547729492,
      26.69011116027832,
      24.39208221435547,
      10.195914268493652,
      17.810928344726562,
      6.422909736633301,
      7.223054885864258,
      0.14291030168533325
    ],
    [
      3.4147136211395264,
      18.61589241027832,
      12.213066101074219,
      24.403427124023438,
      20.332345962524414,
      32.99325180053711,
      26.680042266845703,
      37.475608825683594,
      31.119237899780273,
      40.0680046081543,
      24.854129791259766,
      25.698484420776367,
      13.527388572692871,
      11.846295356750488,
      7.312180519104004,
      6.705063819885254,
      -0.6838372945785522,
      0.6351789832115173
    ],
    [
      3.1880509853363037,
      1.6704902648925781,
      10.953852653503418,
      8.247672080993652,
      26.969696044921875,
      9.857210159301758,
      40.386749267578125,
      13.922872543334961,
      55.63114547729492,
      24.854129791259766,
      66.66700744628906,
      29.007963180541992,
      28.50670051574707,
      15.031867980957031,
      20.296289443969727,
      8.615056037902832,
      10.409525871276855,
      2.3761227130889893
    ],
    [
      2.394745349884033,
      8.634668350219727,
      8.931413650512695,
      9.994656562805176,
      16.739885330200195,
      16.645376205444336,
      20.800418853759766,
      20.6661376953125,
      26.69011116027832,
      25.698484420776367,
      29.007963180541992,
      30.72097396850586,
      19.539928436279297,
      19.739208221435547,
      12.719948768615723,
      12.252925872802734,
      4.737051486968994,
      7.10837984085083
    ],
    [
      1.1531060934066772,
      1.099657654762268,
      10.742271423339844,
      3.260204553604126,
      13.346321105957031,
      4.293590545654297,
      16.635976791381836,
      6.466095447540283,
      24.39208221435547,
      13.527388572692871,
      28.50670051574707,
      19.539928436279297,
      29.40182113647461,
      22.63425636291504,
      23.244544982910156,
      18.163835525512695,
      15.983284950256348,
      14.603572845458984
    ],
    [
      3.162022590637207,
      0.8080772757530212,
      7.918703556060791,
      2.4133005142211914,
      9.289785385131836,
      5.5321173667907715,
      8.13193416595459,
      7.226584434509277,
      10.195914268493652,
      11.846295356750488,
      15.031867980957031,
      19.739208221435547,
      22.63425636291504,
      29.047061920166016,
      18.70114517211914,
      21.317577362060547,
      14.19094467163086,
      19.953458786010742
    ],
    [
      0.950174868106842,
      -1.9683750867843628,
      7.832454681396484,
      1.219791054725647,
      9.511897087097168,
      1.3224245309829712,
      11.731701850891113,
      1.9009937047958374,
      17.810928344726562,
      7.312180519104004,
      20.296289443969727,
      12.719948768615723,
      23.244544982910156,
      18.70114517211914,
      26.185441970825195,
      21.575288772583008,
      24.251541137695312,
      23.548311233520508
    ],
    [
      2.9687082767486572,
      -0.5034246444702148,
      6.556762218475342,
      3.1492838859558105,
      6.262517929077148,
      4.172868728637695,
      5.4616265296936035,
      5.2728729248046875,
      6.422909736633301,
      6.705063819885254,
      8.615056037902832,
      12.252925872802734,
      18.163835525512695,
      21.317577362060547,
      21.575288772583008,
      28.33854103088379,
      22.591548919677734,
      32.0269775390625
    ],
    [
      2.0707807540893555,
      -6.428887367248535,
      3.250699758529663,
      -2.0402672290802,
      2.713846445083618,
      -3.255025863647461,
      3.0350680351257324,
      -5.0806684494018555,
      7.223054885864258,
      -0.6838372945785522,
      10.409525871276855,
      4.737051486968994,
      15.983284950256348,
      14.19094467163086,
      24.251541137695312,
      22.591548919677734,
      36.775577545166016,
      34.61097717285156
    ],
    [
      5.2750725746154785,
      -4.297448635101318,
      4.948670387268066,
      1.4443069696426392,
      3.041480541229248,
      1.5314321517944336,
      0.3967449963092804,
      -0.02921971119940281,
      0.14291030168533325,
      0.6351789832115173,
      2.3761227130889893,
      7.10837984085083,
      14.603572845458984,
      19.953458786010742,
      23.548311233520508,
      32.0269775390625,
      34.61097717285156,
      49.598365783691406
    ]
  ],
  "covariance_short": [
    [
      51.677608489990234,
      15.057201385498047,
      12.921065330505371,
      7.3183207511901855,
      5.121236801147461,
      6.898120880126953,
      6.083157539367676,
      6.924060344696045,
      5.378309726715088,
      5.9411516189575195,
      5.199828624725342,
      5.310324668884277,
      5.509993076324463,
      8.489723205566406,
      6.85626220703125,
      10.979717254638672,
      13.424779891967773,
      13.661161422729492
    ],
    [
      15.057201385498047,
      86.3250503540039,
      17.834726333618164,
      43.10921096801758,
      15.698722839355469,
      38.93696975708008,
      24.078529357910156,
      39.9517822265625,
      20.696155548095703,
      26.371492385864258,
      6.641199588775635,
      11.485132217407227,
      4.648191452026367,
      4.7848896980285645,
      4.090672492980957,
      8.095813751220703,
      4.72709846496582,
      4.5354228019714355
    ],
    [
      12.921065330505371,
      17.834726333618164,
      31.271160125732422,
      24.565654754638672,
      20.242294311523438,
      21.470706939697266,
      19.511058807373047,
      21.703821182250977,
      19.096145629882812,
      15.529390335083008,
      13.183992385864258,
      9.351865768432617,
      13.977415084838867,
      10.799703598022461,
      13.961453437805176,
      13.634355545043945,
      16.53542709350586,
      12.827714920043945
    ],
    [
      7.3183207511901855,
      43.10921096801758,
      24.565654754638672,
      65.3624496459961,
      24.652809143066406,
      53.84629440307617,
      29.092756271362305,
      48.702964782714844,
      24.968124389648438,
      31.720808029174805,
      10.479817390441895,
      11.49812126159668,
      7.753139495849609,
      6.327596664428711,
      7.4132466316223145,
      9.806234359741211,
      8.356834411621094,
      6.692330837249756
    ],
    [
      5.121236801147461,
      15.698722839355469,
      20.242294311523438,
      24.652809143066406,
      48.27057647705078,
      39.66434097290039,
      43.791622161865234,
      35.949527740478516,
      43.02479553222656,
      29.452861785888672,
      38.625240325927734,
      20.137454986572266,
      22.536365509033203,
      13.506696701049805,
      20.79840660095215,
      13.60086727142334,
      23.323909759521484,
      9.504867553710938
    ],
    [
      6.898120880126953,
      38.93696975708008,
      21.470706939697266,
      53.84629440307617,
      39.66434097290039,
      84.54610443115234,
      39.173675537109375,
      64.76260375976562,
      33.370941162109375,
      44.098731994628906,
      18.206769943237305,
      21.10837173461914,
      10.586180686950684,
      11.199004173278809,
      9.254439353942871,
      11.914742469787598,
      9.448370933532715,
      8.227566719055176
    ],
    [
      6.083157539367676,
      24.078529357910156,
      19.511058807373047,
      29.092756271362305,
      43.791622161865234,
      39.173675537109375,
      67.63910675048828,
      47.135475158691406,
      61.143795013427734,
      35.5704345703125,
      52.99339294433594,
      23.90224838256836,
      27.876659393310547,
      12.329773902893066,
      26.236526489257812,
      12.741849899291992,
      27.997957229614258,
      7.65871000289917
    ],
    [
      6.924060344696045,
      39.9517822265625,
      21.703821182250977,
      48.702964782714844,
      35.949527740478516,
      64.76260375976562,
      47.135475158691406,
      77.00611877441406,
      39.21321487426758,
      47.9256706237793,
      22.92630386352539,
      25.5053768157959,
      12.724617004394531,
      12.94328784942627,
      10.01018238067627,
      12.232177734375,
      8.975813865661621,
      7.206075668334961
    ],
    [
      5.378309726715088,
      20.696155548095703,
      19.096145629882812,
      24.968124389648438,
      43.02479553222656,
      33.370941162109375,
      61.143795013427734,
      39.21321487426758,
      79.28726959228516,
      40.28357696533203,
      68.39990234375,
      30.219654083251953,
      38.559749603271484,
      15.82218074798584,
      35.99463653564453,
      14.193894386291504,
      34.83688735961914,
      7.105648517608643
    ],
    [
      5.9411516189575195,
      26.371492385864258,
      15.529390335083008,
      31.720808029174805,
      29.452861785888672,
      44.098731994628906,
      35.5704345703125,
      47.9256706237793,
      40.28357696533203,
      49.8985595703125,
      31.462907791137695,
      31.431560516357422,
      20.833364486694336,
      19.804378509521484,
      16.4117488861084,
      15.993654251098633,
      14.34969711303711,
      9.49660587310791
    ],
    [
      5.199828624725342,
      6.641199588775635,
      13.183992385864258,
      10.479817390441895,
      38.625240325927734,
      18.206769943237305,
      52.99339294433594,
      22.92630386352539,
      68.39990234375,
      31.462907791137695,
      81.03038787841797,
      34.323665618896484,
      45.930931091308594,
      23.520845413208008,
      40.494850158691406,
      19.84693717956543,
      43.79526138305664,
      14.212652206420898
    ],
    [
      5.310324668884277,
      11.485132217407227,
      9.351865768432617,
      11.49812126159668,
      20.137454986572266,
      21.10837173461914,
      23.90224838256836,
      25.5053768157959,
      30.219654083251953,
      31.431560516357422,
      34.323665618896484,
      36.847171783447266,
      26.95982551574707,
      28.057350158691406,
      21.785259246826172,
      22.15134620666504,
      21.761117935180664,
      17.053455352783203
    ],
    [
      5.509993076324463,
      4.648191452026367,
      13.977415084838867,
      7.753139495849609,
      22.536365509033203,
      10.586180686950684,
      27.876659393310547,
      12.724617004394531,
      38.559749603271484,
      20.833364486694336,
      45.930931091308594,
      26.95982551574707,
      59.41094970703125,
      43.85383224487305,
      57.068336486816406,
      46.6344108581543,
      61.91246795654297,
      44.2745246887207
    ],
    [
      8.489723205566406,
      4.7848896980285645,
      10.799703598022461,
      6.327596664428711,
      13.506696701049805,
      11.199004173278809,
      12.329773902893066,
      12.94328784942627,
      15.82218074798584,
      19.804378509521484,
      23.520845413208008,
      28.057350158691406,
      43.85383224487305,
      52.93548583984375,
      44.29853820800781,
      52.783424377441406,
      52.620018005371094,
      53.18036651611328
    ],
    [
      6.85626220703125,
      4.090672492980957,
      13.961453437805176,
      7.4132466316223145,
      20.79840660095215,
      9.254439353942871,
      26.236526489257812,
      10.01018238067627,
      35.99463653564453,
      16.4117488861084,
      40.494850158691406,
      21.785259246826172,
      57.068336486816406,
      44.29853820800781,
      70.73912811279297,
      57.57805633544922,
      79.12944793701172,
      61.773216247558594
    ],
    [
      10.979717254638672,
      8.095813751220703,
      13.634355545043945,
      9.806234359741211,
      13.60086727142334,
      11.914742469787598,
      12.741849899291992,
      12.232177734375,
      14.193894386291504,
      15.993654251098633,
      19.84693717956543,
      22.15134620666504,
      46.6344108581543,
      52.783424377441406,
      57.57805633544922,
      75.07495880126953,
      77.70915985107422,
      79.57804107666016
    ],
    [
      13.424779891967773,
      4.72709846496582,
      16.53542709350586,
      8.356834411621094,
      23.323909759521484,
      9.448370933532715,
      27.997957229614258,
      8.975813865661621,
      34.83688735961914,
      14.34969711303711,
      43.79526138305664,
      21.761117935180664,
      61.91246795654297,
      52.620018005371094,
      79.12944793701172,
      77.70915985107422,
      112.80449676513672,
      91.00125885009766
    ],
    [
      13.661161422729492,
      4.5354228019714355,
      12.827714920043945,
      6.692330837249756,
      9.504867553710938,
      8.227566719055176,
      7.65871000289917,
      7.206075668334961,
      7.105648517608643,
      9.49660587310791,
      14.212652206420898,
      17.053455352783203,
      44.2745246887207,
      53.18036651611328,
      61.773216247558594,
      79.57804107666016,
      91.00125885009766,
      100.96306610107422
    ]
  ],
  "damage": -5.413692951202393,
  "diff_bandwidth": 414.2015380859375,
  "dissonance": 6.330437855612647,
  "drr": 3.948455810546875,
  "dynamics": 3.328648567199707,
  "format": 1245190,
  "frames": 14255040,
  "loudness": -13.096048355102539,
  "loudness_range": 7.805408477783203,
  "loudness_range_short": 13.231475830078125,
  "lowpass_true_peak_15khz": 0.17947450280189514,
  "mastering3_acoustic_entropies": [
    {
      "acoustic_entropy": 8.894816398620605,
      "acoustic_entropy_mono": 8.659143447875977,
      "band_eliminated_acoustic_entropies": [
        {
          "acoustic_entropy": 8.535284042358398,
          "acoustic_entropy_side": 8.893927574157715,
          "hz": 129.47220167065723
        },
        {
          "acoustic_entropy": 8.913732528686523,
          "acoustic_entropy_side": 8.859309196472168,
          "hz": 202.92927478742237
        },
        {
          "acoustic_entropy": 9.020934104919434,
          "acoustic_entropy_side": 9.054490089416504,
          "hz": 282.89161906338205
        },
        {
          "acoustic_entropy": 9.23202133178711,
          "acoustic_entropy_side": 8.802478790283203,
          "hz": 369.9353335868758
        },
        {
          "acoustic_entropy": 9.127372741699219,
          "acoustic_entropy_side": 8.864086151123047,
          "hz": 464.6875360973435
        },
        {
          "acoustic_entropy": 8.575855255126953,
          "acoustic_entropy_side": 8.672722816467285,
          "hz": 567.8308811364784
        },
        {
          "acoustic_entropy": 8.360445022583008,
          "acoustic_entropy_side": 8.81475830078125,
          "hz": 680.1084783214808
        },
        {
          "acoustic_entropy": 9.242939949035645,
          "acoustic_entropy_side": 8.920628547668457,
          "hz": 802.3292461747484
        },
        {
          "acoustic_entropy": 8.750492095947266,
          "acoustic_entropy_side": 9.088419914245605,
          "hz": 935.3737400823702
        },
        {
          "acoustic_entropy": 9.021790504455566,
          "acoustic_entropy_side": 8.967469215393066,
          "hz": 1080.2004963696966
        },
        {
          "acoustic_entropy": 9.344206809997559,
          "acoustic_entropy_side": 8.639759063720703,
          "hz": 1237.8529382007157
        },
        {
          "acoustic_entropy": 8.81310749053955,
          "acoustic_entropy_side": 8.938409805297852,
          "hz": 1409.4668930556702
        },
        {
          "acoustic_entropy": 8.973710060119629,
          "acoustic_entropy_side": 8.880372047424316,
          "hz": 1596.2787759475705
        },
        {
          "acoustic_entropy": 8.990324974060059,
          "acoustic_entropy_side": 8.96039867401123,
          "hz": 1799.6344973346393
        },
        {
          "acoustic_entropy": 8.824394226074219,
          "acoustic_entropy_side": 8.907365798950195,
          "hz": 2020.9991599069049
        },
        {
          "acoustic_entropy": 8.782471656799316,
          "acoustic_entropy_side": 8.812173843383789,
          "hz": 2261.9676141086993
        },
        {
          "acoustic_entropy": 8.828642845153809,
          "acoustic_entropy_side": 8.851969718933105,
          "hz": 2524.2759484456974
        },
        {
          "acoustic_entropy": 8.904738426208496,
          "acoustic_entropy_side": 8.959123611450195,
          "hz": 2809.813997359896
        },
        {
          "acoustic_entropy": 8.602832794189453,
          "acoustic_entropy_side": 8.828779220581055,
          "hz": 3120.6389567871424
        },
        {
          "acoustic_entropy": 8.944119453430176,
          "acoustic_entropy_side": 8.992459297180176,
          "hz": 3458.990205492291
        },
        {
          "acoustic_entropy": 9.023921966552734,
          "acoustic_entropy_side": 8.990365028381348,
          "hz": 3827.305438964164
        },
        {
          "acoustic_entropy": 8.926615715026855,
          "acoustic_entropy_side": 8.880276679992676,
          "hz": 4228.238232109126
        },
        {
          "acoustic_entropy": 8.883955955505371,
          "acoustic_entropy_side": 8.87374210357666,
          "hz": 4664.6771572759235
        },
        {
          "acoustic_entropy": 8.840518951416016,
          "acoustic_entropy_side": 8.87989616394043,
          "hz": 5139.766595350093
        },
        {
          "acoustic_entropy": 8.8097562789917,
          "acoustic_entropy_side": 8.873290061950684,
          "hz": 5656.929389854203
        },
        {
          "acoustic_entropy": 8.927742004394531,
          "acoustic_entropy_side": 8.89814567565918,
          "hz": 6219.891507268283
        },
        {
          "acoustic_entropy": 8.92619800567627,
          "acoustic_entropy_side": 8.910698890686035,
          "hz": 6832.70888123896
        },
        {
          "acoustic_entropy": 8.905952453613281,
          "acoustic_entropy_side": 8.904313087463379,
          "hz": 7499.796634079867
        },
        {
          "acoustic_entropy": 8.901080131530762,
          "acoustic_entropy_side": 8.901610374450684,
          "hz": 8225.96088609342
        },
        {
          "acoustic_entropy": 8.95771312713623,
          "acoustic_entropy_side": 8.911299705505371,
          "hz": 9016.43338188839
        },
        {
          "acoustic_entropy": 8.996292114257812,
          "acoustic_entropy_side": 8.916363716125488,
          "hz": 9876.909183162974
        },
        {
          "acoustic_entropy": 8.997198104858398,
          "acoustic_entropy_side": 8.916167259216309,
          "hz": 10813.587699516042
        },
        {
          "acoustic_entropy": 9.016458511352539,
          "acoustic_entropy_side": 8.931735038757324,
          "hz": 11833.21735289826
        },
        {
          "acoustic_entropy": 9.027117729187012,
          "acoustic_entropy_side": 8.93237018585205,
          "hz": 12943.144197493959
        },
        {
          "acoustic_entropy": 9.016818046569824,
          "acoustic_entropy_side": 8.93075180053711,
          "hz": 14151.364845322005
        },
        {
          "acoustic_entropy": 9.01912784576416,
          "acoustic_entropy_side": 8.933768272399902,
          "hz": 15466.58407886509
        },
        {
          "acoustic_entropy": 9.01573371887207,
          "acoustic_entropy_side": 8.920506477355957,
          "hz": 16898.27756580493
        },
        {
          "acoustic_entropy": 8.98554801940918,
          "acoustic_entropy_side": 8.910510063171387,
          "hz": 18456.760127700032
        },
        {
          "acoustic_entropy": 8.927437782287598,
          "acoustic_entropy_side": 8.89919376373291,
          "hz": 20153.260054456492
        },
        {
          "acoustic_entropy": 8.901254653930664,
          "acoustic_entropy_side": 8.895523071289062,
          "hz": 22000.00000000001
        }
      ],
      "diff_acoustic_entropy": 8.840337753295898,
      "sn": 6
    },
    {
      "acoustic_entropy": 13.802123069763184,
      "acoustic_entropy_mono": 13.121953964233398,
      "band_eliminated_acoustic_entropies": [
        {
          "acoustic_entropy": 13.86767578125,
          "acoustic_entropy_side": 13.774393081665039,
          "hz": 129.47220167065723
        },
        {
          "acoustic_entropy": 14.372319221496582,
          "acoustic_entropy_side": 14.059186935424805,
          "hz": 202.92927478742237
        },
        {
          "acoustic_entropy": 13.871041297912598,
          "acoustic_entropy_side": 13.673772811889648,
          "hz": 282.89161906338205
        },
        {
          "acoustic_entropy": 14.186243057250977,
          "acoustic_entropy_side": 13.810585021972656,
          "hz": 369.9353335868758
        },
        {
          "acoustic_entropy": 12.952916145324707,
          "acoustic_entropy_side": 13.556157112121582,
          "hz": 464.6875360973435
        },
        {
          "acoustic_entropy": 13.23513412475586,
          "acoustic_entropy_side": 13.49333381652832,
          "hz": 567.8308811364784
        },
        {
          "acoustic_entropy": 13.533953666687012,
          "acoustic_entropy_side": 13.689964294433594,
          "hz": 680.1084783214808
        },
        {
          "acoustic_entropy": 14.016937255859375,
          "acoustic_entropy_side": 13.73509693145752,
          "hz": 802.3292461747484
        },
        {
          "acoustic_entropy": 13.092741966247559,
          "acoustic_entropy_side": 14.021903038024902,
          "hz": 935.3737400823702
        },
        {
          "acoustic_entropy": 13.659096717834473,
          "acoustic_entropy_side": 13.40328311920166,
          "hz": 1080.2004963696966
        },
        {
          "acoustic_entropy": 14.021173477172852,
          "acoustic_entropy_side": 14.01819133758545,
          "hz": 1237.8529382007157
        },
        {
          "acoustic_entropy": 14.348323822021484,
          "acoustic_entropy_side": 14.014751434326172,
          "hz": 1409.4668930556702
        },
        {
          "acoustic_entropy": 13.894634246826172,
          "acoustic_entropy_side": 13.92209529876709,
          "hz": 1596.2787759475705
        },
        {
          "acoustic_entropy": 14.058247566223145,
          "acoustic_entropy_side": 13.956517219543457,
          "hz": 1799.6344973346393
        },
        {
          "acoustic_entropy": 13.869711875915527,
          "acoustic_entropy_side": 14.059975624084473,
          "hz": 2020.9991599069049
        },
        {
          "acoustic_entropy": 14.028706550598145,
          "acoustic_entropy_side": 13.819962501525879,
          "hz": 2261.9676141086993
        },
        {
          "acoustic_entropy": 13.622259140014648,
          "acoustic_entropy_side": 13.734944343566895,
          "hz": 2524.2759484456974
        },
        {
          "acoustic_entropy": 13.747621536254883,
          "acoustic_entropy_side": 13.80714225769043,
          "hz": 2809.813997359896
        },
        {
          "acoustic_entropy": 13.732990264892578,
          "acoustic_entropy_side": 13.767395973205566,
          "hz": 3120.6389567871424
        },
        {
          "acoustic_entropy": 13.731588363647461,
          "acoustic_entropy_side": 13.750909805297852,
          "hz": 3458.990205492291
        },
        {
          "acoustic_entropy": 13.506424903869629,
          "acoustic_entropy_side": 13.801520347595215,
          "hz": 3827.305438964164
        },
        {
          "acoustic_entropy": 13.699767112731934,
          "acoustic_entropy_side": 13.776226997375488,
          "hz": 4228.238232109126
        },
        {
          "acoustic_entropy": 13.73696231842041,
          "acoustic_entropy_side": 13.789519309997559,
          "hz": 4664.6771572759235
        },
        {
          "acoustic_entropy": 13.771740913391113,
          "acoustic_entropy_side": 13.802002906799316,
          "hz": 5139.766595350093
        },
        {
          "acoustic_entropy": 13.791943550109863,
          "acoustic_entropy_side": 13.823477745056152,
          "hz": 5656.929389854203
        },
        {
          "acoustic_entropy": 13.79039478302002,
          "acoustic_entropy_side": 13.815801620483398,
          "hz": 6219.891507268283
        },
        {
          "acoustic_entropy": 13.743351936340332,
          "acoustic_entropy_side": 13.807385444641113,
          "hz": 6832.70888123896
        },
        {
          "acoustic_entropy": 13.80478286743164,
          "acoustic_entropy_side": 13.810157775878906,
          "hz": 7499.796634079867
        },
        {
          "acoustic_entropy": 13.809515953063965,
          "acoustic_entropy_side": 13.806228637695312,
          "hz": 8225.96088609342
        },
        {
          "acoustic_entropy": 13.8165864944458,
          "acoustic_entropy_side": 13.808115005493164,
          "hz": 9016.43338188839
        },
        {
          "acoustic_entropy": 13.82830810546875,
          "acoustic_entropy_side": 13.81043529510498,
          "hz": 9876.909183162974
        },
        {
          "acoustic_entropy": 13.821287155151367,
          "acoustic_entropy_side": 13.82133960723877,
          "hz": 10813.587699516042
        },
        {
          "acoustic_entropy": 13.805436134338379,
          "acoustic_entropy_side": 13.828690528869629,
          "hz": 11833.21735289826
        },
        {
          "acoustic_entropy": 13.830719947814941,
          "acoustic_entropy_side": 13.830639839172363,
          "hz": 12943.144197493959
        },
        {
          "acoustic_entropy": 13.833667755126953,
          "acoustic_entropy_side": 13.8264741897583,
          "hz": 14151.364845322005
        },
        {
          "acoustic_entropy": 13.778246879577637,
          "acoustic_entropy_side": 13.822007179260254,
          "hz": 15466.58407886509
        },
        {
          "acoustic_entropy": 13.798163414001465,
          "acoustic_entropy_side": 13.814342498779297,
          "hz": 16898.27756580493
        },
        {
          "acoustic_entropy": 13.78575611114502,
          "acoustic_entropy_side": 13.804208755493164,
          "hz": 18456.760127700032
        },
        {
          "acoustic_entropy": 13.797119140625,
          "acoustic_entropy_side": 13.802252769470215,
          "hz": 20153.260054456492
        },
        {
          "acoustic_entropy": 13.803454399108887,
          "acoustic_entropy_side": 13.802248001098633,
          "hz": 22000.00000000001
        }
      ],
      "diff_acoustic_entropy": 12.869367599487305,
      "sn": 12
    },
    {
      "acoustic_entropy": 20.496421813964844,
      "acoustic_entropy_mono": 17.027708053588867,
      "band_eliminated_acoustic_entropies": [
        {
          "acoustic_entropy": 20.219951629638672,
          "acoustic_entropy_side": 20.53087615966797,
          "hz": 129.47220167065723
        },
        {
          "acoustic_entropy": 20.335969924926758,
          "acoustic_entropy_side": 20.14838409423828,
          "hz": 202.92927478742237
        },
        {
          "acoustic_entropy": 19.64731788635254,
          "acoustic_entropy_side": 20.370311737060547,
          "hz": 282.89161906338205
        },
        {
          "acoustic_entropy": 20.606380462646484,
          "acoustic_entropy_side": 20.451433181762695,
          "hz": 369.9353335868758
        },
        {
          "acoustic_entropy": 20.149730682373047,
          "acoustic_entropy_side": 20.396289825439453,
          "hz": 464.6875360973435
        },
        {
          "acoustic_entropy": 21.0029296875,
          "acoustic_entropy_side": 20.491085052490234,
          "hz": 567.8308811364784
        },
        {
          "acoustic_entropy": 19.065237045288086,
          "acoustic_entropy_side": 20.22828483581543,
          "hz": 680.1084783214808
        },
        {
          "acoustic_entropy": 20.43255043029785,
          "acoustic_entropy_side": 21.121490478515625,
          "hz": 802.3292461747484
        },
        {
          "acoustic_entropy": 20.717247009277344,
          "acoustic_entropy_side": 20.613229751586914,
          "hz": 935.3737400823702
        },
        {
          "acoustic_entropy": 20.979461669921875,
          "acoustic_entropy_side": 20.808622360229492,
          "hz": 1080.2004963696966
        },
        {
          "acoustic_entropy": 21.459083557128906,
          "acoustic_entropy_side": 20.387542724609375,
          "hz": 1237.8529382007157
        },
        {
          "acoustic_entropy": 20.935422897338867,
          "acoustic_entropy_side": 20.43572998046875,
          "hz": 1409.4668930556702
        },
        {
          "acoustic_entropy": 21.390907287597656,
          "acoustic_entropy_side": 20.22362518310547,
          "hz": 1596.2787759475705
        },
        {
          "acoustic_entropy": 20.198938369750977,
          "acoustic_entropy_side": 20.268577575683594,
          "hz": 1799.6344973346393
        },
        {
          "acoustic_entropy": 19.879558563232422,
          "acoustic_entropy_side": 20.646263122558594,
          "hz": 2020.9991599069049
        },
        {
          "acoustic_entropy": 20.85256576538086,
          "acoustic_entropy_side": 20.777687072753906,
          "hz": 2261.9676141086993
        },
        {
          "acoustic_entropy": 20.263214111328125,
          "acoustic_entropy_side": 20.262332916259766,
          "hz": 2524.2759484456974
        },
        {
          "acoustic_entropy": 20.081361770629883,
          "acoustic_entropy_side": 20.124788284301758,
          "hz": 2809.813997359896
        },
        {
          "acoustic_entropy": 19.877117156982422,
