{
  "acoustic_entropy": 161.68809509277344,
  "bands": [
    {
      "high_freq": 148.1999969482422,
      "loudness": -24.753021240234375,
      "loudness_range": 14.522035598754883,
      "mid_mean": -21.09242057800293,
      "mid_to_side_loudness": -28.463184356689453,
      "mid_to_side_loudness_range": 24.67001724243164,
      "side_mean": -50.417266845703125
    },
    {
      "high_freq": 392.3793640136719,
      "loudness": -28.261571884155273,
      "loudness_range": 14.934484481811523,
      "low_freq": 148.1999969482422,
      "mid_mean": -25.271921157836914,
      "mid_to_side_loudness": -8.767647743225098,
      "mid_to_side_loudness_range": 10.329582214355469,
      "side_mean": -33.96092224121094
    },
    {
      "high_freq": 794.6976318359375,
      "loudness": -21.252885818481445,
      "loudness_range": 16.51613998413086,
      "low_freq": 392.3793640136719,
      "mid_mean": -19.479475021362305,
      "mid_to_side_loudness": -3.9606759548187256,
      "mid_to_side_loudness_range": 13.10444450378418,
      "side_mean": -23.295988082885742
    },
    {
      "high_freq": 1457.5709228515625,
      "loudness": -27.39891815185547,
      "loudness_range": 17.93341636657715,
      "low_freq": 794.6976318359375,
      "mid_mean": -25.059675216674805,
      "mid_to_side_loudness": -5.243422031402588,
      "mid_to_side_loudness_range": 9.760540962219238,
      "side_mean": -30.260913848876953
    },
    {
      "high_freq": 2549.74365234375,
      "loudness": -33.43752670288086,
      "loudness_range": 17.331703186035156,
      "low_freq": 1457.5709228515625,
      "mid_mean": -31.40591812133789,
      "mid_to_side_loudness": -4.5692853927612305,
      "mid_to_side_loudness_range": 12.248674392700195,
      "side_mean": -35.948246002197266
    },
    {
      "high_freq": 4349.24462890625,
      "loudness": -36.413124084472656,
      "loudness_range": 24.703664779663086,
      "low_freq": 2549.74365234375,
      "mid_mean": -34.098289489746094,
      "mid_to_side_loudness": -5.427371978759766,
      "mid_to_side_loudness_range": 11.675745010375977,
      "side_mean": -39.56183624267578
    },
    {
      "high_freq": 7314.1640625,
      "loudness": -41.877349853515625,
      "loudness_range": 19.609582901000977,
      "low_freq": 4349.24462890625,
      "mid_mean": -38.97107696533203,
      "mid_to_side_loudness": -7.840653419494629,
      "mid_to_side_loudness_range": 9.394283294677734,
      "side_mean": -46.912296295166016
    },
    {
      "high_freq": 12199.2666015625,
      "loudness": -47.758358001708984,
      "loudness_range": 21.741039276123047,
      "low_freq": 7314.1640625,
      "mid_mean": -45.14766311645508,
      "mid_to_side_loudness": -6.706830978393555,
      "mid_to_side_loudness_range": 8.707229614257812,
      "side_mean": -52.05088806152344
    },
    {
      "loudness": -51.696529388427734,
      "loudness_range": 27.254100799560547,
      "low_freq": 12199.2666015625,
      "mid_mean": -49.72953796386719,
      "mid_to_side_loudness": -4.617218971252441,
      "mid_to_side_loudness_range": 4.929616928100586,
      "side_mean": -53.88227844238281
    }
  ],
  "bands_short": [
    {
      "high_freq": 148.1999969482422,
      "loudness": -27.805038452148438,
      "loudness_range": 23.240947723388672,
      "mid_mean": -24.207651138305664,
      "mid_to_side_loudness": -29.26831817626953,
      "mid_to_side_loudness_range": 26.559846878051758,
      "side_mean": -54.794708251953125
    },
    {
      "high_freq": 392.3793640136719,
      "loudness": -28.06058692932129,
      "loudness_range": 17.20583152770996,
      "low_freq": 148.1999969482422,
      "mid_mean": -24.94666862487793,
      "mid_to_side_loudness": -10.419145584106445,
      "mid_to_side_loudness_range": 15.96008586883545,
      "side_mean": -35.375911712646484
    },
    {
      "high_freq": 794.6976318359375,
      "loudness": -22.745702743530273,
      "loudness_range": 20.563007354736328,
      "low_freq": 392.3793640136719,
      "mid_mean": -20.978240966796875,
      "mid_to_side_loudness": -4.347848892211914,
      "mid_to_side_loudness_range": 14.715251922607422,
      "side_mean": -25.175262451171875
    },
    {
      "high_freq": 1457.5709228515625,
      "loudness": -27.873720169067383,
      "loudness_range": 20.528553009033203,
      "low_freq": 794.6976318359375,
      "mid_mean": -25.737045288085938,
      "mid_to_side_loudness": -4.978993892669678,
      "mid_to_side_loudness_range": 12.689027786254883,
      "side_mean": -30.842239379882812
    },
    {
      "high_freq": 2549.74365234375,
      "loudness": -34.72725296020508,
      "loudness_range": 21.689008712768555,
      "low_freq": 1457.5709228515625,
      "mid_mean": -32.73657989501953,
      "mid_to_side_loudness": -4.673327445983887,
      "mid_to_side_loudness_range": 13.654317855834961,
      "side_mean": -37.562217712402344
    },
    {
      "high_freq": 4349.24462890625,
      "loudness": -38.06245040893555,
      "loudness_range": 29.272777557373047,
      "low_freq": 2549.74365234375,
      "mid_mean": -35.94192886352539,
      "mid_to_side_loudness": -5.142553806304932,
      "mid_to_side_loudness_range": 13.346846580505371,
      "side_mean": -41.34373474121094
    },
    {
      "high_freq": 7314.1640625,
      "loudness": -44.654518127441406,
      "loudness_range": 24.69149398803711,
      "low_freq": 4349.24462890625,
      "mid_mean": -41.99851989746094,
      "mid_to_side_loudness": -7.0826416015625,
      "mid_to_side_loudness_range": 11.399417877197266,
      "side_mean": -49.567115783691406
    },
    {
      "high_freq": 12199.2666015625,
      "loudness": -51.612064361572266,
      "loudness_range": 28.34600067138672,
      "low_freq": 7314.1640625,
      "mid_mean": -49.71990966796875,
      "mid_to_side_loudness": -6.426253318786621,
      "mid_to_side_loudness_range": 9.853801727294922,
      "side_mean": -55.6066780090332
    },
    {
      "loudness": -56.740745544433594,
      "loudness_range": 32.63068389892578,
      "low_freq": 12199.2666015625,
      "mid_mean": -55.06311798095703,
      "mid_to_side_loudness": -4.19325590133667,
      "mid_to_side_loudness_range": 5.661680698394775,
      "side_mean": -58.077484130859375
    }
  ],
  "bandwidth": 564.0157470703125,
  "channels": 2,
  "covariance": [
    [
      33.376705169677734,
      12.667850494384766,
      8.174422264099121,
      7.588054180145264,
      11.742083549499512,
      10.433608055114746,
      8.576889991760254,
      8.992521286010742,
      9.168055534362793,
      10.243087768554688,
      11.103704452514648,
      11.379968643188477,
      9.069272994995117,
      12.010615348815918,
      12.042168617248535,
      12.167820930480957,
      12.588157653808594,
      11.335094451904297
    ],
    [
      12.667850494384766,
      51.061622619628906,
      15.424551010131836,
      21.46192741394043,
      10.699676513671875,
      12.688039779663086,
      9.735344886779785,
      14.421815872192383,
      12.505019187927246,
      16.791893005371094,
      9.211721420288086,
      13.23121166229248,
      9.08524227142334,
      15.54598617553711,
      11.814254760742188,
      20.03813934326172,
      14.937975883483887,
      18.050413131713867
    ],
    [
      8.174422264099121,
      15.424551010131836,
      27.91411018371582,
      26.123476028442383,
      15.58627700805664,
      10.953083038330078,
      14.043350219726562,
      12.751978874206543,
      14.873275756835938,
      14.2240571975708,
      12.970190048217773,
      12.958145141601562,
      10.521566390991211,
      14.332833290100098,
      12.890472412109375,
      14.16904354095459,
      12.684239387512207,
      12.320385932922363
    ],
    [
      7.588054180145264,
      21.46192741394043,
      26.123476028442383,
      41.159141540527344,
      16.726398468017578,
      13.084050178527832,
      12.890542984008789,
      14.145822525024414,
      15.358576774597168,
      17.187332153320312,
      12.694719314575195,
      13.165569305419922,
      10.475878715515137,
      14.54835033416748,
      12.176408767700195,
      13.640661239624023,
      11.607613563537598,
      11.309361457824707
    ],
    [
      11.742083549499512,
      10.699676513671875,
      15.58627700805664,
      16.726398468017578,
      40.2296028137207,
      28.7099666595459,
      23.15185546875,
      20.98090171813965,
      27.240150451660156,
      23.80244255065918,
      26.958337783813477,
      24.996315002441406,
      14.050272941589355,
      18.0726318359375,
      15.752910614013672,
      17.64396095275879,
      13.798874855041504,
      14.319727897644043
    ],
    [
      10.433608055114746,
      12.688039779663086,
      10.953083038330078,
      13.084050178527832,
      28.7099666595459,
      39.3098030090332,
      17.93963050842285,
      22.8651123046875,
      17.630420684814453,
      24.404409408569336,
      14.455894470214844,
      20.640911102294922,
      8.530598640441895,
      11.506867408752441,
      10.528822898864746,
      10.82154369354248,
      10.116046905517578,
      9.349897384643555
    ],
    [
      8.576889991760254,
      9.735344886779785,
      14.043350219726562,
      12.890542984008789,
      23.15185546875,
      17.93963050842285,
      41.156925201416016,
      30.685657501220703,
      32.20393371582031,
      24.234554290771484,
      38.790462493896484,
      33.745079040527344,
      22.175186157226562,
      23.91706085205078,
      19.525611877441406,
      21.920955657958984,
      17.2804012298584,
      17.47399139404297
    ],
    [
      8.992521286010742,
      14.421815872192383,
      12.751978874206543,
      14.145822525024414,
      20.98090171813965,
      22.8651123046875,
      30.685657501220703,
      34.17221450805664,
      24.952861785888672,
      25.99285888671875,
      26.708208084106445,
      28.02570152282715,
      16.28483772277832,
      19.293880462646484,
      15.285255432128906,
      17.399259567260742,
      13.714502334594727,
      14.039215087890625
    ],
    [
      9.168055534362793,
      12.505019187927246,
      14.873275756835938,
      15.358576774597168,
      27.240150451660156,
      17.630420684814453,
      32.20393371582031,
      24.952861785888672,
      44.06129455566406,
      29.44344139099121,
      47.38188934326172,
      38.225162506103516,
      26.42999267578125,
      27.768571853637695,
      22.52971649169922,
      25.044404983520508,
      19.071884155273438,
      19.904306411743164
    ],
    [
      10.243087768554688,
      16.791893005371094,
      14.2240571975708,
      17.187332153320312,
      23.80244255065918,
      24.404409408569336,
      24.234554290771484,
      25.99285888671875,
      29.44344139099121,
      34.832550048828125,
      28.658353805541992,
      30.135047912597656,
      16.90082359313965,
      20.556201934814453,
      15.95079517364502,
      17.831037521362305,
      14.233718872070312,
      14.55709171295166
    ],
    [
      11.103704452514648,
      9.211721420288086,
      12.970190048217773,
      12.694719314575195,
      26.958337783813477,
      14.455894470214844,
      38.790462493896484,
      26.708208084106445,
      47.38188934326172,
      28.658353805541992,
      77.50943756103516,
      57.13294982910156,
      48.13837432861328,
      46.637664794921875,
      40.33065414428711,
      44.430721282958984,
      35.59015655517578,
      36.63297653198242
    ],
    [
      11.379968643188477,
      13.23121166229248,
      12.958145141601562,
      13.165569305419922,
      24.996315002441406,
      20.640911102294922,
      33.745079040527344,
      28.02570152282715,
      38.225162506103516,
      30.135047912597656,
      57.13294982910156,
      55.09373474121094,
      35.8353385925293,
      40.144569396972656,
      32.267818450927734,
      37.20655822753906,
      30.128389358520508,
      31.055870056152344
    ],
    [
      9.069272994995117,
      9.08524227142334,
      10.521566390991211,
      10.475878715515137,
      14.050272941589355,
      8.530598640441895,
      22.175186157226562,
      16.28483772277832,
      26.42999267578125,
      16.90082359313965,
      48.13837432861328,
      35.8353385925293,
      48.074806213378906,
      43.35865020751953,
      44.464111328125,
      47.997493743896484,
      44.62652587890625,
      43.62268829345703
    ],
    [
      12.010615348815918,
      15.54598617553711,
      14.332833290100098,
      14.54835033416748,
      18.0726318359375,
      11.506867408752441,
      23.91706085205078,
      19.293880462646484,
      27.768571853637695,
      20.556201934814453,
      46.637664794921875,
      40.144569396972656,
      43.35865020751953,
      54.005313873291016,
      48.68983459472656,
      58.35407638549805,
      53.91205978393555,
      53.97633361816406
    ],
    [
      12.042168617248535,
      11.814254760742188,
      12.890472412109375,
      12.176408767700195,
      15.752910614013672,
      10.528822898864746,
      19.525611877441406,
      15.285255432128906,
      22.52971649169922,
      15.95079517364502,
      40.33065414428711,
      32.267818450927734,
      44.464111328125,
      48.68983459472656,
      58.22036361694336,
      63.82315444946289,
      66.2232894897461,
      63.221107482910156
    ],
    [
      12.167820930480957,
      20.03813934326172,
      14.16904354095459,
      13.640661239624023,
      17.64396095275879,
      10.82154369354248,
      21.920955657958984,
      17.399259567260742,
      25.044404983520508,
      17.831037521362305,
      44.430721282958984,
      37.20655822753906,
      47.997493743896484,
      58.35407638549805,
      63.82315444946289,
      85.9916763305664,
      82.7216796875,
      84.78629302978516
    ],
    [
      12.588157653808594,
      14.937975883483887,
      12.684239387512207,
      11.607613563537598,
      13.798874855041504,
      10.116046905517578,
      17.2804012298584,
      13.714502334594727,
      19.071884155273438,
      14.233718872070312,
      35.59015655517578,
      30.128389358520508,
      44.62652587890625,
      53.91205978393555,
      66.2232894897461,
      82.7216796875,
      91.95536041259766,
      86.82656860351562
    ],
    [
      11.335094451904297,
      18.050413131713867,
      12.320385932922363,
      11.309361457824707,
      14.319727897644043,
      9.349897384643555,
      17.47399139404297,
      14.039215087890625,
      19.904306411743164,
      14.55709171295166,
      36.63297653198242,
      31.055870056152344,
      43.62268829345703,
      53.97633361816406,
      63.221107482910156,
      84.78629302978516,
      86.82656860351562,
      87.40918731689453
    ]
  ],
  "covariance_short": [
    [
      68.66795349121094,
      23.755966186523438,
      11.933804512023926,
      7.041741847991943,
      11.588399887084961,
      11.49046516418457,
      9.823053359985352,
      11.967284202575684,
      10.622512817382812,
      13.162370681762695,
      12.29578971862793,
      13.672137260437012,
      11.569403648376465,
      14.599920272827148,
      12.22371768951416,
      12.506434440612793,
      11.354671478271484,
      10.837775230407715
    ],
    [
      23.755966186523438,
      46.819183349609375,
      17.86252212524414,
      22.62489128112793,
      13.705106735229492,
      16.09332275390625,
      14.089509963989258,
      16.863388061523438,
      17.197351455688477,
      21.381193161010742,
      15.737527847290039,
      19.338111877441406,
      13.987885475158691,
      20.57328987121582,
      18.50250244140625,
      23.53310775756836,
      22.31402587890625,
      21.463586807250977
    ],
    [
      11.933804512023926,
      17.86252212524414,
      37.59431838989258,
      31.39568328857422,
      23.226234436035156,
      19.121503829956055,
      19.09830093383789,
      18.565570831298828,
      20.43280029296875,
      21.09488868713379,
      18.337472915649414,
      19.773488998413086,
      16.91152000427246,
      20.384469985961914,
      20.07941246032715,
      20.390531539916992,
      19.82803726196289,
      18.61539649963379
    ],
    [
      7.041741847991943,
      22.62489128112793,
      31.39568328857422,
      60.06769943237305,
      24.89590072631836,
      21.670915603637695,
      19.192216873168945,
      22.02870750427246,
      22.28843879699707,
      25.77886199951172,
      18.066797256469727,
      20.069780349731445,
      16.12920570373535,
      21.5970401763916,
      19.283960342407227,
      20.075698852539062,
      18.193622589111328,
      17.344392776489258
    ],
    [
      11.588399887084961,
      13.705106735229492,
      23.226234436035156,
      24.89590072631836,
      55.055580139160156,
      40.38277053833008,
      31.82836151123047,
      30.656145095825195,
      35.44729995727539,
      33.814048767089844,
      35.64265441894531,
      35.29015350341797,
      20.900833129882812,
      27.645767211914062,
      22.899276733398438,
      23.28941535949707,
      19.497987747192383,
      19.369409561157227
    ],
    [
      11.49046516418457,
      16.09332275390625,
      19.121503829956055,
      21.670915603637695,
      40.38277053833008,
      56.52060317993164,
      27.79660987854004,
      33.922203063964844,
      27.253000259399414,
      35.49068832397461,
      23.463153839111328,
      32.10176467895508,
      13.000151634216309,
      21.270652770996094,
      13.708511352539062,
      14.417840957641602,
      11.906184196472168,
      11.597579002380371
    ],
    [
      9.823053359985352,
      14.089509963989258,
      19.09830093383789,
      19.192216873168945,
      31.82836151123047,
      27.79660987854004,
      56.1468505859375,
      40.397396087646484,
      45.33498001098633,
      37.852874755859375,
      51.98493957519531,
      47.12021255493164,
      32.571937561035156,
      35.241580963134766,
      30.342479705810547,
      28.220186233520508,
      23.765182495117188,
      22.188405990600586
    ],
    [
      11.967284202575684,
      16.863388061523438,
      18.565570831298828,
      22.02870750427246,
      30.656145095825195,
      33.922203063964844,
      40.397396087646484,
      50.375186920166016,
      35.29283142089844,
      40.30698013305664,
      35.461097717285156,
      39.603172302246094,
      22.938682556152344,
      30.547657012939453,
      23.333255767822266,
      23.49814224243164,
      19.456533432006836,
      18.779020309448242
    ],
    [
      10.622512817382812,
      17.197351455688477,
      20.43280029296875,
      22.28843879699707,
      35.44729995727539,
      27.253000259399414,
      45.33498001098633,
      35.29283142089844,
      63.47645568847656,
      44.411293029785156,
      65.76750946044922,
      55.966041564941406,
      42.30104446411133,
      44.0733757019043,
      39.54643249511719,
      36.676509857177734,
      31.914146423339844,
      29.99506187438965
    ],
    [
      13.162370681762695,
      21.381193161010742,
      21.09488868713379,
      25.77886199951172,
      33.814048767089844,
      35.49068832397461,
      37.852874755859375,
      40.30698013305664,
      44.411293029785156,
      53.33854293823242,
      44.96861267089844,
      48.264556884765625,
      29.528488159179688,
      36.80280685424805,
      28.56789779663086,
      29.202171325683594,
      25.05133056640625,
      24.33950424194336
    ],
    [
      12.29578971862793,
      15.737527847290039,
      18.337472915649414,
      18.066797256469727,
      35.64265441894531,
      23.463153839111328,
      51.98493957519531,
      35.461097717285156,
      65.76750946044922,
      44.96861267089844,
      107.40336608886719,
      80.980224609375,
      72.2844467163086,
      68.8951416015625,
      66.28659057617188,
      61.273460388183594,
      55.09975051879883,
      51.44166564941406
    ],
    [
      13.672137260437012,
      19.338111877441406,
      19.773488998413086,
      20.069780349731445,
      35.29015350341797,
      32.10176467895508,
      47.12021255493164,
      39.603172302246094,
      55.966041564941406,
      48.264556884765625,
      80.980224609375,
      82.19036102294922,
      55.94205856323242,
      63.33686828613281,
      53.88462829589844,
      54.39088439941406,
      47.4200439453125,
      45.61451721191406
    ],
    [
      11.569403648376465,
      13.987885475158691,
      16.91152000427246,
      16.12920570373535,
      20.900833129882812,
      13.000151634216309,
      32.571937561035156,
      22.938682556152344,
      42.30104446411133,
      29.528488159179688,
      72.2844467163086,
      55.94205856323242,
      77.38219451904297,
      67.08116912841797,
      75.03694152832031,
      69.17925262451172,
      68.2380599975586,
      62.645633697509766
    ],
    [
      14.599920272827148,
      20.57328987121582,
      20.384469985961914,
      21.5970401763916,
      27.645767211914062,
      21.270652770996094,
      35.241580963134766,
      30.547657012939453,
      44.0733757019043,
      36.80280685424805,
      68.8951416015625,
      63.33686828613281,
      67.08116912841797,
      81.62387084960938,
      77.50338745117188,
      80.88772583007812,
      75.7278823852539,
      72.8740463256836
    ],
    [
      12.22371768951416,
      18.50250244140625,
      20.07941246032715,
      19.283960342407227,
      22.899276733398438,
      13.708511352539062,
      30.342479705810547,
      23.333255767822266,
      39.54643249511719,
      28.56789779663086,
      66.28659057617188,
      53.88462829589844,
      75.03694152832031,
      77.50338745117188,
      96.68976593017578,
      91.52706909179688,
      94.950927734375,
      87.33322143554688
    ],
    [
      12.506434440612793,
      23.53310775756836,
      20.390531539916992,
      20.075698852539062,
      23.28941535949707,
      14.417840957641602,
      28.220186233520508,
      23.49814224243164,
      36.676509857177734,
      29.202171325683594,
      61.273460388183594,
      54.39088439941406,
      69.17925262451172,
      80.88772583007812,
      91.52706909179688,
      102.5187759399414,
      100.81654357910156,
      98.50350189208984
    ],
    [
      11.354671478271484,
      22.31402587890625,
      19.82803726196289,
      18.193622589111328,
      19.497987747192383,
      11.906184196472168,
      23.765182495117188,
      19.456533432006836,
      31.914146423339844,
      25.05133056640625,
      55.09975051879883,
      47.4200439453125,
      68.2380599975586,
      75.7278823852539,
      94.950927734375,
      100.81654357910156,
      108.79850769042969,
      101.96748352050781
    ],
    [
      10.837775230407715,
      21.463586807250977,
      18.61539649963379,
      17.344392776489258,
      19.369409561157227,
      11.597579002380371,
      22.188405990600586,
      18.779020309448242,
      29.99506187438965,
      24.33950424194336,
      51.44166564941406,
      45.61451721191406,
      62.645633697509766,
      72.8740463256836,
      87.33322143554688,
      98.50350189208984,
      101.96748352050781,
      99.956787109375
    ]
  ],
  "damage": -3.1954095363616943,
  "diff_bandwidth": 564.9423217773438,
  "dissonance": 5.2131443799996235,
  "drr": 6.682258129119873,
  "dynamics": 3.913715124130249,
  "format": 1245190,
  "frames": 14046144,
  "loudness": -13.21846866607666,
  "loudness_range": 10.475444793701172,
  "loudness_range_short": 14.520402908325195,
  "lowpass_true_peak_15khz": -0.09108143299818039,
  "mastering3_acoustic_entropies": [
    {
      "acoustic_entropy": 7.763860702514648,
      "acoustic_entropy_mono": 7.531744003295898,
      "band_eliminated_acoustic_entropies": [
        {
          "acoustic_entropy": 7.847670555114746,
          "acoustic_entropy_side": 7.763862609863281,
          "hz": 129.47220167065723
        },
        {
          "acoustic_entropy": 7.655220985412598,
          "acoustic_entropy_side": 7.76419734954834,
          "hz": 202.92927478742237
        },
        {
          "acoustic_entropy": 7.899377346038818,
          "acoustic_entropy_side": 7.767081260681152,
          "hz": 282.89161906338205
        },
        {
          "acoustic_entropy": 7.9866461753845215,
          "acoustic_entropy_side": 7.753992080688477,
          "hz": 369.9353335868758
        },
        {
          "acoustic_entropy": 8.102825164794922,
          "acoustic_entropy_side": 7.952146530151367,
          "hz": 464.6875360973435
        },
        {
          "acoustic_entropy": 7.710512638092041,
          "acoustic_entropy_side": 7.8064165115356445,
          "hz": 567.8308811364784
        },
        {
          "acoustic_entropy": 8.094730377197266,
          "acoustic_entropy_side": 7.836912155151367,
          "hz": 680.1084783214808
        },
        {
          "acoustic_entropy": 7.704227447509766,
          "acoustic_entropy_side": 7.932493686676025,
          "hz": 802.3292461747484
        },
        {
          "acoustic_entropy": 7.623180866241455,
          "acoustic_entropy_side": 7.853636264801025,
          "hz": 935.3737400823702
        },
        {
          "acoustic_entropy": 7.136916637420654,
          "acoustic_entropy_side": 7.639106273651123,
          "hz": 1080.2004963696966
        },
        {
          "acoustic_entropy": 8.307825088500977,
          "acoustic_entropy_side": 7.887485980987549,
          "hz": 1237.8529382007157
        },
        {
          "acoustic_entropy": 7.891195297241211,
          "acoustic_entropy_side": 7.820074558258057,
          "hz": 1409.4668930556702
        },
        {
          "acoustic_entropy": 7.195957183837891,
          "acoustic_entropy_side": 7.691829681396484,
          "hz": 1596.2787759475705
        },
        {
          "acoustic_entropy": 7.6900177001953125,
          "acoustic_entropy_side": 7.6060686111450195,
          "hz": 1799.6344973346393
        },
        {
          "acoustic_entropy": 7.90993070602417,
          "acoustic_entropy_side": 7.841659069061279,
          "hz": 2020.9991599069049
        },
        {
          "acoustic_entropy": 7.699428558349609,
          "acoustic_entropy_side": 7.762753486633301,
          "hz": 2261.9676141086993
        },
        {
          "acoustic_entropy": 7.665460109710693,
          "acoustic_entropy_side": 7.747439861297607,
          "hz": 2524.2759484456974
        },
        {
          "acoustic_entropy": 7.522374629974365,
          "acoustic_entropy_side": 7.7732954025268555,
          "hz": 2809.813997359896
        },
        {
          "acoustic_entropy": 7.6604228019714355,
          "acoustic_entropy_side": 7.794285774230957,
          "hz": 3120.6389567871424
        },
        {
          "acoustic_entropy": 7.582724094390869,
          "acoustic_entropy_side": 7.761667251586914,
          "hz": 3458.990205492291
        },
        {
          "acoustic_entropy": 7.661396026611328,
          "acoustic_entropy_side": 7.758601188659668,
          "hz": 3827.305438964164
        },
        {
          "acoustic_entropy": 7.733666896820068,
          "acoustic_entropy_side": 7.761067867279053,
          "hz": 4228.238232109126
        },
        {
          "acoustic_entropy": 7.734313488006592,
          "acoustic_entropy_side": 7.76488733291626,
          "hz": 4664.6771572759235
        },
        {
          "acoustic_entropy": 7.7602972984313965,
          "acoustic_entropy_side": 7.768255710601807,
          "hz": 5139.766595350093
        },
        {
          "acoustic_entropy": 7.802597999572754,
          "acoustic_entropy_side": 7.766791343688965,
          "hz": 5656.929389854203
        },
        {
          "acoustic_entropy": 7.791736602783203,
          "acoustic_entropy_side": 7.765862464904785,
          "hz": 6219.891507268283
        },
        {
          "acoustic_entropy": 7.785838603973389,
          "acoustic_entropy_side": 7.766353130340576,
          "hz": 6832.70888123896
        },
        {
          "acoustic_entropy": 7.776231288909912,
          "acoustic_entropy_side": 7.765535831451416,
          "hz": 7499.796634079867
        },
        {
          "acoustic_entropy": 7.774402141571045,
          "acoustic_entropy_side": 7.7651777267456055,
          "hz": 8225.96088609342
        },
        {
          "acoustic_entropy": 7.7745208740234375,
          "acoustic_entropy_side": 7.7654500007629395,
          "hz": 9016.43338188839
        },
        {
          "acoustic_entropy": 7.776395797729492,
          "acoustic_entropy_side": 7.766086101531982,
          "hz": 9876.909183162974
        },
        {
          "acoustic_entropy": 7.775001525878906,
          "acoustic_entropy_side": 7.766096115112305,
          "hz": 10813.587699516042
        },
        {
          "acoustic_entropy": 7.7745561599731445,
          "acoustic_entropy_side": 7.765679836273193,
          "hz": 11833.21735289826
        },
        {
          "acoustic_entropy": 7.776298522949219,
          "acoustic_entropy_side": 7.7660040855407715,
          "hz": 12943.144197493959
        },
        {
          "acoustic_entropy": 7.776015281677246,
          "acoustic_entropy_side": 7.7660603523254395,
          "hz": 14151.364845322005
        },
        {
          "acoustic_entropy": 7.777238845825195,
          "acoustic_entropy_side": 7.766186237335205,
          "hz": 15466.58407886509
        },
        {
          "acoustic_entropy": 7.777371406555176,
          "acoustic_entropy_side": 7.766166687011719,
          "hz": 16898.27756580493
        },
        {
          "acoustic_entropy": 7.7774529457092285,
          "acoustic_entropy_side": 7.7660346031188965,
          "hz": 18456.760127700032
        },
        {
          "acoustic_entropy": 7.773492813110352,
          "acoustic_entropy_side": 7.7652058601379395,
          "hz": 20153.260054456492
        },
        {
          "acoustic_entropy": 7.765146255493164,
          "acoustic_entropy_side": 7.764006614685059,
          "hz": 22000.00000000001
        }
      ],
      "diff_acoustic_entropy": 5.704211235046387,
      "sn": 6
    },
    {
      "acoustic_entropy": 13.311531066894531,
      "acoustic_entropy_mono": 12.411243438720703,
      "band_eliminated_acoustic_entropies": [
        {
          "acoustic_entropy": 13.341182708740234,
          "acoustic_entropy_side": 13.31164836883545,
          "hz": 129.47220167065723
        },
        {
          "acoustic_entropy": 13.143348693847656,
          "acoustic_entropy_side": 13.320833206176758,
          "hz": 202.92927478742237
        },
        {
          "acoustic_entropy": 13.633699417114258,
          "acoustic_entropy_side": 13.339537620544434,
          "hz": 282.89161906338205
        },
        {
          "acoustic_entropy": 13.494725227355957,
          "acoustic_entropy_side": 13.409293174743652,
          "hz": 369.9353335868758
        },
        {
          "acoustic_entropy": 13.438396453857422,
          "acoustic_entropy_side": 13.4905366897583,
          "hz": 464.6875360973435
        },
        {
          "acoustic_entropy": 12.928024291992188,
          "acoustic_entropy_side": 12.599844932556152,
          "hz": 567.8308811364784
        },
        {
          "acoustic_entropy": 12.757952690124512,
          "acoustic_entropy_side": 14.06263256072998,
          "hz": 680.1084783214808
        },
        {
          "acoustic_entropy": 13.503702163696289,
          "acoustic_entropy_side": 12.827186584472656,
          "hz": 802.3292461747484
        },
        {
          "acoustic_entropy": 12.748509407043457,
          "acoustic_entropy_side": 12.591872215270996,
          "hz": 935.3737400823702
        },
        {
          "acoustic_entropy": 12.50804328918457,
          "acoustic_entropy_side": 13.335247039794922,
          "hz": 1080.2004963696966
        },
        {
          "acoustic_entropy": 14.104004859924316,
          "acoustic_entropy_side": 13.87513256072998,
          "hz": 1237.8529382007157
        },
        {
          "acoustic_entropy": 13.414420127868652,
          "acoustic_entropy_side": 13.568936347961426,
          "hz": 1409.4668930556702
        },
        {
          "acoustic_entropy": 13.330879211425781,
          "acoustic_entropy_side": 13.955256462097168,
          "hz": 1596.2787759475705
        },
        {
          "acoustic_entropy": 13.784929275512695,
          "acoustic_entropy_side": 13.682296752929688,
          "hz": 1799.6344973346393
        },
        {
          "acoustic_entropy": 13.267720222473145,
          "acoustic_entropy_side": 13.368219375610352,
          "hz": 2020.9991599069049
        },
        {
          "acoustic_entropy": 13.738360404968262,
          "acoustic_entropy_side": 13.328681945800781,
          "hz": 2261.9676141086993
        },
        {
          "acoustic_entropy": 13.400973320007324,
          "acoustic_entropy_side": 13.335278511047363,
          "hz": 2524.2759484456974
        },
        {
          "acoustic_entropy": 13.279777526855469,
          "acoustic_entropy_side": 13.333430290222168,
          "hz": 2809.813997359896
        },
        {
          "acoustic_entropy": 13.36263370513916,
          "acoustic_entropy_side": 13.471437454223633,
          "hz": 3120.6389567871424
        },
        {
          "acoustic_entropy": 13.475971221923828,
          "acoustic_entropy_side": 13.303499221801758,
          "hz": 3458.990205492291
        },
        {
          "acoustic_entropy": 13.369585037231445,
          "acoustic_entropy_side": 13.279869079589844,
          "hz": 3827.305438964164
        },
        {
          "acoustic_entropy": 13.318641662597656,
          "acoustic_entropy_side": 13.308717727661133,
          "hz": 4228.238232109126
        },
        {
          "acoustic_entropy": 13.307567596435547,
          "acoustic_entropy_side": 13.322507858276367,
          "hz": 4664.6771572759235
        },
        {
          "acoustic_entropy": 13.271648406982422,
          "acoustic_entropy_side": 13.308526992797852,
          "hz": 5139.766595350093
        },
        {
          "acoustic_entropy": 13.260700225830078,
          "acoustic_entropy_side": 13.309779167175293,
          "hz": 5656.929389854203
        },
        {
          "acoustic_entropy": 13.219717979431152,
          "acoustic_entropy_side": 13.310820579528809,
          "hz": 6219.891507268283
        },
        {
          "acoustic_entropy": 13.252936363220215,
          "acoustic_entropy_side": 13.308574676513672,
          "hz": 6832.70888123896
        },
        {
          "acoustic_entropy": 13.25592041015625,
          "acoustic_entropy_side": 13.309557914733887,
          "hz": 7499.796634079867
        },
        {
          "acoustic_entropy": 13.259929656982422,
          "acoustic_entropy_side": 13.30746841430664,
          "hz": 8225.96088609342
        },
        {
          "acoustic_entropy": 13.272268295288086,
          "acoustic_entropy_side": 13.309107780456543,
          "hz": 9016.43338188839
        },
        {
          "acoustic_entropy": 13.255775451660156,
          "acoustic_entropy_side": 13.307697296142578,
          "hz": 9876.909183162974
        },
        {
          "acoustic_entropy": 13.25259017944336,
          "acoustic_entropy_side": 13.307814598083496,
          "hz": 10813.587699516042
        },
        {
          "acoustic_entropy": 13.250947952270508,
          "acoustic_entropy_side": 13.308032989501953,
          "hz": 11833.21735289826
        },
        {
          "acoustic_entropy": 13.235054969787598,
          "acoustic_entropy_side": 13.305827140808105,
          "hz": 12943.144197493959
        },
        {
          "acoustic_entropy": 13.243456840515137,
          "acoustic_entropy_side": 13.30668830871582,
          "hz": 14151.364845322005
        },
        {
          "acoustic_entropy": 13.246516227722168,
          "acoustic_entropy_side": 13.306200981140137,
          "hz": 15466.58407886509
        },
        {
          "acoustic_entropy": 13.249140739440918,
          "acoustic_entropy_side": 13.305871963500977,
          "hz": 16898.27756580493
        },
        {
          "acoustic_entropy": 13.262062072753906,
          "acoustic_entropy_side": 13.305436134338379,
          "hz": 18456.760127700032
        },
        {
          "acoustic_entropy": 13.296463012695312,
          "acoustic_entropy_side": 13.309111595153809,
          "hz": 20153.260054456492
        },
        {
          "acoustic_entropy": 13.311787605285645,
          "acoustic_entropy_side": 13.311298370361328,
          "hz": 22000.00000000001
        }
      ],
      "diff_acoustic_entropy": 10.163259506225586,
      "sn": 12
    },
    {
      "acoustic_entropy": 22.29596519470215,
      "acoustic_entropy_mono": 19.10367774963379,
      "band_eliminated_acoustic_entropies": [
        {
          "acoustic_entropy": 21.843002319335938,
          "acoustic_entropy_side": 22.294879913330078,
          "hz": 129.47220167065723
        },
        {
          "acoustic_entropy": 22.700458526611328,
          "acoustic_entropy_side": 22.158281326293945,
          "hz": 202.92927478742237
        },
        {
          "acoustic_entropy": 21.592695236206055,
          "acoustic_entropy_side": 22.14004135131836,
          "hz": 282.89161906338205
        },
        {
          "acoustic_entropy": 21.979379653930664,
          "acoustic_entropy_side": 22.044858932495117,
          "hz": 369.9353335868758
        },
        {
          "acoustic_entropy": 21.864906311035156,
          "acoustic_entropy_side": 22.62584686279297,
          "hz": 464.6875360973435
        },
        {
          "acoustic_entropy": 22.058259963989258,
          "acoustic_entropy_side": 20.894498825073242,
          "hz": 567.8308811364784
        },
        {
          "acoustic_entropy": 21.852581024169922,
          "acoustic_entropy_side": 22.691661834716797,
          "hz": 680.1084783214808
        },
        {
          "acoustic_entropy": 21.362722396850586,
          "acoustic_entropy_side": 21.6387882232666,
          "hz": 802.3292461747484
        },
        {
          "acoustic_entropy": 22.00493812561035,
          "acoustic_entropy_side": 21.975631713867188,
          "hz": 935.3737400823702
        },
        {
          "acoustic_entropy": 22.590471267700195,
          "acoustic_entropy_side": 22.367006301879883,
          "hz": 1080.2004963696966
        },
        {
          "acoustic_entropy": 22.204864501953125,
          "acoustic_entropy_side": 22.108545303344727,
          "hz": 1237.8529382007157
        },
        {
          "acoustic_entropy": 21.125844955444336,
          "acoustic_entropy_side": 21.59058952331543,
          "hz": 1409.4668930556702
        },
        {
          "acoustic_entropy": 21.365617752075195,
          "acoustic_entropy_side": 23.555744171142578,
          "hz": 1596.2787759475705
        },
        {
          "acoustic_entropy": 22.118568420410156,
          "acoustic_entropy_side": 22.747844696044922,
          "hz": 1799.6344973346393
        },
        {
          "acoustic_entropy": 21.465288162231445,
          "acoustic_entropy_side": 22.082794189453125,
          "hz": 2020.9991599069049
        },
        {
          "acoustic_entropy": 24.041400909423828,
          "acoustic_entropy_side": 23.43332862854004,
          "hz": 2261.9676141086993
        },
        {
          "acoustic_entropy": 23.45474624633789,
          "acoustic_entropy_side": 22.439130783081055,
          "hz": 2524.2759484456974
        },
        {
          "acoustic_entropy": 21.552268981933594,
          "acoustic_entropy_side": 22.002723693847656,
          "hz": 2809.813997359896
        },
        {
          "acoustic_entropy": 21.76112174987793,
