{
  "acoustic_entropy": 216.15853881835938,
  "bands": [
    {
      "high_freq": 148.1999969482422,
      "loudness": -22.790233612060547,
      "loudness_range": 17.404685974121094,
      "mid_mean": -19.661279678344727,
      "mid_to_side_loudness": -12.793739318847656,
      "mid_to_side_loudness_range": 20.98358154296875,
      "side_mean": -32.526512145996094
    },
    {
      "high_freq": 392.3793640136719,
      "loudness": -18.820280075073242,
      "loudness_range": 10.471216201782227,
      "low_freq": 148.1999969482422,
      "mid_mean": -15.735170364379883,
      "mid_to_side_loudness": -9.398544311523438,
      "mid_to_side_loudness_range": 10.883111000061035,
      "side_mean": -25.212648391723633
    },
    {
      "high_freq": 794.6976318359375,
      "loudness": -19.279809951782227,
      "loudness_range": 13.147390365600586,
      "low_freq": 392.3793640136719,
      "mid_mean": -16.244474411010742,
      "mid_to_side_loudness": -9.004633903503418,
      "mid_to_side_loudness_range": 10.535882949829102,
      "side_mean": -25.324594497680664
    },
    {
      "high_freq": 1457.5709228515625,
      "loudness": -23.185619354248047,
      "loudness_range": 16.13530921936035,
      "low_freq": 794.6976318359375,
      "mid_mean": -20.261995315551758,
      "mid_to_side_loudness": -8.66448974609375,
      "mid_to_side_loudness_range": 12.484172821044922,
      "side_mean": -29.063770294189453
    },
    {
      "high_freq": 2549.74365234375,
      "loudness": -24.52374839782715,
      "loudness_range": 16.41680335998535,
      "low_freq": 1457.5709228515625,
      "mid_mean": -21.789339065551758,
      "mid_to_side_loudness": -7.274262428283691,
      "mid_to_side_loudness_range": 11.258504867553711,
      "side_mean": -29.24592399597168
    },
    {
      "high_freq": 4349.24462890625,
      "loudness": -28.167987823486328,
      "loudness_range": 18.829526901245117,
      "low_freq": 2549.74365234375,
      "mid_mean": -25.252708435058594,
      "mid_to_side_loudness": -8.701054573059082,
      "mid_to_side_loudness_range": 14.269947052001953,
      "side_mean": -34.15546417236328
    },
    {
      "high_freq": 7314.1640625,
      "loudness": -32.18697738647461,
      "loudness_range": 21.375822067260742,
      "low_freq": 4349.24462890625,
      "mid_mean": -28.97686767578125,
      "mid_to_side_loudness": -11.285157203674316,
      "mid_to_side_loudness_range": 17.027568817138672,
      "side_mean": -41.0694465637207
    },
    {
      "high_freq": 12199.2666015625,
      "loudness": -34.44182205200195,
      "loudness_range": 19.826990127563477,
      "low_freq": 7314.1640625,
      "mid_mean": -31.28297996520996,
      "mid_to_side_loudness": -12.647286415100098,
      "mid_to_side_loudness_range": 22.740842819213867,
      "side_mean": -45.14366912841797
    },
    {
      "loudness": -40.5352783203125,
      "loudness_range": 19.588762283325195,
      "low_freq": 12199.2666015625,
      "mid_mean": -37.69574737548828,
      "mid_to_side_loudness": -10.760041236877441,
      "mid_to_side_loudness_range": 21.089691162109375,
      "side_mean": -50.77608871459961
    }
  ],
  "bands_short": [
    {
      "high_freq": 148.1999969482422,
      "loudness": -25.816539764404297,
      "loudness_range": 20.789331436157227,
      "mid_mean": -22.779104232788086,
      "mid_to_side_loudness": -12.99644660949707,
      "mid_to_side_loudness_range": 24.765403747558594,
      "side_mean": -36.21849060058594
    },
    {
      "high_freq": 392.3793640136719,
      "loudness": -18.68869400024414,
      "loudness_range": 11.945165634155273,
      "low_freq": 148.1999969482422,
      "mid_mean": -15.588547706604004,
      "mid_to_side_loudness": -9.940013885498047,
      "mid_to_side_loudness_range": 13.161989212036133,
      "side_mean": -25.648183822631836
    },
    {
      "high_freq": 794.6976318359375,
      "loudness": -19.54063606262207,
      "loudness_range": 15.082964897155762,
      "low_freq": 392.3793640136719,
      "mid_mean": -16.665294647216797,
      "mid_to_side_loudness": -8.530866622924805,
      "mid_to_side_loudness_range": 13.126163482666016,
      "side_mean": -25.261690139770508
    },
    {
      "high_freq": 1457.5709228515625,
      "loudness": -23.68228530883789,
      "loudness_range": 18.03635597229004,
      "low_freq": 794.6976318359375,
      "mid_mean": -20.895267486572266,
      "mid_to_side_loudness": -8.153958320617676,
      "mid_to_side_loudness_range": 14.330974578857422,
      "side_mean": -29.22578239440918
    },
    {
      "high_freq": 2549.74365234375,
      "loudness": -25.240463256835938,
      "loudness_range": 18.839385986328125,
      "low_freq": 1457.5709228515625,
      "mid_mean": -22.68973731994629,
      "mid_to_side_loudness": -6.7234296798706055,
      "mid_to_side_loudness_range": 13.086308479309082,
      "side_mean": -29.616621017456055
    },
    {
      "high_freq": 4349.24462890625,
      "loudness": -28.90727424621582,
      "loudness_range": 20.979267120361328,
      "low_freq": 2549.74365234375,
      "mid_mean": -26.157669067382812,
      "mid_to_side_loudness": -7.932612419128418,
      "mid_to_side_loudness_range": 14.65516185760498,
      "side_mean": -34.36546325683594
    },
    {
      "high_freq": 7314.1640625,
      "loudness": -33.25078582763672,
      "loudness_range": 24.441518783569336,
      "low_freq": 4349.24462890625,
      "mid_mean": -30.16954803466797,
      "mid_to_side_loudness": -10.204755783081055,
      "mid_to_side_loudness_range": 17.16318130493164,
      "side_mean": -41.60105895996094
    },
    {
      "high_freq": 12199.2666015625,
      "loudness": -35.785160064697266,
      "loudness_range": 23.72742462158203,
      "low_freq": 7314.1640625,
      "mid_mean": -32.789371490478516,
      "mid_to_side_loudness": -11.3170747756958,
      "mid_to_side_loudness_range": 22.26190948486328,
      "side_mean": -46.57488250732422
    },
    {
      "loudness": -42.34941101074219,
      "loudness_range": 25.146163940429688,
      "low_freq": 12199.2666015625,
      "mid_mean": -39.72084045410156,
      "mid_to_side_loudness": -10.741950988769531,
      "mid_to_side_loudness_range": 21.98736000061035,
      "side_mean": -53.06374740600586
    }
  ],
  "bandwidth": 611.9342651367188,
  "channels": 2,
  "covariance": [
    [
      50.74651336669922,
      13.360139846801758,
      6.031618118286133,
      6.816356182098389,
      9.085844993591309,
      9.523880958557129,
      10.960714340209961,
      9.43618392944336,
      15.57802963256836,
      16.427248001098633,
      16.705570220947266,
      21.062158584594727,
      24.481428146362305,
      25.868738174438477,
      21.21051788330078,
      36.49321746826172,
      23.85225486755371,
      51.75717544555664
    ],
    [
      13.360139846801758,
      28.2038631439209,
      9.392687797546387,
      13.385772705078125,
      11.221927642822266,
      13.600152015686035,
      14.160164833068848,
      13.548683166503906,
      14.368236541748047,
      17.289400100708008,
      15.189281463623047,
      20.026994705200195,
      11.496350288391113,
      20.117773056030273,
      8.612165451049805,
      18.366540908813477,
      8.690434455871582,
      25.10477066040039
    ],
    [
      6.031618118286133,
      9.392687797546387,
      18.004417419433594,
      10.58500862121582,
      11.450897216796875,
      10.120089530944824,
      11.64659595489502,
      9.40229320526123,
      16.35019874572754,
      14.221683502197266,
      17.092670440673828,
      17.081401824951172,
      13.452282905578613,
      16.851585388183594,
      12.051519393920898,
      13.960142135620117,
      10.667728424072266,
      23.602468490600586
    ],
    [
      6.816356182098389,
      13.385772705078125,
      10.58500862121582,
      17.471271514892578,
      10.786751747131348,
      13.662711143493652,
      12.477410316467285,
      12.459386825561523,
      13.520940780639648,
      16.259326934814453,
      13.242593765258789,
      18.760902404785156,
      10.056818962097168,
      18.44315528869629,
      7.562737941741943,
      16.37492561340332,
      6.594043254852295,
      20.894699096679688
    ],
    [
      9.085844993591309,
      11.221927642822266,
      11.450897216796875,
      10.786751747131348,
      26.411376953125,
      16.24463653564453,
      21.826465606689453,
      13.53415584564209,
      20.88666343688965,
      18.91736602783203,
      24.50366973876953,
      22.648263931274414,
      19.38279151916504,
      20.927614212036133,
      16.529945373535156,
      18.80365562438965,
      16.9141788482666,
      28.25798988342285
    ],
    [
      9.523880958557129,
      13.600152015686035,
      10.120089530944824,
      13.662711143493652,
      16.24463653564453,
      21.369966506958008,
      16.29465675354004,
      15.711776733398438,
      17.50726890563965,
      21.48000144958496,
      17.788433074951172,
      24.834989547729492,
      15.377017974853516,
      23.272159576416016,
      12.572397232055664,
      22.838356018066406,
      11.703593254089355,
      27.406360626220703
    ],
    [
      10.960714340209961,
      14.160164833068848,
      11.64659595489502,
      12.477410316467285,
      21.826465606689453,
      16.29465675354004,
      38.66579818725586,
      18.59105110168457,
      22.059803009033203,
      24.178762435913086,
      26.4744873046875,
      30.440399169921875,
      22.386213302612305,
      30.503459930419922,
      15.814507484436035,
      27.027902603149414,
      16.637340545654297,
      36.77691650390625
    ],
    [
      9.43618392944336,
      13.548683166503906,
      9.40229320526123,
      12.459386825561523,
      13.53415584564209,
      15.711776733398438,
      18.59105110168457,
      18.850187301635742,
      16.190839767456055,
      20.890260696411133,
      15.939356803894043,
      23.76108169555664,
      12.41559886932373,
      22.123729705810547,
      10.300667762756348,
      20.614490509033203,
      9.684548377990723,
      25.884872436523438
    ],
    [
      15.57802963256836,
      14.368236541748047,
      16.35019874572754,
      13.520940780639648,
      20.88666343688965,
      17.50726890563965,
      22.059803009033203,
      16.190839767456055,
      42.352787017822266,
      28.34941291809082,
      39.76125717163086,
      36.560546875,
      33.0047607421875,
      36.69749069213867,
      27.89884376525879,
      35.25223159790039,
      26.227619171142578,
      46.77468490600586
    ],
    [
      16.427248001098633,
      17.289400100708008,
      14.221683502197266,
      16.259326934814453,
      18.91736602783203,
      21.48000144958496,
      24.178762435913086,
      20.890260696411133,
      28.34941291809082,
      34.10346221923828,
      27.841936111450195,
      39.27437210083008,
      26.231626510620117,
      38.94660949707031,
      21.622962951660156,
      39.39444351196289,
      20.70165252685547,
      45.80720520019531
    ],
    [
      16.705570220947266,
      15.189281463623047,
      17.092670440673828,
      13.242593765258789,
      24.50366973876953,
      17.788433074951172,
      26.4744873046875,
      15.939356803894043,
      39.76125717163086,
      27.841936111450195,
      54.32051086425781,
      41.57206344604492,
      46.08587646484375,
      45.805755615234375,
      37.489803314208984,
      42.963829040527344,
      34.8686408996582,
      55.1456413269043
    ],
    [
      21.062158584594727,
      20.026994705200195,
      17.081401824951172,
      18.760902404785156,
      22.648263931274414,
      24.834989547729492,
      30.440399169921875,
      23.76108169555664,
      36.560546875,
      39.27437210083008,
      41.57206344604492,
      57.66585922241211,
      41.08549880981445,
      59.64085006713867,
      32.286922454833984,
      59.52069854736328,
      29.71505355834961,
      64.68675994873047
    ],
    [
      24.481428146362305,
      11.496350288391113,
      13.452282905578613,
      10.056818962097168,
      19.38279151916504,
      15.377017974853516,
      22.386213302612305,
      12.41559886932373,
      33.0047607421875,
      26.231626510620117,
      46.08587646484375,
      41.08549880981445,
      63.21363830566406,
      51.61355209350586,
      50.685325622558594,
      60.199188232421875,
      46.14693069458008,
      68.37975311279297
    ],
    [
      25.868738174438477,
      20.117773056030273,
      16.851585388183594,
      18.44315528869629,
      20.927614212036133,
      23.272159576416016,
      30.503459930419922,
      22.123729705810547,
      36.69749069213867,
      38.94660949707031,
      45.805755615234375,
      59.64085006713867,
      51.61355209350586,
      82.66960144042969,
      37.73708724975586,
      80.3037109375,
      32.925716400146484,
      83.69609069824219
    ],
    [
      21.21051788330078,
      8.612165451049805,
      12.051519393920898,
      7.562737941741943,
      16.529945373535156,
      12.572397232055664,
      15.814507484436035,
      10.300667762756348,
      27.89884376525879,
      21.622962951660156,
      37.489803314208984,
      32.286922454833984,
      50.685325622558594,
      37.73708724975586,
      54.52885818481445,
      45.92890167236328,
      48.711090087890625,
      54.43682861328125
    ],
    [
      36.49321746826172,
      18.366540908813477,
      13.960142135620117,
      16.37492561340332,
      18.80365562438965,
      22.838356018066406,
      27.027902603149414,
      20.614490509033203,
      35.25223159790039,
      39.39444351196289,
      42.963829040527344,
      59.52069854736328,
      60.199188232421875,
      80.3037109375,
      45.92890167236328,
      102.57273864746094,
      42.29560089111328,
      100.10993957519531
    ],
    [
      23.85225486755371,
      8.690434455871582,
      10.667728424072266,
      6.594043254852295,
      16.9141788482666,
      11.703593254089355,
      16.637340545654297,
      9.684548377990723,
      26.227619171142578,
      20.70165252685547,
      34.8686408996582,
      29.71505355834961,
      46.14693069458008,
      32.925716400146484,
      48.711090087890625,
      42.29560089111328,
      55.305931091308594,
      56.830448150634766
    ],
    [
      51.75717544555664,
      25.10477066040039,
      23.602468490600586,
      20.894699096679688,
      28.25798988342285,
      27.406360626220703,
      36.77691650390625,
      25.884872436523438,
      46.77468490600586,
      45.80720520019531,
      55.1456413269043,
      64.68675994873047,
      68.37975311279297,
      83.69609069824219,
      54.43682861328125,
      100.10993957519531,
      56.830448150634766,
      135.02081298828125
    ]
  ],
  "covariance_short": [
    [
      63.41592025756836,
      16.52821922302246,
      10.96371841430664,
      5.965095043182373,
      5.988306999206543,
      5.12283182144165,
      6.970990180969238,
      6.753851413726807,
      12.472138404846191,
      11.551166534423828,
      13.582202911376953,
      15.600783348083496,
      20.945497512817383,
      19.42960548400879,
      19.14727210998535,
      26.972688674926758,
      20.79938507080078,
      36.998985290527344
    ],
    [
      16.52821922302246,
      43.045616149902344,
      7.91194486618042,
      13.629685401916504,
      9.170169830322266,
      10.932008743286133,
      12.346732139587402,
      12.161433219909668,
      12.46939468383789,
      13.964486122131348,
      13.301210403442383,
      16.6782283782959,
      9.862906455993652,
      16.803876876831055,
      6.366868495941162,
      16.96185302734375,
      7.139002799987793,
      21.919448852539062
    ],
    [
      10.96371841430664,
      7.91194486618042,
      22.311119079589844,
      11.121294975280762,
      11.774003028869629,
      9.571378707885742,
      11.75775146484375,
      10.261850357055664,
      17.320409774780273,
      14.81294059753418,
      18.022672653198242,
      17.977277755737305,
      15.30162239074707,
      19.687236785888672,
      13.66186809539795,
      20.688108444213867,
      13.129568099975586,
      28.00147247314453
    ],
    [
      5.965095043182373,
      13.629685401916504,
      11.121294975280762,
      20.898670196533203,
      12.192511558532715,
      14.253290176391602,
      13.682526588439941,
      13.952794075012207,
      15.38292407989502,
      17.304712295532227,
      15.44500732421875,
      19.70090103149414,
      12.14172077178955,
      20.34659767150879,
      8.689460754394531,
      20.76415252685547,
      8.140851020812988,
      24.181655883789062
    ],
    [
      5.988306999206543,
      9.170169830322266,
      11.774003028869629,
      12.192511558532715,
      32.10091018676758,
      16.62473487854004,
      23.041563034057617,
      14.922618865966797,
      22.56388282775879,
      19.86823272705078,
      26.37401008605957,
      22.917110443115234,
      20.764888763427734,
      22.19761848449707,
      17.703977584838867,
      23.065387725830078,
      18.856525421142578,
      30.077362060546875
    ],
    [
      5.12283182144165,
      10.932008743286133,
      9.571378707885742,
      14.253290176391602,
      16.62473487854004,
      23.378530502319336,
      15.86870288848877,
      16.743446350097656,
      17.652219772338867,
      21.506601333618164,
      17.89764976501465,
      23.98809242248535,
      14.717803955078125,
      22.980737686157227,
      11.884130477905273,
      24.077552795410156,
      11.884109497070312,
      27.889066696166992
    ],
    [
      6.970990180969238,
      12.346732139587402,
      11.75775146484375,
      13.682526588439941,
      23.041563034057617,
      15.86870288848877,
      45.23568344116211,
      20.853588104248047,
      25.6469669342041,
      25.30553436279297,
      31.092317581176758,
      31.228443145751953,
      27.196102142333984,
      33.22147750854492,
      19.66896629333496,
      33.36945343017578,
      21.08390235900879,
      41.26101303100586
    ],
    [
      6.753851413726807,
      12.161433219909668,
      10.261850357055664,
      13.952794075012207,
      14.922618865966797,
      16.743446350097656,
      20.853588104248047,
      23.80205535888672,
      19.07462501525879,
      23.126991271972656,
      19.04433822631836,
      25.572376251220703,
      15.634666442871094,
      24.9450626373291,
      12.542566299438477,
      25.98451042175293,
      12.77827262878418,
      30.473621368408203
    ],
    [
      12.472138404846191,
      12.46939468383789,
      17.320409774780273,
      15.38292407989502,
      22.56388282775879,
      17.652219772338867,
      25.6469669342041,
      19.07462501525879,
      51.239906311035156,
      31.739049911499023,
      46.199954986572266,
      39.341304779052734,
      39.820838928222656,
      42.12324142456055,
      34.04906463623047,
      43.67364501953125,
      32.85627746582031,
      53.634193420410156
    ],
    [
      11.551166534423828,
      13.964486122131348,
      14.81294059753418,
      17.304712295532227,
      19.86823272705078,
      21.506601333618164,
      25.30553436279297,
      23.126991271972656,
      31.739049911499023,
      37.856754302978516,
      31.205196380615234,
      40.46994400024414,
      29.769962310791016,
      41.59461975097656,
      24.508930206298828,
      44.77229690551758,
      24.214107513427734,
      50.54878616333008
    ],
    [
      13.582202911376953,
      13.301210403442383,
      18.022672653198242,
      15.44500732421875,
      26.37401008605957,
      17.89764976501465,
      31.092317581176758,
      19.04433822631836,
      46.199954986572266,
      31.205196380615234,
      65.29834747314453,
      46.165382385253906,
      55.837528228759766,
      53.77119445800781,
      47.38611602783203,
      53.81696319580078,
      45.803409576416016,
      65.47459411621094
    ],
    [
      15.600783348083496,
      16.6782283782959,
      17.977277755737305,
      19.70090103149414,
      22.917110443115234,
      23.98809242248535,
      31.228443145751953,
      25.572376251220703,
      39.341304779052734,
      40.46994400024414,
      46.165382385253906,
      60.76885223388672,
      45.961456298828125,
      63.302425384521484,
      36.56496810913086,
      66.5799560546875,
      35.30278778076172,
      72.52021789550781
    ],
    [
      20.945497512817383,
      9.862906455993652,
      15.30162239074707,
      12.14172077178955,
      20.764888763427734,
      14.717803955078125,
      27.196102142333984,
      15.634666442871094,
      39.820838928222656,
      29.769962310791016,
      55.837528228759766,
      45.961456298828125,
      80.5833740234375,
      61.89466857910156,
      67.27391052246094,
      71.98819732666016,
      62.593406677246094,
      83.11972045898438
    ],
    [
      19.42960548400879,
      16.803876876831055,
      19.687236785888672,
      20.34659767150879,
      22.19761848449707,
      22.980737686157227,
      33.22147750854492,
      24.9450626373291,
      42.12324142456055,
      41.59461975097656,
      53.77119445800781,
      63.302425384521484,
      61.89466857910156,
      92.822509765625,
      47.44124221801758,
      93.87557220458984,
      43.04358673095703,
      97.51175689697266
    ],
    [
      19.14727210998535,
      6.366868495941162,
      13.66186809539795,
      8.689460754394531,
      17.703977584838867,
      11.884130477905273,
      19.66896629333496,
      12.542566299438477,
      34.04906463623047,
      24.508930206298828,
      47.38611602783203,
      36.56496810913086,
      67.27391052246094,
      47.44124221801758,
      75.07746887207031,
      57.00065231323242,
      68.13245391845703,
      70.33921813964844
    ],
    [
      26.972688674926758,
      16.96185302734375,
      20.688108444213867,
      20.76415252685547,
      23.065387725830078,
      24.077552795410156,
      33.36945343017578,
      25.98451042175293,
      43.67364501953125,
      44.77229690551758,
      53.81696319580078,
      66.5799560546875,
      71.98819732666016,
      93.87557220458984,
      57.00065231323242,
      125.04821014404297,
      53.24492263793945,
      119.96489715576172
    ],
    [
      20.79938507080078,
      7.139002799987793,
      13.129568099975586,
      8.140851020812988,
      18.856525421142578,
      11.884109497070312,
      21.08390235900879,
      12.77827262878418,
      32.85627746582031,
      24.214107513427734,
      45.803409576416016,
      35.30278778076172,
      62.593406677246094,
      43.04358673095703,
      68.13245391845703,
      53.24492263793945,
      80.15837097167969,
      73.7036361694336
    ],
    [
      36.998985290527344,
      21.919448852539062,
      28.00147247314453,
      24.181655883789062,
      30.077362060546875,
      27.889066696166992,
      41.26101303100586,
      30.473621368408203,
      53.634193420410156,
      50.54878616333008,
      65.47459411621094,
      72.52021789550781,
      83.11972045898438,
      97.51175689697266,
      70.33921813964844,
      119.96489715576172,
      73.7036361694336,
      147.64541625976562
    ]
  ],
  "damage": -4.370727062225342,
  "diff_bandwidth": 673.9598388671875,
  "dissonance": 8.150680235893923,
  "drr": -2.043907403945923,
  "dynamics": 3.179446220397949,
  "format": 1245190,
  "frames": 14560192,
  "loudness": -9.140256881713867,
  "loudness_range": 8.918743133544922,
  "loudness_range_short": 9.910688400268555,
  "lowpass_true_peak_15khz": 0.7350096106529236,
  "mastering3_acoustic_entropies": [
    {
      "acoustic_entropy": 8.373623847961426,
      "acoustic_entropy_mono": 8.47490406036377,
      "band_eliminated_acoustic_entropies": [
        {
          "acoustic_entropy": 8.208707809448242,
          "acoustic_entropy_side": 8.3737211227417,
          "hz": 129.47220167065723
        },
        {
          "acoustic_entropy": 7.562137603759766,
          "acoustic_entropy_side": 8.375809669494629,
          "hz": 202.92927478742237
        },
        {
          "acoustic_entropy": 8.90056037902832,
          "acoustic_entropy_side": 8.398022651672363,
          "hz": 282.89161906338205
        },
        {
          "acoustic_entropy": 8.255489349365234,
          "acoustic_entropy_side": 8.42328929901123,
          "hz": 369.9353335868758
        },
        {
          "acoustic_entropy": 7.6564507484436035,
          "acoustic_entropy_side": 8.392877578735352,
          "hz": 464.6875360973435
        },
        {
          "acoustic_entropy": 7.7868428230285645,
          "acoustic_entropy_side": 8.427318572998047,
          "hz": 567.8308811364784
        },
        {
          "acoustic_entropy": 7.819537162780762,
          "acoustic_entropy_side": 8.445029258728027,
          "hz": 680.1084783214808
        },
        {
          "acoustic_entropy": 8.790821075439453,
          "acoustic_entropy_side": 8.388235092163086,
          "hz": 802.3292461747484
        },
        {
          "acoustic_entropy": 8.526397705078125,
          "acoustic_entropy_side": 8.380659103393555,
          "hz": 935.3737400823702
        },
        {
          "acoustic_entropy": 8.384445190429688,
          "acoustic_entropy_side": 8.353525161743164,
          "hz": 1080.2004963696966
        },
        {
          "acoustic_entropy": 7.592328071594238,
          "acoustic_entropy_side": 8.394539833068848,
          "hz": 1237.8529382007157
        },
        {
          "acoustic_entropy": 8.273248672485352,
          "acoustic_entropy_side": 8.412994384765625,
          "hz": 1409.4668930556702
        },
        {
          "acoustic_entropy": 7.822393894195557,
          "acoustic_entropy_side": 8.419306755065918,
          "hz": 1596.2787759475705
        },
        {
          "acoustic_entropy": 7.3283915519714355,
          "acoustic_entropy_side": 8.386362075805664,
          "hz": 1799.6344973346393
        },
        {
          "acoustic_entropy": 8.13792610168457,
          "acoustic_entropy_side": 8.391199111938477,
          "hz": 2020.9991599069049
        },
        {
          "acoustic_entropy": 8.126202583312988,
          "acoustic_entropy_side": 8.409246444702148,
          "hz": 2261.9676141086993
        },
        {
          "acoustic_entropy": 7.639288902282715,
          "acoustic_entropy_side": 8.33454418182373,
          "hz": 2524.2759484456974
        },
        {
          "acoustic_entropy": 7.882859706878662,
          "acoustic_entropy_side": 8.400402069091797,
          "hz": 2809.813997359896
        },
        {
          "acoustic_entropy": 8.233776092529297,
          "acoustic_entropy_side": 8.388041496276855,
          "hz": 3120.6389567871424
        },
        {
          "acoustic_entropy": 8.46530532836914,
          "acoustic_entropy_side": 8.359930038452148,
          "hz": 3458.990205492291
        },
        {
          "acoustic_entropy": 8.317347526550293,
          "acoustic_entropy_side": 8.322352409362793,
          "hz": 3827.305438964164
        },
        {
          "acoustic_entropy": 8.424309730529785,
          "acoustic_entropy_side": 8.35407543182373,
          "hz": 4228.238232109126
        },
        {
          "acoustic_entropy": 8.33895206451416,
          "acoustic_entropy_side": 8.332152366638184,
          "hz": 4664.6771572759235
        },
        {
          "acoustic_entropy": 8.322232246398926,
          "acoustic_entropy_side": 8.346983909606934,
          "hz": 5139.766595350093
        },
        {
          "acoustic_entropy": 8.287269592285156,
          "acoustic_entropy_side": 8.335145950317383,
          "hz": 5656.929389854203
        },
        {
          "acoustic_entropy": 8.267670631408691,
          "acoustic_entropy_side": 8.323463439941406,
          "hz": 6219.891507268283
        },
        {
          "acoustic_entropy": 8.109496116638184,
          "acoustic_entropy_side": 8.330866813659668,
          "hz": 6832.70888123896
        },
        {
          "acoustic_entropy": 8.06636905670166,
          "acoustic_entropy_side": 8.329726219177246,
          "hz": 7499.796634079867
        },
        {
          "acoustic_entropy": 8.110772132873535,
          "acoustic_entropy_side": 8.340176582336426,
          "hz": 8225.96088609342
        },
        {
          "acoustic_entropy": 8.0581636428833,
          "acoustic_entropy_side": 8.338350296020508,
          "hz": 9016.43338188839
        },
        {
          "acoustic_entropy": 8.089587211608887,
          "acoustic_entropy_side": 8.337723731994629,
          "hz": 9876.909183162974
        },
        {
          "acoustic_entropy": 8.051573753356934,
          "acoustic_entropy_side": 8.363363265991211,
          "hz": 10813.587699516042
        },
        {
          "acoustic_entropy": 8.103316307067871,
          "acoustic_entropy_side": 8.367358207702637,
          "hz": 11833.21735289826
        },
        {
          "acoustic_entropy": 8.20706844329834,
          "acoustic_entropy_side": 8.369222640991211,
          "hz": 12943.144197493959
        },
        {
          "acoustic_entropy": 8.25851058959961,
          "acoustic_entropy_side": 8.370322227478027,
          "hz": 14151.364845322005
        },
        {
          "acoustic_entropy": 8.300663948059082,
          "acoustic_entropy_side": 8.372000694274902,
          "hz": 15466.58407886509
        },
        {
          "acoustic_entropy": 8.337658882141113,
          "acoustic_entropy_side": 8.373414993286133,
          "hz": 16898.27756580493
        },
        {
          "acoustic_entropy": 8.355621337890625,
          "acoustic_entropy_side": 8.373724937438965,
          "hz": 18456.760127700032
        },
        {
          "acoustic_entropy": 8.367673873901367,
          "acoustic_entropy_side": 8.373640060424805,
          "hz": 20153.260054456492
        },
        {
          "acoustic_entropy": 8.372838973999023,
          "acoustic_entropy_side": 8.373624801635742,
          "hz": 22000.00000000001
        }
      ],
      "diff_acoustic_entropy": 5.852494716644287,
      "sn": 6
    },
    {
      "acoustic_entropy": 12.116720199584961,
      "acoustic_entropy_mono": 12.009047508239746,
      "band_eliminated_acoustic_entropies": [
        {
          "acoustic_entropy": 11.890069961547852,
          "acoustic_entropy_side": 12.11263370513916,
          "hz": 129.47220167065723
        },
        {
          "acoustic_entropy": 11.744118690490723,
          "acoustic_entropy_side": 12.07099723815918,
          "hz": 202.92927478742237
        },
        {
          "acoustic_entropy": 12.482209205627441,
          "acoustic_entropy_side": 12.040063858032227,
          "hz": 282.89161906338205
        },
        {
          "acoustic_entropy": 12.010689735412598,
          "acoustic_entropy_side": 12.004687309265137,
          "hz": 369.9353335868758
        },
        {
          "acoustic_entropy": 11.964191436767578,
          "acoustic_entropy_side": 11.83790111541748,
          "hz": 464.6875360973435
        },
        {
          "acoustic_entropy": 12.372660636901855,
          "acoustic_entropy_side": 12.087928771972656,
          "hz": 567.8308811364784
        },
        {
          "acoustic_entropy": 11.711190223693848,
          "acoustic_entropy_side": 12.156444549560547,
          "hz": 680.1084783214808
        },
        {
          "acoustic_entropy": 11.735955238342285,
          "acoustic_entropy_side": 11.774825096130371,
          "hz": 802.3292461747484
        },
        {
          "acoustic_entropy": 12.655330657958984,
          "acoustic_entropy_side": 11.943137168884277,
          "hz": 935.3737400823702
        },
        {
          "acoustic_entropy": 12.018304824829102,
          "acoustic_entropy_side": 12.0656099319458,
          "hz": 1080.2004963696966
        },
        {
          "acoustic_entropy": 11.538518905639648,
          "acoustic_entropy_side": 12.007366180419922,
          "hz": 1237.8529382007157
        },
        {
          "acoustic_entropy": 12.310708045959473,
          "acoustic_entropy_side": 11.978920936584473,
          "hz": 1409.4668930556702
        },
        {
          "acoustic_entropy": 12.419631958007812,
          "acoustic_entropy_side": 12.183466911315918,
          "hz": 1596.2787759475705
        },
        {
          "acoustic_entropy": 12.096620559692383,
          "acoustic_entropy_side": 12.096719741821289,
          "hz": 1799.6344973346393
        },
        {
          "acoustic_entropy": 12.031721115112305,
          "acoustic_entropy_side": 12.137409210205078,
          "hz": 2020.9991599069049
        },
        {
          "acoustic_entropy": 12.142805099487305,
          "acoustic_entropy_side": 12.20263957977295,
          "hz": 2261.9676141086993
        },
        {
          "acoustic_entropy": 11.731104850769043,
          "acoustic_entropy_side": 12.21694564819336,
          "hz": 2524.2759484456974
        },
        {
          "acoustic_entropy": 11.747965812683105,
          "acoustic_entropy_side": 12.27643871307373,
          "hz": 2809.813997359896
        },
        {
          "acoustic_entropy": 12.269820213317871,
          "acoustic_entropy_side": 12.280683517456055,
          "hz": 3120.6389567871424
        },
        {
          "acoustic_entropy": 12.173501014709473,
          "acoustic_entropy_side": 12.271958351135254,
          "hz": 3458.990205492291
        },
        {
          "acoustic_entropy": 12.547599792480469,
          "acoustic_entropy_side": 12.223057746887207,
          "hz": 3827.305438964164
        },
        {
          "acoustic_entropy": 12.134824752807617,
          "acoustic_entropy_side": 12.21386432647705,
          "hz": 4228.238232109126
        },
        {
          "acoustic_entropy": 12.225786209106445,
          "acoustic_entropy_side": 12.160187721252441,
          "hz": 4664.6771572759235
        },
        {
          "acoustic_entropy": 12.254691123962402,
          "acoustic_entropy_side": 12.15733814239502,
          "hz": 5139.766595350093
        },
        {
          "acoustic_entropy": 12.17162799835205,
          "acoustic_entropy_side": 12.18675422668457,
          "hz": 5656.929389854203
        },
        {
          "acoustic_entropy": 12.051605224609375,
          "acoustic_entropy_side": 12.126887321472168,
          "hz": 6219.891507268283
        },
        {
          "acoustic_entropy": 12.158645629882812,
          "acoustic_entropy_side": 12.156325340270996,
          "hz": 6832.70888123896
        },
        {
          "acoustic_entropy": 12.096202850341797,
          "acoustic_entropy_side": 12.11196517944336,
          "hz": 7499.796634079867
        },
        {
          "acoustic_entropy": 12.164173126220703,
          "acoustic_entropy_side": 12.12743091583252,
          "hz": 8225.96088609342
        },
        {
          "acoustic_entropy": 12.226272583007812,
          "acoustic_entropy_side": 12.130233764648438,
          "hz": 9016.43338188839
        },
        {
          "acoustic_entropy": 12.153841972351074,
          "acoustic_entropy_side": 12.130794525146484,
          "hz": 9876.909183162974
        },
        {
          "acoustic_entropy": 12.053791999816895,
          "acoustic_entropy_side": 12.115560531616211,
          "hz": 10813.587699516042
        },
        {
          "acoustic_entropy": 12.055286407470703,
          "acoustic_entropy_side": 12.108585357666016,
          "hz": 11833.21735289826
        },
        {
          "acoustic_entropy": 12.163534164428711,
          "acoustic_entropy_side": 12.103995323181152,
          "hz": 12943.144197493959
        },
        {
          "acoustic_entropy": 12.190686225891113,
          "acoustic_entropy_side": 12.101065635681152,
          "hz": 14151.364845322005
        },
        {
          "acoustic_entropy": 12.180096626281738,
          "acoustic_entropy_side": 12.104011535644531,
          "hz": 15466.58407886509
        },
        {
          "acoustic_entropy": 12.207883834838867,
          "acoustic_entropy_side": 12.111159324645996,
          "hz": 16898.27756580493
        },
        {
          "acoustic_entropy": 12.24083423614502,
          "acoustic_entropy_side": 12.12391471862793,
          "hz": 18456.760127700032
        },
        {
          "acoustic_entropy": 12.225170135498047,
          "acoustic_entropy_side": 12.122964859008789,
          "hz": 20153.260054456492
        },
        {
          "acoustic_entropy": 12.14853286743164,
          "acoustic_entropy_side": 12.117377281188965,
          "hz": 22000.00000000001
        }
      ],
      "diff_acoustic_entropy": 8.261698722839355,
      "sn": 12
    },
    {
      "acoustic_entropy": 18.308002471923828,
      "acoustic_entropy_mono": 17.092586517333984,
      "band_eliminated_acoustic_entropies": [
        {
          "acoustic_entropy": 18.233415603637695,
          "acoustic_entropy_side": 18.347749710083008,
          "hz": 129.47220167065723
        },
        {
          "acoustic_entropy": 19.466543197631836,
          "acoustic_entropy_side": 18.649137496948242,
          "hz": 202.92927478742237
        },
        {
          "acoustic_entropy": 19.768775939941406,
          "acoustic_entropy_side": 19.452219009399414,
          "hz": 282.89161906338205
        },
        {
          "acoustic_entropy": 18.554615020751953,
          "acoustic_entropy_side": 18.814842224121094,
          "hz": 369.9353335868758
        },
        {
          "acoustic_entropy": 19.958898544311523,
          "acoustic_entropy_side": 18.597209930419922,
          "hz": 464.6875360973435
        },
        {
          "acoustic_entropy": 18.742753982543945,
          "acoustic_entropy_side": 18.787118911743164,
          "hz": 567.8308811364784
        },
        {
          "acoustic_entropy": 18.760700225830078,
          "acoustic_entropy_side": 19.10066795349121,
          "hz": 680.1084783214808
        },
        {
          "acoustic_entropy": 18.226390838623047,
          "acoustic_entropy_side": 18.402854919433594,
          "hz": 802.3292461747484
        },
        {
          "acoustic_entropy": 18.400814056396484,
          "acoustic_entropy_side": 18.35968780517578,
          "hz": 935.3737400823702
        },
        {
          "acoustic_entropy": 19.042158126831055,
          "acoustic_entropy_side": 18.41699981689453,
          "hz": 1080.2004963696966
        },
        {
          "acoustic_entropy": 18.681203842163086,
          "acoustic_entropy_side": 18.23112678527832,
          "hz": 1237.8529382007157
        },
        {
          "acoustic_entropy": 18.786327362060547,
          "acoustic_entropy_side": 18.93960189819336,
          "hz": 1409.4668930556702
        },
        {
          "acoustic_entropy": 18.2750186920166,
          "acoustic_entropy_side": 18.36906623840332,
          "hz": 1596.2787759475705
        },
        {
          "acoustic_entropy": 18.2376708984375,
          "acoustic_entropy_side": 18.232765197753906,
          "hz": 1799.6344973346393
        },
        {
          "acoustic_entropy": 19.148818969726562,
          "acoustic_entropy_side": 18.3016357421875,
          "hz": 2020.9991599069049
        },
        {
          "acoustic_entropy": 18.530004501342773,
          "acoustic_entropy_side": 18.317655563354492,
          "hz": 2261.9676141086993
        },
        {
          "acoustic_entropy": 18.929264068603516,
          "acoustic_entropy_side": 18.3400936126709,
          "hz": 2524.2759484456974
        },
        {
          "acoustic_entropy": 18.562543869018555,
          "acoustic_entropy_side": 18.118074417114258,
          "hz": 2809.813997359896
        },
        {
          "acoustic_entropy": 18.45186424255371,
          "acoustic_entropy_side": 18.21449089050293,
