{
  "acoustic_entropy": 197.10397338867188,
  "bands": [
    {
      "high_freq": 148.1999969482422,
      "loudness": -39.70430374145508,
      "loudness_range": 30.586353302001953,
      "mid_mean": -37.27265167236328,
      "mid_to_side_loudness": -9.909043312072754,
      "mid_to_side_loudness_range": 12.632848739624023,
      "side_mean": -45.46631622314453
    },
    {
      "high_freq": 392.3793640136719,
      "loudness": -31.314300537109375,
      "loudness_range": 23.227603912353516,
      "low_freq": 148.1999969482422,
      "mid_mean": -29.453601837158203,
      "mid_to_side_loudness": -3.610044240951538,
      "mid_to_side_loudness_range": 9.290350914001465,
      "side_mean": -33.119903564453125
    },
    {
      "high_freq": 794.6976318359375,
      "loudness": -32.372169494628906,
      "loudness_range": 18.573999404907227,
      "low_freq": 392.3793640136719,
      "mid_mean": -30.87944984436035,
      "mid_to_side_loudness": -2.342116117477417,
      "mid_to_side_loudness_range": 8.006746292114258,
      "side_mean": -32.977867126464844
    },
    {
      "high_freq": 1457.5709228515625,
      "loudness": -35.70439910888672,
      "loudness_range": 21.710073471069336,
      "low_freq": 794.6976318359375,
      "mid_mean": -34.08489990234375,
      "mid_to_side_loudness": -2.215338945388794,
      "mid_to_side_loudness_range": 5.847095489501953,
      "side_mean": -36.41935348510742
    },
    {
      "high_freq": 2549.74365234375,
      "loudness": -38.13203048706055,
      "loudness_range": 27.599279403686523,
      "low_freq": 1457.5709228515625,
      "mid_mean": -36.64385223388672,
      "mid_to_side_loudness": -2.2402284145355225,
      "mid_to_side_loudness_range": 5.278781414031982,
      "side_mean": -38.878318786621094
    },
    {
      "high_freq": 4349.24462890625,
      "loudness": -43.08678436279297,
      "loudness_range": 33.66792297363281,
      "low_freq": 2549.74365234375,
      "mid_mean": -42.142581939697266,
      "mid_to_side_loudness": -2.382113456726074,
      "mid_to_side_loudness_range": 4.707173824310303,
      "side_mean": -44.49518585205078
    },
    {
      "high_freq": 7314.1640625,
      "loudness": -48.31774139404297,
      "loudness_range": 33.6439323425293,
      "low_freq": 4349.24462890625,
      "mid_mean": -50.53350067138672,
      "mid_to_side_loudness": -2.1747405529022217,
      "mid_to_side_loudness_range": 3.3035974502563477,
      "side_mean": -52.373687744140625
    },
    {
      "high_freq": 12199.2666015625,
      "loudness": -47.22983932495117,
      "loudness_range": 29.46978187561035,
      "low_freq": 7314.1640625,
      "mid_mean": -50.515785217285156,
      "mid_to_side_loudness": -2.119843006134033,
      "mid_to_side_loudness_range": 2.2542724609375,
      "side_mean": -52.223114013671875
    },
    {
      "loudness": -50.87328338623047,
      "loudness_range": 29.659656524658203,
      "low_freq": 12199.2666015625,
      "mid_mean": -54.08991622924805,
      "mid_to_side_loudness": -2.9159131050109863,
      "mid_to_side_loudness_range": 2.716240406036377,
      "side_mean": -56.30569839477539
    }
  ],
  "bands_short": [
    {
      "high_freq": 148.1999969482422,
      "loudness": -42.90748596191406,
      "loudness_range": 32.474815368652344,
      "mid_mean": -41.60564041137695,
      "mid_to_side_loudness": -10.351861953735352,
      "mid_to_side_loudness_range": 17.726272583007812,
      "side_mean": -52.29003143310547
    },
    {
      "high_freq": 392.3793640136719,
      "loudness": -31.738170623779297,
      "loudness_range": 24.406347274780273,
      "low_freq": 148.1999969482422,
      "mid_mean": -29.851764678955078,
      "mid_to_side_loudness": -3.9724762439727783,
      "mid_to_side_loudness_range": 11.603179931640625,
      "side_mean": -33.906166076660156
    },
    {
      "high_freq": 794.6976318359375,
      "loudness": -32.292877197265625,
      "loudness_range": 18.798505783081055,
      "low_freq": 392.3793640136719,
      "mid_mean": -31.014328002929688,
      "mid_to_side_loudness": -2.175673007965088,
      "mid_to_side_loudness_range": 11.047483444213867,
      "side_mean": -33.054561614990234
    },
    {
      "high_freq": 1457.5709228515625,
      "loudness": -35.82113265991211,
      "loudness_range": 22.26933479309082,
      "low_freq": 794.6976318359375,
      "mid_mean": -34.41748046875,
      "mid_to_side_loudness": -2.1410889625549316,
      "mid_to_side_loudness_range": 9.245035171508789,
      "side_mean": -36.65365982055664
    },
    {
      "high_freq": 2549.74365234375,
      "loudness": -38.577667236328125,
      "loudness_range": 28.081453323364258,
      "low_freq": 1457.5709228515625,
      "mid_mean": -37.24189758300781,
      "mid_to_side_loudness": -2.1980841159820557,
      "mid_to_side_loudness_range": 8.24783992767334,
      "side_mean": -39.44166946411133
    },
    {
      "high_freq": 4349.24462890625,
      "loudness": -43.393550872802734,
      "loudness_range": 34.123870849609375,
      "low_freq": 2549.74365234375,
      "mid_mean": -42.551700592041016,
      "mid_to_side_loudness": -2.3568897247314453,
      "mid_to_side_loudness_range": 6.821112632751465,
      "side_mean": -44.92831039428711
    },
    {
      "high_freq": 7314.1640625,
      "loudness": -49.29495620727539,
      "loudness_range": 34.642333984375,
      "low_freq": 4349.24462890625,
      "mid_mean": -51.30917739868164,
      "mid_to_side_loudness": -2.1146769523620605,
      "mid_to_side_loudness_range": 4.629018306732178,
      "side_mean": -53.064693450927734
    },
    {
      "high_freq": 12199.2666015625,
      "loudness": -49.390106201171875,
      "loudness_range": 32.219200134277344,
      "low_freq": 7314.1640625,
      "mid_mean": -52.09847640991211,
      "mid_to_side_loudness": -2.1612977981567383,
      "mid_to_side_loudness_range": 3.256382942199707,
      "side_mean": -53.80475997924805
    },
    {
      "loudness": -54.18765640258789,
      "loudness_range": 32.553367614746094,
      "low_freq": 12199.2666015625,
      "mid_mean": -56.3637809753418,
      "mid_to_side_loudness": -2.6822636127471924,
      "mid_to_side_loudness_range": 3.7782392501831055,
      "side_mean": -58.306678771972656
    }
  ],
  "bandwidth": 641.0394897460938,
  "channels": 2,
  "covariance": [
    [
      115.97029113769531,
      96.82535552978516,
      64.83368682861328,
      56.67194366455078,
      43.45475387573242,
      40.67253494262695,
      44.72142791748047,
      46.425594329833984,
      56.44540786743164,
      52.52891159057617,
      67.4239501953125,
      69.35440063476562,
      79.83000183105469,
      76.72547912597656,
      74.91658020019531,
      73.6053466796875,
      72.39761352539062,
      65.37062072753906
    ],
    [
      96.82535552978516,
      111.52717590332031,
      57.84712219238281,
      51.94816207885742,
      39.092193603515625,
      36.35794448852539,
      38.863773345947266,
      40.185672760009766,
      46.250736236572266,
      43.20582962036133,
      56.36942672729492,
      57.206993103027344,
      67.13307189941406,
      64.5144271850586,
      63.26887893676758,
      61.99303436279297,
      60.37944030761719,
      54.43682861328125
    ],
    [
      64.83368682861328,
      57.84712219238281,
      66.33910369873047,
      57.329036712646484,
      43.62156295776367,
      38.98655700683594,
      42.37128829956055,
      43.84845733642578,
      51.90742492675781,
      48.96992874145508,
      62.42715072631836,
      64.15230560302734,
      75.10617065429688,
      72.05904388427734,
      66.92352294921875,
      66.18058013916016,
      66.4171142578125,
      59.84535217285156
    ],
    [
      56.67194366455078,
      51.94816207885742,
      57.329036712646484,
      59.847084045410156,
      37.788848876953125,
      33.41592788696289,
      35.36347579956055,
      36.62599563598633,
      41.14957046508789,
      39.332252502441406,
      49.92122268676758,
      50.80904769897461,
      60.60172653198242,
      58.30669403076172,
      53.73448181152344,
      53.148353576660156,
      53.747337341308594,
      48.31596755981445
    ],
    [
      43.45475387573242,
      39.092193603515625,
      43.62156295776367,
      37.788848876953125,
      43.77531051635742,
      39.12741470336914,
      42.171669006347656,
      42.129432678222656,
      48.0782356262207,
      45.9289665222168,
      57.258506774902344,
      58.35005569458008,
      65.624755859375,
      62.99449157714844,
      57.44439697265625,
      56.3412971496582,
      55.73415756225586,
      49.73414993286133
    ],
    [
      40.67253494262695,
      36.35794448852539,
      38.98655700683594,
      33.41592788696289,
      39.12741470336914,
      43.584041595458984,
      40.114681243896484,
      40.308189392089844,
      46.3345832824707,
      43.86720275878906,
      54.428932189941406,
      55.18653869628906,
      61.86888122558594,
      59.394309997558594,
      54.51137924194336,
      53.421451568603516,
      52.58828353881836,
      46.95405197143555
    ],
    [
      44.72142791748047,
      38.863773345947266,
      42.37128829956055,
      35.36347579956055,
      42.171669006347656,
      40.114681243896484,
      60.7852668762207,
      56.82596969604492,
      65.40314483642578,
      63.10649871826172,
      77.05587768554688,
      78.58722686767578,
      84.22893524169922,
      81.08338165283203,
      73.94097137451172,
      72.28411102294922,
      69.68502044677734,
      62.59330749511719
    ],
    [
      46.425594329833984,
      40.185672760009766,
      43.84845733642578,
      36.62599563598633,
      42.129432678222656,
      40.308189392089844,
      56.82596969604492,
      59.75725173950195,
      64.82752990722656,
      62.267242431640625,
      76.9104232788086,
      78.45243072509766,
      84.34953308105469,
      81.31831359863281,
      74.21959686279297,
      72.63060760498047,
      70.35138702392578,
      63.300132751464844
    ],
    [
      56.44540786743164,
      46.250736236572266,
      51.90742492675781,
      41.14957046508789,
      48.0782356262207,
      46.3345832824707,
      65.40314483642578,
      64.82752990722656,
      99.10873413085938,
      92.31575012207031,
      108.20388793945312,
      110.24687957763672,
      116.19625854492188,
      111.96585845947266,
      104.3769760131836,
      101.59327697753906,
      97.23786926269531,
      87.85680389404297
    ],
    [
      52.52891159057617,
      43.20582962036133,
      48.96992874145508,
      39.332252502441406,
      45.9289665222168,
      43.86720275878906,
      63.10649871826172,
      62.267242431640625,
      92.31575012207031,
      92.40126037597656,
      104.22569274902344,
      105.76570129394531,
      111.91078186035156,
      107.7751235961914,
      100.45571899414062,
      97.67523193359375,
      93.47045135498047,
      84.47138977050781
    ],
    [
      67.4239501953125,
      56.36942672729492,
      62.42715072631836,
      49.92122268676758,
      57.258506774902344,
      54.428932189941406,
      77.05587768554688,
      76.9104232788086,
      108.20388793945312,
      104.22569274902344,
      139.6011505126953,
      139.00192260742188,
      142.23312377929688,
      137.57412719726562,
      128.27548217773438,
      124.94583129882812,
      119.2542724609375,
      108.44145965576172
    ],
    [
      69.35440063476562,
      57.206993103027344,
      64.15230560302734,
      50.80904769897461,
      58.35005569458008,
      55.18653869628906,
      78.58722686767578,
      78.45243072509766,
      110.24687957763672,
      105.76570129394531,
      139.00192260742188,
      145.67930603027344,
      145.3750762939453,
      140.621337890625,
      131.10704040527344,
      127.68025207519531,
      122.12779998779297,
      110.96574401855469
    ],
    [
      79.83000183105469,
      67.13307189941406,
      75.10617065429688,
      60.60172653198242,
      65.624755859375,
      61.86888122558594,
      84.22893524169922,
      84.34953308105469,
      116.19625854492188,
      111.91078186035156,
      142.23312377929688,
      145.3750762939453,
      174.77761840820312,
      166.58255004882812,
      164.1547393798828,
      158.83396911621094,
      150.50210571289062,
      136.5229034423828
    ],
    [
      76.72547912597656,
      64.5144271850586,
      72.05904388427734,
      58.30669403076172,
      62.99449157714844,
      59.394309997558594,
      81.08338165283203,
      81.31831359863281,
      111.96585845947266,
      107.7751235961914,
      137.57412719726562,
      140.621337890625,
      166.58255004882812,
      160.1693572998047,
      156.07652282714844,
      151.1655731201172,
      143.3966064453125,
      130.26248168945312
    ],
    [
      74.91658020019531,
      63.26887893676758,
      66.92352294921875,
      53.73448181152344,
      57.44439697265625,
      54.51137924194336,
      73.94097137451172,
      74.21959686279297,
      104.3769760131836,
      100.45571899414062,
      128.27548217773438,
      131.10704040527344,
      164.1547393798828,
      156.07652282714844,
      169.44517517089844,
      163.66622924804688,
      157.1267547607422,
      143.3267822265625
    ],
    [
      73.6053466796875,
      61.99303436279297,
      66.18058013916016,
      53.148353576660156,
      56.3412971496582,
      53.421451568603516,
      72.28411102294922,
      72.63060760498047,
      101.59327697753906,
      97.67523193359375,
      124.94583129882812,
      127.68025207519531,
      158.83396911621094,
      151.1655731201172,
      163.66622924804688,
      158.97740173339844,
      153.4025421142578,
      140.0789794921875
    ],
    [
      72.39761352539062,
      60.37944030761719,
      66.4171142578125,
      53.747337341308594,
      55.73415756225586,
      52.58828353881836,
      69.68502044677734,
      70.35138702392578,
      97.23786926269531,
      93.47045135498047,
      119.2542724609375,
      122.12779998779297,
      150.50210571289062,
      143.3966064453125,
      157.1267547607422,
      153.4025421142578,
      155.357421875,
      142.25962829589844
    ],
    [
      65.37062072753906,
      54.43682861328125,
      59.84535217285156,
      48.31596755981445,
      49.73414993286133,
      46.95405197143555,
      62.59330749511719,
      63.300132751464844,
      87.85680389404297,
      84.47138977050781,
      108.44145965576172,
      110.96574401855469,
      136.5229034423828,
      130.26248168945312,
      143.3267822265625,
      140.0789794921875,
      142.25962829589844,
      131.13916015625
    ]
  ],
  "covariance_short": [
    [
      137.19107055664062,
      120.47281646728516,
      72.97998046875,
      63.104087829589844,
      48.348411560058594,
      43.2884635925293,
      47.79270935058594,
      48.8918342590332,
      56.91584014892578,
      54.09490966796875,
      70.22499084472656,
      71.00895690917969,
      80.92278289794922,
      77.95985412597656,
      72.40928649902344,
      71.58283233642578,
      67.41210174560547,
      60.78913116455078
    ],
    [
      120.47281646728516,
      150.36058044433594,
      81.16614532470703,
      71.57528686523438,
      54.2735595703125,
      48.086647033691406,
      52.1566276550293,
      53.82299041748047,
      59.03166961669922,
      55.2623291015625,
      72.11571502685547,
      73.0805435180664,
      85.74207305908203,
      82.60136413574219,
      75.14591217041016,
      74.61239624023438,
      72.58592987060547,
      65.14619445800781
    ],
    [
      72.97998046875,
      81.16614532470703,
      73.63359832763672,
      59.71367645263672,
      45.245365142822266,
      40.00081253051758,
      43.93070602416992,
      45.17136764526367,
      52.256988525390625,
      49.770477294921875,
      64.11304473876953,
      65.10932922363281,
      75.78255462646484,
      72.94834899902344,
      67.6218490600586,
      66.85020446777344,
      64.16619110107422,
      58.00300598144531
    ],
    [
      63.104087829589844,
      71.57528686523438,
      59.71367645263672,
      65.15238189697266,
      39.447628021240234,
      37.02920913696289,
      37.158145904541016,
      38.404693603515625,
      41.99210739135742,
      40.064544677734375,
      51.48018264770508,
      51.88186264038086,
      61.22416305541992,
      59.08081817626953,
      54.023902893066406,
      53.40542221069336,
      51.071937561035156,
      46.10731887817383
    ],
    [
      48.348411560058594,
      54.2735595703125,
      45.245365142822266,
      39.447628021240234,
      46.21796798706055,
      38.470306396484375,
      41.54582977294922,
      41.6427116394043,
      47.39468002319336,
      45.21538543701172,
      56.928070068359375,
      57.8424072265625,
      63.4773063659668,
      61.074398040771484,
      54.944969177246094,
      53.93944549560547,
      50.87950897216797,
      45.58431625366211
    ],
    [
      43.2884635925293,
      48.086647033691406,
      40.00081253051758,
      37.02920913696289,
      38.470306396484375,
      45.9288330078125,
      38.373695373535156,
      38.73396682739258,
      43.63288497924805,
      41.66366958618164,
      52.30207443237305,
      52.881160736083984,
      58.95864486694336,
      56.77009582519531,
      51.495697021484375,
      50.341670989990234,
      47.03457260131836,
      42.236976623535156
    ],
    [
      47.79270935058594,
      52.1566276550293,
      43.93070602416992,
      37.158145904541016,
      41.54582977294922,
      38.373695373535156,
      65.11471557617188,
      57.70772933959961,
      66.20751953125,
      63.96601104736328,
      77.96078491210938,
      79.44219207763672,
      84.25209045410156,
      81.14775085449219,
      73.0099868774414,
      71.13842010498047,
      65.42064666748047,
      58.99668884277344
    ],
    [
      48.8918342590332,
      53.82299041748047,
      45.17136764526367,
      38.404693603515625,
      41.6427116394043,
      38.73396682739258,
      57.70772933959961,
      63.52294921875,
      65.11582946777344,
      63.02418518066406,
      77.5357894897461,
      78.96394348144531,
      83.81485748291016,
      80.85807800292969,
      72.56745910644531,
      70.80619812011719,
      65.54822540283203,
      59.168907165527344
    ],
    [
      56.91584014892578,
      59.03166961669922,
      52.256988525390625,
      41.99210739135742,
      47.39468002319336,
      43.63288497924805,
      66.20751953125,
      65.11582946777344,
      102.07180786132812,
      92.45283508300781,
      109.47147369384766,
      111.21160125732422,
      115.92645263671875,
      111.80623626708984,
      102.09496307373047,
      99.15074920654297,
      90.03521728515625,
      81.6405258178711
    ],
    [
      54.09490966796875,
      55.2623291015625,
      49.770477294921875,
      40.064544677734375,
      45.21538543701172,
      41.66366958618164,
      63.96601104736328,
      63.02418518066406,
      92.45283508300781,
      95.81527709960938,
      105.60151672363281,
      107.4659423828125,
      112.150146484375,
      108.18415069580078,
      98.90190124511719,
      95.96807861328125,
      87.26981353759766,
      79.08602905273438
    ],
    [
      70.22499084472656,
      72.11571502685547,
      64.11304473876953,
      51.48018264770508,
      56.928070068359375,
      52.30207443237305,
      77.96078491210938,
      77.5357894897461,
      109.47147369384766,
      105.60151672363281,
      144.35775756835938,
      141.50613403320312,
      143.76620483398438,
      139.10569763183594,
      127.32601928710938,
      123.94953155517578,
      112.20223236083984,
      102.35588836669922
    ],
    [
      71.00895690917969,
      73.0805435180664,
      65.10932922363281,
      51.88186264038086,
      57.8424072265625,
      52.881160736083984,
      79.44219207763672,
      78.96394348144531,
      111.21160125732422,
      107.4659423828125,
      141.50613403320312,
      149.6648712158203,
      146.31417846679688,
      141.6448974609375,
      129.5368194580078,
      125.9295654296875,
      114.09892272949219,
      103.99950408935547
    ],
    [
      80.92278289794922,
      85.74207305908203,
      75.78255462646484,
      61.22416305541992,
      63.4773063659668,
      58.95864486694336,
      84.25209045410156,
      83.81485748291016,
      115.92645263671875,
      112.150146484375,
      143.76620483398438,
      146.31417846679688,
      174.3572235107422,
      165.99415588378906,
      160.68431091308594,
      155.18197631835938,
      139.9492645263672,
      127.30413818359375
    ],
    [
      77.95985412597656,
      82.60136413574219,
      72.94834899902344,
      59.08081817626953,
      61.074398040771484,
      56.77009582519531,
      81.14775085449219,
      80.85807800292969,
      111.80623626708984,
      108.18415069580078,
      139.10569763183594,
      141.6448974609375,
      165.99415588378906,
      160.36314392089844,
      153.0819549560547,
      147.9606475830078,
      133.5426483154297,
      121.65524291992188
    ],
    [
      72.40928649902344,
      75.14591217041016,
      67.6218490600586,
      54.023902893066406,
      54.944969177246094,
      51.495697021484375,
      73.0099868774414,
      72.56745910644531,
      102.09496307373047,
      98.90190124511719,
      127.32601928710938,
      129.5368194580078,
      160.68431091308594,
      153.0819549560547,
      166.5699920654297,
      160.19195556640625,
      147.73492431640625,
      134.8435821533203
    ],
    [
      71.58283233642578,
      74.61239624023438,
      66.85020446777344,
      53.40542221069336,
      53.93944549560547,
      50.341670989990234,
      71.13842010498047,
      70.80619812011719,
      99.15074920654297,
      95.96807861328125,
      123.94953155517578,
      125.9295654296875,
      155.18197631835938,
      147.9606475830078,
      160.19195556640625,
      155.6738739013672,
      143.9969940185547,
      131.58804321289062
    ],
    [
      67.41210174560547,
      72.58592987060547,
      64.16619110107422,
      51.071937561035156,
      50.87950897216797,
      47.03457260131836,
      65.42064666748047,
      65.54822540283203,
      90.03521728515625,
      87.26981353759766,
      112.20223236083984,
      114.09892272949219,
      139.9492645263672,
      133.5426483154297,
      147.73492431640625,
      143.9969940185547,
      143.2300567626953,
      130.69747924804688
    ],
    [
      60.78913116455078,
      65.14619445800781,
      58.00300598144531,
      46.10731887817383,
      45.58431625366211,
      42.236976623535156,
      58.99668884277344,
      59.168907165527344,
      81.6405258178711,
      79.08602905273438,
      102.35588836669922,
      103.99950408935547,
      127.30413818359375,
      121.65524291992188,
      134.8435821533203,
      131.58804321289062,
      130.69747924804688,
      120.4864730834961
    ]
  ],
  "damage": -14.703335762023926,
  "diff_bandwidth": 669.1679077148438,
  "dissonance": 9.052993681081405,
  "drr": 2.5794930458068848,
  "dynamics": 6.089756011962891,
  "format": 1245190,
  "frames": 22037440,
  "loudness": -22.064071655273438,
  "loudness_range": 19.999874114990234,
  "loudness_range_short": 20.41292953491211,
  "lowpass_true_peak_15khz": 0.06297125667333603,
  "mastering3_acoustic_entropies": [
    {
      "acoustic_entropy": 4.366143226623535,
      "acoustic_entropy_mono": 4.246030807495117,
      "band_eliminated_acoustic_entropies": [
        {
          "acoustic_entropy": 4.307172775268555,
          "acoustic_entropy_side": 4.367866039276123,
          "hz": 129.47220167065723
        },
        {
          "acoustic_entropy": 4.44528341293335,
          "acoustic_entropy_side": 4.289593696594238,
          "hz": 202.92927478742237
        },
        {
          "acoustic_entropy": 4.40592098236084,
          "acoustic_entropy_side": 4.302792549133301,
          "hz": 282.89161906338205
        },
        {
          "acoustic_entropy": 4.455972194671631,
          "acoustic_entropy_side": 4.46657657623291,
          "hz": 369.9353335868758
        },
        {
          "acoustic_entropy": 4.608254432678223,
          "acoustic_entropy_side": 4.495900630950928,
          "hz": 464.6875360973435
        },
        {
          "acoustic_entropy": 4.483985900878906,
          "acoustic_entropy_side": 4.817567348480225,
          "hz": 567.8308811364784
        },
        {
          "acoustic_entropy": 4.58821439743042,
          "acoustic_entropy_side": 4.264658451080322,
          "hz": 680.1084783214808
        },
        {
          "acoustic_entropy": 4.31564998626709,
          "acoustic_entropy_side": 4.302366256713867,
          "hz": 802.3292461747484
        },
        {
          "acoustic_entropy": 4.758975505828857,
          "acoustic_entropy_side": 4.441402435302734,
          "hz": 935.3737400823702
        },
        {
          "acoustic_entropy": 4.603765487670898,
          "acoustic_entropy_side": 4.547282695770264,
          "hz": 1080.2004963696966
        },
        {
          "acoustic_entropy": 4.429900169372559,
          "acoustic_entropy_side": 4.347261428833008,
          "hz": 1237.8529382007157
        },
        {
          "acoustic_entropy": 4.676025390625,
          "acoustic_entropy_side": 4.5528035163879395,
          "hz": 1409.4668930556702
        },
        {
          "acoustic_entropy": 4.460310935974121,
          "acoustic_entropy_side": 4.410895824432373,
          "hz": 1596.2787759475705
        },
        {
          "acoustic_entropy": 4.43583345413208,
          "acoustic_entropy_side": 4.324021816253662,
          "hz": 1799.6344973346393
        },
        {
          "acoustic_entropy": 4.557491302490234,
          "acoustic_entropy_side": 4.543120861053467,
          "hz": 2020.9991599069049
        },
        {
          "acoustic_entropy": 4.350690841674805,
          "acoustic_entropy_side": 4.393521785736084,
          "hz": 2261.9676141086993
        },
        {
          "acoustic_entropy": 4.298337936401367,
          "acoustic_entropy_side": 4.3093061447143555,
          "hz": 2524.2759484456974
        },
        {
          "acoustic_entropy": 4.368400573730469,
          "acoustic_entropy_side": 4.322129249572754,
          "hz": 2809.813997359896
        },
        {
          "acoustic_entropy": 4.455475807189941,
          "acoustic_entropy_side": 4.414922714233398,
          "hz": 3120.6389567871424
        },
        {
          "acoustic_entropy": 4.265439510345459,
          "acoustic_entropy_side": 4.307046890258789,
          "hz": 3458.990205492291
        },
        {
          "acoustic_entropy": 4.352833271026611,
          "acoustic_entropy_side": 4.336382865905762,
          "hz": 3827.305438964164
        },
        {
          "acoustic_entropy": 4.404479026794434,
          "acoustic_entropy_side": 4.367805004119873,
          "hz": 4228.238232109126
        },
        {
          "acoustic_entropy": 4.378020763397217,
          "acoustic_entropy_side": 4.35728120803833,
          "hz": 4664.6771572759235
        },
        {
          "acoustic_entropy": 4.365875244140625,
          "acoustic_entropy_side": 4.356593608856201,
          "hz": 5139.766595350093
        },
        {
          "acoustic_entropy": 4.373090744018555,
          "acoustic_entropy_side": 4.355766296386719,
          "hz": 5656.929389854203
        },
        {
          "acoustic_entropy": 4.382350444793701,
          "acoustic_entropy_side": 4.362070083618164,
          "hz": 6219.891507268283
        },
        {
          "acoustic_entropy": 4.382959842681885,
          "acoustic_entropy_side": 4.3621296882629395,
          "hz": 6832.70888123896
        },
        {
          "acoustic_entropy": 4.347017288208008,
          "acoustic_entropy_side": 4.358261585235596,
          "hz": 7499.796634079867
        },
        {
          "acoustic_entropy": 4.3450846672058105,
          "acoustic_entropy_side": 4.35634708404541,
          "hz": 8225.96088609342
        },
        {
          "acoustic_entropy": 4.3555588722229,
          "acoustic_entropy_side": 4.362504005432129,
          "hz": 9016.43338188839
        },
        {
          "acoustic_entropy": 4.371248245239258,
          "acoustic_entropy_side": 4.372392654418945,
          "hz": 9876.909183162974
        },
        {
          "acoustic_entropy": 4.378664493560791,
          "acoustic_entropy_side": 4.374179840087891,
          "hz": 10813.587699516042
        },
        {
          "acoustic_entropy": 4.404500484466553,
          "acoustic_entropy_side": 4.380476474761963,
          "hz": 11833.21735289826
        },
        {
          "acoustic_entropy": 4.4366841316223145,
          "acoustic_entropy_side": 4.395016670227051,
          "hz": 12943.144197493959
        },
        {
          "acoustic_entropy": 4.449862003326416,
          "acoustic_entropy_side": 4.402956008911133,
          "hz": 14151.364845322005
        },
        {
          "acoustic_entropy": 4.362305164337158,
          "acoustic_entropy_side": 4.401012420654297,
          "hz": 15466.58407886509
        },
        {
          "acoustic_entropy": 4.4182257652282715,
          "acoustic_entropy_side": 4.39111852645874,
          "hz": 16898.27756580493
        },
        {
          "acoustic_entropy": 4.4058685302734375,
          "acoustic_entropy_side": 4.382144451141357,
          "hz": 18456.760127700032
        },
        {
          "acoustic_entropy": 4.392563819885254,
          "acoustic_entropy_side": 4.3751606941223145,
          "hz": 20153.260054456492
        },
        {
          "acoustic_entropy": 4.3750410079956055,
          "acoustic_entropy_side": 4.3688530921936035,
          "hz": 22000.00000000001
        }
      ],
      "diff_acoustic_entropy": 2.545775890350342,
      "sn": 6
    },
    {
      "acoustic_entropy": 8.54853343963623,
      "acoustic_entropy_mono": 8.016167640686035,
      "band_eliminated_acoustic_entropies": [
        {
          "acoustic_entropy": 8.555289268493652,
          "acoustic_entropy_side": 8.550061225891113,
          "hz": 129.47220167065723
        },
        {
          "acoustic_entropy": 8.567258834838867,
          "acoustic_entropy_side": 8.557005882263184,
          "hz": 202.92927478742237
        },
        {
          "acoustic_entropy": 8.916894912719727,
          "acoustic_entropy_side": 8.60537052154541,
          "hz": 282.89161906338205
        },
        {
          "acoustic_entropy": 8.695438385009766,
          "acoustic_entropy_side": 8.642558097839355,
          "hz": 369.9353335868758
        },
        {
          "acoustic_entropy": 8.741643905639648,
          "acoustic_entropy_side": 8.172460556030273,
          "hz": 464.6875360973435
        },
        {
          "acoustic_entropy": 8.660279273986816,
          "acoustic_entropy_side": 9.326959609985352,
          "hz": 567.8308811364784
        },
        {
          "acoustic_entropy": 8.897505760192871,
          "acoustic_entropy_side": 8.726500511169434,
          "hz": 680.1084783214808
        },
        {
          "acoustic_entropy": 8.391585350036621,
          "acoustic_entropy_side": 8.43233585357666,
          "hz": 802.3292461747484
        },
        {
          "acoustic_entropy": 8.847283363342285,
          "acoustic_entropy_side": 9.080391883850098,
          "hz": 935.3737400823702
        },
        {
          "acoustic_entropy": 9.168611526489258,
          "acoustic_entropy_side": 8.778619766235352,
          "hz": 1080.2004963696966
        },
        {
          "acoustic_entropy": 8.82895278930664,
          "acoustic_entropy_side": 8.605764389038086,
          "hz": 1237.8529382007157
        },
        {
          "acoustic_entropy": 8.84245491027832,
          "acoustic_entropy_side": 8.861494064331055,
          "hz": 1409.4668930556702
        },
        {
          "acoustic_entropy": 9.227431297302246,
          "acoustic_entropy_side": 8.699519157409668,
          "hz": 1596.2787759475705
        },
        {
          "acoustic_entropy": 8.693687438964844,
          "acoustic_entropy_side": 8.600138664245605,
          "hz": 1799.6344973346393
        },
        {
          "acoustic_entropy": 8.240938186645508,
          "acoustic_entropy_side": 8.368037223815918,
          "hz": 2020.9991599069049
        },
        {
          "acoustic_entropy": 8.270247459411621,
          "acoustic_entropy_side": 8.481053352355957,
          "hz": 2261.9676141086993
        },
        {
          "acoustic_entropy": 8.333024978637695,
          "acoustic_entropy_side": 8.53156852722168,
          "hz": 2524.2759484456974
        },
        {
          "acoustic_entropy": 8.48154067993164,
          "acoustic_entropy_side": 8.546623229980469,
          "hz": 2809.813997359896
        },
        {
          "acoustic_entropy": 8.380305290222168,
          "acoustic_entropy_side": 8.491718292236328,
          "hz": 3120.6389567871424
        },
        {
          "acoustic_entropy": 8.712309837341309,
          "acoustic_entropy_side": 8.614947319030762,
          "hz": 3458.990205492291
        },
        {
          "acoustic_entropy": 8.494170188903809,
          "acoustic_entropy_side": 8.51522159576416,
          "hz": 3827.305438964164
        },
        {
          "acoustic_entropy": 8.482389450073242,
          "acoustic_entropy_side": 8.521763801574707,
          "hz": 4228.238232109126
        },
        {
          "acoustic_entropy": 8.453290939331055,
          "acoustic_entropy_side": 8.51313591003418,
          "hz": 4664.6771572759235
        },
        {
          "acoustic_entropy": 8.423369407653809,
          "acoustic_entropy_side": 8.504572868347168,
          "hz": 5139.766595350093
        },
        {
          "acoustic_entropy": 8.488082885742188,
          "acoustic_entropy_side": 8.515829086303711,
          "hz": 5656.929389854203
        },
        {
          "acoustic_entropy": 8.44081974029541,
          "acoustic_entropy_side": 8.498218536376953,
          "hz": 6219.891507268283
        },
        {
          "acoustic_entropy": 8.486473083496094,
          "acoustic_entropy_side": 8.522109031677246,
          "hz": 6832.70888123896
        },
        {
          "acoustic_entropy": 8.477594375610352,
          "acoustic_entropy_side": 8.526591300964355,
          "hz": 7499.796634079867
        },
        {
          "acoustic_entropy": 8.491541862487793,
          "acoustic_entropy_side": 8.523346900939941,
          "hz": 8225.96088609342
        },
        {
          "acoustic_entropy": 8.521552085876465,
          "acoustic_entropy_side": 8.527641296386719,
          "hz": 9016.43338188839
        },
        {
          "acoustic_entropy": 8.52901554107666,
          "acoustic_entropy_side": 8.536109924316406,
          "hz": 9876.909183162974
        },
        {
          "acoustic_entropy": 8.53464126586914,
          "acoustic_entropy_side": 8.545219421386719,
          "hz": 10813.587699516042
        },
        {
          "acoustic_entropy": 8.590213775634766,
          "acoustic_entropy_side": 8.550588607788086,
          "hz": 11833.21735289826
        },
        {
          "acoustic_entropy": 8.629834175109863,
          "acoustic_entropy_side": 8.56749439239502,
          "hz": 12943.144197493959
        },
        {
          "acoustic_entropy": 8.679215431213379,
          "acoustic_entropy_side": 8.59776782989502,
          "hz": 14151.364845322005
        },
        {
          "acoustic_entropy": 8.375310897827148,
          "acoustic_entropy_side": 8.585798263549805,
          "hz": 15466.58407886509
        },
        {
          "acoustic_entropy": 8.622358322143555,
          "acoustic_entropy_side": 8.585803985595703,
          "hz": 16898.27756580493
        },
        {
          "acoustic_entropy": 8.574828147888184,
          "acoustic_entropy_side": 8.566004753112793,
          "hz": 18456.760127700032
        },
        {
          "acoustic_entropy": 8.569568634033203,
          "acoustic_entropy_side": 8.560338020324707,
          "hz": 20153.260054456492
        },
        {
          "acoustic_entropy": 8.559465408325195,
          "acoustic_entropy_side": 8.552038192749023,
          "hz": 22000.00000000001
        }
      ],
      "diff_acoustic_entropy": 4.932745933532715,
      "sn": 12
    },
    {
      "acoustic_entropy": 15.983962059020996,
      "acoustic_entropy_mono": 14.768213272094727,
      "band_eliminated_acoustic_entropies": [
        {
          "acoustic_entropy": 15.757543563842773,
          "acoustic_entropy_side": 15.889749526977539,
          "hz": 129.47220167065723
        },
        {
          "acoustic_entropy": 16.336774826049805,
          "acoustic_entropy_side": 16.061622619628906,
          "hz": 202.92927478742237
        },
        {
          "acoustic_entropy": 16.29254150390625,
          "acoustic_entropy_side": 16.056396484375,
          "hz": 282.89161906338205
        },
        {
          "acoustic_entropy": 16.431730270385742,
          "acoustic_entropy_side": 16.333280563354492,
          "hz": 369.9353335868758
        },
        {
          "acoustic_entropy": 15.386951446533203,
          "acoustic_entropy_side": 15.491844177246094,
          "hz": 464.6875360973435
        },
        {
          "acoustic_entropy": 16.76201820373535,
          "acoustic_entropy_side": 17.154726028442383,
          "hz": 567.8308811364784
        },
        {
          "acoustic_entropy": 16.145448684692383,
          "acoustic_entropy_side": 16.355735778808594,
          "hz": 680.1084783214808
        },
        {
          "acoustic_entropy": 15.510723114013672,
          "acoustic_entropy_side": 15.496527671813965,
          "hz": 802.3292461747484
        },
        {
          "acoustic_entropy": 16.685592651367188,
          "acoustic_entropy_side": 16.521343231201172,
          "hz": 935.3737400823702
        },
        {
          "acoustic_entropy": 16.33757972717285,
          "acoustic_entropy_side": 15.633883476257324,
          "hz": 1080.2004963696966
        },
        {
          "acoustic_entropy": 16.810026168823242,
          "acoustic_entropy_side": 17.63921546936035,
          "hz": 1237.8529382007157
        },
        {
          "acoustic_entropy": 15.615015029907227,
          "acoustic_entropy_side": 16.66530990600586,
          "hz": 1409.4668930556702
        },
        {
          "acoustic_entropy": 15.672263145446777,
          "acoustic_entropy_side": 16.302759170532227,
          "hz": 1596.2787759475705
        },
        {
          "acoustic_entropy": 16.03969383239746,
          "acoustic_entropy_side": 16.71474838256836,
          "hz": 1799.6344973346393
        },
        {
          "acoustic_entropy": 15.984085083007812,
          "acoustic_entropy_side": 16.187978744506836,
          "hz": 2020.9991599069049
        },
        {
          "acoustic_entropy": 15.328789710998535,
          "acoustic_entropy_side": 15.786805152893066,
          "hz": 2261.9676141086993
        },
        {
          "acoustic_entropy": 15.615605354309082,
          "acoustic_entropy_side": 15.791058540344238,
          "hz": 2524.2759484456974
        },
        {
          "acoustic_entropy": 15.741397857666016,
          "acoustic_entropy_side": 15.874166488647461,
          "hz": 2809.813997359896
        },
        {
          "acoustic_entropy": 15.819067001342773,
          "acoustic_entropy_side": 16.106884002685547,
          "hz": 3120.6389567871424
        },
        {
          "acoustic_entropy": 16.11110496520996,
          "acoustic_entropy_side": 15.497446060180664,
          "hz": 3458.990205492291
        },
        {
