{
  "acoustic_entropy": 190.40048217773438,
  "bands": [
    {
      "high_freq": 148.1999969482422,
      "loudness": -37.14763259887695,
      "loudness_range": 29.30687713623047,
      "mid_mean": -34.368324279785156,
      "mid_to_side_loudness": -8.648113250732422,
      "mid_to_side_loudness_range": 11.00027847290039,
      "side_mean": -43.25676345825195
    },
    {
      "high_freq": 392.3793640136719,
      "loudness": -28.293930053710938,
      "loudness_range": 17.852012634277344,
      "low_freq": 148.1999969482422,
      "mid_mean": -25.79227066040039,
      "mid_to_side_loudness": -5.826773166656494,
      "mid_to_side_loudness_range": 6.7882232666015625,
      "side_mean": -31.638704299926758
    },
    {
      "high_freq": 794.6976318359375,
      "loudness": -33.74079132080078,
      "loudness_range": 10.61766242980957,
      "low_freq": 392.3793640136719,
      "mid_mean": -34.49320602416992,
      "mid_to_side_loudness": 1.976340651512146,
      "mid_to_side_loudness_range": 7.863008499145508,
      "side_mean": -32.235313415527344
    },
    {
      "high_freq": 1457.5709228515625,
      "loudness": -30.058664321899414,
      "loudness_range": 9.95718765258789,
      "low_freq": 794.6976318359375,
      "mid_mean": -29.887582778930664,
      "mid_to_side_loudness": -0.20422738790512085,
      "mid_to_side_loudness_range": 10.082651138305664,
      "side_mean": -29.67917251586914
    },
    {
      "high_freq": 2549.74365234375,
      "loudness": -33.77372741699219,
      "loudness_range": 16.54139518737793,
      "low_freq": 1457.5709228515625,
      "mid_mean": -32.071956634521484,
      "mid_to_side_loudness": -2.6804134845733643,
      "mid_to_side_loudness_range": 7.168125629425049,
      "side_mean": -34.97830581665039
    },
    {
      "high_freq": 4349.24462890625,
      "loudness": -38.328819274902344,
      "loudness_range": 22.645709991455078,
      "low_freq": 2549.74365234375,
      "mid_mean": -37.13932418823242,
      "mid_to_side_loudness": -1.4363871812820435,
      "mid_to_side_loudness_range": 4.1145172119140625,
      "side_mean": -38.60859680175781
    },
    {
      "high_freq": 7314.1640625,
      "loudness": -45.35285949707031,
      "loudness_range": 29.660358428955078,
      "low_freq": 4349.24462890625,
      "mid_mean": -44.7837028503418,
      "mid_to_side_loudness": -0.7273280024528503,
      "mid_to_side_loudness_range": 2.10686993598938,
      "side_mean": -45.74603271484375
    },
    {
      "high_freq": 12199.2666015625,
      "loudness": -55.02705383300781,
      "loudness_range": 23.540355682373047,
      "low_freq": 7314.1640625,
      "mid_mean": -53.6322135925293,
      "mid_to_side_loudness": -0.4965057373046875,
      "mid_to_side_loudness_range": 1.036871314048767,
      "side_mean": -54.103946685791016
    },
    {
      "loudness": -64.94403839111328,
      "loudness_range": 2.352935791015625,
      "low_freq": 12199.2666015625,
      "mid_mean": -63.1209602355957,
      "mid_to_side_loudness": -0.18490704894065857,
      "mid_to_side_loudness_range": 0.42152684926986694,
      "side_mean": -63.267601013183594
    }
  ],
  "bands_short": [
    {
      "high_freq": 148.1999969482422,
      "loudness": -41.0305061340332,
      "loudness_range": 29.702993392944336,
      "mid_mean": -38.42092514038086,
      "mid_to_side_loudness": -7.879878044128418,
      "mid_to_side_loudness_range": 15.092329025268555,
      "side_mean": -46.49639129638672
    },
    {
      "high_freq": 392.3793640136719,
      "loudness": -28.68647575378418,
      "loudness_range": 21.01576042175293,
      "low_freq": 148.1999969482422,
      "mid_mean": -26.18145179748535,
      "mid_to_side_loudness": -6.2640604972839355,
      "mid_to_side_loudness_range": 9.895917892456055,
      "side_mean": -32.63995361328125
    },
    {
      "high_freq": 794.6976318359375,
      "loudness": -34.188514709472656,
      "loudness_range": 13.28715705871582,
      "low_freq": 392.3793640136719,
      "mid_mean": -35.21650695800781,
      "mid_to_side_loudness": 1.720816731452942,
      "mid_to_side_loudness_range": 11.91801643371582,
      "side_mean": -33.02949142456055
    },
    {
      "high_freq": 1457.5709228515625,
      "loudness": -30.84431266784668,
      "loudness_range": 13.207027435302734,
      "low_freq": 794.6976318359375,
      "mid_mean": -31.009925842285156,
      "mid_to_side_loudness": -0.1144699677824974,
      "mid_to_side_loudness_range": 13.500805854797363,
      "side_mean": -30.615516662597656
    },
    {
      "high_freq": 2549.74365234375,
      "loudness": -34.831939697265625,
      "loudness_range": 19.111865997314453,
      "low_freq": 1457.5709228515625,
      "mid_mean": -33.34202194213867,
      "mid_to_side_loudness": -2.487844467163086,
      "mid_to_side_loudness_range": 10.333721160888672,
      "side_mean": -36.02750778198242
    },
    {
      "high_freq": 4349.24462890625,
      "loudness": -39.297061920166016,
      "loudness_range": 24.42059326171875,
      "low_freq": 2549.74365234375,
      "mid_mean": -38.1571159362793,
      "mid_to_side_loudness": -1.493161678314209,
      "mid_to_side_loudness_range": 5.697104454040527,
      "side_mean": -39.690921783447266
    },
    {
      "high_freq": 7314.1640625,
      "loudness": -46.910274505615234,
      "loudness_range": 31.772863388061523,
      "low_freq": 4349.24462890625,
      "mid_mean": -47.12060546875,
      "mid_to_side_loudness": -0.6733103394508362,
      "mid_to_side_loudness_range": 3.30806040763855,
      "side_mean": -47.886436462402344
    },
    {
      "high_freq": 12199.2666015625,
      "loudness": -56.583614349365234,
      "loudness_range": 25.147323608398438,
      "low_freq": 7314.1640625,
      "mid_mean": -55.088470458984375,
      "mid_to_side_loudness": -0.4416879415512085,
      "mid_to_side_loudness_range": 2.0042970180511475,
      "side_mean": -55.51433563232422
    },
    {
      "loudness": -64.98384094238281,
      "loudness_range": 3.0443992614746094,
      "low_freq": 12199.2666015625,
      "mid_mean": -63.140953063964844,
      "mid_to_side_loudness": -0.16602112352848053,
      "mid_to_side_loudness_range": 1.2691744565963745,
      "side_mean": -63.27354049682617
    }
  ],
  "bandwidth": 555.46875,
  "channels": 2,
  "covariance": [
    [
      128.75291442871094,
      87.37622833251953,
      55.23866653442383,
      63.016197204589844,
      23.89055824279785,
      18.237594604492188,
      18.3906192779541,
      13.011496543884277,
      34.01414108276367,
      31.827987670898438,
      44.88188934326172,
      46.04856491088867,
      69.4757308959961,
      71.9536361694336,
      74.28209686279297,
      73.74757385253906,
      2.1434967517852783,
      2.4496326446533203
    ],
    [
      87.37622833251953,
      71.26652526855469,
      45.643226623535156,
      48.37770080566406,
      17.000316619873047,
      13.62540054321289,
      16.67331886291504,
      11.468390464782715,
      25.698518753051758,
      24.433090209960938,
      35.413082122802734,
      35.994789123535156,
      53.2426643371582,
      54.000282287597656,
      53.59083557128906,
      52.32773208618164,
      1.96461021900177,
      1.8325742483139038
    ],
    [
      55.23866653442383,
      45.643226623535156,
      46.44544219970703,
      44.37496566772461,
      14.78254508972168,
      11.728157997131348,
      13.865657806396484,
      8.623357772827148,
      16.88111686706543,
      16.519128799438477,
      24.250425338745117,
      22.80873680114746,
      38.406150817871094,
      38.42959976196289,
      39.18179702758789,
      38.471923828125,
      1.3536399602890015,
      1.3182753324508667
    ],
    [
      63.016197204589844,
      48.37770080566406,
      44.37496566772461,
      52.918373107910156,
      17.50421905517578,
      13.93285083770752,
      17.337217330932617,
      7.810155391693115,
      16.58280372619629,
      17.12179183959961,
      26.012081146240234,
      26.360448837280273,
      41.38174819946289,
      42.017120361328125,
      45.49872589111328,
      44.35199737548828,
      1.785720944404602,
      1.6735475063323975
    ],
    [
      23.89055824279785,
      17.000316619873047,
      14.78254508972168,
      17.50421905517578,
      24.333251953125,
      18.29239845275879,
      14.598548889160156,
      12.960942268371582,
      12.869892120361328,
      13.771045684814453,
      14.205339431762695,
      13.469327926635742,
      19.960065841674805,
      21.24151611328125,
      22.23893165588379,
      21.89051055908203,
      1.5357892513275146,
      1.4661153554916382
    ],
    [
      18.237594604492188,
      13.62540054321289,
      11.728157997131348,
      13.93285083770752,
      18.29239845275879,
      22.318204879760742,
      12.900321960449219,
      11.069859504699707,
      12.935579299926758,
      13.315652847290039,
      10.620216369628906,
      10.256590843200684,
      14.485123634338379,
      17.314905166625977,
      16.624723434448242,
      16.21483039855957,
      0.993492841720581,
      0.9720115065574646
    ],
    [
      18.3906192779541,
      16.67331886291504,
      13.865657806396484,
      17.337217330932617,
      14.598548889160156,
      12.900321960449219,
      25.279787063598633,
      15.783856391906738,
      13.52286148071289,
      14.295844078063965,
      17.57921028137207,
      18.964092254638672,
      21.76812744140625,
      23.359130859375,
      19.93398094177246,
      18.918527603149414,
      1.9720923900604248,
      1.6323062181472778
    ],
    [
      13.011496543884277,
      11.468390464782715,
      8.623357772827148,
      7.810155391693115,
      12.960942268371582,
      11.069859504699707,
      15.783856391906738,
      25.429319381713867,
      9.907880783081055,
      10.59048080444336,
      7.946855545043945,
      8.808304786682129,
      8.820939064025879,
      9.929787635803223,
      8.32024097442627,
      8.45561408996582,
      0.8619614243507385,
      1.0152666568756104
    ],
    [
      34.01414108276367,
      25.698518753051758,
      16.88111686706543,
      16.58280372619629,
      12.869892120361328,
      12.935579299926758,
      13.52286148071289,
      9.907880783081055,
      37.195438385009766,
      28.825035095214844,
      31.16383171081543,
      31.24476432800293,
      37.68983840942383,
      38.49203872680664,
      27.599536895751953,
      26.632362365722656,
      1.4081236124038696,
      1.1269627809524536
    ],
    [
      31.827987670898438,
      24.433090209960938,
      16.519128799438477,
      17.12179183959961,
      13.771045684814453,
      13.315652847290039,
      14.295844078063965,
      10.59048080444336,
      28.825035095214844,
      30.379873275756836,
      31.87088966369629,
      32.80304718017578,
      40.83990478515625,
      41.942115783691406,
      29.36234474182129,
      28.641693115234375,
      1.477492332458496,
      1.3958873748779297
    ],
    [
      44.88188934326172,
      35.413082122802734,
      24.250425338745117,
      26.012081146240234,
      14.205339431762695,
      10.620216369628906,
      17.57921028137207,
      7.946855545043945,
      31.16383171081543,
      31.87088966369629,
      60.44927978515625,
      60.95234680175781,
      71.3050537109375,
      71.38323974609375,
      47.31090545654297,
      45.789798736572266,
      2.625269651412964,
      2.2287509441375732
    ],
    [
      46.04856491088867,
      35.994789123535156,
      22.80873680114746,
      26.360448837280273,
      13.469327926635742,
      10.256590843200684,
      18.964092254638672,
      8.808304786682129,
      31.24476432800293,
      32.80304718017578,
      60.95234680175781,
      67.11739349365234,
      73.50186920166016,
      73.86116027832031,
      46.92750930786133,
      45.72416687011719,
      2.53090500831604,
      2.3387598991394043
    ],
    [
      69.4757308959961,
      53.2426643371582,
      38.406150817871094,
      41.38174819946289,
      19.960065841674805,
      14.485123634338379,
      21.76812744140625,
      8.820939064025879,
      37.68983840942383,
      40.83990478515625,
      71.3050537109375,
      73.50186920166016,
      108.1576156616211,
      107.4088134765625,
      76.17474365234375,
      74.4500732421875,
      3.247060775756836,
      2.9513611793518066
    ],
    [
      71.9536361694336,
      54.000282287597656,
      38.42959976196289,
      42.017120361328125,
      21.24151611328125,
      17.314905166625977,
      23.359130859375,
      9.929787635803223,
      38.49203872680664,
      41.942115783691406,
      71.38323974609375,
      73.86116027832031,
      107.4088134765625,
      112.77388763427734,
      78.44852447509766,
      77.17171478271484,
      2.931321620941162,
      2.985053062438965
    ],
    [
      74.28209686279297,
      53.59083557128906,
      39.18179702758789,
      45.49872589111328,
      22.23893165588379,
      16.624723434448242,
      19.93398094177246,
      8.32024097442627,
      27.599536895751953,
      29.36234474182129,
      47.31090545654297,
      46.92750930786133,
      76.17474365234375,
      78.44852447509766,
      81.59587860107422,
      78.95747375488281,
      5.265890121459961,
      4.677248001098633
    ],
    [
      73.74757385253906,
      52.32773208618164,
      38.471923828125,
      44.35199737548828,
      21.89051055908203,
      16.21483039855957,
      18.918527603149414,
      8.45561408996582,
      26.632362365722656,
      28.641693115234375,
      45.789798736572266,
      45.72416687011719,
      74.4500732421875,
      77.17171478271484,
      78.95747375488281,
      77.91581726074219,
      4.820684432983398,
      4.766709804534912
    ],
    [
      2.1434967517852783,
      1.96461021900177,
      1.3536399602890015,
      1.785720944404602,
      1.5357892513275146,
      0.993492841720581,
      1.9720923900604248,
      0.8619614243507385,
      1.4081236124038696,
      1.477492332458496,
      2.625269651412964,
      2.53090500831604,
      3.247060775756836,
      2.931321620941162,
      5.265890121459961,
      4.820684432983398,
      1.0804362297058105,
      0.8967818021774292
    ],
    [
      2.4496326446533203,
      1.8325742483139038,
      1.3182753324508667,
      1.6735475063323975,
      1.4661153554916382,
      0.9720115065574646,
      1.6323062181472778,
      1.0152666568756104,
      1.1269627809524536,
      1.3958873748779297,
      2.2287509441375732,
      2.3387598991394043,
      2.9513611793518066,
      2.985053062438965,
      4.677248001098633,
      4.766709804534912,
      0.8967818021774292,
      0.9329303503036499
    ]
  ],
  "covariance_short": [
    [
      107.83814239501953,
      66.15831756591797,
      58.48107147216797,
      64.39320373535156,
      24.30023956298828,
      18.83572006225586,
      15.060027122497559,
      10.15514850616455,
      28.4527587890625,
      27.688840866088867,
      38.94269943237305,
      38.59323501586914,
      61.64930725097656,
      62.6712532043457,
      58.563961029052734,
      57.7374267578125,
      2.210453748703003,
      2.31006121635437
    ],
    [
      66.15831756591797,
      58.75429153442383,
      42.25844955444336,
      44.533138275146484,
      14.761093139648438,
      12.5523099899292,
      12.623869895935059,
      8.695629119873047,
      17.747947692871094,
      18.06431770324707,
      26.833728790283203,
      27.06382179260254,
      43.413753509521484,
      44.42078399658203,
      39.40093231201172,
      38.77357864379883,
      1.9463672637939453,
      1.981477975845337
    ],
    [
      58.48107147216797,
      42.25844955444336,
      58.388710021972656,
      52.88241958618164,
      19.102895736694336,
      14.226816177368164,
      14.414701461791992,
      9.622700691223145,
      18.989147186279297,
      18.972654342651367,
      27.322277069091797,
      26.45857048034668,
      43.003475189208984,
      43.42746353149414,
      38.6209716796875,
      37.63902282714844,
      1.7050756216049194,
      1.6342123746871948
    ],
    [
      64.39320373535156,
      44.533138275146484,
      52.88241958618164,
      64.7751235961914,
      22.057823181152344,
      17.866975784301758,
      17.3394718170166,
      8.316468238830566,
      18.97807502746582,
      20.575881958007812,
      29.5677490234375,
      28.95456314086914,
      47.32255172729492,
      47.909061431884766,
      43.8815803527832,
      42.747108459472656,
      1.9668567180633545,
      1.8822112083435059
    ],
    [
      24.30023956298828,
      14.761093139648438,
      19.102895736694336,
      22.057823181152344,
      33.78494644165039,
      21.299346923828125,
      15.98660945892334,
      12.572330474853516,
      15.631601333618164,
      17.165767669677734,
      17.756803512573242,
      17.8200740814209,
      28.316104888916016,
      28.326005935668945,
      23.728469848632812,
      23.366621017456055,
      1.6614058017730713,
      1.6251189708709717
    ],
    [
      18.83572006225586,
      12.5523099899292,
      14.226816177368164,
      17.866975784301758,
      21.299346923828125,
      30.527782440185547,
      13.921545028686523,
      9.597801208496094,
      15.237268447875977,
      16.95638084411621,
      14.164519309997559,
      14.403606414794922,
      22.323652267456055,
      22.577207565307617,
      17.770963668823242,
      17.2756404876709,
      1.1845811605453491,
      1.1509382724761963
    ],
    [
      15.060027122497559,
      12.623869895935059,
      14.414701461791992,
      17.3394718170166,
      15.98660945892334,
      13.921545028686523,
      35.28489303588867,
      20.975221633911133,
      17.34505271911621,
      17.97028160095215,
      20.50428581237793,
      22.37887191772461,
      27.192310333251953,
      27.288667678833008,
      19.276100158691406,
      18.545942306518555,
      1.9316381216049194,
      1.7324485778808594
    ],
    [
      10.15514850616455,
      8.695629119873047,
      9.622700691223145,
      8.316468238830566,
      12.572330474853516,
      9.597801208496094,
      20.975221633911133,
      35.95211410522461,
      11.739237785339355,
      10.576342582702637,
      8.487032890319824,
      10.388233184814453,
      11.598454475402832,
      12.290494918823242,
      9.396690368652344,
      9.346231460571289,
      0.9768226146697998,
      1.1244819164276123
    ],
    [
      28.4527587890625,
      17.747947692871094,
      18.989147186279297,
      18.97807502746582,
      15.631601333618164,
      15.237268447875977,
      17.34505271911621,
      11.739237785339355,
      47.07674026489258,
      36.179317474365234,
      35.342430114746094,
      36.31943893432617,
      46.480770111083984,
      46.027591705322266,
      30.384021759033203,
      29.576723098754883,
      2.0483500957489014,
      1.7979183197021484
    ],
    [
      27.688840866088867,
      18.06431770324707,
      18.972654342651367,
      20.575881958007812,
      17.165767669677734,
      16.95638084411621,
      17.97028160095215,
      10.576342582702637,
      36.179317474365234,
      41.818416595458984,
      38.98081970214844,
      40.46759796142578,
      50.22911071777344,
      50.14894104003906,
      32.5515022277832,
      31.732027053833008,
      1.9511877298355103,
      1.843324065208435
    ],
    [
      38.94269943237305,
      26.833728790283203,
      27.322277069091797,
      29.5677490234375,
      17.756803512573242,
      14.164519309997559,
      20.50428581237793,
      8.487032890319824,
      35.342430114746094,
      38.98081970214844,
      72.08287811279297,
      70.8666000366211,
      80.64349365234375,
      80.21434783935547,
      49.83829879760742,
      48.36070251464844,
      3.2152488231658936,
      2.859158515930176
    ],
    [
      38.59323501586914,
      27.06382179260254,
      26.45857048034668,
      28.95456314086914,
      17.8200740814209,
      14.403606414794922,
      22.37887191772461,
      10.388233184814453,
      36.31943893432617,
      40.46759796142578,
      70.8666000366211,
      77.6275405883789,
      81.79411315917969,
      81.83448791503906,
      49.100738525390625,
      47.76683807373047,
      3.1214606761932373,
      2.9342033863067627
    ],
    [
      61.64930725097656,
      43.413753509521484,
      43.003475189208984,
      47.32255172729492,
      28.316104888916016,
      22.323652267456055,
      27.192310333251953,
      11.598454475402832,
      46.480770111083984,
      50.22911071777344,
      80.64349365234375,
      81.79411315917969,
      127.38504028320312,
      125.62973022460938,
      82.16475677490234,
      80.1124267578125,
      4.3926825523376465,
      3.994980573654175
    ],
    [
      62.6712532043457,
      44.42078399658203,
      43.42746353149414,
      47.909061431884766,
      28.326005935668945,
      22.577207565307617,
      27.288667678833008,
      12.290494918823242,
      46.027591705322266,
      50.14894104003906,
      80.21434783935547,
      81.83448791503906,
      125.62973022460938,
      128.4849090576172,
      82.61268615722656,
      81.27592468261719,
      4.377196788787842,
      4.374999523162842
    ],
    [
      58.563961029052734,
      39.40093231201172,
      38.6209716796875,
      43.8815803527832,
      23.728469848632812,
      17.770963668823242,
      19.276100158691406,
      9.396690368652344,
      30.384021759033203,
      32.5515022277832,
      49.83829879760742,
      49.100738525390625,
      82.16475677490234,
      82.61268615722656,
      81.04192352294922,
      78.47785949707031,
      5.896228790283203,
      5.2781758308410645
    ],
    [
      57.7374267578125,
      38.77357864379883,
      37.63902282714844,
      42.747108459472656,
      23.366621017456055,
      17.2756404876709,
      18.545942306518555,
      9.346231460571289,
      29.576723098754883,
      31.732027053833008,
      48.36070251464844,
      47.76683807373047,
      80.1124267578125,
      81.27592468261719,
      78.47785949707031,
      77.1790542602539,
      5.539167881011963,
      5.262548923492432
    ],
    [
      2.210453748703003,
      1.9463672637939453,
      1.7050756216049194,
      1.9668567180633545,
      1.6614058017730713,
      1.1845811605453491,
      1.9316381216049194,
      0.9768226146697998,
      2.0483500957489014,
      1.9511877298355103,
      3.2152488231658936,
      3.1214606761932373,
      4.3926825523376465,
      4.377196788787842,
      5.896228790283203,
      5.539167881011963,
      1.3148131370544434,
      1.0807349681854248
    ],
    [
      2.31006121635437,
      1.981477975845337,
      1.6342123746871948,
      1.8822112083435059,
      1.6251189708709717,
      1.1509382724761963,
      1.7324485778808594,
      1.1244819164276123,
      1.7979183197021484,
      1.843324065208435,
      2.859158515930176,
      2.9342033863067627,
      3.994980573654175,
      4.374999523162842,
      5.2781758308410645,
      5.262548923492432,
      1.0807349681854248,
      1.1273010969161987
    ]
  ],
  "damage": -12.253533363342285,
  "diff_bandwidth": 582.7383422851562,
  "dissonance": 7.792435749589803,
  "drr": -1.3217101097106934,
  "dynamics": 3.936657428741455,
  "format": 1245190,
  "frames": 5038016,
  "loudness": -19.431032180786133,
  "loudness_range": 10.80843734741211,
  "loudness_range_short": 13.07859992980957,
  "lowpass_true_peak_15khz": -1.1838587522506714,
  "mastering3_acoustic_entropies": [
    {
      "acoustic_entropy": 9.739028930664062,
      "acoustic_entropy_mono": 7.2268452644348145,
      "band_eliminated_acoustic_entropies": [
        {
          "acoustic_entropy": 9.719612121582031,
          "acoustic_entropy_side": 9.738690376281738,
          "hz": 129.47220167065723
        },
        {
          "acoustic_entropy": 9.20059871673584,
          "acoustic_entropy_side": 9.676909446716309,
          "hz": 202.92927478742237
        },
        {
          "acoustic_entropy": 10.095069885253906,
          "acoustic_entropy_side": 9.515087127685547,
          "hz": 282.89161906338205
        },
        {
          "acoustic_entropy": 9.782689094543457,
          "acoustic_entropy_side": 9.389154434204102,
          "hz": 369.9353335868758
        },
        {
          "acoustic_entropy": 9.453962326049805,
          "acoustic_entropy_side": 9.735483169555664,
          "hz": 464.6875360973435
        },
        {
          "acoustic_entropy": 9.75256061553955,
          "acoustic_entropy_side": 9.891435623168945,
          "hz": 567.8308811364784
        },
        {
          "acoustic_entropy": 9.84727954864502,
          "acoustic_entropy_side": 9.898453712463379,
          "hz": 680.1084783214808
        },
        {
          "acoustic_entropy": 9.816954612731934,
          "acoustic_entropy_side": 9.797303199768066,
          "hz": 802.3292461747484
        },
        {
          "acoustic_entropy": 9.091459274291992,
          "acoustic_entropy_side": 9.864358901977539,
          "hz": 935.3737400823702
        },
        {
          "acoustic_entropy": 8.972892761230469,
          "acoustic_entropy_side": 9.7719087600708,
          "hz": 1080.2004963696966
        },
        {
          "acoustic_entropy": 9.299259185791016,
          "acoustic_entropy_side": 9.344281196594238,
          "hz": 1237.8529382007157
        },
        {
          "acoustic_entropy": 9.471879005432129,
          "acoustic_entropy_side": 9.544100761413574,
          "hz": 1409.4668930556702
        },
        {
          "acoustic_entropy": 8.91203498840332,
          "acoustic_entropy_side": 9.04045295715332,
          "hz": 1596.2787759475705
        },
        {
          "acoustic_entropy": 9.328020095825195,
          "acoustic_entropy_side": 10.124249458312988,
          "hz": 1799.6344973346393
        },
        {
          "acoustic_entropy": 9.835345268249512,
          "acoustic_entropy_side": 9.90899658203125,
          "hz": 2020.9991599069049
        },
        {
          "acoustic_entropy": 9.497958183288574,
          "acoustic_entropy_side": 9.66557788848877,
          "hz": 2261.9676141086993
        },
        {
          "acoustic_entropy": 9.768662452697754,
          "acoustic_entropy_side": 9.80185317993164,
          "hz": 2524.2759484456974
        },
        {
          "acoustic_entropy": 9.930596351623535,
          "acoustic_entropy_side": 9.848194122314453,
          "hz": 2809.813997359896
        },
        {
          "acoustic_entropy": 9.821951866149902,
          "acoustic_entropy_side": 9.783859252929688,
          "hz": 3120.6389567871424
        },
        {
          "acoustic_entropy": 10.00584602355957,
          "acoustic_entropy_side": 9.89307975769043,
          "hz": 3458.990205492291
        },
        {
          "acoustic_entropy": 9.877504348754883,
          "acoustic_entropy_side": 9.791193962097168,
          "hz": 3827.305438964164
        },
        {
          "acoustic_entropy": 10.111067771911621,
          "acoustic_entropy_side": 10.161676406860352,
          "hz": 4228.238232109126
        },
        {
          "acoustic_entropy": 9.6647310256958,
          "acoustic_entropy_side": 9.878046989440918,
          "hz": 4664.6771572759235
        },
        {
          "acoustic_entropy": 9.886552810668945,
          "acoustic_entropy_side": 10.052457809448242,
          "hz": 5139.766595350093
        },
        {
          "acoustic_entropy": 9.742249488830566,
          "acoustic_entropy_side": 9.742621421813965,
          "hz": 5656.929389854203
        },
        {
          "acoustic_entropy": 9.733002662658691,
          "acoustic_entropy_side": 9.740253448486328,
          "hz": 6219.891507268283
        },
        {
          "acoustic_entropy": 9.697978019714355,
          "acoustic_entropy_side": 9.724538803100586,
          "hz": 6832.70888123896
        },
        {
          "acoustic_entropy": 9.679879188537598,
          "acoustic_entropy_side": 9.717815399169922,
          "hz": 7499.796634079867
        },
        {
          "acoustic_entropy": 9.698810577392578,
          "acoustic_entropy_side": 9.723027229309082,
          "hz": 8225.96088609342
        },
        {
          "acoustic_entropy": 9.722516059875488,
          "acoustic_entropy_side": 9.730875968933105,
          "hz": 9016.43338188839
        },
        {
          "acoustic_entropy": 9.726279258728027,
          "acoustic_entropy_side": 9.732956886291504,
          "hz": 9876.909183162974
        },
        {
          "acoustic_entropy": 9.735827445983887,
          "acoustic_entropy_side": 9.737499237060547,
          "hz": 10813.587699516042
        },
        {
          "acoustic_entropy": 9.738943099975586,
          "acoustic_entropy_side": 9.738957405090332,
          "hz": 11833.21735289826
        },
        {
          "acoustic_entropy": 9.739039421081543,
          "acoustic_entropy_side": 9.739023208618164,
          "hz": 12943.144197493959
        },
        {
          "acoustic_entropy": 9.739031791687012,
          "acoustic_entropy_side": 9.739030838012695,
          "hz": 14151.364845322005
        },
        {
          "acoustic_entropy": 9.739031791687012,
          "acoustic_entropy_side": 9.739028930664062,
          "hz": 15466.58407886509
        },
        {
          "acoustic_entropy": 9.739030838012695,
          "acoustic_entropy_side": 9.739028930664062,
          "hz": 16898.27756580493
        },
        {
          "acoustic_entropy": 9.739028930664062,
          "acoustic_entropy_side": 9.739028930664062,
          "hz": 18456.760127700032
        },
        {
          "acoustic_entropy": 9.739028930664062,
          "acoustic_entropy_side": 9.739028930664062,
          "hz": 20153.260054456492
        },
        {
          "acoustic_entropy": 9.739028930664062,
          "acoustic_entropy_side": 9.739028930664062,
          "hz": 22000.00000000001
        }
      ],
      "diff_acoustic_entropy": 7.651034832000732,
      "sn": 6
    },
    {
      "acoustic_entropy": 13.392799377441406,
      "acoustic_entropy_mono": 11.021092414855957,
      "band_eliminated_acoustic_entropies": [
        {
          "acoustic_entropy": 13.33376407623291,
          "acoustic_entropy_side": 13.394059181213379,
          "hz": 129.47220167065723
        },
        {
          "acoustic_entropy": 12.482156753540039,
          "acoustic_entropy_side": 13.337564468383789,
          "hz": 202.92927478742237
        },
        {
          "acoustic_entropy": 13.518689155578613,
          "acoustic_entropy_side": 13.548697471618652,
          "hz": 282.89161906338205
        },
        {
          "acoustic_entropy": 13.828018188476562,
          "acoustic_entropy_side": 13.327974319458008,
          "hz": 369.9353335868758
        },
        {
          "acoustic_entropy": 13.46719741821289,
          "acoustic_entropy_side": 13.585151672363281,
          "hz": 464.6875360973435
        },
        {
          "acoustic_entropy": 13.405773162841797,
          "acoustic_entropy_side": 13.393024444580078,
          "hz": 567.8308811364784
        },
        {
          "acoustic_entropy": 13.25896167755127,
          "acoustic_entropy_side": 13.321314811706543,
          "hz": 680.1084783214808
        },
        {
          "acoustic_entropy": 13.808307647705078,
          "acoustic_entropy_side": 13.642599105834961,
          "hz": 802.3292461747484
        },
        {
          "acoustic_entropy": 13.417427062988281,
          "acoustic_entropy_side": 13.423158645629883,
          "hz": 935.3737400823702
        },
        {
          "acoustic_entropy": 13.332365989685059,
          "acoustic_entropy_side": 13.50252914428711,
          "hz": 1080.2004963696966
        },
        {
          "acoustic_entropy": 12.396145820617676,
          "acoustic_entropy_side": 12.943699836730957,
          "hz": 1237.8529382007157
        },
        {
          "acoustic_entropy": 12.153244972229004,
          "acoustic_entropy_side": 13.084126472473145,
          "hz": 1409.4668930556702
        },
        {
          "acoustic_entropy": 12.8203706741333,
          "acoustic_entropy_side": 12.617067337036133,
          "hz": 1596.2787759475705
        },
        {
          "acoustic_entropy": 12.928542137145996,
          "acoustic_entropy_side": 13.520304679870605,
          "hz": 1799.6344973346393
        },
        {
          "acoustic_entropy": 13.50088882446289,
          "acoustic_entropy_side": 13.479053497314453,
          "hz": 2020.9991599069049
        },
        {
          "acoustic_entropy": 13.327576637268066,
          "acoustic_entropy_side": 13.3185396194458,
          "hz": 2261.9676141086993
        },
        {
          "acoustic_entropy": 13.382425308227539,
          "acoustic_entropy_side": 13.343423843383789,
          "hz": 2524.2759484456974
        },
        {
          "acoustic_entropy": 13.598048210144043,
          "acoustic_entropy_side": 13.515183448791504,
          "hz": 2809.813997359896
        },
        {
          "acoustic_entropy": 13.222814559936523,
          "acoustic_entropy_side": 13.179929733276367,
          "hz": 3120.6389567871424
        },
        {
          "acoustic_entropy": 13.821229934692383,
          "acoustic_entropy_side": 13.767898559570312,
          "hz": 3458.990205492291
        },
        {
          "acoustic_entropy": 13.40102481842041,
          "acoustic_entropy_side": 13.280837059020996,
          "hz": 3827.305438964164
        },
        {
          "acoustic_entropy": 13.947538375854492,
          "acoustic_entropy_side": 13.112837791442871,
          "hz": 4228.238232109126
        },
        {
          "acoustic_entropy": 13.725576400756836,
          "acoustic_entropy_side": 13.565413475036621,
          "hz": 4664.6771572759235
        },
        {
          "acoustic_entropy": 13.328124046325684,
          "acoustic_entropy_side": 13.763161659240723,
          "hz": 5139.766595350093
        },
        {
          "acoustic_entropy": 13.356614112854004,
          "acoustic_entropy_side": 13.33118724822998,
          "hz": 5656.929389854203
        },
        {
          "acoustic_entropy": 13.23599624633789,
          "acoustic_entropy_side": 13.325920104980469,
          "hz": 6219.891507268283
        },
        {
          "acoustic_entropy": 13.54025936126709,
          "acoustic_entropy_side": 13.319571495056152,
          "hz": 6832.70888123896
        },
        {
          "acoustic_entropy": 13.54373550415039,
          "acoustic_entropy_side": 13.355123519897461,
          "hz": 7499.796634079867
        },
        {
          "acoustic_entropy": 13.496950149536133,
          "acoustic_entropy_side": 13.351557731628418,
          "hz": 8225.96088609342
        },
        {
          "acoustic_entropy": 13.36008358001709,
          "acoustic_entropy_side": 13.359274864196777,
          "hz": 9016.43338188839
        },
        {
          "acoustic_entropy": 13.328014373779297,
          "acoustic_entropy_side": 13.366950988769531,
          "hz": 9876.909183162974
        },
        {
          "acoustic_entropy": 13.367794036865234,
          "acoustic_entropy_side": 13.381951332092285,
          "hz": 10813.587699516042
        },
        {
          "acoustic_entropy": 13.38978099822998,
          "acoustic_entropy_side": 13.391979217529297,
          "hz": 11833.21735289826
        },
        {
          "acoustic_entropy": 13.392369270324707,
          "acoustic_entropy_side": 13.392685890197754,
          "hz": 12943.144197493959
        },
        {
          "acoustic_entropy": 13.39277458190918,
          "acoustic_entropy_side": 13.392797470092773,
          "hz": 14151.364845322005
        },
        {
          "acoustic_entropy": 13.392799377441406,
          "acoustic_entropy_side": 13.392801284790039,
          "hz": 15466.58407886509
        },
        {
          "acoustic_entropy": 13.392802238464355,
          "acoustic_entropy_side": 13.392802238464355,
          "hz": 16898.27756580493
        },
        {
          "acoustic_entropy": 13.392801284790039,
          "acoustic_entropy_side": 13.392800331115723,
          "hz": 18456.760127700032
        },
        {
          "acoustic_entropy": 13.392802238464355,
          "acoustic_entropy_side": 13.392799377441406,
          "hz": 20153.260054456492
        },
        {
          "acoustic_entropy": 13.392801284790039,
          "acoustic_entropy_side": 13.392799377441406,
          "hz": 22000.00000000001
        }
      ],
      "diff_acoustic_entropy": 11.344849586486816,
      "sn": 12
    },
    {
      "acoustic_entropy": 21.02931785583496,
      "acoustic_entropy_mono": 16.895275115966797,
      "band_eliminated_acoustic_entropies": [
        {
          "acoustic_entropy": 20.788089752197266,
          "acoustic_entropy_side": 21.01406478881836,
          "hz": 129.47220167065723
        },
        {
          "acoustic_entropy": 19.490219116210938,
          "acoustic_entropy_side": 20.96857452392578,
          "hz": 202.92927478742237
        },
        {
          "acoustic_entropy": 20.99475860595703,
          "acoustic_entropy_side": 21.623008728027344,
          "hz": 282.89161906338205
        },
        {
          "acoustic_entropy": 20.42826271057129,
          "acoustic_entropy_side": 20.076156616210938,
          "hz": 369.9353335868758
        },
        {
          "acoustic_entropy": 19.895126342773438,
          "acoustic_entropy_side": 20.920900344848633,
          "hz": 464.6875360973435
        },
        {
          "acoustic_entropy": 20.409717559814453,
          "acoustic_entropy_side": 20.40289306640625,
          "hz": 567.8308811364784
        },
        {
          "acoustic_entropy": 20.533323287963867,
          "acoustic_entropy_side": 20.79884147644043,
          "hz": 680.1084783214808
        },
        {
          "acoustic_entropy": 20.153688430786133,
          "acoustic_entropy_side": 20.34425163269043,
          "hz": 802.3292461747484
        },
        {
          "acoustic_entropy": 20.187442779541016,
          "acoustic_entropy_side": 20.46429443359375,
          "hz": 935.3737400823702
        },
        {
          "acoustic_entropy": 20.784133911132812,
          "acoustic_entropy_side": 20.770122528076172,
          "hz": 1080.2004963696966
        },
        {
          "acoustic_entropy": 20.54722023010254,
          "acoustic_entropy_side": 21.21981430053711,
          "hz": 1237.8529382007157
        },
        {
          "acoustic_entropy": 20.943195343017578,
          "acoustic_entropy_side": 21.779460906982422,
          "hz": 1409.4668930556702
        },
        {
          "acoustic_entropy": 20.815208435058594,
          "acoustic_entropy_side": 20.771148681640625,
          "hz": 1596.2787759475705
        },
        {
          "acoustic_entropy": 19.770177841186523,
          "acoustic_entropy_side": 20.45695686340332,
          "hz": 1799.6344973346393
        },
        {
          "acoustic_entropy": 20.673988342285156,
          "acoustic_entropy_side": 20.66534996032715,
          "hz": 2020.9991599069049
        },
        {
          "acoustic_entropy": 20.249801635742188,
          "acoustic_entropy_side": 20.28166961669922,
          "hz": 2261.9676141086993
        },
        {
          "acoustic_entropy": 20.394927978515625,
          "acoustic_entropy_side": 20.387451171875,
          "hz": 2524.2759484456974
        },
        {
          "acoustic_entropy": 21.39997100830078,
          "acoustic_entropy_side": 20.664426803588867,
          "hz": 2809.813997359896
        },
        {
          "acoustic_entropy": 20.376733779907227,
          "acoustic_entropy_side": 20.402891159057617,
          "hz": 3120.6389567871424
