{
  "acoustic_entropy": 165.1265869140625,
  "bands": [
    {
      "high_freq": 148.1999969482422,
      "loudness": -43.411991119384766,
      "loudness_range": 34.56435775756836,
      "mid_mean": -43.13155746459961,
      "mid_to_side_loudness": -2.6221628189086914,
      "mid_to_side_loudness_range": 13.475249290466309,
      "side_mean": -46.101783752441406
    },
    {
      "high_freq": 392.3793640136719,
      "loudness": -32.86448669433594,
      "loudness_range": 24.349754333496094,
      "low_freq": 148.1999969482422,
      "mid_mean": -31.18619155883789,
      "mid_to_side_loudness": -3.145401954650879,
      "mid_to_side_loudness_range": 10.693317413330078,
      "side_mean": -34.41402816772461
    },
    {
      "high_freq": 794.6976318359375,
      "loudness": -31.83277702331543,
      "loudness_range": 25.77143669128418,
      "low_freq": 392.3793640136719,
      "mid_mean": -30.501506805419922,
      "mid_to_side_loudness": -2.1933748722076416,
      "mid_to_side_loudness_range": 9.572380065917969,
      "side_mean": -32.8011474609375
    },
    {
      "high_freq": 1457.5709228515625,
      "loudness": -36.01398468017578,
      "loudness_range": 30.773216247558594,
      "low_freq": 794.6976318359375,
      "mid_mean": -34.91870880126953,
      "mid_to_side_loudness": -2.1032440662384033,
      "mid_to_side_loudness_range": 7.495214939117432,
      "side_mean": -37.17940139770508
    },
    {
      "high_freq": 2549.74365234375,
      "loudness": -43.499237060546875,
      "loudness_range": 33.68805694580078,
      "low_freq": 1457.5709228515625,
      "mid_mean": -43.290653228759766,
      "mid_to_side_loudness": -1.0656547546386719,
      "mid_to_side_loudness_range": 5.769710063934326,
      "side_mean": -44.68331527709961
    },
    {
      "high_freq": 4349.24462890625,
      "loudness": -50.7407112121582,
      "loudness_range": 35.24143981933594,
      "low_freq": 2549.74365234375,
      "mid_mean": -52.173553466796875,
      "mid_to_side_loudness": -3.0909180641174316,
      "mid_to_side_loudness_range": 6.072661876678467,
      "side_mean": -54.84450912475586
    },
    {
      "high_freq": 7314.1640625,
      "loudness": -61.4924201965332,
      "loudness_range": 34.845096588134766,
      "low_freq": 4349.24462890625,
      "mid_mean": -61.13524627685547,
      "mid_to_side_loudness": -3.0758605003356934,
      "mid_to_side_loudness_range": 5.644208908081055,
      "side_mean": -62.890533447265625
    },
    {
      "high_freq": 12199.2666015625,
      "loudness": -66.8963394165039,
      "loudness_range": 29.24246597290039,
      "low_freq": 7314.1640625,
      "mid_mean": -65.58889770507812,
      "mid_to_side_loudness": -4.618915557861328,
      "mid_to_side_loudness_range": 6.369448184967041,
      "side_mean": -67.09883880615234
    },
    {
      "loudness": -73.01912689208984,
      "loudness_range": 24.53799057006836,
      "low_freq": 12199.2666015625,
      "mid_mean": -68.00296783447266,
      "mid_to_side_loudness": -6.610256671905518,
      "mid_to_side_loudness_range": 7.429499626159668,
      "side_mean": -69.10428619384766
    }
  ],
  "bands_short": [
    {
      "high_freq": 148.1999969482422,
      "loudness": -48.288734436035156,
      "loudness_range": 36.63604736328125,
      "mid_mean": -50.50242614746094,
      "mid_to_side_loudness": -2.984121322631836,
      "mid_to_side_loudness_range": 17.55799102783203,
      "side_mean": -53.07892608642578
    },
    {
      "high_freq": 392.3793640136719,
      "loudness": -33.25299835205078,
      "loudness_range": 25.373531341552734,
      "low_freq": 148.1999969482422,
      "mid_mean": -31.702375411987305,
      "mid_to_side_loudness": -3.231874942779541,
      "mid_to_side_loudness_range": 12.836821556091309,
      "side_mean": -35.03631591796875
    },
    {
      "high_freq": 794.6976318359375,
      "loudness": -32.051639556884766,
      "loudness_range": 26.221405029296875,
      "low_freq": 392.3793640136719,
      "mid_mean": -31.032909393310547,
      "mid_to_side_loudness": -1.9004356861114502,
      "mid_to_side_loudness_range": 11.791532516479492,
      "side_mean": -33.005828857421875
    },
    {
      "high_freq": 1457.5709228515625,
      "loudness": -35.95437240600586,
      "loudness_range": 31.5554141998291,
      "low_freq": 794.6976318359375,
      "mid_mean": -34.985931396484375,
      "mid_to_side_loudness": -2.218050003051758,
      "mid_to_side_loudness_range": 11.123612403869629,
      "side_mean": -37.36561584472656
    },
    {
      "high_freq": 2549.74365234375,
      "loudness": -44.0518798828125,
      "loudness_range": 34.08823776245117,
      "low_freq": 1457.5709228515625,
      "mid_mean": -44.05208206176758,
      "mid_to_side_loudness": -1.0060054063796997,
      "mid_to_side_loudness_range": 9.411880493164062,
      "side_mean": -45.30219650268555
    },
    {
      "high_freq": 4349.24462890625,
      "loudness": -50.684505462646484,
      "loudness_range": 35.754356384277344,
      "low_freq": 2549.74365234375,
      "mid_mean": -52.34383010864258,
      "mid_to_side_loudness": -2.9965972900390625,
      "mid_to_side_loudness_range": 8.39108657836914,
      "side_mean": -54.92353439331055
    },
    {
      "high_freq": 7314.1640625,
      "loudness": -61.509437561035156,
      "loudness_range": 34.38961410522461,
      "low_freq": 4349.24462890625,
      "mid_mean": -61.516746520996094,
      "mid_to_side_loudness": -2.911778688430786,
      "mid_to_side_loudness_range": 6.929757118225098,
      "side_mean": -63.13727569580078
    },
    {
      "high_freq": 12199.2666015625,
      "loudness": -67.41944122314453,
      "loudness_range": 29.03227996826172,
      "low_freq": 7314.1640625,
      "mid_mean": -65.90689086914062,
      "mid_to_side_loudness": -4.5299973487854,
      "mid_to_side_loudness_range": 7.476686954498291,
      "side_mean": -67.31941223144531
    },
    {
      "loudness": -73.36693572998047,
      "loudness_range": 23.669967651367188,
      "low_freq": 12199.2666015625,
      "mid_mean": -68.1739501953125,
      "mid_to_side_loudness": -6.652693748474121,
      "mid_to_side_loudness_range": 8.658598899841309,
      "side_mean": -69.2325668334961
    }
  ],
  "bandwidth": 621.10546875,
  "channels": 2,
  "covariance": [
    [
      139.38136291503906,
      119.24312591552734,
      51.6240119934082,
      52.25469207763672,
      38.204586029052734,
      41.95214080810547,
      52.236602783203125,
      49.411659240722656,
      53.27676773071289,
      52.51105880737305,
      54.24168014526367,
      55.06520462036133,
      47.5637321472168,
      45.3505859375,
      29.09017562866211,
      24.814489364624023,
      15.509943962097168,
      9.974393844604492
    ],
    [
      119.24312591552734,
      128.74659729003906,
      49.699703216552734,
      53.02787780761719,
      32.99230194091797,
      37.001644134521484,
      43.32310104370117,
      40.87200164794922,
      43.64240646362305,
      42.76991653442383,
      47.269981384277344,
      48.56454849243164,
      40.890296936035156,
      39.0523567199707,
      24.678974151611328,
      21.27133560180664,
      12.925189018249512,
      8.420424461364746
    ],
    [
      51.6240119934082,
      49.699703216552734,
      69.11259460449219,
      57.577674865722656,
      48.45143508911133,
      49.84878158569336,
      53.841670989990234,
      53.6837272644043,
      61.70417785644531,
      61.57829284667969,
      71.05805969238281,
      69.24505615234375,
      54.79328155517578,
      50.27583694458008,
      31.890762329101562,
      24.67547607421875,
      16.491046905517578,
      8.701899528503418
    ],
    [
      52.25469207763672,
      53.02787780761719,
      57.577674865722656,
      62.85706329345703,
      45.0025520324707,
      46.780296325683594,
      49.848670959472656,
      50.180076599121094,
      56.32705307006836,
      56.34287643432617,
      63.87234878540039,
      63.19303512573242,
      49.515193939208984,
      45.96352005004883,
      28.515958786010742,
      22.585872650146484,
      14.595181465148926,
      7.865633487701416
    ],
    [
      38.204586029052734,
      32.99230194091797,
      48.45143508911133,
      45.0025520324707,
      74.35089874267578,
      68.70063018798828,
      76.49241638183594,
      74.86173248291016,
      82.60787200927734,
      83.26985931396484,
      89.28785705566406,
      86.13469696044922,
      69.79952239990234,
      63.88813018798828,
      40.65764236450195,
      30.505552291870117,
      20.82589340209961,
      10.077449798583984
    ],
    [
      41.95214080810547,
      37.001644134521484,
      49.84878158569336,
      46.780296325683594,
      68.70063018798828,
      76.654052734375,
      76.74518585205078,
      76.09627532958984,
      81.44587707519531,
      81.9338150024414,
      87.5791015625,
      85.34027099609375,
      68.229736328125,
      62.51057434082031,
      39.24352264404297,
      29.802827835083008,
      19.87082862854004,
      9.684096336364746
    ],
    [
      52.236602783203125,
      43.32310104370117,
      53.841670989990234,
      49.848670959472656,
      76.49241638183594,
      76.74518585205078,
      124.0616683959961,
      114.61962890625,
      117.51171112060547,
      114.71463775634766,
      118.63150787353516,
      113.73278045654297,
      92.25750732421875,
      83.98251342773438,
      54.523929595947266,
      40.65414810180664,
      28.557279586791992,
      13.834524154663086
    ],
    [
      49.411659240722656,
      40.87200164794922,
      53.6837272644043,
      50.180076599121094,
      74.86173248291016,
      76.09627532958984,
      114.61962890625,
      117.05421447753906,
      114.27812957763672,
      112.18386840820312,
      117.24248504638672,
      113.05548095703125,
      91.54121398925781,
      83.79431915283203,
      54.000701904296875,
      40.51140213012695,
      28.520751953125,
      13.875694274902344
    ],
    [
      53.27676773071289,
      43.64240646362305,
      61.70417785644531,
      56.32705307006836,
      82.60787200927734,
      81.44587707519531,
      117.51171112060547,
      114.27812957763672,
      145.19895935058594,
      137.6122589111328,
      139.71250915527344,
      132.51589965820312,
      108.79820251464844,
      98.4866943359375,
      63.49799728393555,
      47.504878997802734,
      32.971466064453125,
      16.21849250793457
    ],
    [
      52.51105880737305,
      42.76991653442383,
      61.57829284667969,
      56.34287643432617,
      83.26985931396484,
      81.9338150024414,
      114.71463775634766,
      112.18386840820312,
      137.6122589111328,
      139.2869110107422,
      137.71287536621094,
      130.7919921875,
      106.00730895996094,
      96.03589630126953,
      61.62187957763672,
      46.09520721435547,
      31.950057983398438,
      15.693775177001953
    ],
    [
      54.24168014526367,
      47.269981384277344,
      71.05805969238281,
      63.87234878540039,
      89.28785705566406,
      87.5791015625,
      118.63150787353516,
      117.24248504638672,
      139.71250915527344,
      137.71287536621094,
      169.94496154785156,
      158.09124755859375,
      124.47744750976562,
      111.29058837890625,
      72.23100280761719,
      54.234500885009766,
      36.84578323364258,
      18.73423194885254
    ],
    [
      55.06520462036133,
      48.56454849243164,
      69.24505615234375,
      63.19303512573242,
      86.13469696044922,
      85.34027099609375,
      113.73278045654297,
      113.05548095703125,
      132.51589965820312,
      130.7919921875,
      158.09124755859375,
      150.8784942626953,
      119.207763671875,
      107.96199035644531,
      69.17064666748047,
      52.63808822631836,
      35.476810455322266,
      18.1480655670166
    ],
    [
      47.5637321472168,
      40.890296936035156,
      54.79328155517578,
      49.515193939208984,
      69.79952239990234,
      68.229736328125,
      92.25750732421875,
      91.54121398925781,
      108.79820251464844,
      106.00730895996094,
      124.47744750976562,
      119.207763671875,
      106.72528839111328,
      97.14762115478516,
      65.17904663085938,
      51.10209274291992,
      34.488304138183594,
      19.139589309692383
    ],
    [
      45.3505859375,
      39.0523567199707,
      50.27583694458008,
      45.96352005004883,
      63.88813018798828,
      62.51057434082031,
      83.98251342773438,
      83.79431915283203,
      98.4866943359375,
      96.03589630126953,
      111.29058837890625,
      107.96199035644531,
      97.14762115478516,
      90.64231872558594,
      59.74102020263672,
      47.548553466796875,
      31.803152084350586,
      17.744020462036133
    ],
    [
      29.09017562866211,
      24.678974151611328,
      31.890762329101562,
      28.515958786010742,
      40.65764236450195,
      39.24352264404297,
      54.523929595947266,
      54.000701904296875,
      63.49799728393555,
      61.62187957763672,
      72.23100280761719,
      69.17064666748047,
      65.17904663085938,
      59.74102020263672,
      45.273597717285156,
      36.21197509765625,
      24.955217361450195,
      15.071868896484375
    ],
    [
      24.814489364624023,
      21.27133560180664,
      24.67547607421875,
      22.585872650146484,
      30.505552291870117,
      29.802827835083008,
      40.65414810180664,
      40.51140213012695,
      47.504878997802734,
      46.09520721435547,
      54.234500885009766,
      52.63808822631836,
      51.10209274291992,
      47.548553466796875,
      36.21197509765625,
      30.177946090698242,
      20.22758674621582,
      12.939759254455566
    ],
    [
      15.509943962097168,
      12.925189018249512,
      16.491046905517578,
      14.595181465148926,
      20.82589340209961,
      19.87082862854004,
      28.557279586791992,
      28.520751953125,
      32.971466064453125,
      31.950057983398438,
      36.84578323364258,
      35.476810455322266,
      34.488304138183594,
      31.803152084350586,
      24.955217361450195,
      20.22758674621582,
      16.0489559173584,
      10.298311233520508
    ],
    [
      9.974393844604492,
      8.420424461364746,
      8.701899528503418,
      7.865633487701416,
      10.077449798583984,
      9.684096336364746,
      13.834524154663086,
      13.875694274902344,
      16.21849250793457,
      15.693775177001953,
      18.73423194885254,
      18.1480655670166,
      19.139589309692383,
      17.744020462036133,
      15.071868896484375,
      12.939759254455566,
      10.298311233520508,
      7.697676658630371
    ]
  ],
  "covariance_short": [
    [
      182.85061645507812,
      153.10906982421875,
      71.5149917602539,
      72.33279418945312,
      51.343441009521484,
      56.43080520629883,
      61.62814712524414,
      60.528987884521484,
      66.98929595947266,
      65.8299560546875,
      76.63593292236328,
      75.0828628540039,
      58.20311737060547,
      54.54658126831055,
      32.6876335144043,
      26.678876876831055,
      15.687813758850098,
      8.739808082580566
    ],
    [
      153.10906982421875,
      154.6019287109375,
      64.79442596435547,
      68.080322265625,
      45.637393951416016,
      50.83650588989258,
      53.20747756958008,
      52.38795852661133,
      57.54813003540039,
      56.6856803894043,
      67.98661804199219,
      66.90433502197266,
      50.541439056396484,
      47.315738677978516,
      28.12844467163086,
      23.083209991455078,
      13.423556327819824,
      7.584965229034424
    ],
    [
      71.5149917602539,
      64.79442596435547,
      74.04451751708984,
      58.80455780029297,
      49.726402282714844,
      50.24833297729492,
      54.93882369995117,
      54.688682556152344,
      62.166500091552734,
      61.378421783447266,
      72.1892318725586,
      69.73739624023438,
      53.76258850097656,
      49.24241256713867,
      30.16226577758789,
      23.32292366027832,
      15.004338264465332,
      7.658079147338867
    ],
    [
      72.33279418945312,
      68.080322265625,
      58.80455780029297,
      66.71353149414062,
      45.572689056396484,
      47.4488639831543,
      50.40671157836914,
      50.636478424072266,
      56.649696350097656,
      55.980350494384766,
      66.08809661865234,
      64.4273681640625,
      48.762657165527344,
      45.15803527832031,
      26.905550003051758,
      21.242111206054688,
      13.199216842651367,
      6.85560417175293
    ],
    [
      51.343441009521484,
      45.637393951416016,
      49.726402282714844,
      45.572689056396484,
      80.28382110595703,
      69.46527099609375,
      75.91572570800781,
      74.28446197509766,
      82.14897918701172,
      82.11526489257812,
      90.23136138916016,
      86.9000244140625,
      68.44990539550781,
      62.73720932006836,
      38.06459426879883,
      28.579233169555664,
      19.043855667114258,
      8.707785606384277
    ],
    [
      56.43080520629883,
      50.83650588989258,
      50.24833297729492,
      47.4488639831543,
      69.46527099609375,
      79.5955581665039,
      73.2249526977539,
      73.82943725585938,
      78.70345306396484,
      78.90507507324219,
      86.9933853149414,
      84.67989349365234,
      65.30043029785156,
      60.188682556152344,
      35.801998138427734,
      27.346677780151367,
      17.6518497467041,
      8.180578231811523
    ],
    [
      61.62814712524414,
      53.20747756958008,
      54.93882369995117,
      50.40671157836914,
      75.91572570800781,
      73.2249526977539,
      128.07553100585938,
      114.1214599609375,
      117.99253845214844,
      114.82431030273438,
      122.37836456298828,
      115.51262664794922,
      90.97570037841797,
      82.4117431640625,
      51.869571685791016,
      38.207725524902344,
      26.478248596191406,
      12.005306243896484
    ],
    [
      60.528987884521484,
      52.38795852661133,
      54.688682556152344,
      50.636478424072266,
      74.28446197509766,
      73.82943725585938,
      114.1214599609375,
      120.90943908691406,
      114.60595703125,
      112.51801300048828,
      120.50756072998047,
      114.95992279052734,
      90.09596252441406,
      82.34424591064453,
      50.99473571777344,
      37.99039840698242,
      26.140567779541016,
      11.955406188964844
    ],
    [
      66.98929595947266,
      57.54813003540039,
      62.166500091552734,
      56.649696350097656,
      82.14897918701172,
      78.70345306396484,
      117.99253845214844,
      114.60595703125,
      148.0751190185547,
      137.25254821777344,
      143.9103546142578,
      135.3746795654297,
      107.26154327392578,
      96.85078430175781,
      60.200740814208984,
      44.700828552246094,
      30.389301300048828,
      14.072346687316895
    ],
    [
      65.8299560546875,
      56.6856803894043,
      61.378421783447266,
      55.980350494384766,
      82.11526489257812,
      78.90507507324219,
      114.82431030273438,
      112.51801300048828,
      137.25254821777344,
      141.68910217285156,
      140.83660888671875,
      133.1038055419922,
      104.15869903564453,
      94.39905548095703,
      58.18081283569336,
      43.33332824707031,
      29.30877113342285,
      13.602612495422363
    ],
    [
      76.63593292236328,
      67.98661804199219,
      72.1892318725586,
      66.08809661865234,
      90.23136138916016,
      86.9933853149414,
      122.37836456298828,
      120.50756072998047,
      143.9103546142578,
      140.83660888671875,
      177.74072265625,
      162.7258758544922,
      124.77864074707031,
      111.49205780029297,
      69.99958038330078,
      52.04633331298828,
      34.71304702758789,
      16.617496490478516
    ],
    [
      75.0828628540039,
      66.90433502197266,
      69.73739624023438,
      64.4273681640625,
      86.9000244140625,
      84.67989349365234,
      115.51262664794922,
      114.95992279052734,
      135.3746795654297,
      133.1038055419922,
      162.7258758544922,
      156.02113342285156,
      118.51734924316406,
      107.52688598632812,
      66.35944366455078,
      50.236698150634766,
      32.98625183105469,
      15.969690322875977
    ],
    [
      58.20311737060547,
      50.541439056396484,
      53.76258850097656,
      48.762657165527344,
      68.44990539550781,
      65.30043029785156,
      90.97570037841797,
      90.09596252441406,
      107.26154327392578,
      104.15869903564453,
      124.77864074707031,
      118.51734924316406,
      104.150634765625,
      94.1117172241211,
      61.23319625854492,
      47.498939514160156,
      31.33651351928711,
      16.45964813232422
    ],
    [
      54.54658126831055,
      47.315738677978516,
      49.24241256713867,
      45.15803527832031,
      62.73720932006836,
      60.188682556152344,
      82.4117431640625,
      82.34424591064453,
      96.85078430175781,
      94.39905548095703,
      111.49205780029297,
      107.52688598632812,
      94.1117172241211,
      88.45479583740234,
      55.90029525756836,
      44.41294860839844,
      28.657142639160156,
      15.345431327819824
    ],
    [
      32.6876335144043,
      28.12844467163086,
      30.16226577758789,
      26.905550003051758,
      38.06459426879883,
      35.801998138427734,
      51.869571685791016,
      50.99473571777344,
      60.200740814208984,
      58.18081283569336,
      69.99958038330078,
      66.35944366455078,
      61.23319625854492,
      55.90029525756836,
      41.80180740356445,
      32.913143157958984,
      22.217937469482422,
      12.772867202758789
    ],
    [
      26.678876876831055,
      23.083209991455078,
      23.32292366027832,
      21.242111206054688,
      28.579233169555664,
      27.346677780151367,
      38.207725524902344,
      37.99039840698242,
      44.700828552246094,
      43.33332824707031,
      52.04633331298828,
      50.236698150634766,
      47.498939514160156,
      44.41294860839844,
      32.913143157958984,
      27.637630462646484,
      17.617420196533203,
      10.998313903808594
    ],
    [
      15.687813758850098,
      13.423556327819824,
      15.004338264465332,
      13.199216842651367,
      19.043855667114258,
      17.6518497467041,
      26.478248596191406,
      26.140567779541016,
      30.389301300048828,
      29.30877113342285,
      34.71304702758789,
      32.98625183105469,
      31.33651351928711,
      28.657142639160156,
      22.217937469482422,
      17.617420196533203,
      14.245749473571777,
      8.579341888427734
    ],
    [
      8.739808082580566,
      7.584965229034424,
      7.658079147338867,
      6.85560417175293,
      8.707785606384277,
      8.180578231811523,
      12.005306243896484,
      11.955406188964844,
      14.072346687316895,
      13.602612495422363,
      16.617496490478516,
      15.969690322875977,
      16.45964813232422,
      15.345431327819824,
      12.772867202758789,
      10.998313903808594,
      8.579341888427734,
      6.372160911560059
    ]
  ],
  "damage": -12.12917709350586,
  "diff_bandwidth": 650.044189453125,
  "dissonance": 5.267644483890929,
  "drr": 3.4469873905181885,
  "dynamics": 7.279059886932373,
  "format": 1245190,
  "frames": 23004096,
  "loudness": -22.824703216552734,
  "loudness_range": 23.780536651611328,
  "loudness_range_short": 24.547447204589844,
  "lowpass_true_peak_15khz": -0.04758217930793762,
  "mastering3_acoustic_entropies": [
    {
      "acoustic_entropy": 5.485213279724121,
      "acoustic_entropy_mono": 5.47994327545166,
      "band_eliminated_acoustic_entropies": [
        {
          "acoustic_entropy": 5.457841873168945,
          "acoustic_entropy_side": 5.484325885772705,
          "hz": 129.47220167065723
        },
        {
          "acoustic_entropy": 4.9746623039245605,
          "acoustic_entropy_side": 5.434256076812744,
          "hz": 202.92927478742237
        },
        {
          "acoustic_entropy": 5.055552959442139,
          "acoustic_entropy_side": 5.475518226623535,
          "hz": 282.89161906338205
        },
        {
          "acoustic_entropy": 5.659437656402588,
          "acoustic_entropy_side": 5.3774518966674805,
          "hz": 369.9353335868758
        },
        {
          "acoustic_entropy": 5.218086242675781,
          "acoustic_entropy_side": 5.212602615356445,
          "hz": 464.6875360973435
        },
        {
          "acoustic_entropy": 5.500725746154785,
          "acoustic_entropy_side": 5.606576919555664,
          "hz": 567.8308811364784
        },
        {
          "acoustic_entropy": 5.334160327911377,
          "acoustic_entropy_side": 5.369287490844727,
          "hz": 680.1084783214808
        },
        {
          "acoustic_entropy": 5.330633640289307,
          "acoustic_entropy_side": 5.307770729064941,
          "hz": 802.3292461747484
        },
        {
          "acoustic_entropy": 4.8717780113220215,
          "acoustic_entropy_side": 5.721923351287842,
          "hz": 935.3737400823702
        },
        {
          "acoustic_entropy": 5.343402862548828,
          "acoustic_entropy_side": 5.688141345977783,
          "hz": 1080.2004963696966
        },
        {
          "acoustic_entropy": 5.067662239074707,
          "acoustic_entropy_side": 5.598881244659424,
          "hz": 1237.8529382007157
        },
        {
          "acoustic_entropy": 5.358743190765381,
          "acoustic_entropy_side": 5.4666924476623535,
          "hz": 1409.4668930556702
        },
        {
          "acoustic_entropy": 5.199713230133057,
          "acoustic_entropy_side": 5.218550205230713,
          "hz": 1596.2787759475705
        },
        {
          "acoustic_entropy": 5.2137837409973145,
          "acoustic_entropy_side": 5.258555889129639,
          "hz": 1799.6344973346393
        },
        {
          "acoustic_entropy": 5.284380912780762,
          "acoustic_entropy_side": 5.298787593841553,
          "hz": 2020.9991599069049
        },
        {
          "acoustic_entropy": 5.288766860961914,
          "acoustic_entropy_side": 5.41949987411499,
          "hz": 2261.9676141086993
        },
        {
          "acoustic_entropy": 5.354349136352539,
          "acoustic_entropy_side": 5.487305164337158,
          "hz": 2524.2759484456974
        },
        {
          "acoustic_entropy": 5.406606197357178,
          "acoustic_entropy_side": 5.500142574310303,
          "hz": 2809.813997359896
        },
        {
          "acoustic_entropy": 5.419620037078857,
          "acoustic_entropy_side": 5.492020606994629,
          "hz": 3120.6389567871424
        },
        {
          "acoustic_entropy": 5.168818473815918,
          "acoustic_entropy_side": 5.307609558105469,
          "hz": 3458.990205492291
        },
        {
          "acoustic_entropy": 5.425018310546875,
          "acoustic_entropy_side": 5.464834213256836,
          "hz": 3827.305438964164
        },
        {
          "acoustic_entropy": 5.441056251525879,
          "acoustic_entropy_side": 5.462899684906006,
          "hz": 4228.238232109126
        },
        {
          "acoustic_entropy": 5.385058879852295,
          "acoustic_entropy_side": 5.439568519592285,
          "hz": 4664.6771572759235
        },
        {
          "acoustic_entropy": 5.408336162567139,
          "acoustic_entropy_side": 5.456853866577148,
          "hz": 5139.766595350093
        },
        {
          "acoustic_entropy": 5.406066417694092,
          "acoustic_entropy_side": 5.456629753112793,
          "hz": 5656.929389854203
        },
        {
          "acoustic_entropy": 5.438190460205078,
          "acoustic_entropy_side": 5.470643520355225,
          "hz": 6219.891507268283
        },
        {
          "acoustic_entropy": 5.433149337768555,
          "acoustic_entropy_side": 5.468766212463379,
          "hz": 6832.70888123896
        },
        {
          "acoustic_entropy": 5.44740629196167,
          "acoustic_entropy_side": 5.47380256652832,
          "hz": 7499.796634079867
        },
        {
          "acoustic_entropy": 5.461499214172363,
          "acoustic_entropy_side": 5.479318141937256,
          "hz": 8225.96088609342
        },
        {
          "acoustic_entropy": 5.476134777069092,
          "acoustic_entropy_side": 5.483470439910889,
          "hz": 9016.43338188839
        },
        {
          "acoustic_entropy": 5.482606410980225,
          "acoustic_entropy_side": 5.484746932983398,
          "hz": 9876.909183162974
        },
        {
          "acoustic_entropy": 5.484581470489502,
          "acoustic_entropy_side": 5.485069751739502,
          "hz": 10813.587699516042
        },
        {
          "acoustic_entropy": 5.484656810760498,
          "acoustic_entropy_side": 5.485093593597412,
          "hz": 11833.21735289826
        },
        {
          "acoustic_entropy": 5.483989715576172,
          "acoustic_entropy_side": 5.484951972961426,
          "hz": 12943.144197493959
        },
        {
          "acoustic_entropy": 5.483880519866943,
          "acoustic_entropy_side": 5.484981060028076,
          "hz": 14151.364845322005
        },
        {
          "acoustic_entropy": 5.484747886657715,
          "acoustic_entropy_side": 5.485111236572266,
          "hz": 15466.58407886509
        },
        {
          "acoustic_entropy": 5.485134124755859,
          "acoustic_entropy_side": 5.485215187072754,
          "hz": 16898.27756580493
        },
        {
          "acoustic_entropy": 5.4851555824279785,
          "acoustic_entropy_side": 5.485213279724121,
          "hz": 18456.760127700032
        },
        {
          "acoustic_entropy": 5.4852142333984375,
          "acoustic_entropy_side": 5.485222816467285,
          "hz": 20153.260054456492
        },
        {
          "acoustic_entropy": 5.485221862792969,
          "acoustic_entropy_side": 5.485215187072754,
          "hz": 22000.00000000001
        }
      ],
      "diff_acoustic_entropy": 1.5886181592941284,
      "sn": 6
    },
    {
      "acoustic_entropy": 9.165703773498535,
      "acoustic_entropy_mono": 9.3641996383667,
      "band_eliminated_acoustic_entropies": [
        {
          "acoustic_entropy": 9.020859718322754,
          "acoustic_entropy_side": 9.153360366821289,
          "hz": 129.47220167065723
        },
        {
          "acoustic_entropy": 8.493395805358887,
          "acoustic_entropy_side": 9.028950691223145,
          "hz": 202.92927478742237
        },
        {
          "acoustic_entropy": 8.535574913024902,
          "acoustic_entropy_side": 8.951906204223633,
          "hz": 282.89161906338205
        },
        {
          "acoustic_entropy": 8.615194320678711,
          "acoustic_entropy_side": 8.944867134094238,
          "hz": 369.9353335868758
        },
        {
          "acoustic_entropy": 9.620220184326172,
          "acoustic_entropy_side": 9.062124252319336,
          "hz": 464.6875360973435
        },
        {
          "acoustic_entropy": 9.37987232208252,
          "acoustic_entropy_side": 9.54763412475586,
          "hz": 567.8308811364784
        },
        {
          "acoustic_entropy": 8.797185897827148,
          "acoustic_entropy_side": 8.88918399810791,
          "hz": 680.1084783214808
        },
        {
          "acoustic_entropy": 9.18900203704834,
          "acoustic_entropy_side": 9.479073524475098,
          "hz": 802.3292461747484
        },
        {
          "acoustic_entropy": 9.032734870910645,
          "acoustic_entropy_side": 9.536017417907715,
          "hz": 935.3737400823702
        },
        {
          "acoustic_entropy": 9.520719528198242,
          "acoustic_entropy_side": 10.129304885864258,
          "hz": 1080.2004963696966
        },
        {
          "acoustic_entropy": 8.679962158203125,
          "acoustic_entropy_side": 9.275299072265625,
          "hz": 1237.8529382007157
        },
        {
          "acoustic_entropy": 9.120152473449707,
          "acoustic_entropy_side": 9.374380111694336,
          "hz": 1409.4668930556702
        },
        {
          "acoustic_entropy": 9.00890064239502,
          "acoustic_entropy_side": 9.227169036865234,
          "hz": 1596.2787759475705
        },
        {
          "acoustic_entropy": 9.193408966064453,
          "acoustic_entropy_side": 9.251580238342285,
          "hz": 1799.6344973346393
        },
        {
          "acoustic_entropy": 9.105374336242676,
          "acoustic_entropy_side": 9.057350158691406,
          "hz": 2020.9991599069049
        },
        {
          "acoustic_entropy": 9.175471305847168,
          "acoustic_entropy_side": 9.160560607910156,
          "hz": 2261.9676141086993
        },
        {
          "acoustic_entropy": 9.102622032165527,
          "acoustic_entropy_side": 9.11144733428955,
          "hz": 2524.2759484456974
        },
        {
          "acoustic_entropy": 9.227954864501953,
          "acoustic_entropy_side": 9.123295783996582,
          "hz": 2809.813997359896
        },
        {
          "acoustic_entropy": 9.125039100646973,
          "acoustic_entropy_side": 9.198415756225586,
          "hz": 3120.6389567871424
        },
        {
          "acoustic_entropy": 9.316088676452637,
          "acoustic_entropy_side": 9.247074127197266,
          "hz": 3458.990205492291
        },
        {
          "acoustic_entropy": 9.275594711303711,
          "acoustic_entropy_side": 9.227636337280273,
          "hz": 3827.305438964164
        },
        {
          "acoustic_entropy": 9.396211624145508,
          "acoustic_entropy_side": 9.249680519104004,
          "hz": 4228.238232109126
        },
        {
          "acoustic_entropy": 9.320601463317871,
          "acoustic_entropy_side": 9.217761993408203,
          "hz": 4664.6771572759235
        },
        {
          "acoustic_entropy": 9.341395378112793,
          "acoustic_entropy_side": 9.228253364562988,
          "hz": 5139.766595350093
        },
        {
          "acoustic_entropy": 9.302393913269043,
          "acoustic_entropy_side": 9.204644203186035,
          "hz": 5656.929389854203
        },
        {
          "acoustic_entropy": 9.306639671325684,
          "acoustic_entropy_side": 9.194190979003906,
          "hz": 6219.891507268283
        },
        {
          "acoustic_entropy": 9.274750709533691,
          "acoustic_entropy_side": 9.184669494628906,
          "hz": 6832.70888123896
        },
        {
          "acoustic_entropy": 9.264335632324219,
          "acoustic_entropy_side": 9.184934616088867,
          "hz": 7499.796634079867
        },
        {
          "acoustic_entropy": 9.218738555908203,
          "acoustic_entropy_side": 9.172143936157227,
          "hz": 8225.96088609342
        },
        {
          "acoustic_entropy": 9.185775756835938,
          "acoustic_entropy_side": 9.166966438293457,
          "hz": 9016.43338188839
        },
        {
          "acoustic_entropy": 9.166345596313477,
          "acoustic_entropy_side": 9.16525650024414,
          "hz": 9876.909183162974
        },
        {
          "acoustic_entropy": 9.16402530670166,
          "acoustic_entropy_side": 9.165679931640625,
          "hz": 10813.587699516042
        },
        {
          "acoustic_entropy": 9.163444519042969,
          "acoustic_entropy_side": 9.165430068969727,
          "hz": 11833.21735289826
        },
        {
          "acoustic_entropy": 9.164376258850098,
          "acoustic_entropy_side": 9.164591789245605,
          "hz": 12943.144197493959
        },
        {
          "acoustic_entropy": 9.164838790893555,
          "acoustic_entropy_side": 9.164266586303711,
          "hz": 14151.364845322005
        },
        {
          "acoustic_entropy": 9.16313648223877,
          "acoustic_entropy_side": 9.164886474609375,
          "hz": 15466.58407886509
        },
        {
          "acoustic_entropy": 9.163908004760742,
          "acoustic_entropy_side": 9.165553092956543,
          "hz": 16898.27756580493
        },
        {
          "acoustic_entropy": 9.164308547973633,
          "acoustic_entropy_side": 9.16568374633789,
          "hz": 18456.760127700032
        },
        {
          "acoustic_entropy": 9.16507625579834,
          "acoustic_entropy_side": 9.165946960449219,
          "hz": 20153.260054456492
        },
        {
          "acoustic_entropy": 9.165992736816406,
          "acoustic_entropy_side": 9.165849685668945,
          "hz": 22000.00000000001
        }
      ],
      "diff_acoustic_entropy": 2.928257942199707,
      "sn": 12
    },
    {
      "acoustic_entropy": 16.58650779724121,
      "acoustic_entropy_mono": 16.914148330688477,
      "band_eliminated_acoustic_entropies": [
        {
          "acoustic_entropy": 16.76542091369629,
          "acoustic_entropy_side": 16.903841018676758,
          "hz": 129.47220167065723
        },
        {
          "acoustic_entropy": 15.805204391479492,
          "acoustic_entropy_side": 16.39778709411621,
          "hz": 202.92927478742237
        },
        {
          "acoustic_entropy": 17.510358810424805,
          "acoustic_entropy_side": 16.68413543701172,
          "hz": 282.89161906338205
        },
        {
          "acoustic_entropy": 16.548168182373047,
          "acoustic_entropy_side": 16.960205078125,
          "hz": 369.9353335868758
        },
        {
          "acoustic_entropy": 17.820755004882812,
          "acoustic_entropy_side": 17.259546279907227,
          "hz": 464.6875360973435
        },
        {
          "acoustic_entropy": 15.769329071044922,
          "acoustic_entropy_side": 16.402517318725586,
          "hz": 567.8308811364784
        },
        {
          "acoustic_entropy": 16.3405704498291,
          "acoustic_entropy_side": 16.100391387939453,
          "hz": 680.1084783214808
        },
        {
          "acoustic_entropy": 16.584367752075195,
          "acoustic_entropy_side": 16.945049285888672,
          "hz": 802.3292461747484
        },
        {
          "acoustic_entropy": 17.325448989868164,
          "acoustic_entropy_side": 18.201831817626953,
          "hz": 935.3737400823702
        },
        {
          "acoustic_entropy": 16.246339797973633,
          "acoustic_entropy_side": 17.28958511352539,
          "hz": 1080.2004963696966
        },
        {
          "acoustic_entropy": 16.326324462890625,
          "acoustic_entropy_side": 16.271562576293945,
          "hz": 1237.8529382007157
        },
        {
          "acoustic_entropy": 17.10420036315918,
          "acoustic_entropy_side": 17.030258178710938,
          "hz": 1409.4668930556702
        },
        {
          "acoustic_entropy": 18.095932006835938,
          "acoustic_entropy_side": 17.0959529876709,
          "hz": 1596.2787759475705
        },
        {
          "acoustic_entropy": 17.582502365112305,
          "acoustic_entropy_side": 17.098661422729492,
          "hz": 1799.6344973346393
        },
        {
          "acoustic_entropy": 17.383541107177734,
          "acoustic_entropy_side": 17.41709327697754,
          "hz": 2020.9991599069049
        },
        {
          "acoustic_entropy": 16.80695152282715,
          "acoustic_entropy_side": 16.770662307739258,
          "hz": 2261.9676141086993
        },
        {
          "acoustic_entropy": 16.85463523864746,
          "acoustic_entropy_side": 16.384695053100586,
          "hz": 2524.2759484456974
        },
        {
          "acoustic_entropy": 16.277381896972656,
          "acoustic_entropy_side": 16.455142974853516,
          "hz": 2809.813997359896
        },
        {
          "acoustic_entropy": 17.710905075073242,
          "acoustic_entropy_side": 16.96685218811035,
          "hz": 3120.6389567871424
        },
        {
          "acoustic_entropy": 16.394426345825195,
          "acoustic_entropy_side": 16.29384994506836,
          "hz": 3458.990205492291
