{
  "acoustic_entropy": 223.70407104492188,
  "bands": [
    {
      "high_freq": 148.1999969482422,
      "loudness": -22.03481101989746,
      "loudness_range": 8.032482147216797,
      "mid_mean": -18.371501922607422,
      "mid_to_side_loudness": -24.275028228759766,
      "mid_to_side_loudness_range": 13.427644729614258,
      "side_mean": -42.868858337402344
    },
    {
      "high_freq": 392.3793640136719,
      "loudness": -24.387075424194336,
      "loudness_range": 9.506528854370117,
      "low_freq": 148.1999969482422,
      "mid_mean": -20.94414520263672,
      "mid_to_side_loudness": -13.160477638244629,
      "mid_to_side_loudness_range": 10.371736526489258,
      "side_mean": -34.10116958618164
    },
    {
      "high_freq": 794.6976318359375,
      "loudness": -24.225078582763672,
      "loudness_range": 13.47726821899414,
      "low_freq": 392.3793640136719,
      "mid_mean": -20.87135887145996,
      "mid_to_side_loudness": -11.712401390075684,
      "mid_to_side_loudness_range": 7.670291900634766,
      "side_mean": -32.50584030151367
    },
    {
      "high_freq": 1457.5709228515625,
      "loudness": -25.06027603149414,
      "loudness_range": 14.57596206665039,
      "low_freq": 794.6976318359375,
      "mid_mean": -21.772912979125977,
      "mid_to_side_loudness": -11.387451171875,
      "mid_to_side_loudness_range": 9.193559646606445,
      "side_mean": -32.98774337768555
    },
    {
      "high_freq": 2549.74365234375,
      "loudness": -26.829492568969727,
      "loudness_range": 14.286304473876953,
      "low_freq": 1457.5709228515625,
      "mid_mean": -23.583255767822266,
      "mid_to_side_loudness": -10.49677848815918,
      "mid_to_side_loudness_range": 8.024847984313965,
      "side_mean": -33.907955169677734
    },
    {
      "high_freq": 4349.24462890625,
      "loudness": -29.995235443115234,
      "loudness_range": 15.575542449951172,
      "low_freq": 2549.74365234375,
      "mid_mean": -26.77041244506836,
      "mid_to_side_loudness": -9.928424835205078,
      "mid_to_side_loudness_range": 6.384383201599121,
      "side_mean": -36.608821868896484
    },
    {
      "high_freq": 7314.1640625,
      "loudness": -36.82551956176758,
      "loudness_range": 15.186666488647461,
      "low_freq": 4349.24462890625,
      "mid_mean": -33.610862731933594,
      "mid_to_side_loudness": -10.087594985961914,
      "mid_to_side_loudness_range": 6.3501129150390625,
      "side_mean": -43.656917572021484
    },
    {
      "high_freq": 12199.2666015625,
      "loudness": -44.85008239746094,
      "loudness_range": 17.20648956298828,
      "low_freq": 7314.1640625,
      "mid_mean": -41.763614654541016,
      "mid_to_side_loudness": -8.598311424255371,
      "mid_to_side_loudness_range": 5.812653541564941,
      "side_mean": -50.68943405151367
    },
    {
      "loudness": -52.1295280456543,
      "loudness_range": 19.05682373046875,
      "low_freq": 12199.2666015625,
      "mid_mean": -49.277374267578125,
      "mid_to_side_loudness": -6.474909782409668,
      "mid_to_side_loudness_range": 4.09938907623291,
      "side_mean": -55.533512115478516
    }
  ],
  "bands_short": [
    {
      "high_freq": 148.1999969482422,
      "loudness": -25.20870590209961,
      "loudness_range": 13.240314483642578,
      "mid_mean": -21.546451568603516,
      "mid_to_side_loudness": -24.451536178588867,
      "mid_to_side_loudness_range": 16.864416122436523,
      "side_mean": -46.27178955078125
    },
    {
      "high_freq": 392.3793640136719,
      "loudness": -23.031282424926758,
      "loudness_range": 12.033330917358398,
      "low_freq": 148.1999969482422,
      "mid_mean": -19.543773651123047,
      "mid_to_side_loudness": -15.408360481262207,
      "mid_to_side_loudness_range": 15.258771896362305,
      "side_mean": -34.97813415527344
    },
    {
      "high_freq": 794.6976318359375,
      "loudness": -24.642560958862305,
      "loudness_range": 15.400651931762695,
      "low_freq": 392.3793640136719,
      "mid_mean": -21.318923950195312,
      "mid_to_side_loudness": -11.727314949035645,
      "mid_to_side_loudness_range": 9.975643157958984,
      "side_mean": -32.96697998046875
    },
    {
      "high_freq": 1457.5709228515625,
      "loudness": -25.663021087646484,
      "loudness_range": 16.49156951904297,
      "low_freq": 794.6976318359375,
      "mid_mean": -22.369003295898438,
      "mid_to_side_loudness": -11.348169326782227,
      "mid_to_side_loudness_range": 11.199264526367188,
      "side_mean": -33.746212005615234
    },
    {
      "high_freq": 2549.74365234375,
      "loudness": -27.66008949279785,
      "loudness_range": 16.280473709106445,
      "low_freq": 1457.5709228515625,
      "mid_mean": -24.460643768310547,
      "mid_to_side_loudness": -10.393853187561035,
      "mid_to_side_loudness_range": 10.575557708740234,
      "side_mean": -34.88143539428711
    },
    {
      "high_freq": 4349.24462890625,
      "loudness": -30.474946975708008,
      "loudness_range": 17.41853141784668,
      "low_freq": 2549.74365234375,
      "mid_mean": -27.312660217285156,
      "mid_to_side_loudness": -9.824776649475098,
      "mid_to_side_loudness_range": 8.532859802246094,
      "side_mean": -37.10346984863281
    },
    {
      "high_freq": 7314.1640625,
      "loudness": -37.81889343261719,
      "loudness_range": 18.077068328857422,
      "low_freq": 4349.24462890625,
      "mid_mean": -34.64632797241211,
      "mid_to_side_loudness": -9.767754554748535,
      "mid_to_side_loudness_range": 8.360953330993652,
      "side_mean": -44.593414306640625
    },
    {
      "high_freq": 12199.2666015625,
      "loudness": -46.83958435058594,
      "loudness_range": 21.40079116821289,
      "low_freq": 7314.1640625,
      "mid_mean": -43.888092041015625,
      "mid_to_side_loudness": -8.200623512268066,
      "mid_to_side_loudness_range": 7.314825057983398,
      "side_mean": -52.40937423706055
    },
    {
      "loudness": -54.707786560058594,
      "loudness_range": 21.567184448242188,
      "low_freq": 12199.2666015625,
      "mid_mean": -51.87297821044922,
      "mid_to_side_loudness": -6.1856303215026855,
      "mid_to_side_loudness_range": 4.881417751312256,
      "side_mean": -57.62967300415039
    }
  ],
  "bandwidth": 560.7189331054688,
  "channels": 2,
  "covariance": [
    [
      12.240572929382324,
      8.464093208312988,
      1.5149929523468018,
      2.6851508617401123,
      -1.4074269533157349,
      -0.603637158870697,
      -1.0398294925689697,
      -0.6576653122901917,
      -1.2509031295776367,
      -0.5038838982582092,
      -0.17658844590187073,
      0.9434674978256226,
      -2.424619674682617,
      -0.3617812693119049,
      -3.0415027141571045,
      -0.7211068272590637,
      -0.33512231707572937,
      -0.004278514068573713
    ],
    [
      8.464093208312988,
      27.1368465423584,
      7.266780853271484,
      14.890498161315918,
      7.027398109436035,
      9.228376388549805,
      6.454238414764404,
      7.714956283569336,
      6.221957683563232,
      8.298208236694336,
      7.559453964233398,
      8.35548210144043,
      4.139627933502197,
      7.209177494049072,
      4.348581790924072,
      8.372993469238281,
      9.596526145935059,
      9.453797340393066
    ],
    [
      1.5149929523468018,
      7.266780853271484,
      14.272459030151367,
      14.746613502502441,
      7.860644817352295,
      9.013813018798828,
      5.9794416427612305,
      5.904117107391357,
      5.534721374511719,
      5.221565246582031,
      3.8397841453552246,
      4.738442420959473,
      2.7452592849731445,
      3.879905939102173,
      3.365689516067505,
      5.22291374206543,
      5.211319923400879,
      4.448685646057129
    ],
    [
      2.6851508617401123,
      14.890498161315918,
      14.746613502502441,
      31.714305877685547,
      14.204472541809082,
      17.63225746154785,
      10.427865982055664,
      11.735472679138184,
      9.013482093811035,
      10.688238143920898,
      6.629180431365967,
      7.947279930114746,
      4.212009429931641,
      6.314033031463623,
      3.6462764739990234,
      8.172966957092285,
      7.253468990325928,
      7.09089994430542
    ],
    [
      -1.4074269533157349,
      7.027398109436035,
      7.860644817352295,
      14.204472541809082,
      23.60243797302246,
      21.349197387695312,
      12.630678176879883,
      10.856528282165527,
      11.402634620666504,
      10.19112491607666,
      6.415902137756348,
      5.715035438537598,
      7.795673370361328,
      6.876545429229736,
      7.618236064910889,
      8.914511680603027,
      7.614509582519531,
      5.776369094848633
    ],
    [
      -0.603637158870697,
      9.228376388549805,
      9.013813018798828,
      17.63225746154785,
      21.349197387695312,
      28.63279151916504,
      11.907346725463867,
      13.40677261352539,
      11.11124324798584,
      12.974441528320312,
      6.6678571701049805,
      6.769780158996582,
      6.097576141357422,
      7.086054801940918,
      5.371204853057861,
      8.529017448425293,
      7.137018203735352,
      6.223996639251709
    ],
    [
      -1.0398294925689697,
      6.454238414764404,
      5.9794416427612305,
      10.427865982055664,
      12.630678176879883,
      11.907346725463867,
      28.89240264892578,
      23.400205612182617,
      17.98157501220703,
      15.590587615966797,
      17.411590576171875,
      15.00900650024414,
      18.92340087890625,
      16.66312599182129,
      18.04315185546875,
      18.953554153442383,
      17.238248825073242,
      14.014179229736328
    ],
    [
      -0.6576653122901917,
      7.714956283569336,
      5.904117107391357,
      11.735472679138184,
      10.856528282165527,
      13.40677261352539,
      23.400205612182617,
      30.536413192749023,
      16.28728675842285,
      18.968093872070312,
      17.920927047729492,
      17.530080795288086,
      15.887232780456543,
      17.30092430114746,
      14.255390167236328,
      17.462047576904297,
      15.26309585571289,
      13.713696479797363
    ],
    [
      -1.2509031295776367,
      6.221957683563232,
      5.534721374511719,
      9.013482093811035,
      11.402634620666504,
      11.11124324798584,
      17.98157501220703,
      16.28728675842285,
      27.658180236816406,
      23.014297485351562,
      20.865114212036133,
      18.500001907348633,
      21.849681854248047,
      20.114898681640625,
      20.545907974243164,
      21.04163360595703,
      20.162940979003906,
      16.692739486694336
    ],
    [
      -0.5038838982582092,
      8.298208236694336,
      5.221565246582031,
      10.688238143920898,
      10.19112491607666,
      12.974441528320312,
      15.590587615966797,
      18.968093872070312,
      23.014297485351562,
      28.431642532348633,
      22.25688362121582,
      21.670066833496094,
      19.483226776123047,
      21.28135871887207,
      18.142690658569336,
      20.855316162109375,
      20.317424774169922,
      18.140180587768555
    ],
    [
      -0.17658844590187073,
      7.559453964233398,
      3.8397841453552246,
      6.629180431365967,
      6.415902137756348,
      6.6678571701049805,
      17.411590576171875,
      17.920927047729492,
      20.865114212036133,
      22.25688362121582,
      32.66953659057617,
      27.823179244995117,
      24.842866897583008,
      25.638662338256836,
      23.239654541015625,
      24.26862335205078,
      24.270204544067383,
      21.284719467163086
    ],
    [
      0.9434674978256226,
      8.35548210144043,
      4.738442420959473,
      7.947279930114746,
      5.715035438537598,
      6.769780158996582,
      15.00900650024414,
      17.530080795288086,
      18.500001907348633,
      21.670066833496094,
      27.823179244995117,
      30.988319396972656,
      21.238494873046875,
      24.487205505371094,
      19.321517944335938,
      22.569461822509766,
      22.80370330810547,
      20.900184631347656
    ],
    [
      -2.424619674682617,
      4.139627933502197,
      2.7452592849731445,
      4.212009429931641,
      7.795673370361328,
      6.097576141357422,
      18.92340087890625,
      15.887232780456543,
      21.849681854248047,
      19.483226776123047,
      24.842866897583008,
      21.238494873046875,
      33.55427551269531,
      27.403860092163086,
      30.973461151123047,
      28.11651039123535,
      27.719928741455078,
      23.239206314086914
    ],
    [
      -0.3617812693119049,
      7.209177494049072,
      3.879905939102173,
      6.314033031463623,
      6.876545429229736,
      7.086054801940918,
      16.66312599182129,
      17.30092430114746,
      20.114898681640625,
      21.28135871887207,
      25.638662338256836,
      24.487205505371094,
      27.403860092163086,
      29.534912109375,
      25.83003807067871,
      26.911151885986328,
      26.639446258544922,
      23.899370193481445
    ],
    [
      -3.0415027141571045,
      4.348581790924072,
      3.365689516067505,
      3.6462764739990234,
      7.618236064910889,
      5.371204853057861,
      18.04315185546875,
      14.255390167236328,
      20.545907974243164,
      18.142690658569336,
      23.239654541015625,
      19.321517944335938,
      30.973461151123047,
      25.83003807067871,
      39.68320083618164,
      34.197669982910156,
      34.90683364868164,
      29.224563598632812
    ],
    [
      -0.7211068272590637,
      8.372993469238281,
      5.22291374206543,
      8.172966957092285,
      8.914511680603027,
      8.529017448425293,
      18.953554153442383,
      17.462047576904297,
      21.04163360595703,
      20.855316162109375,
      24.26862335205078,
      22.569461822509766,
      28.11651039123535,
      26.911151885986328,
      34.197669982910156,
      38.39155578613281,
      36.485557556152344,
      32.71799850463867
    ],
    [
      -0.33512231707572937,
      9.596526145935059,
      5.211319923400879,
      7.253468990325928,
      7.614509582519531,
      7.137018203735352,
      17.238248825073242,
      15.26309585571289,
      20.162940979003906,
      20.317424774169922,
      24.270204544067383,
      22.80370330810547,
      27.719928741455078,
      26.639446258544922,
      34.90683364868164,
      36.485557556152344,
      42.90720748901367,
      37.094478607177734
    ],
    [
      -0.004278514068573713,
      9.453797340393066,
      4.448685646057129,
      7.09089994430542,
      5.776369094848633,
      6.223996639251709,
      14.014179229736328,
      13.713696479797363,
      16.692739486694336,
      18.140180587768555,
      21.284719467163086,
      20.900184631347656,
      23.239206314086914,
      23.899370193481445,
      29.224563598632812,
      32.71799850463867,
      37.094478607177734,
      34.42405319213867
    ]
  ],
  "covariance_short": [
    [
      26.5308837890625,
      15.168760299682617,
      6.469276428222656,
      2.020052433013916,
      -1.5428738594055176,
      -1.1725257635116577,
      -2.6319210529327393,
      -2.6141865253448486,
      -2.39982271194458,
      -1.4383374452590942,
      -2.525745391845703,
      -1.0298476219177246,
      -3.473860025405884,
      -2.118147611618042,
      -3.1141207218170166,
      -1.3145060539245605,
      -1.836705207824707,
      -1.354008436203003
    ],
    [
      15.168760299682617,
      35.8928337097168,
      9.516755104064941,
      13.469429016113281,
      4.3750176429748535,
      6.225505352020264,
      2.9449462890625,
      4.223577499389648,
      3.3716495037078857,
      5.101434230804443,
      3.5119590759277344,
      4.192758560180664,
      1.0091179609298706,
      3.458200693130493,
      1.5196843147277832,
      4.3242316246032715,
      3.404264450073242,
      3.1693356037139893
    ],
    [
      6.469276428222656,
      9.516755104064941,
      20.564739227294922,
      12.975390434265137,
      5.072576999664307,
      5.512539863586426,
      3.2773029804229736,
      3.1309473514556885,
      3.2139551639556885,
      3.003429651260376,
      2.805440664291382,
      3.28192400932312,
      1.5196659564971924,
      2.8237497806549072,
      3.237542152404785,
      4.094850063323975,
      3.957519769668579,
      3.5583009719848633
    ],
    [
      2.020052433013916,
      13.469429016113281,
      12.975390434265137,
      37.08612823486328,
      13.814958572387695,
      17.582820892333984,
      9.157032012939453,
      11.376215934753418,
      8.906509399414062,
      10.920802116394043,
      7.305886268615723,
      7.690558433532715,
      5.148264408111572,
      8.008217811584473,
      6.593295097351074,
      9.877335548400879,
      8.166632652282715,
      7.392480850219727
    ],
    [
      -1.5428738594055176,
      4.3750176429748535,
      5.072576999664307,
      13.814958572387695,
      31.14810562133789,
      25.35450553894043,
      13.104686737060547,
      12.780610084533691,
      11.99940013885498,
      11.677032470703125,
      8.229686737060547,
      7.2624406814575195,
      8.325726509094238,
      8.678537368774414,
      10.232149124145508,
      10.488529205322266,
      8.660343170166016,
      5.888552665710449
    ],
    [
      -1.1725257635116577,
      6.225505352020264,
      5.512539863586426,
      17.582820892333984,
      25.35450553894043,
      34.914981842041016,
      12.091483116149902,
      14.61141300201416,
      11.899487495422363,
      14.32625675201416,
      8.118067741394043,
      8.266304969787598,
      6.533968925476074,
      8.816120147705078,
      7.2275190353393555,
      9.210865020751953,
      6.680131435394287,
      5.260222434997559
    ],
    [
      -2.6319210529327393,
      2.9449462890625,
      3.2773029804229736,
      9.157032012939453,
      13.104686737060547,
      12.091483116149902,
      35.98317337036133,
      28.49420928955078,
      20.15486717224121,
      17.732421875,
      20.21287727355957,
      16.535240173339844,
      22.56077003479004,
      20.89006996154785,
      24.83952522277832,
      22.71993637084961,
      21.03421401977539,
      16.125995635986328
    ],
    [
      -2.6141865253448486,
      4.223577499389648,
      3.1309473514556885,
      11.376215934753418,
      12.780610084533691,
      14.61141300201416,
      28.49420928955078,
      38.37332534790039,
      17.994680404663086,
      21.00758171081543,
      19.727367401123047,
      18.684812545776367,
      18.38967514038086,
      20.692049026489258,
      18.834836959838867,
      21.01912498474121,
      17.601551055908203,
      14.752196311950684
    ],
    [
      -2.39982271194458,
      3.3716495037078857,
      3.2139551639556885,
      8.906509399414062,
      11.99940013885498,
      11.899487495422363,
      20.15486717224121,
      17.994680404663086,
      35.099063873291016,
      27.471622467041016,
      24.10397720336914,
      20.75309944152832,
      26.3261775970459,
      25.085792541503906,
      28.206483840942383,
      26.197437286376953,
      24.72835922241211,
      19.683340072631836
    ],
    [
      -1.4383374452590942,
      5.101434230804443,
      3.003429651260376,
      10.920802116394043,
      11.677032470703125,
      14.32625675201416,
      17.732421875,
      21.00758171081543,
      27.471622467041016,
      36.101829528808594,
      24.676361083984375,
      24.284379959106445,
      22.679466247558594,
      26.15041160583496,
      23.60556983947754,
      25.414321899414062,
      22.82639503479004,
      19.527786254882812
    ],
    [
      -2.525745391845703,
      3.5119590759277344,
      2.805440664291382,
      7.305886268615723,
      8.229686737060547,
      8.118067741394043,
      20.21287727355957,
      19.727367401123047,
      24.10397720336914,
      24.676361083984375,
      40.781463623046875,
      33.089290618896484,
      31.41539192199707,
      32.038543701171875,
      32.5088005065918,
      31.7518367767334,
      30.721895217895508,
      26.04096221923828
    ],
    [
      -1.0298476219177246,
      4.192758560180664,
      3.28192400932312,
      7.690558433532715,
      7.2624406814575195,
      8.266304969787598,
      16.535240173339844,
      18.684812545776367,
      20.75309944152832,
      24.284379959106445,
      33.089290618896484,
      38.612728118896484,
      26.812744140625,
      30.597692489624023,
      27.495716094970703,
      29.528026580810547,
      28.0140323638916,
      24.91191864013672
    ],
    [
      -3.473860025405884,
      1.0091179609298706,
      1.5196659564971924,
      5.148264408111572,
      8.325726509094238,
      6.533968925476074,
      22.56077003479004,
      18.38967514038086,
      26.3261775970459,
      22.679466247558594,
      31.41539192199707,
      26.812744140625,
      45.1008186340332,
      37.45914077758789,
      44.02420425415039,
      38.328346252441406,
      37.76409912109375,
      30.819908142089844
    ],
    [
      -2.118147611618042,
      3.458200693130493,
      2.8237497806549072,
      8.008217811584473,
      8.678537368774414,
      8.816120147705078,
      20.89006996154785,
      20.692049026489258,
      25.085792541503906,
      26.15041160583496,
      32.038543701171875,
      30.597692489624023,
      37.45914077758789,
      41.522239685058594,
      38.54416275024414,
      37.750125885009766,
      35.72347640991211,
      30.905593872070312
    ],
    [
      -3.1141207218170166,
      1.5196843147277832,
      3.237542152404785,
      6.593295097351074,
      10.232149124145508,
      7.2275190353393555,
      24.83952522277832,
      18.834836959838867,
      28.206483840942383,
      23.60556983947754,
      32.5088005065918,
      27.495716094970703,
      44.02420425415039,
      38.54416275024414,
      58.50205993652344,
      48.7691535949707,
      47.6308708190918,
      38.744014739990234
    ],
    [
      -1.3145060539245605,
      4.3242316246032715,
      4.094850063323975,
      9.877335548400879,
      10.488529205322266,
      9.210865020751953,
      22.71993637084961,
      21.01912498474121,
      26.197437286376953,
      25.414321899414062,
      31.7518367767334,
      29.528026580810547,
      38.328346252441406,
      37.750125885009766,
      48.7691535949707,
      50.59929275512695,
      46.9984130859375,
      39.794490814208984
    ],
    [
      -1.836705207824707,
      3.404264450073242,
      3.957519769668579,
      8.166632652282715,
      8.660343170166016,
      6.680131435394287,
      21.03421401977539,
      17.601551055908203,
      24.72835922241211,
      22.82639503479004,
      30.721895217895508,
      28.0140323638916,
      37.76409912109375,
      35.72347640991211,
      47.6308708190918,
      46.9984130859375,
      53.510765075683594,
      44.830684661865234
    ],
    [
      -1.354008436203003,
      3.1693356037139893,
      3.5583009719848633,
      7.392480850219727,
      5.888552665710449,
      5.260222434997559,
      16.125995635986328,
      14.752196311950684,
      19.683340072631836,
      19.527786254882812,
      26.04096221923828,
      24.91191864013672,
      30.819908142089844,
      30.905593872070312,
      38.744014739990234,
      39.794490814208984,
      44.830684661865234,
      39.82241439819336
    ]
  ],
  "damage": -7.6056342124938965,
  "diff_bandwidth": 607.496337890625,
  "dissonance": 6.460715875726616,
  "drr": 1.1725592613220215,
  "dynamics": 2.128077745437622,
  "format": 1245190,
  "frames": 8323072,
  "loudness": -12.596170425415039,
  "loudness_range": 5.123050689697266,
  "loudness_range_short": 6.384248733520508,
  "lowpass_true_peak_15khz": 2.489145517349243,
  "mastering3_acoustic_entropies": [
    {
      "acoustic_entropy": 9.694013595581055,
      "acoustic_entropy_mono": 9.660734176635742,
      "band_eliminated_acoustic_entropies": [
        {
          "acoustic_entropy": 9.656834602355957,
          "acoustic_entropy_side": 9.694014549255371,
          "hz": 129.47220167065723
        },
        {
          "acoustic_entropy": 9.572439193725586,
          "acoustic_entropy_side": 9.69389820098877,
          "hz": 202.92927478742237
        },
        {
          "acoustic_entropy": 9.92856502532959,
          "acoustic_entropy_side": 9.694443702697754,
          "hz": 282.89161906338205
        },
        {
          "acoustic_entropy": 9.778185844421387,
          "acoustic_entropy_side": 9.702024459838867,
          "hz": 369.9353335868758
        },
        {
          "acoustic_entropy": 9.204233169555664,
          "acoustic_entropy_side": 9.684272766113281,
          "hz": 464.6875360973435
        },
        {
          "acoustic_entropy": 8.358865737915039,
          "acoustic_entropy_side": 9.5980863571167,
          "hz": 567.8308811364784
        },
        {
          "acoustic_entropy": 9.989480972290039,
          "acoustic_entropy_side": 9.627314567565918,
          "hz": 680.1084783214808
        },
        {
          "acoustic_entropy": 8.908552169799805,
          "acoustic_entropy_side": 9.667074203491211,
          "hz": 802.3292461747484
        },
        {
          "acoustic_entropy": 8.64844799041748,
          "acoustic_entropy_side": 9.71197509765625,
          "hz": 935.3737400823702
        },
        {
          "acoustic_entropy": 8.67116641998291,
          "acoustic_entropy_side": 9.53412914276123,
          "hz": 1080.2004963696966
        },
        {
          "acoustic_entropy": 9.784539222717285,
          "acoustic_entropy_side": 9.134048461914062,
          "hz": 1237.8529382007157
        },
        {
          "acoustic_entropy": 9.477776527404785,
          "acoustic_entropy_side": 9.623379707336426,
          "hz": 1409.4668930556702
        },
        {
          "acoustic_entropy": 9.896349906921387,
          "acoustic_entropy_side": 9.776721000671387,
          "hz": 1596.2787759475705
        },
        {
          "acoustic_entropy": 9.910299301147461,
          "acoustic_entropy_side": 9.686881065368652,
          "hz": 1799.6344973346393
        },
        {
          "acoustic_entropy": 9.125487327575684,
          "acoustic_entropy_side": 9.616691589355469,
          "hz": 2020.9991599069049
        },
        {
          "acoustic_entropy": 9.361610412597656,
          "acoustic_entropy_side": 9.58931827545166,
          "hz": 2261.9676141086993
        },
        {
          "acoustic_entropy": 9.433853149414062,
          "acoustic_entropy_side": 9.819125175476074,
          "hz": 2524.2759484456974
        },
        {
          "acoustic_entropy": 8.83976936340332,
          "acoustic_entropy_side": 9.700907707214355,
          "hz": 2809.813997359896
        },
        {
          "acoustic_entropy": 9.690828323364258,
          "acoustic_entropy_side": 9.786663055419922,
          "hz": 3120.6389567871424
        },
        {
          "acoustic_entropy": 9.290943145751953,
          "acoustic_entropy_side": 9.751649856567383,
          "hz": 3458.990205492291
        },
        {
          "acoustic_entropy": 9.47114372253418,
          "acoustic_entropy_side": 9.688570022583008,
          "hz": 3827.305438964164
        },
        {
          "acoustic_entropy": 9.53614330291748,
          "acoustic_entropy_side": 9.692172050476074,
          "hz": 4228.238232109126
        },
        {
          "acoustic_entropy": 9.447944641113281,
          "acoustic_entropy_side": 9.6708984375,
          "hz": 4664.6771572759235
        },
        {
          "acoustic_entropy": 9.513543128967285,
          "acoustic_entropy_side": 9.681269645690918,
          "hz": 5139.766595350093
        },
        {
          "acoustic_entropy": 9.453232765197754,
          "acoustic_entropy_side": 9.686463356018066,
          "hz": 5656.929389854203
        },
        {
          "acoustic_entropy": 9.510941505432129,
          "acoustic_entropy_side": 9.688935279846191,
          "hz": 6219.891507268283
        },
        {
          "acoustic_entropy": 9.613980293273926,
          "acoustic_entropy_side": 9.692105293273926,
          "hz": 6832.70888123896
        },
        {
          "acoustic_entropy": 9.658872604370117,
          "acoustic_entropy_side": 9.692974090576172,
          "hz": 7499.796634079867
        },
        {
          "acoustic_entropy": 9.68652629852295,
          "acoustic_entropy_side": 9.693583488464355,
          "hz": 8225.96088609342
        },
        {
          "acoustic_entropy": 9.688274383544922,
          "acoustic_entropy_side": 9.693588256835938,
          "hz": 9016.43338188839
        },
        {
          "acoustic_entropy": 9.693333625793457,
          "acoustic_entropy_side": 9.693952560424805,
          "hz": 9876.909183162974
        },
        {
          "acoustic_entropy": 9.691439628601074,
          "acoustic_entropy_side": 9.693873405456543,
          "hz": 10813.587699516042
        },
        {
          "acoustic_entropy": 9.689008712768555,
          "acoustic_entropy_side": 9.693808555603027,
          "hz": 11833.21735289826
        },
        {
          "acoustic_entropy": 9.681487083435059,
          "acoustic_entropy_side": 9.693707466125488,
          "hz": 12943.144197493959
        },
        {
          "acoustic_entropy": 9.68121337890625,
          "acoustic_entropy_side": 9.694177627563477,
          "hz": 14151.364845322005
        },
        {
          "acoustic_entropy": 9.692437171936035,
          "acoustic_entropy_side": 9.694695472717285,
          "hz": 15466.58407886509
        },
        {
          "acoustic_entropy": 9.69316291809082,
          "acoustic_entropy_side": 9.693951606750488,
          "hz": 16898.27756580493
        },
        {
          "acoustic_entropy": 9.693551063537598,
          "acoustic_entropy_side": 9.693967819213867,
          "hz": 18456.760127700032
        },
        {
          "acoustic_entropy": 9.69402027130127,
          "acoustic_entropy_side": 9.694012641906738,
          "hz": 20153.260054456492
        },
        {
          "acoustic_entropy": 9.6940279006958,
          "acoustic_entropy_side": 9.694018363952637,
          "hz": 22000.00000000001
        }
      ],
      "diff_acoustic_entropy": 6.910714626312256,
      "sn": 6
    },
    {
      "acoustic_entropy": 14.230629920959473,
      "acoustic_entropy_mono": 13.357990264892578,
      "band_eliminated_acoustic_entropies": [
        {
          "acoustic_entropy": 14.202371597290039,
          "acoustic_entropy_side": 14.230672836303711,
          "hz": 129.47220167065723
        },
        {
          "acoustic_entropy": 13.403779983520508,
          "acoustic_entropy_side": 14.231390953063965,
          "hz": 202.92927478742237
        },
        {
          "acoustic_entropy": 13.978219985961914,
          "acoustic_entropy_side": 14.305010795593262,
          "hz": 282.89161906338205
        },
        {
          "acoustic_entropy": 13.970843315124512,
          "acoustic_entropy_side": 14.188435554504395,
          "hz": 369.9353335868758
        },
        {
          "acoustic_entropy": 14.398755073547363,
          "acoustic_entropy_side": 14.314715385437012,
          "hz": 464.6875360973435
        },
        {
          "acoustic_entropy": 12.638667106628418,
          "acoustic_entropy_side": 13.87739086151123,
          "hz": 567.8308811364784
        },
        {
          "acoustic_entropy": 14.110382080078125,
          "acoustic_entropy_side": 14.3604736328125,
          "hz": 680.1084783214808
        },
        {
          "acoustic_entropy": 12.904600143432617,
          "acoustic_entropy_side": 14.266853332519531,
          "hz": 802.3292461747484
        },
        {
          "acoustic_entropy": 13.417120933532715,
          "acoustic_entropy_side": 13.756651878356934,
          "hz": 935.3737400823702
        },
        {
          "acoustic_entropy": 13.296354293823242,
          "acoustic_entropy_side": 13.734224319458008,
          "hz": 1080.2004963696966
        },
        {
          "acoustic_entropy": 14.552933692932129,
          "acoustic_entropy_side": 14.041924476623535,
          "hz": 1237.8529382007157
        },
        {
          "acoustic_entropy": 13.060486793518066,
          "acoustic_entropy_side": 14.292847633361816,
          "hz": 1409.4668930556702
        },
        {
          "acoustic_entropy": 14.125689506530762,
          "acoustic_entropy_side": 14.367542266845703,
          "hz": 1596.2787759475705
        },
        {
          "acoustic_entropy": 14.974455833435059,
          "acoustic_entropy_side": 14.539722442626953,
          "hz": 1799.6344973346393
        },
        {
          "acoustic_entropy": 13.240702629089355,
          "acoustic_entropy_side": 14.169204711914062,
          "hz": 2020.9991599069049
        },
        {
          "acoustic_entropy": 12.856595039367676,
          "acoustic_entropy_side": 14.512740135192871,
          "hz": 2261.9676141086993
        },
        {
          "acoustic_entropy": 13.454498291015625,
          "acoustic_entropy_side": 13.699104309082031,
          "hz": 2524.2759484456974
        },
        {
          "acoustic_entropy": 13.904613494873047,
          "acoustic_entropy_side": 14.519354820251465,
          "hz": 2809.813997359896
        },
        {
          "acoustic_entropy": 13.212084770202637,
          "acoustic_entropy_side": 14.058852195739746,
          "hz": 3120.6389567871424
        },
        {
          "acoustic_entropy": 13.8364839553833,
          "acoustic_entropy_side": 14.324301719665527,
          "hz": 3458.990205492291
        },
        {
          "acoustic_entropy": 13.519606590270996,
          "acoustic_entropy_side": 14.094340324401855,
          "hz": 3827.305438964164
        },
        {
          "acoustic_entropy": 14.447675704956055,
          "acoustic_entropy_side": 14.39310359954834,
          "hz": 4228.238232109126
        },
        {
          "acoustic_entropy": 14.30881404876709,
          "acoustic_entropy_side": 14.216144561767578,
          "hz": 4664.6771572759235
        },
        {
          "acoustic_entropy": 13.859861373901367,
          "acoustic_entropy_side": 14.216655731201172,
          "hz": 5139.766595350093
        },
        {
          "acoustic_entropy": 14.265144348144531,
          "acoustic_entropy_side": 14.247481346130371,
          "hz": 5656.929389854203
        },
        {
          "acoustic_entropy": 14.365620613098145,
          "acoustic_entropy_side": 14.237372398376465,
          "hz": 6219.891507268283
        },
        {
          "acoustic_entropy": 14.366373062133789,
          "acoustic_entropy_side": 14.240579605102539,
          "hz": 6832.70888123896
        },
        {
          "acoustic_entropy": 14.325722694396973,
          "acoustic_entropy_side": 14.229525566101074,
          "hz": 7499.796634079867
        },
        {
          "acoustic_entropy": 14.236339569091797,
          "acoustic_entropy_side": 14.230122566223145,
          "hz": 8225.96088609342
        },
        {
          "acoustic_entropy": 14.161314964294434,
          "acoustic_entropy_side": 14.229880332946777,
          "hz": 9016.43338188839
        },
        {
          "acoustic_entropy": 14.165278434753418,
          "acoustic_entropy_side": 14.231552124023438,
          "hz": 9876.909183162974
        },
        {
          "acoustic_entropy": 14.255309104919434,
          "acoustic_entropy_side": 14.23078727722168,
          "hz": 10813.587699516042
        },
        {
          "acoustic_entropy": 14.288522720336914,
          "acoustic_entropy_side": 14.23115062713623,
          "hz": 11833.21735289826
        },
        {
          "acoustic_entropy": 14.315714836120605,
          "acoustic_entropy_side": 14.233297348022461,
          "hz": 12943.144197493959
        },
        {
          "acoustic_entropy": 14.285246849060059,
          "acoustic_entropy_side": 14.234905242919922,
          "hz": 14151.364845322005
        },
        {
          "acoustic_entropy": 14.271498680114746,
          "acoustic_entropy_side": 14.234064102172852,
          "hz": 15466.58407886509
        },
        {
          "acoustic_entropy": 14.243796348571777,
          "acoustic_entropy_side": 14.231416702270508,
          "hz": 16898.27756580493
        },
        {
          "acoustic_entropy": 14.232826232910156,
          "acoustic_entropy_side": 14.230514526367188,
          "hz": 18456.760127700032
        },
        {
          "acoustic_entropy": 14.230956077575684,
          "acoustic_entropy_side": 14.230476379394531,
          "hz": 20153.260054456492
        },
        {
          "acoustic_entropy": 14.230372428894043,
          "acoustic_entropy_side": 14.230595588684082,
          "hz": 22000.00000000001
        }
      ],
      "diff_acoustic_entropy": 9.927085876464844,
      "sn": 12
    },
    {
      "acoustic_entropy": 19.915477752685547,
      "acoustic_entropy_mono": 16.369993209838867,
      "band_eliminated_acoustic_entropies": [
        {
          "acoustic_entropy": 19.919408798217773,
          "acoustic_entropy_side": 19.92804527282715,
          "hz": 129.47220167065723
        },
        {
          "acoustic_entropy": 19.18576431274414,
          "acoustic_entropy_side": 19.93463134765625,
          "hz": 202.92927478742237
        },
        {
          "acoustic_entropy": 18.914274215698242,
          "acoustic_entropy_side": 19.15058135986328,
          "hz": 282.89161906338205
        },
        {
          "acoustic_entropy": 20.186147689819336,
          "acoustic_entropy_side": 19.636857986450195,
          "hz": 369.9353335868758
        },
        {
          "acoustic_entropy": 20.09349822998047,
          "acoustic_entropy_side": 20.052013397216797,
          "hz": 464.6875360973435
        },
        {
          "acoustic_entropy": 19.060258865356445,
          "acoustic_entropy_side": 19.49234390258789,
          "hz": 567.8308811364784
        },
        {
          "acoustic_entropy": 20.158599853515625,
          "acoustic_entropy_side": 19.521230697631836,
          "hz": 680.1084783214808
        },
        {
          "acoustic_entropy": 18.873634338378906,
          "acoustic_entropy_side": 20.15108299255371,
          "hz": 802.3292461747484
        },
        {
          "acoustic_entropy": 18.75840187072754,
          "acoustic_entropy_side": 19.278980255126953,
          "hz": 935.3737400823702
        },
        {
          "acoustic_entropy": 20.501100540161133,
          "acoustic_entropy_side": 19.755163192749023,
          "hz": 1080.2004963696966
        },
        {
          "acoustic_entropy": 19.573333740234375,
          "acoustic_entropy_side": 19.084381103515625,
          "hz": 1237.8529382007157
        },
        {
          "acoustic_entropy": 20.726024627685547,
          "acoustic_entropy_side": 20.48214340209961,
          "hz": 1409.4668930556702
        },
        {
          "acoustic_entropy": 20.086036682128906,
          "acoustic_entropy_side": 20.786136627197266,
          "hz": 1596.2787759475705
        },
        {
          "acoustic_entropy": 20.175281524658203,
          "acoustic_entropy_side": 20.660667419433594,
          "hz": 1799.6344973346393
        },
        {
          "acoustic_entropy": 19.89455223083496,
          "acoustic_entropy_side": 20.051427841186523,
          "hz": 2020.9991599069049
        },
        {
          "acoustic_entropy": 19.815265655517578,
          "acoustic_entropy_side": 19.47802734375,
          "hz": 2261.9676141086993
        },
        {
          "acoustic_entropy": 20.027793884277344,
          "acoustic_entropy_side": 20.484596252441406,
          "hz": 2524.2759484456974
        },
        {
          "acoustic_entropy": 19.695650100708008,
          "acoustic_entropy_side": 19.751951217651367,
          "hz": 2809.813997359896
        },
        {
          "acoustic_entropy": 19.945741653442383,
