{
  "acoustic_entropy": 223.25302124023438,
  "bands": [
    {
      "high_freq": 148.1999969482422,
      "loudness": -15.821545600891113,
      "loudness_range": 8.171156883239746,
      "mid_mean": -13.983741760253906,
      "mid_to_side_loudness": -4.357105255126953,
      "mid_to_side_loudness_range": 15.239213943481445,
      "side_mean": -18.34899139404297
    },
    {
      "high_freq": 392.3793640136719,
      "loudness": -18.60593605041504,
      "loudness_range": 6.243833541870117,
      "low_freq": 148.1999969482422,
      "mid_mean": -16.84056282043457,
      "mid_to_side_loudness": -3.867391586303711,
      "mid_to_side_loudness_range": 13.433977127075195,
      "side_mean": -20.724319458007812
    },
    {
      "high_freq": 794.6976318359375,
      "loudness": -18.382471084594727,
      "loudness_range": 7.537723541259766,
      "low_freq": 392.3793640136719,
      "mid_mean": -16.379907608032227,
      "mid_to_side_loudness": -4.388761043548584,
      "mid_to_side_loudness_range": 11.96936321258545,
      "side_mean": -20.76918601989746
    },
    {
      "high_freq": 1457.5709228515625,
      "loudness": -16.19293975830078,
      "loudness_range": 9.787776947021484,
      "low_freq": 794.6976318359375,
      "mid_mean": -14.202580451965332,
      "mid_to_side_loudness": -4.400679111480713,
      "mid_to_side_loudness_range": 11.695232391357422,
      "side_mean": -18.621505737304688
    },
    {
      "high_freq": 2549.74365234375,
      "loudness": -17.976139068603516,
      "loudness_range": 7.682417869567871,
      "low_freq": 1457.5709228515625,
      "mid_mean": -16.160600662231445,
      "mid_to_side_loudness": -3.5149316787719727,
      "mid_to_side_loudness_range": 9.9962739944458,
      "side_mean": -19.714969635009766
    },
    {
      "high_freq": 4349.24462890625,
      "loudness": -18.183000564575195,
      "loudness_range": 9.175743103027344,
      "low_freq": 2549.74365234375,
      "mid_mean": -15.829733848571777,
      "mid_to_side_loudness": -5.6331787109375,
      "mid_to_side_loudness_range": 12.226743698120117,
      "side_mean": -21.4920597076416
    },
    {
      "high_freq": 7314.1640625,
      "loudness": -20.308340072631836,
      "loudness_range": 8.060352325439453,
      "low_freq": 4349.24462890625,
      "mid_mean": -17.444625854492188,
      "mid_to_side_loudness": -7.894266605377197,
      "mid_to_side_loudness_range": 12.17241096496582,
      "side_mean": -25.36802864074707
    },
    {
      "high_freq": 12199.2666015625,
      "loudness": -21.489070892333984,
      "loudness_range": 9.095611572265625,
      "low_freq": 7314.1640625,
      "mid_mean": -18.789220809936523,
      "mid_to_side_loudness": -6.660372257232666,
      "mid_to_side_loudness_range": 8.91409969329834,
      "side_mean": -25.4691219329834
    },
    {
      "loudness": -27.216779708862305,
      "loudness_range": 8.755863189697266,
      "low_freq": 12199.2666015625,
      "mid_mean": -24.84451675415039,
      "mid_to_side_loudness": -5.131834506988525,
      "mid_to_side_loudness_range": 8.016033172607422,
      "side_mean": -29.978168487548828
    }
  ],
  "bands_short": [
    {
      "high_freq": 148.1999969482422,
      "loudness": -18.17764663696289,
      "loudness_range": 16.26233673095703,
      "mid_mean": -17.154783248901367,
      "mid_to_side_loudness": -2.8526790142059326,
      "mid_to_side_loudness_range": 21.754377365112305,
      "side_mean": -20.674331665039062
    },
    {
      "high_freq": 392.3793640136719,
      "loudness": -18.02141571044922,
      "loudness_range": 10.49973201751709,
      "low_freq": 148.1999969482422,
      "mid_mean": -16.672855377197266,
      "mid_to_side_loudness": -3.128434658050537,
      "mid_to_side_loudness_range": 15.916399002075195,
      "side_mean": -19.871700286865234
    },
    {
      "high_freq": 794.6976318359375,
      "loudness": -19.420732498168945,
      "loudness_range": 10.40153980255127,
      "low_freq": 392.3793640136719,
      "mid_mean": -17.619604110717773,
      "mid_to_side_loudness": -4.224425315856934,
      "mid_to_side_loudness_range": 14.131850242614746,
      "side_mean": -21.83969497680664
    },
    {
      "high_freq": 1457.5709228515625,
      "loudness": -16.707130432128906,
      "loudness_range": 13.095008850097656,
      "low_freq": 794.6976318359375,
      "mid_mean": -14.846409797668457,
      "mid_to_side_loudness": -4.333542823791504,
      "mid_to_side_loudness_range": 13.594810485839844,
      "side_mean": -19.196611404418945
    },
    {
      "high_freq": 2549.74365234375,
      "loudness": -18.741119384765625,
      "loudness_range": 10.958178520202637,
      "low_freq": 1457.5709228515625,
      "mid_mean": -17.0593318939209,
      "mid_to_side_loudness": -3.413773775100708,
      "mid_to_side_loudness_range": 11.642712593078613,
      "side_mean": -20.53096580505371
    },
    {
      "high_freq": 4349.24462890625,
      "loudness": -18.878828048706055,
      "loudness_range": 11.841692924499512,
      "low_freq": 2549.74365234375,
      "mid_mean": -16.69258689880371,
      "mid_to_side_loudness": -5.3353047370910645,
      "mid_to_side_loudness_range": 13.330314636230469,
      "side_mean": -22.051170349121094
    },
    {
      "high_freq": 7314.1640625,
      "loudness": -21.602100372314453,
      "loudness_range": 13.444502830505371,
      "low_freq": 4349.24462890625,
      "mid_mean": -18.97519302368164,
      "mid_to_side_loudness": -7.134946346282959,
      "mid_to_side_loudness_range": 13.904410362243652,
      "side_mean": -26.13197898864746
    },
    {
      "high_freq": 12199.2666015625,
      "loudness": -23.329145431518555,
      "loudness_range": 15.782503128051758,
      "low_freq": 7314.1640625,
      "mid_mean": -20.842214584350586,
      "mid_to_side_loudness": -6.256224632263184,
      "mid_to_side_loudness_range": 12.650181770324707,
      "side_mean": -27.091567993164062
    },
    {
      "loudness": -29.562454223632812,
      "loudness_range": 17.16739273071289,
      "low_freq": 12199.2666015625,
      "mid_mean": -27.4625244140625,
      "mid_to_side_loudness": -4.649876594543457,
      "mid_to_side_loudness_range": 11.189092636108398,
      "side_mean": -32.08680725097656
    }
  ],
  "bandwidth": 751.6675415039062,
  "channels": 2,
  "covariance": [
    [
      16.6827392578125,
      6.917814254760742,
      4.818793296813965,
      0.2771446704864502,
      -2.014007091522217,
      -0.6461329460144043,
      -3.1942505836486816,
      -1.4034276008605957,
      -2.5958569049835205,
      -0.6866916418075562,
      -1.534080982208252,
      0.7392776608467102,
      -0.27707189321517944,
      0.32651808857917786,
      -1.1572694778442383,
      0.06850665807723999,
      -0.7085605263710022,
      0.7862280607223511
    ],
    [
      6.917814254760742,
      24.06052017211914,
      1.2768052816390991,
      7.390085220336914,
      -2.0917880535125732,
      5.060834884643555,
      -1.5655386447906494,
      5.688155174255371,
      -2.8931872844696045,
      4.6414031982421875,
      -2.3030292987823486,
      6.599261283874512,
      0.4310675859451294,
      6.169538497924805,
      0.7160367965698242,
      5.082244396209717,
      0.2193635255098343,
      5.49785041809082
    ],
    [
      4.818793296813965,
      1.2768052816390991,
      8.564653396606445,
      1.513822078704834,
      0.5913102030754089,
      -0.054547686129808426,
      -1.47151780128479,
      -1.1618051528930664,
      0.33989107608795166,
      0.32209542393684387,
      1.1733113527297974,
      1.413238286972046,
      2.141997814178467,
      1.223482370376587,
      1.045428991317749,
      1.1167304515838623,
      0.9295236468315125,
      1.7488582134246826
    ],
    [
      0.2771446704864502,
      7.390085220336914,
      1.513822078704834,
      16.9134464263916,
      2.018845796585083,
      13.696965217590332,
      2.71462082862854,
      13.691807746887207,
      2.9073615074157715,
      12.27060317993164,
      3.8316876888275146,
      15.485227584838867,
      3.2673306465148926,
      13.015588760375977,
      4.216712951660156,
      11.216477394104004,
      2.6909923553466797,
      10.181827545166016
    ],
    [
      -2.014007091522217,
      -2.0917880535125732,
      0.5913102030754089,
      2.018845796585083,
      8.33210563659668,
      4.880765438079834,
      5.0110273361206055,
      3.749727725982666,
      2.798326015472412,
      2.709088087081909,
      4.331570148468018,
      4.0555901527404785,
      2.556689977645874,
      2.727479934692383,
      2.69150972366333,
      3.0533077716827393,
      1.909448504447937,
      2.907418966293335
    ],
    [
      -0.6461329460144043,
      5.060834884643555,
      -0.054547686129808426,
      13.696965217590332,
      4.880765438079834,
      19.778087615966797,
      5.506857872009277,
      17.06508445739746,
      3.679187059402466,
      14.06872272491455,
      5.20054292678833,
      17.984920501708984,
      3.717822551727295,
      14.762941360473633,
      5.170241355895996,
      13.165732383728027,
      3.3731064796447754,
      11.423806190490723
    ],
    [
      -3.1942505836486816,
      -1.5655386447906494,
      -1.47151780128479,
      2.71462082862854,
      5.0110273361206055,
      5.506857872009277,
      13.949690818786621,
      8.891255378723145,
      4.334033966064453,
      4.527588367462158,
      3.8067784309387207,
      4.5946784019470215,
      1.0070409774780273,
      3.7338762283325195,
      1.4185194969177246,
      3.1106226444244385,
      0.5154812335968018,
      2.616586446762085
    ],
    [
      -1.4034276008605957,
      5.688155174255371,
      -1.1618051528930664,
      13.691807746887207,
      3.749727725982666,
      17.06508445739746,
      8.891255378723145,
      22.626413345336914,
      4.876893997192383,
      16.343046188354492,
      4.719032287597656,
      18.573911666870117,
      3.0135912895202637,
      15.362793922424316,
      4.35708475112915,
      12.813395500183105,
      2.7065203189849854,
      11.143858909606934
    ],
    [
      -2.5958569049835205,
      -2.8931872844696045,
      0.33989107608795166,
      2.9073615074157715,
      2.798326015472412,
      3.679187059402466,
      4.334033966064453,
      4.876893997192383,
      8.242918014526367,
      5.815101146697998,
      5.4873762130737305,
      5.416530132293701,
      3.455618381500244,
      4.0304670333862305,
      3.2759058475494385,
      3.6613683700561523,
      2.728487730026245,
      3.6359758377075195
    ],
    [
      -0.6866916418075562,
      4.6414031982421875,
      0.32209542393684387,
      12.27060317993164,
      2.709088087081909,
      14.06872272491455,
      4.527588367462158,
      16.343046188354492,
      5.815101146697998,
      17.170209884643555,
      5.803225040435791,
      18.144573211669922,
      4.622991561889648,
      14.819676399230957,
      5.596400737762451,
      12.57447624206543,
      4.218771934509277,
      11.37255573272705
    ],
    [
      -1.534080982208252,
      -2.3030292987823486,
      1.1733113527297974,
      3.8316876888275146,
      4.331570148468018,
      5.20054292678833,
      3.8067784309387207,
      4.719032287597656,
      5.4873762130737305,
      5.803225040435791,
      10.84283447265625,
      9.055133819580078,
      6.411243915557861,
      6.659875392913818,
      5.680746078491211,
      5.660269260406494,
      4.046925067901611,
      5.3777852058410645
    ],
    [
      0.7392776608467102,
      6.599261283874512,
      1.413238286972046,
      15.485227584838867,
      4.0555901527404785,
      17.984920501708984,
      4.5946784019470215,
      18.573911666870117,
      5.416530132293701,
      18.144573211669922,
      9.055133819580078,
      24.935853958129883,
      6.879485607147217,
      19.645736694335938,
      8.01423168182373,
      16.698776245117188,
      5.810193061828613,
      14.9694242477417
    ],
    [
      -0.27707189321517944,
      0.4310675859451294,
      2.141997814178467,
      3.2673306465148926,
      2.556689977645874,
      3.717822551727295,
      1.0070409774780273,
      3.0135912895202637,
      3.455618381500244,
      4.622991561889648,
      6.411243915557861,
      6.879485607147217,
      10.312409400939941,
      7.321254730224609,
      9.778444290161133,
      7.100456237792969,
      8.549765586853027,
      7.635324954986572
    ],
    [
      0.32651808857917786,
      6.169538497924805,
      1.223482370376587,
      13.015588760375977,
      2.727479934692383,
      14.762941360473633,
      3.7338762283325195,
      15.362793922424316,
      4.0304670333862305,
      14.819676399230957,
      6.659875392913818,
      19.645736694335938,
      7.321254730224609,
      18.094165802001953,
      8.354215621948242,
      15.536728858947754,
      6.577643394470215,
      14.010181427001953
    ],
    [
      -1.1572694778442383,
      0.7160367965698242,
      1.045428991317749,
      4.216712951660156,
      2.69150972366333,
      5.170241355895996,
      1.4185194969177246,
      4.35708475112915,
      3.2759058475494385,
      5.596400737762451,
      5.680746078491211,
      8.01423168182373,
      9.778444290161133,
      8.354215621948242,
      12.192456245422363,
      9.63127326965332,
      10.864541053771973,
      9.885688781738281
    ],
    [
      0.06850665807723999,
      5.082244396209717,
      1.1167304515838623,
      11.216477394104004,
      3.0533077716827393,
      13.165732383728027,
      3.1106226444244385,
      12.813395500183105,
      3.6613683700561523,
      12.57447624206543,
      5.660269260406494,
      16.698776245117188,
      7.100456237792969,
      15.536728858947754,
      9.63127326965332,
      16.999624252319336,
      8.929670333862305,
      16.44391632080078
    ],
    [
      -0.7085605263710022,
      0.2193635255098343,
      0.9295236468315125,
      2.6909923553466797,
      1.909448504447937,
      3.3731064796447754,
      0.5154812335968018,
      2.7065203189849854,
      2.728487730026245,
      4.218771934509277,
      4.046925067901611,
      5.810193061828613,
      8.549765586853027,
      6.577643394470215,
      10.864541053771973,
      8.929670333862305,
      11.866107940673828,
      10.331178665161133
    ],
    [
      0.7862280607223511,
      5.49785041809082,
      1.7488582134246826,
      10.181827545166016,
      2.907418966293335,
      11.423806190490723,
      2.616586446762085,
      11.143858909606934,
      3.6359758377075195,
      11.37255573272705,
      5.3777852058410645,
      14.9694242477417,
      7.635324954986572,
      14.010181427001953,
      9.885688781738281,
      16.44391632080078,
      10.331178665161133,
      18.027498245239258
    ]
  ],
  "covariance_short": [
    [
      48.915016174316406,
      15.648913383483887,
      9.691590309143066,
      -3.368821382522583,
      -5.4908318519592285,
      -3.6448259353637695,
      -7.259625434875488,
      -4.4326300621032715,
      -4.450755596160889,
      -1.9806780815124512,
      -4.8289265632629395,
      -2.387051820755005,
      -5.999589920043945,
      -3.3717687129974365,
      -6.465599060058594,
      -2.17507266998291,
      -4.576582431793213,
      -0.3601733148097992
    ],
    [
      15.648913383483887,
      45.974098205566406,
      2.402736186981201,
      7.781004905700684,
      -2.468000888824463,
      5.150309085845947,
      -2.80683970451355,
      4.101429462432861,
      -4.065125465393066,
      3.581010341644287,
      -4.412528038024902,
      4.844861030578613,
      -2.371018171310425,
      5.0265655517578125,
      -1.9862163066864014,
      3.9292516708374023,
      -1.6680934429168701,
      4.163171768188477
    ],
    [
      9.691590309143066,
      2.402736186981201,
      18.824352264404297,
      4.287136077880859,
      3.379368543624878,
      2.8236796855926514,
      0.34056296944618225,
      2.839449167251587,
      3.5657742023468018,
      4.719754695892334,
      4.117521286010742,
      4.59481954574585,
      6.213210105895996,
      5.205782413482666,
      5.7242279052734375,
      6.00211763381958,
      6.954168796539307,
      7.392861366271973
    ],
    [
      -3.368821382522583,
      7.781004905700684,
      4.287136077880859,
      23.469993591308594,
      4.384461402893066,
      16.23811149597168,
      5.115854263305664,
      15.608148574829102,
      4.1643452644348145,
      14.316934585571289,
      4.903383255004883,
      16.953292846679688,
      5.591977119445801,
      15.082759857177734,
      6.057787895202637,
      13.160945892333984,
      5.051943778991699,
      11.916781425476074
    ],
    [
      -5.4908318519592285,
      -2.468000888824463,
      3.379368543624878,
      4.384461402893066,
      16.59147834777832,
      8.615612030029297,
      9.149971961975098,
      8.116928100585938,
      6.071348190307617,
      6.415745735168457,
      8.12848949432373,
      8.041840553283691,
      7.908721446990967,
      6.8583502769470215,
      8.989585876464844,
      7.532893657684326,
      8.401071548461914,
      7.106960296630859
    ],
    [
      -3.6448259353637695,
      5.150309085845947,
      2.8236796855926514,
      16.23811149597168,
      8.615612030029297,
      27.061498641967773,
      9.375503540039062,
      22.058713912963867,
      6.809056758880615,
      18.88386344909668,
      8.073856353759766,
      22.153043746948242,
      7.857573509216309,
      18.975595474243164,
      8.980162620544434,
      18.04269790649414,
      7.62177038192749,
      15.981088638305664
    ],
    [
      -7.259625434875488,
      -2.80683970451355,
      0.34056296944618225,
      5.115854263305664,
      9.149971961975098,
      9.375503540039062,
      24.4571590423584,
      16.13224220275879,
      9.921382904052734,
      9.73529052734375,
      9.186732292175293,
      9.58686637878418,
      8.36317253112793,
      8.972620010375977,
      9.984883308410645,
      9.582374572753906,
      9.310256958007812,
      8.633538246154785
    ],
    [
      -4.4326300621032715,
      4.101429462432861,
      2.839449167251587,
      15.608148574829102,
      8.116928100585938,
      22.058713912963867,
      16.13224220275879,
      32.64545440673828,
      10.53505802154541,
      23.517229080200195,
      9.331062316894531,
      24.30419158935547,
      9.97441577911377,
      21.294675827026367,
      11.44871711730957,
      20.837060928344727,
      10.912384033203125,
      19.249914169311523
    ],
    [
      -4.450755596160889,
      -4.065125465393066,
      3.5657742023468018,
      4.1643452644348145,
      6.071348190307617,
      6.809056758880615,
      9.921382904052734,
      10.53505802154541,
      16.571598052978516,
      11.885068893432617,
      11.35396957397461,
      10.611638069152832,
      11.155386924743652,
      9.7698335647583,
      11.13336181640625,
      10.88854694366455,
      11.788495063781738,
      11.752266883850098
    ],
    [
      -1.9806780815124512,
      3.581010341644287,
      4.719754695892334,
      14.316934585571289,
      6.415745735168457,
      18.88386344909668,
      9.73529052734375,
      23.517229080200195,
      11.885068893432617,
      26.746980667114258,
      10.130108833312988,
      24.356874465942383,
      11.078529357910156,
      21.137657165527344,
      11.88666820526123,
      20.541574478149414,
      11.927082061767578,
      19.911907196044922
    ],
    [
      -4.8289265632629395,
      -4.412528038024902,
      4.117521286010742,
      4.903383255004883,
      8.12848949432373,
      8.073856353759766,
      9.186732292175293,
      9.331062316894531,
      11.35396957397461,
      10.130108833312988,
      19.950597763061523,
      14.260128021240234,
      16.67041015625,
      12.587435722351074,
      16.167423248291016,
      13.57239055633545,
      14.918819427490234,
      13.908537864685059
    ],
    [
      -2.387051820755005,
      4.844861030578613,
      4.59481954574585,
      16.953292846679688,
      8.041840553283691,
      22.153043746948242,
      9.58686637878418,
      24.30419158935547,
      10.611638069152832,
      24.356874465942383,
      14.260128021240234,
      31.79326820373535,
      13.179572105407715,
      25.094392776489258,
      13.824535369873047,
      23.774799346923828,
      12.56399917602539,
      22.19938850402832
    ],
    [
      -5.999589920043945,
      -2.371018171310425,
      6.213210105895996,
      5.591977119445801,
      7.908721446990967,
      7.857573509216309,
      8.36317253112793,
      9.97441577911377,
      11.155386924743652,
      11.078529357910156,
      16.67041015625,
      13.179572105407715,
      28.836790084838867,
      17.648263931274414,
      28.569259643554688,
      20.52572250366211,
      27.608884811401367,
      21.88496208190918
    ],
    [
      -3.3717687129974365,
      5.0265655517578125,
      5.205782413482666,
      15.082759857177734,
      6.8583502769470215,
      18.975595474243164,
      8.972620010375977,
      21.294675827026367,
      9.7698335647583,
      21.137657165527344,
      12.587435722351074,
      25.094392776489258,
      17.648263931274414,
      27.394987106323242,
      18.811189651489258,
      26.535633087158203,
      18.066059112548828,
      25.205202102661133
    ],
    [
      -6.465599060058594,
      -1.9862163066864014,
      5.7242279052734375,
      6.057787895202637,
      8.989585876464844,
      8.980162620544434,
      9.984883308410645,
      11.44871711730957,
      11.13336181640625,
      11.88666820526123,
      16.167423248291016,
      13.824535369873047,
      28.569259643554688,
      18.811189651489258,
      34.80655288696289,
      24.790048599243164,
      33.51839065551758,
      25.822978973388672
    ],
    [
      -2.17507266998291,
      3.9292516708374023,
      6.00211763381958,
      13.160945892333984,
      7.532893657684326,
      18.04269790649414,
      9.582374572753906,
      20.837060928344727,
      10.88854694366455,
      20.541574478149414,
      13.57239055633545,
      23.774799346923828,
      20.52572250366211,
      26.535633087158203,
      24.790048599243164,
      33.32789611816406,
      25.274362564086914,
      32.783592224121094
    ],
    [
      -4.576582431793213,
      -1.6680934429168701,
      6.954168796539307,
      5.051943778991699,
      8.401071548461914,
      7.62177038192749,
      9.310256958007812,
      10.912384033203125,
      11.788495063781738,
      11.927082061767578,
      14.918819427490234,
      12.56399917602539,
      27.608884811401367,
      18.066059112548828,
      33.51839065551758,
      25.274362564086914,
      37.4293212890625,
      28.76995277404785
    ],
    [
      -0.3601733148097992,
      4.163171768188477,
      7.392861366271973,
      11.916781425476074,
      7.106960296630859,
      15.981088638305664,
      8.633538246154785,
      19.249914169311523,
      11.752266883850098,
      19.911907196044922,
      13.908537864685059,
      22.19938850402832,
      21.88496208190918,
      25.205202102661133,
      25.822978973388672,
      32.783592224121094,
      28.76995277404785,
      37.67672348022461
    ]
  ],
  "damage": -1.8755967617034912,
  "diff_bandwidth": 770.2474975585938,
  "dissonance": 10.374304724872607,
  "drr": 7.7055816650390625,
  "dynamics": 1.6835963726043701,
  "format": 1245190,
  "frames": 12957696,
  "loudness": -5.1952338218688965,
  "loudness_range": 3.6106367111206055,
  "loudness_range_short": 6.304759502410889,
  "lowpass_true_peak_15khz": 3.7540125846862793,
  "mastering3_acoustic_entropies": [
    {
      "acoustic_entropy": 5.199942111968994,
      "acoustic_entropy_mono": 5.33304500579834,
      "band_eliminated_acoustic_entropies": [
        {
          "acoustic_entropy": 5.2110443115234375,
          "acoustic_entropy_side": 5.192620754241943,
          "hz": 129.47220167065723
        },
        {
          "acoustic_entropy": 5.254258632659912,
          "acoustic_entropy_side": 5.211988925933838,
          "hz": 202.92927478742237
        },
        {
          "acoustic_entropy": 5.4509806632995605,
          "acoustic_entropy_side": 5.212406158447266,
          "hz": 282.89161906338205
        },
        {
          "acoustic_entropy": 5.470512866973877,
          "acoustic_entropy_side": 5.2506561279296875,
          "hz": 369.9353335868758
        },
        {
          "acoustic_entropy": 5.375655651092529,
          "acoustic_entropy_side": 5.238481044769287,
          "hz": 464.6875360973435
        },
        {
          "acoustic_entropy": 5.3113908767700195,
          "acoustic_entropy_side": 5.235891342163086,
          "hz": 567.8308811364784
        },
        {
          "acoustic_entropy": 5.280552864074707,
          "acoustic_entropy_side": 5.2341413497924805,
          "hz": 680.1084783214808
        },
        {
          "acoustic_entropy": 5.541626453399658,
          "acoustic_entropy_side": 5.187870025634766,
          "hz": 802.3292461747484
        },
        {
          "acoustic_entropy": 5.815598011016846,
          "acoustic_entropy_side": 5.418909549713135,
          "hz": 935.3737400823702
        },
        {
          "acoustic_entropy": 5.637288570404053,
          "acoustic_entropy_side": 5.309085845947266,
          "hz": 1080.2004963696966
        },
        {
          "acoustic_entropy": 4.995478630065918,
          "acoustic_entropy_side": 5.185166358947754,
          "hz": 1237.8529382007157
        },
        {
          "acoustic_entropy": 5.312614917755127,
          "acoustic_entropy_side": 5.05185079574585,
          "hz": 1409.4668930556702
        },
        {
          "acoustic_entropy": 5.058921813964844,
          "acoustic_entropy_side": 5.144134998321533,
          "hz": 1596.2787759475705
        },
        {
          "acoustic_entropy": 5.54856538772583,
          "acoustic_entropy_side": 5.320948123931885,
          "hz": 1799.6344973346393
        },
        {
          "acoustic_entropy": 5.363600254058838,
          "acoustic_entropy_side": 5.27000093460083,
          "hz": 2020.9991599069049
        },
        {
          "acoustic_entropy": 5.479101657867432,
          "acoustic_entropy_side": 5.167011260986328,
          "hz": 2261.9676141086993
        },
        {
          "acoustic_entropy": 5.26756477355957,
          "acoustic_entropy_side": 5.091423034667969,
          "hz": 2524.2759484456974
        },
        {
          "acoustic_entropy": 5.184386253356934,
          "acoustic_entropy_side": 5.0804924964904785,
          "hz": 2809.813997359896
        },
        {
          "acoustic_entropy": 4.951957702636719,
          "acoustic_entropy_side": 5.065927505493164,
          "hz": 3120.6389567871424
        },
        {
          "acoustic_entropy": 5.1504597663879395,
          "acoustic_entropy_side": 5.061363697052002,
          "hz": 3458.990205492291
        },
        {
          "acoustic_entropy": 5.4567790031433105,
          "acoustic_entropy_side": 5.08380651473999,
          "hz": 3827.305438964164
        },
        {
          "acoustic_entropy": 5.423431873321533,
          "acoustic_entropy_side": 5.120253086090088,
          "hz": 4228.238232109126
        },
        {
          "acoustic_entropy": 5.256263256072998,
          "acoustic_entropy_side": 5.144824981689453,
          "hz": 4664.6771572759235
        },
        {
          "acoustic_entropy": 5.095932483673096,
          "acoustic_entropy_side": 5.150842189788818,
          "hz": 5139.766595350093
        },
        {
          "acoustic_entropy": 5.0798444747924805,
          "acoustic_entropy_side": 5.166162967681885,
          "hz": 5656.929389854203
        },
        {
          "acoustic_entropy": 5.098390102386475,
          "acoustic_entropy_side": 5.173806667327881,
          "hz": 6219.891507268283
        },
        {
          "acoustic_entropy": 5.017673015594482,
          "acoustic_entropy_side": 5.18736457824707,
          "hz": 6832.70888123896
        },
        {
          "acoustic_entropy": 5.061744213104248,
          "acoustic_entropy_side": 5.193072319030762,
          "hz": 7499.796634079867
        },
        {
          "acoustic_entropy": 5.1308746337890625,
          "acoustic_entropy_side": 5.200263023376465,
          "hz": 8225.96088609342
        },
        {
          "acoustic_entropy": 5.117624282836914,
          "acoustic_entropy_side": 5.206094741821289,
          "hz": 9016.43338188839
        },
        {
          "acoustic_entropy": 5.146820545196533,
          "acoustic_entropy_side": 5.198242664337158,
          "hz": 9876.909183162974
        },
        {
          "acoustic_entropy": 5.129036903381348,
          "acoustic_entropy_side": 5.182993412017822,
          "hz": 10813.587699516042
        },
        {
          "acoustic_entropy": 5.063416957855225,
          "acoustic_entropy_side": 5.138429641723633,
          "hz": 11833.21735289826
        },
        {
          "acoustic_entropy": 5.066182613372803,
          "acoustic_entropy_side": 5.096972465515137,
          "hz": 12943.144197493959
        },
        {
          "acoustic_entropy": 5.109371662139893,
          "acoustic_entropy_side": 5.156887054443359,
          "hz": 14151.364845322005
        },
        {
          "acoustic_entropy": 5.140058517456055,
          "acoustic_entropy_side": 5.176362991333008,
          "hz": 15466.58407886509
        },
        {
          "acoustic_entropy": 5.165317058563232,
          "acoustic_entropy_side": 5.190220355987549,
          "hz": 16898.27756580493
        },
        {
          "acoustic_entropy": 5.177985668182373,
          "acoustic_entropy_side": 5.19688081741333,
          "hz": 18456.760127700032
        },
        {
          "acoustic_entropy": 5.185608386993408,
          "acoustic_entropy_side": 5.19913911819458,
          "hz": 20153.260054456492
        },
        {
          "acoustic_entropy": 5.197082042694092,
          "acoustic_entropy_side": 5.199865818023682,
          "hz": 22000.00000000001
        }
      ],
      "diff_acoustic_entropy": 5.359410762786865,
      "sn": 6
    },
    {
      "acoustic_entropy": 9.258027076721191,
      "acoustic_entropy_mono": 8.913780212402344,
      "band_eliminated_acoustic_entropies": [
        {
          "acoustic_entropy": 9.588397026062012,
          "acoustic_entropy_side": 9.383403778076172,
          "hz": 129.47220167065723
        },
        {
          "acoustic_entropy": 9.483539581298828,
          "acoustic_entropy_side": 9.402863502502441,
          "hz": 202.92927478742237
        },
        {
          "acoustic_entropy": 10.347105026245117,
          "acoustic_entropy_side": 9.73285961151123,
          "hz": 282.89161906338205
        },
        {
          "acoustic_entropy": 9.776591300964355,
          "acoustic_entropy_side": 9.384160995483398,
          "hz": 369.9353335868758
        },
        {
          "acoustic_entropy": 10.223846435546875,
          "acoustic_entropy_side": 9.117011070251465,
          "hz": 464.6875360973435
        },
        {
          "acoustic_entropy": 9.489702224731445,
          "acoustic_entropy_side": 9.120079040527344,
          "hz": 567.8308811364784
        },
        {
          "acoustic_entropy": 9.253661155700684,
          "acoustic_entropy_side": 9.361650466918945,
          "hz": 680.1084783214808
        },
        {
          "acoustic_entropy": 9.628254890441895,
          "acoustic_entropy_side": 9.167679786682129,
          "hz": 802.3292461747484
        },
        {
          "acoustic_entropy": 9.65604305267334,
          "acoustic_entropy_side": 9.769701957702637,
          "hz": 935.3737400823702
        },
        {
          "acoustic_entropy": 10.279121398925781,
          "acoustic_entropy_side": 9.258552551269531,
          "hz": 1080.2004963696966
        },
        {
          "acoustic_entropy": 9.432207107543945,
          "acoustic_entropy_side": 9.589275360107422,
          "hz": 1237.8529382007157
        },
        {
          "acoustic_entropy": 9.523297309875488,
          "acoustic_entropy_side": 9.070721626281738,
          "hz": 1409.4668930556702
        },
        {
          "acoustic_entropy": 9.750011444091797,
          "acoustic_entropy_side": 9.192028045654297,
          "hz": 1596.2787759475705
        },
        {
          "acoustic_entropy": 10.221696853637695,
          "acoustic_entropy_side": 9.810033798217773,
          "hz": 1799.6344973346393
        },
        {
          "acoustic_entropy": 9.49656867980957,
          "acoustic_entropy_side": 9.242935180664062,
          "hz": 2020.9991599069049
        },
        {
          "acoustic_entropy": 9.76993179321289,
          "acoustic_entropy_side": 9.141494750976562,
          "hz": 2261.9676141086993
        },
        {
          "acoustic_entropy": 9.28842544555664,
          "acoustic_entropy_side": 9.231929779052734,
          "hz": 2524.2759484456974
        },
        {
          "acoustic_entropy": 9.55797004699707,
          "acoustic_entropy_side": 9.44775676727295,
          "hz": 2809.813997359896
        },
        {
          "acoustic_entropy": 9.08063793182373,
          "acoustic_entropy_side": 9.034256935119629,
          "hz": 3120.6389567871424
        },
        {
          "acoustic_entropy": 9.126708984375,
          "acoustic_entropy_side": 9.090519905090332,
          "hz": 3458.990205492291
        },
        {
          "acoustic_entropy": 9.08388900756836,
          "acoustic_entropy_side": 9.186171531677246,
          "hz": 3827.305438964164
        },
        {
          "acoustic_entropy": 9.261714935302734,
          "acoustic_entropy_side": 9.314541816711426,
          "hz": 4228.238232109126
        },
        {
          "acoustic_entropy": 9.398841857910156,
          "acoustic_entropy_side": 9.13491153717041,
          "hz": 4664.6771572759235
        },
        {
          "acoustic_entropy": 9.385336875915527,
          "acoustic_entropy_side": 9.206576347351074,
          "hz": 5139.766595350093
        },
        {
          "acoustic_entropy": 9.328469276428223,
          "acoustic_entropy_side": 9.194686889648438,
          "hz": 5656.929389854203
        },
        {
          "acoustic_entropy": 9.273186683654785,
          "acoustic_entropy_side": 9.2255277633667,
          "hz": 6219.891507268283
        },
        {
          "acoustic_entropy": 9.508291244506836,
          "acoustic_entropy_side": 9.235448837280273,
          "hz": 6832.70888123896
        },
        {
          "acoustic_entropy": 9.481730461120605,
          "acoustic_entropy_side": 9.262882232666016,
          "hz": 7499.796634079867
        },
        {
          "acoustic_entropy": 9.349578857421875,
          "acoustic_entropy_side": 9.256349563598633,
          "hz": 8225.96088609342
        },
        {
          "acoustic_entropy": 9.378132820129395,
          "acoustic_entropy_side": 9.27712631225586,
          "hz": 9016.43338188839
        },
        {
          "acoustic_entropy": 9.233855247497559,
          "acoustic_entropy_side": 9.279216766357422,
          "hz": 9876.909183162974
        },
        {
          "acoustic_entropy": 9.2548246383667,
          "acoustic_entropy_side": 9.299882888793945,
          "hz": 10813.587699516042
        },
        {
          "acoustic_entropy": 9.315404891967773,
          "acoustic_entropy_side": 9.367608070373535,
          "hz": 11833.21735289826
        },
        {
          "acoustic_entropy": 9.375950813293457,
          "acoustic_entropy_side": 9.411957740783691,
          "hz": 12943.144197493959
        },
        {
          "acoustic_entropy": 9.619743347167969,
          "acoustic_entropy_side": 9.483038902282715,
          "hz": 14151.364845322005
        },
        {
          "acoustic_entropy": 9.537493705749512,
          "acoustic_entropy_side": 9.345846176147461,
          "hz": 15466.58407886509
        },
        {
          "acoustic_entropy": 9.285018920898438,
          "acoustic_entropy_side": 9.289847373962402,
          "hz": 16898.27756580493
        },
        {
          "acoustic_entropy": 9.212112426757812,
          "acoustic_entropy_side": 9.282341957092285,
          "hz": 18456.760127700032
        },
        {
          "acoustic_entropy": 9.158819198608398,
          "acoustic_entropy_side": 9.274341583251953,
          "hz": 20153.260054456492
        },
        {
          "acoustic_entropy": 9.228182792663574,
          "acoustic_entropy_side": 9.260194778442383,
          "hz": 22000.00000000001
        }
      ],
      "diff_acoustic_entropy": 8.972579002380371,
      "sn": 12
    },
    {
      "acoustic_entropy": 14.480794906616211,
      "acoustic_entropy_mono": 12.14980697631836,
      "band_eliminated_acoustic_entropies": [
        {
          "acoustic_entropy": 14.908053398132324,
          "acoustic_entropy_side": 14.996321678161621,
          "hz": 129.47220167065723
        },
        {
          "acoustic_entropy": 14.841656684875488,
          "acoustic_entropy_side": 14.925322532653809,
          "hz": 202.92927478742237
        },
        {
          "acoustic_entropy": 15.020252227783203,
          "acoustic_entropy_side": 14.7446928024292,
          "hz": 282.89161906338205
        },
        {
          "acoustic_entropy": 14.517995834350586,
          "acoustic_entropy_side": 14.08459186553955,
          "hz": 369.9353335868758
        },
        {
          "acoustic_entropy": 14.661231994628906,
          "acoustic_entropy_side": 14.167282104492188,
          "hz": 464.6875360973435
        },
        {
          "acoustic_entropy": 14.426575660705566,
          "acoustic_entropy_side": 14.10990047454834,
          "hz": 567.8308811364784
        },
        {
          "acoustic_entropy": 14.624743461608887,
          "acoustic_entropy_side": 14.622300148010254,
          "hz": 680.1084783214808
        },
        {
          "acoustic_entropy": 14.792085647583008,
          "acoustic_entropy_side": 14.004656791687012,
          "hz": 802.3292461747484
        },
        {
          "acoustic_entropy": 14.525209426879883,
          "acoustic_entropy_side": 14.759389877319336,
          "hz": 935.3737400823702
        },
        {
          "acoustic_entropy": 14.96760082244873,
          "acoustic_entropy_side": 14.650699615478516,
          "hz": 1080.2004963696966
        },
        {
          "acoustic_entropy": 14.514589309692383,
          "acoustic_entropy_side": 14.70820140838623,
          "hz": 1237.8529382007157
        },
        {
          "acoustic_entropy": 15.142784118652344,
          "acoustic_entropy_side": 14.655413627624512,
          "hz": 1409.4668930556702
        },
        {
          "acoustic_entropy": 14.688817977905273,
          "acoustic_entropy_side": 15.115159034729004,
          "hz": 1596.2787759475705
        },
        {
          "acoustic_entropy": 14.68168830871582,
          "acoustic_entropy_side": 14.611916542053223,
          "hz": 1799.6344973346393
        },
        {
          "acoustic_entropy": 14.672417640686035,
          "acoustic_entropy_side": 14.69378662109375,
          "hz": 2020.9991599069049
        },
        {
          "acoustic_entropy": 14.610823631286621,
          "acoustic_entropy_side": 14.636455535888672,
          "hz": 2261.9676141086993
        },
        {
          "acoustic_entropy": 14.464844703674316,
          "acoustic_entropy_side": 14.465479850769043,
          "hz": 2524.2759484456974
        },
        {
          "acoustic_entropy": 14.8798828125,
          "acoustic_entropy_side": 14.681878089904785,
          "hz": 2809.813997359896
        },
        {
          "acoustic_entropy": 14.626258850097656,
