{
  "acoustic_entropy": 157.1156768798828,
  "bands": [
    {
      "high_freq": 148.1999969482422,
      "loudness": -33.19998550415039,
      "loudness_range": 20.00382423400879,
      "mid_mean": -29.572683334350586,
      "mid_to_side_loudness": -24.18271255493164,
      "mid_to_side_loudness_range": 18.58893585205078,
      "side_mean": -54.085845947265625
    },
    {
      "high_freq": 392.3793640136719,
      "loudness": -36.2070198059082,
      "loudness_range": 16.699634552001953,
      "low_freq": 148.1999969482422,
      "mid_mean": -32.56386184692383,
      "mid_to_side_loudness": -22.591590881347656,
      "mid_to_side_loudness_range": 14.462223052978516,
      "side_mean": -55.25521469116211
    },
    {
      "high_freq": 794.6976318359375,
      "loudness": -32.97690963745117,
      "loudness_range": 20.013643264770508,
      "low_freq": 392.3793640136719,
      "mid_mean": -29.38093376159668,
      "mid_to_side_loudness": -20.12892723083496,
      "mid_to_side_loudness_range": 15.205120086669922,
      "side_mean": -50.05023193359375
    },
    {
      "high_freq": 1457.5709228515625,
      "loudness": -36.42338562011719,
      "loudness_range": 23.558542251586914,
      "low_freq": 794.6976318359375,
      "mid_mean": -32.83172607421875,
      "mid_to_side_loudness": -22.10822868347168,
      "mid_to_side_loudness_range": 17.386703491210938,
      "side_mean": -55.11630630493164
    },
    {
      "high_freq": 2549.74365234375,
      "loudness": -37.59364700317383,
      "loudness_range": 23.361827850341797,
      "low_freq": 1457.5709228515625,
      "mid_mean": -33.94301986694336,
      "mid_to_side_loudness": -21.27125358581543,
      "mid_to_side_loudness_range": 14.670491218566895,
      "side_mean": -55.54265213012695
    },
    {
      "high_freq": 4349.24462890625,
      "loudness": -42.76691818237305,
      "loudness_range": 15.474479675292969,
      "low_freq": 2549.74365234375,
      "mid_mean": -39.08488464355469,
      "mid_to_side_loudness": -23.702972412109375,
      "mid_to_side_loudness_range": 12.926641464233398,
      "side_mean": -62.09337615966797
    },
    {
      "high_freq": 7314.1640625,
      "loudness": -48.332035064697266,
      "loudness_range": 15.18560791015625,
      "low_freq": 4349.24462890625,
      "mid_mean": -44.677703857421875,
      "mid_to_side_loudness": -29.957414627075195,
      "mid_to_side_loudness_range": 23.721311569213867,
      "side_mean": -68.02526092529297
    },
    {
      "high_freq": 12199.2666015625,
      "loudness": -56.888824462890625,
      "loudness_range": 14.9403076171875,
      "low_freq": 7314.1640625,
      "mid_mean": -53.40580749511719,
      "mid_to_side_loudness": -30.928945541381836,
      "mid_to_side_loudness_range": 29.061119079589844,
      "side_mean": -69.85701751708984
    },
    {
      "loudness": -70.14907836914062,
      "loudness_range": 17.01517105102539,
      "low_freq": 12199.2666015625,
      "mid_mean": -64.29598999023438,
      "mid_to_side_loudness": -21.107852935791016,
      "mid_to_side_loudness_range": 22.021320343017578,
      "side_mean": -69.92864990234375
    }
  ],
  "bands_short": [
    {
      "high_freq": 148.1999969482422,
      "loudness": -36.433589935302734,
      "loudness_range": 26.69273567199707,
      "mid_mean": -32.91563415527344,
      "mid_to_side_loudness": -21.92172622680664,
      "mid_to_side_loudness_range": 26.415451049804688,
      "side_mean": -55.66009521484375
    },
    {
      "high_freq": 392.3793640136719,
      "loudness": -36.03327178955078,
      "loudness_range": 17.072826385498047,
      "low_freq": 148.1999969482422,
      "mid_mean": -32.412025451660156,
      "mid_to_side_loudness": -22.630708694458008,
      "mid_to_side_loudness_range": 17.706558227539062,
      "side_mean": -55.30046463012695
    },
    {
      "high_freq": 794.6976318359375,
      "loudness": -34.09165573120117,
      "loudness_range": 23.028173446655273,
      "low_freq": 392.3793640136719,
      "mid_mean": -30.58232879638672,
      "mid_to_side_loudness": -18.917879104614258,
      "mid_to_side_loudness_range": 20.46514892578125,
      "side_mean": -50.483455657958984
    },
    {
      "high_freq": 1457.5709228515625,
      "loudness": -37.54441833496094,
      "loudness_range": 25.151262283325195,
      "low_freq": 794.6976318359375,
      "mid_mean": -34.03108596801758,
      "mid_to_side_loudness": -20.59739112854004,
      "mid_to_side_loudness_range": 20.900850296020508,
      "side_mean": -55.2134895324707
    },
    {
      "high_freq": 2549.74365234375,
      "loudness": -39.0023193359375,
      "loudness_range": 23.975831985473633,
      "low_freq": 1457.5709228515625,
      "mid_mean": -35.3958740234375,
      "mid_to_side_loudness": -20.223947525024414,
      "mid_to_side_loudness_range": 18.107315063476562,
      "side_mean": -56.10472106933594
    },
    {
      "high_freq": 4349.24462890625,
      "loudness": -43.522369384765625,
      "loudness_range": 17.026336669921875,
      "low_freq": 2549.74365234375,
      "mid_mean": -39.86994552612305,
      "mid_to_side_loudness": -22.658370971679688,
      "mid_to_side_loudness_range": 16.282676696777344,
      "side_mean": -62.06464385986328
    },
    {
      "high_freq": 7314.1640625,
      "loudness": -49.35741424560547,
      "loudness_range": 19.0386962890625,
      "low_freq": 4349.24462890625,
      "mid_mean": -45.696617126464844,
      "mid_to_side_loudness": -26.079252243041992,
      "mid_to_side_loudness_range": 23.869813919067383,
      "side_mean": -68.06617736816406
    },
    {
      "high_freq": 12199.2666015625,
      "loudness": -58.10408401489258,
      "loudness_range": 21.124557495117188,
      "low_freq": 7314.1640625,
      "mid_mean": -54.47431564331055,
      "mid_to_side_loudness": -27.35866928100586,
      "mid_to_side_loudness_range": 32.43557357788086,
      "side_mean": -69.85629272460938
    },
    {
      "loudness": -71.29296875,
      "loudness_range": 19.315582275390625,
      "low_freq": 12199.2666015625,
      "mid_mean": -64.86548614501953,
      "mid_to_side_loudness": -19.92552947998047,
      "mid_to_side_loudness_range": 23.462493896484375,
      "side_mean": -69.9284896850586
    }
  ],
  "bandwidth": 561.2688598632812,
  "channels": 2,
  "covariance": [
    [
      49.56364440917969,
      19.61727523803711,
      6.571998596191406,
      2.3198397159576416,
      0.38972511887550354,
      -0.17628031969070435,
      5.507599353790283,
      6.175841331481934,
      2.9226737022399902,
      1.5064629316329956,
      3.800285816192627,
      1.7481653690338135,
      5.618160724639893,
      1.529902458190918,
      5.22197961807251,
      0.0674983412027359,
      2.999925374984741,
      -0.022502711042761803
    ],
    [
      19.61727523803711,
      34.96834182739258,
      2.753235340118408,
      10.71609878540039,
      2.0200140476226807,
      10.300704002380371,
      6.0960774421691895,
      13.460145950317383,
      3.004316568374634,
      9.362212181091309,
      2.109802722930908,
      5.760826110839844,
      1.9032305479049683,
      1.8257527351379395,
      8.609270095825195,
      0.07915050536394119,
      3.385896682739258,
      7.749292853986844e-05
    ],
    [
      6.571998596191406,
      2.753235340118408,
      36.71638488769531,
      21.124223709106445,
      18.77079200744629,
      12.657005310058594,
      23.737350463867188,
      15.279509544372559,
      16.55685806274414,
      12.033536911010742,
      8.588637351989746,
      6.873745918273926,
      -0.07840186357498169,
      1.767800211906433,
      -3.1995482444763184,
      0.18313756585121155,
      -2.054886817932129,
      0.04941904917359352
    ],
    [
      2.3198397159576416,
      10.71609878540039,
      21.124223709106445,
      34.1331672668457,
      13.732441902160645,
      22.2850284576416,
      17.970684051513672,
      22.10342788696289,
      13.127914428710938,
      18.5058536529541,
      5.605714797973633,
      10.670635223388672,
      0.309341162443161,
      3.085700273513794,
      3.318298578262329,
      0.20407532155513763,
      -0.46828925609588623,
      0.06448622792959213
    ],
    [
      0.38972511887550354,
      2.0200140476226807,
      18.77079200744629,
      13.732441902160645,
      49.553836822509766,
      28.149255752563477,
      34.215476989746094,
      20.876665115356445,
      33.513858795166016,
      24.205265045166016,
      16.770288467407227,
      13.507146835327148,
      5.864012241363525,
      4.256899833679199,
      -0.585524320602417,
      0.15830785036087036,
      -2.4771738052368164,
      0.04833352565765381
    ],
    [
      -0.17628031969070435,
      10.300704002380371,
      12.657005310058594,
      22.2850284576416,
      28.149255752563477,
      44.45899963378906,
      21.924421310424805,
      28.414770126342773,
      21.748258590698242,
      30.997867584228516,
      11.101934432983398,
      17.789134979248047,
      5.088696479797363,
      5.460673809051514,
      8.797311782836914,
      0.23507383465766907,
      1.2086248397827148,
      0.051326774060726166
    ],
    [
      5.507599353790283,
      6.0960774421691895,
      23.737350463867188,
      17.970684051513672,
      34.215476989746094,
      21.924421310424805,
      64.5748062133789,
      36.32746887207031,
      45.455047607421875,
      31.57859230041504,
      24.497886657714844,
      18.17693519592285,
      7.6715312004089355,
      4.62730073928833,
      1.2517476081848145,
      0.12573212385177612,
      -0.008248118683695793,
      0.043373145163059235
    ],
    [
      6.175841331481934,
      13.460145950317383,
      15.279509544372559,
      22.10342788696289,
      20.876665115356445,
      28.414770126342773,
      36.32746887207031,
      45.61223220825195,
      26.464340209960938,
      33.71588134765625,
      12.931483268737793,
      18.882980346679688,
      5.375588893890381,
      4.119564056396484,
      7.749308109283447,
      0.17131833732128143,
      2.2073779106140137,
      0.04256622865796089
    ],
    [
      2.9226737022399902,
      3.004316568374634,
      16.55685806274414,
      13.127914428710938,
      33.513858795166016,
      21.748258590698242,
      45.455047607421875,
      26.464340209960938,
      56.57614517211914,
      39.81521224975586,
      29.440275192260742,
      21.4777774810791,
      17.75473976135254,
      8.054116249084473,
      9.742608070373535,
      0.3389183282852173,
      4.752132892608643,
      0.004856641869992018
    ],
    [
      1.5064629316329956,
      9.362212181091309,
      12.033536911010742,
      18.5058536529541,
      24.205265045166016,
      30.997867584228516,
      31.57859230041504,
      33.71588134765625,
      39.81521224975586,
      50.59305191040039,
      19.069427490234375,
      24.71977424621582,
      13.406830787658691,
      8.695882797241211,
      13.767789840698242,
      0.370333194732666,
      6.045650482177734,
      0.007584738545119762
    ],
    [
      3.800285816192627,
      2.109802722930908,
      8.588637351989746,
      5.605714797973633,
      16.770288467407227,
      11.101934432983398,
      24.497886657714844,
      12.931483268737793,
      29.440275192260742,
      19.069427490234375,
      28.749267578125,
      16.329517364501953,
      20.1798152923584,
      5.496540546417236,
      14.67732048034668,
      0.43970364332199097,
      7.904812812805176,
      -0.022986363619565964
    ],
    [
      1.7481653690338135,
      5.760826110839844,
      6.873745918273926,
      10.670635223388672,
      13.507146835327148,
      17.789134979248047,
      18.17693519592285,
      18.882980346679688,
      21.4777774810791,
      24.71977424621582,
      16.329517364501953,
      20.913551330566406,
      11.095271110534668,
      7.2289838790893555,
      10.300591468811035,
      0.5634651780128479,
      4.731674671173096,
      0.006144276820123196
    ],
    [
      5.618160724639893,
      1.9032305479049683,
      -0.07840186357498169,
      0.309341162443161,
      5.864012241363525,
      5.088696479797363,
      7.6715312004089355,
      5.375588893890381,
      17.75473976135254,
      13.406830787658691,
      20.1798152923584,
      11.095271110534668,
      28.67608642578125,
      6.313673973083496,
      24.216625213623047,
      0.5305877923965454,
      13.030132293701172,
      -0.06136344000697136
    ],
    [
      1.529902458190918,
      1.8257527351379395,
      1.767800211906433,
      3.085700273513794,
      4.256899833679199,
      5.460673809051514,
      4.62730073928833,
      4.119564056396484,
      8.054116249084473,
      8.695882797241211,
      5.496540546417236,
      7.2289838790893555,
      6.313673973083496,
      6.4632134437561035,
      4.162193298339844,
      0.5631920099258423,
      2.191335916519165,
      0.017078859731554985
    ],
    [
      5.22197961807251,
      8.609270095825195,
      -3.1995482444763184,
      3.318298578262329,
      -0.585524320602417,
      8.797311782836914,
      1.2517476081848145,
      7.749308109283447,
      9.742608070373535,
      13.767789840698242,
      14.67732048034668,
      10.300591468811035,
      24.216625213623047,
      4.162193298339844,
      32.74204635620117,
      0.5412257313728333,
      17.269746780395508,
      -0.07258400321006775
    ],
    [
      0.0674983412027359,
      0.07915050536394119,
      0.18313756585121155,
      0.20407532155513763,
      0.15830785036087036,
      0.23507383465766907,
      0.12573212385177612,
      0.17131833732128143,
      0.3389183282852173,
      0.370333194732666,
      0.43970364332199097,
      0.5634651780128479,
      0.5305877923965454,
      0.5631920099258423,
      0.5412257313728333,
      0.12234945595264435,
      0.3713028132915497,
      0.002195606706663966
    ],
    [
      2.999925374984741,
      3.385896682739258,
      -2.054886817932129,
      -0.46828925609588623,
      -2.4771738052368164,
      1.2086248397827148,
      -0.008248118683695793,
      2.2073779106140137,
      4.752132892608643,
      6.045650482177734,
      7.904812812805176,
      4.731674671173096,
      13.030132293701172,
      2.191335916519165,
      17.269746780395508,
      0.3713028132915497,
      12.150854110717773,
      -0.05555282160639763
    ],
    [
      -0.022502711042761803,
      7.749292853986844e-05,
      0.04941904917359352,
      0.06448622792959213,
      0.04833352565765381,
      0.051326774060726166,
      0.043373145163059235,
      0.04256622865796089,
      0.004856641869992018,
      0.007584738545119762,
      -0.022986363619565964,
      0.006144276820123196,
      -0.06136344000697136,
      0.017078859731554985,
      -0.07258400321006775,
      0.002195606706663966,
      -0.05555282160639763,
      0.0009769827593117952
    ]
  ],
  "covariance_short": [
    [
      87.7092514038086,
      23.896472930908203,
      14.235651016235352,
      2.0158228874206543,
      -0.0797809436917305,
      -2.065887928009033,
      4.6469011306762695,
      5.179903507232666,
      3.1677663326263428,
      1.807818055152893,
      4.427659511566162,
      2.351888656616211,
      5.346244812011719,
      1.9705183506011963,
      3.552942991256714,
      0.14687912166118622,
      1.0817406177520752,
      -0.019824618473649025
    ],
    [
      23.896472930908203,
      45.661460876464844,
      2.011411666870117,
      11.53701400756836,
      0.994773268699646,
      8.677851676940918,
      4.609450817108154,
      12.152070999145508,
      2.162813901901245,
      8.490169525146484,
      1.551470160484314,
      5.784792900085449,
      1.2848788499832153,
      1.5088649988174438,
      7.706748962402344,
      0.053403064608573914,
      2.957458972930908,
      -0.0018560690805315971
    ],
    [
      14.235651016235352,
      2.011411666870117,
      38.9221076965332,
      15.702728271484375,
      19.044845581054688,
      9.696001052856445,
      23.242050170898438,
      12.30516529083252,
      16.732805252075195,
      9.07995891571045,
      7.224211692810059,
      4.1637444496154785,
      -1.3358454704284668,
      1.083417296409607,
      -4.5267815589904785,
      0.16853028535842896,
      -2.0774898529052734,
      0.03676222264766693
    ],
    [
      2.0158228874206543,
      11.53701400756836,
      15.702728271484375,
      32.42721939086914,
      12.77467155456543,
      20.83816909790039,
      16.93105125427246,
      21.17060661315918,
      12.510458946228027,
      17.39670753479004,
      4.156564712524414,
      9.709580421447754,
      -1.302787184715271,
      2.654938220977783,
      2.338808298110962,
      0.19290582835674286,
      0.10827571153640747,
      0.054202135652303696
    ],
    [
      -0.0797809436917305,
      0.994773268699646,
      19.044845581054688,
      12.77467155456543,
      65.04510498046875,
      28.572397232055664,
      42.078243255615234,
      20.872690200805664,
      38.38817596435547,
      23.346729278564453,
      18.39943504333496,
      13.13553237915039,
      3.5419440269470215,
      3.9775893688201904,
      -3.6563823223114014,
      0.14064963161945343,
      -3.4113609790802,
      0.05466630682349205
    ],
    [
      -2.065887928009033,
      8.677851676940918,
      9.696001052856445,
      20.83816909790039,
      28.572397232055664,
      48.89361572265625,
      23.40951919555664,
      29.56074333190918,
      21.78594970703125,
      31.00628662109375,
      10.312949180603027,
      18.470117568969727,
      2.385451078414917,
      5.504887580871582,
      5.75964879989624,
      0.24167969822883606,
      0.3847604990005493,
      0.055588144809007645
    ],
    [
      4.6469011306762695,
      4.609450817108154,
      23.242050170898438,
      16.93105125427246,
      42.078243255615234,
      23.40951919555664,
      76.31739044189453,
      34.78534698486328,
      51.391361236572266,
      29.30558204650879,
      26.156105041503906,
      16.596525192260742,
      6.352985382080078,
      4.1021528244018555,
      -1.2469491958618164,
      0.1075759306550026,
      -0.9426274299621582,
      0.05169936642050743
    ],
    [
      5.179903507232666,
      12.152070999145508,
      12.30516529083252,
      21.17060661315918,
      20.872690200805664,
      29.56074333190918,
      34.78534698486328,
      48.55683517456055,
      26.02728271484375,
      33.821781158447266,
      12.018714904785156,
      18.723325729370117,
      3.9344711303710938,
      3.857556104660034,
      6.281362533569336,
      0.18090954422950745,
      1.5998162031173706,
      0.043357692658901215
    ],
    [
      3.1677663326263428,
      2.162813901901245,
      16.732805252075195,
      12.510458946228027,
      38.38817596435547,
      21.78594970703125,
      51.391361236572266,
      26.02728271484375,
      63.78628158569336,
      37.26689529418945,
      32.649349212646484,
      20.530719757080078,
      18.403005599975586,
      7.389749526977539,
      9.475343704223633,
      0.3241649568080902,
      4.272265911102295,
      0.010032616555690765
    ],
    [
      1.807818055152893,
      8.490169525146484,
      9.07995891571045,
      17.39670753479004,
      23.346729278564453,
      31.00628662109375,
      29.30558204650879,
      33.821781158447266,
      37.26689529418945,
      52.5012321472168,
      18.047103881835938,
      25.685306549072266,
      12.124053001403809,
      8.538850784301758,
      12.616730690002441,
      0.40334078669548035,
      5.403538227081299,
      0.00927424430847168
    ],
    [
      4.427659511566162,
      1.551470160484314,
      7.224211692810059,
      4.156564712524414,
      18.39943504333496,
      10.312949180603027,
      26.156105041503906,
      12.018714904785156,
      32.649349212646484,
      18.047103881835938,
      35.10036849975586,
      14.755170822143555,
      26.44355010986328,
      4.981451034545898,
      19.26220703125,
      0.4145115911960602,
      8.965009689331055,
      -0.035941608250141144
    ],
    [
      2.351888656616211,
      5.784792900085449,
      4.1637444496154785,
      9.709580421447754,
      13.13553237915039,
      18.470117568969727,
      16.596525192260742,
      18.723325729370117,
      20.530719757080078,
      25.685306549072266,
      14.755170822143555,
      23.623897552490234,
      9.801566123962402,
      7.764475345611572,
      9.052532196044922,
      0.6060094833374023,
      3.8701171875,
      0.010032699443399906
    ],
    [
      5.346244812011719,
      1.2848788499832153,
      -1.3358454704284668,
      -1.302787184715271,
      3.5419440269470215,
      2.385451078414917,
      6.352985382080078,
      3.9344711303710938,
      18.403005599975586,
      12.124053001403809,
      26.44355010986328,
      9.801566123962402,
      40.17076873779297,
      4.761072635650635,
      34.12294387817383,
      0.44792789220809937,
      16.36924934387207,
      -0.10328023880720139
    ],
    [
      1.9705183506011963,
      1.5088649988174438,
      1.083417296409607,
      2.654938220977783,
      3.9775893688201904,
      5.504887580871582,
      4.1021528244018555,
      3.857556104660034,
      7.389749526977539,
      8.538850784301758,
      4.981451034545898,
      7.764475345611572,
      4.761072635650635,
      6.8440022468566895,
      3.21628475189209,
      0.5940685272216797,
      1.912867784500122,
      0.017828574404120445
    ],
    [
      3.552942991256714,
      7.706748962402344,
      -4.5267815589904785,
      2.338808298110962,
      -3.6563823223114014,
      5.75964879989624,
      -1.2469491958618164,
      6.281362533569336,
      9.475343704223633,
      12.616730690002441,
      19.26220703125,
      9.052532196044922,
      34.12294387817383,
      3.21628475189209,
      42.57487106323242,
      0.432669073343277,
      21.040451049804688,
      -0.11739438772201538
    ],
    [
      0.14687912166118622,
      0.053403064608573914,
      0.16853028535842896,
      0.19290582835674286,
      0.14064963161945343,
      0.24167969822883606,
      0.1075759306550026,
      0.18090954422950745,
      0.3241649568080902,
      0.40334078669548035,
      0.4145115911960602,
      0.6060094833374023,
      0.44792789220809937,
      0.5940685272216797,
      0.432669073343277,
      0.14371363818645477,
      0.32466837763786316,
      0.0024953733664005995
    ],
    [
      1.0817406177520752,
      2.957458972930908,
      -2.0774898529052734,
      0.10827571153640747,
      -3.4113609790802,
      0.3847604990005493,
      -0.9426274299621582,
      1.5998162031173706,
      4.272265911102295,
      5.403538227081299,
      8.965009689331055,
      3.8701171875,
      16.36924934387207,
      1.912867784500122,
      21.040451049804688,
      0.32466837763786316,
      14.41777515411377,
      -0.07175426930189133
    ],
    [
      -0.019824618473649025,
      -0.0018560690805315971,
      0.03676222264766693,
      0.054202135652303696,
      0.05466630682349205,
      0.055588144809007645,
      0.05169936642050743,
      0.043357692658901215,
      0.010032616555690765,
      0.00927424430847168,
      -0.035941608250141144,
      0.010032699443399906,
      -0.10328023880720139,
      0.017828574404120445,
      -0.11739438772201538,
      0.0024953733664005995,
      -0.07175426930189133,
      0.0015108288498595357
    ]
  ],
  "damage": -15.04651927947998,
  "diff_bandwidth": 585.8179321289062,
  "dissonance": 4.530122177456327,
  "drr": 7.725526332855225,
  "dynamics": 4.208468914031982,
  "format": 1245190,
  "frames": 6764480,
  "loudness": -21.41118049621582,
  "loudness_range": 11.800262451171875,
  "loudness_range_short": 15.689512252807617,
  "lowpass_true_peak_15khz": -2.509666681289673,
  "mastering3_acoustic_entropies": [
    {
      "acoustic_entropy": 9.482860565185547,
      "acoustic_entropy_mono": 9.466883659362793,
      "band_eliminated_acoustic_entropies": [
        {
          "acoustic_entropy": 10.63278865814209,
          "acoustic_entropy_side": 9.482848167419434,
          "hz": 129.47220167065723
        },
        {
          "acoustic_entropy": 9.793745040893555,
          "acoustic_entropy_side": 9.482823371887207,
          "hz": 202.92927478742237
        },
        {
          "acoustic_entropy": 9.539069175720215,
          "acoustic_entropy_side": 9.48284912109375,
          "hz": 282.89161906338205
        },
        {
          "acoustic_entropy": 9.97541618347168,
          "acoustic_entropy_side": 9.48182487487793,
          "hz": 369.9353335868758
        },
        {
          "acoustic_entropy": 10.05295467376709,
          "acoustic_entropy_side": 9.483375549316406,
          "hz": 464.6875360973435
        },
        {
          "acoustic_entropy": 10.764034271240234,
          "acoustic_entropy_side": 9.485299110412598,
          "hz": 567.8308811364784
        },
        {
          "acoustic_entropy": 9.727442741394043,
          "acoustic_entropy_side": 9.482892036437988,
          "hz": 680.1084783214808
        },
        {
          "acoustic_entropy": 10.013789176940918,
          "acoustic_entropy_side": 9.48641300201416,
          "hz": 802.3292461747484
        },
        {
          "acoustic_entropy": 9.472021102905273,
          "acoustic_entropy_side": 9.483321189880371,
          "hz": 935.3737400823702
        },
        {
          "acoustic_entropy": 9.928922653198242,
          "acoustic_entropy_side": 9.483159065246582,
          "hz": 1080.2004963696966
        },
        {
          "acoustic_entropy": 10.459543228149414,
          "acoustic_entropy_side": 9.48361587524414,
          "hz": 1237.8529382007157
        },
        {
          "acoustic_entropy": 10.234248161315918,
          "acoustic_entropy_side": 9.481327056884766,
          "hz": 1409.4668930556702
        },
        {
          "acoustic_entropy": 10.272834777832031,
          "acoustic_entropy_side": 9.481910705566406,
          "hz": 1596.2787759475705
        },
        {
          "acoustic_entropy": 9.5391206741333,
          "acoustic_entropy_side": 9.483800888061523,
          "hz": 1799.6344973346393
        },
        {
          "acoustic_entropy": 10.194104194641113,
          "acoustic_entropy_side": 9.485405921936035,
          "hz": 2020.9991599069049
        },
        {
          "acoustic_entropy": 10.176283836364746,
          "acoustic_entropy_side": 9.460537910461426,
          "hz": 2261.9676141086993
        },
        {
          "acoustic_entropy": 9.930724143981934,
          "acoustic_entropy_side": 9.482809066772461,
          "hz": 2524.2759484456974
        },
        {
          "acoustic_entropy": 9.897418022155762,
          "acoustic_entropy_side": 9.483036994934082,
          "hz": 2809.813997359896
        },
        {
          "acoustic_entropy": 9.661096572875977,
          "acoustic_entropy_side": 9.48286247253418,
          "hz": 3120.6389567871424
        },
        {
          "acoustic_entropy": 9.947249412536621,
          "acoustic_entropy_side": 9.482921600341797,
          "hz": 3458.990205492291
        },
        {
          "acoustic_entropy": 9.561290740966797,
          "acoustic_entropy_side": 9.482855796813965,
          "hz": 3827.305438964164
        },
        {
          "acoustic_entropy": 9.307060241699219,
          "acoustic_entropy_side": 9.482844352722168,
          "hz": 4228.238232109126
        },
        {
          "acoustic_entropy": 9.341575622558594,
          "acoustic_entropy_side": 9.482861518859863,
          "hz": 4664.6771572759235
        },
        {
          "acoustic_entropy": 9.375595092773438,
          "acoustic_entropy_side": 9.482861518859863,
          "hz": 5139.766595350093
        },
        {
          "acoustic_entropy": 9.416659355163574,
          "acoustic_entropy_side": 9.482861518859863,
          "hz": 5656.929389854203
        },
        {
          "acoustic_entropy": 9.397464752197266,
          "acoustic_entropy_side": 9.482860565185547,
          "hz": 6219.891507268283
        },
        {
          "acoustic_entropy": 9.455207824707031,
          "acoustic_entropy_side": 9.482860565185547,
          "hz": 6832.70888123896
        },
        {
          "acoustic_entropy": 9.46705436706543,
          "acoustic_entropy_side": 9.482860565185547,
          "hz": 7499.796634079867
        },
        {
          "acoustic_entropy": 9.47150993347168,
          "acoustic_entropy_side": 9.482860565185547,
          "hz": 8225.96088609342
        },
        {
          "acoustic_entropy": 9.477354049682617,
          "acoustic_entropy_side": 9.482860565185547,
          "hz": 9016.43338188839
        },
        {
          "acoustic_entropy": 9.479544639587402,
          "acoustic_entropy_side": 9.482860565185547,
          "hz": 9876.909183162974
        },
        {
          "acoustic_entropy": 9.481186866760254,
          "acoustic_entropy_side": 9.482860565185547,
          "hz": 10813.587699516042
        },
        {
          "acoustic_entropy": 9.482220649719238,
          "acoustic_entropy_side": 9.482860565185547,
          "hz": 11833.21735289826
        },
        {
          "acoustic_entropy": 9.482793807983398,
          "acoustic_entropy_side": 9.482860565185547,
          "hz": 12943.144197493959
        },
        {
          "acoustic_entropy": 9.482840538024902,
          "acoustic_entropy_side": 9.482860565185547,
          "hz": 14151.364845322005
        },
        {
          "acoustic_entropy": 9.482864379882812,
          "acoustic_entropy_side": 9.482860565185547,
          "hz": 15466.58407886509
        },
        {
          "acoustic_entropy": 9.48286247253418,
          "acoustic_entropy_side": 9.482860565185547,
          "hz": 16898.27756580493
        },
        {
          "acoustic_entropy": 9.482861518859863,
          "acoustic_entropy_side": 9.482860565185547,
          "hz": 18456.760127700032
        },
        {
          "acoustic_entropy": 9.482860565185547,
          "acoustic_entropy_side": 9.482860565185547,
          "hz": 20153.260054456492
        },
        {
          "acoustic_entropy": 9.482860565185547,
          "acoustic_entropy_side": 9.482860565185547,
          "hz": 22000.00000000001
        }
      ],
      "diff_acoustic_entropy": 8.329309463500977,
      "sn": 6
    },
    {
      "acoustic_entropy": 15.504149436950684,
      "acoustic_entropy_mono": 15.50618839263916,
      "band_eliminated_acoustic_entropies": [
        {
          "acoustic_entropy": 14.969188690185547,
          "acoustic_entropy_side": 15.504273414611816,
          "hz": 129.47220167065723
        },
        {
          "acoustic_entropy": 15.2783842086792,
          "acoustic_entropy_side": 15.504328727722168,
          "hz": 202.92927478742237
        },
        {
          "acoustic_entropy": 15.503049850463867,
          "acoustic_entropy_side": 15.504204750061035,
          "hz": 282.89161906338205
        },
        {
          "acoustic_entropy": 15.152055740356445,
          "acoustic_entropy_side": 15.486699104309082,
          "hz": 369.9353335868758
        },
        {
          "acoustic_entropy": 15.177133560180664,
          "acoustic_entropy_side": 15.515007019042969,
          "hz": 464.6875360973435
        },
        {
          "acoustic_entropy": 14.60743522644043,
          "acoustic_entropy_side": 15.494057655334473,
          "hz": 567.8308811364784
        },
        {
          "acoustic_entropy": 15.293126106262207,
          "acoustic_entropy_side": 15.488485336303711,
          "hz": 680.1084783214808
        },
        {
          "acoustic_entropy": 14.406007766723633,
          "acoustic_entropy_side": 15.519264221191406,
          "hz": 802.3292461747484
        },
        {
          "acoustic_entropy": 14.125276565551758,
          "acoustic_entropy_side": 15.518228530883789,
          "hz": 935.3737400823702
        },
        {
          "acoustic_entropy": 15.171557426452637,
          "acoustic_entropy_side": 15.504334449768066,
          "hz": 1080.2004963696966
        },
        {
          "acoustic_entropy": 14.163151741027832,
          "acoustic_entropy_side": 15.486135482788086,
          "hz": 1237.8529382007157
        },
        {
          "acoustic_entropy": 16.005525588989258,
          "acoustic_entropy_side": 15.522823333740234,
          "hz": 1409.4668930556702
        },
        {
          "acoustic_entropy": 15.599631309509277,
          "acoustic_entropy_side": 15.507376670837402,
          "hz": 1596.2787759475705
        },
        {
          "acoustic_entropy": 14.401284217834473,
          "acoustic_entropy_side": 15.514863967895508,
          "hz": 1799.6344973346393
        },
        {
          "acoustic_entropy": 15.317376136779785,
          "acoustic_entropy_side": 15.501394271850586,
          "hz": 2020.9991599069049
        },
        {
          "acoustic_entropy": 15.828904151916504,
          "acoustic_entropy_side": 15.572968482971191,
          "hz": 2261.9676141086993
        },
        {
          "acoustic_entropy": 14.929583549499512,
          "acoustic_entropy_side": 15.494873046875,
          "hz": 2524.2759484456974
        },
        {
          "acoustic_entropy": 15.4330472946167,
          "acoustic_entropy_side": 15.532777786254883,
          "hz": 2809.813997359896
        },
        {
          "acoustic_entropy": 15.592824935913086,
          "acoustic_entropy_side": 15.505244255065918,
          "hz": 3120.6389567871424
        },
        {
          "acoustic_entropy": 16.04448699951172,
          "acoustic_entropy_side": 15.504417419433594,
          "hz": 3458.990205492291
        },
        {
          "acoustic_entropy": 15.530266761779785,
          "acoustic_entropy_side": 15.50446605682373,
          "hz": 3827.305438964164
        },
        {
          "acoustic_entropy": 15.109918594360352,
          "acoustic_entropy_side": 15.504547119140625,
          "hz": 4228.238232109126
        },
        {
          "acoustic_entropy": 15.278058052062988,
          "acoustic_entropy_side": 15.504207611083984,
          "hz": 4664.6771572759235
        },
        {
          "acoustic_entropy": 15.543414115905762,
          "acoustic_entropy_side": 15.504190444946289,
          "hz": 5139.766595350093
        },
        {
          "acoustic_entropy": 15.37820816040039,
          "acoustic_entropy_side": 15.50415325164795,
          "hz": 5656.929389854203
        },
        {
          "acoustic_entropy": 15.27776050567627,
          "acoustic_entropy_side": 15.504150390625,
          "hz": 6219.891507268283
        },
        {
          "acoustic_entropy": 15.457125663757324,
          "acoustic_entropy_side": 15.504148483276367,
          "hz": 6832.70888123896
        },
        {
          "acoustic_entropy": 15.511214256286621,
          "acoustic_entropy_side": 15.504148483276367,
          "hz": 7499.796634079867
        },
        {
          "acoustic_entropy": 15.522539138793945,
          "acoustic_entropy_side": 15.504148483276367,
          "hz": 8225.96088609342
        },
        {
          "acoustic_entropy": 15.515121459960938,
          "acoustic_entropy_side": 15.504149436950684,
          "hz": 9016.43338188839
        },
        {
          "acoustic_entropy": 15.507455825805664,
          "acoustic_entropy_side": 15.504149436950684,
          "hz": 9876.909183162974
        },
        {
          "acoustic_entropy": 15.509991645812988,
          "acoustic_entropy_side": 15.504149436950684,
          "hz": 10813.587699516042
        },
        {
          "acoustic_entropy": 15.513643264770508,
          "acoustic_entropy_side": 15.504149436950684,
          "hz": 11833.21735289826
        },
        {
          "acoustic_entropy": 15.51108169555664,
          "acoustic_entropy_side": 15.504149436950684,
          "hz": 12943.144197493959
        },
        {
          "acoustic_entropy": 15.506695747375488,
          "acoustic_entropy_side": 15.504149436950684,
          "hz": 14151.364845322005
        },
        {
          "acoustic_entropy": 15.505208015441895,
          "acoustic_entropy_side": 15.504149436950684,
          "hz": 15466.58407886509
        },
        {
          "acoustic_entropy": 15.504342079162598,
          "acoustic_entropy_side": 15.504149436950684,
          "hz": 16898.27756580493
        },
        {
          "acoustic_entropy": 15.504161834716797,
          "acoustic_entropy_side": 15.504149436950684,
          "hz": 18456.760127700032
        },
        {
          "acoustic_entropy": 15.504149436950684,
          "acoustic_entropy_side": 15.504149436950684,
          "hz": 20153.260054456492
        },
        {
          "acoustic_entropy": 15.504149436950684,
          "acoustic_entropy_side": 15.504149436950684,
          "hz": 22000.00000000001
        }
      ],
      "diff_acoustic_entropy": 12.665390014648438,
      "sn": 12
    },
    {
      "acoustic_entropy": 21.139318466186523,
      "acoustic_entropy_mono": 18.832008361816406,
      "band_eliminated_acoustic_entropies": [
        {
          "acoustic_entropy": 21.12010955810547,
          "acoustic_entropy_side": 21.17411231994629,
          "hz": 129.47220167065723
        },
        {
          "acoustic_entropy": 21.293174743652344,
          "acoustic_entropy_side": 21.117862701416016,
          "hz": 202.92927478742237
        },
        {
          "acoustic_entropy": 21.186887741088867,
          "acoustic_entropy_side": 21.160306930541992,
          "hz": 282.89161906338205
        },
        {
          "acoustic_entropy": 20.588489532470703,
          "acoustic_entropy_side": 21.10163688659668,
          "hz": 369.9353335868758
        },
        {
          "acoustic_entropy": 22.172719955444336,
          "acoustic_entropy_side": 20.566110610961914,
          "hz": 464.6875360973435
        },
        {
          "acoustic_entropy": 21.04650115966797,
          "acoustic_entropy_side": 20.701494216918945,
          "hz": 567.8308811364784
        },
        {
          "acoustic_entropy": 20.951953887939453,
          "acoustic_entropy_side": 19.82815170288086,
          "hz": 680.1084783214808
        },
        {
          "acoustic_entropy": 19.95722007751465,
          "acoustic_entropy_side": 20.50275421142578,
          "hz": 802.3292461747484
        },
        {
          "acoustic_entropy": 21.13254165649414,
          "acoustic_entropy_side": 20.50607681274414,
          "hz": 935.3737400823702
        },
        {
          "acoustic_entropy": 20.569984436035156,
          "acoustic_entropy_side": 20.609697341918945,
          "hz": 1080.2004963696966
        },
        {
          "acoustic_entropy": 21.835168838500977,
          "acoustic_entropy_side": 21.577444076538086,
          "hz": 1237.8529382007157
        },
        {
          "acoustic_entropy": 19.94891357421875,
          "acoustic_entropy_side": 20.90049171447754,
          "hz": 1409.4668930556702
        },
        {
          "acoustic_entropy": 20.74759864807129,
          "acoustic_entropy_side": 21.273834228515625,
          "hz": 1596.2787759475705
        },
        {
          "acoustic_entropy": 20.587209701538086,
          "acoustic_entropy_side": 21.376012802124023,
          "hz": 1799.6344973346393
        },
        {
          "acoustic_entropy": 20.460119247436523,
          "acoustic_entropy_side": 21.22054100036621,
          "hz": 2020.9991599069049
        },
        {
          "acoustic_entropy": 20.486906051635742,
          "acoustic_entropy_side": 20.671480178833008,
          "hz": 2261.9676141086993
        },
        {
          "acoustic_entropy": 19.747825622558594,
          "acoustic_entropy_side": 21.12890625,
          "hz": 2524.2759484456974
        },
        {
