{
  "acoustic_entropy": 171.64303588867188,
  "bands": [
    {
      "high_freq": 148.1999969482422,
      "loudness": -42.92679977416992,
      "loudness_range": 25.840618133544922,
      "mid_mean": -44.608055114746094,
      "mid_to_side_loudness": -0.5506261587142944,
      "mid_to_side_loudness_range": 14.463687896728516,
      "side_mean": -44.96433639526367
    },
    {
      "high_freq": 392.3793640136719,
      "loudness": -33.33394241333008,
      "loudness_range": 17.939558029174805,
      "low_freq": 148.1999969482422,
      "mid_mean": -33.47444534301758,
      "mid_to_side_loudness": 0.8258655667304993,
      "mid_to_side_loudness_range": 9.65900707244873,
      "side_mean": -32.613433837890625
    },
    {
      "high_freq": 794.6976318359375,
      "loudness": -33.2614860534668,
      "loudness_range": 16.930150985717773,
      "low_freq": 392.3793640136719,
      "mid_mean": -32.906490325927734,
      "mid_to_side_loudness": 0.03022826835513115,
      "mid_to_side_loudness_range": 8.0643892288208,
      "side_mean": -32.786006927490234
    },
    {
      "high_freq": 1457.5709228515625,
      "loudness": -35.78511428833008,
      "loudness_range": 19.91547203063965,
      "low_freq": 794.6976318359375,
      "mid_mean": -36.113765716552734,
      "mid_to_side_loudness": 0.8222138285636902,
      "mid_to_side_loudness_range": 8.639690399169922,
      "side_mean": -35.086483001708984
    },
    {
      "high_freq": 2549.74365234375,
      "loudness": -40.253578186035156,
      "loudness_range": 21.14670753479004,
      "low_freq": 1457.5709228515625,
      "mid_mean": -39.95685958862305,
      "mid_to_side_loudness": -0.34116148948669434,
      "mid_to_side_loudness_range": 7.603900909423828,
      "side_mean": -40.19731140136719
    },
    {
      "high_freq": 4349.24462890625,
      "loudness": -47.590797424316406,
      "loudness_range": 25.3310546875,
      "low_freq": 2549.74365234375,
      "mid_mean": -50.80228042602539,
      "mid_to_side_loudness": 0.36664894223213196,
      "mid_to_side_loudness_range": 5.6568756103515625,
      "side_mean": -50.45144271850586
    },
    {
      "high_freq": 7314.1640625,
      "loudness": -61.516239166259766,
      "loudness_range": 29.488365173339844,
      "low_freq": 4349.24462890625,
      "mid_mean": -60.27227783203125,
      "mid_to_side_loudness": -0.20865195989608765,
      "mid_to_side_loudness_range": 4.109323978424072,
      "side_mean": -60.40605163574219
    },
    {
      "high_freq": 12199.2666015625,
      "loudness": -69.68251037597656,
      "loudness_range": 20.898239135742188,
      "low_freq": 7314.1640625,
      "mid_mean": -65.75284576416016,
      "mid_to_side_loudness": -0.0012515834532678127,
      "mid_to_side_loudness_range": 1.6500399112701416,
      "side_mean": -65.77413940429688
    },
    {
      "loudness": -74.56822204589844,
      "loudness_range": 7.4108734130859375,
      "low_freq": 12199.2666015625,
      "mid_mean": -68.42046356201172,
      "mid_to_side_loudness": -0.0555616170167923,
      "mid_to_side_loudness_range": 0.5910060405731201,
      "side_mean": -68.43452453613281
    }
  ],
  "bands_short": [
    {
      "high_freq": 148.1999969482422,
      "loudness": -52.51924514770508,
      "loudness_range": 31.766185760498047,
      "mid_mean": -53.390804290771484,
      "mid_to_side_loudness": -0.6212048530578613,
      "mid_to_side_loudness_range": 16.71160316467285,
      "side_mean": -53.822349548339844
    },
    {
      "high_freq": 392.3793640136719,
      "loudness": -33.49726486206055,
      "loudness_range": 17.843944549560547,
      "low_freq": 148.1999969482422,
      "mid_mean": -33.56638717651367,
      "mid_to_side_loudness": 0.47131675481796265,
      "mid_to_side_loudness_range": 12.04586124420166,
      "side_mean": -33.18021774291992
    },
    {
      "high_freq": 794.6976318359375,
      "loudness": -32.49224853515625,
      "loudness_range": 17.543540954589844,
      "low_freq": 392.3793640136719,
      "mid_mean": -32.27376937866211,
      "mid_to_side_loudness": 0.046672917902469635,
      "mid_to_side_loudness_range": 10.769712448120117,
      "side_mean": -32.23387908935547
    },
    {
      "high_freq": 1457.5709228515625,
      "loudness": -35.83992004394531,
      "loudness_range": 20.001201629638672,
      "low_freq": 794.6976318359375,
      "mid_mean": -36.35127258300781,
      "mid_to_side_loudness": 0.7928396463394165,
      "mid_to_side_loudness_range": 11.048489570617676,
      "side_mean": -35.368003845214844
    },
    {
      "high_freq": 2549.74365234375,
      "loudness": -40.53840255737305,
      "loudness_range": 21.69285011291504,
      "low_freq": 1457.5709228515625,
      "mid_mean": -40.36173629760742,
      "mid_to_side_loudness": -0.34150299429893494,
      "mid_to_side_loudness_range": 9.612590789794922,
      "side_mean": -40.64971160888672
    },
    {
      "high_freq": 4349.24462890625,
      "loudness": -47.32033920288086,
      "loudness_range": 25.630935668945312,
      "low_freq": 2549.74365234375,
      "mid_mean": -50.731910705566406,
      "mid_to_side_loudness": 0.3806297481060028,
      "mid_to_side_loudness_range": 7.93487548828125,
      "side_mean": -50.353553771972656
    },
    {
      "high_freq": 7314.1640625,
      "loudness": -61.63198471069336,
      "loudness_range": 29.6820068359375,
      "low_freq": 4349.24462890625,
      "mid_mean": -60.39356231689453,
      "mid_to_side_loudness": -0.2336861491203308,
      "mid_to_side_loudness_range": 5.720043182373047,
      "side_mean": -60.53764724731445
    },
    {
      "high_freq": 12199.2666015625,
      "loudness": -69.85433197021484,
      "loudness_range": 20.013771057128906,
      "low_freq": 7314.1640625,
      "mid_mean": -65.84283447265625,
      "mid_to_side_loudness": -0.010599598288536072,
      "mid_to_side_loudness_range": 2.987844467163086,
      "side_mean": -65.86612701416016
    },
    {
      "loudness": -74.59505462646484,
      "loudness_range": 7.4460296630859375,
      "low_freq": 12199.2666015625,
      "mid_mean": -68.4278793334961,
      "mid_to_side_loudness": -0.0620720274746418,
      "mid_to_side_loudness_range": 1.6844301223754883,
      "side_mean": -68.444580078125
    }
  ],
  "bandwidth": 619.5186157226562,
  "channels": 2,
  "covariance": [
    [
      124.95490264892578,
      108.66023254394531,
      34.73906326293945,
      27.045032501220703,
      23.092403411865234,
      20.678640365600586,
      38.383670806884766,
      31.972732543945312,
      27.693683624267578,
      27.648841857910156,
      51.664527893066406,
      52.657371520996094,
      28.217729568481445,
      27.660259246826172,
      20.6960391998291,
      20.244953155517578,
      4.762131690979004,
      4.8071441650390625
    ],
    [
      108.66023254394531,
      117.57144927978516,
      32.29911804199219,
      26.007217407226562,
      18.776309967041016,
      17.360891342163086,
      32.58925247192383,
      25.295297622680664,
      26.09442901611328,
      26.991844177246094,
      49.28443908691406,
      50.13442611694336,
      28.12476348876953,
      27.423452377319336,
      20.044200897216797,
      19.743417739868164,
      4.683758735656738,
      4.716649532318115
    ],
    [
      34.73906326293945,
      32.29911804199219,
      44.726993560791016,
      36.1303825378418,
      22.874256134033203,
      21.0531005859375,
      26.595500946044922,
      23.93136978149414,
      22.988975524902344,
      24.18489646911621,
      34.0616569519043,
      35.82289505004883,
      19.00399398803711,
      20.443233489990234,
      11.94726848602295,
      11.70927619934082,
      3.0769853591918945,
      3.0189836025238037
    ],
    [
      27.045032501220703,
      26.007217407226562,
      36.1303825378418,
      40.338966369628906,
      23.199859619140625,
      22.113698959350586,
      26.87593650817871,
      24.28035545349121,
      24.081457138061523,
      25.300355911254883,
      34.67921447753906,
      36.0312614440918,
      22.067020416259766,
      23.211620330810547,
      13.499490737915039,
      13.280241012573242,
      3.2967689037323,
      3.2697770595550537
    ],
    [
      23.092403411865234,
      18.776309967041016,
      22.874256134033203,
      23.199859619140625,
      37.88654708862305,
      33.770442962646484,
      30.153377532958984,
      26.736108779907227,
      27.61045265197754,
      26.604108810424805,
      34.27322769165039,
      35.292972564697266,
      22.914098739624023,
      23.09302520751953,
      12.86147689819336,
      12.655393600463867,
      2.950312852859497,
      2.922543525695801
    ],
    [
      20.678640365600586,
      17.360891342163086,
      21.0531005859375,
      22.113698959350586,
      33.770442962646484,
      39.125938415527344,
      31.12546730041504,
      28.531574249267578,
      29.973697662353516,
      29.058069229125977,
      36.51202392578125,
      37.474029541015625,
      23.946197509765625,
      24.205007553100586,
      12.318525314331055,
      12.173547744750977,
      2.728525161743164,
      2.704782009124756
    ],
    [
      38.383670806884766,
      32.58925247192383,
      26.595500946044922,
      26.87593650817871,
      30.153377532958984,
      31.12546730041504,
      59.5464973449707,
      49.866390228271484,
      41.13972854614258,
      41.86492156982422,
      54.681697845458984,
      55.84913635253906,
      36.600921630859375,
      37.51556396484375,
      19.701753616333008,
      19.191835403442383,
      4.43963098526001,
      4.391026973724365
    ],
    [
      31.972732543945312,
      25.295297622680664,
      23.93136978149414,
      24.28035545349121,
      26.736108779907227,
      28.531574249267578,
      49.866390228271484,
      52.36920166015625,
      36.645877838134766,
      36.030765533447266,
      47.58320999145508,
      48.941917419433594,
      31.85359764099121,
      33.03050994873047,
      16.302589416503906,
      15.902701377868652,
      3.7347960472106934,
      3.6667068004608154
    ],
    [
      27.693683624267578,
      26.09442901611328,
      22.988975524902344,
      24.081457138061523,
      27.61045265197754,
      29.973697662353516,
      41.13972854614258,
      36.645877838134766,
      57.79176330566406,
      55.391136169433594,
      63.25831604003906,
      63.59562683105469,
      45.0848274230957,
      45.269805908203125,
      24.4681339263916,
      23.962160110473633,
      5.47628927230835,
      5.410345554351807
    ],
    [
      27.648841857910156,
      26.991844177246094,
      24.18489646911621,
      25.300355911254883,
      26.604108810424805,
      29.058069229125977,
      41.86492156982422,
      36.030765533447266,
      55.391136169433594,
      63.423744201660156,
      67.15179443359375,
      67.89064025878906,
      46.544677734375,
      46.72892761230469,
      25.063613891601562,
      24.591236114501953,
      5.628730773925781,
      5.586559772491455
    ],
    [
      51.664527893066406,
      49.28443908691406,
      34.0616569519043,
      34.67921447753906,
      34.27322769165039,
      36.51202392578125,
      54.681697845458984,
      47.58320999145508,
      63.25831604003906,
      67.15179443359375,
      125.69779205322266,
      124.74534606933594,
      78.16380310058594,
      78.3338623046875,
      41.582916259765625,
      40.708290100097656,
      9.971168518066406,
      9.909546852111816
    ],
    [
      52.657371520996094,
      50.13442611694336,
      35.82289505004883,
      36.0312614440918,
      35.292972564697266,
      37.474029541015625,
      55.84913635253906,
      48.941917419433594,
      63.59562683105469,
      67.89064025878906,
      124.74534606933594,
      127.1154556274414,
      77.30590057373047,
      77.58263397216797,
      40.87635803222656,
      40.12417221069336,
      9.84821605682373,
      9.79434585571289
    ],
    [
      28.217729568481445,
      28.12476348876953,
      19.00399398803711,
      22.067020416259766,
      22.914098739624023,
      23.946197509765625,
      36.600921630859375,
      31.85359764099121,
      45.0848274230957,
      46.544677734375,
      78.16380310058594,
      77.30590057373047,
      59.91293716430664,
      59.84479522705078,
      33.545833587646484,
      32.86444091796875,
      8.272808074951172,
      8.223382949829102
    ],
    [
      27.660259246826172,
      27.423452377319336,
      20.443233489990234,
      23.211620330810547,
      23.09302520751953,
      24.205007553100586,
      37.51556396484375,
      33.03050994873047,
      45.269805908203125,
      46.72892761230469,
      78.3338623046875,
      77.58263397216797,
      59.84479522705078,
      61.332767486572266,
      33.824703216552734,
      33.094757080078125,
      8.388465881347656,
      8.324774742126465
    ],
    [
      20.6960391998291,
      20.044200897216797,
      11.94726848602295,
      13.499490737915039,
      12.86147689819336,
      12.318525314331055,
      19.701753616333008,
      16.302589416503906,
      24.4681339263916,
      25.063613891601562,
      41.582916259765625,
      40.87635803222656,
      33.545833587646484,
      33.824703216552734,
      23.716176986694336,
      23.011098861694336,
      6.1595611572265625,
      6.1247124671936035
    ],
    [
      20.244953155517578,
      19.743417739868164,
      11.70927619934082,
      13.280241012573242,
      12.655393600463867,
      12.173547744750977,
      19.191835403442383,
      15.902701377868652,
      23.962160110473633,
      24.591236114501953,
      40.708290100097656,
      40.12417221069336,
      32.86444091796875,
      33.094757080078125,
      23.011098861694336,
      22.52350425720215,
      6.007142066955566,
      5.97571325302124
    ],
    [
      4.762131690979004,
      4.683758735656738,
      3.0769853591918945,
      3.2967689037323,
      2.950312852859497,
      2.728525161743164,
      4.43963098526001,
      3.7347960472106934,
      5.47628927230835,
      5.628730773925781,
      9.971168518066406,
      9.84821605682373,
      8.272808074951172,
      8.388465881347656,
      6.1595611572265625,
      6.007142066955566,
      1.9657803773880005,
      1.9545422792434692
    ],
    [
      4.8071441650390625,
      4.716649532318115,
      3.0189836025238037,
      3.2697770595550537,
      2.922543525695801,
      2.704782009124756,
      4.391026973724365,
      3.6667068004608154,
      5.410345554351807,
      5.586559772491455,
      9.909546852111816,
      9.79434585571289,
      8.223382949829102,
      8.324774742126465,
      6.1247124671936035,
      5.97571325302124,
      1.9545422792434692,
      1.95723557472229
    ]
  ],
  "covariance_short": [
    [
      128.39614868164062,
      112.10210418701172,
      34.425174713134766,
      31.69331932067871,
      21.9345760345459,
      17.43309211730957,
      38.64377212524414,
      31.255535125732422,
      23.921398162841797,
      24.34535789489746,
      62.64010238647461,
      63.84975051879883,
      33.74071502685547,
      33.33007049560547,
      18.06987762451172,
      17.737628936767578,
      5.33279275894165,
      5.264684677124023
    ],
    [
      112.10210418701172,
      122.89949798583984,
      31.879201889038086,
      32.273277282714844,
      20.9132080078125,
      18.75718879699707,
      35.2949104309082,
      27.98556900024414,
      24.672155380249023,
      24.722505569458008,
      63.96647262573242,
      65.35980987548828,
      37.19572067260742,
      36.354244232177734,
      19.451553344726562,
      19.193254470825195,
      5.333653450012207,
      5.271407127380371
    ],
    [
      34.425174713134766,
      31.879201889038086,
      43.985599517822266,
      33.80902862548828,
      26.935379028320312,
      23.50959587097168,
      26.336984634399414,
      24.754615783691406,
      23.754318237304688,
      24.478748321533203,
      32.885196685791016,
      34.632957458496094,
      19.830427169799805,
      20.544471740722656,
      12.660152435302734,
      12.422819137573242,
      3.0864219665527344,
      3.0578291416168213
    ],
    [
      31.69331932067871,
      32.273277282714844,
      33.80902862548828,
      44.38407897949219,
      26.08620834350586,
      24.917875289916992,
      27.41423225402832,
      24.61311149597168,
      26.301700592041016,
      27.438188552856445,
      36.98243713378906,
      38.259273529052734,
      24.878122329711914,
      25.389522552490234,
      14.740554809570312,
      14.502946853637695,
      3.5364506244659424,
      3.511441469192505
    ],
    [
      21.9345760345459,
      20.9132080078125,
      26.935379028320312,
      26.08620834350586,
      41.25555419921875,
      33.54576110839844,
      31.463130950927734,
      28.146282196044922,
      28.170434951782227,
      27.83751106262207,
      35.92523193359375,
      37.461830139160156,
      22.624540328979492,
      22.830949783325195,
      12.495290756225586,
      12.289365768432617,
      2.9231929779052734,
      2.897813320159912
    ],
    [
      17.43309211730957,
      18.75718879699707,
      23.50959587097168,
      24.917875289916992,
      33.54576110839844,
      41.8931884765625,
      31.708662033081055,
      28.812047958374023,
      29.502458572387695,
      29.0761775970459,
      37.322696685791016,
      39.04694747924805,
      23.90449333190918,
      24.28182029724121,
      12.151810646057129,
      12.047663688659668,
      2.7204127311706543,
      2.7110862731933594
    ],
    [
      38.64377212524414,
      35.2949104309082,
      26.336984634399414,
      27.41423225402832,
      31.463130950927734,
      31.708662033081055,
      63.25368118286133,
      51.16679763793945,
      42.03373336791992,
      43.443382263183594,
      55.463172912597656,
      56.96512222290039,
      36.674625396728516,
      37.4903564453125,
      19.585113525390625,
      19.04231834411621,
      4.459516525268555,
      4.3927717208862305
    ],
    [
      31.255535125732422,
      27.98556900024414,
      24.754615783691406,
      24.61311149597168,
      28.146282196044922,
      28.812047958374023,
      51.16679763793945,
      56.760955810546875,
      38.56901931762695,
      39.142906188964844,
      48.39784622192383,
      49.99258804321289,
      32.40971755981445,
      33.43104553222656,
      16.298913955688477,
      15.884048461914062,
      3.7706520557403564,
      3.697723865509033
    ],
    [
      23.921398162841797,
      24.672155380249023,
      23.754318237304688,
      26.301700592041016,
      28.170434951782227,
      29.502458572387695,
      42.03373336791992,
      38.56901931762695,
      60.733131408691406,
      56.1212272644043,
      63.383628845214844,
      64.33318328857422,
      45.337310791015625,
      45.58345031738281,
      24.485925674438477,
      23.949264526367188,
      5.515633583068848,
      5.429869174957275
    ],
    [
      24.34535789489746,
      24.722505569458008,
      24.478748321533203,
      27.438188552856445,
      27.83751106262207,
      29.0761775970459,
      43.443382263183594,
      39.142906188964844,
      56.1212272644043,
      67.1829605102539,
      67.83169555664062,
      69.84326934814453,
      47.0349006652832,
      47.251224517822266,
      25.1373233795166,
      24.686363220214844,
      5.6933393478393555,
      5.633687496185303
    ],
    [
      62.64010238647461,
      63.96647262573242,
      32.885196685791016,
      36.98243713378906,
      35.92523193359375,
      37.322696685791016,
      55.463172912597656,
      48.39784622192383,
      63.383628845214844,
      67.83169555664062,
      127.7508773803711,
      126.1343002319336,
      77.9959716796875,
      78.05656433105469,
      40.614234924316406,
      39.669281005859375,
      9.784491539001465,
      9.686551094055176
    ],
    [
      63.84975051879883,
      65.35980987548828,
      34.632957458496094,
      38.259273529052734,
      37.461830139160156,
      39.04694747924805,
      56.96512222290039,
      49.99258804321289,
      64.33318328857422,
      69.84326934814453,
      126.1343002319336,
      131.1139373779297,
      77.87420654296875,
      77.95820617675781,
      40.1492805480957,
      39.36660385131836,
      9.72295093536377,
      9.625778198242188
    ],
    [
      33.74071502685547,
      37.19572067260742,
      19.830427169799805,
      24.878122329711914,
      22.624540328979492,
      23.90449333190918,
      36.674625396728516,
      32.40971755981445,
      45.337310791015625,
      47.0349006652832,
      77.9959716796875,
      77.87420654296875,
      61.26215744018555,
      60.52314758300781,
      33.32170104980469,
      32.61338424682617,
      8.186644554138184,
      8.10180950164795
    ],
    [
      33.33007049560547,
      36.354244232177734,
      20.544471740722656,
      25.389522552490234,
      22.830949783325195,
      24.28182029724121,
      37.4903564453125,
      33.43104553222656,
      45.58345031738281,
      47.251224517822266,
      78.05656433105469,
      77.95820617675781,
      60.52314758300781,
      62.59794235229492,
      33.557979583740234,
      32.81320571899414,
      8.302532196044922,
      8.199233055114746
    ],
    [
      18.06987762451172,
      19.451553344726562,
      12.660152435302734,
      14.740554809570312,
      12.495290756225586,
      12.151810646057129,
      19.585113525390625,
      16.298913955688477,
      24.485925674438477,
      25.1373233795166,
      40.614234924316406,
      40.1492805480957,
      33.32170104980469,
      33.557979583740234,
      23.426013946533203,
      22.55286407470703,
      6.033477783203125,
      5.965665340423584
    ],
    [
      17.737628936767578,
      19.193254470825195,
      12.422819137573242,
      14.502946853637695,
      12.289365768432617,
      12.047663688659668,
      19.04231834411621,
      15.884048461914062,
      23.949264526367188,
      24.686363220214844,
      39.669281005859375,
      39.36660385131836,
      32.61338424682617,
      32.81320571899414,
      22.55286407470703,
      22.266786575317383,
      5.896862030029297,
      5.832770347595215
    ],
    [
      5.33279275894165,
      5.333653450012207,
      3.0864219665527344,
      3.5364506244659424,
      2.9231929779052734,
      2.7204127311706543,
      4.459516525268555,
      3.7706520557403564,
      5.515633583068848,
      5.6933393478393555,
      9.784491539001465,
      9.72295093536377,
      8.186644554138184,
      8.302532196044922,
      6.033477783203125,
      5.896862030029297,
      2.010582208633423,
      1.963767409324646
    ],
    [
      5.264684677124023,
      5.271407127380371,
      3.0578291416168213,
      3.511441469192505,
      2.897813320159912,
      2.7110862731933594,
      4.3927717208862305,
      3.697723865509033,
      5.429869174957275,
      5.633687496185303,
      9.686551094055176,
      9.625778198242188,
      8.10180950164795,
      8.199233055114746,
      5.965665340423584,
      5.832770347595215,
      1.963767409324646,
      1.984360694885254
    ]
  ],
  "damage": -13.86038875579834,
  "diff_bandwidth": 655.3218994140625,
  "dissonance": 4.587980513672919,
  "drr": 11.416483879089355,
  "dynamics": 4.877545356750488,
  "format": 1245190,
  "frames": 5994432,
  "loudness": -23.605806350708008,
  "loudness_range": 16.140213012695312,
  "loudness_range_short": 16.229084014892578,
  "lowpass_true_peak_15khz": -6.056491374969482,
  "mastering3_acoustic_entropies": [
    {
      "acoustic_entropy": 8.70020866394043,
      "acoustic_entropy_mono": 7.30849027633667,
      "band_eliminated_acoustic_entropies": [
        {
          "acoustic_entropy": 8.681699752807617,
          "acoustic_entropy_side": 8.695001602172852,
          "hz": 129.47220167065723
        },
        {
          "acoustic_entropy": 8.572046279907227,
          "acoustic_entropy_side": 8.692684173583984,
          "hz": 202.92927478742237
        },
        {
          "acoustic_entropy": 8.65147590637207,
          "acoustic_entropy_side": 8.581992149353027,
          "hz": 282.89161906338205
        },
        {
          "acoustic_entropy": 8.521923065185547,
          "acoustic_entropy_side": 8.56959056854248,
          "hz": 369.9353335868758
        },
        {
          "acoustic_entropy": 7.432585716247559,
          "acoustic_entropy_side": 8.597901344299316,
          "hz": 464.6875360973435
        },
        {
          "acoustic_entropy": 8.501765251159668,
          "acoustic_entropy_side": 9.090190887451172,
          "hz": 567.8308811364784
        },
        {
          "acoustic_entropy": 8.620257377624512,
          "acoustic_entropy_side": 9.270743370056152,
          "hz": 680.1084783214808
        },
        {
          "acoustic_entropy": 7.750441551208496,
          "acoustic_entropy_side": 8.13514232635498,
          "hz": 802.3292461747484
        },
        {
          "acoustic_entropy": 8.575573921203613,
          "acoustic_entropy_side": 8.62748908996582,
          "hz": 935.3737400823702
        },
        {
          "acoustic_entropy": 7.996277809143066,
          "acoustic_entropy_side": 8.863329887390137,
          "hz": 1080.2004963696966
        },
        {
          "acoustic_entropy": 8.455374717712402,
          "acoustic_entropy_side": 8.48177433013916,
          "hz": 1237.8529382007157
        },
        {
          "acoustic_entropy": 8.1294584274292,
          "acoustic_entropy_side": 8.211651802062988,
          "hz": 1409.4668930556702
        },
        {
          "acoustic_entropy": 7.840671539306641,
          "acoustic_entropy_side": 8.737496376037598,
          "hz": 1596.2787759475705
        },
        {
          "acoustic_entropy": 8.497369766235352,
          "acoustic_entropy_side": 8.711993217468262,
          "hz": 1799.6344973346393
        },
        {
          "acoustic_entropy": 8.736322402954102,
          "acoustic_entropy_side": 8.721285820007324,
          "hz": 2020.9991599069049
        },
        {
          "acoustic_entropy": 8.771984100341797,
          "acoustic_entropy_side": 8.805322647094727,
          "hz": 2261.9676141086993
        },
        {
          "acoustic_entropy": 8.608049392700195,
          "acoustic_entropy_side": 8.675621032714844,
          "hz": 2524.2759484456974
        },
        {
          "acoustic_entropy": 8.49160385131836,
          "acoustic_entropy_side": 8.658340454101562,
          "hz": 2809.813997359896
        },
        {
          "acoustic_entropy": 8.729296684265137,
          "acoustic_entropy_side": 8.710121154785156,
          "hz": 3120.6389567871424
        },
        {
          "acoustic_entropy": 8.816301345825195,
          "acoustic_entropy_side": 8.771051406860352,
          "hz": 3458.990205492291
        },
        {
          "acoustic_entropy": 8.856846809387207,
          "acoustic_entropy_side": 8.764520645141602,
          "hz": 3827.305438964164
        },
        {
          "acoustic_entropy": 8.844923973083496,
          "acoustic_entropy_side": 8.744452476501465,
          "hz": 4228.238232109126
        },
        {
          "acoustic_entropy": 8.751852035522461,
          "acoustic_entropy_side": 8.721190452575684,
          "hz": 4664.6771572759235
        },
        {
          "acoustic_entropy": 8.755254745483398,
          "acoustic_entropy_side": 8.72388744354248,
          "hz": 5139.766595350093
        },
        {
          "acoustic_entropy": 8.723064422607422,
          "acoustic_entropy_side": 8.712261199951172,
          "hz": 5656.929389854203
        },
        {
          "acoustic_entropy": 8.71761417388916,
          "acoustic_entropy_side": 8.707274436950684,
          "hz": 6219.891507268283
        },
        {
          "acoustic_entropy": 8.71235466003418,
          "acoustic_entropy_side": 8.703948020935059,
          "hz": 6832.70888123896
        },
        {
          "acoustic_entropy": 8.711684226989746,
          "acoustic_entropy_side": 8.706876754760742,
          "hz": 7499.796634079867
        },
        {
          "acoustic_entropy": 8.707534790039062,
          "acoustic_entropy_side": 8.703621864318848,
          "hz": 8225.96088609342
        },
        {
          "acoustic_entropy": 8.704194068908691,
          "acoustic_entropy_side": 8.702214241027832,
          "hz": 9016.43338188839
        },
        {
          "acoustic_entropy": 8.702649116516113,
          "acoustic_entropy_side": 8.70134449005127,
          "hz": 9876.909183162974
        },
        {
          "acoustic_entropy": 8.70123291015625,
          "acoustic_entropy_side": 8.700687408447266,
          "hz": 10813.587699516042
        },
        {
          "acoustic_entropy": 8.700480461120605,
          "acoustic_entropy_side": 8.700360298156738,
          "hz": 11833.21735289826
        },
        {
          "acoustic_entropy": 8.7003173828125,
          "acoustic_entropy_side": 8.700267791748047,
          "hz": 12943.144197493959
        },
        {
          "acoustic_entropy": 8.700248718261719,
          "acoustic_entropy_side": 8.700228691101074,
          "hz": 14151.364845322005
        },
        {
          "acoustic_entropy": 8.700213432312012,
          "acoustic_entropy_side": 8.700209617614746,
          "hz": 15466.58407886509
        },
        {
          "acoustic_entropy": 8.700209617614746,
          "acoustic_entropy_side": 8.70020866394043,
          "hz": 16898.27756580493
        },
        {
          "acoustic_entropy": 8.70020866394043,
          "acoustic_entropy_side": 8.70020866394043,
          "hz": 18456.760127700032
        },
        {
          "acoustic_entropy": 8.70020866394043,
          "acoustic_entropy_side": 8.70020866394043,
          "hz": 20153.260054456492
        },
        {
          "acoustic_entropy": 8.70020866394043,
          "acoustic_entropy_side": 8.70020866394043,
          "hz": 22000.00000000001
        }
      ],
      "diff_acoustic_entropy": 0.8997913002967834,
      "sn": 6
    },
    {
      "acoustic_entropy": 11.853373527526855,
      "acoustic_entropy_mono": 10.718608856201172,
      "band_eliminated_acoustic_entropies": [
        {
          "acoustic_entropy": 11.818399429321289,
          "acoustic_entropy_side": 11.733116149902344,
          "hz": 129.47220167065723
        },
        {
          "acoustic_entropy": 11.851655006408691,
          "acoustic_entropy_side": 11.81348991394043,
          "hz": 202.92927478742237
        },
        {
          "acoustic_entropy": 12.247611999511719,
          "acoustic_entropy_side": 12.183732986450195,
          "hz": 282.89161906338205
        },
        {
          "acoustic_entropy": 12.375621795654297,
          "acoustic_entropy_side": 11.697759628295898,
          "hz": 369.9353335868758
        },
        {
          "acoustic_entropy": 11.992362022399902,
          "acoustic_entropy_side": 12.467429161071777,
          "hz": 464.6875360973435
        },
        {
          "acoustic_entropy": 11.254020690917969,
          "acoustic_entropy_side": 12.35483455657959,
          "hz": 567.8308811364784
        },
        {
          "acoustic_entropy": 12.61160945892334,
          "acoustic_entropy_side": 12.580367088317871,
          "hz": 680.1084783214808
        },
        {
          "acoustic_entropy": 12.275867462158203,
          "acoustic_entropy_side": 12.497476577758789,
          "hz": 802.3292461747484
        },
        {
          "acoustic_entropy": 12.191811561584473,
          "acoustic_entropy_side": 12.00133228302002,
          "hz": 935.3737400823702
        },
        {
          "acoustic_entropy": 11.836138725280762,
          "acoustic_entropy_side": 12.45383071899414,
          "hz": 1080.2004963696966
        },
        {
          "acoustic_entropy": 12.332201957702637,
          "acoustic_entropy_side": 12.644893646240234,
          "hz": 1237.8529382007157
        },
        {
          "acoustic_entropy": 12.44294548034668,
          "acoustic_entropy_side": 12.210211753845215,
          "hz": 1409.4668930556702
        },
        {
          "acoustic_entropy": 10.852994918823242,
          "acoustic_entropy_side": 11.972752571105957,
          "hz": 1596.2787759475705
        },
        {
          "acoustic_entropy": 11.773870468139648,
          "acoustic_entropy_side": 11.946723937988281,
          "hz": 1799.6344973346393
        },
        {
          "acoustic_entropy": 12.355770111083984,
          "acoustic_entropy_side": 11.802953720092773,
          "hz": 2020.9991599069049
        },
        {
          "acoustic_entropy": 12.215384483337402,
          "acoustic_entropy_side": 11.9521484375,
          "hz": 2261.9676141086993
        },
        {
          "acoustic_entropy": 12.168831825256348,
          "acoustic_entropy_side": 12.157998085021973,
          "hz": 2524.2759484456974
        },
        {
          "acoustic_entropy": 12.101058006286621,
          "acoustic_entropy_side": 12.052459716796875,
          "hz": 2809.813997359896
        },
        {
          "acoustic_entropy": 11.983071327209473,
          "acoustic_entropy_side": 11.669814109802246,
          "hz": 3120.6389567871424
        },
        {
          "acoustic_entropy": 12.043415069580078,
          "acoustic_entropy_side": 11.761698722839355,
          "hz": 3458.990205492291
        },
        {
          "acoustic_entropy": 11.877418518066406,
          "acoustic_entropy_side": 11.712883949279785,
          "hz": 3827.305438964164
        },
        {
          "acoustic_entropy": 11.548630714416504,
          "acoustic_entropy_side": 11.66115951538086,
          "hz": 4228.238232109126
        },
        {
          "acoustic_entropy": 11.905895233154297,
          "acoustic_entropy_side": 11.683206558227539,
          "hz": 4664.6771572759235
        },
        {
          "acoustic_entropy": 11.671547889709473,
          "acoustic_entropy_side": 11.739789009094238,
          "hz": 5139.766595350093
        },
        {
          "acoustic_entropy": 11.684613227844238,
          "acoustic_entropy_side": 11.760685920715332,
          "hz": 5656.929389854203
        },
        {
          "acoustic_entropy": 11.742508888244629,
          "acoustic_entropy_side": 11.786643981933594,
          "hz": 6219.891507268283
        },
        {
          "acoustic_entropy": 11.746910095214844,
          "acoustic_entropy_side": 11.784709930419922,
          "hz": 6832.70888123896
        },
        {
          "acoustic_entropy": 11.727248191833496,
          "acoustic_entropy_side": 11.784008979797363,
          "hz": 7499.796634079867
        },
        {
          "acoustic_entropy": 11.766660690307617,
          "acoustic_entropy_side": 11.814742088317871,
          "hz": 8225.96088609342
        },
        {
          "acoustic_entropy": 11.804093360900879,
          "acoustic_entropy_side": 11.830283164978027,
          "hz": 9016.43338188839
        },
        {
          "acoustic_entropy": 11.822820663452148,
          "acoustic_entropy_side": 11.837974548339844,
          "hz": 9876.909183162974
        },
        {
          "acoustic_entropy": 11.839686393737793,
          "acoustic_entropy_side": 11.848148345947266,
          "hz": 10813.587699516042
        },
        {
          "acoustic_entropy": 11.846521377563477,
          "acoustic_entropy_side": 11.850703239440918,
          "hz": 11833.21735289826
        },
        {
          "acoustic_entropy": 11.850984573364258,
          "acoustic_entropy_side": 11.852315902709961,
          "hz": 12943.144197493959
        },
        {
          "acoustic_entropy": 11.852691650390625,
          "acoustic_entropy_side": 11.853050231933594,
          "hz": 14151.364845322005
        },
        {
          "acoustic_entropy": 11.853269577026367,
          "acoustic_entropy_side": 11.85331916809082,
          "hz": 15466.58407886509
        },
        {
          "acoustic_entropy": 11.853363990783691,
          "acoustic_entropy_side": 11.853370666503906,
          "hz": 16898.27756580493
        },
        {
          "acoustic_entropy": 11.853372573852539,
          "acoustic_entropy_side": 11.853373527526855,
          "hz": 18456.760127700032
        },
        {
          "acoustic_entropy": 11.853373527526855,
          "acoustic_entropy_side": 11.853373527526855,
          "hz": 20153.260054456492
        },
        {
          "acoustic_entropy": 11.853373527526855,
          "acoustic_entropy_side": 11.853373527526855,
          "hz": 22000.00000000001
        }
      ],
      "diff_acoustic_entropy": 2.014882802963257,
      "sn": 12
    },
    {
      "acoustic_entropy": 19.19245147705078,
      "acoustic_entropy_mono": 17.591989517211914,
      "band_eliminated_acoustic_entropies": [
        {
          "acoustic_entropy": 18.88178253173828,
          "acoustic_entropy_side": 18.7117862701416,
          "hz": 129.47220167065723
        },
        {
          "acoustic_entropy": 18.91450309753418,
          "acoustic_entropy_side": 18.994552612304688,
          "hz": 202.92927478742237
        },
        {
          "acoustic_entropy": 18.339536666870117,
          "acoustic_entropy_side": 18.53409767150879,
          "hz": 282.89161906338205
        },
        {
          "acoustic_entropy": 20.171878814697266,
          "acoustic_entropy_side": 19.91617202758789,
          "hz": 369.9353335868758
        },
        {
          "acoustic_entropy": 19.19366455078125,
          "acoustic_entropy_side": 19.607431411743164,
          "hz": 464.6875360973435
        },
        {
          "acoustic_entropy": 18.624759674072266,
          "acoustic_entropy_side": 20.059450149536133,
          "hz": 567.8308811364784
        },
        {
          "acoustic_entropy": 18.781972885131836,
          "acoustic_entropy_side": 20.43461799621582,
          "hz": 680.1084783214808
        },
        {
          "acoustic_entropy": 20.31032943725586,
          "acoustic_entropy_side": 19.821470260620117,
          "hz": 802.3292461747484
        },
        {
          "acoustic_entropy": 19.78042221069336,
          "acoustic_entropy_side": 19.23220443725586,
          "hz": 935.3737400823702
        },
        {
          "acoustic_entropy": 18.960269927978516,
          "acoustic_entropy_side": 18.845996856689453,
          "hz": 1080.2004963696966
        },
        {
          "acoustic_entropy": 19.100387573242188,
          "acoustic_entropy_side": 19.36730194091797,
          "hz": 1237.8529382007157
        },
        {
          "acoustic_entropy": 19.408658981323242,
          "acoustic_entropy_side": 19.690746307373047,
          "hz": 1409.4668930556702
        },
        {
          "acoustic_entropy": 19.353466033935547,
          "acoustic_entropy_side": 20.014545440673828,
          "hz": 1596.2787759475705
        },
        {
          "acoustic_entropy": 19.936317443847656,
          "acoustic_entropy_side": 21.19969940185547,
          "hz": 1799.6344973346393
        },
        {
          "acoustic_entropy": 18.59657859802246,
          "acoustic_entropy_side": 19.603515625,
          "hz": 2020.9991599069049
        },
        {
          "acoustic_entropy": 19.906158447265625,
          "acoustic_entropy_side": 19.958654403686523,
          "hz": 2261.9676141086993
        },
        {
          "acoustic_entropy": 19.420618057250977,
          "acoustic_entropy_side": 19.7851505279541,
          "hz": 2524.2759484456974
        },
        {
          "acoustic_entropy": 19.49784278869629,
          "acoustic_entropy_side": 18.89515495300293,
          "hz": 2809.813997359896
        },
        {
          "acoustic_entropy": 20.347299575805664,
          "acoustic_entropy_side": 20.147247314453125,
          "hz": 3120.6389567871424
        },
