{
  "acoustic_entropy": 67.33802795410156,
  "bands": [
    {
      "high_freq": 148.1999969482422,
      "loudness": -67.82733154296875,
      "loudness_range": 12.567352294921875,
      "mid_mean": -63.72934341430664,
      "mid_to_side_loudness": -9.567577362060547,
      "mid_to_side_loudness_range": 11.62767505645752,
      "side_mean": -68.56595611572266
    },
    {
      "high_freq": 392.3793640136719,
      "loudness": -58.05461120605469,
      "loudness_range": 31.298744201660156,
      "low_freq": 148.1999969482422,
      "mid_mean": -60.181304931640625,
      "mid_to_side_loudness": -2.9689888954162598,
      "mid_to_side_loudness_range": 10.680262565612793,
      "side_mean": -61.725772857666016
    },
    {
      "high_freq": 794.6976318359375,
      "loudness": -45.86021423339844,
      "loudness_range": 27.206783294677734,
      "low_freq": 392.3793640136719,
      "mid_mean": -50.39894485473633,
      "mid_to_side_loudness": -2.389911651611328,
      "mid_to_side_loudness_range": 14.111562728881836,
      "side_mean": -52.78230667114258
    },
    {
      "high_freq": 1457.5709228515625,
      "loudness": -52.68777084350586,
      "loudness_range": 30.86124038696289,
      "low_freq": 794.6976318359375,
      "mid_mean": -55.69689178466797,
      "mid_to_side_loudness": -0.6983010768890381,
      "mid_to_side_loudness_range": 12.312690734863281,
      "side_mean": -56.57586669921875
    },
    {
      "high_freq": 2549.74365234375,
      "loudness": -61.1147346496582,
      "loudness_range": 34.207271575927734,
      "low_freq": 1457.5709228515625,
      "mid_mean": -62.43862533569336,
      "mid_to_side_loudness": -0.6800857186317444,
      "mid_to_side_loudness_range": 10.24484634399414,
      "side_mean": -62.75022888183594
    },
    {
      "high_freq": 4349.24462890625,
      "loudness": -72.953857421875,
      "loudness_range": 26.942638397216797,
      "low_freq": 2549.74365234375,
      "mid_mean": -68.64253997802734,
      "mid_to_side_loudness": -0.2821125388145447,
      "mid_to_side_loudness_range": 7.012724876403809,
      "side_mean": -68.8368911743164
    },
    {
      "high_freq": 7314.1640625,
      "loudness": -78.06790924072266,
      "loudness_range": 22.613468170166016,
      "low_freq": 4349.24462890625,
      "mid_mean": -69.90740966796875,
      "mid_to_side_loudness": 0.7611396908760071,
      "mid_to_side_loudness_range": 2.165815591812134,
      "side_mean": -69.905029296875
    },
    {
      "high_freq": 12199.2666015625,
      "loudness": 0,
      "loudness_range": 0,
      "low_freq": 7314.1640625,
      "mid_mean": -69.99212646484375,
      "mid_to_side_loudness": 2.528644323348999,
      "mid_to_side_loudness_range": 2.0795249938964844,
      "side_mean": -69.98633575439453
    },
    {
      "loudness": 0,
      "loudness_range": 0,
      "low_freq": 12199.2666015625,
      "mid_mean": -69.99822235107422,
      "mid_to_side_loudness": 8.282731056213379,
      "mid_to_side_loudness_range": 9.340874671936035,
      "side_mean": -69.98956298828125
    }
  ],
  "bands_short": [
    {
      "high_freq": 148.1999969482422,
      "loudness": -69.22893524169922,
      "loudness_range": 12.936454772949219,
      "mid_mean": -64.63098907470703,
      "mid_to_side_loudness": -10.060287475585938,
      "mid_to_side_loudness_range": 15.414750099182129,
      "side_mean": -68.99018859863281
    },
    {
      "high_freq": 392.3793640136719,
      "loudness": -59.86478042602539,
      "loudness_range": 32.62654113769531,
      "low_freq": 148.1999969482422,
      "mid_mean": -61.26738357543945,
      "mid_to_side_loudness": -2.778069496154785,
      "mid_to_side_loudness_range": 14.01191520690918,
      "side_mean": -62.42589569091797
    },
    {
      "high_freq": 794.6976318359375,
      "loudness": -46.389686584472656,
      "loudness_range": 28.481645584106445,
      "low_freq": 392.3793640136719,
      "mid_mean": -51.335121154785156,
      "mid_to_side_loudness": -2.1716692447662354,
      "mid_to_side_loudness_range": 15.281383514404297,
      "side_mean": -53.54735565185547
    },
    {
      "high_freq": 1457.5709228515625,
      "loudness": -53.49838638305664,
      "loudness_range": 31.819156646728516,
      "low_freq": 794.6976318359375,
      "mid_mean": -56.80476379394531,
      "mid_to_side_loudness": -0.5496780872344971,
      "mid_to_side_loudness_range": 14.969388961791992,
      "side_mean": -57.49986267089844
    },
    {
      "high_freq": 2549.74365234375,
      "loudness": -62.336788177490234,
      "loudness_range": 31.687339782714844,
      "low_freq": 1457.5709228515625,
      "mid_mean": -63.57454299926758,
      "mid_to_side_loudness": -0.47566697001457214,
      "mid_to_side_loudness_range": 12.889898300170898,
      "side_mean": -63.65203094482422
    },
    {
      "high_freq": 4349.24462890625,
      "loudness": -71.62808990478516,
      "loudness_range": 26.544570922851562,
      "low_freq": 2549.74365234375,
      "mid_mean": -68.44169616699219,
      "mid_to_side_loudness": -0.3585059940814972,
      "mid_to_side_loudness_range": 9.513761520385742,
      "side_mean": -68.6282958984375
    },
    {
      "high_freq": 7314.1640625,
      "loudness": -77.03810119628906,
      "loudness_range": 21.085479736328125,
      "low_freq": 4349.24462890625,
      "mid_mean": -69.9181137084961,
      "mid_to_side_loudness": 0.8150978684425354,
      "mid_to_side_loudness_range": 3.4588816165924072,
      "side_mean": -69.91453552246094
    },
    {
      "high_freq": 12199.2666015625,
      "loudness": 0,
      "loudness_range": 0,
      "low_freq": 7314.1640625,
      "mid_mean": -69.99214935302734,
      "mid_to_side_loudness": 2.627960205078125,
      "mid_to_side_loudness_range": 2.7200822830200195,
      "side_mean": -69.98636627197266
    },
    {
      "loudness": 0,
      "loudness_range": 0,
      "low_freq": 12199.2666015625,
      "mid_mean": -69.99818420410156,
      "mid_to_side_loudness": 9.758566856384277,
      "mid_to_side_loudness_range": 19.81552505493164,
      "side_mean": -69.98945617675781
    }
  ],
  "bandwidth": 706.8316040039062,
  "channels": 2,
  "covariance": [
    [
      14.03189468383789,
      5.146481990814209,
      24.052579879760742,
      20.472036361694336,
      33.31462478637695,
      31.051258087158203,
      33.14823913574219,
      31.42032241821289,
      25.685094833374023,
      24.281579971313477,
      8.296378135681152,
      7.18335485458374,
      0.9225983023643494,
      0.9136935472488403,
      0.022092696279287338,
      0.027790876105427742,
      -0.0008777834591455758,
      -0.0003807492321357131
    ],
    [
      5.146481990814209,
      2.3972432613372803,
      8.256144523620605,
      7.294671535491943,
      11.528143882751465,
      10.808910369873047,
      12.067145347595215,
      11.755467414855957,
      10.482271194458008,
      9.670868873596191,
      4.1076226234436035,
      3.641932487487793,
      0.5756886601448059,
      0.5698427557945251,
      0.01213070098310709,
      0.014044028706848621,
      -0.00038376773591153324,
      -0.0008317980682477355
    ],
    [
      24.052579879760742,
      8.256144523620605,
      87.97759246826172,
      85.31637573242188,
      78.72220611572266,
      83.58905029296875,
      74.55921173095703,
      62.942386627197266,
      46.71329879760742,
      48.34517288208008,
      12.623350143432617,
      10.593160629272461,
      1.1467974185943604,
      1.1390539407730103,
      0.03099910169839859,
      0.03897932544350624,
      -0.00424164067953825,
      -0.007904413156211376
    ],
    [
      20.472036361694336,
      7.294671535491943,
      85.31637573242188,
      92.09260559082031,
      71.16938781738281,
      81.3148193359375,
      62.42292404174805,
      49.603206634521484,
      34.4212646484375,
      38.53164291381836,
      10.444091796875,
      8.602568626403809,
      1.125755786895752,
      1.1185548305511475,
      0.03012046590447426,
      0.03693581372499466,
      -0.0037841510493308306,
      -0.00729899387806654
    ],
    [
      33.31462478637695,
      11.528143882751465,
      78.72220611572266,
      71.16938781738281,
      178.1060791015625,
      150.6551513671875,
      90.45256042480469,
      88.3448486328125,
      53.108455657958984,
      50.843257904052734,
      15.951952934265137,
      15.124979019165039,
      1.5839871168136597,
      1.5654834508895874,
      0.045820508152246475,
      0.06057531386613846,
      -0.0031946629751473665,
      -0.002498047659173608
    ],
    [
      31.051258087158203,
      10.808910369873047,
      83.58905029296875,
      81.3148193359375,
      150.6551513671875,
      144.92127990722656,
      85.3614730834961,
      81.17240142822266,
      48.127288818359375,
      48.13709259033203,
      13.714639663696289,
      12.104415893554688,
      1.4141645431518555,
      1.3972058296203613,
      0.042155761271715164,
      0.054705746471881866,
      -0.0037249659653753042,
      -0.004295634105801582
    ],
    [
      33.14823913574219,
      12.067145347595215,
      74.55921173095703,
      62.42292404174805,
      90.45256042480469,
      85.3614730834961,
      138.69911193847656,
      123.8691177368164,
      84.13626098632812,
      80.42567443847656,
      21.951122283935547,
      18.77641487121582,
      2.304673671722412,
      2.333655834197998,
      0.05721129849553108,
      0.07157614082098007,
      -0.006833964493125677,
      -0.012960157357156277
    ],
    [
      31.42032241821289,
      11.755467414855957,
      62.942386627197266,
      49.603206634521484,
      88.3448486328125,
      81.17240142822266,
      123.8691177368164,
      120.72933959960938,
      81.39816284179688,
      75.95555877685547,
      21.091745376586914,
      17.939790725708008,
      2.100416660308838,
      2.1202569007873535,
      0.050612352788448334,
      0.06421446055173874,
      -0.006402730476111174,
      -0.012150068767368793
    ],
    [
      25.685094833374023,
      10.482271194458008,
      46.71329879760742,
      34.4212646484375,
      53.108455657958984,
      48.127288818359375,
      84.13626098632812,
      81.39816284179688,
      89.71073150634766,
      78.36366271972656,
      24.609050750732422,
      20.789823532104492,
      2.5254390239715576,
      2.504112958908081,
      0.05181526765227318,
      0.061365921050310135,
      -0.005202901549637318,
      -0.011487951502203941
    ],
    [
      24.281579971313477,
      9.670868873596191,
      48.34517288208008,
      38.53164291381836,
      50.843257904052734,
      48.13709259033203,
      80.42567443847656,
      75.95555877685547,
      78.36366271972656,
      72.99658203125,
      21.83953094482422,
      18.466407775878906,
      2.1773688793182373,
      2.1645560264587402,
      0.04547824710607529,
      0.054573334753513336,
      -0.004966022912412882,
      -0.010787616483867168
    ],
    [
      8.296378135681152,
      4.1076226234436035,
      12.623350143432617,
      10.444091796875,
      15.951952934265137,
      13.714639663696289,
      21.951122283935547,
      21.091745376586914,
      24.609050750732422,
      21.83953094482422,
      11.688132286071777,
      10.285661697387695,
      1.4043103456497192,
      1.3957725763320923,
      0.026359478011727333,
      0.029643628746271133,
      -0.0008279058965854347,
      -0.002479017013683915
    ],
    [
      7.18335485458374,
      3.641932487487793,
      10.593160629272461,
      8.602568626403809,
      15.124979019165039,
      12.104415893554688,
      18.77641487121582,
      17.939790725708008,
      20.789823532104492,
      18.466407775878906,
      10.285661697387695,
      9.663811683654785,
      1.2701135873794556,
      1.2609622478485107,
      0.024993250146508217,
      0.02779879979789257,
      -0.0005917435628362,
      -0.0019372206879779696
    ],
    [
      0.9225983023643494,
      0.5756886601448059,
      1.1467974185943604,
      1.125755786895752,
      1.5839871168136597,
      1.4141645431518555,
      2.304673671722412,
      2.100416660308838,
      2.5254390239715576,
      2.1773688793182373,
      1.4043103456497192,
      1.2701135873794556,
      0.33109405636787415,
      0.323445200920105,
      0.007289760280400515,
      0.007345321122556925,
      4.081153747392818e-05,
      -3.3868749596877024e-05
    ],
    [
      0.9136935472488403,
      0.5698427557945251,
      1.1390539407730103,
      1.1185548305511475,
      1.5654834508895874,
      1.3972058296203613,
      2.333655834197998,
      2.1202569007873535,
      2.504112958908081,
      2.1645560264587402,
      1.3957725763320923,
      1.2609622478485107,
      0.323445200920105,
      0.32237714529037476,
      0.007275928743183613,
      0.007445994298905134,
      3.1051218684297055e-05,
      -4.996332427253947e-05
    ],
    [
      0.022092696279287338,
      0.01213070098310709,
      0.03099910169839859,
      0.03012046590447426,
      0.045820508152246475,
      0.042155761271715164,
      0.05721129849553108,
      0.050612352788448334,
      0.05181526765227318,
      0.04547824710607529,
      0.026359478011727333,
      0.024993250146508217,
      0.007289760280400515,
      0.007275928743183613,
      0.0002524135634303093,
      0.00024900605785660446,
      2.730817413976183e-06,
      4.782771611644421e-06
    ],
    [
      0.027790876105427742,
      0.014044028706848621,
      0.03897932544350624,
      0.03693581372499466,
      0.06057531386613846,
      0.054705746471881866,
      0.07157614082098007,
      0.06421446055173874,
      0.061365921050310135,
      0.054573334753513336,
      0.029643628746271133,
      0.02779879979789257,
      0.007345321122556925,
      0.007445994298905134,
      0.00024900605785660446,
      0.00025778982671909034,
      2.867757530111703e-06,
      7.96133008407196e-06
    ],
    [
      -0.0008777834591455758,
      -0.00038376773591153324,
      -0.00424164067953825,
      -0.0037841510493308306,
      -0.0031946629751473665,
      -0.0037249659653753042,
      -0.006833964493125677,
      -0.006402730476111174,
      -0.005202901549637318,
      -0.004966022912412882,
      -0.0008279058965854347,
      -0.0005917435628362,
      4.081153747392818e-05,
      3.1051218684297055e-05,
      2.730817413976183e-06,
      2.867757530111703e-06,
      1.7702105878925067e-06,
      5.175327260076301e-06
    ],
    [
      -0.0003807492321357131,
      -0.0008317980682477355,
      -0.007904413156211376,
      -0.00729899387806654,
      -0.002498047659173608,
      -0.004295634105801582,
      -0.012960157357156277,
      -0.012150068767368793,
      -0.011487951502203941,
      -0.010787616483867168,
      -0.002479017013683915,
      -0.0019372206879779696,
      -3.3868749596877024e-05,
      -4.996332427253947e-05,
      4.782771611644421e-06,
      7.96133008407196e-06,
      5.175327260076301e-06,
      2.0425894035724923e-05
    ]
  ],
  "covariance_short": [
    [
      12.582079887390137,
      2.4290387630462646,
      17.681901931762695,
      14.595044136047363,
      26.087461471557617,
      23.926563262939453,
      26.123729705810547,
      25.20290184020996,
      18.69206428527832,
      18.40911102294922,
      8.254127502441406,
      7.313889980316162,
      0.6175717115402222,
      0.6257336139678955,
      0.01761215552687645,
      0.022766757756471634,
      -0.0006866774638183415,
      -0.0001837705640355125
    ],
    [
      2.4290387630462646,
      1.1136614084243774,
      4.537197589874268,
      4.057437419891357,
      6.51961088180542,
      6.145960330963135,
      6.561257362365723,
      6.487565040588379,
      5.242035388946533,
      5.059244632720947,
      2.753831148147583,
      2.47019362449646,
      0.2977481782436371,
      0.30077269673347473,
      0.00802360475063324,
      0.008835063315927982,
      -0.00018172941054217517,
      -0.00030604624771513045
    ],
    [
      17.681901931762695,
      4.537197589874268,
      82.21735382080078,
      79.50145721435547,
      72.59262084960938,
      77.1531982421875,
      69.9326400756836,
      59.0124397277832,
      40.46696853637695,
      43.16078186035156,
      15.339995384216309,
      13.434510231018066,
      1.0745316743850708,
      1.0980366468429565,
      0.033328715711832047,
      0.04052884131669998,
      -0.004353246185928583,
      -0.00901589635759592
    ],
    [
      14.595044136047363,
      4.057437419891357,
      79.50145721435547,
      90.173095703125,
      67.10993957519531,
      77.49932098388672,
      59.474754333496094,
      46.926090240478516,
      30.170330047607422,
      34.357749938964844,
      12.620388984680176,
      11.033713340759277,
      1.0052927732467651,
      1.0176831483840942,
      0.029292557388544083,
      0.036329712718725204,
      -0.0038138849195092916,
      -0.007917280308902264
    ],
    [
      26.087461471557617,
      6.51961088180542,
      72.59262084960938,
      67.10993957519531,
      180.4066162109375,
      151.93704223632812,
      87.45635223388672,
      86.11189270019531,
      49.99541091918945,
      48.59990692138672,
      20.0439510345459,
      19.469728469848633,
      1.4229145050048828,
      1.4330114126205444,
      0.04508142173290253,
      0.05952244997024536,
      -0.003399513429030776,
      -0.003840153105556965
    ],
    [
      23.926563262939453,
      6.145960330963135,
      77.1531982421875,
      77.49932098388672,
      151.93704223632812,
      147.52081298828125,
      83.14288330078125,
      79.6413345336914,
      44.867740631103516,
      45.44757843017578,
      18.601701736450195,
      17.4869384765625,
      1.259907603263855,
      1.2721409797668457,
      0.04200511798262596,
      0.054224587976932526,
      -0.0039474270306527615,
      -0.005433986429125071
    ],
    [
      26.123729705810547,
      6.561257362365723,
      69.9326400756836,
      59.474754333496094,
      87.45635223388672,
      83.14288330078125,
      135.90126037597656,
      120.86146545410156,
      71.29183197021484,
      72.18077087402344,
      26.25463104248047,
      22.005966186523438,
      1.9745949506759644,
      1.9949274063110352,
      0.05756969749927521,
      0.07185280323028564,
      -0.0071158744394779205,
      -0.01451979298144579
    ],
    [
      25.20290184020996,
      6.487565040588379,
      59.0124397277832,
      46.926090240478516,
      86.11189270019531,
      79.6413345336914,
      120.86146545410156,
      121.76155090332031,
      71.72748565673828,
      70.49205017089844,
      26.08335304260254,
      22.137666702270508,
      1.8482589721679688,
      1.8780490159988403,
      0.04971648007631302,
      0.0641416683793068,
      -0.006838805973529816,
      -0.013959398493170738
    ],
    [
      18.69206428527832,
      5.242035388946533,
      40.46696853637695,
      30.170330047607422,
      49.99541091918945,
      44.867740631103516,
      71.29183197021484,
      71.72748565673828,
      73.31079864501953,
      65.39433288574219,
      25.007478713989258,
      21.40711212158203,
      2.123253345489502,
      2.101473808288574,
      0.04172581434249878,
      0.05317174270749092,
      -0.004843606147915125,
      -0.01115961093455553
    ],
    [
      18.40911102294922,
      5.059244632720947,
      43.16078186035156,
      34.357749938964844,
      48.59990692138672,
      45.44757843017578,
      72.18077087402344,
      70.49205017089844,
      65.39433288574219,
      65.84895324707031,
      23.537691116333008,
      20.085466384887695,
      1.9351494312286377,
      1.9278931617736816,
      0.04270205274224281,
      0.05258585512638092,
      -0.004753803368657827,
      -0.010923104360699654
    ],
    [
      8.254127502441406,
      2.753831148147583,
      15.339995384216309,
      12.620388984680176,
      20.0439510345459,
      18.601701736450195,
      26.25463104248047,
      26.08335304260254,
      25.007478713989258,
      23.537691116333008,
      14.931558609008789,
      12.967662811279297,
      1.3884649276733398,
      1.3926353454589844,
      0.028560880571603775,
      0.03523580729961395,
      -0.001101701520383358,
      -0.003329210914671421
    ],
    [
      7.313889980316162,
      2.47019362449646,
      13.434510231018066,
      11.033713340759277,
      19.469728469848633,
      17.4869384765625,
      22.005966186523438,
      22.137666702270508,
      21.40711212158203,
      20.085466384887695,
      12.967662811279297,
      12.384605407714844,
      1.2412083148956299,
      1.223763346672058,
      0.027076518163084984,
      0.03270884230732918,
      -0.0008727222448214889,
      -0.0027464632876217365
    ],
    [
      0.6175717115402222,
      0.2977481782436371,
      1.0745316743850708,
      1.0052927732467651,
      1.4229145050048828,
      1.259907603263855,
      1.9745949506759644,
      1.8482589721679688,
      2.123253345489502,
      1.9351494312286377,
      1.3884649276733398,
      1.2412083148956299,
      0.32106730341911316,
      0.29092881083488464,
      0.008005565032362938,
      0.007986894808709621,
      8.721214544493705e-05,
      6.829187623225152e-05
    ],
    [
      0.6257336139678955,
      0.30077269673347473,
      1.0980366468429565,
      1.0176831483840942,
      1.4330114126205444,
      1.2721409797668457,
      1.9949274063110352,
      1.8780490159988403,
      2.101473808288574,
      1.9278931617736816,
      1.3926353454589844,
      1.223763346672058,
      0.29092881083488464,
      0.3251864016056061,
      0.008942589163780212,
      0.00815106462687254,
      3.4905533539131284e-05,
      -1.5897501725703478e-05
    ],
    [
      0.01761215552687645,
      0.00802360475063324,
      0.033328715711832047,
      0.029292557388544083,
      0.04508142173290253,
      0.04200511798262596,
      0.05756969749927521,
      0.04971648007631302,
      0.04172581434249878,
      0.04270205274224281,
      0.028560880571603775,
      0.027076518163084984,
      0.008005565032362938,
      0.008942589163780212,
      0.0006863085436634719,
      0.0005216900608502328,
      6.840640253358288e-06,
      1.1043253834941424e-05
    ],
    [
      0.022766757756471634,
      0.008835063315927982,
      0.04052884131669998,
      0.036329712718725204,
      0.05952244997024536,
      0.054224587976932526,
      0.07185280323028564,
      0.0641416683793068,
      0.05317174270749092,
      0.05258585512638092,
      0.03523580729961395,
      0.03270884230732918,
      0.007986894808709621,
      0.00815106462687254,
      0.0005216900608502328,
      0.0005136361578479409,
      7.318484222196275e-06,
      1.4342555004986934e-05
    ],
    [
      -0.0006866774638183415,
      -0.00018172941054217517,
      -0.004353246185928583,
      -0.0038138849195092916,
      -0.003399513429030776,
      -0.0039474270306527615,
      -0.0071158744394779205,
      -0.006838805973529816,
      -0.004843606147915125,
      -0.004753803368657827,
      -0.001101701520383358,
      -0.0008727222448214889,
      8.721214544493705e-05,
      3.4905533539131284e-05,
      6.840640253358288e-06,
      7.318484222196275e-06,
      2.5939980332623236e-06,
      6.02177078690147e-06
    ],
    [
      -0.0001837705640355125,
      -0.00030604624771513045,
      -0.00901589635759592,
      -0.007917280308902264,
      -0.003840153105556965,
      -0.005433986429125071,
      -0.01451979298144579,
      -0.013959398493170738,
      -0.01115961093455553,
      -0.010923104360699654,
      -0.003329210914671421,
      -0.0027464632876217365,
      6.829187623225152e-05,
      -1.5897501725703478e-05,
      1.1043253834941424e-05,
      1.4342555004986934e-05,
      6.02177078690147e-06,
      2.520565794839058e-05
    ]
  ],
  "damage": -24.508607864379883,
  "diff_bandwidth": 732.9351196289062,
  "dissonance": 3.0274006847455492,
  "drr": 4.178784370422363,
  "dynamics": 6.858304023742676,
  "format": 1245190,
  "frames": 3200960,
  "loudness": -37.791900634765625,
  "loudness_range": 25.427242279052734,
  "loudness_range_short": 28.120939254760742,
  "lowpass_true_peak_15khz": -13.364222526550293,
  "mastering3_acoustic_entropies": [
    {
      "acoustic_entropy": 7.269126892089844,
      "acoustic_entropy_mono": 6.432750225067139,
      "band_eliminated_acoustic_entropies": [
        {
          "acoustic_entropy": 7.26914119720459,
          "acoustic_entropy_side": 7.269129276275635,
          "hz": 129.47220167065723
        },
        {
          "acoustic_entropy": 7.271618843078613,
          "acoustic_entropy_side": 7.2693071365356445,
          "hz": 202.92927478742237
        },
        {
          "acoustic_entropy": 6.9378767013549805,
          "acoustic_entropy_side": 7.037547588348389,
          "hz": 282.89161906338205
        },
        {
          "acoustic_entropy": 7.237785339355469,
          "acoustic_entropy_side": 7.198652744293213,
          "hz": 369.9353335868758
        },
        {
          "acoustic_entropy": 6.9155426025390625,
          "acoustic_entropy_side": 7.1031389236450195,
          "hz": 464.6875360973435
        },
        {
          "acoustic_entropy": 6.68113899230957,
          "acoustic_entropy_side": 8.055335998535156,
          "hz": 567.8308811364784
        },
        {
          "acoustic_entropy": 7.34758186340332,
          "acoustic_entropy_side": 7.27057409286499,
          "hz": 680.1084783214808
        },
        {
          "acoustic_entropy": 7.273321628570557,
          "acoustic_entropy_side": 7.270727157592773,
          "hz": 802.3292461747484
        },
        {
          "acoustic_entropy": 6.6924920082092285,
          "acoustic_entropy_side": 7.15817928314209,
          "hz": 935.3737400823702
        },
        {
          "acoustic_entropy": 6.809512138366699,
          "acoustic_entropy_side": 6.837977886199951,
          "hz": 1080.2004963696966
        },
        {
          "acoustic_entropy": 7.250100135803223,
          "acoustic_entropy_side": 7.259068965911865,
          "hz": 1237.8529382007157
        },
        {
          "acoustic_entropy": 7.285161972045898,
          "acoustic_entropy_side": 7.280867099761963,
          "hz": 1409.4668930556702
        },
        {
          "acoustic_entropy": 7.2969207763671875,
          "acoustic_entropy_side": 7.275092601776123,
          "hz": 1596.2787759475705
        },
        {
          "acoustic_entropy": 6.95124626159668,
          "acoustic_entropy_side": 7.273453712463379,
          "hz": 1799.6344973346393
        },
        {
          "acoustic_entropy": 6.9382758140563965,
          "acoustic_entropy_side": 7.279325008392334,
          "hz": 2020.9991599069049
        },
        {
          "acoustic_entropy": 7.280418395996094,
          "acoustic_entropy_side": 7.2726054191589355,
          "hz": 2261.9676141086993
        },
        {
          "acoustic_entropy": 7.283741474151611,
          "acoustic_entropy_side": 7.281805038452148,
          "hz": 2524.2759484456974
        },
        {
          "acoustic_entropy": 7.275633811950684,
          "acoustic_entropy_side": 7.2778544425964355,
          "hz": 2809.813997359896
        },
        {
          "acoustic_entropy": 7.270782470703125,
          "acoustic_entropy_side": 7.270090579986572,
          "hz": 3120.6389567871424
        },
        {
          "acoustic_entropy": 7.269777774810791,
          "acoustic_entropy_side": 7.2706193923950195,
          "hz": 3458.990205492291
        },
        {
          "acoustic_entropy": 7.270085334777832,
          "acoustic_entropy_side": 7.26990270614624,
          "hz": 3827.305438964164
        },
        {
          "acoustic_entropy": 7.2694478034973145,
          "acoustic_entropy_side": 7.269260883331299,
          "hz": 4228.238232109126
        },
        {
          "acoustic_entropy": 7.269114971160889,
          "acoustic_entropy_side": 7.269110679626465,
          "hz": 4664.6771572759235
        },
        {
          "acoustic_entropy": 7.2691264152526855,
          "acoustic_entropy_side": 7.269125938415527,
          "hz": 5139.766595350093
        },
        {
          "acoustic_entropy": 7.269148826599121,
          "acoustic_entropy_side": 7.269131183624268,
          "hz": 5656.929389854203
        },
        {
          "acoustic_entropy": 7.2691264152526855,
          "acoustic_entropy_side": 7.269126892089844,
          "hz": 6219.891507268283
        },
        {
          "acoustic_entropy": 7.269126892089844,
          "acoustic_entropy_side": 7.269126892089844,
          "hz": 6832.70888123896
        },
        {
          "acoustic_entropy": 7.269126892089844,
          "acoustic_entropy_side": 7.269126892089844,
          "hz": 7499.796634079867
        },
        {
          "acoustic_entropy": 7.269126892089844,
          "acoustic_entropy_side": 7.269126892089844,
          "hz": 8225.96088609342
        },
        {
          "acoustic_entropy": 7.269126892089844,
          "acoustic_entropy_side": 7.269126892089844,
          "hz": 9016.43338188839
        },
        {
          "acoustic_entropy": 7.269126892089844,
          "acoustic_entropy_side": 7.269126892089844,
          "hz": 9876.909183162974
        },
        {
          "acoustic_entropy": 7.269126892089844,
          "acoustic_entropy_side": 7.269126892089844,
          "hz": 10813.587699516042
        },
        {
          "acoustic_entropy": 7.269126892089844,
          "acoustic_entropy_side": 7.269126892089844,
          "hz": 11833.21735289826
        },
        {
          "acoustic_entropy": 7.269126892089844,
          "acoustic_entropy_side": 7.269126892089844,
          "hz": 12943.144197493959
        },
        {
          "acoustic_entropy": 7.269126892089844,
          "acoustic_entropy_side": 7.269126892089844,
          "hz": 14151.364845322005
        },
        {
          "acoustic_entropy": 7.269126892089844,
          "acoustic_entropy_side": 7.269126892089844,
          "hz": 15466.58407886509
        },
        {
          "acoustic_entropy": 7.269126892089844,
          "acoustic_entropy_side": 7.269126892089844,
          "hz": 16898.27756580493
        },
        {
          "acoustic_entropy": 7.269126892089844,
          "acoustic_entropy_side": 7.269126892089844,
          "hz": 18456.760127700032
        },
        {
          "acoustic_entropy": 7.269126892089844,
          "acoustic_entropy_side": 7.269126892089844,
          "hz": 20153.260054456492
        },
        {
          "acoustic_entropy": 7.269126892089844,
          "acoustic_entropy_side": 7.269126892089844,
          "hz": 22000.00000000001
        }
      ],
      "diff_acoustic_entropy": 5.223080635070801,
      "sn": 6
    },
    {
      "acoustic_entropy": 9.895943641662598,
      "acoustic_entropy_mono": 8.808637619018555,
      "band_eliminated_acoustic_entropies": [
        {
          "acoustic_entropy": 9.896049499511719,
          "acoustic_entropy_side": 9.895955085754395,
          "hz": 129.47220167065723
        },
        {
          "acoustic_entropy": 9.901204109191895,
          "acoustic_entropy_side": 9.89760684967041,
          "hz": 202.92927478742237
        },
        {
          "acoustic_entropy": 9.553157806396484,
          "acoustic_entropy_side": 9.689497947692871,
          "hz": 282.89161906338205
        },
        {
          "acoustic_entropy": 10.069172859191895,
          "acoustic_entropy_side": 10.019001960754395,
          "hz": 369.9353335868758
        },
        {
          "acoustic_entropy": 9.44115924835205,
          "acoustic_entropy_side": 9.545082092285156,
          "hz": 464.6875360973435
        },
        {
          "acoustic_entropy": 9.623794555664062,
          "acoustic_entropy_side": 10.789823532104492,
          "hz": 567.8308811364784
        },
        {
          "acoustic_entropy": 9.977709770202637,
          "acoustic_entropy_side": 9.875016212463379,
          "hz": 680.1084783214808
        },
        {
          "acoustic_entropy": 9.860577583312988,
          "acoustic_entropy_side": 9.920241355895996,
          "hz": 802.3292461747484
        },
        {
          "acoustic_entropy": 9.579965591430664,
          "acoustic_entropy_side": 9.68899917602539,
          "hz": 935.3737400823702
        },
        {
          "acoustic_entropy": 9.419824600219727,
          "acoustic_entropy_side": 9.7211275100708,
          "hz": 1080.2004963696966
        },
        {
          "acoustic_entropy": 9.775339126586914,
          "acoustic_entropy_side": 9.854674339294434,
          "hz": 1237.8529382007157
        },
        {
          "acoustic_entropy": 9.92380428314209,
          "acoustic_entropy_side": 9.9176664352417,
          "hz": 1409.4668930556702
        },
        {
          "acoustic_entropy": 9.932910919189453,
          "acoustic_entropy_side": 9.923530578613281,
          "hz": 1596.2787759475705
        },
        {
          "acoustic_entropy": 9.948145866394043,
          "acoustic_entropy_side": 9.845719337463379,
          "hz": 1799.6344973346393
        },
        {
          "acoustic_entropy": 9.728828430175781,
          "acoustic_entropy_side": 9.719736099243164,
          "hz": 2020.9991599069049
        },
        {
          "acoustic_entropy": 9.908649444580078,
          "acoustic_entropy_side": 9.902948379516602,
          "hz": 2261.9676141086993
        },
        {
          "acoustic_entropy": 9.935954093933105,
          "acoustic_entropy_side": 9.931727409362793,
          "hz": 2524.2759484456974
        },
        {
          "acoustic_entropy": 9.803632736206055,
          "acoustic_entropy_side": 9.89164924621582,
          "hz": 2809.813997359896
        },
        {
          "acoustic_entropy": 9.909815788269043,
          "acoustic_entropy_side": 9.902557373046875,
          "hz": 3120.6389567871424
        },
        {
          "acoustic_entropy": 9.925053596496582,
          "acoustic_entropy_side": 9.912490844726562,
          "hz": 3458.990205492291
        },
        {
          "acoustic_entropy": 9.908509254455566,
          "acoustic_entropy_side": 9.914613723754883,
          "hz": 3827.305438964164
        },
        {
          "acoustic_entropy": 9.901694297790527,
          "acoustic_entropy_side": 9.898513793945312,
          "hz": 4228.238232109126
        },
        {
          "acoustic_entropy": 9.896333694458008,
          "acoustic_entropy_side": 9.896197319030762,
          "hz": 4664.6771572759235
        },
        {
          "acoustic_entropy": 9.896005630493164,
          "acoustic_entropy_side": 9.89598560333252,
          "hz": 5139.766595350093
        },
        {
          "acoustic_entropy": 9.89615249633789,
          "acoustic_entropy_side": 9.896056175231934,
          "hz": 5656.929389854203
        },
        {
          "acoustic_entropy": 9.895951271057129,
          "acoustic_entropy_side": 9.895947456359863,
          "hz": 6219.891507268283
        },
        {
          "acoustic_entropy": 9.895943641662598,
          "acoustic_entropy_side": 9.895943641662598,
          "hz": 6832.70888123896
        },
        {
          "acoustic_entropy": 9.895944595336914,
          "acoustic_entropy_side": 9.895943641662598,
          "hz": 7499.796634079867
        },
        {
          "acoustic_entropy": 9.895943641662598,
          "acoustic_entropy_side": 9.895943641662598,
          "hz": 8225.96088609342
        },
        {
          "acoustic_entropy": 9.895943641662598,
          "acoustic_entropy_side": 9.895943641662598,
          "hz": 9016.43338188839
        },
        {
          "acoustic_entropy": 9.895943641662598,
          "acoustic_entropy_side": 9.895943641662598,
          "hz": 9876.909183162974
        },
        {
          "acoustic_entropy": 9.895943641662598,
          "acoustic_entropy_side": 9.895943641662598,
          "hz": 10813.587699516042
        },
        {
          "acoustic_entropy": 9.895943641662598,
          "acoustic_entropy_side": 9.895943641662598,
          "hz": 11833.21735289826
        },
        {
          "acoustic_entropy": 9.895943641662598,
          "acoustic_entropy_side": 9.895943641662598,
          "hz": 12943.144197493959
        },
        {
          "acoustic_entropy": 9.895943641662598,
          "acoustic_entropy_side": 9.895943641662598,
          "hz": 14151.364845322005
        },
        {
          "acoustic_entropy": 9.895943641662598,
          "acoustic_entropy_side": 9.895943641662598,
          "hz": 15466.58407886509
        },
        {
          "acoustic_entropy": 9.895943641662598,
          "acoustic_entropy_side": 9.895943641662598,
          "hz": 16898.27756580493
        },
        {
          "acoustic_entropy": 9.895943641662598,
          "acoustic_entropy_side": 9.895943641662598,
          "hz": 18456.760127700032
        },
        {
          "acoustic_entropy": 9.895943641662598,
          "acoustic_entropy_side": 9.895943641662598,
          "hz": 20153.260054456492
        },
        {
          "acoustic_entropy": 9.895943641662598,
          "acoustic_entropy_side": 9.895943641662598,
          "hz": 22000.00000000001
        }
      ],
      "diff_acoustic_entropy": 6.978942394256592,
      "sn": 12
    },
    {
      "acoustic_entropy": 15.220937728881836,
      "acoustic_entropy_mono": 13.704995155334473,
      "band_eliminated_acoustic_entropies": [
        {
          "acoustic_entropy": 15.207122802734375,
          "acoustic_entropy_side": 15.225489616394043,
          "hz": 129.47220167065723
        },
        {
          "acoustic_entropy": 15.263099670410156,
          "acoustic_entropy_side": 15.238401412963867,
          "hz": 202.92927478742237
        },
        {
          "acoustic_entropy": 15.69597339630127,
          "acoustic_entropy_side": 15.077919960021973,
          "hz": 282.89161906338205
        },
        {
          "acoustic_entropy": 15.395570755004883,
          "acoustic_entropy_side": 14.969468116760254,
          "hz": 369.9353335868758
        },
        {
          "acoustic_entropy": 15.012264251708984,
          "acoustic_entropy_side": 15.272664070129395,
          "hz": 464.6875360973435
        },
        {
          "acoustic_entropy": 14.347954750061035,
          "acoustic_entropy_side": 16.214256286621094,
          "hz": 567.8308811364784
        },
        {
          "acoustic_entropy": 15.38798713684082,
          "acoustic_entropy_side": 15.146452903747559,
          "hz": 680.1084783214808
        },
        {
          "acoustic_entropy": 14.470593452453613,
          "acoustic_entropy_side": 14.991703033447266,
          "hz": 802.3292461747484
        },
        {
          "acoustic_entropy": 14.686493873596191,
          "acoustic_entropy_side": 15.891983985900879,
          "hz": 935.3737400823702
        },
        {
          "acoustic_entropy": 15.224709510803223,
          "acoustic_entropy_side": 14.993131637573242,
          "hz": 1080.2004963696966
        },
        {
          "acoustic_entropy": 14.727008819580078,
          "acoustic_entropy_side": 15.11957836151123,
          "hz": 1237.8529382007157
        },
        {
          "acoustic_entropy": 14.241418838500977,
          "acoustic_entropy_side": 15.316559791564941,
          "hz": 1409.4668930556702
        },
        {
          "acoustic_entropy": 15.494982719421387,
          "acoustic_entropy_side": 15.406416893005371,
          "hz": 1596.2787759475705
        },
        {
          "acoustic_entropy": 14.888113021850586,
          "acoustic_entropy_side": 14.737425804138184,
          "hz": 1799.6344973346393
        },
        {
          "acoustic_entropy": 14.980876922607422,
          "acoustic_entropy_side": 14.982983589172363,
          "hz": 2020.9991599069049
