{
  "acoustic_entropy": 200.4593048095703,
  "bands": [
    {
      "high_freq": 148.1999969482422,
      "loudness": -21.720476150512695,
      "loudness_range": 19.83633804321289,
      "mid_mean": -18.138059616088867,
      "mid_to_side_loudness": -23.685213088989258,
      "mid_to_side_loudness_range": 18.965911865234375,
      "side_mean": -44.5716438293457
    },
    {
      "high_freq": 392.3793640136719,
      "loudness": -20.786460876464844,
      "loudness_range": 8.136764526367188,
      "low_freq": 148.1999969482422,
      "mid_mean": -17.61626625061035,
      "mid_to_side_loudness": -11.113602638244629,
      "mid_to_side_loudness_range": 13.943662643432617,
      "side_mean": -28.75931167602539
    },
    {
      "high_freq": 794.6976318359375,
      "loudness": -24.182247161865234,
      "loudness_range": 10.340578079223633,
      "low_freq": 392.3793640136719,
      "mid_mean": -21.82785415649414,
      "mid_to_side_loudness": -5.629863262176514,
      "mid_to_side_loudness_range": 12.063502311706543,
      "side_mean": -27.469181060791016
    },
    {
      "high_freq": 1457.5709228515625,
      "loudness": -26.079200744628906,
      "loudness_range": 8.682310104370117,
      "low_freq": 794.6976318359375,
      "mid_mean": -23.904632568359375,
      "mid_to_side_loudness": -4.59602165222168,
      "mid_to_side_loudness_range": 9.469417572021484,
      "side_mean": -28.518108367919922
    },
    {
      "high_freq": 2549.74365234375,
      "loudness": -25.876155853271484,
      "loudness_range": 7.538564682006836,
      "low_freq": 1457.5709228515625,
      "mid_mean": -23.705047607421875,
      "mid_to_side_loudness": -4.617762565612793,
      "mid_to_side_loudness_range": 9.475400924682617,
      "side_mean": -28.28019142150879
    },
    {
      "high_freq": 4349.24462890625,
      "loudness": -27.974227905273438,
      "loudness_range": 12.105508804321289,
      "low_freq": 2549.74365234375,
      "mid_mean": -25.775495529174805,
      "mid_to_side_loudness": -4.850011825561523,
      "mid_to_side_loudness_range": 11.463529586791992,
      "side_mean": -30.64555549621582
    },
    {
      "high_freq": 7314.1640625,
      "loudness": -29.329673767089844,
      "loudness_range": 17.173906326293945,
      "low_freq": 4349.24462890625,
      "mid_mean": -26.839048385620117,
      "mid_to_side_loudness": -6.280191898345947,
      "mid_to_side_loudness_range": 13.82693862915039,
      "side_mean": -33.46256637573242
    },
    {
      "high_freq": 12199.2666015625,
      "loudness": -34.92136001586914,
      "loudness_range": 22.907655715942383,
      "low_freq": 7314.1640625,
      "mid_mean": -32.24325180053711,
      "mid_to_side_loudness": -7.53824520111084,
      "mid_to_side_loudness_range": 14.80385684967041,
      "side_mean": -40.90498352050781
    },
    {
      "loudness": -46.35194778442383,
      "loudness_range": 26.34958267211914,
      "low_freq": 12199.2666015625,
      "mid_mean": -44.15400314331055,
      "mid_to_side_loudness": -7.968788146972656,
      "mid_to_side_loudness_range": 15.25645637512207,
      "side_mean": -53.73878479003906
    }
  ],
  "bands_short": [
    {
      "high_freq": 148.1999969482422,
      "loudness": -24.943035125732422,
      "loudness_range": 25.775848388671875,
      "mid_mean": -21.449913024902344,
      "mid_to_side_loudness": -23.468473434448242,
      "mid_to_side_loudness_range": 26.446393966674805,
      "side_mean": -48.177825927734375
    },
    {
      "high_freq": 392.3793640136719,
      "loudness": -22.037290573120117,
      "loudness_range": 17.406322479248047,
      "low_freq": 148.1999969482422,
      "mid_mean": -18.99730110168457,
      "mid_to_side_loudness": -11.740665435791016,
      "mid_to_side_loudness_range": 19.501100540161133,
      "side_mean": -30.81003761291504
    },
    {
      "high_freq": 794.6976318359375,
      "loudness": -25.021970748901367,
      "loudness_range": 13.632579803466797,
      "low_freq": 392.3793640136719,
      "mid_mean": -22.807844161987305,
      "mid_to_side_loudness": -6.147433757781982,
      "mid_to_side_loudness_range": 16.398344039916992,
      "side_mean": -28.96968650817871
    },
    {
      "high_freq": 1457.5709228515625,
      "loudness": -26.11498260498047,
      "loudness_range": 11.712472915649414,
      "low_freq": 794.6976318359375,
      "mid_mean": -24.169429779052734,
      "mid_to_side_loudness": -4.414247035980225,
      "mid_to_side_loudness_range": 13.057104110717773,
      "side_mean": -28.608545303344727
    },
    {
      "high_freq": 2549.74365234375,
      "loudness": -26.791635513305664,
      "loudness_range": 12.202199935913086,
      "low_freq": 1457.5709228515625,
      "mid_mean": -24.852882385253906,
      "mid_to_side_loudness": -4.246772766113281,
      "mid_to_side_loudness_range": 11.446171760559082,
      "side_mean": -29.00286865234375
    },
    {
      "high_freq": 4349.24462890625,
      "loudness": -28.922876358032227,
      "loudness_range": 15.483308792114258,
      "low_freq": 2549.74365234375,
      "mid_mean": -26.936735153198242,
      "mid_to_side_loudness": -4.392987251281738,
      "mid_to_side_loudness_range": 12.326271057128906,
      "side_mean": -31.35541343688965
    },
    {
      "high_freq": 7314.1640625,
      "loudness": -30.68914794921875,
      "loudness_range": 20.680803298950195,
      "low_freq": 4349.24462890625,
      "mid_mean": -28.495361328125,
      "mid_to_side_loudness": -5.4858198165893555,
      "mid_to_side_loudness_range": 14.881133079528809,
      "side_mean": -34.35313034057617
    },
    {
      "high_freq": 12199.2666015625,
      "loudness": -37.149818420410156,
      "loudness_range": 27.907358169555664,
      "low_freq": 7314.1640625,
      "mid_mean": -34.82202911376953,
      "mid_to_side_loudness": -6.3308796882629395,
      "mid_to_side_loudness_range": 15.768218040466309,
      "side_mean": -42.24838638305664
    },
    {
      "loudness": -48.62360763549805,
      "loudness_range": 29.777545928955078,
      "low_freq": 12199.2666015625,
      "mid_mean": -47.83051681518555,
      "mid_to_side_loudness": -6.727877616882324,
      "mid_to_side_loudness_range": 16.33868408203125,
      "side_mean": -55.5135498046875
    }
  ],
  "bandwidth": 435.3010559082031,
  "channels": 2,
  "covariance": [
    [
      64.9932632446289,
      38.637420654296875,
      10.587700843811035,
      7.461078643798828,
      -9.940354347229004,
      1.3470661640167236,
      1.575640082359314,
      5.354872703552246,
      12.370063781738281,
      9.120654106140137,
      18.5686092376709,
      8.978944778442383,
      29.723642349243164,
      13.124826431274414,
      43.120609283447266,
      24.781831741333008,
      52.75311279296875,
      34.11879348754883
    ],
    [
      38.637420654296875,
      54.337486267089844,
      8.654597282409668,
      3.4496798515319824,
      -6.234104633331299,
      0.253263920545578,
      3.2576937675476074,
      2.8358306884765625,
      10.266444206237793,
      5.789525985717773,
      16.0831298828125,
      6.737305164337158,
      27.250324249267578,
      11.974020004272461,
      38.21490478515625,
      22.138500213623047,
      46.48444747924805,
      32.24064254760742
    ],
    [
      10.587700843811035,
      8.654597282409668,
      12.188324928283691,
      5.591411590576172,
      4.6771440505981445,
      3.7121400833129883,
      4.774653911590576,
      3.6134912967681885,
      4.6788835525512695,
      3.1720972061157227,
      4.902883052825928,
      2.689484119415283,
      6.838688373565674,
      3.980405569076538,
      6.855822563171387,
      6.941730976104736,
      8.893620491027832,
      10.047286987304688
    ],
    [
      7.461078643798828,
      3.4496798515319824,
      5.591411590576172,
      21.321304321289062,
      0.31398874521255493,
      10.765084266662598,
      1.4557286500930786,
      10.404751777648926,
      5.219139575958252,
      13.191041946411133,
      7.124027729034424,
      15.700236320495605,
      5.964646816253662,
      12.153599739074707,
      4.8276190757751465,
      11.115325927734375,
      5.415802001953125,
      10.000753402709961
    ],
    [
      -9.940354347229004,
      -6.234104633331299,
      4.6771440505981445,
      0.31398874521255493,
      16.131982803344727,
      7.439591884613037,
      7.983831405639648,
      4.090307712554932,
      0.6336206793785095,
      0.44605639576911926,
      -3.6727378368377686,
      -0.9238649606704712,
      -5.7428364753723145,
      -0.3994119465351105,
      -8.567270278930664,
      -1.1567816734313965,
      -10.952037811279297,
      -1.9721100330352783
    ],
    [
      1.3470661640167236,
      0.253263920545578,
      3.7121400833129883,
      10.765084266662598,
      7.439591884613037,
      15.049138069152832,
      4.8248138427734375,
      10.283411026000977,
      4.15540075302124,
      10.754172325134277,
      3.4705727100372314,
      11.847414016723633,
      0.89609694480896,
      8.133855819702148,
      0.33977317810058594,
      7.405998706817627,
      -0.49859535694122314,
      6.116491794586182
    ],
    [
      1.575640082359314,
      3.2576937675476074,
      4.774653911590576,
      1.4557286500930786,
      7.983831405639648,
      4.8248138427734375,
      10.863751411437988,
      7.271915912628174,
      5.620571613311768,
      2.8843345642089844,
      1.6719938516616821,
      1.177232027053833,
      1.5255823135375977,
      1.7271720170974731,
      0.953296959400177,
      2.5332846641540527,
      0.6106231212615967,
      3.829735279083252
    ],
    [
      5.354872703552246,
      2.8358306884765625,
      3.6134912967681885,
      10.404751777648926,
      4.090307712554932,
      10.283411026000977,
      7.271915912628174,
      15.44112777709961,
      7.247804641723633,
      12.646994590759277,
      5.824915885925293,
      13.344510078430176,
      3.3119843006134033,
      9.483230590820312,
      1.3195502758026123,
      8.10429859161377,
      0.5921813249588013,
      7.752472877502441
    ],
    [
      12.370063781738281,
      10.266444206237793,
      4.6788835525512695,
      5.219139575958252,
      0.6336206793785095,
      4.15540075302124,
      5.620571613311768,
      7.247804641723633,
      12.900222778320312,
      10.119318008422852,
      10.08444595336914,
      8.650357246398926,
      10.546385765075684,
      9.250577926635742,
      10.563752174377441,
      9.918421745300293,
      11.776259422302246,
      12.094606399536133
    ],
    [
      9.120654106140137,
      5.789525985717773,
      3.1720972061157227,
      13.191041946411133,
      0.44605639576911926,
      10.754172325134277,
      2.8843345642089844,
      12.646994590759277,
      10.119318008422852,
      20.238176345825195,
      10.414763450622559,
      19.695613861083984,
      7.020014762878418,
      15.735956192016602,
      5.168560028076172,
      12.184281349182129,
      4.964122772216797,
      11.830811500549316
    ],
    [
      18.5686092376709,
      16.0831298828125,
      4.902883052825928,
      7.124027729034424,
      -3.6727378368377686,
      3.4705727100372314,
      1.6719938516616821,
      5.824915885925293,
      10.08444595336914,
      10.414763450622559,
      24.021068572998047,
      19.197141647338867,
      23.704050064086914,
      20.288423538208008,
      24.545242309570312,
      21.661144256591797,
      25.653738021850586,
      22.42792510986328
    ],
    [
      8.978944778442383,
      6.737305164337158,
      2.689484119415283,
      15.700236320495605,
      -0.9238649606704712,
      11.847414016723633,
      1.177232027053833,
      13.344510078430176,
      8.650357246398926,
      19.695613861083984,
      19.197141647338867,
      32.9597282409668,
      14.288357734680176,
      26.93839454650879,
      10.577666282653809,
      22.7301082611084,
      9.56308650970459,
      18.67972755432129
    ],
    [
      29.723642349243164,
      27.250324249267578,
      6.838688373565674,
      5.964646816253662,
      -5.7428364753723145,
      0.89609694480896,
      1.5255823135375977,
      3.3119843006134033,
      10.546385765075684,
      7.020014762878418,
      23.704050064086914,
      14.288357734680176,
      47.9020881652832,
      28.402292251586914,
      52.428340911865234,
      40.35893249511719,
      54.183712005615234,
      39.59041976928711
    ],
    [
      13.124826431274414,
      11.974020004272461,
      3.980405569076538,
      12.153599739074707,
      -0.3994119465351105,
      8.133855819702148,
      1.7271720170974731,
      9.483230590820312,
      9.250577926635742,
      15.735956192016602,
      20.288423538208008,
      26.93839454650879,
      28.402292251586914,
      38.38335418701172,
      26.44297218322754,
      36.66551971435547,
      24.280405044555664,
      31.48270034790039
    ],
    [
      43.120609283447266,
      38.21490478515625,
      6.855822563171387,
      4.8276190757751465,
      -8.567270278930664,
      0.33977317810058594,
      0.953296959400177,
      1.3195502758026123,
      10.563752174377441,
      5.168560028076172,
      24.545242309570312,
      10.577666282653809,
      52.428340911865234,
      26.44297218322754,
      82.55448913574219,
      48.8858757019043,
      86.48106384277344,
      52.958518981933594
    ],
    [
      24.781831741333008,
      22.138500213623047,
      6.941730976104736,
      11.115325927734375,
      -1.1567816734313965,
      7.405998706817627,
      2.5332846641540527,
      8.10429859161377,
      9.918421745300293,
      12.184281349182129,
      21.661144256591797,
      22.7301082611084,
      40.35893249511719,
      36.66551971435547,
      48.8858757019043,
      54.48029708862305,
      50.83489227294922,
      49.296104431152344
    ],
    [
      52.75311279296875,
      46.48444747924805,
      8.893620491027832,
      5.415802001953125,
      -10.952037811279297,
      -0.49859535694122314,
      0.6106231212615967,
      0.5921813249588013,
      11.776259422302246,
      4.964122772216797,
      25.653738021850586,
      9.56308650970459,
      54.183712005615234,
      24.280405044555664,
      86.48106384277344,
      50.83489227294922,
      109.58702087402344,
      62.4038200378418
    ],
    [
      34.11879348754883,
      32.24064254760742,
      10.047286987304688,
      10.000753402709961,
      -1.9721100330352783,
      6.116491794586182,
      3.829735279083252,
      7.752472877502441,
      12.094606399536133,
      11.830811500549316,
      22.42792510986328,
      18.67972755432129,
      39.59041976928711,
      31.48270034790039,
      52.958518981933594,
      49.296104431152344,
      62.4038200378418,
      64.63972473144531
    ]
  ],
  "covariance_short": [
    [
      87.34610748291016,
      44.61763381958008,
      8.262226104736328,
      2.7292871475219727,
      -12.558951377868652,
      -1.6687850952148438,
      -5.547217845916748,
      2.4574925899505615,
      6.63101053237915,
      6.422766208648682,
      10.25650691986084,
      5.843286514282227,
      18.720224380493164,
      9.183899879455566,
      31.983280181884766,
      19.389480590820312,
      43.44291687011719,
      27.314855575561523
    ],
    [
      44.61763381958008,
      72.43897247314453,
      14.060090065002441,
      2.776355028152466,
      -1.9129419326782227,
      2.7878897190093994,
      1.9166909456253052,
      4.202817916870117,
      7.478553295135498,
      5.7188029289245605,
      11.458660125732422,
      5.795431137084961,
      20.69451332092285,
      9.924298286437988,
      29.662918090820312,
      19.416568756103516,
      41.83151626586914,
      29.37982177734375
    ],
    [
      8.262226104736328,
      14.060090065002441,
      33.59750747680664,
      12.993195533752441,
      10.04224681854248,
      7.137468338012695,
      8.749290466308594,
      6.284602642059326,
      8.216931343078613,
      6.034689426422119,
      8.895840644836426,
      6.456557273864746,
      10.241695404052734,
      8.263655662536621,
      9.544351577758789,
      11.44605827331543,
      12.250823020935059,
      14.1331205368042
    ],
    [
      2.7292871475219727,
      2.776355028152466,
      12.993195533752441,
      38.296878814697266,
      3.856809377670288,
      15.997001647949219,
      4.030979156494141,
      13.502613067626953,
      8.065792083740234,
      16.149208068847656,
      9.071524620056152,
      18.240808486938477,
      7.379124164581299,
      15.82439136505127,
      6.7217817306518555,
      15.577092170715332,
      7.390530109405518,
      13.959330558776855
    ],
    [
      -12.558951377868652,
      -1.9129419326782227,
      10.04224681854248,
      3.856809377670288,
      29.333354949951172,
      13.02040958404541,
      15.74270248413086,
      9.40032958984375,
      5.848138809204102,
      3.8687281608581543,
      1.2899304628372192,
      2.8490800857543945,
      -1.7933721542358398,
      2.7347331047058105,
      -4.654625415802002,
      2.0415213108062744,
      -7.5931901931762695,
      0.8693710565567017
    ],
    [
      -1.6687850952148438,
      2.7878897190093994,
      7.137468338012695,
      15.997001647949219,
      13.02040958404541,
      28.415287017822266,
      9.930222511291504,
      16.667171478271484,
      7.576929092407227,
      15.297225952148438,
      5.78997802734375,
      15.679444313049316,
      1.4674679040908813,
      10.936005592346191,
      0.21060417592525482,
      9.75798225402832,
      -0.24544203281402588,
      8.77517032623291
    ],
    [
      -5.547217845916748,
      1.9166909456253052,
      8.749290466308594,
      4.030979156494141,
      15.74270248413086,
      9.930222511291504,
      20.96756362915039,
      12.03510856628418,
      10.863381385803223,
      6.375333786010742,
      5.903900146484375,
      5.348257541656494,
      3.1511881351470947,
      4.688925266265869,
      1.009149432182312,
      4.537591934204102,
      -0.1835632175207138,
      4.300184726715088
    ],
    [
      2.4574925899505615,
      4.202817916870117,
      6.284602642059326,
      13.502613067626953,
      9.40032958984375,
      16.667171478271484,
      12.03510856628418,
      24.069793701171875,
      10.381893157958984,
      16.87202262878418,
      7.975479602813721,
      17.313575744628906,
      2.8367607593536377,
      12.351428031921387,
      0.3649725317955017,
      10.034830093383789,
      -0.027256932109594345,
      8.66458511352539
    ],
    [
      6.63101053237915,
      7.478553295135498,
      8.216931343078613,
      8.065792083740234,
      5.848138809204102,
      7.576929092407227,
      10.863381385803223,
      10.381893157958984,
      23.754619598388672,
      15.786724090576172,
      17.538002014160156,
      14.54675006866455,
      15.329094886779785,
      15.146029472351074,
      13.153618812561035,
      14.35815143585205,
      14.74870777130127,
      15.767657279968262
    ],
    [
      6.422766208648682,
      5.7188029289245605,
      6.034689426422119,
      16.149208068847656,
      3.8687281608581543,
      15.297225952148438,
      6.375333786010742,
      16.87202262878418,
      15.786724090576172,
      26.81596565246582,
      14.473896980285645,
      24.173553466796875,
      8.715118408203125,
      19.70343017578125,
      5.101438522338867,
      15.121835708618164,
      6.164034843444824,
      14.262741088867188
    ],
    [
      10.25650691986084,
      11.458660125732422,
      8.895840644836426,
      9.071524620056152,
      1.2899304628372192,
      5.78997802734375,
      5.903900146484375,
      7.975479602813721,
      17.538002014160156,
      14.473896980285645,
      35.20409393310547,
      26.201213836669922,
      32.94456481933594,
      28.37710189819336,
      31.515640258789062,
      30.038328170776367,
      33.42938995361328,
      29.07985496520996
    ],
    [
      5.843286514282227,
      5.795431137084961,
      6.456557273864746,
      18.240808486938477,
      2.8490800857543945,
      15.679444313049316,
      5.348257541656494,
      17.313575744628906,
      14.54675006866455,
      24.173553466796875,
      26.201213836669922,
      40.096683502197266,
      19.38524627685547,
      33.309513092041016,
      13.253585815429688,
      28.487024307250977,
      13.83373737335205,
      24.085508346557617
    ],
    [
      18.720224380493164,
      20.69451332092285,
      10.241695404052734,
      7.379124164581299,
      -1.7933721542358398,
      1.4674679040908813,
      3.1511881351470947,
      2.8367607593536377,
      15.329094886779785,
      8.715118408203125,
      32.94456481933594,
      19.38524627685547,
      65.0555419921875,
      39.88355255126953,
      69.09086608886719,
      54.09743881225586,
      73.85343933105469,
      50.4975700378418
    ],
    [
      9.183899879455566,
      9.924298286437988,
      8.263655662536621,
      15.82439136505127,
      2.7347331047058105,
      10.936005592346191,
      4.688925266265869,
      12.351428031921387,
      15.146029472351074,
      19.70343017578125,
      28.37710189819336,
      33.309513092041016,
      39.88355255126953,
      49.876243591308594,
      35.9730224609375,
      47.87077713012695,
      36.99162292480469,
      41.356895446777344
    ],
    [
      31.983280181884766,
      29.662918090820312,
      9.544351577758789,
      6.7217817306518555,
      -4.654625415802002,
      0.21060417592525482,
      1.009149432182312,
      0.3649725317955017,
      13.153618812561035,
      5.101438522338867,
      31.515640258789062,
      13.253585815429688,
      69.09086608886719,
      35.9730224609375,
      106.04103088378906,
      65.62834167480469,
      111.0145034790039,
      66.25323486328125
    ],
    [
      19.389480590820312,
      19.416568756103516,
      11.44605827331543,
      15.577092170715332,
      2.0415213108062744,
      9.75798225402832,
      4.537591934204102,
      10.034830093383789,
      14.35815143585205,
      15.121835708618164,
      30.038328170776367,
      28.487024307250977,
      54.09743881225586,
      47.87077713012695,
      65.62834167480469,
      71.66302490234375,
      71.19114685058594,
      62.938720703125
    ],
    [
      43.44291687011719,
      41.83151626586914,
      12.250823020935059,
      7.390530109405518,
      -7.5931901931762695,
      -0.24544203281402588,
      -0.1835632175207138,
      -0.027256932109594345,
      14.74870777130127,
      6.164034843444824,
      33.42938995361328,
      13.83373737335205,
      73.85343933105469,
      36.99162292480469,
      111.0145034790039,
      71.19114685058594,
      141.08831787109375,
      83.69859313964844
    ],
    [
      27.314855575561523,
      29.37982177734375,
      14.1331205368042,
      13.959330558776855,
      0.8693710565567017,
      8.77517032623291,
      4.300184726715088,
      8.66458511352539,
      15.767657279968262,
      14.262741088867188,
      29.07985496520996,
      24.085508346557617,
      50.4975700378418,
      41.356895446777344,
      66.25323486328125,
      62.938720703125,
      83.69859313964844,
      78.52589416503906
    ]
  ],
  "damage": -5.633044719696045,
  "diff_bandwidth": 392.7665100097656,
  "dissonance": 8.987942879657613,
  "drr": 13.654841423034668,
  "dynamics": 2.667336940765381,
  "format": 1245190,
  "frames": 10742720,
  "loudness": -11.374739646911621,
  "loudness_range": 5.986291885375977,
  "loudness_range_short": 9.091727256774902,
  "lowpass_true_peak_15khz": 0.3596579432487488,
  "mastering3_acoustic_entropies": [
    {
      "acoustic_entropy": 6.238877296447754,
      "acoustic_entropy_mono": 6.3575286865234375,
      "band_eliminated_acoustic_entropies": [
        {
          "acoustic_entropy": 6.334062099456787,
          "acoustic_entropy_side": 6.238882541656494,
          "hz": 129.47220167065723
        },
        {
          "acoustic_entropy": 6.015853404998779,
          "acoustic_entropy_side": 6.234957218170166,
          "hz": 202.92927478742237
        },
        {
          "acoustic_entropy": 6.417248249053955,
          "acoustic_entropy_side": 6.185574054718018,
          "hz": 282.89161906338205
        },
        {
          "acoustic_entropy": 6.298138618469238,
          "acoustic_entropy_side": 6.348823070526123,
          "hz": 369.9353335868758
        },
        {
          "acoustic_entropy": 6.3448944091796875,
          "acoustic_entropy_side": 6.251160621643066,
          "hz": 464.6875360973435
        },
        {
          "acoustic_entropy": 6.045752048492432,
          "acoustic_entropy_side": 6.193400859832764,
          "hz": 567.8308811364784
        },
        {
          "acoustic_entropy": 5.824809551239014,
          "acoustic_entropy_side": 6.226598739624023,
          "hz": 680.1084783214808
        },
        {
          "acoustic_entropy": 6.053643226623535,
          "acoustic_entropy_side": 6.171779632568359,
          "hz": 802.3292461747484
        },
        {
          "acoustic_entropy": 6.223648548126221,
          "acoustic_entropy_side": 6.3900346755981445,
          "hz": 935.3737400823702
        },
        {
          "acoustic_entropy": 6.397453308105469,
          "acoustic_entropy_side": 6.27974796295166,
          "hz": 1080.2004963696966
        },
        {
          "acoustic_entropy": 6.298135280609131,
          "acoustic_entropy_side": 6.258326530456543,
          "hz": 1237.8529382007157
        },
        {
          "acoustic_entropy": 6.221663951873779,
          "acoustic_entropy_side": 6.179383754730225,
          "hz": 1409.4668930556702
        },
        {
          "acoustic_entropy": 6.419041633605957,
          "acoustic_entropy_side": 6.327155590057373,
          "hz": 1596.2787759475705
        },
        {
          "acoustic_entropy": 6.280245780944824,
          "acoustic_entropy_side": 6.21094274520874,
          "hz": 1799.6344973346393
        },
        {
          "acoustic_entropy": 6.249768257141113,
          "acoustic_entropy_side": 6.285837173461914,
          "hz": 2020.9991599069049
        },
        {
          "acoustic_entropy": 6.270906925201416,
          "acoustic_entropy_side": 6.214435577392578,
          "hz": 2261.9676141086993
        },
        {
          "acoustic_entropy": 6.300167083740234,
          "acoustic_entropy_side": 6.304323196411133,
          "hz": 2524.2759484456974
        },
        {
          "acoustic_entropy": 6.361583232879639,
          "acoustic_entropy_side": 6.347618103027344,
          "hz": 2809.813997359896
        },
        {
          "acoustic_entropy": 6.343012809753418,
          "acoustic_entropy_side": 6.3149800300598145,
          "hz": 3120.6389567871424
        },
        {
          "acoustic_entropy": 6.232049465179443,
          "acoustic_entropy_side": 6.200807571411133,
          "hz": 3458.990205492291
        },
        {
          "acoustic_entropy": 6.267644882202148,
          "acoustic_entropy_side": 6.2135820388793945,
          "hz": 3827.305438964164
        },
        {
          "acoustic_entropy": 6.262617111206055,
          "acoustic_entropy_side": 6.218842506408691,
          "hz": 4228.238232109126
        },
        {
          "acoustic_entropy": 6.302928447723389,
          "acoustic_entropy_side": 6.271043300628662,
          "hz": 4664.6771572759235
        },
        {
          "acoustic_entropy": 6.3681817054748535,
          "acoustic_entropy_side": 6.297260761260986,
          "hz": 5139.766595350093
        },
        {
          "acoustic_entropy": 6.258271217346191,
          "acoustic_entropy_side": 6.308324813842773,
          "hz": 5656.929389854203
        },
        {
          "acoustic_entropy": 6.168429851531982,
          "acoustic_entropy_side": 6.3121538162231445,
          "hz": 6219.891507268283
        },
        {
          "acoustic_entropy": 6.238801002502441,
          "acoustic_entropy_side": 6.307462692260742,
          "hz": 6832.70888123896
        },
        {
          "acoustic_entropy": 6.247464179992676,
          "acoustic_entropy_side": 6.292177677154541,
          "hz": 7499.796634079867
        },
        {
          "acoustic_entropy": 6.2175750732421875,
          "acoustic_entropy_side": 6.2671589851379395,
          "hz": 8225.96088609342
        },
        {
          "acoustic_entropy": 6.1834588050842285,
          "acoustic_entropy_side": 6.2533369064331055,
          "hz": 9016.43338188839
        },
        {
          "acoustic_entropy": 6.183528900146484,
          "acoustic_entropy_side": 6.245454788208008,
          "hz": 9876.909183162974
        },
        {
          "acoustic_entropy": 6.198441028594971,
          "acoustic_entropy_side": 6.238184452056885,
          "hz": 10813.587699516042
        },
        {
          "acoustic_entropy": 6.197024345397949,
          "acoustic_entropy_side": 6.236156940460205,
          "hz": 11833.21735289826
        },
        {
          "acoustic_entropy": 6.1920037269592285,
          "acoustic_entropy_side": 6.236969470977783,
          "hz": 12943.144197493959
        },
        {
          "acoustic_entropy": 6.204484462738037,
          "acoustic_entropy_side": 6.238442420959473,
          "hz": 14151.364845322005
        },
        {
          "acoustic_entropy": 6.221635341644287,
          "acoustic_entropy_side": 6.238857746124268,
          "hz": 15466.58407886509
        },
        {
          "acoustic_entropy": 6.233850955963135,
          "acoustic_entropy_side": 6.238889694213867,
          "hz": 16898.27756580493
        },
        {
          "acoustic_entropy": 6.237874984741211,
          "acoustic_entropy_side": 6.238879680633545,
          "hz": 18456.760127700032
        },
        {
          "acoustic_entropy": 6.2387166023254395,
          "acoustic_entropy_side": 6.238875865936279,
          "hz": 20153.260054456492
        },
        {
          "acoustic_entropy": 6.238863468170166,
          "acoustic_entropy_side": 6.238877296447754,
          "hz": 22000.00000000001
        }
      ],
      "diff_acoustic_entropy": 4.759469985961914,
      "sn": 6
    },
    {
      "acoustic_entropy": 10.672832489013672,
      "acoustic_entropy_mono": 9.521706581115723,
      "band_eliminated_acoustic_entropies": [
        {
          "acoustic_entropy": 10.748394966125488,
          "acoustic_entropy_side": 10.672850608825684,
          "hz": 129.47220167065723
        },
        {
          "acoustic_entropy": 11.025111198425293,
          "acoustic_entropy_side": 10.687067031860352,
          "hz": 202.92927478742237
        },
        {
          "acoustic_entropy": 11.209271430969238,
          "acoustic_entropy_side": 10.512646675109863,
          "hz": 282.89161906338205
        },
        {
          "acoustic_entropy": 10.61959457397461,
          "acoustic_entropy_side": 10.68907642364502,
          "hz": 369.9353335868758
        },
        {
          "acoustic_entropy": 10.726019859313965,
          "acoustic_entropy_side": 10.644289016723633,
          "hz": 464.6875360973435
        },
        {
          "acoustic_entropy": 10.049761772155762,
          "acoustic_entropy_side": 10.469834327697754,
          "hz": 567.8308811364784
        },
        {
          "acoustic_entropy": 10.130430221557617,
          "acoustic_entropy_side": 10.635964393615723,
          "hz": 680.1084783214808
        },
        {
          "acoustic_entropy": 10.816095352172852,
          "acoustic_entropy_side": 10.775477409362793,
          "hz": 802.3292461747484
        },
        {
          "acoustic_entropy": 10.535518646240234,
          "acoustic_entropy_side": 10.428471565246582,
          "hz": 935.3737400823702
        },
        {
          "acoustic_entropy": 10.62150764465332,
          "acoustic_entropy_side": 11.060620307922363,
          "hz": 1080.2004963696966
        },
        {
          "acoustic_entropy": 10.454166412353516,
          "acoustic_entropy_side": 10.63158893585205,
          "hz": 1237.8529382007157
        },
        {
          "acoustic_entropy": 10.515681266784668,
          "acoustic_entropy_side": 10.656648635864258,
          "hz": 1409.4668930556702
        },
        {
          "acoustic_entropy": 10.637179374694824,
          "acoustic_entropy_side": 10.669206619262695,
          "hz": 1596.2787759475705
        },
        {
          "acoustic_entropy": 10.414472579956055,
          "acoustic_entropy_side": 10.60534381866455,
          "hz": 1799.6344973346393
        },
        {
          "acoustic_entropy": 10.53857707977295,
          "acoustic_entropy_side": 10.638007164001465,
          "hz": 2020.9991599069049
        },
        {
          "acoustic_entropy": 10.527520179748535,
          "acoustic_entropy_side": 10.640962600708008,
          "hz": 2261.9676141086993
        },
        {
          "acoustic_entropy": 10.454848289489746,
          "acoustic_entropy_side": 10.510647773742676,
          "hz": 2524.2759484456974
        },
        {
          "acoustic_entropy": 10.494791984558105,
          "acoustic_entropy_side": 10.503507614135742,
          "hz": 2809.813997359896
        },
        {
          "acoustic_entropy": 10.373860359191895,
          "acoustic_entropy_side": 10.477996826171875,
          "hz": 3120.6389567871424
        },
        {
          "acoustic_entropy": 10.717012405395508,
          "acoustic_entropy_side": 10.470487594604492,
          "hz": 3458.990205492291
        },
        {
          "acoustic_entropy": 10.671792030334473,
          "acoustic_entropy_side": 10.603825569152832,
          "hz": 3827.305438964164
        },
        {
          "acoustic_entropy": 10.656867027282715,
          "acoustic_entropy_side": 10.625083923339844,
          "hz": 4228.238232109126
        },
        {
          "acoustic_entropy": 10.57841968536377,
          "acoustic_entropy_side": 10.624479293823242,
          "hz": 4664.6771572759235
        },
        {
          "acoustic_entropy": 10.51320743560791,
          "acoustic_entropy_side": 10.689453125,
          "hz": 5139.766595350093
        },
        {
          "acoustic_entropy": 10.536748886108398,
          "acoustic_entropy_side": 10.677101135253906,
          "hz": 5656.929389854203
        },
        {
          "acoustic_entropy": 10.43526840209961,
          "acoustic_entropy_side": 10.613197326660156,
          "hz": 6219.891507268283
        },
        {
          "acoustic_entropy": 10.68307113647461,
          "acoustic_entropy_side": 10.750496864318848,
          "hz": 6832.70888123896
        },
        {
          "acoustic_entropy": 10.605220794677734,
          "acoustic_entropy_side": 10.689165115356445,
          "hz": 7499.796634079867
        },
        {
          "acoustic_entropy": 10.36682415008545,
          "acoustic_entropy_side": 10.524985313415527,
          "hz": 8225.96088609342
        },
        {
          "acoustic_entropy": 10.527274131774902,
          "acoustic_entropy_side": 10.573862075805664,
          "hz": 9016.43338188839
        },
        {
          "acoustic_entropy": 10.554252624511719,
          "acoustic_entropy_side": 10.59462833404541,
          "hz": 9876.909183162974
        },
        {
          "acoustic_entropy": 10.535094261169434,
          "acoustic_entropy_side": 10.62265396118164,
          "hz": 10813.587699516042
        },
        {
          "acoustic_entropy": 10.53878116607666,
          "acoustic_entropy_side": 10.646871566772461,
          "hz": 11833.21735289826
        },
        {
          "acoustic_entropy": 10.5607328414917,
          "acoustic_entropy_side": 10.659767150878906,
          "hz": 12943.144197493959
        },
        {
          "acoustic_entropy": 10.60300064086914,
          "acoustic_entropy_side": 10.668294906616211,
          "hz": 14151.364845322005
        },
        {
          "acoustic_entropy": 10.670100212097168,
          "acoustic_entropy_side": 10.67311954498291,
          "hz": 15466.58407886509
        },
        {
          "acoustic_entropy": 10.681814193725586,
          "acoustic_entropy_side": 10.673219680786133,
          "hz": 16898.27756580493
        },
        {
          "acoustic_entropy": 10.67748737335205,
          "acoustic_entropy_side": 10.67292308807373,
          "hz": 18456.760127700032
        },
        {
          "acoustic_entropy": 10.673210144042969,
          "acoustic_entropy_side": 10.672852516174316,
          "hz": 20153.260054456492
        },
        {
          "acoustic_entropy": 10.672836303710938,
          "acoustic_entropy_side": 10.672834396362305,
          "hz": 22000.00000000001
        }
      ],
      "diff_acoustic_entropy": 7.472275733947754,
      "sn": 12
    },
    {
      "acoustic_entropy": 16.365407943725586,
      "acoustic_entropy_mono": 13.14663028717041,
      "band_eliminated_acoustic_entropies": [
        {
          "acoustic_entropy": 15.910757064819336,
          "acoustic_entropy_side": 16.350927352905273,
          "hz": 129.47220167065723
        },
        {
          "acoustic_entropy": 15.884963989257812,
          "acoustic_entropy_side": 16.199676513671875,
          "hz": 202.92927478742237
        },
        {
          "acoustic_entropy": 17.301923751831055,
          "acoustic_entropy_side": 16.63216209411621,
          "hz": 282.89161906338205
        },
        {
          "acoustic_entropy": 17.057695388793945,
          "acoustic_entropy_side": 16.857555389404297,
          "hz": 369.9353335868758
        },
        {
          "acoustic_entropy": 16.872257232666016,
          "acoustic_entropy_side": 17.217905044555664,
          "hz": 464.6875360973435
        },
        {
          "acoustic_entropy": 17.166568756103516,
          "acoustic_entropy_side": 16.57954216003418,
          "hz": 567.8308811364784
        },
        {
          "acoustic_entropy": 16.112184524536133,
          "acoustic_entropy_side": 16.139789581298828,
          "hz": 680.1084783214808
        },
        {
          "acoustic_entropy": 17.18931770324707,
          "acoustic_entropy_side": 17.125654220581055,
          "hz": 802.3292461747484
        },
        {
          "acoustic_entropy": 16.59402847290039,
          "acoustic_entropy_side": 17.070796966552734,
          "hz": 935.3737400823702
        },
        {
          "acoustic_entropy": 16.66387367248535,
          "acoustic_entropy_side": 16.791534423828125,
          "hz": 1080.2004963696966
        },
        {
          "acoustic_entropy": 16.664043426513672,
          "acoustic_entropy_side": 16.377965927124023,
          "hz": 1237.8529382007157
        },
        {
          "acoustic_entropy": 16.424331665039062,
          "acoustic_entropy_side": 16.408008575439453,
          "hz": 1409.4668930556702
        },
        {
          "acoustic_entropy": 16.7364559173584,
          "acoustic_entropy_side": 16.556062698364258,
          "hz": 1596.2787759475705
        },
        {
          "acoustic_entropy": 16.554819107055664,
          "acoustic_entropy_side": 16.692110061645508,
          "hz": 1799.6344973346393
        },
        {
          "acoustic_entropy": 16.668804168701172,
          "acoustic_entropy_side": 16.664640426635742,
          "hz": 2020.9991599069049
        },
        {
          "acoustic_entropy": 16.006467819213867,
          "acoustic_entropy_side": 16.013952255249023,
          "hz": 2261.9676141086993
        },
        {
          "acoustic_entropy": 16.403940200805664,
          "acoustic_entropy_side": 16.419504165649414,
          "hz": 2524.2759484456974
        },
        {
          "acoustic_entropy": 16.530921936035156,
          "acoustic_entropy_side": 16.528493881225586,
          "hz": 2809.813997359896
        },
        {
