{
  "acoustic_entropy": 162.29978942871094,
  "bands": [
    {
      "high_freq": 148.1999969482422,
      "loudness": -31.6910343170166,
      "loudness_range": 18.18662452697754,
      "mid_mean": -28.37944984436035,
      "mid_to_side_loudness": -10.138641357421875,
      "mid_to_side_loudness_range": 13.302496910095215,
      "side_mean": -39.63994598388672
    },
    {
      "high_freq": 392.3793640136719,
      "loudness": -33.36345291137695,
      "loudness_range": 17.767404556274414,
      "low_freq": 148.1999969482422,
      "mid_mean": -31.253087997436523,
      "mid_to_side_loudness": -4.461081504821777,
      "mid_to_side_loudness_range": 10.266103744506836,
      "side_mean": -35.70035934448242
    },
    {
      "high_freq": 794.6976318359375,
      "loudness": -34.190608978271484,
      "loudness_range": 24.29051399230957,
      "low_freq": 392.3793640136719,
      "mid_mean": -33.599525451660156,
      "mid_to_side_loudness": -1.9471722841262817,
      "mid_to_side_loudness_range": 16.576425552368164,
      "side_mean": -34.53137969970703
    },
    {
      "high_freq": 1457.5709228515625,
      "loudness": -40.27580261230469,
      "loudness_range": 27.993408203125,
      "low_freq": 794.6976318359375,
      "mid_mean": -37.986026763916016,
      "mid_to_side_loudness": -5.5491790771484375,
      "mid_to_side_loudness_range": 11.198099136352539,
      "side_mean": -42.92335510253906
    },
    {
      "high_freq": 2549.74365234375,
      "loudness": -45.09347152709961,
      "loudness_range": 27.328353881835938,
      "low_freq": 1457.5709228515625,
      "mid_mean": -43.23025894165039,
      "mid_to_side_loudness": -4.231150150299072,
      "mid_to_side_loudness_range": 10.599849700927734,
      "side_mean": -47.143409729003906
    },
    {
      "high_freq": 4349.24462890625,
      "loudness": -49.93760681152344,
      "loudness_range": 25.184814453125,
      "low_freq": 2549.74365234375,
      "mid_mean": -47.81191635131836,
      "mid_to_side_loudness": -4.517584800720215,
      "mid_to_side_loudness_range": 7.803037166595459,
      "side_mean": -52.445167541503906
    },
    {
      "high_freq": 7314.1640625,
      "loudness": -51.84355163574219,
      "loudness_range": 22.459545135498047,
      "low_freq": 4349.24462890625,
      "mid_mean": -50.30833053588867,
      "mid_to_side_loudness": -5.431094646453857,
      "mid_to_side_loudness_range": 6.657828330993652,
      "side_mean": -55.2114143371582
    },
    {
      "high_freq": 12199.2666015625,
      "loudness": -56.010765075683594,
      "loudness_range": 23.899269104003906,
      "low_freq": 7314.1640625,
      "mid_mean": -53.966983795166016,
      "mid_to_side_loudness": -6.382131576538086,
      "mid_to_side_loudness_range": 7.6441521644592285,
      "side_mean": -59.16520309448242
    },
    {
      "loudness": -61.469947814941406,
      "loudness_range": 24.835227966308594,
      "low_freq": 12199.2666015625,
      "mid_mean": -58.579647064208984,
      "mid_to_side_loudness": -7.239630222320557,
      "mid_to_side_loudness_range": 10.636714935302734,
      "side_mean": -63.18767166137695
    }
  ],
  "bands_short": [
    {
      "high_freq": 148.1999969482422,
      "loudness": -34.76905822753906,
      "loudness_range": 25.38804054260254,
      "mid_mean": -31.333040237426758,
      "mid_to_side_loudness": -10.860403060913086,
      "mid_to_side_loudness_range": 18.09320068359375,
      "side_mean": -44.14499282836914
    },
    {
      "high_freq": 392.3793640136719,
      "loudness": -33.427764892578125,
      "loudness_range": 20.260353088378906,
      "low_freq": 148.1999969482422,
      "mid_mean": -31.24836540222168,
      "mid_to_side_loudness": -4.896778583526611,
      "mid_to_side_loudness_range": 12.161806106567383,
      "side_mean": -36.37731170654297
    },
    {
      "high_freq": 794.6976318359375,
      "loudness": -36.68096923828125,
      "loudness_range": 27.954647064208984,
      "low_freq": 392.3793640136719,
      "mid_mean": -36.1656379699707,
      "mid_to_side_loudness": -2.2930238246917725,
      "mid_to_side_loudness_range": 18.126951217651367,
      "side_mean": -37.439796447753906
    },
    {
      "high_freq": 1457.5709228515625,
      "loudness": -41.28396987915039,
      "loudness_range": 30.714120864868164,
      "low_freq": 794.6976318359375,
      "mid_mean": -39.26241683959961,
      "mid_to_side_loudness": -5.426535129547119,
      "mid_to_side_loudness_range": 13.182875633239746,
      "side_mean": -44.3737907409668
    },
    {
      "high_freq": 2549.74365234375,
      "loudness": -47.1185302734375,
      "loudness_range": 30.535261154174805,
      "low_freq": 1457.5709228515625,
      "mid_mean": -45.87605667114258,
      "mid_to_side_loudness": -3.936596393585205,
      "mid_to_side_loudness_range": 11.49013900756836,
      "side_mean": -49.775718688964844
    },
    {
      "high_freq": 4349.24462890625,
      "loudness": -51.974876403808594,
      "loudness_range": 30.285266876220703,
      "low_freq": 2549.74365234375,
      "mid_mean": -50.76897430419922,
      "mid_to_side_loudness": -3.8595798015594482,
      "mid_to_side_loudness_range": 8.7661714553833,
      "side_mean": -54.06452941894531
    },
    {
      "high_freq": 7314.1640625,
      "loudness": -54.603172302246094,
      "loudness_range": 28.936481475830078,
      "low_freq": 4349.24462890625,
      "mid_mean": -53.307403564453125,
      "mid_to_side_loudness": -4.528073310852051,
      "mid_to_side_loudness_range": 7.804033279418945,
      "side_mean": -57.02870178222656
    },
    {
      "high_freq": 12199.2666015625,
      "loudness": -58.314247131347656,
      "loudness_range": 29.695430755615234,
      "low_freq": 7314.1640625,
      "mid_mean": -57.11085891723633,
      "mid_to_side_loudness": -5.2101826667785645,
      "mid_to_side_loudness_range": 8.423298835754395,
      "side_mean": -60.775848388671875
    },
    {
      "loudness": -63.33927536010742,
      "loudness_range": 29.06967544555664,
      "low_freq": 12199.2666015625,
      "mid_mean": -62.05199432373047,
      "mid_to_side_loudness": -5.967731475830078,
      "mid_to_side_loudness_range": 11.137179374694824,
      "side_mean": -64.97821807861328
    }
  ],
  "bandwidth": 449.4442138671875,
  "channels": 2,
  "covariance": [
    [
      45.892391204833984,
      30.542095184326172,
      16.7947998046875,
      16.813932418823242,
      19.30426788330078,
      18.67715835571289,
      18.493330001831055,
      19.662540435791016,
      20.9887638092041,
      23.392683029174805,
      18.528114318847656,
      22.762922286987305,
      21.245676040649414,
      20.352859497070312,
      20.465089797973633,
      18.580535888671875,
      16.928518295288086,
      14.743158340454102
    ],
    [
      30.542095184326172,
      40.079708099365234,
      16.419675827026367,
      17.907176971435547,
      15.993104934692383,
      13.24140739440918,
      15.725630760192871,
      15.93708324432373,
      18.786909103393555,
      21.361658096313477,
      16.44996452331543,
      19.870689392089844,
      16.613901138305664,
      15.986751556396484,
      14.452343940734863,
      13.156121253967285,
      11.781218528747559,
      10.073901176452637
    ],
    [
      16.7947998046875,
      16.419675827026367,
      39.622440338134766,
      39.54228591918945,
      32.63737869262695,
      28.312883377075195,
      28.671579360961914,
      28.47464370727539,
      35.144378662109375,
      38.78179931640625,
      31.02167510986328,
      34.57467269897461,
      28.280439376831055,
      29.470706939697266,
      26.857284545898438,
      26.262754440307617,
      22.936199188232422,
      19.49713897705078
    ],
    [
      16.813932418823242,
      17.907176971435547,
      39.54228591918945,
      53.491905212402344,
      38.10365295410156,
      37.645015716552734,
      32.44004821777344,
      35.73324966430664,
      37.511226654052734,
      44.80052947998047,
      29.354734420776367,
      34.54465103149414,
      23.05449104309082,
      26.115676879882812,
      22.115703582763672,
      23.150535583496094,
      19.072071075439453,
      17.47408103942871
    ],
    [
      19.30426788330078,
      15.993104934692383,
      32.63737869262695,
      38.10365295410156,
      63.5550537109375,
      58.98004150390625,
      48.6561279296875,
      50.398433685302734,
      55.4927978515625,
      64.79522705078125,
      44.61302185058594,
      52.58467483520508,
      35.372032165527344,
      37.562469482421875,
      32.57181167602539,
      31.965862274169922,
      27.499177932739258,
      23.539024353027344
    ],
    [
      18.67715835571289,
      13.24140739440918,
      28.312883377075195,
      37.645015716552734,
      58.98004150390625,
      91.79509735107422,
      49.54552459716797,
      59.60840606689453,
      55.71506881713867,
      65.51290130615234,
      44.70628356933594,
      55.767730712890625,
      31.32669448852539,
      34.7354850769043,
      29.23702049255371,
      29.658700942993164,
      25.069353103637695,
      22.34672737121582
    ],
    [
      18.493330001831055,
      15.725630760192871,
      28.671579360961914,
      32.44004821777344,
      48.6561279296875,
      49.54552459716797,
      80.119140625,
      78.43099975585938,
      66.08216857910156,
      74.35455322265625,
      50.99211883544922,
      60.41264343261719,
      42.64263916015625,
      44.66524887084961,
      37.31565475463867,
      34.98544692993164,
      30.725067138671875,
      24.825454711914062
    ],
    [
      19.662540435791016,
      15.93708324432373,
      28.47464370727539,
      35.73324966430664,
      50.398433685302734,
      59.60840606689453,
      78.43099975585938,
      96.75373840332031,
      70.27405548095703,
      83.95893859863281,
      53.35578536987305,
      65.47308349609375,
      42.7161979675293,
      46.222511291503906,
      37.88915252685547,
      36.89999008178711,
      31.598125457763672,
      27.0139102935791
    ],
    [
      20.9887638092041,
      18.786909103393555,
      35.144378662109375,
      37.511226654052734,
      55.4927978515625,
      55.71506881713867,
      66.08216857910156,
      70.27405548095703,
      86.72693634033203,
      92.92698669433594,
      69.3669662475586,
      80.09113311767578,
      59.479244232177734,
      61.42225646972656,
      53.708377838134766,
      50.619049072265625,
      44.127418518066406,
      35.75639343261719
    ],
    [
      23.392683029174805,
      21.361658096313477,
      38.78179931640625,
      44.80052947998047,
      64.79522705078125,
      65.51290130615234,
      74.35455322265625,
      83.95893859863281,
      92.92698669433594,
      113.86141967773438,
      73.71959686279297,
      87.69216918945312,
      61.508094787597656,
      66.0668716430664,
      56.34098434448242,
      55.25143051147461,
      46.74037170410156,
      39.832984924316406
    ],
    [
      18.528114318847656,
      16.44996452331543,
      31.02167510986328,
      29.354734420776367,
      44.61302185058594,
      44.70628356933594,
      50.99211883544922,
      53.35578536987305,
      69.3669662475586,
      73.71959686279297,
      74.49232482910156,
      77.56605529785156,
      66.14109802246094,
      66.71170043945312,
      60.853580474853516,
      56.4997673034668,
      50.469329833984375,
      40.10161590576172
    ],
    [
      22.762922286987305,
      19.870689392089844,
      34.57467269897461,
      34.54465103149414,
      52.58467483520508,
      55.767730712890625,
      60.41264343261719,
      65.47308349609375,
      80.09113311767578,
      87.69216918945312,
      77.56605529785156,
      91.06499481201172,
      71.94699096679688,
      73.81654357910156,
      65.83549499511719,
      62.32273483276367,
      54.41813278198242,
      44.76163864135742
    ],
    [
      21.245676040649414,
      16.613901138305664,
      28.280439376831055,
      23.05449104309082,
      35.372032165527344,
      31.32669448852539,
      42.64263916015625,
      42.7161979675293,
      59.479244232177734,
      61.508094787597656,
      66.14109802246094,
      71.94699096679688,
      77.01596069335938,
      73.27164459228516,
      72.79569244384766,
      65.11686706542969,
      59.948753356933594,
      46.7763671875
    ],
    [
      20.352859497070312,
      15.986751556396484,
      29.470706939697266,
      26.115676879882812,
      37.562469482421875,
      34.7354850769043,
      44.66524887084961,
      46.222511291503906,
      61.42225646972656,
      66.0668716430664,
      66.71170043945312,
      73.81654357910156,
      73.27164459228516,
      74.70035552978516,
      70.6893539428711,
      67.34032440185547,
      59.1207389831543,
      49.719417572021484
    ],
    [
      20.465089797973633,
      14.452343940734863,
      26.857284545898438,
      22.115703582763672,
      32.57181167602539,
      29.23702049255371,
      37.31565475463867,
      37.88915252685547,
      53.708377838134766,
      56.34098434448242,
      60.853580474853516,
      65.83549499511719,
      72.79569244384766,
      70.6893539428711,
      75.4620132446289,
      69.38424682617188,
      64.18907165527344,
      52.90874099731445
    ],
    [
      18.580535888671875,
      13.156121253967285,
      26.262754440307617,
      23.150535583496094,
      31.965862274169922,
      29.658700942993164,
      34.98544692993164,
      36.89999008178711,
      50.619049072265625,
      55.25143051147461,
      56.4997673034668,
      62.32273483276367,
      65.11686706542969,
      67.34032440185547,
      69.38424682617188,
      68.68988037109375,
      60.21508026123047,
      54.290069580078125
    ],
    [
      16.928518295288086,
      11.781218528747559,
      22.936199188232422,
      19.072071075439453,
      27.499177932739258,
      25.069353103637695,
      30.725067138671875,
      31.598125457763672,
      44.127418518066406,
      46.74037170410156,
      50.469329833984375,
      54.41813278198242,
      59.948753356933594,
      59.1207389831543,
      64.18907165527344,
      60.21508026123047,
      58.94804382324219,
      49.6709098815918
    ],
    [
      14.743158340454102,
      10.073901176452637,
      19.49713897705078,
      17.47408103942871,
      23.539024353027344,
      22.34672737121582,
      24.825454711914062,
      27.0139102935791,
      35.75639343261719,
      39.832984924316406,
      40.10161590576172,
      44.76163864135742,
      46.7763671875,
      49.719417572021484,
      52.90874099731445,
      54.290069580078125,
      49.6709098815918,
      48.155372619628906
    ]
  ],
  "covariance_short": [
    [
      81.82685852050781,
      50.96005630493164,
      25.27427864074707,
      20.76350975036621,
      21.340377807617188,
      20.830280303955078,
      20.712547302246094,
      21.762622833251953,
      25.7579402923584,
      27.984800338745117,
      26.906023025512695,
      26.846664428710938,
      24.78069305419922,
      23.71466064453125,
      23.639753341674805,
      21.313983917236328,
      17.453142166137695,
      14.819952964782715
    ],
    [
      50.96005630493164,
      63.976871490478516,
      28.659997940063477,
      28.367673873901367,
      22.132305145263672,
      21.269105911254883,
      21.862716674804688,
      24.386112213134766,
      27.557018280029297,
      31.334644317626953,
      26.662952423095703,
      26.885452270507812,
      21.84075355529785,
      21.301294326782227,
      19.27467918395996,
      17.795352935791016,
      14.199880599975586,
      12.224853515625
    ],
    [
      25.27427864074707,
      28.659997940063477,
      50.24294662475586,
      46.866085052490234,
      38.71372985839844,
      35.12834548950195,
      34.265132904052734,
      33.33755874633789,
      40.73613357543945,
      43.082984924316406,
      38.59268569946289,
      37.492042541503906,
      34.37459945678711,
      32.46747970581055,
      30.748477935791016,
      27.023820877075195,
      23.52334976196289,
      17.849454879760742
    ],
    [
      20.76350975036621,
      28.367673873901367,
      46.866085052490234,
      65.05985260009766,
      43.8800163269043,
      45.27674102783203,
      38.12218475341797,
      41.28960418701172,
      44.204795837402344,
      50.792781829833984,
      36.884037017822266,
      38.33141326904297,
      29.526750564575195,
      29.563514709472656,
      25.559682846069336,
      23.669784545898438,
      19.14658546447754,
      15.349867820739746
    ],
    [
      21.340377807617188,
      22.132305145263672,
      38.71372985839844,
      43.8800163269043,
      77.5572738647461,
      76.82630920410156,
      59.266517639160156,
      60.30783462524414,
      67.22550201416016,
      74.63145446777344,
      59.873504638671875,
      61.245819091796875,
      44.80070877075195,
      43.362220764160156,
      38.17971420288086,
      34.46796417236328,
      27.146604537963867,
      21.225767135620117
    ],
    [
      20.830280303955078,
      21.269105911254883,
      35.12834548950195,
      45.27674102783203,
      76.82630920410156,
      122.1485366821289,
      67.45072174072266,
      76.26799774169922,
      73.03072357177734,
      82.38924407958984,
      61.460933685302734,
      66.94699096679688,
      40.97755432128906,
      41.49529266357422,
      34.00008773803711,
      32.19213104248047,
      23.366552352905273,
      19.574459075927734
    ],
    [
      20.712547302246094,
      21.862716674804688,
      34.265132904052734,
      38.12218475341797,
      59.266517639160156,
      67.45072174072266,
      102.88253784179688,
      92.55013275146484,
      84.37492370605469,
      89.39728546142578,
      71.28704071044922,
      74.20207977294922,
      52.9838752746582,
      51.5982780456543,
      42.62104797363281,
      37.993133544921875,
      29.693866729736328,
      23.023719787597656
    ],
    [
      21.762622833251953,
      24.386112213134766,
      33.33755874633789,
      41.28960418701172,
      60.30783462524414,
      76.26799774169922,
      92.55013275146484,
      111.38230895996094,
      85.11812591552734,
      95.31111145019531,
      70.71944427490234,
      76.70992279052734,
      50.207794189453125,
      50.745018005371094,
      40.36483383178711,
      37.42461013793945,
      27.367643356323242,
      22.443920135498047
    ],
    [
      25.7579402923584,
      27.557018280029297,
      40.73613357543945,
      44.204795837402344,
      67.22550201416016,
      73.03072357177734,
      84.37492370605469,
      85.11812591552734,
      110.65190887451172,
      111.59684753417969,
      95.32596588134766,
      96.0786361694336,
      75.59848022460938,
      71.92010498046875,
      62.991424560546875,
      55.082298278808594,
      44.32236862182617,
      33.0725212097168
    ],
    [
      27.984800338745117,
      31.334644317626953,
      43.082984924316406,
      50.792781829833984,
      74.63145446777344,
      82.38924407958984,
      89.39728546142578,
      95.31111145019531,
      111.59684753417969,
      129.70870971679688,
      99.69478607177734,
      103.67947387695312,
      77.2597427368164,
      76.26193237304688,
      64.59920501708984,
      58.684146881103516,
      44.24909591674805,
      34.924678802490234
    ],
    [
      26.906023025512695,
      26.662952423095703,
      38.59268569946289,
      36.884037017822266,
      59.873504638671875,
      61.460933685302734,
      71.28704071044922,
      70.71944427490234,
      95.32596588134766,
      99.69478607177734,
      109.11707305908203,
      103.6310043334961,
      96.65362548828125,
      88.56600189208984,
      83.65243530273438,
      70.54087829589844,
      59.95572280883789,
      43.2790412902832
    ],
    [
      26.846664428710938,
      26.885452270507812,
      37.492042541503906,
      38.33141326904297,
      61.245819091796875,
      66.94699096679688,
      74.20207977294922,
      76.70992279052734,
      96.0786361694336,
      103.67947387695312,
      103.6310043334961,
      105.98014831542969,
      88.4051513671875,
      85.35140228271484,
      75.6994400024414,
      67.42252349853516,
      53.0384407043457,
      40.94469451904297
    ],
    [
      24.78069305419922,
      21.84075355529785,
      34.37459945678711,
      29.526750564575195,
      44.80070877075195,
      40.97755432128906,
      52.9838752746582,
      50.207794189453125,
      75.59848022460938,
      77.2597427368164,
      96.65362548828125,
      88.4051513671875,
      102.38172149658203,
      91.52533721923828,
      94.13848876953125,
      78.44774627685547,
      70.04814910888672,
      50.51919174194336
    ],
    [
      23.71466064453125,
      21.301294326782227,
      32.46747970581055,
      29.563514709472656,
      43.362220764160156,
      41.49529266357422,
      51.5982780456543,
      50.745018005371094,
      71.92010498046875,
      76.26193237304688,
      88.56600189208984,
      85.35140228271484,
      91.52533721923828,
      88.16835021972656,
      85.12754821777344,
      75.55438995361328,
      62.35671615600586,
      48.57445526123047
    ],
    [
      23.639753341674805,
      19.27467918395996,
      30.748477935791016,
      25.559682846069336,
      38.17971420288086,
      34.00008773803711,
      42.62104797363281,
      40.36483383178711,
      62.991424560546875,
      64.59920501708984,
      83.65243530273438,
      75.6994400024414,
      94.13848876953125,
      85.12754821777344,
      97.2109603881836,
      82.02022552490234,
      75.28162384033203,
      56.540924072265625
    ],
    [
      21.313983917236328,
      17.795352935791016,
      27.023820877075195,
      23.669784545898438,
      34.46796417236328,
      32.19213104248047,
      37.993133544921875,
      37.42461013793945,
      55.082298278808594,
      58.684146881103516,
      70.54087829589844,
      67.42252349853516,
      78.44774627685547,
      75.55438995361328,
      82.02022552490234,
      74.47589111328125,
      63.472164154052734,
      52.0085334777832
    ],
    [
      17.453142166137695,
      14.199880599975586,
      23.52334976196289,
      19.14658546447754,
      27.146604537963867,
      23.366552352905273,
      29.693866729736328,
      27.367643356323242,
      44.32236862182617,
      44.24909591674805,
      59.95572280883789,
      53.0384407043457,
      70.04814910888672,
      62.35671615600586,
      75.28162384033203,
      63.472164154052734,
      66.8884506225586,
      51.241615295410156
    ],
    [
      14.819952964782715,
      12.224853515625,
      17.849454879760742,
      15.349867820739746,
      21.225767135620117,
      19.574459075927734,
      23.023719787597656,
      22.443920135498047,
      33.0725212097168,
      34.924678802490234,
      43.2790412902832,
      40.94469451904297,
      50.51919174194336,
      48.57445526123047,
      56.540924072265625,
      52.0085334777832,
      51.241615295410156,
      44.877525329589844
    ]
  ],
  "damage": -14.674492835998535,
  "diff_bandwidth": 474.9014587402344,
  "dissonance": 5.915106891166852,
  "drr": 1.4179431200027466,
  "dynamics": 4.608887672424316,
  "format": 1245190,
  "frames": 40982464,
  "loudness": -21.8653507232666,
  "loudness_range": 13.500410079956055,
  "loudness_range_short": 18.235660552978516,
  "lowpass_true_peak_15khz": 0.17463816702365875,
  "mastering3_acoustic_entropies": [
    {
      "acoustic_entropy": 8.760668754577637,
      "acoustic_entropy_mono": 7.033686637878418,
      "band_eliminated_acoustic_entropies": [
        {
          "acoustic_entropy": 8.428601264953613,
          "acoustic_entropy_side": 8.754753112792969,
          "hz": 129.47220167065723
        },
        {
          "acoustic_entropy": 8.234626770019531,
          "acoustic_entropy_side": 8.761725425720215,
          "hz": 202.92927478742237
        },
        {
          "acoustic_entropy": 9.152936935424805,
          "acoustic_entropy_side": 8.850815773010254,
          "hz": 282.89161906338205
        },
        {
          "acoustic_entropy": 8.33927059173584,
          "acoustic_entropy_side": 8.510663986206055,
          "hz": 369.9353335868758
        },
        {
          "acoustic_entropy": 8.293342590332031,
          "acoustic_entropy_side": 8.899230003356934,
          "hz": 464.6875360973435
        },
        {
          "acoustic_entropy": 8.922192573547363,
          "acoustic_entropy_side": 8.778793334960938,
          "hz": 567.8308811364784
        },
        {
          "acoustic_entropy": 8.308143615722656,
          "acoustic_entropy_side": 8.10831356048584,
          "hz": 680.1084783214808
        },
        {
          "acoustic_entropy": 8.293569564819336,
          "acoustic_entropy_side": 8.039732933044434,
          "hz": 802.3292461747484
        },
        {
          "acoustic_entropy": 8.098493576049805,
          "acoustic_entropy_side": 8.39001750946045,
          "hz": 935.3737400823702
        },
        {
          "acoustic_entropy": 8.433694839477539,
          "acoustic_entropy_side": 8.857017517089844,
          "hz": 1080.2004963696966
        },
        {
          "acoustic_entropy": 8.116415023803711,
          "acoustic_entropy_side": 8.87585735321045,
          "hz": 1237.8529382007157
        },
        {
          "acoustic_entropy": 8.195284843444824,
          "acoustic_entropy_side": 8.506893157958984,
          "hz": 1409.4668930556702
        },
        {
          "acoustic_entropy": 8.49761962890625,
          "acoustic_entropy_side": 8.611119270324707,
          "hz": 1596.2787759475705
        },
        {
          "acoustic_entropy": 8.97700309753418,
          "acoustic_entropy_side": 8.934270858764648,
          "hz": 1799.6344973346393
        },
        {
          "acoustic_entropy": 9.033679008483887,
          "acoustic_entropy_side": 8.971651077270508,
          "hz": 2020.9991599069049
        },
        {
          "acoustic_entropy": 8.777937889099121,
          "acoustic_entropy_side": 8.778180122375488,
          "hz": 2261.9676141086993
        },
        {
          "acoustic_entropy": 8.772456169128418,
          "acoustic_entropy_side": 8.77823257446289,
          "hz": 2524.2759484456974
        },
        {
          "acoustic_entropy": 8.809647560119629,
          "acoustic_entropy_side": 8.816488265991211,
          "hz": 2809.813997359896
        },
        {
          "acoustic_entropy": 8.768498420715332,
          "acoustic_entropy_side": 8.780244827270508,
          "hz": 3120.6389567871424
        },
        {
          "acoustic_entropy": 8.783961296081543,
          "acoustic_entropy_side": 8.812493324279785,
          "hz": 3458.990205492291
        },
        {
          "acoustic_entropy": 8.78763484954834,
          "acoustic_entropy_side": 8.793610572814941,
          "hz": 3827.305438964164
        },
        {
          "acoustic_entropy": 8.715516090393066,
          "acoustic_entropy_side": 8.760814666748047,
          "hz": 4228.238232109126
        },
        {
          "acoustic_entropy": 8.707429885864258,
          "acoustic_entropy_side": 8.757429122924805,
          "hz": 4664.6771572759235
        },
        {
          "acoustic_entropy": 8.686223983764648,
          "acoustic_entropy_side": 8.755207061767578,
          "hz": 5139.766595350093
        },
        {
          "acoustic_entropy": 8.658095359802246,
          "acoustic_entropy_side": 8.74954605102539,
          "hz": 5656.929389854203
        },
        {
          "acoustic_entropy": 8.673714637756348,
          "acoustic_entropy_side": 8.75212287902832,
          "hz": 6219.891507268283
        },
        {
          "acoustic_entropy": 8.669941902160645,
          "acoustic_entropy_side": 8.748555183410645,
          "hz": 6832.70888123896
        },
        {
          "acoustic_entropy": 8.656476020812988,
          "acoustic_entropy_side": 8.741939544677734,
          "hz": 7499.796634079867
        },
        {
          "acoustic_entropy": 8.691064834594727,
          "acoustic_entropy_side": 8.748156547546387,
          "hz": 8225.96088609342
        },
        {
          "acoustic_entropy": 8.675731658935547,
          "acoustic_entropy_side": 8.746731758117676,
          "hz": 9016.43338188839
        },
        {
          "acoustic_entropy": 8.699190139770508,
          "acoustic_entropy_side": 8.753543853759766,
          "hz": 9876.909183162974
        },
        {
          "acoustic_entropy": 8.701949119567871,
          "acoustic_entropy_side": 8.75479793548584,
          "hz": 10813.587699516042
        },
        {
          "acoustic_entropy": 8.723658561706543,
          "acoustic_entropy_side": 8.756266593933105,
          "hz": 11833.21735289826
        },
        {
          "acoustic_entropy": 8.720006942749023,
          "acoustic_entropy_side": 8.754597663879395,
          "hz": 12943.144197493959
        },
        {
          "acoustic_entropy": 8.724190711975098,
          "acoustic_entropy_side": 8.756162643432617,
          "hz": 14151.364845322005
        },
        {
          "acoustic_entropy": 8.728813171386719,
          "acoustic_entropy_side": 8.756747245788574,
          "hz": 15466.58407886509
        },
        {
          "acoustic_entropy": 8.743291854858398,
          "acoustic_entropy_side": 8.757630348205566,
          "hz": 16898.27756580493
        },
        {
          "acoustic_entropy": 8.750307083129883,
          "acoustic_entropy_side": 8.758931159973145,
          "hz": 18456.760127700032
        },
        {
          "acoustic_entropy": 8.753642082214355,
          "acoustic_entropy_side": 8.760002136230469,
          "hz": 20153.260054456492
        },
        {
          "acoustic_entropy": 8.75815486907959,
          "acoustic_entropy_side": 8.760579109191895,
          "hz": 22000.00000000001
        }
      ],
      "diff_acoustic_entropy": 7.547922611236572,
      "sn": 6
    },
    {
      "acoustic_entropy": 12.912969589233398,
      "acoustic_entropy_mono": 10.77635669708252,
      "band_eliminated_acoustic_entropies": [
        {
          "acoustic_entropy": 13.498952865600586,
          "acoustic_entropy_side": 12.924437522888184,
          "hz": 129.47220167065723
        },
        {
          "acoustic_entropy": 12.449257850646973,
          "acoustic_entropy_side": 13.336374282836914,
          "hz": 202.92927478742237
        },
        {
          "acoustic_entropy": 12.754981994628906,
          "acoustic_entropy_side": 12.98572063446045,
          "hz": 282.89161906338205
        },
        {
          "acoustic_entropy": 12.81434440612793,
          "acoustic_entropy_side": 12.734429359436035,
          "hz": 369.9353335868758
        },
        {
          "acoustic_entropy": 13.045073509216309,
          "acoustic_entropy_side": 13.049882888793945,
          "hz": 464.6875360973435
        },
        {
          "acoustic_entropy": 12.194113731384277,
          "acoustic_entropy_side": 12.50439167022705,
          "hz": 567.8308811364784
        },
        {
          "acoustic_entropy": 12.775056838989258,
          "acoustic_entropy_side": 13.039772033691406,
          "hz": 680.1084783214808
        },
        {
          "acoustic_entropy": 12.261663436889648,
          "acoustic_entropy_side": 12.16904354095459,
          "hz": 802.3292461747484
        },
        {
          "acoustic_entropy": 12.85076904296875,
          "acoustic_entropy_side": 12.543601036071777,
          "hz": 935.3737400823702
        },
        {
          "acoustic_entropy": 12.567485809326172,
          "acoustic_entropy_side": 13.225580215454102,
          "hz": 1080.2004963696966
        },
        {
          "acoustic_entropy": 11.967059135437012,
          "acoustic_entropy_side": 13.031705856323242,
          "hz": 1237.8529382007157
        },
        {
          "acoustic_entropy": 13.187803268432617,
          "acoustic_entropy_side": 13.215632438659668,
          "hz": 1409.4668930556702
        },
        {
          "acoustic_entropy": 12.16166877746582,
          "acoustic_entropy_side": 12.484719276428223,
          "hz": 1596.2787759475705
        },
        {
          "acoustic_entropy": 12.701123237609863,
          "acoustic_entropy_side": 13.081972122192383,
          "hz": 1799.6344973346393
        },
        {
          "acoustic_entropy": 12.670171737670898,
          "acoustic_entropy_side": 12.89378547668457,
          "hz": 2020.9991599069049
        },
        {
          "acoustic_entropy": 12.956271171569824,
          "acoustic_entropy_side": 12.841442108154297,
          "hz": 2261.9676141086993
        },
        {
          "acoustic_entropy": 13.032983779907227,
          "acoustic_entropy_side": 12.928324699401855,
          "hz": 2524.2759484456974
        },
        {
          "acoustic_entropy": 13.11722183227539,
          "acoustic_entropy_side": 13.098711967468262,
          "hz": 2809.813997359896
        },
        {
          "acoustic_entropy": 12.91689682006836,
          "acoustic_entropy_side": 12.882301330566406,
          "hz": 3120.6389567871424
        },
        {
          "acoustic_entropy": 13.257922172546387,
          "acoustic_entropy_side": 13.027534484863281,
          "hz": 3458.990205492291
        },
        {
          "acoustic_entropy": 13.013328552246094,
          "acoustic_entropy_side": 12.910386085510254,
          "hz": 3827.305438964164
        },
        {
          "acoustic_entropy": 12.971506118774414,
          "acoustic_entropy_side": 12.911355018615723,
          "hz": 4228.238232109126
        },
        {
          "acoustic_entropy": 12.955265998840332,
          "acoustic_entropy_side": 12.914700508117676,
          "hz": 4664.6771572759235
        },
        {
          "acoustic_entropy": 12.97326946258545,
          "acoustic_entropy_side": 12.912195205688477,
          "hz": 5139.766595350093
        },
        {
          "acoustic_entropy": 12.972602844238281,
          "acoustic_entropy_side": 12.920019149780273,
          "hz": 5656.929389854203
        },
        {
          "acoustic_entropy": 12.971112251281738,
          "acoustic_entropy_side": 12.92056941986084,
          "hz": 6219.891507268283
        },
        {
          "acoustic_entropy": 12.95449161529541,
          "acoustic_entropy_side": 12.922694206237793,
          "hz": 6832.70888123896
        },
        {
          "acoustic_entropy": 12.992918014526367,
          "acoustic_entropy_side": 12.945111274719238,
          "hz": 7499.796634079867
        },
        {
          "acoustic_entropy": 12.949524879455566,
          "acoustic_entropy_side": 12.928176879882812,
          "hz": 8225.96088609342
        },
        {
          "acoustic_entropy": 13.017977714538574,
          "acoustic_entropy_side": 12.949423789978027,
          "hz": 9016.43338188839
        },
        {
          "acoustic_entropy": 12.981440544128418,
          "acoustic_entropy_side": 12.93073558807373,
          "hz": 9876.909183162974
        },
        {
          "acoustic_entropy": 13.01199722290039,
          "acoustic_entropy_side": 12.93619441986084,
          "hz": 10813.587699516042
        },
        {
          "acoustic_entropy": 12.969675064086914,
          "acoustic_entropy_side": 12.929649353027344,
          "hz": 11833.21735289826
        },
        {
          "acoustic_entropy": 13.009710311889648,
          "acoustic_entropy_side": 12.94389533996582,
          "hz": 12943.144197493959
        },
        {
          "acoustic_entropy": 13.0009765625,
          "acoustic_entropy_side": 12.934795379638672,
          "hz": 14151.364845322005
        },
        {
          "acoustic_entropy": 13.001350402832031,
          "acoustic_entropy_side": 12.935465812683105,
          "hz": 15466.58407886509
        },
        {
          "acoustic_entropy": 12.962440490722656,
          "acoustic_entropy_side": 12.93008804321289,
          "hz": 16898.27756580493
        },
        {
          "acoustic_entropy": 12.938135147094727,
          "acoustic_entropy_side": 12.919795989990234,
          "hz": 18456.760127700032
        },
        {
          "acoustic_entropy": 12.927907943725586,
          "acoustic_entropy_side": 12.91489028930664,
          "hz": 20153.260054456492
        },
        {
          "acoustic_entropy": 12.915514945983887,
          "acoustic_entropy_side": 12.913199424743652,
          "hz": 22000.00000000001
        }
      ],
      "diff_acoustic_entropy": 12.844030380249023,
      "sn": 12
    },
    {
      "acoustic_entropy": 20.956710815429688,
      "acoustic_entropy_mono": 16.17656898498535,
      "band_eliminated_acoustic_entropies": [
        {
          "acoustic_entropy": 20.178386688232422,
          "acoustic_entropy_side": 20.88268280029297,
          "hz": 129.47220167065723
        },
        {
          "acoustic_entropy": 21.93141746520996,
          "acoustic_entropy_side": 20.619497299194336,
          "hz": 202.92927478742237
        },
        {
          "acoustic_entropy": 20.32895851135254,
          "acoustic_entropy_side": 20.983552932739258,
          "hz": 282.89161906338205
        },
        {
          "acoustic_entropy": 19.783031463623047,
          "acoustic_entropy_side": 19.94091033935547,
          "hz": 369.9353335868758
        },
        {
          "acoustic_entropy": 20.27195930480957,
          "acoustic_entropy_side": 21.22374153137207,
          "hz": 464.6875360973435
        },
        {
          "acoustic_entropy": 20.582168579101562,
          "acoustic_entropy_side": 20.893129348754883,
          "hz": 567.8308811364784
        },
        {
          "acoustic_entropy": 20.584089279174805,
          "acoustic_entropy_side": 20.937822341918945,
          "hz": 680.1084783214808
        },
        {
          "acoustic_entropy": 20.916391372680664,
          "acoustic_entropy_side": 21.305461883544922,
          "hz": 802.3292461747484
        },
        {
          "acoustic_entropy": 20.56597137451172,
          "acoustic_entropy_side": 20.10159683227539,
          "hz": 935.3737400823702
        },
        {
          "acoustic_entropy": 20.319852828979492,
          "acoustic_entropy_side": 21.08649444580078,
          "hz": 1080.2004963696966
        },
        {
          "acoustic_entropy": 19.975566864013672,
          "acoustic_entropy_side": 20.612751007080078,
          "hz": 1237.8529382007157
        },
        {
          "acoustic_entropy": 20.93364143371582,
          "acoustic_entropy_side": 21.271265029907227,
          "hz": 1409.4668930556702
        },
        {
          "acoustic_entropy": 19.855186462402344,
          "acoustic_entropy_side": 19.42999839782715,
          "hz": 1596.2787759475705
        },
        {
          "acoustic_entropy": 20.204450607299805,
          "acoustic_entropy_side": 21.02793312072754,
          "hz": 1799.6344973346393
        },
        {
          "acoustic_entropy": 21.168397903442383,
          "acoustic_entropy_side": 20.878808975219727,
          "hz": 2020.9991599069049
        },
        {
          "acoustic_entropy": 20.718725204467773,
          "acoustic_entropy_side": 20.56117057800293,
          "hz": 2261.9676141086993
        },
        {
          "acoustic_entropy": 20.72679901123047,
          "acoustic_entropy_side": 21.209993362426758,
          "hz": 2524.2759484456974
        },
        {
          "acoustic_entropy": 20.536441802978516,
          "acoustic_entropy_side": 20.619985580444336,
          "hz": 2809.813997359896
        },
        {
          "acoustic_entropy": 20.64208984375,
          "acoustic_entropy_side": 20.86203384399414,
          "hz": 3120.6389567871424
        },
        {
