{
  "acoustic_entropy": 151.56517028808594,
  "bands": [
    {
      "high_freq": 148.1999969482422,
      "loudness": -34.90660095214844,
      "loudness_range": 20.373870849609375,
      "mid_mean": -32.215919494628906,
      "mid_to_side_loudness": -7.033933162689209,
      "mid_to_side_loudness_range": 10.78938102722168,
      "side_mean": -39.67679214477539
    },
    {
      "high_freq": 392.3793640136719,
      "loudness": -28.214866638183594,
      "loudness_range": 16.590600967407227,
      "low_freq": 148.1999969482422,
      "mid_mean": -25.6208438873291,
      "mid_to_side_loudness": -6.0651469230651855,
      "mid_to_side_loudness_range": 9.088438987731934,
      "side_mean": -31.856584548950195
    },
    {
      "high_freq": 794.6976318359375,
      "loudness": -34.2835693359375,
      "loudness_range": 19.878612518310547,
      "low_freq": 392.3793640136719,
      "mid_mean": -32.03543472290039,
      "mid_to_side_loudness": -4.817574501037598,
      "mid_to_side_loudness_range": 9.33271598815918,
      "side_mean": -36.91350173950195
    },
    {
      "high_freq": 1457.5709228515625,
      "loudness": -41.312171936035156,
      "loudness_range": 23.97231101989746,
      "low_freq": 794.6976318359375,
      "mid_mean": -39.57111358642578,
      "mid_to_side_loudness": -3.2805700302124023,
      "mid_to_side_loudness_range": 10.276227951049805,
      "side_mean": -42.87943649291992
    },
    {
      "high_freq": 2549.74365234375,
      "loudness": -45.283935546875,
      "loudness_range": 22.50136947631836,
      "low_freq": 1457.5709228515625,
      "mid_mean": -44.26645278930664,
      "mid_to_side_loudness": -2.346616506576538,
      "mid_to_side_loudness_range": 15.420210838317871,
      "side_mean": -46.66380310058594
    },
    {
      "high_freq": 4349.24462890625,
      "loudness": -47.71510696411133,
      "loudness_range": 20.578369140625,
      "low_freq": 2549.74365234375,
      "mid_mean": -45.85920715332031,
      "mid_to_side_loudness": -3.6699745655059814,
      "mid_to_side_loudness_range": 9.798003196716309,
      "side_mean": -49.77629089355469
    },
    {
      "high_freq": 7314.1640625,
      "loudness": -51.429561614990234,
      "loudness_range": 18.32675552368164,
      "low_freq": 4349.24462890625,
      "mid_mean": -50.02912139892578,
      "mid_to_side_loudness": -2.6382884979248047,
      "mid_to_side_loudness_range": 7.445610523223877,
      "side_mean": -52.56745910644531
    },
    {
      "high_freq": 12199.2666015625,
      "loudness": -54.74339294433594,
      "loudness_range": 15.66033935546875,
      "low_freq": 7314.1640625,
      "mid_mean": -53.22275924682617,
      "mid_to_side_loudness": -1.8462046384811401,
      "mid_to_side_loudness_range": 5.130304336547852,
      "side_mean": -54.96123123168945
    },
    {
      "loudness": -66.08715057373047,
      "loudness_range": 13.024787902832031,
      "low_freq": 12199.2666015625,
      "mid_mean": -63.58987808227539,
      "mid_to_side_loudness": -0.2957858443260193,
      "mid_to_side_loudness_range": 1.7444136142730713,
      "side_mean": -63.76307678222656
    }
  ],
  "bands_short": [
    {
      "high_freq": 148.1999969482422,
      "loudness": -39.677345275878906,
      "loudness_range": 29.558412551879883,
      "mid_mean": -37.072322845458984,
      "mid_to_side_loudness": -6.582286357879639,
      "mid_to_side_loudness_range": 14.17508316040039,
      "side_mean": -44.139217376708984
    },
    {
      "high_freq": 392.3793640136719,
      "loudness": -28.01519012451172,
      "loudness_range": 16.615175247192383,
      "low_freq": 148.1999969482422,
      "mid_mean": -25.486677169799805,
      "mid_to_side_loudness": -6.147149085998535,
      "mid_to_side_loudness_range": 10.947844505310059,
      "side_mean": -31.802621841430664
    },
    {
      "high_freq": 794.6976318359375,
      "loudness": -33.85859298706055,
      "loudness_range": 20.10358428955078,
      "low_freq": 392.3793640136719,
      "mid_mean": -31.701303482055664,
      "mid_to_side_loudness": -4.950865268707275,
      "mid_to_side_loudness_range": 12.251445770263672,
      "side_mean": -36.732505798339844
    },
    {
      "high_freq": 1457.5709228515625,
      "loudness": -41.49812698364258,
      "loudness_range": 25.16847801208496,
      "low_freq": 794.6976318359375,
      "mid_mean": -39.87468719482422,
      "mid_to_side_loudness": -3.274904727935791,
      "mid_to_side_loudness_range": 11.77841854095459,
      "side_mean": -43.19640350341797
    },
    {
      "high_freq": 2549.74365234375,
      "loudness": -46.03380584716797,
      "loudness_range": 23.334671020507812,
      "low_freq": 1457.5709228515625,
      "mid_mean": -45.07413864135742,
      "mid_to_side_loudness": -2.3726534843444824,
      "mid_to_side_loudness_range": 15.802520751953125,
      "side_mean": -47.516780853271484
    },
    {
      "high_freq": 4349.24462890625,
      "loudness": -48.15205001831055,
      "loudness_range": 21.250404357910156,
      "low_freq": 2549.74365234375,
      "mid_mean": -46.369693756103516,
      "mid_to_side_loudness": -3.5777180194854736,
      "mid_to_side_loudness_range": 10.694883346557617,
      "side_mean": -50.2865104675293
    },
    {
      "high_freq": 7314.1640625,
      "loudness": -51.80614471435547,
      "loudness_range": 18.783309936523438,
      "low_freq": 4349.24462890625,
      "mid_mean": -50.44892501831055,
      "mid_to_side_loudness": -2.5659193992614746,
      "mid_to_side_loudness_range": 7.92527961730957,
      "side_mean": -52.904937744140625
    },
    {
      "high_freq": 12199.2666015625,
      "loudness": -55.169334411621094,
      "loudness_range": 15.940570831298828,
      "low_freq": 7314.1640625,
      "mid_mean": -53.6740837097168,
      "mid_to_side_loudness": -1.818721890449524,
      "mid_to_side_loudness_range": 5.671382904052734,
      "side_mean": -55.37969970703125
    },
    {
      "loudness": -66.3426284790039,
      "loudness_range": 13.696758270263672,
      "low_freq": 12199.2666015625,
      "mid_mean": -63.776214599609375,
      "mid_to_side_loudness": -0.2841786742210388,
      "mid_to_side_loudness_range": 2.575212001800537,
      "side_mean": -63.940895080566406
    }
  ],
  "bandwidth": 424.7594909667969,
  "channels": 2,
  "covariance": [
    [
      56.789241790771484,
      45.19221115112305,
      -1.190228819847107,
      -4.975733280181885,
      2.8280813694000244,
      6.692319393157959,
      8.262151718139648,
      9.494490623474121,
      3.7399115562438965,
      9.982666969299316,
      6.575510025024414,
      13.055337905883789,
      8.714930534362793,
      13.301054954528809,
      10.09633731842041,
      13.178936958312988,
      7.655219554901123,
      8.368725776672363
    ],
    [
      45.19221115112305,
      56.959171295166016,
      3.7875816822052,
      3.564743995666504,
      1.8740967512130737,
      3.0531435012817383,
      7.295910835266113,
      6.732743263244629,
      10.834540367126465,
      10.639032363891602,
      14.178847312927246,
      15.791425704956055,
      14.781970024108887,
      15.036845207214355,
      11.86028003692627,
      12.001166343688965,
      6.580111980438232,
      6.788122177124023
    ],
    [
      -1.190228819847107,
      3.7875816822052,
      37.28889465332031,
      39.266746520996094,
      14.567075729370117,
      12.305583000183105,
      4.381795406341553,
      -0.8169398307800293,
      15.830864906311035,
      3.9844346046447754,
      10.742277145385742,
      0.8624654412269592,
      3.986598253250122,
      -4.525838851928711,
      1.2491388320922852,
      -4.728362083435059,
      -4.056485176086426,
      -5.13586950302124
    ],
    [
      -4.975733280181885,
      3.564743995666504,
      39.266746520996094,
      52.589759826660156,
      16.18044090270996,
      15.252408981323242,
      6.642485618591309,
      0.10788505524396896,
      20.468271255493164,
      4.888017177581787,
      13.683757781982422,
      1.5016475915908813,
      5.123312950134277,
      -5.276416301727295,
      2.327571392059326,
      -5.1821208000183105,
      -4.418731212615967,
      -5.784670829772949
    ],
    [
      2.8280813694000244,
      1.8740967512130737,
      14.567075729370117,
      16.18044090270996,
      52.624778747558594,
      46.84324645996094,
      29.46122932434082,
      28.788785934448242,
      27.525714874267578,
      27.4750919342041,
      21.650854110717773,
      21.154747009277344,
      13.66556167602539,
      13.290623664855957,
      9.719365119934082,
      8.973575592041016,
      2.237614154815674,
      2.31520938873291
    ],
    [
      6.692319393157959,
      3.0531435012817383,
      12.305583000183105,
      15.252408981323242,
      46.84324645996094,
      53.37531661987305,
      31.287708282470703,
      32.7010498046875,
      26.048480987548828,
      30.80765151977539,
      19.72269058227539,
      22.595321655273438,
      10.596755027770996,
      13.620065689086914,
      9.140268325805664,
      10.503120422363281,
      3.593334674835205,
      4.017059803009033
    ],
    [
      8.262151718139648,
      7.295910835266113,
      4.381795406341553,
      6.642485618591309,
      29.46122932434082,
      31.287708282470703,
      63.41752243041992,
      61.69322204589844,
      28.272323608398438,
      37.53044891357422,
      22.217599868774414,
      25.98666000366211,
      13.019439697265625,
      16.691926956176758,
      11.222412109375,
      13.15263557434082,
      6.2824225425720215,
      6.635681629180908
    ],
    [
      9.494490623474121,
      6.732743263244629,
      -0.8169398307800293,
      0.10788505524396896,
      28.788785934448242,
      32.7010498046875,
      61.69322204589844,
      72.44584655761719,
      25.31289291381836,
      42.5755729675293,
      18.062620162963867,
      27.95597267150879,
      9.682456016540527,
      18.254972457885742,
      10.123416900634766,
      15.250832557678223,
      7.898834705352783,
      8.889551162719727
    ],
    [
      3.7399115562438965,
      10.834540367126465,
      15.830864906311035,
      20.468271255493164,
      27.525714874267578,
      26.048480987548828,
      28.272323608398438,
      25.31289291381836,
      63.344482421875,
      48.95021057128906,
      47.919288635253906,
      37.41597366333008,
      31.020410537719727,
      23.070493698120117,
      18.77358627319336,
      13.42164421081543,
      4.839491367340088,
      3.648162364959717
    ],
    [
      9.982666969299316,
      10.639032363891602,
      3.9844346046447754,
      4.888017177581787,
      27.4750919342041,
      30.80765151977539,
      37.53044891357422,
      42.5755729675293,
      48.95021057128906,
      63.773929595947266,
      34.71443176269531,
      40.30708694458008,
      20.611345291137695,
      25.252737045288086,
      15.571638107299805,
      18.18101692199707,
      8.377275466918945,
      8.805105209350586
    ],
    [
      6.575510025024414,
      14.178847312927246,
      10.742277145385742,
      13.683757781982422,
      21.650854110717773,
      19.72269058227539,
      22.217599868774414,
      18.062620162963867,
      47.919288635253906,
      34.71443176269531,
      55.259822845458984,
      43.68678665161133,
      38.109291076660156,
      30.5429630279541,
      26.33662223815918,
      21.249889373779297,
      8.995367050170898,
      7.859256267547607
    ],
    [
      13.055337905883789,
      15.791425704956055,
      0.8624654412269592,
      1.5016475915908813,
      21.154747009277344,
      22.595321655273438,
      25.98666000366211,
      27.95597267150879,
      37.41597366333008,
      40.30708694458008,
      43.68678665161133,
      50.73164749145508,
      35.994041442871094,
      37.755672454833984,
      27.94553565979004,
      28.7164306640625,
      12.98998737335205,
      13.162627220153809
    ],
    [
      8.714930534362793,
      14.781970024108887,
      3.986598253250122,
      5.123312950134277,
      13.66556167602539,
      10.596755027770996,
      13.019439697265625,
      9.682456016540527,
      31.020410537719727,
      20.611345291137695,
      38.109291076660156,
      35.994041442871094,
      43.17088317871094,
      36.75367736816406,
      32.0461311340332,
      28.054975509643555,
      12.848809242248535,
      12.067880630493164
    ],
    [
      13.301054954528809,
      15.036845207214355,
      -4.525838851928711,
      -5.276416301727295,
      13.290623664855957,
      13.620065689086914,
      16.691926956176758,
      18.254972457885742,
      23.070493698120117,
      25.252737045288086,
      30.5429630279541,
      37.755672454833984,
      36.75367736816406,
      39.217323303222656,
      30.18567657470703,
      31.6247615814209,
      15.232561111450195,
      15.612797737121582
    ],
    [
      10.09633731842041,
      11.86028003692627,
      1.2491388320922852,
      2.327571392059326,
      9.719365119934082,
      9.140268325805664,
      11.222412109375,
      10.123416900634766,
      18.77358627319336,
      15.571638107299805,
      26.33662223815918,
      27.94553565979004,
      32.0461311340332,
      30.18567657470703,
      29.33112907409668,
      27.743953704833984,
      14.043111801147461,
      13.686902046203613
    ],
    [
      13.178936958312988,
      12.001166343688965,
      -4.728362083435059,
      -5.1821208000183105,
      8.973575592041016,
      10.503120422363281,
      13.15263557434082,
      15.250832557678223,
      13.42164421081543,
      18.18101692199707,
      21.249889373779297,
      28.7164306640625,
      28.054975509643555,
      31.6247615814209,
      27.743953704833984,
      29.904794692993164,
      15.67220401763916,
      16.095748901367188
    ],
    [
      7.655219554901123,
      6.580111980438232,
      -4.056485176086426,
      -4.418731212615967,
      2.237614154815674,
      3.593334674835205,
      6.2824225425720215,
      7.898834705352783,
      4.839491367340088,
      8.377275466918945,
      8.995367050170898,
      12.98998737335205,
      12.848809242248535,
      15.232561111450195,
      14.043111801147461,
      15.67220401763916,
      10.073092460632324,
      10.229808807373047
    ],
    [
      8.368725776672363,
      6.788122177124023,
      -5.13586950302124,
      -5.784670829772949,
      2.31520938873291,
      4.017059803009033,
      6.635681629180908,
      8.889551162719727,
      3.648162364959717,
      8.805105209350586,
      7.859256267547607,
      13.162627220153809,
      12.067880630493164,
      15.612797737121582,
      13.686902046203613,
      16.095748901367188,
      10.229808807373047,
      10.655509948730469
    ]
  ],
  "covariance_short": [
    [
      93.88855743408203,
      76.2929916381836,
      3.3127799034118652,
      0.45495346188545227,
      0.1992984563112259,
      2.5752038955688477,
      11.753849983215332,
      13.642316818237305,
      4.948723316192627,
      12.594555854797363,
      7.833926677703857,
      15.531192779541016,
      10.253152847290039,
      15.944660186767578,
      11.43420124053955,
      15.248077392578125,
      9.876044273376465,
      10.662298202514648
    ],
    [
      76.2929916381836,
      88.47390747070312,
      7.968437194824219,
      9.150678634643555,
      2.472012758255005,
      4.322211742401123,
      11.618708610534668,
      11.647371292114258,
      9.678788185119629,
      11.775247573852539,
      14.004199981689453,
      18.27985954284668,
      15.806724548339844,
      17.851247787475586,
      13.960302352905273,
      15.217218399047852,
      9.225295066833496,
      9.5865478515625
    ],
    [
      3.3127799034118652,
      7.968437194824219,
      35.641597747802734,
      35.05878448486328,
      18.54511833190918,
      15.827766418457031,
      6.177733898162842,
      1.2122355699539185,
      14.536227226257324,
      3.6237237453460693,
      9.821893692016602,
      1.2606490850448608,
      4.104819297790527,
      -3.307629108428955,
      2.2916669845581055,
      -2.950867176055908,
      -3.2306201457977295,
      -4.114258289337158
    ],
    [
      0.45495346188545227,
      9.150678634643555,
      35.05878448486328,
      50.260074615478516,
      20.852392196655273,
      20.4630069732666,
      9.104246139526367,
      2.8273234367370605,
      19.751081466674805,
      5.377933979034424,
      12.877949714660645,
      1.8546817302703857,
      5.132491111755371,
      -4.376791477203369,
      3.2843260765075684,
      -3.6350202560424805,
      -3.7278120517730713,
      -4.929551601409912
    ],
    [
      0.1992984563112259,
      2.472012758255005,
      18.54511833190918,
      20.852392196655273,
      53.070735931396484,
      41.96607971191406,
      29.43171501159668,
      28.06287956237793,
      30.292537689208984,
      27.56329917907715,
      22.897260665893555,
      20.009122848510742,
      13.714784622192383,
      11.248791694641113,
      9.1600923538208,
      7.0877275466918945,
      1.1267049312591553,
      0.9375945925712585
    ],
    [
      2.5752038955688477,
      4.322211742401123,
      15.827766418457031,
      20.4630069732666,
      41.96607971191406,
      51.27638626098633,
      29.404064178466797,
      29.363393783569336,
      28.591489791870117,
      29.068143844604492,
      21.380722045898438,
      20.90779685974121,
      11.228192329406738,
      11.233593940734863,
      8.592192649841309,
      7.979059219360352,
      1.9871593713760376,
      2.0312278270721436
    ],
    [
      11.753849983215332,
      11.618708610534668,
      6.177733898162842,
      9.104246139526367,
      29.43171501159668,
      29.404064178466797,
      68.78520965576172,
      63.31093215942383,
      33.234378814697266,
      41.15842819213867,
      25.03670883178711,
      27.803247451782227,
      15.350358009338379,
      17.871423721313477,
      12.227751731872559,
      13.45500659942627,
      5.971360206604004,
      6.157748222351074
    ],
    [
      13.642316818237305,
      11.647371292114258,
      1.2122355699539185,
      2.8273234367370605,
      28.06287956237793,
      29.363393783569336,
      63.31093215942383,
      76.31184387207031,
      30.054065704345703,
      45.874820709228516,
      21.137155532836914,
      29.980587005615234,
      12.191624641418457,
      19.682735443115234,
      11.353042602539062,
      15.823147773742676,
      7.793354511260986,
      8.61373519897461
    ],
    [
      4.948723316192627,
      9.678788185119629,
      14.536227226257324,
      19.751081466674805,
      30.292537689208984,
      28.591489791870117,
      33.234378814697266,
      30.054065704345703,
      69.727783203125,
      52.103031158447266,
      51.90321731567383,
      40.13068771362305,
      33.897186279296875,
      24.938358306884766,
      20.813173294067383,
      14.915491104125977,
      5.241700649261475,
      4.026937961578369
    ],
    [
      12.594555854797363,
      11.775247573852539,
      3.6237237453460693,
      5.377933979034424,
      27.56329917907715,
      29.068143844604492,
      41.15842819213867,
      45.874820709228516,
      52.103031158447266,
      66.63990020751953,
      38.16622543334961,
      42.625633239746094,
      24.0438175201416,
      27.635169982910156,
      17.687477111816406,
      19.687759399414062,
      8.828425407409668,
      9.20070743560791
    ],
    [
      7.833926677703857,
      14.004199981689453,
      9.821893692016602,
      12.877949714660645,
      22.897260665893555,
      21.380722045898438,
      25.03670883178711,
      21.137155532836914,
      51.90321731567383,
      38.16622543334961,
      59.26667022705078,
      46.10053253173828,
      40.185386657714844,
      32.23869705200195,
      27.630170822143555,
      22.30802345275879,
      9.362823486328125,
      8.224967956542969
    ],
    [
      15.531192779541016,
      18.27985954284668,
      1.2606490850448608,
      1.8546817302703857,
      20.009122848510742,
      20.90779685974121,
      27.803247451782227,
      29.980587005615234,
      40.13068771362305,
      42.625633239746094,
      46.10053253173828,
      54.987213134765625,
      39.497798919677734,
      40.8284797668457,
      30.23621368408203,
      30.69310188293457,
      13.716572761535645,
      13.890193939208984
    ],
    [
      10.253152847290039,
      15.806724548339844,
      4.104819297790527,
      5.132491111755371,
      13.714784622192383,
      11.228192329406738,
      15.350358009338379,
      12.191624641418457,
      33.897186279296875,
      24.0438175201416,
      40.185386657714844,
      39.497798919677734,
      44.51842498779297,
      37.8046989440918,
      32.42377853393555,
      28.51395606994629,
      13.056884765625,
      12.308462142944336
    ],
    [
      15.944660186767578,
      17.851247787475586,
      -3.307629108428955,
      -4.376791477203369,
      11.248791694641113,
      11.233593940734863,
      17.871423721313477,
      19.682735443115234,
      24.938358306884766,
      27.635169982910156,
      32.23869705200195,
      40.8284797668457,
      37.8046989440918,
      40.714576721191406,
      30.351409912109375,
      31.907398223876953,
      15.3263578414917,
      15.759759902954102
    ],
    [
      11.43420124053955,
      13.960302352905273,
      2.2916669845581055,
      3.2843260765075684,
      9.1600923538208,
      8.592192649841309,
      12.227751731872559,
      11.353042602539062,
      20.813173294067383,
      17.687477111816406,
      27.630170822143555,
      30.23621368408203,
      32.42377853393555,
      30.351409912109375,
      29.961973190307617,
      28.057878494262695,
      14.200296401977539,
      13.812431335449219
    ],
    [
      15.248077392578125,
      15.217218399047852,
      -2.950867176055908,
      -3.6350202560424805,
      7.0877275466918945,
      7.979059219360352,
      13.45500659942627,
      15.823147773742676,
      14.915491104125977,
      19.687759399414062,
      22.30802345275879,
      30.69310188293457,
      28.51395606994629,
      31.907398223876953,
      28.057878494262695,
      30.281850814819336,
      15.751407623291016,
      16.199586868286133
    ],
    [
      9.876044273376465,
      9.225295066833496,
      -3.2306201457977295,
      -3.7278120517730713,
      1.1267049312591553,
      1.9871593713760376,
      5.971360206604004,
      7.793354511260986,
      5.241700649261475,
      8.828425407409668,
      9.362823486328125,
      13.716572761535645,
      13.056884765625,
      15.3263578414917,
      14.200296401977539,
      15.751407623291016,
      10.499732971191406,
      10.52336597442627
    ],
    [
      10.662298202514648,
      9.5865478515625,
      -4.114258289337158,
      -4.929551601409912,
      0.9375945925712585,
      2.0312278270721436,
      6.157748222351074,
      8.61373519897461,
      4.026937961578369,
      9.20070743560791,
      8.224967956542969,
      13.890193939208984,
      12.308462142944336,
      15.759759902954102,
      13.812431335449219,
      16.199586868286133,
      10.52336597442627,
      11.037717819213867
    ]
  ],
  "damage": -11.614285469055176,
  "diff_bandwidth": 437.9313049316406,
  "dissonance": 4.766870853969185,
  "drr": -0.1444038599729538,
  "dynamics": 3.8973779678344727,
  "format": 1245190,
  "frames": 12326848,
  "loudness": -20.569780349731445,
  "loudness_range": 11.288161277770996,
  "loudness_range_short": 13.30858325958252,
  "lowpass_true_peak_15khz": -2.5115184783935547,
  "mastering3_acoustic_entropies": [
    {
      "acoustic_entropy": 7.649052143096924,
      "acoustic_entropy_mono": 7.630673408508301,
      "band_eliminated_acoustic_entropies": [
        {
          "acoustic_entropy": 7.530259609222412,
          "acoustic_entropy_side": 7.646834373474121,
          "hz": 129.47220167065723
        },
        {
          "acoustic_entropy": 7.60115909576416,
          "acoustic_entropy_side": 7.669454574584961,
          "hz": 202.92927478742237
        },
        {
          "acoustic_entropy": 8.0678071975708,
          "acoustic_entropy_side": 7.559723854064941,
          "hz": 282.89161906338205
        },
        {
          "acoustic_entropy": 7.481359958648682,
          "acoustic_entropy_side": 7.429847240447998,
          "hz": 369.9353335868758
        },
        {
          "acoustic_entropy": 8.590655326843262,
          "acoustic_entropy_side": 7.731429576873779,
          "hz": 464.6875360973435
        },
        {
          "acoustic_entropy": 7.454647064208984,
          "acoustic_entropy_side": 7.537783622741699,
          "hz": 567.8308811364784
        },
        {
          "acoustic_entropy": 8.601716041564941,
          "acoustic_entropy_side": 7.9169816970825195,
          "hz": 680.1084783214808
        },
        {
          "acoustic_entropy": 7.618773460388184,
          "acoustic_entropy_side": 7.99181604385376,
          "hz": 802.3292461747484
        },
        {
          "acoustic_entropy": 7.69837760925293,
          "acoustic_entropy_side": 7.764527797698975,
          "hz": 935.3737400823702
        },
        {
          "acoustic_entropy": 7.42556095123291,
          "acoustic_entropy_side": 7.506033420562744,
          "hz": 1080.2004963696966
        },
        {
          "acoustic_entropy": 7.466668605804443,
          "acoustic_entropy_side": 7.427141189575195,
          "hz": 1237.8529382007157
        },
        {
          "acoustic_entropy": 7.51083517074585,
          "acoustic_entropy_side": 7.473865032196045,
          "hz": 1409.4668930556702
        },
        {
          "acoustic_entropy": 7.719692707061768,
          "acoustic_entropy_side": 7.457472801208496,
          "hz": 1596.2787759475705
        },
        {
          "acoustic_entropy": 7.3567070960998535,
          "acoustic_entropy_side": 7.419870853424072,
          "hz": 1799.6344973346393
        },
        {
          "acoustic_entropy": 7.865619659423828,
          "acoustic_entropy_side": 7.714677810668945,
          "hz": 2020.9991599069049
        },
        {
          "acoustic_entropy": 7.684791088104248,
          "acoustic_entropy_side": 7.6076154708862305,
          "hz": 2261.9676141086993
        },
        {
          "acoustic_entropy": 7.630937099456787,
          "acoustic_entropy_side": 7.601642608642578,
          "hz": 2524.2759484456974
        },
        {
          "acoustic_entropy": 7.7493815422058105,
          "acoustic_entropy_side": 7.5923991203308105,
          "hz": 2809.813997359896
        },
        {
          "acoustic_entropy": 7.654326915740967,
          "acoustic_entropy_side": 7.581031322479248,
          "hz": 3120.6389567871424
        },
        {
          "acoustic_entropy": 7.616772174835205,
          "acoustic_entropy_side": 7.549125671386719,
          "hz": 3458.990205492291
        },
        {
          "acoustic_entropy": 7.583315849304199,
          "acoustic_entropy_side": 7.618211269378662,
          "hz": 3827.305438964164
        },
        {
          "acoustic_entropy": 7.633759498596191,
          "acoustic_entropy_side": 7.638413429260254,
          "hz": 4228.238232109126
        },
        {
          "acoustic_entropy": 7.649923801422119,
          "acoustic_entropy_side": 7.6394171714782715,
          "hz": 4664.6771572759235
        },
        {
          "acoustic_entropy": 7.602404594421387,
          "acoustic_entropy_side": 7.639599800109863,
          "hz": 5139.766595350093
        },
        {
          "acoustic_entropy": 7.643064975738525,
          "acoustic_entropy_side": 7.645224094390869,
          "hz": 5656.929389854203
        },
        {
          "acoustic_entropy": 7.65519905090332,
          "acoustic_entropy_side": 7.648130893707275,
          "hz": 6219.891507268283
        },
        {
          "acoustic_entropy": 7.662038326263428,
          "acoustic_entropy_side": 7.650219440460205,
          "hz": 6832.70888123896
        },
        {
          "acoustic_entropy": 7.668757915496826,
          "acoustic_entropy_side": 7.650595188140869,
          "hz": 7499.796634079867
        },
        {
          "acoustic_entropy": 7.670923233032227,
          "acoustic_entropy_side": 7.650998115539551,
          "hz": 8225.96088609342
        },
        {
          "acoustic_entropy": 7.663634300231934,
          "acoustic_entropy_side": 7.651215076446533,
          "hz": 9016.43338188839
        },
        {
          "acoustic_entropy": 7.657262802124023,
          "acoustic_entropy_side": 7.6518330574035645,
          "hz": 9876.909183162974
        },
        {
          "acoustic_entropy": 7.652099609375,
          "acoustic_entropy_side": 7.6523003578186035,
          "hz": 10813.587699516042
        },
        {
          "acoustic_entropy": 7.653865337371826,
          "acoustic_entropy_side": 7.651174068450928,
          "hz": 11833.21735289826
        },
        {
          "acoustic_entropy": 7.651132106781006,
          "acoustic_entropy_side": 7.649834156036377,
          "hz": 12943.144197493959
        },
        {
          "acoustic_entropy": 7.6494574546813965,
          "acoustic_entropy_side": 7.649234294891357,
          "hz": 14151.364845322005
        },
        {
          "acoustic_entropy": 7.6491241455078125,
          "acoustic_entropy_side": 7.649082183837891,
          "hz": 15466.58407886509
        },
        {
          "acoustic_entropy": 7.649063587188721,
          "acoustic_entropy_side": 7.649056434631348,
          "hz": 16898.27756580493
        },
        {
          "acoustic_entropy": 7.649054527282715,
          "acoustic_entropy_side": 7.649052619934082,
          "hz": 18456.760127700032
        },
        {
          "acoustic_entropy": 7.649052143096924,
          "acoustic_entropy_side": 7.649052143096924,
          "hz": 20153.260054456492
        },
        {
          "acoustic_entropy": 7.649052143096924,
          "acoustic_entropy_side": 7.649052143096924,
          "hz": 22000.00000000001
        }
      ],
      "diff_acoustic_entropy": 4.375967025756836,
      "sn": 6
    },
    {
      "acoustic_entropy": 13.25407600402832,
      "acoustic_entropy_mono": 12.322736740112305,
      "band_eliminated_acoustic_entropies": [
        {
          "acoustic_entropy": 12.621930122375488,
          "acoustic_entropy_side": 13.172849655151367,
          "hz": 129.47220167065723
        },
        {
          "acoustic_entropy": 12.487354278564453,
          "acoustic_entropy_side": 13.045700073242188,
          "hz": 202.92927478742237
        },
        {
          "acoustic_entropy": 13.297651290893555,
          "acoustic_entropy_side": 13.132530212402344,
          "hz": 282.89161906338205
        },
        {
          "acoustic_entropy": 13.448492050170898,
          "acoustic_entropy_side": 12.592606544494629,
          "hz": 369.9353335868758
        },
        {
          "acoustic_entropy": 13.684868812561035,
          "acoustic_entropy_side": 13.41369342803955,
          "hz": 464.6875360973435
        },
        {
          "acoustic_entropy": 13.394299507141113,
          "acoustic_entropy_side": 12.846068382263184,
          "hz": 567.8308811364784
        },
        {
          "acoustic_entropy": 13.1634521484375,
          "acoustic_entropy_side": 12.81757640838623,
          "hz": 680.1084783214808
        },
        {
          "acoustic_entropy": 13.035028457641602,
          "acoustic_entropy_side": 13.154631614685059,
          "hz": 802.3292461747484
        },
        {
          "acoustic_entropy": 13.398999214172363,
          "acoustic_entropy_side": 13.182861328125,
          "hz": 935.3737400823702
        },
        {
          "acoustic_entropy": 13.146251678466797,
          "acoustic_entropy_side": 13.08033561706543,
          "hz": 1080.2004963696966
        },
        {
          "acoustic_entropy": 12.868191719055176,
          "acoustic_entropy_side": 13.817330360412598,
          "hz": 1237.8529382007157
        },
        {
          "acoustic_entropy": 13.40673828125,
          "acoustic_entropy_side": 13.238603591918945,
          "hz": 1409.4668930556702
        },
        {
          "acoustic_entropy": 12.555623054504395,
          "acoustic_entropy_side": 13.079724311828613,
          "hz": 1596.2787759475705
        },
        {
          "acoustic_entropy": 13.470961570739746,
          "acoustic_entropy_side": 13.52035140991211,
          "hz": 1799.6344973346393
        },
        {
          "acoustic_entropy": 13.398730278015137,
          "acoustic_entropy_side": 13.554953575134277,
          "hz": 2020.9991599069049
        },
        {
          "acoustic_entropy": 13.56114673614502,
          "acoustic_entropy_side": 13.363130569458008,
          "hz": 2261.9676141086993
        },
        {
          "acoustic_entropy": 13.623653411865234,
          "acoustic_entropy_side": 13.581729888916016,
          "hz": 2524.2759484456974
        },
        {
          "acoustic_entropy": 13.3245210647583,
          "acoustic_entropy_side": 13.404420852661133,
          "hz": 2809.813997359896
        },
        {
          "acoustic_entropy": 13.766681671142578,
          "acoustic_entropy_side": 13.429241180419922,
          "hz": 3120.6389567871424
        },
        {
          "acoustic_entropy": 13.316335678100586,
          "acoustic_entropy_side": 13.241477012634277,
          "hz": 3458.990205492291
        },
        {
          "acoustic_entropy": 13.23734188079834,
          "acoustic_entropy_side": 13.247838020324707,
          "hz": 3827.305438964164
        },
        {
          "acoustic_entropy": 13.348831176757812,
          "acoustic_entropy_side": 13.255379676818848,
          "hz": 4228.238232109126
        },
        {
          "acoustic_entropy": 13.374069213867188,
          "acoustic_entropy_side": 13.270360946655273,
          "hz": 4664.6771572759235
        },
        {
          "acoustic_entropy": 13.338590621948242,
          "acoustic_entropy_side": 13.288305282592773,
          "hz": 5139.766595350093
        },
        {
          "acoustic_entropy": 13.337302207946777,
          "acoustic_entropy_side": 13.293290138244629,
          "hz": 5656.929389854203
        },
        {
          "acoustic_entropy": 13.327651023864746,
          "acoustic_entropy_side": 13.289511680603027,
          "hz": 6219.891507268283
        },
        {
          "acoustic_entropy": 13.348909378051758,
          "acoustic_entropy_side": 13.289055824279785,
          "hz": 6832.70888123896
        },
        {
          "acoustic_entropy": 13.382558822631836,
          "acoustic_entropy_side": 13.29710865020752,
          "hz": 7499.796634079867
        },
        {
          "acoustic_entropy": 13.362508773803711,
          "acoustic_entropy_side": 13.311481475830078,
          "hz": 8225.96088609342
        },
        {
          "acoustic_entropy": 13.342968940734863,
          "acoustic_entropy_side": 13.31911563873291,
          "hz": 9016.43338188839
        },
        {
          "acoustic_entropy": 13.356059074401855,
          "acoustic_entropy_side": 13.306782722473145,
          "hz": 9876.909183162974
        },
        {
          "acoustic_entropy": 13.318547248840332,
          "acoustic_entropy_side": 13.287274360656738,
          "hz": 10813.587699516042
        },
        {
          "acoustic_entropy": 13.301529884338379,
          "acoustic_entropy_side": 13.27526569366455,
          "hz": 11833.21735289826
        },
        {
          "acoustic_entropy": 13.27827262878418,
          "acoustic_entropy_side": 13.264009475708008,
          "hz": 12943.144197493959
        },
        {
          "acoustic_entropy": 13.261069297790527,
          "acoustic_entropy_side": 13.25732707977295,
          "hz": 14151.364845322005
        },
        {
          "acoustic_entropy": 13.25547981262207,
          "acoustic_entropy_side": 13.254770278930664,
          "hz": 15466.58407886509
        },
        {
          "acoustic_entropy": 13.254355430603027,
          "acoustic_entropy_side": 13.254219055175781,
          "hz": 16898.27756580493
        },
        {
          "acoustic_entropy": 13.254117965698242,
          "acoustic_entropy_side": 13.254095077514648,
          "hz": 18456.760127700032
        },
        {
          "acoustic_entropy": 13.254077911376953,
          "acoustic_entropy_side": 13.254076957702637,
          "hz": 20153.260054456492
        },
        {
          "acoustic_entropy": 13.25407600402832,
          "acoustic_entropy_side": 13.25407600402832,
          "hz": 22000.00000000001
        }
      ],
      "diff_acoustic_entropy": 6.874708652496338,
      "sn": 12
    },
    {
      "acoustic_entropy": 20.0399169921875,
      "acoustic_entropy_mono": 18.205930709838867,
      "band_eliminated_acoustic_entropies": [
        {
          "acoustic_entropy": 19.717891693115234,
          "acoustic_entropy_side": 20.27056884765625,
          "hz": 129.47220167065723
        },
        {
          "acoustic_entropy": 20.742910385131836,
          "acoustic_entropy_side": 19.867183685302734,
          "hz": 202.92927478742237
        },
        {
          "acoustic_entropy": 20.441715240478516,
          "acoustic_entropy_side": 20.7364501953125,
          "hz": 282.89161906338205
        },
        {
          "acoustic_entropy": 20.454578399658203,
          "acoustic_entropy_side": 19.68190574645996,
          "hz": 369.9353335868758
        },
        {
          "acoustic_entropy": 20.52184295654297,
          "acoustic_entropy_side": 20.84188461303711,
          "hz": 464.6875360973435
        },
        {
          "acoustic_entropy": 19.60049819946289,
          "acoustic_entropy_side": 20.827014923095703,
          "hz": 567.8308811364784
        },
        {
          "acoustic_entropy": 20.210567474365234,
          "acoustic_entropy_side": 20.132444381713867,
          "hz": 680.1084783214808
        },
        {
          "acoustic_entropy": 19.973621368408203,
          "acoustic_entropy_side": 20.56987190246582,
          "hz": 802.3292461747484
        },
        {
          "acoustic_entropy": 20.06621742248535,
          "acoustic_entropy_side": 19.913562774658203,
          "hz": 935.3737400823702
        },
        {
          "acoustic_entropy": 20.304222106933594,
          "acoustic_entropy_side": 20.50208282470703,
          "hz": 1080.2004963696966
        },
        {
          "acoustic_entropy": 19.35360336303711,
          "acoustic_entropy_side": 20.053564071655273,
          "hz": 1237.8529382007157
        },
        {
          "acoustic_entropy": 20.021997451782227,
          "acoustic_entropy_side": 20.201549530029297,
          "hz": 1409.4668930556702
        },
        {
          "acoustic_entropy": 19.17902374267578,
          "acoustic_entropy_side": 20.629764556884766,
          "hz": 1596.2787759475705
        },
        {
          "acoustic_entropy": 20.461524963378906,
          "acoustic_entropy_side": 20.673521041870117,
          "hz": 1799.6344973346393
        },
        {
          "acoustic_entropy": 20.26814842224121,
          "acoustic_entropy_side": 20.55615234375,
          "hz": 2020.9991599069049
        },
        {
          "acoustic_entropy": 20.118629455566406,
          "acoustic_entropy_side": 20.093690872192383,
          "hz": 2261.9676141086993
        },
        {
          "acoustic_entropy": 19.959613800048828,
          "acoustic_entropy_side": 19.767704010009766,
          "hz": 2524.2759484456974
        },
        {
          "acoustic_entropy": 20.36067008972168,
          "acoustic_entropy_side": 20.26972007751465,
          "hz": 2809.813997359896
        },
        {
          "acoustic_entropy": 19.970272064208984,
