{
  "acoustic_entropy": 116.56273651123047,
  "bands": [
    {
      "high_freq": 148.1999969482422,
      "loudness": -58.87702560424805,
      "loudness_range": 27.08053207397461,
      "mid_mean": -56.06243896484375,
      "mid_to_side_loudness": -4.183801651000977,
      "mid_to_side_loudness_range": 10.134249687194824,
      "side_mean": -59.907649993896484
    },
    {
      "high_freq": 392.3793640136719,
      "loudness": -40.077796936035156,
      "loudness_range": 17.91152000427246,
      "low_freq": 148.1999969482422,
      "mid_mean": -38.41363525390625,
      "mid_to_side_loudness": -2.7754130363464355,
      "mid_to_side_loudness_range": 7.181082248687744,
      "side_mean": -41.42927551269531
    },
    {
      "high_freq": 794.6976318359375,
      "loudness": -38.55988693237305,
      "loudness_range": 23.22745132446289,
      "low_freq": 392.3793640136719,
      "mid_mean": -37.235015869140625,
      "mid_to_side_loudness": -1.8064687252044678,
      "mid_to_side_loudness_range": 8.431219100952148,
      "side_mean": -39.255165100097656
    },
    {
      "high_freq": 1457.5709228515625,
      "loudness": -44.646202087402344,
      "loudness_range": 23.683549880981445,
      "low_freq": 794.6976318359375,
      "mid_mean": -43.73326873779297,
      "mid_to_side_loudness": -0.8707588911056519,
      "mid_to_side_loudness_range": 6.757476806640625,
      "side_mean": -44.63917541503906
    },
    {
      "high_freq": 2549.74365234375,
      "loudness": -51.95878219604492,
      "loudness_range": 26.90251922607422,
      "low_freq": 1457.5709228515625,
      "mid_mean": -53.638858795166016,
      "mid_to_side_loudness": 0.5010120272636414,
      "mid_to_side_loudness_range": 5.308445930480957,
      "side_mean": -53.19084167480469
    },
    {
      "high_freq": 4349.24462890625,
      "loudness": -61.81795883178711,
      "loudness_range": 26.619674682617188,
      "low_freq": 2549.74365234375,
      "mid_mean": -62.43937683105469,
      "mid_to_side_loudness": -0.044121984392404556,
      "mid_to_side_loudness_range": 4.702312469482422,
      "side_mean": -62.49949264526367
    },
    {
      "high_freq": 7314.1640625,
      "loudness": -69.53370666503906,
      "loudness_range": 24.922439575195312,
      "low_freq": 4349.24462890625,
      "mid_mean": -67.54290008544922,
      "mid_to_side_loudness": -0.3807221055030823,
      "mid_to_side_loudness_range": 5.1662092208862305,
      "side_mean": -67.76869201660156
    },
    {
      "high_freq": 12199.2666015625,
      "loudness": -77.9382553100586,
      "loudness_range": 20.24951934814453,
      "low_freq": 7314.1640625,
      "mid_mean": -69.55012512207031,
      "mid_to_side_loudness": -0.04430447518825531,
      "mid_to_side_loudness_range": 2.1906580924987793,
      "side_mean": -69.55529022216797
    },
    {
      "loudness": -83.7933120727539,
      "loudness_range": 19.62670135498047,
      "low_freq": 12199.2666015625,
      "mid_mean": -69.94286346435547,
      "mid_to_side_loudness": -0.7680742144584656,
      "mid_to_side_loudness_range": 1.4043517112731934,
      "side_mean": -69.9508285522461
    }
  ],
  "bands_short": [
    {
      "high_freq": 148.1999969482422,
      "loudness": -63.05588912963867,
      "loudness_range": 23.53555679321289,
      "mid_mean": -59.9849967956543,
      "mid_to_side_loudness": -3.6882894039154053,
      "mid_to_side_loudness_range": 14.786874771118164,
      "side_mean": -63.183048248291016
    },
    {
      "high_freq": 392.3793640136719,
      "loudness": -40.886383056640625,
      "loudness_range": 18.502166748046875,
      "low_freq": 148.1999969482422,
      "mid_mean": -39.08609390258789,
      "mid_to_side_loudness": -3.245565414428711,
      "mid_to_side_loudness_range": 8.871527671813965,
      "side_mean": -42.66299057006836
    },
    {
      "high_freq": 794.6976318359375,
      "loudness": -38.7181396484375,
      "loudness_range": 23.5113582611084,
      "low_freq": 392.3793640136719,
      "mid_mean": -37.48915481567383,
      "mid_to_side_loudness": -1.8091849088668823,
      "mid_to_side_loudness_range": 9.354310989379883,
      "side_mean": -39.4594841003418
    },
    {
      "high_freq": 1457.5709228515625,
      "loudness": -45.244537353515625,
      "loudness_range": 24.292041778564453,
      "low_freq": 794.6976318359375,
      "mid_mean": -44.44464111328125,
      "mid_to_side_loudness": -0.7615582346916199,
      "mid_to_side_loudness_range": 8.116533279418945,
      "side_mean": -45.23831558227539
    },
    {
      "high_freq": 2549.74365234375,
      "loudness": -53.260963439941406,
      "loudness_range": 28.084373474121094,
      "low_freq": 1457.5709228515625,
      "mid_mean": -54.731441497802734,
      "mid_to_side_loudness": 0.8925169110298157,
      "mid_to_side_loudness_range": 7.962067604064941,
      "side_mean": -53.99697494506836
    },
    {
      "high_freq": 4349.24462890625,
      "loudness": -63.1613655090332,
      "loudness_range": 28.156635284423828,
      "low_freq": 2549.74365234375,
      "mid_mean": -63.25722122192383,
      "mid_to_side_loudness": 0.05780009925365448,
      "mid_to_side_loudness_range": 6.804448127746582,
      "side_mean": -63.18559646606445
    },
    {
      "high_freq": 7314.1640625,
      "loudness": -70.76595306396484,
      "loudness_range": 25.456424713134766,
      "low_freq": 4349.24462890625,
      "mid_mean": -68.20746612548828,
      "mid_to_side_loudness": -0.31344789266586304,
      "mid_to_side_loudness_range": 6.100410461425781,
      "side_mean": -68.3456802368164
    },
    {
      "high_freq": 12199.2666015625,
      "loudness": -76.58700561523438,
      "loudness_range": 20.715572357177734,
      "low_freq": 7314.1640625,
      "mid_mean": -69.6973648071289,
      "mid_to_side_loudness": -0.08765929192304611,
      "mid_to_side_loudness_range": 2.445465564727783,
      "side_mean": -69.70368194580078
    },
    {
      "loudness": -77.63317108154297,
      "loudness_range": 22.60220718383789,
      "low_freq": 12199.2666015625,
      "mid_mean": -69.9499282836914,
      "mid_to_side_loudness": -0.7675260901451111,
      "mid_to_side_loudness_range": 2.7826590538024902,
      "side_mean": -69.9570541381836
    }
  ],
  "bandwidth": 629.3753662109375,
  "channels": 2,
  "covariance": [
    [
      81.31526947021484,
      58.524513244628906,
      22.035505294799805,
      24.061203002929688,
      -1.487223744392395,
      4.362558364868164,
      12.244872093200684,
      15.775032043457031,
      28.385671615600586,
      28.606996536254883,
      21.130413055419922,
      21.96216583251953,
      9.516907691955566,
      9.65794849395752,
      1.7963309288024902,
      1.7644327878952026,
      0.2068479210138321,
      0.19285573065280914
    ],
    [
      58.524513244628906,
      47.727745056152344,
      15.78974437713623,
      16.90976905822754,
      -4.628072261810303,
      0.07211869210004807,
      7.217502593994141,
      10.69430160522461,
      17.222354888916016,
      17.60765266418457,
      12.668452262878418,
      13.548280715942383,
      5.47554874420166,
      5.904244899749756,
      0.9914963245391846,
      0.9899480938911438,
      0.18118932843208313,
      0.17090152204036713
    ],
    [
      22.035505294799805,
      15.78974437713623,
      40.44560623168945,
      39.864044189453125,
      33.68159103393555,
      32.37044906616211,
      29.021411895751953,
      29.217906951904297,
      39.12290954589844,
      40.17117691040039,
      28.847339630126953,
      29.095659255981445,
      9.895614624023438,
      8.655815124511719,
      0.8530240058898926,
      0.7882676124572754,
      -0.0015858341939747334,
      0.006870556622743607
    ],
    [
      24.061203002929688,
      16.90976905822754,
      39.864044189453125,
      47.440452575683594,
      36.97864532470703,
      36.214900970458984,
      33.28662872314453,
      32.85590362548828,
      43.47787857055664,
      44.0152473449707,
      32.33119201660156,
      32.545494079589844,
      12.19755744934082,
      10.756691932678223,
      1.3217302560806274,
      1.274753212928772,
      0.0036048840265721083,
      0.012166215106844902
    ],
    [
      -1.487223744392395,
      -4.628072261810303,
      33.68159103393555,
      36.97864532470703,
      66.69145965576172,
      57.795711517333984,
      52.479305267333984,
      52.07206726074219,
      68.72721862792969,
      66.72632598876953,
      48.777069091796875,
      47.869178771972656,
      20.321666717529297,
      18.004732131958008,
      3.552804708480835,
      3.535020112991333,
      0.054783403873443604,
      0.05409594625234604
    ],
    [
      4.362558364868164,
      0.07211869210004807,
      32.37044906616211,
      36.214900970458984,
      57.795711517333984,
      58.941375732421875,
      50.49380111694336,
      50.148345947265625,
      63.8310546875,
      62.84612274169922,
      46.64010238647461,
      46.61438751220703,
      20.01888656616211,
      17.946435928344727,
      3.269658327102661,
      3.1606788635253906,
      0.07098393887281418,
      0.07029300928115845
    ],
    [
      12.244872093200684,
      7.217502593994141,
      29.021411895751953,
      33.28662872314453,
      52.479305267333984,
      50.49380111694336,
      62.14070129394531,
      60.83488082885742,
      66.53120422363281,
      64.25910949707031,
      50.102684020996094,
      49.721282958984375,
      22.59782600402832,
      21.682968139648438,
      5.081116676330566,
      5.045468330383301,
      0.28529441356658936,
      0.2679097354412079
    ],
    [
      15.775032043457031,
      10.69430160522461,
      29.217906951904297,
      32.85590362548828,
      52.07206726074219,
      50.148345947265625,
      60.83488082885742,
      66.65364837646484,
      66.9003677368164,
      64.7255630493164,
      50.447269439697266,
      49.83888244628906,
      23.01889419555664,
      22.185840606689453,
      5.271083354949951,
      5.201997756958008,
      0.313770055770874,
      0.29299864172935486
    ],
    [
      28.385671615600586,
      17.222354888916016,
      39.12290954589844,
      43.47787857055664,
      68.72721862792969,
      63.8310546875,
      66.53120422363281,
      66.9003677368164,
      106.94984436035156,
      104.06049346923828,
      70.18672943115234,
      70.2269515991211,
      30.94038200378418,
      28.496829986572266,
      6.603877067565918,
      6.595880031585693,
      0.4663597047328949,
      0.42776209115982056
    ],
    [
      28.606996536254883,
      17.60765266418457,
      40.17117691040039,
      44.0152473449707,
      66.72632598876953,
      62.84612274169922,
      64.25910949707031,
      64.7255630493164,
      104.06049346923828,
      104.18827056884766,
      69.0855484008789,
      69.14944458007812,
      30.458311080932617,
      27.780296325683594,
      6.336381912231445,
      6.255249500274658,
      0.43461740016937256,
      0.39731982350349426
    ],
    [
      21.130413055419922,
      12.668452262878418,
      28.847339630126953,
      32.33119201660156,
      48.777069091796875,
      46.64010238647461,
      50.102684020996094,
      50.447269439697266,
      70.18672943115234,
      69.0855484008789,
      56.17216491699219,
      55.52272415161133,
      26.7865047454834,
      24.742530822753906,
      5.379032611846924,
      5.359860420227051,
      0.3091224133968353,
      0.2834335267543793
    ],
    [
      21.96216583251953,
      13.548280715942383,
      29.095659255981445,
      32.545494079589844,
      47.869178771972656,
      46.61438751220703,
      49.721282958984375,
      49.83888244628906,
      70.2269515991211,
      69.14944458007812,
      55.52272415161133,
      56.134342193603516,
      26.93170166015625,
      24.824621200561523,
      5.459987163543701,
      5.410056114196777,
      0.33622777462005615,
      0.3117564022541046
    ],
    [
      9.516907691955566,
      5.47554874420166,
      9.895614624023438,
      12.19755744934082,
      20.321666717529297,
      20.01888656616211,
      22.59782600402832,
      23.01889419555664,
      30.94038200378418,
      30.458311080932617,
      26.7865047454834,
      26.93170166015625,
      18.788251876831055,
      16.757343292236328,
      4.373249530792236,
      4.395021438598633,
      0.2942345440387726,
      0.2761652171611786
    ],
    [
      9.65794849395752,
      5.904244899749756,
      8.655815124511719,
      10.756691932678223,
      18.004732131958008,
      17.946435928344727,
      21.682968139648438,
      22.185840606689453,
      28.496829986572266,
      27.780296325683594,
      24.742530822753906,
      24.824621200561523,
      16.757343292236328,
      16.040908813476562,
      4.19374942779541,
      4.198537826538086,
      0.2980962097644806,
      0.2778782844543457
    ],
    [
      1.7963309288024902,
      0.9914963245391846,
      0.8530240058898926,
      1.3217302560806274,
      3.552804708480835,
      3.269658327102661,
      5.081116676330566,
      5.271083354949951,
      6.603877067565918,
      6.336381912231445,
      5.379032611846924,
      5.459987163543701,
      4.373249530792236,
      4.19374942779541,
      2.006697177886963,
      1.9351446628570557,
      0.20274625718593597,
      0.1868124157190323
    ],
    [
      1.7644327878952026,
      0.9899480938911438,
      0.7882676124572754,
      1.274753212928772,
      3.535020112991333,
      3.1606788635253906,
      5.045468330383301,
      5.201997756958008,
      6.595880031585693,
      6.255249500274658,
      5.359860420227051,
      5.410056114196777,
      4.395021438598633,
      4.198537826538086,
      1.9351446628570557,
      1.9854764938354492,
      0.20371432602405548,
      0.1908717304468155
    ],
    [
      0.2068479210138321,
      0.18118932843208313,
      -0.0015858341939747334,
      0.0036048840265721083,
      0.054783403873443604,
      0.07098393887281418,
      0.28529441356658936,
      0.313770055770874,
      0.4663597047328949,
      0.43461740016937256,
      0.3091224133968353,
      0.33622777462005615,
      0.2942345440387726,
      0.2980962097644806,
      0.20274625718593597,
      0.20371432602405548,
      0.03780200704932213,
      0.0346994586288929
    ],
    [
      0.19285573065280914,
      0.17090152204036713,
      0.006870556622743607,
      0.012166215106844902,
      0.05409594625234604,
      0.07029300928115845,
      0.2679097354412079,
      0.29299864172935486,
      0.42776209115982056,
      0.39731982350349426,
      0.2834335267543793,
      0.3117564022541046,
      0.2761652171611786,
      0.2778782844543457,
      0.1868124157190323,
      0.1908717304468155,
      0.0346994586288929,
      0.03228110820055008
    ]
  ],
  "covariance_short": [
    [
      54.579891204833984,
      30.68897819519043,
      19.82609748840332,
      19.58781623840332,
      4.846881866455078,
      9.677939414978027,
      13.617437362670898,
      16.796527862548828,
      25.090635299682617,
      25.68393325805664,
      19.590158462524414,
      19.443485260009766,
      8.68873119354248,
      8.452217102050781,
      1.2671161890029907,
      1.2383158206939697,
      0.05352041497826576,
      0.05216608941555023
    ],
    [
      30.68897819519043,
      24.737648010253906,
      12.36290454864502,
      12.65108871459961,
      1.8030670881271362,
      5.60955286026001,
      8.859877586364746,
      11.070321083068848,
      15.42983341217041,
      16.086383819580078,
      12.436004638671875,
      12.518194198608398,
      5.501271724700928,
      5.530798435211182,
      0.6093939542770386,
      0.6063236594200134,
      0.02507576160132885,
      0.02651374600827694
    ],
    [
      19.82609748840332,
      12.36290454864502,
      41.18990707397461,
      40.1217041015625,
      35.418418884277344,
      33.193382263183594,
      31.33132553100586,
      31.753137588500977,
      40.39948272705078,
      40.31639862060547,
      29.33916473388672,
      29.535722732543945,
      8.768625259399414,
      8.08442497253418,
      0.7799668312072754,
      0.715940535068512,
      -0.022163281217217445,
      -0.016761863604187965
    ],
    [
      19.58781623840332,
      12.65108871459961,
      40.1217041015625,
      49.87167739868164,
      40.00769805908203,
      37.927452087402344,
      36.10507583618164,
      35.85089111328125,
      46.23873519897461,
      45.49011993408203,
      33.13922882080078,
      33.69889450073242,
      10.425313949584961,
      9.536678314208984,
      0.940390408039093,
      0.8604320287704468,
      -0.025008799508213997,
      -0.017598310485482216
    ],
    [
      4.846881866455078,
      1.8030670881271362,
      35.418418884277344,
      40.00769805908203,
      67.1821517944336,
      56.84130859375,
      55.08164978027344,
      55.13325119018555,
      69.51680755615234,
      65.97672271728516,
      48.890625,
      49.33473205566406,
      17.730478286743164,
      16.077266693115234,
      2.5858359336853027,
      2.5198493003845215,
      0.02778567001223564,
      0.027571160346269608
    ],
    [
      9.677939414978027,
      5.60955286026001,
      33.193382263183594,
      37.927452087402344,
      56.84130859375,
      59.12843322753906,
      52.43785095214844,
      52.40143585205078,
      62.9637565612793,
      60.427223205566406,
      45.398681640625,
      46.173038482666016,
      17.20771026611328,
      15.617643356323242,
      2.398123025894165,
      2.2767159938812256,
      0.029817570000886917,
      0.031007757410407066
    ],
    [
      13.617437362670898,
      8.859877586364746,
      31.33132553100586,
      36.10507583618164,
      55.08164978027344,
      52.43785095214844,
      64.85585021972656,
      62.410118103027344,
      68.21586608886719,
      64.3524169921875,
      49.990360260009766,
      50.68236541748047,
      20.023344039916992,
      19.01496696472168,
      3.6458489894866943,
      3.566955804824829,
      0.1554419994354248,
      0.1505541354417801
    ],
    [
      16.796527862548828,
      11.070321083068848,
      31.753137588500977,
      35.85089111328125,
      55.13325119018555,
      52.40143585205078,
      62.410118103027344,
      69.43950653076172,
      69.08216857910156,
      65.79277038574219,
      50.74403762817383,
      51.349300384521484,
      20.36581802368164,
      19.361406326293945,
      3.7281768321990967,
      3.637803316116333,
      0.17800754308700562,
      0.17152872681617737
    ],
    [
      25.090635299682617,
      15.42983341217041,
      40.39948272705078,
      46.23873519897461,
      69.51680755615234,
      62.9637565612793,
      68.21586608886719,
      69.08216857910156,
      104.56736755371094,
      99.05902099609375,
      67.27256774902344,
      68.32479095458984,
      25.662717819213867,
      23.790956497192383,
      4.588038444519043,
      4.473685264587402,
      0.3058006465435028,
      0.28854605555534363
    ],
    [
      25.68393325805664,
      16.086383819580078,
      40.31639862060547,
      45.49011993408203,
      65.97672271728516,
      60.427223205566406,
      64.3524169921875,
      65.79277038574219,
      99.05902099609375,
      99.49179077148438,
      65.14590454101562,
      66.1017837524414,
      24.789817810058594,
      22.884876251220703,
      4.37401819229126,
      4.236227989196777,
      0.29531440138816833,
      0.2780942916870117
    ],
    [
      19.590158462524414,
      12.436004638671875,
      29.33916473388672,
      33.13922882080078,
      48.890625,
      45.398681640625,
      49.990360260009766,
      50.74403762817383,
      67.27256774902344,
      65.14590454101562,
      54.04914093017578,
      53.64445495605469,
      23.151779174804688,
      21.523113250732422,
      4.187584400177002,
      4.149853706359863,
      0.23649810254573822,
      0.22361674904823303
    ],
    [
      19.443485260009766,
      12.518194198608398,
      29.535722732543945,
      33.69889450073242,
      49.33473205566406,
      46.173038482666016,
      50.68236541748047,
      51.349300384521484,
      68.32479095458984,
      66.1017837524414,
      53.64445495605469,
      55.4820442199707,
      23.404436111450195,
      21.77015495300293,
      4.281791687011719,
      4.209440231323242,
      0.24535135924816132,
      0.23405911028385162
    ],
    [
      8.68873119354248,
      5.501271724700928,
      8.768625259399414,
      10.425313949584961,
      17.730478286743164,
      17.20771026611328,
      20.023344039916992,
      20.36581802368164,
      25.662717819213867,
      24.789817810058594,
      23.151779174804688,
      23.404436111450195,
      15.396458625793457,
      13.902027130126953,
      3.4322867393493652,
      3.40657639503479,
      0.23279376327991486,
      0.2244844138622284
    ],
    [
      8.452217102050781,
      5.530798435211182,
      8.08442497253418,
      9.536678314208984,
      16.077266693115234,
      15.617643356323242,
      19.01496696472168,
      19.361406326293945,
      23.790956497192383,
      22.884876251220703,
      21.523113250732422,
      21.77015495300293,
      13.902027130126953,
      13.445713996887207,
      3.3033833503723145,
      3.274395704269409,
      0.2376415729522705,
      0.22816719114780426
    ],
    [
      1.2671161890029907,
      0.6093939542770386,
      0.7799668312072754,
      0.940390408039093,
      2.5858359336853027,
      2.398123025894165,
      3.6458489894866943,
      3.7281768321990967,
      4.588038444519043,
      4.37401819229126,
      4.187584400177002,
      4.281791687011719,
      3.4322867393493652,
      3.3033833503723145,
      1.593693733215332,
      1.508916974067688,
      0.1619761437177658,
      0.15551386773586273
    ],
    [
      1.2383158206939697,
      0.6063236594200134,
      0.715940535068512,
      0.8604320287704468,
      2.5198493003845215,
      2.2767159938812256,
      3.566955804824829,
      3.637803316116333,
      4.473685264587402,
      4.236227989196777,
      4.149853706359863,
      4.209440231323242,
      3.40657639503479,
      3.274395704269409,
      1.508916974067688,
      1.5554382801055908,
      0.16549457609653473,
      0.1598631739616394
    ],
    [
      0.05352041497826576,
      0.02507576160132885,
      -0.022163281217217445,
      -0.025008799508213997,
      0.02778567001223564,
      0.029817570000886917,
      0.1554419994354248,
      0.17800754308700562,
      0.3058006465435028,
      0.29531440138816833,
      0.23649810254573822,
      0.24535135924816132,
      0.23279376327991486,
      0.2376415729522705,
      0.1619761437177658,
      0.16549457609653473,
      0.053320612758398056,
      0.05057825520634651
    ],
    [
      0.05216608941555023,
      0.02651374600827694,
      -0.016761863604187965,
      -0.017598310485482216,
      0.027571160346269608,
      0.031007757410407066,
      0.1505541354417801,
      0.17152872681617737,
      0.28854605555534363,
      0.2780942916870117,
      0.22361674904823303,
      0.23405911028385162,
      0.2244844138622284,
      0.22816719114780426,
      0.15551386773586273,
      0.1598631739616394,
      0.05057825520634651,
      0.048602718859910965
    ]
  ],
  "damage": -19.897706985473633,
  "diff_bandwidth": 669.6637573242188,
  "dissonance": 4.968195095935396,
  "drr": 7.384822368621826,
  "dynamics": 6.478474140167236,
  "format": 1245190,
  "frames": 6201344,
  "loudness": -30.635080337524414,
  "loudness_range": 19.15089225769043,
  "loudness_range_short": 20.786514282226562,
  "lowpass_true_peak_15khz": -7.29684591293335,
  "mastering3_acoustic_entropies": [
    {
      "acoustic_entropy": 5.459751605987549,
      "acoustic_entropy_mono": 4.683849334716797,
      "band_eliminated_acoustic_entropies": [
        {
          "acoustic_entropy": 5.462120532989502,
          "acoustic_entropy_side": 5.460004806518555,
          "hz": 129.47220167065723
        },
        {
          "acoustic_entropy": 5.562056064605713,
          "acoustic_entropy_side": 5.4969048500061035,
          "hz": 202.92927478742237
        },
        {
          "acoustic_entropy": 5.341846466064453,
          "acoustic_entropy_side": 5.466084957122803,
          "hz": 282.89161906338205
        },
        {
          "acoustic_entropy": 5.374739646911621,
          "acoustic_entropy_side": 5.437826156616211,
          "hz": 369.9353335868758
        },
        {
          "acoustic_entropy": 4.742359161376953,
          "acoustic_entropy_side": 5.387887001037598,
          "hz": 464.6875360973435
        },
        {
          "acoustic_entropy": 5.4113264083862305,
          "acoustic_entropy_side": 5.0143890380859375,
          "hz": 567.8308811364784
        },
        {
          "acoustic_entropy": 5.249598026275635,
          "acoustic_entropy_side": 5.754816055297852,
          "hz": 680.1084783214808
        },
        {
          "acoustic_entropy": 5.189671039581299,
          "acoustic_entropy_side": 5.160776138305664,
          "hz": 802.3292461747484
        },
        {
          "acoustic_entropy": 5.189698696136475,
          "acoustic_entropy_side": 5.356127738952637,
          "hz": 935.3737400823702
        },
        {
          "acoustic_entropy": 5.594377040863037,
          "acoustic_entropy_side": 5.756529808044434,
          "hz": 1080.2004963696966
        },
        {
          "acoustic_entropy": 5.226309776306152,
          "acoustic_entropy_side": 5.358114242553711,
          "hz": 1237.8529382007157
        },
        {
          "acoustic_entropy": 5.474339008331299,
          "acoustic_entropy_side": 5.48045539855957,
          "hz": 1409.4668930556702
        },
        {
          "acoustic_entropy": 5.677663803100586,
          "acoustic_entropy_side": 5.625534534454346,
          "hz": 1596.2787759475705
        },
        {
          "acoustic_entropy": 5.337099552154541,
          "acoustic_entropy_side": 5.392684459686279,
          "hz": 1799.6344973346393
        },
        {
          "acoustic_entropy": 5.470342636108398,
          "acoustic_entropy_side": 5.487062931060791,
          "hz": 2020.9991599069049
        },
        {
          "acoustic_entropy": 5.517248153686523,
          "acoustic_entropy_side": 5.419980049133301,
          "hz": 2261.9676141086993
        },
        {
          "acoustic_entropy": 5.4612884521484375,
          "acoustic_entropy_side": 5.474709510803223,
          "hz": 2524.2759484456974
        },
        {
          "acoustic_entropy": 5.505444526672363,
          "acoustic_entropy_side": 5.483389854431152,
          "hz": 2809.813997359896
        },
        {
          "acoustic_entropy": 5.474819183349609,
          "acoustic_entropy_side": 5.465548515319824,
          "hz": 3120.6389567871424
        },
        {
          "acoustic_entropy": 5.473965167999268,
          "acoustic_entropy_side": 5.467153549194336,
          "hz": 3458.990205492291
        },
        {
          "acoustic_entropy": 5.461751461029053,
          "acoustic_entropy_side": 5.463048458099365,
          "hz": 3827.305438964164
        },
        {
          "acoustic_entropy": 5.459027290344238,
          "acoustic_entropy_side": 5.459662437438965,
          "hz": 4228.238232109126
        },
        {
          "acoustic_entropy": 5.460757732391357,
          "acoustic_entropy_side": 5.459849834442139,
          "hz": 4664.6771572759235
        },
        {
          "acoustic_entropy": 5.460806846618652,
          "acoustic_entropy_side": 5.460055828094482,
          "hz": 5139.766595350093
        },
        {
          "acoustic_entropy": 5.460198879241943,
          "acoustic_entropy_side": 5.459968566894531,
          "hz": 5656.929389854203
        },
        {
          "acoustic_entropy": 5.459662437438965,
          "acoustic_entropy_side": 5.459682464599609,
          "hz": 6219.891507268283
        },
        {
          "acoustic_entropy": 5.45961332321167,
          "acoustic_entropy_side": 5.459670066833496,
          "hz": 6832.70888123896
        },
        {
          "acoustic_entropy": 5.459729194641113,
          "acoustic_entropy_side": 5.459738731384277,
          "hz": 7499.796634079867
        },
        {
          "acoustic_entropy": 5.459750652313232,
          "acoustic_entropy_side": 5.459752559661865,
          "hz": 8225.96088609342
        },
        {
          "acoustic_entropy": 5.459747791290283,
          "acoustic_entropy_side": 5.459753513336182,
          "hz": 9016.43338188839
        },
        {
          "acoustic_entropy": 5.459750175476074,
          "acoustic_entropy_side": 5.459752559661865,
          "hz": 9876.909183162974
        },
        {
          "acoustic_entropy": 5.459752559661865,
          "acoustic_entropy_side": 5.459752082824707,
          "hz": 10813.587699516042
        },
        {
          "acoustic_entropy": 5.459751129150391,
          "acoustic_entropy_side": 5.459751605987549,
          "hz": 11833.21735289826
        },
        {
          "acoustic_entropy": 5.459751605987549,
          "acoustic_entropy_side": 5.459752082824707,
          "hz": 12943.144197493959
        },
        {
          "acoustic_entropy": 5.459751605987549,
          "acoustic_entropy_side": 5.459751605987549,
          "hz": 14151.364845322005
        },
        {
          "acoustic_entropy": 5.459751605987549,
          "acoustic_entropy_side": 5.459751605987549,
          "hz": 15466.58407886509
        },
        {
          "acoustic_entropy": 5.459751605987549,
          "acoustic_entropy_side": 5.459751605987549,
          "hz": 16898.27756580493
        },
        {
          "acoustic_entropy": 5.459751605987549,
          "acoustic_entropy_side": 5.459751605987549,
          "hz": 18456.760127700032
        },
        {
          "acoustic_entropy": 5.459751605987549,
          "acoustic_entropy_side": 5.459751605987549,
          "hz": 20153.260054456492
        },
        {
          "acoustic_entropy": 5.459751605987549,
          "acoustic_entropy_side": 5.459751605987549,
          "hz": 22000.00000000001
        }
      ],
      "diff_acoustic_entropy": 2.956470012664795,
      "sn": 6
    },
    {
      "acoustic_entropy": 7.982797622680664,
      "acoustic_entropy_mono": 6.776094436645508,
      "band_eliminated_acoustic_entropies": [
        {
          "acoustic_entropy": 7.987641334533691,
          "acoustic_entropy_side": 7.983227252960205,
          "hz": 129.47220167065723
        },
        {
          "acoustic_entropy": 7.9436421394348145,
          "acoustic_entropy_side": 7.98218297958374,
          "hz": 202.92927478742237
        },
        {
          "acoustic_entropy": 7.904470920562744,
          "acoustic_entropy_side": 7.920535564422607,
          "hz": 282.89161906338205
        },
        {
          "acoustic_entropy": 8.090192794799805,
          "acoustic_entropy_side": 7.964629173278809,
          "hz": 369.9353335868758
        },
        {
          "acoustic_entropy": 8.158424377441406,
          "acoustic_entropy_side": 8.457117080688477,
          "hz": 464.6875360973435
        },
        {
          "acoustic_entropy": 8.258992195129395,
          "acoustic_entropy_side": 7.704916000366211,
          "hz": 567.8308811364784
        },
        {
          "acoustic_entropy": 8.237300872802734,
          "acoustic_entropy_side": 8.145294189453125,
          "hz": 680.1084783214808
        },
        {
          "acoustic_entropy": 8.198013305664062,
          "acoustic_entropy_side": 7.481759071350098,
          "hz": 802.3292461747484
        },
        {
          "acoustic_entropy": 7.684867858886719,
          "acoustic_entropy_side": 8.256393432617188,
          "hz": 935.3737400823702
        },
        {
          "acoustic_entropy": 8.441365242004395,
          "acoustic_entropy_side": 8.107918739318848,
          "hz": 1080.2004963696966
        },
        {
          "acoustic_entropy": 7.950930118560791,
          "acoustic_entropy_side": 8.111926078796387,
          "hz": 1237.8529382007157
        },
        {
          "acoustic_entropy": 8.278346061706543,
          "acoustic_entropy_side": 8.018245697021484,
          "hz": 1409.4668930556702
        },
        {
          "acoustic_entropy": 7.746952533721924,
          "acoustic_entropy_side": 7.868067264556885,
          "hz": 1596.2787759475705
        },
        {
          "acoustic_entropy": 7.8413286209106445,
          "acoustic_entropy_side": 7.973514556884766,
          "hz": 1799.6344973346393
        },
        {
          "acoustic_entropy": 8.03052043914795,
          "acoustic_entropy_side": 8.055636405944824,
          "hz": 2020.9991599069049
        },
        {
          "acoustic_entropy": 8.32568073272705,
          "acoustic_entropy_side": 8.097246170043945,
          "hz": 2261.9676141086993
        },
        {
          "acoustic_entropy": 7.92933988571167,
          "acoustic_entropy_side": 7.960571765899658,
          "hz": 2524.2759484456974
        },
        {
          "acoustic_entropy": 7.959333896636963,
          "acoustic_entropy_side": 7.976367950439453,
          "hz": 2809.813997359896
        },
        {
          "acoustic_entropy": 7.989748477935791,
          "acoustic_entropy_side": 7.98334264755249,
          "hz": 3120.6389567871424
        },
        {
          "acoustic_entropy": 8.014714241027832,
          "acoustic_entropy_side": 7.992782115936279,
          "hz": 3458.990205492291
        },
        {
          "acoustic_entropy": 8.008728981018066,
          "acoustic_entropy_side": 7.992732524871826,
          "hz": 3827.305438964164
        },
        {
          "acoustic_entropy": 8.015755653381348,
          "acoustic_entropy_side": 7.998219013214111,
          "hz": 4228.238232109126
        },
        {
          "acoustic_entropy": 8.013371467590332,
          "acoustic_entropy_side": 7.998884201049805,
          "hz": 4664.6771572759235
        },
        {
          "acoustic_entropy": 7.98860502243042,
          "acoustic_entropy_side": 7.9857611656188965,
          "hz": 5139.766595350093
        },
        {
          "acoustic_entropy": 7.991325378417969,
          "acoustic_entropy_side": 7.986538410186768,
          "hz": 5656.929389854203
        },
        {
          "acoustic_entropy": 7.987393856048584,
          "acoustic_entropy_side": 7.984592437744141,
          "hz": 6219.891507268283
        },
        {
          "acoustic_entropy": 7.990026950836182,
          "acoustic_entropy_side": 7.985998630523682,
          "hz": 6832.70888123896
        },
        {
          "acoustic_entropy": 7.984101295471191,
          "acoustic_entropy_side": 7.983590126037598,
          "hz": 7499.796634079867
        },
        {
          "acoustic_entropy": 7.9836835861206055,
          "acoustic_entropy_side": 7.983100414276123,
          "hz": 8225.96088609342
        },
        {
          "acoustic_entropy": 7.984327793121338,
          "acoustic_entropy_side": 7.98367977142334,
          "hz": 9016.43338188839
        },
        {
          "acoustic_entropy": 7.983518600463867,
          "acoustic_entropy_side": 7.9832892417907715,
          "hz": 9876.909183162974
        },
        {
          "acoustic_entropy": 7.982895851135254,
          "acoustic_entropy_side": 7.982853412628174,
          "hz": 10813.587699516042
        },
        {
          "acoustic_entropy": 7.982892990112305,
          "acoustic_entropy_side": 7.982845783233643,
          "hz": 11833.21735289826
        },
        {
          "acoustic_entropy": 7.982824325561523,
          "acoustic_entropy_side": 7.982809543609619,
          "hz": 12943.144197493959
        },
        {
          "acoustic_entropy": 7.982801914215088,
          "acoustic_entropy_side": 7.982799530029297,
          "hz": 14151.364845322005
        },
        {
          "acoustic_entropy": 7.982799053192139,
          "acoustic_entropy_side": 7.9827985763549805,
          "hz": 15466.58407886509
        },
        {
          "acoustic_entropy": 7.982798099517822,
          "acoustic_entropy_side": 7.982797622680664,
          "hz": 16898.27756580493
        },
        {
          "acoustic_entropy": 7.982796669006348,
          "acoustic_entropy_side": 7.982797622680664,
          "hz": 18456.760127700032
        },
        {
          "acoustic_entropy": 7.982797622680664,
          "acoustic_entropy_side": 7.982797622680664,
          "hz": 20153.260054456492
        },
        {
          "acoustic_entropy": 7.982797622680664,
          "acoustic_entropy_side": 7.982797622680664,
          "hz": 22000.00000000001
        }
      ],
      "diff_acoustic_entropy": 4.649929523468018,
      "sn": 12
    },
    {
      "acoustic_entropy": 12.833633422851562,
      "acoustic_entropy_mono": 11.812780380249023,
      "band_eliminated_acoustic_entropies": [
        {
          "acoustic_entropy": 12.849907875061035,
          "acoustic_entropy_side": 12.855145454406738,
          "hz": 129.47220167065723
        },
        {
          "acoustic_entropy": 12.524431228637695,
          "acoustic_entropy_side": 12.863197326660156,
          "hz": 202.92927478742237
        },
        {
          "acoustic_entropy": 12.92529582977295,
          "acoustic_entropy_side": 12.59220027923584,
          "hz": 282.89161906338205
        },
        {
          "acoustic_entropy": 12.899502754211426,
          "acoustic_entropy_side": 12.548555374145508,
          "hz": 369.9353335868758
        },
        {
          "acoustic_entropy": 13.422369003295898,
          "acoustic_entropy_side": 13.352843284606934,
          "hz": 464.6875360973435
        },
        {
          "acoustic_entropy": 13.449414253234863,
          "acoustic_entropy_side": 13.358505249023438,
          "hz": 567.8308811364784
        },
        {
          "acoustic_entropy": 12.996992111206055,
          "acoustic_entropy_side": 13.696075439453125,
          "hz": 680.1084783214808
        },
        {
          "acoustic_entropy": 12.93118667602539,
          "acoustic_entropy_side": 12.774054527282715,
          "hz": 802.3292461747484
        },
        {
          "acoustic_entropy": 12.73189926147461,
          "acoustic_entropy_side": 13.588467597961426,
          "hz": 935.3737400823702
        },
        {
          "acoustic_entropy": 13.338367462158203,
          "acoustic_entropy_side": 13.166327476501465,
          "hz": 1080.2004963696966
        },
        {
          "acoustic_entropy": 13.275117874145508,
          "acoustic_entropy_side": 13.37212085723877,
          "hz": 1237.8529382007157
        },
        {
          "acoustic_entropy": 12.738868713378906,
          "acoustic_entropy_side": 12.98505687713623,
          "hz": 1409.4668930556702
        },
        {
          "acoustic_entropy": 13.015751838684082,
          "acoustic_entropy_side": 13.29965591430664,
          "hz": 1596.2787759475705
        },
        {
          "acoustic_entropy": 13.141336441040039,
          "acoustic_entropy_side": 12.704178810119629,
          "hz": 1799.6344973346393
        },
        {
          "acoustic_entropy": 13.7241792678833,
          "acoustic_entropy_side": 13.19420337677002,
          "hz": 2020.9991599069049
        },
        {
          "acoustic_entropy": 12.905706405639648,
          "acoustic_entropy_side": 13.135010719299316,
          "hz": 2261.9676141086993
        },
        {
          "acoustic_entropy": 13.18557357788086,
          "acoustic_entropy_side": 12.885968208312988,
          "hz": 2524.2759484456974
        },
        {
          "acoustic_entropy": 12.960855484008789,
          "acoustic_entropy_side": 12.92601490020752,
          "hz": 2809.813997359896
        },
        {
