{
  "acoustic_entropy": 196.9356689453125,
  "bands": [
    {
      "high_freq": 148.1999969482422,
      "loudness": -36.98709487915039,
      "loudness_range": 20.947683334350586,
      "mid_mean": -33.55244827270508,
      "mid_to_side_loudness": -13.209015846252441,
      "mid_to_side_loudness_range": 15.132484436035156,
      "side_mean": -47.529422760009766
    },
    {
      "high_freq": 392.3793640136719,
      "loudness": -30.752214431762695,
      "loudness_range": 15.272697448730469,
      "low_freq": 148.1999969482422,
      "mid_mean": -27.62798309326172,
      "mid_to_side_loudness": -9.417472839355469,
      "mid_to_side_loudness_range": 10.196401596069336,
      "side_mean": -37.21908187866211
    },
    {
      "high_freq": 794.6976318359375,
      "loudness": -32.46154022216797,
      "loudness_range": 18.368839263916016,
      "low_freq": 392.3793640136719,
      "mid_mean": -29.75951385498047,
      "mid_to_side_loudness": -7.660313606262207,
      "mid_to_side_loudness_range": 11.14483642578125,
      "side_mean": -37.239479064941406
    },
    {
      "high_freq": 1457.5709228515625,
      "loudness": -34.88184356689453,
      "loudness_range": 19.624483108520508,
      "low_freq": 794.6976318359375,
      "mid_mean": -32.23221206665039,
      "mid_to_side_loudness": -6.948616981506348,
      "mid_to_side_loudness_range": 11.065285682678223,
      "side_mean": -39.12242126464844
    },
    {
      "high_freq": 2549.74365234375,
      "loudness": -38.196048736572266,
      "loudness_range": 21.322738647460938,
      "low_freq": 1457.5709228515625,
      "mid_mean": -35.4871826171875,
      "mid_to_side_loudness": -7.038407802581787,
      "mid_to_side_loudness_range": 10.425430297851562,
      "side_mean": -42.49277877807617
    },
    {
      "high_freq": 4349.24462890625,
      "loudness": -42.08867263793945,
      "loudness_range": 23.077789306640625,
      "low_freq": 2549.74365234375,
      "mid_mean": -39.31156921386719,
      "mid_to_side_loudness": -7.049159526824951,
      "mid_to_side_loudness_range": 8.635017395019531,
      "side_mean": -46.34438705444336
    },
    {
      "high_freq": 7314.1640625,
      "loudness": -50.116092681884766,
      "loudness_range": 21.30483627319336,
      "low_freq": 4349.24462890625,
      "mid_mean": -47.57322692871094,
      "mid_to_side_loudness": -5.903143405914307,
      "mid_to_side_loudness_range": 7.535183906555176,
      "side_mean": -53.61237335205078
    },
    {
      "high_freq": 12199.2666015625,
      "loudness": -54.13201904296875,
      "loudness_range": 18.461936950683594,
      "low_freq": 7314.1640625,
      "mid_mean": -51.812862396240234,
      "mid_to_side_loudness": -6.324436187744141,
      "mid_to_side_loudness_range": 8.082164764404297,
      "side_mean": -57.41895294189453
    },
    {
      "loudness": -57.64252471923828,
      "loudness_range": 16.45870590209961,
      "low_freq": 12199.2666015625,
      "mid_mean": -55.08095169067383,
      "mid_to_side_loudness": -6.8121137619018555,
      "mid_to_side_loudness_range": 8.052587509155273,
      "side_mean": -60.7535400390625
    }
  ],
  "bands_short": [
    {
      "high_freq": 148.1999969482422,
      "loudness": -40.502174377441406,
      "loudness_range": 25.429039001464844,
      "mid_mean": -37.11482238769531,
      "mid_to_side_loudness": -12.214410781860352,
      "mid_to_side_loudness_range": 20.63705825805664,
      "side_mean": -51.465087890625
    },
    {
      "high_freq": 392.3793640136719,
      "loudness": -31.034347534179688,
      "loudness_range": 17.181865692138672,
      "low_freq": 148.1999969482422,
      "mid_mean": -27.986595153808594,
      "mid_to_side_loudness": -9.39700698852539,
      "mid_to_side_loudness_range": 13.06695556640625,
      "side_mean": -37.741397857666016
    },
    {
      "high_freq": 794.6976318359375,
      "loudness": -32.84646224975586,
      "loudness_range": 19.25803565979004,
      "low_freq": 392.3793640136719,
      "mid_mean": -30.112089157104492,
      "mid_to_side_loudness": -7.803755760192871,
      "mid_to_side_loudness_range": 12.906641960144043,
      "side_mean": -37.93198013305664
    },
    {
      "high_freq": 1457.5709228515625,
      "loudness": -35.637020111083984,
      "loudness_range": 21.766193389892578,
      "low_freq": 794.6976318359375,
      "mid_mean": -33.13669967651367,
      "mid_to_side_loudness": -6.7556657791137695,
      "mid_to_side_loudness_range": 13.039274215698242,
      "side_mean": -39.87384033203125
    },
    {
      "high_freq": 2549.74365234375,
      "loudness": -39.56559753417969,
      "loudness_range": 24.95038604736328,
      "low_freq": 1457.5709228515625,
      "mid_mean": -37.052921295166016,
      "mid_to_side_loudness": -6.268599987030029,
      "mid_to_side_loudness_range": 11.482086181640625,
      "side_mean": -43.42596435546875
    },
    {
      "high_freq": 4349.24462890625,
      "loudness": -43.498634338378906,
      "loudness_range": 27.030994415283203,
      "low_freq": 2549.74365234375,
      "mid_mean": -40.968814849853516,
      "mid_to_side_loudness": -6.16970157623291,
      "mid_to_side_loudness_range": 10.1853666305542,
      "side_mean": -47.2183952331543
    },
    {
      "high_freq": 7314.1640625,
      "loudness": -51.554901123046875,
      "loudness_range": 26.1248779296875,
      "low_freq": 4349.24462890625,
      "mid_mean": -49.65220260620117,
      "mid_to_side_loudness": -5.4254631996154785,
      "mid_to_side_loudness_range": 8.54430103302002,
      "side_mean": -54.693634033203125
    },
    {
      "high_freq": 12199.2666015625,
      "loudness": -56.15747833251953,
      "loudness_range": 25.59510040283203,
      "low_freq": 7314.1640625,
      "mid_mean": -53.85121154785156,
      "mid_to_side_loudness": -5.974745273590088,
      "mid_to_side_loudness_range": 8.517830848693848,
      "side_mean": -58.78082275390625
    },
    {
      "loudness": -61.23210525512695,
      "loudness_range": 26.099525451660156,
      "low_freq": 12199.2666015625,
      "mid_mean": -58.071556091308594,
      "mid_to_side_loudness": -5.913575172424316,
      "mid_to_side_loudness_range": 8.262681007385254,
      "side_mean": -62.47572708129883
    }
  ],
  "bandwidth": 623.2850952148438,
  "channels": 2,
  "covariance": [
    [
      58.74803924560547,
      33.67314910888672,
      24.936521530151367,
      19.661609649658203,
      12.541830062866211,
      14.461910247802734,
      11.089577674865723,
      15.826057434082031,
      10.056595802307129,
      14.78609561920166,
      14.907303810119629,
      19.081188201904297,
      21.246862411499023,
      26.38112449645996,
      20.87030029296875,
      24.538715362548828,
      17.462282180786133,
      18.43090057373047
    ],
    [
      33.67314910888672,
      34.00289535522461,
      13.772599220275879,
      11.033205032348633,
      6.989563465118408,
      8.634222984313965,
      6.765227317810059,
      9.04297161102295,
      7.7195024490356445,
      10.455598831176758,
      9.566377639770508,
      12.398898124694824,
      13.848906517028809,
      20.83626937866211,
      17.433195114135742,
      19.169355392456055,
      14.646100997924805,
      14.893891334533691
    ],
    [
      24.936521530151367,
      13.772599220275879,
      34.361053466796875,
      28.292675018310547,
      21.206323623657227,
      19.897783279418945,
      14.965928077697754,
      17.672470092773438,
      10.281172752380371,
      11.886892318725586,
      14.185924530029297,
      14.527782440185547,
      12.917094230651855,
      13.610739707946777,
      10.773360252380371,
      11.824908256530762,
      8.212274551391602,
      8.263744354248047
    ],
    [
      19.661609649658203,
      11.033205032348633,
      28.292675018310547,
      36.595863342285156,
      25.053462982177734,
      27.223711013793945,
      20.156522750854492,
      25.11080551147461,
      15.249218940734863,
      17.362577438354492,
      17.476612091064453,
      16.90650177001953,
      12.507342338562012,
      11.067716598510742,
      10.412518501281738,
      8.241279602050781,
      5.704262733459473,
      3.5123085975646973
    ],
    [
      12.541830062866211,
      6.989563465118408,
      21.206323623657227,
      25.053462982177734,
      46.62614059448242,
      32.98062515258789,
      32.52763748168945,
      27.720930099487305,
      32.39787292480469,
      24.396753311157227,
      32.15581130981445,
      24.1801700592041,
      18.284313201904297,
      13.4466552734375,
      14.040245056152344,
      8.32767105102539,
      4.191109657287598,
      1.4489468336105347
    ],
    [
      14.461910247802734,
      8.634222984313965,
      19.897783279418945,
      27.223711013793945,
      32.98062515258789,
      37.93663787841797,
      26.515504837036133,
      30.890243530273438,
      22.382915496826172,
      22.64040756225586,
      20.671951293945312,
      18.598339080810547,
      13.182243347167969,
      12.072781562805176,
      12.671765327453613,
      8.40566635131836,
      5.743500709533691,
      2.5520665645599365
    ],
    [
      11.089577674865723,
      6.765227317810059,
      14.965928077697754,
      20.156522750854492,
      32.52763748168945,
      26.515504837036133,
      47.26274108886719,
      37.98089599609375,
      41.80080795288086,
      33.16582489013672,
      39.8358154296875,
      32.2457275390625,
      25.04334259033203,
      21.35093879699707,
      19.879161834716797,
      13.999446868896484,
      7.9983086585998535,
      4.7385945320129395
    ],
    [
      15.826057434082031,
      9.04297161102295,
      17.672470092773438,
      25.11080551147461,
      27.720930099487305,
      30.890243530273438,
      37.98089599609375,
      44.24629211425781,
      30.009510040283203,
      31.329397201538086,
      27.08588218688965,
      25.887203216552734,
      19.2872314453125,
      19.064830780029297,
      17.475500106811523,
      13.910748481750488,
      9.304790496826172,
      6.772106170654297
    ],
    [
      10.056595802307129,
      7.7195024490356445,
      10.281172752380371,
      15.249218940734863,
      32.39787292480469,
      22.382915496826172,
      41.80080795288086,
      30.009510040283203,
      54.050804138183594,
      38.56989669799805,
      51.77046585083008,
      40.57036590576172,
      35.25038146972656,
      29.620403289794922,
      27.471267700195312,
      19.595396041870117,
      9.940483093261719,
      5.696075916290283
    ],
    [
      14.78609561920166,
      10.455598831176758,
      11.886892318725586,
      17.362577438354492,
      24.396753311157227,
      22.64040756225586,
      33.16582489013672,
      31.329397201538086,
      38.56989669799805,
      36.5134391784668,
      36.3699836730957,
      33.604923248291016,
      28.564111709594727,
      28.000770568847656,
      24.360462188720703,
      20.630342483520508,
      12.082985877990723,
      10.081379890441895
    ],
    [
      14.907303810119629,
      9.566377639770508,
      14.185924530029297,
      17.476612091064453,
      32.15581130981445,
      20.671951293945312,
      39.8358154296875,
      27.08588218688965,
      51.77046585083008,
      36.3699836730957,
      61.4933967590332,
      49.24031448364258,
      44.310428619384766,
      37.38787841796875,
      32.82907485961914,
      25.73859977722168,
      13.244903564453125,
      9.355381965637207
    ],
    [
      19.081188201904297,
      12.398898124694824,
      14.527782440185547,
      16.90650177001953,
      24.1801700592041,
      18.598339080810547,
      32.2457275390625,
      25.887203216552734,
      40.57036590576172,
      33.604923248291016,
      49.24031448364258,
      46.11591720581055,
      41.16454315185547,
      39.82056427001953,
      32.19475555419922,
      29.706077575683594,
      15.876768112182617,
      14.561954498291016
    ],
    [
      21.246862411499023,
      13.848906517028809,
      12.917094230651855,
      12.507342338562012,
      18.284313201904297,
      13.182243347167969,
      25.04334259033203,
      19.2872314453125,
      35.25038146972656,
      28.564111709594727,
      44.310428619384766,
      41.16454315185547,
      49.084266662597656,
      47.367523193359375,
      39.56366729736328,
      37.38163757324219,
      24.802133560180664,
      22.54810905456543
    ],
    [
      26.38112449645996,
      20.83626937866211,
      13.610739707946777,
      11.067716598510742,
      13.4466552734375,
      12.072781562805176,
      21.35093879699707,
      19.064830780029297,
      29.620403289794922,
      28.000770568847656,
      37.38787841796875,
      39.82056427001953,
      47.367523193359375,
      57.37356185913086,
      46.174964904785156,
      47.27687454223633,
      32.75436019897461,
      31.746667861938477
    ],
    [
      20.87030029296875,
      17.433195114135742,
      10.773360252380371,
      10.412518501281738,
      14.040245056152344,
      12.671765327453613,
      19.879161834716797,
      17.475500106811523,
      27.471267700195312,
      24.360462188720703,
      32.82907485961914,
      32.19475555419922,
      39.56366729736328,
      46.174964904785156,
      45.016212463378906,
      41.34037780761719,
      32.940120697021484,
      28.44078254699707
    ],
    [
      24.538715362548828,
      19.169355392456055,
      11.824908256530762,
      8.241279602050781,
      8.32767105102539,
      8.40566635131836,
      13.999446868896484,
      13.910748481750488,
      19.595396041870117,
      20.630342483520508,
      25.73859977722168,
      29.706077575683594,
      37.38163757324219,
      47.27687454223633,
      41.34037780761719,
      44.54325485229492,
      32.65294647216797,
      33.26449203491211
    ],
    [
      17.462282180786133,
      14.646100997924805,
      8.212274551391602,
      5.704262733459473,
      4.191109657287598,
      5.743500709533691,
      7.9983086585998535,
      9.304790496826172,
      9.940483093261719,
      12.082985877990723,
      13.244903564453125,
      15.876768112182617,
      24.802133560180664,
      32.75436019897461,
      32.940120697021484,
      32.65294647216797,
      33.995018005371094,
      30.473339080810547
    ],
    [
      18.43090057373047,
      14.893891334533691,
      8.263744354248047,
      3.5123085975646973,
      1.4489468336105347,
      2.5520665645599365,
      4.7385945320129395,
      6.772106170654297,
      5.696075916290283,
      10.081379890441895,
      9.355381965637207,
      14.561954498291016,
      22.54810905456543,
      31.746667861938477,
      28.44078254699707,
      33.26449203491211,
      30.473339080810547,
      32.64423751831055
    ]
  ],
  "covariance_short": [
    [
      83.4301986694336,
      42.31475830078125,
      30.365644454956055,
      21.61179542541504,
      12.429034233093262,
      13.714859962463379,
      12.584230422973633,
      14.80607795715332,
      15.67192554473877,
      15.835349082946777,
      20.337495803833008,
      21.395471572875977,
      24.892885208129883,
      26.014522552490234,
      23.295141220092773,
      22.711973190307617,
      18.267074584960938,
      15.341192245483398
    ],
    [
      42.31475830078125,
      54.133033752441406,
      16.77178192138672,
      12.753233909606934,
      6.7545905113220215,
      7.463089942932129,
      8.765824317932129,
      10.336759567260742,
      11.490172386169434,
      12.0239896774292,
      14.41618537902832,
      15.727747917175293,
      24.158592224121094,
      25.74628257751465,
      23.842544555664062,
      22.500513076782227,
      19.42919921875,
      16.236433029174805
    ],
    [
      30.365644454956055,
      16.77178192138672,
      41.0794677734375,
      29.768436431884766,
      20.119787216186523,
      18.687414169311523,
      17.863065719604492,
      18.263362884521484,
      14.70107650756836,
      13.920536041259766,
      17.915916442871094,
      16.73369789123535,
      15.705093383789062,
      14.891449928283691,
      13.193049430847168,
      12.529470443725586,
      9.56240177154541,
      7.867618560791016
    ],
    [
      21.61179542541504,
      12.753233909606934,
      29.768436431884766,
      41.12565612792969,
      22.830787658691406,
      26.953092575073242,
      21.323423385620117,
      25.65370750427246,
      17.69965362548828,
      19.094310760498047,
      18.891708374023438,
      18.34834861755371,
      13.651897430419922,
      11.722033500671387,
      10.889226913452148,
      8.441723823547363,
      6.0720133781433105,
      3.588901996612549
    ],
    [
      12.429034233093262,
      6.7545905113220215,
      20.119787216186523,
      22.830787658691406,
      49.583824157714844,
      34.59709167480469,
      35.84333801269531,
      29.308637619018555,
      38.08942413330078,
      28.173242568969727,
      37.37654495239258,
      27.501876831054688,
      22.084074020385742,
      14.470702171325684,
      15.860490798950195,
      9.18462085723877,
      5.63709831237793,
      1.7817546129226685
    ],
    [
      13.714859962463379,
      7.463089942932129,
      18.687414169311523,
      26.953092575073242,
      34.59709167480469,
      43.10484313964844,
      29.99210548400879,
      33.628971099853516,
      27.66907501220703,
      27.23369598388672,
      24.87600326538086,
      22.56205940246582,
      16.776071548461914,
      12.613450050354004,
      12.809556007385254,
      8.31684684753418,
      5.485859394073486,
      2.010655641555786
    ],
    [
      12.584230422973633,
      8.765824317932129,
      17.863065719604492,
      21.323423385620117,
      35.84333801269531,
      29.99210548400879,
      59.6872444152832,
      46.31013488769531,
      52.238861083984375,
      40.929508209228516,
      50.126258850097656,
      40.37028503417969,
      35.65511703491211,
      27.633323669433594,
      27.41843032836914,
      19.061235427856445,
      14.689552307128906,
      7.993725776672363
    ],
    [
      14.80607795715332,
      10.336759567260742,
      18.263362884521484,
      25.65370750427246,
      29.308637619018555,
      33.628971099853516,
      46.31013488769531,
      55.997802734375,
      38.706058502197266,
      38.856536865234375,
      35.20115280151367,
      33.52952575683594,
      27.269023895263672,
      23.35631561279297,
      21.684879302978516,
      16.554821014404297,
      12.326210975646973,
      7.5104522705078125
    ],
    [
      15.67192554473877,
      11.490172386169434,
      14.70107650756836,
      17.69965362548828,
      38.08942413330078,
      27.66907501220703,
      52.238861083984375,
      38.706058502197266,
      73.0465087890625,
      52.041297912597656,
      69.43280029296875,
      54.40327835083008,
      52.72566604614258,
      41.33543395996094,
      41.62606430053711,
      29.57626724243164,
      22.639991760253906,
      12.61964225769043
    ],
    [
      15.835349082946777,
      12.0239896774292,
      13.920536041259766,
      19.094310760498047,
      28.173242568969727,
      27.23369598388672,
      40.929508209228516,
      38.856536865234375,
      52.041297912597656,
      48.9831657409668,
      49.42604064941406,
      44.8055419921875,
      41.45280838012695,
      35.82524871826172,
      33.650211334228516,
      26.433162689208984,
      19.967695236206055,
      13.220576286315918
    ],
    [
      20.337495803833008,
      14.41618537902832,
      17.915916442871094,
      18.891708374023438,
      37.37654495239258,
      24.87600326538086,
      50.126258850097656,
      35.20115280151367,
      69.43280029296875,
      49.42604064941406,
      85.94416046142578,
      66.40229034423828,
      65.06643676757812,
      53.54243469238281,
      52.82902145385742,
      39.922149658203125,
      30.27549934387207,
      18.59110450744629
    ],
    [
      21.395471572875977,
      15.727747917175293,
      16.73369789123535,
      18.34834861755371,
      27.501876831054688,
      22.56205940246582,
      40.37028503417969,
      33.52952575683594,
      54.40327835083008,
      44.8055419921875,
      66.40229034423828,
      61.740455627441406,
      57.89981460571289,
      52.367042541503906,
      47.78933334350586,
      40.091583251953125,
      29.0875244140625,
      20.557302474975586
    ],
    [
      24.892885208129883,
      24.158592224121094,
      15.705093383789062,
      13.651897430419922,
      22.084074020385742,
      16.776071548461914,
      35.65511703491211,
      27.269023895263672,
      52.72566604614258,
      41.45280838012695,
      65.06643676757812,
      57.89981460571289,
      81.50627899169922,
      71.64666748046875,
      70.64508056640625,
      58.88680648803711,
      52.34406661987305,
      37.466434478759766
    ],
    [
      26.014522552490234,
      25.74628257751465,
      14.891449928283691,
      11.722033500671387,
      14.470702171325684,
      12.613450050354004,
      27.633323669433594,
      23.35631561279297,
      41.33543395996094,
      35.82524871826172,
      53.54243469238281,
      52.367042541503906,
      71.64666748046875,
      71.61029815673828,
      65.02417755126953,
      59.778587341308594,
      49.45473098754883,
      39.10933303833008
    ],
    [
      23.295141220092773,
      23.842544555664062,
      13.193049430847168,
      10.889226913452148,
      15.860490798950195,
      12.809556007385254,
      27.41843032836914,
      21.684879302978516,
      41.62606430053711,
      33.650211334228516,
      52.82902145385742,
      47.78933334350586,
      70.64508056640625,
      65.02417755126953,
      71.0235595703125,
      59.57097244262695,
      57.365196228027344,
      41.84687042236328
    ],
    [
      22.711973190307617,
      22.500513076782227,
      12.529470443725586,
      8.441723823547363,
      9.18462085723877,
      8.31684684753418,
      19.061235427856445,
      16.554821014404297,
      29.57626724243164,
      26.433162689208984,
      39.922149658203125,
      40.091583251953125,
      58.88680648803711,
      59.778587341308594,
      59.57097244262695,
      57.0617790222168,
      50.063472747802734,
      41.53043746948242
    ],
    [
      18.267074584960938,
      19.42919921875,
      9.56240177154541,
      6.0720133781433105,
      5.63709831237793,
      5.485859394073486,
      14.689552307128906,
      12.326210975646973,
      22.639991760253906,
      19.967695236206055,
      30.27549934387207,
      29.0875244140625,
      52.34406661987305,
      49.45473098754883,
      57.365196228027344,
      50.063472747802734,
      61.314334869384766,
      46.8170051574707
    ],
    [
      15.341192245483398,
      16.236433029174805,
      7.867618560791016,
      3.588901996612549,
      1.7817546129226685,
      2.010655641555786,
      7.993725776672363,
      7.5104522705078125,
      12.61964225769043,
      13.220576286315918,
      18.59110450744629,
      20.557302474975586,
      37.466434478759766,
      39.10933303833008,
      41.84687042236328,
      41.53043746948242,
      46.8170051574707,
      41.23313522338867
    ]
  ],
  "damage": -14.96141242980957,
  "diff_bandwidth": 645.0149536132812,
  "dissonance": 6.921240581362831,
  "drr": 6.830054759979248,
  "dynamics": 4.580158233642578,
  "format": 1245190,
  "frames": 15266752,
  "loudness": -21.60633659362793,
  "loudness_range": 13.503819465637207,
  "loudness_range_short": 15.641119956970215,
  "lowpass_true_peak_15khz": -1.9255077838897705,
  "mastering3_acoustic_entropies": [
    {
      "acoustic_entropy": 8.280773162841797,
      "acoustic_entropy_mono": 8.148802757263184,
      "band_eliminated_acoustic_entropies": [
        {
          "acoustic_entropy": 8.185051918029785,
          "acoustic_entropy_side": 8.280545234680176,
          "hz": 129.47220167065723
        },
        {
          "acoustic_entropy": 7.619783401489258,
          "acoustic_entropy_side": 8.274048805236816,
          "hz": 202.92927478742237
        },
        {
          "acoustic_entropy": 7.491328716278076,
          "acoustic_entropy_side": 8.244916915893555,
          "hz": 282.89161906338205
        },
        {
          "acoustic_entropy": 8.573709487915039,
          "acoustic_entropy_side": 8.389046669006348,
          "hz": 369.9353335868758
        },
        {
          "acoustic_entropy": 8.409948348999023,
          "acoustic_entropy_side": 8.32322883605957,
          "hz": 464.6875360973435
        },
        {
          "acoustic_entropy": 8.216879844665527,
          "acoustic_entropy_side": 8.291263580322266,
          "hz": 567.8308811364784
        },
        {
          "acoustic_entropy": 8.0861234664917,
          "acoustic_entropy_side": 8.506149291992188,
          "hz": 680.1084783214808
        },
        {
          "acoustic_entropy": 8.655210494995117,
          "acoustic_entropy_side": 8.119619369506836,
          "hz": 802.3292461747484
        },
        {
          "acoustic_entropy": 7.213127613067627,
          "acoustic_entropy_side": 8.033690452575684,
          "hz": 935.3737400823702
        },
        {
          "acoustic_entropy": 7.741786956787109,
          "acoustic_entropy_side": 8.452674865722656,
          "hz": 1080.2004963696966
        },
        {
          "acoustic_entropy": 7.7214179039001465,
          "acoustic_entropy_side": 8.082893371582031,
          "hz": 1237.8529382007157
        },
        {
          "acoustic_entropy": 8.162591934204102,
          "acoustic_entropy_side": 8.465739250183105,
          "hz": 1409.4668930556702
        },
        {
          "acoustic_entropy": 8.145736694335938,
          "acoustic_entropy_side": 8.244649887084961,
          "hz": 1596.2787759475705
        },
        {
          "acoustic_entropy": 8.147858619689941,
          "acoustic_entropy_side": 8.266104698181152,
          "hz": 1799.6344973346393
        },
        {
          "acoustic_entropy": 8.412704467773438,
          "acoustic_entropy_side": 8.383511543273926,
          "hz": 2020.9991599069049
        },
        {
          "acoustic_entropy": 8.252649307250977,
          "acoustic_entropy_side": 8.313560485839844,
          "hz": 2261.9676141086993
        },
        {
          "acoustic_entropy": 8.27985954284668,
          "acoustic_entropy_side": 8.321520805358887,
          "hz": 2524.2759484456974
        },
        {
          "acoustic_entropy": 8.208291053771973,
          "acoustic_entropy_side": 8.308987617492676,
          "hz": 2809.813997359896
        },
        {
          "acoustic_entropy": 8.248351097106934,
          "acoustic_entropy_side": 8.305427551269531,
          "hz": 3120.6389567871424
        },
        {
          "acoustic_entropy": 8.279999732971191,
          "acoustic_entropy_side": 8.304065704345703,
          "hz": 3458.990205492291
        },
        {
          "acoustic_entropy": 8.263875007629395,
          "acoustic_entropy_side": 8.267160415649414,
          "hz": 3827.305438964164
        },
        {
          "acoustic_entropy": 8.348934173583984,
          "acoustic_entropy_side": 8.259354591369629,
          "hz": 4228.238232109126
        },
        {
          "acoustic_entropy": 8.441125869750977,
          "acoustic_entropy_side": 8.280750274658203,
          "hz": 4664.6771572759235
        },
        {
          "acoustic_entropy": 8.324357986450195,
          "acoustic_entropy_side": 8.285188674926758,
          "hz": 5139.766595350093
        },
        {
          "acoustic_entropy": 8.31518268585205,
          "acoustic_entropy_side": 8.28198528289795,
          "hz": 5656.929389854203
        },
        {
          "acoustic_entropy": 8.338313102722168,
          "acoustic_entropy_side": 8.28181266784668,
          "hz": 6219.891507268283
        },
        {
          "acoustic_entropy": 8.274044036865234,
          "acoustic_entropy_side": 8.280132293701172,
          "hz": 6832.70888123896
        },
        {
          "acoustic_entropy": 8.27963638305664,
          "acoustic_entropy_side": 8.280509948730469,
          "hz": 7499.796634079867
        },
        {
          "acoustic_entropy": 8.28018856048584,
          "acoustic_entropy_side": 8.280418395996094,
          "hz": 8225.96088609342
        },
        {
          "acoustic_entropy": 8.277899742126465,
          "acoustic_entropy_side": 8.28023910522461,
          "hz": 9016.43338188839
        },
        {
          "acoustic_entropy": 8.276846885681152,
          "acoustic_entropy_side": 8.280467987060547,
          "hz": 9876.909183162974
        },
        {
          "acoustic_entropy": 8.274373054504395,
          "acoustic_entropy_side": 8.28067684173584,
          "hz": 10813.587699516042
        },
        {
          "acoustic_entropy": 8.280582427978516,
          "acoustic_entropy_side": 8.280513763427734,
          "hz": 11833.21735289826
        },
        {
          "acoustic_entropy": 8.283018112182617,
          "acoustic_entropy_side": 8.28046703338623,
          "hz": 12943.144197493959
        },
        {
          "acoustic_entropy": 8.280767440795898,
          "acoustic_entropy_side": 8.28044605255127,
          "hz": 14151.364845322005
        },
        {
          "acoustic_entropy": 8.28076457977295,
          "acoustic_entropy_side": 8.280537605285645,
          "hz": 15466.58407886509
        },
        {
          "acoustic_entropy": 8.28051471710205,
          "acoustic_entropy_side": 8.280679702758789,
          "hz": 16898.27756580493
        },
        {
          "acoustic_entropy": 8.280472755432129,
          "acoustic_entropy_side": 8.28074836730957,
          "hz": 18456.760127700032
        },
        {
          "acoustic_entropy": 8.280729293823242,
          "acoustic_entropy_side": 8.280768394470215,
          "hz": 20153.260054456492
        },
        {
          "acoustic_entropy": 8.28077220916748,
          "acoustic_entropy_side": 8.280773162841797,
          "hz": 22000.00000000001
        }
      ],
      "diff_acoustic_entropy": 4.630570888519287,
      "sn": 6
    },
    {
      "acoustic_entropy": 12.376935005187988,
      "acoustic_entropy_mono": 12.169010162353516,
      "band_eliminated_acoustic_entropies": [
        {
          "acoustic_entropy": 12.375998497009277,
          "acoustic_entropy_side": 12.375967979431152,
          "hz": 129.47220167065723
        },
        {
          "acoustic_entropy": 12.062983512878418,
          "acoustic_entropy_side": 12.378238677978516,
          "hz": 202.92927478742237
        },
        {
          "acoustic_entropy": 11.886584281921387,
          "acoustic_entropy_side": 12.320138931274414,
          "hz": 282.89161906338205
        },
        {
          "acoustic_entropy": 12.735461235046387,
          "acoustic_entropy_side": 12.461941719055176,
          "hz": 369.9353335868758
        },
        {
          "acoustic_entropy": 11.989810943603516,
          "acoustic_entropy_side": 12.309017181396484,
          "hz": 464.6875360973435
        },
        {
          "acoustic_entropy": 12.940505027770996,
          "acoustic_entropy_side": 12.712323188781738,
          "hz": 567.8308811364784
        },
        {
          "acoustic_entropy": 11.728111267089844,
          "acoustic_entropy_side": 12.223261833190918,
          "hz": 680.1084783214808
        },
        {
          "acoustic_entropy": 12.878385543823242,
          "acoustic_entropy_side": 12.382640838623047,
          "hz": 802.3292461747484
        },
        {
          "acoustic_entropy": 11.882855415344238,
          "acoustic_entropy_side": 12.386780738830566,
          "hz": 935.3737400823702
        },
        {
          "acoustic_entropy": 12.129111289978027,
          "acoustic_entropy_side": 12.452676773071289,
          "hz": 1080.2004963696966
        },
        {
          "acoustic_entropy": 12.235408782958984,
          "acoustic_entropy_side": 12.087430953979492,
          "hz": 1237.8529382007157
        },
        {
          "acoustic_entropy": 11.95075511932373,
          "acoustic_entropy_side": 12.07535171508789,
          "hz": 1409.4668930556702
        },
        {
          "acoustic_entropy": 11.877527236938477,
          "acoustic_entropy_side": 12.059094429016113,
          "hz": 1596.2787759475705
        },
        {
          "acoustic_entropy": 12.68928050994873,
          "acoustic_entropy_side": 12.47519588470459,
          "hz": 1799.6344973346393
        },
        {
          "acoustic_entropy": 12.23132038116455,
          "acoustic_entropy_side": 12.27804946899414,
          "hz": 2020.9991599069049
        },
        {
          "acoustic_entropy": 12.5543851852417,
          "acoustic_entropy_side": 12.489103317260742,
          "hz": 2261.9676141086993
        },
        {
          "acoustic_entropy": 12.364514350891113,
          "acoustic_entropy_side": 12.40024185180664,
          "hz": 2524.2759484456974
        },
        {
          "acoustic_entropy": 12.587924003601074,
          "acoustic_entropy_side": 12.442402839660645,
          "hz": 2809.813997359896
        },
        {
          "acoustic_entropy": 12.216997146606445,
          "acoustic_entropy_side": 12.397828102111816,
          "hz": 3120.6389567871424
        },
        {
          "acoustic_entropy": 12.3517484664917,
          "acoustic_entropy_side": 12.358640670776367,
          "hz": 3458.990205492291
        },
        {
          "acoustic_entropy": 12.438261985778809,
          "acoustic_entropy_side": 12.445405006408691,
          "hz": 3827.305438964164
        },
        {
          "acoustic_entropy": 12.482977867126465,
          "acoustic_entropy_side": 12.470834732055664,
          "hz": 4228.238232109126
        },
        {
          "acoustic_entropy": 12.501873970031738,
          "acoustic_entropy_side": 12.393509864807129,
          "hz": 4664.6771572759235
        },
        {
          "acoustic_entropy": 12.3371000289917,
          "acoustic_entropy_side": 12.381821632385254,
          "hz": 5139.766595350093
        },
        {
          "acoustic_entropy": 12.401123046875,
          "acoustic_entropy_side": 12.371403694152832,
          "hz": 5656.929389854203
        },
        {
          "acoustic_entropy": 12.411173820495605,
          "acoustic_entropy_side": 12.380419731140137,
          "hz": 6219.891507268283
        },
        {
          "acoustic_entropy": 12.373559951782227,
          "acoustic_entropy_side": 12.376075744628906,
          "hz": 6832.70888123896
        },
        {
          "acoustic_entropy": 12.387604713439941,
          "acoustic_entropy_side": 12.376728057861328,
          "hz": 7499.796634079867
        },
        {
          "acoustic_entropy": 12.370116233825684,
          "acoustic_entropy_side": 12.376615524291992,
          "hz": 8225.96088609342
        },
        {
          "acoustic_entropy": 12.378631591796875,
          "acoustic_entropy_side": 12.374163627624512,
          "hz": 9016.43338188839
        },
        {
          "acoustic_entropy": 12.379753112792969,
          "acoustic_entropy_side": 12.374011993408203,
          "hz": 9876.909183162974
        },
        {
          "acoustic_entropy": 12.424185752868652,
          "acoustic_entropy_side": 12.38021183013916,
          "hz": 10813.587699516042
        },
        {
          "acoustic_entropy": 12.408801078796387,
          "acoustic_entropy_side": 12.380125045776367,
          "hz": 11833.21735289826
        },
        {
          "acoustic_entropy": 12.38198184967041,
          "acoustic_entropy_side": 12.378745079040527,
          "hz": 12943.144197493959
        },
        {
          "acoustic_entropy": 12.35157299041748,
          "acoustic_entropy_side": 12.379528999328613,
          "hz": 14151.364845322005
        },
        {
          "acoustic_entropy": 12.361639022827148,
          "acoustic_entropy_side": 12.37756633758545,
          "hz": 15466.58407886509
        },
        {
          "acoustic_entropy": 12.37768840789795,
          "acoustic_entropy_side": 12.376179695129395,
          "hz": 16898.27756580493
        },
        {
          "acoustic_entropy": 12.380504608154297,
          "acoustic_entropy_side": 12.376938819885254,
          "hz": 18456.760127700032
        },
        {
          "acoustic_entropy": 12.37690544128418,
          "acoustic_entropy_side": 12.376947402954102,
          "hz": 20153.260054456492
        },
        {
          "acoustic_entropy": 12.376936912536621,
          "acoustic_entropy_side": 12.376935005187988,
          "hz": 22000.00000000001
        }
      ],
      "diff_acoustic_entropy": 7.201223373413086,
      "sn": 12
    },
    {
      "acoustic_entropy": 18.314590454101562,
      "acoustic_entropy_mono": 16.687040328979492,
      "band_eliminated_acoustic_entropies": [
        {
          "acoustic_entropy": 18.956626892089844,
          "acoustic_entropy_side": 18.294740676879883,
          "hz": 129.47220167065723
        },
        {
          "acoustic_entropy": 19.044160842895508,
          "acoustic_entropy_side": 17.817852020263672,
          "hz": 202.92927478742237
        },
        {
          "acoustic_entropy": 18.62676239013672,
          "acoustic_entropy_side": 18.812000274658203,
          "hz": 282.89161906338205
        },
        {
          "acoustic_entropy": 18.74099349975586,
          "acoustic_entropy_side": 18.651641845703125,
          "hz": 369.9353335868758
        },
        {
          "acoustic_entropy": 18.275747299194336,
          "acoustic_entropy_side": 18.397390365600586,
          "hz": 464.6875360973435
        },
        {
          "acoustic_entropy": 18.430971145629883,
          "acoustic_entropy_side": 17.964189529418945,
          "hz": 567.8308811364784
        },
        {
          "acoustic_entropy": 17.826496124267578,
          "acoustic_entropy_side": 18.777585983276367,
          "hz": 680.1084783214808
        },
        {
          "acoustic_entropy": 18.963762283325195,
          "acoustic_entropy_side": 18.389732360839844,
          "hz": 802.3292461747484
        },
        {
          "acoustic_entropy": 18.386920928955078,
          "acoustic_entropy_side": 19.32215690612793,
          "hz": 935.3737400823702
        },
        {
          "acoustic_entropy": 18.23859977722168,
          "acoustic_entropy_side": 18.866878509521484,
          "hz": 1080.2004963696966
        },
        {
          "acoustic_entropy": 18.656858444213867,
          "acoustic_entropy_side": 19.433921813964844,
          "hz": 1237.8529382007157
        },
        {
          "acoustic_entropy": 19.055089950561523,
          "acoustic_entropy_side": 18.98055076599121,
          "hz": 1409.4668930556702
        },
        {
          "acoustic_entropy": 18.833715438842773,
          "acoustic_entropy_side": 18.590721130371094,
          "hz": 1596.2787759475705
        },
        {
          "acoustic_entropy": 18.115951538085938,
          "acoustic_entropy_side": 18.287973403930664,
          "hz": 1799.6344973346393
        },
        {
          "acoustic_entropy": 18.225358963012695,
          "acoustic_entropy_side": 18.356517791748047,
          "hz": 2020.9991599069049
        },
        {
          "acoustic_entropy": 18.255170822143555,
          "acoustic_entropy_side": 18.777555465698242,
          "hz": 2261.9676141086993
        },
        {
          "acoustic_entropy": 18.708694458007812,
          "acoustic_entropy_side": 18.604572296142578,
          "hz": 2524.2759484456974
        },
        {
          "acoustic_entropy": 18.645536422729492,
          "acoustic_entropy_side": 18.321678161621094,
          "hz": 2809.813997359896
        },
        {
          "acoustic_entropy": 18.18378257751465,
