{
  "acoustic_entropy": 101.71641540527344,
  "bands": [
    {
      "high_freq": 148.1999969482422,
      "loudness": -58.975276947021484,
      "loudness_range": 24.43734359741211,
      "mid_mean": -55.512054443359375,
      "mid_to_side_loudness": -9.924193382263184,
      "mid_to_side_loudness_range": 11.199810028076172,
      "side_mean": -63.707435607910156
    },
    {
      "high_freq": 392.3793640136719,
      "loudness": -39.391719818115234,
      "loudness_range": 18.587566375732422,
      "low_freq": 148.1999969482422,
      "mid_mean": -36.46917724609375,
      "mid_to_side_loudness": -8.81070327758789,
      "mid_to_side_loudness_range": 11.87531566619873,
      "side_mean": -46.613773345947266
    },
    {
      "high_freq": 794.6976318359375,
      "loudness": -37.110809326171875,
      "loudness_range": 23.366788864135742,
      "low_freq": 392.3793640136719,
      "mid_mean": -34.55062484741211,
      "mid_to_side_loudness": -7.6658830642700195,
      "mid_to_side_loudness_range": 11.083271026611328,
      "side_mean": -42.448402404785156
    },
    {
      "high_freq": 1457.5709228515625,
      "loudness": -47.57012176513672,
      "loudness_range": 24.084922790527344,
      "low_freq": 794.6976318359375,
      "mid_mean": -48.338748931884766,
      "mid_to_side_loudness": -2.2726149559020996,
      "mid_to_side_loudness_range": 10.31433391571045,
      "side_mean": -51.56387710571289
    },
    {
      "high_freq": 2549.74365234375,
      "loudness": -51.50746154785156,
      "loudness_range": 25.26342010498047,
      "low_freq": 1457.5709228515625,
      "mid_mean": -54.47719192504883,
      "mid_to_side_loudness": -0.674769937992096,
      "mid_to_side_loudness_range": 9.033316612243652,
      "side_mean": -55.126014709472656
    },
    {
      "high_freq": 4349.24462890625,
      "loudness": -62.584205627441406,
      "loudness_range": 25.716453552246094,
      "low_freq": 2549.74365234375,
      "mid_mean": -63.15776062011719,
      "mid_to_side_loudness": -0.3175662159919739,
      "mid_to_side_loudness_range": 8.100677490234375,
      "side_mean": -63.3275260925293
    },
    {
      "high_freq": 7314.1640625,
      "loudness": -79.97003936767578,
      "loudness_range": 16.482818603515625,
      "low_freq": 4349.24462890625,
      "mid_mean": -69.35723876953125,
      "mid_to_side_loudness": -0.17427004873752594,
      "mid_to_side_loudness_range": 3.880743980407715,
      "side_mean": -69.32536315917969
    },
    {
      "high_freq": 12199.2666015625,
      "loudness": 0,
      "loudness_range": 0,
      "low_freq": 7314.1640625,
      "mid_mean": -69.85228729248047,
      "mid_to_side_loudness": -0.39380016922950745,
      "mid_to_side_loudness_range": 0.5543042421340942,
      "side_mean": -69.86577606201172
    },
    {
      "loudness": 0,
      "loudness_range": 0,
      "low_freq": 12199.2666015625,
      "mid_mean": -69.82744598388672,
      "mid_to_side_loudness": -0.49271467328071594,
      "mid_to_side_loudness_range": 0.6818976402282715,
      "side_mean": -69.84579467773438
    }
  ],
  "bands_short": [
    {
      "high_freq": 148.1999969482422,
      "loudness": -62.246639251708984,
      "loudness_range": 22.629661560058594,
      "mid_mean": -58.44249725341797,
      "mid_to_side_loudness": -10.044206619262695,
      "mid_to_side_loudness_range": 14.443636894226074,
      "side_mean": -65.96939086914062
    },
    {
      "high_freq": 392.3793640136719,
      "loudness": -41.50288772583008,
      "loudness_range": 19.923412322998047,
      "low_freq": 148.1999969482422,
      "mid_mean": -38.85791778564453,
      "mid_to_side_loudness": -8.443419456481934,
      "mid_to_side_loudness_range": 12.85775089263916,
      "side_mean": -48.96533203125
    },
    {
      "high_freq": 794.6976318359375,
      "loudness": -37.106510162353516,
      "loudness_range": 24.404794692993164,
      "low_freq": 392.3793640136719,
      "mid_mean": -34.613121032714844,
      "mid_to_side_loudness": -8.322100639343262,
      "mid_to_side_loudness_range": 13.039947509765625,
      "side_mean": -43.039913177490234
    },
    {
      "high_freq": 1457.5709228515625,
      "loudness": -48.449092864990234,
      "loudness_range": 26.328224182128906,
      "low_freq": 794.6976318359375,
      "mid_mean": -50.561004638671875,
      "mid_to_side_loudness": -2.1612515449523926,
      "mid_to_side_loudness_range": 11.272627830505371,
      "side_mean": -52.27324295043945
    },
    {
      "high_freq": 2549.74365234375,
      "loudness": -52.74025344848633,
      "loudness_range": 26.769752502441406,
      "low_freq": 1457.5709228515625,
      "mid_mean": -55.610599517822266,
      "mid_to_side_loudness": -0.3662082552909851,
      "mid_to_side_loudness_range": 10.235634803771973,
      "side_mean": -55.98936080932617
    },
    {
      "high_freq": 4349.24462890625,
      "loudness": -63.15996170043945,
      "loudness_range": 26.7352294921875,
      "low_freq": 2549.74365234375,
      "mid_mean": -63.848262786865234,
      "mid_to_side_loudness": -0.06298747658729553,
      "mid_to_side_loudness_range": 9.137792587280273,
      "side_mean": -63.8057975769043
    },
    {
      "high_freq": 7314.1640625,
      "loudness": -80.26851654052734,
      "loudness_range": 15.762367248535156,
      "low_freq": 4349.24462890625,
      "mid_mean": -69.43384552001953,
      "mid_to_side_loudness": -0.23905490338802338,
      "mid_to_side_loudness_range": 4.112072944641113,
      "side_mean": -69.42841339111328
    },
    {
      "high_freq": 12199.2666015625,
      "loudness": 0,
      "loudness_range": 0,
      "low_freq": 7314.1640625,
      "mid_mean": -69.8530044555664,
      "mid_to_side_loudness": -0.3802710175514221,
      "mid_to_side_loudness_range": 1.6815659999847412,
      "side_mean": -69.86607360839844
    },
    {
      "loudness": 0,
      "loudness_range": 0,
      "low_freq": 12199.2666015625,
      "mid_mean": -69.82640075683594,
      "mid_to_side_loudness": -0.4984383285045624,
      "mid_to_side_loudness_range": 1.9237756729125977,
      "side_mean": -69.84492492675781
    }
  ],
  "bandwidth": 594.2750244140625,
  "channels": 2,
  "covariance": [
    [
      56.75487518310547,
      31.379409790039062,
      31.224760055541992,
      32.17975997924805,
      46.264286041259766,
      43.54091262817383,
      55.644081115722656,
      62.751346588134766,
      66.50348663330078,
      61.903892517089844,
      39.60050582885742,
      38.72984313964844,
      4.63598108291626,
      5.082115173339844,
      0.19873811304569244,
      0.15949007868766785,
      0.07170794904232025,
      0.06453242897987366
    ],
    [
      31.379409790039062,
      23.92972755432129,
      16.754920959472656,
      17.97986602783203,
      24.46023178100586,
      24.32051658630371,
      30.616910934448242,
      31.505123138427734,
      35.23152160644531,
      34.739627838134766,
      22.712697982788086,
      22.799299240112305,
      3.1053879261016846,
      3.3344953060150146,
      0.12871623039245605,
      0.10145024210214615,
      0.04206297919154167,
      0.03834757208824158
    ],
    [
      31.224760055541992,
      16.754920959472656,
      56.117305755615234,
      40.528778076171875,
      35.49128723144531,
      32.201881408691406,
      55.564937591552734,
      52.94245910644531,
      53.903934478759766,
      52.506900787353516,
      29.533292770385742,
      29.283832550048828,
      2.6705162525177,
      2.8208487033843994,
      0.1071295514702797,
      0.07321321219205856,
      0.019070740789175034,
      0.022102821618318558
    ],
    [
      32.17975997924805,
      17.97986602783203,
      40.528778076171875,
      49.98710632324219,
      34.294734954833984,
      32.293460845947266,
      51.771671295166016,
      52.20487594604492,
      53.13444519042969,
      51.47224807739258,
      28.48408317565918,
      28.092851638793945,
      2.699726104736328,
      2.887315273284912,
      0.0976267009973526,
      0.0696076974272728,
      0.021435381844639778,
      0.019787050783634186
    ],
    [
      46.264286041259766,
      24.46023178100586,
      35.49128723144531,
      34.294734954833984,
      75.56254577636719,
      67.34883117675781,
      73.1962890625,
      70.57133483886719,
      77.96255493164062,
      70.01821899414062,
      49.93195343017578,
      47.85233688354492,
      5.465883731842041,
      6.239895820617676,
      0.15864284336566925,
      0.1362157166004181,
      0.042486514896154404,
      0.04208478331565857
    ],
    [
      43.54091262817383,
      24.32051658630371,
      32.201881408691406,
      32.293460845947266,
      67.34883117675781,
      72.54942321777344,
      73.56915283203125,
      68.30874633789062,
      74.67217254638672,
      68.48860168457031,
      49.361488342285156,
      48.4657096862793,
      5.984799861907959,
      6.543489456176758,
      0.18296870589256287,
      0.1461729109287262,
      0.04204961284995079,
      0.043319202959537506
    ],
    [
      55.644081115722656,
      30.616910934448242,
      55.564937591552734,
      51.771671295166016,
      73.1962890625,
      73.56915283203125,
      108.66438293457031,
      98.06523895263672,
      103.63229370117188,
      97.65049743652344,
      64.8760986328125,
      62.68524169921875,
      6.759373188018799,
      7.144222259521484,
      0.2150668501853943,
      0.1724637746810913,
      0.04761389642953873,
      0.045363567769527435
    ],
    [
      62.751346588134766,
      31.505123138427734,
      52.94245910644531,
      52.20487594604492,
      70.57133483886719,
      68.30874633789062,
      98.06523895263672,
      114.92049407958984,
      111.03655242919922,
      101.65369415283203,
      64.69042205810547,
      62.67971420288086,
      6.447967529296875,
      7.057759761810303,
      0.21812796592712402,
      0.17915959656238556,
      0.08823660761117935,
      0.08113907277584076
    ],
    [
      66.50348663330078,
      35.23152160644531,
      53.903934478759766,
      53.13444519042969,
      77.96255493164062,
      74.67217254638672,
      103.63229370117188,
      111.03655242919922,
      122.36035919189453,
      112.63265228271484,
      72.85494995117188,
      71.13285064697266,
      7.539974689483643,
      8.405383110046387,
      0.24143515527248383,
      0.20232392847537994,
      0.09110813587903976,
      0.08374953269958496
    ],
    [
      61.903892517089844,
      34.739627838134766,
      52.506900787353516,
      51.47224807739258,
      70.01821899414062,
      68.48860168457031,
      97.65049743652344,
      101.65369415283203,
      112.63265228271484,
      110.97950744628906,
      67.2761001586914,
      66.79228210449219,
      6.891971588134766,
      7.5138983726501465,
      0.24816063046455383,
      0.19050811231136322,
      0.08294641226530075,
      0.07710131257772446
    ],
    [
      39.60050582885742,
      22.712697982788086,
      29.533292770385742,
      28.48408317565918,
      49.93195343017578,
      49.361488342285156,
      64.8760986328125,
      64.69042205810547,
      72.85494995117188,
      67.2761001586914,
      52.333621978759766,
      49.810123443603516,
      6.0583343505859375,
      6.7079267501831055,
      0.18304431438446045,
      0.14962461590766907,
      0.06171178072690964,
      0.05911637097597122
    ],
    [
      38.72984313964844,
      22.799299240112305,
      29.283832550048828,
      28.092851638793945,
      47.85233688354492,
      48.4657096862793,
      62.68524169921875,
      62.67971420288086,
      71.13285064697266,
      66.79228210449219,
      49.810123443603516,
      51.69882583618164,
      5.935225009918213,
      6.947136402130127,
      0.18960967659950256,
      0.14592307806015015,
      0.0626150593161583,
      0.06074542924761772
    ],
    [
      4.63598108291626,
      3.1053879261016846,
      2.6705162525177,
      2.699726104736328,
      5.465883731842041,
      5.984799861907959,
      6.759373188018799,
      6.447967529296875,
      7.539974689483643,
      6.891971588134766,
      6.0583343505859375,
      5.935225009918213,
      1.5953052043914795,
      1.710471749305725,
      0.053449422121047974,
      0.049238402396440506,
      0.011025240644812584,
      0.010909893549978733
    ],
    [
      5.082115173339844,
      3.3344953060150146,
      2.8208487033843994,
      2.887315273284912,
      6.239895820617676,
      6.543489456176758,
      7.144222259521484,
      7.057759761810303,
      8.405383110046387,
      7.5138983726501465,
      6.7079267501831055,
      6.947136402130127,
      1.710471749305725,
      2.0561788082122803,
      0.05231171473860741,
      0.04800807312130928,
      0.012917354702949524,
      0.012835620902478695
    ],
    [
      0.19873811304569244,
      0.12871623039245605,
      0.1071295514702797,
      0.0976267009973526,
      0.15864284336566925,
      0.18296870589256287,
      0.2150668501853943,
      0.21812796592712402,
      0.24143515527248383,
      0.24816063046455383,
      0.18304431438446045,
      0.18960967659950256,
      0.053449422121047974,
      0.05231171473860741,
      0.00427198875695467,
      0.00233055860735476,
      0.0005344226374290884,
      0.0005078552640043199
    ],
    [
      0.15949007868766785,
      0.10145024210214615,
      0.07321321219205856,
      0.0696076974272728,
      0.1362157166004181,
      0.1461729109287262,
      0.1724637746810913,
      0.17915959656238556,
      0.20232392847537994,
      0.19050811231136322,
      0.14962461590766907,
      0.14592307806015015,
      0.049238402396440506,
      0.04800807312130928,
      0.00233055860735476,
      0.002576499944552779,
      0.00045059039257466793,
      0.00041892295121215284
    ],
    [
      0.07170794904232025,
      0.04206297919154167,
      0.019070740789175034,
      0.021435381844639778,
      0.042486514896154404,
      0.04204961284995079,
      0.04761389642953873,
      0.08823660761117935,
      0.09110813587903976,
      0.08294641226530075,
      0.06171178072690964,
      0.0626150593161583,
      0.011025240644812584,
      0.012917354702949524,
      0.0005344226374290884,
      0.00045059039257466793,
      0.00041834820876829326,
      0.00033305041142739356
    ],
    [
      0.06453242897987366,
      0.03834757208824158,
      0.022102821618318558,
      0.019787050783634186,
      0.04208478331565857,
      0.043319202959537506,
      0.045363567769527435,
      0.08113907277584076,
      0.08374953269958496,
      0.07710131257772446,
      0.05911637097597122,
      0.06074542924761772,
      0.010909893549978733,
      0.012835620902478695,
      0.0005078552640043199,
      0.00041892295121215284,
      0.00033305041142739356,
      0.00033575031557120383
    ]
  ],
  "covariance_short": [
    [
      46.74192428588867,
      18.106712341308594,
      27.62189292907715,
      30.648035049438477,
      39.254150390625,
      35.61617660522461,
      55.63933181762695,
      51.120540618896484,
      51.970401763916016,
      47.88261032104492,
      30.9044132232666,
      30.070920944213867,
      3.6193771362304688,
      3.8763561248779297,
      0.1772296279668808,
      0.1489984393119812,
      0.06662030518054962,
      0.0622117780148983
    ],
    [
      18.106712341308594,
      10.98766040802002,
      10.314026832580566,
      12.479310035705566,
      13.780345916748047,
      11.978409767150879,
      19.757570266723633,
      17.7624568939209,
      18.18988609313965,
      16.853178024291992,
      11.34619140625,
      10.842306137084961,
      1.5187442302703857,
      1.5860140323638916,
      0.08172045648097992,
      0.0700630471110344,
      0.02736641839146614,
      0.0252241138368845
    ],
    [
      27.62189292907715,
      10.314026832580566,
      63.186092376708984,
      45.40174865722656,
      44.52141571044922,
      37.22543716430664,
      59.48147201538086,
      59.10368347167969,
      55.27882385253906,
      52.265411376953125,
      28.004558563232422,
      27.363008499145508,
      2.6369330883026123,
      2.7054545879364014,
      0.12210153043270111,
      0.09249930828809738,
      0.02000107802450657,
      0.025345688685774803
    ],
    [
      30.648035049438477,
      12.479310035705566,
      45.40174865722656,
      63.646244049072266,
      43.015567779541016,
      39.88409423828125,
      65.9348373413086,
      62.555240631103516,
      58.48332977294922,
      55.474857330322266,
      28.98381805419922,
      28.550247192382812,
      2.637078046798706,
      2.738898992538452,
      0.1126215010881424,
      0.08329333364963531,
      0.027103235945105553,
      0.025886302813887596
    ],
    [
      39.254150390625,
      13.780345916748047,
      44.52141571044922,
      43.015567779541016,
      84.24227142333984,
      69.70152282714844,
      80.12252044677734,
      76.76087188720703,
      80.77715301513672,
      74.8049545288086,
      49.61721420288086,
      49.26263427734375,
      4.876532077789307,
      5.374045372009277,
      0.1795959621667862,
      0.14818580448627472,
      0.05179924890398979,
      0.05110287293791771
    ],
    [
      35.61617660522461,
      11.978409767150879,
      37.22543716430664,
      39.88409423828125,
      69.70152282714844,
      76.26251983642578,
      76.7874984741211,
      70.75062561035156,
      73.87667083740234,
      68.8913345336914,
      46.607330322265625,
      46.57745361328125,
      5.284728527069092,
      5.613799095153809,
      0.20778106153011322,
      0.1622423231601715,
      0.05344688892364502,
      0.05332387983798981
    ],
    [
      55.63933181762695,
      19.757570266723633,
      59.48147201538086,
      65.9348373413086,
      80.12252044677734,
      76.7874984741211,
      131.0564727783203,
      118.49905395507812,
      116.07426452636719,
      110.39454650878906,
      67.22418212890625,
      66.76348876953125,
      6.854492664337158,
      7.018210411071777,
      0.2876429259777069,
      0.24239611625671387,
      0.1048273891210556,
      0.0982067734003067
    ],
    [
      51.120540618896484,
      17.7624568939209,
      59.10368347167969,
      62.555240631103516,
      76.76087188720703,
      70.75062561035156,
      118.49905395507812,
      119.21649169921875,
      110.2480239868164,
      101.62903594970703,
      62.5689697265625,
      61.340702056884766,
      6.380009174346924,
      6.703752517700195,
      0.24811752140522003,
      0.21505597233772278,
      0.09757932275533676,
      0.09234219044446945
    ],
    [
      51.970401763916016,
      18.18988609313965,
      55.27882385253906,
      58.48332977294922,
      80.77715301513672,
      73.87667083740234,
      116.07426452636719,
      110.2480239868164,
      118.3957748413086,
      108.80386352539062,
      67.95254516601562,
      67.53286743164062,
      7.002220153808594,
      7.60350227355957,
      0.2731253504753113,
      0.23062007129192352,
      0.09805817157030106,
      0.09456063061952591
    ],
    [
      47.88261032104492,
      16.853178024291992,
      52.265411376953125,
      55.474857330322266,
      74.8049545288086,
      68.8913345336914,
      110.39454650878906,
      101.62903594970703,
      108.80386352539062,
      109.59119415283203,
      63.4813232421875,
      64.36016082763672,
      6.367175579071045,
      6.743277072906494,
      0.268404483795166,
      0.20792320370674133,
      0.08758315443992615,
      0.08541496098041534
    ],
    [
      30.9044132232666,
      11.34619140625,
      28.004558563232422,
      28.98381805419922,
      49.61721420288086,
      46.607330322265625,
      67.22418212890625,
      62.5689697265625,
      67.95254516601562,
      63.4813232421875,
      49.2099723815918,
      47.04037857055664,
      5.489340782165527,
      5.895400047302246,
      0.20814090967178345,
      0.17260093986988068,
      0.0696505680680275,
      0.06963995099067688
    ],
    [
      30.070920944213867,
      10.842306137084961,
      27.363008499145508,
      28.550247192382812,
      49.26263427734375,
      46.57745361328125,
      66.76348876953125,
      61.340702056884766,
      67.53286743164062,
      64.36016082763672,
      47.04037857055664,
      49.82107162475586,
      5.376893043518066,
      6.1062397956848145,
      0.2173682302236557,
      0.17053650319576263,
      0.07012881338596344,
      0.07009994238615036
    ],
    [
      3.6193771362304688,
      1.5187442302703857,
      2.6369330883026123,
      2.637078046798706,
      4.876532077789307,
      5.284728527069092,
      6.854492664337158,
      6.380009174346924,
      7.002220153808594,
      6.367175579071045,
      5.489340782165527,
      5.376893043518066,
      1.5880578756332397,
      1.616452693939209,
      0.07354068756103516,
      0.06514395773410797,
      0.014183256775140762,
      0.01418111938983202
    ],
    [
      3.8763561248779297,
      1.5860140323638916,
      2.7054545879364014,
      2.738898992538452,
      5.374045372009277,
      5.613799095153809,
      7.018210411071777,
      6.703752517700195,
      7.60350227355957,
      6.743277072906494,
      5.895400047302246,
      6.1062397956848145,
      1.616452693939209,
      1.9427322149276733,
      0.07232225686311722,
      0.06455202400684357,
      0.016437659040093422,
      0.016744792461395264
    ],
    [
      0.1772296279668808,
      0.08172045648097992,
      0.12210153043270111,
      0.1126215010881424,
      0.1795959621667862,
      0.20778106153011322,
      0.2876429259777069,
      0.24811752140522003,
      0.2731253504753113,
      0.268404483795166,
      0.20814090967178345,
      0.2173682302236557,
      0.07354068756103516,
      0.07232225686311722,
      0.009993307292461395,
      0.005043554585427046,
      0.0008441863465122879,
      0.0007990312878973782
    ],
    [
      0.1489984393119812,
      0.0700630471110344,
      0.09249930828809738,
      0.08329333364963531,
      0.14818580448627472,
      0.1622423231601715,
      0.24239611625671387,
      0.21505597233772278,
      0.23062007129192352,
      0.20792320370674133,
      0.17260093986988068,
      0.17053650319576263,
      0.06514395773410797,
      0.06455202400684357,
      0.005043554585427046,
      0.0058535197749733925,
      0.0007194271893240511,
      0.0006882191519252956
    ],
    [
      0.06662030518054962,
      0.02736641839146614,
      0.02000107802450657,
      0.027103235945105553,
      0.05179924890398979,
      0.05344688892364502,
      0.1048273891210556,
      0.09757932275533676,
      0.09805817157030106,
      0.08758315443992615,
      0.0696505680680275,
      0.07012881338596344,
      0.014183256775140762,
      0.016437659040093422,
      0.0008441863465122879,
      0.0007194271893240511,
      0.0009028644417412579,
      0.00042827599099837244
    ],
    [
      0.0622117780148983,
      0.0252241138368845,
      0.025345688685774803,
      0.025886302813887596,
      0.05110287293791771,
      0.05332387983798981,
      0.0982067734003067,
      0.09234219044446945,
      0.09456063061952591,
      0.08541496098041534,
      0.06963995099067688,
      0.07009994238615036,
      0.01418111938983202,
      0.016744792461395264,
      0.0007990312878973782,
      0.0006882191519252956,
      0.00042827599099837244,
      0.0006619847263209522
    ]
  ],
  "damage": -18.598695755004883,
  "diff_bandwidth": 617.921630859375,
  "dissonance": 3.718337900628967,
  "drr": 7.015276908874512,
  "dynamics": 5.868237018585205,
  "format": 1245190,
  "frames": 3746752,
  "loudness": -29.342634201049805,
  "loudness_range": 22.830747604370117,
  "loudness_range_short": 24.813400268554688,
  "lowpass_true_peak_15khz": -7.458693027496338,
  "mastering3_acoustic_entropies": [
    {
      "acoustic_entropy": 5.430303573608398,
      "acoustic_entropy_mono": 5.623405456542969,
      "band_eliminated_acoustic_entropies": [
        {
          "acoustic_entropy": 5.430294036865234,
          "acoustic_entropy_side": 5.43030309677124,
          "hz": 129.47220167065723
        },
        {
          "acoustic_entropy": 5.431630611419678,
          "acoustic_entropy_side": 5.430522918701172,
          "hz": 202.92927478742237
        },
        {
          "acoustic_entropy": 5.37280797958374,
          "acoustic_entropy_side": 5.4297261238098145,
          "hz": 282.89161906338205
        },
        {
          "acoustic_entropy": 6.094407081604004,
          "acoustic_entropy_side": 5.442672252655029,
          "hz": 369.9353335868758
        },
        {
          "acoustic_entropy": 6.497481822967529,
          "acoustic_entropy_side": 5.520533084869385,
          "hz": 464.6875360973435
        },
        {
          "acoustic_entropy": 5.807947158813477,
          "acoustic_entropy_side": 5.465007781982422,
          "hz": 567.8308811364784
        },
        {
          "acoustic_entropy": 5.6497321128845215,
          "acoustic_entropy_side": 5.483421325683594,
          "hz": 680.1084783214808
        },
        {
          "acoustic_entropy": 5.303678512573242,
          "acoustic_entropy_side": 5.475083827972412,
          "hz": 802.3292461747484
        },
        {
          "acoustic_entropy": 5.483150482177734,
          "acoustic_entropy_side": 5.4287214279174805,
          "hz": 935.3737400823702
        },
        {
          "acoustic_entropy": 6.045215606689453,
          "acoustic_entropy_side": 5.957509994506836,
          "hz": 1080.2004963696966
        },
        {
          "acoustic_entropy": 5.620712757110596,
          "acoustic_entropy_side": 5.547534942626953,
          "hz": 1237.8529382007157
        },
        {
          "acoustic_entropy": 5.389070987701416,
          "acoustic_entropy_side": 5.339579105377197,
          "hz": 1409.4668930556702
        },
        {
          "acoustic_entropy": 5.440892696380615,
          "acoustic_entropy_side": 5.43092679977417,
          "hz": 1596.2787759475705
        },
        {
          "acoustic_entropy": 5.298272132873535,
          "acoustic_entropy_side": 5.436314105987549,
          "hz": 1799.6344973346393
        },
        {
          "acoustic_entropy": 5.205356597900391,
          "acoustic_entropy_side": 5.35451602935791,
          "hz": 2020.9991599069049
        },
        {
          "acoustic_entropy": 5.55396032333374,
          "acoustic_entropy_side": 5.4231157302856445,
          "hz": 2261.9676141086993
        },
        {
          "acoustic_entropy": 5.325645923614502,
          "acoustic_entropy_side": 5.429476737976074,
          "hz": 2524.2759484456974
        },
        {
          "acoustic_entropy": 5.433078289031982,
          "acoustic_entropy_side": 5.431244373321533,
          "hz": 2809.813997359896
        },
        {
          "acoustic_entropy": 5.430144786834717,
          "acoustic_entropy_side": 5.430552005767822,
          "hz": 3120.6389567871424
        },
        {
          "acoustic_entropy": 5.432693004608154,
          "acoustic_entropy_side": 5.42903995513916,
          "hz": 3458.990205492291
        },
        {
          "acoustic_entropy": 5.430613994598389,
          "acoustic_entropy_side": 5.430759906768799,
          "hz": 3827.305438964164
        },
        {
          "acoustic_entropy": 5.430339813232422,
          "acoustic_entropy_side": 5.430382251739502,
          "hz": 4228.238232109126
        },
        {
          "acoustic_entropy": 5.430440902709961,
          "acoustic_entropy_side": 5.430309772491455,
          "hz": 4664.6771572759235
        },
        {
          "acoustic_entropy": 5.430330276489258,
          "acoustic_entropy_side": 5.4303131103515625,
          "hz": 5139.766595350093
        },
        {
          "acoustic_entropy": 5.430320739746094,
          "acoustic_entropy_side": 5.430315971374512,
          "hz": 5656.929389854203
        },
        {
          "acoustic_entropy": 5.4303059577941895,
          "acoustic_entropy_side": 5.430305480957031,
          "hz": 6219.891507268283
        },
        {
          "acoustic_entropy": 5.430304050445557,
          "acoustic_entropy_side": 5.430304050445557,
          "hz": 6832.70888123896
        },
        {
          "acoustic_entropy": 5.430303573608398,
          "acoustic_entropy_side": 5.430303573608398,
          "hz": 7499.796634079867
        },
        {
          "acoustic_entropy": 5.430303573608398,
          "acoustic_entropy_side": 5.430303573608398,
          "hz": 8225.96088609342
        },
        {
          "acoustic_entropy": 5.430303573608398,
          "acoustic_entropy_side": 5.430303573608398,
          "hz": 9016.43338188839
        },
        {
          "acoustic_entropy": 5.430303573608398,
          "acoustic_entropy_side": 5.430303573608398,
          "hz": 9876.909183162974
        },
        {
          "acoustic_entropy": 5.430303573608398,
          "acoustic_entropy_side": 5.430303573608398,
          "hz": 10813.587699516042
        },
        {
          "acoustic_entropy": 5.430303573608398,
          "acoustic_entropy_side": 5.430303573608398,
          "hz": 11833.21735289826
        },
        {
          "acoustic_entropy": 5.430303573608398,
          "acoustic_entropy_side": 5.430303573608398,
          "hz": 12943.144197493959
        },
        {
          "acoustic_entropy": 5.430303573608398,
          "acoustic_entropy_side": 5.430303573608398,
          "hz": 14151.364845322005
        },
        {
          "acoustic_entropy": 5.430303573608398,
          "acoustic_entropy_side": 5.430303573608398,
          "hz": 15466.58407886509
        },
        {
          "acoustic_entropy": 5.430303573608398,
          "acoustic_entropy_side": 5.430303573608398,
          "hz": 16898.27756580493
        },
        {
          "acoustic_entropy": 5.430303573608398,
          "acoustic_entropy_side": 5.430303573608398,
          "hz": 18456.760127700032
        },
        {
          "acoustic_entropy": 5.430303573608398,
          "acoustic_entropy_side": 5.430303573608398,
          "hz": 20153.260054456492
        },
        {
          "acoustic_entropy": 5.430303573608398,
          "acoustic_entropy_side": 5.430303573608398,
          "hz": 22000.00000000001
        }
      ],
      "diff_acoustic_entropy": 4.126082897186279,
      "sn": 6
    },
    {
      "acoustic_entropy": 9.166241645812988,
      "acoustic_entropy_mono": 9.169755935668945,
      "band_eliminated_acoustic_entropies": [
        {
          "acoustic_entropy": 9.165721893310547,
          "acoustic_entropy_side": 9.166239738464355,
          "hz": 129.47220167065723
        },
        {
          "acoustic_entropy": 9.140765190124512,
          "acoustic_entropy_side": 9.169466972351074,
          "hz": 202.92927478742237
        },
        {
          "acoustic_entropy": 9.084714889526367,
          "acoustic_entropy_side": 9.087132453918457,
          "hz": 282.89161906338205
        },
        {
          "acoustic_entropy": 9.765910148620605,
          "acoustic_entropy_side": 9.107101440429688,
          "hz": 369.9353335868758
        },
        {
          "acoustic_entropy": 9.236186981201172,
          "acoustic_entropy_side": 9.25118350982666,
          "hz": 464.6875360973435
        },
        {
          "acoustic_entropy": 9.938575744628906,
          "acoustic_entropy_side": 9.080061912536621,
          "hz": 567.8308811364784
        },
        {
          "acoustic_entropy": 8.763891220092773,
          "acoustic_entropy_side": 9.012516975402832,
          "hz": 680.1084783214808
        },
        {
          "acoustic_entropy": 8.992990493774414,
          "acoustic_entropy_side": 9.335219383239746,
          "hz": 802.3292461747484
        },
        {
          "acoustic_entropy": 8.665080070495605,
          "acoustic_entropy_side": 9.156739234924316,
          "hz": 935.3737400823702
        },
        {
          "acoustic_entropy": 9.35477066040039,
          "acoustic_entropy_side": 9.354193687438965,
          "hz": 1080.2004963696966
        },
        {
          "acoustic_entropy": 8.743145942687988,
          "acoustic_entropy_side": 9.347795486450195,
          "hz": 1237.8529382007157
        },
        {
          "acoustic_entropy": 8.834476470947266,
          "acoustic_entropy_side": 9.314719200134277,
          "hz": 1409.4668930556702
        },
        {
          "acoustic_entropy": 8.66002082824707,
          "acoustic_entropy_side": 8.94885540008545,
          "hz": 1596.2787759475705
        },
        {
          "acoustic_entropy": 8.95218276977539,
          "acoustic_entropy_side": 9.022982597351074,
          "hz": 1799.6344973346393
        },
        {
          "acoustic_entropy": 8.732476234436035,
          "acoustic_entropy_side": 8.456238746643066,
          "hz": 2020.9991599069049
        },
        {
          "acoustic_entropy": 8.557387351989746,
          "acoustic_entropy_side": 9.09553337097168,
          "hz": 2261.9676141086993
        },
        {
          "acoustic_entropy": 9.203689575195312,
          "acoustic_entropy_side": 9.21423625946045,
          "hz": 2524.2759484456974
        },
        {
          "acoustic_entropy": 9.22802734375,
          "acoustic_entropy_side": 9.199172973632812,
          "hz": 2809.813997359896
        },
        {
          "acoustic_entropy": 9.131226539611816,
          "acoustic_entropy_side": 9.184832572937012,
          "hz": 3120.6389567871424
        },
        {
          "acoustic_entropy": 9.20448112487793,
          "acoustic_entropy_side": 9.19226360321045,
          "hz": 3458.990205492291
        },
        {
          "acoustic_entropy": 9.166190147399902,
          "acoustic_entropy_side": 9.163705825805664,
          "hz": 3827.305438964164
        },
        {
          "acoustic_entropy": 9.163813591003418,
          "acoustic_entropy_side": 9.164632797241211,
          "hz": 4228.238232109126
        },
        {
          "acoustic_entropy": 9.164545059204102,
          "acoustic_entropy_side": 9.166097640991211,
          "hz": 4664.6771572759235
        },
        {
          "acoustic_entropy": 9.165874481201172,
          "acoustic_entropy_side": 9.16609001159668,
          "hz": 5139.766595350093
        },
        {
          "acoustic_entropy": 9.165874481201172,
          "acoustic_entropy_side": 9.166006088256836,
          "hz": 5656.929389854203
        },
        {
          "acoustic_entropy": 9.166193962097168,
          "acoustic_entropy_side": 9.166208267211914,
          "hz": 6219.891507268283
        },
        {
          "acoustic_entropy": 9.166232109069824,
          "acoustic_entropy_side": 9.166236877441406,
          "hz": 6832.70888123896
        },
        {
          "acoustic_entropy": 9.166236877441406,
          "acoustic_entropy_side": 9.166241645812988,
          "hz": 7499.796634079867
        },
        {
          "acoustic_entropy": 9.166241645812988,
          "acoustic_entropy_side": 9.166241645812988,
          "hz": 8225.96088609342
        },
        {
          "acoustic_entropy": 9.166241645812988,
          "acoustic_entropy_side": 9.166241645812988,
          "hz": 9016.43338188839
        },
        {
          "acoustic_entropy": 9.166241645812988,
          "acoustic_entropy_side": 9.166241645812988,
          "hz": 9876.909183162974
        },
        {
          "acoustic_entropy": 9.166241645812988,
          "acoustic_entropy_side": 9.166241645812988,
          "hz": 10813.587699516042
        },
        {
          "acoustic_entropy": 9.166241645812988,
          "acoustic_entropy_side": 9.166241645812988,
          "hz": 11833.21735289826
        },
        {
          "acoustic_entropy": 9.166241645812988,
          "acoustic_entropy_side": 9.166241645812988,
          "hz": 12943.144197493959
        },
        {
          "acoustic_entropy": 9.166241645812988,
          "acoustic_entropy_side": 9.166241645812988,
          "hz": 14151.364845322005
        },
        {
          "acoustic_entropy": 9.166241645812988,
          "acoustic_entropy_side": 9.166241645812988,
          "hz": 15466.58407886509
        },
        {
          "acoustic_entropy": 9.166241645812988,
          "acoustic_entropy_side": 9.166241645812988,
          "hz": 16898.27756580493
        },
        {
          "acoustic_entropy": 9.166241645812988,
          "acoustic_entropy_side": 9.166241645812988,
          "hz": 18456.760127700032
        },
        {
          "acoustic_entropy": 9.166241645812988,
          "acoustic_entropy_side": 9.166241645812988,
          "hz": 20153.260054456492
        },
        {
          "acoustic_entropy": 9.166241645812988,
          "acoustic_entropy_side": 9.166241645812988,
          "hz": 22000.00000000001
        }
      ],
      "diff_acoustic_entropy": 5.811963081359863,
      "sn": 12
    },
    {
      "acoustic_entropy": 14.312183380126953,
      "acoustic_entropy_mono": 12.900352478027344,
      "band_eliminated_acoustic_entropies": [
        {
          "acoustic_entropy": 14.331802368164062,
          "acoustic_entropy_side": 14.311005592346191,
          "hz": 129.47220167065723
        },
        {
          "acoustic_entropy": 14.575465202331543,
          "acoustic_entropy_side": 14.239221572875977,
          "hz": 202.92927478742237
        },
        {
          "acoustic_entropy": 13.699311256408691,
          "acoustic_entropy_side": 13.82860279083252,
          "hz": 282.89161906338205
        },
        {
          "acoustic_entropy": 15.314971923828125,
          "acoustic_entropy_side": 14.01372241973877,
          "hz": 369.9353335868758
        },
        {
          "acoustic_entropy": 14.26492977142334,
          "acoustic_entropy_side": 15.114343643188477,
          "hz": 464.6875360973435
        },
        {
          "acoustic_entropy": 14.895583152770996,
          "acoustic_entropy_side": 14.217162132263184,
          "hz": 567.8308811364784
        },
        {
          "acoustic_entropy": 13.7893705368042,
          "acoustic_entropy_side": 13.960555076599121,
          "hz": 680.1084783214808
        },
        {
          "acoustic_entropy": 14.943655967712402,
          "acoustic_entropy_side": 15.344036102294922,
          "hz": 802.3292461747484
        },
        {
          "acoustic_entropy": 14.519266128540039,
          "acoustic_entropy_side": 14.327340126037598,
          "hz": 935.3737400823702
        },
        {
          "acoustic_entropy": 14.182371139526367,
          "acoustic_entropy_side": 14.064711570739746,
          "hz": 1080.2004963696966
        },
        {
          "acoustic_entropy": 14.8226900100708,
          "acoustic_entropy_side": 14.340333938598633,
          "hz": 1237.8529382007157
        },
        {
          "acoustic_entropy": 14.382800102233887,
          "acoustic_entropy_side": 14.155926704406738,
          "hz": 1409.4668930556702
        },
        {
          "acoustic_entropy": 14.048863410949707,
          "acoustic_entropy_side": 14.062939643859863,
          "hz": 1596.2787759475705
        },
        {
          "acoustic_entropy": 13.69216251373291,
          "acoustic_entropy_side": 13.699506759643555,
          "hz": 1799.6344973346393
        },
        {
          "acoustic_entropy": 14.23061466217041,
          "acoustic_entropy_side": 14.118223190307617,
          "hz": 2020.9991599069049
        },
        {
          "acoustic_entropy": 14.137101173400879,
          "acoustic_entropy_side": 14.174091339111328,
          "hz": 2261.9676141086993
        },
        {
          "acoustic_entropy": 14.186840057373047,
          "acoustic_entropy_side": 14.283830642700195,
          "hz": 2524.2759484456974
        },
        {
          "acoustic_entropy": 14.575469970703125,
