{
  "acoustic_entropy": 159.6571807861328,
  "bands": [
    {
      "high_freq": 148.1999969482422,
      "loudness": -49.50142288208008,
      "loudness_range": 38.72418212890625,
      "mid_mean": -53.81444549560547,
      "mid_to_side_loudness": -7.2646684646606445,
      "mid_to_side_loudness_range": 9.777087211608887,
      "side_mean": -58.59130859375
    },
    {
      "high_freq": 392.3793640136719,
      "loudness": -44.70756530761719,
      "loudness_range": 34.365570068359375,
      "low_freq": 148.1999969482422,
      "mid_mean": -43.09636688232422,
      "mid_to_side_loudness": -4.727091312408447,
      "mid_to_side_loudness_range": 9.18718433380127,
      "side_mean": -48.2463264465332
    },
    {
      "high_freq": 794.6976318359375,
      "loudness": -43.447959899902344,
      "loudness_range": 32.23115158081055,
      "low_freq": 392.3793640136719,
      "mid_mean": -42.55230712890625,
      "mid_to_side_loudness": -1.0608603954315186,
      "mid_to_side_loudness_range": 8.164402961730957,
      "side_mean": -43.68996047973633
    },
    {
      "high_freq": 1457.5709228515625,
      "loudness": -45.52498245239258,
      "loudness_range": 32.16094207763672,
      "low_freq": 794.6976318359375,
      "mid_mean": -44.82875442504883,
      "mid_to_side_loudness": -1.345142126083374,
      "mid_to_side_loudness_range": 7.9764862060546875,
      "side_mean": -46.337520599365234
    },
    {
      "high_freq": 2549.74365234375,
      "loudness": -48.802181243896484,
      "loudness_range": 36.15636444091797,
      "low_freq": 1457.5709228515625,
      "mid_mean": -50.55059814453125,
      "mid_to_side_loudness": -0.7908318638801575,
      "mid_to_side_loudness_range": 7.183503150939941,
      "side_mean": -51.268856048583984
    },
    {
      "high_freq": 4349.24462890625,
      "loudness": -51.04140853881836,
      "loudness_range": 38.54206848144531,
      "low_freq": 2549.74365234375,
      "mid_mean": -56.706058502197266,
      "mid_to_side_loudness": -1.271073579788208,
      "mid_to_side_loudness_range": 5.951414585113525,
      "side_mean": -57.54387664794922
    },
    {
      "high_freq": 7314.1640625,
      "loudness": -50.57172775268555,
      "loudness_range": 35.512481689453125,
      "low_freq": 4349.24462890625,
      "mid_mean": -61.58522033691406,
      "mid_to_side_loudness": -1.1075266599655151,
      "mid_to_side_loudness_range": 5.007400989532471,
      "side_mean": -62.132171630859375
    },
    {
      "high_freq": 12199.2666015625,
      "loudness": -53.33560562133789,
      "loudness_range": 35.623313903808594,
      "low_freq": 7314.1640625,
      "mid_mean": -64.8378677368164,
      "mid_to_side_loudness": -1.6967483758926392,
      "mid_to_side_loudness_range": 3.390613079071045,
      "side_mean": -65.34485626220703
    },
    {
      "loudness": -72.61922454833984,
      "loudness_range": 22.680599212646484,
      "low_freq": 12199.2666015625,
      "mid_mean": -66.02771759033203,
      "mid_to_side_loudness": -5.335358619689941,
      "mid_to_side_loudness_range": 6.67308235168457,
      "side_mean": -67.19703674316406
    }
  ],
  "bands_short": [
    {
      "high_freq": 148.1999969482422,
      "loudness": -54.01311492919922,
      "loudness_range": 38.89942932128906,
      "mid_mean": -56.84804916381836,
      "mid_to_side_loudness": -8.20690631866455,
      "mid_to_side_loudness_range": 14.103504180908203,
      "side_mean": -61.91903305053711
    },
    {
      "high_freq": 392.3793640136719,
      "loudness": -44.92877960205078,
      "loudness_range": 35.12063980102539,
      "low_freq": 148.1999969482422,
      "mid_mean": -43.4440803527832,
      "mid_to_side_loudness": -4.907199382781982,
      "mid_to_side_loudness_range": 11.948516845703125,
      "side_mean": -50.381160736083984
    },
    {
      "high_freq": 794.6976318359375,
      "loudness": -43.365970611572266,
      "loudness_range": 32.534339904785156,
      "low_freq": 392.3793640136719,
      "mid_mean": -42.56684494018555,
      "mid_to_side_loudness": -1.3479593992233276,
      "mid_to_side_loudness_range": 10.63308334350586,
      "side_mean": -43.83378601074219
    },
    {
      "high_freq": 1457.5709228515625,
      "loudness": -45.5362434387207,
      "loudness_range": 32.11508560180664,
      "low_freq": 794.6976318359375,
      "mid_mean": -45.00623321533203,
      "mid_to_side_loudness": -1.2119266986846924,
      "mid_to_side_loudness_range": 10.44516372680664,
      "side_mean": -46.428558349609375
    },
    {
      "high_freq": 2549.74365234375,
      "loudness": -48.95478820800781,
      "loudness_range": 36.372108459472656,
      "low_freq": 1457.5709228515625,
      "mid_mean": -50.953094482421875,
      "mid_to_side_loudness": -0.8242455124855042,
      "mid_to_side_loudness_range": 9.48462200164795,
      "side_mean": -51.68110275268555
    },
    {
      "high_freq": 4349.24462890625,
      "loudness": -50.92792510986328,
      "loudness_range": 38.447227478027344,
      "low_freq": 2549.74365234375,
      "mid_mean": -56.837852478027344,
      "mid_to_side_loudness": -1.155405044555664,
      "mid_to_side_loudness_range": 7.7910895347595215,
      "side_mean": -57.57912826538086
    },
    {
      "high_freq": 7314.1640625,
      "loudness": -50.56669998168945,
      "loudness_range": 35.6174430847168,
      "low_freq": 4349.24462890625,
      "mid_mean": -61.77323913574219,
      "mid_to_side_loudness": -1.102218508720398,
      "mid_to_side_loudness_range": 6.005117416381836,
      "side_mean": -62.297019958496094
    },
    {
      "high_freq": 12199.2666015625,
      "loudness": -53.426231384277344,
      "loudness_range": 36.029022216796875,
      "low_freq": 7314.1640625,
      "mid_mean": -65.02140808105469,
      "mid_to_side_loudness": -1.7194619178771973,
      "mid_to_side_loudness_range": 4.097996711730957,
      "side_mean": -65.50993347167969
    },
    {
      "loudness": -72.75081634521484,
      "loudness_range": 23.236583709716797,
      "low_freq": 12199.2666015625,
      "mid_mean": -66.16547393798828,
      "mid_to_side_loudness": -5.374817371368408,
      "mid_to_side_loudness_range": 7.284459590911865,
      "side_mean": -67.31780242919922
    }
  ],
  "bandwidth": 723.0691528320312,
  "channels": 2,
  "covariance": [
    [
      201.82737731933594,
      165.61048889160156,
      133.63555908203125,
      135.34030151367188,
      118.73527526855469,
      118.49330139160156,
      114.7523422241211,
      114.03935241699219,
      141.4844970703125,
      139.29788208007812,
      146.4029083251953,
      142.4414825439453,
      126.43733215332031,
      117.75035858154297,
      90.55364990234375,
      82.34270477294922,
      45.11714172363281,
      45.966243743896484
    ],
    [
      165.61048889160156,
      143.9496307373047,
      112.87310791015625,
      114.02784729003906,
      99.3132553100586,
      99.42572784423828,
      96.29199981689453,
      95.82381439208984,
      115.71907806396484,
      113.94052124023438,
      120.60615539550781,
      117.26246643066406,
      104.27503204345703,
      97.2521743774414,
      73.86093139648438,
      67.04297637939453,
      36.5234375,
      37.123695373535156
    ],
    [
      133.63555908203125,
      112.87310791015625,
      139.0843505859375,
      131.5071563720703,
      108.96773529052734,
      110.19677734375,
      104.23436737060547,
      105.80318450927734,
      121.32746124267578,
      120.59173583984375,
      129.96620178222656,
      125.6788558959961,
      110.58012390136719,
      103.41786193847656,
      78.37577056884766,
      70.54129791259766,
      39.49087905883789,
      39.673580169677734
    ],
    [
      135.34030151367188,
      114.02784729003906,
      131.5071563720703,
      144.7886962890625,
      109.49524688720703,
      111.51078796386719,
      105.31951141357422,
      106.58995056152344,
      124.1502685546875,
      123.4699935913086,
      130.90658569335938,
      126.59921264648438,
      110.93437957763672,
      103.77416229248047,
      78.14470672607422,
      70.48653411865234,
      39.30067825317383,
      39.55546951293945
    ],
    [
      118.73527526855469,
      99.3132553100586,
      108.96773529052734,
      109.49524688720703,
      118.40857696533203,
      115.83834075927734,
      103.39445495605469,
      104.91353607177734,
      119.44973754882812,
      118.14142608642578,
      122.68785858154297,
      119.2015151977539,
      103.39512634277344,
      96.48250579833984,
      72.90157318115234,
      65.60587310791016,
      36.33222198486328,
      36.641258239746094
    ],
    [
      118.49330139160156,
      99.42572784423828,
      110.19677734375,
      111.51078796386719,
      115.83834075927734,
      123.74047088623047,
      104.32988739013672,
      106.2160873413086,
      120.04107666015625,
      119.33271789550781,
      123.02645874023438,
      119.78666687011719,
      103.45259857177734,
      96.51688385009766,
      72.62865447998047,
      65.37059020996094,
      36.25080871582031,
      36.56602096557617
    ],
    [
      114.7523422241211,
      96.29199981689453,
      104.23436737060547,
      105.31951141357422,
      103.39445495605469,
      104.32988739013672,
      123.8586654663086,
      119.67523956298828,
      132.14892578125,
      129.56858825683594,
      136.52825927734375,
      132.39456176757812,
      112.60479736328125,
      105.7652587890625,
      78.92500305175781,
      71.50121307373047,
      39.69403839111328,
      40.31554412841797
    ],
    [
      114.03935241699219,
      95.82381439208984,
      105.80318450927734,
      106.58995056152344,
      104.91353607177734,
      106.2160873413086,
      119.67523956298828,
      126.06786346435547,
      133.43722534179688,
      131.4737091064453,
      139.16905212402344,
      134.8084259033203,
      113.92186737060547,
      107.23248291015625,
      79.68770599365234,
      72.24388122558594,
      39.95598220825195,
      40.63595962524414
    ],
    [
      141.4844970703125,
      115.71907806396484,
      121.32746124267578,
      124.1502685546875,
      119.44973754882812,
      120.04107666015625,
      132.14892578125,
      133.43722534179688,
      178.38905334472656,
      173.14657592773438,
      173.43495178222656,
      167.41368103027344,
      140.823486328125,
      132.09271240234375,
      98.89009857177734,
      89.93286895751953,
      49.97275161743164,
      51.082420349121094
    ],
    [
      139.29788208007812,
      113.94052124023438,
      120.59173583984375,
      123.4699935913086,
      118.14142608642578,
      119.33271789550781,
      129.56858825683594,
      131.4737091064453,
      173.14657592773438,
      172.65789794921875,
      171.42710876464844,
      165.74127197265625,
      140.0193634033203,
      131.6209259033203,
      98.79244232177734,
      89.988037109375,
      50.158878326416016,
      51.30781173706055
    ],
    [
      146.4029083251953,
      120.60615539550781,
      129.96620178222656,
      130.90658569335938,
      122.68785858154297,
      123.02645874023438,
      136.52825927734375,
      139.16905212402344,
      173.43495178222656,
      171.42710876464844,
      191.78436279296875,
      184.71731567382812,
      161.49258422851562,
      152.77908325195312,
      116.61608123779297,
      106.20012664794922,
      59.478153228759766,
      60.66334533691406
    ],
    [
      142.4414825439453,
      117.26246643066406,
      125.6788558959961,
      126.59921264648438,
      119.2015151977539,
      119.78666687011719,
      132.39456176757812,
      134.8084259033203,
      167.41368103027344,
      165.74127197265625,
      184.71731567382812,
      180.1972198486328,
      157.57835388183594,
      149.14617919921875,
      114.43061065673828,
      104.42268371582031,
      58.5350341796875,
      59.755126953125
    ],
    [
      126.43733215332031,
      104.27503204345703,
      110.58012390136719,
      110.93437957763672,
      103.39512634277344,
      103.45259857177734,
      112.60479736328125,
      113.92186737060547,
      140.823486328125,
      140.0193634033203,
      161.49258422851562,
      157.57835388183594,
      151.0108642578125,
      142.9144744873047,
      115.05329132080078,
      105.46178436279297,
      60.63753128051758,
      61.7351188659668
    ],
    [
      117.75035858154297,
      97.2521743774414,
      103.41786193847656,
      103.77416229248047,
      96.48250579833984,
      96.51688385009766,
      105.7652587890625,
      107.23248291015625,
      132.09271240234375,
      131.6209259033203,
      152.77908325195312,
      149.14617919921875,
      142.9144744873047,
      136.40403747558594,
      109.82280731201172,
      100.8493881225586,
      58.263572692871094,
      59.412193298339844
    ],
    [
      90.55364990234375,
      73.86093139648438,
      78.37577056884766,
      78.14470672607422,
      72.90157318115234,
      72.62865447998047,
      78.92500305175781,
      79.68770599365234,
      98.89009857177734,
      98.79244232177734,
      116.61608123779297,
      114.43061065673828,
      115.05329132080078,
      109.82280731201172,
      98.91036224365234,
      91.26095581054688,
      56.19835662841797,
      57.1746826171875
    ],
    [
      82.34270477294922,
      67.04297637939453,
      70.54129791259766,
      70.48653411865234,
      65.60587310791016,
      65.37059020996094,
      71.50121307373047,
      72.24388122558594,
      89.93286895751953,
      89.988037109375,
      106.20012664794922,
      104.42268371582031,
      105.46178436279297,
      100.8493881225586,
      91.26095581054688,
      84.78469848632812,
      52.40288162231445,
      53.454063415527344
    ],
    [
      45.11714172363281,
      36.5234375,
      39.49087905883789,
      39.30067825317383,
      36.33222198486328,
      36.25080871582031,
      39.69403839111328,
      39.95598220825195,
      49.97275161743164,
      50.158878326416016,
      59.478153228759766,
      58.5350341796875,
      60.63753128051758,
      58.263572692871094,
      56.19835662841797,
      52.40288162231445,
      36.42753982543945,
      36.939334869384766
    ],
    [
      45.966243743896484,
      37.123695373535156,
      39.673580169677734,
      39.55546951293945,
      36.641258239746094,
      36.56602096557617,
      40.31554412841797,
      40.63595962524414,
      51.082420349121094,
      51.30781173706055,
      60.66334533691406,
      59.755126953125,
      61.7351188659668,
      59.412193298339844,
      57.1746826171875,
      53.454063415527344,
      36.939334869384766,
      37.67338943481445
    ]
  ],
  "covariance_short": [
    [
      165.44320678710938,
      116.75509643554688,
      117.85306549072266,
      127.01342010498047,
      102.02245330810547,
      101.48194885253906,
      100.67865753173828,
      99.24853515625,
      125.47095489501953,
      123.52632904052734,
      129.8710174560547,
      126.64214324951172,
      112.37286376953125,
      104.92889404296875,
      81.69451141357422,
      74.63650512695312,
      41.14969253540039,
      42.06189727783203
    ],
    [
      116.75509643554688,
      93.5666275024414,
      87.83252716064453,
      93.72574615478516,
      76.26435852050781,
      76.04780578613281,
      74.83605194091797,
      73.97991943359375,
      91.85142517089844,
      90.34994506835938,
      95.77597045898438,
      93.49173736572266,
      83.15800476074219,
      77.80958557128906,
      60.94432830810547,
      55.788978576660156,
      30.80699348449707,
      31.472612380981445
    ],
    [
      117.85306549072266,
      87.83252716064453,
      146.3203125,
      135.9838409423828,
      110.56141662597656,
      111.4542465209961,
      106.12168884277344,
      106.75303649902344,
      123.0477294921875,
      122.3579330444336,
      131.32638549804688,
      126.9277572631836,
      111.10986328125,
      104.09465026855469,
      77.84153747558594,
      70.11409759521484,
      38.76474380493164,
      38.959999084472656
    ],
    [
      127.01342010498047,
      93.72574615478516,
      135.9838409423828,
      170.1604766845703,
      115.57796478271484,
      118.3494644165039,
      110.16566467285156,
      110.36419677734375,
      134.68008422851562,
      133.62710571289062,
      135.969970703125,
      131.51275634765625,
      113.72186279296875,
      106.04412841796875,
      78.96800994873047,
      71.28287506103516,
      38.962100982666016,
      39.4263916015625
    ],
    [
      102.02245330810547,
      76.26435852050781,
      110.56141662597656,
      115.57796478271484,
      119.751708984375,
      114.76130676269531,
      103.11439514160156,
      103.98363494873047,
      118.40742492675781,
      117.15216064453125,
      121.08970642089844,
      117.70511627197266,
      101.18880462646484,
      94.48690795898438,
      70.44895935058594,
      63.34747314453125,
      34.550323486328125,
      34.848995208740234
    ],
    [
      101.48194885253906,
      76.04780578613281,
      111.4542465209961,
      118.3494644165039,
      114.76130676269531,
      126.26126861572266,
      104.67383575439453,
      106.16587829589844,
      119.55813598632812,
      118.86805725097656,
      122.21041870117188,
      119.1401596069336,
      101.92254638671875,
      95.17315673828125,
      70.65166473388672,
      63.5413703918457,
      34.67219161987305,
      35.00138473510742
    ],
    [
      100.67865753173828,
      74.83605194091797,
      106.12168884277344,
      110.16566467285156,
      103.11439514160156,
      104.67383575439453,
      126.17768859863281,
      118.48943328857422,
      132.62203979492188,
      130.0940399169922,
      136.99270629882812,
      132.8649139404297,
      112.02600860595703,
      105.33612823486328,
      77.73501586914062,
      70.3962173461914,
      38.56787872314453,
      39.195560455322266
    ],
    [
      99.24853515625,
      73.97991943359375,
      106.75303649902344,
      110.36419677734375,
      103.98363494873047,
      106.16587829589844,
      118.48943328857422,
      126.7880859375,
      133.11476135253906,
      131.43934631347656,
      138.52162170410156,
      134.27349853515625,
      112.57132720947266,
      106.04724884033203,
      77.9130859375,
      70.62046813964844,
      38.54814147949219,
      39.229881286621094
    ],
    [
      125.47095489501953,
      91.85142517089844,
      123.0477294921875,
      134.68008422851562,
      118.40742492675781,
      119.55813598632812,
      132.62203979492188,
      133.11476135253906,
      180.5364227294922,
      173.6910400390625,
      173.3665313720703,
      167.489501953125,
      139.81817626953125,
      131.23265075683594,
      97.25346374511719,
      88.41573333740234,
      48.45893478393555,
      49.57741928100586
    ],
    [
      123.52632904052734,
      90.34994506835938,
      122.3579330444336,
      133.62710571289062,
      117.15216064453125,
      118.86805725097656,
      130.0940399169922,
      131.43934631347656,
      173.6910400390625,
      175.05523681640625,
      171.49713134765625,
      166.0338134765625,
      139.11248779296875,
      130.80198669433594,
      97.22329711914062,
      88.52421569824219,
      48.686893463134766,
      49.84285354614258
    ],
    [
      129.8710174560547,
      95.77597045898438,
      131.32638549804688,
      135.969970703125,
      121.08970642089844,
      122.21041870117188,
      136.99270629882812,
      138.52162170410156,
      173.3665313720703,
      171.49713134765625,
      192.10275268554688,
      184.44366455078125,
      159.8892822265625,
      151.42811584472656,
      114.1025161743164,
      103.83969116210938,
      57.42599105834961,
      58.600093841552734
    ],
    [
      126.64214324951172,
      93.49173736572266,
      126.9277572631836,
      131.51275634765625,
      117.70511627197266,
      119.1401596069336,
      132.8649139404297,
      134.27349853515625,
      167.489501953125,
      166.0338134765625,
      184.44366455078125,
      180.7728271484375,
      155.87802124023438,
      147.72445678710938,
      111.81246948242188,
      101.95741271972656,
      56.41618728637695,
      57.626014709472656
    ],
    [
      112.37286376953125,
      83.15800476074219,
      111.10986328125,
      113.72186279296875,
      101.18880462646484,
      101.92254638671875,
      112.02600860595703,
      112.57132720947266,
      139.81817626953125,
      139.11248779296875,
      159.8892822265625,
      155.87802124023438,
      149.65625,
      141.5029754638672,
      112.74016571044922,
      103.28264617919922,
      58.75420379638672,
      59.839332580566406
    ],
    [
      104.92889404296875,
      77.80958557128906,
      104.09465026855469,
      106.04412841796875,
      94.48690795898438,
      95.17315673828125,
      105.33612823486328,
      106.04724884033203,
      131.23265075683594,
      130.80198669433594,
      151.42811584472656,
      147.72445678710938,
      141.5029754638672,
      135.49984741210938,
      107.71501922607422,
      98.8759765625,
      56.47662353515625,
      57.6102294921875
    ],
    [
      81.69451141357422,
      60.94432830810547,
      77.84153747558594,
      78.96800994873047,
      70.44895935058594,
      70.65166473388672,
      77.73501586914062,
      77.9130859375,
      97.25346374511719,
      97.22329711914062,
      114.1025161743164,
      111.81246948242188,
      112.74016571044922,
      107.71501922607422,
      96.70146942138672,
      89.09098052978516,
      54.58808898925781,
      55.50459289550781
    ],
    [
      74.63650512695312,
      55.788978576660156,
      70.11409759521484,
      71.28287506103516,
      63.34747314453125,
      63.5413703918457,
      70.3962173461914,
      70.62046813964844,
      88.41573333740234,
      88.52421569824219,
      103.83969116210938,
      101.95741271972656,
      103.28264617919922,
      98.8759765625,
      89.09098052978516,
      82.8388442993164,
      50.89548110961914,
      51.88999938964844
    ],
    [
      41.14969253540039,
      30.80699348449707,
      38.76474380493164,
      38.962100982666016,
      34.550323486328125,
      34.67219161987305,
      38.56787872314453,
      38.54814147949219,
      48.45893478393555,
      48.686893463134766,
      57.42599105834961,
      56.41618728637695,
      58.75420379638672,
      56.47662353515625,
      54.58808898925781,
      50.89548110961914,
      35.62076950073242,
      36.02800750732422
    ],
    [
      42.06189727783203,
      31.472612380981445,
      38.959999084472656,
      39.4263916015625,
      34.848995208740234,
      35.00138473510742,
      39.195560455322266,
      39.229881286621094,
      49.57741928100586,
      49.84285354614258,
      58.600093841552734,
      57.626014709472656,
      59.839332580566406,
      57.6102294921875,
      55.50459289550781,
      51.88999938964844,
      36.02800750732422,
      36.74171829223633
    ]
  ],
  "damage": -20.7104549407959,
  "diff_bandwidth": 727.970458984375,
  "dissonance": 9.156259634567213,
  "drr": 13.446282386779785,
  "dynamics": 9.423684120178223,
  "format": 1245190,
  "frames": 29444032,
  "loudness": -32.42204284667969,
  "loudness_range": 32.669219970703125,
  "loudness_range_short": 32.776641845703125,
  "lowpass_true_peak_15khz": -2.6719353199005127,
  "mastering3_acoustic_entropies": [
    {
      "acoustic_entropy": 3.8019521236419678,
      "acoustic_entropy_mono": 3.9643068313598633,
      "band_eliminated_acoustic_entropies": [
        {
          "acoustic_entropy": 3.7709031105041504,
          "acoustic_entropy_side": 3.8014471530914307,
          "hz": 129.47220167065723
        },
        {
          "acoustic_entropy": 3.371068239212036,
          "acoustic_entropy_side": 3.7812891006469727,
          "hz": 202.92927478742237
        },
        {
          "acoustic_entropy": 3.9671764373779297,
          "acoustic_entropy_side": 3.847369909286499,
          "hz": 282.89161906338205
        },
        {
          "acoustic_entropy": 3.869676351547241,
          "acoustic_entropy_side": 3.8823533058166504,
          "hz": 369.9353335868758
        },
        {
          "acoustic_entropy": 3.8683197498321533,
          "acoustic_entropy_side": 3.8847975730895996,
          "hz": 464.6875360973435
        },
        {
          "acoustic_entropy": 3.6443254947662354,
          "acoustic_entropy_side": 3.7940661907196045,
          "hz": 567.8308811364784
        },
        {
          "acoustic_entropy": 3.8729400634765625,
          "acoustic_entropy_side": 3.8237221240997314,
          "hz": 680.1084783214808
        },
        {
          "acoustic_entropy": 3.9078831672668457,
          "acoustic_entropy_side": 3.9082982540130615,
          "hz": 802.3292461747484
        },
        {
          "acoustic_entropy": 3.777482748031616,
          "acoustic_entropy_side": 3.795602798461914,
          "hz": 935.3737400823702
        },
        {
          "acoustic_entropy": 3.881107807159424,
          "acoustic_entropy_side": 3.8770740032196045,
          "hz": 1080.2004963696966
        },
        {
          "acoustic_entropy": 3.7325499057769775,
          "acoustic_entropy_side": 3.825525999069214,
          "hz": 1237.8529382007157
        },
        {
          "acoustic_entropy": 3.746962070465088,
          "acoustic_entropy_side": 3.809032440185547,
          "hz": 1409.4668930556702
        },
        {
          "acoustic_entropy": 3.6654040813446045,
          "acoustic_entropy_side": 3.782285213470459,
          "hz": 1596.2787759475705
        },
        {
          "acoustic_entropy": 3.811272382736206,
          "acoustic_entropy_side": 3.822165012359619,
          "hz": 1799.6344973346393
        },
        {
          "acoustic_entropy": 3.7684805393218994,
          "acoustic_entropy_side": 3.785101890563965,
          "hz": 2020.9991599069049
        },
        {
          "acoustic_entropy": 3.763230800628662,
          "acoustic_entropy_side": 3.783087968826294,
          "hz": 2261.9676141086993
        },
        {
          "acoustic_entropy": 3.7580039501190186,
          "acoustic_entropy_side": 3.792008638381958,
          "hz": 2524.2759484456974
        },
        {
          "acoustic_entropy": 3.807048797607422,
          "acoustic_entropy_side": 3.815891742706299,
          "hz": 2809.813997359896
        },
        {
          "acoustic_entropy": 3.8180079460144043,
          "acoustic_entropy_side": 3.8084750175476074,
          "hz": 3120.6389567871424
        },
        {
          "acoustic_entropy": 3.801339864730835,
          "acoustic_entropy_side": 3.8061389923095703,
          "hz": 3458.990205492291
        },
        {
          "acoustic_entropy": 3.8212156295776367,
          "acoustic_entropy_side": 3.810609817504883,
          "hz": 3827.305438964164
        },
        {
          "acoustic_entropy": 3.857177972793579,
          "acoustic_entropy_side": 3.825953722000122,
          "hz": 4228.238232109126
        },
        {
          "acoustic_entropy": 3.837489128112793,
          "acoustic_entropy_side": 3.8198630809783936,
          "hz": 4664.6771572759235
        },
        {
          "acoustic_entropy": 3.8213181495666504,
          "acoustic_entropy_side": 3.806671142578125,
          "hz": 5139.766595350093
        },
        {
          "acoustic_entropy": 3.8243887424468994,
          "acoustic_entropy_side": 3.8096392154693604,
          "hz": 5656.929389854203
        },
        {
          "acoustic_entropy": 3.821611166000366,
          "acoustic_entropy_side": 3.8096272945404053,
          "hz": 6219.891507268283
        },
        {
          "acoustic_entropy": 3.8076164722442627,
          "acoustic_entropy_side": 3.805133104324341,
          "hz": 6832.70888123896
        },
        {
          "acoustic_entropy": 3.7962870597839355,
          "acoustic_entropy_side": 3.805699110031128,
          "hz": 7499.796634079867
        },
        {
          "acoustic_entropy": 3.7424635887145996,
          "acoustic_entropy_side": 3.8042125701904297,
          "hz": 8225.96088609342
        },
        {
          "acoustic_entropy": 3.7946832180023193,
          "acoustic_entropy_side": 3.806044101715088,
          "hz": 9016.43338188839
        },
        {
          "acoustic_entropy": 3.8003857135772705,
          "acoustic_entropy_side": 3.8007259368896484,
          "hz": 9876.909183162974
        },
        {
          "acoustic_entropy": 3.7986693382263184,
          "acoustic_entropy_side": 3.8000876903533936,
          "hz": 10813.587699516042
        },
        {
          "acoustic_entropy": 3.8005404472351074,
          "acoustic_entropy_side": 3.7992513179779053,
          "hz": 11833.21735289826
        },
        {
          "acoustic_entropy": 3.7985548973083496,
          "acoustic_entropy_side": 3.799452781677246,
          "hz": 12943.144197493959
        },
        {
          "acoustic_entropy": 3.795560359954834,
          "acoustic_entropy_side": 3.798243999481201,
          "hz": 14151.364845322005
        },
        {
          "acoustic_entropy": 3.7945773601531982,
          "acoustic_entropy_side": 3.797532081604004,
          "hz": 15466.58407886509
        },
        {
          "acoustic_entropy": 3.792613983154297,
          "acoustic_entropy_side": 3.7989745140075684,
          "hz": 16898.27756580493
        },
        {
          "acoustic_entropy": 3.79603910446167,
          "acoustic_entropy_side": 3.8003532886505127,
          "hz": 18456.760127700032
        },
        {
          "acoustic_entropy": 3.79773211479187,
          "acoustic_entropy_side": 3.8008997440338135,
          "hz": 20153.260054456492
        },
        {
          "acoustic_entropy": 3.8009767532348633,
          "acoustic_entropy_side": 3.801724672317505,
          "hz": 22000.00000000001
        }
      ],
      "diff_acoustic_entropy": 0.21200686693191528,
      "sn": 6
    },
    {
      "acoustic_entropy": 6.434129238128662,
      "acoustic_entropy_mono": 6.619775295257568,
      "band_eliminated_acoustic_entropies": [
        {
          "acoustic_entropy": 6.411724090576172,
          "acoustic_entropy_side": 6.433291912078857,
          "hz": 129.47220167065723
        },
        {
          "acoustic_entropy": 5.8176045417785645,
          "acoustic_entropy_side": 6.499279499053955,
          "hz": 202.92927478742237
        },
        {
          "acoustic_entropy": 6.7869062423706055,
          "acoustic_entropy_side": 6.4733805656433105,
          "hz": 282.89161906338205
        },
        {
          "acoustic_entropy": 6.598496437072754,
          "acoustic_entropy_side": 6.507279872894287,
          "hz": 369.9353335868758
        },
        {
          "acoustic_entropy": 6.634347438812256,
          "acoustic_entropy_side": 6.810901641845703,
          "hz": 464.6875360973435
        },
        {
          "acoustic_entropy": 6.350222587585449,
          "acoustic_entropy_side": 6.475622177124023,
          "hz": 567.8308811364784
        },
        {
          "acoustic_entropy": 6.730501174926758,
          "acoustic_entropy_side": 6.82260799407959,
          "hz": 680.1084783214808
        },
        {
          "acoustic_entropy": 6.736032962799072,
          "acoustic_entropy_side": 6.458300590515137,
          "hz": 802.3292461747484
        },
        {
          "acoustic_entropy": 6.637091159820557,
          "acoustic_entropy_side": 6.746997833251953,
          "hz": 935.3737400823702
        },
        {
          "acoustic_entropy": 6.997743129730225,
          "acoustic_entropy_side": 7.078446388244629,
          "hz": 1080.2004963696966
        },
        {
          "acoustic_entropy": 6.222728252410889,
          "acoustic_entropy_side": 6.383317470550537,
          "hz": 1237.8529382007157
        },
        {
          "acoustic_entropy": 6.633700370788574,
          "acoustic_entropy_side": 6.996598720550537,
          "hz": 1409.4668930556702
        },
        {
          "acoustic_entropy": 6.613798141479492,
          "acoustic_entropy_side": 6.849788665771484,
          "hz": 1596.2787759475705
        },
        {
          "acoustic_entropy": 6.403602600097656,
          "acoustic_entropy_side": 6.346334457397461,
          "hz": 1799.6344973346393
        },
        {
          "acoustic_entropy": 6.380799293518066,
          "acoustic_entropy_side": 6.396453857421875,
          "hz": 2020.9991599069049
        },
        {
          "acoustic_entropy": 6.561572551727295,
          "acoustic_entropy_side": 6.53720235824585,
          "hz": 2261.9676141086993
        },
        {
          "acoustic_entropy": 6.366466999053955,
          "acoustic_entropy_side": 6.3421759605407715,
          "hz": 2524.2759484456974
        },
        {
          "acoustic_entropy": 6.393117904663086,
          "acoustic_entropy_side": 6.387165546417236,
          "hz": 2809.813997359896
        },
        {
          "acoustic_entropy": 6.413877010345459,
          "acoustic_entropy_side": 6.42354154586792,
          "hz": 3120.6389567871424
        },
        {
          "acoustic_entropy": 6.462480545043945,
          "acoustic_entropy_side": 6.448727130889893,
          "hz": 3458.990205492291
        },
        {
          "acoustic_entropy": 6.444974899291992,
          "acoustic_entropy_side": 6.437105178833008,
          "hz": 3827.305438964164
        },
        {
          "acoustic_entropy": 6.334604740142822,
          "acoustic_entropy_side": 6.388992786407471,
          "hz": 4228.238232109126
        },
        {
          "acoustic_entropy": 6.42327356338501,
          "acoustic_entropy_side": 6.42322301864624,
          "hz": 4664.6771572759235
        },
        {
          "acoustic_entropy": 6.3842082023620605,
          "acoustic_entropy_side": 6.396899700164795,
          "hz": 5139.766595350093
        },
        {
          "acoustic_entropy": 6.382281303405762,
          "acoustic_entropy_side": 6.389786720275879,
          "hz": 5656.929389854203
        },
        {
          "acoustic_entropy": 6.418641567230225,
          "acoustic_entropy_side": 6.41712760925293,
          "hz": 6219.891507268283
        },
        {
          "acoustic_entropy": 6.41905403137207,
          "acoustic_entropy_side": 6.420304775238037,
          "hz": 6832.70888123896
        },
        {
          "acoustic_entropy": 6.4008564949035645,
          "acoustic_entropy_side": 6.424689292907715,
          "hz": 7499.796634079867
        },
        {
          "acoustic_entropy": 6.382302284240723,
          "acoustic_entropy_side": 6.43006706237793,
          "hz": 8225.96088609342
        },
        {
          "acoustic_entropy": 6.4269819259643555,
          "acoustic_entropy_side": 6.427258491516113,
          "hz": 9016.43338188839
        },
        {
          "acoustic_entropy": 6.443866729736328,
          "acoustic_entropy_side": 6.4370808601379395,
          "hz": 9876.909183162974
        },
        {
          "acoustic_entropy": 6.445639133453369,
          "acoustic_entropy_side": 6.437611103057861,
          "hz": 10813.587699516042
        },
        {
          "acoustic_entropy": 6.431157112121582,
          "acoustic_entropy_side": 6.434166431427002,
          "hz": 11833.21735289826
        },
        {
          "acoustic_entropy": 6.427450180053711,
          "acoustic_entropy_side": 6.430553436279297,
          "hz": 12943.144197493959
        },
        {
          "acoustic_entropy": 6.418024063110352,
          "acoustic_entropy_side": 6.427964687347412,
          "hz": 14151.364845322005
        },
        {
          "acoustic_entropy": 6.4069318771362305,
          "acoustic_entropy_side": 6.423308849334717,
          "hz": 15466.58407886509
        },
        {
          "acoustic_entropy": 6.405795097351074,
          "acoustic_entropy_side": 6.41943359375,
          "hz": 16898.27756580493
        },
        {
          "acoustic_entropy": 6.419980525970459,
          "acoustic_entropy_side": 6.428107738494873,
          "hz": 18456.760127700032
        },
        {
          "acoustic_entropy": 6.4281768798828125,
          "acoustic_entropy_side": 6.4315032958984375,
          "hz": 20153.260054456492
        },
        {
          "acoustic_entropy": 6.434208869934082,
          "acoustic_entropy_side": 6.432960510253906,
          "hz": 22000.00000000001
        }
      ],
      "diff_acoustic_entropy": 0.6092829704284668,
      "sn": 12
    },
    {
      "acoustic_entropy": 14.932705879211426,
      "acoustic_entropy_mono": 14.492111206054688,
      "band_eliminated_acoustic_entropies": [
        {
          "acoustic_entropy": 15.1576509475708,
          "acoustic_entropy_side": 14.973484992980957,
          "hz": 129.47220167065723
        },
        {
          "acoustic_entropy": 14.342491149902344,
          "acoustic_entropy_side": 14.955408096313477,
          "hz": 202.92927478742237
        },
        {
          "acoustic_entropy": 16.083829879760742,
          "acoustic_entropy_side": 15.438776016235352,
          "hz": 282.89161906338205
        },
        {
          "acoustic_entropy": 14.657700538635254,
          "acoustic_entropy_side": 15.421219825744629,
          "hz": 369.9353335868758
        },
        {
          "acoustic_entropy": 15.413552284240723,
          "acoustic_entropy_side": 15.567280769348145,
          "hz": 464.6875360973435
        },
        {
          "acoustic_entropy": 14.696630477905273,
          "acoustic_entropy_side": 15.14692497253418,
          "hz": 567.8308811364784
        },
        {
          "acoustic_entropy": 15.38559341430664,
          "acoustic_entropy_side": 15.4795503616333,
          "hz": 680.1084783214808
        },
        {
          "acoustic_entropy": 14.194398880004883,
          "acoustic_entropy_side": 15.073602676391602,
          "hz": 802.3292461747484
        },
        {
          "acoustic_entropy": 14.622321128845215,
          "acoustic_entropy_side": 15.560857772827148,
          "hz": 935.3737400823702
        },
        {
          "acoustic_entropy": 14.652108192443848,
          "acoustic_entropy_side": 15.00026798248291,
          "hz": 1080.2004963696966
        },
        {
          "acoustic_entropy": 14.844067573547363,
          "acoustic_entropy_side": 15.82589340209961,
          "hz": 1237.8529382007157
        },
        {
          "acoustic_entropy": 15.068025588989258,
          "acoustic_entropy_side": 15.591209411621094,
          "hz": 1409.4668930556702
        },
        {
          "acoustic_entropy": 14.193804740905762,
          "acoustic_entropy_side": 15.42435359954834,
          "hz": 1596.2787759475705
        },
        {
          "acoustic_entropy": 15.736886024475098,
          "acoustic_entropy_side": 15.513151168823242,
          "hz": 1799.6344973346393
        },
        {
          "acoustic_entropy": 15.08245849609375,
          "acoustic_entropy_side": 14.915942192077637,
          "hz": 2020.9991599069049
        },
        {
          "acoustic_entropy": 15.354011535644531,
          "acoustic_entropy_side": 15.347482681274414,
          "hz": 2261.9676141086993
        },
        {
          "acoustic_entropy": 15.063172340393066,
          "acoustic_entropy_side": 15.18774127960205,
          "hz": 2524.2759484456974
        },
        {
          "acoustic_entropy": 15.105690002441406,
          "acoustic_entropy_side": 15.172192573547363,
          "hz": 2809.813997359896
        },
        {
          "acoustic_entropy": 15.253321647644043,
          "acoustic_entropy_side": 14.953374862670898,
          "hz": 3120.6389567871424
        },
        {
