{
  "acoustic_entropy": 149.16384887695312,
  "bands": [
    {
      "high_freq": 148.1999969482422,
      "loudness": -24.90357208251953,
      "loudness_range": 31.632421493530273,
      "mid_mean": -22.259326934814453,
      "mid_to_side_loudness": -19.522951126098633,
      "mid_to_side_loudness_range": 23.23224639892578,
      "side_mean": -43.760982513427734
    },
    {
      "high_freq": 392.3793640136719,
      "loudness": -23.08272361755371,
      "loudness_range": 8.786575317382812,
      "low_freq": 148.1999969482422,
      "mid_mean": -19.90503692626953,
      "mid_to_side_loudness": -10.106611251831055,
      "mid_to_side_loudness_range": 10.12152099609375,
      "side_mean": -30.111221313476562
    },
    {
      "high_freq": 794.6976318359375,
      "loudness": -23.26515769958496,
      "loudness_range": 10.149211883544922,
      "low_freq": 392.3793640136719,
      "mid_mean": -20.171613693237305,
      "mid_to_side_loudness": -9.294512748718262,
      "mid_to_side_loudness_range": 10.851604461669922,
      "side_mean": -29.523698806762695
    },
    {
      "high_freq": 1457.5709228515625,
      "loudness": -29.900774002075195,
      "loudness_range": 8.98440933227539,
      "low_freq": 794.6976318359375,
      "mid_mean": -26.717830657958984,
      "mid_to_side_loudness": -10.178951263427734,
      "mid_to_side_loudness_range": 9.26785659790039,
      "side_mean": -36.93434143066406
    },
    {
      "high_freq": 2549.74365234375,
      "loudness": -30.641958236694336,
      "loudness_range": 9.428865432739258,
      "low_freq": 1457.5709228515625,
      "mid_mean": -27.345630645751953,
      "mid_to_side_loudness": -11.87166690826416,
      "mid_to_side_loudness_range": 10.868308067321777,
      "side_mean": -39.145172119140625
    },
    {
      "high_freq": 4349.24462890625,
      "loudness": -35.89995574951172,
      "loudness_range": 11.255491256713867,
      "low_freq": 2549.74365234375,
      "mid_mean": -32.59560012817383,
      "mid_to_side_loudness": -12.098612785339355,
      "mid_to_side_loudness_range": 10.698734283447266,
      "side_mean": -44.56000900268555
    },
    {
      "high_freq": 7314.1640625,
      "loudness": -30.7432861328125,
      "loudness_range": 17.263225555419922,
      "low_freq": 4349.24462890625,
      "mid_mean": -27.571556091308594,
      "mid_to_side_loudness": -13.332797050476074,
      "mid_to_side_loudness_range": 11.259571075439453,
      "side_mean": -41.08927536010742
    },
    {
      "high_freq": 12199.2666015625,
      "loudness": -25.375856399536133,
      "loudness_range": 5.801370620727539,
      "low_freq": 7314.1640625,
      "mid_mean": -22.835012435913086,
      "mid_to_side_loudness": -11.456770896911621,
      "mid_to_side_loudness_range": 10.052871704101562,
      "side_mean": -34.21880340576172
    },
    {
      "loudness": -28.088472366333008,
      "loudness_range": 5.797458648681641,
      "low_freq": 12199.2666015625,
      "mid_mean": -25.039749145507812,
      "mid_to_side_loudness": -11.650309562683105,
      "mid_to_side_loudness_range": 10.00916862487793,
      "side_mean": -36.01213836669922
    }
  ],
  "bands_short": [
    {
      "high_freq": 148.1999969482422,
      "loudness": -28.35419464111328,
      "loudness_range": 34.897438049316406,
      "mid_mean": -25.38724136352539,
      "mid_to_side_loudness": -21.26665687561035,
      "mid_to_side_loudness_range": 29.31151580810547,
      "side_mean": -51.03636169433594
    },
    {
      "high_freq": 392.3793640136719,
      "loudness": -23.976335525512695,
      "loudness_range": 13.56788444519043,
      "low_freq": 148.1999969482422,
      "mid_mean": -20.842336654663086,
      "mid_to_side_loudness": -10.593973159790039,
      "mid_to_side_loudness_range": 13.074666976928711,
      "side_mean": -31.454029083251953
    },
    {
      "high_freq": 794.6976318359375,
      "loudness": -23.49203109741211,
      "loudness_range": 12.205934524536133,
      "low_freq": 392.3793640136719,
      "mid_mean": -20.487201690673828,
      "mid_to_side_loudness": -9.545668601989746,
      "mid_to_side_loudness_range": 13.248250961303711,
      "side_mean": -30.03156280517578
    },
    {
      "high_freq": 1457.5709228515625,
      "loudness": -30.357219696044922,
      "loudness_range": 12.949899673461914,
      "low_freq": 794.6976318359375,
      "mid_mean": -27.242258071899414,
      "mid_to_side_loudness": -10.065596580505371,
      "mid_to_side_loudness_range": 11.706355094909668,
      "side_mean": -37.29874038696289
    },
    {
      "high_freq": 2549.74365234375,
      "loudness": -31.83418846130371,
      "loudness_range": 13.584829330444336,
      "low_freq": 1457.5709228515625,
      "mid_mean": -28.596162796020508,
      "mid_to_side_loudness": -11.709744453430176,
      "mid_to_side_loudness_range": 12.961509704589844,
      "side_mean": -40.25149917602539
    },
    {
      "high_freq": 4349.24462890625,
      "loudness": -38.26295852661133,
      "loudness_range": 19.480676651000977,
      "low_freq": 2549.74365234375,
      "mid_mean": -35.09994125366211,
      "mid_to_side_loudness": -11.352867126464844,
      "mid_to_side_loudness_range": 13.821592330932617,
      "side_mean": -46.38219451904297
    },
    {
      "high_freq": 7314.1640625,
      "loudness": -39.219539642333984,
      "loudness_range": 35.40163803100586,
      "low_freq": 4349.24462890625,
      "mid_mean": -37.45492172241211,
      "mid_to_side_loudness": -9.413349151611328,
      "mid_to_side_loudness_range": 17.297588348388672,
      "side_mean": -48.68114471435547
    },
    {
      "high_freq": 12199.2666015625,
      "loudness": -33.14286804199219,
      "loudness_range": 32.61913299560547,
      "low_freq": 7314.1640625,
      "mid_mean": -31.978557586669922,
      "mid_to_side_loudness": -8.31712818145752,
      "mid_to_side_loudness_range": 18.157020568847656,
      "side_mean": -39.63320541381836
    },
    {
      "loudness": -35.74713897705078,
      "loudness_range": 30.65654945373535,
      "low_freq": 12199.2666015625,
      "mid_mean": -35.943355560302734,
      "mid_to_side_loudness": -8.347813606262207,
      "mid_to_side_loudness_range": 16.8951358795166,
      "side_mean": -50.68906021118164
    }
  ],
  "bandwidth": 498.74383544921875,
  "channels": 2,
  "covariance": [
    [
      138.85739135742188,
      67.43927764892578,
      22.046913146972656,
      36.286476135253906,
      18.426799774169922,
      42.72102737426758,
      18.61283302307129,
      34.97590255737305,
      14.538597106933594,
      40.52664566040039,
      26.66897201538086,
      55.248756408691406,
      50.71675491333008,
      60.75298309326172,
      14.289902687072754,
      28.816204071044922,
      20.713451385498047,
      34.046512603759766
    ],
    [
      67.43927764892578,
      70.33792877197266,
      20.767250061035156,
      39.89106369018555,
      18.46946144104004,
      39.49625015258789,
      16.439889907836914,
      30.810094833374023,
      8.836237907409668,
      24.42889404296875,
      14.756590843200684,
      31.26949691772461,
      26.391483306884766,
      34.759559631347656,
      11.095318794250488,
      20.945735931396484,
      16.14737892150879,
      27.879562377929688
    ],
    [
      22.046913146972656,
      20.767250061035156,
      14.865925788879395,
      19.220067977905273,
      12.502849578857422,
      19.0399169921875,
      12.224433898925781,
      16.187992095947266,
      8.95366382598877,
      11.384254455566406,
      9.924897193908691,
      13.538208961486816,
      6.768293380737305,
      11.736738204956055,
      5.064218521118164,
      8.795953750610352,
      5.180845260620117,
      9.837791442871094
    ],
    [
      36.286476135253906,
      39.89106369018555,
      19.220067977905273,
      36.8758430480957,
      17.742694854736328,
      34.496681213378906,
      15.503402709960938,
      26.51554298400879,
      8.78353500366211,
      16.439727783203125,
      11.477302551269531,
      18.96076774597168,
      13.815815925598145,
      18.94881248474121,
      11.334444046020508,
      14.868448257446289,
      8.083016395568848,
      14.310249328613281
    ],
    [
      18.426799774169922,
      18.46946144104004,
      12.502849578857422,
      17.742694854736328,
      14.9423189163208,
      21.21152687072754,
      12.919082641601562,
      17.56871223449707,
      7.153812408447266,
      10.745695114135742,
      10.029630661010742,
      13.395683288574219,
      7.600642681121826,
      13.14618968963623,
      6.372125148773193,
      8.075888633728027,
      4.163511276245117,
      7.263167858123779
    ],
    [
      42.72102737426758,
      39.49625015258789,
      19.0399169921875,
      34.496681213378906,
      21.21152687072754,
      40.93012619018555,
      18.263935089111328,
      31.679250717163086,
      9.702557563781738,
      21.313678741455078,
      13.929924011230469,
      24.8369197845459,
      16.988731384277344,
      23.778366088867188,
      11.953089714050293,
      16.328344345092773,
      8.616260528564453,
      15.46299934387207
    ],
    [
      18.61283302307129,
      16.439889907836914,
      12.224433898925781,
      15.503402709960938,
      12.919082641601562,
      18.263935089111328,
      14.492868423461914,
      17.32891273498535,
      8.249484062194824,
      12.627281188964844,
      11.627756118774414,
      15.774652481079102,
      8.406542778015137,
      14.56090259552002,
      5.887049198150635,
      8.381692886352539,
      3.8626668453216553,
      6.950116157531738
    ],
    [
      34.97590255737305,
      30.810094833374023,
      16.187992095947266,
      26.51554298400879,
      17.56871223449707,
      31.679250717163086,
      17.32891273498535,
      29.62883949279785,
      9.710226058959961,
      20.439767837524414,
      13.149453163146973,
      23.61638069152832,
      13.222850799560547,
      19.817325592041016,
      8.451072692871094,
      12.611064910888672,
      6.811947822570801,
      13.136693000793457
    ],
    [
      14.538597106933594,
      8.836237907409668,
      8.95366382598877,
      8.78353500366211,
      7.153812408447266,
      9.702557563781738,
      8.249484062194824,
      9.710226058959961,
      15.51608657836914,
      13.066697120666504,
      11.318498611450195,
      14.252426147460938,
      0.7126936912536621,
      3.1651530265808105,
      3.9021124839782715,
      4.020584583282471,
      2.137211561203003,
      1.2019364833831787
    ],
    [
      40.52664566040039,
      24.42889404296875,
      11.384254455566406,
      16.439727783203125,
      10.745695114135742,
      21.313678741455078,
      12.627281188964844,
      20.439767837524414,
      13.066697120666504,
      26.22859764099121,
      14.953436851501465,
      29.292308807373047,
      12.983519554138184,
      18.83419418334961,
      6.401773929595947,
      11.566288948059082,
      6.335195541381836,
      10.74816608428955
    ],
    [
      26.66897201538086,
      14.756590843200684,
      9.924897193908691,
      11.477302551269531,
      10.029630661010742,
      13.929924011230469,
      11.627756118774414,
      13.149453163146973,
      11.318498611450195,
      14.953436851501465,
      20.997116088867188,
      25.923730850219727,
      16.237632751464844,
      24.143917083740234,
      11.752458572387695,
      10.987698554992676,
      5.154333114624023,
      2.840139865875244
    ],
    [
      55.248756408691406,
      31.26949691772461,
      13.538208961486816,
      18.96076774597168,
      13.395683288574219,
      24.8369197845459,
      15.774652481079102,
      23.61638069152832,
      14.252426147460938,
      29.292308807373047,
      25.923730850219727,
      46.13113784790039,
      26.888160705566406,
      40.26258087158203,
      13.345510482788086,
      18.388769149780273,
      9.39643383026123,
      12.361311912536621
    ],
    [
      50.71675491333008,
      26.391483306884766,
      6.768293380737305,
      13.815815925598145,
      7.600642681121826,
      16.988731384277344,
      8.406542778015137,
      13.222850799560547,
      0.7126936912536621,
      12.983519554138184,
      16.237632751464844,
      26.888160705566406,
      61.65705490112305,
      50.9312858581543,
      23.14421844482422,
      22.726184844970703,
      11.179404258728027,
      6.565499305725098
    ],
    [
      60.75298309326172,
      34.759559631347656,
      11.736738204956055,
      18.94881248474121,
      13.14618968963623,
      23.778366088867188,
      14.56090259552002,
      19.817325592041016,
      3.1651530265808105,
      18.83419418334961,
      24.143917083740234,
      40.26258087158203,
      50.9312858581543,
      85.26051330566406,
      24.942386627197266,
      32.463253021240234,
      14.39941120147705,
      15.31653881072998
    ],
    [
      14.289902687072754,
      11.095318794250488,
      5.064218521118164,
      11.334444046020508,
      6.372125148773193,
      11.953089714050293,
      5.887049198150635,
      8.451072692871094,
      3.9021124839782715,
      6.401773929595947,
      11.752458572387695,
      13.345510482788086,
      23.14421844482422,
      24.942386627197266,
      33.6895637512207,
      24.88234519958496,
      11.489453315734863,
      5.103884696960449
    ],
    [
      28.816204071044922,
      20.945735931396484,
      8.795953750610352,
      14.868448257446289,
      8.075888633728027,
      16.328344345092773,
      8.381692886352539,
      12.611064910888672,
      4.020584583282471,
      11.566288948059082,
      10.987698554992676,
      18.388769149780273,
      22.726184844970703,
      32.463253021240234,
      24.88234519958496,
      32.96116638183594,
      15.097941398620605,
      17.82753562927246
    ],
    [
      20.713451385498047,
      16.14737892150879,
      5.180845260620117,
      8.083016395568848,
      4.163511276245117,
      8.616260528564453,
      3.8626668453216553,
      6.811947822570801,
      2.137211561203003,
      6.335195541381836,
      5.154333114624023,
      9.39643383026123,
      11.179404258728027,
      14.39941120147705,
      11.489453315734863,
      15.097941398620605,
      18.77260971069336,
      18.702219009399414
    ],
    [
      34.046512603759766,
      27.879562377929688,
      9.837791442871094,
      14.310249328613281,
      7.263167858123779,
      15.46299934387207,
      6.950116157531738,
      13.136693000793457,
      1.2019364833831787,
      10.74816608428955,
      2.840139865875244,
      12.361311912536621,
      6.565499305725098,
      15.31653881072998,
      5.103884696960449,
      17.82753562927246,
      18.702219009399414,
      33.87252426147461
    ]
  ],
  "covariance_short": [
    [
      183.88436889648438,
      72.71437072753906,
      23.38603973388672,
      30.40764045715332,
      18.04248046875,
      36.65655517578125,
      20.01490592956543,
      35.575496673583984,
      17.61490249633789,
      43.81419372558594,
      31.800844192504883,
      61.25662612915039,
      97.67250061035156,
      115.81439208984375,
      54.313499450683594,
      50.519840240478516,
      61.863792419433594,
      128.79188537597656
    ],
    [
      72.71437072753906,
      91.16727447509766,
      27.902809143066406,
      40.64092254638672,
      24.422161102294922,
      40.32481002807617,
      24.909542083740234,
      33.4403076171875,
      14.229296684265137,
      25.248598098754883,
      24.894651412963867,
      36.11377716064453,
      55.20173645019531,
      68.30355834960938,
      37.05203628540039,
      36.748600006103516,
      44.9736213684082,
      97.7325210571289
    ],
    [
      23.38603973388672,
      27.902809143066406,
      24.812162399291992,
      21.501768112182617,
      16.902978897094727,
      20.526914596557617,
      18.785722732543945,
      19.256629943847656,
      14.465048789978027,
      14.723397254943848,
      17.72457504272461,
      19.41196632385254,
      24.838308334350586,
      30.980215072631836,
      20.16083335876465,
      16.695348739624023,
      24.90128517150879,
      42.07227325439453
    ],
    [
      30.40764045715332,
      40.64092254638672,
      21.501768112182617,
      41.48896789550781,
      18.847585678100586,
      36.04496383666992,
      18.563371658325195,
      28.779430389404297,
      9.551694869995117,
      17.13945198059082,
      13.706316947937012,
      21.905826568603516,
      25.686769485473633,
      36.21780776977539,
      15.271327018737793,
      16.353605270385742,
      18.153425216674805,
      46.72538375854492
    ],
    [
      18.04248046875,
      24.422161102294922,
      16.902978897094727,
      18.847585678100586,
      20.94627571105957,
      23.505619049072266,
      17.973791122436523,
      19.868980407714844,
      9.919785499572754,
      11.037650108337402,
      15.044347763061523,
      16.20579719543457,
      20.835147857666016,
      26.872529983520508,
      17.85987663269043,
      15.008963584899902,
      19.819725036621094,
      35.01591873168945
    ],
    [
      36.65655517578125,
      40.32481002807617,
      20.526914596557617,
      36.04496383666992,
      23.505619049072266,
      47.75431823730469,
      21.55064582824707,
      36.378387451171875,
      9.962100982666016,
      20.884151458740234,
      15.249704360961914,
      25.59734344482422,
      31.306787490844727,
      42.29518127441406,
      18.65378761291504,
      19.331666946411133,
      20.468460083007812,
      51.641239166259766
    ],
    [
      20.01490592956543,
      24.909542083740234,
      18.785722732543945,
      18.563371658325195,
      17.973791122436523,
      21.55064582824707,
      23.84522819519043,
      22.538984298706055,
      13.781820297241211,
      15.829911231994629,
      19.713642120361328,
      22.134355545043945,
      25.540630340576172,
      33.50063705444336,
      21.173809051513672,
      19.10923957824707,
      24.2781925201416,
      41.15536880493164
    ],
    [
      35.575496673583984,
      33.4403076171875,
      19.256629943847656,
      28.779430389404297,
      19.868980407714844,
      36.378387451171875,
      22.538984298706055,
      37.65586471557617,
      12.020816802978516,
      23.819000244140625,
      17.217445373535156,
      28.56082534790039,
      31.228281021118164,
      41.378231048583984,
      20.140317916870117,
      20.091875076293945,
      23.658039093017578,
      49.99123001098633
    ],
    [
      17.61490249633789,
      14.229296684265137,
      14.465048789978027,
      9.551694869995117,
      9.919785499572754,
      9.962100982666016,
      13.781820297241211,
      12.020816802978516,
      25.05689239501953,
      19.36504364013672,
      23.56475257873535,
      24.22630500793457,
      25.972196578979492,
      31.713502883911133,
      19.800613403320312,
      15.504627227783203,
      19.65570068359375,
      33.08812713623047
    ],
    [
      43.81419372558594,
      25.248598098754883,
      14.723397254943848,
      17.13945198059082,
      11.037650108337402,
      20.884151458740234,
      15.829911231994629,
      23.819000244140625,
      19.36504364013672,
      34.33018493652344,
      20.969932556152344,
      37.551326751708984,
      36.46138000488281,
      45.815555572509766,
      21.417165756225586,
      20.857585906982422,
      24.647064208984375,
      47.988712310791016
    ],
    [
      31.800844192504883,
      24.894651412963867,
      17.72457504272461,
      13.706316947937012,
      15.044347763061523,
      15.249704360961914,
      19.713642120361328,
      17.217445373535156,
      23.56475257873535,
      20.969932556152344,
      42.28638458251953,
      39.29010772705078,
      60.316162109375,
      59.7935676574707,
      51.80263137817383,
      35.68959045410156,
      50.01245880126953,
      60.96334457397461
    ],
    [
      61.25662612915039,
      36.11377716064453,
      19.41196632385254,
      21.905826568603516,
      16.20579719543457,
      25.59734344482422,
      22.134355545043945,
      28.56082534790039,
      24.22630500793457,
      37.551326751708984,
      39.29010772705078,
      61.297664642333984,
      66.481201171875,
      82.77532196044922,
      44.02303695678711,
      39.40839385986328,
      44.07052993774414,
      78.87425994873047
    ],
    [
      97.67250061035156,
      55.20173645019531,
      24.838308334350586,
      25.686769485473633,
      20.835147857666016,
      31.306787490844727,
      25.540630340576172,
      31.228281021118164,
      25.972196578979492,
      36.46138000488281,
      60.316162109375,
      66.481201171875,
      183.88418579101562,
      142.56234741210938,
      140.31109619140625,
      99.5545883178711,
      138.23675537109375,
      158.25717163085938
    ],
    [
      115.81439208984375,
      68.30355834960938,
      30.980215072631836,
      36.21780776977539,
      26.872529983520508,
      42.29518127441406,
      33.50063705444336,
      41.378231048583984,
      31.713502883911133,
      45.815555572509766,
      59.7935676574707,
      82.77532196044922,
      142.56234741210938,
      175.71546936035156,
      84.89310455322266,
      81.68685150146484,
      80.72503662109375,
      170.56649780273438
    ],
    [
      54.313499450683594,
      37.05203628540039,
      20.16083335876465,
      15.271327018737793,
      17.85987663269043,
      18.65378761291504,
      21.173809051513672,
      20.140317916870117,
      19.800613403320312,
      21.417165756225586,
      51.80263137817383,
      44.02303695678711,
      140.31109619140625,
      84.89310455322266,
      165.6528778076172,
      108.94829559326172,
      167.89808654785156,
      125.72563171386719
    ],
    [
      50.519840240478516,
      36.748600006103516,
      16.695348739624023,
      16.353605270385742,
      15.008963584899902,
      19.331666946411133,
      19.10923957824707,
      20.091875076293945,
      15.504627227783203,
      20.857585906982422,
      35.68959045410156,
      39.40839385986328,
      99.5545883178711,
      81.68685150146484,
      108.94829559326172,
      102.14498138427734,
      115.18685150146484,
      106.65326690673828
    ],
    [
      61.863792419433594,
      44.9736213684082,
      24.90128517150879,
      18.153425216674805,
      19.819725036621094,
      20.468460083007812,
      24.2781925201416,
      23.658039093017578,
      19.65570068359375,
      24.647064208984375,
      50.01245880126953,
      44.07052993774414,
      138.23675537109375,
      80.72503662109375,
      167.89808654785156,
      115.18685150146484,
      194.1619110107422,
      144.31143188476562
    ],
    [
      128.79188537597656,
      97.7325210571289,
      42.07227325439453,
      46.72538375854492,
      35.01591873168945,
      51.641239166259766,
      41.15536880493164,
      49.99123001098633,
      33.08812713623047,
      47.988712310791016,
      60.96334457397461,
      78.87425994873047,
      158.25717163085938,
      170.56649780273438,
      125.72563171386719,
      106.65326690673828,
      144.31143188476562,
      230.41221618652344
    ]
  ],
  "damage": -6.517717361450195,
  "diff_bandwidth": 518.2468872070312,
  "dissonance": 9.523410148665484,
  "drr": -0.1138979122042656,
  "dynamics": 3.753084659576416,
  "format": 1245190,
  "frames": 11729856,
  "loudness": -13.0292329788208,
  "loudness_range": 10.576972007751465,
  "loudness_range_short": 14.11424446105957,
  "lowpass_true_peak_15khz": 1.1121841669082642,
  "mastering3_acoustic_entropies": [
    {
      "acoustic_entropy": 6.870154857635498,
      "acoustic_entropy_mono": 6.541020393371582,
      "band_eliminated_acoustic_entropies": [
        {
          "acoustic_entropy": 6.794534206390381,
          "acoustic_entropy_side": 6.870161056518555,
          "hz": 129.47220167065723
        },
        {
          "acoustic_entropy": 6.5604729652404785,
          "acoustic_entropy_side": 6.871177673339844,
          "hz": 202.92927478742237
        },
        {
          "acoustic_entropy": 7.079463481903076,
          "acoustic_entropy_side": 6.85458517074585,
          "hz": 282.89161906338205
        },
        {
          "acoustic_entropy": 6.985048770904541,
          "acoustic_entropy_side": 6.890949726104736,
          "hz": 369.9353335868758
        },
        {
          "acoustic_entropy": 7.3964619636535645,
          "acoustic_entropy_side": 7.06557035446167,
          "hz": 464.6875360973435
        },
        {
          "acoustic_entropy": 6.7221999168396,
          "acoustic_entropy_side": 6.695098876953125,
          "hz": 567.8308811364784
        },
        {
          "acoustic_entropy": 6.830743312835693,
          "acoustic_entropy_side": 7.01913595199585,
          "hz": 680.1084783214808
        },
        {
          "acoustic_entropy": 6.753648281097412,
          "acoustic_entropy_side": 6.930991172790527,
          "hz": 802.3292461747484
        },
        {
          "acoustic_entropy": 6.955219268798828,
          "acoustic_entropy_side": 6.888117790222168,
          "hz": 935.3737400823702
        },
        {
          "acoustic_entropy": 6.6675190925598145,
          "acoustic_entropy_side": 6.830504417419434,
          "hz": 1080.2004963696966
        },
        {
          "acoustic_entropy": 6.818432331085205,
          "acoustic_entropy_side": 6.887226104736328,
          "hz": 1237.8529382007157
        },
        {
          "acoustic_entropy": 6.988502025604248,
          "acoustic_entropy_side": 6.893643379211426,
          "hz": 1409.4668930556702
        },
        {
          "acoustic_entropy": 6.908889293670654,
          "acoustic_entropy_side": 6.87627649307251,
          "hz": 1596.2787759475705
        },
        {
          "acoustic_entropy": 6.839488506317139,
          "acoustic_entropy_side": 6.882237911224365,
          "hz": 1799.6344973346393
        },
        {
          "acoustic_entropy": 6.961387634277344,
          "acoustic_entropy_side": 6.889172554016113,
          "hz": 2020.9991599069049
        },
        {
          "acoustic_entropy": 6.635104179382324,
          "acoustic_entropy_side": 6.881651401519775,
          "hz": 2261.9676141086993
        },
        {
          "acoustic_entropy": 6.9241719245910645,
          "acoustic_entropy_side": 6.894625186920166,
          "hz": 2524.2759484456974
        },
        {
          "acoustic_entropy": 6.974266529083252,
          "acoustic_entropy_side": 6.917929649353027,
          "hz": 2809.813997359896
        },
        {
          "acoustic_entropy": 7.016092777252197,
          "acoustic_entropy_side": 6.898865222930908,
          "hz": 3120.6389567871424
        },
        {
          "acoustic_entropy": 6.977994441986084,
          "acoustic_entropy_side": 6.887995719909668,
          "hz": 3458.990205492291
        },
        {
          "acoustic_entropy": 6.922685146331787,
          "acoustic_entropy_side": 6.892491340637207,
          "hz": 3827.305438964164
        },
        {
          "acoustic_entropy": 6.896801471710205,
          "acoustic_entropy_side": 6.883534908294678,
          "hz": 4228.238232109126
        },
        {
          "acoustic_entropy": 6.831996440887451,
          "acoustic_entropy_side": 6.873936176300049,
          "hz": 4664.6771572759235
        },
        {
          "acoustic_entropy": 6.84514045715332,
          "acoustic_entropy_side": 6.873608589172363,
          "hz": 5139.766595350093
        },
        {
          "acoustic_entropy": 6.865659713745117,
          "acoustic_entropy_side": 6.881732940673828,
          "hz": 5656.929389854203
        },
        {
          "acoustic_entropy": 6.855372428894043,
          "acoustic_entropy_side": 6.885201930999756,
          "hz": 6219.891507268283
        },
        {
          "acoustic_entropy": 6.8301239013671875,
          "acoustic_entropy_side": 6.890501022338867,
          "hz": 6832.70888123896
        },
        {
          "acoustic_entropy": 6.9004082679748535,
          "acoustic_entropy_side": 6.932054042816162,
          "hz": 7499.796634079867
        },
        {
          "acoustic_entropy": 6.887507438659668,
          "acoustic_entropy_side": 6.92074728012085,
          "hz": 8225.96088609342
        },
        {
          "acoustic_entropy": 6.863827228546143,
          "acoustic_entropy_side": 6.891939163208008,
          "hz": 9016.43338188839
        },
        {
          "acoustic_entropy": 6.930675506591797,
          "acoustic_entropy_side": 6.907543659210205,
          "hz": 9876.909183162974
        },
        {
          "acoustic_entropy": 6.8553571701049805,
          "acoustic_entropy_side": 6.856592178344727,
          "hz": 10813.587699516042
        },
        {
          "acoustic_entropy": 6.7510457038879395,
          "acoustic_entropy_side": 6.833517551422119,
          "hz": 11833.21735289826
        },
        {
          "acoustic_entropy": 6.804339408874512,
          "acoustic_entropy_side": 6.776806831359863,
          "hz": 12943.144197493959
        },
        {
          "acoustic_entropy": 6.9100189208984375,
          "acoustic_entropy_side": 6.770947456359863,
          "hz": 14151.364845322005
        },
        {
          "acoustic_entropy": 6.810275077819824,
          "acoustic_entropy_side": 6.7612481117248535,
          "hz": 15466.58407886509
        },
        {
          "acoustic_entropy": 6.643795013427734,
          "acoustic_entropy_side": 6.768431186676025,
          "hz": 16898.27756580493
        },
        {
          "acoustic_entropy": 6.720229148864746,
          "acoustic_entropy_side": 6.8114013671875,
          "hz": 18456.760127700032
        },
        {
          "acoustic_entropy": 6.784642219543457,
          "acoustic_entropy_side": 6.851012706756592,
          "hz": 20153.260054456492
        },
        {
          "acoustic_entropy": 6.8700690269470215,
          "acoustic_entropy_side": 6.870144367218018,
          "hz": 22000.00000000001
        }
      ],
      "diff_acoustic_entropy": 8.570534706115723,
      "sn": 6
    },
    {
      "acoustic_entropy": 10.539042472839355,
      "acoustic_entropy_mono": 9.189948081970215,
      "band_eliminated_acoustic_entropies": [
        {
          "acoustic_entropy": 11.041443824768066,
          "acoustic_entropy_side": 10.538952827453613,
          "hz": 129.47220167065723
        },
        {
          "acoustic_entropy": 10.436527252197266,
          "acoustic_entropy_side": 10.530730247497559,
          "hz": 202.92927478742237
        },
        {
          "acoustic_entropy": 10.96155071258545,
          "acoustic_entropy_side": 10.629422187805176,
          "hz": 282.89161906338205
        },
        {
          "acoustic_entropy": 10.709369659423828,
          "acoustic_entropy_side": 10.445493698120117,
          "hz": 369.9353335868758
        },
        {
          "acoustic_entropy": 11.414774894714355,
          "acoustic_entropy_side": 11.048284530639648,
          "hz": 464.6875360973435
        },
        {
          "acoustic_entropy": 10.416526794433594,
          "acoustic_entropy_side": 10.378252029418945,
          "hz": 567.8308811364784
        },
        {
          "acoustic_entropy": 10.707863807678223,
          "acoustic_entropy_side": 10.35478687286377,
          "hz": 680.1084783214808
        },
        {
          "acoustic_entropy": 10.832832336425781,
          "acoustic_entropy_side": 10.487700462341309,
          "hz": 802.3292461747484
        },
        {
          "acoustic_entropy": 10.709588050842285,
          "acoustic_entropy_side": 10.677957534790039,
          "hz": 935.3737400823702
        },
        {
          "acoustic_entropy": 10.202940940856934,
          "acoustic_entropy_side": 10.504768371582031,
          "hz": 1080.2004963696966
        },
        {
          "acoustic_entropy": 10.7871675491333,
          "acoustic_entropy_side": 10.459830284118652,
          "hz": 1237.8529382007157
        },
        {
          "acoustic_entropy": 10.451716423034668,
          "acoustic_entropy_side": 10.470064163208008,
          "hz": 1409.4668930556702
        },
        {
          "acoustic_entropy": 10.381072998046875,
          "acoustic_entropy_side": 10.523822784423828,
          "hz": 1596.2787759475705
        },
        {
          "acoustic_entropy": 10.596146583557129,
          "acoustic_entropy_side": 10.655981063842773,
          "hz": 1799.6344973346393
        },
        {
          "acoustic_entropy": 11.166303634643555,
          "acoustic_entropy_side": 10.694360733032227,
          "hz": 2020.9991599069049
        },
        {
          "acoustic_entropy": 10.367088317871094,
          "acoustic_entropy_side": 10.603898048400879,
          "hz": 2261.9676141086993
        },
        {
          "acoustic_entropy": 10.848143577575684,
          "acoustic_entropy_side": 10.655805587768555,
          "hz": 2524.2759484456974
        },
        {
          "acoustic_entropy": 10.463224411010742,
          "acoustic_entropy_side": 10.7059965133667,
          "hz": 2809.813997359896
        },
        {
          "acoustic_entropy": 10.892118453979492,
          "acoustic_entropy_side": 10.658878326416016,
          "hz": 3120.6389567871424
        },
        {
          "acoustic_entropy": 10.90305233001709,
          "acoustic_entropy_side": 10.625234603881836,
          "hz": 3458.990205492291
        },
        {
          "acoustic_entropy": 10.727392196655273,
          "acoustic_entropy_side": 10.65807056427002,
          "hz": 3827.305438964164
        },
        {
          "acoustic_entropy": 10.799359321594238,
          "acoustic_entropy_side": 10.697794914245605,
          "hz": 4228.238232109126
        },
        {
          "acoustic_entropy": 10.61358642578125,
          "acoustic_entropy_side": 10.665426254272461,
          "hz": 4664.6771572759235
        },
        {
          "acoustic_entropy": 10.55704116821289,
          "acoustic_entropy_side": 10.658214569091797,
          "hz": 5139.766595350093
        },
        {
          "acoustic_entropy": 10.73243236541748,
          "acoustic_entropy_side": 10.711501121520996,
          "hz": 5656.929389854203
        },
        {
          "acoustic_entropy": 10.76922607421875,
          "acoustic_entropy_side": 10.775375366210938,
          "hz": 6219.891507268283
        },
        {
          "acoustic_entropy": 10.780569076538086,
          "acoustic_entropy_side": 10.747095108032227,
          "hz": 6832.70888123896
        },
        {
          "acoustic_entropy": 10.798735618591309,
          "acoustic_entropy_side": 10.670893669128418,
          "hz": 7499.796634079867
        },
        {
          "acoustic_entropy": 10.772479057312012,
          "acoustic_entropy_side": 10.725046157836914,
          "hz": 8225.96088609342
        },
        {
          "acoustic_entropy": 10.793310165405273,
          "acoustic_entropy_side": 10.734077453613281,
          "hz": 9016.43338188839
        },
        {
          "acoustic_entropy": 10.794690132141113,
          "acoustic_entropy_side": 10.757461547851562,
          "hz": 9876.909183162974
        },
        {
          "acoustic_entropy": 10.8201322555542,
          "acoustic_entropy_side": 10.58474349975586,
          "hz": 10813.587699516042
        },
        {
          "acoustic_entropy": 11.019189834594727,
          "acoustic_entropy_side": 10.61484432220459,
          "hz": 11833.21735289826
        },
        {
          "acoustic_entropy": 10.505126953125,
          "acoustic_entropy_side": 10.519430160522461,
          "hz": 12943.144197493959
        },
        {
          "acoustic_entropy": 10.701419830322266,
          "acoustic_entropy_side": 10.521039962768555,
          "hz": 14151.364845322005
        },
        {
          "acoustic_entropy": 10.462591171264648,
          "acoustic_entropy_side": 10.50014591217041,
          "hz": 15466.58407886509
        },
        {
          "acoustic_entropy": 10.088869094848633,
          "acoustic_entropy_side": 10.306278228759766,
          "hz": 16898.27756580493
        },
        {
          "acoustic_entropy": 10.294866561889648,
          "acoustic_entropy_side": 10.46662712097168,
          "hz": 18456.760127700032
        },
        {
          "acoustic_entropy": 10.368907928466797,
          "acoustic_entropy_side": 10.542917251586914,
          "hz": 20153.260054456492
        },
        {
          "acoustic_entropy": 10.542917251586914,
          "acoustic_entropy_side": 10.539746284484863,
          "hz": 22000.00000000001
        }
      ],
      "diff_acoustic_entropy": 12.133391380310059,
      "sn": 12
    },
    {
      "acoustic_entropy": 15.510416984558105,
      "acoustic_entropy_mono": 13.020954132080078,
      "band_eliminated_acoustic_entropies": [
        {
          "acoustic_entropy": 15.708128929138184,
          "acoustic_entropy_side": 15.50912857055664,
          "hz": 129.47220167065723
        },
        {
          "acoustic_entropy": 15.784738540649414,
          "acoustic_entropy_side": 15.603269577026367,
          "hz": 202.92927478742237
        },
        {
          "acoustic_entropy": 16.312734603881836,
          "acoustic_entropy_side": 16.1904354095459,
          "hz": 282.89161906338205
        },
        {
          "acoustic_entropy": 15.854105949401855,
          "acoustic_entropy_side": 15.8558931350708,
          "hz": 369.9353335868758
        },
        {
          "acoustic_entropy": 15.739988327026367,
          "acoustic_entropy_side": 15.397222518920898,
          "hz": 464.6875360973435
        },
        {
          "acoustic_entropy": 16.03677749633789,
          "acoustic_entropy_side": 15.825665473937988,
          "hz": 567.8308811364784
        },
        {
          "acoustic_entropy": 15.83411693572998,
          "acoustic_entropy_side": 15.721983909606934,
          "hz": 680.1084783214808
        },
        {
          "acoustic_entropy": 16.22308921813965,
          "acoustic_entropy_side": 15.890251159667969,
          "hz": 802.3292461747484
        },
        {
          "acoustic_entropy": 15.722859382629395,
          "acoustic_entropy_side": 15.44699764251709,
          "hz": 935.3737400823702
        },
        {
          "acoustic_entropy": 15.77467155456543,
          "acoustic_entropy_side": 15.688642501831055,
          "hz": 1080.2004963696966
        },
        {
          "acoustic_entropy": 15.83420467376709,
          "acoustic_entropy_side": 15.462645530700684,
          "hz": 1237.8529382007157
        },
        {
          "acoustic_entropy": 15.810839653015137,
          "acoustic_entropy_side": 15.773332595825195,
          "hz": 1409.4668930556702
        },
        {
          "acoustic_entropy": 15.680299758911133,
          "acoustic_entropy_side": 15.697509765625,
          "hz": 1596.2787759475705
        },
        {
          "acoustic_entropy": 15.699069023132324,
          "acoustic_entropy_side": 15.627434730529785,
          "hz": 1799.6344973346393
        },
        {
          "acoustic_entropy": 16.017431259155273,
          "acoustic_entropy_side": 15.7452392578125,
          "hz": 2020.9991599069049
        },
        {
          "acoustic_entropy": 15.148706436157227,
          "acoustic_entropy_side": 15.582263946533203,
          "hz": 2261.9676141086993
        },
        {
          "acoustic_entropy": 15.49479866027832,
          "acoustic_entropy_side": 15.654860496520996,
          "hz": 2524.2759484456974
        },
        {
          "acoustic_entropy": 15.821285247802734,
          "acoustic_entropy_side": 15.752683639526367,
          "hz": 2809.813997359896
        },
        {
          "acoustic_entropy": 16.1462345123291,
