{
  "acoustic_entropy": 234.85992431640625,
  "bands": [
    {
      "high_freq": 148.1999969482422,
      "loudness": -36.02791976928711,
      "loudness_range": 19.82688331604004,
      "mid_mean": -34.996803283691406,
      "mid_to_side_loudness": -2.6390445232391357,
      "mid_to_side_loudness_range": 12.506669998168945,
      "side_mean": -37.74888610839844
    },
    {
      "high_freq": 392.3793640136719,
      "loudness": -25.09317970275879,
      "loudness_range": 8.012109756469727,
      "low_freq": 148.1999969482422,
      "mid_mean": -23.308412551879883,
      "mid_to_side_loudness": -3.1233723163604736,
      "mid_to_side_loudness_range": 8.792047500610352,
      "side_mean": -26.531028747558594
    },
    {
      "high_freq": 794.6976318359375,
      "loudness": -26.897146224975586,
      "loudness_range": 9.951423645019531,
      "low_freq": 392.3793640136719,
      "mid_mean": -24.984716415405273,
      "mid_to_side_loudness": -3.417490005493164,
      "mid_to_side_loudness_range": 7.131363391876221,
      "side_mean": -28.418323516845703
    },
    {
      "high_freq": 1457.5709228515625,
      "loudness": -29.22414207458496,
      "loudness_range": 15.496232986450195,
      "low_freq": 794.6976318359375,
      "mid_mean": -27.108154296875,
      "mid_to_side_loudness": -4.325268268585205,
      "mid_to_side_loudness_range": 9.4505033493042,
      "side_mean": -31.514738082885742
    },
    {
      "high_freq": 2549.74365234375,
      "loudness": -32.11370849609375,
      "loudness_range": 22.496742248535156,
      "low_freq": 1457.5709228515625,
      "mid_mean": -29.82807159423828,
      "mid_to_side_loudness": -4.959586143493652,
      "mid_to_side_loudness_range": 9.169797897338867,
      "side_mean": -34.866371154785156
    },
    {
      "high_freq": 4349.24462890625,
      "loudness": -40.02337646484375,
      "loudness_range": 24.780550003051758,
      "low_freq": 2549.74365234375,
      "mid_mean": -37.94205856323242,
      "mid_to_side_loudness": -3.8438594341278076,
      "mid_to_side_loudness_range": 7.734477996826172,
      "side_mean": -41.88277816772461
    },
    {
      "high_freq": 7314.1640625,
      "loudness": -41.45600891113281,
      "loudness_range": 25.436742782592773,
      "low_freq": 4349.24462890625,
      "mid_mean": -39.08971405029297,
      "mid_to_side_loudness": -5.251317977905273,
      "mid_to_side_loudness_range": 9.578075408935547,
      "side_mean": -44.55105209350586
    },
    {
      "high_freq": 12199.2666015625,
      "loudness": -48.64960861206055,
      "loudness_range": 31.742603302001953,
      "low_freq": 7314.1640625,
      "mid_mean": -46.289520263671875,
      "mid_to_side_loudness": -4.556796073913574,
      "mid_to_side_loudness_range": 7.769003391265869,
      "side_mean": -51.587825775146484
    },
    {
      "loudness": -59.27825927734375,
      "loudness_range": 32.46510696411133,
      "low_freq": 12199.2666015625,
      "mid_mean": -56.8328742980957,
      "mid_to_side_loudness": -4.310427665710449,
      "mid_to_side_loudness_range": 8.047282218933105,
      "side_mean": -60.25093078613281
    }
  ],
  "bands_short": [
    {
      "high_freq": 148.1999969482422,
      "loudness": -39.81625747680664,
      "loudness_range": 26.954973220825195,
      "mid_mean": -39.58525085449219,
      "mid_to_side_loudness": -2.2997803688049316,
      "mid_to_side_loudness_range": 18.269729614257812,
      "side_mean": -42.1890983581543
    },
    {
      "high_freq": 392.3793640136719,
      "loudness": -25.138248443603516,
      "loudness_range": 9.055473327636719,
      "low_freq": 148.1999969482422,
      "mid_mean": -23.489200592041016,
      "mid_to_side_loudness": -3.067591667175293,
      "mid_to_side_loudness_range": 10.712725639343262,
      "side_mean": -26.676105499267578
    },
    {
      "high_freq": 794.6976318359375,
      "loudness": -28.505088806152344,
      "loudness_range": 12.921850204467773,
      "low_freq": 392.3793640136719,
      "mid_mean": -26.589889526367188,
      "mid_to_side_loudness": -3.9252517223358154,
      "mid_to_side_loudness_range": 10.559000015258789,
      "side_mean": -30.53570556640625
    },
    {
      "high_freq": 1457.5709228515625,
      "loudness": -27.972620010375977,
      "loudness_range": 15.169620513916016,
      "low_freq": 794.6976318359375,
      "mid_mean": -26.22903060913086,
      "mid_to_side_loudness": -3.4492673873901367,
      "mid_to_side_loudness_range": 10.843443870544434,
      "side_mean": -29.767192840576172
    },
    {
      "high_freq": 2549.74365234375,
      "loudness": -32.60784912109375,
      "loudness_range": 23.46290397644043,
      "low_freq": 1457.5709228515625,
      "mid_mean": -30.50339126586914,
      "mid_to_side_loudness": -4.7602972984313965,
      "mid_to_side_loudness_range": 12.576406478881836,
      "side_mean": -35.40924835205078
    },
    {
      "high_freq": 4349.24462890625,
      "loudness": -40.3392333984375,
      "loudness_range": 26.74393081665039,
      "low_freq": 2549.74365234375,
      "mid_mean": -38.590389251708984,
      "mid_to_side_loudness": -3.3129591941833496,
      "mid_to_side_loudness_range": 10.013544082641602,
      "side_mean": -42.27803039550781
    },
    {
      "high_freq": 7314.1640625,
      "loudness": -42.6196174621582,
      "loudness_range": 27.122974395751953,
      "low_freq": 4349.24462890625,
      "mid_mean": -40.6719856262207,
      "mid_to_side_loudness": -4.29652738571167,
      "mid_to_side_loudness_range": 12.164915084838867,
      "side_mean": -45.491668701171875
    },
    {
      "high_freq": 12199.2666015625,
      "loudness": -50.22665786743164,
      "loudness_range": 31.638870239257812,
      "low_freq": 7314.1640625,
      "mid_mean": -48.63093185424805,
      "mid_to_side_loudness": -3.6377854347229004,
      "mid_to_side_loudness_range": 10.016676902770996,
      "side_mean": -52.67620849609375
    },
    {
      "loudness": -61.731903076171875,
      "loudness_range": 28.593021392822266,
      "low_freq": 12199.2666015625,
      "mid_mean": -59.04940414428711,
      "mid_to_side_loudness": -3.297680377960205,
      "mid_to_side_loudness_range": 7.4429426193237305,
      "side_mean": -61.488609313964844
    }
  ],
  "bandwidth": 709.9171752929688,
  "channels": 2,
  "covariance": [
    [
      61.54241180419922,
      52.593753814697266,
      8.592259407043457,
      6.694624423980713,
      12.65394115447998,
      8.733992576599121,
      17.838777542114258,
      15.772601127624512,
      17.439306259155273,
      17.289892196655273,
      35.81402587890625,
      36.73790740966797,
      11.095584869384766,
      13.046246528625488,
      -6.420428276062012,
      -3.6567440032958984,
      -10.558337211608887,
      -6.283567428588867
    ],
    [
      52.593753814697266,
      74.66043853759766,
      10.904492378234863,
      9.688225746154785,
      16.345993041992188,
      11.551283836364746,
      19.33013153076172,
      17.242534637451172,
      17.70309829711914,
      17.356369018554688,
      34.39923858642578,
      35.29174041748047,
      8.250479698181152,
      10.35245418548584,
      -10.185240745544434,
      -6.371164798736572,
      -12.656275749206543,
      -8.10312557220459
    ],
    [
      8.592259407043457,
      10.904492378234863,
      10.963266372680664,
      8.796077728271484,
      6.209610939025879,
      5.351606369018555,
      5.689513206481934,
      4.460556983947754,
      3.591235399246216,
      3.691878318786621,
      6.815400123596191,
      7.064995765686035,
      5.322516918182373,
      5.199469566345215,
      0.6823981404304504,
      -0.3975909948348999,
      2.1391000747680664,
      1.7113757133483887
    ],
    [
      6.694624423980713,
      9.688225746154785,
      8.796077728271484,
      16.207275390625,
      6.40629243850708,
      4.9574294090271,
      1.4696449041366577,
      1.7967256307601929,
      0.26944679021835327,
      1.6593374013900757,
      0.6456905603408813,
      2.265134334564209,
      -0.8511249423027039,
      0.7038416862487793,
      -1.6079771518707275,
      -1.1302520036697388,
      1.2228832244873047,
      1.295072078704834
    ],
    [
      12.65394115447998,
      16.345993041992188,
      6.209610939025879,
      6.40629243850708,
      15.182594299316406,
      11.92259693145752,
      8.21804141998291,
      5.780073642730713,
      11.0971097946167,
      11.454485893249512,
      15.025150299072266,
      14.53159236907959,
      10.138484954833984,
      9.137983322143555,
      1.334782361984253,
      -0.7000448703765869,
      2.9763214588165283,
      1.7357544898986816
    ],
    [
      8.733992576599121,
      11.551283836364746,
      5.351606369018555,
      4.9574294090271,
      11.92259693145752,
      15.881476402282715,
      4.758166313171387,
      3.27462100982666,
      7.326635837554932,
      9.77893352508545,
      12.041257858276367,
      13.340058326721191,
      11.132070541381836,
      12.048270225524902,
      10.334617614746094,
      8.26663875579834,
      9.986180305480957,
      7.2845306396484375
    ],
    [
      17.838777542114258,
      19.33013153076172,
      5.689513206481934,
      1.4696449041366577,
      8.21804141998291,
      4.758166313171387,
      35.60686111450195,
      23.545654296875,
      33.256187438964844,
      22.58348846435547,
      40.374202728271484,
      31.709421157836914,
      21.209863662719727,
      11.437788963317871,
      -10.483139991760254,
      -13.358316421508789,
      -12.885639190673828,
      -10.29848861694336
    ],
    [
      15.772601127624512,
      17.242534637451172,
      4.460556983947754,
      1.7967256307601929,
      5.780073642730713,
      3.27462100982666,
      23.545654296875,
      23.137950897216797,
      19.106992721557617,
      13.88168716430664,
      27.239620208740234,
      22.918560028076172,
      15.304858207702637,
      10.129673957824707,
      -5.113540172576904,
      -5.414595603942871,
      -5.776770114898682,
      -3.995211362838745
    ],
    [
      17.439306259155273,
      17.70309829711914,
      3.591235399246216,
      0.26944679021835327,
      11.0971097946167,
      7.326635837554932,
      33.256187438964844,
      19.106992721557617,
      59.677406311035156,
      42.43189239501953,
      54.49927520751953,
      41.596858978271484,
      29.3807373046875,
      16.29958724975586,
      -10.271327018737793,
      -16.937345504760742,
      -16.980911254882812,
      -16.11298942565918
    ],
    [
      17.289892196655273,
      17.356369018554688,
      3.691878318786621,
      1.6593374013900757,
      11.454485893249512,
      9.77893352508545,
      22.58348846435547,
      13.88168716430664,
      42.43189239501953,
      36.64096450805664,
      43.987525939941406,
      37.122032165527344,
      26.261856079101562,
      19.981477737426758,
      2.506161689758301,
      -2.4733059406280518,
      -5.180669784545898,
      -5.609790325164795
    ],
    [
      35.81402587890625,
      34.39923858642578,
      6.815400123596191,
      0.6456905603408813,
      15.025150299072266,
      12.041257858276367,
      40.374202728271484,
      27.239620208740234,
      54.49927520751953,
      43.987525939941406,
      86.11664581298828,
      75.8009033203125,
      50.30210876464844,
      42.78339385986328,
      13.355103492736816,
      7.5993547439575195,
      -2.5070998668670654,
      -2.0313491821289062
    ],
    [
      36.73790740966797,
      35.29174041748047,
      7.064995765686035,
      2.265134334564209,
      14.53159236907959,
      13.340058326721191,
      31.709421157836914,
      22.918560028076172,
      41.596858978271484,
      37.122032165527344,
      75.8009033203125,
      73.55818939208984,
      44.791015625,
      43.59265899658203,
      22.140214920043945,
      18.64196014404297,
      4.711966037750244,
      4.826823711395264
    ],
    [
      11.095584869384766,
      8.250479698181152,
      5.322516918182373,
      -0.8511249423027039,
      10.138484954833984,
      11.132070541381836,
      21.209863662719727,
      15.304858207702637,
      29.3807373046875,
      26.261856079101562,
      50.30210876464844,
      44.791015625,
      81.59062957763672,
      71.06614685058594,
      51.559539794921875,
      39.00965118408203,
      53.92788314819336,
      39.989566802978516
    ],
    [
      13.046246528625488,
      10.35245418548584,
      5.199469566345215,
      0.7038416862487793,
      9.137983322143555,
      12.048270225524902,
      11.437788963317871,
      10.129673957824707,
      16.29958724975586,
      19.981477737426758,
      42.78339385986328,
      43.59265899658203,
      71.06614685058594,
      74.12520599365234,
      58.82603454589844,
      49.845333099365234,
      57.26582717895508,
      44.58218765258789
    ],
    [
      -6.420428276062012,
      -10.185240745544434,
      0.6823981404304504,
      -1.6079771518707275,
      1.334782361984253,
      10.334617614746094,
      -10.483139991760254,
      -5.113540172576904,
      -10.271327018737793,
      2.506161689758301,
      13.355103492736816,
      22.140214920043945,
      51.559539794921875,
      58.82603454589844,
      131.53631591796875,
      116.7786865234375,
      99.35331726074219,
      75.77572631835938
    ],
    [
      -3.6567440032958984,
      -6.371164798736572,
      -0.3975909948348999,
      -1.1302520036697388,
      -0.7000448703765869,
      8.26663875579834,
      -13.358316421508789,
      -5.414595603942871,
      -16.937345504760742,
      -2.4733059406280518,
      7.5993547439575195,
      18.64196014404297,
      39.00965118408203,
      49.845333099365234,
      116.7786865234375,
      120.9308090209961,
      93.7103042602539,
      72.76046752929688
    ],
    [
      -10.558337211608887,
      -12.656275749206543,
      2.1391000747680664,
      1.2228832244873047,
      2.9763214588165283,
      9.986180305480957,
      -12.885639190673828,
      -5.776770114898682,
      -16.980911254882812,
      -5.180669784545898,
      -2.5070998668670654,
      4.711966037750244,
      53.92788314819336,
      57.26582717895508,
      99.35331726074219,
      93.7103042602539,
      102.67514038085938,
      77.51520538330078
    ],
    [
      -6.283567428588867,
      -8.10312557220459,
      1.7113757133483887,
      1.295072078704834,
      1.7357544898986816,
      7.2845306396484375,
      -10.29848861694336,
      -3.995211362838745,
      -16.11298942565918,
      -5.609790325164795,
      -2.0313491821289062,
      4.826823711395264,
      39.989566802978516,
      44.58218765258789,
      75.77572631835938,
      72.76046752929688,
      77.51520538330078,
      60.182281494140625
    ]
  ],
  "covariance_short": [
    [
      105.6551284790039,
      87.28927612304688,
      9.822859764099121,
      6.764352321624756,
      19.21741485595703,
      19.54170036315918,
      15.267614364624023,
      13.366182327270508,
      11.634895324707031,
      17.675260543823242,
      49.666282653808594,
      51.161014556884766,
      30.285472869873047,
      32.80117416381836,
      22.63685417175293,
      20.85268783569336,
      14.075788497924805,
      10.852384567260742
    ],
    [
      87.28927612304688,
      119.45023345947266,
      11.975431442260742,
      7.806262016296387,
      23.22513771057129,
      22.017642974853516,
      15.452519416809082,
      13.555696487426758,
      9.875121116638184,
      16.662616729736328,
      47.1507568359375,
      48.868473052978516,
      26.152469635009766,
      28.01078224182129,
      18.075834274291992,
      17.726545333862305,
      11.974556922912598,
      9.340907096862793
    ],
    [
      9.822859764099121,
      11.975431442260742,
      14.309977531433105,
      9.650296211242676,
      7.178508758544922,
      5.580053329467773,
      5.917052745819092,
      5.249270915985107,
      3.536350965499878,
      3.266749620437622,
      7.268133640289307,
      7.226535320281982,
      4.984875202178955,
      5.2071661949157715,
      1.997667908668518,
      0.3186637759208679,
      3.6889402866363525,
      2.6556901931762695
    ],
    [
      6.764352321624756,
      7.806262016296387,
      9.650296211242676,
      19.163835525512695,
      8.224637031555176,
      4.936182498931885,
      2.1994471549987793,
      2.1724796295166016,
      0.010400364175438881,
      1.3588111400604248,
      1.0476938486099243,
      2.267151117324829,
      -0.7508804202079773,
      0.860711932182312,
      -1.290641188621521,
      -1.2376611232757568,
      0.8952046632766724,
      0.9452086687088013
    ],
    [
      19.21741485595703,
      23.22513771057129,
      7.178508758544922,
      8.224637031555176,
      24.23397445678711,
      16.6441593170166,
      7.555008411407471,
      3.6658449172973633,
      13.658981323242188,
      13.146262168884277,
      21.607505798339844,
      20.390554428100586,
      15.906025886535645,
      13.159248352050781,
      3.107428550720215,
      -0.15407386422157288,
      5.1850972175598145,
      2.8401849269866943
    ],
    [
      19.54170036315918,
      22.017642974853516,
      5.580053329467773,
      4.936182498931885,
      16.6441593170166,
      23.009737014770508,
      4.9377546310424805,
      3.0124027729034424,
      8.328655242919922,
      10.450907707214355,
      17.451740264892578,
      19.668672561645508,
      14.518767356872559,
      15.62472152709961,
      10.379371643066406,
      8.173513412475586,
      9.719917297363281,
      7.384016036987305
    ],
    [
      15.267614364624023,
      15.452519416809082,
      5.917052745819092,
      2.1994471549987793,
      7.555008411407471,
      4.9377546310424805,
      34.93850326538086,
      21.887134552001953,
      31.45236587524414,
      20.79020118713379,
      34.98826217651367,
      27.09967041015625,
      23.470746994018555,
      12.329774856567383,
      2.482959270477295,
      -4.443598747253418,
      0.8695908784866333,
      -2.174027919769287
    ],
    [
      13.366182327270508,
      13.555696487426758,
      5.249270915985107,
      2.1724796295166016,
      3.6658449172973633,
      3.0124027729034424,
      21.887134552001953,
      24.928646087646484,
      16.968490600585938,
      12.376992225646973,
      19.706981658935547,
      16.553455352783203,
      13.335518836975098,
      8.018325805664062,
      3.4961769580841064,
      -0.2785135805606842,
      2.374948501586914,
      0.3506375849246979
    ],
    [
      11.634895324707031,
      9.875121116638184,
      3.536350965499878,
      0.010400364175438881,
      13.658981323242188,
      8.328655242919922,
      31.45236587524414,
      16.968490600585938,
      69.26860046386719,
      45.17044448852539,
      61.20159149169922,
      45.9390983581543,
      41.5968132019043,
      25.22625732421875,
      5.685036659240723,
      -8.14299201965332,
      -0.6856055855751038,
      -6.58115816116333
    ],
    [
      17.675260543823242,
      16.662616729736328,
      3.266749620437622,
      1.3588111400604248,
      13.146262168884277,
      10.450907707214355,
      20.79020118713379,
      12.376992225646973,
      45.17044448852539,
      41.73119354248047,
      46.927940368652344,
      39.3996696472168,
      32.630924224853516,
      25.825963973999023,
      14.516950607299805,
      4.9278788566589355,
      5.651122570037842,
      0.8508073687553406
    ],
    [
      49.666282653808594,
      47.1507568359375,
      7.268133640289307,
      1.0476938486099243,
      21.607505798339844,
      17.451740264892578,
      34.98826217651367,
      19.706981658935547,
      61.20159149169922,
      46.927940368652344,
      103.07196807861328,
      82.9508285522461,
      69.32456970214844,
      54.38874435424805,
      35.73167419433594,
      19.519834518432617,
      20.552038192749023,
      10.616719245910645
    ],
    [
      51.161014556884766,
      48.868473052978516,
      7.226535320281982,
      2.267151117324829,
      20.390554428100586,
      19.668672561645508,
      27.09967041015625,
      16.553455352783203,
      45.9390983581543,
      39.3996696472168,
      82.9508285522461,
      80.26806640625,
      58.333106994628906,
      52.52587127685547,
      42.528900146484375,
      29.802444458007812,
      24.72395896911621,
      16.02191734313965
    ],
    [
      30.285472869873047,
      26.152469635009766,
      4.984875202178955,
      -0.7508804202079773,
      15.906025886535645,
      14.518767356872559,
      23.470746994018555,
      13.335518836975098,
      41.5968132019043,
      32.630924224853516,
      69.32456970214844,
      58.333106994628906,
      96.7008285522461,
      77.33119201660156,
      59.48008728027344,
      41.644161224365234,
      55.19536590576172,
      39.287254333496094
    ],
    [
      32.80117416381836,
      28.01078224182129,
      5.2071661949157715,
      0.860711932182312,
      13.159248352050781,
      15.62472152709961,
      12.329774856567383,
      8.018325805664062,
      25.22625732421875,
      25.825963973999023,
      54.38874435424805,
      52.52587127685547,
      77.33119201660156,
      82.75525665283203,
      68.69800567626953,
      55.886451721191406,
      58.75105285644531,
      44.95305633544922
    ],
    [
      22.63685417175293,
      18.075834274291992,
      1.997667908668518,
      -1.290641188621521,
      3.107428550720215,
      10.379371643066406,
      2.482959270477295,
      3.4961769580841064,
      5.685036659240723,
      14.516950607299805,
      35.73167419433594,
      42.528900146484375,
      59.48008728027344,
      68.69800567626953,
      132.67877197265625,
      116.3698959350586,
      89.45073699951172,
      70.55109405517578
    ],
    [
      20.85268783569336,
      17.726545333862305,
      0.3186637759208679,
      -1.2376611232757568,
      -0.15407386422157288,
      8.173513412475586,
      -4.443598747253418,
      -0.2785135805606842,
      -8.14299201965332,
      4.9278788566589355,
      19.519834518432617,
      29.802444458007812,
      41.644161224365234,
      55.886451721191406,
      116.3698959350586,
      119.07027435302734,
      82.00652313232422,
      66.66913604736328
    ],
    [
      14.075788497924805,
      11.974556922912598,
      3.6889402866363525,
      0.8952046632766724,
      5.1850972175598145,
      9.719917297363281,
      0.8695908784866333,
      2.374948501586914,
      -0.6856055855751038,
      5.651122570037842,
      20.552038192749023,
      24.72395896911621,
      55.19536590576172,
      58.75105285644531,
      89.45073699951172,
      82.00652313232422,
      80.65476989746094,
      62.55922317504883
    ],
    [
      10.852384567260742,
      9.340907096862793,
      2.6556901931762695,
      0.9452086687088013,
      2.8401849269866943,
      7.384016036987305,
      -2.174027919769287,
      0.3506375849246979,
      -6.58115816116333,
      0.8508073687553406,
      10.616719245910645,
      16.02191734313965,
      39.287254333496094,
      44.95305633544922,
      70.55109405517578,
      66.66913604736328,
      62.55922317504883,
      51.542572021484375
    ]
  ],
  "damage": -11.79008960723877,
  "diff_bandwidth": 796.9262084960938,
  "dissonance": 4.806061896265902,
  "drr": 6.04526948928833,
  "dynamics": 2.8499159812927246,
  "format": 1245190,
  "frames": 4926400,
  "loudness": -16.750606536865234,
  "loudness_range": 7.759039878845215,
  "loudness_range_short": 8.668510437011719,
  "lowpass_true_peak_15khz": -2.3654978275299072,
  "mastering3_acoustic_entropies": [
    {
      "acoustic_entropy": 9.24696159362793,
      "acoustic_entropy_mono": 9.825234413146973,
      "band_eliminated_acoustic_entropies": [
        {
          "acoustic_entropy": 9.244434356689453,
          "acoustic_entropy_side": 9.247920036315918,
          "hz": 129.47220167065723
        },
        {
          "acoustic_entropy": 9.542830467224121,
          "acoustic_entropy_side": 9.307825088500977,
          "hz": 202.92927478742237
        },
        {
          "acoustic_entropy": 8.991240501403809,
          "acoustic_entropy_side": 9.392884254455566,
          "hz": 282.89161906338205
        },
        {
          "acoustic_entropy": 9.284455299377441,
          "acoustic_entropy_side": 9.222994804382324,
          "hz": 369.9353335868758
        },
        {
          "acoustic_entropy": 9.421475410461426,
          "acoustic_entropy_side": 9.287354469299316,
          "hz": 464.6875360973435
        },
        {
          "acoustic_entropy": 9.776405334472656,
          "acoustic_entropy_side": 9.279316902160645,
          "hz": 567.8308811364784
        },
        {
          "acoustic_entropy": 9.524336814880371,
          "acoustic_entropy_side": 9.270859718322754,
          "hz": 680.1084783214808
        },
        {
          "acoustic_entropy": 10.241106033325195,
          "acoustic_entropy_side": 9.874397277832031,
          "hz": 802.3292461747484
        },
        {
          "acoustic_entropy": 10.081888198852539,
          "acoustic_entropy_side": 10.33056354522705,
          "hz": 935.3737400823702
        },
        {
          "acoustic_entropy": 9.526729583740234,
          "acoustic_entropy_side": 9.453670501708984,
          "hz": 1080.2004963696966
        },
        {
          "acoustic_entropy": 8.583229064941406,
          "acoustic_entropy_side": 9.342330932617188,
          "hz": 1237.8529382007157
        },
        {
          "acoustic_entropy": 10.166266441345215,
          "acoustic_entropy_side": 9.406634330749512,
          "hz": 1409.4668930556702
        },
        {
          "acoustic_entropy": 10.148272514343262,
          "acoustic_entropy_side": 9.718772888183594,
          "hz": 1596.2787759475705
        },
        {
          "acoustic_entropy": 9.499890327453613,
          "acoustic_entropy_side": 9.336637496948242,
          "hz": 1799.6344973346393
        },
        {
          "acoustic_entropy": 9.470216751098633,
          "acoustic_entropy_side": 9.206136703491211,
          "hz": 2020.9991599069049
        },
        {
          "acoustic_entropy": 9.106151580810547,
          "acoustic_entropy_side": 9.349599838256836,
          "hz": 2261.9676141086993
        },
        {
          "acoustic_entropy": 9.611665725708008,
          "acoustic_entropy_side": 9.255687713623047,
          "hz": 2524.2759484456974
        },
        {
          "acoustic_entropy": 8.764856338500977,
          "acoustic_entropy_side": 9.040315628051758,
          "hz": 2809.813997359896
        },
        {
          "acoustic_entropy": 9.039789199829102,
          "acoustic_entropy_side": 9.19200325012207,
          "hz": 3120.6389567871424
        },
        {
          "acoustic_entropy": 9.278597831726074,
          "acoustic_entropy_side": 9.144304275512695,
          "hz": 3458.990205492291
        },
        {
          "acoustic_entropy": 9.063096046447754,
          "acoustic_entropy_side": 9.159750938415527,
          "hz": 3827.305438964164
        },
        {
          "acoustic_entropy": 8.962519645690918,
          "acoustic_entropy_side": 9.20472240447998,
          "hz": 4228.238232109126
        },
        {
          "acoustic_entropy": 8.93018627166748,
          "acoustic_entropy_side": 9.148932456970215,
          "hz": 4664.6771572759235
        },
        {
          "acoustic_entropy": 9.181790351867676,
          "acoustic_entropy_side": 9.228373527526855,
          "hz": 5139.766595350093
        },
        {
          "acoustic_entropy": 9.13257122039795,
          "acoustic_entropy_side": 9.224719047546387,
          "hz": 5656.929389854203
        },
        {
          "acoustic_entropy": 9.232683181762695,
          "acoustic_entropy_side": 9.2479248046875,
          "hz": 6219.891507268283
        },
        {
          "acoustic_entropy": 9.418317794799805,
          "acoustic_entropy_side": 9.234333038330078,
          "hz": 6832.70888123896
        },
        {
          "acoustic_entropy": 9.272004127502441,
          "acoustic_entropy_side": 9.51678466796875,
          "hz": 7499.796634079867
        },
        {
          "acoustic_entropy": 10.222210884094238,
          "acoustic_entropy_side": 9.266794204711914,
          "hz": 8225.96088609342
        },
        {
          "acoustic_entropy": 9.375848770141602,
          "acoustic_entropy_side": 9.679678916931152,
          "hz": 9016.43338188839
        },
        {
          "acoustic_entropy": 9.321435928344727,
          "acoustic_entropy_side": 9.257722854614258,
          "hz": 9876.909183162974
        },
        {
          "acoustic_entropy": 9.255963325500488,
          "acoustic_entropy_side": 9.228943824768066,
          "hz": 10813.587699516042
        },
        {
          "acoustic_entropy": 9.30756950378418,
          "acoustic_entropy_side": 9.232410430908203,
          "hz": 11833.21735289826
        },
        {
          "acoustic_entropy": 9.232275009155273,
          "acoustic_entropy_side": 9.24716567993164,
          "hz": 12943.144197493959
        },
        {
          "acoustic_entropy": 9.300689697265625,
          "acoustic_entropy_side": 9.252137184143066,
          "hz": 14151.364845322005
        },
        {
          "acoustic_entropy": 9.345020294189453,
          "acoustic_entropy_side": 9.254137992858887,
          "hz": 15466.58407886509
        },
        {
          "acoustic_entropy": 9.25220775604248,
          "acoustic_entropy_side": 9.25153636932373,
          "hz": 16898.27756580493
        },
        {
          "acoustic_entropy": 9.249893188476562,
          "acoustic_entropy_side": 9.247209548950195,
          "hz": 18456.760127700032
        },
        {
          "acoustic_entropy": 9.241676330566406,
          "acoustic_entropy_side": 9.246840476989746,
          "hz": 20153.260054456492
        },
        {
          "acoustic_entropy": 9.246639251708984,
          "acoustic_entropy_side": 9.246956825256348,
          "hz": 22000.00000000001
        }
      ],
      "diff_acoustic_entropy": 3.72237229347229,
      "sn": 6
    },
    {
      "acoustic_entropy": 14.878463745117188,
      "acoustic_entropy_mono": 14.271858215332031,
      "band_eliminated_acoustic_entropies": [
        {
          "acoustic_entropy": 14.868419647216797,
          "acoustic_entropy_side": 14.878911972045898,
          "hz": 129.47220167065723
        },
        {
          "acoustic_entropy": 14.679743766784668,
          "acoustic_entropy_side": 14.959098815917969,
          "hz": 202.92927478742237
        },
        {
          "acoustic_entropy": 13.878534317016602,
          "acoustic_entropy_side": 14.887826919555664,
          "hz": 282.89161906338205
        },
        {
          "acoustic_entropy": 15.197866439819336,
          "acoustic_entropy_side": 15.010664939880371,
          "hz": 369.9353335868758
        },
        {
          "acoustic_entropy": 14.493880271911621,
          "acoustic_entropy_side": 14.89767837524414,
          "hz": 464.6875360973435
        },
        {
          "acoustic_entropy": 14.550140380859375,
          "acoustic_entropy_side": 14.65188980102539,
          "hz": 567.8308811364784
        },
        {
          "acoustic_entropy": 15.323187828063965,
          "acoustic_entropy_side": 14.879109382629395,
          "hz": 680.1084783214808
        },
        {
          "acoustic_entropy": 14.810073852539062,
          "acoustic_entropy_side": 14.484692573547363,
          "hz": 802.3292461747484
        },
        {
          "acoustic_entropy": 14.518669128417969,
          "acoustic_entropy_side": 14.4779052734375,
          "hz": 935.3737400823702
        },
        {
          "acoustic_entropy": 14.680004119873047,
          "acoustic_entropy_side": 15.424050331115723,
          "hz": 1080.2004963696966
        },
        {
          "acoustic_entropy": 13.398553848266602,
          "acoustic_entropy_side": 14.817155838012695,
          "hz": 1237.8529382007157
        },
        {
          "acoustic_entropy": 15.0302734375,
          "acoustic_entropy_side": 14.9176607131958,
          "hz": 1409.4668930556702
        },
        {
          "acoustic_entropy": 15.251338958740234,
          "acoustic_entropy_side": 15.357589721679688,
          "hz": 1596.2787759475705
        },
        {
          "acoustic_entropy": 14.375882148742676,
          "acoustic_entropy_side": 14.188119888305664,
          "hz": 1799.6344973346393
        },
        {
          "acoustic_entropy": 14.958903312683105,
          "acoustic_entropy_side": 14.957690238952637,
          "hz": 2020.9991599069049
        },
        {
          "acoustic_entropy": 13.989972114562988,
          "acoustic_entropy_side": 15.162097930908203,
          "hz": 2261.9676141086993
        },
        {
          "acoustic_entropy": 15.041186332702637,
          "acoustic_entropy_side": 14.860055923461914,
          "hz": 2524.2759484456974
        },
        {
          "acoustic_entropy": 14.590841293334961,
          "acoustic_entropy_side": 14.678653717041016,
          "hz": 2809.813997359896
        },
        {
          "acoustic_entropy": 14.804204940795898,
          "acoustic_entropy_side": 14.815205574035645,
          "hz": 3120.6389567871424
        },
        {
          "acoustic_entropy": 14.751195907592773,
          "acoustic_entropy_side": 14.853153228759766,
          "hz": 3458.990205492291
        },
        {
          "acoustic_entropy": 14.923294067382812,
          "acoustic_entropy_side": 14.873276710510254,
          "hz": 3827.305438964164
        },
        {
          "acoustic_entropy": 14.758627891540527,
          "acoustic_entropy_side": 14.739635467529297,
          "hz": 4228.238232109126
        },
        {
          "acoustic_entropy": 14.439154624938965,
          "acoustic_entropy_side": 14.7141695022583,
          "hz": 4664.6771572759235
        },
        {
          "acoustic_entropy": 14.744553565979004,
          "acoustic_entropy_side": 14.835103988647461,
          "hz": 5139.766595350093
        },
        {
          "acoustic_entropy": 14.578168869018555,
          "acoustic_entropy_side": 14.889654159545898,
          "hz": 5656.929389854203
        },
        {
          "acoustic_entropy": 14.98630428314209,
          "acoustic_entropy_side": 14.97771167755127,
          "hz": 6219.891507268283
        },
        {
          "acoustic_entropy": 14.550942420959473,
          "acoustic_entropy_side": 14.751286506652832,
          "hz": 6832.70888123896
        },
        {
          "acoustic_entropy": 14.139805793762207,
          "acoustic_entropy_side": 15.099177360534668,
          "hz": 7499.796634079867
        },
        {
          "acoustic_entropy": 14.91734790802002,
          "acoustic_entropy_side": 14.867111206054688,
          "hz": 8225.96088609342
        },
        {
          "acoustic_entropy": 15.131104469299316,
          "acoustic_entropy_side": 15.06132698059082,
          "hz": 9016.43338188839
        },
        {
          "acoustic_entropy": 14.781557083129883,
          "acoustic_entropy_side": 14.853589057922363,
          "hz": 9876.909183162974
        },
        {
          "acoustic_entropy": 15.178250312805176,
          "acoustic_entropy_side": 14.863704681396484,
          "hz": 10813.587699516042
        },
        {
          "acoustic_entropy": 14.893728256225586,
          "acoustic_entropy_side": 14.881120681762695,
          "hz": 11833.21735289826
        },
        {
          "acoustic_entropy": 14.836047172546387,
          "acoustic_entropy_side": 14.968542098999023,
          "hz": 12943.144197493959
        },
        {
          "acoustic_entropy": 14.891762733459473,
          "acoustic_entropy_side": 14.896829605102539,
          "hz": 14151.364845322005
        },
        {
          "acoustic_entropy": 14.981267929077148,
          "acoustic_entropy_side": 14.900009155273438,
          "hz": 15466.58407886509
        },
        {
          "acoustic_entropy": 14.8702392578125,
          "acoustic_entropy_side": 14.877979278564453,
          "hz": 16898.27756580493
        },
        {
          "acoustic_entropy": 14.814786911010742,
          "acoustic_entropy_side": 14.875211715698242,
          "hz": 18456.760127700032
        },
        {
          "acoustic_entropy": 14.884989738464355,
          "acoustic_entropy_side": 14.87865924835205,
          "hz": 20153.260054456492
        },
        {
          "acoustic_entropy": 14.877921104431152,
          "acoustic_entropy_side": 14.878445625305176,
          "hz": 22000.00000000001
        }
      ],
      "diff_acoustic_entropy": 5.898477077484131,
      "sn": 12
    },
    {
      "acoustic_entropy": 21.791797637939453,
      "acoustic_entropy_mono": 20.740297317504883,
      "band_eliminated_acoustic_entropies": [
        {
          "acoustic_entropy": 22.365760803222656,
          "acoustic_entropy_side": 22.11155128479004,
          "hz": 129.47220167065723
        },
        {
          "acoustic_entropy": 21.70085334777832,
          "acoustic_entropy_side": 22.10335350036621,
          "hz": 202.92927478742237
        },
        {
          "acoustic_entropy": 22.027729034423828,
          "acoustic_entropy_side": 22.30689239501953,
          "hz": 282.89161906338205
        },
        {
          "acoustic_entropy": 22.056203842163086,
          "acoustic_entropy_side": 22.08346939086914,
          "hz": 369.9353335868758
        },
        {
          "acoustic_entropy": 21.6018009185791,
          "acoustic_entropy_side": 20.995746612548828,
          "hz": 464.6875360973435
        },
        {
          "acoustic_entropy": 22.19432258605957,
          "acoustic_entropy_side": 22.066162109375,
          "hz": 567.8308811364784
        },
        {
          "acoustic_entropy": 20.978723526000977,
          "acoustic_entropy_side": 21.31847381591797,
          "hz": 680.1084783214808
        },
        {
          "acoustic_entropy": 21.549348831176758,
          "acoustic_entropy_side": 22.331754684448242,
          "hz": 802.3292461747484
        },
        {
          "acoustic_entropy": 21.263364791870117,
          "acoustic_entropy_side": 22.019296646118164,
          "hz": 935.3737400823702
        },
        {
          "acoustic_entropy": 21.549596786499023,
          "acoustic_entropy_side": 21.657384872436523,
          "hz": 1080.2004963696966
        },
        {
          "acoustic_entropy": 22.440059661865234,
          "acoustic_entropy_side": 22.933584213256836,
          "hz": 1237.8529382007157
        },
        {
          "acoustic_entropy": 22.281118392944336,
          "acoustic_entropy_side": 21.355287551879883,
          "hz": 1409.4668930556702
        },
        {
          "acoustic_entropy": 21.395675659179688,
          "acoustic_entropy_side": 21.89864158630371,
          "hz": 1596.2787759475705
        },
        {
          "acoustic_entropy": 21.07362937927246,
          "acoustic_entropy_side": 21.541305541992188,
          "hz": 1799.6344973346393
        },
        {
          "acoustic_entropy": 21.510061264038086,
          "acoustic_entropy_side": 21.857364654541016,
          "hz": 2020.9991599069049
        },
        {
          "acoustic_entropy": 21.567066192626953,
          "acoustic_entropy_side": 22.66836929321289,
          "hz": 2261.9676141086993
        },
        {
          "acoustic_entropy": 21.82984161376953,
          "acoustic_entropy_side": 21.73948860168457,
          "hz": 2524.2759484456974
        },
        {
          "acoustic_entropy": 21.286191940307617,
          "acoustic_entropy_side": 21.85177230834961,
          "hz": 2809.813997359896
        },
        {
          "acoustic_entropy": 21.976062774658203,
