{
  "acoustic_entropy": 120.78312683105469,
  "bands": [
    {
      "high_freq": 148.1999969482422,
      "loudness": -49.49031066894531,
      "loudness_range": 17.179744720458984,
      "mid_mean": -46.25177001953125,
      "mid_to_side_loudness": -10.705336570739746,
      "mid_to_side_loudness_range": 9.092549324035645,
      "side_mean": -57.73586654663086
    },
    {
      "high_freq": 392.3793640136719,
      "loudness": -32.01548767089844,
      "loudness_range": 12.131147384643555,
      "low_freq": 148.1999969482422,
      "mid_mean": -28.879554748535156,
      "mid_to_side_loudness": -10.095335006713867,
      "mid_to_side_loudness_range": 7.356123447418213,
      "side_mean": -39.092018127441406
    },
    {
      "high_freq": 794.6976318359375,
      "loudness": -38.51676940917969,
      "loudness_range": 19.888668060302734,
      "low_freq": 392.3793640136719,
      "mid_mean": -35.622928619384766,
      "mid_to_side_loudness": -7.751760005950928,
      "mid_to_side_loudness_range": 9.018555641174316,
      "side_mean": -43.54169464111328
    },
    {
      "high_freq": 1457.5709228515625,
      "loudness": -45.03923416137695,
      "loudness_range": 18.844482421875,
      "low_freq": 794.6976318359375,
      "mid_mean": -41.91779708862305,
      "mid_to_side_loudness": -9.128653526306152,
      "mid_to_side_loudness_range": 7.010697841644287,
      "side_mean": -53.000274658203125
    },
    {
      "high_freq": 2549.74365234375,
      "loudness": -47.44208526611328,
      "loudness_range": 22.108905792236328,
      "low_freq": 1457.5709228515625,
      "mid_mean": -44.77595901489258,
      "mid_to_side_loudness": -10.130850791931152,
      "mid_to_side_loudness_range": 6.870307445526123,
      "side_mean": -56.19169616699219
    },
    {
      "high_freq": 4349.24462890625,
      "loudness": -56.269004821777344,
      "loudness_range": 24.245792388916016,
      "low_freq": 2549.74365234375,
      "mid_mean": -55.43532943725586,
      "mid_to_side_loudness": -9.236360549926758,
      "mid_to_side_loudness_range": 7.341565132141113,
      "side_mean": -62.39424133300781
    },
    {
      "high_freq": 7314.1640625,
      "loudness": -65.35270690917969,
      "loudness_range": 25.250228881835938,
      "low_freq": 4349.24462890625,
      "mid_mean": -62.12153625488281,
      "mid_to_side_loudness": -8.64687728881836,
      "mid_to_side_loudness_range": 8.358152389526367,
      "side_mean": -66.87118530273438
    },
    {
      "high_freq": 12199.2666015625,
      "loudness": -77.44922637939453,
      "loudness_range": 17.576675415039062,
      "low_freq": 7314.1640625,
      "mid_mean": -68.12191772460938,
      "mid_to_side_loudness": -6.606837272644043,
      "mid_to_side_loudness_range": 7.670932769775391,
      "side_mean": -69.55536651611328
    },
    {
      "loudness": -80.96318817138672,
      "loudness_range": 4.287742614746094,
      "low_freq": 12199.2666015625,
      "mid_mean": -69.458251953125,
      "mid_to_side_loudness": -3.5741477012634277,
      "mid_to_side_loudness_range": 3.081467390060425,
      "side_mean": -69.77734375
    }
  ],
  "bands_short": [
    {
      "high_freq": 148.1999969482422,
      "loudness": -55.05950927734375,
      "loudness_range": 22.899600982666016,
      "mid_mean": -53.482215881347656,
      "mid_to_side_loudness": -10.324967384338379,
      "mid_to_side_loudness_range": 14.892033576965332,
      "side_mean": -61.795555114746094
    },
    {
      "high_freq": 392.3793640136719,
      "loudness": -32.79929733276367,
      "loudness_range": 14.160795211791992,
      "low_freq": 148.1999969482422,
      "mid_mean": -29.735151290893555,
      "mid_to_side_loudness": -9.829575538635254,
      "mid_to_side_loudness_range": 9.555631637573242,
      "side_mean": -39.67618942260742
    },
    {
      "high_freq": 794.6976318359375,
      "loudness": -38.44975280761719,
      "loudness_range": 19.92462158203125,
      "low_freq": 392.3793640136719,
      "mid_mean": -35.73093795776367,
      "mid_to_side_loudness": -7.784608840942383,
      "mid_to_side_loudness_range": 10.846694946289062,
      "side_mean": -43.5999870300293
    },
    {
      "high_freq": 1457.5709228515625,
      "loudness": -45.99214172363281,
      "loudness_range": 20.54525375366211,
      "low_freq": 794.6976318359375,
      "mid_mean": -42.99064254760742,
      "mid_to_side_loudness": -8.81779670715332,
      "mid_to_side_loudness_range": 9.566692352294922,
      "side_mean": -53.61729431152344
    },
    {
      "high_freq": 2549.74365234375,
      "loudness": -48.85546112060547,
      "loudness_range": 24.30658721923828,
      "low_freq": 1457.5709228515625,
      "mid_mean": -46.3845100402832,
      "mid_to_side_loudness": -9.57086181640625,
      "mid_to_side_loudness_range": 10.131572723388672,
      "side_mean": -56.96686553955078
    },
    {
      "high_freq": 4349.24462890625,
      "loudness": -58.254425048828125,
      "loudness_range": 26.820785522460938,
      "low_freq": 2549.74365234375,
      "mid_mean": -57.13446044921875,
      "mid_to_side_loudness": -8.256037712097168,
      "mid_to_side_loudness_range": 9.90605354309082,
      "side_mean": -63.107826232910156
    },
    {
      "high_freq": 7314.1640625,
      "loudness": -67.78594207763672,
      "loudness_range": 27.532089233398438,
      "low_freq": 4349.24462890625,
      "mid_mean": -63.922306060791016,
      "mid_to_side_loudness": -7.024271011352539,
      "mid_to_side_loudness_range": 10.54980182647705,
      "side_mean": -67.33978271484375
    },
    {
      "high_freq": 12199.2666015625,
      "loudness": -79.35453796386719,
      "loudness_range": 15.933700561523438,
      "low_freq": 7314.1640625,
      "mid_mean": -68.65843200683594,
      "mid_to_side_loudness": -5.050652980804443,
      "mid_to_side_loudness_range": 8.414029121398926,
      "side_mean": -69.60993957519531
    },
    {
      "loudness": -81.25835418701172,
      "loudness_range": 4.2760467529296875,
      "low_freq": 12199.2666015625,
      "mid_mean": -69.49111938476562,
      "mid_to_side_loudness": -3.19400954246521,
      "mid_to_side_loudness_range": 3.3162693977355957,
      "side_mean": -69.77686309814453
    }
  ],
  "bandwidth": 438.56829833984375,
  "channels": 2,
  "covariance": [
    [
      39.000701904296875,
      28.157997131347656,
      15.138304710388184,
      12.838766098022461,
      19.808563232421875,
      17.93948745727539,
      17.14876365661621,
      21.407032012939453,
      22.139057159423828,
      23.494943618774414,
      26.406288146972656,
      17.51353645324707,
      19.579334259033203,
      10.034920692443848,
      5.899464130401611,
      1.4039461612701416,
      0.8600775599479675,
      0.12203434109687805
    ],
    [
      28.157997131347656,
      38.08545684814453,
      12.793177604675293,
      11.58532428741455,
      17.75577735900879,
      16.0057373046875,
      16.303531646728516,
      36.96085739135742,
      20.52890396118164,
      34.91636276245117,
      37.15065002441406,
      22.67473030090332,
      24.414066314697266,
      11.963367462158203,
      6.891846179962158,
      1.6833738088607788,
      1.3010287284851074,
      0.3465706408023834
    ],
    [
      15.138304710388184,
      12.793177604675293,
      23.97399139404297,
      17.587583541870117,
      14.942331314086914,
      12.218562126159668,
      19.61505889892578,
      22.072322845458984,
      20.166799545288086,
      21.53070640563965,
      25.157625198364258,
      15.73759937286377,
      16.70194435119629,
      8.025786399841309,
      4.9388532638549805,
      1.2216176986694336,
      0.6626543402671814,
      0.10708804428577423
    ],
    [
      12.838766098022461,
      11.58532428741455,
      17.587583541870117,
      17.974136352539062,
      11.8109712600708,
      10.148725509643555,
      16.099018096923828,
      19.255783081054688,
      16.51276397705078,
      18.362546920776367,
      20.672096252441406,
      13.589360237121582,
      13.627076148986816,
      6.956777572631836,
      4.053495407104492,
      1.0531131029129028,
      0.5167787075042725,
      0.08473074436187744
    ],
    [
      19.808563232421875,
      17.75577735900879,
      14.942331314086914,
      11.8109712600708,
      52.20725631713867,
      42.8810920715332,
      34.64781188964844,
      32.96940612792969,
      47.22050857543945,
      40.94312286376953,
      42.47792434692383,
      27.500051498413086,
      30.7478084564209,
      15.469042778015137,
      8.47297191619873,
      1.9818830490112305,
      1.0280896425247192,
      0.14510196447372437
    ],
    [
      17.93948745727539,
      16.0057373046875,
      12.218562126159668,
      10.148725509643555,
      42.8810920715332,
      43.68906021118164,
      28.038724899291992,
      28.716840744018555,
      38.190528869628906,
      35.2853889465332,
      35.04407501220703,
      23.108278274536133,
      25.25034523010254,
      13.071456909179688,
      7.072685241699219,
      1.6564222574234009,
      0.8556202054023743,
      0.11852282285690308
    ],
    [
      17.14876365661621,
      16.303531646728516,
      19.61505889892578,
      16.099018096923828,
      34.64781188964844,
      28.038724899291992,
      44.256019592285156,
      38.87839889526367,
      44.38648986816406,
      38.629669189453125,
      45.51469421386719,
      29.753520965576172,
      31.698589324951172,
      16.18148422241211,
      9.132469177246094,
      2.239779233932495,
      1.0693928003311157,
      0.147782102227211
    ],
    [
      21.407032012939453,
      36.96085739135742,
      22.072322845458984,
      19.255783081054688,
      32.96940612792969,
      28.716840744018555,
      38.87839889526367,
      66.48043060302734,
      40.53232192993164,
      58.920631408691406,
      64.78379821777344,
      39.321781158447266,
      40.91566848754883,
      19.639766693115234,
      11.044266700744629,
      2.6873505115509033,
      1.8181699514389038,
      0.482552707195282
    ],
    [
      22.139057159423828,
      20.52890396118164,
      20.166799545288086,
      16.51276397705078,
      47.22050857543945,
      38.190528869628906,
      44.38648986816406,
      40.53232192993164,
      69.13140869140625,
      56.741966247558594,
      62.00217056274414,
      41.65650939941406,
      45.62784194946289,
      23.107553482055664,
      12.2149658203125,
      2.9059441089630127,
      1.3897473812103271,
      0.18475845456123352
    ],
    [
      23.494943618774414,
      34.91636276245117,
      21.53070640563965,
      18.362546920776367,
      40.94312286376953,
      35.2853889465332,
      38.629669189453125,
      58.920631408691406,
      56.741966247558594,
      67.78392028808594,
      70.6666488647461,
      44.99861526489258,
      47.8367919921875,
      23.50417709350586,
      12.43913459777832,
      2.984194040298462,
      1.8976123332977295,
      0.44093477725982666
    ],
    [
      26.406288146972656,
      37.15065002441406,
      25.157625198364258,
      20.672096252441406,
      42.47792434692383,
      35.04407501220703,
      45.51469421386719,
      64.78379821777344,
      62.00217056274414,
      70.6666488647461,
      88.59207153320312,
      55.994667053222656,
      59.3634147644043,
      28.22234344482422,
      15.806893348693848,
      3.607208251953125,
      2.175858497619629,
      0.48005449771881104
    ],
    [
      17.51353645324707,
      22.67473030090332,
      15.73759937286377,
      13.589360237121582,
      27.500051498413086,
      23.108278274536133,
      29.753520965576172,
      39.321781158447266,
      41.65650939941406,
      44.99861526489258,
      55.994667053222656,
      38.139400482177734,
      39.32500457763672,
      19.72712516784668,
      10.881288528442383,
      2.591081380844116,
      1.4168215990066528,
      0.28568193316459656
    ],
    [
      19.579334259033203,
      24.414066314697266,
      16.70194435119629,
      13.627076148986816,
      30.7478084564209,
      25.25034523010254,
      31.698589324951172,
      40.91566848754883,
      45.62784194946289,
      47.8367919921875,
      59.3634147644043,
      39.32500457763672,
      51.163082122802734,
      25.657764434814453,
      14.82225227355957,
      3.4522552490234375,
      1.9139971733093262,
      0.3392013907432556
    ],
    [
      10.034920692443848,
      11.963367462158203,
      8.025786399841309,
      6.956777572631836,
      15.469042778015137,
      13.071456909179688,
      16.18148422241211,
      19.639766693115234,
      23.107553482055664,
      23.50417709350586,
      28.22234344482422,
      19.72712516784668,
      25.657764434814453,
      14.313079833984375,
      7.920952796936035,
      2.0055272579193115,
      1.0327157974243164,
      0.16854023933410645
    ],
    [
      5.899464130401611,
      6.891846179962158,
      4.9388532638549805,
      4.053495407104492,
      8.47297191619873,
      7.072685241699219,
      9.132469177246094,
      11.044266700744629,
      12.2149658203125,
      12.43913459777832,
      15.806893348693848,
      10.881288528442383,
      14.82225227355957,
      7.920952796936035,
      6.849867343902588,
      1.749199390411377,
      0.8739638328552246,
      0.12265824526548386
    ],
    [
      1.4039461612701416,
      1.6833738088607788,
      1.2216176986694336,
      1.0531131029129028,
      1.9818830490112305,
      1.6564222574234009,
      2.239779233932495,
      2.6873505115509033,
      2.9059441089630127,
      2.984194040298462,
      3.607208251953125,
      2.591081380844116,
      3.4522552490234375,
      2.0055272579193115,
      1.749199390411377,
      0.5283980369567871,
      0.2301473766565323,
      0.03255088999867439
    ],
    [
      0.8600775599479675,
      1.3010287284851074,
      0.6626543402671814,
      0.5167787075042725,
      1.0280896425247192,
      0.8556202054023743,
      1.0693928003311157,
      1.8181699514389038,
      1.3897473812103271,
      1.8976123332977295,
      2.175858497619629,
      1.4168215990066528,
      1.9139971733093262,
      1.0327157974243164,
      0.8739638328552246,
      0.2301473766565323,
      0.21328696608543396,
      0.03218642994761467
    ],
    [
      0.12203434109687805,
      0.3465706408023834,
      0.10708804428577423,
      0.08473074436187744,
      0.14510196447372437,
      0.11852282285690308,
      0.147782102227211,
      0.482552707195282,
      0.18475845456123352,
      0.44093477725982666,
      0.48005449771881104,
      0.28568193316459656,
      0.3392013907432556,
      0.16854023933410645,
      0.12265824526548386,
      0.03255088999867439,
      0.03218642994761467,
      0.007172520272433758
    ]
  ],
  "covariance_short": [
    [
      79.32771301269531,
      42.93292999267578,
      19.674158096313477,
      15.174269676208496,
      24.874801635742188,
      21.281930923461914,
      22.428163528442383,
      47.04899597167969,
      29.981374740600586,
      44.545082092285156,
      47.89458084106445,
      28.23622703552246,
      28.45098876953125,
      13.561103820800781,
      6.53765344619751,
      1.8102242946624756,
      1.3867195844650269,
      0.44958677887916565
    ],
    [
      42.93292999267578,
      34.213294982910156,
      13.702922821044922,
      11.821067810058594,
      19.551727294921875,
      17.136545181274414,
      18.077959060668945,
      30.169464111328125,
      24.034364700317383,
      29.890281677246094,
      31.311534881591797,
      19.665346145629883,
      18.790748596191406,
      9.817301750183105,
      4.4059343338012695,
      1.3501509428024292,
      0.8675531148910522,
      0.261714905500412
    ],
    [
      19.674158096313477,
      13.702922821044922,
      29.712961196899414,
      20.595151901245117,
      18.939456939697266,
      14.867417335510254,
      23.372602462768555,
      23.967639923095703,
      25.36586570739746,
      23.48540687561035,
      28.291040420532227,
      17.167922973632812,
      17.519489288330078,
      8.646627426147461,
      4.376636505126953,
      1.3007806539535522,
      0.5991679430007935,
      0.12723314762115479
    ],
    [
      15.174269676208496,
      11.821067810058594,
      20.595151901245117,
      22.43324851989746,
      13.922436714172363,
      11.971722602844238,
      18.646162033081055,
      20.354032516479492,
      19.612606048583984,
      19.199363708496094,
      22.13058853149414,
      14.254607200622559,
      13.24217414855957,
      6.999255180358887,
      3.1508989334106445,
      1.020567774772644,
      0.41296884417533875,
      0.093619704246521
    ],
    [
      24.874801635742188,
      19.551727294921875,
      18.939456939697266,
      13.922436714172363,
      51.37727355957031,
      40.054443359375,
      37.652278900146484,
      35.33405303955078,
      48.29034423828125,
      40.20769119262695,
      42.71433639526367,
      26.88779640197754,
      26.873699188232422,
      14.101855278015137,
      6.132133960723877,
      1.8298572301864624,
      0.8147508502006531,
      0.15914927423000336
    ],
    [
      21.281930923461914,
      17.136545181274414,
      14.867417335510254,
      11.971722602844238,
      40.054443359375,
      43.31449890136719,
      30.464550018310547,
      31.388736724853516,
      39.916011810302734,
      35.47282409667969,
      35.800567626953125,
      23.22290802001953,
      22.672311782836914,
      12.259068489074707,
      5.245859622955322,
      1.5302157402038574,
      0.7148774862289429,
      0.1324496567249298
    ],
    [
      22.428163528442383,
      18.077959060668945,
      23.372602462768555,
      18.646162033081055,
      37.652278900146484,
      30.464550018310547,
      52.588130950927734,
      43.13129425048828,
      52.18075180053711,
      42.508907318115234,
      49.293819427490234,
      31.461626052856445,
      31.11269187927246,
      16.485801696777344,
      7.336136817932129,
      2.236506938934326,
      0.9040361046791077,
      0.1703564077615738
    ],
    [
      47.04899597167969,
      30.169464111328125,
      23.967639923095703,
      20.354032516479492,
      35.33405303955078,
      31.388736724853516,
      43.13129425048828,
      68.93812561035156,
      46.53145980834961,
      58.97197341918945,
      62.911441802978516,
      38.378597259521484,
      35.96305847167969,
      18.492843627929688,
      8.273894309997559,
      2.5007967948913574,
      1.5830366611480713,
      0.48713257908821106
    ],
    [
      29.981374740600586,
      24.034364700317383,
      25.36586570739746,
      19.612606048583984,
      48.29034423828125,
      39.916011810302734,
      52.18075180053711,
      46.53145980834961,
      80.23970031738281,
      61.7098503112793,
      67.54853820800781,
      44.00835418701172,
      44.372047424316406,
      23.277795791625977,
      9.738100051879883,
      2.8905372619628906,
      1.1766102313995361,
      0.21594104170799255
    ],
    [
      44.545082092285156,
      29.890281677246094,
      23.48540687561035,
      19.199363708496094,
      40.20769119262695,
      35.47282409667969,
      42.508907318115234,
      58.97197341918945,
      61.7098503112793,
      69.19625854492188,
      68.59394836425781,
      43.766014099121094,
      41.89535140991211,
      21.81119155883789,
      9.272851943969727,
      2.766791343688965,
      1.6028637886047363,
      0.44252005219459534
    ],
    [
      47.89458084106445,
      31.311534881591797,
      28.291040420532227,
      22.13058853149414,
      42.71433639526367,
      35.800567626953125,
      49.293819427490234,
      62.911441802978516,
      67.54853820800781,
      68.59394836425781,
      87.09371185302734,
      54.08730697631836,
      53.863407135009766,
      26.807302474975586,
      12.717423439025879,
      3.5210983753204346,
      2.0258431434631348,
      0.491467148065567
    ],
    [
      28.23622703552246,
      19.665346145629883,
      17.167922973632812,
      14.254607200622559,
      26.88779640197754,
      23.22290802001953,
      31.461626052856445,
      38.378597259521484,
      44.00835418701172,
      43.766014099121094,
      54.08730697631836,
      37.824222564697266,
      35.24556350708008,
      18.560802459716797,
      8.610736846923828,
      2.5081839561462402,
      1.3129124641418457,
      0.29967692494392395
    ],
    [
      28.45098876953125,
      18.790748596191406,
      17.519489288330078,
      13.24217414855957,
      26.873699188232422,
      22.672311782836914,
      31.11269187927246,
      35.96305847167969,
      44.372047424316406,
      41.89535140991211,
      53.863407135009766,
      35.24556350708008,
      46.674461364746094,
      23.631193161010742,
      12.523554801940918,
      3.3989181518554688,
      1.8524962663650513,
      0.34576553106307983
    ],
    [
      13.561103820800781,
      9.817301750183105,
      8.646627426147461,
      6.999255180358887,
      14.101855278015137,
      12.259068489074707,
      16.485801696777344,
      18.492843627929688,
      23.277795791625977,
      21.81119155883789,
      26.807302474975586,
      18.560802459716797,
      23.631193161010742,
      14.107203483581543,
      6.796487331390381,
      2.0550966262817383,
      0.9983309507369995,
      0.18366959691047668
    ],
    [
      6.53765344619751,
      4.4059343338012695,
      4.376636505126953,
      3.1508989334106445,
      6.132133960723877,
      5.245859622955322,
      7.336136817932129,
      8.273894309997559,
      9.738100051879883,
      9.272851943969727,
      12.717423439025879,
      8.610736846923828,
      12.523554801940918,
      6.796487331390381,
      6.163674831390381,
      1.7842661142349243,
      1.0331711769104004,
      0.15041205286979675
    ],
    [
      1.8102242946624756,
      1.3501509428024292,
      1.3007806539535522,
      1.020567774772644,
      1.8298572301864624,
      1.5302157402038574,
      2.236506938934326,
      2.5007967948913574,
      2.8905372619628906,
      2.766791343688965,
      3.5210983753204346,
      2.5081839561462402,
      3.3989181518554688,
      2.0550966262817383,
      1.7842661142349243,
      0.6814485788345337,
      0.31982529163360596,
      0.05148953199386597
    ],
    [
      1.3867195844650269,
      0.8675531148910522,
      0.5991679430007935,
      0.41296884417533875,
      0.8147508502006531,
      0.7148774862289429,
      0.9040361046791077,
      1.5830366611480713,
      1.1766102313995361,
      1.6028637886047363,
      2.0258431434631348,
      1.3129124641418457,
      1.8524962663650513,
      0.9983309507369995,
      1.0331711769104004,
      0.31982529163360596,
      0.353152871131897,
      0.05665796995162964
    ],
    [
      0.44958677887916565,
      0.261714905500412,
      0.12723314762115479,
      0.093619704246521,
      0.15914927423000336,
      0.1324496567249298,
      0.1703564077615738,
      0.48713257908821106,
      0.21594104170799255,
      0.44252005219459534,
      0.491467148065567,
      0.29967692494392395,
      0.34576553106307983,
      0.18366959691047668,
      0.15041205286979675,
      0.05148953199386597,
      0.05665796995162964,
      0.013388004153966904
    ]
  ],
  "damage": -17.091930389404297,
  "diff_bandwidth": 456.6261291503906,
  "dissonance": 4.47959933073591,
  "drr": 9.094025611877441,
  "dynamics": 3.956291675567627,
  "format": 1245190,
  "frames": 6700992,
  "loudness": -26.349332809448242,
  "loudness_range": 11.051546096801758,
  "loudness_range_short": 13.732460021972656,
  "lowpass_true_peak_15khz": -8.772215843200684,
  "mastering3_acoustic_entropies": [
    {
      "acoustic_entropy": 7.793033599853516,
      "acoustic_entropy_mono": 7.251426696777344,
      "band_eliminated_acoustic_entropies": [
        {
          "acoustic_entropy": 7.798355579376221,
          "acoustic_entropy_side": 7.79309606552124,
          "hz": 129.47220167065723
        },
        {
          "acoustic_entropy": 7.7243804931640625,
          "acoustic_entropy_side": 7.804583549499512,
          "hz": 202.92927478742237
        },
        {
          "acoustic_entropy": 7.661083698272705,
          "acoustic_entropy_side": 7.730700492858887,
          "hz": 282.89161906338205
        },
        {
          "acoustic_entropy": 8.013729095458984,
          "acoustic_entropy_side": 7.745697021484375,
          "hz": 369.9353335868758
        },
        {
          "acoustic_entropy": 7.140729904174805,
          "acoustic_entropy_side": 7.733722686767578,
          "hz": 464.6875360973435
        },
        {
          "acoustic_entropy": 8.057260513305664,
          "acoustic_entropy_side": 7.865983009338379,
          "hz": 567.8308811364784
        },
        {
          "acoustic_entropy": 6.496403694152832,
          "acoustic_entropy_side": 7.681142807006836,
          "hz": 680.1084783214808
        },
        {
          "acoustic_entropy": 7.145102024078369,
          "acoustic_entropy_side": 7.7263922691345215,
          "hz": 802.3292461747484
        },
        {
          "acoustic_entropy": 7.428751468658447,
          "acoustic_entropy_side": 7.819451332092285,
          "hz": 935.3737400823702
        },
        {
          "acoustic_entropy": 7.840690612792969,
          "acoustic_entropy_side": 7.7896552085876465,
          "hz": 1080.2004963696966
        },
        {
          "acoustic_entropy": 7.4355010986328125,
          "acoustic_entropy_side": 7.795906066894531,
          "hz": 1237.8529382007157
        },
        {
          "acoustic_entropy": 8.59661865234375,
          "acoustic_entropy_side": 7.841052055358887,
          "hz": 1409.4668930556702
        },
        {
          "acoustic_entropy": 7.505016803741455,
          "acoustic_entropy_side": 7.879411220550537,
          "hz": 1596.2787759475705
        },
        {
          "acoustic_entropy": 7.654717445373535,
          "acoustic_entropy_side": 7.816183567047119,
          "hz": 1799.6344973346393
        },
        {
          "acoustic_entropy": 7.588319301605225,
          "acoustic_entropy_side": 7.816721439361572,
          "hz": 2020.9991599069049
        },
        {
          "acoustic_entropy": 7.267935276031494,
          "acoustic_entropy_side": 7.8568291664123535,
          "hz": 2261.9676141086993
        },
        {
          "acoustic_entropy": 7.916193008422852,
          "acoustic_entropy_side": 7.799060821533203,
          "hz": 2524.2759484456974
        },
        {
          "acoustic_entropy": 7.934158802032471,
          "acoustic_entropy_side": 7.790998458862305,
          "hz": 2809.813997359896
        },
        {
          "acoustic_entropy": 7.8044753074646,
          "acoustic_entropy_side": 7.793224334716797,
          "hz": 3120.6389567871424
        },
        {
          "acoustic_entropy": 7.869222164154053,
          "acoustic_entropy_side": 7.800075531005859,
          "hz": 3458.990205492291
        },
        {
          "acoustic_entropy": 7.780625343322754,
          "acoustic_entropy_side": 7.792731761932373,
          "hz": 3827.305438964164
        },
        {
          "acoustic_entropy": 7.814467430114746,
          "acoustic_entropy_side": 7.793397426605225,
          "hz": 4228.238232109126
        },
        {
          "acoustic_entropy": 7.8206305503845215,
          "acoustic_entropy_side": 7.793461322784424,
          "hz": 4664.6771572759235
        },
        {
          "acoustic_entropy": 7.830803394317627,
          "acoustic_entropy_side": 7.793637752532959,
          "hz": 5139.766595350093
        },
        {
          "acoustic_entropy": 7.807241439819336,
          "acoustic_entropy_side": 7.793153762817383,
          "hz": 5656.929389854203
        },
        {
          "acoustic_entropy": 7.795352458953857,
          "acoustic_entropy_side": 7.793055534362793,
          "hz": 6219.891507268283
        },
        {
          "acoustic_entropy": 7.795108318328857,
          "acoustic_entropy_side": 7.7930474281311035,
          "hz": 6832.70888123896
        },
        {
          "acoustic_entropy": 7.7939300537109375,
          "acoustic_entropy_side": 7.793038845062256,
          "hz": 7499.796634079867
        },
        {
          "acoustic_entropy": 7.79326868057251,
          "acoustic_entropy_side": 7.793034076690674,
          "hz": 8225.96088609342
        },
        {
          "acoustic_entropy": 7.793081283569336,
          "acoustic_entropy_side": 7.793033123016357,
          "hz": 9016.43338188839
        },
        {
          "acoustic_entropy": 7.793086051940918,
          "acoustic_entropy_side": 7.793033599853516,
          "hz": 9876.909183162974
        },
        {
          "acoustic_entropy": 7.7930402755737305,
          "acoustic_entropy_side": 7.793033599853516,
          "hz": 10813.587699516042
        },
        {
          "acoustic_entropy": 7.793034076690674,
          "acoustic_entropy_side": 7.793033599853516,
          "hz": 11833.21735289826
        },
        {
          "acoustic_entropy": 7.793034076690674,
          "acoustic_entropy_side": 7.793033599853516,
          "hz": 12943.144197493959
        },
        {
          "acoustic_entropy": 7.793034076690674,
          "acoustic_entropy_side": 7.793033599853516,
          "hz": 14151.364845322005
        },
        {
          "acoustic_entropy": 7.793034076690674,
          "acoustic_entropy_side": 7.793033599853516,
          "hz": 15466.58407886509
        },
        {
          "acoustic_entropy": 7.793033599853516,
          "acoustic_entropy_side": 7.793033599853516,
          "hz": 16898.27756580493
        },
        {
          "acoustic_entropy": 7.793033599853516,
          "acoustic_entropy_side": 7.793033599853516,
          "hz": 18456.760127700032
        },
        {
          "acoustic_entropy": 7.793033599853516,
          "acoustic_entropy_side": 7.793033599853516,
          "hz": 20153.260054456492
        },
        {
          "acoustic_entropy": 7.793033599853516,
          "acoustic_entropy_side": 7.793033599853516,
          "hz": 22000.00000000001
        }
      ],
      "diff_acoustic_entropy": 6.20973014831543,
      "sn": 6
    },
    {
      "acoustic_entropy": 12.467042922973633,
      "acoustic_entropy_mono": 12.152650833129883,
      "band_eliminated_acoustic_entropies": [
        {
          "acoustic_entropy": 12.459722518920898,
          "acoustic_entropy_side": 12.468244552612305,
          "hz": 129.47220167065723
        },
        {
          "acoustic_entropy": 12.357501029968262,
          "acoustic_entropy_side": 12.477660179138184,
          "hz": 202.92927478742237
        },
        {
          "acoustic_entropy": 12.08486270904541,
          "acoustic_entropy_side": 12.245426177978516,
          "hz": 282.89161906338205
        },
        {
          "acoustic_entropy": 11.999381065368652,
          "acoustic_entropy_side": 12.017072677612305,
          "hz": 369.9353335868758
        },
        {
          "acoustic_entropy": 12.68353271484375,
          "acoustic_entropy_side": 12.280791282653809,
          "hz": 464.6875360973435
        },
        {
          "acoustic_entropy": 11.611572265625,
          "acoustic_entropy_side": 12.338415145874023,
          "hz": 567.8308811364784
        },
        {
          "acoustic_entropy": 10.875959396362305,
          "acoustic_entropy_side": 11.887572288513184,
          "hz": 680.1084783214808
        },
        {
          "acoustic_entropy": 11.611433029174805,
          "acoustic_entropy_side": 12.387486457824707,
          "hz": 802.3292461747484
        },
        {
          "acoustic_entropy": 11.474442481994629,
          "acoustic_entropy_side": 12.511826515197754,
          "hz": 935.3737400823702
        },
        {
          "acoustic_entropy": 12.270660400390625,
          "acoustic_entropy_side": 12.4977388381958,
          "hz": 1080.2004963696966
        },
        {
          "acoustic_entropy": 11.569402694702148,
          "acoustic_entropy_side": 12.444062232971191,
          "hz": 1237.8529382007157
        },
        {
          "acoustic_entropy": 12.20823860168457,
          "acoustic_entropy_side": 12.16599178314209,
          "hz": 1409.4668930556702
        },
        {
          "acoustic_entropy": 12.308714866638184,
          "acoustic_entropy_side": 12.596965789794922,
          "hz": 1596.2787759475705
        },
        {
          "acoustic_entropy": 12.251845359802246,
          "acoustic_entropy_side": 12.608053207397461,
          "hz": 1799.6344973346393
        },
        {
          "acoustic_entropy": 11.44503402709961,
          "acoustic_entropy_side": 12.41916275024414,
          "hz": 2020.9991599069049
        },
        {
          "acoustic_entropy": 11.315322875976562,
          "acoustic_entropy_side": 12.21873950958252,
          "hz": 2261.9676141086993
        },
        {
          "acoustic_entropy": 12.403706550598145,
          "acoustic_entropy_side": 12.489812850952148,
          "hz": 2524.2759484456974
        },
        {
          "acoustic_entropy": 12.16645622253418,
          "acoustic_entropy_side": 12.496648788452148,
          "hz": 2809.813997359896
        },
        {
          "acoustic_entropy": 12.45972728729248,
          "acoustic_entropy_side": 12.465425491333008,
          "hz": 3120.6389567871424
        },
        {
          "acoustic_entropy": 11.959745407104492,
          "acoustic_entropy_side": 12.438355445861816,
          "hz": 3458.990205492291
        },
        {
          "acoustic_entropy": 12.064250946044922,
          "acoustic_entropy_side": 12.452996253967285,
          "hz": 3827.305438964164
        },
        {
          "acoustic_entropy": 12.350168228149414,
          "acoustic_entropy_side": 12.45956039428711,
          "hz": 4228.238232109126
        },
        {
          "acoustic_entropy": 12.406984329223633,
          "acoustic_entropy_side": 12.46579360961914,
          "hz": 4664.6771572759235
        },
        {
          "acoustic_entropy": 12.250646591186523,
          "acoustic_entropy_side": 12.463112831115723,
          "hz": 5139.766595350093
        },
        {
          "acoustic_entropy": 12.388306617736816,
          "acoustic_entropy_side": 12.465265274047852,
          "hz": 5656.929389854203
        },
        {
          "acoustic_entropy": 12.434222221374512,
          "acoustic_entropy_side": 12.466310501098633,
          "hz": 6219.891507268283
        },
        {
          "acoustic_entropy": 12.445216178894043,
          "acoustic_entropy_side": 12.466891288757324,
          "hz": 6832.70888123896
        },
        {
          "acoustic_entropy": 12.447792053222656,
          "acoustic_entropy_side": 12.466937065124512,
          "hz": 7499.796634079867
        },
        {
          "acoustic_entropy": 12.463250160217285,
          "acoustic_entropy_side": 12.467023849487305,
          "hz": 8225.96088609342
        },
        {
          "acoustic_entropy": 12.467199325561523,
          "acoustic_entropy_side": 12.46703815460205,
          "hz": 9016.43338188839
        },
        {
          "acoustic_entropy": 12.466227531433105,
          "acoustic_entropy_side": 12.467041969299316,
          "hz": 9876.909183162974
        },
        {
          "acoustic_entropy": 12.46688461303711,
          "acoustic_entropy_side": 12.467042922973633,
          "hz": 10813.587699516042
        },
        {
          "acoustic_entropy": 12.467018127441406,
          "acoustic_entropy_side": 12.467042922973633,
          "hz": 11833.21735289826
        },
        {
          "acoustic_entropy": 12.467036247253418,
          "acoustic_entropy_side": 12.467042922973633,
          "hz": 12943.144197493959
        },
        {
          "acoustic_entropy": 12.467039108276367,
          "acoustic_entropy_side": 12.467042922973633,
          "hz": 14151.364845322005
        },
        {
          "acoustic_entropy": 12.467042922973633,
          "acoustic_entropy_side": 12.467042922973633,
          "hz": 15466.58407886509
        },
        {
          "acoustic_entropy": 12.467042922973633,
          "acoustic_entropy_side": 12.467042922973633,
          "hz": 16898.27756580493
        },
        {
          "acoustic_entropy": 12.467042922973633,
          "acoustic_entropy_side": 12.467042922973633,
          "hz": 18456.760127700032
        },
        {
          "acoustic_entropy": 12.467042922973633,
          "acoustic_entropy_side": 12.467042922973633,
          "hz": 20153.260054456492
        },
        {
          "acoustic_entropy": 12.467042922973633,
          "acoustic_entropy_side": 12.467042922973633,
          "hz": 22000.00000000001
        }
      ],
      "diff_acoustic_entropy": 9.16958236694336,
      "sn": 12
    },
    {
      "acoustic_entropy": 15.699849128723145,
      "acoustic_entropy_mono": 15.549670219421387,
      "band_eliminated_acoustic_entropies": [
        {
          "acoustic_entropy": 15.610642433166504,
          "acoustic_entropy_side": 15.719184875488281,
          "hz": 129.47220167065723
        },
        {
          "acoustic_entropy": 16.16645622253418,
          "acoustic_entropy_side": 15.892646789550781,
          "hz": 202.92927478742237
        },
        {
          "acoustic_entropy": 17.68698501586914,
          "acoustic_entropy_side": 16.225582122802734,
          "hz": 282.89161906338205
        },
        {
          "acoustic_entropy": 16.554119110107422,
          "acoustic_entropy_side": 16.40087890625,
          "hz": 369.9353335868758
        },
        {
          "acoustic_entropy": 18.120622634887695,
          "acoustic_entropy_side": 17.16191864013672,
          "hz": 464.6875360973435
        },
        {
          "acoustic_entropy": 15.708559036254883,
          "acoustic_entropy_side": 16.410301208496094,
          "hz": 567.8308811364784
        },
        {
          "acoustic_entropy": 15.865275382995605,
          "acoustic_entropy_side": 16.182239532470703,
          "hz": 680.1084783214808
        },
        {
          "acoustic_entropy": 15.890676498413086,
          "acoustic_entropy_side": 15.50725269317627,
          "hz": 802.3292461747484
        },
        {
          "acoustic_entropy": 16.302236557006836,
          "acoustic_entropy_side": 15.504517555236816,
          "hz": 935.3737400823702
        },
        {
          "acoustic_entropy": 16.514068603515625,
          "acoustic_entropy_side": 16.27140235900879,
          "hz": 1080.2004963696966
        },
        {
          "acoustic_entropy": 16.693050384521484,
          "acoustic_entropy_side": 15.930185317993164,
          "hz": 1237.8529382007157
        },
        {
          "acoustic_entropy": 16.56329917907715,
          "acoustic_entropy_side": 16.530773162841797,
          "hz": 1409.4668930556702
        },
        {
          "acoustic_entropy": 16.18025779724121,
          "acoustic_entropy_side": 16.545883178710938,
          "hz": 1596.2787759475705
        },
        {
          "acoustic_entropy": 16.133407592773438,
          "acoustic_entropy_side": 16.019636154174805,
          "hz": 1799.6344973346393
        },
        {
          "acoustic_entropy": 15.665395736694336,
          "acoustic_entropy_side": 16.783170700073242,
          "hz": 2020.9991599069049
        },
        {
          "acoustic_entropy": 16.320945739746094,
          "acoustic_entropy_side": 16.74987030029297,
          "hz": 2261.9676141086993
        },
        {
          "acoustic_entropy": 16.36143684387207,
          "acoustic_entropy_side": 15.284980773925781,
          "hz": 2524.2759484456974
        },
        {
          "acoustic_entropy": 15.811984062194824,
          "acoustic_entropy_side": 15.995816230773926,
