{
  "acoustic_entropy": 48.96823501586914,
  "bands": [
    {
      "high_freq": 148.1999969482422,
      "loudness": -50.593414306640625,
      "loudness_range": 36.013206481933594,
      "mid_mean": -47.335479736328125,
      "mid_to_side_loudness": -16.693777084350586,
      "mid_to_side_loudness_range": 20.017288208007812,
      "side_mean": -62.947181701660156
    },
    {
      "high_freq": 392.3793640136719,
      "loudness": -49.25775146484375,
      "loudness_range": 32.330421447753906,
      "low_freq": 148.1999969482422,
      "mid_mean": -45.96437072753906,
      "mid_to_side_loudness": -20.179018020629883,
      "mid_to_side_loudness_range": 25.076190948486328,
      "side_mean": -64.48734283447266
    },
    {
      "high_freq": 794.6976318359375,
      "loudness": -48.07609176635742,
      "loudness_range": 35.637977600097656,
      "low_freq": 392.3793640136719,
      "mid_mean": -45.75881576538086,
      "mid_to_side_loudness": -15.52346420288086,
      "mid_to_side_loudness_range": 18.652257919311523,
      "side_mean": -61.337730407714844
    },
    {
      "high_freq": 1457.5709228515625,
      "loudness": -43.14545440673828,
      "loudness_range": 42.518985748291016,
      "low_freq": 794.6976318359375,
      "mid_mean": -46.045799255371094,
      "mid_to_side_loudness": -18.065814971923828,
      "mid_to_side_loudness_range": 21.37189292907715,
      "side_mean": -61.392494201660156
    },
    {
      "high_freq": 2549.74365234375,
      "loudness": -55.94173049926758,
      "loudness_range": 41.62464904785156,
      "low_freq": 1457.5709228515625,
      "mid_mean": -54.04420852661133,
      "mid_to_side_loudness": -17.752138137817383,
      "mid_to_side_loudness_range": 20.629323959350586,
      "side_mean": -64.7823486328125
    },
    {
      "high_freq": 4349.24462890625,
      "loudness": -47.1374626159668,
      "loudness_range": 35.03803253173828,
      "low_freq": 2549.74365234375,
      "mid_mean": -61.74760055541992,
      "mid_to_side_loudness": -16.923505783081055,
      "mid_to_side_loudness_range": 20.02892303466797,
      "side_mean": -67.91712188720703
    },
    {
      "high_freq": 7314.1640625,
      "loudness": -53.669822692871094,
      "loudness_range": 31.664325714111328,
      "low_freq": 4349.24462890625,
      "mid_mean": -65.09107208251953,
      "mid_to_side_loudness": -17.13603401184082,
      "mid_to_side_loudness_range": 24.987882614135742,
      "side_mean": -69.68193054199219
    },
    {
      "high_freq": 12199.2666015625,
      "loudness": -71.32412719726562,
      "loudness_range": 27.249370574951172,
      "low_freq": 7314.1640625,
      "mid_mean": -66.11668395996094,
      "mid_to_side_loudness": -23.726612091064453,
      "mid_to_side_loudness_range": 36.479068756103516,
      "side_mean": -69.96343994140625
    },
    {
      "loudness": -73.15170288085938,
      "loudness_range": 10.791252136230469,
      "low_freq": 12199.2666015625,
      "mid_mean": -66.81452941894531,
      "mid_to_side_loudness": -30.27269172668457,
      "mid_to_side_loudness_range": 42.516136169433594,
      "side_mean": -69.98760986328125
    }
  ],
  "bands_short": [
    {
      "high_freq": 148.1999969482422,
      "loudness": -59.549217224121094,
      "loudness_range": 28.990802764892578,
      "mid_mean": -57.33710479736328,
      "mid_to_side_loudness": -17.356943130493164,
      "mid_to_side_loudness_range": 25.487703323364258,
      "side_mean": -67.46635437011719
    },
    {
      "high_freq": 392.3793640136719,
      "loudness": -47.84913635253906,
      "loudness_range": 35.71202087402344,
      "low_freq": 148.1999969482422,
      "mid_mean": -44.616485595703125,
      "mid_to_side_loudness": -17.79100799560547,
      "mid_to_side_loudness_range": 24.553665161132812,
      "side_mean": -62.272300720214844
    },
    {
      "high_freq": 794.6976318359375,
      "loudness": -48.483177185058594,
      "loudness_range": 35.04964828491211,
      "low_freq": 392.3793640136719,
      "mid_mean": -45.99216842651367,
      "mid_to_side_loudness": -15.438915252685547,
      "mid_to_side_loudness_range": 20.422391891479492,
      "side_mean": -61.46744918823242
    },
    {
      "high_freq": 1457.5709228515625,
      "loudness": -43.53219985961914,
      "loudness_range": 43.167396545410156,
      "low_freq": 794.6976318359375,
      "mid_mean": -46.33088302612305,
      "mid_to_side_loudness": -18.041948318481445,
      "mid_to_side_loudness_range": 22.314529418945312,
      "side_mean": -61.59477233886719
    },
    {
      "high_freq": 2549.74365234375,
      "loudness": -56.020713806152344,
      "loudness_range": 41.82251739501953,
      "low_freq": 1457.5709228515625,
      "mid_mean": -54.121925354003906,
      "mid_to_side_loudness": -17.46402359008789,
      "mid_to_side_loudness_range": 21.446609497070312,
      "side_mean": -64.74187469482422
    },
    {
      "high_freq": 4349.24462890625,
      "loudness": -50.665069580078125,
      "loudness_range": 38.26542663574219,
      "low_freq": 2549.74365234375,
      "mid_mean": -61.98799514770508,
      "mid_to_side_loudness": -16.73229217529297,
      "mid_to_side_loudness_range": 20.656909942626953,
      "side_mean": -68.07357025146484
    },
    {
      "high_freq": 7314.1640625,
      "loudness": -64.23918914794922,
      "loudness_range": 34.13652420043945,
      "low_freq": 4349.24462890625,
      "mid_mean": -65.5225830078125,
      "mid_to_side_loudness": -16.625577926635742,
      "mid_to_side_loudness_range": 23.141124725341797,
      "side_mean": -69.71176147460938
    },
    {
      "high_freq": 12199.2666015625,
      "loudness": -72.42182159423828,
      "loudness_range": 16.93355941772461,
      "low_freq": 7314.1640625,
      "mid_mean": -66.55233001708984,
      "mid_to_side_loudness": -21.69489097595215,
      "mid_to_side_loudness_range": 32.965660095214844,
      "side_mean": -69.9638900756836
    },
    {
      "loudness": -73.6633071899414,
      "loudness_range": 6.967536926269531,
      "low_freq": 12199.2666015625,
      "mid_mean": -67.08323669433594,
      "mid_to_side_loudness": -25.29656982421875,
      "mid_to_side_loudness_range": 41.83146286010742,
      "side_mean": -69.98738861083984
    }
  ],
  "bandwidth": 849.4545288085938,
  "channels": 2,
  "covariance": [
    [
      128.31687927246094,
      81.4512939453125,
      109.97981262207031,
      68.02909088134766,
      130.8791961669922,
      97.6709213256836,
      170.23883056640625,
      113.9045639038086,
      138.1251983642578,
      78.16091918945312,
      95.70053100585938,
      35.705108642578125,
      51.14116668701172,
      7.651434898376465,
      28.836702346801758,
      0.579649031162262,
      16.126155853271484,
      -0.15567369759082794
    ],
    [
      81.4512939453125,
      63.309078216552734,
      65.84534454345703,
      44.20513153076172,
      77.11302185058594,
      64.92583465576172,
      100.4614486694336,
      67.78245544433594,
      79.53215789794922,
      43.693695068359375,
      41.840152740478516,
      15.587638854980469,
      14.306252479553223,
      3.533964157104492,
      6.943045616149902,
      0.2579205632209778,
      5.287022113800049,
      -0.07668417692184448
    ],
    [
      109.97981262207031,
      65.84534454345703,
      107.26284790039062,
      58.13033676147461,
      123.40985107421875,
      82.90093994140625,
      156.20030212402344,
      98.08207702636719,
      123.7240219116211,
      67.64437103271484,
      90.00798797607422,
      31.707778930664062,
      52.531986236572266,
      6.103464603424072,
      32.093605041503906,
      0.4138645827770233,
      18.245851516723633,
      -0.16490687429904938
    ],
    [
      68.02909088134766,
      44.20513153076172,
      58.13033676147461,
      41.36933135986328,
      70.61279296875,
      56.87239074707031,
      97.87783813476562,
      69.56902313232422,
      82.83165740966797,
      50.5716667175293,
      58.960262298583984,
      24.917404174804688,
      30.50161361694336,
      4.601922512054443,
      14.894383430480957,
      0.34287744760513306,
      7.44194221496582,
      -0.061221037060022354
    ],
    [
      130.8791961669922,
      77.11302185058594,
      123.40985107421875,
      70.61279296875,
      155.73025512695312,
      105.0372085571289,
      206.7851104736328,
      133.08717346191406,
      163.56072998046875,
      90.52609252929688,
      121.66690826416016,
      42.268836975097656,
      73.41708374023438,
      7.233296871185303,
      43.53437423706055,
      0.47259584069252014,
      23.510244369506836,
      -0.17311719059944153
    ],
    [
      97.6709213256836,
      64.92583465576172,
      82.90093994140625,
      56.87239074707031,
      105.0372085571289,
      83.89469909667969,
      146.0504608154297,
      101.30351257324219,
      120.19139862060547,
      69.66043090820312,
      80.98087310791016,
      32.59995651245117,
      42.80686950683594,
      5.7723708152771,
      22.07972526550293,
      0.40504854917526245,
      11.607540130615234,
      -0.09612616896629333
    ],
    [
      170.23883056640625,
      100.4614486694336,
      156.20030212402344,
      97.87783813476562,
      206.7851104736328,
      146.0504608154297,
      297.712646484375,
      198.9832305908203,
      236.76174926757812,
      136.20687866210938,
      179.7071990966797,
      63.357200622558594,
      106.91548156738281,
      8.76724624633789,
      58.36182403564453,
      0.5032095313072205,
      29.38194465637207,
      -0.18157073855400085
    ],
    [
      113.9045639038086,
      67.78245544433594,
      98.08207702636719,
      69.56902313232422,
      133.08717346191406,
      101.30351257324219,
      198.9832305908203,
      141.87548828125,
      166.56202697753906,
      100.74046325683594,
      125.8287124633789,
      47.451725006103516,
      71.56686401367188,
      6.689370632171631,
      36.52428436279297,
      0.42677927017211914,
      17.927230834960938,
      -0.09672439098358154
    ],
    [
      138.1251983642578,
      79.53215789794922,
      123.7240219116211,
      82.83165740966797,
      163.56072998046875,
      120.19139862060547,
      236.76174926757812,
      166.56202697753906,
      211.5349578857422,
      117.8143081665039,
      162.04470825195312,
      56.535194396972656,
      98.13433074951172,
      8.204683303833008,
      55.872642517089844,
      0.5209814310073853,
      29.788042068481445,
      -0.14917024970054626
    ],
    [
      78.16091918945312,
      43.693695068359375,
      67.64437103271484,
      50.5716667175293,
      90.52609252929688,
      69.66043090820312,
      136.20687866210938,
      100.74046325683594,
      117.8143081665039,
      75.78289794921875,
      95.25740814208984,
      38.639366149902344,
      54.86126708984375,
      5.912774085998535,
      27.069931030273438,
      0.41972440481185913,
      12.220534324645996,
      -0.058017753064632416
    ],
    [
      95.70053100585938,
      41.840152740478516,
      90.00798797607422,
      58.960262298583984,
      121.66690826416016,
      80.98087310791016,
      179.7071990966797,
      125.8287124633789,
      162.04470825195312,
      95.25740814208984,
      142.99740600585938,
      51.99296569824219,
      94.38929748535156,
      7.810498237609863,
      54.224769592285156,
      0.551289975643158,
      26.902332305908203,
      -0.08359811455011368
    ],
    [
      35.705108642578125,
      15.587638854980469,
      31.707778930664062,
      24.917404174804688,
      42.268836975097656,
      32.59995651245117,
      63.357200622558594,
      47.451725006103516,
      56.535194396972656,
      38.639366149902344,
      51.99296569824219,
      25.236093521118164,
      33.92947769165039,
      4.550508975982666,
      16.79314422607422,
      0.36422163248062134,
      6.426786422729492,
      -0.022828107699751854
    ],
    [
      51.14116668701172,
      14.306252479553223,
      52.531986236572266,
      30.50161361694336,
      73.41708374023438,
      42.80686950683594,
      106.91548156738281,
      71.56686401367188,
      98.13433074951172,
      54.86126708984375,
      94.38929748535156,
      33.92947769165039,
      70.02339172363281,
      5.147428035736084,
      43.255558013916016,
      0.37357842922210693,
      21.471694946289062,
      -0.048274584114551544
    ],
    [
      7.651434898376465,
      3.533964157104492,
      6.103464603424072,
      4.601922512054443,
      7.233296871185303,
      5.7723708152771,
      8.76724624633789,
      6.689370632171631,
      8.204683303833008,
      5.912774085998535,
      7.810498237609863,
      4.550508975982666,
      5.147428035736084,
      1.6547203063964844,
      2.40017032623291,
      0.17271043360233307,
      0.802396297454834,
      -0.002892781514674425
    ],
    [
      28.836702346801758,
      6.943045616149902,
      32.093605041503906,
      14.894383430480957,
      43.53437423706055,
      22.07972526550293,
      58.36182403564453,
      36.52428436279297,
      55.872642517089844,
      27.069931030273438,
      54.224769592285156,
      16.79314422607422,
      43.255558013916016,
      2.40017032623291,
      30.19699478149414,
      0.16144855320453644,
      16.147724151611328,
      -0.035058438777923584
    ],
    [
      0.579649031162262,
      0.2579205632209778,
      0.4138645827770233,
      0.34287744760513306,
      0.47259584069252014,
      0.40504854917526245,
      0.5032095313072205,
      0.42677927017211914,
      0.5209814310073853,
      0.41972440481185913,
      0.551289975643158,
      0.36422163248062134,
      0.37357842922210693,
      0.17271043360233307,
      0.16144855320453644,
      0.01980091817677021,
      0.03802908584475517,
      0.00013389963714871556
    ],
    [
      16.126155853271484,
      5.287022113800049,
      18.245851516723633,
      7.44194221496582,
      23.510244369506836,
      11.607540130615234,
      29.38194465637207,
      17.927230834960938,
      29.788042068481445,
      12.220534324645996,
      26.902332305908203,
      6.426786422729492,
      21.471694946289062,
      0.802396297454834,
      16.147724151611328,
      0.03802908584475517,
      9.613870620727539,
      -0.026782702654600143
    ],
    [
      -0.15567369759082794,
      -0.07668417692184448,
      -0.16490687429904938,
      -0.061221037060022354,
      -0.17311719059944153,
      -0.09612616896629333,
      -0.18157073855400085,
      -0.09672439098358154,
      -0.14917024970054626,
      -0.058017753064632416,
      -0.08359811455011368,
      -0.022828107699751854,
      -0.048274584114551544,
      -0.002892781514674425,
      -0.035058438777923584,
      0.00013389963714871556,
      -0.026782702654600143,
      0.0006663277745246887
    ]
  ],
  "covariance_short": [
    [
      92.46454620361328,
      26.475643157958984,
      86.00308990478516,
      64.78852081298828,
      99.53645324707031,
      75.20184326171875,
      136.43736267089844,
      93.52764129638672,
      122.94042205810547,
      64.35562133789062,
      82.66242218017578,
      26.751632690429688,
      44.993228912353516,
      4.383937835693359,
      24.919591903686523,
      0.3015918433666229,
      14.0437650680542,
      -0.12102397531270981
    ],
    [
      26.475643157958984,
      14.116301536560059,
      31.72677993774414,
      26.817588806152344,
      34.53420639038086,
      29.245569229125977,
      48.2739143371582,
      34.7385368347168,
      40.141868591308594,
      24.84214210510254,
      24.84710693359375,
      9.436321258544922,
      9.750102996826172,
      2.0570175647735596,
      3.8246092796325684,
      0.1879255622625351,
      2.203666925430298,
      -0.028336312621831894
    ],
    [
      86.00308990478516,
      31.72677993774414,
      120.31773376464844,
      77.8604965209961,
      123.245361328125,
      85.79652404785156,
      157.88296508789062,
      99.56000518798828,
      125.33135223388672,
      70.14025115966797,
      86.45482635498047,
      30.710180282592773,
      45.088165283203125,
      6.51447057723999,
      23.91314697265625,
      0.5164701342582703,
      12.82779312133789,
      -0.15655024349689484
    ],
    [
      64.78852081298828,
      26.817588806152344,
      77.8604965209961,
      67.86000061035156,
      83.19273376464844,
      70.40557861328125,
      112.92227935791016,
      77.35271453857422,
      91.97518157958984,
      53.6240348815918,
      54.32268524169922,
      22.083148956298828,
      23.08248519897461,
      3.9848344326019287,
      10.5015869140625,
      0.28870123624801636,
      6.195959568023682,
      -0.08561432361602783
    ],
    [
      99.53645324707031,
      34.53420639038086,
      123.245361328125,
      83.19273376464844,
      148.7997589111328,
      98.06537628173828,
      197.25404357910156,
      124.54573822021484,
      154.9262237548828,
      86.19166564941406,
      110.44380950927734,
      36.64631271362305,
      61.626808166503906,
      6.1650590896606445,
      32.450096130371094,
      0.43800535798072815,
      16.23172378540039,
      -0.17039869725704193
    ],
    [
      75.20184326171875,
      29.245569229125977,
      85.79652404785156,
      70.40557861328125,
      98.06537628173828,
      83.35983276367188,
      139.8389434814453,
      97.76155090332031,
      114.8309097290039,
      69.0519027709961,
      74.03370666503906,
      31.18453025817871,
      35.57428741455078,
      5.2946319580078125,
      15.642571449279785,
      0.40085840225219727,
      7.990105152130127,
      -0.09613620489835739
    ],
    [
      136.43736267089844,
      48.2739143371582,
      157.88296508789062,
      112.92227935791016,
      197.25404357910156,
      139.8389434814453,
      292.2707824707031,
      192.20530700683594,
      231.5953826904297,
      134.17515563964844,
      169.7852783203125,
      57.62845993041992,
      93.3660888671875,
      7.712164402008057,
      45.03739929199219,
      0.4648679792881012,
      20.794113159179688,
      -0.18670235574245453
    ],
    [
      93.52764129638672,
      34.7385368347168,
      99.56000518798828,
      77.35271453857422,
      124.54573822021484,
      97.76155090332031,
      192.20530700683594,
      139.7940216064453,
      161.08056640625,
      100.51363372802734,
      117.69043731689453,
      44.34688186645508,
      61.4846076965332,
      6.0273966789245605,
      26.606687545776367,
      0.41421616077423096,
      11.65440845489502,
      -0.09658218175172806
    ],
    [
      122.94042205810547,
      40.141868591308594,
      125.33135223388672,
      91.97518157958984,
      154.9262237548828,
      114.8309097290039,
      231.5953826904297,
      161.08056640625,
      207.36123657226562,
      115.69972229003906,
      152.4717559814453,
      51.13031768798828,
      85.29474639892578,
      7.2146711349487305,
      43.164581298828125,
      0.4891328811645508,
      21.537513732910156,
      -0.15345022082328796
    ],
    [
      64.35562133789062,
      24.84214210510254,
      70.14025115966797,
      53.6240348815918,
      86.19166564941406,
      69.0519027709961,
      134.17515563964844,
      100.51363372802734,
      115.69972229003906,
      76.78949737548828,
      89.79002380371094,
      36.46982955932617,
      47.38458251953125,
      5.369978427886963,
      19.77147674560547,
      0.4149107038974762,
      7.911111831665039,
      -0.05951865017414093
    ],
    [
      82.66242218017578,
      24.84710693359375,
      86.45482635498047,
      54.32268524169922,
      110.44380950927734,
      74.03370666503906,
      169.7852783203125,
      117.69043731689453,
      152.4717559814453,
      89.79002380371094,
      129.81622314453125,
      45.566650390625,
      79.40171813964844,
      6.665505886077881,
      40.0417594909668,
      0.5086453557014465,
      17.67046356201172,
      -0.08465710282325745
    ],
    [
      26.751632690429688,
      9.436321258544922,
      30.710180282592773,
      22.083148956298828,
      36.64631271362305,
      31.18453025817871,
      57.62845993041992,
      44.34688186645508,
      51.13031768798828,
      36.46982955932617,
      45.566650390625,
      24.289621353149414,
      27.72943878173828,
      4.198953628540039,
      11.361538887023926,
      0.37413328886032104,
      3.292059898376465,
      -0.021207917481660843
    ],
    [
      44.993228912353516,
      9.750102996826172,
      45.088165283203125,
      23.08248519897461,
      61.626808166503906,
      35.57428741455078,
      93.3660888671875,
      61.4846076965332,
      85.29474639892578,
      47.38458251953125,
      79.40171813964844,
      27.72943878173828,
      56.107242584228516,
      4.048923969268799,
      30.754318237304688,
      0.3211996257305145,
      13.27274227142334,
      -0.0462394654750824
    ],
    [
      4.383937835693359,
      2.0570175647735596,
      6.51447057723999,
      3.9848344326019287,
      6.1650590896606445,
      5.2946319580078125,
      7.712164402008057,
      6.0273966789245605,
      7.2146711349487305,
      5.369978427886963,
      6.665505886077881,
      4.198953628540039,
      4.048923969268799,
      1.7565088272094727,
      1.4240851402282715,
      0.19321241974830627,
      0.3298288881778717,
      -0.002511286875233054
    ],
    [
      24.919591903686523,
      3.8246092796325684,
      23.91314697265625,
      10.5015869140625,
      32.450096130371094,
      15.642571449279785,
      45.03739929199219,
      26.606687545776367,
      43.164581298828125,
      19.77147674560547,
      40.0417594909668,
      11.361538887023926,
      30.754318237304688,
      1.4240851402282715,
      19.811412811279297,
      0.0941697210073471,
      9.53905200958252,
      -0.03239353001117706
    ],
    [
      0.3015918433666229,
      0.1879255622625351,
      0.5164701342582703,
      0.28870123624801636,
      0.43800535798072815,
      0.40085840225219727,
      0.4648679792881012,
      0.41421616077423096,
      0.4891328811645508,
      0.4149107038974762,
      0.5086453557014465,
      0.37413328886032104,
      0.3211996257305145,
      0.19321241974830627,
      0.0941697210073471,
      0.029544491320848465,
      0.006467162631452084,
      0.00014552430366165936
    ],
    [
      14.0437650680542,
      2.203666925430298,
      12.82779312133789,
      6.195959568023682,
      16.23172378540039,
      7.990105152130127,
      20.794113159179688,
      11.65440845489502,
      21.537513732910156,
      7.911111831665039,
      17.67046356201172,
      3.292059898376465,
      13.27274227142334,
      0.3298288881778717,
      9.53905200958252,
      0.006467162631452084,
      5.727396011352539,
      -0.02524285390973091
    ],
    [
      -0.12102397531270981,
      -0.028336312621831894,
      -0.15655024349689484,
      -0.08561432361602783,
      -0.17039869725704193,
      -0.09613620489835739,
      -0.18670235574245453,
      -0.09658218175172806,
      -0.15345022082328796,
      -0.05951865017414093,
      -0.08465710282325745,
      -0.021207917481660843,
      -0.0462394654750824,
      -0.002511286875233054,
      -0.03239353001117706,
      0.00014552430366165936,
      -0.02524285390973091,
      0.0007216876256279647
    ]
  ],
  "damage": -14.07193660736084,
  "diff_bandwidth": 864.485595703125,
  "dissonance": 9.878182424419894,
  "drr": 2.225348472595215,
  "dynamics": 11.280404090881348,
  "format": 1245190,
  "frames": 817088,
  "loudness": -33.00523376464844,
  "loudness_range": 41.42507553100586,
  "loudness_range_short": 40.97378158569336,
  "lowpass_true_peak_15khz": -2.4598989486694336,
  "mastering3_acoustic_entropies": [
    {
      "acoustic_entropy": 5.255215167999268,
      "acoustic_entropy_mono": 5.193118095397949,
      "band_eliminated_acoustic_entropies": [
        {
          "acoustic_entropy": 5.25605583190918,
          "acoustic_entropy_side": 5.255214691162109,
          "hz": 129.47220167065723
        },
        {
          "acoustic_entropy": 4.765655994415283,
          "acoustic_entropy_side": 5.255189895629883,
          "hz": 202.92927478742237
        },
        {
          "acoustic_entropy": 5.14390230178833,
          "acoustic_entropy_side": 5.25519323348999,
          "hz": 282.89161906338205
        },
        {
          "acoustic_entropy": 5.279876232147217,
          "acoustic_entropy_side": 5.255195617675781,
          "hz": 369.9353335868758
        },
        {
          "acoustic_entropy": 5.135974884033203,
          "acoustic_entropy_side": 5.255306720733643,
          "hz": 464.6875360973435
        },
        {
          "acoustic_entropy": 5.258553981781006,
          "acoustic_entropy_side": 5.2555999755859375,
          "hz": 567.8308811364784
        },
        {
          "acoustic_entropy": 5.31213903427124,
          "acoustic_entropy_side": 5.25493049621582,
          "hz": 680.1084783214808
        },
        {
          "acoustic_entropy": 5.258688449859619,
          "acoustic_entropy_side": 5.254977226257324,
          "hz": 802.3292461747484
        },
        {
          "acoustic_entropy": 5.27881383895874,
          "acoustic_entropy_side": 5.254897594451904,
          "hz": 935.3737400823702
        },
        {
          "acoustic_entropy": 5.193867206573486,
          "acoustic_entropy_side": 5.249744415283203,
          "hz": 1080.2004963696966
        },
        {
          "acoustic_entropy": 4.693971633911133,
          "acoustic_entropy_side": 5.219310760498047,
          "hz": 1237.8529382007157
        },
        {
          "acoustic_entropy": 5.1989240646362305,
          "acoustic_entropy_side": 5.236398696899414,
          "hz": 1409.4668930556702
        },
        {
          "acoustic_entropy": 5.149595260620117,
          "acoustic_entropy_side": 5.248550891876221,
          "hz": 1596.2787759475705
        },
        {
          "acoustic_entropy": 5.183326244354248,
          "acoustic_entropy_side": 5.253083229064941,
          "hz": 1799.6344973346393
        },
        {
          "acoustic_entropy": 5.26566219329834,
          "acoustic_entropy_side": 5.2548322677612305,
          "hz": 2020.9991599069049
        },
        {
          "acoustic_entropy": 5.270995616912842,
          "acoustic_entropy_side": 5.25537633895874,
          "hz": 2261.9676141086993
        },
        {
          "acoustic_entropy": 5.269740581512451,
          "acoustic_entropy_side": 5.255302429199219,
          "hz": 2524.2759484456974
        },
        {
          "acoustic_entropy": 5.253546237945557,
          "acoustic_entropy_side": 5.255282402038574,
          "hz": 2809.813997359896
        },
        {
          "acoustic_entropy": 5.223785400390625,
          "acoustic_entropy_side": 5.2552595138549805,
          "hz": 3120.6389567871424
        },
        {
          "acoustic_entropy": 5.229312419891357,
          "acoustic_entropy_side": 5.255216121673584,
          "hz": 3458.990205492291
        },
        {
          "acoustic_entropy": 5.240521430969238,
          "acoustic_entropy_side": 5.2552056312561035,
          "hz": 3827.305438964164
        },
        {
          "acoustic_entropy": 5.233835697174072,
          "acoustic_entropy_side": 5.255217552185059,
          "hz": 4228.238232109126
        },
        {
          "acoustic_entropy": 5.2219343185424805,
          "acoustic_entropy_side": 5.255217552185059,
          "hz": 4664.6771572759235
        },
        {
          "acoustic_entropy": 5.229747295379639,
          "acoustic_entropy_side": 5.255215644836426,
          "hz": 5139.766595350093
        },
        {
          "acoustic_entropy": 5.236813068389893,
          "acoustic_entropy_side": 5.255215644836426,
          "hz": 5656.929389854203
        },
        {
          "acoustic_entropy": 5.241097450256348,
          "acoustic_entropy_side": 5.255215167999268,
          "hz": 6219.891507268283
        },
        {
          "acoustic_entropy": 5.245608806610107,
          "acoustic_entropy_side": 5.255215167999268,
          "hz": 6832.70888123896
        },
        {
          "acoustic_entropy": 5.2487006187438965,
          "acoustic_entropy_side": 5.255215167999268,
          "hz": 7499.796634079867
        },
        {
          "acoustic_entropy": 5.249695777893066,
          "acoustic_entropy_side": 5.255215167999268,
          "hz": 8225.96088609342
        },
        {
          "acoustic_entropy": 5.252396106719971,
          "acoustic_entropy_side": 5.255215167999268,
          "hz": 9016.43338188839
        },
        {
          "acoustic_entropy": 5.25324010848999,
          "acoustic_entropy_side": 5.255215167999268,
          "hz": 9876.909183162974
        },
        {
          "acoustic_entropy": 5.25380277633667,
          "acoustic_entropy_side": 5.255215167999268,
          "hz": 10813.587699516042
        },
        {
          "acoustic_entropy": 5.254337787628174,
          "acoustic_entropy_side": 5.255215167999268,
          "hz": 11833.21735289826
        },
        {
          "acoustic_entropy": 5.25486946105957,
          "acoustic_entropy_side": 5.255215167999268,
          "hz": 12943.144197493959
        },
        {
          "acoustic_entropy": 5.255054473876953,
          "acoustic_entropy_side": 5.255215167999268,
          "hz": 14151.364845322005
        },
        {
          "acoustic_entropy": 5.255131244659424,
          "acoustic_entropy_side": 5.255215167999268,
          "hz": 15466.58407886509
        },
        {
          "acoustic_entropy": 5.255181312561035,
          "acoustic_entropy_side": 5.255215167999268,
          "hz": 16898.27756580493
        },
        {
          "acoustic_entropy": 5.255206108093262,
          "acoustic_entropy_side": 5.255215167999268,
          "hz": 18456.760127700032
        },
        {
          "acoustic_entropy": 5.255212306976318,
          "acoustic_entropy_side": 5.255215167999268,
          "hz": 20153.260054456492
        },
        {
          "acoustic_entropy": 5.255214691162109,
          "acoustic_entropy_side": 5.255215167999268,
          "hz": 22000.00000000001
        }
      ],
      "diff_acoustic_entropy": 2.102412223815918,
      "sn": 6
    },
    {
      "acoustic_entropy": 6.460488319396973,
      "acoustic_entropy_mono": 6.192835330963135,
      "band_eliminated_acoustic_entropies": [
        {
          "acoustic_entropy": 6.462166786193848,
          "acoustic_entropy_side": 6.460485458374023,
          "hz": 129.47220167065723
        },
        {
          "acoustic_entropy": 6.538622856140137,
          "acoustic_entropy_side": 6.457849502563477,
          "hz": 202.92927478742237
        },
        {
          "acoustic_entropy": 6.438360214233398,
          "acoustic_entropy_side": 6.459587574005127,
          "hz": 282.89161906338205
        },
        {
          "acoustic_entropy": 6.50016975402832,
          "acoustic_entropy_side": 6.460132598876953,
          "hz": 369.9353335868758
        },
        {
          "acoustic_entropy": 6.456007480621338,
          "acoustic_entropy_side": 6.4536213874816895,
          "hz": 464.6875360973435
        },
        {
          "acoustic_entropy": 6.512331485748291,
          "acoustic_entropy_side": 6.441702842712402,
          "hz": 567.8308811364784
        },
        {
          "acoustic_entropy": 6.566654682159424,
          "acoustic_entropy_side": 6.457808017730713,
          "hz": 680.1084783214808
        },
        {
          "acoustic_entropy": 6.443136692047119,
          "acoustic_entropy_side": 6.457714080810547,
          "hz": 802.3292461747484
        },
        {
          "acoustic_entropy": 6.549130439758301,
          "acoustic_entropy_side": 6.457509994506836,
          "hz": 935.3737400823702
        },
        {
          "acoustic_entropy": 6.545734405517578,
          "acoustic_entropy_side": 6.429577827453613,
          "hz": 1080.2004963696966
        },
        {
          "acoustic_entropy": 6.121313095092773,
          "acoustic_entropy_side": 6.346953392028809,
          "hz": 1237.8529382007157
        },
        {
          "acoustic_entropy": 6.51997709274292,
          "acoustic_entropy_side": 6.384139060974121,
          "hz": 1409.4668930556702
        },
        {
          "acoustic_entropy": 6.411281585693359,
          "acoustic_entropy_side": 6.420907497406006,
          "hz": 1596.2787759475705
        },
        {
          "acoustic_entropy": 6.36579704284668,
          "acoustic_entropy_side": 6.443112373352051,
          "hz": 1799.6344973346393
        },
        {
          "acoustic_entropy": 6.440971374511719,
          "acoustic_entropy_side": 6.45599889755249,
          "hz": 2020.9991599069049
        },
        {
          "acoustic_entropy": 6.4147210121154785,
          "acoustic_entropy_side": 6.461015224456787,
          "hz": 2261.9676141086993
        },
        {
          "acoustic_entropy": 6.436298370361328,
          "acoustic_entropy_side": 6.46157169342041,
          "hz": 2524.2759484456974
        },
        {
          "acoustic_entropy": 6.484920024871826,
          "acoustic_entropy_side": 6.461502552032471,
          "hz": 2809.813997359896
        },
        {
          "acoustic_entropy": 6.5188822746276855,
          "acoustic_entropy_side": 6.4611639976501465,
          "hz": 3120.6389567871424
        },
        {
          "acoustic_entropy": 6.486710071563721,
          "acoustic_entropy_side": 6.460478782653809,
          "hz": 3458.990205492291
        },
        {
          "acoustic_entropy": 6.426776885986328,
          "acoustic_entropy_side": 6.4602813720703125,
          "hz": 3827.305438964164
        },
        {
          "acoustic_entropy": 6.4690728187561035,
          "acoustic_entropy_side": 6.460531711578369,
          "hz": 4228.238232109126
        },
        {
          "acoustic_entropy": 6.47284460067749,
          "acoustic_entropy_side": 6.460537910461426,
          "hz": 4664.6771572759235
        },
        {
          "acoustic_entropy": 6.464417457580566,
          "acoustic_entropy_side": 6.460498332977295,
          "hz": 5139.766595350093
        },
        {
          "acoustic_entropy": 6.461587905883789,
          "acoustic_entropy_side": 6.460492134094238,
          "hz": 5656.929389854203
        },
        {
          "acoustic_entropy": 6.459048271179199,
          "acoustic_entropy_side": 6.460491180419922,
          "hz": 6219.891507268283
        },
        {
          "acoustic_entropy": 6.458285808563232,
          "acoustic_entropy_side": 6.460488796234131,
          "hz": 6832.70888123896
        },
        {
          "acoustic_entropy": 6.459062576293945,
          "acoustic_entropy_side": 6.460488796234131,
          "hz": 7499.796634079867
        },
        {
          "acoustic_entropy": 6.458212375640869,
          "acoustic_entropy_side": 6.460488319396973,
          "hz": 8225.96088609342
        },
        {
          "acoustic_entropy": 6.459503173828125,
          "acoustic_entropy_side": 6.460488319396973,
          "hz": 9016.43338188839
        },
        {
          "acoustic_entropy": 6.4598870277404785,
          "acoustic_entropy_side": 6.460488319396973,
          "hz": 9876.909183162974
        },
        {
          "acoustic_entropy": 6.460306644439697,
          "acoustic_entropy_side": 6.460488319396973,
          "hz": 10813.587699516042
        },
        {
          "acoustic_entropy": 6.460612773895264,
          "acoustic_entropy_side": 6.460488319396973,
          "hz": 11833.21735289826
        },
        {
          "acoustic_entropy": 6.460671901702881,
          "acoustic_entropy_side": 6.460488319396973,
          "hz": 12943.144197493959
        },
        {
          "acoustic_entropy": 6.460572719573975,
          "acoustic_entropy_side": 6.460488319396973,
          "hz": 14151.364845322005
        },
        {
          "acoustic_entropy": 6.460571765899658,
          "acoustic_entropy_side": 6.460488319396973,
          "hz": 15466.58407886509
        },
        {
          "acoustic_entropy": 6.460525035858154,
          "acoustic_entropy_side": 6.460488319396973,
          "hz": 16898.27756580493
        },
        {
          "acoustic_entropy": 6.4604926109313965,
          "acoustic_entropy_side": 6.460488319396973,
          "hz": 18456.760127700032
        },
        {
          "acoustic_entropy": 6.460485935211182,
          "acoustic_entropy_side": 6.460488319396973,
          "hz": 20153.260054456492
        },
        {
          "acoustic_entropy": 6.460486888885498,
          "acoustic_entropy_side": 6.460488319396973,
          "hz": 22000.00000000001
        }
      ],
      "diff_acoustic_entropy": 2.8215954303741455,
      "sn": 12
    },
    {
      "acoustic_entropy": 9.350601196289062,
      "acoustic_entropy_mono": 8.330533981323242,
      "band_eliminated_acoustic_entropies": [
        {
          "acoustic_entropy": 9.360451698303223,
          "acoustic_entropy_side": 9.350517272949219,
          "hz": 129.47220167065723
        },
        {
          "acoustic_entropy": 9.249183654785156,
          "acoustic_entropy_side": 9.33265209197998,
          "hz": 202.92927478742237
        },
        {
          "acoustic_entropy": 9.33576774597168,
          "acoustic_entropy_side": 9.340690612792969,
          "hz": 282.89161906338205
        },
        {
          "acoustic_entropy": 9.35501480102539,
          "acoustic_entropy_side": 9.343647003173828,
          "hz": 369.9353335868758
        },
        {
          "acoustic_entropy": 9.35888957977295,
          "acoustic_entropy_side": 9.323302268981934,
          "hz": 464.6875360973435
        },
        {
          "acoustic_entropy": 9.006670951843262,
          "acoustic_entropy_side": 9.288512229919434,
          "hz": 567.8308811364784
        },
        {
          "acoustic_entropy": 9.426311492919922,
          "acoustic_entropy_side": 9.3278169631958,
          "hz": 680.1084783214808
        },
        {
          "acoustic_entropy": 9.36924934387207,
          "acoustic_entropy_side": 9.332010269165039,
          "hz": 802.3292461747484
        },
        {
          "acoustic_entropy": 9.414851188659668,
          "acoustic_entropy_side": 9.326947212219238,
          "hz": 935.3737400823702
        },
        {
          "acoustic_entropy": 9.44383430480957,
          "acoustic_entropy_side": 9.354488372802734,
          "hz": 1080.2004963696966
        },
        {
          "acoustic_entropy": 9.068748474121094,
          "acoustic_entropy_side": 9.314920425415039,
          "hz": 1237.8529382007157
        },
        {
          "acoustic_entropy": 9.353509902954102,
          "acoustic_entropy_side": 9.293546676635742,
          "hz": 1409.4668930556702
        },
        {
          "acoustic_entropy": 9.458943367004395,
          "acoustic_entropy_side": 9.38274097442627,
          "hz": 1596.2787759475705
        },
        {
          "acoustic_entropy": 9.349111557006836,
          "acoustic_entropy_side": 9.347238540649414,
          "hz": 1799.6344973346393
        },
        {
          "acoustic_entropy": 9.320184707641602,
          "acoustic_entropy_side": 9.31500244140625,
          "hz": 2020.9991599069049
        },
        {
          "acoustic_entropy": 9.199433326721191,
          "acoustic_entropy_side": 9.320598602294922,
          "hz": 2261.9676141086993
        },
        {
          "acoustic_entropy": 9.274526596069336,
          "acoustic_entropy_side": 9.336283683776855,
          "hz": 2524.2759484456974
        },
        {
          "acoustic_entropy": 9.31328010559082,
          "acoustic_entropy_side": 9.34656047821045,
          "hz": 2809.813997359896
        },
        {
