{
  "acoustic_entropy": 146.13548278808594,
  "bands": [
    {
      "high_freq": 148.1999969482422,
      "loudness": -53.79622268676758,
      "loudness_range": 40.512027740478516,
      "mid_mean": -51.92861557006836,
      "mid_to_side_loudness": -14.075919151306152,
      "mid_to_side_loudness_range": 15.923152923583984,
      "side_mean": -61.53163146972656
    },
    {
      "high_freq": 392.3793640136719,
      "loudness": -39.707862854003906,
      "loudness_range": 20.847137451171875,
      "low_freq": 148.1999969482422,
      "mid_mean": -37.06725311279297,
      "mid_to_side_loudness": -7.622556209564209,
      "mid_to_side_loudness_range": 14.681116104125977,
      "side_mean": -44.763587951660156
    },
    {
      "high_freq": 794.6976318359375,
      "loudness": -35.9441032409668,
      "loudness_range": 15.213274002075195,
      "low_freq": 392.3793640136719,
      "mid_mean": -34.22945785522461,
      "mid_to_side_loudness": -3.236860752105713,
      "mid_to_side_loudness_range": 10.468095779418945,
      "side_mean": -37.523887634277344
    },
    {
      "high_freq": 1457.5709228515625,
      "loudness": -41.827369689941406,
      "loudness_range": 25.742523193359375,
      "low_freq": 794.6976318359375,
      "mid_mean": -40.75225830078125,
      "mid_to_side_loudness": -1.8498502969741821,
      "mid_to_side_loudness_range": 12.25460433959961,
      "side_mean": -42.78457260131836
    },
    {
      "high_freq": 2549.74365234375,
      "loudness": -48.49749755859375,
      "loudness_range": 22.57938003540039,
      "low_freq": 1457.5709228515625,
      "mid_mean": -47.88391876220703,
      "mid_to_side_loudness": -1.4272042512893677,
      "mid_to_side_loudness_range": 11.088863372802734,
      "side_mean": -50.043766021728516
    },
    {
      "high_freq": 4349.24462890625,
      "loudness": -56.37566375732422,
      "loudness_range": 25.756710052490234,
      "low_freq": 2549.74365234375,
      "mid_mean": -56.143714904785156,
      "mid_to_side_loudness": -2.312009811401367,
      "mid_to_side_loudness_range": 11.677131652832031,
      "side_mean": -58.11775588989258
    },
    {
      "high_freq": 7314.1640625,
      "loudness": -66.32070922851562,
      "loudness_range": 24.75368881225586,
      "low_freq": 4349.24462890625,
      "mid_mean": -64.791748046875,
      "mid_to_side_loudness": -1.1035889387130737,
      "mid_to_side_loudness_range": 14.910757064819336,
      "side_mean": -65.77513885498047
    },
    {
      "high_freq": 12199.2666015625,
      "loudness": -67.26289367675781,
      "loudness_range": 23.139053344726562,
      "low_freq": 7314.1640625,
      "mid_mean": -66.0037612915039,
      "mid_to_side_loudness": -2.5178916454315186,
      "mid_to_side_loudness_range": 17.70261573791504,
      "side_mean": -67.15461730957031
    },
    {
      "loudness": -79.3869400024414,
      "loudness_range": 14.195869445800781,
      "low_freq": 12199.2666015625,
      "mid_mean": -68.94461822509766,
      "mid_to_side_loudness": -1.6256308555603027,
      "mid_to_side_loudness_range": 6.758667945861816,
      "side_mean": -69.39498901367188
    }
  ],
  "bands_short": [
    {
      "high_freq": 148.1999969482422,
      "loudness": -57.26798629760742,
      "loudness_range": 42.01540756225586,
      "mid_mean": -55.66434860229492,
      "mid_to_side_loudness": -14.288412094116211,
      "mid_to_side_loudness_range": 20.20909881591797,
      "side_mean": -63.58714294433594
    },
    {
      "high_freq": 392.3793640136719,
      "loudness": -39.823890686035156,
      "loudness_range": 23.188087463378906,
      "low_freq": 148.1999969482422,
      "mid_mean": -37.18478775024414,
      "mid_to_side_loudness": -8.002188682556152,
      "mid_to_side_loudness_range": 15.414240837097168,
      "side_mean": -45.39469909667969
    },
    {
      "high_freq": 794.6976318359375,
      "loudness": -37.385459899902344,
      "loudness_range": 18.23831558227539,
      "low_freq": 392.3793640136719,
      "mid_mean": -35.74928665161133,
      "mid_to_side_loudness": -3.284252643585205,
      "mid_to_side_loudness_range": 12.104804992675781,
      "side_mean": -39.08488464355469
    },
    {
      "high_freq": 1457.5709228515625,
      "loudness": -41.53890609741211,
      "loudness_range": 26.922677993774414,
      "low_freq": 794.6976318359375,
      "mid_mean": -40.304561614990234,
      "mid_to_side_loudness": -2.459057569503784,
      "mid_to_side_loudness_range": 14.837395668029785,
      "side_mean": -43.21080017089844
    },
    {
      "high_freq": 2549.74365234375,
      "loudness": -49.28609085083008,
      "loudness_range": 25.004959106445312,
      "low_freq": 1457.5709228515625,
      "mid_mean": -48.93608856201172,
      "mid_to_side_loudness": -1.5567148923873901,
      "mid_to_side_loudness_range": 12.843122482299805,
      "side_mean": -51.09792709350586
    },
    {
      "high_freq": 4349.24462890625,
      "loudness": -57.36885452270508,
      "loudness_range": 27.669437408447266,
      "low_freq": 2549.74365234375,
      "mid_mean": -57.277339935302734,
      "mid_to_side_loudness": -2.591439723968506,
      "mid_to_side_loudness_range": 12.371763229370117,
      "side_mean": -59.44996643066406
    },
    {
      "high_freq": 7314.1640625,
      "loudness": -66.29737854003906,
      "loudness_range": 24.85330581665039,
      "low_freq": 4349.24462890625,
      "mid_mean": -65.12237548828125,
      "mid_to_side_loudness": -1.6621156930923462,
      "mid_to_side_loudness_range": 16.249473571777344,
      "side_mean": -66.38240051269531
    },
    {
      "high_freq": 12199.2666015625,
      "loudness": -68.59353637695312,
      "loudness_range": 23.951744079589844,
      "low_freq": 7314.1640625,
      "mid_mean": -66.65470886230469,
      "mid_to_side_loudness": -2.9283859729766846,
      "mid_to_side_loudness_range": 18.389156341552734,
      "side_mean": -67.8165283203125
    },
    {
      "loudness": -79.47428131103516,
      "loudness_range": 14.490341186523438,
      "low_freq": 12199.2666015625,
      "mid_mean": -68.989990234375,
      "mid_to_side_loudness": -1.499477744102478,
      "mid_to_side_loudness_range": 6.511728286743164,
      "side_mean": -69.42420196533203
    }
  ],
  "bandwidth": 502.1217956542969,
  "channels": 2,
  "covariance": [
    [
      164.87893676757812,
      142.68258666992188,
      44.35118103027344,
      68.17919158935547,
      28.444583892822266,
      37.3205451965332,
      57.67165756225586,
      58.137542724609375,
      50.19107437133789,
      63.24723434448242,
      64.13735961914062,
      65.03250885009766,
      41.81163024902344,
      39.75127410888672,
      16.393844604492188,
      14.548961639404297,
      5.5119147300720215,
      3.8395938873291016
    ],
    [
      142.68258666992188,
      149.43634033203125,
      43.71261215209961,
      66.46343231201172,
      15.340753555297852,
      22.17597198486328,
      36.82866668701172,
      35.32933044433594,
      37.55507278442383,
      40.635108947753906,
      47.72700881958008,
      45.308162689208984,
      38.09193420410156,
      32.087928771972656,
      10.303590774536133,
      6.512104034423828,
      5.604713439941406,
      3.6096997261047363
    ],
    [
      44.35118103027344,
      43.71261215209961,
      50.32362365722656,
      43.205352783203125,
      19.452556610107422,
      21.926599502563477,
      15.19240665435791,
      19.50214385986328,
      30.828458786010742,
      25.604585647583008,
      32.76044464111328,
      26.957605361938477,
      22.50693130493164,
      19.314502716064453,
      11.091581344604492,
      6.436866760253906,
      3.720939874649048,
      1.988014817237854
    ],
    [
      68.17919158935547,
      66.46343231201172,
      43.205352783203125,
      63.13209533691406,
      19.407115936279297,
      22.80257797241211,
      29.355648040771484,
      30.383058547973633,
      40.00732421875,
      36.27008819580078,
      43.80380630493164,
      36.436241149902344,
      30.472768783569336,
      24.619163513183594,
      14.3645601272583,
      9.569226264953613,
      5.065205097198486,
      2.715590476989746
    ],
    [
      28.444583892822266,
      15.340753555297852,
      19.452556610107422,
      19.407115936279297,
      35.15610122680664,
      29.494491577148438,
      28.6599063873291,
      28.946182250976562,
      36.2123908996582,
      37.33982849121094,
      33.451942443847656,
      32.981849670410156,
      16.684288024902344,
      16.03999137878418,
      11.582062721252441,
      9.493902206420898,
      2.3946375846862793,
      1.3711025714874268
    ],
    [
      37.3205451965332,
      22.17597198486328,
      21.926599502563477,
      22.80257797241211,
      29.494491577148438,
      36.776756286621094,
      29.016414642333984,
      30.049745559692383,
      32.94760513305664,
      34.852264404296875,
      32.047874450683594,
      33.71717071533203,
      16.824745178222656,
      17.566082000732422,
      10.318586349487305,
      9.242043495178223,
      2.0763368606567383,
      1.326623797416687
    ],
    [
      57.67165756225586,
      36.82866668701172,
      15.19240665435791,
      29.355648040771484,
      28.6599063873291,
      29.016414642333984,
      85.8297348022461,
      71.04364013671875,
      56.27785873413086,
      56.15570831298828,
      65.45364379882812,
      58.0714111328125,
      34.75288391113281,
      31.041688919067383,
      22.371816635131836,
      16.773685455322266,
      5.728113651275635,
      2.4887733459472656
    ],
    [
      58.137542724609375,
      35.32933044433594,
      19.50214385986328,
      30.383058547973633,
      28.946182250976562,
      30.049745559692383,
      71.04364013671875,
      73.60403442382812,
      50.909820556640625,
      51.768951416015625,
      58.113006591796875,
      54.29692840576172,
      29.748598098754883,
      29.194129943847656,
      19.074020385742188,
      14.855891227722168,
      4.4950408935546875,
      1.9723716974258423
    ],
    [
      50.19107437133789,
      37.55507278442383,
      30.828458786010742,
      40.00732421875,
      36.2123908996582,
      32.94760513305664,
      56.27785873413086,
      50.909820556640625,
      76.00926971435547,
      62.88688278198242,
      68.70072174072266,
      57.13343811035156,
      40.784507751464844,
      31.37319564819336,
      29.30286407470703,
      20.07568359375,
      7.184514999389648,
      3.24662709236145
    ],
    [
      63.24723434448242,
      40.635108947753906,
      25.604585647583008,
      36.27008819580078,
      37.33982849121094,
      34.852264404296875,
      56.15570831298828,
      51.768951416015625,
      62.88688278198242,
      75.27196502685547,
      67.58851623535156,
      62.45756530761719,
      35.58110809326172,
      29.884233474731445,
      25.1719913482666,
      19.05083656311035,
      5.86219596862793,
      3.0445468425750732
    ],
    [
      64.13735961914062,
      47.72700881958008,
      32.76044464111328,
      43.80380630493164,
      33.451942443847656,
      32.047874450683594,
      65.45364379882812,
      58.113006591796875,
      68.70072174072266,
      67.58851623535156,
      83.04035949707031,
      68.34867095947266,
      46.11240768432617,
      38.51992416381836,
      31.55999755859375,
      20.752473831176758,
      8.2189302444458,
      3.546452045440674
    ],
    [
      65.03250885009766,
      45.308162689208984,
      26.957605361938477,
      36.436241149902344,
      32.981849670410156,
      33.71717071533203,
      58.0714111328125,
      54.29692840576172,
      57.13343811035156,
      62.45756530761719,
      68.34867095947266,
      65.53692626953125,
      37.7160530090332,
      34.69520568847656,
      25.356204986572266,
      19.620891571044922,
      6.0153021812438965,
      3.115018606185913
    ],
    [
      41.81163024902344,
      38.09193420410156,
      22.50693130493164,
      30.472768783569336,
      16.684288024902344,
      16.824745178222656,
      34.75288391113281,
      29.748598098754883,
      40.784507751464844,
      35.58110809326172,
      46.11240768432617,
      37.7160530090332,
      36.002281188964844,
      27.872549057006836,
      23.919780731201172,
      15.583416938781738,
      6.094529628753662,
      2.93465518951416
    ],
    [
      39.75127410888672,
      32.087928771972656,
      19.314502716064453,
      24.619163513183594,
      16.03999137878418,
      17.566082000732422,
      31.041688919067383,
      29.194129943847656,
      31.37319564819336,
      29.884233474731445,
      38.51992416381836,
      34.69520568847656,
      27.872549057006836,
      27.756200790405273,
      17.542699813842773,
      12.918452262878418,
      4.264078140258789,
      2.206166982650757
    ],
    [
      16.393844604492188,
      10.303590774536133,
      11.091581344604492,
      14.3645601272583,
      11.582062721252441,
      10.318586349487305,
      22.371816635131836,
      19.074020385742188,
      29.30286407470703,
      25.1719913482666,
      31.55999755859375,
      25.356204986572266,
      23.919780731201172,
      17.542699813842773,
      25.25078773498535,
      18.632051467895508,
      4.745449542999268,
      2.2903852462768555
    ],
    [
      14.548961639404297,
      6.512104034423828,
      6.436866760253906,
      9.569226264953613,
      9.493902206420898,
      9.242043495178223,
      16.773685455322266,
      14.855891227722168,
      20.07568359375,
      19.05083656311035,
      20.752473831176758,
      19.620891571044922,
      15.583416938781738,
      12.918452262878418,
      18.632051467895508,
      20.67584228515625,
      3.0651533603668213,
      2.2912282943725586
    ],
    [
      5.5119147300720215,
      5.604713439941406,
      3.720939874649048,
      5.065205097198486,
      2.3946375846862793,
      2.0763368606567383,
      5.728113651275635,
      4.4950408935546875,
      7.184514999389648,
      5.86219596862793,
      8.2189302444458,
      6.0153021812438965,
      6.094529628753662,
      4.264078140258789,
      4.745449542999268,
      3.0651533603668213,
      1.6994606256484985,
      0.7348750829696655
    ],
    [
      3.8395938873291016,
      3.6096997261047363,
      1.988014817237854,
      2.715590476989746,
      1.3711025714874268,
      1.326623797416687,
      2.4887733459472656,
      1.9723716974258423,
      3.24662709236145,
      3.0445468425750732,
      3.546452045440674,
      3.115018606185913,
      2.93465518951416,
      2.206166982650757,
      2.2903852462768555,
      2.2912282943725586,
      0.7348750829696655,
      0.5309313535690308
    ]
  ],
  "covariance_short": [
    [
      159.3875274658203,
      127.44351959228516,
      57.14309310913086,
      73.80119323730469,
      29.767353057861328,
      39.32487487792969,
      59.46225357055664,
      58.5925178527832,
      54.936607360839844,
      63.63099670410156,
      65.09574890136719,
      63.672935485839844,
      42.850067138671875,
      39.368473052978516,
      18.61243438720703,
      16.0776424407959,
      5.837169647216797,
      3.9889798164367676
    ],
    [
      127.44351959228516,
      131.0161895751953,
      52.26264190673828,
      68.63091278076172,
      15.579583168029785,
      21.604141235351562,
      31.995820999145508,
      31.679052352905273,
      37.899993896484375,
      37.449241638183594,
      46.83523178100586,
      42.26996994018555,
      38.24686813354492,
      31.80093765258789,
      13.204293251037598,
      9.012506484985352,
      5.814156532287598,
      3.701906681060791
    ],
    [
      57.14309310913086,
      52.26264190673828,
      63.66038131713867,
      54.25113296508789,
      27.496978759765625,
      31.77582359313965,
      17.86482810974121,
      24.127622604370117,
      37.11143493652344,
      31.533336639404297,
      38.701351165771484,
      33.0867919921875,
      25.454484939575195,
      22.073760986328125,
      12.325424194335938,
      8.315862655639648,
      4.059925556182861,
      2.2958476543426514
    ],
    [
      73.80119323730469,
      68.63091278076172,
      54.25113296508789,
      77.65383911132812,
      27.560829162597656,
      31.86298942565918,
      32.74470901489258,
      35.93192672729492,
      48.17295455932617,
      43.247920989990234,
      49.93307876586914,
      41.900245666503906,
      33.2485466003418,
      26.612794876098633,
      15.687544822692871,
      10.325629234313965,
      5.290153503417969,
      2.825737476348877
    ],
    [
      29.767353057861328,
      15.579583168029785,
      27.496978759765625,
      27.560829162597656,
      41.05247497558594,
      37.018123626708984,
      32.43855667114258,
      32.520137786865234,
      42.26422119140625,
      39.487266540527344,
      39.77745819091797,
      35.00242614746094,
      20.21282386779785,
      18.165369033813477,
      12.824978828430176,
      9.162863731384277,
      2.908576011657715,
      1.3862124681472778
    ],
    [
      39.32487487792969,
      21.604141235351562,
      31.77582359313965,
      31.86298942565918,
      37.018123626708984,
      50.48344802856445,
      30.375349044799805,
      32.86153030395508,
      40.724212646484375,
      39.745155334472656,
      38.27688217163086,
      37.179603576660156,
      19.98047637939453,
      19.677202224731445,
      11.723938941955566,
      9.20147705078125,
      2.56890606880188,
      1.370307445526123
    ],
    [
      59.46225357055664,
      31.995820999145508,
      17.86482810974121,
      32.74470901489258,
      32.43855667114258,
      30.375349044799805,
      97.00859069824219,
      71.93876647949219,
      65.01998901367188,
      67.44551849365234,
      66.35862731933594,
      62.140506744384766,
      34.80754470825195,
      29.267921447753906,
      23.24558448791504,
      17.88058853149414,
      5.742677211761475,
      2.8127219676971436
    ],
    [
      58.5925178527832,
      31.679052352905273,
      24.127622604370117,
      35.93192672729492,
      32.520137786865234,
      32.86153030395508,
      71.93876647949219,
      75.87079620361328,
      57.89903259277344,
      58.691707611083984,
      59.81473922729492,
      57.17628479003906,
      30.55970573425293,
      28.17735481262207,
      20.062213897705078,
      16.11123275756836,
      4.572115898132324,
      2.2781293392181396
    ],
    [
      54.936607360839844,
      37.899993896484375,
      37.11143493652344,
      48.17295455932617,
      42.26422119140625,
      40.724212646484375,
      65.01998901367188,
      57.89903259277344,
      90.4616928100586,
      72.93745422363281,
      77.4588394165039,
      63.65090560913086,
      43.45123291015625,
      31.744224548339844,
      29.472721099853516,
      19.133316040039062,
      7.517196178436279,
      3.2948994636535645
    ],
    [
      63.63099670410156,
      37.449241638183594,
      31.533336639404297,
      43.247920989990234,
      39.487266540527344,
      39.745155334472656,
      67.44551849365234,
      58.691707611083984,
      72.93745422363281,
      83.49890899658203,
      72.82789611816406,
      65.35527801513672,
      37.593482971191406,
      30.11894989013672,
      24.954282760620117,
      18.075088500976562,
      6.148900508880615,
      3.118082284927368
    ],
    [
      65.09574890136719,
      46.83523178100586,
      38.701351165771484,
      49.93307876586914,
      39.77745819091797,
      38.27688217163086,
      66.35862731933594,
      59.81473922729492,
      77.4588394165039,
      72.82789611816406,
      89.60426330566406,
      72.0288314819336,
      48.793453216552734,
      38.46432876586914,
      32.128170013427734,
      20.227575302124023,
      8.629742622375488,
      3.7366673946380615
    ],
    [
      63.672935485839844,
      42.26996994018555,
      33.0867919921875,
      41.900245666503906,
      35.00242614746094,
      37.179603576660156,
      62.140506744384766,
      57.17628479003906,
      63.65090560913086,
      65.35527801513672,
      72.0288314819336,
      68.68893432617188,
      40.07237243652344,
      35.12128448486328,
      26.103607177734375,
      19.37308692932129,
      6.385187149047852,
      3.3278582096099854
    ],
    [
      42.850067138671875,
      38.24686813354492,
      25.454484939575195,
      33.2485466003418,
      20.21282386779785,
      19.98047637939453,
      34.80754470825195,
      30.55970573425293,
      43.45123291015625,
      37.593482971191406,
      48.793453216552734,
      40.07237243652344,
      37.35006332397461,
      28.473918914794922,
      23.46906280517578,
      14.869928359985352,
      6.296825885772705,
      3.090066432952881
    ],
    [
      39.368473052978516,
      31.80093765258789,
      22.073760986328125,
      26.612794876098633,
      18.165369033813477,
      19.677202224731445,
      29.267921447753906,
      28.17735481262207,
      31.744224548339844,
      30.11894989013672,
      38.46432876586914,
      35.12128448486328,
      28.473918914794922,
      27.41661834716797,
      17.169681549072266,
      12.791997909545898,
      4.353355884552002,
      2.4058611392974854
    ],
    [
      18.61243438720703,
      13.204293251037598,
      12.325424194335938,
      15.687544822692871,
      12.824978828430176,
      11.723938941955566,
      23.24558448791504,
      20.062213897705078,
      29.472721099853516,
      24.954282760620117,
      32.128170013427734,
      26.103607177734375,
      23.46906280517578,
      17.169681549072266,
      22.971500396728516,
      16.20197105407715,
      4.989218235015869,
      2.3978090286254883
    ],
    [
      16.0776424407959,
      9.012506484985352,
      8.315862655639648,
      10.325629234313965,
      9.162863731384277,
      9.20147705078125,
      17.88058853149414,
      16.11123275756836,
      19.133316040039062,
      18.075088500976562,
      20.227575302124023,
      19.37308692932129,
      14.869928359985352,
      12.791997909545898,
      16.20197105407715,
      17.292476654052734,
      2.96993350982666,
      2.176496982574463
    ],
    [
      5.837169647216797,
      5.814156532287598,
      4.059925556182861,
      5.290153503417969,
      2.908576011657715,
      2.56890606880188,
      5.742677211761475,
      4.572115898132324,
      7.517196178436279,
      6.148900508880615,
      8.629742622375488,
      6.385187149047852,
      6.296825885772705,
      4.353355884552002,
      4.989218235015869,
      2.96993350982666,
      1.9988309144973755,
      0.8342744708061218
    ],
    [
      3.9889798164367676,
      3.701906681060791,
      2.2958476543426514,
      2.825737476348877,
      1.3862124681472778,
      1.370307445526123,
      2.8127219676971436,
      2.2781293392181396,
      3.2948994636535645,
      3.118082284927368,
      3.7366673946380615,
      3.3278582096099854,
      3.090066432952881,
      2.4058611392974854,
      2.3978090286254883,
      2.176496982574463,
      0.8342744708061218,
      0.6286162734031677
    ]
  ],
  "damage": -18.87808609008789,
  "diff_bandwidth": 624.7692260742188,
  "dissonance": 2.6448726510673315,
  "drr": 0.45398664474487305,
  "dynamics": 5.23561429977417,
  "format": 1245190,
  "frames": 6189056,
  "loudness": -27.598848342895508,
  "loudness_range": 17.078554153442383,
  "loudness_range_short": 19.766414642333984,
  "lowpass_true_peak_15khz": -5.154231548309326,
  "mastering3_acoustic_entropies": [
    {
      "acoustic_entropy": 8.475467681884766,
      "acoustic_entropy_mono": 7.174783229827881,
      "band_eliminated_acoustic_entropies": [
        {
          "acoustic_entropy": 8.311543464660645,
          "acoustic_entropy_side": 8.45814323425293,
          "hz": 129.47220167065723
        },
        {
          "acoustic_entropy": 8.906941413879395,
          "acoustic_entropy_side": 8.253381729125977,
          "hz": 202.92927478742237
        },
        {
          "acoustic_entropy": 8.675048828125,
          "acoustic_entropy_side": 8.499338150024414,
          "hz": 282.89161906338205
        },
        {
          "acoustic_entropy": 8.384716987609863,
          "acoustic_entropy_side": 8.507359504699707,
          "hz": 369.9353335868758
        },
        {
          "acoustic_entropy": 8.575505256652832,
          "acoustic_entropy_side": 8.610713958740234,
          "hz": 464.6875360973435
        },
        {
          "acoustic_entropy": 8.634242057800293,
          "acoustic_entropy_side": 8.381514549255371,
          "hz": 567.8308811364784
        },
        {
          "acoustic_entropy": 8.390276908874512,
          "acoustic_entropy_side": 7.945025444030762,
          "hz": 680.1084783214808
        },
        {
          "acoustic_entropy": 8.93884563446045,
          "acoustic_entropy_side": 9.263211250305176,
          "hz": 802.3292461747484
        },
        {
          "acoustic_entropy": 8.55856704711914,
          "acoustic_entropy_side": 8.649287223815918,
          "hz": 935.3737400823702
        },
        {
          "acoustic_entropy": 8.666401863098145,
          "acoustic_entropy_side": 8.790251731872559,
          "hz": 1080.2004963696966
        },
        {
          "acoustic_entropy": 8.551977157592773,
          "acoustic_entropy_side": 8.385616302490234,
          "hz": 1237.8529382007157
        },
        {
          "acoustic_entropy": 8.8289155960083,
          "acoustic_entropy_side": 8.999147415161133,
          "hz": 1409.4668930556702
        },
        {
          "acoustic_entropy": 8.26131820678711,
          "acoustic_entropy_side": 8.108180046081543,
          "hz": 1596.2787759475705
        },
        {
          "acoustic_entropy": 8.749103546142578,
          "acoustic_entropy_side": 8.419818878173828,
          "hz": 1799.6344973346393
        },
        {
          "acoustic_entropy": 8.472728729248047,
          "acoustic_entropy_side": 8.496369361877441,
          "hz": 2020.9991599069049
        },
        {
          "acoustic_entropy": 8.542953491210938,
          "acoustic_entropy_side": 8.491198539733887,
          "hz": 2261.9676141086993
        },
        {
          "acoustic_entropy": 8.553357124328613,
          "acoustic_entropy_side": 8.477442741394043,
          "hz": 2524.2759484456974
        },
        {
          "acoustic_entropy": 8.506938934326172,
          "acoustic_entropy_side": 8.472928047180176,
          "hz": 2809.813997359896
        },
        {
          "acoustic_entropy": 8.505212783813477,
          "acoustic_entropy_side": 8.493067741394043,
          "hz": 3120.6389567871424
        },
        {
          "acoustic_entropy": 8.483248710632324,
          "acoustic_entropy_side": 8.471644401550293,
          "hz": 3458.990205492291
        },
        {
          "acoustic_entropy": 8.488164901733398,
          "acoustic_entropy_side": 8.475554466247559,
          "hz": 3827.305438964164
        },
        {
          "acoustic_entropy": 8.479942321777344,
          "acoustic_entropy_side": 8.475606918334961,
          "hz": 4228.238232109126
        },
        {
          "acoustic_entropy": 8.477914810180664,
          "acoustic_entropy_side": 8.475469589233398,
          "hz": 4664.6771572759235
        },
        {
          "acoustic_entropy": 8.477025985717773,
          "acoustic_entropy_side": 8.475820541381836,
          "hz": 5139.766595350093
        },
        {
          "acoustic_entropy": 8.476163864135742,
          "acoustic_entropy_side": 8.475614547729492,
          "hz": 5656.929389854203
        },
        {
          "acoustic_entropy": 8.475956916809082,
          "acoustic_entropy_side": 8.475529670715332,
          "hz": 6219.891507268283
        },
        {
          "acoustic_entropy": 8.475496292114258,
          "acoustic_entropy_side": 8.475495338439941,
          "hz": 6832.70888123896
        },
        {
          "acoustic_entropy": 8.47577953338623,
          "acoustic_entropy_side": 8.475708961486816,
          "hz": 7499.796634079867
        },
        {
          "acoustic_entropy": 8.475659370422363,
          "acoustic_entropy_side": 8.47562026977539,
          "hz": 8225.96088609342
        },
        {
          "acoustic_entropy": 8.475373268127441,
          "acoustic_entropy_side": 8.475360870361328,
          "hz": 9016.43338188839
        },
        {
          "acoustic_entropy": 8.475186347961426,
          "acoustic_entropy_side": 8.47539234161377,
          "hz": 9876.909183162974
        },
        {
          "acoustic_entropy": 8.475146293640137,
          "acoustic_entropy_side": 8.475446701049805,
          "hz": 10813.587699516042
        },
        {
          "acoustic_entropy": 8.474770545959473,
          "acoustic_entropy_side": 8.475319862365723,
          "hz": 11833.21735289826
        },
        {
          "acoustic_entropy": 8.475201606750488,
          "acoustic_entropy_side": 8.475381851196289,
          "hz": 12943.144197493959
        },
        {
          "acoustic_entropy": 8.475462913513184,
          "acoustic_entropy_side": 8.4754638671875,
          "hz": 14151.364845322005
        },
        {
          "acoustic_entropy": 8.475468635559082,
          "acoustic_entropy_side": 8.475467681884766,
          "hz": 15466.58407886509
        },
        {
          "acoustic_entropy": 8.475467681884766,
          "acoustic_entropy_side": 8.475467681884766,
          "hz": 16898.27756580493
        },
        {
          "acoustic_entropy": 8.475467681884766,
          "acoustic_entropy_side": 8.475467681884766,
          "hz": 18456.760127700032
        },
        {
          "acoustic_entropy": 8.47546672821045,
          "acoustic_entropy_side": 8.475467681884766,
          "hz": 20153.260054456492
        },
        {
          "acoustic_entropy": 8.475467681884766,
          "acoustic_entropy_side": 8.475467681884766,
          "hz": 22000.00000000001
        }
      ],
      "diff_acoustic_entropy": 4.448714256286621,
      "sn": 6
    },
    {
      "acoustic_entropy": 12.516255378723145,
      "acoustic_entropy_mono": 10.688488960266113,
      "band_eliminated_acoustic_entropies": [
        {
          "acoustic_entropy": 12.404770851135254,
          "acoustic_entropy_side": 12.419602394104004,
          "hz": 129.47220167065723
        },
        {
          "acoustic_entropy": 12.572870254516602,
          "acoustic_entropy_side": 12.446290016174316,
          "hz": 202.92927478742237
        },
        {
          "acoustic_entropy": 13.109042167663574,
          "acoustic_entropy_side": 12.57516098022461,
          "hz": 282.89161906338205
        },
        {
          "acoustic_entropy": 12.345917701721191,
          "acoustic_entropy_side": 12.416092872619629,
          "hz": 369.9353335868758
        },
        {
          "acoustic_entropy": 12.843344688415527,
          "acoustic_entropy_side": 12.337563514709473,
          "hz": 464.6875360973435
        },
        {
          "acoustic_entropy": 14.113651275634766,
          "acoustic_entropy_side": 13.203993797302246,
          "hz": 567.8308811364784
        },
        {
          "acoustic_entropy": 12.924201965332031,
          "acoustic_entropy_side": 12.323869705200195,
          "hz": 680.1084783214808
        },
        {
          "acoustic_entropy": 12.466864585876465,
          "acoustic_entropy_side": 12.436910629272461,
          "hz": 802.3292461747484
        },
        {
          "acoustic_entropy": 12.397869110107422,
          "acoustic_entropy_side": 12.63838005065918,
          "hz": 935.3737400823702
        },
        {
          "acoustic_entropy": 12.142129898071289,
          "acoustic_entropy_side": 12.157660484313965,
          "hz": 1080.2004963696966
        },
        {
          "acoustic_entropy": 12.473670959472656,
          "acoustic_entropy_side": 12.519147872924805,
          "hz": 1237.8529382007157
        },
        {
          "acoustic_entropy": 13.118914604187012,
          "acoustic_entropy_side": 13.426093101501465,
          "hz": 1409.4668930556702
        },
        {
          "acoustic_entropy": 13.130382537841797,
          "acoustic_entropy_side": 13.222113609313965,
          "hz": 1596.2787759475705
        },
        {
          "acoustic_entropy": 12.953216552734375,
          "acoustic_entropy_side": 12.593464851379395,
          "hz": 1799.6344973346393
        },
        {
          "acoustic_entropy": 12.203862190246582,
          "acoustic_entropy_side": 12.463218688964844,
          "hz": 2020.9991599069049
        },
        {
          "acoustic_entropy": 12.719204902648926,
          "acoustic_entropy_side": 12.718595504760742,
          "hz": 2261.9676141086993
        },
        {
          "acoustic_entropy": 12.844037055969238,
          "acoustic_entropy_side": 12.635531425476074,
          "hz": 2524.2759484456974
        },
        {
          "acoustic_entropy": 12.494123458862305,
          "acoustic_entropy_side": 12.501267433166504,
          "hz": 2809.813997359896
        },
        {
          "acoustic_entropy": 12.483908653259277,
          "acoustic_entropy_side": 12.539376258850098,
          "hz": 3120.6389567871424
        },
        {
          "acoustic_entropy": 12.609588623046875,
          "acoustic_entropy_side": 12.553799629211426,
          "hz": 3458.990205492291
        },
        {
          "acoustic_entropy": 12.593973159790039,
          "acoustic_entropy_side": 12.52120590209961,
          "hz": 3827.305438964164
        },
        {
          "acoustic_entropy": 12.50371265411377,
          "acoustic_entropy_side": 12.507054328918457,
          "hz": 4228.238232109126
        },
        {
          "acoustic_entropy": 12.492156028747559,
          "acoustic_entropy_side": 12.487895965576172,
          "hz": 4664.6771572759235
        },
        {
          "acoustic_entropy": 12.526521682739258,
          "acoustic_entropy_side": 12.516383171081543,
          "hz": 5139.766595350093
        },
        {
          "acoustic_entropy": 12.52216625213623,
          "acoustic_entropy_side": 12.517040252685547,
          "hz": 5656.929389854203
        },
        {
          "acoustic_entropy": 12.519865036010742,
          "acoustic_entropy_side": 12.516416549682617,
          "hz": 6219.891507268283
        },
        {
          "acoustic_entropy": 12.513005256652832,
          "acoustic_entropy_side": 12.514201164245605,
          "hz": 6832.70888123896
        },
        {
          "acoustic_entropy": 12.518982887268066,
          "acoustic_entropy_side": 12.51893424987793,
          "hz": 7499.796634079867
        },
        {
          "acoustic_entropy": 12.518865585327148,
          "acoustic_entropy_side": 12.518399238586426,
          "hz": 8225.96088609342
        },
        {
          "acoustic_entropy": 12.506335258483887,
          "acoustic_entropy_side": 12.505531311035156,
          "hz": 9016.43338188839
        },
        {
          "acoustic_entropy": 12.521235466003418,
          "acoustic_entropy_side": 12.521217346191406,
          "hz": 9876.909183162974
        },
        {
          "acoustic_entropy": 12.515613555908203,
          "acoustic_entropy_side": 12.516345977783203,
          "hz": 10813.587699516042
        },
        {
          "acoustic_entropy": 12.517752647399902,
          "acoustic_entropy_side": 12.516916275024414,
          "hz": 11833.21735289826
        },
        {
          "acoustic_entropy": 12.516079902648926,
          "acoustic_entropy_side": 12.51610279083252,
          "hz": 12943.144197493959
        },
        {
          "acoustic_entropy": 12.516430854797363,
          "acoustic_entropy_side": 12.516332626342773,
          "hz": 14151.364845322005
        },
        {
          "acoustic_entropy": 12.516310691833496,
          "acoustic_entropy_side": 12.516282081604004,
          "hz": 15466.58407886509
        },
        {
          "acoustic_entropy": 12.516256332397461,
          "acoustic_entropy_side": 12.516255378723145,
          "hz": 16898.27756580493
        },
        {
          "acoustic_entropy": 12.516254425048828,
          "acoustic_entropy_side": 12.516255378723145,
          "hz": 18456.760127700032
        },
        {
          "acoustic_entropy": 12.516256332397461,
          "acoustic_entropy_side": 12.516256332397461,
          "hz": 20153.260054456492
        },
        {
          "acoustic_entropy": 12.516256332397461,
          "acoustic_entropy_side": 12.516255378723145,
          "hz": 22000.00000000001
        }
      ],
      "diff_acoustic_entropy": 6.675135612487793,
      "sn": 12
    },
    {
      "acoustic_entropy": 19.419931411743164,
      "acoustic_entropy_mono": 16.961753845214844,
      "band_eliminated_acoustic_entropies": [
        {
          "acoustic_entropy": 19.29067611694336,
          "acoustic_entropy_side": 19.334266662597656,
          "hz": 129.47220167065723
        },
        {
          "acoustic_entropy": 19.03658676147461,
          "acoustic_entropy_side": 19.15449333190918,
          "hz": 202.92927478742237
        },
        {
          "acoustic_entropy": 18.747278213500977,
          "acoustic_entropy_side": 19.60971450805664,
          "hz": 282.89161906338205
        },
        {
          "acoustic_entropy": 20.19379425048828,
          "acoustic_entropy_side": 20.104751586914062,
          "hz": 369.9353335868758
        },
        {
          "acoustic_entropy": 19.816375732421875,
          "acoustic_entropy_side": 19.69373893737793,
          "hz": 464.6875360973435
        },
        {
          "acoustic_entropy": 19.396411895751953,
          "acoustic_entropy_side": 19.427261352539062,
          "hz": 567.8308811364784
        },
        {
          "acoustic_entropy": 19.75904083251953,
          "acoustic_entropy_side": 18.907081604003906,
          "hz": 680.1084783214808
        },
        {
          "acoustic_entropy": 18.047338485717773,
          "acoustic_entropy_side": 18.964445114135742,
          "hz": 802.3292461747484
        },
        {
          "acoustic_entropy": 19.308902740478516,
          "acoustic_entropy_side": 19.779891967773438,
          "hz": 935.3737400823702
        },
        {
          "acoustic_entropy": 19.111221313476562,
          "acoustic_entropy_side": 19.22823143005371,
          "hz": 1080.2004963696966
        },
        {
          "acoustic_entropy": 19.76542854309082,
          "acoustic_entropy_side": 19.399852752685547,
          "hz": 1237.8529382007157
        },
        {
          "acoustic_entropy": 17.87217903137207,
          "acoustic_entropy_side": 18.9072322845459,
          "hz": 1409.4668930556702
        },
        {
          "acoustic_entropy": 20.064937591552734,
          "acoustic_entropy_side": 19.992036819458008,
          "hz": 1596.2787759475705
        },
        {
          "acoustic_entropy": 19.61034393310547,
          "acoustic_entropy_side": 18.722684860229492,
          "hz": 1799.6344973346393
        },
        {
          "acoustic_entropy": 19.570402145385742,
          "acoustic_entropy_side": 19.797788619995117,
          "hz": 2020.9991599069049
        },
        {
          "acoustic_entropy": 18.884859085083008,
          "acoustic_entropy_side": 19.41541290283203,
          "hz": 2261.9676141086993
        },
        {
          "acoustic_entropy": 19.5853214263916,
          "acoustic_entropy_side": 19.755802154541016,
          "hz": 2524.2759484456974
        },
        {
          "acoustic_entropy": 19.787370681762695,
          "acoustic_entropy_side": 19.65682601928711,
          "hz": 2809.813997359896
        },
        {
          "acoustic_entropy": 19.545583724975586,
          "acoustic_entropy_side": 19.459285736083984,
          "hz": 3120.6389567871424
        },
