{
  "acoustic_entropy": 148.43983459472656,
  "bands": [
    {
      "high_freq": 148.1999969482422,
      "loudness": -41.801246643066406,
      "loudness_range": 22.266746520996094,
      "mid_mean": -38.385467529296875,
      "mid_to_side_loudness": -16.58089256286621,
      "mid_to_side_loudness_range": 21.19488525390625,
      "side_mean": -55.44059753417969
    },
    {
      "high_freq": 392.3793640136719,
      "loudness": -32.314369201660156,
      "loudness_range": 16.2294921875,
      "low_freq": 148.1999969482422,
      "mid_mean": -28.81698989868164,
      "mid_to_side_loudness": -16.085113525390625,
      "mid_to_side_loudness_range": 15.694063186645508,
      "side_mean": -45.109962463378906
    },
    {
      "high_freq": 794.6976318359375,
      "loudness": -30.230297088623047,
      "loudness_range": 17.163681030273438,
      "low_freq": 392.3793640136719,
      "mid_mean": -26.752941131591797,
      "mid_to_side_loudness": -15.274164199829102,
      "mid_to_side_loudness_range": 12.645164489746094,
      "side_mean": -42.122310638427734
    },
    {
      "high_freq": 1457.5709228515625,
      "loudness": -32.76335906982422,
      "loudness_range": 22.218828201293945,
      "low_freq": 794.6976318359375,
      "mid_mean": -29.448883056640625,
      "mid_to_side_loudness": -14.693570137023926,
      "mid_to_side_loudness_range": 15.718505859375,
      "side_mean": -44.842010498046875
    },
    {
      "high_freq": 2549.74365234375,
      "loudness": -38.913291931152344,
      "loudness_range": 17.434057235717773,
      "low_freq": 1457.5709228515625,
      "mid_mean": -35.45260238647461,
      "mid_to_side_loudness": -14.347136497497559,
      "mid_to_side_loudness_range": 14.5311279296875,
      "side_mean": -51.60701370239258
    },
    {
      "high_freq": 4349.24462890625,
      "loudness": -41.81175231933594,
      "loudness_range": 18.674419403076172,
      "low_freq": 2549.74365234375,
      "mid_mean": -38.548702239990234,
      "mid_to_side_loudness": -17.080352783203125,
      "mid_to_side_loudness_range": 18.533016204833984,
      "side_mean": -56.943077087402344
    },
    {
      "high_freq": 7314.1640625,
      "loudness": -52.04574966430664,
      "loudness_range": 20.01961898803711,
      "low_freq": 4349.24462890625,
      "mid_mean": -48.571372985839844,
      "mid_to_side_loudness": -21.891990661621094,
      "mid_to_side_loudness_range": 22.688785552978516,
      "side_mean": -66.77220153808594
    },
    {
      "high_freq": 12199.2666015625,
      "loudness": -59.10646438598633,
      "loudness_range": 20.02703857421875,
      "low_freq": 7314.1640625,
      "mid_mean": -55.810279846191406,
      "mid_to_side_loudness": -29.08754539489746,
      "mid_to_side_loudness_range": 41.08881378173828,
      "side_mean": -69.57369232177734
    },
    {
      "loudness": -74.00730895996094,
      "loudness_range": 9.535820007324219,
      "low_freq": 12199.2666015625,
      "mid_mean": -66.99137878417969,
      "mid_to_side_loudness": -15.9400053024292,
      "mid_to_side_loudness_range": 19.286766052246094,
      "side_mean": -69.9146728515625
    }
  ],
  "bands_short": [
    {
      "high_freq": 148.1999969482422,
      "loudness": -45.80940246582031,
      "loudness_range": 28.089862823486328,
      "mid_mean": -42.59059143066406,
      "mid_to_side_loudness": -13.661103248596191,
      "mid_to_side_loudness_range": 23.339536666870117,
      "side_mean": -57.11708450317383
    },
    {
      "high_freq": 392.3793640136719,
      "loudness": -34.476219177246094,
      "loudness_range": 17.764896392822266,
      "low_freq": 148.1999969482422,
      "mid_mean": -31.04517364501953,
      "mid_to_side_loudness": -15.7813138961792,
      "mid_to_side_loudness_range": 19.717092514038086,
      "side_mean": -47.06087875366211
    },
    {
      "high_freq": 794.6976318359375,
      "loudness": -30.353662490844727,
      "loudness_range": 18.396665573120117,
      "low_freq": 392.3793640136719,
      "mid_mean": -26.914451599121094,
      "mid_to_side_loudness": -14.715653419494629,
      "mid_to_side_loudness_range": 16.987056732177734,
      "side_mean": -42.13300704956055
    },
    {
      "high_freq": 1457.5709228515625,
      "loudness": -32.44375991821289,
      "loudness_range": 22.514570236206055,
      "low_freq": 794.6976318359375,
      "mid_mean": -29.1945858001709,
      "mid_to_side_loudness": -13.933557510375977,
      "mid_to_side_loudness_range": 19.057510375976562,
      "side_mean": -44.527854919433594
    },
    {
      "high_freq": 2549.74365234375,
      "loudness": -39.4539794921875,
      "loudness_range": 18.893136978149414,
      "low_freq": 1457.5709228515625,
      "mid_mean": -36.11484909057617,
      "mid_to_side_loudness": -13.748796463012695,
      "mid_to_side_loudness_range": 16.947891235351562,
      "side_mean": -51.894290924072266
    },
    {
      "high_freq": 4349.24462890625,
      "loudness": -42.37144470214844,
      "loudness_range": 19.78369140625,
      "low_freq": 2549.74365234375,
      "mid_mean": -39.11021041870117,
      "mid_to_side_loudness": -16.40715789794922,
      "mid_to_side_loudness_range": 19.888275146484375,
      "side_mean": -57.06314468383789
    },
    {
      "high_freq": 7314.1640625,
      "loudness": -52.6409912109375,
      "loudness_range": 21.849658966064453,
      "low_freq": 4349.24462890625,
      "mid_mean": -50.35105514526367,
      "mid_to_side_loudness": -20.58430290222168,
      "mid_to_side_loudness_range": 21.75705337524414,
      "side_mean": -66.71705627441406
    },
    {
      "high_freq": 12199.2666015625,
      "loudness": -60.23508834838867,
      "loudness_range": 21.23300552368164,
      "low_freq": 7314.1640625,
      "mid_mean": -56.776153564453125,
      "mid_to_side_loudness": -25.924959182739258,
      "mid_to_side_loudness_range": 38.940460205078125,
      "side_mean": -69.59498596191406
    },
    {
      "loudness": -74.24217224121094,
      "loudness_range": 9.116813659667969,
      "low_freq": 12199.2666015625,
      "mid_mean": -67.09315490722656,
      "mid_to_side_loudness": -15.706303596496582,
      "mid_to_side_loudness_range": 18.91900634765625,
      "side_mean": -69.91448211669922
    }
  ],
  "bandwidth": 705.1029663085938,
  "channels": 2,
  "covariance": [
    [
      65.81330871582031,
      23.27977752685547,
      11.398199081420898,
      12.857305526733398,
      17.489242553710938,
      18.53843879699707,
      17.17642593383789,
      24.489234924316406,
      14.30052375793457,
      19.82476234436035,
      17.93246841430664,
      19.33158302307129,
      21.978862762451172,
      6.742659091949463,
      15.418686866760254,
      0.7987242341041565,
      4.512570858001709,
      -0.0435054674744606
    ],
    [
      23.27977752685547,
      39.63599395751953,
      3.70035457611084,
      8.079933166503906,
      7.308164119720459,
      10.948888778686523,
      6.835270881652832,
      14.423747062683105,
      5.63258171081543,
      24.230741500854492,
      9.243885040283203,
      19.392366409301758,
      12.204816818237305,
      6.821414470672607,
      17.122671127319336,
      1.2464648485183716,
      4.182323932647705,
      0.022913377732038498
    ],
    [
      11.398199081420898,
      3.70035457611084,
      34.19509506225586,
      25.1073055267334,
      14.502808570861816,
      12.53233528137207,
      11.49893569946289,
      11.940326690673828,
      16.55941390991211,
      14.935453414916992,
      18.164419174194336,
      15.187356948852539,
      20.395689010620117,
      7.325628757476807,
      20.352598190307617,
      2.0913150310516357,
      4.825182914733887,
      -0.02617160603404045
    ],
    [
      12.857305526733398,
      8.079933166503906,
      25.1073055267334,
      40.40530014038086,
      13.26351547241211,
      15.294883728027344,
      16.45509910583496,
      18.451345443725586,
      14.360408782958984,
      18.665313720703125,
      20.02829360961914,
      19.711597442626953,
      20.844188690185547,
      9.191433906555176,
      20.025104522705078,
      2.0739023685455322,
      4.766310214996338,
      -0.02740141749382019
    ],
    [
      17.489242553710938,
      7.308164119720459,
      14.502808570861816,
      13.26351547241211,
      36.44483184814453,
      26.062843322753906,
      29.590002059936523,
      26.48151206970215,
      22.285476684570312,
      20.625194549560547,
      24.05286407470703,
      18.906394958496094,
      23.158296585083008,
      6.822723388671875,
      17.737565994262695,
      0.5688457489013672,
      4.614410400390625,
      -0.04236268252134323
    ],
    [
      18.53843879699707,
      10.948888778686523,
      12.53233528137207,
      15.294883728027344,
      26.062843322753906,
      34.48136901855469,
      23.089317321777344,
      28.85712242126465,
      18.924509048461914,
      25.353355407714844,
      18.973464965820312,
      20.627304077148438,
      21.4554386138916,
      8.266630172729492,
      16.29610824584961,
      1.0403839349746704,
      4.608799457550049,
      -0.036324016749858856
    ],
    [
      17.17642593383789,
      6.835270881652832,
      11.49893569946289,
      16.45509910583496,
      29.590002059936523,
      23.089317321777344,
      68.53521728515625,
      51.624725341796875,
      21.71900749206543,
      19.725189208984375,
      36.668479919433594,
      27.174949645996094,
      32.724056243896484,
      11.526872634887695,
      22.49298095703125,
      0.4808255732059479,
      6.311924934387207,
      -0.05959576740860939
    ],
    [
      24.489234924316406,
      14.423747062683105,
      11.940326690673828,
      18.451345443725586,
      26.48151206970215,
      28.85712242126465,
      51.624725341796875,
      64.69989013671875,
      23.192331314086914,
      26.624296188354492,
      32.16381072998047,
      31.694683074951172,
      32.179317474365234,
      13.207518577575684,
      23.842342376708984,
      1.1643986701965332,
      7.277848720550537,
      -0.059473246335983276
    ],
    [
      14.30052375793457,
      5.63258171081543,
      16.55941390991211,
      14.360408782958984,
      22.285476684570312,
      18.924509048461914,
      21.71900749206543,
      23.192331314086914,
      40.395851135253906,
      29.730022430419922,
      32.374568939208984,
      24.76325225830078,
      26.699960708618164,
      8.827739715576172,
      19.66196632385254,
      1.3923858404159546,
      4.973980903625488,
      -0.03620489314198494
    ],
    [
      19.82476234436035,
      24.230741500854492,
      14.935453414916992,
      18.665313720703125,
      20.625194549560547,
      25.353355407714844,
      19.725189208984375,
      26.624296188354492,
      29.730022430419922,
      53.504417419433594,
      26.445863723754883,
      38.936248779296875,
      25.51923370361328,
      11.995027542114258,
      29.755722045898438,
      1.8503464460372925,
      6.866152763366699,
      0.009977832436561584
    ],
    [
      17.93246841430664,
      9.243885040283203,
      18.164419174194336,
      20.02829360961914,
      24.05286407470703,
      18.973464965820312,
      36.668479919433594,
      32.16381072998047,
      32.374568939208984,
      26.445863723754883,
      51.85663986206055,
      35.04172134399414,
      37.7884407043457,
      11.714670181274414,
      27.446760177612305,
      1.463063359260559,
      6.31727933883667,
      -0.050108615309000015
    ],
    [
      19.33158302307129,
      19.392366409301758,
      15.187356948852539,
      19.711597442626953,
      18.906394958496094,
      20.627304077148438,
      27.174949645996094,
      31.694683074951172,
      24.76325225830078,
      38.936248779296875,
      35.04172134399414,
      42.124610900878906,
      29.03777503967285,
      12.646591186523438,
      29.61543083190918,
      1.6049138307571411,
      6.656686782836914,
      -0.013800421729683876
    ],
    [
      21.978862762451172,
      12.204816818237305,
      20.395689010620117,
      20.844188690185547,
      23.158296585083008,
      21.4554386138916,
      32.724056243896484,
      32.179317474365234,
      26.699960708618164,
      25.51923370361328,
      37.7884407043457,
      29.03777503967285,
      50.676353454589844,
      15.54603385925293,
      36.04834747314453,
      2.0675196647644043,
      10.074420928955078,
      -0.06342973560094833
    ],
    [
      6.742659091949463,
      6.821414470672607,
      7.325628757476807,
      9.191433906555176,
      6.822723388671875,
      8.266630172729492,
      11.526872634887695,
      13.207518577575684,
      8.827739715576172,
      11.995027542114258,
      11.714670181274414,
      12.646591186523438,
      15.54603385925293,
      10.129670143127441,
      12.378799438476562,
      1.5650774240493774,
      4.100781440734863,
      -0.006021823268383741
    ],
    [
      15.418686866760254,
      17.122671127319336,
      20.352598190307617,
      20.025104522705078,
      17.737565994262695,
      16.29610824584961,
      22.49298095703125,
      23.842342376708984,
      19.66196632385254,
      29.755722045898438,
      27.446760177612305,
      29.61543083190918,
      36.04834747314453,
      12.378799438476562,
      48.012020111083984,
      2.7514233589172363,
      11.670204162597656,
      -0.0334499329328537
    ],
    [
      0.7987242341041565,
      1.2464648485183716,
      2.0913150310516357,
      2.0739023685455322,
      0.5688457489013672,
      1.0403839349746704,
      0.4808255732059479,
      1.1643986701965332,
      1.3923858404159546,
      1.8503464460372925,
      1.463063359260559,
      1.6049138307571411,
      2.0675196647644043,
      1.5650774240493774,
      2.7514233589172363,
      0.8444561958312988,
      0.8255433440208435,
      0.003491339273750782
    ],
    [
      4.512570858001709,
      4.182323932647705,
      4.825182914733887,
      4.766310214996338,
      4.614410400390625,
      4.608799457550049,
      6.311924934387207,
      7.277848720550537,
      4.973980903625488,
      6.866152763366699,
      6.31727933883667,
      6.656686782836914,
      10.074420928955078,
      4.100781440734863,
      11.670204162597656,
      0.8255433440208435,
      4.902088642120361,
      -0.012699397280812263
    ],
    [
      -0.0435054674744606,
      0.022913377732038498,
      -0.02617160603404045,
      -0.02740141749382019,
      -0.04236268252134323,
      -0.036324016749858856,
      -0.05959576740860939,
      -0.059473246335983276,
      -0.03620489314198494,
      0.009977832436561584,
      -0.050108615309000015,
      -0.013800421729683876,
      -0.06342973560094833,
      -0.006021823268383741,
      -0.0334499329328537,
      0.003491339273750782,
      -0.012699397280812263,
      0.0007509579882025719
    ]
  ],
  "covariance_short": [
    [
      89.32624816894531,
      28.40018653869629,
      15.008217811584473,
      11.562429428100586,
      12.531449317932129,
      15.424938201904297,
      12.588569641113281,
      23.250041961669922,
      12.278145790100098,
      17.605440139770508,
      15.100563049316406,
      17.6662654876709,
      23.682422637939453,
      6.782538414001465,
      16.70889663696289,
      1.0453037023544312,
      4.225320816040039,
      -0.045584823936223984
    ],
    [
      28.40018653869629,
      48.69466018676758,
      1.8234987258911133,
      7.86295747756958,
      5.303282260894775,
      9.831232070922852,
      3.739541530609131,
      13.55345344543457,
      4.449329853057861,
      21.7089786529541,
      6.872410297393799,
      17.40645408630371,
      21.777799606323242,
      6.4790754318237305,
      15.02259635925293,
      1.2623337507247925,
      3.5320205688476562,
      0.020234504714608192
    ],
    [
      15.008217811584473,
      1.8234987258911133,
      42.56040573120117,
      23.156522750854492,
      18.646774291992188,
      15.884101867675781,
      7.338495254516602,
      10.133323669433594,
      16.294471740722656,
      13.35014820098877,
      14.889772415161133,
      13.370047569274902,
      19.3592529296875,
      6.57513427734375,
      16.5429630279541,
      1.5217043161392212,
      3.957496166229248,
      -0.027515826746821404
    ],
    [
      11.562429428100586,
      7.86295747756958,
      23.156522750854492,
      44.08027267456055,
      15.625985145568848,
      21.37169647216797,
      12.619730949401855,
      14.757625579833984,
      11.713072776794434,
      18.00687599182129,
      15.815576553344727,
      17.75689697265625,
      21.5853271484375,
      8.251181602478027,
      17.616445541381836,
      1.6467339992523193,
      4.281129837036133,
      -0.02764415182173252
    ],
    [
      12.531449317932129,
      5.303282260894775,
      18.646774291992188,
      15.625985145568848,
      43.201751708984375,
      25.745214462280273,
      25.453311920166016,
      22.107030868530273,
      25.265335083007812,
      20.54094886779785,
      25.828327178955078,
      18.97753143310547,
      27.40633773803711,
      7.26698637008667,
      22.761367797851562,
      1.3645594120025635,
      5.082536697387695,
      -0.04021831601858139
    ],
    [
      15.424938201904297,
      9.831232070922852,
      15.884101867675781,
      21.37169647216797,
      25.745214462280273,
      39.070396423339844,
      19.047515869140625,
      25.129276275634766,
      18.735393524169922,
      25.718687057495117,
      17.881742477416992,
      20.817840576171875,
      24.49872398376465,
      8.879437446594238,
      17.437076568603516,
      1.3922594785690308,
      4.19273567199707,
      -0.033642176538705826
    ],
    [
      12.588569641113281,
      3.739541530609131,
      7.338495254516602,
      12.619730949401855,
      25.453311920166016,
      19.047515869140625,
      70.71617889404297,
      45.49314880371094,
      22.208953857421875,
      18.130531311035156,
      36.13855743408203,
      25.115808486938477,
      35.788089752197266,
      11.068918228149414,
      24.22572898864746,
      0.1987685263156891,
      5.958617687225342,
      -0.0637521743774414
    ],
    [
      23.250041961669922,
      13.55345344543457,
      10.133323669433594,
      14.757625579833984,
      22.107030868530273,
      25.129276275634766,
      45.49314880371094,
      64.30045318603516,
      23.545434951782227,
      26.06454086303711,
      30.760522842407227,
      30.47378158569336,
      33.675716400146484,
      13.207796096801758,
      22.434268951416016,
      0.9523425698280334,
      6.1874098777771,
      -0.054389167577028275
    ],
    [
      12.278145790100098,
      4.449329853057861,
      16.294471740722656,
      11.713072776794434,
      25.265335083007812,
      18.735393524169922,
      22.208953857421875,
      23.545434951782227,
      47.89677429199219,
      29.116130828857422,
      35.93718719482422,
      24.609407424926758,
      31.563772201538086,
      8.9785737991333,
      21.56916046142578,
      1.2364939451217651,
      4.891277313232422,
      -0.03974136710166931
    ],
    [
      17.605440139770508,
      21.7089786529541,
      13.35014820098877,
      18.00687599182129,
      20.54094886779785,
      25.718687057495117,
      18.130531311035156,
      26.06454086303711,
      29.116130828857422,
      56.021629333496094,
      24.815906524658203,
      39.0927734375,
      43.40950012207031,
      12.454732894897461,
      28.631418228149414,
      1.7610604763031006,
      6.3464460372924805,
      0.007575351744890213
    ],
    [
      15.100563049316406,
      6.872410297393799,
      14.889772415161133,
      15.815576553344727,
      25.828327178955078,
      17.881742477416992,
      36.13855743408203,
      30.760522842407227,
      35.93718719482422,
      24.815906524658203,
      57.7335319519043,
      32.90758514404297,
      42.379859924316406,
      11.63933277130127,
      29.65738296508789,
      1.287335753440857,
      6.233996391296387,
      -0.051881834864616394
    ],
    [
      17.6662654876709,
      17.40645408630371,
      13.370047569274902,
      17.75689697265625,
      18.97753143310547,
      20.817840576171875,
      25.115808486938477,
      30.47378158569336,
      24.609407424926758,
      39.0927734375,
      32.90758514404297,
      43.05246353149414,
      42.03036880493164,
      13.160867691040039,
      28.509931564331055,
      1.4788589477539062,
      6.189591884613037,
      -0.015378574840724468
    ],
    [
      23.682422637939453,
      21.777799606323242,
      19.3592529296875,
      21.5853271484375,
      27.40633773803711,
      24.49872398376465,
      35.788089752197266,
      33.675716400146484,
      31.563772201538086,
      43.40950012207031,
      42.379859924316406,
      42.03036880493164,
      76.33300018310547,
      17.137205123901367,
      51.77118682861328,
      1.7860734462738037,
      12.784857749938965,
      -0.03804367035627365
    ],
    [
      6.782538414001465,
      6.4790754318237305,
      6.57513427734375,
      8.251181602478027,
      7.26698637008667,
      8.879437446594238,
      11.068918228149414,
      13.207796096801758,
      8.9785737991333,
      12.454732894897461,
      11.63933277130127,
      13.160867691040039,
      17.137205123901367,
      10.937044143676758,
      10.936687469482422,
      1.56214439868927,
      3.075533866882324,
      -0.0030660866759717464
    ],
    [
      16.70889663696289,
      15.02259635925293,
      16.5429630279541,
      17.616445541381836,
      22.761367797851562,
      17.437076568603516,
      24.22572898864746,
      22.434268951416016,
      21.56916046142578,
      28.631418228149414,
      29.65738296508789,
      28.509931564331055,
      51.77118682861328,
      10.936687469482422,
      50.36965560913086,
      1.8961477279663086,
      11.629607200622559,
      -0.04405303671956062
    ],
    [
      1.0453037023544312,
      1.2623337507247925,
      1.5217043161392212,
      1.6467339992523193,
      1.3645594120025635,
      1.3922594785690308,
      0.1987685263156891,
      0.9523425698280334,
      1.2364939451217651,
      1.7610604763031006,
      1.287335753440857,
      1.4788589477539062,
      1.7860734462738037,
      1.56214439868927,
      1.8961477279663086,
      0.9297814965248108,
      0.3758360743522644,
      0.005848649423569441
    ],
    [
      4.225320816040039,
      3.5320205688476562,
      3.957496166229248,
      4.281129837036133,
      5.082536697387695,
      4.19273567199707,
      5.958617687225342,
      6.1874098777771,
      4.891277313232422,
      6.3464460372924805,
      6.233996391296387,
      6.189591884613037,
      12.784857749938965,
      3.075533866882324,
      11.629607200622559,
      0.3758360743522644,
      5.008608818054199,
      -0.018302053213119507
    ],
    [
      -0.045584823936223984,
      0.020234504714608192,
      -0.027515826746821404,
      -0.02764415182173252,
      -0.04021831601858139,
      -0.033642176538705826,
      -0.0637521743774414,
      -0.054389167577028275,
      -0.03974136710166931,
      0.007575351744890213,
      -0.051881834864616394,
      -0.015378574840724468,
      -0.03804367035627365,
      -0.0030660866759717464,
      -0.04405303671956062,
      0.005848649423569441,
      -0.018302053213119507,
      0.0013435850851237774
    ]
  ],
  "damage": -12.119693756103516,
  "diff_bandwidth": 716.0468139648438,
  "dissonance": 6.696026811172606,
  "drr": 9.226243019104004,
  "dynamics": 4.355103492736816,
  "format": 1245190,
  "frames": 6421440,
  "loudness": -20.815969467163086,
  "loudness_range": 13.480107307434082,
  "loudness_range_short": 15.189352989196777,
  "lowpass_true_peak_15khz": -4.4486188888549805,
  "mastering3_acoustic_entropies": [
    {
      "acoustic_entropy": 8.82899284362793,
      "acoustic_entropy_mono": 8.910163879394531,
      "band_eliminated_acoustic_entropies": [
        {
          "acoustic_entropy": 8.873909950256348,
          "acoustic_entropy_side": 8.828990936279297,
          "hz": 129.47220167065723
        },
        {
          "acoustic_entropy": 8.950267791748047,
          "acoustic_entropy_side": 8.828990936279297,
          "hz": 202.92927478742237
        },
        {
          "acoustic_entropy": 8.973180770874023,
          "acoustic_entropy_side": 8.826079368591309,
          "hz": 282.89161906338205
        },
        {
          "acoustic_entropy": 8.544358253479004,
          "acoustic_entropy_side": 8.824819564819336,
          "hz": 369.9353335868758
        },
        {
          "acoustic_entropy": 7.835275173187256,
          "acoustic_entropy_side": 8.77679443359375,
          "hz": 464.6875360973435
        },
        {
          "acoustic_entropy": 8.219438552856445,
          "acoustic_entropy_side": 8.816381454467773,
          "hz": 567.8308811364784
        },
        {
          "acoustic_entropy": 7.95862340927124,
          "acoustic_entropy_side": 8.82280445098877,
          "hz": 680.1084783214808
        },
        {
          "acoustic_entropy": 8.3090238571167,
          "acoustic_entropy_side": 8.798598289489746,
          "hz": 802.3292461747484
        },
        {
          "acoustic_entropy": 8.549541473388672,
          "acoustic_entropy_side": 8.868322372436523,
          "hz": 935.3737400823702
        },
        {
          "acoustic_entropy": 8.785116195678711,
          "acoustic_entropy_side": 8.873356819152832,
          "hz": 1080.2004963696966
        },
        {
          "acoustic_entropy": 8.370102882385254,
          "acoustic_entropy_side": 8.850820541381836,
          "hz": 1237.8529382007157
        },
        {
          "acoustic_entropy": 9.048846244812012,
          "acoustic_entropy_side": 8.832916259765625,
          "hz": 1409.4668930556702
        },
        {
          "acoustic_entropy": 8.599002838134766,
          "acoustic_entropy_side": 8.765968322753906,
          "hz": 1596.2787759475705
        },
        {
          "acoustic_entropy": 8.663086891174316,
          "acoustic_entropy_side": 8.82797622680664,
          "hz": 1799.6344973346393
        },
        {
          "acoustic_entropy": 8.982366561889648,
          "acoustic_entropy_side": 8.83203125,
          "hz": 2020.9991599069049
        },
        {
          "acoustic_entropy": 8.527748107910156,
          "acoustic_entropy_side": 8.831068992614746,
          "hz": 2261.9676141086993
        },
        {
          "acoustic_entropy": 8.936755180358887,
          "acoustic_entropy_side": 8.83096694946289,
          "hz": 2524.2759484456974
        },
        {
          "acoustic_entropy": 8.781702995300293,
          "acoustic_entropy_side": 8.829198837280273,
          "hz": 2809.813997359896
        },
        {
          "acoustic_entropy": 8.857319831848145,
          "acoustic_entropy_side": 8.830265045166016,
          "hz": 3120.6389567871424
        },
        {
          "acoustic_entropy": 8.824455261230469,
          "acoustic_entropy_side": 8.82903003692627,
          "hz": 3458.990205492291
        },
        {
          "acoustic_entropy": 8.815672874450684,
          "acoustic_entropy_side": 8.829042434692383,
          "hz": 3827.305438964164
        },
        {
          "acoustic_entropy": 8.906911849975586,
          "acoustic_entropy_side": 8.829072952270508,
          "hz": 4228.238232109126
        },
        {
          "acoustic_entropy": 8.859726905822754,
          "acoustic_entropy_side": 8.829071044921875,
          "hz": 4664.6771572759235
        },
        {
          "acoustic_entropy": 8.812744140625,
          "acoustic_entropy_side": 8.828995704650879,
          "hz": 5139.766595350093
        },
        {
          "acoustic_entropy": 8.78854751586914,
          "acoustic_entropy_side": 8.828991889953613,
          "hz": 5656.929389854203
        },
        {
          "acoustic_entropy": 8.87764835357666,
          "acoustic_entropy_side": 8.828985214233398,
          "hz": 6219.891507268283
        },
        {
          "acoustic_entropy": 8.839238166809082,
          "acoustic_entropy_side": 8.828877449035645,
          "hz": 6832.70888123896
        },
        {
          "acoustic_entropy": 8.953380584716797,
          "acoustic_entropy_side": 8.828904151916504,
          "hz": 7499.796634079867
        },
        {
          "acoustic_entropy": 8.888168334960938,
          "acoustic_entropy_side": 8.828988075256348,
          "hz": 8225.96088609342
        },
        {
          "acoustic_entropy": 8.817541122436523,
          "acoustic_entropy_side": 8.82899284362793,
          "hz": 9016.43338188839
        },
        {
          "acoustic_entropy": 8.80693244934082,
          "acoustic_entropy_side": 8.82899284362793,
          "hz": 9876.909183162974
        },
        {
          "acoustic_entropy": 8.823851585388184,
          "acoustic_entropy_side": 8.82899284362793,
          "hz": 10813.587699516042
        },
        {
          "acoustic_entropy": 8.824490547180176,
          "acoustic_entropy_side": 8.82899284362793,
          "hz": 11833.21735289826
        },
        {
          "acoustic_entropy": 8.827156066894531,
          "acoustic_entropy_side": 8.82899284362793,
          "hz": 12943.144197493959
        },
        {
          "acoustic_entropy": 8.828485488891602,
          "acoustic_entropy_side": 8.82899284362793,
          "hz": 14151.364845322005
        },
        {
          "acoustic_entropy": 8.828937530517578,
          "acoustic_entropy_side": 8.82899284362793,
          "hz": 15466.58407886509
        },
        {
          "acoustic_entropy": 8.82898998260498,
          "acoustic_entropy_side": 8.82899284362793,
          "hz": 16898.27756580493
        },
        {
          "acoustic_entropy": 8.82899284362793,
          "acoustic_entropy_side": 8.82899284362793,
          "hz": 18456.760127700032
        },
        {
          "acoustic_entropy": 8.82899284362793,
          "acoustic_entropy_side": 8.82899284362793,
          "hz": 20153.260054456492
        },
        {
          "acoustic_entropy": 8.82899284362793,
          "acoustic_entropy_side": 8.82899284362793,
          "hz": 22000.00000000001
        }
      ],
      "diff_acoustic_entropy": 4.401474952697754,
      "sn": 6
    },
    {
      "acoustic_entropy": 13.814358711242676,
      "acoustic_entropy_mono": 13.58556842803955,
      "band_eliminated_acoustic_entropies": [
        {
          "acoustic_entropy": 13.27391242980957,
          "acoustic_entropy_side": 13.814327239990234,
          "hz": 129.47220167065723
        },
        {
          "acoustic_entropy": 12.605621337890625,
          "acoustic_entropy_side": 13.813936233520508,
          "hz": 202.92927478742237
        },
        {
          "acoustic_entropy": 13.719223022460938,
          "acoustic_entropy_side": 13.827770233154297,
          "hz": 282.89161906338205
        },
        {
          "acoustic_entropy": 13.479938507080078,
          "acoustic_entropy_side": 13.853190422058105,
          "hz": 369.9353335868758
        },
        {
          "acoustic_entropy": 12.786115646362305,
          "acoustic_entropy_side": 13.782462120056152,
          "hz": 464.6875360973435
        },
        {
          "acoustic_entropy": 13.386078834533691,
          "acoustic_entropy_side": 13.84624195098877,
          "hz": 567.8308811364784
        },
        {
          "acoustic_entropy": 12.411927223205566,
          "acoustic_entropy_side": 14.012513160705566,
          "hz": 680.1084783214808
        },
        {
          "acoustic_entropy": 13.063438415527344,
          "acoustic_entropy_side": 13.936655044555664,
          "hz": 802.3292461747484
        },
        {
          "acoustic_entropy": 13.184783935546875,
          "acoustic_entropy_side": 13.483357429504395,
          "hz": 935.3737400823702
        },
        {
          "acoustic_entropy": 12.999309539794922,
          "acoustic_entropy_side": 13.540406227111816,
          "hz": 1080.2004963696966
        },
        {
          "acoustic_entropy": 13.392412185668945,
          "acoustic_entropy_side": 14.079309463500977,
          "hz": 1237.8529382007157
        },
        {
          "acoustic_entropy": 13.734441757202148,
          "acoustic_entropy_side": 13.60862922668457,
          "hz": 1409.4668930556702
        },
        {
          "acoustic_entropy": 13.327672958374023,
          "acoustic_entropy_side": 13.968703269958496,
          "hz": 1596.2787759475705
        },
        {
          "acoustic_entropy": 14.047723770141602,
          "acoustic_entropy_side": 13.804737091064453,
          "hz": 1799.6344973346393
        },
        {
          "acoustic_entropy": 13.271652221679688,
          "acoustic_entropy_side": 13.81886100769043,
          "hz": 2020.9991599069049
        },
        {
          "acoustic_entropy": 12.792536735534668,
          "acoustic_entropy_side": 13.811491966247559,
          "hz": 2261.9676141086993
        },
        {
          "acoustic_entropy": 13.713844299316406,
          "acoustic_entropy_side": 13.839366912841797,
          "hz": 2524.2759484456974
        },
        {
          "acoustic_entropy": 13.444076538085938,
          "acoustic_entropy_side": 13.81741714477539,
          "hz": 2809.813997359896
        },
        {
          "acoustic_entropy": 13.809714317321777,
          "acoustic_entropy_side": 13.826118469238281,
          "hz": 3120.6389567871424
        },
        {
          "acoustic_entropy": 13.86885929107666,
          "acoustic_entropy_side": 13.8135986328125,
          "hz": 3458.990205492291
        },
        {
          "acoustic_entropy": 13.76738452911377,
          "acoustic_entropy_side": 13.814359664916992,
          "hz": 3827.305438964164
        },
        {
          "acoustic_entropy": 14.095174789428711,
          "acoustic_entropy_side": 13.81403636932373,
          "hz": 4228.238232109126
        },
        {
          "acoustic_entropy": 13.984167098999023,
          "acoustic_entropy_side": 13.813948631286621,
          "hz": 4664.6771572759235
        },
        {
          "acoustic_entropy": 13.801584243774414,
          "acoustic_entropy_side": 13.814352989196777,
          "hz": 5139.766595350093
        },
        {
          "acoustic_entropy": 13.736854553222656,
          "acoustic_entropy_side": 13.814356803894043,
          "hz": 5656.929389854203
        },
        {
          "acoustic_entropy": 13.546332359313965,
          "acoustic_entropy_side": 13.814355850219727,
          "hz": 6219.891507268283
        },
        {
          "acoustic_entropy": 13.263055801391602,
          "acoustic_entropy_side": 13.81409740447998,
          "hz": 6832.70888123896
        },
        {
          "acoustic_entropy": 13.14768123626709,
          "acoustic_entropy_side": 13.814141273498535,
          "hz": 7499.796634079867
        },
        {
          "acoustic_entropy": 13.266873359680176,
          "acoustic_entropy_side": 13.814343452453613,
          "hz": 8225.96088609342
        },
        {
          "acoustic_entropy": 13.559080123901367,
          "acoustic_entropy_side": 13.814358711242676,
          "hz": 9016.43338188839
        },
        {
          "acoustic_entropy": 13.745277404785156,
          "acoustic_entropy_side": 13.814358711242676,
          "hz": 9876.909183162974
        },
        {
          "acoustic_entropy": 13.792016983032227,
          "acoustic_entropy_side": 13.814358711242676,
          "hz": 10813.587699516042
        },
        {
          "acoustic_entropy": 13.796585083007812,
          "acoustic_entropy_side": 13.814358711242676,
          "hz": 11833.21735289826
        },
        {
          "acoustic_entropy": 13.807610511779785,
          "acoustic_entropy_side": 13.814358711242676,
          "hz": 12943.144197493959
        },
        {
          "acoustic_entropy": 13.812348365783691,
          "acoustic_entropy_side": 13.814358711242676,
          "hz": 14151.364845322005
        },
        {
          "acoustic_entropy": 13.814107894897461,
          "acoustic_entropy_side": 13.814358711242676,
          "hz": 15466.58407886509
        },
        {
          "acoustic_entropy": 13.814345359802246,
          "acoustic_entropy_side": 13.814358711242676,
          "hz": 16898.27756580493
        },
        {
          "acoustic_entropy": 13.814358711242676,
          "acoustic_entropy_side": 13.814358711242676,
          "hz": 18456.760127700032
        },
        {
          "acoustic_entropy": 13.814358711242676,
          "acoustic_entropy_side": 13.814358711242676,
          "hz": 20153.260054456492
        },
        {
          "acoustic_entropy": 13.814358711242676,
          "acoustic_entropy_side": 13.814358711242676,
          "hz": 22000.00000000001
        }
      ],
      "diff_acoustic_entropy": 7.798726558685303,
      "sn": 12
    },
    {
      "acoustic_entropy": 20.763916015625,
      "acoustic_entropy_mono": 19.905420303344727,
      "band_eliminated_acoustic_entropies": [
        {
          "acoustic_entropy": 20.334163665771484,
          "acoustic_entropy_side": 20.7680721282959,
          "hz": 129.47220167065723
        },
        {
          "acoustic_entropy": 20.76666831970215,
          "acoustic_entropy_side": 20.721773147583008,
          "hz": 202.92927478742237
        },
        {
          "acoustic_entropy": 21.622392654418945,
          "acoustic_entropy_side": 20.928455352783203,
          "hz": 282.89161906338205
        },
        {
          "acoustic_entropy": 21.958744049072266,
          "acoustic_entropy_side": 20.571470260620117,
          "hz": 369.9353335868758
        },
        {
          "acoustic_entropy": 20.45122718811035,
          "acoustic_entropy_side": 20.43810272216797,
          "hz": 464.6875360973435
        },
        {
          "acoustic_entropy": 20.221330642700195,
          "acoustic_entropy_side": 20.2121639251709,
          "hz": 567.8308811364784
        },
        {
          "acoustic_entropy": 21.014118194580078,
          "acoustic_entropy_side": 21.48334503173828,
          "hz": 680.1084783214808
        },
        {
          "acoustic_entropy": 20.129098892211914,
          "acoustic_entropy_side": 21.195947647094727,
          "hz": 802.3292461747484
        },
        {
          "acoustic_entropy": 20.718162536621094,
          "acoustic_entropy_side": 20.46931266784668,
          "hz": 935.3737400823702
        },
        {
          "acoustic_entropy": 20.80254364013672,
          "acoustic_entropy_side": 20.965778350830078,
          "hz": 1080.2004963696966
        },
        {
          "acoustic_entropy": 21.48263168334961,
          "acoustic_entropy_side": 20.940765380859375,
          "hz": 1237.8529382007157
        },
        {
          "acoustic_entropy": 19.76581382751465,
          "acoustic_entropy_side": 19.895854949951172,
          "hz": 1409.4668930556702
        },
        {
          "acoustic_entropy": 20.192745208740234,
          "acoustic_entropy_side": 21.505674362182617,
          "hz": 1596.2787759475705
        },
        {
          "acoustic_entropy": 20.219253540039062,
          "acoustic_entropy_side": 21.320863723754883,
          "hz": 1799.6344973346393
        },
        {
          "acoustic_entropy": 20.14004898071289,
          "acoustic_entropy_side": 20.478824615478516,
          "hz": 2020.9991599069049
        },
        {
          "acoustic_entropy": 20.414831161499023,
          "acoustic_entropy_side": 20.78910255432129,
          "hz": 2261.9676141086993
        },
        {
          "acoustic_entropy": 19.962535858154297,
          "acoustic_entropy_side": 20.81616973876953,
          "hz": 2524.2759484456974
        },
        {
          "acoustic_entropy": 20.58255958557129,
