{
  "acoustic_entropy": 114.65371704101562,
  "bands": [
    {
      "high_freq": 148.1999969482422,
      "loudness": -47.482666015625,
      "loudness_range": 28.798545837402344,
      "mid_mean": -44.0231819152832,
      "mid_to_side_loudness": -13.140921592712402,
      "mid_to_side_loudness_range": 9.630043029785156,
      "side_mean": -57.097293853759766
    },
    {
      "high_freq": 392.3793640136719,
      "loudness": -32.91843795776367,
      "loudness_range": 20.39754867553711,
      "low_freq": 148.1999969482422,
      "mid_mean": -29.829612731933594,
      "mid_to_side_loudness": -9.93726634979248,
      "mid_to_side_loudness_range": 8.994796752929688,
      "side_mean": -39.750308990478516
    },
    {
      "high_freq": 794.6976318359375,
      "loudness": -32.16812515258789,
      "loudness_range": 25.277374267578125,
      "low_freq": 392.3793640136719,
      "mid_mean": -30.01227378845215,
      "mid_to_side_loudness": -5.809772491455078,
      "mid_to_side_loudness_range": 6.422214031219482,
      "side_mean": -35.5804557800293
    },
    {
      "high_freq": 1457.5709228515625,
      "loudness": -41.962738037109375,
      "loudness_range": 29.514039993286133,
      "low_freq": 794.6976318359375,
      "mid_mean": -41.51754379272461,
      "mid_to_side_loudness": -0.38791313767433167,
      "mid_to_side_loudness_range": 7.959282398223877,
      "side_mean": -41.7875862121582
    },
    {
      "high_freq": 2549.74365234375,
      "loudness": -46.73053741455078,
      "loudness_range": 32.727622985839844,
      "low_freq": 1457.5709228515625,
      "mid_mean": -46.33638381958008,
      "mid_to_side_loudness": -1.9479855298995972,
      "mid_to_side_loudness_range": 6.809883117675781,
      "side_mean": -50.36125946044922
    },
    {
      "high_freq": 4349.24462890625,
      "loudness": -56.144775390625,
      "loudness_range": 33.79231262207031,
      "low_freq": 2549.74365234375,
      "mid_mean": -58.690494537353516,
      "mid_to_side_loudness": -0.2513982355594635,
      "mid_to_side_loudness_range": 5.758761405944824,
      "side_mean": -58.802085876464844
    },
    {
      "high_freq": 7314.1640625,
      "loudness": -68.0617904663086,
      "loudness_range": 28.69788360595703,
      "low_freq": 4349.24462890625,
      "mid_mean": -65.42817687988281,
      "mid_to_side_loudness": -0.3555246889591217,
      "mid_to_side_loudness_range": 3.8309054374694824,
      "side_mean": -65.57627868652344
    },
    {
      "high_freq": 12199.2666015625,
      "loudness": -75.76870727539062,
      "loudness_range": 10.086456298828125,
      "low_freq": 7314.1640625,
      "mid_mean": -68.56554412841797,
      "mid_to_side_loudness": -0.03735828772187233,
      "mid_to_side_loudness_range": 1.1523350477218628,
      "side_mean": -68.5638427734375
    },
    {
      "loudness": -75.54859161376953,
      "loudness_range": 3.6032485961914062,
      "low_freq": 12199.2666015625,
      "mid_mean": -68.76575469970703,
      "mid_to_side_loudness": -0.11595239490270615,
      "mid_to_side_loudness_range": 0.5452878475189209,
      "side_mean": -68.78535461425781
    }
  ],
  "bands_short": [
    {
      "high_freq": 148.1999969482422,
      "loudness": -51.27414321899414,
      "loudness_range": 28.926406860351562,
      "mid_mean": -47.9484977722168,
      "mid_to_side_loudness": -12.164467811584473,
      "mid_to_side_loudness_range": 14.532596588134766,
      "side_mean": -59.53022384643555
    },
    {
      "high_freq": 392.3793640136719,
      "loudness": -33.50835037231445,
      "loudness_range": 21.929683685302734,
      "low_freq": 148.1999969482422,
      "mid_mean": -30.512571334838867,
      "mid_to_side_loudness": -10.021602630615234,
      "mid_to_side_loudness_range": 11.194185256958008,
      "side_mean": -40.367218017578125
    },
    {
      "high_freq": 794.6976318359375,
      "loudness": -32.63609313964844,
      "loudness_range": 25.964935302734375,
      "low_freq": 392.3793640136719,
      "mid_mean": -30.48787498474121,
      "mid_to_side_loudness": -5.799640655517578,
      "mid_to_side_loudness_range": 8.694929122924805,
      "side_mean": -36.12200927734375
    },
    {
      "high_freq": 1457.5709228515625,
      "loudness": -42.196327209472656,
      "loudness_range": 29.256013870239258,
      "low_freq": 794.6976318359375,
      "mid_mean": -41.928924560546875,
      "mid_to_side_loudness": -0.4124724566936493,
      "mid_to_side_loudness_range": 9.08392333984375,
      "side_mean": -42.3916015625
    },
    {
      "high_freq": 2549.74365234375,
      "loudness": -47.193965911865234,
      "loudness_range": 33.03778839111328,
      "low_freq": 1457.5709228515625,
      "mid_mean": -47.0267333984375,
      "mid_to_side_loudness": -2.180418014526367,
      "mid_to_side_loudness_range": 8.810256958007812,
      "side_mean": -51.0039176940918
    },
    {
      "high_freq": 4349.24462890625,
      "loudness": -55.75162124633789,
      "loudness_range": 33.802947998046875,
      "low_freq": 2549.74365234375,
      "mid_mean": -58.64747619628906,
      "mid_to_side_loudness": -0.09918209165334702,
      "mid_to_side_loudness_range": 7.2776079177856445,
      "side_mean": -58.64469528198242
    },
    {
      "high_freq": 7314.1640625,
      "loudness": -69.69247436523438,
      "loudness_range": 28.3397216796875,
      "low_freq": 4349.24462890625,
      "mid_mean": -65.66273498535156,
      "mid_to_side_loudness": -0.32710593938827515,
      "mid_to_side_loudness_range": 4.487532615661621,
      "side_mean": -65.81716918945312
    },
    {
      "high_freq": 12199.2666015625,
      "loudness": -76.04244232177734,
      "loudness_range": 8.880508422851562,
      "low_freq": 7314.1640625,
      "mid_mean": -68.6953353881836,
      "mid_to_side_loudness": -0.024117829278111458,
      "mid_to_side_loudness_range": 2.078144073486328,
      "side_mean": -68.6897201538086
    },
    {
      "loudness": -75.55760955810547,
      "loudness_range": 3.616546630859375,
      "low_freq": 12199.2666015625,
      "mid_mean": -68.76834106445312,
      "mid_to_side_loudness": -0.10746248811483383,
      "mid_to_side_loudness_range": 1.3375294208526611,
      "side_mean": -68.78839111328125
    }
  ],
  "bandwidth": 607.5478515625,
  "channels": 2,
  "covariance": [
    [
      84.46627807617188,
      61.82122802734375,
      45.49087142944336,
      44.05390167236328,
      57.01908493041992,
      52.843563079833984,
      59.80415344238281,
      63.26936721801758,
      79.0898666381836,
      90.5905990600586,
      78.02369689941406,
      78.0122299194336,
      44.102237701416016,
      44.12339782714844,
      9.441394805908203,
      9.243049621582031,
      2.5973167419433594,
      2.4334137439727783
    ],
    [
      61.82122802734375,
      54.68576431274414,
      35.5352668762207,
      36.149234771728516,
      46.286964416503906,
      42.97908020019531,
      47.946807861328125,
      50.73973846435547,
      62.620323181152344,
      78.90230560302734,
      66.0041732788086,
      65.76103210449219,
      36.08867263793945,
      36.091331481933594,
      8.152717590332031,
      8.005346298217773,
      2.6073174476623535,
      2.476895570755005
    ],
    [
      45.49087142944336,
      35.5352668762207,
      54.64875030517578,
      46.3940315246582,
      45.069766998291016,
      40.920528411865234,
      52.07722854614258,
      51.29637908935547,
      67.39972686767578,
      71.98933410644531,
      58.81937789916992,
      59.657596588134766,
      31.471464157104492,
      31.07277488708496,
      6.168124198913574,
      6.121800899505615,
      1.7390635013580322,
      1.637283444404602
    ],
    [
      44.05390167236328,
      36.149234771728516,
      46.3940315246582,
      53.74674987792969,
      49.19694900512695,
      44.23179244995117,
      52.493778228759766,
      52.2657470703125,
      66.66558074951172,
      73.45288848876953,
      59.831485748291016,
      60.35708999633789,
      31.1556453704834,
      30.613319396972656,
      5.786933422088623,
      5.738741874694824,
      1.703019142150879,
      1.5951502323150635
    ],
    [
      57.01908493041992,
      46.286964416503906,
      45.069766998291016,
      49.19694900512695,
      85.33121490478516,
      76.19972229003906,
      74.80159759521484,
      75.8490982055664,
      90.6740951538086,
      99.51942443847656,
      89.52609252929688,
      87.2734375,
      44.51258087158203,
      43.60713195800781,
      7.42022180557251,
      7.170199394226074,
      2.4049742221832275,
      2.1870174407958984
    ],
    [
      52.843563079833984,
      42.97908020019531,
      40.920528411865234,
      44.23179244995117,
      76.19972229003906,
      77.65055847167969,
      74.45515441894531,
      75.55094146728516,
      88.69035339355469,
      92.38191223144531,
      86.44297790527344,
      84.00125885009766,
      44.155921936035156,
      43.72922897338867,
      7.742977142333984,
      7.490519046783447,
      2.394378900527954,
      2.2063474655151367
    ],
    [
      59.80415344238281,
      47.946807861328125,
      52.07722854614258,
      52.493778228759766,
      74.80159759521484,
      74.45515441894531,
      99.43091583251953,
      96.93331909179688,
      110.60786437988281,
      112.70955657958984,
      101.9685287475586,
      101.03073120117188,
      52.55079650878906,
      51.75319290161133,
      10.658133506774902,
      10.502313613891602,
      2.9184670448303223,
      2.757030725479126
    ],
    [
      63.26936721801758,
      50.73973846435547,
      51.29637908935547,
      52.2657470703125,
      75.8490982055664,
      75.55094146728516,
      96.93331909179688,
      102.99930572509766,
      111.45173645019531,
      114.16668701171875,
      103.45175170898438,
      102.69363403320312,
      53.853065490722656,
      52.88901138305664,
      10.82770824432373,
      10.653778076171875,
      2.947111129760742,
      2.7972805500030518
    ],
    [
      79.0898666381836,
      62.620323181152344,
      67.39972686767578,
      66.66558074951172,
      90.6740951538086,
      88.69035339355469,
      110.60786437988281,
      111.45173645019531,
      143.68887329101562,
      140.45809936523438,
      125.752685546875,
      126.06525421142578,
      66.30658721923828,
      65.3421859741211,
      13.337223052978516,
      13.090923309326172,
      3.6718621253967285,
      3.468430757522583
    ],
    [
      90.5905990600586,
      78.90230560302734,
      71.98933410644531,
      73.45288848876953,
      99.51942443847656,
      92.38191223144531,
      112.70955657958984,
      114.16668701171875,
      140.45809936523438,
      167.47296142578125,
      136.43385314941406,
      136.5745391845703,
      68.89563751220703,
      67.43094635009766,
      13.83878231048584,
      13.70828628540039,
      4.551910877227783,
      4.315155982971191
    ],
    [
      78.02369689941406,
      66.0041732788086,
      58.81937789916992,
      59.831485748291016,
      89.52609252929688,
      86.44297790527344,
      101.9685287475586,
      103.45175170898438,
      125.752685546875,
      136.43385314941406,
      128.34829711914062,
      126.53865051269531,
      67.50005340576172,
      66.6994400024414,
      13.579681396484375,
      13.30591106414795,
      4.125092029571533,
      3.888716220855713
    ],
    [
      78.0122299194336,
      65.76103210449219,
      59.657596588134766,
      60.35708999633789,
      87.2734375,
      84.00125885009766,
      101.03073120117188,
      102.69363403320312,
      126.06525421142578,
      136.5745391845703,
      126.53865051269531,
      127.39586639404297,
      67.22801208496094,
      66.17811584472656,
      13.572185516357422,
      13.358885765075684,
      4.085117816925049,
      3.8601772785186768
    ],
    [
      44.102237701416016,
      36.08867263793945,
      31.471464157104492,
      31.1556453704834,
      44.51258087158203,
      44.155921936035156,
      52.55079650878906,
      53.853065490722656,
      66.30658721923828,
      68.89563751220703,
      67.50005340576172,
      67.22801208496094,
      41.75876235961914,
      41.59538269042969,
      9.143099784851074,
      9.025347709655762,
      2.523775100708008,
      2.388918399810791
    ],
    [
      44.12339782714844,
      36.091331481933594,
      31.07277488708496,
      30.613319396972656,
      43.60713195800781,
      43.72922897338867,
      51.75319290161133,
      52.88901138305664,
      65.3421859741211,
      67.43094635009766,
      66.6994400024414,
      66.17811584472656,
      41.59538269042969,
      42.505741119384766,
      9.47724437713623,
      9.357752799987793,
      2.5664758682250977,
      2.434771776199341
    ],
    [
      9.441394805908203,
      8.152717590332031,
      6.168124198913574,
      5.786933422088623,
      7.42022180557251,
      7.742977142333984,
      10.658133506774902,
      10.82770824432373,
      13.337223052978516,
      13.83878231048584,
      13.579681396484375,
      13.572185516357422,
      9.143099784851074,
      9.47724437713623,
      3.4948694705963135,
      3.3547523021698,
      0.7698138952255249,
      0.748839795589447
    ],
    [
      9.243049621582031,
      8.005346298217773,
      6.121800899505615,
      5.738741874694824,
      7.170199394226074,
      7.490519046783447,
      10.502313613891602,
      10.653778076171875,
      13.090923309326172,
      13.70828628540039,
      13.30591106414795,
      13.358885765075684,
      9.025347709655762,
      9.357752799987793,
      3.3547523021698,
      3.3276255130767822,
      0.7546979784965515,
      0.7369158267974854
    ],
    [
      2.5973167419433594,
      2.6073174476623535,
      1.7390635013580322,
      1.703019142150879,
      2.4049742221832275,
      2.394378900527954,
      2.9184670448303223,
      2.947111129760742,
      3.6718621253967285,
      4.551910877227783,
      4.125092029571533,
      4.085117816925049,
      2.523775100708008,
      2.5664758682250977,
      0.7698138952255249,
      0.7546979784965515,
      0.23230548202991486,
      0.22293664515018463
    ],
    [
      2.4334137439727783,
      2.476895570755005,
      1.637283444404602,
      1.5951502323150635,
      2.1870174407958984,
      2.2063474655151367,
      2.757030725479126,
      2.7972805500030518,
      3.468430757522583,
      4.315155982971191,
      3.888716220855713,
      3.8601772785186768,
      2.388918399810791,
      2.434771776199341,
      0.748839795589447,
      0.7369158267974854,
      0.22293664515018463,
      0.21697135269641876
    ]
  ],
  "covariance_short": [
    [
      91.10965728759766,
      55.87410354614258,
      45.30419921875,
      40.880401611328125,
      56.508419036865234,
      53.92897415161133,
      62.165164947509766,
      64.13446044921875,
      77.83773803710938,
      85.3812026977539,
      75.90019226074219,
      75.72142791748047,
      41.57502365112305,
      41.84420394897461,
      7.501514434814453,
      7.351717472076416,
      2.53314208984375,
      2.3583152294158936
    ],
    [
      55.87410354614258,
      46.48868179321289,
      32.423885345458984,
      31.372055053710938,
      43.51339340209961,
      41.366798400878906,
      47.520503997802734,
      48.84059524536133,
      58.17461013793945,
      69.37419128417969,
      59.9965705871582,
      59.92813491821289,
      31.576770782470703,
      31.743589401245117,
      5.944127559661865,
      5.866909503936768,
      2.295107841491699,
      2.166692018508911
    ],
    [
      45.30419921875,
      32.423885345458984,
      62.388397216796875,
      51.483699798583984,
      47.851318359375,
      43.56935119628906,
      55.530757904052734,
      56.8907585144043,
      69.96879577636719,
      73.97050476074219,
      61.346282958984375,
      62.01941680908203,
      31.349279403686523,
      30.868009567260742,
      5.382051467895508,
      5.332242488861084,
      1.7851195335388184,
      1.6643877029418945
    ],
    [
      40.880401611328125,
      31.372055053710938,
      51.483699798583984,
      58.916812896728516,
      49.095970153808594,
      45.304683685302734,
      54.78560256958008,
      56.36910629272461,
      67.95174407958984,
      72.77458953857422,
      60.646087646484375,
      61.19913864135742,
      30.125808715820312,
      29.580726623535156,
      4.919448375701904,
      4.873766899108887,
      1.68556809425354,
      1.5636860132217407
    ],
    [
      56.508419036865234,
      43.51339340209961,
      47.851318359375,
      49.095970153808594,
      88.63448333740234,
      79.32673645019531,
      79.54377746582031,
      80.4585952758789,
      92.95431518554688,
      99.02381134033203,
      90.41207885742188,
      90.47650146484375,
      42.89078903198242,
      41.79341125488281,
      6.496894836425781,
      6.250175952911377,
      2.492699146270752,
      2.2459182739257812
    ],
    [
      53.92897415161133,
      41.366798400878906,
      43.56935119628906,
      45.304683685302734,
      79.32673645019531,
      82.48413848876953,
      79.3703842163086,
      80.65310668945312,
      90.39122772216797,
      92.97198486328125,
      87.62923431396484,
      87.07771301269531,
      42.70806121826172,
      42.027992248535156,
      6.62279748916626,
      6.410179138183594,
      2.4385745525360107,
      2.2322609424591064
    ],
    [
      62.165164947509766,
      47.520503997802734,
      55.530757904052734,
      54.78560256958008,
      79.54377746582031,
      79.3703842163086,
      105.486328125,
      101.63827514648438,
      113.51567077636719,
      114.12742614746094,
      104.63088989257812,
      103.97693634033203,
      51.18149185180664,
      50.20724868774414,
      9.012629508972168,
      8.81525707244873,
      2.9763758182525635,
      2.7845985889434814
    ],
    [
      64.13446044921875,
      48.84059524536133,
      56.8907585144043,
      56.36910629272461,
      80.4585952758789,
      80.65310668945312,
      101.63827514648438,
      110.09742736816406,
      113.45245361328125,
      117.07540130615234,
      106.45821380615234,
      106.46894836425781,
      52.47291946411133,
      51.1278190612793,
      9.151556015014648,
      8.96280288696289,
      3.0040156841278076,
      2.830644130706787
    ],
    [
      77.83773803710938,
      58.17461013793945,
      69.96879577636719,
      67.95174407958984,
      92.95431518554688,
      90.39122772216797,
      113.51567077636719,
      113.45245361328125,
      146.2744903564453,
      140.64028930664062,
      126.51457214355469,
      127.30091857910156,
      63.208492279052734,
      61.859710693359375,
      10.971217155456543,
      10.669953346252441,
      3.622154712677002,
      3.389688491821289
    ],
    [
      85.3812026977539,
      69.37419128417969,
      73.97050476074219,
      72.77458953857422,
      99.02381134033203,
      92.97198486328125,
      114.12742614746094,
      117.07540130615234,
      140.64028930664062,
      164.14199829101562,
      135.0814666748047,
      136.15025329589844,
      65.193359375,
      63.467830657958984,
      11.520499229431152,
      11.374504089355469,
      4.4549241065979,
      4.207982540130615
    ],
    [
      75.90019226074219,
      59.9965705871582,
      61.346282958984375,
      60.646087646484375,
      90.41207885742188,
      87.62923431396484,
      104.63088989257812,
      106.45821380615234,
      126.51457214355469,
      135.0814666748047,
      129.58946228027344,
      128.29891967773438,
      64.82612609863281,
      63.480709075927734,
      11.240504264831543,
      10.997273445129395,
      4.095034122467041,
      3.827333450317383
    ],
    [
      75.72142791748047,
      59.92813491821289,
      62.01941680908203,
      61.19913864135742,
      90.47650146484375,
      87.07771301269531,
      103.97693634033203,
      106.46894836425781,
      127.30091857910156,
      136.15025329589844,
      128.29891967773438,
      131.14744567871094,
      64.95658111572266,
      63.21501159667969,
      11.235279083251953,
      11.033976554870605,
      4.081482410430908,
      3.819889783859253
    ],
    [
      41.57502365112305,
      31.576770782470703,
      31.349279403686523,
      30.125808715820312,
      42.89078903198242,
      42.70806121826172,
      51.18149185180664,
      52.47291946411133,
      63.208492279052734,
      65.193359375,
      64.82612609863281,
      64.95658111572266,
      39.94273376464844,
      39.14645767211914,
      7.670938014984131,
      7.569549083709717,
      2.487454414367676,
      2.3431057929992676
    ],
    [
      41.84420394897461,
      31.743589401245117,
      30.868009567260742,
      29.580726623535156,
      41.79341125488281,
      42.027992248535156,
      50.20724868774414,
      51.1278190612793,
      61.859710693359375,
      63.467830657958984,
      63.480709075927734,
      63.21501159667969,
      39.14645767211914,
      40.022178649902344,
      7.8520402908325195,
      7.7521071434021,
      2.509049415588379,
      2.3688454627990723
    ],
    [
      7.501514434814453,
      5.944127559661865,
      5.382051467895508,
      4.919448375701904,
      6.496894836425781,
      6.62279748916626,
      9.012629508972168,
      9.151556015014648,
      10.971217155456543,
      11.520499229431152,
      11.240504264831543,
      11.235279083251953,
      7.670938014984131,
      7.8520402908325195,
      2.8036980628967285,
      2.6550490856170654,
      0.7374586462974548,
      0.7111635208129883
    ],
    [
      7.351717472076416,
      5.866909503936768,
      5.332242488861084,
      4.873766899108887,
      6.250175952911377,
      6.410179138183594,
      8.81525707244873,
      8.96280288696289,
      10.669953346252441,
      11.374504089355469,
      10.997273445129395,
      11.033976554870605,
      7.569549083709717,
      7.7521071434021,
      2.6550490856170654,
      2.7017018795013428,
      0.716869592666626,
      0.6960459351539612
    ],
    [
      2.53314208984375,
      2.295107841491699,
      1.7851195335388184,
      1.68556809425354,
      2.492699146270752,
      2.4385745525360107,
      2.9763758182525635,
      3.0040156841278076,
      3.622154712677002,
      4.4549241065979,
      4.095034122467041,
      4.081482410430908,
      2.487454414367676,
      2.509049415588379,
      0.7374586462974548,
      0.716869592666626,
      0.27190154790878296,
      0.2543086111545563
    ],
    [
      2.3583152294158936,
      2.166692018508911,
      1.6643877029418945,
      1.5636860132217407,
      2.2459182739257812,
      2.2322609424591064,
      2.7845985889434814,
      2.830644130706787,
      3.389688491821289,
      4.207982540130615,
      3.827333450317383,
      3.819889783859253,
      2.3431057929992676,
      2.3688454627990723,
      0.7111635208129883,
      0.6960459351539612,
      0.2543086111545563,
      0.25271928310394287
    ]
  ],
  "damage": -12.939970970153809,
  "diff_bandwidth": 638.0089111328125,
  "dissonance": 4.916211974385522,
  "drr": 0.19151200354099274,
  "dynamics": 6.682497024536133,
  "format": 1245190,
  "frames": 4935680,
  "loudness": -23.9300537109375,
  "loudness_range": 21.206302642822266,
  "loudness_range_short": 22.257080078125,
  "lowpass_true_peak_15khz": -0.8510199189186096,
  "mastering3_acoustic_entropies": [
    {
      "acoustic_entropy": 5.81338357925415,
      "acoustic_entropy_mono": 5.2748589515686035,
      "band_eliminated_acoustic_entropies": [
        {
          "acoustic_entropy": 5.812294006347656,
          "acoustic_entropy_side": 5.813400745391846,
          "hz": 129.47220167065723
        },
        {
          "acoustic_entropy": 5.819100379943848,
          "acoustic_entropy_side": 5.814155578613281,
          "hz": 202.92927478742237
        },
        {
          "acoustic_entropy": 6.027618885040283,
          "acoustic_entropy_side": 5.859250545501709,
          "hz": 282.89161906338205
        },
        {
          "acoustic_entropy": 6.645895481109619,
          "acoustic_entropy_side": 5.891401767730713,
          "hz": 369.9353335868758
        },
        {
          "acoustic_entropy": 6.148133754730225,
          "acoustic_entropy_side": 5.8491902351379395,
          "hz": 464.6875360973435
        },
        {
          "acoustic_entropy": 5.962121486663818,
          "acoustic_entropy_side": 5.82432222366333,
          "hz": 567.8308811364784
        },
        {
          "acoustic_entropy": 5.714991569519043,
          "acoustic_entropy_side": 5.985365867614746,
          "hz": 680.1084783214808
        },
        {
          "acoustic_entropy": 5.466530799865723,
          "acoustic_entropy_side": 6.334015846252441,
          "hz": 802.3292461747484
        },
        {
          "acoustic_entropy": 6.241465091705322,
          "acoustic_entropy_side": 6.005805492401123,
          "hz": 935.3737400823702
        },
        {
          "acoustic_entropy": 5.816338539123535,
          "acoustic_entropy_side": 5.917416572570801,
          "hz": 1080.2004963696966
        },
        {
          "acoustic_entropy": 5.796737194061279,
          "acoustic_entropy_side": 5.80125093460083,
          "hz": 1237.8529382007157
        },
        {
          "acoustic_entropy": 5.643502235412598,
          "acoustic_entropy_side": 5.7171735763549805,
          "hz": 1409.4668930556702
        },
        {
          "acoustic_entropy": 5.902725696563721,
          "acoustic_entropy_side": 5.6528191566467285,
          "hz": 1596.2787759475705
        },
        {
          "acoustic_entropy": 5.835052013397217,
          "acoustic_entropy_side": 5.92775821685791,
          "hz": 1799.6344973346393
        },
        {
          "acoustic_entropy": 5.821432590484619,
          "acoustic_entropy_side": 5.713927745819092,
          "hz": 2020.9991599069049
        },
        {
          "acoustic_entropy": 5.730632781982422,
          "acoustic_entropy_side": 5.723672866821289,
          "hz": 2261.9676141086993
        },
        {
          "acoustic_entropy": 5.810274124145508,
          "acoustic_entropy_side": 5.827244281768799,
          "hz": 2524.2759484456974
        },
        {
          "acoustic_entropy": 5.829693794250488,
          "acoustic_entropy_side": 5.816722393035889,
          "hz": 2809.813997359896
        },
        {
          "acoustic_entropy": 5.846754550933838,
          "acoustic_entropy_side": 5.823516368865967,
          "hz": 3120.6389567871424
        },
        {
          "acoustic_entropy": 5.832430362701416,
          "acoustic_entropy_side": 5.822582244873047,
          "hz": 3458.990205492291
        },
        {
          "acoustic_entropy": 5.856287479400635,
          "acoustic_entropy_side": 5.839728355407715,
          "hz": 3827.305438964164
        },
        {
          "acoustic_entropy": 5.822145462036133,
          "acoustic_entropy_side": 5.817893981933594,
          "hz": 4228.238232109126
        },
        {
          "acoustic_entropy": 5.818787097930908,
          "acoustic_entropy_side": 5.816733360290527,
          "hz": 4664.6771572759235
        },
        {
          "acoustic_entropy": 5.813823699951172,
          "acoustic_entropy_side": 5.813579559326172,
          "hz": 5139.766595350093
        },
        {
          "acoustic_entropy": 5.814746379852295,
          "acoustic_entropy_side": 5.814245223999023,
          "hz": 5656.929389854203
        },
        {
          "acoustic_entropy": 5.813953399658203,
          "acoustic_entropy_side": 5.813608646392822,
          "hz": 6219.891507268283
        },
        {
          "acoustic_entropy": 5.813464164733887,
          "acoustic_entropy_side": 5.813388824462891,
          "hz": 6832.70888123896
        },
        {
          "acoustic_entropy": 5.813423156738281,
          "acoustic_entropy_side": 5.813401222229004,
          "hz": 7499.796634079867
        },
        {
          "acoustic_entropy": 5.813398361206055,
          "acoustic_entropy_side": 5.813392639160156,
          "hz": 8225.96088609342
        },
        {
          "acoustic_entropy": 5.813385009765625,
          "acoustic_entropy_side": 5.813385486602783,
          "hz": 9016.43338188839
        },
        {
          "acoustic_entropy": 5.813382625579834,
          "acoustic_entropy_side": 5.813382625579834,
          "hz": 9876.909183162974
        },
        {
          "acoustic_entropy": 5.813379287719727,
          "acoustic_entropy_side": 5.813380718231201,
          "hz": 10813.587699516042
        },
        {
          "acoustic_entropy": 5.813384056091309,
          "acoustic_entropy_side": 5.813383102416992,
          "hz": 11833.21735289826
        },
        {
          "acoustic_entropy": 5.81338357925415,
          "acoustic_entropy_side": 5.81338357925415,
          "hz": 12943.144197493959
        },
        {
          "acoustic_entropy": 5.81338357925415,
          "acoustic_entropy_side": 5.81338357925415,
          "hz": 14151.364845322005
        },
        {
          "acoustic_entropy": 5.81338357925415,
          "acoustic_entropy_side": 5.81338357925415,
          "hz": 15466.58407886509
        },
        {
          "acoustic_entropy": 5.81338357925415,
          "acoustic_entropy_side": 5.81338357925415,
          "hz": 16898.27756580493
        },
        {
          "acoustic_entropy": 5.81338357925415,
          "acoustic_entropy_side": 5.81338357925415,
          "hz": 18456.760127700032
        },
        {
          "acoustic_entropy": 5.81338357925415,
          "acoustic_entropy_side": 5.81338357925415,
          "hz": 20153.260054456492
        },
        {
          "acoustic_entropy": 5.81338357925415,
          "acoustic_entropy_side": 5.81338357925415,
          "hz": 22000.00000000001
        }
      ],
      "diff_acoustic_entropy": 3.6843185424804688,
      "sn": 6
    },
    {
      "acoustic_entropy": 9.09292984008789,
      "acoustic_entropy_mono": 8.57890796661377,
      "band_eliminated_acoustic_entropies": [
        {
          "acoustic_entropy": 9.082901000976562,
          "acoustic_entropy_side": 9.093071937561035,
          "hz": 129.47220167065723
        },
        {
          "acoustic_entropy": 8.97813892364502,
          "acoustic_entropy_side": 9.089410781860352,
          "hz": 202.92927478742237
        },
        {
          "acoustic_entropy": 9.07763385772705,
          "acoustic_entropy_side": 9.044206619262695,
          "hz": 282.89161906338205
        },
        {
          "acoustic_entropy": 10.116186141967773,
          "acoustic_entropy_side": 9.35180950164795,
          "hz": 369.9353335868758
        },
        {
          "acoustic_entropy": 8.587265968322754,
          "acoustic_entropy_side": 8.832237243652344,
          "hz": 464.6875360973435
        },
        {
          "acoustic_entropy": 9.270859718322754,
          "acoustic_entropy_side": 9.271440505981445,
          "hz": 567.8308811364784
        },
        {
          "acoustic_entropy": 8.536858558654785,
          "acoustic_entropy_side": 9.088078498840332,
          "hz": 680.1084783214808
        },
        {
          "acoustic_entropy": 8.196232795715332,
          "acoustic_entropy_side": 9.235137939453125,
          "hz": 802.3292461747484
        },
        {
          "acoustic_entropy": 9.241576194763184,
          "acoustic_entropy_side": 9.200624465942383,
          "hz": 935.3737400823702
        },
        {
          "acoustic_entropy": 9.37405014038086,
          "acoustic_entropy_side": 9.515351295471191,
          "hz": 1080.2004963696966
        },
        {
          "acoustic_entropy": 9.120038986206055,
          "acoustic_entropy_side": 8.900975227355957,
          "hz": 1237.8529382007157
        },
        {
          "acoustic_entropy": 8.9331693649292,
          "acoustic_entropy_side": 9.05522632598877,
          "hz": 1409.4668930556702
        },
        {
          "acoustic_entropy": 8.82610034942627,
          "acoustic_entropy_side": 8.940028190612793,
          "hz": 1596.2787759475705
        },
        {
          "acoustic_entropy": 9.093819618225098,
          "acoustic_entropy_side": 9.095471382141113,
          "hz": 1799.6344973346393
        },
        {
          "acoustic_entropy": 8.484877586364746,
          "acoustic_entropy_side": 8.659932136535645,
          "hz": 2020.9991599069049
        },
        {
          "acoustic_entropy": 8.748757362365723,
          "acoustic_entropy_side": 8.945539474487305,
          "hz": 2261.9676141086993
        },
        {
          "acoustic_entropy": 8.828668594360352,
          "acoustic_entropy_side": 9.052715301513672,
          "hz": 2524.2759484456974
        },
        {
          "acoustic_entropy": 8.981059074401855,
          "acoustic_entropy_side": 9.025519371032715,
          "hz": 2809.813997359896
        },
        {
          "acoustic_entropy": 9.06089973449707,
          "acoustic_entropy_side": 9.063261985778809,
          "hz": 3120.6389567871424
        },
        {
          "acoustic_entropy": 9.068985939025879,
          "acoustic_entropy_side": 9.079219818115234,
          "hz": 3458.990205492291
        },
        {
          "acoustic_entropy": 9.089982986450195,
          "acoustic_entropy_side": 9.075491905212402,
          "hz": 3827.305438964164
        },
        {
          "acoustic_entropy": 9.047456741333008,
          "acoustic_entropy_side": 9.052726745605469,
          "hz": 4228.238232109126
        },
        {
          "acoustic_entropy": 9.102761268615723,
          "acoustic_entropy_side": 9.104326248168945,
          "hz": 4664.6771572759235
        },
        {
          "acoustic_entropy": 9.096734046936035,
          "acoustic_entropy_side": 9.094975471496582,
          "hz": 5139.766595350093
        },
        {
          "acoustic_entropy": 9.097804069519043,
          "acoustic_entropy_side": 9.098444938659668,
          "hz": 5656.929389854203
        },
        {
          "acoustic_entropy": 9.093647003173828,
          "acoustic_entropy_side": 9.093391418457031,
          "hz": 6219.891507268283
        },
        {
          "acoustic_entropy": 9.09334945678711,
          "acoustic_entropy_side": 9.092856407165527,
          "hz": 6832.70888123896
        },
        {
          "acoustic_entropy": 9.09292984008789,
          "acoustic_entropy_side": 9.0929594039917,
          "hz": 7499.796634079867
        },
        {
          "acoustic_entropy": 9.092891693115234,
          "acoustic_entropy_side": 9.092910766601562,
          "hz": 8225.96088609342
        },
        {
          "acoustic_entropy": 9.092843055725098,
          "acoustic_entropy_side": 9.092896461486816,
          "hz": 9016.43338188839
        },
        {
          "acoustic_entropy": 9.092890739440918,
          "acoustic_entropy_side": 9.09290599822998,
          "hz": 9876.909183162974
        },
        {
          "acoustic_entropy": 9.092864036560059,
          "acoustic_entropy_side": 9.092884063720703,
          "hz": 10813.587699516042
        },
        {
          "acoustic_entropy": 9.092921257019043,
          "acoustic_entropy_side": 9.092923164367676,
          "hz": 11833.21735289826
        },
        {
          "acoustic_entropy": 9.092928886413574,
          "acoustic_entropy_side": 9.092930793762207,
          "hz": 12943.144197493959
        },
        {
          "acoustic_entropy": 9.092930793762207,
          "acoustic_entropy_side": 9.092930793762207,
          "hz": 14151.364845322005
        },
        {
          "acoustic_entropy": 9.092930793762207,
          "acoustic_entropy_side": 9.09292984008789,
          "hz": 15466.58407886509
        },
        {
          "acoustic_entropy": 9.09292984008789,
          "acoustic_entropy_side": 9.09292984008789,
          "hz": 16898.27756580493
        },
        {
          "acoustic_entropy": 9.09292984008789,
          "acoustic_entropy_side": 9.09292984008789,
          "hz": 18456.760127700032
        },
        {
          "acoustic_entropy": 9.09292984008789,
          "acoustic_entropy_side": 9.09292984008789,
          "hz": 20153.260054456492
        },
        {
          "acoustic_entropy": 9.09292984008789,
          "acoustic_entropy_side": 9.09292984008789,
          "hz": 22000.00000000001
        }
      ],
      "diff_acoustic_entropy": 6.1350836753845215,
      "sn": 12
    },
    {
      "acoustic_entropy": 14.1639404296875,
      "acoustic_entropy_mono": 12.574355125427246,
      "band_eliminated_acoustic_entropies": [
        {
          "acoustic_entropy": 14.170398712158203,
          "acoustic_entropy_side": 14.190255165100098,
          "hz": 129.47220167065723
        },
        {
          "acoustic_entropy": 14.242779731750488,
          "acoustic_entropy_side": 14.209748268127441,
          "hz": 202.92927478742237
        },
        {
          "acoustic_entropy": 13.679269790649414,
          "acoustic_entropy_side": 14.15764045715332,
          "hz": 282.89161906338205
        },
        {
          "acoustic_entropy": 15.318377494812012,
          "acoustic_entropy_side": 14.644760131835938,
          "hz": 369.9353335868758
        },
        {
          "acoustic_entropy": 13.98861026763916,
          "acoustic_entropy_side": 13.761470794677734,
          "hz": 464.6875360973435
        },
        {
          "acoustic_entropy": 13.305363655090332,
          "acoustic_entropy_side": 13.568405151367188,
          "hz": 567.8308811364784
        },
        {
          "acoustic_entropy": 13.612229347229004,
          "acoustic_entropy_side": 14.088210105895996,
          "hz": 680.1084783214808
        },
        {
          "acoustic_entropy": 13.80942153930664,
          "acoustic_entropy_side": 13.764220237731934,
          "hz": 802.3292461747484
        },
        {
          "acoustic_entropy": 14.01213264465332,
          "acoustic_entropy_side": 14.496014595031738,
          "hz": 935.3737400823702
        },
        {
          "acoustic_entropy": 13.849808692932129,
          "acoustic_entropy_side": 13.938064575195312,
          "hz": 1080.2004963696966
        },
        {
          "acoustic_entropy": 13.977407455444336,
          "acoustic_entropy_side": 14.09588623046875,
          "hz": 1237.8529382007157
        },
        {
          "acoustic_entropy": 14.004003524780273,
          "acoustic_entropy_side": 14.834101676940918,
          "hz": 1409.4668930556702
        },
        {
          "acoustic_entropy": 13.489306449890137,
          "acoustic_entropy_side": 13.600109100341797,
          "hz": 1596.2787759475705
        },
        {
          "acoustic_entropy": 14.273048400878906,
          "acoustic_entropy_side": 14.303674697875977,
          "hz": 1799.6344973346393
        },
        {
          "acoustic_entropy": 14.249944686889648,
          "acoustic_entropy_side": 13.951995849609375,
          "hz": 2020.9991599069049
        },
        {
          "acoustic_entropy": 14.424333572387695,
          "acoustic_entropy_side": 14.557624816894531,
          "hz": 2261.9676141086993
        },
        {
          "acoustic_entropy": 14.201891899108887,
          "acoustic_entropy_side": 14.142923355102539,
          "hz": 2524.2759484456974
        },
        {
          "acoustic_entropy": 13.969922065734863,
          "acoustic_entropy_side": 14.24856948852539,
          "hz": 2809.813997359896
        },
        {
          "acoustic_entropy": 13.997618675231934,
          "acoustic_entropy_side": 14.361690521240234,
          "hz": 3120.6389567871424
        },
        {
          "acoustic_entropy": 14.181092262268066,
          "acoustic_entropy_side": 14.228971481323242,
          "hz": 3458.990205492291
        },
        {
