{
  "acoustic_entropy": 190.12478637695312,
  "bands": [
    {
      "high_freq": 148.1999969482422,
      "loudness": -36.184017181396484,
      "loudness_range": 26.578407287597656,
      "mid_mean": -32.589664459228516,
      "mid_to_side_loudness": -23.826940536499023,
      "mid_to_side_loudness_range": 17.54806137084961,
      "side_mean": -56.33988571166992
    },
    {
      "high_freq": 392.3793640136719,
      "loudness": -31.172317504882812,
      "loudness_range": 21.710023880004883,
      "low_freq": 148.1999969482422,
      "mid_mean": -27.8398494720459,
      "mid_to_side_loudness": -14.748147010803223,
      "mid_to_side_loudness_range": 18.45345115661621,
      "side_mean": -42.325584411621094
    },
    {
      "high_freq": 794.6976318359375,
      "loudness": -30.242422103881836,
      "loudness_range": 23.960460662841797,
      "low_freq": 392.3793640136719,
      "mid_mean": -27.1638126373291,
      "mid_to_side_loudness": -13.134811401367188,
      "mid_to_side_loudness_range": 20.576736450195312,
      "side_mean": -38.585540771484375
    },
    {
      "high_freq": 1457.5709228515625,
      "loudness": -35.32323455810547,
      "loudness_range": 24.644367218017578,
      "low_freq": 794.6976318359375,
      "mid_mean": -32.44448471069336,
      "mid_to_side_loudness": -12.745448112487793,
      "mid_to_side_loudness_range": 18.218263626098633,
      "side_mean": -44.9286003112793
    },
    {
      "high_freq": 2549.74365234375,
      "loudness": -36.28602981567383,
      "loudness_range": 27.667781829833984,
      "low_freq": 1457.5709228515625,
      "mid_mean": -33.30790710449219,
      "mid_to_side_loudness": -12.428874969482422,
      "mid_to_side_loudness_range": 15.219547271728516,
      "side_mean": -46.01826858520508
    },
    {
      "high_freq": 4349.24462890625,
      "loudness": -40.35988235473633,
      "loudness_range": 32.15447235107422,
      "low_freq": 2549.74365234375,
      "mid_mean": -37.440704345703125,
      "mid_to_side_loudness": -10.726374626159668,
      "mid_to_side_loudness_range": 11.139841079711914,
      "side_mean": -50.599937438964844
    },
    {
      "high_freq": 7314.1640625,
      "loudness": -53.54701232910156,
      "loudness_range": 35.748634338378906,
      "low_freq": 4349.24462890625,
      "mid_mean": -50.7634162902832,
      "mid_to_side_loudness": -6.553635120391846,
      "mid_to_side_loudness_range": 9.101165771484375,
      "side_mean": -56.80862045288086
    },
    {
      "high_freq": 12199.2666015625,
      "loudness": -55.933631896972656,
      "loudness_range": 27.769508361816406,
      "low_freq": 7314.1640625,
      "mid_mean": -53.72532653808594,
      "mid_to_side_loudness": -3.8768091201782227,
      "mid_to_side_loudness_range": 7.050022602081299,
      "side_mean": -57.34477615356445
    },
    {
      "loudness": -56.40694046020508,
      "loudness_range": 21.362518310546875,
      "low_freq": 12199.2666015625,
      "mid_mean": -55.079124450683594,
      "mid_to_side_loudness": -1.3473434448242188,
      "mid_to_side_loudness_range": 3.8762121200561523,
      "side_mean": -56.35322570800781
    }
  ],
  "bands_short": [
    {
      "high_freq": 148.1999969482422,
      "loudness": -38.55092239379883,
      "loudness_range": 29.648733139038086,
      "mid_mean": -34.970462799072266,
      "mid_to_side_loudness": -25.081329345703125,
      "mid_to_side_loudness_range": 21.03554916381836,
      "side_mean": -59.542293548583984
    },
    {
      "high_freq": 392.3793640136719,
      "loudness": -31.740419387817383,
      "loudness_range": 22.628808975219727,
      "low_freq": 148.1999969482422,
      "mid_mean": -28.40479278564453,
      "mid_to_side_loudness": -15.138921737670898,
      "mid_to_side_loudness_range": 19.205307006835938,
      "side_mean": -43.28842544555664
    },
    {
      "high_freq": 794.6976318359375,
      "loudness": -30.80309295654297,
      "loudness_range": 24.802278518676758,
      "low_freq": 392.3793640136719,
      "mid_mean": -27.82631492614746,
      "mid_to_side_loudness": -12.977815628051758,
      "mid_to_side_loudness_range": 21.440208435058594,
      "side_mean": -39.184288024902344
    },
    {
      "high_freq": 1457.5709228515625,
      "loudness": -34.941802978515625,
      "loudness_range": 26.35810089111328,
      "low_freq": 794.6976318359375,
      "mid_mean": -32.04747772216797,
      "mid_to_side_loudness": -12.569934844970703,
      "mid_to_side_loudness_range": 19.35696029663086,
      "side_mean": -44.281349182128906
    },
    {
      "high_freq": 2549.74365234375,
      "loudness": -36.629337310791016,
      "loudness_range": 28.56981086730957,
      "low_freq": 1457.5709228515625,
      "mid_mean": -33.70757293701172,
      "mid_to_side_loudness": -12.405669212341309,
      "mid_to_side_loudness_range": 16.00878143310547,
      "side_mean": -46.67558288574219
    },
    {
      "high_freq": 4349.24462890625,
      "loudness": -40.621734619140625,
      "loudness_range": 32.5482177734375,
      "low_freq": 2549.74365234375,
      "mid_mean": -37.77543640136719,
      "mid_to_side_loudness": -10.66553783416748,
      "mid_to_side_loudness_range": 12.069477081298828,
      "side_mean": -51.04358673095703
    },
    {
      "high_freq": 7314.1640625,
      "loudness": -53.921958923339844,
      "loudness_range": 35.51591110229492,
      "low_freq": 4349.24462890625,
      "mid_mean": -51.133975982666016,
      "mid_to_side_loudness": -6.5659685134887695,
      "mid_to_side_loudness_range": 9.764042854309082,
      "side_mean": -57.16230773925781
    },
    {
      "high_freq": 12199.2666015625,
      "loudness": -56.83058166503906,
      "loudness_range": 26.386505126953125,
      "low_freq": 7314.1640625,
      "mid_mean": -54.65614700317383,
      "mid_to_side_loudness": -3.656548261642456,
      "mid_to_side_loudness_range": 7.2744340896606445,
      "side_mean": -58.03634262084961
    },
    {
      "loudness": -56.99191665649414,
      "loudness_range": 16.845870971679688,
      "low_freq": 12199.2666015625,
      "mid_mean": -55.703060150146484,
      "mid_to_side_loudness": -1.2787024974822998,
      "mid_to_side_loudness_range": 4.496891975402832,
      "side_mean": -56.90739440917969
    }
  ],
  "bandwidth": 615.1149291992188,
  "channels": 2,
  "covariance": [
    [
      85.80449676513672,
      48.480159759521484,
      49.360328674316406,
      63.41873550415039,
      49.03769302368164,
      55.504295349121094,
      55.70365524291992,
      54.37138748168945,
      62.023193359375,
      61.40058898925781,
      67.8863296508789,
      72.32437896728516,
      79.8964614868164,
      57.97985076904297,
      55.70430374145508,
      42.0412483215332,
      35.83769989013672,
      31.438989639282227
    ],
    [
      48.480159759521484,
      47.017051696777344,
      34.48918151855469,
      51.38042449951172,
      34.7069206237793,
      49.044654846191406,
      39.19329071044922,
      49.23594284057617,
      42.5078239440918,
      51.30839538574219,
      42.762298583984375,
      56.807273864746094,
      55.76093673706055,
      42.532142639160156,
      38.62020492553711,
      31.414030075073242,
      22.490049362182617,
      20.33501625061035
    ],
    [
      49.360328674316406,
      34.48918151855469,
      55.605953216552734,
      58.726863861083984,
      38.63715744018555,
      41.2392463684082,
      43.720340728759766,
      44.425811767578125,
      43.967002868652344,
      47.26786422729492,
      44.41252517700195,
      52.27223587036133,
      54.80751419067383,
      41.57544708251953,
      38.69923400878906,
      30.79916763305664,
      25.498844146728516,
      22.960603713989258
    ],
    [
      63.41873550415039,
      51.38042449951172,
      58.726863861083984,
      104.38768768310547,
      53.73961639404297,
      81.71571350097656,
      62.18635177612305,
      80.02151489257812,
      67.13907623291016,
      82.12117767333984,
      68.71006774902344,
      85.0560073852539,
      87.24806213378906,
      67.17405700683594,
      62.46504592895508,
      49.70947265625,
      35.664512634277344,
      31.74602508544922
    ],
    [
      49.03769302368164,
      34.7069206237793,
      38.63715744018555,
      53.73961639404297,
      65.7744369506836,
      69.6267318725586,
      56.21348571777344,
      64.08802032470703,
      60.471229553222656,
      66.75499725341797,
      61.100929260253906,
      74.77992248535156,
      73.5638427734375,
      53.812110900878906,
      48.91596984863281,
      36.77104568481445,
      26.88013458251953,
      23.106842041015625
    ],
    [
      55.504295349121094,
      49.044654846191406,
      41.2392463684082,
      81.71571350097656,
      69.6267318725586,
      140.7615509033203,
      73.73187255859375,
      114.3314437866211,
      82.38198852539062,
      109.4429702758789,
      87.96102905273438,
      106.41729736328125,
      103.83246612548828,
      81.78910064697266,
      76.4172592163086,
      60.07278060913086,
      39.67008590698242,
      34.16389083862305
    ],
    [
      55.70365524291992,
      39.19329071044922,
      43.720340728759766,
      62.18635177612305,
      56.21348571777344,
      73.73187255859375,
      77.33899688720703,
      84.30265045166016,
      67.53760528564453,
      76.0513687133789,
      69.49347686767578,
      79.82896423339844,
      81.68132781982422,
      60.17726516723633,
      56.23050308227539,
      42.366756439208984,
      32.43655776977539,
      28.103511810302734
    ],
    [
      54.37138748168945,
      49.23594284057617,
      44.425811767578125,
      80.02151489257812,
      64.08802032470703,
      114.3314437866211,
      84.30265045166016,
      134.85546875,
      77.14501953125,
      111.59530639648438,
      73.73234558105469,
      97.08572387695312,
      88.08621978759766,
      66.85804748535156,
      63.080787658691406,
      48.18330383300781,
      30.121809005737305,
      25.505542755126953
    ],
    [
      62.023193359375,
      42.5078239440918,
      43.967002868652344,
      67.13907623291016,
      60.471229553222656,
      82.38198852539062,
      67.53760528564453,
      77.14501953125,
      95.5307388305664,
      98.4746322631836,
      90.05181121826172,
      96.10832214355469,
      101.56060791015625,
      74.50242614746094,
      68.8160629272461,
      51.10053253173828,
      39.47012710571289,
      34.08507537841797
    ],
    [
      61.40058898925781,
      51.30839538574219,
      47.26786422729492,
      82.12117767333984,
      66.75499725341797,
      109.4429702758789,
      76.0513687133789,
      111.59530639648438,
      98.4746322631836,
      130.27194213867188,
      88.1739501953125,
      108.18292999267578,
      101.9110336303711,
      76.50032806396484,
      71.0114517211914,
      53.72200012207031,
      35.16596984863281,
      30.182119369506836
    ],
    [
      67.8863296508789,
      42.762298583984375,
      44.41252517700195,
      68.71006774902344,
      61.100929260253906,
      87.96102905273438,
      69.49347686767578,
      73.73234558105469,
      90.05181121826172,
      88.1739501953125,
      119.42542266845703,
      107.66128540039062,
      120.44763946533203,
      90.38170623779297,
      86.34784698486328,
      65.30178833007812,
      53.33193588256836,
      46.71065902709961
    ],
    [
      72.32437896728516,
      56.807273864746094,
      52.27223587036133,
      85.0560073852539,
      74.77992248535156,
      106.41729736328125,
      79.82896423339844,
      97.08572387695312,
      96.10832214355469,
      108.18292999267578,
      107.66128540039062,
      130.2892303466797,
      129.62303161621094,
      98.3380355834961,
      92.57696533203125,
      71.93458557128906,
      54.16901397705078,
      48.09946060180664
    ],
    [
      79.8964614868164,
      55.76093673706055,
      54.80751419067383,
      87.24806213378906,
      73.5638427734375,
      103.83246612548828,
      81.68132781982422,
      88.08621978759766,
      101.56060791015625,
      101.9110336303711,
      120.44763946533203,
      129.62303161621094,
      148.70257568359375,
      112.26155090332031,
      110.25182342529297,
      84.29017639160156,
      68.62937927246094,
      59.9393196105957
    ],
    [
      57.97985076904297,
      42.532142639160156,
      41.57544708251953,
      67.17405700683594,
      53.812110900878906,
      81.78910064697266,
      60.17726516723633,
      66.85804748535156,
      74.50242614746094,
      76.50032806396484,
      90.38170623779297,
      98.3380355834961,
      112.26155090332031,
      89.56155395507812,
      86.32978820800781,
      69.23210906982422,
      54.113887786865234,
      48.7827262878418
    ],
    [
      55.70430374145508,
      38.62020492553711,
      38.69923400878906,
      62.46504592895508,
      48.91596984863281,
      76.4172592163086,
      56.23050308227539,
      63.080787658691406,
      68.8160629272461,
      71.0114517211914,
      86.34784698486328,
      92.57696533203125,
      110.25182342529297,
      86.32978820800781,
      91.94954681396484,
      71.74238586425781,
      60.057003021240234,
      52.51546096801758
    ],
    [
      42.0412483215332,
      31.414030075073242,
      30.79916763305664,
      49.70947265625,
      36.77104568481445,
      60.07278060913086,
      42.366756439208984,
      48.18330383300781,
      51.10053253173828,
      53.72200012207031,
      65.30178833007812,
      71.93458557128906,
      84.29017639160156,
      69.23210906982422,
      71.74238586425781,
      59.4111328125,
      47.6041259765625,
      43.568687438964844
    ],
    [
      35.83769989013672,
      22.490049362182617,
      25.498844146728516,
      35.664512634277344,
      26.88013458251953,
      39.67008590698242,
      32.43655776977539,
      30.121809005737305,
      39.47012710571289,
      35.16596984863281,
      53.33193588256836,
      54.16901397705078,
      68.62937927246094,
      54.113887786865234,
      60.057003021240234,
      47.6041259765625,
      45.85784912109375,
      40.36632537841797
    ],
    [
      31.438989639282227,
      20.33501625061035,
      22.960603713989258,
      31.74602508544922,
      23.106842041015625,
      34.16389083862305,
      28.103511810302734,
      25.505542755126953,
      34.08507537841797,
      30.182119369506836,
      46.71065902709961,
      48.09946060180664,
      59.9393196105957,
      48.7827262878418,
      52.51546096801758,
      43.568687438964844,
      40.36632537841797,
      37.32637405395508
    ]
  ],
  "covariance_short": [
    [
      100.98597717285156,
      46.27616882324219,
      51.830902099609375,
      63.32606506347656,
      50.44484329223633,
      56.12663269042969,
      55.52800369262695,
      52.771995544433594,
      62.17194747924805,
      62.4887809753418,
      68.09992218017578,
      72.7383804321289,
      79.48298645019531,
      56.427650451660156,
      52.65346145629883,
      38.64255142211914,
      31.1334228515625,
      26.845821380615234
    ],
    [
      46.27616882324219,
      42.94547653198242,
      30.888568878173828,
      46.74933624267578,
      33.39300537109375,
      45.9963264465332,
      35.34001541137695,
      44.549072265625,
      38.54141616821289,
      48.22447204589844,
      39.460655212402344,
      51.275779724121094,
      49.62590026855469,
      37.1966667175293,
      32.95042037963867,
      25.977283477783203,
      18.30527114868164,
      16.242944717407227
    ],
    [
      51.830902099609375,
      30.888568878173828,
      59.74885559082031,
      59.44125747680664,
      40.6508674621582,
      40.972930908203125,
      43.11484146118164,
      41.11798858642578,
      44.23912048339844,
      47.21448516845703,
      43.80891799926758,
      50.8629264831543,
      53.46674728393555,
      40.07365417480469,
      35.87944030761719,
      28.238733291625977,
      21.55381202697754,
      19.284963607788086
    ],
    [
      63.32606506347656,
      46.74933624267578,
      59.44125747680664,
      104.41011047363281,
      55.79241180419922,
      81.15245056152344,
      58.0426139831543,
      72.52298736572266,
      65.66661834716797,
      81.43695831298828,
      65.46930694580078,
      81.15512084960938,
      81.26797485351562,
      62.33832550048828,
      53.780426025390625,
      42.999412536621094,
      28.351388931274414,
      25.30596351623535
    ],
    [
      50.44484329223633,
      33.39300537109375,
      40.6508674621582,
      55.79241180419922,
      70.81871032714844,
      74.24119567871094,
      58.88077163696289,
      66.2348403930664,
      62.58526611328125,
      72.25929260253906,
      63.85102081298828,
      77.97518920898438,
      75.25344848632812,
      55.19178009033203,
      48.06513595581055,
      36.294559478759766,
      25.08443260192871,
      21.48978614807129
    ],
    [
      56.12663269042969,
      45.9963264465332,
      40.972930908203125,
      81.15245056152344,
      74.24119567871094,
      147.60520935058594,
      72.88026428222656,
      110.861083984375,
      85.35208129882812,
      112.6021499633789,
      92.1603012084961,
      110.1396255493164,
      104.2254867553711,
      82.19976806640625,
      70.94967651367188,
      56.22235107421875,
      35.38558578491211,
      30.47920036315918
    ],
    [
      55.52800369262695,
      35.34001541137695,
      43.11484146118164,
      58.0426139831543,
      58.88077163696289,
      72.88026428222656,
      83.95172882080078,
      82.19579315185547,
      69.3570556640625,
      77.17549133300781,
      70.93283081054688,
      80.44282531738281,
      81.6183090209961,
      59.83480453491211,
      52.719017028808594,
      39.10030746459961,
      27.784879684448242,
      23.534154891967773
    ],
    [
      52.771995544433594,
      44.549072265625,
      41.11798858642578,
      72.52298736572266,
      66.2348403930664,
      110.861083984375,
      82.19579315185547,
      131.052978515625,
      75.63162994384766,
      108.5021743774414,
      72.72052764892578,
      94.52568817138672,
      82.10163879394531,
      62.77891540527344,
      50.401397705078125,
      39.81638717651367,
      22.880054473876953,
      19.82110595703125
    ],
    [
      62.17194747924805,
      38.54141616821289,
      44.23912048339844,
      65.66661834716797,
      62.58526611328125,
      85.35208129882812,
      69.3570556640625,
      75.63162994384766,
      99.82881927490234,
      99.55782318115234,
      92.08694458007812,
      97.18728637695312,
      100.74968719482422,
      74.03551483154297,
      65.3353271484375,
      48.07990264892578,
      34.506649017333984,
      29.335853576660156
    ],
    [
      62.4887809753418,
      48.22447204589844,
      47.21448516845703,
      81.43695831298828,
      72.25929260253906,
      112.6021499633789,
      77.17549133300781,
      108.5021743774414,
      99.55782318115234,
      134.8760528564453,
      89.66585540771484,
      111.05995178222656,
      99.68885803222656,
      75.29168701171875,
      61.42455291748047,
      47.63819885253906,
      28.81456184387207,
      25.30498504638672
    ],
    [
      68.09992218017578,
      39.460655212402344,
      43.80891799926758,
      65.46930694580078,
      63.85102081298828,
      92.1603012084961,
      70.93283081054688,
      72.72052764892578,
      92.08694458007812,
      89.66585540771484,
      124.7531967163086,
      110.23390197753906,
      121.7467269897461,
      91.10065460205078,
      86.06761932373047,
      63.709293365478516,
      48.05156707763672,
      41.03384780883789
    ],
    [
      72.7383804321289,
      51.275779724121094,
      50.8629264831543,
      81.15512084960938,
      77.97518920898438,
      110.1396255493164,
      80.44282531738281,
      94.52568817138672,
      97.18728637695312,
      111.05995178222656,
      110.23390197753906,
      132.1386260986328,
      128.17218017578125,
      97.30477905273438,
      87.64019012451172,
      67.89469146728516,
      47.46544647216797,
      42.2012825012207
    ],
    [
      79.48298645019531,
      49.62590026855469,
      53.46674728393555,
      81.26797485351562,
      75.25344848632812,
      104.2254867553711,
      81.6183090209961,
      82.10163879394531,
      100.74968719482422,
      99.68885803222656,
      121.7467269897461,
      128.17218017578125,
      148.0780792236328,
      111.11796569824219,
      107.09197998046875,
      80.39836883544922,
      61.66743087768555,
      52.750457763671875
    ],
    [
      56.427650451660156,
      37.1966667175293,
      40.07365417480469,
      62.33832550048828,
      55.19178009033203,
      82.19976806640625,
      59.83480453491211,
      62.77891540527344,
      74.03551483154297,
      75.29168701171875,
      91.10065460205078,
      97.30477905273438,
      111.11796569824219,
      88.7238998413086,
      83.88892364501953,
      66.33877563476562,
      48.25783920288086,
      43.23918533325195
    ],
    [
      52.65346145629883,
      32.95042037963867,
      35.87944030761719,
      53.780426025390625,
      48.06513595581055,
      70.94967651367188,
      52.719017028808594,
      50.401397705078125,
      65.3353271484375,
      61.42455291748047,
      86.06761932373047,
      87.64019012451172,
      107.09197998046875,
      83.88892364501953,
      88.0471420288086,
      67.85700988769531,
      53.89643859863281,
      46.304317474365234
    ],
    [
      38.64255142211914,
      25.977283477783203,
      28.238733291625977,
      42.999412536621094,
      36.294559478759766,
      56.22235107421875,
      39.10030746459961,
      39.81638717651367,
      48.07990264892578,
      47.63819885253906,
      63.709293365478516,
      67.89469146728516,
      80.39836883544922,
      66.33877563476562,
      67.85700988769531,
      55.974979400634766,
      41.76398849487305,
      38.29431915283203
    ],
    [
      31.1334228515625,
      18.30527114868164,
      21.55381202697754,
      28.351388931274414,
      25.08443260192871,
      35.38558578491211,
      27.784879684448242,
      22.880054473876953,
      34.506649017333984,
      28.81456184387207,
      48.05156707763672,
      47.46544647216797,
      61.66743087768555,
      48.25783920288086,
      53.89643859863281,
      41.76398849487305,
      38.402915954589844,
      32.84282302856445
    ],
    [
      26.845821380615234,
      16.242944717407227,
      19.284963607788086,
      25.30596351623535,
      21.48978614807129,
      30.47920036315918,
      23.534154891967773,
      19.82110595703125,
      29.335853576660156,
      25.30498504638672,
      41.03384780883789,
      42.2012825012207,
      52.750457763671875,
      43.23918533325195,
      46.304317474365234,
      38.29431915283203,
      32.84282302856445,
      30.726547241210938
    ]
  ],
  "damage": -12.275911331176758,
  "diff_bandwidth": 640.388427734375,
  "dissonance": 5.7863666480303255,
  "drr": 1.5768247842788696,
  "dynamics": 5.806780815124512,
  "format": 1245190,
  "frames": 9728000,
  "loudness": -19.6026668548584,
  "loudness_range": 20.64368438720703,
  "loudness_range_short": 21.75559425354004,
  "lowpass_true_peak_15khz": -0.6601670980453491,
  "mastering3_acoustic_entropies": [
    {
      "acoustic_entropy": 7.20304536819458,
      "acoustic_entropy_mono": 6.907448768615723,
      "band_eliminated_acoustic_entropies": [
        {
          "acoustic_entropy": 7.024720668792725,
          "acoustic_entropy_side": 7.203031539916992,
          "hz": 129.47220167065723
        },
        {
          "acoustic_entropy": 6.862220764160156,
          "acoustic_entropy_side": 7.199067115783691,
          "hz": 202.92927478742237
        },
        {
          "acoustic_entropy": 7.241699695587158,
          "acoustic_entropy_side": 7.10693883895874,
          "hz": 282.89161906338205
        },
        {
          "acoustic_entropy": 7.483137130737305,
          "acoustic_entropy_side": 7.375790596008301,
          "hz": 369.9353335868758
        },
        {
          "acoustic_entropy": 7.806066513061523,
          "acoustic_entropy_side": 7.329719543457031,
          "hz": 464.6875360973435
        },
        {
          "acoustic_entropy": 7.985795974731445,
          "acoustic_entropy_side": 7.710887432098389,
          "hz": 567.8308811364784
        },
        {
          "acoustic_entropy": 8.01832389831543,
          "acoustic_entropy_side": 7.672454833984375,
          "hz": 680.1084783214808
        },
        {
          "acoustic_entropy": 7.541661262512207,
          "acoustic_entropy_side": 7.34528923034668,
          "hz": 802.3292461747484
        },
        {
          "acoustic_entropy": 6.405764102935791,
          "acoustic_entropy_side": 7.2996625900268555,
          "hz": 935.3737400823702
        },
        {
          "acoustic_entropy": 7.456501483917236,
          "acoustic_entropy_side": 7.1024065017700195,
          "hz": 1080.2004963696966
        },
        {
          "acoustic_entropy": 7.31220006942749,
          "acoustic_entropy_side": 7.223127841949463,
          "hz": 1237.8529382007157
        },
        {
          "acoustic_entropy": 7.578757286071777,
          "acoustic_entropy_side": 7.452141284942627,
          "hz": 1409.4668930556702
        },
        {
          "acoustic_entropy": 7.479907035827637,
          "acoustic_entropy_side": 7.4995293617248535,
          "hz": 1596.2787759475705
        },
        {
          "acoustic_entropy": 7.3857011795043945,
          "acoustic_entropy_side": 7.354613304138184,
          "hz": 1799.6344973346393
        },
        {
          "acoustic_entropy": 7.290045261383057,
          "acoustic_entropy_side": 7.373492240905762,
          "hz": 2020.9991599069049
        },
        {
          "acoustic_entropy": 7.323304653167725,
          "acoustic_entropy_side": 7.266628265380859,
          "hz": 2261.9676141086993
        },
        {
          "acoustic_entropy": 7.076406478881836,
          "acoustic_entropy_side": 7.1890668869018555,
          "hz": 2524.2759484456974
        },
        {
          "acoustic_entropy": 7.432624816894531,
          "acoustic_entropy_side": 7.228728294372559,
          "hz": 2809.813997359896
        },
        {
          "acoustic_entropy": 7.564298629760742,
          "acoustic_entropy_side": 7.268753528594971,
          "hz": 3120.6389567871424
        },
        {
          "acoustic_entropy": 7.05948543548584,
          "acoustic_entropy_side": 7.182463645935059,
          "hz": 3458.990205492291
        },
        {
          "acoustic_entropy": 6.856253623962402,
          "acoustic_entropy_side": 7.181007385253906,
          "hz": 3827.305438964164
        },
        {
          "acoustic_entropy": 7.42673397064209,
          "acoustic_entropy_side": 7.2267374992370605,
          "hz": 4228.238232109126
        },
        {
          "acoustic_entropy": 7.3952741622924805,
          "acoustic_entropy_side": 7.215058326721191,
          "hz": 4664.6771572759235
        },
        {
          "acoustic_entropy": 7.110823154449463,
          "acoustic_entropy_side": 7.201379299163818,
          "hz": 5139.766595350093
        },
        {
          "acoustic_entropy": 7.28648567199707,
          "acoustic_entropy_side": 7.211385250091553,
          "hz": 5656.929389854203
        },
        {
          "acoustic_entropy": 7.318208694458008,
          "acoustic_entropy_side": 7.210381984710693,
          "hz": 6219.891507268283
        },
        {
          "acoustic_entropy": 7.197388648986816,
          "acoustic_entropy_side": 7.203795433044434,
          "hz": 6832.70888123896
        },
        {
          "acoustic_entropy": 7.271116733551025,
          "acoustic_entropy_side": 7.208101749420166,
          "hz": 7499.796634079867
        },
        {
          "acoustic_entropy": 7.202286720275879,
          "acoustic_entropy_side": 7.204433917999268,
          "hz": 8225.96088609342
        },
        {
          "acoustic_entropy": 7.238100051879883,
          "acoustic_entropy_side": 7.206951141357422,
          "hz": 9016.43338188839
        },
        {
          "acoustic_entropy": 7.230183124542236,
          "acoustic_entropy_side": 7.208413600921631,
          "hz": 9876.909183162974
        },
        {
          "acoustic_entropy": 7.225824356079102,
          "acoustic_entropy_side": 7.208673000335693,
          "hz": 10813.587699516042
        },
        {
          "acoustic_entropy": 7.2304277420043945,
          "acoustic_entropy_side": 7.209721565246582,
          "hz": 11833.21735289826
        },
        {
          "acoustic_entropy": 7.2089338302612305,
          "acoustic_entropy_side": 7.206987380981445,
          "hz": 12943.144197493959
        },
        {
          "acoustic_entropy": 7.208348274230957,
          "acoustic_entropy_side": 7.2098541259765625,
          "hz": 14151.364845322005
        },
        {
          "acoustic_entropy": 7.214956283569336,
          "acoustic_entropy_side": 7.209690093994141,
          "hz": 15466.58407886509
        },
        {
          "acoustic_entropy": 7.211921215057373,
          "acoustic_entropy_side": 7.207122802734375,
          "hz": 16898.27756580493
        },
        {
          "acoustic_entropy": 7.2065043449401855,
          "acoustic_entropy_side": 7.207929611206055,
          "hz": 18456.760127700032
        },
        {
          "acoustic_entropy": 7.204816818237305,
          "acoustic_entropy_side": 7.204625606536865,
          "hz": 20153.260054456492
        },
        {
          "acoustic_entropy": 7.2031354904174805,
          "acoustic_entropy_side": 7.203101634979248,
          "hz": 22000.00000000001
        }
      ],
      "diff_acoustic_entropy": 3.7875616550445557,
      "sn": 6
    },
    {
      "acoustic_entropy": 12.548285484313965,
      "acoustic_entropy_mono": 12.193411827087402,
      "band_eliminated_acoustic_entropies": [
        {
          "acoustic_entropy": 12.146034240722656,
          "acoustic_entropy_side": 12.548311233520508,
          "hz": 129.47220167065723
        },
        {
          "acoustic_entropy": 11.842320442199707,
          "acoustic_entropy_side": 12.559103012084961,
          "hz": 202.92927478742237
        },
        {
          "acoustic_entropy": 13.04196548461914,
          "acoustic_entropy_side": 12.776987075805664,
          "hz": 282.89161906338205
        },
        {
          "acoustic_entropy": 13.339221000671387,
          "acoustic_entropy_side": 13.240676879882812,
          "hz": 369.9353335868758
        },
        {
          "acoustic_entropy": 12.668571472167969,
          "acoustic_entropy_side": 12.785613059997559,
          "hz": 464.6875360973435
        },
        {
          "acoustic_entropy": 13.748014450073242,
          "acoustic_entropy_side": 12.670494079589844,
          "hz": 567.8308811364784
        },
        {
          "acoustic_entropy": 12.318940162658691,
          "acoustic_entropy_side": 12.436339378356934,
          "hz": 680.1084783214808
        },
        {
          "acoustic_entropy": 12.045889854431152,
          "acoustic_entropy_side": 12.44482707977295,
          "hz": 802.3292461747484
        },
        {
          "acoustic_entropy": 12.888261795043945,
          "acoustic_entropy_side": 12.985846519470215,
          "hz": 935.3737400823702
        },
        {
          "acoustic_entropy": 12.81191349029541,
          "acoustic_entropy_side": 12.913620948791504,
          "hz": 1080.2004963696966
        },
        {
          "acoustic_entropy": 12.303486824035645,
          "acoustic_entropy_side": 13.232131004333496,
          "hz": 1237.8529382007157
        },
        {
          "acoustic_entropy": 12.67099666595459,
          "acoustic_entropy_side": 12.727089881896973,
          "hz": 1409.4668930556702
        },
        {
          "acoustic_entropy": 13.106698036193848,
          "acoustic_entropy_side": 12.322271347045898,
          "hz": 1596.2787759475705
        },
        {
          "acoustic_entropy": 12.085073471069336,
          "acoustic_entropy_side": 12.520010948181152,
          "hz": 1799.6344973346393
        },
        {
          "acoustic_entropy": 11.988164901733398,
          "acoustic_entropy_side": 12.346786499023438,
          "hz": 2020.9991599069049
        },
        {
          "acoustic_entropy": 12.237762451171875,
          "acoustic_entropy_side": 12.26235580444336,
          "hz": 2261.9676141086993
        },
        {
          "acoustic_entropy": 12.32009220123291,
          "acoustic_entropy_side": 12.446210861206055,
          "hz": 2524.2759484456974
        },
        {
          "acoustic_entropy": 12.449082374572754,
          "acoustic_entropy_side": 12.477716445922852,
          "hz": 2809.813997359896
        },
        {
          "acoustic_entropy": 12.054117202758789,
          "acoustic_entropy_side": 12.477253913879395,
          "hz": 3120.6389567871424
        },
        {
          "acoustic_entropy": 12.488810539245605,
          "acoustic_entropy_side": 12.628128051757812,
          "hz": 3458.990205492291
        },
        {
          "acoustic_entropy": 12.06360149383545,
          "acoustic_entropy_side": 12.4611234664917,
          "hz": 3827.305438964164
        },
        {
          "acoustic_entropy": 12.55003833770752,
          "acoustic_entropy_side": 12.617242813110352,
          "hz": 4228.238232109126
        },
        {
          "acoustic_entropy": 12.560215950012207,
          "acoustic_entropy_side": 12.547109603881836,
          "hz": 4664.6771572759235
        },
        {
          "acoustic_entropy": 12.59846019744873,
          "acoustic_entropy_side": 12.557137489318848,
          "hz": 5139.766595350093
        },
        {
          "acoustic_entropy": 12.576932907104492,
          "acoustic_entropy_side": 12.5585355758667,
          "hz": 5656.929389854203
        },
        {
          "acoustic_entropy": 12.614116668701172,
          "acoustic_entropy_side": 12.5531587600708,
          "hz": 6219.891507268283
        },
        {
          "acoustic_entropy": 12.58086109161377,
          "acoustic_entropy_side": 12.548569679260254,
          "hz": 6832.70888123896
        },
        {
          "acoustic_entropy": 12.58742904663086,
          "acoustic_entropy_side": 12.54645824432373,
          "hz": 7499.796634079867
        },
        {
          "acoustic_entropy": 12.508111000061035,
          "acoustic_entropy_side": 12.538773536682129,
          "hz": 8225.96088609342
        },
        {
          "acoustic_entropy": 12.530035018920898,
          "acoustic_entropy_side": 12.541670799255371,
          "hz": 9016.43338188839
        },
        {
          "acoustic_entropy": 12.477340698242188,
          "acoustic_entropy_side": 12.535212516784668,
          "hz": 9876.909183162974
        },
        {
          "acoustic_entropy": 12.501355171203613,
          "acoustic_entropy_side": 12.541767120361328,
          "hz": 10813.587699516042
        },
        {
          "acoustic_entropy": 12.511618614196777,
          "acoustic_entropy_side": 12.543937683105469,
          "hz": 11833.21735289826
        },
        {
          "acoustic_entropy": 12.479957580566406,
          "acoustic_entropy_side": 12.53766918182373,
          "hz": 12943.144197493959
        },
        {
          "acoustic_entropy": 12.420148849487305,
          "acoustic_entropy_side": 12.532215118408203,
          "hz": 14151.364845322005
        },
        {
          "acoustic_entropy": 12.502972602844238,
          "acoustic_entropy_side": 12.542329788208008,
          "hz": 15466.58407886509
        },
        {
          "acoustic_entropy": 12.526132583618164,
          "acoustic_entropy_side": 12.54190444946289,
          "hz": 16898.27756580493
        },
        {
          "acoustic_entropy": 12.48137378692627,
          "acoustic_entropy_side": 12.53736400604248,
          "hz": 18456.760127700032
        },
        {
          "acoustic_entropy": 12.53523063659668,
          "acoustic_entropy_side": 12.544577598571777,
          "hz": 20153.260054456492
        },
        {
          "acoustic_entropy": 12.550052642822266,
          "acoustic_entropy_side": 12.548483848571777,
          "hz": 22000.00000000001
        }
      ],
      "diff_acoustic_entropy": 5.727508544921875,
      "sn": 12
    },
    {
      "acoustic_entropy": 20.871469497680664,
      "acoustic_entropy_mono": 17.490205764770508,
      "band_eliminated_acoustic_entropies": [
        {
          "acoustic_entropy": 20.7724609375,
          "acoustic_entropy_side": 20.874759674072266,
          "hz": 129.47220167065723
        },
        {
          "acoustic_entropy": 21.863651275634766,
          "acoustic_entropy_side": 21.070070266723633,
          "hz": 202.92927478742237
        },
        {
          "acoustic_entropy": 20.514387130737305,
          "acoustic_entropy_side": 21.071292877197266,
          "hz": 282.89161906338205
        },
        {
          "acoustic_entropy": 21.557144165039062,
          "acoustic_entropy_side": 21.67407989501953,
          "hz": 369.9353335868758
        },
        {
          "acoustic_entropy": 20.334232330322266,
          "acoustic_entropy_side": 21.080211639404297,
          "hz": 464.6875360973435
        },
        {
          "acoustic_entropy": 21.070283889770508,
          "acoustic_entropy_side": 20.473751068115234,
          "hz": 567.8308811364784
        },
        {
          "acoustic_entropy": 20.962377548217773,
          "acoustic_entropy_side": 20.980140686035156,
          "hz": 680.1084783214808
        },
        {
          "acoustic_entropy": 20.33292007446289,
          "acoustic_entropy_side": 20.328706741333008,
          "hz": 802.3292461747484
        },
        {
          "acoustic_entropy": 19.75341033935547,
          "acoustic_entropy_side": 20.049427032470703,
          "hz": 935.3737400823702
        },
        {
          "acoustic_entropy": 21.310016632080078,
          "acoustic_entropy_side": 20.812475204467773,
          "hz": 1080.2004963696966
        },
        {
          "acoustic_entropy": 20.410364151000977,
          "acoustic_entropy_side": 21.05185890197754,
          "hz": 1237.8529382007157
        },
        {
          "acoustic_entropy": 20.135738372802734,
          "acoustic_entropy_side": 20.301559448242188,
          "hz": 1409.4668930556702
        },
        {
          "acoustic_entropy": 20.671045303344727,
          "acoustic_entropy_side": 20.797161102294922,
          "hz": 1596.2787759475705
        },
        {
          "acoustic_entropy": 20.29631996154785,
          "acoustic_entropy_side": 20.606454849243164,
          "hz": 1799.6344973346393
        },
        {
          "acoustic_entropy": 20.672679901123047,
          "acoustic_entropy_side": 21.14372444152832,
          "hz": 2020.9991599069049
        },
        {
          "acoustic_entropy": 20.294593811035156,
          "acoustic_entropy_side": 20.399972915649414,
          "hz": 2261.9676141086993
        },
        {
          "acoustic_entropy": 21.174837112426758,
          "acoustic_entropy_side": 20.98999786376953,
          "hz": 2524.2759484456974
        },
        {
          "acoustic_entropy": 20.623842239379883,
          "acoustic_entropy_side": 20.63152313232422,
          "hz": 2809.813997359896
        },
        {
          "acoustic_entropy": 20.973146438598633,
          "acoustic_entropy_side": 20.895830154418945,
          "hz": 3120.6389567871424
        },
        {
          "acoustic_entropy": 20.74127197265625,
          "acoustic_entropy_side": 20.276655197143555,
          "hz": 3458.990205492291
        },
