{
  "acoustic_entropy": 143.91690063476562,
  "bands": [
    {
      "high_freq": 148.1999969482422,
      "loudness": -55.210289001464844,
      "loudness_range": 26.890369415283203,
      "mid_mean": -51.62499237060547,
      "mid_to_side_loudness": -12.76525592803955,
      "mid_to_side_loudness_range": 7.283531188964844,
      "side_mean": -62.15355682373047
    },
    {
      "high_freq": 392.3793640136719,
      "loudness": -38.17103958129883,
      "loudness_range": 23.341964721679688,
      "low_freq": 148.1999969482422,
      "mid_mean": -35.91045379638672,
      "mid_to_side_loudness": -6.1578264236450195,
      "mid_to_side_loudness_range": 12.155710220336914,
      "side_mean": -42.242366790771484
    },
    {
      "high_freq": 794.6976318359375,
      "loudness": -34.65507888793945,
      "loudness_range": 21.381183624267578,
      "low_freq": 392.3793640136719,
      "mid_mean": -32.89166259765625,
      "mid_to_side_loudness": -2.843923807144165,
      "mid_to_side_loudness_range": 7.703897953033447,
      "side_mean": -35.987220764160156
    },
    {
      "high_freq": 1457.5709228515625,
      "loudness": -39.6702766418457,
      "loudness_range": 28.102792739868164,
      "low_freq": 794.6976318359375,
      "mid_mean": -39.880069732666016,
      "mid_to_side_loudness": 0.4871586263179779,
      "mid_to_side_loudness_range": 9.824331283569336,
      "side_mean": -39.1011848449707
    },
    {
      "high_freq": 2549.74365234375,
      "loudness": -47.916900634765625,
      "loudness_range": 27.607032775878906,
      "low_freq": 1457.5709228515625,
      "mid_mean": -50.492671966552734,
      "mid_to_side_loudness": 0.5552350878715515,
      "mid_to_side_loudness_range": 8.031719207763672,
      "side_mean": -50.09373474121094
    },
    {
      "high_freq": 4349.24462890625,
      "loudness": -56.936283111572266,
      "loudness_range": 28.907665252685547,
      "low_freq": 2549.74365234375,
      "mid_mean": -59.37255096435547,
      "mid_to_side_loudness": 0.04365003854036331,
      "mid_to_side_loudness_range": 7.135951995849609,
      "side_mean": -59.365875244140625
    },
    {
      "high_freq": 7314.1640625,
      "loudness": -69.43086242675781,
      "loudness_range": 25.78964614868164,
      "low_freq": 4349.24462890625,
      "mid_mean": -67.19298553466797,
      "mid_to_side_loudness": -0.039207860827445984,
      "mid_to_side_loudness_range": 4.96022891998291,
      "side_mean": -67.10700988769531
    },
    {
      "high_freq": 12199.2666015625,
      "loudness": -74.24939727783203,
      "loudness_range": 22.336109161376953,
      "low_freq": 7314.1640625,
      "mid_mean": -69.22352600097656,
      "mid_to_side_loudness": -0.3981266915798187,
      "mid_to_side_loudness_range": 2.0238447189331055,
      "side_mean": -69.21925354003906
    },
    {
      "loudness": -13.627914428710938,
      "loudness_range": 25.166627883911133,
      "low_freq": 12199.2666015625,
      "mid_mean": -69.73860931396484,
      "mid_to_side_loudness": -1.922216773033142,
      "mid_to_side_loudness_range": 1.2334917783737183,
      "side_mean": -69.79447174072266
    }
  ],
  "bands_short": [
    {
      "high_freq": 148.1999969482422,
      "loudness": -60.14993667602539,
      "loudness_range": 25.584400177001953,
      "mid_mean": -56.26993179321289,
      "mid_to_side_loudness": -13.090258598327637,
      "mid_to_side_loudness_range": 13.17538070678711,
      "side_mean": -65.51533508300781
    },
    {
      "high_freq": 392.3793640136719,
      "loudness": -38.88883972167969,
      "loudness_range": 24.79399299621582,
      "low_freq": 148.1999969482422,
      "mid_mean": -36.87363815307617,
      "mid_to_side_loudness": -6.266951084136963,
      "mid_to_side_loudness_range": 15.956377983093262,
      "side_mean": -43.519309997558594
    },
    {
      "high_freq": 794.6976318359375,
      "loudness": -36.318790435791016,
      "loudness_range": 24.068151473999023,
      "low_freq": 392.3793640136719,
      "mid_mean": -34.76918411254883,
      "mid_to_side_loudness": -2.660946846008301,
      "mid_to_side_loudness_range": 11.459798812866211,
      "side_mean": -37.8597412109375
    },
    {
      "high_freq": 1457.5709228515625,
      "loudness": -39.1937255859375,
      "loudness_range": 28.71308135986328,
      "low_freq": 794.6976318359375,
      "mid_mean": -39.20570755004883,
      "mid_to_side_loudness": -0.19396664202213287,
      "mid_to_side_loudness_range": 12.614463806152344,
      "side_mean": -39.25100326538086
    },
    {
      "high_freq": 2549.74365234375,
      "loudness": -48.47658157348633,
      "loudness_range": 28.482925415039062,
      "low_freq": 1457.5709228515625,
      "mid_mean": -51.49744415283203,
      "mid_to_side_loudness": 0.5245978236198425,
      "mid_to_side_loudness_range": 10.776335716247559,
      "side_mean": -51.12458419799805
    },
    {
      "high_freq": 4349.24462890625,
      "loudness": -57.66432571411133,
      "loudness_range": 29.418621063232422,
      "low_freq": 2549.74365234375,
      "mid_mean": -60.34425354003906,
      "mid_to_side_loudness": 0.11445829272270203,
      "mid_to_side_loudness_range": 9.527554512023926,
      "side_mean": -60.25768280029297
    },
    {
      "high_freq": 7314.1640625,
      "loudness": -70.14813232421875,
      "loudness_range": 25.962318420410156,
      "low_freq": 4349.24462890625,
      "mid_mean": -67.61968231201172,
      "mid_to_side_loudness": 0.18521840870380402,
      "mid_to_side_loudness_range": 6.882974624633789,
      "side_mean": -67.39057922363281
    },
    {
      "high_freq": 12199.2666015625,
      "loudness": -75.61215209960938,
      "loudness_range": 21.21318817138672,
      "low_freq": 7314.1640625,
      "mid_mean": -69.45723724365234,
      "mid_to_side_loudness": -0.4341040849685669,
      "mid_to_side_loudness_range": 3.4454383850097656,
      "side_mean": -69.44229888916016
    },
    {
      "loudness": -12.859366416931152,
      "loudness_range": 22.455968856811523,
      "low_freq": 12199.2666015625,
      "mid_mean": -69.77845001220703,
      "mid_to_side_loudness": -1.974116325378418,
      "mid_to_side_loudness_range": 1.736940860748291,
      "side_mean": -69.83465576171875
    }
  ],
  "bandwidth": 901.7115478515625,
  "channels": 2,
  "covariance": [
    [
      71.62846374511719,
      51.078948974609375,
      45.1670036315918,
      38.68346405029297,
      37.059814453125,
      36.039878845214844,
      40.19016647338867,
      38.955814361572266,
      66.26579284667969,
      66.09172821044922,
      55.028865814208984,
      54.650779724121094,
      22.1107234954834,
      22.468624114990234,
      7.639562606811523,
      7.694678783416748,
      1.6943196058273315,
      1.6923387050628662
    ],
    [
      51.078948974609375,
      41.774410247802734,
      31.573543548583984,
      27.69902801513672,
      23.614818572998047,
      23.02426528930664,
      26.875307083129883,
      25.34162139892578,
      43.28157043457031,
      43.33061599731445,
      38.11789321899414,
      37.503353118896484,
      17.33391761779785,
      17.612396240234375,
      7.152123928070068,
      7.1864495277404785,
      2.3534672260284424,
      2.3584206104278564
    ],
    [
      45.1670036315918,
      31.573543548583984,
      70.44104766845703,
      59.7905158996582,
      39.87325668334961,
      37.76819610595703,
      41.12900924682617,
      36.41322326660156,
      63.57859802246094,
      64.64179992675781,
      50.7406005859375,
      50.93589401245117,
      18.59726905822754,
      19.158966064453125,
      5.923521995544434,
      6.0268964767456055,
      0.8518377542495728,
      0.8521066904067993
    ],
    [
      38.68346405029297,
      27.69902801513672,
      59.7905158996582,
      72.5797119140625,
      35.2055778503418,
      33.68464279174805,
      40.91431427001953,
      36.28779602050781,
      61.176307678222656,
      62.02833938598633,
      46.656150817871094,
      46.94770050048828,
      17.291513442993164,
      17.979473114013672,
      5.65876579284668,
      5.769198417663574,
      1.1574554443359375,
      1.1520521640777588
    ],
    [
      37.059814453125,
      23.614818572998047,
      39.87325668334961,
      35.2055778503418,
      61.32453536987305,
      55.42491912841797,
      41.08539962768555,
      41.519683837890625,
      70.44854736328125,
      71.43241119384766,
      60.90732192993164,
      59.787071228027344,
      21.1390380859375,
      20.827959060668945,
      5.807401657104492,
      5.760439395904541,
      0.8706108331680298,
      0.8694925904273987
    ],
    [
      36.039878845214844,
      23.02426528930664,
      37.76819610595703,
      33.68464279174805,
      55.42491912841797,
      59.80641555786133,
      40.507843017578125,
      42.230587005615234,
      71.15238189697266,
      71.45325469970703,
      59.06829833984375,
      57.99199676513672,
      21.73957061767578,
      21.746051788330078,
      6.597860336303711,
      6.615494728088379,
      1.1157678365707397,
      1.1053067445755005
    ],
    [
      40.19016647338867,
      26.875307083129883,
      41.12900924682617,
      40.91431427001953,
      41.08539962768555,
      40.507843017578125,
      92.4636001586914,
      81.21351623535156,
      86.29154968261719,
      81.95567321777344,
      68.33720397949219,
      70.22057342529297,
      26.11993408203125,
      28.544292449951172,
      8.436880111694336,
      8.633880615234375,
      1.619921088218689,
      1.6081678867340088
    ],
    [
      38.955814361572266,
      25.34162139892578,
      36.41322326660156,
      36.28779602050781,
      41.519683837890625,
      42.230587005615234,
      81.21351623535156,
      89.53207397460938,
      84.40145874023438,
      78.5857162475586,
      69.24825286865234,
      70.13407135009766,
      26.62282943725586,
      28.83303451538086,
      8.506912231445312,
      8.670602798461914,
      1.6040124893188477,
      1.5921969413757324
    ],
    [
      66.26579284667969,
      43.28157043457031,
      63.57859802246094,
      61.176307678222656,
      70.44854736328125,
      71.15238189697266,
      86.29154968261719,
      84.40145874023438,
      130.3711395263672,
      127.21528625488281,
      98.5005874633789,
      98.57614135742188,
      35.71070098876953,
      37.2152099609375,
      11.584712028503418,
      11.781447410583496,
      2.8494346141815186,
      2.8484764099121094
    ],
    [
      66.09172821044922,
      43.33061599731445,
      64.64179992675781,
      62.02833938598633,
      71.43241119384766,
      71.45325469970703,
      81.95567321777344,
      78.5857162475586,
      127.21528625488281,
      130.28646850585938,
      98.27718353271484,
      98.56961059570312,
      35.716346740722656,
      36.77824401855469,
      11.456389427185059,
      11.630987167358398,
      2.8031513690948486,
      2.807445526123047
    ],
    [
      55.028865814208984,
      38.11789321899414,
      50.7406005859375,
      46.656150817871094,
      60.90732192993164,
      59.06829833984375,
      68.33720397949219,
      69.24825286865234,
      98.5005874633789,
      98.27718353271484,
      95.93624877929688,
      92.49017333984375,
      37.457435607910156,
      37.71215057373047,
      12.823895454406738,
      12.855582237243652,
      3.9161415100097656,
      3.918761730194092
    ],
    [
      54.650779724121094,
      37.503353118896484,
      50.93589401245117,
      46.94770050048828,
      59.787071228027344,
      57.99199676513672,
      70.22057342529297,
      70.13407135009766,
      98.57614135742188,
      98.56961059570312,
      92.49017333984375,
      93.02338409423828,
      37.605445861816406,
      37.97038650512695,
      12.881586074829102,
      12.922718048095703,
      3.9324657917022705,
      3.9367787837982178
    ],
    [
      22.1107234954834,
      17.33391761779785,
      18.59726905822754,
      17.291513442993164,
      21.1390380859375,
      21.73957061767578,
      26.11993408203125,
      26.62282943725586,
      35.71070098876953,
      35.716346740722656,
      37.457435607910156,
      37.605445861816406,
      23.46989631652832,
      23.619857788085938,
      10.564245223999023,
      10.530198097229004,
      4.623997211456299,
      4.622174263000488
    ],
    [
      22.468624114990234,
      17.612396240234375,
      19.158966064453125,
      17.979473114013672,
      20.827959060668945,
      21.746051788330078,
      28.544292449951172,
      28.83303451538086,
      37.2152099609375,
      36.77824401855469,
      37.71215057373047,
      37.97038650512695,
      23.619857788085938,
      24.855989456176758,
      11.412012100219727,
      11.44088363647461,
      4.6817545890808105,
      4.673761367797852
    ],
    [
      7.639562606811523,
      7.152123928070068,
      5.923521995544434,
      5.65876579284668,
      5.807401657104492,
      6.597860336303711,
      8.436880111694336,
      8.506912231445312,
      11.584712028503418,
      11.456389427185059,
      12.823895454406738,
      12.881586074829102,
      10.564245223999023,
      11.412012100219727,
      8.409395217895508,
      8.414521217346191,
      4.800625324249268,
      4.7928924560546875
    ],
    [
      7.694678783416748,
      7.1864495277404785,
      6.0268964767456055,
      5.769198417663574,
      5.760439395904541,
      6.615494728088379,
      8.633880615234375,
      8.670602798461914,
      11.781447410583496,
      11.630987167358398,
      12.855582237243652,
      12.922718048095703,
      10.530198097229004,
      11.44088363647461,
      8.414521217346191,
      8.491348266601562,
      4.810053825378418,
      4.800954818725586
    ],
    [
      1.6943196058273315,
      2.3534672260284424,
      0.8518377542495728,
      1.1574554443359375,
      0.8706108331680298,
      1.1157678365707397,
      1.619921088218689,
      1.6040124893188477,
      2.8494346141815186,
      2.8031513690948486,
      3.9161415100097656,
      3.9324657917022705,
      4.623997211456299,
      4.6817545890808105,
      4.800625324249268,
      4.810053825378418,
      4.877923011779785,
      4.882706642150879
    ],
    [
      1.6923387050628662,
      2.3584206104278564,
      0.8521066904067993,
      1.1520521640777588,
      0.8694925904273987,
      1.1053067445755005,
      1.6081678867340088,
      1.5921969413757324,
      2.8484764099121094,
      2.807445526123047,
      3.918761730194092,
      3.9367787837982178,
      4.622174263000488,
      4.673761367797852,
      4.7928924560546875,
      4.800954818725586,
      4.882706642150879,
      4.888914108276367
    ]
  ],
  "covariance_short": [
    [
      62.99139404296875,
      31.032878875732422,
      42.47951889038086,
      35.17481231689453,
      39.723480224609375,
      37.056434631347656,
      37.68747329711914,
      39.13618469238281,
      62.50847625732422,
      61.577789306640625,
      49.62306594848633,
      49.6442756652832,
      18.121746063232422,
      19.091413497924805,
      5.0628533363342285,
      5.225874423980713,
      1.3481855392456055,
      1.341511845588684
    ],
    [
      31.032878875732422,
      21.71741485595703,
      23.774690628051758,
      20.428329467773438,
      21.40828514099121,
      20.375961303710938,
      20.263355255126953,
      20.809871673583984,
      33.7229118347168,
      33.32512664794922,
      27.892236709594727,
      27.726167678833008,
      11.059965133666992,
      11.579505920410156,
      3.776677131652832,
      3.906264305114746,
      1.6674473285675049,
      1.6743512153625488
    ],
    [
      42.47951889038086,
      23.774690628051758,
      81.49667358398438,
      61.664398193359375,
      45.1654052734375,
      42.307899475097656,
      38.78915786743164,
      36.21635818481445,
      63.795475006103516,
      64.64602661132812,
      48.33858871459961,
      48.6743049621582,
      15.926600456237793,
      16.771896362304688,
      4.120424747467041,
      4.34096097946167,
      0.8754196763038635,
      0.8780211210250854
    ],
    [
      35.17481231689453,
      20.428329467773438,
      61.664398193359375,
      81.63999938964844,
      39.9007682800293,
      40.55436325073242,
      36.722694396972656,
      35.451324462890625,
      60.46100997924805,
      60.95378112792969,
      44.095916748046875,
      44.37694549560547,
      14.511749267578125,
      15.48933219909668,
      4.019855499267578,
      4.224816799163818,
      1.1143341064453125,
      1.1081151962280273
    ],
    [
      39.723480224609375,
      21.40828514099121,
      45.1654052734375,
      39.9007682800293,
      79.35357666015625,
      64.02857208251953,
      37.3468132019043,
      38.56924819946289,
      72.4560546875,
      75.66339111328125,
      63.96553421020508,
      62.180572509765625,
      19.290721893310547,
      19.203529357910156,
      4.069231033325195,
      4.150760650634766,
      0.8334795832633972,
      0.8377424478530884
    ],
    [
      37.056434631347656,
      20.375961303710938,
      42.307899475097656,
      40.55436325073242,
      64.02857208251953,
      69.75218963623047,
      34.95884704589844,
      37.75088882446289,
      71.0635757446289,
      73.63465881347656,
      59.86448287963867,
      57.77299118041992,
      18.4344539642334,
      18.363475799560547,
      4.127023220062256,
      4.2193379402160645,
      0.965901255607605,
      0.9615836143493652
    ],
    [
      37.68747329711914,
      20.263355255126953,
      38.78915786743164,
      36.722694396972656,
      37.3468132019043,
      34.95884704589844,
      97.4695816040039,
      85.01455688476562,
      88.42646026611328,
      83.52123260498047,
      63.54496765136719,
      66.77108764648438,
      24.379846572875977,
      28.64362907409668,
      6.701645851135254,
      7.068789005279541,
      1.3352056741714478,
      1.308412790298462
    ],
    [
      39.13618469238281,
      20.809871673583984,
      36.21635818481445,
      35.451324462890625,
      38.56924819946289,
      37.75088882446289,
      85.01455688476562,
      99.69900512695312,
      89.21634674072266,
      82.18897247314453,
      67.56604766845703,
      68.8923568725586,
      25.501880645751953,
      29.25316619873047,
      6.959522724151611,
      7.35605001449585,
      1.382058024406433,
      1.354173183441162
    ],
    [
      62.50847625732422,
      33.7229118347168,
      63.795475006103516,
      60.46100997924805,
      72.4560546875,
      71.0635757446289,
      88.42646026611328,
      89.21634674072266,
      136.1358184814453,
      130.2882537841797,
      96.14373016357422,
      96.74517822265625,
      31.973962783813477,
      34.69987869262695,
      8.417351722717285,
      8.831689834594727,
      2.096043348312378,
      2.0880045890808105
    ],
    [
      61.577789306640625,
      33.32512664794922,
      64.64602661132812,
      60.95378112792969,
      75.66339111328125,
      73.63465881347656,
      83.52123260498047,
      82.18897247314453,
      130.2882537841797,
      135.55943298339844,
      95.86994934082031,
      96.90442657470703,
      32.183692932128906,
      34.573238372802734,
      8.37903118133545,
      8.738524436950684,
      2.084197759628296,
      2.079852342605591
    ],
    [
      49.62306594848633,
      27.892236709594727,
      48.33858871459961,
      44.095916748046875,
      63.96553421020508,
      59.86448287963867,
      63.54496765136719,
      67.56604766845703,
      96.14373016357422,
      95.86994934082031,
      92.00999450683594,
      87.75408935546875,
      32.66059875488281,
      34.36162185668945,
      9.190720558166504,
      9.428866386413574,
      2.715027332305908,
      2.708932876586914
    ],
    [
      49.6442756652832,
      27.726167678833008,
      48.6743049621582,
      44.37694549560547,
      62.180572509765625,
      57.77299118041992,
      66.77108764648438,
      68.8923568725586,
      96.74517822265625,
      96.90442657470703,
      87.75408935546875,
      90.28949737548828,
      33.09238815307617,
      35.03878402709961,
      9.253840446472168,
      9.529546737670898,
      2.7410922050476074,
      2.7353720664978027
    ],
    [
      18.121746063232422,
      11.059965133666992,
      15.926600456237793,
      14.511749267578125,
      19.290721893310547,
      18.4344539642334,
      24.379846572875977,
      25.501880645751953,
      31.973962783813477,
      32.183692932128906,
      32.66059875488281,
      33.09238815307617,
      20.365623474121094,
      20.93834114074707,
      7.60280704498291,
      7.712695121765137,
      3.0899887084960938,
      3.0819203853607178
    ],
    [
      19.091413497924805,
      11.579505920410156,
      16.771896362304688,
      15.48933219909668,
      19.203529357910156,
      18.363475799560547,
      28.64362907409668,
      29.25316619873047,
      34.69987869262695,
      34.573238372802734,
      34.36162185668945,
      35.03878402709961,
      20.93834114074707,
      23.573698043823242,
      8.184221267700195,
      8.278264045715332,
      3.1371517181396484,
      3.1223080158233643
    ],
    [
      5.0628533363342285,
      3.776677131652832,
      4.120424747467041,
      4.019855499267578,
      4.069231033325195,
      4.127023220062256,
      6.701645851135254,
      6.959522724151611,
      8.417351722717285,
      8.37903118133545,
      9.190720558166504,
      9.253840446472168,
      7.60280704498291,
      8.184221267700195,
      5.680270195007324,
      5.623663425445557,
      3.1163389682769775,
      3.1075267791748047
    ],
    [
      5.225874423980713,
      3.906264305114746,
      4.34096097946167,
      4.224816799163818,
      4.150760650634766,
      4.2193379402160645,
      7.068789005279541,
      7.35605001449585,
      8.831689834594727,
      8.738524436950684,
      9.428866386413574,
      9.529546737670898,
      7.712695121765137,
      8.278264045715332,
      5.623663425445557,
      5.87497091293335,
      3.1246490478515625,
      3.1197946071624756
    ],
    [
      1.3481855392456055,
      1.6674473285675049,
      0.8754196763038635,
      1.1143341064453125,
      0.8334795832633972,
      0.965901255607605,
      1.3352056741714478,
      1.382058024406433,
      2.096043348312378,
      2.084197759628296,
      2.715027332305908,
      2.7410922050476074,
      3.0899887084960938,
      3.1371517181396484,
      3.1163389682769775,
      3.1246490478515625,
      3.0625221729278564,
      3.0742406845092773
    ],
    [
      1.341511845588684,
      1.6743512153625488,
      0.8780211210250854,
      1.1081151962280273,
      0.8377424478530884,
      0.9615836143493652,
      1.308412790298462,
      1.354173183441162,
      2.0880045890808105,
      2.079852342605591,
      2.708932876586914,
      2.7353720664978027,
      3.0819203853607178,
      3.1223080158233643,
      3.1075267791748047,
      3.1197946071624756,
      3.0742406845092773,
      3.090186595916748
    ]
  ],
  "damage": -16.7475528717041,
  "diff_bandwidth": 946.93603515625,
  "dissonance": 10.655406857486913,
  "drr": 5.865361213684082,
  "dynamics": 5.886938095092773,
  "format": 1245190,
  "frames": 24134460,
  "loudness": -26.200807571411133,
  "loudness_range": 19.59982681274414,
  "loudness_range_short": 21.81328773498535,
  "lowpass_true_peak_15khz": 3.506182909011841,
  "mastering3_acoustic_entropies": [
    {
      "acoustic_entropy": 7.567965030670166,
      "acoustic_entropy_mono": 7.669899940490723,
      "band_eliminated_acoustic_entropies": [
        {
          "acoustic_entropy": 7.569093704223633,
          "acoustic_entropy_side": 7.568046569824219,
          "hz": 129.47220167065723
        },
        {
          "acoustic_entropy": 7.580580711364746,
          "acoustic_entropy_side": 7.568437099456787,
          "hz": 202.92927478742237
        },
        {
          "acoustic_entropy": 7.663212299346924,
          "acoustic_entropy_side": 7.544332981109619,
          "hz": 282.89161906338205
        },
        {
          "acoustic_entropy": 7.28125524520874,
          "acoustic_entropy_side": 7.43954610824585,
          "hz": 369.9353335868758
        },
        {
          "acoustic_entropy": 6.948741436004639,
          "acoustic_entropy_side": 7.556071758270264,
          "hz": 464.6875360973435
        },
        {
          "acoustic_entropy": 7.890199661254883,
          "acoustic_entropy_side": 7.518944263458252,
          "hz": 567.8308811364784
        },
        {
          "acoustic_entropy": 7.61224365234375,
          "acoustic_entropy_side": 7.745944023132324,
          "hz": 680.1084783214808
        },
        {
          "acoustic_entropy": 7.627716064453125,
          "acoustic_entropy_side": 8.082134246826172,
          "hz": 802.3292461747484
        },
        {
          "acoustic_entropy": 7.125429153442383,
          "acoustic_entropy_side": 7.80375337600708,
          "hz": 935.3737400823702
        },
        {
          "acoustic_entropy": 8.4507474899292,
          "acoustic_entropy_side": 7.961608409881592,
          "hz": 1080.2004963696966
        },
        {
          "acoustic_entropy": 7.941416263580322,
          "acoustic_entropy_side": 8.075093269348145,
          "hz": 1237.8529382007157
        },
        {
          "acoustic_entropy": 8.185696601867676,
          "acoustic_entropy_side": 7.795415878295898,
          "hz": 1409.4668930556702
        },
        {
          "acoustic_entropy": 6.899725437164307,
          "acoustic_entropy_side": 7.112698554992676,
          "hz": 1596.2787759475705
        },
        {
          "acoustic_entropy": 7.486551284790039,
          "acoustic_entropy_side": 7.441353797912598,
          "hz": 1799.6344973346393
        },
        {
          "acoustic_entropy": 7.483747482299805,
          "acoustic_entropy_side": 7.521465301513672,
          "hz": 2020.9991599069049
        },
        {
          "acoustic_entropy": 7.613559246063232,
          "acoustic_entropy_side": 7.607979774475098,
          "hz": 2261.9676141086993
        },
        {
          "acoustic_entropy": 7.54567289352417,
          "acoustic_entropy_side": 7.577123165130615,
          "hz": 2524.2759484456974
        },
        {
          "acoustic_entropy": 7.545251369476318,
          "acoustic_entropy_side": 7.55737829208374,
          "hz": 2809.813997359896
        },
        {
          "acoustic_entropy": 7.587599754333496,
          "acoustic_entropy_side": 7.566699028015137,
          "hz": 3120.6389567871424
        },
        {
          "acoustic_entropy": 7.58477783203125,
          "acoustic_entropy_side": 7.5783491134643555,
          "hz": 3458.990205492291
        },
        {
          "acoustic_entropy": 7.578967571258545,
          "acoustic_entropy_side": 7.574437141418457,
          "hz": 3827.305438964164
        },
        {
          "acoustic_entropy": 7.58533239364624,
          "acoustic_entropy_side": 7.578053951263428,
          "hz": 4228.238232109126
        },
        {
          "acoustic_entropy": 7.583866119384766,
          "acoustic_entropy_side": 7.574552536010742,
          "hz": 4664.6771572759235
        },
        {
          "acoustic_entropy": 7.586206436157227,
          "acoustic_entropy_side": 7.576639652252197,
          "hz": 5139.766595350093
        },
        {
          "acoustic_entropy": 7.5813798904418945,
          "acoustic_entropy_side": 7.574711799621582,
          "hz": 5656.929389854203
        },
        {
          "acoustic_entropy": 7.583073616027832,
          "acoustic_entropy_side": 7.575137138366699,
          "hz": 6219.891507268283
        },
        {
          "acoustic_entropy": 7.5828166007995605,
          "acoustic_entropy_side": 7.575170993804932,
          "hz": 6832.70888123896
        },
        {
          "acoustic_entropy": 7.5833539962768555,
          "acoustic_entropy_side": 7.575188159942627,
          "hz": 7499.796634079867
        },
        {
          "acoustic_entropy": 7.5851616859436035,
          "acoustic_entropy_side": 7.576234340667725,
          "hz": 8225.96088609342
        },
        {
          "acoustic_entropy": 7.584089756011963,
          "acoustic_entropy_side": 7.575821876525879,
          "hz": 9016.43338188839
        },
        {
          "acoustic_entropy": 7.584855556488037,
          "acoustic_entropy_side": 7.57551383972168,
          "hz": 9876.909183162974
        },
        {
          "acoustic_entropy": 7.585461616516113,
          "acoustic_entropy_side": 7.576285362243652,
          "hz": 10813.587699516042
        },
        {
          "acoustic_entropy": 7.5849528312683105,
          "acoustic_entropy_side": 7.576046943664551,
          "hz": 11833.21735289826
        },
        {
          "acoustic_entropy": 7.585852146148682,
          "acoustic_entropy_side": 7.576425552368164,
          "hz": 12943.144197493959
        },
        {
          "acoustic_entropy": 7.590973854064941,
          "acoustic_entropy_side": 7.578914642333984,
          "hz": 14151.364845322005
        },
        {
          "acoustic_entropy": 7.592000961303711,
          "acoustic_entropy_side": 7.5785346031188965,
          "hz": 15466.58407886509
        },
        {
          "acoustic_entropy": 7.587788105010986,
          "acoustic_entropy_side": 7.577588081359863,
          "hz": 16898.27756580493
        },
        {
          "acoustic_entropy": 7.588469982147217,
          "acoustic_entropy_side": 7.577703952789307,
          "hz": 18456.760127700032
        },
        {
          "acoustic_entropy": 7.586145877838135,
          "acoustic_entropy_side": 7.5761213302612305,
          "hz": 20153.260054456492
        },
        {
          "acoustic_entropy": 7.60380744934082,
          "acoustic_entropy_side": 7.5842180252075195,
          "hz": 22000.00000000001
        }
      ],
      "diff_acoustic_entropy": 5.295106410980225,
      "sn": 6
    },
    {
      "acoustic_entropy": 12.510843276977539,
      "acoustic_entropy_mono": 10.68071174621582,
      "band_eliminated_acoustic_entropies": [
        {
          "acoustic_entropy": 12.511146545410156,
          "acoustic_entropy_side": 12.510387420654297,
          "hz": 129.47220167065723
        },
        {
          "acoustic_entropy": 12.381448745727539,
          "acoustic_entropy_side": 12.509105682373047,
          "hz": 202.92927478742237
        },
        {
          "acoustic_entropy": 12.565131187438965,
          "acoustic_entropy_side": 12.542852401733398,
          "hz": 282.89161906338205
        },
        {
          "acoustic_entropy": 12.124613761901855,
          "acoustic_entropy_side": 11.796083450317383,
          "hz": 369.9353335868758
        },
        {
          "acoustic_entropy": 11.244440078735352,
          "acoustic_entropy_side": 12.033027648925781,
          "hz": 464.6875360973435
        },
        {
          "acoustic_entropy": 11.969780921936035,
          "acoustic_entropy_side": 12.43184757232666,
          "hz": 567.8308811364784
        },
        {
          "acoustic_entropy": 12.51732349395752,
          "acoustic_entropy_side": 12.764604568481445,
          "hz": 680.1084783214808
        },
        {
          "acoustic_entropy": 11.452130317687988,
          "acoustic_entropy_side": 12.41836929321289,
          "hz": 802.3292461747484
        },
        {
          "acoustic_entropy": 11.405821800231934,
          "acoustic_entropy_side": 12.104635238647461,
          "hz": 935.3737400823702
        },
        {
          "acoustic_entropy": 12.590422630310059,
          "acoustic_entropy_side": 12.746678352355957,
          "hz": 1080.2004963696966
        },
        {
          "acoustic_entropy": 12.527281761169434,
          "acoustic_entropy_side": 12.461867332458496,
          "hz": 1237.8529382007157
        },
        {
          "acoustic_entropy": 12.359336853027344,
          "acoustic_entropy_side": 12.138965606689453,
          "hz": 1409.4668930556702
        },
        {
          "acoustic_entropy": 12.285890579223633,
          "acoustic_entropy_side": 12.435857772827148,
          "hz": 1596.2787759475705
        },
        {
          "acoustic_entropy": 12.339335441589355,
          "acoustic_entropy_side": 12.148361206054688,
          "hz": 1799.6344973346393
        },
        {
          "acoustic_entropy": 12.744097709655762,
          "acoustic_entropy_side": 12.650259971618652,
          "hz": 2020.9991599069049
        },
        {
          "acoustic_entropy": 12.248441696166992,
          "acoustic_entropy_side": 12.105318069458008,
          "hz": 2261.9676141086993
        },
        {
          "acoustic_entropy": 12.430770874023438,
          "acoustic_entropy_side": 12.365625381469727,
          "hz": 2524.2759484456974
        },
        {
          "acoustic_entropy": 12.195235252380371,
          "acoustic_entropy_side": 12.422324180603027,
          "hz": 2809.813997359896
        },
        {
          "acoustic_entropy": 12.281503677368164,
          "acoustic_entropy_side": 12.411989212036133,
          "hz": 3120.6389567871424
        },
        {
          "acoustic_entropy": 12.431727409362793,
          "acoustic_entropy_side": 12.468334197998047,
          "hz": 3458.990205492291
        },
        {
          "acoustic_entropy": 12.486988067626953,
          "acoustic_entropy_side": 12.499438285827637,
          "hz": 3827.305438964164
        },
        {
          "acoustic_entropy": 12.491909980773926,
          "acoustic_entropy_side": 12.499873161315918,
          "hz": 4228.238232109126
        },
        {
          "acoustic_entropy": 12.49683952331543,
          "acoustic_entropy_side": 12.507464408874512,
          "hz": 4664.6771572759235
        },
        {
          "acoustic_entropy": 12.489922523498535,
          "acoustic_entropy_side": 12.505776405334473,
          "hz": 5139.766595350093
        },
        {
          "acoustic_entropy": 12.500717163085938,
          "acoustic_entropy_side": 12.509057998657227,
          "hz": 5656.929389854203
        },
        {
          "acoustic_entropy": 12.487761497497559,
          "acoustic_entropy_side": 12.500748634338379,
          "hz": 6219.891507268283
        },
        {
          "acoustic_entropy": 12.48025894165039,
          "acoustic_entropy_side": 12.498222351074219,
          "hz": 6832.70888123896
        },
        {
          "acoustic_entropy": 12.48011589050293,
          "acoustic_entropy_side": 12.498531341552734,
          "hz": 7499.796634079867
        },
        {
          "acoustic_entropy": 12.485729217529297,
          "acoustic_entropy_side": 12.500543594360352,
          "hz": 8225.96088609342
        },
        {
          "acoustic_entropy": 12.473140716552734,
          "acoustic_entropy_side": 12.49400806427002,
          "hz": 9016.43338188839
        },
        {
          "acoustic_entropy": 12.46784782409668,
          "acoustic_entropy_side": 12.493446350097656,
          "hz": 9876.909183162974
        },
        {
          "acoustic_entropy": 12.465514183044434,
          "acoustic_entropy_side": 12.491111755371094,
          "hz": 10813.587699516042
        },
        {
          "acoustic_entropy": 12.467556953430176,
          "acoustic_entropy_side": 12.49188232421875,
          "hz": 11833.21735289826
        },
        {
          "acoustic_entropy": 12.465482711791992,
          "acoustic_entropy_side": 12.491265296936035,
          "hz": 12943.144197493959
        },
        {
          "acoustic_entropy": 12.450340270996094,
          "acoustic_entropy_side": 12.484603881835938,
          "hz": 14151.364845322005
        },
        {
          "acoustic_entropy": 12.448586463928223,
          "acoustic_entropy_side": 12.486202239990234,
          "hz": 15466.58407886509
        },
        {
          "acoustic_entropy": 12.459115028381348,
          "acoustic_entropy_side": 12.487756729125977,
          "hz": 16898.27756580493
        },
        {
          "acoustic_entropy": 12.4578275680542,
          "acoustic_entropy_side": 12.487753868103027,
          "hz": 18456.760127700032
        },
        {
          "acoustic_entropy": 12.46474552154541,
          "acoustic_entropy_side": 12.491923332214355,
          "hz": 20153.260054456492
        },
        {
          "acoustic_entropy": 12.410106658935547,
          "acoustic_entropy_side": 12.470416069030762,
          "hz": 22000.00000000001
        }
      ],
      "diff_acoustic_entropy": 8.715087890625,
      "sn": 12
    },
    {
      "acoustic_entropy": 19.813262939453125,
      "acoustic_entropy_mono": 16.260250091552734,
      "band_eliminated_acoustic_entropies": [
        {
          "acoustic_entropy": 19.897123336791992,
          "acoustic_entropy_side": 19.813282012939453,
          "hz": 129.47220167065723
        },
        {
          "acoustic_entropy": 19.543107986450195,
          "acoustic_entropy_side": 19.802488327026367,
          "hz": 202.92927478742237
        },
        {
          "acoustic_entropy": 19.321880340576172,
          "acoustic_entropy_side": 19.627010345458984,
          "hz": 282.89161906338205
        },
        {
          "acoustic_entropy": 18.459306716918945,
          "acoustic_entropy_side": 18.92082405090332,
          "hz": 369.9353335868758
        },
        {
          "acoustic_entropy": 18.417041778564453,
          "acoustic_entropy_side": 19.549413681030273,
          "hz": 464.6875360973435
        },
        {
          "acoustic_entropy": 19.61995506286621,
          "acoustic_entropy_side": 20.466875076293945,
          "hz": 567.8308811364784
        },
        {
          "acoustic_entropy": 19.882320404052734,
          "acoustic_entropy_side": 19.570219039916992,
          "hz": 680.1084783214808
        },
        {
          "acoustic_entropy": 19.92474365234375,
          "acoustic_entropy_side": 20.274547576904297,
          "hz": 802.3292461747484
        },
        {
          "acoustic_entropy": 19.37160301208496,
          "acoustic_entropy_side": 20.362903594970703,
          "hz": 935.3737400823702
        },
        {
          "acoustic_entropy": 19.762937545776367,
          "acoustic_entropy_side": 20.055585861206055,
          "hz": 1080.2004963696966
        },
        {
          "acoustic_entropy": 19.99492073059082,
          "acoustic_entropy_side": 19.62323570251465,
          "hz": 1237.8529382007157
        },
        {
          "acoustic_entropy": 19.08800506591797,
          "acoustic_entropy_side": 19.50519561767578,
          "hz": 1409.4668930556702
        },
        {
          "acoustic_entropy": 19.258028030395508,
          "acoustic_entropy_side": 19.820148468017578,
          "hz": 1596.2787759475705
        },
        {
          "acoustic_entropy": 18.80283546447754,
          "acoustic_entropy_side": 18.94182586669922,
          "hz": 1799.6344973346393
        },
        {
          "acoustic_entropy": 19.626325607299805,
          "acoustic_entropy_side": 20.065919876098633,
          "hz": 2020.9991599069049
        },
        {
          "acoustic_entropy": 19.272123336791992,
          "acoustic_entropy_side": 19.944202423095703,
          "hz": 2261.9676141086993
        },
        {
          "acoustic_entropy": 19.992984771728516,
          "acoustic_entropy_side": 20.14445686340332,
          "hz": 2524.2759484456974
        },
        {
          "acoustic_entropy": 19.509279251098633,
          "acoustic_entropy_side": 19.64015007019043,
          "hz": 2809.813997359896
        },
        {
          "acoustic_entropy": 19.85735511779785,
          "acoustic_entropy_side": 19.70252227783203,
          "hz": 3120.6389567871424
        },
        {
