{
  "acoustic_entropy": 115.71843719482422,
  "bands": [
    {
      "high_freq": 148.1999969482422,
      "loudness": -45.57530212402344,
      "loudness_range": 15.854476928710938,
      "mid_mean": -41.87857437133789,
      "mid_to_side_loudness": -25.209545135498047,
      "mid_to_side_loudness_range": 9.11534309387207,
      "side_mean": -64.66746520996094
    },
    {
      "high_freq": 392.3793640136719,
      "loudness": -26.100749969482422,
      "loudness_range": 20.85342788696289,
      "low_freq": 148.1999969482422,
      "mid_mean": -22.49945068359375,
      "mid_to_side_loudness": -19.025835037231445,
      "mid_to_side_loudness_range": 15.713497161865234,
      "side_mean": -41.36598587036133
    },
    {
      "high_freq": 794.6976318359375,
      "loudness": -34.023197174072266,
      "loudness_range": 23.49494171142578,
      "low_freq": 392.3793640136719,
      "mid_mean": -30.430021286010742,
      "mid_to_side_loudness": -19.10427474975586,
      "mid_to_side_loudness_range": 17.59564971923828,
      "side_mean": -49.41396713256836
    },
    {
      "high_freq": 1457.5709228515625,
      "loudness": -38.530643463134766,
      "loudness_range": 12.762088775634766,
      "low_freq": 794.6976318359375,
      "mid_mean": -34.87025451660156,
      "mid_to_side_loudness": -20.898189544677734,
      "mid_to_side_loudness_range": 9.30125617980957,
      "side_mean": -55.77688217163086
    },
    {
      "high_freq": 2549.74365234375,
      "loudness": -28.063507080078125,
      "loudness_range": 19.861064910888672,
      "low_freq": 1457.5709228515625,
      "mid_mean": -24.427230834960938,
      "mid_to_side_loudness": -20.53213882446289,
      "mid_to_side_loudness_range": 15.831626892089844,
      "side_mean": -44.835086822509766
    },
    {
      "high_freq": 4349.24462890625,
      "loudness": -36.69912338256836,
      "loudness_range": 9.54136848449707,
      "low_freq": 2549.74365234375,
      "mid_mean": -33.01541519165039,
      "mid_to_side_loudness": -24.451038360595703,
      "mid_to_side_loudness_range": 9.19389533996582,
      "side_mean": -57.67045593261719
    },
    {
      "high_freq": 7314.1640625,
      "loudness": -41.58689880371094,
      "loudness_range": 15.548824310302734,
      "low_freq": 4349.24462890625,
      "mid_mean": -37.88944625854492,
      "mid_to_side_loudness": -29.457298278808594,
      "mid_to_side_loudness_range": 14.026840209960938,
      "side_mean": -64.0692138671875
    },
    {
      "high_freq": 12199.2666015625,
      "loudness": -54.06011962890625,
      "loudness_range": 4.842761993408203,
      "low_freq": 7314.1640625,
      "mid_mean": -50.507972717285156,
      "mid_to_side_loudness": -34.15856170654297,
      "mid_to_side_loudness_range": 8.224271774291992,
      "side_mean": -69.88909912109375
    },
    {
      "loudness": -59.602210998535156,
      "loudness_range": 3.8159637451171875,
      "low_freq": 12199.2666015625,
      "mid_mean": -55.85647964477539,
      "mid_to_side_loudness": -49.93692398071289,
      "mid_to_side_loudness_range": 27.26688575744629,
      "side_mean": -69.99876403808594
    }
  ],
  "bands_short": [
    {
      "high_freq": 148.1999969482422,
      "loudness": -49.427391052246094,
      "loudness_range": 16.60647201538086,
      "mid_mean": -45.7154655456543,
      "mid_to_side_loudness": -25.808979034423828,
      "mid_to_side_loudness_range": 15.31491470336914,
      "side_mean": -67.14369201660156
    },
    {
      "high_freq": 392.3793640136719,
      "loudness": -28.957443237304688,
      "loudness_range": 26.51297950744629,
      "low_freq": 148.1999969482422,
      "mid_mean": -25.4678897857666,
      "mid_to_side_loudness": -17.348161697387695,
      "mid_to_side_loudness_range": 20.325969696044922,
      "side_mean": -43.1378288269043
    },
    {
      "high_freq": 794.6976318359375,
      "loudness": -31.930917739868164,
      "loudness_range": 23.998525619506836,
      "low_freq": 392.3793640136719,
      "mid_mean": -28.370201110839844,
      "mid_to_side_loudness": -18.524635314941406,
      "mid_to_side_loudness_range": 19.207836151123047,
      "side_mean": -46.99872970581055
    },
    {
      "high_freq": 1457.5709228515625,
      "loudness": -38.9288330078125,
      "loudness_range": 14.674507141113281,
      "low_freq": 794.6976318359375,
      "mid_mean": -35.28036880493164,
      "mid_to_side_loudness": -20.511615753173828,
      "mid_to_side_loudness_range": 11.886627197265625,
      "side_mean": -56.13566970825195
    },
    {
      "high_freq": 2549.74365234375,
      "loudness": -28.409372329711914,
      "loudness_range": 20.63686752319336,
      "low_freq": 1457.5709228515625,
      "mid_mean": -24.81808853149414,
      "mid_to_side_loudness": -20.50883674621582,
      "mid_to_side_loudness_range": 17.882465362548828,
      "side_mean": -45.32508087158203
    },
    {
      "high_freq": 4349.24462890625,
      "loudness": -36.745758056640625,
      "loudness_range": 11.397222518920898,
      "low_freq": 2549.74365234375,
      "mid_mean": -33.08079528808594,
      "mid_to_side_loudness": -23.562152862548828,
      "mid_to_side_loudness_range": 16.15599250793457,
      "side_mean": -57.36545944213867
    },
    {
      "high_freq": 7314.1640625,
      "loudness": -41.843162536621094,
      "loudness_range": 16.380855560302734,
      "low_freq": 4349.24462890625,
      "mid_mean": -38.169803619384766,
      "mid_to_side_loudness": -27.867835998535156,
      "mid_to_side_loudness_range": 16.54979705810547,
      "side_mean": -64.35124206542969
    },
    {
      "high_freq": 12199.2666015625,
      "loudness": -54.03404998779297,
      "loudness_range": 5.089374542236328,
      "low_freq": 7314.1640625,
      "mid_mean": -50.78919219970703,
      "mid_to_side_loudness": -32.49232482910156,
      "mid_to_side_loudness_range": 4.9984893798828125,
      "side_mean": -69.88706970214844
    },
    {
      "loudness": -59.40441131591797,
      "loudness_range": 3.8235397338867188,
      "low_freq": 12199.2666015625,
      "mid_mean": -55.90519332885742,
      "mid_to_side_loudness": -61.00004577636719,
      "mid_to_side_loudness_range": 35.395999908447266,
      "side_mean": -69.99870300292969
    }
  ],
  "bandwidth": 641.9238891601562,
  "channels": 2,
  "covariance": [
    [
      26.832658767700195,
      15.83945369720459,
      16.432289123535156,
      13.434303283691406,
      26.21766471862793,
      20.703493118286133,
      5.7781219482421875,
      1.9532623291015625,
      15.329667091369629,
      8.241569519042969,
      7.92450475692749,
      6.569094181060791,
      12.634349822998047,
      10.700881958007812,
      7.141552448272705,
      0.2076081931591034,
      4.91282844543457,
      -0.0011487128213047981
    ],
    [
      15.83945369720459,
      15.754886627197266,
      5.243964195251465,
      9.349754333496094,
      12.551966667175293,
      16.8857421875,
      0.9753021597862244,
      3.722646474838257,
      8.41848087310791,
      5.264308452606201,
      5.025672912597656,
      6.762613296508789,
      13.193015098571777,
      11.742820739746094,
      5.584338188171387,
      0.11142300814390182,
      3.3788530826568604,
      -0.00211739051155746
    ],
    [
      16.432289123535156,
      5.243964195251465,
      58.570743560791016,
      32.56437683105469,
      44.08202362060547,
      24.43357276916504,
      19.764951705932617,
      8.677414894104004,
      16.239437103271484,
      10.618155479431152,
      10.204964637756348,
      2.9591128826141357,
      -4.501791954040527,
      -3.3487486839294434,
      7.292245864868164,
      0.28829893469810486,
      7.684291839599609,
      0.00032201746944338083
    ],
    [
      13.434303283691406,
      9.349754333496094,
      32.56437683105469,
      34.806644439697266,
      30.418149948120117,
      30.081729888916016,
      11.549394607543945,
      11.554899215698242,
      18.492090225219727,
      12.999085426330566,
      8.017662048339844,
      7.808956623077393,
      5.755045413970947,
      4.743192672729492,
      7.070894718170166,
      0.3117111921310425,
      6.47724723815918,
      -0.0027985665947198868
    ],
    [
      26.21766471862793,
      12.551966667175293,
      44.08202362060547,
      30.418149948120117,
      66.92233276367188,
      39.855613708496094,
      22.613420486450195,
      15.24334716796875,
      21.18384552001953,
      5.426002502441406,
      17.341127395629883,
      15.170945167541504,
      10.434136390686035,
      3.335399866104126,
      10.517257690429688,
      0.5099167823791504,
      8.577614784240723,
      -0.0014591508079320192
    ],
    [
      20.703493118286133,
      16.8857421875,
      24.43357276916504,
      30.081729888916016,
      39.855613708496094,
      44.8756103515625,
      9.405380249023438,
      14.374975204467773,
      30.1143856048584,
      17.986284255981445,
      11.32475757598877,
      16.142440795898438,
      20.998170852661133,
      15.720287322998047,
      9.992403030395508,
      0.456267386674881,
      7.81538200378418,
      -0.006049778312444687
    ],
    [
      5.7781219482421875,
      0.9753021597862244,
      19.764951705932617,
      11.549394607543945,
      22.613420486450195,
      9.405380249023438,
      17.300607681274414,
      10.22793197631836,
      -2.686227321624756,
      -6.210824012756348,
      7.649381637573242,
      3.1167471408843994,
      -2.256272554397583,
      -8.688974380493164,
      2.9627740383148193,
      0.02894485928118229,
      2.6028666496276855,
      0.0008870212477631867
    ],
    [
      1.9532623291015625,
      3.722646474838257,
      8.677414894104004,
      11.554899215698242,
      15.24334716796875,
      14.374975204467773,
      10.22793197631836,
      15.476627349853516,
      0.33389827609062195,
      -2.436159372329712,
      6.996940612792969,
      9.275729179382324,
      3.845628499984741,
      -1.442751169204712,
      5.7211833000183105,
      0.07215922325849533,
      4.386977672576904,
      -0.0035421226639300585
    ],
    [
      15.329667091369629,
      8.41848087310791,
      16.239437103271484,
      18.492090225219727,
      21.18384552001953,
      30.1143856048584,
      -2.686227321624756,
      0.33389827609062195,
      55.97300338745117,
      40.93763732910156,
      0.2533060908317566,
      2.08341121673584,
      14.808897018432617,
      17.817102432250977,
      8.08695125579834,
      0.522597074508667,
      7.822045803070068,
      -0.005826244130730629
    ],
    [
      8.241569519042969,
      5.264308452606201,
      10.618155479431152,
      12.999085426330566,
      5.426002502441406,
      17.986284255981445,
      -6.210824012756348,
      -2.436159372329712,
      40.93763732910156,
      44.59553527832031,
      -0.48611980676651,
      2.410442352294922,
      7.048612594604492,
      15.599708557128906,
      5.762583255767822,
      0.4596298635005951,
      6.574660301208496,
      -0.006392245180904865
    ],
    [
      7.92450475692749,
      5.025672912597656,
      10.204964637756348,
      8.017662048339844,
      17.341127395629883,
      11.32475757598877,
      7.649381637573242,
      6.996940612792969,
      0.2533060908317566,
      -0.48611980676651,
      12.968119621276855,
      8.461285591125488,
      5.318253040313721,
      2.7552473545074463,
      4.267070770263672,
      0.19901533424854279,
      3.135430097579956,
      -0.0029113099444657564
    ],
    [
      6.569094181060791,
      6.762613296508789,
      2.9591128826141357,
      7.808956623077393,
      15.170945167541504,
      16.142440795898438,
      3.1167471408843994,
      9.275729179382324,
      2.08341121673584,
      2.410442352294922,
      8.461285591125488,
      17.873510360717773,
      9.609503746032715,
      7.333683967590332,
      5.977884769439697,
      0.2504943311214447,
      4.354659557342529,
      -0.004418058320879936
    ],
    [
      12.634349822998047,
      13.193015098571777,
      -4.501791954040527,
      5.755045413970947,
      10.434136390686035,
      20.998170852661133,
      -2.256272554397583,
      3.845628499984741,
      14.808897018432617,
      7.048612594604492,
      5.318253040313721,
      9.609503746032715,
      23.647052764892578,
      17.235782623291016,
      5.101381301879883,
      0.21007034182548523,
      2.347583532333374,
      -0.003249966073781252
    ],
    [
      10.700881958007812,
      11.742820739746094,
      -3.3487486839294434,
      4.743192672729492,
      3.335399866104126,
      15.720287322998047,
      -8.688974380493164,
      -1.442751169204712,
      17.817102432250977,
      15.599708557128906,
      2.7552473545074463,
      7.333683967590332,
      17.235782623291016,
      21.246692657470703,
      5.263575077056885,
      0.2842753231525421,
      3.3060078620910645,
      -0.00321424612775445
    ],
    [
      7.141552448272705,
      5.584338188171387,
      7.292245864868164,
      7.070894718170166,
      10.517257690429688,
      9.992403030395508,
      2.9627740383148193,
      5.7211833000183105,
      8.08695125579834,
      5.762583255767822,
      4.267070770263672,
      5.977884769439697,
      5.101381301879883,
      5.263575077056885,
      7.594425201416016,
      0.13987557590007782,
      5.8485212326049805,
      -0.001735194236971438
    ],
    [
      0.2076081931591034,
      0.11142300814390182,
      0.28829893469810486,
      0.3117111921310425,
      0.5099167823791504,
      0.456267386674881,
      0.02894485928118229,
      0.07215922325849533,
      0.522597074508667,
      0.4596298635005951,
      0.19901533424854279,
      0.2504943311214447,
      0.21007034182548523,
      0.2842753231525421,
      0.13987557590007782,
      0.017840048298239708,
      0.11776890605688095,
      -7.494990131817758e-05
    ],
    [
      4.91282844543457,
      3.3788530826568604,
      7.684291839599609,
      6.47724723815918,
      8.577614784240723,
      7.81538200378418,
      2.6028666496276855,
      4.386977672576904,
      7.822045803070068,
      6.574660301208496,
      3.135430097579956,
      4.354659557342529,
      2.347583532333374,
      3.3060078620910645,
      5.8485212326049805,
      0.11776890605688095,
      5.000995635986328,
      -0.0019624929409474134
    ],
    [
      -0.0011487128213047981,
      -0.00211739051155746,
      0.00032201746944338083,
      -0.0027985665947198868,
      -0.0014591508079320192,
      -0.006049778312444687,
      0.0008870212477631867,
      -0.0035421226639300585,
      -0.005826244130730629,
      -0.006392245180904865,
      -0.0029113099444657564,
      -0.004418058320879936,
      -0.003249966073781252,
      -0.00321424612775445,
      -0.001735194236971438,
      -7.494990131817758e-05,
      -0.0019624929409474134,
      8.74762099556392e-06
    ]
  ],
  "covariance_short": [
    [
      30.10390853881836,
      6.718742847442627,
      28.848876953125,
      15.861124038696289,
      22.299013137817383,
      9.720107078552246,
      9.677940368652344,
      2.252981424331665,
      11.609430313110352,
      4.673643589019775,
      7.425021171569824,
      5.910365581512451,
      7.653295993804932,
      5.625461101531982,
      6.20651388168335,
      0.22468160092830658,
      4.218775272369385,
      -0.003257188480347395
    ],
    [
      6.718742847442627,
      6.426535606384277,
      8.381461143493652,
      9.168011665344238,
      7.124253273010254,
      6.6649651527404785,
      1.9017783403396606,
      3.5192887783050537,
      5.448095321655273,
      2.9939818382263184,
      2.7154793739318848,
      3.254171371459961,
      6.581942081451416,
      5.549406051635742,
      3.74041748046875,
      0.08463328331708908,
      2.4177403450012207,
      -0.001563086872920394
    ],
    [
      28.848876953125,
      8.381461143493652,
      84.67346954345703,
      39.72410583496094,
      47.59380340576172,
      23.57457160949707,
      26.5739803314209,
      6.330862045288086,
      13.130221366882324,
      4.449387550354004,
      13.580069541931152,
      4.048141002655029,
      3.840287923812866,
      2.076139450073242,
      10.438329696655273,
      0.34920433163642883,
      8.442323684692383,
      -0.0011280277976766229
    ],
    [
      15.861124038696289,
      9.168011665344238,
      39.72410583496094,
      47.25004577636719,
      31.511486053466797,
      26.246231079101562,
      13.456835746765137,
      11.786785125732422,
      18.181955337524414,
      11.446385383605957,
      13.528100967407227,
      13.361148834228516,
      8.695316314697266,
      6.787862777709961,
      7.629284858703613,
      0.38264212012290955,
      5.96171236038208,
      -0.0019134192261844873
    ],
    [
      22.299013137817383,
      7.124253273010254,
      47.59380340576172,
      31.511486053466797,
      66.80558776855469,
      31.27506446838379,
      25.970760345458984,
      16.576961517333984,
      14.901457786560059,
      4.637705326080322,
      14.909090042114258,
      17.209415435791016,
      5.249760150909424,
      -2.1449835300445557,
      8.31744384765625,
      0.3257717788219452,
      7.180255889892578,
      -0.002502919640392065
    ],
    [
      9.720107078552246,
      6.6649651527404785,
      23.57457160949707,
      26.246231079101562,
      31.27506446838379,
      41.541236877441406,
      9.190389633178711,
      14.05495834350586,
      19.77704620361328,
      9.463482856750488,
      6.5140862464904785,
      14.235187530517578,
      13.444772720336914,
      7.964727878570557,
      5.009331703186035,
      0.24176239967346191,
      4.130590915679932,
      -0.00031037861481308937
    ],
    [
      9.677940368652344,
      1.9017783403396606,
      26.5739803314209,
      13.456835746765137,
      25.970760345458984,
      9.190389633178711,
      23.40047836303711,
      9.736175537109375,
      -5.150076866149902,
      -9.138680458068848,
      9.257309913635254,
      3.0234375,
      -0.796940803527832,
      -8.237455368041992,
      3.3252499103546143,
      0.03431571647524834,
      2.409513473510742,
      -0.0031278852839022875
    ],
    [
      2.252981424331665,
      3.5192887783050537,
      6.330862045288086,
      11.786785125732422,
      16.576961517333984,
      14.05495834350586,
      9.736175537109375,
      21.04090118408203,
      -1.6300705671310425,
      -3.8110477924346924,
      6.076425552368164,
      13.434198379516602,
      4.266476631164551,
      0.436335027217865,
      8.514816284179688,
      0.09681914001703262,
      6.041201591491699,
      -0.005610919091850519
    ],
    [
      11.609430313110352,
      5.448095321655273,
      13.130221366882324,
      18.181955337524414,
      14.901457786560059,
      19.77704620361328,
      -5.150076866149902,
      -1.6300705671310425,
      61.60456085205078,
      37.50065612792969,
      3.230959415435791,
      5.765133857727051,
      17.704757690429688,
      16.482698440551758,
      6.9328718185424805,
      0.5203139781951904,
      5.8609185218811035,
      -0.007327602710574865
    ],
    [
      4.673643589019775,
      2.9939818382263184,
      4.449387550354004,
      11.446385383605957,
      4.637705326080322,
      9.463482856750488,
      -9.138680458068848,
      -3.8110477924346924,
      37.50065612792969,
      44.05672836303711,
      -3.3681392669677734,
      4.053468227386475,
      4.653784275054932,
      12.567021369934082,
      3.1854233741760254,
      0.4239553213119507,
      4.113690376281738,
      -0.004465422593057156
    ],
    [
      7.425021171569824,
      2.7154793739318848,
      13.580069541931152,
      13.528100967407227,
      14.909090042114258,
      6.5140862464904785,
      9.257309913635254,
      6.076425552368164,
      3.230959415435791,
      -3.3681392669677734,
      19.636980056762695,
      7.787691593170166,
      7.991337776184082,
      2.6465647220611572,
      4.6185431480407715,
      0.2597512900829315,
      2.4786462783813477,
      -0.0032600383274257183
    ],
    [
      5.910365581512451,
      3.254171371459961,
      4.048141002655029,
      13.361148834228516,
      17.209415435791016,
      14.235187530517578,
      3.0234375,
      13.434198379516602,
      5.765133857727051,
      4.053468227386475,
      7.787691593170166,
      32.552547454833984,
      8.596322059631348,
      7.5698723793029785,
      9.18297004699707,
      0.41649454832077026,
      6.5017290115356445,
      -0.005093382205814123
    ],
    [
      7.653295993804932,
      6.581942081451416,
      3.840287923812866,
      8.695316314697266,
      5.249760150909424,
      13.444772720336914,
      -0.796940803527832,
      4.266476631164551,
      17.704757690429688,
      4.653784275054932,
      7.991337776184082,
      8.596322059631348,
      28.675640106201172,
      15.747248649597168,
      4.965534687042236,
      0.18600736558437347,
      1.4825495481491089,
      -0.0029760636389255524
    ],
    [
      5.625461101531982,
      5.549406051635742,
      2.076139450073242,
      6.787862777709961,
      -2.1449835300445557,
      7.964727878570557,
      -8.237455368041992,
      0.436335027217865,
      16.482698440551758,
      12.567021369934082,
      2.6465647220611572,
      7.5698723793029785,
      15.747248649597168,
      22.646930694580078,
      5.802321434020996,
      0.2865908741950989,
      3.546208143234253,
      -0.0033791307359933853
    ],
    [
      6.20651388168335,
      3.74041748046875,
      10.438329696655273,
      7.629284858703613,
      8.31744384765625,
      5.009331703186035,
      3.3252499103546143,
      8.514816284179688,
      6.9328718185424805,
      3.1854233741760254,
      4.6185431480407715,
      9.18297004699707,
      4.965534687042236,
      5.802321434020996,
      13.481947898864746,
      0.15222470462322235,
      9.38749885559082,
      -0.007476255763322115
    ],
    [
      0.22468160092830658,
      0.08463328331708908,
      0.34920433163642883,
      0.38264212012290955,
      0.3257717788219452,
      0.24176239967346191,
      0.03431571647524834,
      0.09681914001703262,
      0.5203139781951904,
      0.4239553213119507,
      0.2597512900829315,
      0.41649454832077026,
      0.18600736558437347,
      0.2865908741950989,
      0.15222470462322235,
      0.020452862605452538,
      0.12201281636953354,
      -6.279154331423342e-05
    ],
    [
      4.218775272369385,
      2.4177403450012207,
      8.442323684692383,
      5.96171236038208,
      7.180255889892578,
      4.130590915679932,
      2.409513473510742,
      6.041201591491699,
      5.8609185218811035,
      4.113690376281738,
      2.4786462783813477,
      6.5017290115356445,
      1.4825495481491089,
      3.546208143234253,
      9.38749885559082,
      0.12201281636953354,
      7.383604049682617,
      -0.006023799534887075
    ],
    [
      -0.003257188480347395,
      -0.001563086872920394,
      -0.0011280277976766229,
      -0.0019134192261844873,
      -0.002502919640392065,
      -0.00031037861481308937,
      -0.0031278852839022875,
      -0.005610919091850519,
      -0.007327602710574865,
      -0.004465422593057156,
      -0.0032600383274257183,
      -0.005093382205814123,
      -0.0029760636389255524,
      -0.0033791307359933853,
      -0.007476255763322115,
      -6.279154331423342e-05,
      -0.006023799534887075,
      7.086079858709127e-05
    ]
  ],
  "damage": -8.680766105651855,
  "diff_bandwidth": 639.3673706054688,
  "dissonance": 4.962403842743125,
  "drr": 2.0942156314849854,
  "dynamics": 4.760295391082764,
  "format": 1245190,
  "frames": 424896,
  "loudness": -17.357194900512695,
  "loudness_range": 15.451974868774414,
  "loudness_range_short": 15.673479080200195,
  "lowpass_true_peak_15khz": -4.765772342681885,
  "mastering3_acoustic_entropies": [
    {
      "acoustic_entropy": 8.672891616821289,
      "acoustic_entropy_mono": 8.66318416595459,
      "band_eliminated_acoustic_entropies": [
        {
          "acoustic_entropy": 8.675948143005371,
          "acoustic_entropy_side": 8.672890663146973,
          "hz": 129.47220167065723
        },
        {
          "acoustic_entropy": 8.530036926269531,
          "acoustic_entropy_side": 8.67294979095459,
          "hz": 202.92927478742237
        },
        {
          "acoustic_entropy": 9.10045051574707,
          "acoustic_entropy_side": 8.643304824829102,
          "hz": 282.89161906338205
        },
        {
          "acoustic_entropy": 8.6967134475708,
          "acoustic_entropy_side": 8.648801803588867,
          "hz": 369.9353335868758
        },
        {
          "acoustic_entropy": 8.162088394165039,
          "acoustic_entropy_side": 8.693696975708008,
          "hz": 464.6875360973435
        },
        {
          "acoustic_entropy": 9.066819190979004,
          "acoustic_entropy_side": 8.671152114868164,
          "hz": 567.8308811364784
        },
        {
          "acoustic_entropy": 8.355104446411133,
          "acoustic_entropy_side": 8.673041343688965,
          "hz": 680.1084783214808
        },
        {
          "acoustic_entropy": 8.64970874786377,
          "acoustic_entropy_side": 8.672870635986328,
          "hz": 802.3292461747484
        },
        {
          "acoustic_entropy": 8.614745140075684,
          "acoustic_entropy_side": 8.672896385192871,
          "hz": 935.3737400823702
        },
        {
          "acoustic_entropy": 8.992908477783203,
          "acoustic_entropy_side": 8.672906875610352,
          "hz": 1080.2004963696966
        },
        {
          "acoustic_entropy": 8.68338680267334,
          "acoustic_entropy_side": 8.672881126403809,
          "hz": 1237.8529382007157
        },
        {
          "acoustic_entropy": 8.826523780822754,
          "acoustic_entropy_side": 8.672965049743652,
          "hz": 1409.4668930556702
        },
        {
          "acoustic_entropy": 8.547969818115234,
          "acoustic_entropy_side": 8.66037654876709,
          "hz": 1596.2787759475705
        },
        {
          "acoustic_entropy": 7.870124340057373,
          "acoustic_entropy_side": 8.678028106689453,
          "hz": 1799.6344973346393
        },
        {
          "acoustic_entropy": 8.583134651184082,
          "acoustic_entropy_side": 8.701958656311035,
          "hz": 2020.9991599069049
        },
        {
          "acoustic_entropy": 8.83804988861084,
          "acoustic_entropy_side": 8.673995018005371,
          "hz": 2261.9676141086993
        },
        {
          "acoustic_entropy": 8.637983322143555,
          "acoustic_entropy_side": 8.672743797302246,
          "hz": 2524.2759484456974
        },
        {
          "acoustic_entropy": 8.883576393127441,
          "acoustic_entropy_side": 8.661277770996094,
          "hz": 2809.813997359896
        },
        {
          "acoustic_entropy": 8.602104187011719,
          "acoustic_entropy_side": 8.672911643981934,
          "hz": 3120.6389567871424
        },
        {
          "acoustic_entropy": 8.50425910949707,
          "acoustic_entropy_side": 8.672900199890137,
          "hz": 3458.990205492291
        },
        {
          "acoustic_entropy": 8.460685729980469,
          "acoustic_entropy_side": 8.672904968261719,
          "hz": 3827.305438964164
        },
        {
          "acoustic_entropy": 9.752857208251953,
          "acoustic_entropy_side": 8.672917366027832,
          "hz": 4228.238232109126
        },
        {
          "acoustic_entropy": 9.0543212890625,
          "acoustic_entropy_side": 8.672889709472656,
          "hz": 4664.6771572759235
        },
        {
          "acoustic_entropy": 8.9205961227417,
          "acoustic_entropy_side": 8.672883987426758,
          "hz": 5139.766595350093
        },
        {
          "acoustic_entropy": 8.986937522888184,
          "acoustic_entropy_side": 8.672891616821289,
          "hz": 5656.929389854203
        },
        {
          "acoustic_entropy": 8.715194702148438,
          "acoustic_entropy_side": 8.672891616821289,
          "hz": 6219.891507268283
        },
        {
          "acoustic_entropy": 8.659997940063477,
          "acoustic_entropy_side": 8.672891616821289,
          "hz": 6832.70888123896
        },
        {
          "acoustic_entropy": 8.669986724853516,
          "acoustic_entropy_side": 8.672891616821289,
          "hz": 7499.796634079867
        },
        {
          "acoustic_entropy": 8.672619819641113,
          "acoustic_entropy_side": 8.672891616821289,
          "hz": 8225.96088609342
        },
        {
          "acoustic_entropy": 8.672566413879395,
          "acoustic_entropy_side": 8.672891616821289,
          "hz": 9016.43338188839
        },
        {
          "acoustic_entropy": 8.672579765319824,
          "acoustic_entropy_side": 8.672891616821289,
          "hz": 9876.909183162974
        },
        {
          "acoustic_entropy": 8.672784805297852,
          "acoustic_entropy_side": 8.672891616821289,
          "hz": 10813.587699516042
        },
        {
          "acoustic_entropy": 8.672835350036621,
          "acoustic_entropy_side": 8.672891616821289,
          "hz": 11833.21735289826
        },
        {
          "acoustic_entropy": 8.67286491394043,
          "acoustic_entropy_side": 8.672891616821289,
          "hz": 12943.144197493959
        },
        {
          "acoustic_entropy": 8.672882080078125,
          "acoustic_entropy_side": 8.672891616821289,
          "hz": 14151.364845322005
        },
        {
          "acoustic_entropy": 8.672887802124023,
          "acoustic_entropy_side": 8.672891616821289,
          "hz": 15466.58407886509
        },
        {
          "acoustic_entropy": 8.672890663146973,
          "acoustic_entropy_side": 8.672891616821289,
          "hz": 16898.27756580493
        },
        {
          "acoustic_entropy": 8.672891616821289,
          "acoustic_entropy_side": 8.672891616821289,
          "hz": 18456.760127700032
        },
        {
          "acoustic_entropy": 8.672891616821289,
          "acoustic_entropy_side": 8.672891616821289,
          "hz": 20153.260054456492
        },
        {
          "acoustic_entropy": 8.672891616821289,
          "acoustic_entropy_side": 8.672891616821289,
          "hz": 22000.00000000001
        }
      ],
      "diff_acoustic_entropy": 6.520844459533691,
      "sn": 6
    },
    {
      "acoustic_entropy": 12.237235069274902,
      "acoustic_entropy_mono": 12.354074478149414,
      "band_eliminated_acoustic_entropies": [
        {
          "acoustic_entropy": 12.22383975982666,
          "acoustic_entropy_side": 12.237235069274902,
          "hz": 129.47220167065723
        },
        {
          "acoustic_entropy": 11.870233535766602,
          "acoustic_entropy_side": 12.237753868103027,
          "hz": 202.92927478742237
        },
        {
          "acoustic_entropy": 13.126649856567383,
          "acoustic_entropy_side": 12.124979019165039,
          "hz": 282.89161906338205
        },
        {
          "acoustic_entropy": 11.856461524963379,
          "acoustic_entropy_side": 12.24418830871582,
          "hz": 369.9353335868758
        },
        {
          "acoustic_entropy": 12.36497688293457,
          "acoustic_entropy_side": 12.1570405960083,
          "hz": 464.6875360973435
        },
        {
          "acoustic_entropy": 12.493123054504395,
          "acoustic_entropy_side": 12.206488609313965,
          "hz": 567.8308811364784
        },
        {
          "acoustic_entropy": 12.225606918334961,
          "acoustic_entropy_side": 12.24152660369873,
          "hz": 680.1084783214808
        },
        {
          "acoustic_entropy": 12.218794822692871,
          "acoustic_entropy_side": 12.237189292907715,
          "hz": 802.3292461747484
        },
        {
          "acoustic_entropy": 12.050047874450684,
          "acoustic_entropy_side": 12.237151145935059,
          "hz": 935.3737400823702
        },
        {
          "acoustic_entropy": 12.05926513671875,
          "acoustic_entropy_side": 12.236959457397461,
          "hz": 1080.2004963696966
        },
        {
          "acoustic_entropy": 12.099666595458984,
          "acoustic_entropy_side": 12.237258911132812,
          "hz": 1237.8529382007157
        },
        {
          "acoustic_entropy": 12.226365089416504,
          "acoustic_entropy_side": 12.237324714660645,
          "hz": 1409.4668930556702
        },
        {
          "acoustic_entropy": 12.545804977416992,
          "acoustic_entropy_side": 12.253424644470215,
          "hz": 1596.2787759475705
        },
        {
          "acoustic_entropy": 11.856318473815918,
          "acoustic_entropy_side": 12.285435676574707,
          "hz": 1799.6344973346393
        },
        {
          "acoustic_entropy": 12.670321464538574,
          "acoustic_entropy_side": 12.311984062194824,
          "hz": 2020.9991599069049
        },
        {
          "acoustic_entropy": 12.029150009155273,
          "acoustic_entropy_side": 12.235664367675781,
          "hz": 2261.9676141086993
        },
        {
          "acoustic_entropy": 12.401545524597168,
          "acoustic_entropy_side": 12.232041358947754,
          "hz": 2524.2759484456974
        },
        {
          "acoustic_entropy": 12.384102821350098,
          "acoustic_entropy_side": 12.197615623474121,
          "hz": 2809.813997359896
        },
        {
          "acoustic_entropy": 12.427294731140137,
          "acoustic_entropy_side": 12.236376762390137,
          "hz": 3120.6389567871424
        },
        {
          "acoustic_entropy": 12.577326774597168,
          "acoustic_entropy_side": 12.237358093261719,
          "hz": 3458.990205492291
        },
        {
          "acoustic_entropy": 12.135599136352539,
          "acoustic_entropy_side": 12.23727798461914,
          "hz": 3827.305438964164
        },
        {
          "acoustic_entropy": 12.956838607788086,
          "acoustic_entropy_side": 12.237754821777344,
          "hz": 4228.238232109126
        },
        {
          "acoustic_entropy": 12.449990272521973,
          "acoustic_entropy_side": 12.237604141235352,
          "hz": 4664.6771572759235
        },
        {
          "acoustic_entropy": 12.569930076599121,
          "acoustic_entropy_side": 12.237876892089844,
          "hz": 5139.766595350093
        },
        {
          "acoustic_entropy": 12.503284454345703,
          "acoustic_entropy_side": 12.237303733825684,
          "hz": 5656.929389854203
        },
        {
          "acoustic_entropy": 12.531242370605469,
          "acoustic_entropy_side": 12.237235069274902,
          "hz": 6219.891507268283
        },
        {
          "acoustic_entropy": 12.329983711242676,
          "acoustic_entropy_side": 12.237235069274902,
          "hz": 6832.70888123896
        },
        {
          "acoustic_entropy": 12.236124038696289,
          "acoustic_entropy_side": 12.237235069274902,
          "hz": 7499.796634079867
        },
        {
          "acoustic_entropy": 12.23847484588623,
          "acoustic_entropy_side": 12.237235069274902,
          "hz": 8225.96088609342
        },
        {
          "acoustic_entropy": 12.240575790405273,
          "acoustic_entropy_side": 12.237235069274902,
          "hz": 9016.43338188839
        },
        {
          "acoustic_entropy": 12.239764213562012,
          "acoustic_entropy_side": 12.237235069274902,
          "hz": 9876.909183162974
        },
        {
          "acoustic_entropy": 12.238276481628418,
          "acoustic_entropy_side": 12.237235069274902,
          "hz": 10813.587699516042
        },
        {
          "acoustic_entropy": 12.237674713134766,
          "acoustic_entropy_side": 12.237235069274902,
          "hz": 11833.21735289826
        },
        {
          "acoustic_entropy": 12.237475395202637,
          "acoustic_entropy_side": 12.237235069274902,
          "hz": 12943.144197493959
        },
        {
          "acoustic_entropy": 12.237348556518555,
          "acoustic_entropy_side": 12.237235069274902,
          "hz": 14151.364845322005
        },
        {
          "acoustic_entropy": 12.237281799316406,
          "acoustic_entropy_side": 12.237235069274902,
          "hz": 15466.58407886509
        },
        {
          "acoustic_entropy": 12.237249374389648,
          "acoustic_entropy_side": 12.237235069274902,
          "hz": 16898.27756580493
        },
        {
          "acoustic_entropy": 12.237238883972168,
          "acoustic_entropy_side": 12.237235069274902,
          "hz": 18456.760127700032
        },
        {
          "acoustic_entropy": 12.237236022949219,
          "acoustic_entropy_side": 12.237235069274902,
          "hz": 20153.260054456492
        },
        {
          "acoustic_entropy": 12.237235069274902,
          "acoustic_entropy_side": 12.237235069274902,
          "hz": 22000.00000000001
        }
      ],
      "diff_acoustic_entropy": 9.445342063903809,
      "sn": 12
    },
    {
      "acoustic_entropy": 16.741695404052734,
      "acoustic_entropy_mono": 15.981720924377441,
      "band_eliminated_acoustic_entropies": [
        {
          "acoustic_entropy": 16.90422821044922,
          "acoustic_entropy_side": 16.741737365722656,
          "hz": 129.47220167065723
        },
        {
          "acoustic_entropy": 16.935911178588867,
          "acoustic_entropy_side": 16.761638641357422,
          "hz": 202.92927478742237
        },
        {
          "acoustic_entropy": 16.20071792602539,
          "acoustic_entropy_side": 16.475433349609375,
          "hz": 282.89161906338205
        },
        {
          "acoustic_entropy": 17.091190338134766,
          "acoustic_entropy_side": 17.644296646118164,
          "hz": 369.9353335868758
        },
        {
          "acoustic_entropy": 16.599639892578125,
          "acoustic_entropy_side": 17.030540466308594,
          "hz": 464.6875360973435
        },
        {
          "acoustic_entropy": 16.916467666625977,
          "acoustic_entropy_side": 16.79172706604004,
          "hz": 567.8308811364784
        },
        {
          "acoustic_entropy": 17.172475814819336,
          "acoustic_entropy_side": 17.10963249206543,
          "hz": 680.1084783214808
        },
        {
          "acoustic_entropy": 16.792131423950195,
          "acoustic_entropy_side": 16.753368377685547,
          "hz": 802.3292461747484
        },
        {
          "acoustic_entropy": 17.143779754638672,
          "acoustic_entropy_side": 16.722341537475586,
          "hz": 935.3737400823702
        },
        {
          "acoustic_entropy": 17.20005989074707,
          "acoustic_entropy_side": 16.700645446777344,
          "hz": 1080.2004963696966
        },
        {
          "acoustic_entropy": 17.064525604248047,
          "acoustic_entropy_side": 16.733516693115234,
          "hz": 1237.8529382007157
        },
        {
          "acoustic_entropy": 16.746917724609375,
          "acoustic_entropy_side": 16.72222137451172,
          "hz": 1409.4668930556702
        },
        {
          "acoustic_entropy": 16.889991760253906,
          "acoustic_entropy_side": 16.990131378173828,
          "hz": 1596.2787759475705
        },
        {
          "acoustic_entropy": 15.790925025939941,
          "acoustic_entropy_side": 17.556270599365234,
          "hz": 1799.6344973346393
        },
        {
          "acoustic_entropy": 16.63529396057129,
          "acoustic_entropy_side": 17.13888931274414,
          "hz": 2020.9991599069049
        },
        {
          "acoustic_entropy": 17.538206100463867,
          "acoustic_entropy_side": 16.93125343322754,
          "hz": 2261.9676141086993
        },
        {
          "acoustic_entropy": 16.836532592773438,
          "acoustic_entropy_side": 16.73639678955078,
