{
  "acoustic_entropy": 244.8840789794922,
  "bands": [
    {
      "high_freq": 148.1999969482422,
      "loudness": -38.30731964111328,
      "loudness_range": 16.696800231933594,
      "mid_mean": -38.57615280151367,
      "mid_to_side_loudness": 0.7252690196037292,
      "mid_to_side_loudness_range": 12.571459770202637,
      "side_mean": -37.92289352416992
    },
    {
      "high_freq": 392.3793640136719,
      "loudness": -27.60391616821289,
      "loudness_range": 11.511083602905273,
      "low_freq": 148.1999969482422,
      "mid_mean": -26.319137573242188,
      "mid_to_side_loudness": -2.0547029972076416,
      "mid_to_side_loudness_range": 10.61729621887207,
      "side_mean": -28.51010513305664
    },
    {
      "high_freq": 794.6976318359375,
      "loudness": -26.191465377807617,
      "loudness_range": 9.797460556030273,
      "low_freq": 392.3793640136719,
      "mid_mean": -24.864355087280273,
      "mid_to_side_loudness": -1.7748408317565918,
      "mid_to_side_loudness_range": 8.832592964172363,
      "side_mean": -26.85308265686035
    },
    {
      "high_freq": 1457.5709228515625,
      "loudness": -29.195316314697266,
      "loudness_range": 16.624357223510742,
      "low_freq": 794.6976318359375,
      "mid_mean": -27.612564086914062,
      "mid_to_side_loudness": -2.403312921524048,
      "mid_to_side_loudness_range": 6.847153663635254,
      "side_mean": -30.089698791503906
    },
    {
      "high_freq": 2549.74365234375,
      "loudness": -28.037710189819336,
      "loudness_range": 12.288524627685547,
      "low_freq": 1457.5709228515625,
      "mid_mean": -26.42862892150879,
      "mid_to_side_loudness": -2.894216299057007,
      "mid_to_side_loudness_range": 6.556028366088867,
      "side_mean": -29.1525936126709
    },
    {
      "high_freq": 4349.24462890625,
      "loudness": -31.458580017089844,
      "loudness_range": 15.429868698120117,
      "low_freq": 2549.74365234375,
      "mid_mean": -30.16580581665039,
      "mid_to_side_loudness": -1.593857765197754,
      "mid_to_side_loudness_range": 4.556639671325684,
      "side_mean": -31.66976547241211
    },
    {
      "high_freq": 7314.1640625,
      "loudness": -40.670799255371094,
      "loudness_range": 17.234914779663086,
      "low_freq": 4349.24462890625,
      "mid_mean": -39.33385467529297,
      "mid_to_side_loudness": -2.08638072013855,
      "mid_to_side_loudness_range": 5.443665504455566,
      "side_mean": -41.36019515991211
    },
    {
      "high_freq": 12199.2666015625,
      "loudness": -50.45244216918945,
      "loudness_range": 22.25274658203125,
      "low_freq": 7314.1640625,
      "mid_mean": -50.0566520690918,
      "mid_to_side_loudness": -1.8798967599868774,
      "mid_to_side_loudness_range": 5.663665294647217,
      "side_mean": -52.0186882019043
    },
    {
      "loudness": -58.29426956176758,
      "loudness_range": 24.586017608642578,
      "low_freq": 12199.2666015625,
      "mid_mean": -56.79829406738281,
      "mid_to_side_loudness": -2.648848533630371,
      "mid_to_side_loudness_range": 6.772586345672607,
      "side_mean": -58.95036315917969
    }
  ],
  "bands_short": [
    {
      "high_freq": 148.1999969482422,
      "loudness": -49.589759826660156,
      "loudness_range": 31.587120056152344,
      "mid_mean": -50.557071685791016,
      "mid_to_side_loudness": 0.07307694852352142,
      "mid_to_side_loudness_range": 15.827619552612305,
      "side_mean": -50.56086349487305
    },
    {
      "high_freq": 392.3793640136719,
      "loudness": -27.63529396057129,
      "loudness_range": 11.977123260498047,
      "low_freq": 148.1999969482422,
      "mid_mean": -26.46875,
      "mid_to_side_loudness": -1.917726755142212,
      "mid_to_side_loudness_range": 12.061155319213867,
      "side_mean": -28.5635929107666
    },
    {
      "high_freq": 794.6976318359375,
      "loudness": -27.090524673461914,
      "loudness_range": 11.077325820922852,
      "low_freq": 392.3793640136719,
      "mid_mean": -26.054588317871094,
      "mid_to_side_loudness": -1.3942886590957642,
      "mid_to_side_loudness_range": 11.330129623413086,
      "side_mean": -27.618803024291992
    },
    {
      "high_freq": 1457.5709228515625,
      "loudness": -28.165250778198242,
      "loudness_range": 15.146520614624023,
      "low_freq": 794.6976318359375,
      "mid_mean": -26.729665756225586,
      "mid_to_side_loudness": -2.709258556365967,
      "mid_to_side_loudness_range": 11.467755317687988,
      "side_mean": -29.538040161132812
    },
    {
      "high_freq": 2549.74365234375,
      "loudness": -28.295867919921875,
      "loudness_range": 13.029106140136719,
      "low_freq": 1457.5709228515625,
      "mid_mean": -26.80048179626465,
      "mid_to_side_loudness": -2.80643892288208,
      "mid_to_side_loudness_range": 9.288278579711914,
      "side_mean": -29.52311134338379
    },
    {
      "high_freq": 4349.24462890625,
      "loudness": -31.672143936157227,
      "loudness_range": 16.180376052856445,
      "low_freq": 2549.74365234375,
      "mid_mean": -30.503259658813477,
      "mid_to_side_loudness": -1.46286940574646,
      "mid_to_side_loudness_range": 6.986041069030762,
      "side_mean": -31.9704532623291
    },
    {
      "high_freq": 7314.1640625,
      "loudness": -41.034915924072266,
      "loudness_range": 18.422731399536133,
      "low_freq": 4349.24462890625,
      "mid_mean": -39.8140983581543,
      "mid_to_side_loudness": -1.7153147459030151,
      "mid_to_side_loudness_range": 6.444308757781982,
      "side_mean": -41.59295654296875
    },
    {
      "high_freq": 12199.2666015625,
      "loudness": -50.68738555908203,
      "loudness_range": 22.90050506591797,
      "low_freq": 7314.1640625,
      "mid_mean": -50.35321044921875,
      "mid_to_side_loudness": -1.9297399520874023,
      "mid_to_side_loudness_range": 5.8990960121154785,
      "side_mean": -52.17853927612305
    },
    {
      "loudness": -58.50385284423828,
      "loudness_range": 24.95602035522461,
      "low_freq": 12199.2666015625,
      "mid_mean": -56.966766357421875,
      "mid_to_side_loudness": -2.6375155448913574,
      "mid_to_side_loudness_range": 7.1717610359191895,
      "side_mean": -59.12140655517578
    }
  ],
  "bandwidth": 841.3245849609375,
  "channels": 2,
  "covariance": [
    [
      51.14419937133789,
      36.45351028442383,
      17.694894790649414,
      18.205535888671875,
      13.20263671875,
      12.189550399780273,
      17.951955795288086,
      17.634180068969727,
      15.617144584655762,
      16.90546226501465,
      19.87309455871582,
      20.07284164428711,
      16.772415161132812,
      19.102039337158203,
      22.281633377075195,
      22.22049903869629,
      19.46891975402832,
      16.22087287902832
    ],
    [
      36.45351028442383,
      44.04489517211914,
      14.795458793640137,
      17.7377872467041,
      12.386808395385742,
      13.669669151306152,
      16.232378005981445,
      15.661569595336914,
      14.253156661987305,
      14.824897766113281,
      18.361047744750977,
      19.407575607299805,
      14.517723083496094,
      17.187149047851562,
      18.236413955688477,
      18.94691276550293,
      15.890217781066895,
      13.689456939697266
    ],
    [
      17.694894790649414,
      14.795458793640137,
      23.789438247680664,
      15.844316482543945,
      10.332809448242188,
      10.34058952331543,
      13.333524703979492,
      13.238384246826172,
      13.497102737426758,
      13.980408668518066,
      17.078338623046875,
      18.44529914855957,
      13.06379222869873,
      15.206147193908691,
      10.89346981048584,
      13.232272148132324,
      7.206782341003418,
      8.060822486877441
    ],
    [
      18.205535888671875,
      17.7377872467041,
      15.844316482543945,
      22.577489852905273,
      10.464347839355469,
      13.230697631835938,
      12.752584457397461,
      14.239300727844238,
      13.234339714050293,
      15.156834602355957,
      17.082801818847656,
      19.44476890563965,
      9.87887191772461,
      13.344932556152344,
      7.070283889770508,
      10.26198673248291,
      2.640026807785034,
      4.329763412475586
    ],
    [
      13.20263671875,
      12.386808395385742,
      10.332809448242188,
      10.464347839355469,
      16.074968338012695,
      12.094953536987305,
      7.903954029083252,
      8.195054054260254,
      9.926376342773438,
      9.62520694732666,
      10.353266716003418,
      10.929214477539062,
      6.755720138549805,
      7.664783954620361,
      6.300934791564941,
      6.621723651885986,
      3.377383232116699,
      2.486698627471924
    ],
    [
      12.189550399780273,
      13.669669151306152,
      10.34058952331543,
      13.230697631835938,
      12.094953536987305,
      20.02372932434082,
      7.766279220581055,
      10.720064163208008,
      10.081003189086914,
      11.720967292785645,
      12.598018646240234,
      14.839986801147461,
      3.338743209838867,
      6.814975261688232,
      1.6350576877593994,
      4.193024158477783,
      -2.486405849456787,
      -1.2223092317581177
    ],
    [
      17.951955795288086,
      16.232378005981445,
      13.333524703979492,
      12.752584457397461,
      7.903954029083252,
      7.766279220581055,
      32.4290771484375,
      26.352331161499023,
      19.25198745727539,
      21.6495304107666,
      25.956546783447266,
      26.495967864990234,
      26.46595001220703,
      27.90289878845215,
      25.7287654876709,
      28.940706253051758,
      20.485984802246094,
      22.490392684936523
    ],
    [
      17.634180068969727,
      15.661569595336914,
      13.238384246826172,
      14.239300727844238,
      8.195054054260254,
      10.720064163208008,
      26.352331161499023,
      28.691251754760742,
      18.46446418762207,
      23.218708038330078,
      24.70854377746582,
      27.51323127746582,
      22.32142448425293,
      26.297191619873047,
      21.897457122802734,
      27.011728286743164,
      16.681503295898438,
      20.026891708374023
    ],
    [
      15.617144584655762,
      14.253156661987305,
      13.497102737426758,
      13.234339714050293,
      9.926376342773438,
      10.081003189086914,
      19.25198745727539,
      18.46446418762207,
      22.333694458007812,
      19.792301177978516,
      22.53960609436035,
      23.535137176513672,
      17.462726593017578,
      19.061471939086914,
      12.631900787353516,
      15.730175971984863,
      7.676299095153809,
      9.71761703491211
    ],
    [
      16.90546226501465,
      14.824897766113281,
      13.980408668518066,
      15.156834602355957,
      9.62520694732666,
      11.720967292785645,
      21.6495304107666,
      23.218708038330078,
      19.792301177978516,
      27.769216537475586,
      24.52186393737793,
      27.54374122619629,
      18.772689819335938,
      23.517566680908203,
      16.595691680908203,
      22.101192474365234,
      11.748372077941895,
      15.149210929870605
    ],
    [
      19.87309455871582,
      18.361047744750977,
      17.078338623046875,
      17.082801818847656,
      10.353266716003418,
      12.598018646240234,
      25.956546783447266,
      24.70854377746582,
      22.53960609436035,
      24.52186393737793,
      31.864004135131836,
      32.951297760009766,
      23.31069564819336,
      26.908037185668945,
      17.03003692626953,
      22.044967651367188,
      10.144978523254395,
      13.607855796813965
    ],
    [
      20.07284164428711,
      19.407575607299805,
      18.44529914855957,
      19.44476890563965,
      10.929214477539062,
      14.839986801147461,
      26.495967864990234,
      27.51323127746582,
      23.535137176513672,
      27.54374122619629,
      32.951297760009766,
      38.44239807128906,
      22.23213768005371,
      28.715593338012695,
      14.432066917419434,
      22.131284713745117,
      7.028529644012451,
      12.572047233581543
    ],
    [
      16.772415161132812,
      14.517723083496094,
      13.06379222869873,
      9.87887191772461,
      6.755720138549805,
      3.338743209838867,
      26.46595001220703,
      22.32142448425293,
      17.462726593017578,
      18.772689819335938,
      23.31069564819336,
      22.23213768005371,
      41.586910247802734,
      38.18693542480469,
      43.32398223876953,
      42.82796859741211,
      39.36891174316406,
      39.36147689819336
    ],
    [
      19.102039337158203,
      17.187149047851562,
      15.206147193908691,
      13.344932556152344,
      7.664783954620361,
      6.814975261688232,
      27.90289878845215,
      26.297191619873047,
      19.061471939086914,
      23.517566680908203,
      26.908037185668945,
      28.715593338012695,
      38.18693542480469,
      42.43439483642578,
      39.550132751464844,
      44.10069274902344,
      35.92533874511719,
      38.902000427246094
    ],
    [
      22.281633377075195,
      18.236413955688477,
      10.89346981048584,
      7.070283889770508,
      6.300934791564941,
      1.6350576877593994,
      25.7287654876709,
      21.897457122802734,
      12.631900787353516,
      16.595691680908203,
      17.03003692626953,
      14.432066917419434,
      43.32398223876953,
      39.550132751464844,
      84.47657775878906,
      79.04447937011719,
      77.69669342041016,
      70.75161743164062
    ],
    [
      22.22049903869629,
      18.94691276550293,
      13.232272148132324,
      10.26198673248291,
      6.621723651885986,
      4.193024158477783,
      28.940706253051758,
      27.011728286743164,
      15.730175971984863,
      22.101192474365234,
      22.044967651367188,
      22.131284713745117,
      42.82796859741211,
      44.10069274902344,
      79.04447937011719,
      79.30361938476562,
      72.3509750366211,
      69.89794158935547
    ],
    [
      19.46891975402832,
      15.890217781066895,
      7.206782341003418,
      2.640026807785034,
      3.377383232116699,
      -2.486405849456787,
      20.485984802246094,
      16.681503295898438,
      7.676299095153809,
      11.748372077941895,
      10.144978523254395,
      7.028529644012451,
      39.36891174316406,
      35.92533874511719,
      77.69669342041016,
      72.3509750366211,
      78.3371810913086,
      70.50763702392578
    ],
    [
      16.22087287902832,
      13.689456939697266,
      8.060822486877441,
      4.329763412475586,
      2.486698627471924,
      -1.2223092317581177,
      22.490392684936523,
      20.026891708374023,
      9.71761703491211,
      15.149210929870605,
      13.607855796813965,
      12.572047233581543,
      39.36147689819336,
      38.902000427246094,
      70.75161743164062,
      69.89794158935547,
      70.50763702392578,
      68.09689331054688
    ]
  ],
  "covariance_short": [
    [
      131.4221954345703,
      114.67703247070312,
      28.940061569213867,
      21.422283172607422,
      16.3436279296875,
      13.17362117767334,
      26.31877326965332,
      18.79691505432129,
      22.76433563232422,
      19.65985679626465,
      26.50615119934082,
      25.511600494384766,
      24.20555877685547,
      24.207462310791016,
      42.52317810058594,
      38.41345977783203,
      33.504215240478516,
      26.270160675048828
    ],
    [
      114.67703247070312,
      124.27970123291016,
      25.23829460144043,
      21.614795684814453,
      15.9442720413208,
      13.834176063537598,
      23.7120418548584,
      16.840669631958008,
      20.69563865661621,
      18.811038970947266,
      24.53687858581543,
      24.389440536499023,
      22.435474395751953,
      23.811370849609375,
      41.142860412597656,
      38.20417404174805,
      32.71553039550781,
      26.83087730407715
    ],
    [
      28.940061569213867,
      25.23829460144043,
      25.8094425201416,
      15.25113296508789,
      9.738981246948242,
      8.273629188537598,
      13.978431701660156,
      13.092756271362305,
      12.632989883422852,
      13.014839172363281,
      16.725725173950195,
      17.59278106689453,
      13.449945449829102,
      14.36095905303955,
      11.696873664855957,
      12.847147941589355,
      8.148225784301758,
      7.822664737701416
    ],
    [
      21.422283172607422,
      21.614795684814453,
      15.25113296508789,
      23.18025016784668,
      10.20866584777832,
      11.160483360290527,
      13.517766952514648,
      14.832235336303711,
      12.285460472106934,
      14.043184280395508,
      16.92755126953125,
      18.54925537109375,
      10.8912353515625,
      13.239617347717285,
      8.475812911987305,
      10.493523597717285,
      3.992560863494873,
      4.808122158050537
    ],
    [
      16.3436279296875,
      15.9442720413208,
      9.738981246948242,
      10.20866584777832,
      20.7492733001709,
      13.976851463317871,
      8.82891845703125,
      9.921212196350098,
      11.683348655700684,
      11.509032249450684,
      12.210546493530273,
      13.305459976196289,
      7.557097434997559,
      7.759405136108398,
      5.382428169250488,
      6.396385192871094,
      1.6920959949493408,
      1.7111743688583374
    ],
    [
      13.17362117767334,
      13.834176063537598,
      8.273629188537598,
      11.160483360290527,
      13.976851463317871,
      23.67957878112793,
      6.205305099487305,
      10.496528625488281,
      10.646699905395508,
      13.414285659790039,
      12.821950912475586,
      14.850790977478027,
      5.446636199951172,
      7.558101654052734,
      4.784796714782715,
      6.890270233154297,
      1.0572247505187988,
      1.6359648704528809
    ],
    [
      26.31877326965332,
      23.7120418548584,
      13.978431701660156,
      13.517766952514648,
      8.82891845703125,
      6.205305099487305,
      32.616207122802734,
      22.06148338317871,
      17.550992965698242,
      17.152973175048828,
      23.229888916015625,
      22.49785614013672,
      26.45284652709961,
      26.4720401763916,
      25.24114227294922,
      25.804000854492188,
      20.436687469482422,
      20.423768997192383
    ],
    [
      18.79691505432129,
      16.840669631958008,
      13.092756271362305,
      14.832235336303711,
      9.921212196350098,
      10.496528625488281,
      22.06148338317871,
      29.682615280151367,
      16.713672637939453,
      19.59756088256836,
      23.07539939880371,
      25.11614227294922,
      20.78347396850586,
      23.985347747802734,
      18.43341827392578,
      21.998191833496094,
      12.580513000488281,
      15.598865509033203
    ],
    [
      22.76433563232422,
      20.69563865661621,
      12.632989883422852,
      12.285460472106934,
      11.683348655700684,
      10.646699905395508,
      17.550992965698242,
      16.713672637939453,
      25.612712860107422,
      20.58771514892578,
      23.04792022705078,
      23.27432632446289,
      19.444866180419922,
      19.402803421020508,
      14.58850383758545,
      16.337968826293945,
      9.458428382873535,
      10.587541580200195
    ],
    [
      19.65985679626465,
      18.811038970947266,
      13.014839172363281,
      14.043184280395508,
      11.509032249450684,
      13.414285659790039,
      17.152973175048828,
      19.59756088256836,
      20.58771514892578,
      29.950037002563477,
      24.52860450744629,
      27.560102462768555,
      19.945697784423828,
      23.486652374267578,
      17.48504066467285,
      21.83013916015625,
      11.949485778808594,
      15.048103332519531
    ],
    [
      26.50615119934082,
      24.53687858581543,
      16.725725173950195,
      16.92755126953125,
      12.210546493530273,
      12.821950912475586,
      23.229888916015625,
      23.07539939880371,
      23.04792022705078,
      24.52860450744629,
      35.12489700317383,
      34.204139709472656,
      25.649620056152344,
      27.569246292114258,
      18.605005264282227,
      22.43317985534668,
      11.157233238220215,
      14.07870101928711
    ],
    [
      25.511600494384766,
      24.389440536499023,
      17.59278106689453,
      18.54925537109375,
      13.305459976196289,
      14.850790977478027,
      22.49785614013672,
      25.11614227294922,
      23.27432632446289,
      27.560102462768555,
      34.204139709472656,
      40.8202018737793,
      23.870820999145508,
      29.272916793823242,
      15.585363388061523,
      22.217222213745117,
      7.696874618530273,
      12.762974739074707
    ],
    [
      24.20555877685547,
      22.435474395751953,
      13.449945449829102,
      10.8912353515625,
      7.557097434997559,
      5.446636199951172,
      26.45284652709961,
      20.78347396850586,
      19.444866180419922,
      19.945697784423828,
      25.649620056152344,
      23.870820999145508,
      45.016258239746094,
      39.55299758911133,
      45.22365188598633,
      44.13482666015625,
      40.44148254394531,
      40.00312042236328
    ],
    [
      24.207462310791016,
      23.811370849609375,
      14.36095905303955,
      13.239617347717285,
      7.759405136108398,
      7.558101654052734,
      26.4720401763916,
      23.985347747802734,
      19.402803421020508,
      23.486652374267578,
      27.569246292114258,
      29.272916793823242,
      39.55299758911133,
      44.09139633178711,
      39.81291198730469,
      43.740806579589844,
      35.306060791015625,
      38.22530746459961
    ],
    [
      42.52317810058594,
      41.142860412597656,
      11.696873664855957,
      8.475812911987305,
      5.382428169250488,
      4.784796714782715,
      25.24114227294922,
      18.43341827392578,
      14.58850383758545,
      17.48504066467285,
      18.605005264282227,
      15.585363388061523,
      45.22365188598633,
      39.81291198730469,
      86.47758483886719,
      79.87987518310547,
      77.40480041503906,
      70.57857513427734
    ],
    [
      38.41345977783203,
      38.20417404174805,
      12.847147941589355,
      10.493523597717285,
      6.396385192871094,
      6.890270233154297,
      25.804000854492188,
      21.998191833496094,
      16.337968826293945,
      21.83013916015625,
      22.43317985534668,
      22.217222213745117,
      44.13482666015625,
      43.740806579589844,
      79.87987518310547,
      79.58008575439453,
      71.23111724853516,
      69.14099884033203
    ],
    [
      33.504215240478516,
      32.71553039550781,
      8.148225784301758,
      3.992560863494873,
      1.6920959949493408,
      1.0572247505187988,
      20.436687469482422,
      12.580513000488281,
      9.458428382873535,
      11.949485778808594,
      11.157233238220215,
      7.696874618530273,
      40.44148254394531,
      35.306060791015625,
      77.40480041503906,
      71.23111724853516,
      76.82000732421875,
      69.15846252441406
    ],
    [
      26.270160675048828,
      26.83087730407715,
      7.822664737701416,
      4.808122158050537,
      1.7111743688583374,
      1.6359648704528809,
      20.423768997192383,
      15.598865509033203,
      10.587541580200195,
      15.048103332519531,
      14.07870101928711,
      12.762974739074707,
      40.00312042236328,
      38.22530746459961,
      70.57857513427734,
      69.14099884033203,
      69.15846252441406,
      67.547119140625
    ]
  ],
  "damage": -12.058194160461426,
  "diff_bandwidth": 941.9871215820312,
  "dissonance": 5.82022667720798,
  "drr": -16.038711547851562,
  "dynamics": 3.3086798191070557,
  "format": 1245190,
  "frames": 4873152,
  "loudness": -17.021629333496094,
  "loudness_range": 9.913596153259277,
  "loudness_range_short": 10.15157413482666,
  "lowpass_true_peak_15khz": -0.6986870169639587,
  "mastering3_acoustic_entropies": [
    {
      "acoustic_entropy": 7.45897102355957,
      "acoustic_entropy_mono": 7.773970127105713,
      "band_eliminated_acoustic_entropies": [
        {
          "acoustic_entropy": 7.461387634277344,
          "acoustic_entropy_side": 7.4601569175720215,
          "hz": 129.47220167065723
        },
        {
          "acoustic_entropy": 7.493463039398193,
          "acoustic_entropy_side": 7.468588352203369,
          "hz": 202.92927478742237
        },
        {
          "acoustic_entropy": 7.226422309875488,
          "acoustic_entropy_side": 7.730567932128906,
          "hz": 282.89161906338205
        },
        {
          "acoustic_entropy": 7.521472454071045,
          "acoustic_entropy_side": 7.404111385345459,
          "hz": 369.9353335868758
        },
        {
          "acoustic_entropy": 8.207779884338379,
          "acoustic_entropy_side": 8.022917747497559,
          "hz": 464.6875360973435
        },
        {
          "acoustic_entropy": 6.781820297241211,
          "acoustic_entropy_side": 6.927047252655029,
          "hz": 567.8308811364784
        },
        {
          "acoustic_entropy": 8.202349662780762,
          "acoustic_entropy_side": 7.1841230392456055,
          "hz": 680.1084783214808
        },
        {
          "acoustic_entropy": 7.248123645782471,
          "acoustic_entropy_side": 7.364928722381592,
          "hz": 802.3292461747484
        },
        {
          "acoustic_entropy": 6.552976131439209,
          "acoustic_entropy_side": 7.66569185256958,
          "hz": 935.3737400823702
        },
        {
          "acoustic_entropy": 7.1658549308776855,
          "acoustic_entropy_side": 7.487667560577393,
          "hz": 1080.2004963696966
        },
        {
          "acoustic_entropy": 7.467967510223389,
          "acoustic_entropy_side": 7.381882667541504,
          "hz": 1237.8529382007157
        },
        {
          "acoustic_entropy": 6.697986602783203,
          "acoustic_entropy_side": 7.515772819519043,
          "hz": 1409.4668930556702
        },
        {
          "acoustic_entropy": 7.012750148773193,
          "acoustic_entropy_side": 7.580994606018066,
          "hz": 1596.2787759475705
        },
        {
          "acoustic_entropy": 7.926324367523193,
          "acoustic_entropy_side": 7.744200229644775,
          "hz": 1799.6344973346393
        },
        {
          "acoustic_entropy": 7.448232650756836,
          "acoustic_entropy_side": 7.33427095413208,
          "hz": 2020.9991599069049
        },
        {
          "acoustic_entropy": 7.296255588531494,
          "acoustic_entropy_side": 7.411123752593994,
          "hz": 2261.9676141086993
        },
        {
          "acoustic_entropy": 7.4953203201293945,
          "acoustic_entropy_side": 7.476599216461182,
          "hz": 2524.2759484456974
        },
        {
          "acoustic_entropy": 7.818235874176025,
          "acoustic_entropy_side": 7.704833507537842,
          "hz": 2809.813997359896
        },
        {
          "acoustic_entropy": 7.596924304962158,
          "acoustic_entropy_side": 7.480984687805176,
          "hz": 3120.6389567871424
        },
        {
          "acoustic_entropy": 7.28510046005249,
          "acoustic_entropy_side": 7.238731384277344,
          "hz": 3458.990205492291
        },
        {
          "acoustic_entropy": 7.391866207122803,
          "acoustic_entropy_side": 7.154779434204102,
          "hz": 3827.305438964164
        },
        {
          "acoustic_entropy": 7.559535026550293,
          "acoustic_entropy_side": 7.449564456939697,
          "hz": 4228.238232109126
        },
        {
          "acoustic_entropy": 7.433173179626465,
          "acoustic_entropy_side": 7.412990093231201,
          "hz": 4664.6771572759235
        },
        {
          "acoustic_entropy": 7.390359401702881,
          "acoustic_entropy_side": 7.434771537780762,
          "hz": 5139.766595350093
        },
        {
          "acoustic_entropy": 7.422431945800781,
          "acoustic_entropy_side": 7.4266510009765625,
          "hz": 5656.929389854203
        },
        {
          "acoustic_entropy": 7.4101128578186035,
          "acoustic_entropy_side": 7.4399333000183105,
          "hz": 6219.891507268283
        },
        {
          "acoustic_entropy": 7.376937389373779,
          "acoustic_entropy_side": 7.4284234046936035,
          "hz": 6832.70888123896
        },
        {
          "acoustic_entropy": 7.39326810836792,
          "acoustic_entropy_side": 7.440937519073486,
          "hz": 7499.796634079867
        },
        {
          "acoustic_entropy": 7.397061824798584,
          "acoustic_entropy_side": 7.452555179595947,
          "hz": 8225.96088609342
        },
        {
          "acoustic_entropy": 7.3720221519470215,
          "acoustic_entropy_side": 7.446943759918213,
          "hz": 9016.43338188839
        },
        {
          "acoustic_entropy": 7.3460187911987305,
          "acoustic_entropy_side": 7.440773010253906,
          "hz": 9876.909183162974
        },
        {
          "acoustic_entropy": 7.326098918914795,
          "acoustic_entropy_side": 7.441460609436035,
          "hz": 10813.587699516042
        },
        {
          "acoustic_entropy": 7.2326741218566895,
          "acoustic_entropy_side": 7.420566558837891,
          "hz": 11833.21735289826
        },
        {
          "acoustic_entropy": 7.25348424911499,
          "acoustic_entropy_side": 7.419522285461426,
          "hz": 12943.144197493959
        },
        {
          "acoustic_entropy": 7.286233901977539,
          "acoustic_entropy_side": 7.431825637817383,
          "hz": 14151.364845322005
        },
        {
          "acoustic_entropy": 7.345722198486328,
          "acoustic_entropy_side": 7.4341840744018555,
          "hz": 15466.58407886509
        },
        {
          "acoustic_entropy": 7.393780708312988,
          "acoustic_entropy_side": 7.449886322021484,
          "hz": 16898.27756580493
        },
        {
          "acoustic_entropy": 7.410518646240234,
          "acoustic_entropy_side": 7.454225063323975,
          "hz": 18456.760127700032
        },
        {
          "acoustic_entropy": 7.424427509307861,
          "acoustic_entropy_side": 7.4573564529418945,
          "hz": 20153.260054456492
        },
        {
          "acoustic_entropy": 7.448710918426514,
          "acoustic_entropy_side": 7.458985805511475,
          "hz": 22000.00000000001
        }
      ],
      "diff_acoustic_entropy": 1.7550710439682007,
      "sn": 6
    },
    {
      "acoustic_entropy": 13.193692207336426,
      "acoustic_entropy_mono": 12.622369766235352,
      "band_eliminated_acoustic_entropies": [
        {
          "acoustic_entropy": 13.189970970153809,
          "acoustic_entropy_side": 13.19485092163086,
          "hz": 129.47220167065723
        },
        {
          "acoustic_entropy": 13.101137161254883,
          "acoustic_entropy_side": 13.18680477142334,
          "hz": 202.92927478742237
        },
        {
          "acoustic_entropy": 12.045075416564941,
          "acoustic_entropy_side": 13.047242164611816,
          "hz": 282.89161906338205
        },
        {
          "acoustic_entropy": 12.989684104919434,
          "acoustic_entropy_side": 13.482566833496094,
          "hz": 369.9353335868758
        },
        {
          "acoustic_entropy": 13.435835838317871,
          "acoustic_entropy_side": 13.322163581848145,
          "hz": 464.6875360973435
        },
        {
          "acoustic_entropy": 12.116460800170898,
          "acoustic_entropy_side": 12.86413288116455,
          "hz": 567.8308811364784
        },
        {
          "acoustic_entropy": 13.76917839050293,
          "acoustic_entropy_side": 13.217584609985352,
          "hz": 680.1084783214808
        },
        {
          "acoustic_entropy": 12.792770385742188,
          "acoustic_entropy_side": 13.472762107849121,
          "hz": 802.3292461747484
        },
        {
          "acoustic_entropy": 12.521618843078613,
          "acoustic_entropy_side": 13.076560020446777,
          "hz": 935.3737400823702
        },
        {
          "acoustic_entropy": 12.551651954650879,
          "acoustic_entropy_side": 12.834197044372559,
          "hz": 1080.2004963696966
        },
        {
          "acoustic_entropy": 12.598909378051758,
          "acoustic_entropy_side": 12.710803985595703,
          "hz": 1237.8529382007157
        },
        {
          "acoustic_entropy": 12.220558166503906,
          "acoustic_entropy_side": 12.690409660339355,
          "hz": 1409.4668930556702
        },
        {
          "acoustic_entropy": 12.604011535644531,
          "acoustic_entropy_side": 13.265547752380371,
          "hz": 1596.2787759475705
        },
        {
          "acoustic_entropy": 12.943693161010742,
          "acoustic_entropy_side": 13.103955268859863,
          "hz": 1799.6344973346393
        },
        {
          "acoustic_entropy": 12.985259056091309,
          "acoustic_entropy_side": 12.69985294342041,
          "hz": 2020.9991599069049
        },
        {
          "acoustic_entropy": 12.116340637207031,
          "acoustic_entropy_side": 12.998525619506836,
          "hz": 2261.9676141086993
        },
        {
          "acoustic_entropy": 12.957144737243652,
          "acoustic_entropy_side": 13.145197868347168,
          "hz": 2524.2759484456974
        },
        {
          "acoustic_entropy": 12.857171058654785,
          "acoustic_entropy_side": 13.112607955932617,
          "hz": 2809.813997359896
        },
        {
          "acoustic_entropy": 13.367238998413086,
          "acoustic_entropy_side": 13.204133987426758,
          "hz": 3120.6389567871424
        },
        {
          "acoustic_entropy": 12.862748146057129,
          "acoustic_entropy_side": 13.176140785217285,
          "hz": 3458.990205492291
        },
        {
          "acoustic_entropy": 12.934885025024414,
          "acoustic_entropy_side": 13.350421905517578,
          "hz": 3827.305438964164
        },
        {
          "acoustic_entropy": 12.893738746643066,
          "acoustic_entropy_side": 12.956585884094238,
          "hz": 4228.238232109126
        },
        {
          "acoustic_entropy": 12.709606170654297,
          "acoustic_entropy_side": 12.970577239990234,
          "hz": 4664.6771572759235
        },
        {
          "acoustic_entropy": 13.372495651245117,
          "acoustic_entropy_side": 13.348615646362305,
          "hz": 5139.766595350093
        },
        {
          "acoustic_entropy": 13.15932559967041,
          "acoustic_entropy_side": 13.024863243103027,
          "hz": 5656.929389854203
        },
        {
          "acoustic_entropy": 12.966761589050293,
          "acoustic_entropy_side": 13.093799591064453,
          "hz": 6219.891507268283
        },
        {
          "acoustic_entropy": 13.016876220703125,
          "acoustic_entropy_side": 13.126814842224121,
          "hz": 6832.70888123896
        },
        {
          "acoustic_entropy": 13.084090232849121,
          "acoustic_entropy_side": 13.117755889892578,
          "hz": 7499.796634079867
        },
        {
          "acoustic_entropy": 13.182743072509766,
          "acoustic_entropy_side": 13.187026023864746,
          "hz": 8225.96088609342
        },
        {
          "acoustic_entropy": 13.141592025756836,
          "acoustic_entropy_side": 13.182348251342773,
          "hz": 9016.43338188839
        },
        {
          "acoustic_entropy": 13.13046932220459,
          "acoustic_entropy_side": 13.169870376586914,
          "hz": 9876.909183162974
        },
        {
          "acoustic_entropy": 13.115227699279785,
          "acoustic_entropy_side": 13.176694869995117,
          "hz": 10813.587699516042
        },
        {
          "acoustic_entropy": 12.990856170654297,
          "acoustic_entropy_side": 13.159774780273438,
          "hz": 11833.21735289826
        },
        {
          "acoustic_entropy": 13.024679183959961,
          "acoustic_entropy_side": 13.16193962097168,
          "hz": 12943.144197493959
        },
        {
          "acoustic_entropy": 13.078587532043457,
          "acoustic_entropy_side": 13.157636642456055,
          "hz": 14151.364845322005
        },
        {
          "acoustic_entropy": 13.087940216064453,
          "acoustic_entropy_side": 13.184955596923828,
          "hz": 15466.58407886509
        },
        {
          "acoustic_entropy": 13.121920585632324,
          "acoustic_entropy_side": 13.187792778015137,
          "hz": 16898.27756580493
        },
        {
          "acoustic_entropy": 13.140009880065918,
          "acoustic_entropy_side": 13.179442405700684,
          "hz": 18456.760127700032
        },
        {
          "acoustic_entropy": 13.157572746276855,
          "acoustic_entropy_side": 13.182826042175293,
          "hz": 20153.260054456492
        },
        {
          "acoustic_entropy": 13.158892631530762,
          "acoustic_entropy_side": 13.187352180480957,
          "hz": 22000.00000000001
        }
      ],
      "diff_acoustic_entropy": 3.4275615215301514,
      "sn": 12
    },
    {
      "acoustic_entropy": 17.23365592956543,
      "acoustic_entropy_mono": 16.122224807739258,
      "band_eliminated_acoustic_entropies": [
        {
          "acoustic_entropy": 17.19240379333496,
          "acoustic_entropy_side": 17.51920509338379,
          "hz": 129.47220167065723
        },
        {
          "acoustic_entropy": 16.893247604370117,
          "acoustic_entropy_side": 16.580429077148438,
          "hz": 202.92927478742237
        },
        {
          "acoustic_entropy": 16.45262336730957,
          "acoustic_entropy_side": 16.93571662902832,
          "hz": 282.89161906338205
        },
        {
          "acoustic_entropy": 18.3007755279541,
          "acoustic_entropy_side": 18.142492294311523,
          "hz": 369.9353335868758
        },
        {
          "acoustic_entropy": 16.953208923339844,
          "acoustic_entropy_side": 17.186086654663086,
          "hz": 464.6875360973435
        },
        {
          "acoustic_entropy": 16.704177856445312,
          "acoustic_entropy_side": 16.33112144470215,
          "hz": 567.8308811364784
        },
        {
          "acoustic_entropy": 17.04175567626953,
          "acoustic_entropy_side": 17.423925399780273,
          "hz": 680.1084783214808
        },
        {
          "acoustic_entropy": 17.598499298095703,
          "acoustic_entropy_side": 17.37006187438965,
          "hz": 802.3292461747484
        },
        {
          "acoustic_entropy": 17.05820655822754,
          "acoustic_entropy_side": 16.636642456054688,
          "hz": 935.3737400823702
        },
        {
          "acoustic_entropy": 17.662206649780273,
          "acoustic_entropy_side": 17.9631290435791,
          "hz": 1080.2004963696966
        },
        {
          "acoustic_entropy": 17.518760681152344,
          "acoustic_entropy_side": 17.749290466308594,
          "hz": 1237.8529382007157
        },
        {
          "acoustic_entropy": 17.45024871826172,
          "acoustic_entropy_side": 17.40703773498535,
          "hz": 1409.4668930556702
        },
        {
          "acoustic_entropy": 17.384822845458984,
          "acoustic_entropy_side": 17.86886978149414,
          "hz": 1596.2787759475705
        },
        {
          "acoustic_entropy": 17.512256622314453,
          "acoustic_entropy_side": 18.28307342529297,
          "hz": 1799.6344973346393
        },
        {
          "acoustic_entropy": 17.318145751953125,
          "acoustic_entropy_side": 17.638853073120117,
          "hz": 2020.9991599069049
        },
        {
          "acoustic_entropy": 17.532962799072266,
          "acoustic_entropy_side": 18.25959587097168,
          "hz": 2261.9676141086993
        },
        {
          "acoustic_entropy": 17.07955551147461,
          "acoustic_entropy_side": 17.834232330322266,
          "hz": 2524.2759484456974
        },
        {
          "acoustic_entropy": 17.922046661376953,
          "acoustic_entropy_side": 17.262109756469727,
          "hz": 2809.813997359896
        },
        {
          "acoustic_entropy": 17.275354385375977,
