{
  "acoustic_entropy": 172.8187255859375,
  "bands": [
    {
      "high_freq": 148.1999969482422,
      "loudness": -18.32777214050293,
      "loudness_range": 15.497010231018066,
      "mid_mean": -14.683269500732422,
      "mid_to_side_loudness": -31.41822624206543,
      "mid_to_side_loudness_range": 36.04841613769531,
      "side_mean": -48.406978607177734
    },
    {
      "high_freq": 392.3793640136719,
      "loudness": -21.235857009887695,
      "loudness_range": 10.748729705810547,
      "low_freq": 148.1999969482422,
      "mid_mean": -17.64129638671875,
      "mid_to_side_loudness": -17.625770568847656,
      "mid_to_side_loudness_range": 16.71422576904297,
      "side_mean": -36.09769821166992
    },
    {
      "high_freq": 794.6976318359375,
      "loudness": -24.040225982666016,
      "loudness_range": 10.49528694152832,
      "low_freq": 392.3793640136719,
      "mid_mean": -20.829975128173828,
      "mid_to_side_loudness": -9.54884147644043,
      "mid_to_side_loudness_range": 8.37649917602539,
      "side_mean": -30.614885330200195
    },
    {
      "high_freq": 1457.5709228515625,
      "loudness": -21.665285110473633,
      "loudness_range": 9.82784652709961,
      "low_freq": 794.6976318359375,
      "mid_mean": -18.57088851928711,
      "mid_to_side_loudness": -8.476658821105957,
      "mid_to_side_loudness_range": 7.214333534240723,
      "side_mean": -27.16579818725586
    },
    {
      "high_freq": 2549.74365234375,
      "loudness": -19.98473358154297,
      "loudness_range": 9.966384887695312,
      "low_freq": 1457.5709228515625,
      "mid_mean": -16.827295303344727,
      "mid_to_side_loudness": -9.128783226013184,
      "mid_to_side_loudness_range": 6.490246772766113,
      "side_mean": -25.999910354614258
    },
    {
      "high_freq": 4349.24462890625,
      "loudness": -21.01762580871582,
      "loudness_range": 9.991010665893555,
      "low_freq": 2549.74365234375,
      "mid_mean": -17.93811798095703,
      "mid_to_side_loudness": -8.336492538452148,
      "mid_to_side_loudness_range": 7.3465986251831055,
      "side_mean": -26.58612632751465
    },
    {
      "high_freq": 7314.1640625,
      "loudness": -22.140527725219727,
      "loudness_range": 10.123598098754883,
      "low_freq": 4349.24462890625,
      "mid_mean": -19.02065658569336,
      "mid_to_side_loudness": -9.374610900878906,
      "mid_to_side_loudness_range": 9.600410461425781,
      "side_mean": -28.97235107421875
    },
    {
      "high_freq": 12199.2666015625,
      "loudness": -21.3353214263916,
      "loudness_range": 6.361183166503906,
      "low_freq": 7314.1640625,
      "mid_mean": -18.27104949951172,
      "mid_to_side_loudness": -9.425741195678711,
      "mid_to_side_loudness_range": 13.0390043258667,
      "side_mean": -28.626222610473633
    },
    {
      "loudness": -23.969831466674805,
      "loudness_range": 5.896627426147461,
      "low_freq": 12199.2666015625,
      "mid_mean": -20.801240921020508,
      "mid_to_side_loudness": -9.193229675292969,
      "mid_to_side_loudness_range": 15.61046028137207,
      "side_mean": -31.196670532226562
    }
  ],
  "bands_short": [
    {
      "high_freq": 148.1999969482422,
      "loudness": -21.092920303344727,
      "loudness_range": 19.83642578125,
      "mid_mean": -17.445823669433594,
      "mid_to_side_loudness": -32.4102897644043,
      "mid_to_side_loudness_range": 38.02806091308594,
      "side_mean": -53.225406646728516
    },
    {
      "high_freq": 392.3793640136719,
      "loudness": -21.032901763916016,
      "loudness_range": 18.587467193603516,
      "low_freq": 148.1999969482422,
      "mid_mean": -17.466249465942383,
      "mid_to_side_loudness": -18.250171661376953,
      "mid_to_side_loudness_range": 21.375534057617188,
      "side_mean": -36.690311431884766
    },
    {
      "high_freq": 794.6976318359375,
      "loudness": -24.686071395874023,
      "loudness_range": 11.376495361328125,
      "low_freq": 392.3793640136719,
      "mid_mean": -21.488162994384766,
      "mid_to_side_loudness": -9.97156810760498,
      "mid_to_side_loudness_range": 11.113601684570312,
      "side_mean": -31.681821823120117
    },
    {
      "high_freq": 1457.5709228515625,
      "loudness": -21.687850952148438,
      "loudness_range": 11.408361434936523,
      "low_freq": 794.6976318359375,
      "mid_mean": -18.683061599731445,
      "mid_to_side_loudness": -8.348875999450684,
      "mid_to_side_loudness_range": 9.486028671264648,
      "side_mean": -27.157794952392578
    },
    {
      "high_freq": 2549.74365234375,
      "loudness": -20.203540802001953,
      "loudness_range": 11.059423446655273,
      "low_freq": 1457.5709228515625,
      "mid_mean": -17.100595474243164,
      "mid_to_side_loudness": -9.06308650970459,
      "mid_to_side_loudness_range": 8.486674308776855,
      "side_mean": -26.244192123413086
    },
    {
      "high_freq": 4349.24462890625,
      "loudness": -21.270444869995117,
      "loudness_range": 11.843133926391602,
      "low_freq": 2549.74365234375,
      "mid_mean": -18.26099395751953,
      "mid_to_side_loudness": -8.218684196472168,
      "mid_to_side_loudness_range": 8.464948654174805,
      "side_mean": -26.792293548583984
    },
    {
      "high_freq": 7314.1640625,
      "loudness": -22.42713737487793,
      "loudness_range": 13.047548294067383,
      "low_freq": 4349.24462890625,
      "mid_mean": -19.348377227783203,
      "mid_to_side_loudness": -9.120838165283203,
      "mid_to_side_loudness_range": 10.337179183959961,
      "side_mean": -29.090919494628906
    },
    {
      "high_freq": 12199.2666015625,
      "loudness": -21.984216690063477,
      "loudness_range": 10.367727279663086,
      "low_freq": 7314.1640625,
      "mid_mean": -18.934436798095703,
      "mid_to_side_loudness": -9.004517555236816,
      "mid_to_side_loudness_range": 13.82813835144043,
      "side_mean": -28.7038631439209
    },
    {
      "loudness": -24.59177017211914,
      "loudness_range": 10.344770431518555,
      "low_freq": 12199.2666015625,
      "mid_mean": -21.564125061035156,
      "mid_to_side_loudness": -8.69582462310791,
      "mid_to_side_loudness_range": 15.517261505126953,
      "side_mean": -31.315181732177734
    }
  ],
  "bandwidth": 786.9461669921875,
  "channels": 2,
  "covariance": [
    [
      39.89793014526367,
      -18.09453582763672,
      21.973716735839844,
      0.5886170268058777,
      13.192564010620117,
      8.403266906738281,
      14.253889083862305,
      10.646369934082031,
      12.985467910766602,
      9.218658447265625,
      13.743355751037598,
      10.95687484741211,
      16.11544418334961,
      13.05030345916748,
      8.956750869750977,
      4.137667655944824,
      5.039835453033447,
      -0.891241729259491
    ],
    [
      -18.09453582763672,
      48.748817443847656,
      -9.166147232055664,
      10.787778854370117,
      -4.630329608917236,
      0.1286337673664093,
      -4.45235013961792,
      -2.521656036376953,
      -5.6713385581970215,
      -4.841609954833984,
      -7.129948139190674,
      -6.6796417236328125,
      -8.013517379760742,
      -9.302533149719238,
      -3.544968843460083,
      -4.260247230529785,
      0.0919080376625061,
      1.575772762298584
    ],
    [
      21.973716735839844,
      -9.166147232055664,
      20.570127487182617,
      2.311990261077881,
      10.061101913452148,
      7.0584940910339355,
      11.048911094665527,
      8.479183197021484,
      10.06348991394043,
      7.519142150878906,
      10.205533027648926,
      9.62761402130127,
      9.727964401245117,
      8.28375244140625,
      6.215313911437988,
      3.0102696418762207,
      3.536651611328125,
      -0.03481896594166756
    ],
    [
      0.5886170268058777,
      10.787778854370117,
      2.311990261077881,
      13.685306549072266,
      1.2089937925338745,
      4.0761332511901855,
      3.860978603363037,
      4.754220962524414,
      3.9240925312042236,
      5.242443084716797,
      2.1300604343414307,
      3.562750816345215,
      1.2458096742630005,
      2.0375962257385254,
      -0.3403404653072357,
      0.5433908104896545,
      -0.41466307640075684,
      0.49020397663116455
    ],
    [
      13.192564010620117,
      -4.630329608917236,
      10.061101913452148,
      1.2089937925338745,
      18.56253433227539,
      14.852845191955566,
      13.130876541137695,
      11.8158540725708,
      13.062689781188965,
      11.8373384475708,
      13.299083709716797,
      14.959623336791992,
      12.384865760803223,
      14.8599214553833,
      6.730443000793457,
      9.57691764831543,
      5.164520740509033,
      6.8683390617370605
    ],
    [
      8.403266906738281,
      0.1286337673664093,
      7.0584940910339355,
      4.0761332511901855,
      14.852845191955566,
      20.27397918701172,
      13.061347961425781,
      14.553300857543945,
      13.320414543151855,
      14.271028518676758,
      12.711834907531738,
      15.959336280822754,
      12.128796577453613,
      16.562885284423828,
      5.899215221405029,
      11.842016220092773,
      5.254099369049072,
      10.336843490600586
    ],
    [
      14.253889083862305,
      -4.45235013961792,
      11.048911094665527,
      3.860978603363037,
      13.130876541137695,
      13.061347961425781,
      18.1619930267334,
      14.32394027709961,
      14.076211929321289,
      12.595837593078613,
      12.74067211151123,
      14.50417709350586,
      11.431083679199219,
      13.44775104522705,
      4.942476749420166,
      7.098844051361084,
      3.111496925354004,
      3.878054618835449
    ],
    [
      10.646369934082031,
      -2.521656036376953,
      8.479183197021484,
      4.754220962524414,
      11.8158540725708,
      14.553300857543945,
      14.32394027709961,
      17.17841339111328,
      12.54089069366455,
      13.721906661987305,
      10.95785903930664,
      13.832734107971191,
      10.729307174682617,
      13.289538383483887,
      4.240260601043701,
      6.596900939941406,
      2.8936715126037598,
      3.461594820022583
    ],
    [
      12.985467910766602,
      -5.6713385581970215,
      10.06348991394043,
      3.9240925312042236,
      13.062689781188965,
      13.320414543151855,
      14.076211929321289,
      12.54089069366455,
      17.17035484313965,
      13.759318351745605,
      13.646709442138672,
      15.658923149108887,
      12.515068054199219,
      15.615060806274414,
      5.143649101257324,
      8.962218284606934,
      2.699864149093628,
      5.8393731117248535
    ],
    [
      9.218658447265625,
      -4.841609954833984,
      7.519142150878906,
      5.242443084716797,
      11.8373384475708,
      14.271028518676758,
      12.595837593078613,
      13.721906661987305,
      13.759318351745605,
      17.2796573638916,
      11.78046703338623,
      16.38614273071289,
      10.837921142578125,
      15.954510688781738,
      4.051063060760498,
      9.327919006347656,
      2.2288572788238525,
      6.489657402038574
    ],
    [
      13.743355751037598,
      -7.129948139190674,
      10.205533027648926,
      2.1300604343414307,
      13.299083709716797,
      12.711834907531738,
      12.74067211151123,
      10.95785903930664,
      13.646709442138672,
      11.78046703338623,
      18.64075469970703,
      16.686248779296875,
      16.285554885864258,
      20.122177124023438,
      6.808695316314697,
      11.161421775817871,
      3.8664448261260986,
      8.049492835998535
    ],
    [
      10.95687484741211,
      -6.6796417236328125,
      9.62761402130127,
      3.562750816345215,
      14.959623336791992,
      15.959336280822754,
      14.50417709350586,
      13.832734107971191,
      15.658923149108887,
      16.38614273071289,
      16.686248779296875,
      23.180540084838867,
      15.133913040161133,
      22.47233009338379,
      5.475247383117676,
      13.83110523223877,
      2.248617172241211,
      10.069716453552246
    ],
    [
      16.11544418334961,
      -8.013517379760742,
      9.727964401245117,
      1.2458096742630005,
      12.384865760803223,
      12.128796577453613,
      11.431083679199219,
      10.729307174682617,
      12.515068054199219,
      10.837921142578125,
      16.285554885864258,
      15.133913040161133,
      26.36298370361328,
      22.377168655395508,
      10.995247840881348,
      13.7888822555542,
      5.839399337768555,
      8.408652305603027
    ],
    [
      13.05030345916748,
      -9.302533149719238,
      8.28375244140625,
      2.0375962257385254,
      14.8599214553833,
      16.562885284423828,
      13.44775104522705,
      13.289538383483887,
      15.615060806274414,
      15.954510688781738,
      20.122177124023438,
      22.47233009338379,
      22.377168655395508,
      32.69831085205078,
      7.868523120880127,
      19.034080505371094,
      3.7346653938293457,
      13.444293022155762
    ],
    [
      8.956750869750977,
      -3.544968843460083,
      6.215313911437988,
      -0.3403404653072357,
      6.730443000793457,
      5.899215221405029,
      4.942476749420166,
      4.240260601043701,
      5.143649101257324,
      4.051063060760498,
      6.808695316314697,
      5.475247383117676,
      10.995247840881348,
      7.868523120880127,
      17.39923095703125,
      13.402774810791016,
      9.628069877624512,
      9.915422439575195
    ],
    [
      4.137667655944824,
      -4.260247230529785,
      3.0102696418762207,
      0.5433908104896545,
      9.57691764831543,
      11.842016220092773,
      7.098844051361084,
      6.596900939941406,
      8.962218284606934,
      9.327919006347656,
      11.161421775817871,
      13.83110523223877,
      13.7888822555542,
      19.034080505371094,
      13.402774810791016,
      29.3796443939209,
      7.479722499847412,
      20.88838005065918
    ],
    [
      5.039835453033447,
      0.0919080376625061,
      3.536651611328125,
      -0.41466307640075684,
      5.164520740509033,
      5.254099369049072,
      3.111496925354004,
      2.8936715126037598,
      2.699864149093628,
      2.2288572788238525,
      3.8664448261260986,
      2.248617172241211,
      5.839399337768555,
      3.7346653938293457,
      9.628069877624512,
      7.479722499847412,
      11.944241523742676,
      8.825469017028809
    ],
    [
      -0.891241729259491,
      1.575772762298584,
      -0.03481896594166756,
      0.49020397663116455,
      6.8683390617370605,
      10.336843490600586,
      3.878054618835449,
      3.461594820022583,
      5.8393731117248535,
      6.489657402038574,
      8.049492835998535,
      10.069716453552246,
      8.408652305603027,
      13.444293022155762,
      9.915422439575195,
      20.88838005065918,
      8.825469017028809,
      26.423473358154297
    ]
  ],
  "covariance_short": [
    [
      48.29878616333008,
      -18.738107681274414,
      19.586030960083008,
      -0.09967293590307236,
      10.76638126373291,
      7.12775993347168,
      13.987858772277832,
      11.28793716430664,
      11.932918548583984,
      9.000044822692871,
      11.291788101196289,
      10.395406723022461,
      12.0198335647583,
      10.241747856140137,
      5.536471843719482,
      1.1082085371017456,
      2.5972695350646973,
      -1.415900468826294
    ],
    [
      -18.738107681274414,
      74.31423950195312,
      -12.483254432678223,
      14.763834953308105,
      -4.922943592071533,
      -0.37751084566116333,
      -5.419820785522461,
      -4.897720813751221,
      -6.127280235290527,
      -5.738481521606445,
      -8.35495376586914,
      -8.063404083251953,
      -9.964929580688477,
      -10.93613338470459,
      -1.338397741317749,
      -2.9524424076080322,
      1.067405343055725,
      4.676481246948242
    ],
    [
      19.586030960083008,
      -12.483254432678223,
      34.580081939697266,
      2.007866859436035,
      10.48610782623291,
      6.463456630706787,
      12.766891479492188,
      9.033021926879883,
      11.529577255249023,
      8.033671379089355,
      12.180453300476074,
      10.382091522216797,
      10.7494535446167,
      9.542553901672363,
      7.765563011169434,
      3.4041197299957275,
      5.406801700592041,
      1.2766003608703613
    ],
    [
      -0.09967293590307236,
      14.763834953308105,
      2.007866859436035,
      18.90045166015625,
      1.3902032375335693,
      3.9810879230499268,
      2.9928064346313477,
      4.018819332122803,
      3.0695462226867676,
      4.666222095489502,
      1.5672602653503418,
      2.8278090953826904,
      0.2985025942325592,
      0.7885597944259644,
      0.022301839664578438,
      -0.6611776947975159,
      -0.14754559099674225,
      -0.4210160970687866
    ],
    [
      10.76638126373291,
      -4.922943592071533,
      10.48610782623291,
      1.3902032375335693,
      20.922731399536133,
      13.448981285095215,
      13.218395233154297,
      11.805427551269531,
      13.034674644470215,
      12.06503963470459,
      14.037191390991211,
      15.439172744750977,
      12.700540542602539,
      15.080889701843262,
      8.557297706604004,
      8.981308937072754,
      8.018223762512207,
      6.551013946533203
    ],
    [
      7.12775993347168,
      -0.37751084566116333,
      6.463456630706787,
      3.9810879230499268,
      13.448981285095215,
      21.452516555786133,
      12.615509986877441,
      14.1696138381958,
      12.293905258178711,
      13.910367012023926,
      12.752143859863281,
      15.99697494506836,
      12.342379570007324,
      16.35654640197754,
      7.23274040222168,
      10.94440746307373,
      7.192111015319824,
      9.59516429901123
    ],
    [
      13.987858772277832,
      -5.419820785522461,
      12.766891479492188,
      2.9928064346313477,
      13.218395233154297,
      12.615509986877441,
      22.068220138549805,
      15.345084190368652,
      15.094589233398438,
      13.17630386352539,
      15.09334659576416,
      15.655034065246582,
      13.363093376159668,
      15.187987327575684,
      7.480622291564941,
      7.233614444732666,
      6.06942892074585,
      4.529001235961914
    ],
    [
      11.28793716430664,
      -4.897720813751221,
      9.033021926879883,
      4.018819332122803,
      11.805427551269531,
      14.1696138381958,
      15.345084190368652,
      20.281227111816406,
      13.092157363891602,
      14.239945411682129,
      12.525453567504883,
      14.980618476867676,
      12.10810661315918,
      14.7509126663208,
      6.158597946166992,
      6.71190071105957,
      5.163098335266113,
      3.8858911991119385
    ],
    [
      11.932918548583984,
      -6.127280235290527,
      11.529577255249023,
      3.0695462226867676,
      13.034674644470215,
      12.293905258178711,
      15.094589233398438,
      13.092157363891602,
      19.506954193115234,
      13.99842643737793,
      15.682408332824707,
      16.75503158569336,
      14.081502914428711,
      17.03789710998535,
      7.638437747955322,
      9.072999000549316,
      5.6911139488220215,
      6.090689182281494
    ],
    [
      9.000044822692871,
      -5.738481521606445,
      8.033671379089355,
      4.666222095489502,
      12.06503963470459,
      13.910367012023926,
      13.17630386352539,
      14.239945411682129,
      13.99842643737793,
      19.6866397857666,
      13.184885025024414,
      17.787431716918945,
      12.373391151428223,
      17.37139129638672,
      6.123018264770508,
      9.544717788696289,
      4.862515926361084,
      6.272315502166748
    ],
    [
      11.291788101196289,
      -8.35495376586914,
      12.180453300476074,
      1.5672602653503418,
      14.037191390991211,
      12.752143859863281,
      15.09334659576416,
      12.525453567504883,
      15.682408332824707,
      13.184885025024414,
      22.95635414123535,
      19.145566940307617,
      19.9832820892334,
      23.109363555908203,
      10.807182312011719,
      12.251337051391602,
      8.66877555847168,
      9.32407283782959
    ],
    [
      10.395406723022461,
      -8.063404083251953,
      10.382091522216797,
      2.8278090953826904,
      15.439172744750977,
      15.99697494506836,
      15.655034065246582,
      14.980618476867676,
      16.75503158569336,
      17.787431716918945,
      19.145566940307617,
      26.006200790405273,
      17.965219497680664,
      24.844465255737305,
      8.571330070495605,
      14.451675415039062,
      6.0736823081970215,
      10.458620071411133
    ],
    [
      12.0198335647583,
      -9.964929580688477,
      10.7494535446167,
      0.2985025942325592,
      12.700540542602539,
      12.342379570007324,
      13.363093376159668,
      12.10810661315918,
      14.081502914428711,
      12.373391151428223,
      19.9832820892334,
      17.965219497680664,
      32.32132339477539,
      25.49527931213379,
      16.732725143432617,
      15.350890159606934,
      12.888890266418457,
      11.085469245910645
    ],
    [
      10.241747856140137,
      -10.93613338470459,
      9.542553901672363,
      0.7885597944259644,
      15.080889701843262,
      16.35654640197754,
      15.187987327575684,
      14.7509126663208,
      17.03789710998535,
      17.37139129638672,
      23.109363555908203,
      24.844465255737305,
      25.49527931213379,
      36.6345100402832,
      12.040946960449219,
      19.948963165283203,
      9.108063697814941,
      14.578166961669922
    ],
    [
      5.536471843719482,
      -1.338397741317749,
      7.765563011169434,
      0.022301839664578438,
      8.557297706604004,
      7.23274040222168,
      7.480622291564941,
      6.158597946166992,
      7.638437747955322,
      6.123018264770508,
      10.807182312011719,
      8.571330070495605,
      16.732725143432617,
      12.040946960449219,
      25.8099365234375,
      17.281099319458008,
      19.843900680541992,
      14.640027046203613
    ],
    [
      1.1082085371017456,
      -2.9524424076080322,
      3.4041197299957275,
      -0.6611776947975159,
      8.981308937072754,
      10.94440746307373,
      7.233614444732666,
      6.71190071105957,
      9.072999000549316,
      9.544717788696289,
      12.251337051391602,
      14.451675415039062,
      15.350890159606934,
      19.948963165283203,
      17.281099319458008,
      30.942920684814453,
      13.826277732849121,
      23.226457595825195
    ],
    [
      2.5972695350646973,
      1.067405343055725,
      5.406801700592041,
      -0.14754559099674225,
      8.018223762512207,
      7.192111015319824,
      6.06942892074585,
      5.163098335266113,
      5.6911139488220215,
      4.862515926361084,
      8.66877555847168,
      6.0736823081970215,
      12.888890266418457,
      9.108063697814941,
      19.843900680541992,
      13.826277732849121,
      24.053491592407227,
      14.175247192382812
    ],
    [
      -1.415900468826294,
      4.676481246948242,
      1.2766003608703613,
      -0.4210160970687866,
      6.551013946533203,
      9.59516429901123,
      4.529001235961914,
      3.8858911991119385,
      6.090689182281494,
      6.272315502166748,
      9.32407283782959,
      10.458620071411133,
      11.085469245910645,
      14.578166961669922,
      14.640027046203613,
      23.226457595825195,
      14.175247192382812,
      30.740638732910156
    ]
  ],
  "damage": -2.5228116512298584,
  "diff_bandwidth": 673.7230224609375,
  "dissonance": 11.364076400901162,
  "drr": 10.478056907653809,
  "dynamics": 3.0001211166381836,
  "format": 1245190,
  "frames": 8289216,
  "loudness": -7.737577438354492,
  "loudness_range": 8.511317253112793,
  "loudness_range_short": 9.46823787689209,
  "lowpass_true_peak_15khz": 1.2727018594741821,
  "mastering3_acoustic_entropies": [
    {
      "acoustic_entropy": 5.908656597137451,
      "acoustic_entropy_mono": 6.34205961227417,
      "band_eliminated_acoustic_entropies": [
        {
          "acoustic_entropy": 5.950076103210449,
          "acoustic_entropy_side": 5.908661365509033,
          "hz": 129.47220167065723
        },
        {
          "acoustic_entropy": 4.524533271789551,
          "acoustic_entropy_side": 5.9087700843811035,
          "hz": 202.92927478742237
        },
        {
          "acoustic_entropy": 5.974936008453369,
          "acoustic_entropy_side": 5.909135818481445,
          "hz": 282.89161906338205
        },
        {
          "acoustic_entropy": 5.934388160705566,
          "acoustic_entropy_side": 5.908571243286133,
          "hz": 369.9353335868758
        },
        {
          "acoustic_entropy": 5.875810146331787,
          "acoustic_entropy_side": 5.909779071807861,
          "hz": 464.6875360973435
        },
        {
          "acoustic_entropy": 5.936797142028809,
          "acoustic_entropy_side": 5.9132184982299805,
          "hz": 567.8308811364784
        },
        {
          "acoustic_entropy": 6.0208868980407715,
          "acoustic_entropy_side": 5.9196367263793945,
          "hz": 680.1084783214808
        },
        {
          "acoustic_entropy": 5.812216758728027,
          "acoustic_entropy_side": 5.909908771514893,
          "hz": 802.3292461747484
        },
        {
          "acoustic_entropy": 6.042330741882324,
          "acoustic_entropy_side": 5.836644172668457,
          "hz": 935.3737400823702
        },
        {
          "acoustic_entropy": 5.791305065155029,
          "acoustic_entropy_side": 5.85912561416626,
          "hz": 1080.2004963696966
        },
        {
          "acoustic_entropy": 6.138054847717285,
          "acoustic_entropy_side": 5.8849077224731445,
          "hz": 1237.8529382007157
        },
        {
          "acoustic_entropy": 6.100795269012451,
          "acoustic_entropy_side": 5.922547340393066,
          "hz": 1409.4668930556702
        },
        {
          "acoustic_entropy": 5.869143009185791,
          "acoustic_entropy_side": 5.893534183502197,
          "hz": 1596.2787759475705
        },
        {
          "acoustic_entropy": 5.877544403076172,
          "acoustic_entropy_side": 5.866425514221191,
          "hz": 1799.6344973346393
        },
        {
          "acoustic_entropy": 5.805333614349365,
          "acoustic_entropy_side": 5.888248920440674,
          "hz": 2020.9991599069049
        },
        {
          "acoustic_entropy": 5.8440704345703125,
          "acoustic_entropy_side": 5.877527236938477,
          "hz": 2261.9676141086993
        },
        {
          "acoustic_entropy": 5.884336948394775,
          "acoustic_entropy_side": 5.888607025146484,
          "hz": 2524.2759484456974
        },
        {
          "acoustic_entropy": 5.807799339294434,
          "acoustic_entropy_side": 5.875016212463379,
          "hz": 2809.813997359896
        },
        {
          "acoustic_entropy": 5.733590126037598,
          "acoustic_entropy_side": 5.929444789886475,
          "hz": 3120.6389567871424
        },
        {
          "acoustic_entropy": 5.829227924346924,
          "acoustic_entropy_side": 5.898516654968262,
          "hz": 3458.990205492291
        },
        {
          "acoustic_entropy": 5.874291896820068,
          "acoustic_entropy_side": 5.872147083282471,
          "hz": 3827.305438964164
        },
        {
          "acoustic_entropy": 5.8467535972595215,
          "acoustic_entropy_side": 5.872718334197998,
          "hz": 4228.238232109126
        },
        {
          "acoustic_entropy": 5.819397449493408,
          "acoustic_entropy_side": 5.877038955688477,
          "hz": 4664.6771572759235
        },
        {
          "acoustic_entropy": 6.074057579040527,
          "acoustic_entropy_side": 5.870670318603516,
          "hz": 5139.766595350093
        },
        {
          "acoustic_entropy": 5.8321380615234375,
          "acoustic_entropy_side": 5.84926176071167,
          "hz": 5656.929389854203
        },
        {
          "acoustic_entropy": 6.048541069030762,
          "acoustic_entropy_side": 5.851123332977295,
          "hz": 6219.891507268283
        },
        {
          "acoustic_entropy": 5.938458442687988,
          "acoustic_entropy_side": 5.890720844268799,
          "hz": 6832.70888123896
        },
        {
          "acoustic_entropy": 5.9220685958862305,
          "acoustic_entropy_side": 5.878039836883545,
          "hz": 7499.796634079867
        },
        {
          "acoustic_entropy": 5.947626113891602,
          "acoustic_entropy_side": 5.939379692077637,
          "hz": 8225.96088609342
        },
        {
          "acoustic_entropy": 5.905170440673828,
          "acoustic_entropy_side": 5.924818992614746,
          "hz": 9016.43338188839
        },
        {
          "acoustic_entropy": 5.953062057495117,
          "acoustic_entropy_side": 5.95412015914917,
          "hz": 9876.909183162974
        },
        {
          "acoustic_entropy": 5.931985855102539,
          "acoustic_entropy_side": 6.012073993682861,
          "hz": 10813.587699516042
        },
        {
          "acoustic_entropy": 5.871100425720215,
          "acoustic_entropy_side": 6.0254740715026855,
          "hz": 11833.21735289826
        },
        {
          "acoustic_entropy": 6.019006252288818,
          "acoustic_entropy_side": 6.13349723815918,
          "hz": 12943.144197493959
        },
        {
          "acoustic_entropy": 6.169375896453857,
          "acoustic_entropy_side": 6.242878437042236,
          "hz": 14151.364845322005
        },
        {
          "acoustic_entropy": 6.159974098205566,
          "acoustic_entropy_side": 6.208213806152344,
          "hz": 15466.58407886509
        },
        {
          "acoustic_entropy": 6.004693508148193,
          "acoustic_entropy_side": 6.033000946044922,
          "hz": 16898.27756580493
        },
        {
          "acoustic_entropy": 5.8973565101623535,
          "acoustic_entropy_side": 5.963024616241455,
          "hz": 18456.760127700032
        },
        {
          "acoustic_entropy": 5.914676666259766,
          "acoustic_entropy_side": 5.937442779541016,
          "hz": 20153.260054456492
        },
        {
          "acoustic_entropy": 5.910924434661865,
          "acoustic_entropy_side": 5.919456481933594,
          "hz": 22000.00000000001
        }
      ],
      "diff_acoustic_entropy": 3.8913280963897705,
      "sn": 6
    },
    {
      "acoustic_entropy": 10.521939277648926,
      "acoustic_entropy_mono": 8.990485191345215,
      "band_eliminated_acoustic_entropies": [
        {
          "acoustic_entropy": 10.408270835876465,
          "acoustic_entropy_side": 10.521986961364746,
          "hz": 129.47220167065723
        },
        {
          "acoustic_entropy": 8.408230781555176,
          "acoustic_entropy_side": 10.523560523986816,
          "hz": 202.92927478742237
        },
        {
          "acoustic_entropy": 9.847827911376953,
          "acoustic_entropy_side": 10.520641326904297,
          "hz": 282.89161906338205
        },
        {
          "acoustic_entropy": 10.8336181640625,
          "acoustic_entropy_side": 10.520596504211426,
          "hz": 369.9353335868758
        },
        {
          "acoustic_entropy": 10.90989875793457,
          "acoustic_entropy_side": 10.565120697021484,
          "hz": 464.6875360973435
        },
        {
          "acoustic_entropy": 10.041315078735352,
          "acoustic_entropy_side": 10.499251365661621,
          "hz": 567.8308811364784
        },
        {
          "acoustic_entropy": 10.29599380493164,
          "acoustic_entropy_side": 10.531570434570312,
          "hz": 680.1084783214808
        },
        {
          "acoustic_entropy": 10.677290916442871,
          "acoustic_entropy_side": 10.576225280761719,
          "hz": 802.3292461747484
        },
        {
          "acoustic_entropy": 10.395026206970215,
          "acoustic_entropy_side": 9.990849494934082,
          "hz": 935.3737400823702
        },
        {
          "acoustic_entropy": 9.43478012084961,
          "acoustic_entropy_side": 9.986547470092773,
          "hz": 1080.2004963696966
        },
        {
          "acoustic_entropy": 9.975921630859375,
          "acoustic_entropy_side": 10.010037422180176,
          "hz": 1237.8529382007157
        },
        {
          "acoustic_entropy": 9.94615364074707,
          "acoustic_entropy_side": 9.890874862670898,
          "hz": 1409.4668930556702
        },
        {
          "acoustic_entropy": 9.333368301391602,
          "acoustic_entropy_side": 9.898452758789062,
          "hz": 1596.2787759475705
        },
        {
          "acoustic_entropy": 9.97693157196045,
          "acoustic_entropy_side": 10.080141067504883,
          "hz": 1799.6344973346393
        },
        {
          "acoustic_entropy": 9.551079750061035,
          "acoustic_entropy_side": 9.900469779968262,
          "hz": 2020.9991599069049
        },
        {
          "acoustic_entropy": 9.789216995239258,
          "acoustic_entropy_side": 10.19518756866455,
          "hz": 2261.9676141086993
        },
        {
          "acoustic_entropy": 9.945672988891602,
          "acoustic_entropy_side": 10.129268646240234,
          "hz": 2524.2759484456974
        },
        {
          "acoustic_entropy": 9.855337142944336,
          "acoustic_entropy_side": 9.968475341796875,
          "hz": 2809.813997359896
        },
        {
          "acoustic_entropy": 10.004609107971191,
          "acoustic_entropy_side": 10.521130561828613,
          "hz": 3120.6389567871424
        },
        {
          "acoustic_entropy": 10.16837215423584,
          "acoustic_entropy_side": 10.484979629516602,
          "hz": 3458.990205492291
        },
        {
          "acoustic_entropy": 10.445327758789062,
          "acoustic_entropy_side": 10.648618698120117,
          "hz": 3827.305438964164
        },
        {
          "acoustic_entropy": 10.42791748046875,
          "acoustic_entropy_side": 10.404154777526855,
          "hz": 4228.238232109126
        },
        {
          "acoustic_entropy": 10.22242259979248,
          "acoustic_entropy_side": 10.471641540527344,
          "hz": 4664.6771572759235
        },
        {
          "acoustic_entropy": 10.611384391784668,
          "acoustic_entropy_side": 10.3779935836792,
          "hz": 5139.766595350093
        },
        {
          "acoustic_entropy": 10.221495628356934,
          "acoustic_entropy_side": 10.337048530578613,
          "hz": 5656.929389854203
        },
        {
          "acoustic_entropy": 9.915594100952148,
          "acoustic_entropy_side": 10.166333198547363,
          "hz": 6219.891507268283
        },
        {
          "acoustic_entropy": 10.361358642578125,
          "acoustic_entropy_side": 10.281898498535156,
          "hz": 6832.70888123896
        },
        {
          "acoustic_entropy": 9.98888874053955,
          "acoustic_entropy_side": 10.232665061950684,
          "hz": 7499.796634079867
        },
        {
          "acoustic_entropy": 10.372011184692383,
          "acoustic_entropy_side": 10.268985748291016,
          "hz": 8225.96088609342
        },
        {
          "acoustic_entropy": 10.048178672790527,
          "acoustic_entropy_side": 10.140695571899414,
          "hz": 9016.43338188839
        },
        {
          "acoustic_entropy": 10.146933555603027,
          "acoustic_entropy_side": 10.350678443908691,
          "hz": 9876.909183162974
        },
        {
          "acoustic_entropy": 10.295648574829102,
          "acoustic_entropy_side": 10.383210182189941,
          "hz": 10813.587699516042
        },
        {
          "acoustic_entropy": 10.276028633117676,
          "acoustic_entropy_side": 10.364496231079102,
          "hz": 11833.21735289826
        },
        {
          "acoustic_entropy": 10.382739067077637,
          "acoustic_entropy_side": 10.498419761657715,
          "hz": 12943.144197493959
        },
        {
          "acoustic_entropy": 10.118504524230957,
          "acoustic_entropy_side": 10.299310684204102,
          "hz": 14151.364845322005
        },
        {
          "acoustic_entropy": 10.15664291381836,
          "acoustic_entropy_side": 10.342387199401855,
          "hz": 15466.58407886509
        },
        {
          "acoustic_entropy": 10.238374710083008,
          "acoustic_entropy_side": 10.370034217834473,
          "hz": 16898.27756580493
        },
        {
          "acoustic_entropy": 10.378262519836426,
          "acoustic_entropy_side": 10.394923210144043,
          "hz": 18456.760127700032
        },
        {
          "acoustic_entropy": 10.462933540344238,
          "acoustic_entropy_side": 10.421319961547852,
          "hz": 20153.260054456492
        },
        {
          "acoustic_entropy": 10.484354019165039,
          "acoustic_entropy_side": 10.473138809204102,
          "hz": 22000.00000000001
        }
      ],
      "diff_acoustic_entropy": 5.606081485748291,
      "sn": 12
    },
    {
      "acoustic_entropy": 14.602253913879395,
      "acoustic_entropy_mono": 13.426814079284668,
      "band_eliminated_acoustic_entropies": [
        {
          "acoustic_entropy": 14.312820434570312,
          "acoustic_entropy_side": 14.618122100830078,
          "hz": 129.47220167065723
        },
        {
          "acoustic_entropy": 12.942198753356934,
          "acoustic_entropy_side": 14.656112670898438,
          "hz": 202.92927478742237
        },
        {
          "acoustic_entropy": 14.586715698242188,
          "acoustic_entropy_side": 14.413857460021973,
          "hz": 282.89161906338205
        },
        {
          "acoustic_entropy": 14.193807601928711,
          "acoustic_entropy_side": 14.602442741394043,
          "hz": 369.9353335868758
        },
        {
          "acoustic_entropy": 15.720406532287598,
          "acoustic_entropy_side": 14.424297332763672,
          "hz": 464.6875360973435
        },
        {
          "acoustic_entropy": 14.190679550170898,
          "acoustic_entropy_side": 14.402798652648926,
          "hz": 567.8308811364784
        },
        {
          "acoustic_entropy": 14.324443817138672,
          "acoustic_entropy_side": 15.288474082946777,
          "hz": 680.1084783214808
        },
        {
          "acoustic_entropy": 14.619218826293945,
          "acoustic_entropy_side": 14.279878616333008,
          "hz": 802.3292461747484
        },
        {
          "acoustic_entropy": 14.659550666809082,
          "acoustic_entropy_side": 14.352693557739258,
          "hz": 935.3737400823702
        },
        {
          "acoustic_entropy": 15.219831466674805,
          "acoustic_entropy_side": 14.7260103225708,
          "hz": 1080.2004963696966
        },
        {
          "acoustic_entropy": 14.30640697479248,
          "acoustic_entropy_side": 14.494264602661133,
          "hz": 1237.8529382007157
        },
        {
          "acoustic_entropy": 14.704662322998047,
          "acoustic_entropy_side": 14.656615257263184,
          "hz": 1409.4668930556702
        },
        {
          "acoustic_entropy": 14.620058059692383,
          "acoustic_entropy_side": 14.7293119430542,
          "hz": 1596.2787759475705
        },
        {
          "acoustic_entropy": 14.946451187133789,
          "acoustic_entropy_side": 14.585203170776367,
          "hz": 1799.6344973346393
        },
        {
          "acoustic_entropy": 14.715890884399414,
          "acoustic_entropy_side": 14.718400001525879,
          "hz": 2020.9991599069049
        },
        {
          "acoustic_entropy": 14.566618919372559,
          "acoustic_entropy_side": 14.659406661987305,
          "hz": 2261.9676141086993
        },
        {
          "acoustic_entropy": 14.44363021850586,
          "acoustic_entropy_side": 14.442215919494629,
          "hz": 2524.2759484456974
        },
        {
          "acoustic_entropy": 14.653505325317383,
          "acoustic_entropy_side": 14.611434936523438,
          "hz": 2809.813997359896
        },
        {
