{
  "acoustic_entropy": 228.61729431152344,
  "bands": [
    {
      "high_freq": 148.1999969482422,
      "loudness": -20.003612518310547,
      "loudness_range": 22.163253784179688,
      "mid_mean": -17.16627311706543,
      "mid_to_side_loudness": -10.702154159545898,
      "mid_to_side_loudness_range": 24.55614471435547,
      "side_mean": -33.46591567993164
    },
    {
      "high_freq": 392.3793640136719,
      "loudness": -21.365211486816406,
      "loudness_range": 15.750041007995605,
      "low_freq": 148.1999969482422,
      "mid_mean": -19.623815536499023,
      "mid_to_side_loudness": -3.936609983444214,
      "mid_to_side_loudness_range": 14.348421096801758,
      "side_mean": -23.865829467773438
    },
    {
      "high_freq": 794.6976318359375,
      "loudness": -19.81463623046875,
      "loudness_range": 12.299680709838867,
      "low_freq": 392.3793640136719,
      "mid_mean": -18.129192352294922,
      "mid_to_side_loudness": -2.8881351947784424,
      "mid_to_side_loudness_range": 9.152441024780273,
      "side_mean": -21.094629287719727
    },
    {
      "high_freq": 1457.5709228515625,
      "loudness": -25.843355178833008,
      "loudness_range": 16.800622940063477,
      "low_freq": 794.6976318359375,
      "mid_mean": -24.286148071289062,
      "mid_to_side_loudness": -2.6732823848724365,
      "mid_to_side_loudness_range": 9.56515884399414,
      "side_mean": -27.01423454284668
    },
    {
      "high_freq": 2549.74365234375,
      "loudness": -28.118871688842773,
      "loudness_range": 19.303014755249023,
      "low_freq": 1457.5709228515625,
      "mid_mean": -25.96309471130371,
      "mid_to_side_loudness": -4.923513412475586,
      "mid_to_side_loudness_range": 12.173562049865723,
      "side_mean": -31.06922149658203
    },
    {
      "high_freq": 4349.24462890625,
      "loudness": -26.806360244750977,
      "loudness_range": 19.513994216918945,
      "low_freq": 2549.74365234375,
      "mid_mean": -24.30493927001953,
      "mid_to_side_loudness": -6.3542799949646,
      "mid_to_side_loudness_range": 12.660564422607422,
      "side_mean": -30.905193328857422
    },
    {
      "high_freq": 7314.1640625,
      "loudness": -29.883106231689453,
      "loudness_range": 18.669843673706055,
      "low_freq": 4349.24462890625,
      "mid_mean": -27.409379959106445,
      "mid_to_side_loudness": -6.5133867263793945,
      "mid_to_side_loudness_range": 13.938261032104492,
      "side_mean": -34.096885681152344
    },
    {
      "high_freq": 12199.2666015625,
      "loudness": -25.366127014160156,
      "loudness_range": 11.721651077270508,
      "low_freq": 7314.1640625,
      "mid_mean": -22.747190475463867,
      "mid_to_side_loudness": -7.437884330749512,
      "mid_to_side_loudness_range": 19.692272186279297,
      "side_mean": -32.72624969482422
    },
    {
      "loudness": -32.38999557495117,
      "loudness_range": 12.695621490478516,
      "low_freq": 12199.2666015625,
      "mid_mean": -29.870773315429688,
      "mid_to_side_loudness": -6.583379745483398,
      "mid_to_side_loudness_range": 16.201086044311523,
      "side_mean": -37.02781677246094
    }
  ],
  "bands_short": [
    {
      "high_freq": 148.1999969482422,
      "loudness": -24.609704971313477,
      "loudness_range": 36.42415237426758,
      "mid_mean": -22.29459571838379,
      "mid_to_side_loudness": -10.55985164642334,
      "mid_to_side_loudness_range": 26.269195556640625,
      "side_mean": -41.379302978515625
    },
    {
      "high_freq": 392.3793640136719,
      "loudness": -22.053537368774414,
      "loudness_range": 17.880172729492188,
      "low_freq": 148.1999969482422,
      "mid_mean": -20.74983787536621,
      "mid_to_side_loudness": -3.5225889682769775,
      "mid_to_side_loudness_range": 17.6393985748291,
      "side_mean": -24.456727981567383
    },
    {
      "high_freq": 794.6976318359375,
      "loudness": -20.308303833007812,
      "loudness_range": 13.296549797058105,
      "low_freq": 392.3793640136719,
      "mid_mean": -18.7249698638916,
      "mid_to_side_loudness": -3.1120798587799072,
      "mid_to_side_loudness_range": 12.191272735595703,
      "side_mean": -21.954553604125977
    },
    {
      "high_freq": 1457.5709228515625,
      "loudness": -25.22522735595703,
      "loudness_range": 17.629623413085938,
      "low_freq": 794.6976318359375,
      "mid_mean": -23.816556930541992,
      "mid_to_side_loudness": -2.8074028491973877,
      "mid_to_side_loudness_range": 13.168609619140625,
      "side_mean": -26.713016510009766
    },
    {
      "high_freq": 2549.74365234375,
      "loudness": -28.697654724121094,
      "loudness_range": 20.11393928527832,
      "low_freq": 1457.5709228515625,
      "mid_mean": -26.761629104614258,
      "mid_to_side_loudness": -4.611783027648926,
      "mid_to_side_loudness_range": 14.294638633728027,
      "side_mean": -31.550682067871094
    },
    {
      "high_freq": 4349.24462890625,
      "loudness": -27.35352897644043,
      "loudness_range": 20.637388229370117,
      "low_freq": 2549.74365234375,
      "mid_mean": -25.03661346435547,
      "mid_to_side_loudness": -5.851985931396484,
      "mid_to_side_loudness_range": 13.839844703674316,
      "side_mean": -31.121837615966797
    },
    {
      "high_freq": 7314.1640625,
      "loudness": -31.087526321411133,
      "loudness_range": 20.856277465820312,
      "low_freq": 4349.24462890625,
      "mid_mean": -28.84342384338379,
      "mid_to_side_loudness": -5.530869007110596,
      "mid_to_side_loudness_range": 13.34525203704834,
      "side_mean": -34.57114028930664
    },
    {
      "high_freq": 12199.2666015625,
      "loudness": -26.954959869384766,
      "loudness_range": 17.40496063232422,
      "low_freq": 7314.1640625,
      "mid_mean": -24.315387725830078,
      "mid_to_side_loudness": -6.841524600982666,
      "mid_to_side_loudness_range": 18.820499420166016,
      "side_mean": -34.171546936035156
    },
    {
      "loudness": -34.32441711425781,
      "loudness_range": 19.438156127929688,
      "low_freq": 12199.2666015625,
      "mid_mean": -31.966440200805664,
      "mid_to_side_loudness": -6.131498336791992,
      "mid_to_side_loudness_range": 16.90836524963379,
      "side_mean": -39.76194763183594
    }
  ],
  "bandwidth": 564.2216796875,
  "channels": 2,
  "covariance": [
    [
      87.91302490234375,
      38.304901123046875,
      9.189133644104004,
      0.8435831069946289,
      -0.5759214758872986,
      -0.8446012735366821,
      -4.914665222167969,
      -6.802334308624268,
      5.648618698120117,
      5.872063636779785,
      3.2381069660186768,
      -1.369889736175537,
      8.271101951599121,
      0.7970976233482361,
      11.870512962341309,
      10.28260326385498,
      13.945504188537598,
      8.769566535949707
    ],
    [
      38.304901123046875,
      109.25275421142578,
      14.62985610961914,
      16.05366325378418,
      12.266080856323242,
      13.70758056640625,
      15.525741577148438,
      17.678220748901367,
      23.3148250579834,
      24.048580169677734,
      20.406293869018555,
      22.259233474731445,
      20.212949752807617,
      16.586376190185547,
      10.447980880737305,
      29.147518157958984,
      10.585428237915039,
      16.922025680541992
    ],
    [
      9.189133644104004,
      14.62985610961914,
      43.9649772644043,
      23.297595977783203,
      10.933526992797852,
      10.259305000305176,
      14.813797950744629,
      11.68250560760498,
      21.868576049804688,
      12.354860305786133,
      22.873409271240234,
      12.038543701171875,
      25.9901123046875,
      10.728266716003418,
      11.684186935424805,
      21.41049575805664,
      10.239686012268066,
      8.402685165405273
    ],
    [
      0.8435831069946289,
      16.05366325378418,
      23.297595977783203,
      30.386165618896484,
      11.223714828491211,
      10.577836036682129,
      14.26563549041748,
      13.058489799499512,
      16.36467742919922,
      11.030108451843262,
      17.64491844177246,
      11.72819995880127,
      18.4134521484375,
      8.235187530517578,
      8.353693008422852,
      12.967973709106445,
      7.6250104904174805,
      3.154200792312622
    ],
    [
      -0.5759214758872986,
      12.266080856323242,
      10.933526992797852,
      11.223714828491211,
      24.061017990112305,
      16.36686134338379,
      20.770263671875,
      14.853009223937988,
      23.295230865478516,
      13.960658073425293,
      25.28917121887207,
      14.902883529663086,
      20.760116577148438,
      10.791749000549316,
      10.588300704956055,
      15.476371765136719,
      10.131794929504395,
      4.071018218994141
    ],
    [
      -0.8446012735366821,
      13.70758056640625,
      10.259305000305176,
      10.577836036682129,
      16.36686134338379,
      20.75965690612793,
      17.78663444519043,
      15.625127792358398,
      16.665578842163086,
      11.776570320129395,
      18.970905303955078,
      13.19061279296875,
      17.143957138061523,
      10.010934829711914,
      7.008209228515625,
      14.563499450683594,
      6.699238300323486,
      2.2825076580047607
    ],
    [
      -4.914665222167969,
      15.525741577148438,
      14.813797950744629,
      14.26563549041748,
      20.770263671875,
      17.78663444519043,
      40.034751892089844,
      28.3244571685791,
      28.717830657958984,
      19.406435012817383,
      33.2150764465332,
      23.561100006103516,
      26.749082565307617,
      17.156139373779297,
      11.805755615234375,
      22.985811233520508,
      12.590234756469727,
      6.908790588378906
    ],
    [
      -6.802334308624268,
      17.678220748901367,
      11.68250560760498,
      13.058489799499512,
      14.853009223937988,
      15.625127792358398,
      28.3244571685791,
      30.035367965698242,
      19.343048095703125,
      15.532234191894531,
      22.64019012451172,
      19.641679763793945,
      18.483203887939453,
      14.022073745727539,
      6.974812984466553,
      18.052000045776367,
      7.173183441162109,
      6.338588714599609
    ],
    [
      5.648618698120117,
      23.3148250579834,
      21.868576049804688,
      16.36467742919922,
      23.295230865478516,
      16.665578842163086,
      28.717830657958984,
      19.343048095703125,
      55.62166213989258,
      33.280235290527344,
      46.9421272277832,
      28.416645050048828,
      38.58180236816406,
      20.917644500732422,
      20.663299560546875,
      34.32777786254883,
      19.078237533569336,
      17.07820701599121
    ],
    [
      5.872063636779785,
      24.048580169677734,
      12.354860305786133,
      11.030108451843262,
      13.960658073425293,
      11.776570320129395,
      19.406435012817383,
      15.532234191894531,
      33.280235290527344,
      31.48774528503418,
      28.316364288330078,
      24.602500915527344,
      23.628711700439453,
      16.7413387298584,
      13.431832313537598,
      23.64153480529785,
      13.77209186553955,
      13.628992080688477
    ],
    [
      3.2381069660186768,
      20.406293869018555,
      22.873409271240234,
      17.64491844177246,
      25.28917121887207,
      18.970905303955078,
      33.2150764465332,
      22.64019012451172,
      46.9421272277832,
      28.316364288330078,
      53.771812438964844,
      31.84128189086914,
      42.456424713134766,
      23.857892990112305,
      21.623966217041016,
      35.38353729248047,
      20.292497634887695,
      15.893725395202637
    ],
    [
      -1.369889736175537,
      22.259233474731445,
      12.038543701171875,
      11.72819995880127,
      14.902883529663086,
      13.19061279296875,
      23.561100006103516,
      19.641679763793945,
      28.416645050048828,
      24.602500915527344,
      31.84128189086914,
      31.04230499267578,
      25.347618103027344,
      21.064903259277344,
      13.689250946044922,
      26.38528060913086,
      13.589298248291016,
      14.575596809387207
    ],
    [
      8.271101951599121,
      20.212949752807617,
      25.9901123046875,
      18.4134521484375,
      20.760116577148438,
      17.143957138061523,
      26.749082565307617,
      18.483203887939453,
      38.58180236816406,
      23.628711700439453,
      42.456424713134766,
      25.347618103027344,
      51.292728424072266,
      25.965221405029297,
      24.161283493041992,
      38.68428039550781,
      23.657852172851562,
      16.15982437133789
    ],
    [
      0.7970976233482361,
      16.586376190185547,
      10.728266716003418,
      8.235187530517578,
      10.791749000549316,
      10.010934829711914,
      17.156139373779297,
      14.022073745727539,
      20.917644500732422,
      16.7413387298584,
      23.857892990112305,
      21.064903259277344,
      25.965221405029297,
      24.386938095092773,
      12.005379676818848,
      34.356075286865234,
      13.684679985046387,
      19.45467185974121
    ],
    [
      11.870512962341309,
      10.447980880737305,
      11.684186935424805,
      8.353693008422852,
      10.588300704956055,
      7.008209228515625,
      11.805755615234375,
      6.974812984466553,
      20.663299560546875,
      13.431832313537598,
      21.623966217041016,
      13.689250946044922,
      24.161283493041992,
      12.005379676818848,
      25.15221405029297,
      19.018287658691406,
      22.308673858642578,
      11.361359596252441
    ],
    [
      10.28260326385498,
      29.147518157958984,
      21.41049575805664,
      12.967973709106445,
      15.476371765136719,
      14.563499450683594,
      22.985811233520508,
      18.052000045776367,
      34.32777786254883,
      23.64153480529785,
      35.38353729248047,
      26.38528060913086,
      38.68428039550781,
      34.356075286865234,
      19.018287658691406,
      81.65501403808594,
      20.90399932861328,
      47.19124221801758
    ],
    [
      13.945504188537598,
      10.585428237915039,
      10.239686012268066,
      7.6250104904174805,
      10.131794929504395,
      6.699238300323486,
      12.590234756469727,
      7.173183441162109,
      19.078237533569336,
      13.77209186553955,
      20.292497634887695,
      13.589298248291016,
      23.657852172851562,
      13.684679985046387,
      22.308673858642578,
      20.90399932861328,
      29.212907791137695,
      15.163787841796875
    ],
    [
      8.769566535949707,
      16.922025680541992,
      8.402685165405273,
      3.154200792312622,
      4.071018218994141,
      2.2825076580047607,
      6.908790588378906,
      6.338588714599609,
      17.07820701599121,
      13.628992080688477,
      15.893725395202637,
      14.575596809387207,
      16.15982437133789,
      19.45467185974121,
      11.361359596252441,
      47.19124221801758,
      15.163787841796875,
      53.73875427246094
    ]
  ],
  "covariance_short": [
    [
      232.18524169921875,
      136.53262329101562,
      11.247673988342285,
      1.526595115661621,
      -1.7171961069107056,
      -3.7096505165100098,
      -3.051628828048706,
      -4.394027233123779,
      7.1921892166137695,
      7.337111473083496,
      5.542436599731445,
      -0.1601300686597824,
      10.611096382141113,
      2.014754056930542,
      17.644363403320312,
      20.892192840576172,
      19.975292205810547,
      21.37053871154785
    ],
    [
      136.53262329101562,
      205.37686157226562,
      31.96666145324707,
      28.52203941345215,
      20.37979507446289,
      19.970455169677734,
      25.883569717407227,
      23.5070743560791,
      38.821327209472656,
      32.59956741333008,
      39.26455307006836,
      30.697023391723633,
      42.00802230834961,
      26.065048217773438,
      27.364105224609375,
      47.53064727783203,
      28.330896377563477,
      38.578857421875
    ],
    [
      11.247673988342285,
      31.96666145324707,
      58.492149353027344,
      27.45866584777832,
      11.397921562194824,
      10.312945365905762,
      13.799912452697754,
      13.313623428344727,
      22.72138214111328,
      12.83207893371582,
      24.09661102294922,
      13.38095760345459,
      25.538345336914062,
      11.597156524658203,
      13.75966739654541,
      23.244403839111328,
      12.499641418457031,
      16.879026412963867
    ],
    [
      1.526595115661621,
      28.52203941345215,
      27.45866584777832,
      38.312286376953125,
      11.774599075317383,
      11.490986824035645,
      14.093999862670898,
      13.491283416748047,
      16.975515365600586,
      11.4539213180542,
      18.23626136779785,
      12.636983871459961,
      17.580202102661133,
      8.836944580078125,
      8.610262870788574,
      14.974593162536621,
      7.762417793273926,
      8.274518966674805
    ],
    [
      -1.7171961069107056,
      20.37979507446289,
      11.397921562194824,
      11.774599075317383,
      29.464384078979492,
      18.316858291625977,
      20.852529525756836,
      14.1467866897583,
      24.603158950805664,
      13.682876586914062,
      26.831079483032227,
      14.934216499328613,
      20.978578567504883,
      10.776185989379883,
      11.70561695098877,
      15.98886775970459,
      11.038168907165527,
      8.855880737304688
    ],
    [
      -3.7096505165100098,
      19.970455169677734,
      10.312945365905762,
      11.490986824035645,
      18.316858291625977,
      27.27099609375,
      17.767969131469727,
      15.352663040161133,
      18.072046279907227,
      12.431007385253906,
      20.52704429626465,
      14.29947566986084,
      16.82060432434082,
      10.538633346557617,
      7.06247091293335,
      14.14926815032959,
      6.0613298416137695,
      5.169759273529053
    ],
    [
      -3.051628828048706,
      25.883569717407227,
      13.799912452697754,
      14.093999862670898,
      20.852529525756836,
      17.767969131469727,
      46.50092697143555,
      30.889083862304688,
      29.390779495239258,
      18.750913619995117,
      33.87559127807617,
      21.846843719482422,
      26.84086799621582,
      16.15632438659668,
      14.411896705627441,
      23.360368728637695,
      15.525486946105957,
      13.582011222839355
    ],
    [
      -4.394027233123779,
      23.5070743560791,
      13.313623428344727,
      13.491283416748047,
      14.1467866897583,
      15.352663040161133,
      30.889083862304688,
      38.20494079589844,
      19.74331283569336,
      15.90322208404541,
      22.976293563842773,
      18.710651397705078,
      19.1437931060791,
      13.8692626953125,
      8.740541458129883,
      19.882400512695312,
      9.355109214782715,
      10.804415702819824
    ],
    [
      7.1921892166137695,
      38.821327209472656,
      22.72138214111328,
      16.975515365600586,
      24.603158950805664,
      18.072046279907227,
      29.390779495239258,
      19.74331283569336,
      61.51504135131836,
      33.80074691772461,
      50.543888092041016,
      28.940584182739258,
      41.1353874206543,
      21.4986629486084,
      25.478626251220703,
      36.37819290161133,
      24.17755889892578,
      28.487091064453125
    ],
    [
      7.337111473083496,
      32.59956741333008,
      12.83207893371582,
      11.4539213180542,
      13.682876586914062,
      12.431007385253906,
      18.750913619995117,
      15.90322208404541,
      33.80074691772461,
      33.76222229003906,
      28.524919509887695,
      24.535982131958008,
      23.44068717956543,
      16.845115661621094,
      13.941951751708984,
      24.549251556396484,
      14.698345184326172,
      19.114383697509766
    ],
    [
      5.542436599731445,
      39.26455307006836,
      24.09661102294922,
      18.23626136779785,
      26.831079483032227,
      20.52704429626465,
      33.87559127807617,
      22.976293563842773,
      50.543888092041016,
      28.524919509887695,
      60.27189636230469,
      33.41377258300781,
      46.86195373535156,
      25.47018051147461,
      28.322053909301758,
      39.14267349243164,
      27.263883590698242,
      29.13059425354004
    ],
    [
      -0.1601300686597824,
      30.697023391723633,
      13.38095760345459,
      12.636983871459961,
      14.934216499328613,
      14.29947566986084,
      21.846843719482422,
      18.710651397705078,
      28.940584182739258,
      24.535982131958008,
      33.41377258300781,
      32.453765869140625,
      27.69091796875,
      22.47279167175293,
      16.014301300048828,
      29.14725112915039,
      16.178194046020508,
      21.47017478942871
    ],
    [
      10.611096382141113,
      42.00802230834961,
      25.538345336914062,
      17.580202102661133,
      20.978578567504883,
      16.82060432434082,
      26.84086799621582,
      19.1437931060791,
      41.1353874206543,
      23.44068717956543,
      46.86195373535156,
      27.69091796875,
      58.23308563232422,
      30.81275177001953,
      34.467350006103516,
      47.1038932800293,
      34.39217758178711,
      38.016422271728516
    ],
    [
      2.014754056930542,
      26.065048217773438,
      11.597156524658203,
      8.836944580078125,
      10.776185989379883,
      10.538633346557617,
      16.15632438659668,
      13.8692626953125,
      21.4986629486084,
      16.845115661621094,
      25.47018051147461,
      22.47279167175293,
      30.81275177001953,
      29.395421981811523,
      17.82826042175293,
      40.886024475097656,
      20.031883239746094,
      33.23752975463867
    ],
    [
      17.644363403320312,
      27.364105224609375,
      13.75966739654541,
      8.610262870788574,
      11.70561695098877,
      7.06247091293335,
      14.411896705627441,
      8.740541458129883,
      25.478626251220703,
      13.941951751708984,
      28.322053909301758,
      16.014301300048828,
      34.467350006103516,
      17.82826042175293,
      40.2418327331543,
      29.354177474975586,
      36.3945198059082,
      30.12196159362793
    ],
    [
      20.892192840576172,
      47.53064727783203,
      23.244403839111328,
      14.974593162536621,
      15.98886775970459,
      14.14926815032959,
      23.360368728637695,
      19.882400512695312,
      36.37819290161133,
      24.549251556396484,
      39.14267349243164,
      29.14725112915039,
      47.1038932800293,
      40.886024475097656,
      29.354177474975586,
      94.11432647705078,
      33.19068145751953,
      77.22682189941406
    ],
    [
      19.975292205810547,
      28.330896377563477,
      12.499641418457031,
      7.762417793273926,
      11.038168907165527,
      6.0613298416137695,
      15.525486946105957,
      9.355109214782715,
      24.17755889892578,
      14.698345184326172,
      27.263883590698242,
      16.178194046020508,
      34.39217758178711,
      20.031883239746094,
      36.3945198059082,
      33.19068145751953,
      47.3299674987793,
      38.274497985839844
    ],
    [
      21.37053871154785,
      38.578857421875,
      16.879026412963867,
      8.274518966674805,
      8.855880737304688,
      5.169759273529053,
      13.582011222839355,
      10.804415702819824,
      28.487091064453125,
      19.114383697509766,
      29.13059425354004,
      21.47017478942871,
      38.016422271728516,
      33.23752975463867,
      30.12196159362793,
      77.22682189941406,
      38.274497985839844,
      102.07215118408203
    ]
  ],
  "damage": -4.643401622772217,
  "diff_bandwidth": 568.7650756835938,
  "dissonance": 8.48775011984614,
  "drr": 3.028067111968994,
  "dynamics": 4.229890823364258,
  "format": 1245190,
  "frames": 15340480,
  "loudness": -9.994688034057617,
  "loudness_range": 12.883966445922852,
  "loudness_range_short": 13.535375595092773,
  "lowpass_true_peak_15khz": 1.1383957862854004,
  "mastering3_acoustic_entropies": [
    {
      "acoustic_entropy": 8.31027889251709,
      "acoustic_entropy_mono": 9.162622451782227,
      "band_eliminated_acoustic_entropies": [
        {
          "acoustic_entropy": 8.029684066772461,
          "acoustic_entropy_side": 8.293244361877441,
          "hz": 129.47220167065723
        },
        {
          "acoustic_entropy": 8.167394638061523,
          "acoustic_entropy_side": 8.1849946975708,
          "hz": 202.92927478742237
        },
        {
          "acoustic_entropy": 8.554590225219727,
          "acoustic_entropy_side": 8.27675724029541,
          "hz": 282.89161906338205
        },
        {
          "acoustic_entropy": 7.922707557678223,
          "acoustic_entropy_side": 8.387371063232422,
          "hz": 369.9353335868758
        },
        {
          "acoustic_entropy": 7.766952991485596,
          "acoustic_entropy_side": 8.488959312438965,
          "hz": 464.6875360973435
        },
        {
          "acoustic_entropy": 8.906730651855469,
          "acoustic_entropy_side": 8.937735557556152,
          "hz": 567.8308811364784
        },
        {
          "acoustic_entropy": 8.323806762695312,
          "acoustic_entropy_side": 8.399044036865234,
          "hz": 680.1084783214808
        },
        {
          "acoustic_entropy": 7.887415409088135,
          "acoustic_entropy_side": 7.905880928039551,
          "hz": 802.3292461747484
        },
        {
          "acoustic_entropy": 8.196581840515137,
          "acoustic_entropy_side": 7.884767055511475,
          "hz": 935.3737400823702
        },
        {
          "acoustic_entropy": 7.931368827819824,
          "acoustic_entropy_side": 8.821093559265137,
          "hz": 1080.2004963696966
        },
        {
          "acoustic_entropy": 8.378860473632812,
          "acoustic_entropy_side": 8.248905181884766,
          "hz": 1237.8529382007157
        },
        {
          "acoustic_entropy": 8.246647834777832,
          "acoustic_entropy_side": 8.286133766174316,
          "hz": 1409.4668930556702
        },
        {
          "acoustic_entropy": 8.591498374938965,
          "acoustic_entropy_side": 8.336483001708984,
          "hz": 1596.2787759475705
        },
        {
          "acoustic_entropy": 7.8467864990234375,
          "acoustic_entropy_side": 8.276110649108887,
          "hz": 1799.6344973346393
        },
        {
          "acoustic_entropy": 7.933439254760742,
          "acoustic_entropy_side": 8.307377815246582,
          "hz": 2020.9991599069049
        },
        {
          "acoustic_entropy": 8.166091918945312,
          "acoustic_entropy_side": 8.285024642944336,
          "hz": 2261.9676141086993
        },
        {
          "acoustic_entropy": 7.788228988647461,
          "acoustic_entropy_side": 8.189544677734375,
          "hz": 2524.2759484456974
        },
        {
          "acoustic_entropy": 8.192656517028809,
          "acoustic_entropy_side": 8.210874557495117,
          "hz": 2809.813997359896
        },
        {
          "acoustic_entropy": 8.219970703125,
          "acoustic_entropy_side": 8.270057678222656,
          "hz": 3120.6389567871424
        },
        {
          "acoustic_entropy": 8.294769287109375,
          "acoustic_entropy_side": 8.323030471801758,
          "hz": 3458.990205492291
        },
        {
          "acoustic_entropy": 8.384974479675293,
          "acoustic_entropy_side": 8.379840850830078,
          "hz": 3827.305438964164
        },
        {
          "acoustic_entropy": 8.170870780944824,
          "acoustic_entropy_side": 8.395493507385254,
          "hz": 4228.238232109126
        },
        {
          "acoustic_entropy": 8.181391716003418,
          "acoustic_entropy_side": 8.403261184692383,
          "hz": 4664.6771572759235
        },
        {
          "acoustic_entropy": 8.416376113891602,
          "acoustic_entropy_side": 8.37096118927002,
          "hz": 5139.766595350093
        },
        {
          "acoustic_entropy": 8.57084846496582,
          "acoustic_entropy_side": 8.35299301147461,
          "hz": 5656.929389854203
        },
        {
          "acoustic_entropy": 8.662663459777832,
          "acoustic_entropy_side": 8.365280151367188,
          "hz": 6219.891507268283
        },
        {
          "acoustic_entropy": 8.594186782836914,
          "acoustic_entropy_side": 8.318094253540039,
          "hz": 6832.70888123896
        },
        {
          "acoustic_entropy": 8.414259910583496,
          "acoustic_entropy_side": 8.319350242614746,
          "hz": 7499.796634079867
        },
        {
          "acoustic_entropy": 8.310644149780273,
          "acoustic_entropy_side": 8.319355964660645,
          "hz": 8225.96088609342
        },
        {
          "acoustic_entropy": 8.298697471618652,
          "acoustic_entropy_side": 8.25998592376709,
          "hz": 9016.43338188839
        },
        {
          "acoustic_entropy": 8.33128833770752,
          "acoustic_entropy_side": 8.270307540893555,
          "hz": 9876.909183162974
        },
        {
          "acoustic_entropy": 8.391096115112305,
          "acoustic_entropy_side": 8.323263168334961,
          "hz": 10813.587699516042
        },
        {
          "acoustic_entropy": 8.385393142700195,
          "acoustic_entropy_side": 8.377862930297852,
          "hz": 11833.21735289826
        },
        {
          "acoustic_entropy": 8.424765586853027,
          "acoustic_entropy_side": 8.468134880065918,
          "hz": 12943.144197493959
        },
        {
          "acoustic_entropy": 8.533598899841309,
          "acoustic_entropy_side": 8.516242980957031,
          "hz": 14151.364845322005
        },
        {
          "acoustic_entropy": 8.409927368164062,
          "acoustic_entropy_side": 8.369367599487305,
          "hz": 15466.58407886509
        },
        {
          "acoustic_entropy": 8.365788459777832,
          "acoustic_entropy_side": 8.343134880065918,
          "hz": 16898.27756580493
        },
        {
          "acoustic_entropy": 8.271437644958496,
          "acoustic_entropy_side": 8.471475601196289,
          "hz": 18456.760127700032
        },
        {
          "acoustic_entropy": 8.381949424743652,
          "acoustic_entropy_side": 8.32724380493164,
          "hz": 20153.260054456492
        },
        {
          "acoustic_entropy": 8.321292877197266,
          "acoustic_entropy_side": 8.312355041503906,
          "hz": 22000.00000000001
        }
      ],
      "diff_acoustic_entropy": 4.357756614685059,
      "sn": 6
    },
    {
      "acoustic_entropy": 15.016273498535156,
      "acoustic_entropy_mono": 15.14939022064209,
      "band_eliminated_acoustic_entropies": [
        {
          "acoustic_entropy": 14.673357963562012,
          "acoustic_entropy_side": 15.129063606262207,
          "hz": 129.47220167065723
        },
        {
          "acoustic_entropy": 14.901595115661621,
          "acoustic_entropy_side": 15.097646713256836,
          "hz": 202.92927478742237
        },
        {
          "acoustic_entropy": 14.708544731140137,
          "acoustic_entropy_side": 14.943537712097168,
          "hz": 282.89161906338205
        },
        {
          "acoustic_entropy": 14.262782096862793,
          "acoustic_entropy_side": 15.111617088317871,
          "hz": 369.9353335868758
        },
        {
          "acoustic_entropy": 15.054708480834961,
          "acoustic_entropy_side": 15.234060287475586,
          "hz": 464.6875360973435
        },
        {
          "acoustic_entropy": 14.718173027038574,
          "acoustic_entropy_side": 14.510273933410645,
          "hz": 567.8308811364784
        },
        {
          "acoustic_entropy": 14.756779670715332,
          "acoustic_entropy_side": 15.143988609313965,
          "hz": 680.1084783214808
        },
        {
          "acoustic_entropy": 14.704545021057129,
          "acoustic_entropy_side": 14.177118301391602,
          "hz": 802.3292461747484
        },
        {
          "acoustic_entropy": 14.243450164794922,
          "acoustic_entropy_side": 14.968992233276367,
          "hz": 935.3737400823702
        },
        {
          "acoustic_entropy": 13.99553394317627,
          "acoustic_entropy_side": 15.34237003326416,
          "hz": 1080.2004963696966
        },
        {
          "acoustic_entropy": 14.188267707824707,
          "acoustic_entropy_side": 14.724515914916992,
          "hz": 1237.8529382007157
        },
        {
          "acoustic_entropy": 14.303937911987305,
          "acoustic_entropy_side": 15.023819923400879,
          "hz": 1409.4668930556702
        },
        {
          "acoustic_entropy": 15.08841323852539,
          "acoustic_entropy_side": 14.98516845703125,
          "hz": 1596.2787759475705
        },
        {
          "acoustic_entropy": 14.649252891540527,
          "acoustic_entropy_side": 14.88265323638916,
          "hz": 1799.6344973346393
        },
        {
          "acoustic_entropy": 15.244475364685059,
          "acoustic_entropy_side": 14.825507164001465,
          "hz": 2020.9991599069049
        },
        {
          "acoustic_entropy": 15.36903190612793,
          "acoustic_entropy_side": 14.77002239227295,
          "hz": 2261.9676141086993
        },
        {
          "acoustic_entropy": 14.860390663146973,
          "acoustic_entropy_side": 14.790802955627441,
          "hz": 2524.2759484456974
        },
        {
          "acoustic_entropy": 14.555140495300293,
          "acoustic_entropy_side": 14.985274314880371,
          "hz": 2809.813997359896
        },
        {
          "acoustic_entropy": 14.785796165466309,
          "acoustic_entropy_side": 15.030550956726074,
          "hz": 3120.6389567871424
        },
        {
          "acoustic_entropy": 14.91435432434082,
          "acoustic_entropy_side": 14.904702186584473,
          "hz": 3458.990205492291
        },
        {
          "acoustic_entropy": 14.835917472839355,
          "acoustic_entropy_side": 14.824750900268555,
          "hz": 3827.305438964164
        },
        {
          "acoustic_entropy": 14.94101333618164,
          "acoustic_entropy_side": 14.956645965576172,
          "hz": 4228.238232109126
        },
        {
          "acoustic_entropy": 14.668703079223633,
          "acoustic_entropy_side": 15.035632133483887,
          "hz": 4664.6771572759235
        },
        {
          "acoustic_entropy": 15.009127616882324,
          "acoustic_entropy_side": 14.972911834716797,
          "hz": 5139.766595350093
        },
        {
          "acoustic_entropy": 14.86386489868164,
          "acoustic_entropy_side": 14.99240493774414,
          "hz": 5656.929389854203
        },
        {
          "acoustic_entropy": 14.92172908782959,
          "acoustic_entropy_side": 15.000760078430176,
          "hz": 6219.891507268283
        },
        {
          "acoustic_entropy": 14.933792114257812,
          "acoustic_entropy_side": 14.973810195922852,
          "hz": 6832.70888123896
        },
        {
          "acoustic_entropy": 15.160849571228027,
          "acoustic_entropy_side": 14.981106758117676,
          "hz": 7499.796634079867
        },
        {
          "acoustic_entropy": 14.956684112548828,
          "acoustic_entropy_side": 14.965987205505371,
          "hz": 8225.96088609342
        },
        {
          "acoustic_entropy": 14.556386947631836,
          "acoustic_entropy_side": 14.729853630065918,
          "hz": 9016.43338188839
        },
        {
          "acoustic_entropy": 14.707724571228027,
          "acoustic_entropy_side": 14.926182746887207,
          "hz": 9876.909183162974
        },
        {
          "acoustic_entropy": 14.78594970703125,
          "acoustic_entropy_side": 14.929000854492188,
          "hz": 10813.587699516042
        },
        {
          "acoustic_entropy": 14.883661270141602,
          "acoustic_entropy_side": 14.914290428161621,
          "hz": 11833.21735289826
        },
        {
          "acoustic_entropy": 14.767717361450195,
          "acoustic_entropy_side": 14.905173301696777,
          "hz": 12943.144197493959
        },
        {
          "acoustic_entropy": 14.797423362731934,
          "acoustic_entropy_side": 14.93758773803711,
          "hz": 14151.364845322005
        },
        {
          "acoustic_entropy": 15.012535095214844,
          "acoustic_entropy_side": 14.995429992675781,
          "hz": 15466.58407886509
        },
        {
          "acoustic_entropy": 14.964315414428711,
          "acoustic_entropy_side": 15.046031951904297,
          "hz": 16898.27756580493
        },
        {
          "acoustic_entropy": 14.222723960876465,
          "acoustic_entropy_side": 14.678817749023438,
          "hz": 18456.760127700032
        },
        {
          "acoustic_entropy": 14.79453182220459,
          "acoustic_entropy_side": 15.048052787780762,
          "hz": 20153.260054456492
        },
        {
          "acoustic_entropy": 15.029337882995605,
          "acoustic_entropy_side": 15.030219078063965,
          "hz": 22000.00000000001
        }
      ],
      "diff_acoustic_entropy": 8.65314769744873,
      "sn": 12
    },
    {
      "acoustic_entropy": 23.514041900634766,
      "acoustic_entropy_mono": 20.65494728088379,
      "band_eliminated_acoustic_entropies": [
        {
          "acoustic_entropy": 22.693458557128906,
          "acoustic_entropy_side": 23.079748153686523,
          "hz": 129.47220167065723
        },
        {
          "acoustic_entropy": 23.403722763061523,
          "acoustic_entropy_side": 24.329832077026367,
          "hz": 202.92927478742237
        },
        {
          "acoustic_entropy": 24.44270896911621,
          "acoustic_entropy_side": 24.22003173828125,
          "hz": 282.89161906338205
        },
        {
          "acoustic_entropy": 23.80957794189453,
          "acoustic_entropy_side": 24.433738708496094,
          "hz": 369.9353335868758
        },
        {
          "acoustic_entropy": 24.429183959960938,
          "acoustic_entropy_side": 23.268325805664062,
          "hz": 464.6875360973435
        },
        {
          "acoustic_entropy": 24.492298126220703,
          "acoustic_entropy_side": 24.532419204711914,
          "hz": 567.8308811364784
        },
        {
          "acoustic_entropy": 24.047868728637695,
          "acoustic_entropy_side": 24.579118728637695,
          "hz": 680.1084783214808
        },
        {
          "acoustic_entropy": 23.131610870361328,
          "acoustic_entropy_side": 23.74673843383789,
          "hz": 802.3292461747484
        },
        {
          "acoustic_entropy": 23.784143447875977,
          "acoustic_entropy_side": 23.83224105834961,
          "hz": 935.3737400823702
        },
        {
          "acoustic_entropy": 22.37785530090332,
          "acoustic_entropy_side": 24.444746017456055,
          "hz": 1080.2004963696966
        },
        {
          "acoustic_entropy": 23.62810707092285,
          "acoustic_entropy_side": 23.512859344482422,
          "hz": 1237.8529382007157
        },
        {
          "acoustic_entropy": 24.19386100769043,
          "acoustic_entropy_side": 24.178964614868164,
          "hz": 1409.4668930556702
        },
        {
          "acoustic_entropy": 23.888593673706055,
          "acoustic_entropy_side": 23.3896541595459,
          "hz": 1596.2787759475705
        },
        {
          "acoustic_entropy": 23.420124053955078,
          "acoustic_entropy_side": 22.793764114379883,
          "hz": 1799.6344973346393
        },
        {
          "acoustic_entropy": 23.097209930419922,
          "acoustic_entropy_side": 23.36664581298828,
          "hz": 2020.9991599069049
        },
        {
          "acoustic_entropy": 24.50090789794922,
          "acoustic_entropy_side": 23.55206298828125,
          "hz": 2261.9676141086993
        },
        {
          "acoustic_entropy": 23.67576789855957,
          "acoustic_entropy_side": 23.723392486572266,
          "hz": 2524.2759484456974
        },
        {
          "acoustic_entropy": 23.63947105407715,
          "acoustic_entropy_side": 23.502920150756836,
          "hz": 2809.813997359896
        },
        {
