{
  "acoustic_entropy": 185.50164794921875,
  "bands": [
    {
      "high_freq": 148.1999969482422,
      "loudness": -55.671688079833984,
      "loudness_range": 28.216960906982422,
      "mid_mean": -53.43181228637695,
      "mid_to_side_loudness": -4.220953464508057,
      "mid_to_side_loudness_range": 6.159020900726318,
      "side_mean": -57.23542785644531
    },
    {
      "high_freq": 392.3793640136719,
      "loudness": -38.53527069091797,
      "loudness_range": 26.71204948425293,
      "low_freq": 148.1999969482422,
      "mid_mean": -38.3386116027832,
      "mid_to_side_loudness": -0.5735256671905518,
      "mid_to_side_loudness_range": 10.818897247314453,
      "side_mean": -38.82554244995117
    },
    {
      "high_freq": 794.6976318359375,
      "loudness": -42.126190185546875,
      "loudness_range": 25.534311294555664,
      "low_freq": 392.3793640136719,
      "mid_mean": -42.51871871948242,
      "mid_to_side_loudness": 0.7766827344894409,
      "mid_to_side_loudness_range": 7.5732879638671875,
      "side_mean": -41.695045471191406
    },
    {
      "high_freq": 1457.5709228515625,
      "loudness": -45.53538513183594,
      "loudness_range": 26.910667419433594,
      "low_freq": 794.6976318359375,
      "mid_mean": -45.52505111694336,
      "mid_to_side_loudness": -0.2301941215991974,
      "mid_to_side_loudness_range": 5.962364196777344,
      "side_mean": -45.88015365600586
    },
    {
      "high_freq": 2549.74365234375,
      "loudness": -47.106266021728516,
      "loudness_range": 29.50992202758789,
      "low_freq": 1457.5709228515625,
      "mid_mean": -47.54087829589844,
      "mid_to_side_loudness": -0.1644507795572281,
      "mid_to_side_loudness_range": 4.889962196350098,
      "side_mean": -47.73377990722656
    },
    {
      "high_freq": 4349.24462890625,
      "loudness": -49.285701751708984,
      "loudness_range": 31.294795989990234,
      "low_freq": 2549.74365234375,
      "mid_mean": -51.26055145263672,
      "mid_to_side_loudness": 0.04188185930252075,
      "mid_to_side_loudness_range": 5.2368574142456055,
      "side_mean": -51.20769119262695
    },
    {
      "high_freq": 7314.1640625,
      "loudness": -58.751380920410156,
      "loudness_range": 31.44266128540039,
      "low_freq": 4349.24462890625,
      "mid_mean": -58.87897872924805,
      "mid_to_side_loudness": 0.10665419697761536,
      "mid_to_side_loudness_range": 4.139721870422363,
      "side_mean": -58.785552978515625
    },
    {
      "high_freq": 12199.2666015625,
      "loudness": -65.9768295288086,
      "loudness_range": 29.392677307128906,
      "low_freq": 7314.1640625,
      "mid_mean": -63.87314987182617,
      "mid_to_side_loudness": -0.09412433207035065,
      "mid_to_side_loudness_range": 2.631927013397217,
      "side_mean": -63.89201354980469
    },
    {
      "loudness": -72.15827178955078,
      "loudness_range": 25.733600616455078,
      "low_freq": 12199.2666015625,
      "mid_mean": -66.2157974243164,
      "mid_to_side_loudness": -2.2014739513397217,
      "mid_to_side_loudness_range": 6.338608741760254,
      "side_mean": -66.5260238647461
    }
  ],
  "bands_short": [
    {
      "high_freq": 148.1999969482422,
      "loudness": -60.229923248291016,
      "loudness_range": 24.08132553100586,
      "mid_mean": -58.04660415649414,
      "mid_to_side_loudness": -3.3618035316467285,
      "mid_to_side_loudness_range": 11.44427490234375,
      "side_mean": -60.825923919677734
    },
    {
      "high_freq": 392.3793640136719,
      "loudness": -39.43791580200195,
      "loudness_range": 28.253902435302734,
      "low_freq": 148.1999969482422,
      "mid_mean": -39.1756477355957,
      "mid_to_side_loudness": -1.2416911125183105,
      "mid_to_side_loudness_range": 13.000904083251953,
      "side_mean": -40.097286224365234
    },
    {
      "high_freq": 794.6976318359375,
      "loudness": -41.451847076416016,
      "loudness_range": 25.541637420654297,
      "low_freq": 392.3793640136719,
      "mid_mean": -41.84764862060547,
      "mid_to_side_loudness": 0.5854994654655457,
      "mid_to_side_loudness_range": 10.525035858154297,
      "side_mean": -41.26166915893555
    },
    {
      "high_freq": 1457.5709228515625,
      "loudness": -45.59468460083008,
      "loudness_range": 26.862998962402344,
      "low_freq": 794.6976318359375,
      "mid_mean": -45.74991226196289,
      "mid_to_side_loudness": -0.18566443026065826,
      "mid_to_side_loudness_range": 8.217671394348145,
      "side_mean": -46.03114318847656
    },
    {
      "high_freq": 2549.74365234375,
      "loudness": -47.543487548828125,
      "loudness_range": 29.56360626220703,
      "low_freq": 1457.5709228515625,
      "mid_mean": -48.427391052246094,
      "mid_to_side_loudness": -0.15269777178764343,
      "mid_to_side_loudness_range": 7.026218414306641,
      "side_mean": -48.70622253417969
    },
    {
      "high_freq": 4349.24462890625,
      "loudness": -49.35158920288086,
      "loudness_range": 31.587234497070312,
      "low_freq": 2549.74365234375,
      "mid_mean": -51.489173889160156,
      "mid_to_side_loudness": 0.06413585692644119,
      "mid_to_side_loudness_range": 6.843235015869141,
      "side_mean": -51.421966552734375
    },
    {
      "high_freq": 7314.1640625,
      "loudness": -59.03167724609375,
      "loudness_range": 31.74789047241211,
      "low_freq": 4349.24462890625,
      "mid_mean": -59.155250549316406,
      "mid_to_side_loudness": 0.11631558835506439,
      "mid_to_side_loudness_range": 5.763406753540039,
      "side_mean": -59.055397033691406
    },
    {
      "high_freq": 12199.2666015625,
      "loudness": -66.20683288574219,
      "loudness_range": 29.372722625732422,
      "low_freq": 7314.1640625,
      "mid_mean": -64.09903717041016,
      "mid_to_side_loudness": -0.0924597904086113,
      "mid_to_side_loudness_range": 4.074078559875488,
      "side_mean": -64.11793518066406
    },
    {
      "loudness": -72.48341369628906,
      "loudness_range": 25.531421661376953,
      "low_freq": 12199.2666015625,
      "mid_mean": -66.3697738647461,
      "mid_to_side_loudness": -2.321439743041992,
      "mid_to_side_loudness_range": 7.00897216796875,
      "side_mean": -66.68878936767578
    }
  ],
  "bandwidth": 570.4144287109375,
  "channels": 2,
  "covariance": [
    [
      95.68978881835938,
      81.9648666381836,
      36.96076202392578,
      36.430625915527344,
      29.364933013916016,
      29.95679473876953,
      21.182708740234375,
      22.82669448852539,
      24.14647102355957,
      24.50322914123535,
      34.21476745605469,
      34.2850456237793,
      23.674989700317383,
      23.748735427856445,
      14.318337440490723,
      14.004555702209473,
      9.566993713378906,
      9.522638320922852
    ],
    [
      81.9648666381836,
      74.4695816040039,
      33.94085693359375,
      33.82354736328125,
      27.6093692779541,
      28.091777801513672,
      20.40498924255371,
      21.753273010253906,
      22.9509220123291,
      23.278440475463867,
      31.17622947692871,
      31.01593017578125,
      21.757198333740234,
      21.80118179321289,
      13.321980476379395,
      13.077362060546875,
      8.859060287475586,
      8.814027786254883
    ],
    [
      36.96076202392578,
      33.94085693359375,
      92.630615234375,
      82.80602264404297,
      68.55136108398438,
      68.3274154663086,
      67.31896209716797,
      68.84115600585938,
      73.10395812988281,
      73.38986206054688,
      74.90684509277344,
      75.80809783935547,
      59.22683334350586,
      59.445640563964844,
      39.114051818847656,
      39.15848922729492,
      25.015119552612305,
      25.904556274414062
    ],
    [
      36.430625915527344,
      33.82354736328125,
      82.80602264404297,
      93.6287612915039,
      68.94005584716797,
      67.94860076904297,
      68.31583404541016,
      69.3796615600586,
      73.6946029663086,
      73.85292053222656,
      75.8142318725586,
      76.31348419189453,
      59.933021545410156,
      60.03636169433594,
      40.31952667236328,
      40.41753387451172,
      26.09840965270996,
      27.028053283691406
    ],
    [
      29.364933013916016,
      27.6093692779541,
      68.55136108398438,
      68.94005584716797,
      86.66663360595703,
      78.97676849365234,
      73.63577270507812,
      74.15977478027344,
      79.79290771484375,
      80.29608154296875,
      82.40866088867188,
      82.80753326416016,
      64.75862884521484,
      65.0458755493164,
      42.91929626464844,
      42.83589553833008,
      26.79729461669922,
      27.7933406829834
    ],
    [
      29.95679473876953,
      28.091777801513672,
      68.3274154663086,
      67.94860076904297,
      78.97676849365234,
      83.00440979003906,
      72.04925537109375,
      72.35041809082031,
      77.87232208251953,
      78.13571166992188,
      80.42411041259766,
      80.5469741821289,
      63.01814270019531,
      63.530399322509766,
      41.66770935058594,
      41.54865646362305,
      26.015737533569336,
      27.028932571411133
    ],
    [
      21.182708740234375,
      20.40498924255371,
      67.31896209716797,
      68.31583404541016,
      73.63577270507812,
      72.04925537109375,
      94.13422393798828,
      89.73403930664062,
      91.76104736328125,
      92.4120864868164,
      97.77826690673828,
      98.35323333740234,
      78.29114532470703,
      78.60526275634766,
      52.91866683959961,
      52.78297424316406,
      34.01636505126953,
      35.37352752685547
    ],
    [
      22.82669448852539,
      21.753273010253906,
      68.84115600585938,
      69.3796615600586,
      74.15977478027344,
      72.35041809082031,
      89.73403930664062,
      92.89705657958984,
      92.49996948242188,
      93.14282989501953,
      97.78231048583984,
      98.146240234375,
      77.68202209472656,
      78.08377838134766,
      52.414371490478516,
      52.310150146484375,
      33.7401008605957,
      35.074180603027344
    ],
    [
      24.14647102355957,
      22.9509220123291,
      73.10395812988281,
      73.6946029663086,
      79.79290771484375,
      77.87232208251953,
      91.76104736328125,
      92.49996948242188,
      110.83946990966797,
      109.37873077392578,
      110.82246398925781,
      111.65473175048828,
      88.97054290771484,
      89.47447967529297,
      59.77887725830078,
      59.740447998046875,
      37.77873992919922,
      39.27150344848633
    ],
    [
      24.50322914123535,
      23.278440475463867,
      73.38986206054688,
      73.85292053222656,
      80.29608154296875,
      78.13571166992188,
      92.4120864868164,
      93.14282989501953,
      109.37873077392578,
      112.28545379638672,
      111.9940414428711,
      112.75196838378906,
      89.85276794433594,
      90.34252166748047,
      60.62950134277344,
      60.501380920410156,
      38.3983268737793,
      39.9219970703125
    ],
    [
      34.21476745605469,
      31.17622947692871,
      74.90684509277344,
      75.8142318725586,
      82.40866088867188,
      80.42411041259766,
      97.77826690673828,
      97.78231048583984,
      110.82246398925781,
      111.9940414428711,
      137.64149475097656,
      137.00042724609375,
      105.21356964111328,
      105.96200561523438,
      69.8783950805664,
      69.77320861816406,
      44.058380126953125,
      45.556373596191406
    ],
    [
      34.2850456237793,
      31.01593017578125,
      75.80809783935547,
      76.31348419189453,
      82.80753326416016,
      80.5469741821289,
      98.35323333740234,
      98.146240234375,
      111.65473175048828,
      112.75196838378906,
      137.00042724609375,
      139.1963653564453,
      105.95136260986328,
      106.6216049194336,
      70.43279266357422,
      70.30452728271484,
      44.418365478515625,
      45.952327728271484
    ],
    [
      23.674989700317383,
      21.757198333740234,
      59.22683334350586,
      59.933021545410156,
      64.75862884521484,
      63.01814270019531,
      78.29114532470703,
      77.68202209472656,
      88.97054290771484,
      89.85276794433594,
      105.21356964111328,
      105.95136260986328,
      90.49390411376953,
      90.39663696289062,
      62.60068893432617,
      62.53049850463867,
      41.2974967956543,
      42.629638671875
    ],
    [
      23.748735427856445,
      21.80118179321289,
      59.445640563964844,
      60.03636169433594,
      65.0458755493164,
      63.530399322509766,
      78.60526275634766,
      78.08377838134766,
      89.47447967529297,
      90.34252166748047,
      105.96200561523438,
      106.6216049194336,
      90.39663696289062,
      91.81180572509766,
      63.06867599487305,
      63.01542282104492,
      41.62761688232422,
      42.97419357299805
    ],
    [
      14.318337440490723,
      13.321980476379395,
      39.114051818847656,
      40.31952667236328,
      42.91929626464844,
      41.66770935058594,
      52.91866683959961,
      52.414371490478516,
      59.77887725830078,
      60.62950134277344,
      69.8783950805664,
      70.43279266357422,
      62.60068893432617,
      63.06867599487305,
      48.575782775878906,
      48.27236557006836,
      33.07215881347656,
      34.088741302490234
    ],
    [
      14.004555702209473,
      13.077362060546875,
      39.15848922729492,
      40.41753387451172,
      42.83589553833008,
      41.54865646362305,
      52.78297424316406,
      52.310150146484375,
      59.740447998046875,
      60.501380920410156,
      69.77320861816406,
      70.30452728271484,
      62.53049850463867,
      63.01542282104492,
      48.27236557006836,
      48.464298248291016,
      33.055782318115234,
      34.07172393798828
    ],
    [
      9.566993713378906,
      8.859060287475586,
      25.015119552612305,
      26.09840965270996,
      26.79729461669922,
      26.015737533569336,
      34.01636505126953,
      33.7401008605957,
      37.77873992919922,
      38.3983268737793,
      44.058380126953125,
      44.418365478515625,
      41.2974967956543,
      41.62761688232422,
      33.07215881347656,
      33.055782318115234,
      24.787155151367188,
      25.3955078125
    ],
    [
      9.522638320922852,
      8.814027786254883,
      25.904556274414062,
      27.028053283691406,
      27.7933406829834,
      27.028932571411133,
      35.37352752685547,
      35.074180603027344,
      39.27150344848633,
      39.9219970703125,
      45.556373596191406,
      45.952327728271484,
      42.629638671875,
      42.97419357299805,
      34.088741302490234,
      34.07172393798828,
      25.3955078125,
      26.2059326171875
    ]
  ],
  "covariance_short": [
    [
      56.420047760009766,
      44.851890563964844,
      36.795814514160156,
      32.15308380126953,
      23.747724533081055,
      24.979900360107422,
      19.270017623901367,
      20.051471710205078,
      22.522056579589844,
      22.73349952697754,
      27.079225540161133,
      27.6123104095459,
      19.6735897064209,
      19.919178009033203,
      11.630171775817871,
      11.488667488098145,
      7.883017063140869,
      7.897574424743652
    ],
    [
      44.851890563964844,
      45.46930694580078,
      32.688533782958984,
      30.347455978393555,
      21.89023208618164,
      23.19828987121582,
      18.389549255371094,
      18.89551544189453,
      21.227554321289062,
      21.441896438598633,
      24.910446166992188,
      25.129121780395508,
      18.21573829650879,
      18.343124389648438,
      11.163989067077637,
      11.048927307128906,
      7.520125865936279,
      7.515124320983887
    ],
    [
      36.795814514160156,
      32.688533782958984,
      102.00279235839844,
      87.17630004882812,
      67.96321868896484,
      69.43002319335938,
      66.91255187988281,
      68.0756607055664,
      74.8065414428711,
      75.53191375732422,
      76.97830963134766,
      77.74026489257812,
      59.565025329589844,
      59.73915481567383,
      38.36212158203125,
      38.31748962402344,
      24.019990921020508,
      24.860820770263672
    ],
    [
      32.15308380126953,
      30.347455978393555,
      87.17630004882812,
      102.89913940429688,
      68.22786712646484,
      69.91944122314453,
      68.64788818359375,
      69.27056121826172,
      75.76170349121094,
      75.84134674072266,
      77.45638275146484,
      78.06666564941406,
      60.14898681640625,
      60.20995330810547,
      39.533935546875,
      39.5486946105957,
      25.12705421447754,
      26.006261825561523
    ],
    [
      23.747724533081055,
      21.89023208618164,
      67.96321868896484,
      68.22786712646484,
      86.3099136352539,
      76.24666595458984,
      71.33214569091797,
      71.706787109375,
      78.30821990966797,
      78.83171081542969,
      80.55218505859375,
      81.20063781738281,
      62.39497756958008,
      62.7412223815918,
      40.82871627807617,
      40.72329330444336,
      25.17253303527832,
      26.11005210876465
    ],
    [
      24.979900360107422,
      23.19828987121582,
      69.43002319335938,
      69.91944122314453,
      76.24666595458984,
      85.84547424316406,
      71.51643371582031,
      71.67220306396484,
      78.30792999267578,
      78.38740539550781,
      80.77944946289062,
      80.97352600097656,
      62.42518997192383,
      62.879417419433594,
      40.717777252197266,
      40.62324142456055,
      25.208816528320312,
      26.1919002532959
    ],
    [
      19.270017623901367,
      18.389549255371094,
      66.91255187988281,
      68.64788818359375,
      71.33214569091797,
      71.51643371582031,
      95.14551544189453,
      88.34833526611328,
      92.23683166503906,
      92.68214416503906,
      97.75663757324219,
      98.48533630371094,
      77.30888366699219,
      77.6488037109375,
      51.64701843261719,
      51.50807189941406,
      32.56508255004883,
      33.82414627075195
    ],
    [
      20.051471710205078,
      18.89551544189453,
      68.0756607055664,
      69.27056121826172,
      71.706787109375,
      71.67220306396484,
      88.34833526611328,
      93.94258117675781,
      93.02485656738281,
      93.45392608642578,
      97.61163330078125,
      98.12680053710938,
      76.66736602783203,
      77.09639739990234,
      51.06838607788086,
      50.92657470703125,
      32.25334930419922,
      33.49787902832031
    ],
    [
      22.522056579589844,
      21.227554321289062,
      74.8065414428711,
      75.76170349121094,
      78.30821990966797,
      78.30792999267578,
      92.23683166503906,
      93.02485656738281,
      117.38555145263672,
      114.3819580078125,
      115.91947937011719,
      116.79723358154297,
      90.51202392578125,
      91.03884887695312,
      59.53090286254883,
      59.47776794433594,
      36.8892936706543,
      38.308738708496094
    ],
    [
      22.73349952697754,
      21.441896438598633,
      75.53191375732422,
      75.84134674072266,
      78.83171081542969,
      78.38740539550781,
      92.68214416503906,
      93.45392608642578,
      114.3819580078125,
      119.88085174560547,
      118.22438049316406,
      119.14058685302734,
      91.9075698852539,
      92.42959594726562,
      60.570518493652344,
      60.42237854003906,
      37.54475784301758,
      39.004493713378906
    ],
    [
      27.079225540161133,
      24.910446166992188,
      76.97830963134766,
      77.45638275146484,
      80.55218505859375,
      80.77944946289062,
      97.75663757324219,
      97.61163330078125,
      115.91947937011719,
      118.22438049316406,
      139.898681640625,
      138.30030822753906,
      104.6921157836914,
      105.50209045410156,
      68.66167449951172,
      68.55717468261719,
      42.54023361206055,
      43.980804443359375
    ],
    [
      27.6123104095459,
      25.129121780395508,
      77.74026489257812,
      78.06666564941406,
      81.20063781738281,
      80.97352600097656,
      98.48533630371094,
      98.12680053710938,
      116.79723358154297,
      119.14058685302734,
      138.30030822753906,
      141.68170166015625,
      105.55764770507812,
      106.25759887695312,
      69.29035186767578,
      69.1584701538086,
      42.91382598876953,
      44.40083694458008
    ],
    [
      19.6735897064209,
      18.21573829650879,
      59.565025329589844,
      60.14898681640625,
      62.39497756958008,
      62.42518997192383,
      77.30888366699219,
      76.66736602783203,
      90.51202392578125,
      91.9075698852539,
      104.6921157836914,
      105.55764770507812,
      90.5551986694336,
      89.77928161621094,
      61.49755096435547,
      61.42532730102539,
      39.988075256347656,
      41.278202056884766
    ],
    [
      19.919178009033203,
      18.343124389648438,
      59.73915481567383,
      60.20995330810547,
      62.7412223815918,
      62.879417419433594,
      77.6488037109375,
      77.09639739990234,
      91.03884887695312,
      92.42959594726562,
      105.50209045410156,
      106.25759887695312,
      89.77928161621094,
      91.9532241821289,
      61.9865608215332,
      61.90311050415039,
      40.31804275512695,
      41.62420654296875
    ],
    [
      11.630171775817871,
      11.163989067077637,
      38.36212158203125,
      39.533935546875,
      40.82871627807617,
      40.717777252197266,
      51.64701843261719,
      51.06838607788086,
      59.53090286254883,
      60.570518493652344,
      68.66167449951172,
      69.29035186767578,
      61.49755096435547,
      61.9865608215332,
      47.99361038208008,
      47.303428649902344,
      31.94752311706543,
      32.9232292175293
    ],
    [
      11.488667488098145,
      11.048927307128906,
      38.31748962402344,
      39.5486946105957,
      40.72329330444336,
      40.62324142456055,
      51.50807189941406,
      50.92657470703125,
      59.47776794433594,
      60.42237854003906,
      68.55717468261719,
      69.1584701538086,
      61.42532730102539,
      61.90311050415039,
      47.303428649902344,
      47.8298225402832,
      31.921964645385742,
      32.89146041870117
    ],
    [
      7.883017063140869,
      7.520125865936279,
      24.019990921020508,
      25.12705421447754,
      25.17253303527832,
      25.208816528320312,
      32.56508255004883,
      32.25334930419922,
      36.8892936706543,
      37.54475784301758,
      42.54023361206055,
      42.91382598876953,
      39.988075256347656,
      40.31804275512695,
      31.94752311706543,
      31.921964645385742,
      24.062625885009766,
      24.494800567626953
    ],
    [
      7.897574424743652,
      7.515124320983887,
      24.860820770263672,
      26.006261825561523,
      26.11005210876465,
      26.1919002532959,
      33.82414627075195,
      33.49787902832031,
      38.308738708496094,
      39.004493713378906,
      43.980804443359375,
      44.40083694458008,
      41.278202056884766,
      41.62420654296875,
      32.9232292175293,
      32.89146041870117,
      24.494800567626953,
      25.422807693481445
    ]
  ],
  "damage": -19.61774253845215,
  "diff_bandwidth": 613.1953125,
  "dissonance": 5.958920898324634,
  "drr": 6.973457336425781,
  "dynamics": 7.080152988433838,
  "format": 1245190,
  "frames": 33902528,
  "loudness": -29.824451446533203,
  "loudness_range": 25.590499877929688,
  "loudness_range_short": 26.25273895263672,
  "lowpass_true_peak_15khz": -2.532787799835205,
  "mastering3_acoustic_entropies": [
    {
      "acoustic_entropy": 5.762625217437744,
      "acoustic_entropy_mono": 4.812444686889648,
      "band_eliminated_acoustic_entropies": [
        {
          "acoustic_entropy": 5.772092342376709,
          "acoustic_entropy_side": 5.765263557434082,
          "hz": 129.47220167065723
        },
        {
          "acoustic_entropy": 5.816507339477539,
          "acoustic_entropy_side": 5.819217205047607,
          "hz": 202.92927478742237
        },
        {
          "acoustic_entropy": 5.430704593658447,
          "acoustic_entropy_side": 6.030313491821289,
          "hz": 282.89161906338205
        },
        {
          "acoustic_entropy": 5.836606502532959,
          "acoustic_entropy_side": 5.768466472625732,
          "hz": 369.9353335868758
        },
        {
          "acoustic_entropy": 4.817600727081299,
          "acoustic_entropy_side": 5.175478935241699,
          "hz": 464.6875360973435
        },
        {
          "acoustic_entropy": 5.8008623123168945,
          "acoustic_entropy_side": 5.760924339294434,
          "hz": 567.8308811364784
        },
        {
          "acoustic_entropy": 5.171835422515869,
          "acoustic_entropy_side": 5.154972553253174,
          "hz": 680.1084783214808
        },
        {
          "acoustic_entropy": 5.697508811950684,
          "acoustic_entropy_side": 5.599541187286377,
          "hz": 802.3292461747484
        },
        {
          "acoustic_entropy": 5.868746757507324,
          "acoustic_entropy_side": 5.8795952796936035,
          "hz": 935.3737400823702
        },
        {
          "acoustic_entropy": 5.710509777069092,
          "acoustic_entropy_side": 5.821074485778809,
          "hz": 1080.2004963696966
        },
        {
          "acoustic_entropy": 5.635298728942871,
          "acoustic_entropy_side": 5.907124042510986,
          "hz": 1237.8529382007157
        },
        {
          "acoustic_entropy": 5.768170356750488,
          "acoustic_entropy_side": 5.741842269897461,
          "hz": 1409.4668930556702
        },
        {
          "acoustic_entropy": 5.750188827514648,
          "acoustic_entropy_side": 5.6750311851501465,
          "hz": 1596.2787759475705
        },
        {
          "acoustic_entropy": 5.737979888916016,
          "acoustic_entropy_side": 5.745393753051758,
          "hz": 1799.6344973346393
        },
        {
          "acoustic_entropy": 5.794073581695557,
          "acoustic_entropy_side": 5.808836460113525,
          "hz": 2020.9991599069049
        },
        {
          "acoustic_entropy": 5.666703224182129,
          "acoustic_entropy_side": 5.733484268188477,
          "hz": 2261.9676141086993
        },
        {
          "acoustic_entropy": 5.895160675048828,
          "acoustic_entropy_side": 5.868291854858398,
          "hz": 2524.2759484456974
        },
        {
          "acoustic_entropy": 5.809457778930664,
          "acoustic_entropy_side": 5.867188453674316,
          "hz": 2809.813997359896
        },
        {
          "acoustic_entropy": 5.887725830078125,
          "acoustic_entropy_side": 5.707065582275391,
          "hz": 3120.6389567871424
        },
        {
          "acoustic_entropy": 5.708215713500977,
          "acoustic_entropy_side": 5.729397773742676,
          "hz": 3458.990205492291
        },
        {
          "acoustic_entropy": 5.678277492523193,
          "acoustic_entropy_side": 5.706953048706055,
          "hz": 3827.305438964164
        },
        {
          "acoustic_entropy": 5.695608139038086,
          "acoustic_entropy_side": 5.680611610412598,
          "hz": 4228.238232109126
        },
        {
          "acoustic_entropy": 5.798672676086426,
          "acoustic_entropy_side": 5.8429341316223145,
          "hz": 4664.6771572759235
        },
        {
          "acoustic_entropy": 5.725266933441162,
          "acoustic_entropy_side": 5.817582607269287,
          "hz": 5139.766595350093
        },
        {
          "acoustic_entropy": 5.835826396942139,
          "acoustic_entropy_side": 5.8289713859558105,
          "hz": 5656.929389854203
        },
        {
          "acoustic_entropy": 5.772953987121582,
          "acoustic_entropy_side": 5.828304290771484,
          "hz": 6219.891507268283
        },
        {
          "acoustic_entropy": 5.7606096267700195,
          "acoustic_entropy_side": 5.828846454620361,
          "hz": 6832.70888123896
        },
        {
          "acoustic_entropy": 5.818845272064209,
          "acoustic_entropy_side": 5.841063022613525,
          "hz": 7499.796634079867
        },
        {
          "acoustic_entropy": 5.841920852661133,
          "acoustic_entropy_side": 5.8428778648376465,
          "hz": 8225.96088609342
        },
        {
          "acoustic_entropy": 5.8524699211120605,
          "acoustic_entropy_side": 5.838046073913574,
          "hz": 9016.43338188839
        },
        {
          "acoustic_entropy": 5.841784477233887,
          "acoustic_entropy_side": 5.821447849273682,
          "hz": 9876.909183162974
        },
        {
          "acoustic_entropy": 5.818934440612793,
          "acoustic_entropy_side": 5.796602725982666,
          "hz": 10813.587699516042
        },
        {
          "acoustic_entropy": 5.815481662750244,
          "acoustic_entropy_side": 5.791852951049805,
          "hz": 11833.21735289826
        },
        {
          "acoustic_entropy": 5.8187713623046875,
          "acoustic_entropy_side": 5.791673183441162,
          "hz": 12943.144197493959
        },
        {
          "acoustic_entropy": 5.831383228302002,
          "acoustic_entropy_side": 5.801007270812988,
          "hz": 14151.364845322005
        },
        {
          "acoustic_entropy": 5.8111348152160645,
          "acoustic_entropy_side": 5.786669731140137,
          "hz": 15466.58407886509
        },
        {
          "acoustic_entropy": 5.7819600105285645,
          "acoustic_entropy_side": 5.772099018096924,
          "hz": 16898.27756580493
        },
        {
          "acoustic_entropy": 5.7768473625183105,
          "acoustic_entropy_side": 5.770007610321045,
          "hz": 18456.760127700032
        },
        {
          "acoustic_entropy": 5.771523475646973,
          "acoustic_entropy_side": 5.767120361328125,
          "hz": 20153.260054456492
        },
        {
          "acoustic_entropy": 5.763162612915039,
          "acoustic_entropy_side": 5.762889862060547,
          "hz": 22000.00000000001
        }
      ],
      "diff_acoustic_entropy": 1.4488478899002075,
      "sn": 6
    },
    {
      "acoustic_entropy": 9.961331367492676,
      "acoustic_entropy_mono": 9.110408782958984,
      "band_eliminated_acoustic_entropies": [
        {
          "acoustic_entropy": 9.979399681091309,
          "acoustic_entropy_side": 9.963606834411621,
          "hz": 129.47220167065723
        },
        {
          "acoustic_entropy": 9.638993263244629,
          "acoustic_entropy_side": 9.620744705200195,
          "hz": 202.92927478742237
        },
        {
          "acoustic_entropy": 10.376519203186035,
          "acoustic_entropy_side": 10.014077186584473,
          "hz": 282.89161906338205
        },
        {
          "acoustic_entropy": 10.136713027954102,
          "acoustic_entropy_side": 9.961145401000977,
          "hz": 369.9353335868758
        },
        {
          "acoustic_entropy": 8.745662689208984,
          "acoustic_entropy_side": 8.814593315124512,
          "hz": 464.6875360973435
        },
        {
          "acoustic_entropy": 10.19779109954834,
          "acoustic_entropy_side": 10.181358337402344,
          "hz": 567.8308811364784
        },
        {
          "acoustic_entropy": 10.123629570007324,
          "acoustic_entropy_side": 10.02951431274414,
          "hz": 680.1084783214808
        },
        {
          "acoustic_entropy": 9.878487586975098,
          "acoustic_entropy_side": 9.424010276794434,
          "hz": 802.3292461747484
        },
        {
          "acoustic_entropy": 10.124380111694336,
          "acoustic_entropy_side": 9.714409828186035,
          "hz": 935.3737400823702
        },
        {
          "acoustic_entropy": 10.662246704101562,
          "acoustic_entropy_side": 10.681863784790039,
          "hz": 1080.2004963696966
        },
        {
          "acoustic_entropy": 9.366805076599121,
          "acoustic_entropy_side": 10.400193214416504,
          "hz": 1237.8529382007157
        },
        {
          "acoustic_entropy": 10.21330738067627,
          "acoustic_entropy_side": 10.078432083129883,
          "hz": 1409.4668930556702
        },
        {
          "acoustic_entropy": 10.048147201538086,
          "acoustic_entropy_side": 10.226286888122559,
          "hz": 1596.2787759475705
        },
        {
          "acoustic_entropy": 9.99711799621582,
          "acoustic_entropy_side": 10.334531784057617,
          "hz": 1799.6344973346393
        },
        {
          "acoustic_entropy": 10.038649559020996,
          "acoustic_entropy_side": 9.863243103027344,
          "hz": 2020.9991599069049
        },
        {
          "acoustic_entropy": 10.305025100708008,
          "acoustic_entropy_side": 10.19339370727539,
          "hz": 2261.9676141086993
        },
        {
          "acoustic_entropy": 9.890966415405273,
          "acoustic_entropy_side": 9.934992790222168,
          "hz": 2524.2759484456974
        },
        {
          "acoustic_entropy": 9.730823516845703,
          "acoustic_entropy_side": 10.058828353881836,
          "hz": 2809.813997359896
        },
        {
          "acoustic_entropy": 10.041221618652344,
          "acoustic_entropy_side": 9.818740844726562,
          "hz": 3120.6389567871424
        },
        {
          "acoustic_entropy": 10.093767166137695,
          "acoustic_entropy_side": 9.997103691101074,
          "hz": 3458.990205492291
        },
        {
          "acoustic_entropy": 9.652870178222656,
          "acoustic_entropy_side": 9.785669326782227,
          "hz": 3827.305438964164
        },
        {
          "acoustic_entropy": 9.786022186279297,
          "acoustic_entropy_side": 9.703559875488281,
          "hz": 4228.238232109126
        },
        {
          "acoustic_entropy": 10.028778076171875,
          "acoustic_entropy_side": 10.027806282043457,
          "hz": 4664.6771572759235
        },
        {
          "acoustic_entropy": 9.990373611450195,
          "acoustic_entropy_side": 9.972433090209961,
          "hz": 5139.766595350093
        },
        {
          "acoustic_entropy": 9.920038223266602,
          "acoustic_entropy_side": 9.937858581542969,
          "hz": 5656.929389854203
        },
        {
          "acoustic_entropy": 9.949840545654297,
          "acoustic_entropy_side": 9.957524299621582,
          "hz": 6219.891507268283
        },
        {
          "acoustic_entropy": 9.902420043945312,
          "acoustic_entropy_side": 9.936739921569824,
          "hz": 6832.70888123896
        },
        {
          "acoustic_entropy": 9.981165885925293,
          "acoustic_entropy_side": 9.97162914276123,
          "hz": 7499.796634079867
        },
        {
          "acoustic_entropy": 9.96147632598877,
          "acoustic_entropy_side": 9.959332466125488,
          "hz": 8225.96088609342
        },
        {
          "acoustic_entropy": 9.94412612915039,
          "acoustic_entropy_side": 9.95173168182373,
          "hz": 9016.43338188839
        },
        {
          "acoustic_entropy": 9.963553428649902,
          "acoustic_entropy_side": 9.964582443237305,
          "hz": 9876.909183162974
        },
        {
          "acoustic_entropy": 9.956938743591309,
          "acoustic_entropy_side": 9.959823608398438,
          "hz": 10813.587699516042
        },
        {
          "acoustic_entropy": 9.956890106201172,
          "acoustic_entropy_side": 9.958499908447266,
          "hz": 11833.21735289826
        },
        {
          "acoustic_entropy": 9.953776359558105,
          "acoustic_entropy_side": 9.958732604980469,
          "hz": 12943.144197493959
        },
        {
          "acoustic_entropy": 9.95030689239502,
          "acoustic_entropy_side": 9.956731796264648,
          "hz": 14151.364845322005
        },
        {
          "acoustic_entropy": 9.944189071655273,
          "acoustic_entropy_side": 9.951977729797363,
          "hz": 15466.58407886509
        },
        {
          "acoustic_entropy": 9.957487106323242,
          "acoustic_entropy_side": 9.959245681762695,
          "hz": 16898.27756580493
        },
        {
          "acoustic_entropy": 9.96185302734375,
          "acoustic_entropy_side": 9.961673736572266,
          "hz": 18456.760127700032
        },
        {
          "acoustic_entropy": 9.960376739501953,
          "acoustic_entropy_side": 9.960538864135742,
          "hz": 20153.260054456492
        },
        {
          "acoustic_entropy": 9.961126327514648,
          "acoustic_entropy_side": 9.961256980895996,
          "hz": 22000.00000000001
        }
      ],
      "diff_acoustic_entropy": 3.033825635910034,
      "sn": 12
    },
    {
      "acoustic_entropy": 17.452138900756836,
      "acoustic_entropy_mono": 16.226402282714844,
      "band_eliminated_acoustic_entropies": [
        {
          "acoustic_entropy": 17.509719848632812,
          "acoustic_entropy_side": 17.506149291992188,
          "hz": 129.47220167065723
        },
        {
          "acoustic_entropy": 16.45732879638672,
          "acoustic_entropy_side": 17.692359924316406,
          "hz": 202.92927478742237
        },
        {
          "acoustic_entropy": 18.754194259643555,
          "acoustic_entropy_side": 17.81859588623047,
          "hz": 282.89161906338205
        },
        {
          "acoustic_entropy": 17.92047691345215,
          "acoustic_entropy_side": 17.03238296508789,
          "hz": 369.9353335868758
        },
        {
          "acoustic_entropy": 16.624847412109375,
          "acoustic_entropy_side": 17.750490188598633,
          "hz": 464.6875360973435
        },
        {
          "acoustic_entropy": 17.17009735107422,
          "acoustic_entropy_side": 17.878215789794922,
          "hz": 567.8308811364784
        },
        {
          "acoustic_entropy": 16.847991943359375,
          "acoustic_entropy_side": 17.52836036682129,
          "hz": 680.1084783214808
        },
        {
          "acoustic_entropy": 17.19583511352539,
          "acoustic_entropy_side": 16.808738708496094,
          "hz": 802.3292461747484
        },
        {
          "acoustic_entropy": 17.58517074584961,
          "acoustic_entropy_side": 17.1427001953125,
          "hz": 935.3737400823702
        },
        {
          "acoustic_entropy": 17.108488082885742,
          "acoustic_entropy_side": 18.321367263793945,
          "hz": 1080.2004963696966
        },
        {
          "acoustic_entropy": 17.417560577392578,
          "acoustic_entropy_side": 17.41588020324707,
          "hz": 1237.8529382007157
        },
        {
          "acoustic_entropy": 17.56060218811035,
          "acoustic_entropy_side": 17.975276947021484,
          "hz": 1409.4668930556702
        },
        {
          "acoustic_entropy": 17.722623825073242,
          "acoustic_entropy_side": 17.42508316040039,
          "hz": 1596.2787759475705
        },
        {
          "acoustic_entropy": 16.0750675201416,
          "acoustic_entropy_side": 16.78814697265625,
          "hz": 1799.6344973346393
        },
        {
          "acoustic_entropy": 17.344436645507812,
          "acoustic_entropy_side": 17.158878326416016,
          "hz": 2020.9991599069049
        },
        {
          "acoustic_entropy": 17.09185218811035,
          "acoustic_entropy_side": 17.282747268676758,
          "hz": 2261.9676141086993
        },
        {
          "acoustic_entropy": 17.284608840942383,
          "acoustic_entropy_side": 17.058900833129883,
          "hz": 2524.2759484456974
        },
        {
          "acoustic_entropy": 16.855552673339844,
          "acoustic_entropy_side": 17.47713279724121,
          "hz": 2809.813997359896
        },
        {
          "acoustic_entropy": 17.12679100036621,
          "acoustic_entropy_side": 16.299951553344727,
          "hz": 3120.6389567871424
        },
        {
          "acoustic_entropy": 17.420881271362305,
          "acoustic_entropy_side": 17.561614990234375,
          "hz": 3458.990205492291
        },
        {
