{
  "acoustic_entropy": 194.42987060546875,
  "bands": [
    {
      "high_freq": 148.1999969482422,
      "loudness": -26.469446182250977,
      "loudness_range": 10.207469940185547,
      "mid_mean": -27.102176666259766,
      "mid_to_side_loudness": 1.6684285402297974,
      "mid_to_side_loudness_range": 11.09969711303711,
      "side_mean": -25.425291061401367
    },
    {
      "high_freq": 392.3793640136719,
      "loudness": -19.51593017578125,
      "loudness_range": 10.306756019592285,
      "low_freq": 148.1999969482422,
      "mid_mean": -18.32899284362793,
      "mid_to_side_loudness": -2.68210506439209,
      "mid_to_side_loudness_range": 16.45208740234375,
      "side_mean": -21.29695701599121
    },
    {
      "high_freq": 794.6976318359375,
      "loudness": -20.856164932250977,
      "loudness_range": 8.600564956665039,
      "low_freq": 392.3793640136719,
      "mid_mean": -19.630577087402344,
      "mid_to_side_loudness": -2.112145185470581,
      "mid_to_side_loudness_range": 11.476755142211914,
      "side_mean": -21.860124588012695
    },
    {
      "high_freq": 1457.5709228515625,
      "loudness": -21.88956069946289,
      "loudness_range": 11.788371086120605,
      "low_freq": 794.6976318359375,
      "mid_mean": -20.269512176513672,
      "mid_to_side_loudness": -3.1440742015838623,
      "mid_to_side_loudness_range": 11.450227737426758,
      "side_mean": -23.488018035888672
    },
    {
      "high_freq": 2549.74365234375,
      "loudness": -25.303985595703125,
      "loudness_range": 8.807273864746094,
      "low_freq": 1457.5709228515625,
      "mid_mean": -23.27232551574707,
      "mid_to_side_loudness": -4.384782791137695,
      "mid_to_side_loudness_range": 12.490619659423828,
      "side_mean": -27.88799476623535
    },
    {
      "high_freq": 4349.24462890625,
      "loudness": -26.865478515625,
      "loudness_range": 12.198028564453125,
      "low_freq": 2549.74365234375,
      "mid_mean": -24.844284057617188,
      "mid_to_side_loudness": -4.669386386871338,
      "mid_to_side_loudness_range": 13.830192565917969,
      "side_mean": -29.7565860748291
    },
    {
      "high_freq": 7314.1640625,
      "loudness": -28.376049041748047,
      "loudness_range": 18.332050323486328,
      "low_freq": 4349.24462890625,
      "mid_mean": -25.9875545501709,
      "mid_to_side_loudness": -6.288610935211182,
      "mid_to_side_loudness_range": 16.11745834350586,
      "side_mean": -32.51847457885742
    },
    {
      "high_freq": 12199.2666015625,
      "loudness": -30.08129119873047,
      "loudness_range": 20.839731216430664,
      "low_freq": 7314.1640625,
      "mid_mean": -27.29088020324707,
      "mid_to_side_loudness": -6.314188480377197,
      "mid_to_side_loudness_range": 14.472973823547363,
      "side_mean": -34.27067565917969
    },
    {
      "loudness": -33.70134353637695,
      "loudness_range": 18.67055892944336,
      "low_freq": 12199.2666015625,
      "mid_mean": -30.640363693237305,
      "mid_to_side_loudness": -9.756296157836914,
      "mid_to_side_loudness_range": 18.97576141357422,
      "side_mean": -41.739009857177734
    }
  ],
  "bands_short": [
    {
      "high_freq": 148.1999969482422,
      "loudness": -31.104843139648438,
      "loudness_range": 13.90085220336914,
      "mid_mean": -32.1046142578125,
      "mid_to_side_loudness": 1.483574628829956,
      "mid_to_side_loudness_range": 15.619592666625977,
      "side_mean": -30.52105140686035
    },
    {
      "high_freq": 392.3793640136719,
      "loudness": -19.8331356048584,
      "loudness_range": 9.280981063842773,
      "low_freq": 148.1999969482422,
      "mid_mean": -19.161848068237305,
      "mid_to_side_loudness": -1.6676321029663086,
      "mid_to_side_loudness_range": 16.57854652404785,
      "side_mean": -21.144121170043945
    },
    {
      "high_freq": 794.6976318359375,
      "loudness": -21.146053314208984,
      "loudness_range": 10.11558723449707,
      "low_freq": 392.3793640136719,
      "mid_mean": -20.321638107299805,
      "mid_to_side_loudness": -1.5661646127700806,
      "mid_to_side_loudness_range": 14.488005638122559,
      "side_mean": -22.03248405456543
    },
    {
      "high_freq": 1457.5709228515625,
      "loudness": -22.13821029663086,
      "loudness_range": 13.63011360168457,
      "low_freq": 794.6976318359375,
      "mid_mean": -20.78365135192871,
      "mid_to_side_loudness": -2.966519832611084,
      "mid_to_side_loudness_range": 13.641716003417969,
      "side_mean": -23.817378997802734
    },
    {
      "high_freq": 2549.74365234375,
      "loudness": -25.921289443969727,
      "loudness_range": 11.269487380981445,
      "low_freq": 1457.5709228515625,
      "mid_mean": -24.109771728515625,
      "mid_to_side_loudness": -4.079162120819092,
      "mid_to_side_loudness_range": 14.495089530944824,
      "side_mean": -28.389545440673828
    },
    {
      "high_freq": 4349.24462890625,
      "loudness": -27.872724533081055,
      "loudness_range": 16.612503051757812,
      "low_freq": 2549.74365234375,
      "mid_mean": -26.076614379882812,
      "mid_to_side_loudness": -4.281095027923584,
      "mid_to_side_loudness_range": 15.276432037353516,
      "side_mean": -30.57870864868164
    },
    {
      "high_freq": 7314.1640625,
      "loudness": -30.000608444213867,
      "loudness_range": 26.445960998535156,
      "low_freq": 4349.24462890625,
      "mid_mean": -27.760072708129883,
      "mid_to_side_loudness": -6.0363240242004395,
      "mid_to_side_loudness_range": 17.194564819335938,
      "side_mean": -34.36547088623047
    },
    {
      "high_freq": 12199.2666015625,
      "loudness": -31.768877029418945,
      "loudness_range": 28.252901077270508,
      "low_freq": 7314.1640625,
      "mid_mean": -29.488874435424805,
      "mid_to_side_loudness": -6.567742824554443,
      "mid_to_side_loudness_range": 17.769105911254883,
      "side_mean": -37.18769454956055
    },
    {
      "loudness": -36.85422134399414,
      "loudness_range": 28.872791290283203,
      "low_freq": 12199.2666015625,
      "mid_mean": -35.41532897949219,
      "mid_to_side_loudness": -8.03573989868164,
      "mid_to_side_loudness_range": 20.277414321899414,
      "side_mean": -44.739234924316406
    }
  ],
  "bandwidth": 769.9188232421875,
  "channels": 2,
  "covariance": [
    [
      22.767946243286133,
      8.953632354736328,
      0.4096767008304596,
      1.135074257850647,
      -0.20404238998889923,
      -2.1201224327087402,
      -0.7443934679031372,
      -3.0057873725891113,
      0.5131326913833618,
      2.4791154861450195,
      -3.347618341445923,
      -2.0121772289276123,
      -10.143773078918457,
      -7.411436557769775,
      -10.270195960998535,
      -10.494089126586914,
      -3.923210382461548,
      -10.07497501373291
    ],
    [
      8.953632354736328,
      10.813705444335938,
      -2.4406442642211914,
      2.5262351036071777,
      -0.6047408580780029,
      -0.8963415026664734,
      -2.0962910652160645,
      -2.0316028594970703,
      -0.6763184666633606,
      3.1354007720947266,
      -5.028217792510986,
      0.06599897146224976,
      -8.982227325439453,
      -3.6068272590637207,
      -8.820145606994629,
      -7.26527738571167,
      -4.344223976135254,
      -7.957801342010498
    ],
    [
      0.4096767008304596,
      -2.4406442642211914,
      29.811256408691406,
      0.8382971286773682,
      9.269524574279785,
      2.1024231910705566,
      8.344687461853027,
      3.733844041824341,
      6.065745830535889,
      -0.7605018019676208,
      17.36684226989746,
      3.766368865966797,
      25.666484832763672,
      4.096292972564697,
      24.387704849243164,
      12.08337116241455,
      11.532782554626465,
      14.013487815856934
    ],
    [
      1.135074257850647,
      2.5262351036071777,
      0.8382971286773682,
      6.474654674530029,
      -0.7587035894393921,
      1.1698411703109741,
      -0.6776930093765259,
      1.3399367332458496,
      -0.5735586285591125,
      4.170176982879639,
      -0.3219376802444458,
      4.67681360244751,
      0.02033751830458641,
      4.357199192047119,
      -2.760270595550537,
      0.4534023404121399,
      -2.0305979251861572,
      -0.4153057932853699
    ],
    [
      -0.20404238998889923,
      -0.6047408580780029,
      9.269524574279785,
      -0.7587035894393921,
      18.7631778717041,
      4.375008583068848,
      11.141200065612793,
      4.154791831970215,
      4.907229423522949,
      -1.7771904468536377,
      8.069668769836426,
      0.6948177814483643,
      11.25931453704834,
      3.0702223777770996,
      10.532073974609375,
      7.766166687011719,
      2.9695608615875244,
      8.918197631835938
    ],
    [
      -2.1201224327087402,
      -0.8963415026664734,
      2.1024231910705566,
      1.1698411703109741,
      4.375008583068848,
      7.858336448669434,
      4.649196624755859,
      6.506363391876221,
      1.4143292903900146,
      3.2249770164489746,
      1.7666373252868652,
      4.226712703704834,
      2.0876121520996094,
      4.65889310836792,
      3.065303325653076,
      4.881011009216309,
      -0.1665087193250656,
      5.674362659454346
    ],
    [
      -0.7443934679031372,
      -2.0962910652160645,
      8.344687461853027,
      -0.6776930093765259,
      11.141200065612793,
      4.649196624755859,
      21.030391693115234,
      10.35325813293457,
      8.687321662902832,
      2.0432472229003906,
      8.188753128051758,
      1.5328211784362793,
      8.359493255615234,
      1.7737269401550293,
      5.979369640350342,
      3.8717100620269775,
      -3.003171443939209,
      4.337836742401123
    ],
    [
      -3.0057873725891113,
      -2.0316028594970703,
      3.733844041824341,
      1.3399367332458496,
      4.154791831970215,
      6.506363391876221,
      10.35325813293457,
      17.268798828125,
      5.280026435852051,
      7.248633861541748,
      3.644455671310425,
      6.00730562210083,
      3.2834532260894775,
      4.140803337097168,
      3.428797721862793,
      4.128701686859131,
      -2.0837106704711914,
      5.164495944976807
    ],
    [
      0.5131326913833618,
      -0.6763184666633606,
      6.065745830535889,
      -0.5735586285591125,
      4.907229423522949,
      1.4143292903900146,
      8.687321662902832,
      5.280026435852051,
      12.553091049194336,
      4.648225784301758,
      8.23394775390625,
      1.6185449361801147,
      4.842264175415039,
      -0.8714100122451782,
      4.262701034545898,
      1.3825632333755493,
      -2.1498992443084717,
      2.0527844429016113
    ],
    [
      2.4791154861450195,
      3.1354007720947266,
      -0.7605018019676208,
      4.170176982879639,
      -1.7771904468536377,
      3.2249770164489746,
      2.0432472229003906,
      7.248633861541748,
      4.648225784301758,
      17.5743408203125,
      1.6761960983276367,
      12.318692207336426,
      -2.8366739749908447,
      5.538420677185059,
      -1.3335182666778564,
      1.433895468711853,
      -2.790499687194824,
      2.627296209335327
    ],
    [
      -3.347618341445923,
      -5.028217792510986,
      17.36684226989746,
      -0.3219376802444458,
      8.069668769836426,
      1.7666373252868652,
      8.188753128051758,
      3.644455671310425,
      8.23394775390625,
      1.6761960983276367,
      26.54544448852539,
      11.816638946533203,
      33.24923324584961,
      15.185539245605469,
      28.82395362854004,
      19.873241424560547,
      9.74549388885498,
      22.708269119262695
    ],
    [
      -2.0121772289276123,
      0.06599897146224976,
      3.766368865966797,
      4.67681360244751,
      0.6948177814483643,
      4.226712703704834,
      1.5328211784362793,
      6.00730562210083,
      1.6185449361801147,
      12.318692207336426,
      11.816638946533203,
      20.94121742248535,
      14.10800838470459,
      17.980602264404297,
      13.630888938903809,
      14.677042961120605,
      4.735247611999512,
      17.204103469848633
    ],
    [
      -10.143773078918457,
      -8.982227325439453,
      25.666484832763672,
      0.02033751830458641,
      11.25931453704834,
      2.0876121520996094,
      8.359493255615234,
      3.2834532260894775,
      4.842264175415039,
      -2.8366739749908447,
      33.24923324584961,
      14.10800838470459,
      57.18048095703125,
      27.26988410949707,
      49.83434295654297,
      34.682613372802734,
      21.738216400146484,
      39.38576889038086
    ],
    [
      -7.411436557769775,
      -3.6068272590637207,
      4.096292972564697,
      4.357199192047119,
      3.0702223777770996,
      4.65889310836792,
      1.7737269401550293,
      4.140803337097168,
      -0.8714100122451782,
      5.538420677185059,
      15.185539245605469,
      17.980602264404297,
      27.26988410949707,
      29.39849281311035,
      21.970317840576172,
      25.980222702026367,
      9.266900062561035,
      27.867338180541992
    ],
    [
      -10.270195960998535,
      -8.820145606994629,
      24.387704849243164,
      -2.760270595550537,
      10.532073974609375,
      3.065303325653076,
      5.979369640350342,
      3.428797721862793,
      4.262701034545898,
      -1.3335182666778564,
      28.82395362854004,
      13.630888938903809,
      49.83434295654297,
      21.970317840576172,
      59.837158203125,
      38.39507293701172,
      34.88127136230469,
      47.96449661254883
    ],
    [
      -10.494089126586914,
      -7.26527738571167,
      12.08337116241455,
      0.4534023404121399,
      7.766166687011719,
      4.881011009216309,
      3.8717100620269775,
      4.128701686859131,
      1.3825632333755493,
      1.433895468711853,
      19.873241424560547,
      14.677042961120605,
      34.682613372802734,
      25.980222702026367,
      38.39507293701172,
      39.28245544433594,
      21.185260772705078,
      42.824951171875
    ],
    [
      -3.923210382461548,
      -4.344223976135254,
      11.532782554626465,
      -2.0305979251861572,
      2.9695608615875244,
      -0.1665087193250656,
      -3.003171443939209,
      -2.0837106704711914,
      -2.1498992443084717,
      -2.790499687194824,
      9.74549388885498,
      4.735247611999512,
      21.738216400146484,
      9.266900062561035,
      34.88127136230469,
      21.185260772705078,
      41.696598052978516,
      31.951416015625
    ],
    [
      -10.07497501373291,
      -7.957801342010498,
      14.013487815856934,
      -0.4153057932853699,
      8.918197631835938,
      5.674362659454346,
      4.337836742401123,
      5.164495944976807,
      2.0527844429016113,
      2.627296209335327,
      22.708269119262695,
      17.204103469848633,
      39.38576889038086,
      27.867338180541992,
      47.96449661254883,
      42.824951171875,
      31.951416015625,
      55.613040924072266
    ]
  ],
  "covariance_short": [
    [
      45.68449020385742,
      15.495688438415527,
      1.9540400505065918,
      1.4668503999710083,
      -1.1476422548294067,
      -2.031898021697998,
      -0.4069254696369171,
      -1.4886194467544556,
      -0.9941989183425903,
      3.578692674636841,
      -4.637892723083496,
      -1.0633230209350586,
      -11.176678657531738,
      -5.91808557510376,
      -13.380558013916016,
      -9.7342529296875,
      -11.889548301696777,
      -9.694687843322754
    ],
    [
      15.495688438415527,
      18.564952850341797,
      -2.225947856903076,
      3.455998659133911,
      -0.6669799089431763,
      -0.6070990562438965,
      -1.4469667673110962,
      -0.9601445198059082,
      -0.13834348320960999,
      3.8761651515960693,
      -4.52069091796875,
      1.4604828357696533,
      -9.83802318572998,
      -2.89180326461792,
      -10.386822700500488,
      -6.694153785705566,
      -10.332450866699219,
      -6.839599609375
    ],
    [
      1.9540400505065918,
      -2.225947856903076,
      35.95872497558594,
      2.1365625858306885,
      10.033601760864258,
      -0.5689054727554321,
      7.969444751739502,
      0.5993695855140686,
      10.437383651733398,
      -0.81346595287323,
      21.287567138671875,
      3.3918073177337646,
      29.082487106323242,
      5.379349231719971,
      29.256122589111328,
      13.569828033447266,
      27.8089656829834,
      14.11282730102539
    ],
    [
      1.4668503999710083,
      3.455998659133911,
      2.1365625858306885,
      10.073399543762207,
      1.4655063152313232,
      2.742161989212036,
      1.1413331031799316,
      2.2585983276367188,
      0.19889762997627258,
      3.842407464981079,
      -1.0627824068069458,
      3.2534384727478027,
      -2.110948085784912,
      2.9867641925811768,
      -4.627324104309082,
      0.5280652046203613,
      -5.692537307739258,
      -1.5964018106460571
    ],
    [
      -1.1476422548294067,
      -0.6669799089431763,
      10.033601760864258,
      1.4655063152313232,
      25.52752113342285,
      5.015231132507324,
      11.414644241333008,
      3.6914825439453125,
      8.355670928955078,
      0.5457333326339722,
      11.123234748840332,
      4.215184211730957,
      12.577126502990723,
      7.082745552062988,
      10.364391326904297,
      9.766997337341309,
      9.301403045654297,
      10.996016502380371
    ],
    [
      -2.031898021697998,
      -0.6070990562438965,
      -0.5689054727554321,
      2.742161989212036,
      5.015231132507324,
      12.25354290008545,
      4.0728607177734375,
      7.702972888946533,
      1.205917477607727,
      5.999566555023193,
      1.67400324344635,
      7.718466281890869,
      0.4934086799621582,
      8.081754684448242,
      -0.5725361108779907,
      5.608078956604004,
      -0.791628897190094,
      5.785007953643799
    ],
    [
      -0.4069254696369171,
      -1.4469667673110962,
      7.969444751739502,
      1.1413331031799316,
      11.414644241333008,
      4.0728607177734375,
      29.15217399597168,
      12.314657211303711,
      10.228545188903809,
      4.152578353881836,
      11.897424697875977,
      5.818772315979004,
      10.851802825927734,
      7.104376316070557,
      10.333043098449707,
      9.635407447814941,
      6.843905925750732,
      9.423951148986816
    ],
    [
      -1.4886194467544556,
      -0.9601445198059082,
      0.5993695855140686,
      2.2585983276367188,
      3.6914825439453125,
      7.702972888946533,
      12.314657211303711,
      22.44278907775879,
      5.132570266723633,
      9.504883766174316,
      4.839995861053467,
      10.934510231018066,
      3.375051259994507,
      10.073826789855957,
      3.3102450370788574,
      8.447458267211914,
      1.729163646697998,
      9.598526000976562
    ],
    [
      -0.9941989183425903,
      -0.13834348320960999,
      10.437383651733398,
      0.19889762997627258,
      8.355670928955078,
      1.205917477607727,
      10.228545188903809,
      5.132570266723633,
      20.516101837158203,
      6.523053169250488,
      14.635637283325195,
      5.938413619995117,
      12.771164894104004,
      5.395751953125,
      12.821508407592773,
      7.765587329864502,
      10.163968086242676,
      7.219223499298096
    ],
    [
      3.578692674636841,
      3.8761651515960693,
      -0.81346595287323,
      3.842407464981079,
      0.5457333326339722,
      5.999566555023193,
      4.152578353881836,
      9.504883766174316,
      6.523053169250488,
      21.05023956298828,
      3.955540895462036,
      16.452917098999023,
      -1.0547971725463867,
      12.378609657287598,
      -0.9037769436836243,
      7.855586051940918,
      -1.4553983211517334,
      7.859086990356445
    ],
    [
      -4.637892723083496,
      -4.52069091796875,
      21.287567138671875,
      -1.0627824068069458,
      11.123234748840332,
      1.67400324344635,
      11.897424697875977,
      4.839995861053467,
      14.635637283325195,
      3.955540895462036,
      41.31222152709961,
      20.25609588623047,
      50.41996383666992,
      29.946805953979492,
      46.863712310791016,
      36.15549087524414,
      43.02097702026367,
      35.745819091796875
    ],
    [
      -1.0633230209350586,
      1.4604828357696533,
      3.3918073177337646,
      3.2534384727478027,
      4.215184211730957,
      7.718466281890869,
      5.818772315979004,
      10.934510231018066,
      5.938413619995117,
      16.452917098999023,
      20.25609588623047,
      32.513702392578125,
      24.055356979370117,
      35.19719314575195,
      21.746376037597656,
      32.650428771972656,
      19.839752197265625,
      31.265832901000977
    ],
    [
      -11.176678657531738,
      -9.83802318572998,
      29.082487106323242,
      -2.110948085784912,
      12.577126502990723,
      0.4934086799621582,
      10.851802825927734,
      3.375051259994507,
      12.771164894104004,
      -1.0547971725463867,
      50.41996383666992,
      24.055356979370117,
      84.49235534667969,
      48.662757873535156,
      79.66236877441406,
      61.00761795043945,
      74.08667755126953,
      60.07615280151367
    ],
    [
      -5.91808557510376,
      -2.89180326461792,
      5.379349231719971,
      2.9867641925811768,
      7.082745552062988,
      8.081754684448242,
      7.104376316070557,
      10.073826789855957,
      5.395751953125,
      12.378609657287598,
      29.946805953979492,
      35.19719314575195,
      48.662757873535156,
      58.14970779418945,
      43.40636444091797,
      58.6832275390625,
      39.93326187133789,
      55.60325241088867
    ],
    [
      -13.380558013916016,
      -10.386822700500488,
      29.256122589111328,
      -4.627324104309082,
      10.364391326904297,
      -0.5725361108779907,
      10.333043098449707,
      3.3102450370788574,
      12.821508407592773,
      -0.9037769436836243,
      46.863712310791016,
      21.746376037597656,
      79.66236877441406,
      43.40636444091797,
      101.50917053222656,
      66.62059783935547,
      98.57752990722656,
      72.94319915771484
    ],
    [
      -9.7342529296875,
      -6.694153785705566,
      13.569828033447266,
      0.5280652046203613,
      9.766997337341309,
      5.608078956604004,
      9.635407447814941,
      8.447458267211914,
      7.765587329864502,
      7.855586051940918,
      36.15549087524414,
      32.650428771972656,
      61.00761795043945,
      58.6832275390625,
      66.62059783935547,
      83.28094482421875,
      63.6008186340332,
      77.34829711914062
    ],
    [
      -11.889548301696777,
      -10.332450866699219,
      27.8089656829834,
      -5.692537307739258,
      9.301403045654297,
      -0.791628897190094,
      6.843905925750732,
      1.729163646697998,
      10.163968086242676,
      -1.4553983211517334,
      43.02097702026367,
      19.839752197265625,
      74.08667755126953,
      39.93326187133789,
      98.57752990722656,
      63.6008186340332,
      126.03912353515625,
      80.15190887451172
    ],
    [
      -9.694687843322754,
      -6.839599609375,
      14.11282730102539,
      -1.5964018106460571,
      10.996016502380371,
      5.785007953643799,
      9.423951148986816,
      9.598526000976562,
      7.219223499298096,
      7.859086990356445,
      35.745819091796875,
      31.265832901000977,
      60.07615280151367,
      55.60325241088867,
      72.94319915771484,
      77.34829711914062,
      80.15190887451172,
      97.654296875
    ]
  ],
  "damage": -5.629768371582031,
  "diff_bandwidth": 788.3189697265625,
  "dissonance": 10.297894723787294,
  "drr": 6.548332691192627,
  "dynamics": 2.0535197257995605,
  "format": 1245190,
  "frames": 2152448,
  "loudness": -10.166893005371094,
  "loudness_range": 4.952882289886475,
  "loudness_range_short": 6.387142181396484,
  "lowpass_true_peak_15khz": 2.2553296089172363,
  "mastering3_acoustic_entropies": [
    {
      "acoustic_entropy": 7.193955898284912,
      "acoustic_entropy_mono": 6.545497417449951,
      "band_eliminated_acoustic_entropies": [
        {
          "acoustic_entropy": 7.192443370819092,
          "acoustic_entropy_side": 7.194119453430176,
          "hz": 129.47220167065723
        },
        {
          "acoustic_entropy": 7.1627631187438965,
          "acoustic_entropy_side": 7.1972479820251465,
          "hz": 202.92927478742237
        },
        {
          "acoustic_entropy": 6.487209796905518,
          "acoustic_entropy_side": 7.220188617706299,
          "hz": 282.89161906338205
        },
        {
          "acoustic_entropy": 7.117217063903809,
          "acoustic_entropy_side": 7.208612442016602,
          "hz": 369.9353335868758
        },
        {
          "acoustic_entropy": 7.063828945159912,
          "acoustic_entropy_side": 7.177611351013184,
          "hz": 464.6875360973435
        },
        {
          "acoustic_entropy": 7.38160514831543,
          "acoustic_entropy_side": 7.349831581115723,
          "hz": 567.8308811364784
        },
        {
          "acoustic_entropy": 6.904755592346191,
          "acoustic_entropy_side": 7.239528179168701,
          "hz": 680.1084783214808
        },
        {
          "acoustic_entropy": 7.04284143447876,
          "acoustic_entropy_side": 7.2873969078063965,
          "hz": 802.3292461747484
        },
        {
          "acoustic_entropy": 6.719614505767822,
          "acoustic_entropy_side": 6.742224216461182,
          "hz": 935.3737400823702
        },
        {
          "acoustic_entropy": 7.239179611206055,
          "acoustic_entropy_side": 6.791440486907959,
          "hz": 1080.2004963696966
        },
        {
          "acoustic_entropy": 6.588625431060791,
          "acoustic_entropy_side": 7.008030414581299,
          "hz": 1237.8529382007157
        },
        {
          "acoustic_entropy": 7.094238758087158,
          "acoustic_entropy_side": 7.054774284362793,
          "hz": 1409.4668930556702
        },
        {
          "acoustic_entropy": 7.02850866317749,
          "acoustic_entropy_side": 7.177458763122559,
          "hz": 1596.2787759475705
        },
        {
          "acoustic_entropy": 7.295149803161621,
          "acoustic_entropy_side": 7.247248649597168,
          "hz": 1799.6344973346393
        },
        {
          "acoustic_entropy": 7.007392883300781,
          "acoustic_entropy_side": 7.210739612579346,
          "hz": 2020.9991599069049
        },
        {
          "acoustic_entropy": 7.148712635040283,
          "acoustic_entropy_side": 7.181402206420898,
          "hz": 2261.9676141086993
        },
        {
          "acoustic_entropy": 7.166865348815918,
          "acoustic_entropy_side": 7.206027030944824,
          "hz": 2524.2759484456974
        },
        {
          "acoustic_entropy": 7.170983791351318,
          "acoustic_entropy_side": 7.2125067710876465,
          "hz": 2809.813997359896
        },
        {
          "acoustic_entropy": 7.18931245803833,
          "acoustic_entropy_side": 7.229520797729492,
          "hz": 3120.6389567871424
        },
        {
          "acoustic_entropy": 7.23399543762207,
          "acoustic_entropy_side": 7.1738362312316895,
          "hz": 3458.990205492291
        },
        {
          "acoustic_entropy": 7.184856414794922,
          "acoustic_entropy_side": 7.164527416229248,
          "hz": 3827.305438964164
        },
        {
          "acoustic_entropy": 7.18385648727417,
          "acoustic_entropy_side": 7.152270317077637,
          "hz": 4228.238232109126
        },
        {
          "acoustic_entropy": 7.157961845397949,
          "acoustic_entropy_side": 7.157219886779785,
          "hz": 4664.6771572759235
        },
        {
          "acoustic_entropy": 7.219745635986328,
          "acoustic_entropy_side": 7.196939468383789,
          "hz": 5139.766595350093
        },
        {
          "acoustic_entropy": 7.3301472663879395,
          "acoustic_entropy_side": 7.247760772705078,
          "hz": 5656.929389854203
        },
        {
          "acoustic_entropy": 7.275069713592529,
          "acoustic_entropy_side": 7.230771541595459,
          "hz": 6219.891507268283
        },
        {
          "acoustic_entropy": 7.25158166885376,
          "acoustic_entropy_side": 7.220848560333252,
          "hz": 6832.70888123896
        },
        {
          "acoustic_entropy": 7.160585403442383,
          "acoustic_entropy_side": 7.1976799964904785,
          "hz": 7499.796634079867
        },
        {
          "acoustic_entropy": 7.138309955596924,
          "acoustic_entropy_side": 7.175765514373779,
          "hz": 8225.96088609342
        },
        {
          "acoustic_entropy": 7.144106864929199,
          "acoustic_entropy_side": 7.174461841583252,
          "hz": 9016.43338188839
        },
        {
          "acoustic_entropy": 7.114832401275635,
          "acoustic_entropy_side": 7.146078586578369,
          "hz": 9876.909183162974
        },
        {
          "acoustic_entropy": 7.091803550720215,
          "acoustic_entropy_side": 7.1199951171875,
          "hz": 10813.587699516042
        },
        {
          "acoustic_entropy": 7.161159992218018,
          "acoustic_entropy_side": 7.136097431182861,
          "hz": 11833.21735289826
        },
        {
          "acoustic_entropy": 7.156741619110107,
          "acoustic_entropy_side": 7.131384372711182,
          "hz": 12943.144197493959
        },
        {
          "acoustic_entropy": 7.314187526702881,
          "acoustic_entropy_side": 7.15965461730957,
          "hz": 14151.364845322005
        },
        {
          "acoustic_entropy": 7.302065849304199,
          "acoustic_entropy_side": 7.185095310211182,
          "hz": 15466.58407886509
        },
        {
          "acoustic_entropy": 7.289289951324463,
          "acoustic_entropy_side": 7.193911552429199,
          "hz": 16898.27756580493
        },
        {
          "acoustic_entropy": 7.26399040222168,
          "acoustic_entropy_side": 7.198623180389404,
          "hz": 18456.760127700032
        },
        {
          "acoustic_entropy": 7.24481201171875,
          "acoustic_entropy_side": 7.201041221618652,
          "hz": 20153.260054456492
        },
        {
          "acoustic_entropy": 7.19807243347168,
          "acoustic_entropy_side": 7.196070671081543,
          "hz": 22000.00000000001
        }
      ],
      "diff_acoustic_entropy": 8.557047843933105,
      "sn": 6
    },
    {
      "acoustic_entropy": 12.312653541564941,
      "acoustic_entropy_mono": 10.531378746032715,
      "band_eliminated_acoustic_entropies": [
        {
          "acoustic_entropy": 12.332255363464355,
          "acoustic_entropy_side": 12.328189849853516,
          "hz": 129.47220167065723
        },
        {
          "acoustic_entropy": 12.166553497314453,
          "acoustic_entropy_side": 12.167938232421875,
          "hz": 202.92927478742237
        },
        {
          "acoustic_entropy": 11.589851379394531,
          "acoustic_entropy_side": 11.94815731048584,
          "hz": 282.89161906338205
        },
        {
          "acoustic_entropy": 12.332954406738281,
          "acoustic_entropy_side": 12.049345016479492,
          "hz": 369.9353335868758
        },
        {
          "acoustic_entropy": 11.679498672485352,
          "acoustic_entropy_side": 12.086755752563477,
          "hz": 464.6875360973435
        },
        {
          "acoustic_entropy": 12.479630470275879,
          "acoustic_entropy_side": 12.359709739685059,
          "hz": 567.8308811364784
        },
        {
          "acoustic_entropy": 12.025825500488281,
          "acoustic_entropy_side": 12.65839672088623,
          "hz": 680.1084783214808
        },
        {
          "acoustic_entropy": 11.966361999511719,
          "acoustic_entropy_side": 12.317790031433105,
          "hz": 802.3292461747484
        },
        {
          "acoustic_entropy": 11.488986015319824,
          "acoustic_entropy_side": 11.79981517791748,
          "hz": 935.3737400823702
        },
        {
          "acoustic_entropy": 12.391103744506836,
          "acoustic_entropy_side": 12.215978622436523,
          "hz": 1080.2004963696966
        },
        {
          "acoustic_entropy": 12.339555740356445,
          "acoustic_entropy_side": 12.078230857849121,
          "hz": 1237.8529382007157
        },
        {
          "acoustic_entropy": 12.447176933288574,
          "acoustic_entropy_side": 12.34073543548584,
          "hz": 1409.4668930556702
        },
        {
          "acoustic_entropy": 12.80659008026123,
          "acoustic_entropy_side": 12.058320999145508,
          "hz": 1596.2787759475705
        },
        {
          "acoustic_entropy": 12.224939346313477,
          "acoustic_entropy_side": 11.963656425476074,
          "hz": 1799.6344973346393
        },
        {
          "acoustic_entropy": 11.833505630493164,
          "acoustic_entropy_side": 12.204425811767578,
          "hz": 2020.9991599069049
        },
        {
          "acoustic_entropy": 11.815308570861816,
          "acoustic_entropy_side": 12.067403793334961,
          "hz": 2261.9676141086993
        },
        {
          "acoustic_entropy": 12.300914764404297,
          "acoustic_entropy_side": 12.303592681884766,
          "hz": 2524.2759484456974
        },
        {
          "acoustic_entropy": 12.320087432861328,
          "acoustic_entropy_side": 12.237936019897461,
          "hz": 2809.813997359896
        },
        {
          "acoustic_entropy": 12.336257934570312,
          "acoustic_entropy_side": 12.143445014953613,
          "hz": 3120.6389567871424
        },
        {
          "acoustic_entropy": 12.180227279663086,
          "acoustic_entropy_side": 12.224947929382324,
          "hz": 3458.990205492291
        },
        {
          "acoustic_entropy": 12.260228157043457,
          "acoustic_entropy_side": 12.185495376586914,
          "hz": 3827.305438964164
        },
        {
          "acoustic_entropy": 12.248130798339844,
          "acoustic_entropy_side": 12.277162551879883,
          "hz": 4228.238232109126
        },
        {
          "acoustic_entropy": 12.386273384094238,
          "acoustic_entropy_side": 12.379220962524414,
          "hz": 4664.6771572759235
        },
        {
          "acoustic_entropy": 12.522660255432129,
          "acoustic_entropy_side": 12.477045059204102,
          "hz": 5139.766595350093
        },
        {
          "acoustic_entropy": 12.507949829101562,
          "acoustic_entropy_side": 12.464612007141113,
          "hz": 5656.929389854203
        },
        {
          "acoustic_entropy": 12.231898307800293,
          "acoustic_entropy_side": 12.20079231262207,
          "hz": 6219.891507268283
        },
        {
          "acoustic_entropy": 12.43771743774414,
          "acoustic_entropy_side": 12.413190841674805,
          "hz": 6832.70888123896
        },
        {
          "acoustic_entropy": 12.370579719543457,
          "acoustic_entropy_side": 12.35116958618164,
          "hz": 7499.796634079867
        },
        {
          "acoustic_entropy": 12.291824340820312,
          "acoustic_entropy_side": 12.339606285095215,
          "hz": 8225.96088609342
        },
        {
          "acoustic_entropy": 12.288871765136719,
          "acoustic_entropy_side": 12.327200889587402,
          "hz": 9016.43338188839
        },
        {
          "acoustic_entropy": 12.28845500946045,
          "acoustic_entropy_side": 12.295524597167969,
          "hz": 9876.909183162974
        },
        {
          "acoustic_entropy": 12.328081130981445,
          "acoustic_entropy_side": 12.248880386352539,
          "hz": 10813.587699516042
        },
        {
          "acoustic_entropy": 12.436729431152344,
          "acoustic_entropy_side": 12.39437198638916,
          "hz": 11833.21735289826
        },
        {
          "acoustic_entropy": 12.590005874633789,
          "acoustic_entropy_side": 12.48401927947998,
          "hz": 12943.144197493959
        },
        {
          "acoustic_entropy": 12.67681884765625,
          "acoustic_entropy_side": 12.517993927001953,
          "hz": 14151.364845322005
        },
        {
          "acoustic_entropy": 12.516427040100098,
          "acoustic_entropy_side": 12.439802169799805,
          "hz": 15466.58407886509
        },
        {
          "acoustic_entropy": 12.399497985839844,
          "acoustic_entropy_side": 12.380672454833984,
          "hz": 16898.27756580493
        },
        {
          "acoustic_entropy": 12.382866859436035,
          "acoustic_entropy_side": 12.356825828552246,
          "hz": 18456.760127700032
        },
        {
          "acoustic_entropy": 12.217580795288086,
          "acoustic_entropy_side": 12.341511726379395,
          "hz": 20153.260054456492
        },
        {
          "acoustic_entropy": 12.317675590515137,
          "acoustic_entropy_side": 12.335680961608887,
          "hz": 22000.00000000001
        }
      ],
      "diff_acoustic_entropy": 13.681829452514648,
      "sn": 12
    },
    {
      "acoustic_entropy": 17.51340103149414,
      "acoustic_entropy_mono": 14.525094985961914,
      "band_eliminated_acoustic_entropies": [
        {
          "acoustic_entropy": 17.559804916381836,
          "acoustic_entropy_side": 17.412221908569336,
          "hz": 129.47220167065723
        },
        {
          "acoustic_entropy": 18.386747360229492,
          "acoustic_entropy_side": 16.8592472076416,
          "hz": 202.92927478742237
        },
        {
          "acoustic_entropy": 17.877952575683594,
          "acoustic_entropy_side": 17.434053421020508,
          "hz": 282.89161906338205
        },
        {
          "acoustic_entropy": 18.03159523010254,
          "acoustic_entropy_side": 17.858200073242188,
          "hz": 369.9353335868758
        },
        {
          "acoustic_entropy": 17.31654930114746,
          "acoustic_entropy_side": 17.883686065673828,
          "hz": 464.6875360973435
        },
        {
          "acoustic_entropy": 18.73946762084961,
          "acoustic_entropy_side": 17.650882720947266,
          "hz": 567.8308811364784
        },
        {
          "acoustic_entropy": 17.311756134033203,
          "acoustic_entropy_side": 17.54425048828125,
          "hz": 680.1084783214808
        },
        {
          "acoustic_entropy": 17.835783004760742,
          "acoustic_entropy_side": 18.23056983947754,
          "hz": 802.3292461747484
        },
        {
          "acoustic_entropy": 17.67937660217285,
          "acoustic_entropy_side": 17.4765625,
          "hz": 935.3737400823702
        },
        {
          "acoustic_entropy": 17.933141708374023,
          "acoustic_entropy_side": 17.814537048339844,
          "hz": 1080.2004963696966
        },
        {
          "acoustic_entropy": 16.838951110839844,
          "acoustic_entropy_side": 16.989566802978516,
          "hz": 1237.8529382007157
        },
        {
          "acoustic_entropy": 17.59303855895996,
          "acoustic_entropy_side": 17.732982635498047,
          "hz": 1409.4668930556702
        },
        {
          "acoustic_entropy": 17.773103713989258,
          "acoustic_entropy_side": 17.677947998046875,
          "hz": 1596.2787759475705
        },
        {
          "acoustic_entropy": 17.48914909362793,
          "acoustic_entropy_side": 17.739974975585938,
          "hz": 1799.6344973346393
        },
        {
          "acoustic_entropy": 17.662818908691406,
          "acoustic_entropy_side": 17.51067352294922,
          "hz": 2020.9991599069049
        },
        {
          "acoustic_entropy": 17.553627014160156,
          "acoustic_entropy_side": 17.636096954345703,
          "hz": 2261.9676141086993
        },
        {
          "acoustic_entropy": 17.96695899963379,
          "acoustic_entropy_side": 17.586570739746094,
          "hz": 2524.2759484456974
        },
        {
          "acoustic_entropy": 17.798377990722656,
          "acoustic_entropy_side": 17.61648941040039,
