{
  "acoustic_entropy": 144.26966857910156,
  "bands": [
    {
      "high_freq": 148.1999969482422,
      "loudness": -36.3098258972168,
      "loudness_range": 21.897043228149414,
      "mid_mean": -32.91055679321289,
      "mid_to_side_loudness": -17.373828887939453,
      "mid_to_side_loudness_range": 16.31438446044922,
      "side_mean": -55.51136016845703
    },
    {
      "high_freq": 392.3793640136719,
      "loudness": -37.35276412963867,
      "loudness_range": 15.277528762817383,
      "low_freq": 148.1999969482422,
      "mid_mean": -35.0568962097168,
      "mid_to_side_loudness": -7.065221786499023,
      "mid_to_side_loudness_range": 14.537680625915527,
      "side_mean": -42.59734344482422
    },
    {
      "high_freq": 794.6976318359375,
      "loudness": -31.465646743774414,
      "loudness_range": 14.533864974975586,
      "low_freq": 392.3793640136719,
      "mid_mean": -30.02408218383789,
      "mid_to_side_loudness": -3.47908878326416,
      "mid_to_side_loudness_range": 12.186443328857422,
      "side_mean": -34.623531341552734
    },
    {
      "high_freq": 1457.5709228515625,
      "loudness": -38.07392120361328,
      "loudness_range": 11.45590591430664,
      "low_freq": 794.6976318359375,
      "mid_mean": -37.0620231628418,
      "mid_to_side_loudness": -3.7527053356170654,
      "mid_to_side_loudness_range": 10.802846908569336,
      "side_mean": -41.022682189941406
    },
    {
      "high_freq": 2549.74365234375,
      "loudness": -44.65052795410156,
      "loudness_range": 14.10982894897461,
      "low_freq": 1457.5709228515625,
      "mid_mean": -44.39925765991211,
      "mid_to_side_loudness": -2.4011998176574707,
      "mid_to_side_loudness_range": 5.567570686340332,
      "side_mean": -51.80244445800781
    },
    {
      "high_freq": 4349.24462890625,
      "loudness": -48.564720153808594,
      "loudness_range": 13.395523071289062,
      "low_freq": 2549.74365234375,
      "mid_mean": -53.39961242675781,
      "mid_to_side_loudness": -0.21250249445438385,
      "mid_to_side_loudness_range": 3.410456895828247,
      "side_mean": -53.5602912902832
    },
    {
      "high_freq": 7314.1640625,
      "loudness": -50.11975860595703,
      "loudness_range": 10.29610824584961,
      "low_freq": 4349.24462890625,
      "mid_mean": -53.99795150756836,
      "mid_to_side_loudness": -2.204655647277832,
      "mid_to_side_loudness_range": 2.9399805068969727,
      "side_mean": -55.713138580322266
    },
    {
      "high_freq": 12199.2666015625,
      "loudness": -51.544708251953125,
      "loudness_range": 14.066165924072266,
      "low_freq": 7314.1640625,
      "mid_mean": -55.79001235961914,
      "mid_to_side_loudness": 0.05162295326590538,
      "mid_to_side_loudness_range": 2.473525047302246,
      "side_mean": -55.7438850402832
    },
    {
      "loudness": -60.854835510253906,
      "loudness_range": 19.215702056884766,
      "low_freq": 12199.2666015625,
      "mid_mean": -61.59801483154297,
      "mid_to_side_loudness": -1.9134329557418823,
      "mid_to_side_loudness_range": 2.9969310760498047,
      "side_mean": -62.789634704589844
    }
  ],
  "bands_short": [
    {
      "high_freq": 148.1999969482422,
      "loudness": -39.81819534301758,
      "loudness_range": 29.62162208557129,
      "mid_mean": -36.87720489501953,
      "mid_to_side_loudness": -18.96979331970215,
      "mid_to_side_loudness_range": 23.20056915283203,
      "side_mean": -59.32154846191406
    },
    {
      "high_freq": 392.3793640136719,
      "loudness": -36.633277893066406,
      "loudness_range": 14.788545608520508,
      "low_freq": 148.1999969482422,
      "mid_mean": -34.3492431640625,
      "mid_to_side_loudness": -9.102250099182129,
      "mid_to_side_loudness_range": 15.777464866638184,
      "side_mean": -44.379695892333984
    },
    {
      "high_freq": 794.6976318359375,
      "loudness": -33.06405258178711,
      "loudness_range": 16.818912506103516,
      "low_freq": 392.3793640136719,
      "mid_mean": -32.043643951416016,
      "mid_to_side_loudness": -3.7362136840820312,
      "mid_to_side_loudness_range": 15.508556365966797,
      "side_mean": -36.79103469848633
    },
    {
      "high_freq": 1457.5709228515625,
      "loudness": -36.46837615966797,
      "loudness_range": 18.114370346069336,
      "low_freq": 794.6976318359375,
      "mid_mean": -35.93275833129883,
      "mid_to_side_loudness": -3.0178732872009277,
      "mid_to_side_loudness_range": 12.026653289794922,
      "side_mean": -38.978553771972656
    },
    {
      "high_freq": 2549.74365234375,
      "loudness": -45.29085159301758,
      "loudness_range": 16.39002227783203,
      "low_freq": 1457.5709228515625,
      "mid_mean": -50.62097930908203,
      "mid_to_side_loudness": -2.3076512813568115,
      "mid_to_side_loudness_range": 7.490511894226074,
      "side_mean": -52.37983703613281
    },
    {
      "high_freq": 4349.24462890625,
      "loudness": -49.17880630493164,
      "loudness_range": 14.93362045288086,
      "low_freq": 2549.74365234375,
      "mid_mean": -53.89730453491211,
      "mid_to_side_loudness": -0.2532247304916382,
      "mid_to_side_loudness_range": 4.724547386169434,
      "side_mean": -54.09957504272461
    },
    {
      "high_freq": 7314.1640625,
      "loudness": -51.09151077270508,
      "loudness_range": 12.933219909667969,
      "low_freq": 4349.24462890625,
      "mid_mean": -54.79560470581055,
      "mid_to_side_loudness": -2.0367367267608643,
      "mid_to_side_loudness_range": 4.068097114562988,
      "side_mean": -56.37385940551758
    },
    {
      "high_freq": 12199.2666015625,
      "loudness": -53.2219123840332,
      "loudness_range": 17.725513458251953,
      "low_freq": 7314.1640625,
      "mid_mean": -57.05146408081055,
      "mid_to_side_loudness": 0.02168726548552513,
      "mid_to_side_loudness_range": 3.050238609313965,
      "side_mean": -57.05770492553711
    },
    {
      "loudness": -64.1802978515625,
      "loudness_range": 26.060585021972656,
      "low_freq": 12199.2666015625,
      "mid_mean": -63.588096618652344,
      "mid_to_side_loudness": -2.2628114223480225,
      "mid_to_side_loudness_range": 4.752521991729736,
      "side_mean": -64.79151153564453
    }
  ],
  "bandwidth": 488.5627136230469,
  "channels": 2,
  "covariance": [
    [
      61.22613525390625,
      31.363481521606445,
      12.492761611938477,
      29.070690155029297,
      24.808897018432617,
      27.752655029296875,
      28.430049896240234,
      23.11600112915039,
      26.467113494873047,
      21.305204391479492,
      17.971435546875,
      17.705366134643555,
      13.639883041381836,
      12.210223197937012,
      13.833565711975098,
      15.591302871704102,
      13.149330139160156,
      11.467341423034668
    ],
    [
      31.363481521606445,
      92.18293762207031,
      12.477934837341309,
      27.539087295532227,
      10.639450073242188,
      23.046066284179688,
      12.69980239868164,
      14.426627159118652,
      31.025177001953125,
      94.567138671875,
      85.95687866210938,
      84.74991607666016,
      83.7470932006836,
      74.25965118408203,
      75.97610473632812,
      76.96222686767578,
      48.33562469482422,
      41.71335983276367
    ],
    [
      12.492761611938477,
      12.477934837341309,
      40.44279098510742,
      37.70222473144531,
      -5.8349409103393555,
      15.658578872680664,
      1.6285479068756104,
      2.17897629737854,
      14.415687561035156,
      10.03881549835205,
      12.866085052490234,
      11.568439483642578,
      13.620553970336914,
      12.29842758178711,
      11.257974624633789,
      12.612525939941406,
      5.328298568725586,
      4.940639972686768
    ],
    [
      29.070690155029297,
      27.539087295532227,
      37.70222473144531,
      62.61518478393555,
      7.580779075622559,
      33.93817138671875,
      18.745271682739258,
      13.287666320800781,
      33.271034240722656,
      24.922611236572266,
      26.791568756103516,
      25.23310089111328,
      21.564590454101562,
      20.0444393157959,
      19.329946517944336,
      21.871196746826172,
      13.257808685302734,
      11.375019073486328
    ],
    [
      24.808897018432617,
      10.639450073242188,
      -5.8349409103393555,
      7.580779075622559,
      50.2425422668457,
      30.56751823425293,
      39.318336486816406,
      41.34672927856445,
      33.78264617919922,
      33.97222137451172,
      23.81939697265625,
      23.457645416259766,
      16.184078216552734,
      15.466765403747559,
      18.76432991027832,
      18.914466857910156,
      19.40436363220215,
      16.441801071166992
    ],
    [
      27.752655029296875,
      23.046066284179688,
      15.658578872680664,
      33.93817138671875,
      30.56751823425293,
      48.75172424316406,
      32.884212493896484,
      27.81588363647461,
      47.006412506103516,
      42.7745361328125,
      33.40369415283203,
      33.08846664428711,
      26.928668975830078,
      24.56977653503418,
      24.954404830932617,
      25.666582107543945,
      18.78148651123047,
      16.305788040161133
    ],
    [
      28.430049896240234,
      12.69980239868164,
      1.6285479068756104,
      18.745271682739258,
      39.318336486816406,
      32.884212493896484,
      47.29508590698242,
      36.54161834716797,
      35.31808090209961,
      31.39226531982422,
      23.854463577270508,
      23.082340240478516,
      13.730438232421875,
      13.4126558303833,
      14.389678001403809,
      15.224677085876465,
      16.623371124267578,
      14.445801734924316
    ],
    [
      23.11600112915039,
      14.426627159118652,
      2.17897629737854,
      13.287666320800781,
      41.34672927856445,
      27.81588363647461,
      36.54161834716797,
      44.73098373413086,
      31.523773193359375,
      30.683120727539062,
      22.981813430786133,
      22.46402931213379,
      18.424440383911133,
      17.06539535522461,
      20.176706314086914,
      20.71092987060547,
      20.339675903320312,
      17.228504180908203
    ],
    [
      26.467113494873047,
      31.025177001953125,
      14.415687561035156,
      33.271034240722656,
      33.78264617919922,
      47.006412506103516,
      35.31808090209961,
      31.523773193359375,
      67.67301940917969,
      61.067604064941406,
      52.122711181640625,
      50.57618713378906,
      40.524658203125,
      38.01067352294922,
      37.96331024169922,
      38.4160270690918,
      30.166807174682617,
      26.55888557434082
    ],
    [
      21.305204391479492,
      94.567138671875,
      10.03881549835205,
      24.922611236572266,
      33.97222137451172,
      42.7745361328125,
      31.39226531982422,
      30.683120727539062,
      61.067604064941406,
      137.69546508789062,
      121.62667083740234,
      119.83946990966797,
      111.5112075805664,
      100.70040130615234,
      101.38236999511719,
      101.64321899414062,
      66.5148696899414,
      57.730247497558594
    ],
    [
      17.971435546875,
      85.95687866210938,
      12.866085052490234,
      26.791568756103516,
      23.81939697265625,
      33.40369415283203,
      23.854463577270508,
      22.981813430786133,
      52.122711181640625,
      121.62667083740234,
      110.75476837158203,
      108.75724792480469,
      100.77400207519531,
      91.35098266601562,
      91.74966430664062,
      92.07945251464844,
      60.72395706176758,
      52.90464401245117
    ],
    [
      17.705366134643555,
      84.74991607666016,
      11.568439483642578,
      25.23310089111328,
      23.457645416259766,
      33.08846664428711,
      23.082340240478516,
      22.46402931213379,
      50.57618713378906,
      119.83946990966797,
      108.75724792480469,
      107.83538818359375,
      99.54246520996094,
      90.16780090332031,
      90.64046478271484,
      90.90233612060547,
      59.702945709228516,
      52.12112808227539
    ],
    [
      13.639883041381836,
      83.7470932006836,
      13.620553970336914,
      21.564590454101562,
      16.184078216552734,
      26.928668975830078,
      13.730438232421875,
      18.424440383911133,
      40.524658203125,
      111.5112075805664,
      100.77400207519531,
      99.54246520996094,
      100.1440658569336,
      89.82072448730469,
      92.24397277832031,
      92.3418960571289,
      61.881378173828125,
      54.34029769897461
    ],
    [
      12.210223197937012,
      74.25965118408203,
      12.29842758178711,
      20.0444393157959,
      15.466765403747559,
      24.56977653503418,
      13.4126558303833,
      17.06539535522461,
      38.01067352294922,
      100.70040130615234,
      91.35098266601562,
      90.16780090332031,
      89.82072448730469,
      81.0222396850586,
      82.95934295654297,
      82.94751739501953,
      56.03489685058594,
      49.247703552246094
    ],
    [
      13.833565711975098,
      75.97610473632812,
      11.257974624633789,
      19.329946517944336,
      18.76432991027832,
      24.954404830932617,
      14.389678001403809,
      20.176706314086914,
      37.96331024169922,
      101.38236999511719,
      91.74966430664062,
      90.64046478271484,
      92.24397277832031,
      82.95934295654297,
      87.77079010009766,
      87.59673309326172,
      61.81389236450195,
      54.76509094238281
    ],
    [
      15.591302871704102,
      76.96222686767578,
      12.612525939941406,
      21.871196746826172,
      18.914466857910156,
      25.666582107543945,
      15.224677085876465,
      20.71092987060547,
      38.4160270690918,
      101.64321899414062,
      92.07945251464844,
      90.90233612060547,
      92.3418960571289,
      82.94751739501953,
      87.59673309326172,
      87.8231201171875,
      61.493690490722656,
      54.405242919921875
    ],
    [
      13.149330139160156,
      48.33562469482422,
      5.328298568725586,
      13.257808685302734,
      19.40436363220215,
      18.78148651123047,
      16.623371124267578,
      20.339675903320312,
      30.166807174682617,
      66.5148696899414,
      60.72395706176758,
      59.702945709228516,
      61.881378173828125,
      56.03489685058594,
      61.81389236450195,
      61.493690490722656,
      50.7411994934082,
      45.969215393066406
    ],
    [
      11.467341423034668,
      41.71335983276367,
      4.940639972686768,
      11.375019073486328,
      16.441801071166992,
      16.305788040161133,
      14.445801734924316,
      17.228504180908203,
      26.55888557434082,
      57.730247497558594,
      52.90464401245117,
      52.12112808227539,
      54.34029769897461,
      49.247703552246094,
      54.76509094238281,
      54.405242919921875,
      45.969215393066406,
      42.16904067993164
    ]
  ],
  "covariance_short": [
    [
      107.21338653564453,
      51.72590637207031,
      25.854829788208008,
      31.94503402709961,
      30.57990264892578,
      30.063852310180664,
      37.797733306884766,
      26.48000717163086,
      36.00564956665039,
      27.4405574798584,
      24.556804656982422,
      25.009140014648438,
      16.6519832611084,
      15.844301223754883,
      17.394611358642578,
      19.561229705810547,
      16.913164138793945,
      14.138447761535645
    ],
    [
      51.72590637207031,
      74.17344665527344,
      17.972036361694336,
      31.203258514404297,
      18.607118606567383,
      24.20401382446289,
      19.15831756591797,
      14.819314956665039,
      80.41559600830078,
      71.95674896240234,
      65.24742126464844,
      64.745849609375,
      62.787376403808594,
      56.33837890625,
      57.42953872680664,
      58.4440803527832,
      35.785247802734375,
      30.487648010253906
    ],
    [
      25.854829788208008,
      17.972036361694336,
      46.75593566894531,
      41.18438720703125,
      13.056906700134277,
      25.62120819091797,
      -0.4591095447540283,
      -4.585651874542236,
      19.402557373046875,
      15.036410331726074,
      16.49407958984375,
      15.497563362121582,
      18.23186683654785,
      16.602481842041016,
      17.850133895874023,
      18.52373695373535,
      11.189278602600098,
      10.011463165283203
    ],
    [
      31.94503402709961,
      31.203258514404297,
      41.18438720703125,
      79.64167022705078,
      13.102206230163574,
      43.829219818115234,
      6.771031379699707,
      -3.399552345275879,
      38.85176086425781,
      28.953590393066406,
      32.58130645751953,
      31.21104621887207,
      30.2836971282959,
      27.4929141998291,
      26.35999870300293,
      28.162748336791992,
      15.589982032775879,
      12.536118507385254
    ],
    [
      30.57990264892578,
      18.607118606567383,
      13.056906700134277,
      13.102206230163574,
      63.04596710205078,
      35.394989013671875,
      38.366939544677734,
      37.76772689819336,
      41.38169860839844,
      40.265262603759766,
      30.7149715423584,
      29.167753219604492,
      21.248939514160156,
      20.83910369873047,
      24.586999893188477,
      24.773775100708008,
      20.195201873779297,
      16.09981346130371
    ],
    [
      30.063852310180664,
      24.20401382446289,
      25.62120819091797,
      43.829219818115234,
      35.394989013671875,
      57.08354568481445,
      30.518728256225586,
      24.087017059326172,
      51.38603210449219,
      45.23166275024414,
      38.320526123046875,
      36.79998779296875,
      29.920513153076172,
      27.721694946289062,
      26.98845863342285,
      27.867652893066406,
      16.965572357177734,
      13.579142570495605
    ],
    [
      37.797733306884766,
      19.15831756591797,
      -0.4591095447540283,
      6.771031379699707,
      38.366939544677734,
      30.518728256225586,
      68.5419692993164,
      56.04393768310547,
      45.17558670043945,
      39.66895294189453,
      27.655654907226562,
      26.110504150390625,
      12.414113998413086,
      13.123016357421875,
      13.12906551361084,
      13.836974143981934,
      13.297825813293457,
      10.678535461425781
    ],
    [
      26.48000717163086,
      14.819314956665039,
      -4.585651874542236,
      -3.399552345275879,
      37.76772689819336,
      24.087017059326172,
      56.04393768310547,
      62.21235656738281,
      38.4473876953125,
      37.209503173828125,
      23.18753433227539,
      22.250865936279297,
      13.152963638305664,
      12.903958320617676,
      14.90434741973877,
      14.717803955078125,
      14.3883056640625,
      11.44653606414795
    ],
    [
      36.00564956665039,
      80.41559600830078,
      19.402557373046875,
      38.85176086425781,
      41.38169860839844,
      51.38603210449219,
      45.17558670043945,
      38.4473876953125,
      163.0220947265625,
      146.39288330078125,
      130.34246826171875,
      127.5724105834961,
      114.41715240478516,
      104.7964096069336,
      100.07457733154297,
      100.22065734863281,
      56.61779022216797,
      46.55913543701172
    ],
    [
      27.4405574798584,
      71.95674896240234,
      15.036410331726074,
      28.953590393066406,
      40.265262603759766,
      45.23166275024414,
      39.66895294189453,
      37.209503173828125,
      146.39288330078125,
      136.02064514160156,
      118.89218139648438,
      116.53202819824219,
      105.54452514648438,
      96.41561889648438,
      93.51924133300781,
      93.3934097290039,
      54.1972541809082,
      44.9039192199707
    ],
    [
      24.556804656982422,
      65.24742126464844,
      16.49407958984375,
      32.58130645751953,
      30.7149715423584,
      38.320526123046875,
      27.655654907226562,
      23.18753433227539,
      130.34246826171875,
      118.89218139648438,
      110.17477416992188,
      107.20870208740234,
      96.61438751220703,
      88.58317565917969,
      85.79035186767578,
      85.77322387695312,
      51.22077178955078,
      42.68552017211914
    ],
    [
      25.009140014648438,
      64.745849609375,
      15.497563362121582,
      31.21104621887207,
      29.167753219604492,
      36.79998779296875,
      26.110504150390625,
      22.250865936279297,
      127.5724105834961,
      116.53202819824219,
      107.20870208740234,
      106.27013397216797,
      95.06774139404297,
      87.13632202148438,
      84.4143295288086,
      84.33386993408203,
      49.95420455932617,
      41.91710662841797
    ],
    [
      16.6519832611084,
      62.787376403808594,
      18.23186683654785,
      30.2836971282959,
      21.248939514160156,
      29.920513153076172,
      12.414113998413086,
      13.152963638305664,
      114.41715240478516,
      105.54452514648438,
      96.61438751220703,
      95.06774139404297,
      95.78849792480469,
      86.38257598876953,
      86.76994323730469,
      86.64720153808594,
      53.52577590942383,
      45.483367919921875
    ],
    [
      15.844301223754883,
      56.33837890625,
      16.602481842041016,
      27.4929141998291,
      20.83910369873047,
      27.721694946289062,
      13.123016357421875,
      12.903958320617676,
      104.7964096069336,
      96.41561889648438,
      88.58317565917969,
      87.13632202148438,
      86.38257598876953,
      79.09204864501953,
      78.84996795654297,
      78.522705078125,
      49.479637145996094,
      42.206764221191406
    ],
    [
      17.394611358642578,
      57.42953872680664,
      17.850133895874023,
      26.35999870300293,
      24.586999893188477,
      26.98845863342285,
      13.12906551361084,
      14.90434741973877,
      100.07457733154297,
      93.51924133300781,
      85.79035186767578,
      84.4143295288086,
      86.76994323730469,
      78.84996795654297,
      83.85807037353516,
      83.20884704589844,
      56.40871810913086,
      48.72985076904297
    ],
    [
      19.561229705810547,
      58.4440803527832,
      18.52373695373535,
      28.162748336791992,
      24.773775100708008,
      27.867652893066406,
      13.836974143981934,
      14.717803955078125,
      100.22065734863281,
      93.3934097290039,
      85.77322387695312,
      84.33386993408203,
      86.64720153808594,
      78.522705078125,
      83.20884704589844,
      83.28097534179688,
      55.93000793457031,
      48.19696807861328
    ],
    [
      16.913164138793945,
      35.785247802734375,
      11.189278602600098,
      15.589982032775879,
      20.195201873779297,
      16.965572357177734,
      13.297825813293457,
      14.3883056640625,
      56.61779022216797,
      54.1972541809082,
      51.22077178955078,
      49.95420455932617,
      53.52577590942383,
      49.479637145996094,
      56.40871810913086,
      55.93000793457031,
      49.19504928588867,
      43.851951599121094
    ],
    [
      14.138447761535645,
      30.487648010253906,
      10.011463165283203,
      12.536118507385254,
      16.09981346130371,
      13.579142570495605,
      10.678535461425781,
      11.44653606414795,
      46.55913543701172,
      44.9039192199707,
      42.68552017211914,
      41.91710662841797,
      45.483367919921875,
      42.206764221191406,
      48.72985076904297,
      48.19696807861328,
      43.851951599121094,
      40.20049285888672
    ]
  ],
  "damage": -17.894981384277344,
  "diff_bandwidth": 505.5237731933594,
  "dissonance": 2.9585198021707044,
  "drr": 0.9693137407302856,
  "dynamics": 3.513260841369629,
  "format": 1245190,
  "frames": 825344,
  "loudness": -23.634265899658203,
  "loudness_range": 10.35096549987793,
  "loudness_range_short": 12.100704193115234,
  "lowpass_true_peak_15khz": -9.636088371276855,
  "mastering3_acoustic_entropies": [
    {
      "acoustic_entropy": 9.074432373046875,
      "acoustic_entropy_mono": 8.454172134399414,
      "band_eliminated_acoustic_entropies": [
        {
          "acoustic_entropy": 8.764006614685059,
          "acoustic_entropy_side": 9.074460983276367,
          "hz": 129.47220167065723
        },
        {
          "acoustic_entropy": 8.108839988708496,
          "acoustic_entropy_side": 9.075724601745605,
          "hz": 202.92927478742237
        },
        {
          "acoustic_entropy": 9.16279411315918,
          "acoustic_entropy_side": 9.089868545532227,
          "hz": 282.89161906338205
        },
        {
          "acoustic_entropy": 8.465425491333008,
          "acoustic_entropy_side": 9.09234619140625,
          "hz": 369.9353335868758
        },
        {
          "acoustic_entropy": 8.707612991333008,
          "acoustic_entropy_side": 9.121872901916504,
          "hz": 464.6875360973435
        },
        {
          "acoustic_entropy": 7.796064376831055,
          "acoustic_entropy_side": 9.25709056854248,
          "hz": 567.8308811364784
        },
        {
          "acoustic_entropy": 8.490888595581055,
          "acoustic_entropy_side": 8.784699440002441,
          "hz": 680.1084783214808
        },
        {
          "acoustic_entropy": 8.899629592895508,
          "acoustic_entropy_side": 8.986770629882812,
          "hz": 802.3292461747484
        },
        {
          "acoustic_entropy": 8.363231658935547,
          "acoustic_entropy_side": 8.869318962097168,
          "hz": 935.3737400823702
        },
        {
          "acoustic_entropy": 8.858810424804688,
          "acoustic_entropy_side": 9.219826698303223,
          "hz": 1080.2004963696966
        },
        {
          "acoustic_entropy": 8.979598999023438,
          "acoustic_entropy_side": 9.091434478759766,
          "hz": 1237.8529382007157
        },
        {
          "acoustic_entropy": 8.786774635314941,
          "acoustic_entropy_side": 9.082732200622559,
          "hz": 1409.4668930556702
        },
        {
          "acoustic_entropy": 8.943532943725586,
          "acoustic_entropy_side": 9.045363426208496,
          "hz": 1596.2787759475705
        },
        {
          "acoustic_entropy": 9.090044975280762,
          "acoustic_entropy_side": 9.065613746643066,
          "hz": 1799.6344973346393
        },
        {
          "acoustic_entropy": 9.007137298583984,
          "acoustic_entropy_side": 9.090265274047852,
          "hz": 2020.9991599069049
        },
        {
          "acoustic_entropy": 9.023771286010742,
          "acoustic_entropy_side": 9.080052375793457,
          "hz": 2261.9676141086993
        },
        {
          "acoustic_entropy": 9.03931713104248,
          "acoustic_entropy_side": 9.068453788757324,
          "hz": 2524.2759484456974
        },
        {
          "acoustic_entropy": 9.05919361114502,
          "acoustic_entropy_side": 9.058648109436035,
          "hz": 2809.813997359896
        },
        {
          "acoustic_entropy": 9.045967102050781,
          "acoustic_entropy_side": 9.055862426757812,
          "hz": 3120.6389567871424
        },
        {
          "acoustic_entropy": 9.052581787109375,
          "acoustic_entropy_side": 9.07571792602539,
          "hz": 3458.990205492291
        },
        {
          "acoustic_entropy": 9.079002380371094,
          "acoustic_entropy_side": 9.076354026794434,
          "hz": 3827.305438964164
        },
        {
          "acoustic_entropy": 9.083231925964355,
          "acoustic_entropy_side": 9.079255104064941,
          "hz": 4228.238232109126
        },
        {
          "acoustic_entropy": 9.075189590454102,
          "acoustic_entropy_side": 9.083266258239746,
          "hz": 4664.6771572759235
        },
        {
          "acoustic_entropy": 9.082581520080566,
          "acoustic_entropy_side": 9.089003562927246,
          "hz": 5139.766595350093
        },
        {
          "acoustic_entropy": 9.091119766235352,
          "acoustic_entropy_side": 9.081315040588379,
          "hz": 5656.929389854203
        },
        {
          "acoustic_entropy": 9.094375610351562,
          "acoustic_entropy_side": 9.07865047454834,
          "hz": 6219.891507268283
        },
        {
          "acoustic_entropy": 9.098897933959961,
          "acoustic_entropy_side": 9.080423355102539,
          "hz": 6832.70888123896
        },
        {
          "acoustic_entropy": 9.09443473815918,
          "acoustic_entropy_side": 9.080641746520996,
          "hz": 7499.796634079867
        },
        {
          "acoustic_entropy": 9.115628242492676,
          "acoustic_entropy_side": 9.087584495544434,
          "hz": 8225.96088609342
        },
        {
          "acoustic_entropy": 9.123324394226074,
          "acoustic_entropy_side": 9.092179298400879,
          "hz": 9016.43338188839
        },
        {
          "acoustic_entropy": 9.128082275390625,
          "acoustic_entropy_side": 9.100459098815918,
          "hz": 9876.909183162974
        },
        {
          "acoustic_entropy": 9.101717948913574,
          "acoustic_entropy_side": 9.087258338928223,
          "hz": 10813.587699516042
        },
        {
          "acoustic_entropy": 9.094120979309082,
          "acoustic_entropy_side": 9.082459449768066,
          "hz": 11833.21735289826
        },
        {
          "acoustic_entropy": 9.087681770324707,
          "acoustic_entropy_side": 9.078420639038086,
          "hz": 12943.144197493959
        },
        {
          "acoustic_entropy": 9.08707046508789,
          "acoustic_entropy_side": 9.078052520751953,
          "hz": 14151.364845322005
        },
        {
          "acoustic_entropy": 9.080857276916504,
          "acoustic_entropy_side": 9.077127456665039,
          "hz": 15466.58407886509
        },
        {
          "acoustic_entropy": 9.078166961669922,
          "acoustic_entropy_side": 9.076135635375977,
          "hz": 16898.27756580493
        },
        {
          "acoustic_entropy": 9.07548999786377,
          "acoustic_entropy_side": 9.074910163879395,
          "hz": 18456.760127700032
        },
        {
          "acoustic_entropy": 9.074777603149414,
          "acoustic_entropy_side": 9.07458209991455,
          "hz": 20153.260054456492
        },
        {
          "acoustic_entropy": 9.074462890625,
          "acoustic_entropy_side": 9.074446678161621,
          "hz": 22000.00000000001
        }
      ],
      "diff_acoustic_entropy": 4.736407279968262,
      "sn": 6
    },
    {
      "acoustic_entropy": 11.31699275970459,
      "acoustic_entropy_mono": 10.641448020935059,
      "band_eliminated_acoustic_entropies": [
        {
          "acoustic_entropy": 11.25972843170166,
          "acoustic_entropy_side": 11.316363334655762,
          "hz": 129.47220167065723
        },
        {
          "acoustic_entropy": 11.685624122619629,
          "acoustic_entropy_side": 11.310397148132324,
          "hz": 202.92927478742237
        },
        {
          "acoustic_entropy": 11.784435272216797,
          "acoustic_entropy_side": 11.307686805725098,
          "hz": 282.89161906338205
        },
        {
          "acoustic_entropy": 11.8562650680542,
          "acoustic_entropy_side": 11.6282320022583,
          "hz": 369.9353335868758
        },
        {
          "acoustic_entropy": 11.170695304870605,
          "acoustic_entropy_side": 11.283454895019531,
          "hz": 464.6875360973435
        },
        {
          "acoustic_entropy": 12.04164981842041,
          "acoustic_entropy_side": 11.481889724731445,
          "hz": 567.8308811364784
        },
        {
          "acoustic_entropy": 11.822970390319824,
          "acoustic_entropy_side": 11.284759521484375,
          "hz": 680.1084783214808
        },
        {
          "acoustic_entropy": 11.743267059326172,
          "acoustic_entropy_side": 11.896140098571777,
          "hz": 802.3292461747484
        },
        {
          "acoustic_entropy": 11.017200469970703,
          "acoustic_entropy_side": 12.119044303894043,
          "hz": 935.3737400823702
        },
        {
          "acoustic_entropy": 11.399961471557617,
          "acoustic_entropy_side": 11.33581829071045,
          "hz": 1080.2004963696966
        },
        {
          "acoustic_entropy": 10.833495140075684,
          "acoustic_entropy_side": 11.173155784606934,
          "hz": 1237.8529382007157
        },
        {
          "acoustic_entropy": 11.351799011230469,
          "acoustic_entropy_side": 11.449739456176758,
          "hz": 1409.4668930556702
        },
        {
          "acoustic_entropy": 11.041194915771484,
          "acoustic_entropy_side": 11.22690486907959,
          "hz": 1596.2787759475705
        },
        {
          "acoustic_entropy": 11.432605743408203,
          "acoustic_entropy_side": 11.49316120147705,
          "hz": 1799.6344973346393
        },
        {
          "acoustic_entropy": 11.352023124694824,
          "acoustic_entropy_side": 11.356934547424316,
          "hz": 2020.9991599069049
        },
        {
          "acoustic_entropy": 11.281766891479492,
          "acoustic_entropy_side": 11.334370613098145,
          "hz": 2261.9676141086993
        },
        {
          "acoustic_entropy": 11.304208755493164,
          "acoustic_entropy_side": 11.319340705871582,
          "hz": 2524.2759484456974
        },
        {
          "acoustic_entropy": 11.331879615783691,
          "acoustic_entropy_side": 11.340128898620605,
          "hz": 2809.813997359896
        },
        {
          "acoustic_entropy": 11.373497009277344,
          "acoustic_entropy_side": 11.33438777923584,
          "hz": 3120.6389567871424
        },
        {
          "acoustic_entropy": 11.227910041809082,
          "acoustic_entropy_side": 11.32491397857666,
          "hz": 3458.990205492291
        },
        {
          "acoustic_entropy": 11.314992904663086,
          "acoustic_entropy_side": 11.297819137573242,
          "hz": 3827.305438964164
        },
        {
          "acoustic_entropy": 11.291596412658691,
          "acoustic_entropy_side": 11.301043510437012,
          "hz": 4228.238232109126
        },
        {
          "acoustic_entropy": 11.371194839477539,
          "acoustic_entropy_side": 11.319584846496582,
          "hz": 4664.6771572759235
        },
        {
          "acoustic_entropy": 11.401716232299805,
          "acoustic_entropy_side": 11.331052780151367,
          "hz": 5139.766595350093
        },
        {
          "acoustic_entropy": 11.450512886047363,
          "acoustic_entropy_side": 11.339055061340332,
          "hz": 5656.929389854203
        },
        {
          "acoustic_entropy": 11.498342514038086,
          "acoustic_entropy_side": 11.343374252319336,
          "hz": 6219.891507268283
        },
        {
          "acoustic_entropy": 11.534415245056152,
          "acoustic_entropy_side": 11.350805282592773,
          "hz": 6832.70888123896
        },
        {
          "acoustic_entropy": 11.482547760009766,
          "acoustic_entropy_side": 11.341506958007812,
          "hz": 7499.796634079867
        },
        {
          "acoustic_entropy": 11.62165641784668,
          "acoustic_entropy_side": 11.40142822265625,
          "hz": 8225.96088609342
        },
        {
          "acoustic_entropy": 11.602875709533691,
          "acoustic_entropy_side": 11.456928253173828,
          "hz": 9016.43338188839
        },
        {
          "acoustic_entropy": 11.644227027893066,
          "acoustic_entropy_side": 11.516496658325195,
          "hz": 9876.909183162974
        },
        {
          "acoustic_entropy": 11.534379005432129,
          "acoustic_entropy_side": 11.422507286071777,
          "hz": 10813.587699516042
        },
        {
          "acoustic_entropy": 11.45840072631836,
          "acoustic_entropy_side": 11.359369277954102,
          "hz": 11833.21735289826
        },
        {
          "acoustic_entropy": 11.423083305358887,
          "acoustic_entropy_side": 11.332058906555176,
          "hz": 12943.144197493959
        },
        {
          "acoustic_entropy": 11.423164367675781,
          "acoustic_entropy_side": 11.33034610748291,
          "hz": 14151.364845322005
        },
        {
          "acoustic_entropy": 11.365338325500488,
          "acoustic_entropy_side": 11.318255424499512,
          "hz": 15466.58407886509
        },
        {
          "acoustic_entropy": 11.339439392089844,
          "acoustic_entropy_side": 11.311148643493652,
          "hz": 16898.27756580493
        },
        {
          "acoustic_entropy": 11.312996864318848,
          "acoustic_entropy_side": 11.315264701843262,
          "hz": 18456.760127700032
        },
        {
          "acoustic_entropy": 11.31544017791748,
          "acoustic_entropy_side": 11.31633472442627,
          "hz": 20153.260054456492
        },
        {
          "acoustic_entropy": 11.316832542419434,
          "acoustic_entropy_side": 11.316908836364746,
          "hz": 22000.00000000001
        }
      ],
      "diff_acoustic_entropy": 7.2806878089904785,
      "sn": 12
    },
    {
      "acoustic_entropy": 16.89983367919922,
      "acoustic_entropy_mono": 15.455657005310059,
      "band_eliminated_acoustic_entropies": [
        {
          "acoustic_entropy": 16.58184814453125,
          "acoustic_entropy_side": 16.928125381469727,
          "hz": 129.47220167065723
        },
        {
          "acoustic_entropy": 16.749692916870117,
          "acoustic_entropy_side": 16.78474235534668,
          "hz": 202.92927478742237
        },
        {
          "acoustic_entropy": 16.829660415649414,
          "acoustic_entropy_side": 16.935684204101562,
          "hz": 282.89161906338205
        },
        {
          "acoustic_entropy": 15.953557014465332,
          "acoustic_entropy_side": 16.717164993286133,
          "hz": 369.9353335868758
        },
        {
          "acoustic_entropy": 17.434654235839844,
          "acoustic_entropy_side": 16.63472557067871,
          "hz": 464.6875360973435
        },
        {
          "acoustic_entropy": 16.429527282714844,
          "acoustic_entropy_side": 17.137094497680664,
          "hz": 567.8308811364784
        },
        {
          "acoustic_entropy": 17.1117000579834,
          "acoustic_entropy_side": 17.25069808959961,
          "hz": 680.1084783214808
        },
        {
          "acoustic_entropy": 17.8834285736084,
          "acoustic_entropy_side": 16.473655700683594,
          "hz": 802.3292461747484
        },
        {
          "acoustic_entropy": 16.435813903808594,
          "acoustic_entropy_side": 17.181514739990234,
          "hz": 935.3737400823702
        },
        {
          "acoustic_entropy": 16.494848251342773,
          "acoustic_entropy_side": 16.600664138793945,
          "hz": 1080.2004963696966
        },
        {
          "acoustic_entropy": 16.524717330932617,
          "acoustic_entropy_side": 16.462491989135742,
          "hz": 1237.8529382007157
        },
        {
          "acoustic_entropy": 16.75093650817871,
          "acoustic_entropy_side": 16.89629364013672,
          "hz": 1409.4668930556702
        },
        {
          "acoustic_entropy": 16.922138214111328,
          "acoustic_entropy_side": 17.083417892456055,
          "hz": 1596.2787759475705
        },
        {
          "acoustic_entropy": 16.666419982910156,
          "acoustic_entropy_side": 16.71283531188965,
          "hz": 1799.6344973346393
        },
        {
          "acoustic_entropy": 16.70125961303711,
          "acoustic_entropy_side": 16.825716018676758,
          "hz": 2020.9991599069049
        },
        {
          "acoustic_entropy": 16.72479820251465,
          "acoustic_entropy_side": 16.917133331298828,
          "hz": 2261.9676141086993
        },
        {
          "acoustic_entropy": 16.791894912719727,
          "acoustic_entropy_side": 16.916311264038086,
          "hz": 2524.2759484456974
        },
        {
          "acoustic_entropy": 16.772029876708984,
          "acoustic_entropy_side": 16.91884994506836,
          "hz": 2809.813997359896
        },
        {
          "acoustic_entropy": 16.767335891723633,
          "acoustic_entropy_side": 16.972537994384766,
          "hz": 3120.6389567871424
