{
  "acoustic_entropy": 170.2996368408203,
  "bands": [
    {
      "high_freq": 148.1999969482422,
      "loudness": -18.769115447998047,
      "loudness_range": 15.244868278503418,
      "mid_mean": -15.390650749206543,
      "mid_to_side_loudness": -21.064348220825195,
      "mid_to_side_loudness_range": 37.46372985839844,
      "side_mean": -39.47587966918945
    },
    {
      "high_freq": 392.3793640136719,
      "loudness": -19.77885627746582,
      "loudness_range": 10.035582542419434,
      "low_freq": 148.1999969482422,
      "mid_mean": -16.55068588256836,
      "mid_to_side_loudness": -12.469827651977539,
      "mid_to_side_loudness_range": 18.32013511657715,
      "side_mean": -30.389156341552734
    },
    {
      "high_freq": 794.6976318359375,
      "loudness": -23.416372299194336,
      "loudness_range": 14.506994247436523,
      "low_freq": 392.3793640136719,
      "mid_mean": -20.988243103027344,
      "mid_to_side_loudness": -7.438766956329346,
      "mid_to_side_loudness_range": 12.31821346282959,
      "side_mean": -26.09195327758789
    },
    {
      "high_freq": 1457.5709228515625,
      "loudness": -26.557188034057617,
      "loudness_range": 13.42276382446289,
      "low_freq": 794.6976318359375,
      "mid_mean": -23.770824432373047,
      "mid_to_side_loudness": -8.755012512207031,
      "mid_to_side_loudness_range": 15.477313995361328,
      "side_mean": -30.774686813354492
    },
    {
      "high_freq": 2549.74365234375,
      "loudness": -26.16211700439453,
      "loudness_range": 12.734392166137695,
      "low_freq": 1457.5709228515625,
      "mid_mean": -23.477344512939453,
      "mid_to_side_loudness": -7.5947675704956055,
      "mid_to_side_loudness_range": 13.264446258544922,
      "side_mean": -29.7785587310791
    },
    {
      "high_freq": 4349.24462890625,
      "loudness": -27.152639389038086,
      "loudness_range": 13.851799011230469,
      "low_freq": 2549.74365234375,
      "mid_mean": -24.52501678466797,
      "mid_to_side_loudness": -6.276910305023193,
      "mid_to_side_loudness_range": 7.494328498840332,
      "side_mean": -30.66206169128418
    },
    {
      "high_freq": 7314.1640625,
      "loudness": -27.21755599975586,
      "loudness_range": 17.845346450805664,
      "low_freq": 4349.24462890625,
      "mid_mean": -24.83267593383789,
      "mid_to_side_loudness": -4.401783466339111,
      "mid_to_side_loudness_range": 4.6984968185424805,
      "side_mean": -29.63170051574707
    },
    {
      "high_freq": 12199.2666015625,
      "loudness": -25.907779693603516,
      "loudness_range": 16.530746459960938,
      "low_freq": 7314.1640625,
      "mid_mean": -24.737260818481445,
      "mid_to_side_loudness": -1.275650143623352,
      "mid_to_side_loudness_range": 2.3091378211975098,
      "side_mean": -25.90359115600586
    },
    {
      "loudness": -27.772857666015625,
      "loudness_range": 24.39376449584961,
      "low_freq": 12199.2666015625,
      "mid_mean": -29.577259063720703,
      "mid_to_side_loudness": 3.711902379989624,
      "mid_to_side_loudness_range": 6.855390548706055,
      "side_mean": -25.760066986083984
    }
  ],
  "bands_short": [
    {
      "high_freq": 148.1999969482422,
      "loudness": -22.20627784729004,
      "loudness_range": 21.760149002075195,
      "mid_mean": -18.924013137817383,
      "mid_to_side_loudness": -20.977933883666992,
      "mid_to_side_loudness_range": 41.14459228515625,
      "side_mean": -43.917724609375
    },
    {
      "high_freq": 392.3793640136719,
      "loudness": -20.450620651245117,
      "loudness_range": 16.047565460205078,
      "low_freq": 148.1999969482422,
      "mid_mean": -17.369380950927734,
      "mid_to_side_loudness": -11.673523902893066,
      "mid_to_side_loudness_range": 23.36261558532715,
      "side_mean": -30.40479278564453
    },
    {
      "high_freq": 794.6976318359375,
      "loudness": -23.71114158630371,
      "loudness_range": 16.144744873046875,
      "low_freq": 392.3793640136719,
      "mid_mean": -21.69911766052246,
      "mid_to_side_loudness": -6.535332679748535,
      "mid_to_side_loudness_range": 14.9856538772583,
      "side_mean": -26.813528060913086
    },
    {
      "high_freq": 1457.5709228515625,
      "loudness": -26.131481170654297,
      "loudness_range": 14.312026977539062,
      "low_freq": 794.6976318359375,
      "mid_mean": -23.585063934326172,
      "mid_to_side_loudness": -7.7235260009765625,
      "mid_to_side_loudness_range": 14.48689079284668,
      "side_mean": -30.379531860351562
    },
    {
      "high_freq": 2549.74365234375,
      "loudness": -26.081832885742188,
      "loudness_range": 13.915384292602539,
      "low_freq": 1457.5709228515625,
      "mid_mean": -23.631784439086914,
      "mid_to_side_loudness": -6.759214401245117,
      "mid_to_side_loudness_range": 13.219856262207031,
      "side_mean": -29.771394729614258
    },
    {
      "high_freq": 4349.24462890625,
      "loudness": -27.05560302734375,
      "loudness_range": 15.00119400024414,
      "low_freq": 2549.74365234375,
      "mid_mean": -24.5512752532959,
      "mid_to_side_loudness": -5.7770280838012695,
      "mid_to_side_loudness_range": 9.576761245727539,
      "side_mean": -30.56453514099121
    },
    {
      "high_freq": 7314.1640625,
      "loudness": -27.312532424926758,
      "loudness_range": 18.61155891418457,
      "low_freq": 4349.24462890625,
      "mid_mean": -24.99772834777832,
      "mid_to_side_loudness": -4.196420192718506,
      "mid_to_side_loudness_range": 6.477664947509766,
      "side_mean": -30.066749572753906
    },
    {
      "high_freq": 12199.2666015625,
      "loudness": -26.60818862915039,
      "loudness_range": 19.892065048217773,
      "low_freq": 7314.1640625,
      "mid_mean": -25.54499626159668,
      "mid_to_side_loudness": -1.2150301933288574,
      "mid_to_side_loudness_range": 2.466769218444824,
      "side_mean": -26.663740158081055
    },
    {
      "loudness": -29.775447845458984,
      "loudness_range": 29.919876098632812,
      "low_freq": 12199.2666015625,
      "mid_mean": -31.162681579589844,
      "mid_to_side_loudness": 2.8471171855926514,
      "mid_to_side_loudness_range": 7.982534408569336,
      "side_mean": -28.08831214904785
    }
  ],
  "bandwidth": 541.0812377929688,
  "channels": 2,
  "covariance": [
    [
      36.12366485595703,
      -23.136186599731445,
      18.112079620361328,
      -9.949894905090332,
      -1.608429193496704,
      -0.5226563811302185,
      4.9305291175842285,
      -5.204957008361816,
      6.988671779632568,
      -2.3723933696746826,
      2.0783631801605225,
      -0.3522280156612396,
      5.450974941253662,
      8.589451789855957,
      11.620329856872559,
      11.988458633422852,
      11.731428146362305,
      10.279352188110352
    ],
    [
      -23.136186599731445,
      116.40006256103516,
      -12.805928230285645,
      47.0645637512207,
      14.055621147155762,
      16.310903549194336,
      8.395304679870605,
      29.166261672973633,
      3.9706432819366455,
      16.90666389465332,
      9.426462173461914,
      19.615419387817383,
      4.114325046539307,
      7.423910617828369,
      -2.953352451324463,
      -3.5826637744903564,
      -14.828031539916992,
      -14.408747673034668
    ],
    [
      18.112079620361328,
      -12.805928230285645,
      21.301225662231445,
      0.2477123737335205,
      7.164041519165039,
      3.4682552814483643,
      10.396209716796875,
      2.2640058994293213,
      11.322473526000977,
      5.176258087158203,
      7.707120418548584,
      7.307206630706787,
      10.938573837280273,
      13.912335395812988,
      13.562172889709473,
      13.171273231506348,
      11.741263389587402,
      10.958298683166504
    ],
    [
      -9.949894905090332,
      47.0645637512207,
      0.2477123737335205,
      52.049312591552734,
      19.300003051757812,
      19.598159790039062,
      10.78817081451416,
      26.091773986816406,
      7.236124515533447,
      17.283544540405273,
      9.887415885925293,
      17.628318786621094,
      7.272566318511963,
      9.549652099609375,
      2.8136298656463623,
      2.956955671310425,
      0.5251772999763489,
      1.868168830871582
    ],
    [
      -1.608429193496704,
      14.055621147155762,
      7.164041519165039,
      19.300003051757812,
      36.90520477294922,
      22.804603576660156,
      23.704795837402344,
      24.82131576538086,
      17.635528564453125,
      20.165912628173828,
      19.591672897338867,
      22.677040100097656,
      20.102182388305664,
      20.980152130126953,
      16.10280418395996,
      15.996221542358398,
      15.140518188476562,
      19.715957641601562
    ],
    [
      -0.5226563811302185,
      16.310903549194336,
      3.4682552814483643,
      19.598159790039062,
      22.804603576660156,
      41.04719924926758,
      17.767244338989258,
      30.48189926147461,
      12.220536231994629,
      21.198503494262695,
      17.2908992767334,
      23.147296905517578,
      14.643537521362305,
      17.145427703857422,
      11.32334041595459,
      11.741894721984863,
      14.179804801940918,
      19.468284606933594
    ],
    [
      4.9305291175842285,
      8.395304679870605,
      10.396209716796875,
      10.78817081451416,
      23.704795837402344,
      17.767244338989258,
      32.68955612182617,
      25.462926864624023,
      26.0479793548584,
      23.24317741394043,
      24.20648765563965,
      27.020986557006836,
      26.511014938354492,
      29.41207504272461,
      22.22692108154297,
      22.09086799621582,
      19.42974853515625,
      23.456783294677734
    ],
    [
      -5.204957008361816,
      29.166261672973633,
      2.2640058994293213,
      26.091773986816406,
      24.82131576538086,
      30.48189926147461,
      25.462926864624023,
      51.5950927734375,
      17.499216079711914,
      35.82126998901367,
      24.70020866394043,
      36.21668243408203,
      22.281206130981445,
      26.068279266357422,
      18.94468116760254,
      20.220657348632812,
      24.877140045166016,
      31.367717742919922
    ],
    [
      6.988671779632568,
      3.9706432819366455,
      11.322473526000977,
      7.236124515533447,
      17.635528564453125,
      12.220536231994629,
      26.0479793548584,
      17.499216079711914,
      29.703248977661133,
      21.551429748535156,
      24.57768440246582,
      25.80063247680664,
      27.56224250793457,
      30.45428466796875,
      23.32784652709961,
      22.461387634277344,
      17.645553588867188,
      20.902498245239258
    ],
    [
      -2.3723933696746826,
      16.90666389465332,
      5.176258087158203,
      17.283544540405273,
      20.165912628173828,
      21.198503494262695,
      23.24317741394043,
      35.82126998901367,
      21.551429748535156,
      41.496437072753906,
      27.00526237487793,
      38.108646392822266,
      26.45328712463379,
      30.705398559570312,
      24.479488372802734,
      25.788108825683594,
      26.070688247680664,
      33.10868835449219
    ],
    [
      2.0783631801605225,
      9.426462173461914,
      7.707120418548584,
      9.887415885925293,
      19.591672897338867,
      17.2908992767334,
      24.20648765563965,
      24.70020866394043,
      24.57768440246582,
      27.00526237487793,
      33.03120803833008,
      35.06845474243164,
      30.842090606689453,
      31.82506561279297,
      24.880748748779297,
      24.789813995361328,
      22.035280227661133,
      27.713470458984375
    ],
    [
      -0.3522280156612396,
      19.615419387817383,
      7.307206630706787,
      17.628318786621094,
      22.677040100097656,
      23.147296905517578,
      27.020986557006836,
      36.21668243408203,
      25.80063247680664,
      38.108646392822266,
      35.06845474243164,
      47.778602600097656,
      33.2839469909668,
      36.921173095703125,
      28.385604858398438,
      29.241769790649414,
      27.93866539001465,
      35.13265609741211
    ],
    [
      5.450974941253662,
      4.114325046539307,
      10.938573837280273,
      7.272566318511963,
      20.102182388305664,
      14.643537521362305,
      26.511014938354492,
      22.281206130981445,
      27.56224250793457,
      26.45328712463379,
      30.842090606689453,
      33.2839469909668,
      43.55033874511719,
      42.54587173461914,
      34.79722213745117,
      33.82787322998047,
      29.18177604675293,
      34.63392639160156
    ],
    [
      8.589451789855957,
      7.423910617828369,
      13.912335395812988,
      9.549652099609375,
      20.980152130126953,
      17.145427703857422,
      29.41207504272461,
      26.068279266357422,
      30.45428466796875,
      30.705398559570312,
      31.82506561279297,
      36.921173095703125,
      42.54587173461914,
      49.882511138916016,
      39.79380416870117,
      39.312992095947266,
      33.68305206298828,
      39.170501708984375
    ],
    [
      11.620329856872559,
      -2.953352451324463,
      13.562172889709473,
      2.8136298656463623,
      16.10280418395996,
      11.32334041595459,
      22.22692108154297,
      18.94468116760254,
      23.32784652709961,
      24.479488372802734,
      24.880748748779297,
      28.385604858398438,
      34.79722213745117,
      39.79380416870117,
      42.04719543457031,
      41.43019104003906,
      37.2404670715332,
      41.17972946166992
    ],
    [
      11.988458633422852,
      -3.5826637744903564,
      13.171273231506348,
      2.956955671310425,
      15.996221542358398,
      11.741894721984863,
      22.09086799621582,
      20.220657348632812,
      22.461387634277344,
      25.788108825683594,
      24.789813995361328,
      29.241769790649414,
      33.82787322998047,
      39.312992095947266,
      41.43019104003906,
      43.4199104309082,
      39.23707580566406,
      44.04689407348633
    ],
    [
      11.731428146362305,
      -14.828031539916992,
      11.741263389587402,
      0.5251772999763489,
      15.140518188476562,
      14.179804801940918,
      19.42974853515625,
      24.877140045166016,
      17.645553588867188,
      26.070688247680664,
      22.035280227661133,
      27.93866539001465,
      29.18177604675293,
      33.68305206298828,
      37.2404670715332,
      39.23707580566406,
      61.43174362182617,
      64.97535705566406
    ],
    [
      10.279352188110352,
      -14.408747673034668,
      10.958298683166504,
      1.868168830871582,
      19.715957641601562,
      19.468284606933594,
      23.456783294677734,
      31.367717742919922,
      20.902498245239258,
      33.10868835449219,
      27.713470458984375,
      35.13265609741211,
      34.63392639160156,
      39.170501708984375,
      41.17972946166992,
      44.04689407348633,
      64.97535705566406,
      80.50753021240234
    ]
  ],
  "covariance_short": [
    [
      65.0351791381836,
      -15.42401123046875,
      5.13909912109375,
      -4.940415859222412,
      -9.83542251586914,
      -0.5188995599746704,
      -5.260330677032471,
      -3.047996759414673,
      -5.311227321624756,
      -3.722669839859009,
      -5.767913818359375,
      -4.751310348510742,
      -2.597597122192383,
      0.5222476720809937,
      6.348267078399658,
      7.266188144683838,
      6.531980037689209,
      5.810240745544434
    ],
    [
      -15.42401123046875,
      139.97518920898438,
      -12.478355407714844,
      45.13731002807617,
      8.415369987487793,
      8.198612213134766,
      -3.866992950439453,
      8.820306777954102,
      -7.436290264129639,
      1.6594129800796509,
      -5.362058639526367,
      1.8363890647888184,
      -12.682870864868164,
      -8.066634178161621,
      -17.184158325195312,
      -18.38162612915039,
      -31.268346786499023,
      -36.09994125366211
    ],
    [
      5.13909912109375,
      -12.478355407714844,
      36.93036651611328,
      -0.7107083201408386,
      8.180440902709961,
      3.770364761352539,
      7.824166774749756,
      3.4714457988739014,
      7.888853549957275,
      5.701406478881836,
      6.217148303985596,
      7.219357967376709,
      12.309893608093262,
      15.804986953735352,
      17.24383544921875,
      16.973108291625977,
      18.077112197875977,
      18.975360870361328
    ],
    [
      -4.940415859222412,
      45.13731002807617,
      -0.7107083201408386,
      51.30109405517578,
      15.337976455688477,
      20.21272087097168,
      6.913795471191406,
      17.32074546813965,
      3.8077547550201416,
      11.881731986999512,
      5.797242641448975,
      12.576613426208496,
      2.7779836654663086,
      6.53303337097168,
      -0.831534206867218,
      -1.275010585784912,
      -4.764199256896973,
      -3.742997884750366
    ],
    [
      -9.83542251586914,
      8.415369987487793,
      8.180440902709961,
      15.337976455688477,
      49.256591796875,
      25.197269439697266,
      22.89007568359375,
      24.554561614990234,
      17.99617576599121,
      18.473054885864258,
      19.61992835998535,
      21.515336990356445,
      18.04836654663086,
      19.642576217651367,
      13.439501762390137,
      12.924230575561523,
      13.731606483459473,
      17.688383102416992
    ],
    [
      -0.5188995599746704,
      8.198612213134766,
      3.770364761352539,
      20.21272087097168,
      25.197269439697266,
      46.85407257080078,
      19.772686004638672,
      31.893491744995117,
      12.98672103881836,
      20.75777244567871,
      17.30547332763672,
      22.951297760009766,
      15.236695289611816,
      18.60887336730957,
      12.169379234313965,
      12.274073600769043,
      17.065584182739258,
      22.81108856201172
    ],
    [
      -5.260330677032471,
      -3.866992950439453,
      7.824166774749756,
      6.913795471191406,
      22.89007568359375,
      19.772686004638672,
      35.66854476928711,
      27.590063095092773,
      25.88108253479004,
      25.006757736206055,
      26.131908416748047,
      27.969148635864258,
      24.07476043701172,
      25.417617797851562,
      19.494979858398438,
      19.325918197631836,
      22.086397171020508,
      27.88434410095215
    ],
    [
      -3.047996759414673,
      8.820306777954102,
      3.4714457988739014,
      17.32074546813965,
      24.554561614990234,
      31.893491744995117,
      27.590063095092773,
      49.3442268371582,
      20.39425277709961,
      33.041927337646484,
      25.617948532104492,
      34.32175064086914,
      22.063730239868164,
      25.631574630737305,
      17.19602394104004,
      17.567312240600586,
      23.048925399780273,
      30.022804260253906
    ],
    [
      -5.311227321624756,
      -7.436290264129639,
      7.888853549957275,
      3.8077547550201416,
      17.99617576599121,
      12.98672103881836,
      25.88108253479004,
      20.39425277709961,
      32.92359161376953,
      26.785795211791992,
      28.097564697265625,
      27.991098403930664,
      26.637088775634766,
      27.68062973022461,
      22.816944122314453,
      22.091171264648438,
      22.741674423217773,
      28.27501678466797
    ],
    [
      -3.722669839859009,
      1.6594129800796509,
      5.701406478881836,
      11.881731986999512,
      18.473054885864258,
      20.75777244567871,
      25.006757736206055,
      33.041927337646484,
      26.785795211791992,
      43.344818115234375,
      29.82728385925293,
      38.31594467163086,
      27.107234954833984,
      31.105239868164062,
      23.313365936279297,
      23.70660400390625,
      27.67108917236328,
      34.29619598388672
    ],
    [
      -5.767913818359375,
      -5.362058639526367,
      6.217148303985596,
      5.797242641448975,
      19.61992835998535,
      17.30547332763672,
      26.131908416748047,
      25.617948532104492,
      28.097564697265625,
      29.82728385925293,
      37.10789108276367,
      36.029624938964844,
      31.80372428894043,
      32.26201248168945,
      25.928993225097656,
      25.394500732421875,
      27.790328979492188,
      35.22868728637695
    ],
    [
      -4.751310348510742,
      1.8363890647888184,
      7.219357967376709,
      12.576613426208496,
      21.515336990356445,
      22.951297760009766,
      27.969148635864258,
      34.32175064086914,
      27.991098403930664,
      38.31594467163086,
      36.029624938964844,
      49.378501892089844,
      35.608642578125,
      37.82577896118164,
      27.618824005126953,
      27.68707847595215,
      31.950969696044922,
      40.371116638183594
    ],
    [
      -2.597597122192383,
      -12.682870864868164,
      12.309893608093262,
      2.7779836654663086,
      18.04836654663086,
      15.236695289611816,
      24.07476043701172,
      22.063730239868164,
      26.637088775634766,
      27.107234954833984,
      31.80372428894043,
      35.608642578125,
      51.328948974609375,
      47.33087921142578,
      39.09918212890625,
      37.568504333496094,
      38.162132263183594,
      46.8017578125
    ],
    [
      0.5222476720809937,
      -8.066634178161621,
      15.804986953735352,
      6.53303337097168,
      19.642576217651367,
      18.60887336730957,
      25.417617797851562,
      25.631574630737305,
      27.68062973022461,
      31.105239868164062,
      32.26201248168945,
      37.82577896118164,
      47.33087921142578,
      60.96025848388672,
      48.78962707519531,
      47.361656188964844,
      48.54134750366211,
      58.325164794921875
    ],
    [
      6.348267078399658,
      -17.184158325195312,
      17.24383544921875,
      -0.831534206867218,
      13.439501762390137,
      12.169379234313965,
      19.494979858398438,
      17.19602394104004,
      22.816944122314453,
      23.313365936279297,
      25.928993225097656,
      27.618824005126953,
      39.09918212890625,
      48.78962707519531,
      55.99832534790039,
      53.97418975830078,
      54.63050079345703,
      62.19089889526367
    ],
    [
      7.266188144683838,
      -18.38162612915039,
      16.973108291625977,
      -1.275010585784912,
      12.924230575561523,
      12.274073600769043,
      19.325918197631836,
      17.567312240600586,
      22.091171264648438,
      23.70660400390625,
      25.394500732421875,
      27.68707847595215,
      37.568504333496094,
      47.361656188964844,
      53.97418975830078,
      55.21611404418945,
      55.37409210205078,
      63.3575325012207
    ],
    [
      6.531980037689209,
      -31.268346786499023,
      18.077112197875977,
      -4.764199256896973,
      13.731606483459473,
      17.065584182739258,
      22.086397171020508,
      23.048925399780273,
      22.741674423217773,
      27.67108917236328,
      27.790328979492188,
      31.950969696044922,
      38.162132263183594,
      48.54134750366211,
      54.63050079345703,
      55.37409210205078,
      82.80696105957031,
      92.83007049560547
    ],
    [
      5.810240745544434,
      -36.09994125366211,
      18.975360870361328,
      -3.742997884750366,
      17.688383102416992,
      22.81108856201172,
      27.88434410095215,
      30.022804260253906,
      28.27501678466797,
      34.29619598388672,
      35.22868728637695,
      40.371116638183594,
      46.8017578125,
      58.325164794921875,
      62.19089889526367,
      63.3575325012207,
      92.83007049560547,
      112.41792297363281
    ]
  ],
  "damage": -3.7530641555786133,
  "diff_bandwidth": 448.45843505859375,
  "dissonance": 10.785525905881915,
  "drr": 8.6836576461792,
  "dynamics": 3.1391797065734863,
  "format": 1245190,
  "frames": 24794048,
  "loudness": -9.169709205627441,
  "loudness_range": 8.795812606811523,
  "loudness_range_short": 10.024417877197266,
  "lowpass_true_peak_15khz": 0.8504356741905212,
  "mastering3_acoustic_entropies": [
    {
      "acoustic_entropy": 9.81058120727539,
      "acoustic_entropy_mono": 7.424588203430176,
      "band_eliminated_acoustic_entropies": [
        {
          "acoustic_entropy": 10.053174018859863,
          "acoustic_entropy_side": 9.810461044311523,
          "hz": 129.47220167065723
        },
        {
          "acoustic_entropy": 9.669011116027832,
          "acoustic_entropy_side": 9.807065963745117,
          "hz": 202.92927478742237
        },
        {
          "acoustic_entropy": 9.78384017944336,
          "acoustic_entropy_side": 9.81332778930664,
          "hz": 282.89161906338205
        },
        {
          "acoustic_entropy": 9.998058319091797,
          "acoustic_entropy_side": 9.804849624633789,
          "hz": 369.9353335868758
        },
        {
          "acoustic_entropy": 10.363726615905762,
          "acoustic_entropy_side": 9.757948875427246,
          "hz": 464.6875360973435
        },
        {
          "acoustic_entropy": 8.931864738464355,
          "acoustic_entropy_side": 10.006871223449707,
          "hz": 567.8308811364784
        },
        {
          "acoustic_entropy": 9.41196346282959,
          "acoustic_entropy_side": 9.992467880249023,
          "hz": 680.1084783214808
        },
        {
          "acoustic_entropy": 9.343559265136719,
          "acoustic_entropy_side": 9.779817581176758,
          "hz": 802.3292461747484
        },
        {
          "acoustic_entropy": 9.60023307800293,
          "acoustic_entropy_side": 9.729422569274902,
          "hz": 935.3737400823702
        },
        {
          "acoustic_entropy": 9.842206001281738,
          "acoustic_entropy_side": 9.82663631439209,
          "hz": 1080.2004963696966
        },
        {
          "acoustic_entropy": 9.945852279663086,
          "acoustic_entropy_side": 9.817838668823242,
          "hz": 1237.8529382007157
        },
        {
          "acoustic_entropy": 9.979138374328613,
          "acoustic_entropy_side": 9.899736404418945,
          "hz": 1409.4668930556702
        },
        {
          "acoustic_entropy": 9.787460327148438,
          "acoustic_entropy_side": 9.791335105895996,
          "hz": 1596.2787759475705
        },
        {
          "acoustic_entropy": 9.820372581481934,
          "acoustic_entropy_side": 10.024415969848633,
          "hz": 1799.6344973346393
        },
        {
          "acoustic_entropy": 9.643507957458496,
          "acoustic_entropy_side": 9.710196495056152,
          "hz": 2020.9991599069049
        },
        {
          "acoustic_entropy": 9.799298286437988,
          "acoustic_entropy_side": 9.874332427978516,
          "hz": 2261.9676141086993
        },
        {
          "acoustic_entropy": 9.73091983795166,
          "acoustic_entropy_side": 9.720427513122559,
          "hz": 2524.2759484456974
        },
        {
          "acoustic_entropy": 9.784035682678223,
          "acoustic_entropy_side": 9.832269668579102,
          "hz": 2809.813997359896
        },
        {
          "acoustic_entropy": 9.738627433776855,
          "acoustic_entropy_side": 9.811074256896973,
          "hz": 3120.6389567871424
        },
        {
          "acoustic_entropy": 9.72150707244873,
          "acoustic_entropy_side": 9.768845558166504,
          "hz": 3458.990205492291
        },
        {
          "acoustic_entropy": 9.753811836242676,
          "acoustic_entropy_side": 9.815085411071777,
          "hz": 3827.305438964164
        },
        {
          "acoustic_entropy": 9.692142486572266,
          "acoustic_entropy_side": 9.82669734954834,
          "hz": 4228.238232109126
        },
        {
          "acoustic_entropy": 9.62769603729248,
          "acoustic_entropy_side": 9.813572883605957,
          "hz": 4664.6771572759235
        },
        {
          "acoustic_entropy": 9.87350845336914,
          "acoustic_entropy_side": 9.83816146850586,
          "hz": 5139.766595350093
        },
        {
          "acoustic_entropy": 9.584395408630371,
          "acoustic_entropy_side": 9.809328079223633,
          "hz": 5656.929389854203
        },
        {
          "acoustic_entropy": 9.675994873046875,
          "acoustic_entropy_side": 9.812132835388184,
          "hz": 6219.891507268283
        },
        {
          "acoustic_entropy": 9.684050559997559,
          "acoustic_entropy_side": 9.805865287780762,
          "hz": 6832.70888123896
        },
        {
          "acoustic_entropy": 9.618583679199219,
          "acoustic_entropy_side": 9.782273292541504,
          "hz": 7499.796634079867
        },
        {
          "acoustic_entropy": 9.687939643859863,
          "acoustic_entropy_side": 9.784343719482422,
          "hz": 8225.96088609342
        },
        {
          "acoustic_entropy": 9.679835319519043,
          "acoustic_entropy_side": 9.772872924804688,
          "hz": 9016.43338188839
        },
        {
          "acoustic_entropy": 9.727316856384277,
          "acoustic_entropy_side": 9.777155876159668,
          "hz": 9876.909183162974
        },
        {
          "acoustic_entropy": 9.599977493286133,
          "acoustic_entropy_side": 9.728200912475586,
          "hz": 10813.587699516042
        },
        {
          "acoustic_entropy": 9.546095848083496,
          "acoustic_entropy_side": 9.701027870178223,
          "hz": 11833.21735289826
        },
        {
          "acoustic_entropy": 9.424744606018066,
          "acoustic_entropy_side": 9.633217811584473,
          "hz": 12943.144197493959
        },
        {
          "acoustic_entropy": 9.500349044799805,
          "acoustic_entropy_side": 9.657140731811523,
          "hz": 14151.364845322005
        },
        {
          "acoustic_entropy": 9.614068031311035,
          "acoustic_entropy_side": 9.715561866760254,
          "hz": 15466.58407886509
        },
        {
          "acoustic_entropy": 9.833782196044922,
          "acoustic_entropy_side": 9.800288200378418,
          "hz": 16898.27756580493
        },
        {
          "acoustic_entropy": 9.658191680908203,
          "acoustic_entropy_side": 9.697364807128906,
          "hz": 18456.760127700032
        },
        {
          "acoustic_entropy": 8.525601387023926,
          "acoustic_entropy_side": 8.56066608428955,
          "hz": 20153.260054456492
        },
        {
          "acoustic_entropy": 9.732627868652344,
          "acoustic_entropy_side": 9.724151611328125,
          "hz": 22000.00000000001
        }
      ],
      "diff_acoustic_entropy": 6.288409233093262,
      "sn": 6
    },
    {
      "acoustic_entropy": 13.35981273651123,
      "acoustic_entropy_mono": 12.400643348693848,
      "band_eliminated_acoustic_entropies": [
        {
          "acoustic_entropy": 12.741852760314941,
          "acoustic_entropy_side": 13.352404594421387,
          "hz": 129.47220167065723
        },
        {
          "acoustic_entropy": 13.198563575744629,
          "acoustic_entropy_side": 13.329422950744629,
          "hz": 202.92927478742237
        },
        {
          "acoustic_entropy": 13.6802339553833,
          "acoustic_entropy_side": 13.52129077911377,
          "hz": 282.89161906338205
        },
        {
          "acoustic_entropy": 13.604191780090332,
          "acoustic_entropy_side": 13.494915008544922,
          "hz": 369.9353335868758
        },
        {
          "acoustic_entropy": 13.438830375671387,
          "acoustic_entropy_side": 13.473065376281738,
          "hz": 464.6875360973435
        },
        {
          "acoustic_entropy": 13.002889633178711,
          "acoustic_entropy_side": 13.086976051330566,
          "hz": 567.8308811364784
        },
        {
          "acoustic_entropy": 13.591622352600098,
          "acoustic_entropy_side": 13.174287796020508,
          "hz": 680.1084783214808
        },
        {
          "acoustic_entropy": 12.717948913574219,
          "acoustic_entropy_side": 12.884071350097656,
          "hz": 802.3292461747484
        },
        {
          "acoustic_entropy": 13.190625190734863,
          "acoustic_entropy_side": 13.372386932373047,
          "hz": 935.3737400823702
        },
        {
          "acoustic_entropy": 13.254944801330566,
          "acoustic_entropy_side": 13.2695894241333,
          "hz": 1080.2004963696966
        },
        {
          "acoustic_entropy": 13.158547401428223,
          "acoustic_entropy_side": 13.347122192382812,
          "hz": 1237.8529382007157
        },
        {
          "acoustic_entropy": 13.54141616821289,
          "acoustic_entropy_side": 13.431188583374023,
          "hz": 1409.4668930556702
        },
        {
          "acoustic_entropy": 13.467333793640137,
          "acoustic_entropy_side": 13.634139060974121,
          "hz": 1596.2787759475705
        },
        {
          "acoustic_entropy": 13.844131469726562,
          "acoustic_entropy_side": 13.831059455871582,
          "hz": 1799.6344973346393
        },
        {
          "acoustic_entropy": 13.479740142822266,
          "acoustic_entropy_side": 13.209360122680664,
          "hz": 2020.9991599069049
        },
        {
          "acoustic_entropy": 13.595338821411133,
          "acoustic_entropy_side": 13.45638656616211,
          "hz": 2261.9676141086993
        },
        {
          "acoustic_entropy": 13.477102279663086,
          "acoustic_entropy_side": 13.334737777709961,
          "hz": 2524.2759484456974
        },
        {
          "acoustic_entropy": 13.356977462768555,
          "acoustic_entropy_side": 13.32996940612793,
          "hz": 2809.813997359896
        },
        {
          "acoustic_entropy": 13.372296333312988,
          "acoustic_entropy_side": 13.348401069641113,
          "hz": 3120.6389567871424
        },
        {
          "acoustic_entropy": 13.411606788635254,
          "acoustic_entropy_side": 13.344449043273926,
          "hz": 3458.990205492291
        },
        {
          "acoustic_entropy": 13.270075798034668,
          "acoustic_entropy_side": 13.294594764709473,
          "hz": 3827.305438964164
        },
        {
          "acoustic_entropy": 13.352330207824707,
          "acoustic_entropy_side": 13.34441089630127,
          "hz": 4228.238232109126
        },
        {
          "acoustic_entropy": 13.319552421569824,
          "acoustic_entropy_side": 13.360459327697754,
          "hz": 4664.6771572759235
        },
        {
          "acoustic_entropy": 13.679266929626465,
          "acoustic_entropy_side": 13.474662780761719,
          "hz": 5139.766595350093
        },
        {
          "acoustic_entropy": 13.319406509399414,
          "acoustic_entropy_side": 13.306629180908203,
          "hz": 5656.929389854203
        },
        {
          "acoustic_entropy": 13.421343803405762,
          "acoustic_entropy_side": 13.397757530212402,
          "hz": 6219.891507268283
        },
        {
          "acoustic_entropy": 13.388641357421875,
          "acoustic_entropy_side": 13.355405807495117,
          "hz": 6832.70888123896
        },
        {
          "acoustic_entropy": 13.216391563415527,
          "acoustic_entropy_side": 13.316863059997559,
          "hz": 7499.796634079867
        },
        {
          "acoustic_entropy": 13.277989387512207,
          "acoustic_entropy_side": 13.31275749206543,
          "hz": 8225.96088609342
        },
        {
          "acoustic_entropy": 13.199542045593262,
          "acoustic_entropy_side": 13.282243728637695,
          "hz": 9016.43338188839
        },
        {
          "acoustic_entropy": 13.234694480895996,
          "acoustic_entropy_side": 13.294509887695312,
          "hz": 9876.909183162974
        },
        {
          "acoustic_entropy": 13.109429359436035,
          "acoustic_entropy_side": 13.251462936401367,
          "hz": 10813.587699516042
        },
        {
          "acoustic_entropy": 13.085424423217773,
          "acoustic_entropy_side": 13.228357315063477,
          "hz": 11833.21735289826
        },
        {
          "acoustic_entropy": 13.113767623901367,
          "acoustic_entropy_side": 13.228330612182617,
          "hz": 12943.144197493959
        },
        {
          "acoustic_entropy": 13.303037643432617,
          "acoustic_entropy_side": 13.29272747039795,
          "hz": 14151.364845322005
        },
        {
          "acoustic_entropy": 13.553497314453125,
          "acoustic_entropy_side": 13.411531448364258,
          "hz": 15466.58407886509
        },
        {
          "acoustic_entropy": 13.557997703552246,
          "acoustic_entropy_side": 13.488773345947266,
          "hz": 16898.27756580493
        },
        {
          "acoustic_entropy": 13.344099044799805,
          "acoustic_entropy_side": 13.351617813110352,
          "hz": 18456.760127700032
        },
        {
          "acoustic_entropy": 12.683866500854492,
          "acoustic_entropy_side": 12.717092514038086,
          "hz": 20153.260054456492
        },
        {
          "acoustic_entropy": 13.34067153930664,
          "acoustic_entropy_side": 13.346376419067383,
          "hz": 22000.00000000001
        }
      ],
      "diff_acoustic_entropy": 8.97401237487793,
      "sn": 12
    },
    {
      "acoustic_entropy": 19.033863067626953,
      "acoustic_entropy_mono": 15.464737892150879,
      "band_eliminated_acoustic_entropies": [
        {
          "acoustic_entropy": 18.368629455566406,
          "acoustic_entropy_side": 18.596351623535156,
          "hz": 129.47220167065723
        },
        {
          "acoustic_entropy": 19.252424240112305,
          "acoustic_entropy_side": 18.73650360107422,
          "hz": 202.92927478742237
        },
        {
          "acoustic_entropy": 20.049135208129883,
          "acoustic_entropy_side": 19.38743782043457,
          "hz": 282.89161906338205
        },
        {
          "acoustic_entropy": 19.755462646484375,
          "acoustic_entropy_side": 19.665876388549805,
          "hz": 369.9353335868758
        },
        {
          "acoustic_entropy": 19.50188446044922,
          "acoustic_entropy_side": 19.052227020263672,
          "hz": 464.6875360973435
        },
        {
          "acoustic_entropy": 18.54690933227539,
          "acoustic_entropy_side": 19.018739700317383,
          "hz": 567.8308811364784
        },
        {
          "acoustic_entropy": 19.429899215698242,
          "acoustic_entropy_side": 19.05891227722168,
          "hz": 680.1084783214808
        },
        {
          "acoustic_entropy": 18.03190803527832,
          "acoustic_entropy_side": 18.376462936401367,
          "hz": 802.3292461747484
        },
        {
          "acoustic_entropy": 18.305782318115234,
          "acoustic_entropy_side": 18.787397384643555,
          "hz": 935.3737400823702
        },
        {
          "acoustic_entropy": 19.427833557128906,
          "acoustic_entropy_side": 19.316875457763672,
          "hz": 1080.2004963696966
        },
        {
          "acoustic_entropy": 19.03227996826172,
          "acoustic_entropy_side": 18.94377326965332,
          "hz": 1237.8529382007157
        },
        {
          "acoustic_entropy": 19.491601943969727,
          "acoustic_entropy_side": 19.24381446838379,
          "hz": 1409.4668930556702
        },
        {
          "acoustic_entropy": 19.562225341796875,
          "acoustic_entropy_side": 19.212099075317383,
          "hz": 1596.2787759475705
        },
        {
          "acoustic_entropy": 18.712665557861328,
          "acoustic_entropy_side": 18.966135025024414,
          "hz": 1799.6344973346393
        },
        {
          "acoustic_entropy": 19.172035217285156,
          "acoustic_entropy_side": 19.114702224731445,
          "hz": 2020.9991599069049
        },
        {
          "acoustic_entropy": 19.176599502563477,
          "acoustic_entropy_side": 19.198867797851562,
          "hz": 2261.9676141086993
        },
        {
          "acoustic_entropy": 19.457805633544922,
          "acoustic_entropy_side": 19.24199867248535,
          "hz": 2524.2759484456974
        },
        {
          "acoustic_entropy": 18.94090461730957,
          "acoustic_entropy_side": 18.979463577270508,
          "hz": 2809.813997359896
        },
        {
