{
  "acoustic_entropy": 118.26920318603516,
  "bands": [
    {
      "high_freq": 148.1999969482422,
      "loudness": -55.23841857910156,
      "loudness_range": 22.367610931396484,
      "mid_mean": -52.022953033447266,
      "mid_to_side_loudness": -10.057265281677246,
      "mid_to_side_loudness_range": 12.609315872192383,
      "side_mean": -60.95454406738281
    },
    {
      "high_freq": 392.3793640136719,
      "loudness": -41.469173431396484,
      "loudness_range": 24.053586959838867,
      "low_freq": 148.1999969482422,
      "mid_mean": -38.35261154174805,
      "mid_to_side_loudness": -9.975470542907715,
      "mid_to_side_loudness_range": 10.905755996704102,
      "side_mean": -48.911476135253906
    },
    {
      "high_freq": 794.6976318359375,
      "loudness": -39.78431701660156,
      "loudness_range": 26.763324737548828,
      "low_freq": 392.3793640136719,
      "mid_mean": -37.24374771118164,
      "mid_to_side_loudness": -7.223504543304443,
      "mid_to_side_loudness_range": 9.819851875305176,
      "side_mean": -45.481597900390625
    },
    {
      "high_freq": 1457.5709228515625,
      "loudness": -47.46696090698242,
      "loudness_range": 26.437740325927734,
      "low_freq": 794.6976318359375,
      "mid_mean": -47.03824234008789,
      "mid_to_side_loudness": -2.755554437637329,
      "mid_to_side_loudness_range": 9.184832572937012,
      "side_mean": -51.17897033691406
    },
    {
      "high_freq": 2549.74365234375,
      "loudness": -53.08816909790039,
      "loudness_range": 28.30868911743164,
      "low_freq": 1457.5709228515625,
      "mid_mean": -54.976566314697266,
      "mid_to_side_loudness": -0.7115371823310852,
      "mid_to_side_loudness_range": 7.066812992095947,
      "side_mean": -55.52011489868164
    },
    {
      "high_freq": 4349.24462890625,
      "loudness": -63.971187591552734,
      "loudness_range": 28.555164337158203,
      "low_freq": 2549.74365234375,
      "mid_mean": -64.7575454711914,
      "mid_to_side_loudness": 0.7712550759315491,
      "mid_to_side_loudness_range": 9.225930213928223,
      "side_mean": -64.09561157226562
    },
    {
      "high_freq": 7314.1640625,
      "loudness": -76.67544555664062,
      "loudness_range": 21.4952392578125,
      "low_freq": 4349.24462890625,
      "mid_mean": -69.1754379272461,
      "mid_to_side_loudness": 0.08388152718544006,
      "mid_to_side_loudness_range": 3.2431070804595947,
      "side_mean": -69.07318115234375
    },
    {
      "high_freq": 12199.2666015625,
      "loudness": -86.09437561035156,
      "loudness_range": 4.3536224365234375,
      "low_freq": 7314.1640625,
      "mid_mean": -69.82929992675781,
      "mid_to_side_loudness": -0.36847561597824097,
      "mid_to_side_loudness_range": 0.6751317381858826,
      "side_mean": -69.84357452392578
    },
    {
      "loudness": 0,
      "loudness_range": 0,
      "low_freq": 12199.2666015625,
      "mid_mean": -69.87618255615234,
      "mid_to_side_loudness": 0.18708215653896332,
      "mid_to_side_loudness_range": 0.6777105331420898,
      "side_mean": -69.8711166381836
    }
  ],
  "bands_short": [
    {
      "high_freq": 148.1999969482422,
      "loudness": -58.795345306396484,
      "loudness_range": 22.80034637451172,
      "mid_mean": -55.263946533203125,
      "mid_to_side_loudness": -11.376424789428711,
      "mid_to_side_loudness_range": 16.62604331970215,
      "side_mean": -64.6801986694336
    },
    {
      "high_freq": 392.3793640136719,
      "loudness": -42.30203628540039,
      "loudness_range": 23.785236358642578,
      "low_freq": 148.1999969482422,
      "mid_mean": -39.3609619140625,
      "mid_to_side_loudness": -9.814909934997559,
      "mid_to_side_loudness_range": 12.408952713012695,
      "side_mean": -50.789859771728516
    },
    {
      "high_freq": 794.6976318359375,
      "loudness": -39.66175842285156,
      "loudness_range": 26.974224090576172,
      "low_freq": 392.3793640136719,
      "mid_mean": -37.06473922729492,
      "mid_to_side_loudness": -7.56540060043335,
      "mid_to_side_loudness_range": 11.629419326782227,
      "side_mean": -45.563079833984375
    },
    {
      "high_freq": 1457.5709228515625,
      "loudness": -47.958717346191406,
      "loudness_range": 27.38824462890625,
      "low_freq": 794.6976318359375,
      "mid_mean": -48.073265075683594,
      "mid_to_side_loudness": -2.806859016418457,
      "mid_to_side_loudness_range": 10.442595481872559,
      "side_mean": -51.7553825378418
    },
    {
      "high_freq": 2549.74365234375,
      "loudness": -53.92634201049805,
      "loudness_range": 29.08495330810547,
      "low_freq": 1457.5709228515625,
      "mid_mean": -55.97186279296875,
      "mid_to_side_loudness": -0.47678056359291077,
      "mid_to_side_loudness_range": 9.462323188781738,
      "side_mean": -56.30523681640625
    },
    {
      "high_freq": 4349.24462890625,
      "loudness": -64.98577880859375,
      "loudness_range": 28.05739974975586,
      "low_freq": 2549.74365234375,
      "mid_mean": -65.311279296875,
      "mid_to_side_loudness": 0.582250714302063,
      "mid_to_side_loudness_range": 10.613850593566895,
      "side_mean": -64.75646209716797
    },
    {
      "high_freq": 7314.1640625,
      "loudness": -76.76203918457031,
      "loudness_range": 21.303791046142578,
      "low_freq": 4349.24462890625,
      "mid_mean": -69.30354309082031,
      "mid_to_side_loudness": -0.05452712997794151,
      "mid_to_side_loudness_range": 4.253754615783691,
      "side_mean": -69.25194549560547
    },
    {
      "high_freq": 12199.2666015625,
      "loudness": -84.85152435302734,
      "loudness_range": 7.6687774658203125,
      "low_freq": 7314.1640625,
      "mid_mean": -69.84208679199219,
      "mid_to_side_loudness": -0.3427526652812958,
      "mid_to_side_loudness_range": 1.7604261636734009,
      "side_mean": -69.85604858398438
    },
    {
      "loudness": 0,
      "loudness_range": 0,
      "low_freq": 12199.2666015625,
      "mid_mean": -69.87551879882812,
      "mid_to_side_loudness": 0.19098982214927673,
      "mid_to_side_loudness_range": 1.9619978666305542,
      "side_mean": -69.87044525146484
    }
  ],
  "bandwidth": 646.9702758789062,
  "channels": 2,
  "covariance": [
    [
      55.09105682373047,
      33.129173278808594,
      39.09709167480469,
      42.101593017578125,
      24.21105194091797,
      34.11995315551758,
      30.855663299560547,
      46.49671936035156,
      40.68962478637695,
      39.235450744628906,
      18.137470245361328,
      19.97135353088379,
      3.4156367778778076,
      3.807321310043335,
      0.29602113366127014,
      0.2586844265460968,
      0.036977700889110565,
      0.03391804173588753
    ],
    [
      33.129173278808594,
      32.955543518066406,
      31.652297973632812,
      34.76872253417969,
      21.915637969970703,
      28.679824829101562,
      25.627613067626953,
      31.789810180664062,
      29.23111343383789,
      28.099668502807617,
      15.057770729064941,
      16.44293785095215,
      2.6429197788238525,
      3.0007739067077637,
      0.22708767652511597,
      0.1640929877758026,
      0.022162847220897675,
      0.021002354100346565
    ],
    [
      39.09709167480469,
      31.652297973632812,
      72.59233856201172,
      62.375213623046875,
      48.18023681640625,
      55.78620529174805,
      45.53041076660156,
      54.79521179199219,
      57.26473617553711,
      54.446693420410156,
      28.538726806640625,
      31.12363624572754,
      4.68263053894043,
      5.139187335968018,
      0.33053645491600037,
      0.3356975317001343,
      0.03732696920633316,
      0.03188304975628853
    ],
    [
      42.101593017578125,
      34.76872253417969,
      62.375213623046875,
      70.039794921875,
      41.419334411621094,
      51.617401123046875,
      38.26114273071289,
      50.6514892578125,
      56.29896545410156,
      52.93334197998047,
      27.82246971130371,
      30.066953659057617,
      5.117404937744141,
      5.522377967834473,
      0.4431558847427368,
      0.4377519190311432,
      0.04094064608216286,
      0.03488413244485855
    ],
    [
      24.21105194091797,
      21.915637969970703,
      48.18023681640625,
      41.419334411621094,
      90.17720031738281,
      79.67329406738281,
      65.0438461303711,
      68.40235137939453,
      73.29988098144531,
      70.02481079101562,
      41.57106399536133,
      49.05540466308594,
      7.035546779632568,
      8.096450805664062,
      0.5374940633773804,
      0.47703835368156433,
      0.07354568690061569,
      0.0599094033241272
    ],
    [
      34.11995315551758,
      28.679824829101562,
      55.78620529174805,
      51.617401123046875,
      79.67329406738281,
      92.25135040283203,
      71.11698913574219,
      75.678955078125,
      80.76368713378906,
      78.06031036376953,
      43.323055267333984,
      50.66082763671875,
      7.632266521453857,
      8.78419303894043,
      0.6356866955757141,
      0.5382283926010132,
      0.07652755826711655,
      0.06280863285064697
    ],
    [
      30.855663299560547,
      25.627613067626953,
      45.53041076660156,
      38.26114273071289,
      65.0438461303711,
      71.11698913574219,
      101.01338195800781,
      93.41658782958984,
      85.7209701538086,
      83.12567138671875,
      51.99721145629883,
      56.833099365234375,
      10.684656143188477,
      12.577831268310547,
      1.2033617496490479,
      0.9937669038772583,
      0.11136522144079208,
      0.10311144590377808
    ],
    [
      46.49671936035156,
      31.789810180664062,
      54.79521179199219,
      50.6514892578125,
      68.40235137939453,
      75.678955078125,
      93.41658782958984,
      115.96420288085938,
      101.31780242919922,
      96.59555053710938,
      55.14494705200195,
      60.219642639160156,
      10.369237899780273,
      12.152135848999023,
      1.1110652685165405,
      0.963991641998291,
      0.11752892285585403,
      0.10802064836025238
    ],
    [
      40.68962478637695,
      29.23111343383789,
      57.26473617553711,
      56.29896545410156,
      73.29988098144531,
      80.76368713378906,
      85.7209701538086,
      101.31780242919922,
      114.28604888916016,
      108.43696594238281,
      60.29267120361328,
      65.83615112304688,
      12.29141616821289,
      13.737900733947754,
      1.2842882871627808,
      1.226532220840454,
      0.1336405873298645,
      0.1217707023024559
    ],
    [
      39.235450744628906,
      28.099668502807617,
      54.446693420410156,
      52.93334197998047,
      70.02481079101562,
      78.06031036376953,
      83.12567138671875,
      96.59555053710938,
      108.43696594238281,
      107.54061126708984,
      57.378021240234375,
      62.847129821777344,
      11.859548568725586,
      13.260735511779785,
      1.255877137184143,
      1.1976274251937866,
      0.13131289184093475,
      0.11972232908010483
    ],
    [
      18.137470245361328,
      15.057770729064941,
      28.538726806640625,
      27.82246971130371,
      41.57106399536133,
      43.323055267333984,
      51.99721145629883,
      55.14494705200195,
      60.29267120361328,
      57.378021240234375,
      44.06977081298828,
      46.153648376464844,
      10.209399223327637,
      11.655972480773926,
      1.074082374572754,
      1.0027127265930176,
      0.11018629372119904,
      0.10159963369369507
    ],
    [
      19.97135353088379,
      16.44293785095215,
      31.12363624572754,
      30.066953659057617,
      49.05540466308594,
      50.66082763671875,
      56.833099365234375,
      60.219642639160156,
      65.83615112304688,
      62.847129821777344,
      46.153648376464844,
      53.24760055541992,
      10.662847518920898,
      12.328733444213867,
      1.1449730396270752,
      1.0398235321044922,
      0.11788519471883774,
      0.108366459608078
    ],
    [
      3.4156367778778076,
      2.6429197788238525,
      4.68263053894043,
      5.117404937744141,
      7.035546779632568,
      7.632266521453857,
      10.684656143188477,
      10.369237899780273,
      12.29141616821289,
      11.859548568725586,
      10.209399223327637,
      10.662847518920898,
      3.9077627658843994,
      4.316643714904785,
      0.5220526456832886,
      0.5213127732276917,
      0.044458791613578796,
      0.041204605251550674
    ],
    [
      3.807321310043335,
      3.0007739067077637,
      5.139187335968018,
      5.522377967834473,
      8.096450805664062,
      8.78419303894043,
      12.577831268310547,
      12.152135848999023,
      13.737900733947754,
      13.260735511779785,
      11.655972480773926,
      12.328733444213867,
      4.316643714904785,
      5.003849029541016,
      0.5705897212028503,
      0.5430561304092407,
      0.048781607300043106,
      0.04534463956952095
    ],
    [
      0.29602113366127014,
      0.22708767652511597,
      0.33053645491600037,
      0.4431558847427368,
      0.5374940633773804,
      0.6356866955757141,
      1.2033617496490479,
      1.1110652685165405,
      1.2842882871627808,
      1.255877137184143,
      1.074082374572754,
      1.1449730396270752,
      0.5220526456832886,
      0.5705897212028503,
      0.11361324787139893,
      0.11722830682992935,
      0.007961147464811802,
      0.00743528688326478
    ],
    [
      0.2586844265460968,
      0.1640929877758026,
      0.3356975317001343,
      0.4377519190311432,
      0.47703835368156433,
      0.5382283926010132,
      0.9937669038772583,
      0.963991641998291,
      1.226532220840454,
      1.1976274251937866,
      1.0027127265930176,
      1.0398235321044922,
      0.5213127732276917,
      0.5430561304092407,
      0.11722830682992935,
      0.14206978678703308,
      0.00899215042591095,
      0.008527363650500774
    ],
    [
      0.036977700889110565,
      0.022162847220897675,
      0.03732696920633316,
      0.04094064608216286,
      0.07354568690061569,
      0.07652755826711655,
      0.11136522144079208,
      0.11752892285585403,
      0.1336405873298645,
      0.13131289184093475,
      0.11018629372119904,
      0.11788519471883774,
      0.044458791613578796,
      0.048781607300043106,
      0.007961147464811802,
      0.00899215042591095,
      0.0008324092486873269,
      0.0007205003639683127
    ],
    [
      0.03391804173588753,
      0.021002354100346565,
      0.03188304975628853,
      0.03488413244485855,
      0.0599094033241272,
      0.06280863285064697,
      0.10311144590377808,
      0.10802064836025238,
      0.1217707023024559,
      0.11972232908010483,
      0.10159963369369507,
      0.108366459608078,
      0.041204605251550674,
      0.04534463956952095,
      0.00743528688326478,
      0.008527363650500774,
      0.0007205003639683127,
      0.0007018462638370693
    ]
  ],
  "covariance_short": [
    [
      56.8666877746582,
      19.934894561767578,
      31.24528694152832,
      41.02005386352539,
      19.716026306152344,
      28.542686462402344,
      28.018701553344727,
      36.30107879638672,
      31.606210708618164,
      30.106719970703125,
      12.489019393920898,
      13.340052604675293,
      2.6147196292877197,
      2.8986239433288574,
      0.25284507870674133,
      0.22040753066539764,
      0.02884800359606743,
      0.029964884743094444
    ],
    [
      19.934894561767578,
      14.526567459106445,
      14.011131286621094,
      18.102069854736328,
      8.170675277709961,
      12.912973403930664,
      10.533987045288086,
      12.828178405761719,
      11.603012084960938,
      10.89581298828125,
      4.3869218826293945,
      4.476765155792236,
      0.9381164908409119,
      0.9553213119506836,
      0.03562701866030693,
      0.031402453780174255,
      0.005104758311063051,
      0.0048174564726650715
    ],
    [
      31.24528694152832,
      14.011131286621094,
      71.47709655761719,
      58.088504791259766,
      48.20106506347656,
      53.68300247192383,
      54.01290512084961,
      56.120052337646484,
      52.698360443115234,
      50.56754684448242,
      24.710912704467773,
      26.332284927368164,
      3.7340357303619385,
      4.126837730407715,
      0.24424296617507935,
      0.2549539804458618,
      0.03536539524793625,
      0.03141327574849129
    ],
    [
      41.02005386352539,
      18.102069854736328,
      58.088504791259766,
      80.32345581054688,
      45.357139587402344,
      54.608829498291016,
      47.17009353637695,
      61.96849060058594,
      61.724910736083984,
      58.65814208984375,
      27.281688690185547,
      29.630590438842773,
      4.359705924987793,
      4.678555965423584,
      0.35550573468208313,
      0.33877211809158325,
      0.050739698112010956,
      0.04493175446987152
    ],
    [
      19.716026306152344,
      8.170675277709961,
      48.20106506347656,
      45.357139587402344,
      91.33430480957031,
      78.9308090209961,
      68.45433807373047,
      71.08243560791016,
      73.40046691894531,
      70.43384552001953,
      39.102783203125,
      46.20426940917969,
      6.196722984313965,
      6.7540974617004395,
      0.4569832980632782,
      0.39109963178634644,
      0.07502710074186325,
      0.06490422040224075
    ],
    [
      28.542686462402344,
      12.912973403930664,
      53.68300247192383,
      54.608829498291016,
      78.9308090209961,
      92.00186157226562,
      76.37760162353516,
      74.50955963134766,
      77.38899993896484,
      74.89820861816406,
      39.61268615722656,
      45.97076416015625,
      6.6142449378967285,
      7.3083720207214355,
      0.5408416390419006,
      0.44404539465904236,
      0.07481963187456131,
      0.06590403616428375
    ],
    [
      28.018701553344727,
      10.533987045288086,
      54.01290512084961,
      47.17009353637695,
      68.45433807373047,
      76.37760162353516,
      112.99028778076172,
      102.08385467529297,
      90.76433563232422,
      88.099853515625,
      50.07358932495117,
      54.31435012817383,
      9.689498901367188,
      10.745072364807129,
      1.0654743909835815,
      0.8788304924964905,
      0.11857513338327408,
      0.11170119047164917
    ],
    [
      36.30107879638672,
      12.828178405761719,
      56.120052337646484,
      61.96849060058594,
      71.08243560791016,
      74.50955963134766,
      102.08385467529297,
      117.29869842529297,
      99.41727447509766,
      94.99932098388672,
      51.061126708984375,
      55.74993896484375,
      9.28873062133789,
      10.315046310424805,
      0.9984180927276611,
      0.8467290997505188,
      0.12773588299751282,
      0.11669094115495682
    ],
    [
      31.606210708618164,
      11.603012084960938,
      52.698360443115234,
      61.724910736083984,
      73.40046691894531,
      77.38899993896484,
      90.76433563232422,
      99.41727447509766,
      111.8862075805664,
      104.93414306640625,
      55.0904655456543,
      59.75480651855469,
      10.639823913574219,
      11.50780963897705,
      1.097407341003418,
      1.0049564838409424,
      0.13633745908737183,
      0.1278543323278427
    ],
    [
      30.106719970703125,
      10.89581298828125,
      50.56754684448242,
      58.65814208984375,
      70.43384552001953,
      74.89820861816406,
      88.099853515625,
      94.99932098388672,
      104.93414306640625,
      106.18099212646484,
      52.14875411987305,
      56.720890045166016,
      10.162672996520996,
      10.999223709106445,
      1.05643630027771,
      0.9487661123275757,
      0.13144426047801971,
      0.12406709045171738
    ],
    [
      12.489019393920898,
      4.3869218826293945,
      24.710912704467773,
      27.281688690185547,
      39.102783203125,
      39.61268615722656,
      50.07358932495117,
      51.061126708984375,
      55.0904655456543,
      52.14875411987305,
      39.36558532714844,
      40.309818267822266,
      8.674369812011719,
      9.5269775390625,
      0.9441609382629395,
      0.8480560183525085,
      0.11136655509471893,
      0.10665413737297058
    ],
    [
      13.340052604675293,
      4.476765155792236,
      26.332284927368164,
      29.630590438842773,
      46.20426940917969,
      45.97076416015625,
      54.31435012817383,
      55.74993896484375,
      59.75480651855469,
      56.720890045166016,
      40.309818267822266,
      47.52323913574219,
      8.86717414855957,
      9.911561012268066,
      0.9890861511230469,
      0.8572301268577576,
      0.11945274472236633,
      0.1120837926864624
    ],
    [
      2.6147196292877197,
      0.9381164908409119,
      3.7340357303619385,
      4.359705924987793,
      6.196722984313965,
      6.6142449378967285,
      9.689498901367188,
      9.28873062133789,
      10.639823913574219,
      10.162672996520996,
      8.674369812011719,
      8.86717414855957,
      3.471708297729492,
      3.686565637588501,
      0.4751841723918915,
      0.4432036876678467,
      0.04777131602168083,
      0.04577672854065895
    ],
    [
      2.8986239433288574,
      0.9553213119506836,
      4.126837730407715,
      4.678555965423584,
      6.7540974617004395,
      7.3083720207214355,
      10.745072364807129,
      10.315046310424805,
      11.50780963897705,
      10.999223709106445,
      9.5269775390625,
      9.911561012268066,
      3.686565637588501,
      4.2927985191345215,
      0.5267449617385864,
      0.47419193387031555,
      0.05093519017100334,
      0.049407556653022766
    ],
    [
      0.25284507870674133,
      0.03562701866030693,
      0.24424296617507935,
      0.35550573468208313,
      0.4569832980632782,
      0.5408416390419006,
      1.0654743909835815,
      0.9984180927276611,
      1.097407341003418,
      1.05643630027771,
      0.9441609382629395,
      0.9890861511230469,
      0.4751841723918915,
      0.5267449617385864,
      0.1482897847890854,
      0.1332196742296219,
      0.012646273709833622,
      0.012111788615584373
    ],
    [
      0.22040753066539764,
      0.031402453780174255,
      0.2549539804458618,
      0.33877211809158325,
      0.39109963178634644,
      0.44404539465904236,
      0.8788304924964905,
      0.8467290997505188,
      1.0049564838409424,
      0.9487661123275757,
      0.8480560183525085,
      0.8572301268577576,
      0.4432036876678467,
      0.47419193387031555,
      0.1332196742296219,
      0.1467622071504593,
      0.013452887535095215,
      0.012940172106027603
    ],
    [
      0.02884800359606743,
      0.005104758311063051,
      0.03536539524793625,
      0.050739698112010956,
      0.07502710074186325,
      0.07481963187456131,
      0.11857513338327408,
      0.12773588299751282,
      0.13633745908737183,
      0.13144426047801971,
      0.11136655509471893,
      0.11945274472236633,
      0.04777131602168083,
      0.05093519017100334,
      0.012646273709833622,
      0.013452887535095215,
      0.0025531465653330088,
      0.0018654456362128258
    ],
    [
      0.029964884743094444,
      0.0048174564726650715,
      0.03141327574849129,
      0.04493175446987152,
      0.06490422040224075,
      0.06590403616428375,
      0.11170119047164917,
      0.11669094115495682,
      0.1278543323278427,
      0.12406709045171738,
      0.10665413737297058,
      0.1120837926864624,
      0.04577672854065895,
      0.049407556653022766,
      0.012111788615584373,
      0.012940172106027603,
      0.0018654456362128258,
      0.0019420039607211947
    ]
  ],
  "damage": -20.546722412109375,
  "diff_bandwidth": 682.2266845703125,
  "dissonance": 4.260772973956976,
  "drr": 4.745322227478027,
  "dynamics": 5.773127555847168,
  "format": 1245190,
  "frames": 5411776,
  "loudness": -30.066162109375,
  "loudness_range": 25.203922271728516,
  "loudness_range_short": 26.068822860717773,
  "lowpass_true_peak_15khz": -8.288656234741211,
  "mastering3_acoustic_entropies": [
    {
      "acoustic_entropy": 7.655521392822266,
      "acoustic_entropy_mono": 6.94835901260376,
      "band_eliminated_acoustic_entropies": [
        {
          "acoustic_entropy": 7.655250549316406,
          "acoustic_entropy_side": 7.655520439147949,
          "hz": 129.47220167065723
        },
        {
          "acoustic_entropy": 7.66327428817749,
          "acoustic_entropy_side": 7.654809951782227,
          "hz": 202.92927478742237
        },
        {
          "acoustic_entropy": 7.675349235534668,
          "acoustic_entropy_side": 7.667771339416504,
          "hz": 282.89161906338205
        },
        {
          "acoustic_entropy": 8.12587833404541,
          "acoustic_entropy_side": 7.686792373657227,
          "hz": 369.9353335868758
        },
        {
          "acoustic_entropy": 8.222966194152832,
          "acoustic_entropy_side": 7.651834487915039,
          "hz": 464.6875360973435
        },
        {
          "acoustic_entropy": 7.755555629730225,
          "acoustic_entropy_side": 7.896687030792236,
          "hz": 567.8308811364784
        },
        {
          "acoustic_entropy": 7.556604385375977,
          "acoustic_entropy_side": 7.397551536560059,
          "hz": 680.1084783214808
        },
        {
          "acoustic_entropy": 6.671865463256836,
          "acoustic_entropy_side": 7.782477855682373,
          "hz": 802.3292461747484
        },
        {
          "acoustic_entropy": 7.235870838165283,
          "acoustic_entropy_side": 7.2663750648498535,
          "hz": 935.3737400823702
        },
        {
          "acoustic_entropy": 7.20107364654541,
          "acoustic_entropy_side": 7.788736343383789,
          "hz": 1080.2004963696966
        },
        {
          "acoustic_entropy": 7.233043193817139,
          "acoustic_entropy_side": 7.4497246742248535,
          "hz": 1237.8529382007157
        },
        {
          "acoustic_entropy": 7.463395595550537,
          "acoustic_entropy_side": 7.554525375366211,
          "hz": 1409.4668930556702
        },
        {
          "acoustic_entropy": 7.332300186157227,
          "acoustic_entropy_side": 7.4721832275390625,
          "hz": 1596.2787759475705
        },
        {
          "acoustic_entropy": 7.231767654418945,
          "acoustic_entropy_side": 7.400020122528076,
          "hz": 1799.6344973346393
        },
        {
          "acoustic_entropy": 7.787715911865234,
          "acoustic_entropy_side": 7.846221923828125,
          "hz": 2020.9991599069049
        },
        {
          "acoustic_entropy": 7.5308332443237305,
          "acoustic_entropy_side": 7.570622444152832,
          "hz": 2261.9676141086993
        },
        {
          "acoustic_entropy": 7.765908718109131,
          "acoustic_entropy_side": 7.698965549468994,
          "hz": 2524.2759484456974
        },
        {
          "acoustic_entropy": 7.674656391143799,
          "acoustic_entropy_side": 7.666324615478516,
          "hz": 2809.813997359896
        },
        {
          "acoustic_entropy": 7.62684965133667,
          "acoustic_entropy_side": 7.644354343414307,
          "hz": 3120.6389567871424
        },
        {
          "acoustic_entropy": 7.635009288787842,
          "acoustic_entropy_side": 7.6448893547058105,
          "hz": 3458.990205492291
        },
        {
          "acoustic_entropy": 7.654283046722412,
          "acoustic_entropy_side": 7.654644012451172,
          "hz": 3827.305438964164
        },
        {
          "acoustic_entropy": 7.653034210205078,
          "acoustic_entropy_side": 7.653557300567627,
          "hz": 4228.238232109126
        },
        {
          "acoustic_entropy": 7.653953552246094,
          "acoustic_entropy_side": 7.654397487640381,
          "hz": 4664.6771572759235
        },
        {
          "acoustic_entropy": 7.655205249786377,
          "acoustic_entropy_side": 7.655296802520752,
          "hz": 5139.766595350093
        },
        {
          "acoustic_entropy": 7.655501842498779,
          "acoustic_entropy_side": 7.655508518218994,
          "hz": 5656.929389854203
        },
        {
          "acoustic_entropy": 7.655508041381836,
          "acoustic_entropy_side": 7.655514717102051,
          "hz": 6219.891507268283
        },
        {
          "acoustic_entropy": 7.655466079711914,
          "acoustic_entropy_side": 7.655501365661621,
          "hz": 6832.70888123896
        },
        {
          "acoustic_entropy": 7.655519485473633,
          "acoustic_entropy_side": 7.655520915985107,
          "hz": 7499.796634079867
        },
        {
          "acoustic_entropy": 7.655520915985107,
          "acoustic_entropy_side": 7.655520915985107,
          "hz": 8225.96088609342
        },
        {
          "acoustic_entropy": 7.655520439147949,
          "acoustic_entropy_side": 7.655521392822266,
          "hz": 9016.43338188839
        },
        {
          "acoustic_entropy": 7.655521392822266,
          "acoustic_entropy_side": 7.655521392822266,
          "hz": 9876.909183162974
        },
        {
          "acoustic_entropy": 7.655521392822266,
          "acoustic_entropy_side": 7.655521392822266,
          "hz": 10813.587699516042
        },
        {
          "acoustic_entropy": 7.655521392822266,
          "acoustic_entropy_side": 7.655521392822266,
          "hz": 11833.21735289826
        },
        {
          "acoustic_entropy": 7.655521392822266,
          "acoustic_entropy_side": 7.655521392822266,
          "hz": 12943.144197493959
        },
        {
          "acoustic_entropy": 7.655521392822266,
          "acoustic_entropy_side": 7.655521392822266,
          "hz": 14151.364845322005
        },
        {
          "acoustic_entropy": 7.655521392822266,
          "acoustic_entropy_side": 7.655521392822266,
          "hz": 15466.58407886509
        },
        {
          "acoustic_entropy": 7.655521392822266,
          "acoustic_entropy_side": 7.655521392822266,
          "hz": 16898.27756580493
        },
        {
          "acoustic_entropy": 7.655521392822266,
          "acoustic_entropy_side": 7.655521392822266,
          "hz": 18456.760127700032
        },
        {
          "acoustic_entropy": 7.655521392822266,
          "acoustic_entropy_side": 7.655521392822266,
          "hz": 20153.260054456492
        },
        {
          "acoustic_entropy": 7.655521392822266,
          "acoustic_entropy_side": 7.655521392822266,
          "hz": 22000.00000000001
        }
      ],
      "diff_acoustic_entropy": 3.965488910675049,
      "sn": 6
    },
    {
      "acoustic_entropy": 10.708860397338867,
      "acoustic_entropy_mono": 10.164872169494629,
      "band_eliminated_acoustic_entropies": [
        {
          "acoustic_entropy": 10.706713676452637,
          "acoustic_entropy_side": 10.708863258361816,
          "hz": 129.47220167065723
        },
        {
          "acoustic_entropy": 10.786995887756348,
          "acoustic_entropy_side": 10.72603988647461,
          "hz": 202.92927478742237
        },
        {
          "acoustic_entropy": 10.51291275024414,
          "acoustic_entropy_side": 10.785706520080566,
          "hz": 282.89161906338205
        },
        {
          "acoustic_entropy": 10.748708724975586,
          "acoustic_entropy_side": 10.874869346618652,
          "hz": 369.9353335868758
        },
        {
          "acoustic_entropy": 10.352426528930664,
          "acoustic_entropy_side": 10.601470947265625,
          "hz": 464.6875360973435
        },
        {
          "acoustic_entropy": 10.778177261352539,
          "acoustic_entropy_side": 11.274303436279297,
          "hz": 567.8308811364784
        },
        {
          "acoustic_entropy": 10.841513633728027,
          "acoustic_entropy_side": 11.107613563537598,
          "hz": 680.1084783214808
        },
        {
          "acoustic_entropy": 10.038599014282227,
          "acoustic_entropy_side": 11.049028396606445,
          "hz": 802.3292461747484
        },
        {
          "acoustic_entropy": 11.130085945129395,
          "acoustic_entropy_side": 10.802998542785645,
          "hz": 935.3737400823702
        },
        {
          "acoustic_entropy": 10.82358169555664,
          "acoustic_entropy_side": 11.206977844238281,
          "hz": 1080.2004963696966
        },
        {
          "acoustic_entropy": 10.903764724731445,
          "acoustic_entropy_side": 10.491731643676758,
          "hz": 1237.8529382007157
        },
        {
          "acoustic_entropy": 10.590770721435547,
          "acoustic_entropy_side": 10.844369888305664,
          "hz": 1409.4668930556702
        },
        {
          "acoustic_entropy": 10.833121299743652,
          "acoustic_entropy_side": 10.847360610961914,
          "hz": 1596.2787759475705
        },
        {
          "acoustic_entropy": 10.856860160827637,
          "acoustic_entropy_side": 10.91876220703125,
          "hz": 1799.6344973346393
        },
        {
          "acoustic_entropy": 10.605916023254395,
          "acoustic_entropy_side": 10.74657917022705,
          "hz": 2020.9991599069049
        },
        {
          "acoustic_entropy": 10.759543418884277,
          "acoustic_entropy_side": 10.679308891296387,
          "hz": 2261.9676141086993
        },
        {
          "acoustic_entropy": 11.042093276977539,
          "acoustic_entropy_side": 10.739523887634277,
          "hz": 2524.2759484456974
        },
        {
          "acoustic_entropy": 10.965255737304688,
          "acoustic_entropy_side": 10.795802116394043,
          "hz": 2809.813997359896
        },
        {
          "acoustic_entropy": 10.940827369689941,
          "acoustic_entropy_side": 10.83901309967041,
          "hz": 3120.6389567871424
        },
        {
          "acoustic_entropy": 10.783811569213867,
          "acoustic_entropy_side": 10.780016899108887,
          "hz": 3458.990205492291
        },
        {
          "acoustic_entropy": 10.705389976501465,
          "acoustic_entropy_side": 10.706585884094238,
          "hz": 3827.305438964164
        },
        {
          "acoustic_entropy": 10.706342697143555,
          "acoustic_entropy_side": 10.703219413757324,
          "hz": 4228.238232109126
        },
        {
          "acoustic_entropy": 10.714780807495117,
          "acoustic_entropy_side": 10.710826873779297,
          "hz": 4664.6771572759235
        },
        {
          "acoustic_entropy": 10.715730667114258,
          "acoustic_entropy_side": 10.712711334228516,
          "hz": 5139.766595350093
        },
        {
          "acoustic_entropy": 10.708828926086426,
          "acoustic_entropy_side": 10.708900451660156,
          "hz": 5656.929389854203
        },
        {
          "acoustic_entropy": 10.708990097045898,
          "acoustic_entropy_side": 10.708996772766113,
          "hz": 6219.891507268283
        },
        {
          "acoustic_entropy": 10.709159851074219,
          "acoustic_entropy_side": 10.708984375,
          "hz": 6832.70888123896
        },
        {
          "acoustic_entropy": 10.708857536315918,
          "acoustic_entropy_side": 10.708863258361816,
          "hz": 7499.796634079867
        },
        {
          "acoustic_entropy": 10.708867073059082,
          "acoustic_entropy_side": 10.708864212036133,
          "hz": 8225.96088609342
        },
        {
          "acoustic_entropy": 10.70887279510498,
          "acoustic_entropy_side": 10.70887279510498,
          "hz": 9016.43338188839
        },
        {
          "acoustic_entropy": 10.708860397338867,
          "acoustic_entropy_side": 10.708861351013184,
          "hz": 9876.909183162974
        },
        {
          "acoustic_entropy": 10.708861351013184,
          "acoustic_entropy_side": 10.708860397338867,
          "hz": 10813.587699516042
        },
        {
          "acoustic_entropy": 10.708860397338867,
          "acoustic_entropy_side": 10.708860397338867,
          "hz": 11833.21735289826
        },
        {
          "acoustic_entropy": 10.708860397338867,
          "acoustic_entropy_side": 10.708860397338867,
          "hz": 12943.144197493959
        },
        {
          "acoustic_entropy": 10.708860397338867,
          "acoustic_entropy_side": 10.708860397338867,
          "hz": 14151.364845322005
        },
        {
          "acoustic_entropy": 10.708860397338867,
          "acoustic_entropy_side": 10.708860397338867,
          "hz": 15466.58407886509
        },
        {
          "acoustic_entropy": 10.708860397338867,
          "acoustic_entropy_side": 10.708860397338867,
          "hz": 16898.27756580493
        },
        {
          "acoustic_entropy": 10.708860397338867,
          "acoustic_entropy_side": 10.708860397338867,
          "hz": 18456.760127700032
        },
        {
          "acoustic_entropy": 10.708860397338867,
          "acoustic_entropy_side": 10.708860397338867,
          "hz": 20153.260054456492
        },
        {
          "acoustic_entropy": 10.708860397338867,
          "acoustic_entropy_side": 10.708860397338867,
          "hz": 22000.00000000001
        }
      ],
      "diff_acoustic_entropy": 5.796222686767578,
      "sn": 12
    },
    {
      "acoustic_entropy": 16.858362197875977,
      "acoustic_entropy_mono": 14.210667610168457,
      "band_eliminated_acoustic_entropies": [
        {
          "acoustic_entropy": 17.082992553710938,
          "acoustic_entropy_side": 16.863513946533203,
          "hz": 129.47220167065723
        },
        {
          "acoustic_entropy": 16.939964294433594,
          "acoustic_entropy_side": 16.55984878540039,
          "hz": 202.92927478742237
        },
        {
          "acoustic_entropy": 16.236270904541016,
          "acoustic_entropy_side": 16.711978912353516,
          "hz": 282.89161906338205
        },
        {
          "acoustic_entropy": 15.615604400634766,
          "acoustic_entropy_side": 15.835845947265625,
          "hz": 369.9353335868758
        },
        {
          "acoustic_entropy": 15.362910270690918,
          "acoustic_entropy_side": 15.723312377929688,
          "hz": 464.6875360973435
        },
        {
          "acoustic_entropy": 16.27170753479004,
          "acoustic_entropy_side": 17.045759201049805,
          "hz": 567.8308811364784
        },
        {
          "acoustic_entropy": 17.535654067993164,
          "acoustic_entropy_side": 17.22542381286621,
          "hz": 680.1084783214808
        },
        {
          "acoustic_entropy": 14.716021537780762,
          "acoustic_entropy_side": 17.32657241821289,
          "hz": 802.3292461747484
        },
        {
          "acoustic_entropy": 15.854427337646484,
          "acoustic_entropy_side": 16.937030792236328,
          "hz": 935.3737400823702
        },
        {
          "acoustic_entropy": 17.679658889770508,
          "acoustic_entropy_side": 17.863542556762695,
          "hz": 1080.2004963696966
        },
        {
          "acoustic_entropy": 17.14517593383789,
          "acoustic_entropy_side": 17.215734481811523,
          "hz": 1237.8529382007157
        },
        {
          "acoustic_entropy": 17.787761688232422,
          "acoustic_entropy_side": 17.198890686035156,
          "hz": 1409.4668930556702
        },
        {
          "acoustic_entropy": 17.508943557739258,
          "acoustic_entropy_side": 17.417461395263672,
          "hz": 1596.2787759475705
        },
        {
          "acoustic_entropy": 16.17416000366211,
          "acoustic_entropy_side": 16.32793426513672,
          "hz": 1799.6344973346393
        },
        {
          "acoustic_entropy": 16.379657745361328,
          "acoustic_entropy_side": 16.09921646118164,
          "hz": 2020.9991599069049
        },
        {
          "acoustic_entropy": 16.81989288330078,
          "acoustic_entropy_side": 17.18497085571289,
          "hz": 2261.9676141086993
        },
        {
          "acoustic_entropy": 16.722686767578125,
          "acoustic_entropy_side": 16.789640426635742,
          "hz": 2524.2759484456974
        },
        {
