{
  "acoustic_entropy": 199.0072479248047,
  "bands": [
    {
      "high_freq": 148.1999969482422,
      "loudness": -36.46446228027344,
      "loudness_range": 18.527509689331055,
      "mid_mean": -35.40061569213867,
      "mid_to_side_loudness": -1.5291756391525269,
      "mid_to_side_loudness_range": 10.591262817382812,
      "side_mean": -37.00416564941406
    },
    {
      "high_freq": 392.3793640136719,
      "loudness": -28.408510208129883,
      "loudness_range": 12.155696868896484,
      "low_freq": 148.1999969482422,
      "mid_mean": -27.038711547851562,
      "mid_to_side_loudness": -1.8266392946243286,
      "mid_to_side_loudness_range": 6.9470014572143555,
      "side_mean": -28.903942108154297
    },
    {
      "high_freq": 794.6976318359375,
      "loudness": -27.863929748535156,
      "loudness_range": 12.800628662109375,
      "low_freq": 392.3793640136719,
      "mid_mean": -26.424028396606445,
      "mid_to_side_loudness": -1.931220531463623,
      "mid_to_side_loudness_range": 6.093648433685303,
      "side_mean": -28.383033752441406
    },
    {
      "high_freq": 1457.5709228515625,
      "loudness": -31.362878799438477,
      "loudness_range": 17.830310821533203,
      "low_freq": 794.6976318359375,
      "mid_mean": -29.723783493041992,
      "mid_to_side_loudness": -2.3456876277923584,
      "mid_to_side_loudness_range": 5.14580774307251,
      "side_mean": -32.10227584838867
    },
    {
      "high_freq": 2549.74365234375,
      "loudness": -33.98678207397461,
      "loudness_range": 22.357555389404297,
      "low_freq": 1457.5709228515625,
      "mid_mean": -32.54209899902344,
      "mid_to_side_loudness": -1.778680682182312,
      "mid_to_side_loudness_range": 5.050691604614258,
      "side_mean": -34.36318588256836
    },
    {
      "high_freq": 4349.24462890625,
      "loudness": -40.10457992553711,
      "loudness_range": 27.546022415161133,
      "low_freq": 2549.74365234375,
      "mid_mean": -38.815792083740234,
      "mid_to_side_loudness": -1.5681777000427246,
      "mid_to_side_loudness_range": 5.373382091522217,
      "side_mean": -40.39127731323242
    },
    {
      "high_freq": 7314.1640625,
      "loudness": -48.862266540527344,
      "loudness_range": 29.640583038330078,
      "low_freq": 4349.24462890625,
      "mid_mean": -47.291385650634766,
      "mid_to_side_loudness": -2.034456491470337,
      "mid_to_side_loudness_range": 3.5372371673583984,
      "side_mean": -49.2799072265625
    },
    {
      "high_freq": 12199.2666015625,
      "loudness": -56.18281555175781,
      "loudness_range": 31.571651458740234,
      "low_freq": 7314.1640625,
      "mid_mean": -55.33165740966797,
      "mid_to_side_loudness": -2.3072381019592285,
      "mid_to_side_loudness_range": 3.2970948219299316,
      "side_mean": -57.20686340332031
    },
    {
      "loudness": -59.764556884765625,
      "loudness_range": 31.628368377685547,
      "low_freq": 12199.2666015625,
      "mid_mean": -61.83473205566406,
      "mid_to_side_loudness": -2.3528943061828613,
      "mid_to_side_loudness_range": 3.8919317722320557,
      "side_mean": -63.219146728515625
    }
  ],
  "bands_short": [
    {
      "high_freq": 148.1999969482422,
      "loudness": -40.99594497680664,
      "loudness_range": 21.41084861755371,
      "mid_mean": -40.38710021972656,
      "mid_to_side_loudness": -1.4036991596221924,
      "mid_to_side_loudness_range": 15.79824447631836,
      "side_mean": -41.83889389038086
    },
    {
      "high_freq": 392.3793640136719,
      "loudness": -28.506439208984375,
      "loudness_range": 13.774066925048828,
      "low_freq": 148.1999969482422,
      "mid_mean": -27.255142211914062,
      "mid_to_side_loudness": -1.9214210510253906,
      "mid_to_side_loudness_range": 10.050936698913574,
      "side_mean": -29.21125602722168
    },
    {
      "high_freq": 794.6976318359375,
      "loudness": -28.23753547668457,
      "loudness_range": 13.91832160949707,
      "low_freq": 392.3793640136719,
      "mid_mean": -27.013261795043945,
      "mid_to_side_loudness": -1.8213526010513306,
      "mid_to_side_loudness_range": 9.849449157714844,
      "side_mean": -28.869544982910156
    },
    {
      "high_freq": 1457.5709228515625,
      "loudness": -31.392852783203125,
      "loudness_range": 18.366647720336914,
      "low_freq": 794.6976318359375,
      "mid_mean": -30.00075912475586,
      "mid_to_side_loudness": -2.1119794845581055,
      "mid_to_side_loudness_range": 8.79184341430664,
      "side_mean": -32.156822204589844
    },
    {
      "high_freq": 2549.74365234375,
      "loudness": -34.59538650512695,
      "loudness_range": 23.83869743347168,
      "low_freq": 1457.5709228515625,
      "mid_mean": -33.35107421875,
      "mid_to_side_loudness": -1.6745197772979736,
      "mid_to_side_loudness_range": 8.556951522827148,
      "side_mean": -35.09239196777344
    },
    {
      "high_freq": 4349.24462890625,
      "loudness": -40.51688766479492,
      "loudness_range": 28.82232093811035,
      "low_freq": 2549.74365234375,
      "mid_mean": -39.37024688720703,
      "mid_to_side_loudness": -1.4185266494750977,
      "mid_to_side_loudness_range": 7.48549747467041,
      "side_mean": -40.818885803222656
    },
    {
      "high_freq": 7314.1640625,
      "loudness": -49.48762893676758,
      "loudness_range": 30.995330810546875,
      "low_freq": 4349.24462890625,
      "mid_mean": -48.16474533081055,
      "mid_to_side_loudness": -1.777820348739624,
      "mid_to_side_loudness_range": 4.926666736602783,
      "side_mean": -50.27950668334961
    },
    {
      "high_freq": 12199.2666015625,
      "loudness": -57.03496551513672,
      "loudness_range": 32.54326629638672,
      "low_freq": 7314.1640625,
      "mid_mean": -56.37214279174805,
      "mid_to_side_loudness": -1.9957867860794067,
      "mid_to_side_loudness_range": 4.161300182342529,
      "side_mean": -57.96796798706055
    },
    {
      "loudness": -62.396915435791016,
      "loudness_range": 33.22575378417969,
      "low_freq": 12199.2666015625,
      "mid_mean": -63.16746139526367,
      "mid_to_side_loudness": -1.9650059938430786,
      "mid_to_side_loudness_range": 4.315136909484863,
      "side_mean": -64.22824096679688
    }
  ],
  "bandwidth": 689.8920288085938,
  "channels": 2,
  "covariance": [
    [
      50.30070495605469,
      35.668880462646484,
      16.897611618041992,
      15.263140678405762,
      14.295086860656738,
      13.793867111206055,
      21.87454605102539,
      20.818714141845703,
      28.771604537963867,
      26.765026092529297,
      34.32978439331055,
      30.07715606689453,
      39.59807205200195,
      37.578651428222656,
      40.28596115112305,
      37.05672073364258,
      32.66709518432617,
      28.830078125
    ],
    [
      35.668880462646484,
      36.28521728515625,
      13.466248512268066,
      12.955270767211914,
      11.02783489227295,
      10.928244590759277,
      17.354148864746094,
      16.34269905090332,
      22.164077758789062,
      20.25960350036621,
      26.66242218017578,
      22.874385833740234,
      30.64188003540039,
      28.806724548339844,
      31.683902740478516,
      29.12305450439453,
      25.36143684387207,
      22.439773559570312
    ],
    [
      16.897611618041992,
      13.466248512268066,
      22.221792221069336,
      17.46038246154785,
      16.90939712524414,
      15.846271514892578,
      19.439279556274414,
      18.83005714416504,
      23.366918563842773,
      22.566614151000977,
      24.893253326416016,
      22.85103416442871,
      27.686599731445312,
      27.176212310791016,
      28.497173309326172,
      26.66521644592285,
      22.684158325195312,
      20.24555778503418
    ],
    [
      15.263140678405762,
      12.955270767211914,
      17.46038246154785,
      18.607023239135742,
      15.093971252441406,
      14.077960014343262,
      17.130666732788086,
      16.434839248657227,
      19.952619552612305,
      19.688932418823242,
      21.958547592163086,
      20.16928482055664,
      24.399232864379883,
      24.19074058532715,
      25.271751403808594,
      23.739898681640625,
      19.93809700012207,
      17.997037887573242
    ],
    [
      14.295086860656738,
      11.02783489227295,
      16.90939712524414,
      15.093971252441406,
      22.485994338989258,
      19.4139461517334,
      24.74807357788086,
      23.110618591308594,
      29.404659271240234,
      28.627168655395508,
      33.284454345703125,
      30.89763832092285,
      35.44553756713867,
      33.95512771606445,
      35.17713928222656,
      32.59434127807617,
      27.16990852355957,
      23.65767478942871
    ],
    [
      13.793867111206055,
      10.928244590759277,
      15.846271514892578,
      14.077960014343262,
      19.4139461517334,
      20.94306755065918,
      23.564035415649414,
      22.43646812438965,
      28.020862579345703,
      27.385026931762695,
      31.971271514892578,
      29.57632064819336,
      33.55590057373047,
      32.09115219116211,
      33.180763244628906,
      30.853635787963867,
      25.67044448852539,
      22.39358139038086
    ],
    [
      21.87454605102539,
      17.354148864746094,
      19.439279556274414,
      17.130666732788086,
      24.74807357788086,
      23.564035415649414,
      40.09392547607422,
      36.674285888671875,
      47.778316497802734,
      45.75605392456055,
      56.551025390625,
      51.16999435424805,
      57.60581588745117,
      54.472991943359375,
      55.737979888916016,
      50.553096771240234,
      41.674522399902344,
      35.39480209350586
    ],
    [
      20.818714141845703,
      16.34269905090332,
      18.83005714416504,
      16.434839248657227,
      23.110618591308594,
      22.43646812438965,
      36.674285888671875,
      36.40324401855469,
      45.76890182495117,
      43.61030960083008,
      53.953590393066406,
      48.764923095703125,
      55.67063522338867,
      52.64705276489258,
      54.112186431884766,
      49.22162628173828,
      40.2862548828125,
      34.28491973876953
    ],
    [
      28.771604537963867,
      22.164077758789062,
      23.366918563842773,
      19.952619552612305,
      29.404659271240234,
      28.020862579345703,
      47.778316497802734,
      45.76890182495117,
      67.89320373535156,
      62.82370376586914,
      77.7331314086914,
      70.51628875732422,
      81.01254272460938,
      76.38096618652344,
      78.52345275878906,
      70.95579528808594,
      59.25407791137695,
      50.08808517456055
    ],
    [
      26.765026092529297,
      20.25960350036621,
      22.566614151000977,
      19.688932418823242,
      28.627168655395508,
      27.385026931762695,
      45.75605392456055,
      43.61030960083008,
      62.82370376586914,
      61.293094635009766,
      73.50724029541016,
      67.54234313964844,
      76.05726623535156,
      72.12055969238281,
      73.6277847290039,
      67.0139389038086,
      55.6830940246582,
      47.469459533691406
    ],
    [
      34.32978439331055,
      26.66242218017578,
      24.893253326416016,
      21.958547592163086,
      33.284454345703125,
      31.971271514892578,
      56.551025390625,
      53.953590393066406,
      77.7331314086914,
      73.50724029541016,
      98.41353607177734,
      88.18997955322266,
      101.54048156738281,
      95.23279571533203,
      98.85093688964844,
      89.53844451904297,
      75.01407623291016,
      63.69685745239258
    ],
    [
      30.07715606689453,
      22.874385833740234,
      22.85103416442871,
      20.16928482055664,
      30.89763832092285,
      29.57632064819336,
      51.16999435424805,
      48.764923095703125,
      70.51628875732422,
      67.54234313964844,
      88.18997955322266,
      81.70101165771484,
      91.20811462402344,
      85.99665832519531,
      88.47391510009766,
      80.6336898803711,
      66.94380950927734,
      57.12242889404297
    ],
    [
      39.59807205200195,
      30.64188003540039,
      27.686599731445312,
      24.399232864379883,
      35.44553756713867,
      33.55590057373047,
      57.60581588745117,
      55.67063522338867,
      81.01254272460938,
      76.05726623535156,
      101.54048156738281,
      91.20811462402344,
      114.64181518554688,
      107.25031280517578,
      113.36815643310547,
      102.99661254882812,
      87.22952270507812,
      74.44418334960938
    ],
    [
      37.578651428222656,
      28.806724548339844,
      27.176212310791016,
      24.19074058532715,
      33.95512771606445,
      32.09115219116211,
      54.472991943359375,
      52.64705276489258,
      76.38096618652344,
      72.12055969238281,
      95.23279571533203,
      85.99665832519531,
      107.25031280517578,
      101.75711822509766,
      106.68328857421875,
      97.26683044433594,
      81.86590576171875,
      70.09082794189453
    ],
    [
      40.28596115112305,
      31.683902740478516,
      28.497173309326172,
      25.271751403808594,
      35.17713928222656,
      33.180763244628906,
      55.737979888916016,
      54.112186431884766,
      78.52345275878906,
      73.6277847290039,
      98.85093688964844,
      88.47391510009766,
      113.36815643310547,
      106.68328857421875,
      122.27660369873047,
      111.85111999511719,
      98.04927825927734,
      84.52019500732422
    ],
    [
      37.05672073364258,
      29.12305450439453,
      26.66521644592285,
      23.739898681640625,
      32.59434127807617,
      30.853635787963867,
      50.553096771240234,
      49.22162628173828,
      70.95579528808594,
      67.0139389038086,
      89.53844451904297,
      80.6336898803711,
      102.99661254882812,
      97.26683044433594,
      111.85111999511719,
      103.52167510986328,
      90.87580871582031,
      79.0602798461914
    ],
    [
      32.66709518432617,
      25.36143684387207,
      22.684158325195312,
      19.93809700012207,
      27.16990852355957,
      25.67044448852539,
      41.674522399902344,
      40.2862548828125,
      59.25407791137695,
      55.6830940246582,
      75.01407623291016,
      66.94380950927734,
      87.22952270507812,
      81.86590576171875,
      98.04927825927734,
      90.87580871582031,
      92.16573333740234,
      81.37184143066406
    ],
    [
      28.830078125,
      22.439773559570312,
      20.24555778503418,
      17.997037887573242,
      23.65767478942871,
      22.39358139038086,
      35.39480209350586,
      34.28491973876953,
      50.08808517456055,
      47.469459533691406,
      63.69685745239258,
      57.12242889404297,
      74.44418334960938,
      70.09082794189453,
      84.52019500732422,
      79.0602798461914,
      81.37184143066406,
      72.95838165283203
    ]
  ],
  "covariance_short": [
    [
      66.35273742675781,
      43.968605041503906,
      19.042720794677734,
      17.506864547729492,
      13.44059944152832,
      13.475419044494629,
      18.7412109375,
      17.41029167175293,
      22.94539451599121,
      22.05101776123047,
      26.519710540771484,
      23.582489013671875,
      30.84843635559082,
      31.374513626098633,
      31.952571868896484,
      29.32223129272461,
      25.121551513671875,
      22.47048568725586
    ],
    [
      43.968605041503906,
      54.402252197265625,
      13.992816925048828,
      15.17029857635498,
      10.623268127441406,
      10.919270515441895,
      14.603439331054688,
      13.107832908630371,
      16.937938690185547,
      16.010112762451172,
      19.714155197143555,
      17.03400421142578,
      22.939306259155273,
      23.932676315307617,
      24.85763931274414,
      22.8493595123291,
      19.863004684448242,
      17.994653701782227
    ],
    [
      19.042720794677734,
      13.992816925048828,
      28.004528045654297,
      20.024202346801758,
      18.203887939453125,
      16.81149673461914,
      20.8626708984375,
      19.604106903076172,
      25.336063385009766,
      24.588050842285156,
      28.451923370361328,
      26.16731834411621,
      31.657154083251953,
      30.683698654174805,
      31.13808822631836,
      28.874181747436523,
      22.521495819091797,
      19.99924659729004
    ],
    [
      17.506864547729492,
      15.17029857635498,
      20.024202346801758,
      24.356626510620117,
      16.574874877929688,
      16.008563995361328,
      18.359291076660156,
      17.215373992919922,
      21.72823715209961,
      21.45911407470703,
      24.75162124633789,
      22.86895179748535,
      27.893831253051758,
      27.08418083190918,
      27.6480712890625,
      25.664295196533203,
      19.696474075317383,
      17.645071029663086
    ],
    [
      13.44059944152832,
      10.623268127441406,
      18.203887939453125,
      16.574874877929688,
      28.107967376708984,
      21.230453491210938,
      26.406272888183594,
      23.91827392578125,
      30.566083908081055,
      29.620128631591797,
      35.02773666381836,
      32.43777847290039,
      36.62049865722656,
      34.888275146484375,
      35.07084655761719,
      32.20993423461914,
      24.77260971069336,
      21.56302833557129
    ],
    [
      13.475419044494629,
      10.919270515441895,
      16.81149673461914,
      16.008563995361328,
      21.230453491210938,
      26.18964958190918,
      25.27301788330078,
      23.282466888427734,
      29.03195571899414,
      28.681020736694336,
      33.4639778137207,
      31.103839874267578,
      34.54177474975586,
      32.942535400390625,
      32.651302337646484,
      30.155391693115234,
      22.63284683227539,
      19.773208618164062
    ],
    [
      18.7412109375,
      14.603439331054688,
      20.8626708984375,
      18.359291076660156,
      26.406272888183594,
      25.27301788330078,
      44.56595993041992,
      37.345821380615234,
      49.574466705322266,
      47.620479583740234,
      58.34844970703125,
      53.324012756347656,
      59.613792419433594,
      56.267578125,
      55.38412094116211,
      50.39748764038086,
      37.624351501464844,
      32.19533157348633
    ],
    [
      17.41029167175293,
      13.107832908630371,
      19.604106903076172,
      17.215373992919922,
      23.91827392578125,
      23.282466888427734,
      37.345821380615234,
      39.760719299316406,
      46.88490676879883,
      45.145164489746094,
      54.948097229003906,
      50.485626220703125,
      56.71263885498047,
      53.75145721435547,
      52.878875732421875,
      48.45268249511719,
      35.776119232177734,
      30.7260799407959
    ],
    [
      22.94539451599121,
      16.937938690185547,
      25.336063385009766,
      21.72823715209961,
      30.566083908081055,
      29.03195571899414,
      49.574466705322266,
      46.88490676879883,
      74.02603149414062,
      66.3355941772461,
      80.52155303955078,
      73.9531021118164,
      83.39009094238281,
      78.71226501464844,
      77.6239013671875,
      70.5786361694336,
      52.90655517578125,
      45.18888473510742
    ],
    [
      22.05101776123047,
      16.010112762451172,
      24.588050842285156,
      21.45911407470703,
      29.620128631591797,
      28.681020736694336,
      47.620479583740234,
      45.145164489746094,
      66.3355941772461,
      68.16404724121094,
      76.83063507080078,
      71.6645278930664,
      79.18074798583984,
      75.19766235351562,
      73.18465423583984,
      67.06456756591797,
      49.634212493896484,
      42.73524475097656
    ],
    [
      26.519710540771484,
      19.714155197143555,
      28.451923370361328,
      24.75162124633789,
      35.02773666381836,
      33.4639778137207,
      58.34844970703125,
      54.948097229003906,
      80.52155303955078,
      76.83063507080078,
      102.27334594726562,
      91.24847412109375,
      103.68862915039062,
      97.56616973876953,
      97.08477020263672,
      88.31033325195312,
      66.73099517822266,
      57.23066711425781
    ],
    [
      23.582489013671875,
      17.03400421142578,
      26.16731834411621,
      22.86895179748535,
      32.43777847290039,
      31.103839874267578,
      53.324012756347656,
      50.485626220703125,
      73.9531021118164,
      71.6645278930664,
      91.24847412109375,
      87.66472625732422,
      94.5322036743164,
      89.50804901123047,
      87.87443542480469,
      80.51847076416016,
      59.76939392089844,
      51.541221618652344
    ],
    [
      30.84843635559082,
      22.939306259155273,
      31.657154083251953,
      27.893831253051758,
      36.62049865722656,
      34.54177474975586,
      59.613792419433594,
      56.71263885498047,
      83.39009094238281,
      79.18074798583984,
      103.68862915039062,
      94.5322036743164,
      118.9231185913086,
      110.85324096679688,
      113.16181945800781,
      103.43867492675781,
      78.9937744140625,
      68.21244049072266
    ],
    [
      31.374513626098633,
      23.932676315307617,
      30.683698654174805,
      27.08418083190918,
      34.888275146484375,
      32.942535400390625,
      56.267578125,
      53.75145721435547,
      78.71226501464844,
      75.19766235351562,
      97.56616973876953,
      89.50804901123047,
      110.85324096679688,
      111.35748291015625,
      109.46216583251953,
      100.37482452392578,
      74.92967987060547,
      64.9135513305664
    ],
    [
      31.952571868896484,
      24.85763931274414,
      31.13808822631836,
      27.6480712890625,
      35.07084655761719,
      32.651302337646484,
      55.38412094116211,
      52.878875732421875,
      77.6239013671875,
      73.18465423583984,
      97.08477020263672,
      87.87443542480469,
      113.16181945800781,
      109.46216583251953,
      119.9569091796875,
      109.82157897949219,
      88.22293853759766,
      76.78349304199219
    ],
    [
      29.32223129272461,
      22.8493595123291,
      28.874181747436523,
      25.664295196533203,
      32.20993423461914,
      30.155391693115234,
      50.39748764038086,
      48.45268249511719,
      70.5786361694336,
      67.06456756591797,
      88.31033325195312,
      80.51847076416016,
      103.43867492675781,
      100.37482452392578,
      109.82157897949219,
      102.29972839355469,
      81.37897491455078,
      71.50696563720703
    ],
    [
      25.121551513671875,
      19.863004684448242,
      22.521495819091797,
      19.696474075317383,
      24.77260971069336,
      22.63284683227539,
      37.624351501464844,
      35.776119232177734,
      52.90655517578125,
      49.634212493896484,
      66.73099517822266,
      59.76939392089844,
      78.9937744140625,
      74.92967987060547,
      88.22293853759766,
      81.37897491455078,
      78.75637817382812,
      69.66755676269531
    ],
    [
      22.47048568725586,
      17.994653701782227,
      19.99924659729004,
      17.645071029663086,
      21.56302833557129,
      19.773208618164062,
      32.19533157348633,
      30.7260799407959,
      45.18888473510742,
      42.73524475097656,
      57.23066711425781,
      51.541221618652344,
      68.21244049072266,
      64.9135513305664,
      76.78349304199219,
      71.50696563720703,
      69.66755676269531,
      62.95444869995117
    ]
  ],
  "damage": -12.638073921203613,
  "diff_bandwidth": 708.853271484375,
  "dissonance": 7.679149771161521,
  "drr": 5.264517307281494,
  "dynamics": 4.477148532867432,
  "format": 1245190,
  "frames": 8032256,
  "loudness": -19.284467697143555,
  "loudness_range": 12.796335220336914,
  "loudness_range_short": 14.108514785766602,
  "lowpass_true_peak_15khz": -0.2579151690006256,
  "mastering3_acoustic_entropies": [
    {
      "acoustic_entropy": 4.64600133895874,
      "acoustic_entropy_mono": 4.641542434692383,
      "band_eliminated_acoustic_entropies": [
        {
          "acoustic_entropy": 4.681806564331055,
          "acoustic_entropy_side": 4.6594462394714355,
          "hz": 129.47220167065723
        },
        {
          "acoustic_entropy": 4.801420211791992,
          "acoustic_entropy_side": 4.828782081604004,
          "hz": 202.92927478742237
        },
        {
          "acoustic_entropy": 4.673604965209961,
          "acoustic_entropy_side": 4.853088855743408,
          "hz": 282.89161906338205
        },
        {
          "acoustic_entropy": 4.348477840423584,
          "acoustic_entropy_side": 4.517373561859131,
          "hz": 369.9353335868758
        },
        {
          "acoustic_entropy": 4.200087070465088,
          "acoustic_entropy_side": 4.792442798614502,
          "hz": 464.6875360973435
        },
        {
          "acoustic_entropy": 4.523181915283203,
          "acoustic_entropy_side": 4.480663776397705,
          "hz": 567.8308811364784
        },
        {
          "acoustic_entropy": 4.710914611816406,
          "acoustic_entropy_side": 4.773473739624023,
          "hz": 680.1084783214808
        },
        {
          "acoustic_entropy": 4.521493911743164,
          "acoustic_entropy_side": 4.706329345703125,
          "hz": 802.3292461747484
        },
        {
          "acoustic_entropy": 4.585312843322754,
          "acoustic_entropy_side": 4.651092529296875,
          "hz": 935.3737400823702
        },
        {
          "acoustic_entropy": 4.770645618438721,
          "acoustic_entropy_side": 4.700913429260254,
          "hz": 1080.2004963696966
        },
        {
          "acoustic_entropy": 4.499748706817627,
          "acoustic_entropy_side": 4.386682510375977,
          "hz": 1237.8529382007157
        },
        {
          "acoustic_entropy": 4.5131635665893555,
          "acoustic_entropy_side": 4.546022891998291,
          "hz": 1409.4668930556702
        },
        {
          "acoustic_entropy": 4.160311698913574,
          "acoustic_entropy_side": 4.520617961883545,
          "hz": 1596.2787759475705
        },
        {
          "acoustic_entropy": 4.608088970184326,
          "acoustic_entropy_side": 4.691770553588867,
          "hz": 1799.6344973346393
        },
        {
          "acoustic_entropy": 4.730942726135254,
          "acoustic_entropy_side": 4.6115593910217285,
          "hz": 2020.9991599069049
        },
        {
          "acoustic_entropy": 4.632718086242676,
          "acoustic_entropy_side": 4.5863261222839355,
          "hz": 2261.9676141086993
        },
        {
          "acoustic_entropy": 4.57747745513916,
          "acoustic_entropy_side": 4.480091571807861,
          "hz": 2524.2759484456974
        },
        {
          "acoustic_entropy": 4.608314037322998,
          "acoustic_entropy_side": 4.634024620056152,
          "hz": 2809.813997359896
        },
        {
          "acoustic_entropy": 4.622093200683594,
          "acoustic_entropy_side": 4.649147033691406,
          "hz": 3120.6389567871424
        },
        {
          "acoustic_entropy": 4.590011119842529,
          "acoustic_entropy_side": 4.5967912673950195,
          "hz": 3458.990205492291
        },
        {
          "acoustic_entropy": 4.715214252471924,
          "acoustic_entropy_side": 4.669392108917236,
          "hz": 3827.305438964164
        },
        {
          "acoustic_entropy": 4.661732196807861,
          "acoustic_entropy_side": 4.661843776702881,
          "hz": 4228.238232109126
        },
        {
          "acoustic_entropy": 4.629499435424805,
          "acoustic_entropy_side": 4.629518985748291,
          "hz": 4664.6771572759235
        },
        {
          "acoustic_entropy": 4.639301300048828,
          "acoustic_entropy_side": 4.645209312438965,
          "hz": 5139.766595350093
        },
        {
          "acoustic_entropy": 4.661530017852783,
          "acoustic_entropy_side": 4.651967525482178,
          "hz": 5656.929389854203
        },
        {
          "acoustic_entropy": 4.646942138671875,
          "acoustic_entropy_side": 4.64923095703125,
          "hz": 6219.891507268283
        },
        {
          "acoustic_entropy": 4.645702838897705,
          "acoustic_entropy_side": 4.646509170532227,
          "hz": 6832.70888123896
        },
        {
          "acoustic_entropy": 4.655924320220947,
          "acoustic_entropy_side": 4.648282051086426,
          "hz": 7499.796634079867
        },
        {
          "acoustic_entropy": 4.657651424407959,
          "acoustic_entropy_side": 4.647950172424316,
          "hz": 8225.96088609342
        },
        {
          "acoustic_entropy": 4.650791645050049,
          "acoustic_entropy_side": 4.647167682647705,
          "hz": 9016.43338188839
        },
        {
          "acoustic_entropy": 4.649120330810547,
          "acoustic_entropy_side": 4.647984027862549,
          "hz": 9876.909183162974
        },
        {
          "acoustic_entropy": 4.649988651275635,
          "acoustic_entropy_side": 4.647904872894287,
          "hz": 10813.587699516042
        },
        {
          "acoustic_entropy": 4.647542476654053,
          "acoustic_entropy_side": 4.647124767303467,
          "hz": 11833.21735289826
        },
        {
          "acoustic_entropy": 4.643788814544678,
          "acoustic_entropy_side": 4.645421504974365,
          "hz": 12943.144197493959
        },
        {
          "acoustic_entropy": 4.6441144943237305,
          "acoustic_entropy_side": 4.645339012145996,
          "hz": 14151.364845322005
        },
        {
          "acoustic_entropy": 4.64432954788208,
          "acoustic_entropy_side": 4.645161151885986,
          "hz": 15466.58407886509
        },
        {
          "acoustic_entropy": 4.644547939300537,
          "acoustic_entropy_side": 4.645442008972168,
          "hz": 16898.27756580493
        },
        {
          "acoustic_entropy": 4.645739555358887,
          "acoustic_entropy_side": 4.6459832191467285,
          "hz": 18456.760127700032
        },
        {
          "acoustic_entropy": 4.64602518081665,
          "acoustic_entropy_side": 4.645999431610107,
          "hz": 20153.260054456492
        },
        {
          "acoustic_entropy": 4.645999908447266,
          "acoustic_entropy_side": 4.645999908447266,
          "hz": 22000.00000000001
        }
      ],
      "diff_acoustic_entropy": 2.546536922454834,
      "sn": 6
    },
    {
      "acoustic_entropy": 8.120400428771973,
      "acoustic_entropy_mono": 8.320464134216309,
      "band_eliminated_acoustic_entropies": [
        {
          "acoustic_entropy": 7.908802032470703,
          "acoustic_entropy_side": 8.06174087524414,
          "hz": 129.47220167065723
        },
        {
          "acoustic_entropy": 7.802836894989014,
          "acoustic_entropy_side": 7.498513698577881,
          "hz": 202.92927478742237
        },
        {
          "acoustic_entropy": 7.673113822937012,
          "acoustic_entropy_side": 7.795177459716797,
          "hz": 282.89161906338205
        },
        {
          "acoustic_entropy": 8.481802940368652,
          "acoustic_entropy_side": 8.143805503845215,
          "hz": 369.9353335868758
        },
        {
          "acoustic_entropy": 8.44357681274414,
          "acoustic_entropy_side": 8.777698516845703,
          "hz": 464.6875360973435
        },
        {
          "acoustic_entropy": 8.50629997253418,
          "acoustic_entropy_side": 8.335206985473633,
          "hz": 567.8308811364784
        },
        {
          "acoustic_entropy": 8.46129322052002,
          "acoustic_entropy_side": 8.706421852111816,
          "hz": 680.1084783214808
        },
        {
          "acoustic_entropy": 8.660575866699219,
          "acoustic_entropy_side": 8.47741413116455,
          "hz": 802.3292461747484
        },
        {
          "acoustic_entropy": 8.628827095031738,
          "acoustic_entropy_side": 8.645040512084961,
          "hz": 935.3737400823702
        },
        {
          "acoustic_entropy": 8.388707160949707,
          "acoustic_entropy_side": 8.301386833190918,
          "hz": 1080.2004963696966
        },
        {
          "acoustic_entropy": 7.8637871742248535,
          "acoustic_entropy_side": 7.933742523193359,
          "hz": 1237.8529382007157
        },
        {
          "acoustic_entropy": 8.258822441101074,
          "acoustic_entropy_side": 8.534830093383789,
          "hz": 1409.4668930556702
        },
        {
          "acoustic_entropy": 7.428943157196045,
          "acoustic_entropy_side": 8.434473991394043,
          "hz": 1596.2787759475705
        },
        {
          "acoustic_entropy": 7.918983459472656,
          "acoustic_entropy_side": 8.312254905700684,
          "hz": 1799.6344973346393
        },
        {
          "acoustic_entropy": 8.3912353515625,
          "acoustic_entropy_side": 8.135064125061035,
          "hz": 2020.9991599069049
        },
        {
          "acoustic_entropy": 7.9908857345581055,
          "acoustic_entropy_side": 8.123367309570312,
          "hz": 2261.9676141086993
        },
        {
          "acoustic_entropy": 8.334330558776855,
          "acoustic_entropy_side": 8.353874206542969,
          "hz": 2524.2759484456974
        },
        {
          "acoustic_entropy": 8.068593978881836,
          "acoustic_entropy_side": 8.036038398742676,
          "hz": 2809.813997359896
        },
        {
          "acoustic_entropy": 8.247864723205566,
          "acoustic_entropy_side": 8.179983139038086,
          "hz": 3120.6389567871424
        },
        {
          "acoustic_entropy": 8.005407333374023,
          "acoustic_entropy_side": 8.092789649963379,
          "hz": 3458.990205492291
        },
        {
          "acoustic_entropy": 8.082481384277344,
          "acoustic_entropy_side": 8.097380638122559,
          "hz": 3827.305438964164
        },
        {
          "acoustic_entropy": 8.06863784790039,
          "acoustic_entropy_side": 8.109990119934082,
          "hz": 4228.238232109126
        },
        {
          "acoustic_entropy": 8.070089340209961,
          "acoustic_entropy_side": 8.100175857543945,
          "hz": 4664.6771572759235
        },
        {
          "acoustic_entropy": 8.099879264831543,
          "acoustic_entropy_side": 8.108577728271484,
          "hz": 5139.766595350093
        },
        {
          "acoustic_entropy": 8.135141372680664,
          "acoustic_entropy_side": 8.128966331481934,
          "hz": 5656.929389854203
        },
        {
          "acoustic_entropy": 8.160816192626953,
          "acoustic_entropy_side": 8.132278442382812,
          "hz": 6219.891507268283
        },
        {
          "acoustic_entropy": 8.163094520568848,
          "acoustic_entropy_side": 8.130427360534668,
          "hz": 6832.70888123896
        },
        {
          "acoustic_entropy": 8.162233352661133,
          "acoustic_entropy_side": 8.132096290588379,
          "hz": 7499.796634079867
        },
        {
          "acoustic_entropy": 8.169539451599121,
          "acoustic_entropy_side": 8.134628295898438,
          "hz": 8225.96088609342
        },
        {
          "acoustic_entropy": 8.149962425231934,
          "acoustic_entropy_side": 8.129734992980957,
          "hz": 9016.43338188839
        },
        {
          "acoustic_entropy": 8.116212844848633,
          "acoustic_entropy_side": 8.12154769897461,
          "hz": 9876.909183162974
        },
        {
          "acoustic_entropy": 8.076197624206543,
          "acoustic_entropy_side": 8.108748435974121,
          "hz": 10813.587699516042
        },
        {
          "acoustic_entropy": 8.063115119934082,
          "acoustic_entropy_side": 8.103174209594727,
          "hz": 11833.21735289826
        },
        {
          "acoustic_entropy": 8.049530029296875,
          "acoustic_entropy_side": 8.09365177154541,
          "hz": 12943.144197493959
        },
        {
          "acoustic_entropy": 8.081949234008789,
          "acoustic_entropy_side": 8.088835716247559,
          "hz": 14151.364845322005
        },
        {
          "acoustic_entropy": 8.173279762268066,
          "acoustic_entropy_side": 8.073053359985352,
          "hz": 15466.58407886509
        },
        {
          "acoustic_entropy": 8.174765586853027,
          "acoustic_entropy_side": 8.06596565246582,
          "hz": 16898.27756580493
        },
        {
          "acoustic_entropy": 8.071724891662598,
          "acoustic_entropy_side": 8.09973430633545,
          "hz": 18456.760127700032
        },
        {
          "acoustic_entropy": 8.110004425048828,
          "acoustic_entropy_side": 8.115832328796387,
          "hz": 20153.260054456492
        },
        {
          "acoustic_entropy": 8.120379447937012,
          "acoustic_entropy_side": 8.120392799377441,
          "hz": 22000.00000000001
        }
      ],
      "diff_acoustic_entropy": 5.512706279754639,
      "sn": 12
    },
    {
      "acoustic_entropy": 13.387353897094727,
      "acoustic_entropy_mono": 12.7461576461792,
      "band_eliminated_acoustic_entropies": [
        {
          "acoustic_entropy": 13.32082462310791,
          "acoustic_entropy_side": 13.550711631774902,
          "hz": 129.47220167065723
        },
        {
          "acoustic_entropy": 12.479066848754883,
          "acoustic_entropy_side": 13.615412712097168,
          "hz": 202.92927478742237
        },
        {
          "acoustic_entropy": 13.173935890197754,
          "acoustic_entropy_side": 12.975197792053223,
          "hz": 282.89161906338205
        },
        {
          "acoustic_entropy": 13.36842155456543,
          "acoustic_entropy_side": 12.870050430297852,
          "hz": 369.9353335868758
        },
        {
          "acoustic_entropy": 14.188401222229004,
          "acoustic_entropy_side": 14.344605445861816,
          "hz": 464.6875360973435
        },
        {
          "acoustic_entropy": 12.732779502868652,
          "acoustic_entropy_side": 13.041759490966797,
          "hz": 567.8308811364784
        },
        {
          "acoustic_entropy": 13.986709594726562,
          "acoustic_entropy_side": 14.009105682373047,
          "hz": 680.1084783214808
        },
        {
          "acoustic_entropy": 12.856675148010254,
          "acoustic_entropy_side": 13.033058166503906,
          "hz": 802.3292461747484
        },
        {
          "acoustic_entropy": 14.370489120483398,
          "acoustic_entropy_side": 13.634800910949707,
          "hz": 935.3737400823702
        },
        {
          "acoustic_entropy": 13.818696975708008,
          "acoustic_entropy_side": 13.573089599609375,
          "hz": 1080.2004963696966
        },
        {
          "acoustic_entropy": 13.361302375793457,
          "acoustic_entropy_side": 13.190567970275879,
          "hz": 1237.8529382007157
        },
        {
          "acoustic_entropy": 13.911776542663574,
          "acoustic_entropy_side": 13.946634292602539,
          "hz": 1409.4668930556702
        },
        {
          "acoustic_entropy": 12.411036491394043,
          "acoustic_entropy_side": 13.726259231567383,
          "hz": 1596.2787759475705
        },
        {
          "acoustic_entropy": 13.971803665161133,
          "acoustic_entropy_side": 13.686427116394043,
          "hz": 1799.6344973346393
        },
        {
          "acoustic_entropy": 13.56247615814209,
          "acoustic_entropy_side": 13.113929748535156,
          "hz": 2020.9991599069049
        },
        {
          "acoustic_entropy": 13.508066177368164,
          "acoustic_entropy_side": 13.71624755859375,
          "hz": 2261.9676141086993
        },
        {
          "acoustic_entropy": 13.119529724121094,
          "acoustic_entropy_side": 13.081148147583008,
          "hz": 2524.2759484456974
        },
        {
          "acoustic_entropy": 13.1207275390625,
          "acoustic_entropy_side": 13.104616165161133,
          "hz": 2809.813997359896
        },
        {
          "acoustic_entropy": 13.09064769744873,
          "acoustic_entropy_side": 13.044057846069336,
          "hz": 3120.6389567871424
        },
        {
          "acoustic_entropy": 12.99683666229248,
