{
  "acoustic_entropy": 223.0495147705078,
  "bands": [
    {
      "high_freq": 148.1999969482422,
      "loudness": -31.910511016845703,
      "loudness_range": 15.841608047485352,
      "mid_mean": -29.675182342529297,
      "mid_to_side_loudness": -4.476344585418701,
      "mid_to_side_loudness_range": 7.477519512176514,
      "side_mean": -34.319313049316406
    },
    {
      "high_freq": 392.3793640136719,
      "loudness": -28.275232315063477,
      "loudness_range": 10.216259002685547,
      "low_freq": 148.1999969482422,
      "mid_mean": -27.01716423034668,
      "mid_to_side_loudness": -1.4376767873764038,
      "mid_to_side_loudness_range": 5.17025089263916,
      "side_mean": -28.454492568969727
    },
    {
      "high_freq": 794.6976318359375,
      "loudness": -28.2490291595459,
      "loudness_range": 8.387397766113281,
      "low_freq": 392.3793640136719,
      "mid_mean": -27.17351531982422,
      "mid_to_side_loudness": -1.0306439399719238,
      "mid_to_side_loudness_range": 4.5280303955078125,
      "side_mean": -28.183748245239258
    },
    {
      "high_freq": 1457.5709228515625,
      "loudness": -28.516496658325195,
      "loudness_range": 11.00149154663086,
      "low_freq": 794.6976318359375,
      "mid_mean": -27.467390060424805,
      "mid_to_side_loudness": -0.9582822322845459,
      "mid_to_side_loudness_range": 5.313636302947998,
      "side_mean": -28.450828552246094
    },
    {
      "high_freq": 2549.74365234375,
      "loudness": -29.70336151123047,
      "loudness_range": 12.069875717163086,
      "low_freq": 1457.5709228515625,
      "mid_mean": -28.044614791870117,
      "mid_to_side_loudness": -2.365673303604126,
      "mid_to_side_loudness_range": 4.428839683532715,
      "side_mean": -30.43990135192871
    },
    {
      "high_freq": 4349.24462890625,
      "loudness": -33.835391998291016,
      "loudness_range": 17.081045150756836,
      "low_freq": 2549.74365234375,
      "mid_mean": -32.08635330200195,
      "mid_to_side_loudness": -2.656744956970215,
      "mid_to_side_loudness_range": 4.366743087768555,
      "side_mean": -34.77853012084961
    },
    {
      "high_freq": 7314.1640625,
      "loudness": -37.90501022338867,
      "loudness_range": 17.718294143676758,
      "low_freq": 4349.24462890625,
      "mid_mean": -36.11733627319336,
      "mid_to_side_loudness": -2.7362308502197266,
      "mid_to_side_loudness_range": 4.085595607757568,
      "side_mean": -38.844661712646484
    },
    {
      "high_freq": 12199.2666015625,
      "loudness": -40.7633171081543,
      "loudness_range": 17.459552764892578,
      "low_freq": 7314.1640625,
      "mid_mean": -38.65509796142578,
      "mid_to_side_loudness": -3.6905229091644287,
      "mid_to_side_loudness_range": 4.230401515960693,
      "side_mean": -42.41573715209961
    },
    {
      "loudness": -47.182952880859375,
      "loudness_range": 23.33907699584961,
      "low_freq": 12199.2666015625,
      "mid_mean": -44.69443893432617,
      "mid_to_side_loudness": -5.106762886047363,
      "mid_to_side_loudness_range": 4.880579948425293,
      "side_mean": -50.1187629699707
    }
  ],
  "bands_short": [
    {
      "high_freq": 148.1999969482422,
      "loudness": -35.17357635498047,
      "loudness_range": 22.525819778442383,
      "mid_mean": -32.99488830566406,
      "mid_to_side_loudness": -4.742158889770508,
      "mid_to_side_loudness_range": 11.598132133483887,
      "side_mean": -37.96704864501953
    },
    {
      "high_freq": 392.3793640136719,
      "loudness": -28.993919372558594,
      "loudness_range": 13.704740524291992,
      "low_freq": 148.1999969482422,
      "mid_mean": -27.87812042236328,
      "mid_to_side_loudness": -1.4806581735610962,
      "mid_to_side_loudness_range": 9.479715347290039,
      "side_mean": -29.376840591430664
    },
    {
      "high_freq": 794.6976318359375,
      "loudness": -28.921829223632812,
      "loudness_range": 10.734392166137695,
      "low_freq": 392.3793640136719,
      "mid_mean": -28.043127059936523,
      "mid_to_side_loudness": -0.917665421962738,
      "mid_to_side_loudness_range": 8.369495391845703,
      "side_mean": -28.920717239379883
    },
    {
      "high_freq": 1457.5709228515625,
      "loudness": -28.633956909179688,
      "loudness_range": 12.242021560668945,
      "low_freq": 794.6976318359375,
      "mid_mean": -27.77276039123535,
      "mid_to_side_loudness": -0.9045857191085815,
      "mid_to_side_loudness_range": 8.808759689331055,
      "side_mean": -28.680984497070312
    },
    {
      "high_freq": 2549.74365234375,
      "loudness": -30.41680908203125,
      "loudness_range": 13.984424591064453,
      "low_freq": 1457.5709228515625,
      "mid_mean": -28.964324951171875,
      "mid_to_side_loudness": -2.082594871520996,
      "mid_to_side_loudness_range": 7.5324387550354,
      "side_mean": -31.107316970825195
    },
    {
      "high_freq": 4349.24462890625,
      "loudness": -34.43722915649414,
      "loudness_range": 18.715213775634766,
      "low_freq": 2549.74365234375,
      "mid_mean": -32.81393814086914,
      "mid_to_side_loudness": -2.4358980655670166,
      "mid_to_side_loudness_range": 5.784843444824219,
      "side_mean": -35.3088493347168
    },
    {
      "high_freq": 7314.1640625,
      "loudness": -38.75096130371094,
      "loudness_range": 20.017274856567383,
      "low_freq": 4349.24462890625,
      "mid_mean": -37.04990768432617,
      "mid_to_side_loudness": -2.5701088905334473,
      "mid_to_side_loudness_range": 4.870015621185303,
      "side_mean": -39.690040588378906
    },
    {
      "high_freq": 12199.2666015625,
      "loudness": -42.112098693847656,
      "loudness_range": 21.408985137939453,
      "low_freq": 7314.1640625,
      "mid_mean": -40.13707733154297,
      "mid_to_side_loudness": -3.475630044937134,
      "mid_to_side_loudness_range": 4.928110122680664,
      "side_mean": -43.803810119628906
    },
    {
      "loudness": -50.0828971862793,
      "loudness_range": 28.876739501953125,
      "low_freq": 12199.2666015625,
      "mid_mean": -47.712162017822266,
      "mid_to_side_loudness": -4.406819820404053,
      "mid_to_side_loudness_range": 5.491269111633301,
      "side_mean": -52.25430679321289
    }
  ],
  "bandwidth": 691.524169921875,
  "channels": 2,
  "covariance": [
    [
      36.85394287109375,
      30.113468170166016,
      13.22537899017334,
      11.751936912536621,
      6.9633893966674805,
      7.011343002319336,
      7.826157569885254,
      6.050874710083008,
      10.531970024108887,
      10.44791316986084,
      17.42587661743164,
      17.134572982788086,
      18.47176170349121,
      19.129106521606445,
      18.76031494140625,
      19.645910263061523,
      28.590469360351562,
      26.549911499023438
    ],
    [
      30.113468170166016,
      32.74425506591797,
      13.29021167755127,
      12.62081527709961,
      7.966538429260254,
      8.290867805480957,
      8.793699264526367,
      7.279018878936768,
      11.585055351257324,
      11.162960052490234,
      17.817981719970703,
      17.385343551635742,
      18.659282684326172,
      19.015016555786133,
      17.037391662597656,
      18.67438507080078,
      24.837268829345703,
      23.53107261657715
    ],
    [
      13.22537899017334,
      13.29021167755127,
      15.334717750549316,
      13.248695373535156,
      8.829181671142578,
      9.143353462219238,
      8.29330825805664,
      7.4600510597229,
      10.9149808883667,
      10.80119800567627,
      16.70127296447754,
      16.40749740600586,
      16.35727882385254,
      16.75508689880371,
      13.359752655029297,
      14.271239280700684,
      19.42970848083496,
      18.599824905395508
    ],
    [
      11.751936912536621,
      12.62081527709961,
      13.248695373535156,
      14.543625831604004,
      9.047430038452148,
      9.5764799118042,
      8.320596694946289,
      7.92758321762085,
      10.640326499938965,
      10.728811264038086,
      14.799337387084961,
      14.956172943115234,
      14.134454727172852,
      14.840757369995117,
      11.285859107971191,
      12.66575813293457,
      16.041677474975586,
      15.820727348327637
    ],
    [
      6.9633893966674805,
      7.966538429260254,
      8.829181671142578,
      9.047430038452148,
      13.435937881469727,
      12.709602355957031,
      11.987945556640625,
      11.624245643615723,
      13.741219520568848,
      13.235017776489258,
      15.66065502166748,
      15.457862854003906,
      13.106916427612305,
      13.530904769897461,
      9.722512245178223,
      10.763906478881836,
      12.338465690612793,
      12.61834716796875
    ],
    [
      7.011343002319336,
      8.290867805480957,
      9.143353462219238,
      9.5764799118042,
      12.709602355957031,
      14.415204048156738,
      11.898995399475098,
      11.863728523254395,
      13.473217010498047,
      13.27856159210205,
      15.3311185836792,
      15.445791244506836,
      12.936309814453125,
      13.586631774902344,
      9.573396682739258,
      10.700620651245117,
      12.448854446411133,
      12.888773918151855
    ],
    [
      7.826157569885254,
      8.793699264526367,
      8.29330825805664,
      8.320596694946289,
      11.987945556640625,
      11.898995399475098,
      18.86489486694336,
      16.744009017944336,
      17.996505737304688,
      16.647859573364258,
      20.87650489807129,
      19.461023330688477,
      17.930509567260742,
      17.021739959716797,
      13.606108665466309,
      14.099845886230469,
      15.596882820129395,
      15.696738243103027
    ],
    [
      6.050874710083008,
      7.279018878936768,
      7.4600510597229,
      7.92758321762085,
      11.624245643615723,
      11.863728523254395,
      16.744009017944336,
      18.474964141845703,
      16.102209091186523,
      15.568038940429688,
      17.75911521911621,
      17.16640853881836,
      15.377630233764648,
      14.910675048828125,
      11.341399192810059,
      12.069433212280273,
      12.213911056518555,
      12.737939834594727
    ],
    [
      10.531970024108887,
      11.585055351257324,
      10.9149808883667,
      10.640326499938965,
      13.741219520568848,
      13.473217010498047,
      17.996505737304688,
      16.102209091186523,
      22.75236701965332,
      19.856969833374023,
      25.554546356201172,
      23.87169647216797,
      22.494722366333008,
      21.509624481201172,
      17.57335090637207,
      18.35480308532715,
      20.234142303466797,
      19.86294174194336
    ],
    [
      10.44791316986084,
      11.162960052490234,
      10.80119800567627,
      10.728811264038086,
      13.235017776489258,
      13.27856159210205,
      16.647859573364258,
      15.568038940429688,
      19.856969833374023,
      19.57157325744629,
      23.67538833618164,
      23.205066680908203,
      20.688106536865234,
      20.887544631958008,
      15.854287147521973,
      17.16971778869629,
      18.389278411865234,
      18.606401443481445
    ],
    [
      17.42587661743164,
      17.817981719970703,
      16.70127296447754,
      14.799337387084961,
      15.66065502166748,
      15.3311185836792,
      20.87650489807129,
      17.75911521911621,
      25.554546356201172,
      23.67538833618164,
      39.43160629272461,
      35.87503433227539,
      36.40604782104492,
      35.585731506347656,
      29.262094497680664,
      30.34499168395996,
      33.914127349853516,
      33.314945220947266
    ],
    [
      17.134572982788086,
      17.385343551635742,
      16.40749740600586,
      14.956172943115234,
      15.457862854003906,
      15.445791244506836,
      19.461023330688477,
      17.16640853881836,
      23.87169647216797,
      23.205066680908203,
      35.87503433227539,
      35.36406707763672,
      33.802371978759766,
      34.445831298828125,
      26.441911697387695,
      28.501020431518555,
      31.760704040527344,
      31.749038696289062
    ],
    [
      18.47176170349121,
      18.659282684326172,
      16.35727882385254,
      14.134454727172852,
      13.106916427612305,
      12.936309814453125,
      17.930509567260742,
      15.377630233764648,
      22.494722366333008,
      20.688106536865234,
      36.40604782104492,
      33.802371978759766,
      39.391090393066406,
      37.44782638549805,
      33.40303421020508,
      34.54023742675781,
      38.81340789794922,
      37.497314453125
    ],
    [
      19.129106521606445,
      19.015016555786133,
      16.75508689880371,
      14.840757369995117,
      13.530904769897461,
      13.586631774902344,
      17.021739959716797,
      14.910675048828125,
      21.509624481201172,
      20.887544631958008,
      35.585731506347656,
      34.445831298828125,
      37.44782638549805,
      38.306644439697266,
      31.329788208007812,
      33.609554290771484,
      37.34275436401367,
      36.81211853027344
    ],
    [
      18.76031494140625,
      17.037391662597656,
      13.359752655029297,
      11.285859107971191,
      9.722512245178223,
      9.573396682739258,
      13.606108665466309,
      11.341399192810059,
      17.57335090637207,
      15.854287147521973,
      29.262094497680664,
      26.441911697387695,
      33.40303421020508,
      31.329788208007812,
      39.33527374267578,
      37.18574523925781,
      42.235511779785156,
      39.18472671508789
    ],
    [
      19.645910263061523,
      18.67438507080078,
      14.271239280700684,
      12.66575813293457,
      10.763906478881836,
      10.700620651245117,
      14.099845886230469,
      12.069433212280273,
      18.35480308532715,
      17.16971778869629,
      30.34499168395996,
      28.501020431518555,
      34.54023742675781,
      33.609554290771484,
      37.18574523925781,
      38.39334487915039,
      41.99979782104492,
      39.94499588012695
    ],
    [
      28.590469360351562,
      24.837268829345703,
      19.42970848083496,
      16.041677474975586,
      12.338465690612793,
      12.448854446411133,
      15.596882820129395,
      12.213911056518555,
      20.234142303466797,
      18.389278411865234,
      33.914127349853516,
      31.760704040527344,
      38.81340789794922,
      37.34275436401367,
      42.235511779785156,
      41.99979782104492,
      64.98326873779297,
      58.530548095703125
    ],
    [
      26.549911499023438,
      23.53107261657715,
      18.599824905395508,
      15.820727348327637,
      12.61834716796875,
      12.888773918151855,
      15.696738243103027,
      12.737939834594727,
      19.86294174194336,
      18.606401443481445,
      33.314945220947266,
      31.749038696289062,
      37.497314453125,
      36.81211853027344,
      39.18472671508789,
      39.94499588012695,
      58.530548095703125,
      61.36692428588867
    ]
  ],
  "covariance_short": [
    [
      64.79147338867188,
      50.624874114990234,
      20.811296463012695,
      18.04353904724121,
      8.688716888427734,
      8.843217849731445,
      8.838397026062012,
      7.145420074462891,
      12.029058456420898,
      12.141149520874023,
      17.89751434326172,
      17.419343948364258,
      21.403564453125,
      22.065471649169922,
      26.95336151123047,
      27.28841781616211,
      37.305694580078125,
      33.874122619628906
    ],
    [
      50.624874114990234,
      55.46632766723633,
      20.585311889648438,
      19.059579849243164,
      9.503483772277832,
      9.771951675415039,
      9.428473472595215,
      7.673482418060303,
      12.446063041687012,
      12.344286918640137,
      19.162761688232422,
      18.15294075012207,
      22.069379806518555,
      22.412860870361328,
      26.41053581237793,
      26.492969512939453,
      34.72408676147461,
      31.57900619506836
    ],
    [
      20.811296463012695,
      20.585311889648438,
      26.59266471862793,
      20.917043685913086,
      12.54550838470459,
      12.664916038513184,
      11.693187713623047,
      10.1815824508667,
      15.148846626281738,
      14.368576049804688,
      20.68752670288086,
      19.677349090576172,
      20.783649444580078,
      21.231243133544922,
      19.899873733520508,
      21.031810760498047,
      27.79948616027832,
      25.80996322631836
    ],
    [
      18.04353904724121,
      19.059579849243164,
      20.917043685913086,
      26.06777000427246,
      13.351825714111328,
      13.854846954345703,
      12.373526573181152,
      11.161312103271484,
      15.561100006103516,
      14.903543472290039,
      19.50933265686035,
      18.942014694213867,
      18.71520233154297,
      19.4453182220459,
      17.192705154418945,
      18.96354103088379,
      22.97129249572754,
      22.00172996520996
    ],
    [
      8.688716888427734,
      9.503483772277832,
      12.54550838470459,
      13.351825714111328,
      20.097795486450195,
      15.967591285705566,
      15.341848373413086,
      13.846588134765625,
      17.641616821289062,
      16.215166091918945,
      19.408493041992188,
      18.267549514770508,
      16.312585830688477,
      16.33788299560547,
      13.680005073547363,
      14.98530101776123,
      16.333589553833008,
      16.070695877075195
    ],
    [
      8.843217849731445,
      9.771951675415039,
      12.664916038513184,
      13.854846954345703,
      15.967591285705566,
      20.587053298950195,
      15.042346954345703,
      13.925683975219727,
      17.13328742980957,
      16.075246810913086,
      18.821767807006836,
      18.171873092651367,
      15.974799156188965,
      16.415557861328125,
      13.711688995361328,
      15.08329963684082,
      16.067455291748047,
      15.984843254089355
    ],
    [
      8.838397026062012,
      9.428473472595215,
      11.693187713623047,
      12.373526573181152,
      15.341848373413086,
      15.042346954345703,
      25.20741081237793,
      19.1224308013916,
      22.283903121948242,
      20.479629516601562,
      25.513580322265625,
      23.617149353027344,
      21.358854293823242,
      20.75408172607422,
      17.492734909057617,
      18.390047073364258,
      19.400419235229492,
      18.801959991455078
    ],
    [
      7.145420074462891,
      7.673482418060303,
      10.1815824508667,
      11.161312103271484,
      13.846588134765625,
      13.925683975219727,
      19.1224308013916,
      23.123897552490234,
      19.134658813476562,
      18.404123306274414,
      21.25119972229004,
      20.316497802734375,
      17.770366668701172,
      17.680782318115234,
      14.396742820739746,
      15.603777885437012,
      15.439353942871094,
      15.16220474243164
    ],
    [
      12.029058456420898,
      12.446063041687012,
      15.148846626281738,
      15.561100006103516,
      17.641616821289062,
      17.13328742980957,
      22.283903121948242,
      19.134658813476562,
      31.48103904724121,
      24.986547470092773,
      31.596540451049805,
      29.234683990478516,
      27.805078506469727,
      26.779497146606445,
      23.53008270263672,
      25.080272674560547,
      26.54454231262207,
      25.299386978149414
    ],
    [
      12.141149520874023,
      12.344286918640137,
      14.368576049804688,
      14.903543472290039,
      16.215166091918945,
      16.075246810913086,
      20.479629516601562,
      18.404123306274414,
      24.986547470092773,
      25.989748001098633,
      28.48890495300293,
      27.688552856445312,
      24.885705947875977,
      25.158653259277344,
      20.863178253173828,
      22.722558975219727,
      23.415922164916992,
      22.828857421875
    ],
    [
      17.89751434326172,
      19.162761688232422,
      20.68752670288086,
      19.50933265686035,
      19.408493041992188,
      18.821767807006836,
      25.513580322265625,
      21.25119972229004,
      31.596540451049805,
      28.48890495300293,
      48.59654998779297,
      42.60847473144531,
      43.59608840942383,
      42.34168243408203,
      38.15542984008789,
      39.102439880371094,
      41.519798278808594,
      39.36000442504883
    ],
    [
      17.419343948364258,
      18.15294075012207,
      19.677349090576172,
      18.942014694213867,
      18.267549514770508,
      18.171873092651367,
      23.617149353027344,
      20.316497802734375,
      29.234683990478516,
      27.688552856445312,
      42.60847473144531,
      42.31829833984375,
      40.101341247558594,
      40.58073806762695,
      34.5234489440918,
      36.703983306884766,
      37.92082595825195,
      36.65585708618164
    ],
    [
      21.403564453125,
      22.069379806518555,
      20.783649444580078,
      18.71520233154297,
      16.312585830688477,
      15.974799156188965,
      21.358854293823242,
      17.770366668701172,
      27.805078506469727,
      24.885705947875977,
      43.59608840942383,
      40.101341247558594,
      50.48779296875,
      46.82358932495117,
      46.5892448425293,
      47.07671356201172,
      49.556514739990234,
      46.0279426574707
    ],
    [
      22.065471649169922,
      22.412860870361328,
      21.231243133544922,
      19.4453182220459,
      16.33788299560547,
      16.415557861328125,
      20.75408172607422,
      17.680782318115234,
      26.779497146606445,
      25.158653259277344,
      42.34168243408203,
      40.58073806762695,
      46.82358932495117,
      47.79606246948242,
      43.23383712768555,
      45.44365310668945,
      46.962677001953125,
      44.55601119995117
    ],
    [
      26.95336151123047,
      26.41053581237793,
      19.899873733520508,
      17.192705154418945,
      13.680005073547363,
      13.711688995361328,
      17.492734909057617,
      14.396742820739746,
      23.53008270263672,
      20.863178253173828,
      38.15542984008789,
      34.5234489440918,
      46.5892448425293,
      43.23383712768555,
      58.456443786621094,
      53.68416213989258,
      58.72309112548828,
      52.57014846801758
    ],
    [
      27.28841781616211,
      26.492969512939453,
      21.031810760498047,
      18.96354103088379,
      14.98530101776123,
      15.08329963684082,
      18.390047073364258,
      15.603777885437012,
      25.080272674560547,
      22.722558975219727,
      39.102439880371094,
      36.703983306884766,
      47.07671356201172,
      45.44365310668945,
      53.68416213989258,
      55.297996520996094,
      56.79041290283203,
      52.11521911621094
    ],
    [
      37.305694580078125,
      34.72408676147461,
      27.79948616027832,
      22.97129249572754,
      16.333589553833008,
      16.067455291748047,
      19.400419235229492,
      15.439353942871094,
      26.54454231262207,
      23.415922164916992,
      41.519798278808594,
      37.92082595825195,
      49.556514739990234,
      46.962677001953125,
      58.72309112548828,
      56.79041290283203,
      81.07990264892578,
      71.33024597167969
    ],
    [
      33.874122619628906,
      31.57900619506836,
      25.80996322631836,
      22.00172996520996,
      16.070695877075195,
      15.984843254089355,
      18.801959991455078,
      15.16220474243164,
      25.299386978149414,
      22.828857421875,
      39.36000442504883,
      36.65585708618164,
      46.0279426574707,
      44.55601119995117,
      52.57014846801758,
      52.11521911621094,
      71.33024597167969,
      69.31171417236328
    ]
  ],
  "damage": -14.013040542602539,
  "diff_bandwidth": 645.23974609375,
  "dissonance": 8.780086456810404,
  "drr": -1.1519455909729004,
  "dynamics": 3.3632616996765137,
  "format": 1245190,
  "frames": 7589888,
  "loudness": -17.74982452392578,
  "loudness_range": 8.604153633117676,
  "loudness_range_short": 10.774084091186523,
  "lowpass_true_peak_15khz": -0.8669886589050293,
  "mastering3_acoustic_entropies": [
    {
      "acoustic_entropy": 3.9324817657470703,
      "acoustic_entropy_mono": 4.139829635620117,
      "band_eliminated_acoustic_entropies": [
        {
          "acoustic_entropy": 3.8986079692840576,
          "acoustic_entropy_side": 3.9293301105499268,
          "hz": 129.47220167065723
        },
        {
          "acoustic_entropy": 3.894519567489624,
          "acoustic_entropy_side": 3.908219575881958,
          "hz": 202.92927478742237
        },
        {
          "acoustic_entropy": 3.874563694000244,
          "acoustic_entropy_side": 3.888237476348877,
          "hz": 282.89161906338205
        },
        {
          "acoustic_entropy": 4.021024227142334,
          "acoustic_entropy_side": 4.03076171875,
          "hz": 369.9353335868758
        },
        {
          "acoustic_entropy": 3.8496131896972656,
          "acoustic_entropy_side": 3.923975706100464,
          "hz": 464.6875360973435
        },
        {
          "acoustic_entropy": 3.9315783977508545,
          "acoustic_entropy_side": 3.963404417037964,
          "hz": 567.8308811364784
        },
        {
          "acoustic_entropy": 4.12042760848999,
          "acoustic_entropy_side": 3.9204976558685303,
          "hz": 680.1084783214808
        },
        {
          "acoustic_entropy": 3.8948192596435547,
          "acoustic_entropy_side": 3.9254403114318848,
          "hz": 802.3292461747484
        },
        {
          "acoustic_entropy": 4.006749629974365,
          "acoustic_entropy_side": 4.035446643829346,
          "hz": 935.3737400823702
        },
        {
          "acoustic_entropy": 4.198256492614746,
          "acoustic_entropy_side": 4.131672382354736,
          "hz": 1080.2004963696966
        },
        {
          "acoustic_entropy": 3.800471305847168,
          "acoustic_entropy_side": 4.013283729553223,
          "hz": 1237.8529382007157
        },
        {
          "acoustic_entropy": 3.98447585105896,
          "acoustic_entropy_side": 4.231857776641846,
          "hz": 1409.4668930556702
        },
        {
          "acoustic_entropy": 3.904031753540039,
          "acoustic_entropy_side": 3.987881898880005,
          "hz": 1596.2787759475705
        },
        {
          "acoustic_entropy": 4.043302536010742,
          "acoustic_entropy_side": 3.9172306060791016,
          "hz": 1799.6344973346393
        },
        {
          "acoustic_entropy": 3.9292845726013184,
          "acoustic_entropy_side": 3.9036009311676025,
          "hz": 2020.9991599069049
        },
        {
          "acoustic_entropy": 4.017833232879639,
          "acoustic_entropy_side": 3.9024136066436768,
          "hz": 2261.9676141086993
        },
        {
          "acoustic_entropy": 3.9761157035827637,
          "acoustic_entropy_side": 3.9315898418426514,
          "hz": 2524.2759484456974
        },
        {
          "acoustic_entropy": 3.849634885787964,
          "acoustic_entropy_side": 3.8437349796295166,
          "hz": 2809.813997359896
        },
        {
          "acoustic_entropy": 3.678201913833618,
          "acoustic_entropy_side": 3.8989391326904297,
          "hz": 3120.6389567871424
        },
        {
          "acoustic_entropy": 3.883814811706543,
          "acoustic_entropy_side": 3.8350164890289307,
          "hz": 3458.990205492291
        },
        {
          "acoustic_entropy": 3.9134440422058105,
          "acoustic_entropy_side": 3.917112112045288,
          "hz": 3827.305438964164
        },
        {
          "acoustic_entropy": 3.928950548171997,
          "acoustic_entropy_side": 3.928032636642456,
          "hz": 4228.238232109126
        },
        {
          "acoustic_entropy": 3.902324914932251,
          "acoustic_entropy_side": 3.900315999984741,
          "hz": 4664.6771572759235
        },
        {
          "acoustic_entropy": 3.9477434158325195,
          "acoustic_entropy_side": 3.915386438369751,
          "hz": 5139.766595350093
        },
        {
          "acoustic_entropy": 3.9492955207824707,
          "acoustic_entropy_side": 3.9285390377044678,
          "hz": 5656.929389854203
        },
        {
          "acoustic_entropy": 3.9586431980133057,
          "acoustic_entropy_side": 3.944267988204956,
          "hz": 6219.891507268283
        },
        {
          "acoustic_entropy": 3.965824604034424,
          "acoustic_entropy_side": 3.94173002243042,
          "hz": 6832.70888123896
        },
        {
          "acoustic_entropy": 3.9640932083129883,
          "acoustic_entropy_side": 3.9372332096099854,
          "hz": 7499.796634079867
        },
        {
          "acoustic_entropy": 3.948042154312134,
          "acoustic_entropy_side": 3.93830943107605,
          "hz": 8225.96088609342
        },
        {
          "acoustic_entropy": 3.9430179595947266,
          "acoustic_entropy_side": 3.927865505218506,
          "hz": 9016.43338188839
        },
        {
          "acoustic_entropy": 3.91378116607666,
          "acoustic_entropy_side": 3.9444165229797363,
          "hz": 9876.909183162974
        },
        {
          "acoustic_entropy": 4.002067565917969,
          "acoustic_entropy_side": 3.94915771484375,
          "hz": 10813.587699516042
        },
        {
          "acoustic_entropy": 3.91334867477417,
          "acoustic_entropy_side": 3.9327392578125,
          "hz": 11833.21735289826
        },
        {
          "acoustic_entropy": 3.8906381130218506,
          "acoustic_entropy_side": 3.925279140472412,
          "hz": 12943.144197493959
        },
        {
          "acoustic_entropy": 3.8570895195007324,
          "acoustic_entropy_side": 3.927368640899658,
          "hz": 14151.364845322005
        },
        {
          "acoustic_entropy": 3.557788133621216,
          "acoustic_entropy_side": 3.9201478958129883,
          "hz": 15466.58407886509
        },
        {
          "acoustic_entropy": 3.726508855819702,
          "acoustic_entropy_side": 3.913543939590454,
          "hz": 16898.27756580493
        },
        {
          "acoustic_entropy": 3.848726987838745,
          "acoustic_entropy_side": 3.924961566925049,
          "hz": 18456.760127700032
        },
        {
          "acoustic_entropy": 3.907844305038452,
          "acoustic_entropy_side": 3.931737184524536,
          "hz": 20153.260054456492
        },
        {
          "acoustic_entropy": 3.932469129562378,
          "acoustic_entropy_side": 3.9324803352355957,
          "hz": 22000.00000000001
        }
      ],
      "diff_acoustic_entropy": 3.3541693687438965,
      "sn": 6
    },
    {
      "acoustic_entropy": 7.5970377922058105,
      "acoustic_entropy_mono": 7.335818767547607,
      "band_eliminated_acoustic_entropies": [
        {
          "acoustic_entropy": 6.928917407989502,
          "acoustic_entropy_side": 7.471103191375732,
          "hz": 129.47220167065723
        },
        {
          "acoustic_entropy": 7.13519287109375,
          "acoustic_entropy_side": 7.301759719848633,
          "hz": 202.92927478742237
        },
        {
          "acoustic_entropy": 7.378019332885742,
          "acoustic_entropy_side": 7.2429609298706055,
          "hz": 282.89161906338205
        },
        {
          "acoustic_entropy": 7.77960729598999,
          "acoustic_entropy_side": 7.711348533630371,
          "hz": 369.9353335868758
        },
        {
          "acoustic_entropy": 7.378082752227783,
          "acoustic_entropy_side": 7.481073379516602,
          "hz": 464.6875360973435
        },
        {
          "acoustic_entropy": 7.369102954864502,
          "acoustic_entropy_side": 7.751611232757568,
          "hz": 567.8308811364784
        },
        {
          "acoustic_entropy": 7.255148410797119,
          "acoustic_entropy_side": 7.11421537399292,
          "hz": 680.1084783214808
        },
        {
          "acoustic_entropy": 7.179133892059326,
          "acoustic_entropy_side": 7.137085437774658,
          "hz": 802.3292461747484
        },
        {
          "acoustic_entropy": 7.297599792480469,
          "acoustic_entropy_side": 7.450915336608887,
          "hz": 935.3737400823702
        },
        {
          "acoustic_entropy": 7.497497081756592,
          "acoustic_entropy_side": 7.698535919189453,
          "hz": 1080.2004963696966
        },
        {
          "acoustic_entropy": 6.881845474243164,
          "acoustic_entropy_side": 7.018416881561279,
          "hz": 1237.8529382007157
        },
        {
          "acoustic_entropy": 7.490804672241211,
          "acoustic_entropy_side": 7.631457805633545,
          "hz": 1409.4668930556702
        },
        {
          "acoustic_entropy": 7.591154098510742,
          "acoustic_entropy_side": 7.724239349365234,
          "hz": 1596.2787759475705
        },
        {
          "acoustic_entropy": 7.568660259246826,
          "acoustic_entropy_side": 7.757140636444092,
          "hz": 1799.6344973346393
        },
        {
          "acoustic_entropy": 7.499806880950928,
          "acoustic_entropy_side": 7.560759544372559,
          "hz": 2020.9991599069049
        },
        {
          "acoustic_entropy": 7.422364234924316,
          "acoustic_entropy_side": 7.658288478851318,
          "hz": 2261.9676141086993
        },
        {
          "acoustic_entropy": 7.732454776763916,
          "acoustic_entropy_side": 7.5738911628723145,
          "hz": 2524.2759484456974
        },
        {
          "acoustic_entropy": 7.072959899902344,
          "acoustic_entropy_side": 7.5921125411987305,
          "hz": 2809.813997359896
        },
        {
          "acoustic_entropy": 7.32846736907959,
          "acoustic_entropy_side": 7.5117058753967285,
          "hz": 3120.6389567871424
        },
        {
          "acoustic_entropy": 7.211789131164551,
          "acoustic_entropy_side": 7.669399738311768,
          "hz": 3458.990205492291
        },
        {
          "acoustic_entropy": 7.841732978820801,
          "acoustic_entropy_side": 7.841704845428467,
          "hz": 3827.305438964164
        },
        {
          "acoustic_entropy": 7.6282453536987305,
          "acoustic_entropy_side": 7.642574310302734,
          "hz": 4228.238232109126
        },
        {
          "acoustic_entropy": 7.746622085571289,
          "acoustic_entropy_side": 7.73375129699707,
          "hz": 4664.6771572759235
        },
        {
          "acoustic_entropy": 7.73024845123291,
          "acoustic_entropy_side": 7.702190399169922,
          "hz": 5139.766595350093
        },
        {
          "acoustic_entropy": 7.662511825561523,
          "acoustic_entropy_side": 7.685050964355469,
          "hz": 5656.929389854203
        },
        {
          "acoustic_entropy": 7.665596961975098,
          "acoustic_entropy_side": 7.642535209655762,
          "hz": 6219.891507268283
        },
        {
          "acoustic_entropy": 7.6543192863464355,
          "acoustic_entropy_side": 7.628132343292236,
          "hz": 6832.70888123896
        },
        {
          "acoustic_entropy": 7.655387878417969,
          "acoustic_entropy_side": 7.626417636871338,
          "hz": 7499.796634079867
        },
        {
          "acoustic_entropy": 7.664945125579834,
          "acoustic_entropy_side": 7.6347737312316895,
          "hz": 8225.96088609342
        },
        {
          "acoustic_entropy": 7.685397148132324,
          "acoustic_entropy_side": 7.643340587615967,
          "hz": 9016.43338188839
        },
        {
          "acoustic_entropy": 7.562864780426025,
          "acoustic_entropy_side": 7.628745079040527,
          "hz": 9876.909183162974
        },
        {
          "acoustic_entropy": 6.8713698387146,
          "acoustic_entropy_side": 7.610720634460449,
          "hz": 10813.587699516042
        },
        {
          "acoustic_entropy": 7.548061370849609,
          "acoustic_entropy_side": 7.638304233551025,
          "hz": 11833.21735289826
        },
        {
          "acoustic_entropy": 7.52175235748291,
          "acoustic_entropy_side": 7.583603382110596,
          "hz": 12943.144197493959
        },
        {
          "acoustic_entropy": 7.439843654632568,
          "acoustic_entropy_side": 7.537506103515625,
          "hz": 14151.364845322005
        },
        {
          "acoustic_entropy": 7.196647644042969,
          "acoustic_entropy_side": 7.483323097229004,
          "hz": 15466.58407886509
        },
        {
          "acoustic_entropy": 7.142858505249023,
          "acoustic_entropy_side": 7.47381591796875,
          "hz": 16898.27756580493
        },
        {
          "acoustic_entropy": 7.221480846405029,
          "acoustic_entropy_side": 7.528027534484863,
          "hz": 18456.760127700032
        },
        {
          "acoustic_entropy": 7.434731483459473,
          "acoustic_entropy_side": 7.574390411376953,
          "hz": 20153.260054456492
        },
        {
          "acoustic_entropy": 7.595828056335449,
          "acoustic_entropy_side": 7.596945285797119,
          "hz": 22000.00000000001
        }
      ],
      "diff_acoustic_entropy": 6.834561824798584,
      "sn": 12
    },
    {
      "acoustic_entropy": 13.450961112976074,
      "acoustic_entropy_mono": 13.398457527160645,
      "band_eliminated_acoustic_entropies": [
        {
          "acoustic_entropy": 12.582788467407227,
          "acoustic_entropy_side": 13.347505569458008,
          "hz": 129.47220167065723
        },
        {
          "acoustic_entropy": 14.06258773803711,
          "acoustic_entropy_side": 13.56191349029541,
          "hz": 202.92927478742237
        },
        {
          "acoustic_entropy": 14.026208877563477,
          "acoustic_entropy_side": 13.986845970153809,
          "hz": 282.89161906338205
        },
        {
          "acoustic_entropy": 13.769559860229492,
          "acoustic_entropy_side": 13.343542098999023,
          "hz": 369.9353335868758
        },
        {
          "acoustic_entropy": 13.799320220947266,
          "acoustic_entropy_side": 13.883055686950684,
          "hz": 464.6875360973435
        },
        {
          "acoustic_entropy": 13.504499435424805,
          "acoustic_entropy_side": 14.027737617492676,
          "hz": 567.8308811364784
        },
        {
          "acoustic_entropy": 13.693446159362793,
          "acoustic_entropy_side": 13.868927955627441,
          "hz": 680.1084783214808
        },
        {
          "acoustic_entropy": 14.332672119140625,
          "acoustic_entropy_side": 14.336335182189941,
          "hz": 802.3292461747484
        },
        {
          "acoustic_entropy": 13.606739044189453,
          "acoustic_entropy_side": 13.541895866394043,
          "hz": 935.3737400823702
        },
        {
          "acoustic_entropy": 14.329092025756836,
          "acoustic_entropy_side": 14.118234634399414,
          "hz": 1080.2004963696966
        },
        {
          "acoustic_entropy": 13.65164566040039,
          "acoustic_entropy_side": 13.95890998840332,
          "hz": 1237.8529382007157
        },
        {
          "acoustic_entropy": 13.83042049407959,
          "acoustic_entropy_side": 13.854402542114258,
          "hz": 1409.4668930556702
        },
        {
          "acoustic_entropy": 14.080570220947266,
          "acoustic_entropy_side": 13.863171577453613,
          "hz": 1596.2787759475705
        },
        {
          "acoustic_entropy": 13.33804988861084,
          "acoustic_entropy_side": 13.716737747192383,
          "hz": 1799.6344973346393
        },
        {
          "acoustic_entropy": 13.790027618408203,
          "acoustic_entropy_side": 13.579233169555664,
          "hz": 2020.9991599069049
        },
        {
          "acoustic_entropy": 13.748170852661133,
          "acoustic_entropy_side": 13.762499809265137,
          "hz": 2261.9676141086993
        },
        {
          "acoustic_entropy": 13.575507164001465,
          "acoustic_entropy_side": 13.536184310913086,
          "hz": 2524.2759484456974
        },
        {
          "acoustic_entropy": 13.471404075622559,
          "acoustic_entropy_side": 13.564940452575684,
          "hz": 2809.813997359896
        },
        {
          "acoustic_entropy": 13.576685905456543,
