{
  "acoustic_entropy": 195.46066284179688,
  "bands": [
    {
      "high_freq": 148.1999969482422,
      "loudness": -29.243051528930664,
      "loudness_range": 11.690954208374023,
      "mid_mean": -25.995643615722656,
      "mid_to_side_loudness": -9.382806777954102,
      "mid_to_side_loudness_range": 1.9705772399902344,
      "side_mean": -35.58564758300781
    },
    {
      "high_freq": 392.3793640136719,
      "loudness": -29.81511116027832,
      "loudness_range": 10.681684494018555,
      "low_freq": 148.1999969482422,
      "mid_mean": -26.503692626953125,
      "mid_to_side_loudness": -10.352095603942871,
      "mid_to_side_loudness_range": 4.363223075866699,
      "side_mean": -37.06965637207031
    },
    {
      "high_freq": 794.6976318359375,
      "loudness": -25.773670196533203,
      "loudness_range": 12.113937377929688,
      "low_freq": 392.3793640136719,
      "mid_mean": -22.323698043823242,
      "mid_to_side_loudness": -12.654454231262207,
      "mid_to_side_loudness_range": 7.736122131347656,
      "side_mean": -35.21075439453125
    },
    {
      "high_freq": 1457.5709228515625,
      "loudness": -24.240497589111328,
      "loudness_range": 15.578805923461914,
      "low_freq": 794.6976318359375,
      "mid_mean": -20.746599197387695,
      "mid_to_side_loudness": -14.243395805358887,
      "mid_to_side_loudness_range": 9.702046394348145,
      "side_mean": -35.312835693359375
    },
    {
      "high_freq": 2549.74365234375,
      "loudness": -25.797243118286133,
      "loudness_range": 17.452524185180664,
      "low_freq": 1457.5709228515625,
      "mid_mean": -22.325071334838867,
      "mid_to_side_loudness": -13.770318031311035,
      "mid_to_side_loudness_range": 8.7569580078125,
      "side_mean": -36.421112060546875
    },
    {
      "high_freq": 4349.24462890625,
      "loudness": -29.555774688720703,
      "loudness_range": 17.28137969970703,
      "low_freq": 2549.74365234375,
      "mid_mean": -26.094715118408203,
      "mid_to_side_loudness": -13.10964298248291,
      "mid_to_side_loudness_range": 8.019058227539062,
      "side_mean": -39.41636276245117
    },
    {
      "high_freq": 7314.1640625,
      "loudness": -32.18406295776367,
      "loudness_range": 9.742166519165039,
      "low_freq": 4349.24462890625,
      "mid_mean": -28.822938919067383,
      "mid_to_side_loudness": -10.913479804992676,
      "mid_to_side_loudness_range": 3.956859588623047,
      "side_mean": -39.940731048583984
    },
    {
      "high_freq": 12199.2666015625,
      "loudness": -36.97099304199219,
      "loudness_range": 8.207925796508789,
      "low_freq": 7314.1640625,
      "mid_mean": -33.668861389160156,
      "mid_to_side_loudness": -10.140868186950684,
      "mid_to_side_loudness_range": 2.6765317916870117,
      "side_mean": -43.944984436035156
    },
    {
      "loudness": -47.66110610961914,
      "loudness_range": 9.42034912109375,
      "low_freq": 12199.2666015625,
      "mid_mean": -44.32185745239258,
      "mid_to_side_loudness": -10.36148738861084,
      "mid_to_side_loudness_range": 3.128183364868164,
      "side_mean": -54.95224380493164
    }
  ],
  "bands_short": [
    {
      "high_freq": 148.1999969482422,
      "loudness": -32.57906723022461,
      "loudness_range": 20.436914443969727,
      "mid_mean": -29.38912582397461,
      "mid_to_side_loudness": -9.256210327148438,
      "mid_to_side_loudness_range": 5.871352672576904,
      "side_mean": -38.833194732666016
    },
    {
      "high_freq": 392.3793640136719,
      "loudness": -30.26865577697754,
      "loudness_range": 12.490184783935547,
      "low_freq": 148.1999969482422,
      "mid_mean": -27.00982093811035,
      "mid_to_side_loudness": -9.96603012084961,
      "mid_to_side_loudness_range": 6.464089393615723,
      "side_mean": -37.17158126831055
    },
    {
      "high_freq": 794.6976318359375,
      "loudness": -26.85819435119629,
      "loudness_range": 16.29475212097168,
      "low_freq": 392.3793640136719,
      "mid_mean": -23.460594177246094,
      "mid_to_side_loudness": -12.461755752563477,
      "mid_to_side_loudness_range": 10.592238426208496,
      "side_mean": -36.13764572143555
    },
    {
      "high_freq": 1457.5709228515625,
      "loudness": -25.59255599975586,
      "loudness_range": 20.168493270874023,
      "low_freq": 794.6976318359375,
      "mid_mean": -22.145116806030273,
      "mid_to_side_loudness": -13.648504257202148,
      "mid_to_side_loudness_range": 12.320161819458008,
      "side_mean": -36.176422119140625
    },
    {
      "high_freq": 2549.74365234375,
      "loudness": -27.15081024169922,
      "loudness_range": 20.782644271850586,
      "low_freq": 1457.5709228515625,
      "mid_mean": -23.736448287963867,
      "mid_to_side_loudness": -13.15705394744873,
      "mid_to_side_loudness_range": 11.115406036376953,
      "side_mean": -37.343448638916016
    },
    {
      "high_freq": 4349.24462890625,
      "loudness": -30.85466194152832,
      "loudness_range": 20.048633575439453,
      "low_freq": 2549.74365234375,
      "mid_mean": -27.43733024597168,
      "mid_to_side_loudness": -12.541129112243652,
      "mid_to_side_loudness_range": 9.631953239440918,
      "side_mean": -40.16780090332031
    },
    {
      "high_freq": 7314.1640625,
      "loudness": -33.04673767089844,
      "loudness_range": 12.946191787719727,
      "low_freq": 4349.24462890625,
      "mid_mean": -29.699987411499023,
      "mid_to_side_loudness": -10.914774894714355,
      "mid_to_side_loudness_range": 5.665755271911621,
      "side_mean": -40.80134582519531
    },
    {
      "high_freq": 12199.2666015625,
      "loudness": -37.91765594482422,
      "loudness_range": 13.04124641418457,
      "low_freq": 7314.1640625,
      "mid_mean": -34.619415283203125,
      "mid_to_side_loudness": -10.261807441711426,
      "mid_to_side_loudness_range": 4.649941444396973,
      "side_mean": -45.027687072753906
    },
    {
      "loudness": -49.65727233886719,
      "loudness_range": 16.851444244384766,
      "low_freq": 12199.2666015625,
      "mid_mean": -46.30524444580078,
      "mid_to_side_loudness": -10.658154487609863,
      "mid_to_side_loudness_range": 5.4182233810424805,
      "side_mean": -56.962528228759766
    }
  ],
  "bandwidth": 924.6930541992188,
  "channels": 2,
  "covariance": [
    [
      18.489774703979492,
      18.242856979370117,
      0.8290998339653015,
      0.5887289643287659,
      0.36513376235961914,
      -1.1169356107711792,
      0.02613476850092411,
      -1.3352707624435425,
      -0.31477513909339905,
      -1.3554350137710571,
      -0.7541166543960571,
      -1.5228403806686401,
      -0.16044402122497559,
      -0.3457864820957184,
      0.5015461444854736,
      0.4907507598400116,
      0.9905945658683777,
      1.1424624919891357
    ],
    [
      18.242856979370117,
      19.512502670288086,
      0.498455286026001,
      0.6527064442634583,
      0.33399808406829834,
      -0.4812534749507904,
      -0.24736247956752777,
      -0.8044461011886597,
      -0.6180202960968018,
      -0.8158239126205444,
      -0.9560853242874146,
      -1.4804619550704956,
      -0.27027538418769836,
      -0.333229124546051,
      0.38107576966285706,
      0.6130747199058533,
      0.7165857553482056,
      1.7322570085525513
    ],
    [
      0.8290998339653015,
      0.498455286026001,
      14.220850944519043,
      12.318617820739746,
      4.168560028076172,
      6.94917106628418,
      3.9428939819335938,
      7.649775981903076,
      3.9484734535217285,
      8.24133014678955,
      4.738831043243408,
      8.837197303771973,
      3.793466091156006,
      5.853089332580566,
      2.848701238632202,
      3.7164113521575928,
      2.2618963718414307,
      3.221348285675049
    ],
    [
      0.5887289643287659,
      0.6527064442634583,
      12.318617820739746,
      13.764180183410645,
      3.7062368392944336,
      7.563161373138428,
      3.6858999729156494,
      8.743611335754395,
      4.052708148956299,
      9.363737106323242,
      5.148016452789307,
      9.438848495483398,
      3.980024814605713,
      5.733674049377441,
      2.706779718399048,
      3.3400719165802,
      2.1096229553222656,
      3.630629777908325
    ],
    [
      0.36513376235961914,
      0.33399808406829834,
      4.168560028076172,
      3.7062368392944336,
      20.483619689941406,
      15.504107475280762,
      21.0635986328125,
      17.04936981201172,
      21.607419967651367,
      18.275362014770508,
      17.54205322265625,
      14.171239852905273,
      6.734174728393555,
      5.030712127685547,
      3.9212441444396973,
      2.9649438858032227,
      4.860772609710693,
      3.3364853858947754
    ],
    [
      -1.1169356107711792,
      -0.4812534749507904,
      6.94917106628418,
      7.563161373138428,
      15.504107475280762,
      18.734228134155273,
      14.66043472290039,
      17.965946197509766,
      14.933815002441406,
      18.474685668945312,
      13.750102996826172,
      15.98585319519043,
      6.746882915496826,
      6.866861343383789,
      3.630429267883301,
      3.6933398246765137,
      3.8123035430908203,
      3.8046722412109375
    ],
    [
      0.02613476850092411,
      -0.24736247956752777,
      3.9428939819335938,
      3.6858999729156494,
      21.0635986328125,
      14.66043472290039,
      33.5792350769043,
      22.890701293945312,
      32.53950881958008,
      24.24171257019043,
      26.98175811767578,
      19.072378158569336,
      9.60503101348877,
      6.114627838134766,
      5.14100456237793,
      2.8304026126861572,
      6.024990558624268,
      2.965088367462158
    ],
    [
      -1.3352707624435425,
      -0.8044461011886597,
      7.649775981903076,
      8.743611335754395,
      17.04936981201172,
      17.965946197509766,
      22.890701293945312,
      25.82944107055664,
      23.19713592529297,
      25.367938995361328,
      21.549057006835938,
      21.78226089477539,
      9.566864967346191,
      8.71297836303711,
      4.7201247215271,
      3.8994300365448,
      4.8950724601745605,
      4.315277576446533
    ],
    [
      -0.31477513909339905,
      -0.6180202960968018,
      3.9484734535217285,
      4.052708148956299,
      21.607419967651367,
      14.933815002441406,
      32.53950881958008,
      23.19713592529297,
      39.50568771362305,
      29.925127029418945,
      33.20654296875,
      24.264514923095703,
      12.960898399353027,
      8.44351863861084,
      7.425849914550781,
      4.158702373504639,
      8.036609649658203,
      4.159575939178467
    ],
    [
      -1.3554350137710571,
      -0.8158239126205444,
      8.24133014678955,
      9.363737106323242,
      18.275362014770508,
      18.474685668945312,
      24.24171257019043,
      25.367938995361328,
      29.925127029418945,
      31.89441680908203,
      27.622413635253906,
      27.03598403930664,
      12.770648956298828,
      11.20372200012207,
      7.025546550750732,
      5.471010208129883,
      6.94948148727417,
      5.620854377746582
    ],
    [
      -0.7541166543960571,
      -0.9560853242874146,
      4.738831043243408,
      5.148016452789307,
      17.54205322265625,
      13.750102996826172,
      26.98175811767578,
      21.549057006835938,
      33.20654296875,
      27.622413635253906,
      33.60053634643555,
      26.60541534423828,
      14.865991592407227,
      10.830988883972168,
      9.289800643920898,
      6.092464923858643,
      9.332829475402832,
      5.8662519454956055
    ],
    [
      -1.5228403806686401,
      -1.4804619550704956,
      8.837197303771973,
      9.438848495483398,
      14.171239852905273,
      15.98585319519043,
      19.072378158569336,
      21.78226089477539,
      24.264514923095703,
      27.03598403930664,
      26.60541534423828,
      28.1654109954834,
      14.383092880249023,
      13.554990768432617,
      9.133858680725098,
      7.906776428222656,
      8.731278419494629,
      7.4237895011901855
    ],
    [
      -0.16044402122497559,
      -0.27027538418769836,
      3.793466091156006,
      3.980024814605713,
      6.734174728393555,
      6.746882915496826,
      9.60503101348877,
      9.566864967346191,
      12.960898399353027,
      12.770648956298828,
      14.865991592407227,
      14.383092880249023,
      10.911162376403809,
      9.291478157043457,
      8.224405288696289,
      7.006524085998535,
      8.169172286987305,
      6.81822395324707
    ],
    [
      -0.3457864820957184,
      -0.333229124546051,
      5.853089332580566,
      5.733674049377441,
      5.030712127685547,
      6.866861343383789,
      6.114627838134766,
      8.71297836303711,
      8.44351863861084,
      11.20372200012207,
      10.830988883972168,
      13.554990768432617,
      9.291478157043457,
      10.213027954101562,
      7.637304782867432,
      7.95459508895874,
      7.404443740844727,
      7.604268550872803
    ],
    [
      0.5015461444854736,
      0.38107576966285706,
      2.848701238632202,
      2.706779718399048,
      3.9212441444396973,
      3.630429267883301,
      5.14100456237793,
      4.7201247215271,
      7.425849914550781,
      7.025546550750732,
      9.289800643920898,
      9.133858680725098,
      8.224405288696289,
      7.637304782867432,
      8.594078063964844,
      7.925376892089844,
      8.746854782104492,
      8.171381950378418
    ],
    [
      0.4907507598400116,
      0.6130747199058533,
      3.7164113521575928,
      3.3400719165802,
      2.9649438858032227,
      3.6933398246765137,
      2.8304026126861572,
      3.8994300365448,
      4.158702373504639,
      5.471010208129883,
      6.092464923858643,
      7.906776428222656,
      7.006524085998535,
      7.95459508895874,
      7.925376892089844,
      8.849549293518066,
      8.241783142089844,
      8.988327026367188
    ],
    [
      0.9905945658683777,
      0.7165857553482056,
      2.2618963718414307,
      2.1096229553222656,
      4.860772609710693,
      3.8123035430908203,
      6.024990558624268,
      4.8950724601745605,
      8.036609649658203,
      6.94948148727417,
      9.332829475402832,
      8.731278419494629,
      8.169172286987305,
      7.404443740844727,
      8.746854782104492,
      8.241783142089844,
      10.755962371826172,
      9.975343704223633
    ],
    [
      1.1424624919891357,
      1.7322570085525513,
      3.221348285675049,
      3.630629777908325,
      3.3364853858947754,
      3.8046722412109375,
      2.965088367462158,
      4.315277576446533,
      4.159575939178467,
      5.620854377746582,
      5.8662519454956055,
      7.4237895011901855,
      6.81822395324707,
      7.604268550872803,
      8.171381950378418,
      8.988327026367188,
      9.975343704223633,
      14.074517250061035
    ]
  ],
  "covariance_short": [
    [
      53.880706787109375,
      49.3045539855957,
      4.393022060394287,
      4.445587158203125,
      2.2366061210632324,
      0.6715853214263916,
      1.132755160331726,
      0.12901468575000763,
      0.20577995479106903,
      -0.5275546312332153,
      -0.24409647285938263,
      -0.5266411304473877,
      1.2068463563919067,
      1.5041110515594482,
      2.4179298877716064,
      2.844817876815796,
      2.771402597427368,
      2.9417030811309814
    ],
    [
      49.3045539855957,
      50.89006042480469,
      3.6522490978240967,
      4.21343994140625,
      2.2440414428710938,
      0.9787828922271729,
      0.7282516360282898,
      0.12733452022075653,
      -0.06757871061563492,
      -0.34547752141952515,
      -0.6941600441932678,
      -0.7365772724151611,
      0.7943505644798279,
      1.2859747409820557,
      1.7209454774856567,
      2.299785614013672,
      1.9807958602905273,
      2.6313059329986572
    ],
    [
      4.393022060394287,
      3.6522490978240967,
      19.307937622070312,
      16.035512924194336,
      7.1592183113098145,
      9.777878761291504,
      5.513022422790527,
      9.327893257141113,
      5.474634647369385,
      9.366171836853027,
      6.7664923667907715,
      10.020843505859375,
      5.7972846031188965,
      7.875432014465332,
      4.612372398376465,
      5.644287586212158,
      4.426401615142822,
      5.480802059173584
    ],
    [
      4.445587158203125,
      4.21343994140625,
      16.035512924194336,
      18.29366111755371,
      6.113054275512695,
      9.838022232055664,
      5.019890308380127,
      9.526824951171875,
      4.990525245666504,
      9.672348022460938,
      6.285258769989014,
      9.6876802444458,
      5.159860610961914,
      7.144893646240234,
      3.9421348571777344,
      4.852234363555908,
      3.688138961791992,
      5.4299116134643555
    ],
    [
      2.2366061210632324,
      2.2440414428710938,
      7.1592183113098145,
      6.113054275512695,
      34.218727111816406,
      24.266599655151367,
      32.116878509521484,
      25.466665267944336,
      29.111507415771484,
      24.129846572875977,
      24.64527702331543,
      18.492008209228516,
      9.99393081665039,
      7.77863883972168,
      5.870865345001221,
      4.582363605499268,
      8.432310104370117,
      5.619283199310303
    ],
    [
      0.6715853214263916,
      0.9787828922271729,
      9.777878761291504,
      9.838022232055664,
      24.266599655151367,
      28.183401107788086,
      21.546476364135742,
      23.834760665893555,
      20.02597999572754,
      22.99077796936035,
      18.713666915893555,
      19.10731315612793,
      9.292847633361816,
      9.367487907409668,
      5.294986724853516,
      5.180313587188721,
      6.655367374420166,
      6.039940357208252
    ],
    [
      1.132755160331726,
      0.7282516360282898,
      5.513022422790527,
      5.019890308380127,
      32.116878509521484,
      21.546476364135742,
      54.32184600830078,
      34.815528869628906,
      49.6436767578125,
      35.16897964477539,
      41.83639144897461,
      27.514171600341797,
      16.47835350036621,
      10.225154876708984,
      9.999491691589355,
      5.340803146362305,
      13.995438575744629,
      6.876028537750244
    ],
    [
      0.12901468575000763,
      0.12733452022075653,
      9.327893257141113,
      9.526824951171875,
      25.466665267944336,
      23.834760665893555,
      34.815528869628906,
      36.6561164855957,
      33.460758209228516,
      32.81208419799805,
      30.836061477661133,
      27.179370880126953,
      13.794343948364258,
      11.740017890930176,
      7.800393104553223,
      5.860937595367432,
      10.0865478515625,
      7.388944149017334
    ],
    [
      0.20577995479106903,
      -0.06757871061563492,
      5.474634647369385,
      4.990525245666504,
      29.111507415771484,
      20.02597999572754,
      49.6436767578125,
      33.460758209228516,
      57.13414001464844,
      40.051204681396484,
      47.003868103027344,
      32.27985382080078,
      19.4437313079834,
      12.536578178405762,
      12.005430221557617,
      6.756664276123047,
      16.207298278808594,
      8.388590812683105
    ],
    [
      -0.5275546312332153,
      -0.34547752141952515,
      9.366171836853027,
      9.672348022460938,
      24.129846572875977,
      22.99077796936035,
      35.16897964477539,
      32.81208419799805,
      40.051204681396484,
      41.50034713745117,
      36.9798583984375,
      32.685176849365234,
      17.03511619567871,
      14.489688873291016,
      10.244712829589844,
      7.665210247039795,
      12.713967323303223,
      9.364875793457031
    ],
    [
      -0.24409647285938263,
      -0.6941600441932678,
      6.7664923667907715,
      6.285258769989014,
      24.64527702331543,
      18.713666915893555,
      41.83639144897461,
      30.836061477661133,
      47.003868103027344,
      36.9798583984375,
      48.5752067565918,
      35.707298278808594,
      22.861059188842773,
      16.571691513061523,
      15.582443237304688,
      10.433687210083008,
      19.695159912109375,
      12.100062370300293
    ],
    [
      -0.5266411304473877,
      -0.7365772724151611,
      10.020843505859375,
      9.6876802444458,
      18.492008209228516,
      19.10731315612793,
      27.514171600341797,
      27.179370880126953,
      32.27985382080078,
      32.685176849365234,
      35.707298278808594,
      34.93793869018555,
      19.860633850097656,
      18.251903533935547,
      13.918133735656738,
      11.88917350769043,
      16.294246673583984,
      13.14998722076416
    ],
    [
      1.2068463563919067,
      0.7943505644798279,
      5.7972846031188965,
      5.159860610961914,
      9.99393081665039,
      9.292847633361816,
      16.47835350036621,
      13.794343948364258,
      19.4437313079834,
      17.03511619567871,
      22.861059188842773,
      19.860633850097656,
      19.743181228637695,
      16.63513946533203,
      16.846946716308594,
      14.825128555297852,
      20.130598068237305,
      16.185970306396484
    ],
    [
      1.5041110515594482,
      1.2859747409820557,
      7.875432014465332,
      7.144893646240234,
      7.77863883972168,
      9.367487907409668,
      10.225154876708984,
      11.740017890930176,
      12.536578178405762,
      14.489688873291016,
      16.571691513061523,
      18.251903533935547,
      16.63513946533203,
      18.216915130615234,
      15.794200897216797,
      16.314167022705078,
      18.23504066467285,
      17.544607162475586
    ],
    [
      2.4179298877716064,
      1.7209454774856567,
      4.612372398376465,
      3.9421348571777344,
      5.870865345001221,
      5.294986724853516,
      9.999491691589355,
      7.800393104553223,
      12.005430221557617,
      10.244712829589844,
      15.582443237304688,
      13.918133735656738,
      16.846946716308594,
      15.794200897216797,
      20.42363929748535,
      18.7617130279541,
      23.405685424804688,
      20.875869750976562
    ],
    [
      2.844817876815796,
      2.299785614013672,
      5.644287586212158,
      4.852234363555908,
      4.582363605499268,
      5.180313587188721,
      5.340803146362305,
      5.860937595367432,
      6.756664276123047,
      7.665210247039795,
      10.433687210083008,
      11.88917350769043,
      14.825128555297852,
      16.314167022705078,
      18.7617130279541,
      20.848560333251953,
      21.87708854675293,
      22.12879753112793
    ],
    [
      2.771402597427368,
      1.9807958602905273,
      4.426401615142822,
      3.688138961791992,
      8.432310104370117,
      6.655367374420166,
      13.995438575744629,
      10.0865478515625,
      16.207298278808594,
      12.713967323303223,
      19.695159912109375,
      16.294246673583984,
      20.130598068237305,
      18.23504066467285,
      23.405685424804688,
      21.87708854675293,
      32.714752197265625,
      28.36558723449707
    ],
    [
      2.9417030811309814,
      2.6313059329986572,
      5.480802059173584,
      5.4299116134643555,
      5.619283199310303,
      6.039940357208252,
      6.876028537750244,
      7.388944149017334,
      8.388590812683105,
      9.364875793457031,
      12.100062370300293,
      13.14998722076416,
      16.185970306396484,
      17.544607162475586,
      20.875869750976562,
      22.12879753112793,
      28.36558723449707,
      31.078969955444336
    ]
  ],
  "damage": -9.2097749710083,
  "diff_bandwidth": 944.332275390625,
  "dissonance": 8.42463184868157,
  "drr": 12.341388702392578,
  "dynamics": 3.643153429031372,
  "format": 1245190,
  "frames": 8212416,
  "loudness": -14.583560943603516,
  "loudness_range": 9.876511573791504,
  "loudness_range_short": 12.597845077514648,
  "lowpass_true_peak_15khz": 0.10406626760959625,
  "mastering3_acoustic_entropies": [
    {
      "acoustic_entropy": 8.065838813781738,
      "acoustic_entropy_mono": 8.0809965133667,
      "band_eliminated_acoustic_entropies": [
        {
          "acoustic_entropy": 8.061238288879395,
          "acoustic_entropy_side": 8.065666198730469,
          "hz": 129.47220167065723
        },
        {
          "acoustic_entropy": 8.096049308776855,
          "acoustic_entropy_side": 8.066492080688477,
          "hz": 202.92927478742237
        },
        {
          "acoustic_entropy": 8.179891586303711,
          "acoustic_entropy_side": 8.068421363830566,
          "hz": 282.89161906338205
        },
        {
          "acoustic_entropy": 8.284273147583008,
          "acoustic_entropy_side": 8.075840950012207,
          "hz": 369.9353335868758
        },
        {
          "acoustic_entropy": 7.879540920257568,
          "acoustic_entropy_side": 8.090115547180176,
          "hz": 464.6875360973435
        },
        {
          "acoustic_entropy": 8.005627632141113,
          "acoustic_entropy_side": 8.085901260375977,
          "hz": 567.8308811364784
        },
        {
          "acoustic_entropy": 7.57273006439209,
          "acoustic_entropy_side": 8.101012229919434,
          "hz": 680.1084783214808
        },
        {
          "acoustic_entropy": 8.314697265625,
          "acoustic_entropy_side": 8.177608489990234,
          "hz": 802.3292461747484
        },
        {
          "acoustic_entropy": 7.2079758644104,
          "acoustic_entropy_side": 8.117790222167969,
          "hz": 935.3737400823702
        },
        {
          "acoustic_entropy": 7.601874351501465,
          "acoustic_entropy_side": 8.128067016601562,
          "hz": 1080.2004963696966
        },
        {
          "acoustic_entropy": 7.601346492767334,
          "acoustic_entropy_side": 8.051053047180176,
          "hz": 1237.8529382007157
        },
        {
          "acoustic_entropy": 8.589096069335938,
          "acoustic_entropy_side": 8.10265827178955,
          "hz": 1409.4668930556702
        },
        {
          "acoustic_entropy": 7.596876621246338,
          "acoustic_entropy_side": 8.086272239685059,
          "hz": 1596.2787759475705
        },
        {
          "acoustic_entropy": 8.143298149108887,
          "acoustic_entropy_side": 8.052217483520508,
          "hz": 1799.6344973346393
        },
        {
          "acoustic_entropy": 7.147387504577637,
          "acoustic_entropy_side": 8.020652770996094,
          "hz": 2020.9991599069049
        },
        {
          "acoustic_entropy": 7.851247310638428,
          "acoustic_entropy_side": 8.043717384338379,
          "hz": 2261.9676141086993
        },
        {
          "acoustic_entropy": 8.25942325592041,
          "acoustic_entropy_side": 8.045768737792969,
          "hz": 2524.2759484456974
        },
        {
          "acoustic_entropy": 8.211869239807129,
          "acoustic_entropy_side": 8.062002182006836,
          "hz": 2809.813997359896
        },
        {
          "acoustic_entropy": 7.716203212738037,
          "acoustic_entropy_side": 8.069489479064941,
          "hz": 3120.6389567871424
        },
        {
          "acoustic_entropy": 8.294255256652832,
          "acoustic_entropy_side": 8.037742614746094,
          "hz": 3458.990205492291
        },
        {
          "acoustic_entropy": 8.05739974975586,
          "acoustic_entropy_side": 8.069164276123047,
          "hz": 3827.305438964164
        },
        {
          "acoustic_entropy": 8.059534072875977,
          "acoustic_entropy_side": 8.073274612426758,
          "hz": 4228.238232109126
        },
        {
          "acoustic_entropy": 8.1207914352417,
          "acoustic_entropy_side": 8.076950073242188,
          "hz": 4664.6771572759235
        },
        {
          "acoustic_entropy": 8.103204727172852,
          "acoustic_entropy_side": 8.074480056762695,
          "hz": 5139.766595350093
        },
        {
          "acoustic_entropy": 8.13221263885498,
          "acoustic_entropy_side": 8.075573921203613,
          "hz": 5656.929389854203
        },
        {
          "acoustic_entropy": 8.108627319335938,
          "acoustic_entropy_side": 8.074666976928711,
          "hz": 6219.891507268283
        },
        {
          "acoustic_entropy": 8.058426856994629,
          "acoustic_entropy_side": 8.071102142333984,
          "hz": 6832.70888123896
        },
        {
          "acoustic_entropy": 7.943514347076416,
          "acoustic_entropy_side": 8.067014694213867,
          "hz": 7499.796634079867
        },
        {
          "acoustic_entropy": 7.905803680419922,
          "acoustic_entropy_side": 8.064990043640137,
          "hz": 8225.96088609342
        },
        {
          "acoustic_entropy": 7.922614574432373,
          "acoustic_entropy_side": 8.063291549682617,
          "hz": 9016.43338188839
        },
        {
          "acoustic_entropy": 7.986886978149414,
          "acoustic_entropy_side": 8.064092636108398,
          "hz": 9876.909183162974
        },
        {
          "acoustic_entropy": 8.03012752532959,
          "acoustic_entropy_side": 8.065485954284668,
          "hz": 10813.587699516042
        },
        {
          "acoustic_entropy": 8.05570125579834,
          "acoustic_entropy_side": 8.065893173217773,
          "hz": 11833.21735289826
        },
        {
          "acoustic_entropy": 8.059520721435547,
          "acoustic_entropy_side": 8.065855026245117,
          "hz": 12943.144197493959
        },
        {
          "acoustic_entropy": 8.059478759765625,
          "acoustic_entropy_side": 8.065871238708496,
          "hz": 14151.364845322005
        },
        {
          "acoustic_entropy": 8.06119155883789,
          "acoustic_entropy_side": 8.065858840942383,
          "hz": 15466.58407886509
        },
        {
          "acoustic_entropy": 8.06520938873291,
          "acoustic_entropy_side": 8.065850257873535,
          "hz": 16898.27756580493
        },
        {
          "acoustic_entropy": 8.065877914428711,
          "acoustic_entropy_side": 8.065847396850586,
          "hz": 18456.760127700032
        },
        {
          "acoustic_entropy": 8.066096305847168,
          "acoustic_entropy_side": 8.065844535827637,
          "hz": 20153.260054456492
        },
        {
          "acoustic_entropy": 8.065922737121582,
          "acoustic_entropy_side": 8.065840721130371,
          "hz": 22000.00000000001
        }
      ],
      "diff_acoustic_entropy": 7.261845588684082,
      "sn": 6
    },
    {
      "acoustic_entropy": 11.076614379882812,
      "acoustic_entropy_mono": 9.95221996307373,
      "band_eliminated_acoustic_entropies": [
        {
          "acoustic_entropy": 11.035717964172363,
          "acoustic_entropy_side": 11.067095756530762,
          "hz": 129.47220167065723
        },
        {
          "acoustic_entropy": 11.420731544494629,
          "acoustic_entropy_side": 11.092371940612793,
          "hz": 202.92927478742237
        },
        {
          "acoustic_entropy": 11.013470649719238,
          "acoustic_entropy_side": 11.007121086120605,
          "hz": 282.89161906338205
        },
        {
          "acoustic_entropy": 10.572263717651367,
          "acoustic_entropy_side": 11.044716835021973,
          "hz": 369.9353335868758
        },
        {
          "acoustic_entropy": 10.857463836669922,
          "acoustic_entropy_side": 10.978861808776855,
          "hz": 464.6875360973435
        },
        {
          "acoustic_entropy": 10.848340034484863,
          "acoustic_entropy_side": 11.020357131958008,
          "hz": 567.8308811364784
        },
        {
          "acoustic_entropy": 11.431947708129883,
          "acoustic_entropy_side": 11.024590492248535,
          "hz": 680.1084783214808
        },
        {
          "acoustic_entropy": 11.077138900756836,
          "acoustic_entropy_side": 10.95545482635498,
          "hz": 802.3292461747484
        },
        {
          "acoustic_entropy": 11.054351806640625,
          "acoustic_entropy_side": 10.96230411529541,
          "hz": 935.3737400823702
        },
        {
          "acoustic_entropy": 11.24489688873291,
          "acoustic_entropy_side": 11.073714256286621,
          "hz": 1080.2004963696966
        },
        {
          "acoustic_entropy": 10.807293891906738,
          "acoustic_entropy_side": 11.057880401611328,
          "hz": 1237.8529382007157
        },
        {
          "acoustic_entropy": 11.645092010498047,
          "acoustic_entropy_side": 10.998878479003906,
          "hz": 1409.4668930556702
        },
        {
          "acoustic_entropy": 10.952817916870117,
          "acoustic_entropy_side": 11.103397369384766,
          "hz": 1596.2787759475705
        },
        {
          "acoustic_entropy": 11.063286781311035,
          "acoustic_entropy_side": 10.959410667419434,
          "hz": 1799.6344973346393
        },
        {
          "acoustic_entropy": 10.361946105957031,
          "acoustic_entropy_side": 11.159053802490234,
          "hz": 2020.9991599069049
        },
        {
          "acoustic_entropy": 11.011757850646973,
          "acoustic_entropy_side": 11.045174598693848,
          "hz": 2261.9676141086993
        },
        {
          "acoustic_entropy": 11.058341026306152,
          "acoustic_entropy_side": 11.055145263671875,
          "hz": 2524.2759484456974
        },
        {
          "acoustic_entropy": 10.90551471710205,
          "acoustic_entropy_side": 11.023377418518066,
          "hz": 2809.813997359896
        },
        {
          "acoustic_entropy": 10.881056785583496,
          "acoustic_entropy_side": 11.113642692565918,
          "hz": 3120.6389567871424
        },
        {
          "acoustic_entropy": 10.97055721282959,
          "acoustic_entropy_side": 11.026886940002441,
          "hz": 3458.990205492291
        },
        {
          "acoustic_entropy": 10.963265419006348,
          "acoustic_entropy_side": 11.05633544921875,
          "hz": 3827.305438964164
        },
        {
          "acoustic_entropy": 11.096875190734863,
          "acoustic_entropy_side": 11.06224536895752,
          "hz": 4228.238232109126
        },
        {
          "acoustic_entropy": 11.059382438659668,
          "acoustic_entropy_side": 11.0559663772583,
          "hz": 4664.6771572759235
        },
        {
          "acoustic_entropy": 11.037177085876465,
          "acoustic_entropy_side": 11.05360221862793,
          "hz": 5139.766595350093
        },
        {
          "acoustic_entropy": 11.14447021484375,
          "acoustic_entropy_side": 11.052863121032715,
          "hz": 5656.929389854203
        },
        {
          "acoustic_entropy": 11.121301651000977,
          "acoustic_entropy_side": 11.064264297485352,
          "hz": 6219.891507268283
        },
        {
          "acoustic_entropy": 11.14523696899414,
          "acoustic_entropy_side": 11.070863723754883,
          "hz": 6832.70888123896
        },
        {
          "acoustic_entropy": 11.145634651184082,
          "acoustic_entropy_side": 11.074990272521973,
          "hz": 7499.796634079867
        },
        {
          "acoustic_entropy": 11.087608337402344,
          "acoustic_entropy_side": 11.075201034545898,
          "hz": 8225.96088609342
        },
        {
          "acoustic_entropy": 11.141334533691406,
          "acoustic_entropy_side": 11.079545974731445,
          "hz": 9016.43338188839
        },
        {
          "acoustic_entropy": 11.138935089111328,
          "acoustic_entropy_side": 11.07833480834961,
          "hz": 9876.909183162974
        },
        {
          "acoustic_entropy": 11.131166458129883,
          "acoustic_entropy_side": 11.07666301727295,
          "hz": 10813.587699516042
        },
        {
          "acoustic_entropy": 11.114800453186035,
          "acoustic_entropy_side": 11.077167510986328,
          "hz": 11833.21735289826
        },
        {
          "acoustic_entropy": 11.104562759399414,
          "acoustic_entropy_side": 11.076833724975586,
          "hz": 12943.144197493959
        },
        {
          "acoustic_entropy": 11.09719467163086,
          "acoustic_entropy_side": 11.076908111572266,
          "hz": 14151.364845322005
        },
        {
          "acoustic_entropy": 11.091449737548828,
          "acoustic_entropy_side": 11.076823234558105,
          "hz": 15466.58407886509
        },
        {
          "acoustic_entropy": 11.083572387695312,
          "acoustic_entropy_side": 11.076681137084961,
          "hz": 16898.27756580493
        },
        {
          "acoustic_entropy": 11.080817222595215,
          "acoustic_entropy_side": 11.07663631439209,
          "hz": 18456.760127700032
        },
        {
          "acoustic_entropy": 11.07884693145752,
          "acoustic_entropy_side": 11.076622009277344,
          "hz": 20153.260054456492
        },
        {
          "acoustic_entropy": 11.078110694885254,
          "acoustic_entropy_side": 11.076626777648926,
          "hz": 22000.00000000001
        }
      ],
      "diff_acoustic_entropy": 9.94698429107666,
      "sn": 12
    },
    {
      "acoustic_entropy": 15.457667350769043,
      "acoustic_entropy_mono": 15.935322761535645,
      "band_eliminated_acoustic_entropies": [
        {
          "acoustic_entropy": 14.992749214172363,
          "acoustic_entropy_side": 15.557936668395996,
          "hz": 129.47220167065723
        },
        {
          "acoustic_entropy": 15.800816535949707,
          "acoustic_entropy_side": 15.570038795471191,
          "hz": 202.92927478742237
        },
        {
          "acoustic_entropy": 14.641310691833496,
          "acoustic_entropy_side": 15.607552528381348,
          "hz": 282.89161906338205
        },
        {
          "acoustic_entropy": 15.600411415100098,
          "acoustic_entropy_side": 15.681495666503906,
          "hz": 369.9353335868758
        },
        {
          "acoustic_entropy": 14.5482759475708,
          "acoustic_entropy_side": 15.364837646484375,
          "hz": 464.6875360973435
        },
        {
          "acoustic_entropy": 16.733816146850586,
          "acoustic_entropy_side": 15.849506378173828,
          "hz": 567.8308811364784
        },
        {
          "acoustic_entropy": 15.896836280822754,
          "acoustic_entropy_side": 15.657312393188477,
          "hz": 680.1084783214808
        },
        {
          "acoustic_entropy": 15.991023063659668,
          "acoustic_entropy_side": 15.21576976776123,
          "hz": 802.3292461747484
        },
        {
          "acoustic_entropy": 15.144878387451172,
          "acoustic_entropy_side": 15.762079238891602,
          "hz": 935.3737400823702
        },
        {
          "acoustic_entropy": 15.551639556884766,
          "acoustic_entropy_side": 15.908905029296875,
          "hz": 1080.2004963696966
        },
        {
          "acoustic_entropy": 14.579742431640625,
          "acoustic_entropy_side": 15.426472663879395,
          "hz": 1237.8529382007157
        },
        {
          "acoustic_entropy": 16.59845542907715,
          "acoustic_entropy_side": 15.597081184387207,
          "hz": 1409.4668930556702
        },
        {
          "acoustic_entropy": 15.495076179504395,
          "acoustic_entropy_side": 15.434786796569824,
          "hz": 1596.2787759475705
        },
        {
          "acoustic_entropy": 15.811823844909668,
          "acoustic_entropy_side": 15.519758224487305,
          "hz": 1799.6344973346393
        },
        {
          "acoustic_entropy": 15.35895824432373,
          "acoustic_entropy_side": 15.48658561706543,
          "hz": 2020.9991599069049
        },
        {
          "acoustic_entropy": 16.022098541259766,
          "acoustic_entropy_side": 15.597271919250488,
          "hz": 2261.9676141086993
        },
        {
          "acoustic_entropy": 15.232651710510254,
          "acoustic_entropy_side": 15.444952011108398,
          "hz": 2524.2759484456974
        },
        {
          "acoustic_entropy": 15.653843879699707,
          "acoustic_entropy_side": 15.570052146911621,
          "hz": 2809.813997359896
        },
        {
          "acoustic_entropy": 15.552767753601074,
