{
  "acoustic_entropy": 177.58718872070312,
  "bands": [
    {
      "high_freq": 148.1999969482422,
      "loudness": -34.757789611816406,
      "loudness_range": 21.98047637939453,
      "mid_mean": -33.481388092041016,
      "mid_to_side_loudness": -1.4509984254837036,
      "mid_to_side_loudness_range": 4.961986064910889,
      "side_mean": -34.942466735839844
    },
    {
      "high_freq": 392.3793640136719,
      "loudness": -29.967470169067383,
      "loudness_range": 13.6806640625,
      "low_freq": 148.1999969482422,
      "mid_mean": -28.75122833251953,
      "mid_to_side_loudness": -1.221528172492981,
      "mid_to_side_loudness_range": 3.1281752586364746,
      "side_mean": -29.968538284301758
    },
    {
      "high_freq": 794.6976318359375,
      "loudness": -34.151466369628906,
      "loudness_range": 19.889537811279297,
      "low_freq": 392.3793640136719,
      "mid_mean": -33.44742202758789,
      "mid_to_side_loudness": -0.3055016100406647,
      "mid_to_side_loudness_range": 6.3870110511779785,
      "side_mean": -33.7525749206543
    },
    {
      "high_freq": 1457.5709228515625,
      "loudness": -40.00615310668945,
      "loudness_range": 22.620054244995117,
      "low_freq": 794.6976318359375,
      "mid_mean": -39.31199645996094,
      "mid_to_side_loudness": -0.12477277964353561,
      "mid_to_side_loudness_range": 3.4469523429870605,
      "side_mean": -39.414825439453125
    },
    {
      "high_freq": 2549.74365234375,
      "loudness": -45.08702087402344,
      "loudness_range": 23.07802963256836,
      "low_freq": 1457.5709228515625,
      "mid_mean": -44.25199508666992,
      "mid_to_side_loudness": -0.38026246428489685,
      "mid_to_side_loudness_range": 2.091470241546631,
      "side_mean": -44.63652801513672
    },
    {
      "high_freq": 4349.24462890625,
      "loudness": -46.8960075378418,
      "loudness_range": 24.104263305664062,
      "low_freq": 2549.74365234375,
      "mid_mean": -46.31889343261719,
      "mid_to_side_loudness": -0.0007024340447969735,
      "mid_to_side_loudness_range": 1.3031599521636963,
      "side_mean": -46.31818389892578
    },
    {
      "high_freq": 7314.1640625,
      "loudness": -44.617454528808594,
      "loudness_range": 24.38111686706543,
      "low_freq": 4349.24462890625,
      "mid_mean": -44.814022064208984,
      "mid_to_side_loudness": 0.18554364144802094,
      "mid_to_side_loudness_range": 0.9698667526245117,
      "side_mean": -44.59232711791992
    },
    {
      "high_freq": 12199.2666015625,
      "loudness": -46.702877044677734,
      "loudness_range": 30.448394775390625,
      "low_freq": 7314.1640625,
      "mid_mean": -45.866878509521484,
      "mid_to_side_loudness": -0.08683193475008011,
      "mid_to_side_loudness_range": 0.829336404800415,
      "side_mean": -45.955509185791016
    },
    {
      "loudness": -48.89216995239258,
      "loudness_range": 27.36133575439453,
      "low_freq": 12199.2666015625,
      "mid_mean": -48.16720199584961,
      "mid_to_side_loudness": 0.13036902248859406,
      "mid_to_side_loudness_range": 0.7904638648033142,
      "side_mean": -48.03583908081055
    }
  ],
  "bands_short": [
    {
      "high_freq": 148.1999969482422,
      "loudness": -38.55661392211914,
      "loudness_range": 26.05499267578125,
      "mid_mean": -37.58341598510742,
      "mid_to_side_loudness": -0.8684966564178467,
      "mid_to_side_loudness_range": 9.19125747680664,
      "side_mean": -38.61503601074219
    },
    {
      "high_freq": 392.3793640136719,
      "loudness": -30.164697647094727,
      "loudness_range": 16.1602840423584,
      "low_freq": 148.1999969482422,
      "mid_mean": -28.933053970336914,
      "mid_to_side_loudness": -1.4006507396697998,
      "mid_to_side_loudness_range": 5.4945068359375,
      "side_mean": -30.350854873657227
    },
    {
      "high_freq": 794.6976318359375,
      "loudness": -35.25532531738281,
      "loudness_range": 21.88538360595703,
      "low_freq": 392.3793640136719,
      "mid_mean": -34.5927848815918,
      "mid_to_side_loudness": -0.4260614812374115,
      "mid_to_side_loudness_range": 8.559673309326172,
      "side_mean": -35.03963851928711
    },
    {
      "high_freq": 1457.5709228515625,
      "loudness": -41.0507926940918,
      "loudness_range": 24.47088050842285,
      "low_freq": 794.6976318359375,
      "mid_mean": -40.393089294433594,
      "mid_to_side_loudness": -0.14131641387939453,
      "mid_to_side_loudness_range": 4.839894771575928,
      "side_mean": -40.535972595214844
    },
    {
      "high_freq": 2549.74365234375,
      "loudness": -47.04535675048828,
      "loudness_range": 26.72643280029297,
      "low_freq": 1457.5709228515625,
      "mid_mean": -46.26052474975586,
      "mid_to_side_loudness": -0.41719359159469604,
      "mid_to_side_loudness_range": 3.713111400604248,
      "side_mean": -46.6846923828125
    },
    {
      "high_freq": 4349.24462890625,
      "loudness": -48.99074172973633,
      "loudness_range": 27.576526641845703,
      "low_freq": 2549.74365234375,
      "mid_mean": -48.24951934814453,
      "mid_to_side_loudness": -0.03609052300453186,
      "mid_to_side_loudness_range": 2.6178345680236816,
      "side_mean": -48.2889518737793
    },
    {
      "high_freq": 7314.1640625,
      "loudness": -47.6309700012207,
      "loudness_range": 32.02855682373047,
      "low_freq": 4349.24462890625,
      "mid_mean": -46.94244384765625,
      "mid_to_side_loudness": 0.15884040296077728,
      "mid_to_side_loudness_range": 2.0065317153930664,
      "side_mean": -46.79131317138672
    },
    {
      "high_freq": 12199.2666015625,
      "loudness": -49.15413284301758,
      "loudness_range": 30.818931579589844,
      "low_freq": 7314.1640625,
      "mid_mean": -48.272647857666016,
      "mid_to_side_loudness": -0.07862915098667145,
      "mid_to_side_loudness_range": 1.6380960941314697,
      "side_mean": -48.356414794921875
    },
    {
      "loudness": -51.346649169921875,
      "loudness_range": 27.220577239990234,
      "low_freq": 12199.2666015625,
      "mid_mean": -50.68367385864258,
      "mid_to_side_loudness": 0.1765131652355194,
      "mid_to_side_loudness_range": 1.4979205131530762,
      "side_mean": -50.514190673828125
    }
  ],
  "bandwidth": 496.8203125,
  "channels": 2,
  "covariance": [
    [
      59.132835388183594,
      53.193111419677734,
      16.361438751220703,
      17.660181045532227,
      9.967809677124023,
      10.047901153564453,
      12.550579071044922,
      13.25228214263916,
      12.96968936920166,
      12.99425983428955,
      26.78470230102539,
      26.698259353637695,
      36.58401107788086,
      36.456825256347656,
      33.74332809448242,
      33.603694915771484,
      28.413028717041016,
      28.796566009521484
    ],
    [
      53.193111419677734,
      50.34549331665039,
      15.651042938232422,
      16.511425018310547,
      10.546839714050293,
      10.824047088623047,
      12.227866172790527,
      12.89652156829834,
      13.093648910522461,
      13.050849914550781,
      24.82378578186035,
      24.776323318481445,
      32.49100112915039,
      32.41633224487305,
      29.75070571899414,
      29.635648727416992,
      25.35995864868164,
      25.690080642700195
    ],
    [
      16.361438751220703,
      15.651042938232422,
      27.297325134277344,
      25.532299041748047,
      20.62318229675293,
      20.501203536987305,
      22.391427993774414,
      22.706966400146484,
      20.592761993408203,
      20.336551666259766,
      20.50193977355957,
      20.35262107849121,
      20.550783157348633,
      20.62013816833496,
      18.188030242919922,
      18.120197296142578,
      15.917908668518066,
      16.087478637695312
    ],
    [
      17.660181045532227,
      16.511425018310547,
      25.532299041748047,
      25.419538497924805,
      19.78652572631836,
      19.409914016723633,
      21.38395118713379,
      21.671165466308594,
      19.75202751159668,
      19.462779998779297,
      20.289560317993164,
      20.1415958404541,
      21.386560440063477,
      21.459978103637695,
      19.035940170288086,
      18.96761131286621,
      16.545652389526367,
      16.735185623168945
    ],
    [
      9.967809677124023,
      10.546839714050293,
      20.62318229675293,
      19.78652572631836,
      46.01428985595703,
      45.61321258544922,
      37.022743225097656,
      37.68587112426758,
      39.91707992553711,
      39.093650817871094,
      28.222299575805664,
      28.1662540435791,
      19.981990814208984,
      20.14969825744629,
      16.10590171813965,
      16.08374786376953,
      14.929330825805664,
      15.0391845703125
    ],
    [
      10.047901153564453,
      10.824047088623047,
      20.501203536987305,
      19.409914016723633,
      45.61321258544922,
      50.56914520263672,
      39.3748893737793,
      40.24602508544922,
      41.08910369873047,
      40.24232482910156,
      29.782024383544922,
      29.727941513061523,
      20.233400344848633,
      20.384845733642578,
      16.12666130065918,
      16.08171272277832,
      14.992968559265137,
      15.072980880737305
    ],
    [
      12.550579071044922,
      12.227866172790527,
      22.391427993774414,
      21.38395118713379,
      37.022743225097656,
      39.3748893737793,
      58.783729553222656,
      58.8297233581543,
      50.97126388549805,
      50.630680084228516,
      42.472293853759766,
      42.39533233642578,
      31.554462432861328,
      31.802997589111328,
      25.893775939941406,
      25.761171340942383,
      22.68193244934082,
      22.794137954711914
    ],
    [
      13.25228214263916,
      12.89652156829834,
      22.706966400146484,
      21.671165466308594,
      37.68587112426758,
      40.24602508544922,
      58.8297233581543,
      60.90757751464844,
      51.34694290161133,
      51.06754684448242,
      43.00965118408203,
      42.9125862121582,
      32.132789611816406,
      32.38667678833008,
      26.375198364257812,
      26.23533821105957,
      23.137508392333984,
      23.247833251953125
    ],
    [
      12.96968936920166,
      13.093648910522461,
      20.592761993408203,
      19.75202751159668,
      39.91707992553711,
      41.08910369873047,
      50.97126388549805,
      51.34694290161133,
      62.99586486816406,
      61.92298126220703,
      53.512672424316406,
      53.44847106933594,
      42.39536666870117,
      42.59309768676758,
      35.70725631713867,
      35.5258903503418,
      31.305580139160156,
      31.45033073425293
    ],
    [
      12.99425983428955,
      13.050849914550781,
      20.336551666259766,
      19.462779998779297,
      39.093650817871094,
      40.24232482910156,
      50.630680084228516,
      51.06754684448242,
      61.92298126220703,
      61.90245056152344,
      53.174285888671875,
      53.109474182128906,
      42.39042663574219,
      42.620086669921875,
      35.77333068847656,
      35.60075759887695,
      31.342668533325195,
      31.49773597717285
    ],
    [
      26.78470230102539,
      24.82378578186035,
      20.50193977355957,
      20.289560317993164,
      28.222299575805664,
      29.782024383544922,
      42.472293853759766,
      43.00965118408203,
      53.512672424316406,
      53.174285888671875,
      70.12413024902344,
      69.84225463867188,
      69.41506958007812,
      69.43697357177734,
      61.748775482177734,
      61.583763122558594,
      55.261260986328125,
      55.689598083496094
    ],
    [
      26.698259353637695,
      24.776323318481445,
      20.35262107849121,
      20.1415958404541,
      28.1662540435791,
      29.727941513061523,
      42.39533233642578,
      42.9125862121582,
      53.44847106933594,
      53.109474182128906,
      69.84225463867188,
      69.75145721435547,
      69.01766967773438,
      69.03997039794922,
      61.33437728881836,
      61.17067337036133,
      54.828407287597656,
      55.241519927978516
    ],
    [
      36.58401107788086,
      32.49100112915039,
      20.550783157348633,
      21.386560440063477,
      19.981990814208984,
      20.233400344848633,
      31.554462432861328,
      32.132789611816406,
      42.39536666870117,
      42.39042663574219,
      69.41506958007812,
      69.01766967773438,
      84.07901763916016,
      83.99171447753906,
      77.42829895019531,
      77.26547241210938,
      69.05793762207031,
      69.70326232910156
    ],
    [
      36.456825256347656,
      32.41633224487305,
      20.62013816833496,
      21.459978103637695,
      20.14969825744629,
      20.384845733642578,
      31.802997589111328,
      32.38667678833008,
      42.59309768676758,
      42.620086669921875,
      69.43697357177734,
      69.03997039794922,
      83.99171447753906,
      84.60414123535156,
      77.35910034179688,
      77.19390869140625,
      68.98838806152344,
      69.61865997314453
    ],
    [
      33.74332809448242,
      29.75070571899414,
      18.188030242919922,
      19.035940170288086,
      16.10590171813965,
      16.12666130065918,
      25.893775939941406,
      26.375198364257812,
      35.70725631713867,
      35.77333068847656,
      61.748775482177734,
      61.33437728881836,
      77.42829895019531,
      77.35910034179688,
      75.25238800048828,
      75.13094329833984,
      66.83840942382812,
      67.50543975830078
    ],
    [
      33.603694915771484,
      29.635648727416992,
      18.120197296142578,
      18.96761131286621,
      16.08374786376953,
      16.08171272277832,
      25.761171340942383,
      26.23533821105957,
      35.5258903503418,
      35.60075759887695,
      61.583763122558594,
      61.17067337036133,
      77.26547241210938,
      77.19390869140625,
      75.13094329833984,
      75.09278869628906,
      66.88587951660156,
      67.55897521972656
    ],
    [
      28.413028717041016,
      25.35995864868164,
      15.917908668518066,
      16.545652389526367,
      14.929330825805664,
      14.992968559265137,
      22.68193244934082,
      23.137508392333984,
      31.305580139160156,
      31.342668533325195,
      55.261260986328125,
      54.828407287597656,
      69.05793762207031,
      68.98838806152344,
      66.83840942382812,
      66.88587951660156,
      63.335052490234375,
      63.918025970458984
    ],
    [
      28.796566009521484,
      25.690080642700195,
      16.087478637695312,
      16.735185623168945,
      15.0391845703125,
      15.072980880737305,
      22.794137954711914,
      23.247833251953125,
      31.45033073425293,
      31.49773597717285,
      55.689598083496094,
      55.241519927978516,
      69.70326232910156,
      69.61865997314453,
      67.50543975830078,
      67.55897521972656,
      63.918025970458984,
      64.57098388671875
    ]
  ],
  "covariance_short": [
    [
      85.74055480957031,
      74.8892593383789,
      25.49284553527832,
      25.708127975463867,
      10.586015701293945,
      10.99797248840332,
      13.109783172607422,
      14.157470703125,
      16.26180076599121,
      16.451196670532227,
      29.052927017211914,
      28.848140716552734,
      37.50623321533203,
      37.673011779785156,
      32.62881088256836,
      32.531795501708984,
      27.723651885986328,
      28.074430465698242
    ],
    [
      74.8892593383789,
      75.73688507080078,
      23.232711791992188,
      23.94384002685547,
      11.320564270019531,
      11.95357894897461,
      12.880646705627441,
      13.958779335021973,
      16.287944793701172,
      16.35710906982422,
      27.663419723510742,
      27.471864700317383,
      34.409912109375,
      34.5790901184082,
      29.88433265686035,
      29.81610107421875,
      25.736595153808594,
      26.038307189941406
    ],
    [
      25.49284553527832,
      23.232711791992188,
      35.7810173034668,
      32.60175323486328,
      23.716880798339844,
      23.32263946533203,
      26.506847381591797,
      27.009490966796875,
      25.461254119873047,
      25.200027465820312,
      21.85828971862793,
      21.732759475708008,
      21.22353172302246,
      21.392425537109375,
      17.73163414001465,
      17.71875,
      15.601140022277832,
      15.716935157775879
    ],
    [
      25.708127975463867,
      23.94384002685547,
      32.60175323486328,
      34.002471923828125,
      23.666162490844727,
      23.22150421142578,
      26.32896614074707,
      26.76227569580078,
      25.675392150878906,
      25.37106704711914,
      22.389110565185547,
      22.27595329284668,
      22.10277557373047,
      22.292465209960938,
      18.431804656982422,
      18.4193115234375,
      16.14439582824707,
      16.264896392822266
    ],
    [
      10.586015701293945,
      11.320564270019531,
      23.716880798339844,
      23.666162490844727,
      56.314510345458984,
      53.62052917480469,
      45.27237319946289,
      45.80778503417969,
      48.873172760009766,
      48.00524139404297,
      32.497371673583984,
      32.412261962890625,
      22.038488388061523,
      22.259597778320312,
      17.075834274291992,
      17.048505783081055,
      15.991846084594727,
      15.926159858703613
    ],
    [
      10.99797248840332,
      11.95357894897461,
      23.32263946533203,
      23.22150421142578,
      53.62052917480469,
      60.877891540527344,
      47.04289627075195,
      48.06437683105469,
      49.679813385009766,
      48.695045471191406,
      34.22469711303711,
      34.128841400146484,
      22.699337005615234,
      22.934894561767578,
      17.337196350097656,
      17.328969955444336,
      16.382965087890625,
      16.29309844970703
    ],
    [
      13.109783172607422,
      12.880646705627441,
      26.506847381591797,
      26.32896614074707,
      45.27237319946289,
      47.04289627075195,
      70.07890319824219,
      69.29236602783203,
      61.2486686706543,
      61.087581634521484,
      45.83720016479492,
      45.84803771972656,
      33.24251937866211,
      33.587650299072266,
      25.33057403564453,
      25.245031356811523,
      22.613534927368164,
      22.510604858398438
    ],
    [
      14.157470703125,
      13.958779335021973,
      27.009490966796875,
      26.76227569580078,
      45.80778503417969,
      48.06437683105469,
      69.29236602783203,
      72.87948608398438,
      61.90221405029297,
      61.781890869140625,
      46.891944885253906,
      46.891632080078125,
      34.12743377685547,
      34.492042541503906,
      26.016510009765625,
      25.924619674682617,
      23.27231788635254,
      23.16935920715332
    ],
    [
      16.26180076599121,
      16.287944793701172,
      25.461254119873047,
      25.675392150878906,
      48.873172760009766,
      49.679813385009766,
      61.2486686706543,
      61.90221405029297,
      80.31812286376953,
      78.86748504638672,
      63.60245132446289,
      63.62075424194336,
      49.64799499511719,
      50.09464645385742,
      40.73914337158203,
      40.587432861328125,
      36.110260009765625,
      36.00714874267578
    ],
    [
      16.451196670532227,
      16.35710906982422,
      25.200027465820312,
      25.37106704711914,
      48.00524139404297,
      48.695045471191406,
      61.087581634521484,
      61.781890869140625,
      78.86748504638672,
      79.55107116699219,
      63.445308685302734,
      63.47372055053711,
      49.85835647583008,
      50.301883697509766,
      41.022254943847656,
      40.867733001708984,
      36.28801727294922,
      36.205081939697266
    ],
    [
      29.052927017211914,
      27.663419723510742,
      21.85828971862793,
      22.389110565185547,
      32.497371673583984,
      34.22469711303711,
      45.83720016479492,
      46.891944885253906,
      63.60245132446289,
      63.445308685302734,
      81.3455810546875,
      80.78215789794922,
      78.73157501220703,
      79.2353744506836,
      69.68192291259766,
      69.60465240478516,
      62.554908752441406,
      62.90734100341797
    ],
    [
      28.848140716552734,
      27.471864700317383,
      21.732759475708008,
      22.27595329284668,
      32.412261962890625,
      34.128841400146484,
      45.84803771972656,
      46.891632080078125,
      63.62075424194336,
      63.47372055053711,
      80.78215789794922,
      80.98238372802734,
      78.31893920898438,
      78.81468963623047,
      69.21508026123047,
      69.14087677001953,
      62.04218673706055,
      62.383113861083984
    ],
    [
      37.50623321533203,
      34.409912109375,
      21.22353172302246,
      22.10277557373047,
      22.038488388061523,
      22.699337005615234,
      33.24251937866211,
      34.12743377685547,
      49.64799499511719,
      49.85835647583008,
      78.73157501220703,
      78.31893920898438,
      92.49478912353516,
      92.80752563476562,
      85.41307067871094,
      85.3759994506836,
      76.15338134765625,
      76.8406753540039
    ],
    [
      37.673011779785156,
      34.5790901184082,
      21.392425537109375,
      22.292465209960938,
      22.259597778320312,
      22.934894561767578,
      33.587650299072266,
      34.492042541503906,
      50.09464645385742,
      50.301883697509766,
      79.2353744506836,
      78.81468963623047,
      92.80752563476562,
      93.5626220703125,
      85.8489761352539,
      85.80805969238281,
      76.48980712890625,
      77.17078399658203
    ],
    [
      32.62881088256836,
      29.88433265686035,
      17.73163414001465,
      18.431804656982422,
      17.075834274291992,
      17.337196350097656,
      25.33057403564453,
      26.016510009765625,
      40.73914337158203,
      41.022254943847656,
      69.68192291259766,
      69.21508026123047,
      85.41307067871094,
      85.8489761352539,
      84.41551208496094,
      84.31682586669922,
      75.75259399414062,
      76.52462005615234
    ],
    [
      32.531795501708984,
      29.81610107421875,
      17.71875,
      18.4193115234375,
      17.048505783081055,
      17.328969955444336,
      25.245031356811523,
      25.924619674682617,
      40.587432861328125,
      40.867733001708984,
      69.60465240478516,
      69.14087677001953,
      85.3759994506836,
      85.80805969238281,
      84.31682586669922,
      84.51502227783203,
      75.88887786865234,
      76.66950225830078
    ],
    [
      27.723651885986328,
      25.736595153808594,
      15.601140022277832,
      16.14439582824707,
      15.991846084594727,
      16.382965087890625,
      22.613534927368164,
      23.27231788635254,
      36.110260009765625,
      36.28801727294922,
      62.554908752441406,
      62.04218673706055,
      76.15338134765625,
      76.48980712890625,
      75.75259399414062,
      75.88887786865234,
      75.34784698486328,
      75.94829559326172
    ],
    [
      28.074430465698242,
      26.038307189941406,
      15.716935157775879,
      16.264896392822266,
      15.926159858703613,
      16.29309844970703,
      22.510604858398438,
      23.16935920715332,
      36.00714874267578,
      36.205081939697266,
      62.90734100341797,
      62.383113861083984,
      76.8406753540039,
      77.17078399658203,
      76.52462005615234,
      76.66950225830078,
      75.94829559326172,
      76.7894515991211
    ]
  ],
  "damage": -15.068731307983398,
  "diff_bandwidth": 505.2508544921875,
  "dissonance": 7.451229062760499,
  "drr": 6.308132648468018,
  "dynamics": 4.156341075897217,
  "format": 1245190,
  "frames": 19093504,
  "loudness": -21.54127311706543,
  "loudness_range": 11.920271873474121,
  "loudness_range_short": 15.491493225097656,
  "lowpass_true_peak_15khz": -1.1246709823608398,
  "mastering3_acoustic_entropies": [
    {
      "acoustic_entropy": 7.055768013000488,
      "acoustic_entropy_mono": 6.290624141693115,
      "band_eliminated_acoustic_entropies": [
        {
          "acoustic_entropy": 7.092476844787598,
          "acoustic_entropy_side": 7.069100379943848,
          "hz": 129.47220167065723
        },
        {
          "acoustic_entropy": 6.797032356262207,
          "acoustic_entropy_side": 7.273897171020508,
          "hz": 202.92927478742237
        },
        {
          "acoustic_entropy": 7.829820156097412,
          "acoustic_entropy_side": 7.670009613037109,
          "hz": 282.89161906338205
        },
        {
          "acoustic_entropy": 6.957917213439941,
          "acoustic_entropy_side": 7.071662902832031,
          "hz": 369.9353335868758
        },
        {
          "acoustic_entropy": 7.2545084953308105,
          "acoustic_entropy_side": 7.217022895812988,
          "hz": 464.6875360973435
        },
        {
          "acoustic_entropy": 6.064452171325684,
          "acoustic_entropy_side": 6.273695945739746,
          "hz": 567.8308811364784
        },
        {
          "acoustic_entropy": 6.5096211433410645,
          "acoustic_entropy_side": 6.9133687019348145,
          "hz": 680.1084783214808
        },
        {
          "acoustic_entropy": 6.93149471282959,
          "acoustic_entropy_side": 6.940881252288818,
          "hz": 802.3292461747484
        },
        {
          "acoustic_entropy": 7.798821926116943,
          "acoustic_entropy_side": 7.435080051422119,
          "hz": 935.3737400823702
        },
        {
          "acoustic_entropy": 7.17710018157959,
          "acoustic_entropy_side": 7.114465713500977,
          "hz": 1080.2004963696966
        },
        {
          "acoustic_entropy": 6.531627655029297,
          "acoustic_entropy_side": 6.793651103973389,
          "hz": 1237.8529382007157
        },
        {
          "acoustic_entropy": 7.229255199432373,
          "acoustic_entropy_side": 7.201910495758057,
          "hz": 1409.4668930556702
        },
        {
          "acoustic_entropy": 7.209165096282959,
          "acoustic_entropy_side": 7.134304046630859,
          "hz": 1596.2787759475705
        },
        {
          "acoustic_entropy": 7.151820182800293,
          "acoustic_entropy_side": 7.13624382019043,
          "hz": 1799.6344973346393
        },
        {
          "acoustic_entropy": 7.099959850311279,
          "acoustic_entropy_side": 7.0816731452941895,
          "hz": 2020.9991599069049
        },
        {
          "acoustic_entropy": 7.096280574798584,
          "acoustic_entropy_side": 7.082837104797363,
          "hz": 2261.9676141086993
        },
        {
          "acoustic_entropy": 7.086126327514648,
          "acoustic_entropy_side": 7.071237564086914,
          "hz": 2524.2759484456974
        },
        {
          "acoustic_entropy": 7.081083297729492,
          "acoustic_entropy_side": 7.0705246925354,
          "hz": 2809.813997359896
        },
        {
          "acoustic_entropy": 7.0535712242126465,
          "acoustic_entropy_side": 7.054150581359863,
          "hz": 3120.6389567871424
        },
        {
          "acoustic_entropy": 7.055078506469727,
          "acoustic_entropy_side": 7.057449817657471,
          "hz": 3458.990205492291
        },
        {
          "acoustic_entropy": 7.052698135375977,
          "acoustic_entropy_side": 7.054716110229492,
          "hz": 3827.305438964164
        },
        {
          "acoustic_entropy": 7.0511088371276855,
          "acoustic_entropy_side": 7.052405834197998,
          "hz": 4228.238232109126
        },
        {
          "acoustic_entropy": 7.025432109832764,
          "acoustic_entropy_side": 7.041051387786865,
          "hz": 4664.6771572759235
        },
        {
          "acoustic_entropy": 7.030339241027832,
          "acoustic_entropy_side": 7.046058177947998,
          "hz": 5139.766595350093
        },
        {
          "acoustic_entropy": 7.03219747543335,
          "acoustic_entropy_side": 7.045101642608643,
          "hz": 5656.929389854203
        },
        {
          "acoustic_entropy": 7.028417587280273,
          "acoustic_entropy_side": 7.043300628662109,
          "hz": 6219.891507268283
        },
        {
          "acoustic_entropy": 7.0311198234558105,
          "acoustic_entropy_side": 7.043911457061768,
          "hz": 6832.70888123896
        },
        {
          "acoustic_entropy": 7.057470321655273,
          "acoustic_entropy_side": 7.049497604370117,
          "hz": 7499.796634079867
        },
        {
          "acoustic_entropy": 7.036235332489014,
          "acoustic_entropy_side": 7.04662561416626,
          "hz": 8225.96088609342
        },
        {
          "acoustic_entropy": 7.034048080444336,
          "acoustic_entropy_side": 7.045951843261719,
          "hz": 9016.43338188839
        },
        {
          "acoustic_entropy": 7.041903495788574,
          "acoustic_entropy_side": 7.0461626052856445,
          "hz": 9876.909183162974
        },
        {
          "acoustic_entropy": 7.034993648529053,
          "acoustic_entropy_side": 7.045164108276367,
          "hz": 10813.587699516042
        },
        {
          "acoustic_entropy": 7.0320587158203125,
          "acoustic_entropy_side": 7.044008731842041,
          "hz": 11833.21735289826
        },
        {
          "acoustic_entropy": 7.030847072601318,
          "acoustic_entropy_side": 7.0431976318359375,
          "hz": 12943.144197493959
        },
        {
          "acoustic_entropy": 7.033616542816162,
          "acoustic_entropy_side": 7.045273780822754,
          "hz": 14151.364845322005
        },
        {
          "acoustic_entropy": 7.036065101623535,
          "acoustic_entropy_side": 7.046514511108398,
          "hz": 15466.58407886509
        },
        {
          "acoustic_entropy": 7.03880500793457,
          "acoustic_entropy_side": 7.048733234405518,
          "hz": 16898.27756580493
        },
        {
          "acoustic_entropy": 7.05465841293335,
          "acoustic_entropy_side": 7.052634239196777,
          "hz": 18456.760127700032
        },
        {
          "acoustic_entropy": 7.056158542633057,
          "acoustic_entropy_side": 7.0547709465026855,
          "hz": 20153.260054456492
        },
        {
          "acoustic_entropy": 7.055398464202881,
          "acoustic_entropy_side": 7.055835723876953,
          "hz": 22000.00000000001
        }
      ],
      "diff_acoustic_entropy": 5.109591007232666,
      "sn": 6
    },
    {
      "acoustic_entropy": 10.590612411499023,
      "acoustic_entropy_mono": 9.503173828125,
      "band_eliminated_acoustic_entropies": [
        {
          "acoustic_entropy": 10.365787506103516,
          "acoustic_entropy_side": 10.64423656463623,
          "hz": 129.47220167065723
        },
        {
          "acoustic_entropy": 10.063214302062988,
          "acoustic_entropy_side": 10.396862030029297,
          "hz": 202.92927478742237
        },
        {
          "acoustic_entropy": 10.933147430419922,
          "acoustic_entropy_side": 10.882974624633789,
          "hz": 282.89161906338205
        },
        {
          "acoustic_entropy": 10.783900260925293,
          "acoustic_entropy_side": 10.576282501220703,
          "hz": 369.9353335868758
        },
        {
          "acoustic_entropy": 10.844916343688965,
          "acoustic_entropy_side": 11.023764610290527,
          "hz": 464.6875360973435
        },
        {
          "acoustic_entropy": 10.398953437805176,
          "acoustic_entropy_side": 10.375935554504395,
          "hz": 567.8308811364784
        },
        {
          "acoustic_entropy": 11.093572616577148,
          "acoustic_entropy_side": 11.070815086364746,
          "hz": 680.1084783214808
        },
        {
          "acoustic_entropy": 10.555793762207031,
          "acoustic_entropy_side": 10.42531681060791,
          "hz": 802.3292461747484
        },
        {
          "acoustic_entropy": 10.897826194763184,
          "acoustic_entropy_side": 10.841336250305176,
          "hz": 935.3737400823702
        },
        {
          "acoustic_entropy": 10.935192108154297,
          "acoustic_entropy_side": 10.783899307250977,
          "hz": 1080.2004963696966
        },
        {
          "acoustic_entropy": 10.791838645935059,
          "acoustic_entropy_side": 10.943734169006348,
          "hz": 1237.8529382007157
        },
        {
          "acoustic_entropy": 10.402690887451172,
          "acoustic_entropy_side": 10.732630729675293,
          "hz": 1409.4668930556702
        },
        {
          "acoustic_entropy": 10.764711380004883,
          "acoustic_entropy_side": 10.75126838684082,
          "hz": 1596.2787759475705
        },
        {
          "acoustic_entropy": 10.522360801696777,
          "acoustic_entropy_side": 10.495989799499512,
          "hz": 1799.6344973346393
        },
        {
          "acoustic_entropy": 10.48634147644043,
          "acoustic_entropy_side": 10.540435791015625,
          "hz": 2020.9991599069049
        },
        {
          "acoustic_entropy": 10.541264533996582,
          "acoustic_entropy_side": 10.585363388061523,
          "hz": 2261.9676141086993
        },
        {
          "acoustic_entropy": 10.491080284118652,
          "acoustic_entropy_side": 10.585379600524902,
          "hz": 2524.2759484456974
        },
        {
          "acoustic_entropy": 10.513872146606445,
          "acoustic_entropy_side": 10.512568473815918,
          "hz": 2809.813997359896
        },
        {
          "acoustic_entropy": 10.459673881530762,
          "acoustic_entropy_side": 10.536694526672363,
          "hz": 3120.6389567871424
        },
        {
          "acoustic_entropy": 10.641860961914062,
          "acoustic_entropy_side": 10.559990882873535,
          "hz": 3458.990205492291
        },
        {
          "acoustic_entropy": 10.561164855957031,
          "acoustic_entropy_side": 10.585211753845215,
          "hz": 3827.305438964164
        },
        {
          "acoustic_entropy": 10.59070873260498,
          "acoustic_entropy_side": 10.590682029724121,
          "hz": 4228.238232109126
        },
        {
          "acoustic_entropy": 10.498085021972656,
          "acoustic_entropy_side": 10.534187316894531,
          "hz": 4664.6771572759235
        },
        {
          "acoustic_entropy": 10.57345199584961,
          "acoustic_entropy_side": 10.59902286529541,
          "hz": 5139.766595350093
        },
        {
          "acoustic_entropy": 10.619956016540527,
          "acoustic_entropy_side": 10.6528902053833,
          "hz": 5656.929389854203
        },
        {
          "acoustic_entropy": 10.569835662841797,
          "acoustic_entropy_side": 10.583728790283203,
          "hz": 6219.891507268283
        },
        {
          "acoustic_entropy": 10.56760311126709,
          "acoustic_entropy_side": 10.584600448608398,
          "hz": 6832.70888123896
        },
        {
          "acoustic_entropy": 10.39263916015625,
          "acoustic_entropy_side": 10.54931926727295,
          "hz": 7499.796634079867
        },
        {
          "acoustic_entropy": 10.48486328125,
          "acoustic_entropy_side": 10.550896644592285,
          "hz": 8225.96088609342
        },
        {
          "acoustic_entropy": 10.48504638671875,
          "acoustic_entropy_side": 10.552420616149902,
          "hz": 9016.43338188839
        },
        {
          "acoustic_entropy": 10.50717544555664,
          "acoustic_entropy_side": 10.53287124633789,
          "hz": 9876.909183162974
        },
        {
          "acoustic_entropy": 10.510856628417969,
          "acoustic_entropy_side": 10.549307823181152,
          "hz": 10813.587699516042
        },
        {
          "acoustic_entropy": 10.525337219238281,
          "acoustic_entropy_side": 10.551006317138672,
          "hz": 11833.21735289826
        },
        {
          "acoustic_entropy": 10.498269081115723,
          "acoustic_entropy_side": 10.544585227966309,
          "hz": 12943.144197493959
        },
        {
          "acoustic_entropy": 10.521086692810059,
          "acoustic_entropy_side": 10.552605628967285,
          "hz": 14151.364845322005
        },
        {
          "acoustic_entropy": 10.51706314086914,
          "acoustic_entropy_side": 10.556538581848145,
          "hz": 15466.58407886509
        },
        {
          "acoustic_entropy": 10.50800895690918,
          "acoustic_entropy_side": 10.557525634765625,
          "hz": 16898.27756580493
        },
        {
          "acoustic_entropy": 10.524124145507812,
          "acoustic_entropy_side": 10.565150260925293,
          "hz": 18456.760127700032
        },
        {
          "acoustic_entropy": 10.519021034240723,
          "acoustic_entropy_side": 10.569722175598145,
          "hz": 20153.260054456492
        },
        {
          "acoustic_entropy": 10.578763961791992,
          "acoustic_entropy_side": 10.587334632873535,
          "hz": 22000.00000000001
        }
      ],
      "diff_acoustic_entropy": 8.898615837097168,
      "sn": 12
    },
    {
      "acoustic_entropy": 15.29172420501709,
      "acoustic_entropy_mono": 14.05077075958252,
      "band_eliminated_acoustic_entropies": [
        {
          "acoustic_entropy": 15.755302429199219,
          "acoustic_entropy_side": 15.774824142456055,
          "hz": 129.47220167065723
        },
        {
          "acoustic_entropy": 15.677665710449219,
          "acoustic_entropy_side": 15.783702850341797,
          "hz": 202.92927478742237
        },
        {
          "acoustic_entropy": 15.898261070251465,
          "acoustic_entropy_side": 15.939085960388184,
          "hz": 282.89161906338205
        },
        {
          "acoustic_entropy": 15.183862686157227,
          "acoustic_entropy_side": 15.411643981933594,
          "hz": 369.9353335868758
        },
        {
          "acoustic_entropy": 15.78964614868164,
          "acoustic_entropy_side": 16.14914321899414,
          "hz": 464.6875360973435
        },
        {
          "acoustic_entropy": 15.589173316955566,
          "acoustic_entropy_side": 15.405391693115234,
          "hz": 567.8308811364784
        },
        {
          "acoustic_entropy": 14.793304443359375,
          "acoustic_entropy_side": 15.449698448181152,
          "hz": 680.1084783214808
        },
        {
          "acoustic_entropy": 15.278847694396973,
          "acoustic_entropy_side": 15.408116340637207,
          "hz": 802.3292461747484
        },
        {
          "acoustic_entropy": 15.93436050415039,
          "acoustic_entropy_side": 15.94965648651123,
          "hz": 935.3737400823702
        },
        {
          "acoustic_entropy": 15.241658210754395,
          "acoustic_entropy_side": 15.323780059814453,
          "hz": 1080.2004963696966
        },
        {
          "acoustic_entropy": 15.063675880432129,
          "acoustic_entropy_side": 15.058223724365234,
          "hz": 1237.8529382007157
        },
        {
          "acoustic_entropy": 15.890524864196777,
          "acoustic_entropy_side": 16.01740837097168,
          "hz": 1409.4668930556702
        },
        {
          "acoustic_entropy": 15.209065437316895,
          "acoustic_entropy_side": 15.102413177490234,
          "hz": 1596.2787759475705
        },
        {
          "acoustic_entropy": 15.541807174682617,
          "acoustic_entropy_side": 15.844869613647461,
          "hz": 1799.6344973346393
        },
        {
          "acoustic_entropy": 15.082723617553711,
          "acoustic_entropy_side": 15.169594764709473,
          "hz": 2020.9991599069049
        },
        {
          "acoustic_entropy": 15.641603469848633,
          "acoustic_entropy_side": 15.626855850219727,
          "hz": 2261.9676141086993
        },
        {
          "acoustic_entropy": 15.234432220458984,
          "acoustic_entropy_side": 15.300163269042969,
          "hz": 2524.2759484456974
        },
        {
          "acoustic_entropy": 15.11778736114502,
          "acoustic_entropy_side": 15.175683975219727,
          "hz": 2809.813997359896
        },
        {
          "acoustic_entropy": 15.41994857788086,
          "acoustic_entropy_side": 15.391825675964355,
