{
  "acoustic_entropy": 174.6620330810547,
  "bands": [
    {
      "high_freq": 148.1999969482422,
      "loudness": -40.48427963256836,
      "loudness_range": 28.601863861083984,
      "mid_mean": -36.98385238647461,
      "mid_to_side_loudness": -20.616104125976562,
      "mid_to_side_loudness_range": 14.366352081298828,
      "side_mean": -56.534210205078125
    },
    {
      "high_freq": 392.3793640136719,
      "loudness": -34.207122802734375,
      "loudness_range": 23.252593994140625,
      "low_freq": 148.1999969482422,
      "mid_mean": -31.035602569580078,
      "mid_to_side_loudness": -15.456791877746582,
      "mid_to_side_loudness_range": 13.555190086364746,
      "side_mean": -48.570369720458984
    },
    {
      "high_freq": 794.6976318359375,
      "loudness": -35.09963607788086,
      "loudness_range": 27.395906448364258,
      "low_freq": 392.3793640136719,
      "mid_mean": -31.721885681152344,
      "mid_to_side_loudness": -13.908373832702637,
      "mid_to_side_loudness_range": 10.830440521240234,
      "side_mean": -45.777889251708984
    },
    {
      "high_freq": 1457.5709228515625,
      "loudness": -37.765525817871094,
      "loudness_range": 29.332704544067383,
      "low_freq": 794.6976318359375,
      "mid_mean": -34.265045166015625,
      "mid_to_side_loudness": -14.605535507202148,
      "mid_to_side_loudness_range": 9.0427885055542,
      "side_mean": -48.76512908935547
    },
    {
      "high_freq": 2549.74365234375,
      "loudness": -37.468116760253906,
      "loudness_range": 27.21196174621582,
      "low_freq": 1457.5709228515625,
      "mid_mean": -33.943782806396484,
      "mid_to_side_loudness": -14.470385551452637,
      "mid_to_side_loudness_range": 9.214113235473633,
      "side_mean": -48.54267120361328
    },
    {
      "high_freq": 4349.24462890625,
      "loudness": -39.99641036987305,
      "loudness_range": 30.255413055419922,
      "low_freq": 2549.74365234375,
      "mid_mean": -36.98634719848633,
      "mid_to_side_loudness": -16.834760665893555,
      "mid_to_side_loudness_range": 9.748812675476074,
      "side_mean": -54.03877639770508
    },
    {
      "high_freq": 7314.1640625,
      "loudness": -47.20994567871094,
      "loudness_range": 32.88749694824219,
      "low_freq": 4349.24462890625,
      "mid_mean": -43.48114013671875,
      "mid_to_side_loudness": -20.188915252685547,
      "mid_to_side_loudness_range": 11.650117874145508,
      "side_mean": -60.839324951171875
    },
    {
      "high_freq": 12199.2666015625,
      "loudness": -52.79511642456055,
      "loudness_range": 28.72708511352539,
      "low_freq": 7314.1640625,
      "mid_mean": -49.0474739074707,
      "mid_to_side_loudness": -28.560523986816406,
      "mid_to_side_loudness_range": 24.325054168701172,
      "side_mean": -67.33567810058594
    },
    {
      "loudness": -61.78898620605469,
      "loudness_range": 20.958599090576172,
      "low_freq": 12199.2666015625,
      "mid_mean": -57.808189392089844,
      "mid_to_side_loudness": -32.61468505859375,
      "mid_to_side_loudness_range": 20.28031349182129,
      "side_mean": -69.7925796508789
    }
  ],
  "bands_short": [
    {
      "high_freq": 148.1999969482422,
      "loudness": -42.82374572753906,
      "loudness_range": 29.365623474121094,
      "mid_mean": -39.346473693847656,
      "mid_to_side_loudness": -20.56007194519043,
      "mid_to_side_loudness_range": 19.772308349609375,
      "side_mean": -58.38358688354492
    },
    {
      "high_freq": 392.3793640136719,
      "loudness": -33.457523345947266,
      "loudness_range": 20.985776901245117,
      "low_freq": 148.1999969482422,
      "mid_mean": -30.162586212158203,
      "mid_to_side_loudness": -16.164308547973633,
      "mid_to_side_loudness_range": 14.034835815429688,
      "side_mean": -48.97711944580078
    },
    {
      "high_freq": 794.6976318359375,
      "loudness": -35.55109405517578,
      "loudness_range": 28.4608097076416,
      "low_freq": 392.3793640136719,
      "mid_mean": -32.26237106323242,
      "mid_to_side_loudness": -13.527012825012207,
      "mid_to_side_loudness_range": 13.08974838256836,
      "side_mean": -45.92951583862305
    },
    {
      "high_freq": 1457.5709228515625,
      "loudness": -37.42643737792969,
      "loudness_range": 29.6409854888916,
      "low_freq": 794.6976318359375,
      "mid_mean": -34.036258697509766,
      "mid_to_side_loudness": -14.455863952636719,
      "mid_to_side_loudness_range": 12.389707565307617,
      "side_mean": -48.59420394897461
    },
    {
      "high_freq": 2549.74365234375,
      "loudness": -37.78942108154297,
      "loudness_range": 27.53858184814453,
      "low_freq": 1457.5709228515625,
      "mid_mean": -34.2971076965332,
      "mid_to_side_loudness": -14.330087661743164,
      "mid_to_side_loudness_range": 11.561420440673828,
      "side_mean": -48.844398498535156
    },
    {
      "high_freq": 4349.24462890625,
      "loudness": -40.34273910522461,
      "loudness_range": 30.783151626586914,
      "low_freq": 2549.74365234375,
      "mid_mean": -37.135528564453125,
      "mid_to_side_loudness": -16.725772857666016,
      "mid_to_side_loudness_range": 11.653614044189453,
      "side_mean": -54.121673583984375
    },
    {
      "high_freq": 7314.1640625,
      "loudness": -47.358516693115234,
      "loudness_range": 32.96630859375,
      "low_freq": 4349.24462890625,
      "mid_mean": -43.66456604003906,
      "mid_to_side_loudness": -20.011869430541992,
      "mid_to_side_loudness_range": 12.980552673339844,
      "side_mean": -60.937904357910156
    },
    {
      "high_freq": 12199.2666015625,
      "loudness": -53.0664176940918,
      "loudness_range": 28.401752471923828,
      "low_freq": 7314.1640625,
      "mid_mean": -49.31194305419922,
      "mid_to_side_loudness": -25.998199462890625,
      "mid_to_side_loudness_range": 23.452632904052734,
      "side_mean": -67.44090270996094
    },
    {
      "loudness": -62.04501724243164,
      "loudness_range": 21.37505340576172,
      "low_freq": 12199.2666015625,
      "mid_mean": -58.038818359375,
      "mid_to_side_loudness": -32.299583435058594,
      "mid_to_side_loudness_range": 26.163808822631836,
      "side_mean": -69.79715728759766
    }
  ],
  "bandwidth": 760.44140625,
  "channels": 2,
  "covariance": [
    [
      104.30049896240234,
      78.15939331054688,
      49.1839714050293,
      70.28564453125,
      55.633758544921875,
      59.260719299316406,
      52.32736587524414,
      49.777313232421875,
      53.40171813964844,
      54.044673919677734,
      51.82050704956055,
      49.71977615356445,
      55.55485153198242,
      35.63218307495117,
      48.98053741455078,
      11.639307975769043,
      24.783742904663086,
      0.79823237657547
    ],
    [
      78.15939331054688,
      78.40676879882812,
      40.233062744140625,
      57.78824996948242,
      44.39519119262695,
      47.898963928222656,
      40.93373107910156,
      38.470340728759766,
      43.39761734008789,
      43.21553039550781,
      41.51431655883789,
      45.229949951171875,
      43.386741638183594,
      31.15113067626953,
      39.68238067626953,
      9.896299362182617,
      22.466020584106445,
      0.6267207264900208
    ],
    [
      49.1839714050293,
      40.233062744140625,
      80.60904693603516,
      68.73955535888672,
      68.54022216796875,
      68.68153381347656,
      67.24080657958984,
      65.10639953613281,
      62.293540954589844,
      60.5396842956543,
      60.92448043823242,
      56.861568450927734,
      59.87363815307617,
      35.70444869995117,
      52.20029830932617,
      11.457154273986816,
      28.83011245727539,
      0.9378706216812134
    ],
    [
      70.28564453125,
      57.78824996948242,
      68.73955535888672,
      106.72026824951172,
      82.35606384277344,
      86.08734893798828,
      85.87822723388672,
      81.72750091552734,
      77.2301025390625,
      77.80045318603516,
      75.32176208496094,
      70.51337432861328,
      76.45171356201172,
      45.200218200683594,
      66.92144012451172,
      15.385642051696777,
      37.773162841796875,
      1.1848071813583374
    ],
    [
      55.633758544921875,
      44.39519119262695,
      68.54022216796875,
      82.35606384277344,
      98.21417236328125,
      90.15574645996094,
      94.00468444824219,
      86.56100463867188,
      87.94810485839844,
      84.27542114257812,
      87.39006805419922,
      79.2105712890625,
      84.21443176269531,
      49.09640121459961,
      69.27043914794922,
      13.424295425415039,
      37.4177131652832,
      0.9216976165771484
    ],
    [
      59.260719299316406,
      47.898963928222656,
      68.68153381347656,
      86.08734893798828,
      90.15574645996094,
      97.26547241210938,
      92.10169982910156,
      87.7680892944336,
      86.19837951660156,
      85.82305908203125,
      85.40283966064453,
      80.2858657836914,
      82.39261627197266,
      49.51833724975586,
      68.29173278808594,
      13.674808502197266,
      36.16850280761719,
      0.8707296252250671
    ],
    [
      52.32736587524414,
      40.93373107910156,
      67.24080657958984,
      85.87822723388672,
      94.00468444824219,
      92.10169982910156,
      111.258544921875,
      99.42896270751953,
      97.91853332519531,
      94.3564682006836,
      103.89237976074219,
      91.66494750976562,
      100.63750457763672,
      59.360286712646484,
      81.15694427490234,
      18.058563232421875,
      43.46696472167969,
      1.3380001783370972
    ],
    [
      49.777313232421875,
      38.470340728759766,
      65.10639953613281,
      81.72750091552734,
      86.56100463867188,
      87.7680892944336,
      99.42896270751953,
      98.69437408447266,
      87.75650787353516,
      87.78618621826172,
      92.79063415527344,
      85.87667083740234,
      88.25072479248047,
      54.11749267578125,
      73.44384765625,
      17.597911834716797,
      39.61958694458008,
      1.2415668964385986
    ],
    [
      53.40171813964844,
      43.39761734008789,
      62.293540954589844,
      77.2301025390625,
      87.94810485839844,
      86.19837951660156,
      97.91853332519531,
      87.75650787353516,
      100.32396697998047,
      94.3011474609375,
      105.10558319091797,
      92.90524291992188,
      103.20751190185547,
      61.92105484008789,
      83.33560180664062,
      18.85347557067871,
      44.728492736816406,
      1.321808934211731
    ],
    [
      54.044673919677734,
      43.21553039550781,
      60.5396842956543,
      77.80045318603516,
      84.27542114257812,
      85.82305908203125,
      94.3564682006836,
      87.78618621826172,
      94.3011474609375,
      96.32730102539062,
      99.93376922607422,
      92.0717544555664,
      99.49263763427734,
      62.68216323852539,
      80.09444427490234,
      18.447965621948242,
      42.61890411376953,
      1.3672868013381958
    ],
    [
      51.82050704956055,
      41.51431655883789,
      60.92448043823242,
      75.32176208496094,
      87.39006805419922,
      85.40283966064453,
      103.89237976074219,
      92.79063415527344,
      105.10558319091797,
      99.93376922607422,
      130.4075927734375,
      112.1307601928711,
      127.50101470947266,
      78.94633483886719,
      103.31770324707031,
      26.60483169555664,
      57.15050506591797,
      2.0152759552001953
    ],
    [
      49.71977615356445,
      45.229949951171875,
      56.861568450927734,
      70.51337432861328,
      79.2105712890625,
      80.2858657836914,
      91.66494750976562,
      85.87667083740234,
      92.90524291992188,
      92.0717544555664,
      112.1307601928711,
      110.036865234375,
      110.6015853881836,
      74.65338134765625,
      92.38343048095703,
      25.02191734313965,
      54.444923400878906,
      1.929368019104004
    ],
    [
      55.55485153198242,
      43.386741638183594,
      59.87363815307617,
      76.45171356201172,
      84.21443176269531,
      82.39261627197266,
      100.63750457763672,
      88.25072479248047,
      103.20751190185547,
      99.49263763427734,
      127.50101470947266,
      110.6015853881836,
      138.5108642578125,
      87.07656860351562,
      111.46080017089844,
      31.915361404418945,
      64.0708236694336,
      2.539649724960327
    ],
    [
      35.63218307495117,
      31.15113067626953,
      35.70444869995117,
      45.200218200683594,
      49.09640121459961,
      49.51833724975586,
      59.360286712646484,
      54.11749267578125,
      61.92105484008789,
      62.68216323852539,
      78.94633483886719,
      74.65338134765625,
      87.07656860351562,
      62.70511245727539,
      71.19947052001953,
      23.528379440307617,
      43.33729934692383,
      2.0157887935638428
    ],
    [
      48.98053741455078,
      39.68238067626953,
      52.20029830932617,
      66.92144012451172,
      69.27043914794922,
      68.29173278808594,
      81.15694427490234,
      73.44384765625,
      83.33560180664062,
      80.09444427490234,
      103.31770324707031,
      92.38343048095703,
      111.46080017089844,
      71.19947052001953,
      102.14508819580078,
      32.17597198486328,
      62.60768508911133,
      2.7046468257904053
    ],
    [
      11.639307975769043,
      9.896299362182617,
      11.457154273986816,
      15.385642051696777,
      13.424295425415039,
      13.674808502197266,
      18.058563232421875,
      17.597911834716797,
      18.85347557067871,
      18.447965621948242,
      26.60483169555664,
      25.02191734313965,
      31.915361404418945,
      23.528379440307617,
      32.17597198486328,
      18.15039825439453,
      23.768564224243164,
      1.8082157373428345
    ],
    [
      24.783742904663086,
      22.466020584106445,
      28.83011245727539,
      37.773162841796875,
      37.4177131652832,
      36.16850280761719,
      43.46696472167969,
      39.61958694458008,
      44.728492736816406,
      42.61890411376953,
      57.15050506591797,
      54.444923400878906,
      64.0708236694336,
      43.33729934692383,
      62.60768508911133,
      23.768564224243164,
      50.79300308227539,
      2.3510329723358154
    ],
    [
      0.79823237657547,
      0.6267207264900208,
      0.9378706216812134,
      1.1848071813583374,
      0.9216976165771484,
      0.8707296252250671,
      1.3380001783370972,
      1.2415668964385986,
      1.321808934211731,
      1.3672868013381958,
      2.0152759552001953,
      1.929368019104004,
      2.539649724960327,
      2.0157887935638428,
      2.7046468257904053,
      1.8082157373428345,
      2.3510329723358154,
      0.3523964583873749
    ]
  ],
  "covariance_short": [
    [
      109.23212432861328,
      70.3226089477539,
      40.66465759277344,
      69.0217056274414,
      52.55339431762695,
      54.494598388671875,
      47.02067947387695,
      46.3712272644043,
      47.8691291809082,
      47.86517333984375,
      44.73407745361328,
      44.35736083984375,
      45.92469024658203,
      28.9482479095459,
      41.617942810058594,
      9.377907752990723,
      18.83851432800293,
      0.6041591763496399
    ],
    [
      70.3226089477539,
      74.90342712402344,
      29.469091415405273,
      54.62636947631836,
      38.33894348144531,
      41.08055877685547,
      35.30111312866211,
      34.22300720214844,
      36.92043685913086,
      36.330753326416016,
      35.51798629760742,
      39.17947006225586,
      36.102622985839844,
      25.607528686523438,
      33.63496017456055,
      7.596471309661865,
      17.494014739990234,
      0.4119442403316498
    ],
    [
      40.66465759277344,
      29.469091415405273,
      64.14857482910156,
      51.28010559082031,
      55.97222900390625,
      55.507911682128906,
      53.388851165771484,
      53.40614318847656,
      51.014835357666016,
      50.711090087890625,
      49.98401641845703,
      48.05150604248047,
      46.87639617919922,
      28.684629440307617,
      41.20466995239258,
      8.42684555053711,
      22.185537338256836,
      0.7220206260681152
    ],
    [
      69.0217056274414,
      54.62636947631836,
      51.28010559082031,
      106.30810546875,
      79.99293518066406,
      84.01688385009766,
      82.00415802001953,
      78.83729553222656,
      73.8124008178711,
      74.49937438964844,
      72.41288757324219,
      68.80709075927734,
      73.46060180664062,
      44.60049057006836,
      63.903141021728516,
      14.07022476196289,
      34.50467300415039,
      1.0808137655258179
    ],
    [
      52.55339431762695,
      38.33894348144531,
      55.97222900390625,
      79.99293518066406,
      103.53369903564453,
      90.2174301147461,
      93.31036376953125,
      87.58148193359375,
      87.5008544921875,
      83.98069763183594,
      86.9444580078125,
      79.19314575195312,
      81.60917663574219,
      47.565547943115234,
      67.54987335205078,
      12.708222389221191,
      35.62968444824219,
      0.9324982166290283
    ],
    [
      54.494598388671875,
      41.08055877685547,
      55.507911682128906,
      84.01688385009766,
      90.2174301147461,
      100.402099609375,
      91.04176330566406,
      87.99850463867188,
      85.34645080566406,
      85.35582733154297,
      84.7939453125,
      80.09916687011719,
      81.50821685791016,
      49.30438995361328,
      67.86831665039062,
      13.79262924194336,
      35.82048797607422,
      0.9362989664077759
    ],
    [
      47.02067947387695,
      35.30111312866211,
      53.388851165771484,
      82.00415802001953,
      93.31036376953125,
      91.04176330566406,
      112.78784942626953,
      97.97156524658203,
      97.5412826538086,
      93.58648681640625,
      103.80909729003906,
      91.25337982177734,
      100.44601440429688,
      59.14634704589844,
      80.51168823242188,
      17.409765243530273,
      42.310855865478516,
      1.3083055019378662
    ],
    [
      46.3712272644043,
      34.22300720214844,
      53.40614318847656,
      78.83729553222656,
      87.58148193359375,
      87.99850463867188,
      97.97156524658203,
      100.41424560546875,
      87.75453186035156,
      87.81693267822266,
      92.88397979736328,
      86.03807830810547,
      88.219970703125,
      54.35586166381836,
      72.37649536132812,
      16.69964599609375,
      37.53672790527344,
      1.1957001686096191
    ],
    [
      47.8691291809082,
      36.92043685913086,
      51.014835357666016,
      73.8124008178711,
      87.5008544921875,
      85.34645080566406,
      97.5412826538086,
      87.75453186035156,
      102.22269439697266,
      93.460693359375,
      105.10617065429688,
      92.6688232421875,
      103.16561889648438,
      61.432586669921875,
      83.01943969726562,
      18.034950256347656,
      43.774444580078125,
      1.2860667705535889
    ],
    [
      47.86517333984375,
      36.330753326416016,
      50.711090087890625,
      74.49937438964844,
      83.98069763183594,
      85.35582733154297,
      93.58648681640625,
      87.81693267822266,
      93.460693359375,
      97.92643737792969,
      99.18294525146484,
      91.98277282714844,
      98.61485290527344,
      62.30272674560547,
      79.2328109741211,
      17.744121551513672,
      41.16513442993164,
      1.360448956489563
    ],
    [
      44.73407745361328,
      35.51798629760742,
      49.98401641845703,
      72.41288757324219,
      86.9444580078125,
      84.7939453125,
      103.80909729003906,
      92.88397979736328,
      105.10617065429688,
      99.18294525146484,
      132.0718536376953,
      111.62889099121094,
      127.85346984863281,
      78.08890533447266,
      103.52737426757812,
      25.34952735900879,
      56.15972137451172,
      1.9479749202728271
    ],
    [
      44.35736083984375,
      39.17947006225586,
      48.05150604248047,
      68.80709075927734,
      79.19314575195312,
      80.09916687011719,
      91.25337982177734,
      86.03807830810547,
      92.6688232421875,
      91.98277282714844,
      111.62889099121094,
      111.27620697021484,
      109.86686706542969,
      74.0949478149414,
      91.48772430419922,
      23.815324783325195,
      52.51927185058594,
      1.8806458711624146
    ],
    [
      45.92469024658203,
      36.102622985839844,
      46.87639617919922,
      73.46060180664062,
      81.60917663574219,
      81.50821685791016,
      100.44601440429688,
      88.219970703125,
      103.16561889648438,
      98.61485290527344,
      127.85346984863281,
      109.86686706542969,
      139.478759765625,
      85.58028411865234,
      111.65122985839844,
      30.3642578125,
      63.1693000793457,
      2.4358394145965576
    ],
    [
      28.9482479095459,
      25.607528686523438,
      28.684629440307617,
      44.60049057006836,
      47.565547943115234,
      49.30438995361328,
      59.14634704589844,
      54.35586166381836,
      61.432586669921875,
      62.30272674560547,
      78.08890533447266,
      74.0949478149414,
      85.58028411865234,
      63.09859085083008,
      70.22924041748047,
      22.53007698059082,
      41.77448654174805,
      1.9555827379226685
    ],
    [
      41.617942810058594,
      33.63496017456055,
      41.20466995239258,
      63.903141021728516,
      67.54987335205078,
      67.86831665039062,
      80.51168823242188,
      72.37649536132812,
      83.01943969726562,
      79.2328109741211,
      103.52737426757812,
      91.48772430419922,
      111.65122985839844,
      70.22924041748047,
      103.00009155273438,
      30.546531677246094,
      61.97230911254883,
      2.586256265640259
    ],
    [
      9.377907752990723,
      7.596471309661865,
      8.42684555053711,
      14.07022476196289,
      12.708222389221191,
      13.79262924194336,
      17.409765243530273,
      16.69964599609375,
      18.034950256347656,
      17.744121551513672,
      25.34952735900879,
      23.815324783325195,
      30.3642578125,
      22.53007698059082,
      30.546531677246094,
      18.287254333496094,
      22.19389533996582,
      1.7643147706985474
    ],
    [
      18.83851432800293,
      17.494014739990234,
      22.185537338256836,
      34.50467300415039,
      35.62968444824219,
      35.82048797607422,
      42.310855865478516,
      37.53672790527344,
      43.774444580078125,
      41.16513442993164,
      56.15972137451172,
      52.51927185058594,
      63.1693000793457,
      41.77448654174805,
      61.97230911254883,
      22.19389533996582,
      50.383705139160156,
      2.182000160217285
    ],
    [
      0.6041591763496399,
      0.4119442403316498,
      0.7220206260681152,
      1.0808137655258179,
      0.9324982166290283,
      0.9362989664077759,
      1.3083055019378662,
      1.1957001686096191,
      1.2860667705535889,
      1.360448956489563,
      1.9479749202728271,
      1.8806458711624146,
      2.4358394145965576,
      1.9555827379226685,
      2.586256265640259,
      1.7643147706985474,
      2.182000160217285,
      0.4005751609802246
    ]
  ],
  "damage": -15.477319717407227,
  "diff_bandwidth": 811.4107666015625,
  "dissonance": 6.7697328420015115,
  "drr": 3.2714428901672363,
  "dynamics": 5.665928363800049,
  "format": 1245190,
  "frames": 6717376,
  "loudness": -21.307037353515625,
  "loudness_range": 25.452125549316406,
  "loudness_range_short": 26.051490783691406,
  "lowpass_true_peak_15khz": -3.731609344482422,
  "mastering3_acoustic_entropies": [
    {
      "acoustic_entropy": 5.840229034423828,
      "acoustic_entropy_mono": 5.830808639526367,
      "band_eliminated_acoustic_entropies": [
        {
          "acoustic_entropy": 5.833576202392578,
          "acoustic_entropy_side": 5.840235233306885,
          "hz": 129.47220167065723
        },
        {
          "acoustic_entropy": 5.974926471710205,
          "acoustic_entropy_side": 5.840440273284912,
          "hz": 202.92927478742237
        },
        {
          "acoustic_entropy": 5.736557960510254,
          "acoustic_entropy_side": 5.840727806091309,
          "hz": 282.89161906338205
        },
        {
          "acoustic_entropy": 6.238231182098389,
          "acoustic_entropy_side": 5.84517765045166,
          "hz": 369.9353335868758
        },
        {
          "acoustic_entropy": 5.855790138244629,
          "acoustic_entropy_side": 5.835182189941406,
          "hz": 464.6875360973435
        },
        {
          "acoustic_entropy": 6.192004203796387,
          "acoustic_entropy_side": 5.831362247467041,
          "hz": 567.8308811364784
        },
        {
          "acoustic_entropy": 5.958488464355469,
          "acoustic_entropy_side": 5.82404899597168,
          "hz": 680.1084783214808
        },
        {
          "acoustic_entropy": 5.908077716827393,
          "acoustic_entropy_side": 5.829542636871338,
          "hz": 802.3292461747484
        },
        {
          "acoustic_entropy": 5.826235294342041,
          "acoustic_entropy_side": 5.867438316345215,
          "hz": 935.3737400823702
        },
        {
          "acoustic_entropy": 5.918865203857422,
          "acoustic_entropy_side": 5.847126007080078,
          "hz": 1080.2004963696966
        },
        {
          "acoustic_entropy": 5.904399394989014,
          "acoustic_entropy_side": 5.822318077087402,
          "hz": 1237.8529382007157
        },
        {
          "acoustic_entropy": 5.9098639488220215,
          "acoustic_entropy_side": 5.8458027839660645,
          "hz": 1409.4668930556702
        },
        {
          "acoustic_entropy": 6.130959510803223,
          "acoustic_entropy_side": 5.845285892486572,
          "hz": 1596.2787759475705
        },
        {
          "acoustic_entropy": 5.896683216094971,
          "acoustic_entropy_side": 5.804168701171875,
          "hz": 1799.6344973346393
        },
        {
          "acoustic_entropy": 5.8147478103637695,
          "acoustic_entropy_side": 5.840734958648682,
          "hz": 2020.9991599069049
        },
        {
          "acoustic_entropy": 5.81223201751709,
          "acoustic_entropy_side": 5.846829891204834,
          "hz": 2261.9676141086993
        },
        {
          "acoustic_entropy": 5.8685736656188965,
          "acoustic_entropy_side": 5.831530570983887,
          "hz": 2524.2759484456974
        },
        {
          "acoustic_entropy": 5.687561988830566,
          "acoustic_entropy_side": 5.844994068145752,
          "hz": 2809.813997359896
        },
        {
          "acoustic_entropy": 5.963710784912109,
          "acoustic_entropy_side": 5.841960430145264,
          "hz": 3120.6389567871424
        },
        {
          "acoustic_entropy": 5.886455059051514,
          "acoustic_entropy_side": 5.840244293212891,
          "hz": 3458.990205492291
        },
        {
          "acoustic_entropy": 5.795812129974365,
          "acoustic_entropy_side": 5.844058036804199,
          "hz": 3827.305438964164
        },
        {
          "acoustic_entropy": 5.861114025115967,
          "acoustic_entropy_side": 5.8415303230285645,
          "hz": 4228.238232109126
        },
        {
          "acoustic_entropy": 5.732073783874512,
          "acoustic_entropy_side": 5.840401649475098,
          "hz": 4664.6771572759235
        },
        {
          "acoustic_entropy": 5.621694087982178,
          "acoustic_entropy_side": 5.840921878814697,
          "hz": 5139.766595350093
        },
        {
          "acoustic_entropy": 5.794036865234375,
          "acoustic_entropy_side": 5.840657711029053,
          "hz": 5656.929389854203
        },
        {
          "acoustic_entropy": 5.919058799743652,
          "acoustic_entropy_side": 5.840478897094727,
          "hz": 6219.891507268283
        },
        {
          "acoustic_entropy": 5.859310626983643,
          "acoustic_entropy_side": 5.840259075164795,
          "hz": 6832.70888123896
        },
        {
          "acoustic_entropy": 5.879135608673096,
          "acoustic_entropy_side": 5.840228080749512,
          "hz": 7499.796634079867
        },
        {
          "acoustic_entropy": 5.554872512817383,
          "acoustic_entropy_side": 5.840225696563721,
          "hz": 8225.96088609342
        },
        {
          "acoustic_entropy": 5.572582244873047,
          "acoustic_entropy_side": 5.840218544006348,
          "hz": 9016.43338188839
        },
        {
          "acoustic_entropy": 5.557784080505371,
          "acoustic_entropy_side": 5.840224742889404,
          "hz": 9876.909183162974
        },
        {
          "acoustic_entropy": 5.84257173538208,
          "acoustic_entropy_side": 5.840228080749512,
          "hz": 10813.587699516042
        },
        {
          "acoustic_entropy": 5.844751358032227,
          "acoustic_entropy_side": 5.840229034423828,
          "hz": 11833.21735289826
        },
        {
          "acoustic_entropy": 5.837800979614258,
          "acoustic_entropy_side": 5.840229034423828,
          "hz": 12943.144197493959
        },
        {
          "acoustic_entropy": 5.837623596191406,
          "acoustic_entropy_side": 5.840229034423828,
          "hz": 14151.364845322005
        },
        {
          "acoustic_entropy": 5.835045337677002,
          "acoustic_entropy_side": 5.840229034423828,
          "hz": 15466.58407886509
        },
        {
          "acoustic_entropy": 5.840113639831543,
          "acoustic_entropy_side": 5.840229034423828,
          "hz": 16898.27756580493
        },
        {
          "acoustic_entropy": 5.840230941772461,
          "acoustic_entropy_side": 5.840229034423828,
          "hz": 18456.760127700032
        },
        {
          "acoustic_entropy": 5.84022855758667,
          "acoustic_entropy_side": 5.840229034423828,
          "hz": 20153.260054456492
        },
        {
          "acoustic_entropy": 5.840229034423828,
          "acoustic_entropy_side": 5.840229034423828,
          "hz": 22000.00000000001
        }
      ],
      "diff_acoustic_entropy": 1.3073961734771729,
      "sn": 6
    },
    {
      "acoustic_entropy": 9.692248344421387,
      "acoustic_entropy_mono": 10.387709617614746,
      "band_eliminated_acoustic_entropies": [
        {
          "acoustic_entropy": 9.221463203430176,
          "acoustic_entropy_side": 9.692317008972168,
          "hz": 129.47220167065723
        },
        {
          "acoustic_entropy": 9.568217277526855,
          "acoustic_entropy_side": 9.694425582885742,
          "hz": 202.92927478742237
        },
        {
          "acoustic_entropy": 10.237617492675781,
          "acoustic_entropy_side": 9.68460750579834,
          "hz": 282.89161906338205
        },
        {
          "acoustic_entropy": 10.943929672241211,
          "acoustic_entropy_side": 9.68839168548584,
          "hz": 369.9353335868758
        },
        {
          "acoustic_entropy": 10.114709854125977,
          "acoustic_entropy_side": 9.578173637390137,
          "hz": 464.6875360973435
        },
        {
          "acoustic_entropy": 9.700282096862793,
          "acoustic_entropy_side": 9.587690353393555,
          "hz": 567.8308811364784
        },
        {
          "acoustic_entropy": 9.99988842010498,
          "acoustic_entropy_side": 10.096546173095703,
          "hz": 680.1084783214808
        },
        {
          "acoustic_entropy": 10.187175750732422,
          "acoustic_entropy_side": 9.964005470275879,
          "hz": 802.3292461747484
        },
        {
          "acoustic_entropy": 9.49594783782959,
          "acoustic_entropy_side": 9.548827171325684,
          "hz": 935.3737400823702
        },
        {
          "acoustic_entropy": 10.177472114562988,
          "acoustic_entropy_side": 9.858263969421387,
          "hz": 1080.2004963696966
        },
        {
          "acoustic_entropy": 9.513147354125977,
          "acoustic_entropy_side": 9.737096786499023,
          "hz": 1237.8529382007157
        },
        {
          "acoustic_entropy": 9.684351921081543,
          "acoustic_entropy_side": 9.695887565612793,
          "hz": 1409.4668930556702
        },
        {
          "acoustic_entropy": 9.72497272491455,
          "acoustic_entropy_side": 9.696589469909668,
          "hz": 1596.2787759475705
        },
        {
          "acoustic_entropy": 9.585627555847168,
          "acoustic_entropy_side": 9.820671081542969,
          "hz": 1799.6344973346393
        },
        {
          "acoustic_entropy": 10.078408241271973,
          "acoustic_entropy_side": 9.6521635055542,
          "hz": 2020.9991599069049
        },
        {
          "acoustic_entropy": 10.066869735717773,
          "acoustic_entropy_side": 9.718157768249512,
          "hz": 2261.9676141086993
        },
        {
          "acoustic_entropy": 10.08873462677002,
          "acoustic_entropy_side": 9.741276741027832,
          "hz": 2524.2759484456974
        },
        {
          "acoustic_entropy": 9.801572799682617,
          "acoustic_entropy_side": 9.620689392089844,
          "hz": 2809.813997359896
        },
        {
          "acoustic_entropy": 9.60920524597168,
          "acoustic_entropy_side": 9.601386070251465,
          "hz": 3120.6389567871424
        },
        {
          "acoustic_entropy": 9.737129211425781,
          "acoustic_entropy_side": 9.690553665161133,
          "hz": 3458.990205492291
        },
        {
          "acoustic_entropy": 9.857279777526855,
          "acoustic_entropy_side": 9.732473373413086,
          "hz": 3827.305438964164
        },
        {
          "acoustic_entropy": 9.603323936462402,
          "acoustic_entropy_side": 9.716652870178223,
          "hz": 4228.238232109126
        },
        {
          "acoustic_entropy": 9.658392906188965,
          "acoustic_entropy_side": 9.6873197555542,
          "hz": 4664.6771572759235
        },
        {
          "acoustic_entropy": 9.720344543457031,
          "acoustic_entropy_side": 9.697986602783203,
          "hz": 5139.766595350093
        },
        {
          "acoustic_entropy": 9.681501388549805,
          "acoustic_entropy_side": 9.697416305541992,
          "hz": 5656.929389854203
        },
        {
          "acoustic_entropy": 9.762900352478027,
          "acoustic_entropy_side": 9.692869186401367,
          "hz": 6219.891507268283
        },
        {
          "acoustic_entropy": 9.703011512756348,
          "acoustic_entropy_side": 9.692066192626953,
          "hz": 6832.70888123896
        },
        {
          "acoustic_entropy": 9.816637992858887,
          "acoustic_entropy_side": 9.692301750183105,
          "hz": 7499.796634079867
        },
        {
          "acoustic_entropy": 9.807608604431152,
          "acoustic_entropy_side": 9.69234848022461,
          "hz": 8225.96088609342
        },
        {
          "acoustic_entropy": 9.650050163269043,
          "acoustic_entropy_side": 9.692584037780762,
          "hz": 9016.43338188839
        },
        {
          "acoustic_entropy": 9.719030380249023,
          "acoustic_entropy_side": 9.692353248596191,
          "hz": 9876.909183162974
        },
        {
          "acoustic_entropy": 9.718173027038574,
          "acoustic_entropy_side": 9.692255973815918,
          "hz": 10813.587699516042
        },
        {
          "acoustic_entropy": 9.714410781860352,
          "acoustic_entropy_side": 9.69225025177002,
          "hz": 11833.21735289826
        },
        {
          "acoustic_entropy": 9.65162467956543,
          "acoustic_entropy_side": 9.692248344421387,
          "hz": 12943.144197493959
        },
        {
          "acoustic_entropy": 9.704652786254883,
          "acoustic_entropy_side": 9.692248344421387,
          "hz": 14151.364845322005
        },
        {
          "acoustic_entropy": 9.72909927368164,
          "acoustic_entropy_side": 9.692248344421387,
          "hz": 15466.58407886509
        },
        {
          "acoustic_entropy": 9.704801559448242,
          "acoustic_entropy_side": 9.692248344421387,
          "hz": 16898.27756580493
        },
        {
          "acoustic_entropy": 9.692479133605957,
          "acoustic_entropy_side": 9.692248344421387,
          "hz": 18456.760127700032
        },
        {
          "acoustic_entropy": 9.692249298095703,
          "acoustic_entropy_side": 9.692248344421387,
          "hz": 20153.260054456492
        },
        {
          "acoustic_entropy": 9.692248344421387,
          "acoustic_entropy_side": 9.692248344421387,
          "hz": 22000.00000000001
        }
      ],
      "diff_acoustic_entropy": 2.7895140647888184,
      "sn": 12
    },
    {
      "acoustic_entropy": 16.51532745361328,
      "acoustic_entropy_mono": 16.104248046875,
      "band_eliminated_acoustic_entropies": [
        {
          "acoustic_entropy": 16.808122634887695,
          "acoustic_entropy_side": 16.515958786010742,
          "hz": 129.47220167065723
        },
        {
          "acoustic_entropy": 16.367578506469727,
          "acoustic_entropy_side": 16.504308700561523,
          "hz": 202.92927478742237
        },
        {
          "acoustic_entropy": 17.539165496826172,
          "acoustic_entropy_side": 16.31109619140625,
          "hz": 282.89161906338205
        },
        {
          "acoustic_entropy": 16.589574813842773,
          "acoustic_entropy_side": 16.38199234008789,
          "hz": 369.9353335868758
        },
        {
          "acoustic_entropy": 15.931126594543457,
          "acoustic_entropy_side": 15.50428581237793,
          "hz": 464.6875360973435
        },
        {
          "acoustic_entropy": 16.141958236694336,
          "acoustic_entropy_side": 17.07351303100586,
          "hz": 567.8308811364784
        },
        {
          "acoustic_entropy": 15.62459945678711,
          "acoustic_entropy_side": 16.4930419921875,
          "hz": 680.1084783214808
        },
        {
          "acoustic_entropy": 17.073753356933594,
          "acoustic_entropy_side": 17.169450759887695,
          "hz": 802.3292461747484
        },
        {
          "acoustic_entropy": 16.798803329467773,
          "acoustic_entropy_side": 16.869409561157227,
          "hz": 935.3737400823702
        },
        {
          "acoustic_entropy": 16.9227352142334,
          "acoustic_entropy_side": 16.801904678344727,
          "hz": 1080.2004963696966
        },
        {
          "acoustic_entropy": 17.013259887695312,
          "acoustic_entropy_side": 16.696701049804688,
          "hz": 1237.8529382007157
        },
        {
          "acoustic_entropy": 16.815196990966797,
          "acoustic_entropy_side": 16.593435287475586,
          "hz": 1409.4668930556702
        },
        {
          "acoustic_entropy": 16.086463928222656,
          "acoustic_entropy_side": 16.454490661621094,
          "hz": 1596.2787759475705
        },
        {
          "acoustic_entropy": 15.985629081726074,
          "acoustic_entropy_side": 16.40180015563965,
          "hz": 1799.6344973346393
        },
        {
          "acoustic_entropy": 16.51285743713379,
          "acoustic_entropy_side": 16.42091178894043,
          "hz": 2020.9991599069049
        },
        {
          "acoustic_entropy": 16.355815887451172,
          "acoustic_entropy_side": 16.665403366088867,
          "hz": 2261.9676141086993
        },
        {
          "acoustic_entropy": 17.013795852661133,
          "acoustic_entropy_side": 17.132341384887695,
          "hz": 2524.2759484456974
        },
        {
          "acoustic_entropy": 16.917354583740234,
          "acoustic_entropy_side": 16.646320343017578,
          "hz": 2809.813997359896
        },
        {
          "acoustic_entropy": 16.509109497070312,
          "acoustic_entropy_side": 16.651580810546875,
          "hz": 3120.6389567871424
        },
        {
          "acoustic_entropy": 16.702438354492188,
          "acoustic_entropy_side": 16.58184051513672,
          "hz": 3458.990205492291
        },
        {
