{
  "acoustic_entropy": 177.32357788085938,
  "bands": [
    {
      "high_freq": 148.1999969482422,
      "loudness": -31.712242126464844,
      "loudness_range": 17.002649307250977,
      "mid_mean": -29.0142765045166,
      "mid_to_side_loudness": -7.309558868408203,
      "mid_to_side_loudness_range": 12.115023612976074,
      "side_mean": -37.96653366088867
    },
    {
      "high_freq": 392.3793640136719,
      "loudness": -23.495586395263672,
      "loudness_range": 15.54080581665039,
      "low_freq": 148.1999969482422,
      "mid_mean": -22.700525283813477,
      "mid_to_side_loudness": -1.5202562808990479,
      "mid_to_side_loudness_range": 13.34123420715332,
      "side_mean": -24.29157257080078
    },
    {
      "high_freq": 794.6976318359375,
      "loudness": -25.499771118164062,
      "loudness_range": 15.362937927246094,
      "low_freq": 392.3793640136719,
      "mid_mean": -23.706417083740234,
      "mid_to_side_loudness": -3.3825302124023438,
      "mid_to_side_loudness_range": 8.632417678833008,
      "side_mean": -27.078214645385742
    },
    {
      "high_freq": 1457.5709228515625,
      "loudness": -28.84281349182129,
      "loudness_range": 23.523706436157227,
      "low_freq": 794.6976318359375,
      "mid_mean": -26.824138641357422,
      "mid_to_side_loudness": -3.733823537826538,
      "mid_to_side_loudness_range": 8.421957015991211,
      "side_mean": -30.769874572753906
    },
    {
      "high_freq": 2549.74365234375,
      "loudness": -32.120521545410156,
      "loudness_range": 26.25409698486328,
      "low_freq": 1457.5709228515625,
      "mid_mean": -30.303298950195312,
      "mid_to_side_loudness": -3.1642117500305176,
      "mid_to_side_loudness_range": 6.5843353271484375,
      "side_mean": -33.5012092590332
    },
    {
      "high_freq": 4349.24462890625,
      "loudness": -37.38408660888672,
      "loudness_range": 23.471466064453125,
      "low_freq": 2549.74365234375,
      "mid_mean": -35.93581771850586,
      "mid_to_side_loudness": -1.917622447013855,
      "mid_to_side_loudness_range": 5.782148838043213,
      "side_mean": -37.920936584472656
    },
    {
      "high_freq": 7314.1640625,
      "loudness": -50.782649993896484,
      "loudness_range": 22.799034118652344,
      "low_freq": 4349.24462890625,
      "mid_mean": -49.48506546020508,
      "mid_to_side_loudness": -1.9400341510772705,
      "mid_to_side_loudness_range": 3.544365644454956,
      "side_mean": -51.491050720214844
    },
    {
      "high_freq": 12199.2666015625,
      "loudness": -60.73584747314453,
      "loudness_range": 20.952831268310547,
      "low_freq": 7314.1640625,
      "mid_mean": -58.48622512817383,
      "mid_to_side_loudness": -1.9214099645614624,
      "mid_to_side_loudness_range": 5.221274375915527,
      "side_mean": -60.019378662109375
    },
    {
      "loudness": -68.32038879394531,
      "loudness_range": 14.251399993896484,
      "low_freq": 12199.2666015625,
      "mid_mean": -64.40680694580078,
      "mid_to_side_loudness": -3.080857992172241,
      "mid_to_side_loudness_range": 4.725626468658447,
      "side_mean": -66.18364715576172
    }
  ],
  "bands_short": [
    {
      "high_freq": 148.1999969482422,
      "loudness": -35.66142272949219,
      "loudness_range": 19.81006622314453,
      "mid_mean": -33.301963806152344,
      "mid_to_side_loudness": -7.2047648429870605,
      "mid_to_side_loudness_range": 15.237059593200684,
      "side_mean": -41.575870513916016
    },
    {
      "high_freq": 392.3793640136719,
      "loudness": -23.27214813232422,
      "loudness_range": 16.10103416442871,
      "low_freq": 148.1999969482422,
      "mid_mean": -22.281646728515625,
      "mid_to_side_loudness": -2.0731828212738037,
      "mid_to_side_loudness_range": 13.72232437133789,
      "side_mean": -24.321231842041016
    },
    {
      "high_freq": 794.6976318359375,
      "loudness": -25.956052780151367,
      "loudness_range": 14.162500381469727,
      "low_freq": 392.3793640136719,
      "mid_mean": -24.437658309936523,
      "mid_to_side_loudness": -3.128408193588257,
      "mid_to_side_loudness_range": 12.770561218261719,
      "side_mean": -27.56685447692871
    },
    {
      "high_freq": 1457.5709228515625,
      "loudness": -28.280242919921875,
      "loudness_range": 22.782978057861328,
      "low_freq": 794.6976318359375,
      "mid_mean": -26.502668380737305,
      "mid_to_side_loudness": -3.467374801635742,
      "mid_to_side_loudness_range": 11.595907211303711,
      "side_mean": -30.264528274536133
    },
    {
      "high_freq": 2549.74365234375,
      "loudness": -32.35749435424805,
      "loudness_range": 25.961252212524414,
      "low_freq": 1457.5709228515625,
      "mid_mean": -30.688112258911133,
      "mid_to_side_loudness": -3.196704864501953,
      "mid_to_side_loudness_range": 10.139360427856445,
      "side_mean": -33.96826171875
    },
    {
      "high_freq": 4349.24462890625,
      "loudness": -37.5262336730957,
      "loudness_range": 23.199325561523438,
      "low_freq": 2549.74365234375,
      "mid_mean": -36.17724609375,
      "mid_to_side_loudness": -1.9409042596817017,
      "mid_to_side_loudness_range": 7.9031476974487305,
      "side_mean": -38.14601135253906
    },
    {
      "high_freq": 7314.1640625,
      "loudness": -50.838165283203125,
      "loudness_range": 22.916645050048828,
      "low_freq": 4349.24462890625,
      "mid_mean": -49.56974411010742,
      "mid_to_side_loudness": -1.9554316997528076,
      "mid_to_side_loudness_range": 5.5160112380981445,
      "side_mean": -51.6057014465332
    },
    {
      "high_freq": 12199.2666015625,
      "loudness": -60.83906555175781,
      "loudness_range": 20.877464294433594,
      "low_freq": 7314.1640625,
      "mid_mean": -58.62238311767578,
      "mid_to_side_loudness": -1.8680341243743896,
      "mid_to_side_loudness_range": 5.676799297332764,
      "side_mean": -60.09501647949219
    },
    {
      "loudness": -68.41728973388672,
      "loudness_range": 14.171539306640625,
      "low_freq": 12199.2666015625,
      "mid_mean": -64.51138305664062,
      "mid_to_side_loudness": -3.02933669090271,
      "mid_to_side_loudness_range": 4.805115699768066,
      "side_mean": -66.22330474853516
    }
  ],
  "bandwidth": 644.30517578125,
  "channels": 2,
  "covariance": [
    [
      44.067535400390625,
      35.389766693115234,
      14.17214584350586,
      15.490964889526367,
      10.585932731628418,
      9.839946746826172,
      14.642586708068848,
      15.314902305603027,
      11.716939926147461,
      13.557188987731934,
      10.53228759765625,
      8.806142807006836,
      10.376457214355469,
      9.140068054199219,
      5.866926193237305,
      6.941964626312256,
      1.5565516948699951,
      2.964219570159912
    ],
    [
      35.389766693115234,
      70.6981201171875,
      19.805124282836914,
      22.553466796875,
      13.893110275268555,
      11.055646896362305,
      14.837201118469238,
      15.920665740966797,
      11.083810806274414,
      11.991842269897461,
      8.20079231262207,
      4.18736457824707,
      8.950519561767578,
      6.629965782165527,
      4.241919040679932,
      3.3020896911621094,
      1.2721755504608154,
      1.4438529014587402
    ],
    [
      14.17214584350586,
      19.805124282836914,
      29.616104125976562,
      22.819963455200195,
      7.83586311340332,
      8.113520622253418,
      8.955004692077637,
      9.046043395996094,
      4.990791320800781,
      5.700404644012451,
      4.510484218597412,
      2.316873788833618,
      4.788980960845947,
      4.294079780578613,
      3.3529043197631836,
      2.438455581665039,
      2.5738768577575684,
      1.7305924892425537
    ],
    [
      15.490964889526367,
      22.553466796875,
      22.819963455200195,
      40.80082702636719,
      -1.608248233795166,
      -1.7357752323150635,
      -3.386880397796631,
      -4.239555358886719,
      -14.971894264221191,
      -12.089548110961914,
      -15.075526237487793,
      -14.142455101013184,
      -10.201101303100586,
      -9.812806129455566,
      -6.880525588989258,
      -7.073602676391602,
      -1.4660887718200684,
      -1.9870617389678955
    ],
    [
      10.585932731628418,
      13.893110275268555,
      7.83586311340332,
      -1.608248233795166,
      31.157583236694336,
      26.130094528198242,
      31.09088706970215,
      29.90511131286621,
      34.353633880615234,
      30.83087730407715,
      31.126567840576172,
      25.350648880004883,
      26.202373504638672,
      23.441877365112305,
      19.596874237060547,
      16.590116500854492,
      8.335297584533691,
      6.640443801879883
    ],
    [
      9.839946746826172,
      11.055646896362305,
      8.113520622253418,
      -1.7357752323150635,
      26.130094528198242,
      31.31328010559082,
      28.093677520751953,
      28.4134464263916,
      33.731201171875,
      30.574888229370117,
      29.693796157836914,
      24.127187728881836,
      24.70158576965332,
      21.805866241455078,
      17.583646774291992,
      14.473298072814941,
      6.3595781326293945,
      5.323214054107666
    ],
    [
      14.642586708068848,
      14.837201118469238,
      8.955004692077637,
      -3.386880397796631,
      31.09088706970215,
      28.093677520751953,
      70.2934341430664,
      59.286556243896484,
      59.4468879699707,
      55.13683319091797,
      57.526283264160156,
      50.40268325805664,
      50.25779724121094,
      46.300567626953125,
      37.68138122558594,
      34.79545211791992,
      18.14790916442871,
      15.06729507446289
    ],
    [
      15.314902305603027,
      15.920665740966797,
      9.046043395996094,
      -4.239555358886719,
      29.90511131286621,
      28.4134464263916,
      59.286556243896484,
      59.48187255859375,
      54.938140869140625,
      51.9494514465332,
      52.698577880859375,
      46.508460998535156,
      44.64166259765625,
      41.01939392089844,
      33.35669708251953,
      30.47959327697754,
      15.519580841064453,
      12.961746215820312
    ],
    [
      11.716939926147461,
      11.083810806274414,
      4.990791320800781,
      -14.971894264221191,
      34.353633880615234,
      33.731201171875,
      59.4468879699707,
      54.938140869140625,
      71.7955551147461,
      64.05113983154297,
      61.61228561401367,
      53.030517578125,
      52.40988540649414,
      47.434181213378906,
      37.813602447509766,
      33.90932083129883,
      15.260636329650879,
      13.304278373718262
    ],
    [
      13.557188987731934,
      11.991842269897461,
      5.700404644012451,
      -12.089548110961914,
      30.83087730407715,
      30.574888229370117,
      55.13683319091797,
      51.9494514465332,
      64.05113983154297,
      63.30644226074219,
      57.61246871948242,
      50.54995346069336,
      49.30002212524414,
      45.36433792114258,
      35.89839172363281,
      32.82990646362305,
      14.890746116638184,
      13.095641136169434
    ],
    [
      10.53228759765625,
      8.20079231262207,
      4.510484218597412,
      -15.075526237487793,
      31.126567840576172,
      29.693796157836914,
      57.526283264160156,
      52.698577880859375,
      61.61228561401367,
      57.61246871948242,
      70.05989837646484,
      62.554176330566406,
      61.522212982177734,
      57.85525894165039,
      45.518638610839844,
      42.93027877807617,
      20.17702293395996,
      17.789939880371094
    ],
    [
      8.806142807006836,
      4.18736457824707,
      2.316873788833618,
      -14.142455101013184,
      25.350648880004883,
      24.127187728881836,
      50.40268325805664,
      46.508460998535156,
      53.030517578125,
      50.54995346069336,
      62.554176330566406,
      60.31588363647461,
      57.8591194152832,
      55.688232421875,
      43.575347900390625,
      42.158023834228516,
      19.460132598876953,
      17.203237533569336
    ],
    [
      10.376457214355469,
      8.950519561767578,
      4.788980960845947,
      -10.201101303100586,
      26.202373504638672,
      24.70158576965332,
      50.25779724121094,
      44.64166259765625,
      52.40988540649414,
      49.30002212524414,
      61.522212982177734,
      57.8591194152832,
      66.58976745605469,
      63.43787384033203,
      48.82514572143555,
      46.15289306640625,
      22.29418182373047,
      19.130294799804688
    ],
    [
      9.140068054199219,
      6.629965782165527,
      4.294079780578613,
      -9.812806129455566,
      23.441877365112305,
      21.805866241455078,
      46.300567626953125,
      41.01939392089844,
      47.434181213378906,
      45.36433792114258,
      57.85525894165039,
      55.688232421875,
      63.43787384033203,
      64.7222900390625,
      48.795352935791016,
      46.66947555541992,
      22.569490432739258,
      19.28969383239746
    ],
    [
      5.866926193237305,
      4.241919040679932,
      3.3529043197631836,
      -6.880525588989258,
      19.596874237060547,
      17.583646774291992,
      37.68138122558594,
      33.35669708251953,
      37.813602447509766,
      35.89839172363281,
      45.518638610839844,
      43.575347900390625,
      48.82514572143555,
      48.795352935791016,
      41.123252868652344,
      37.66535568237305,
      20.603364944458008,
      16.361848831176758
    ],
    [
      6.941964626312256,
      3.3020896911621094,
      2.438455581665039,
      -7.073602676391602,
      16.590116500854492,
      14.473298072814941,
      34.79545211791992,
      30.47959327697754,
      33.90932083129883,
      32.82990646362305,
      42.93027877807617,
      42.158023834228516,
      46.15289306640625,
      46.66947555541992,
      37.66535568237305,
      36.88774871826172,
      18.31074333190918,
      15.761125564575195
    ],
    [
      1.5565516948699951,
      1.2721755504608154,
      2.5738768577575684,
      -1.4660887718200684,
      8.335297584533691,
      6.3595781326293945,
      18.14790916442871,
      15.519580841064453,
      15.260636329650879,
      14.890746116638184,
      20.17702293395996,
      19.460132598876953,
      22.29418182373047,
      22.569490432739258,
      20.603364944458008,
      18.31074333190918,
      13.043265342712402,
      9.439346313476562
    ],
    [
      2.964219570159912,
      1.4438529014587402,
      1.7305924892425537,
      -1.9870617389678955,
      6.640443801879883,
      5.323214054107666,
      15.06729507446289,
      12.961746215820312,
      13.304278373718262,
      13.095641136169434,
      17.789939880371094,
      17.203237533569336,
      19.130294799804688,
      19.28969383239746,
      16.361848831176758,
      15.761125564575195,
      9.439346313476562,
      7.8816046714782715
    ]
  ],
  "covariance_short": [
    [
      69.29246520996094,
      52.40656280517578,
      17.245010375976562,
      19.85445213317871,
      16.75515365600586,
      16.13951301574707,
      18.268863677978516,
      20.537521362304688,
      14.427224159240723,
      15.903738975524902,
      15.031922340393066,
      10.735444068908691,
      13.96710205078125,
      11.689180374145508,
      8.563600540161133,
      7.541078090667725,
      2.8757808208465576,
      3.0501723289489746
    ],
    [
      52.40656280517578,
      86.09772491455078,
      20.267091751098633,
      27.219493865966797,
      17.064815521240234,
      15.38145923614502,
      17.780134201049805,
      20.059511184692383,
      8.97968578338623,
      10.758156776428223,
      8.294591903686523,
      2.9954280853271484,
      7.464992046356201,
      5.2450690269470215,
      3.399529218673706,
      1.3905184268951416,
      1.0234843492507935,
      0.8611313700675964
    ],
    [
      17.245010375976562,
      20.267091751098633,
      29.56255531311035,
      22.70381736755371,
      9.059869766235352,
      11.099077224731445,
      9.773093223571777,
      9.510453224182129,
      6.507526397705078,
      7.622241020202637,
      5.542394161224365,
      3.2132585048675537,
      5.183477401733398,
      4.743842601776123,
      3.4379663467407227,
      2.842705011367798,
      2.1601014137268066,
      1.7293983697891235
    ],
    [
      19.85445213317871,
      27.219493865966797,
      22.70381736755371,
      41.797149658203125,
      1.8688271045684814,
      5.3109307289123535,
      -0.9737297296524048,
      -2.072389602661133,
      -12.584427833557129,
      -9.55146598815918,
      -12.794459342956543,
      -12.5660400390625,
      -8.899749755859375,
      -8.818281173706055,
      -6.150609016418457,
      -6.346927642822266,
      -1.3258941173553467,
      -1.5653265714645386
    ],
    [
      16.75515365600586,
      17.064815521240234,
      9.059869766235352,
      1.8688271045684814,
      33.33973693847656,
      23.32379722595215,
      24.570659637451172,
      23.380647659301758,
      26.845853805541992,
      24.185827255249023,
      26.692047119140625,
      21.09465217590332,
      21.60142707824707,
      19.191049575805664,
      15.9266996383667,
      13.438431739807129,
      6.179622173309326,
      5.016088008880615
    ],
    [
      16.13951301574707,
      15.38145923614502,
      11.099077224731445,
      5.3109307289123535,
      23.32379722595215,
      33.821006774902344,
      19.828279495239258,
      21.2440185546875,
      24.94525909423828,
      22.41814613342285,
      22.266477584838867,
      16.8745059967041,
      17.57757568359375,
      14.876200675964355,
      11.983467102050781,
      9.454106330871582,
      3.4541492462158203,
      3.0557096004486084
    ],
    [
      18.268863677978516,
      17.780134201049805,
      9.773093223571777,
      -0.9737297296524048,
      24.570659637451172,
      19.828279495239258,
      68.19519805908203,
      53.598358154296875,
      54.967308044433594,
      51.093963623046875,
      53.13422775268555,
      45.977333068847656,
      46.240509033203125,
      42.55799102783203,
      34.936256408691406,
      32.06768798828125,
      16.6026611328125,
      13.732407569885254
    ],
    [
      20.537521362304688,
      20.059511184692383,
      9.510453224182129,
      -2.072389602661133,
      23.380647659301758,
      21.2440185546875,
      53.598358154296875,
      59.27749252319336,
      51.58671569824219,
      48.99263381958008,
      48.93458557128906,
      42.15122604370117,
      41.1204833984375,
      37.71154022216797,
      30.858802795410156,
      28.01625633239746,
      13.907707214355469,
      11.64501667022705
    ],
    [
      14.427224159240723,
      8.97968578338623,
      6.507526397705078,
      -12.584427833557129,
      26.845853805541992,
      24.94525909423828,
      54.967308044433594,
      51.58671569824219,
      73.09172058105469,
      62.08206558227539,
      60.110809326171875,
      51.528778076171875,
      51.211830139160156,
      46.270259857177734,
      37.10418701171875,
      33.30194854736328,
      14.559623718261719,
      12.718823432922363
    ],
    [
      15.903738975524902,
      10.758156776428223,
      7.622241020202637,
      -9.55146598815918,
      24.185827255249023,
      22.41814613342285,
      51.093963623046875,
      48.99263381958008,
      62.08206558227539,
      65.64804077148438,
      56.36698532104492,
      49.78248596191406,
      48.45280838012695,
      44.60416793823242,
      35.558650970458984,
      32.494083404541016,
      14.356208801269531,
      12.67010498046875
    ],
    [
      15.031922340393066,
      8.294591903686523,
      5.542394161224365,
      -12.794459342956543,
      26.692047119140625,
      22.266477584838867,
      53.13422775268555,
      48.93458557128906,
      60.110809326171875,
      56.36698532104492,
      70.99349212646484,
      61.95924377441406,
      60.77772521972656,
      57.18337631225586,
      45.178165435791016,
      42.62141036987305,
      19.603416442871094,
      17.267593383789062
    ],
    [
      10.735444068908691,
      2.9954280853271484,
      3.2132585048675537,
      -12.5660400390625,
      21.09465217590332,
      16.8745059967041,
      45.977333068847656,
      42.15122604370117,
      51.528778076171875,
      49.78248596191406,
      61.95924377441406,
      61.21470642089844,
      56.72332763671875,
      54.71572494506836,
      42.864437103271484,
      41.6949577331543,
      18.710376739501953,
      16.743240356445312
    ],
    [
      13.96710205078125,
      7.464992046356201,
      5.183477401733398,
      -8.899749755859375,
      21.60142707824707,
      17.57757568359375,
      46.240509033203125,
      41.1204833984375,
      51.211830139160156,
      48.45280838012695,
      60.77772521972656,
      56.72332763671875,
      66.33442687988281,
      62.382415771484375,
      48.01066207885742,
      45.52864074707031,
      21.420230865478516,
      18.564359664916992
    ],
    [
      11.689180374145508,
      5.2450690269470215,
      4.743842601776123,
      -8.818281173706055,
      19.191049575805664,
      14.876200675964355,
      42.55799102783203,
      37.71154022216797,
      46.270259857177734,
      44.60416793823242,
      57.18337631225586,
      54.71572494506836,
      62.382415771484375,
      65.18457794189453,
      48.11634826660156,
      46.26433563232422,
      21.817481994628906,
      18.90816307067871
    ],
    [
      8.563600540161133,
      3.399529218673706,
      3.4379663467407227,
      -6.150609016418457,
      15.9266996383667,
      11.983467102050781,
      34.936256408691406,
      30.858802795410156,
      37.10418701171875,
      35.558650970458984,
      45.178165435791016,
      42.864437103271484,
      48.01066207885742,
      48.11634826660156,
      41.170345306396484,
      37.56276321411133,
      20.17391586303711,
      16.163028717041016
    ],
    [
      7.541078090667725,
      1.3905184268951416,
      2.842705011367798,
      -6.346927642822266,
      13.438431739807129,
      9.454106330871582,
      32.06768798828125,
      28.01625633239746,
      33.30194854736328,
      32.494083404541016,
      42.62141036987305,
      41.6949577331543,
      45.52864074707031,
      46.26433563232422,
      37.56276321411133,
      37.25981140136719,
      17.92064666748047,
      15.643742561340332
    ],
    [
      2.8757808208465576,
      1.0234843492507935,
      2.1601014137268066,
      -1.3258941173553467,
      6.179622173309326,
      3.4541492462158203,
      16.6026611328125,
      13.907707214355469,
      14.559623718261719,
      14.356208801269531,
      19.603416442871094,
      18.710376739501953,
      21.420230865478516,
      21.817481994628906,
      20.17391586303711,
      17.92064666748047,
      13.194615364074707,
      9.521860122680664
    ],
    [
      3.0501723289489746,
      0.8611313700675964,
      1.7293983697891235,
      -1.5653265714645386,
      5.016088008880615,
      3.0557096004486084,
      13.732407569885254,
      11.64501667022705,
      12.718823432922363,
      12.67010498046875,
      17.267593383789062,
      16.743240356445312,
      18.564359664916992,
      18.90816307067871,
      16.163028717041016,
      15.643742561340332,
      9.521860122680664,
      8.061209678649902
    ]
  ],
  "damage": -6.5354814529418945,
  "diff_bandwidth": 719.3899536132812,
  "dissonance": 1.5105002030363854,
  "drr": 5.489215850830078,
  "dynamics": 4.200536251068115,
  "format": 1245190,
  "frames": 3540992,
  "loudness": -14.930288314819336,
  "loudness_range": 11.579017639160156,
  "loudness_range_short": 12.43501091003418,
  "lowpass_true_peak_15khz": -0.7044793367385864,
  "mastering3_acoustic_entropies": [
    {
      "acoustic_entropy": 8.758825302124023,
      "acoustic_entropy_mono": 7.173133373260498,
      "band_eliminated_acoustic_entropies": [
        {
          "acoustic_entropy": 8.760232925415039,
          "acoustic_entropy_side": 8.759318351745605,
          "hz": 129.47220167065723
        },
        {
          "acoustic_entropy": 8.763923645019531,
          "acoustic_entropy_side": 8.776832580566406,
          "hz": 202.92927478742237
        },
        {
          "acoustic_entropy": 8.55706787109375,
          "acoustic_entropy_side": 8.740216255187988,
          "hz": 282.89161906338205
        },
        {
          "acoustic_entropy": 8.263931274414062,
          "acoustic_entropy_side": 8.728839874267578,
          "hz": 369.9353335868758
        },
        {
          "acoustic_entropy": 7.785980701446533,
          "acoustic_entropy_side": 8.094453811645508,
          "hz": 464.6875360973435
        },
        {
          "acoustic_entropy": 8.593223571777344,
          "acoustic_entropy_side": 8.7733736038208,
          "hz": 567.8308811364784
        },
        {
          "acoustic_entropy": 8.885271072387695,
          "acoustic_entropy_side": 8.529824256896973,
          "hz": 680.1084783214808
        },
        {
          "acoustic_entropy": 9.103015899658203,
          "acoustic_entropy_side": 8.667561531066895,
          "hz": 802.3292461747484
        },
        {
          "acoustic_entropy": 8.867018699645996,
          "acoustic_entropy_side": 8.99298095703125,
          "hz": 935.3737400823702
        },
        {
          "acoustic_entropy": 9.137907981872559,
          "acoustic_entropy_side": 8.732057571411133,
          "hz": 1080.2004963696966
        },
        {
          "acoustic_entropy": 8.416327476501465,
          "acoustic_entropy_side": 8.674232482910156,
          "hz": 1237.8529382007157
        },
        {
          "acoustic_entropy": 8.912684440612793,
          "acoustic_entropy_side": 8.909942626953125,
          "hz": 1409.4668930556702
        },
        {
          "acoustic_entropy": 8.818711280822754,
          "acoustic_entropy_side": 8.570096015930176,
          "hz": 1596.2787759475705
        },
        {
          "acoustic_entropy": 8.236194610595703,
          "acoustic_entropy_side": 8.72005844116211,
          "hz": 1799.6344973346393
        },
        {
          "acoustic_entropy": 8.988045692443848,
          "acoustic_entropy_side": 8.802995681762695,
          "hz": 2020.9991599069049
        },
        {
          "acoustic_entropy": 8.321403503417969,
          "acoustic_entropy_side": 8.709779739379883,
          "hz": 2261.9676141086993
        },
        {
          "acoustic_entropy": 9.159367561340332,
          "acoustic_entropy_side": 8.931221961975098,
          "hz": 2524.2759484456974
        },
        {
          "acoustic_entropy": 8.793517112731934,
          "acoustic_entropy_side": 8.81044864654541,
          "hz": 2809.813997359896
        },
        {
          "acoustic_entropy": 9.020058631896973,
          "acoustic_entropy_side": 8.823653221130371,
          "hz": 3120.6389567871424
        },
        {
          "acoustic_entropy": 8.824560165405273,
          "acoustic_entropy_side": 8.781428337097168,
          "hz": 3458.990205492291
        },
        {
          "acoustic_entropy": 8.934678077697754,
          "acoustic_entropy_side": 8.821579933166504,
          "hz": 3827.305438964164
        },
        {
          "acoustic_entropy": 8.764531135559082,
          "acoustic_entropy_side": 8.772904396057129,
          "hz": 4228.238232109126
        },
        {
          "acoustic_entropy": 8.82946491241455,
          "acoustic_entropy_side": 8.783679962158203,
          "hz": 4664.6771572759235
        },
        {
          "acoustic_entropy": 8.77192211151123,
          "acoustic_entropy_side": 8.762939453125,
          "hz": 5139.766595350093
        },
        {
          "acoustic_entropy": 8.76604175567627,
          "acoustic_entropy_side": 8.760642051696777,
          "hz": 5656.929389854203
        },
        {
          "acoustic_entropy": 8.761919975280762,
          "acoustic_entropy_side": 8.759485244750977,
          "hz": 6219.891507268283
        },
        {
          "acoustic_entropy": 8.76021957397461,
          "acoustic_entropy_side": 8.759154319763184,
          "hz": 6832.70888123896
        },
        {
          "acoustic_entropy": 8.759024620056152,
          "acoustic_entropy_side": 8.758880615234375,
          "hz": 7499.796634079867
        },
        {
          "acoustic_entropy": 8.75893497467041,
          "acoustic_entropy_side": 8.758870124816895,
          "hz": 8225.96088609342
        },
        {
          "acoustic_entropy": 8.758874893188477,
          "acoustic_entropy_side": 8.758845329284668,
          "hz": 9016.43338188839
        },
        {
          "acoustic_entropy": 8.758853912353516,
          "acoustic_entropy_side": 8.758838653564453,
          "hz": 9876.909183162974
        },
        {
          "acoustic_entropy": 8.758840560913086,
          "acoustic_entropy_side": 8.758831024169922,
          "hz": 10813.587699516042
        },
        {
          "acoustic_entropy": 8.758822441101074,
          "acoustic_entropy_side": 8.758829116821289,
          "hz": 11833.21735289826
        },
        {
          "acoustic_entropy": 8.75882339477539,
          "acoustic_entropy_side": 8.758828163146973,
          "hz": 12943.144197493959
        },
        {
          "acoustic_entropy": 8.758827209472656,
          "acoustic_entropy_side": 8.75882625579834,
          "hz": 14151.364845322005
        },
        {
          "acoustic_entropy": 8.758828163146973,
          "acoustic_entropy_side": 8.758825302124023,
          "hz": 15466.58407886509
        },
        {
          "acoustic_entropy": 8.758825302124023,
          "acoustic_entropy_side": 8.758825302124023,
          "hz": 16898.27756580493
        },
        {
          "acoustic_entropy": 8.758825302124023,
          "acoustic_entropy_side": 8.758825302124023,
          "hz": 18456.760127700032
        },
        {
          "acoustic_entropy": 8.758825302124023,
          "acoustic_entropy_side": 8.758825302124023,
          "hz": 20153.260054456492
        },
        {
          "acoustic_entropy": 8.758825302124023,
          "acoustic_entropy_side": 8.758825302124023,
          "hz": 22000.00000000001
        }
      ],
      "diff_acoustic_entropy": 1.1662006378173828,
      "sn": 6
    },
    {
      "acoustic_entropy": 12.494552612304688,
      "acoustic_entropy_mono": 12.382603645324707,
      "band_eliminated_acoustic_entropies": [
        {
          "acoustic_entropy": 12.527134895324707,
          "acoustic_entropy_side": 12.546083450317383,
          "hz": 129.47220167065723
        },
        {
          "acoustic_entropy": 12.558905601501465,
          "acoustic_entropy_side": 12.704086303710938,
          "hz": 202.92927478742237
        },
        {
          "acoustic_entropy": 13.047063827514648,
          "acoustic_entropy_side": 12.854912757873535,
          "hz": 282.89161906338205
        },
        {
          "acoustic_entropy": 12.891337394714355,
          "acoustic_entropy_side": 13.573473930358887,
          "hz": 369.9353335868758
        },
        {
          "acoustic_entropy": 12.604843139648438,
          "acoustic_entropy_side": 12.37702751159668,
          "hz": 464.6875360973435
        },
        {
          "acoustic_entropy": 12.51360034942627,
          "acoustic_entropy_side": 12.596799850463867,
          "hz": 567.8308811364784
        },
        {
          "acoustic_entropy": 13.11530590057373,
          "acoustic_entropy_side": 13.077142715454102,
          "hz": 680.1084783214808
        },
        {
          "acoustic_entropy": 13.337671279907227,
          "acoustic_entropy_side": 13.024243354797363,
          "hz": 802.3292461747484
        },
        {
          "acoustic_entropy": 13.134947776794434,
          "acoustic_entropy_side": 13.251111030578613,
          "hz": 935.3737400823702
        },
        {
          "acoustic_entropy": 13.110283851623535,
          "acoustic_entropy_side": 12.820257186889648,
          "hz": 1080.2004963696966
        },
        {
          "acoustic_entropy": 12.923272132873535,
          "acoustic_entropy_side": 12.502171516418457,
          "hz": 1237.8529382007157
        },
        {
          "acoustic_entropy": 13.515195846557617,
          "acoustic_entropy_side": 13.126346588134766,
          "hz": 1409.4668930556702
        },
        {
          "acoustic_entropy": 12.7645263671875,
          "acoustic_entropy_side": 12.872636795043945,
          "hz": 1596.2787759475705
        },
        {
          "acoustic_entropy": 13.038759231567383,
          "acoustic_entropy_side": 13.022720336914062,
          "hz": 1799.6344973346393
        },
        {
          "acoustic_entropy": 12.83326530456543,
          "acoustic_entropy_side": 12.843976974487305,
          "hz": 2020.9991599069049
        },
        {
          "acoustic_entropy": 12.9511079788208,
          "acoustic_entropy_side": 12.56082534790039,
          "hz": 2261.9676141086993
        },
        {
          "acoustic_entropy": 12.998167991638184,
          "acoustic_entropy_side": 12.591703414916992,
          "hz": 2524.2759484456974
        },
        {
          "acoustic_entropy": 12.812393188476562,
          "acoustic_entropy_side": 12.569214820861816,
          "hz": 2809.813997359896
        },
        {
          "acoustic_entropy": 12.912823677062988,
          "acoustic_entropy_side": 12.516971588134766,
          "hz": 3120.6389567871424
        },
        {
          "acoustic_entropy": 12.603167533874512,
          "acoustic_entropy_side": 12.966537475585938,
          "hz": 3458.990205492291
        },
        {
          "acoustic_entropy": 12.666777610778809,
          "acoustic_entropy_side": 12.657315254211426,
          "hz": 3827.305438964164
        },
        {
          "acoustic_entropy": 12.742585182189941,
          "acoustic_entropy_side": 12.70263385772705,
          "hz": 4228.238232109126
        },
        {
          "acoustic_entropy": 12.886855125427246,
          "acoustic_entropy_side": 12.713799476623535,
          "hz": 4664.6771572759235
        },
        {
          "acoustic_entropy": 12.531791687011719,
          "acoustic_entropy_side": 12.527156829833984,
          "hz": 5139.766595350093
        },
        {
          "acoustic_entropy": 12.513185501098633,
          "acoustic_entropy_side": 12.507621765136719,
          "hz": 5656.929389854203
        },
        {
          "acoustic_entropy": 12.491850852966309,
          "acoustic_entropy_side": 12.50096607208252,
          "hz": 6219.891507268283
        },
        {
          "acoustic_entropy": 12.495871543884277,
          "acoustic_entropy_side": 12.498278617858887,
          "hz": 6832.70888123896
        },
        {
          "acoustic_entropy": 12.494699478149414,
          "acoustic_entropy_side": 12.49570083618164,
          "hz": 7499.796634079867
        },
        {
          "acoustic_entropy": 12.494903564453125,
          "acoustic_entropy_side": 12.495272636413574,
          "hz": 8225.96088609342
        },
        {
          "acoustic_entropy": 12.494641304016113,
          "acoustic_entropy_side": 12.494897842407227,
          "hz": 9016.43338188839
        },
        {
          "acoustic_entropy": 12.494650840759277,
          "acoustic_entropy_side": 12.494694709777832,
          "hz": 9876.909183162974
        },
        {
          "acoustic_entropy": 12.494668960571289,
          "acoustic_entropy_side": 12.494596481323242,
          "hz": 10813.587699516042
        },
        {
          "acoustic_entropy": 12.495084762573242,
          "acoustic_entropy_side": 12.49461555480957,
          "hz": 11833.21735289826
        },
        {
          "acoustic_entropy": 12.495218276977539,
          "acoustic_entropy_side": 12.494611740112305,
          "hz": 12943.144197493959
        },
        {
          "acoustic_entropy": 12.494734764099121,
          "acoustic_entropy_side": 12.494569778442383,
          "hz": 14151.364845322005
        },
        {
          "acoustic_entropy": 12.494599342346191,
          "acoustic_entropy_side": 12.494558334350586,
          "hz": 15466.58407886509
        },
        {
          "acoustic_entropy": 12.494562149047852,
          "acoustic_entropy_side": 12.49455451965332,
          "hz": 16898.27756580493
        },
        {
          "acoustic_entropy": 12.494553565979004,
          "acoustic_entropy_side": 12.494552612304688,
          "hz": 18456.760127700032
        },
        {
          "acoustic_entropy": 12.494551658630371,
          "acoustic_entropy_side": 12.494552612304688,
          "hz": 20153.260054456492
        },
        {
          "acoustic_entropy": 12.494552612304688,
          "acoustic_entropy_side": 12.494552612304688,
          "hz": 22000.00000000001
        }
      ],
      "diff_acoustic_entropy": 3.3870432376861572,
      "sn": 12
    },
    {
      "acoustic_entropy": 18.964094161987305,
      "acoustic_entropy_mono": 17.002487182617188,
      "band_eliminated_acoustic_entropies": [
        {
          "acoustic_entropy": 18.791664123535156,
          "acoustic_entropy_side": 19.12067985534668,
          "hz": 129.47220167065723
        },
        {
          "acoustic_entropy": 19.63435935974121,
          "acoustic_entropy_side": 19.044822692871094,
          "hz": 202.92927478742237
        },
        {
          "acoustic_entropy": 19.074312210083008,
          "acoustic_entropy_side": 18.959768295288086,
          "hz": 282.89161906338205
        },
        {
          "acoustic_entropy": 18.88908576965332,
          "acoustic_entropy_side": 19.669710159301758,
          "hz": 369.9353335868758
        },
        {
          "acoustic_entropy": 18.361284255981445,
          "acoustic_entropy_side": 18.49712371826172,
          "hz": 464.6875360973435
        },
        {
          "acoustic_entropy": 18.823482513427734,
          "acoustic_entropy_side": 19.246416091918945,
          "hz": 567.8308811364784
        },
        {
          "acoustic_entropy": 20.19944953918457,
          "acoustic_entropy_side": 19.08897590637207,
          "hz": 680.1084783214808
        },
        {
          "acoustic_entropy": 19.23409652709961,
          "acoustic_entropy_side": 19.44855499267578,
          "hz": 802.3292461747484
        },
        {
          "acoustic_entropy": 19.38335609436035,
          "acoustic_entropy_side": 19.14903450012207,
          "hz": 935.3737400823702
        },
        {
          "acoustic_entropy": 19.45473861694336,
          "acoustic_entropy_side": 19.202526092529297,
          "hz": 1080.2004963696966
        },
        {
          "acoustic_entropy": 19.77846908569336,
          "acoustic_entropy_side": 18.99374771118164,
          "hz": 1237.8529382007157
        },
        {
          "acoustic_entropy": 19.03569221496582,
          "acoustic_entropy_side": 20.505794525146484,
          "hz": 1409.4668930556702
        },
        {
          "acoustic_entropy": 19.29372215270996,
          "acoustic_entropy_side": 19.692031860351562,
          "hz": 1596.2787759475705
        },
        {
          "acoustic_entropy": 19.723155975341797,
          "acoustic_entropy_side": 19.410335540771484,
          "hz": 1799.6344973346393
        },
        {
          "acoustic_entropy": 19.798583984375,
          "acoustic_entropy_side": 19.37563133239746,
          "hz": 2020.9991599069049
        },
        {
          "acoustic_entropy": 18.905620574951172,
          "acoustic_entropy_side": 19.102537155151367,
          "hz": 2261.9676141086993
        },
        {
          "acoustic_entropy": 19.9471492767334,
          "acoustic_entropy_side": 19.962890625,
          "hz": 2524.2759484456974
        },
        {
          "acoustic_entropy": 18.756114959716797,
          "acoustic_entropy_side": 18.970430374145508,
          "hz": 2809.813997359896
        },
        {
          "acoustic_entropy": 19.591426849365234,
