{
  "acoustic_entropy": 182.55728149414062,
  "bands": [
    {
      "high_freq": 148.1999969482422,
      "loudness": -21.0439510345459,
      "loudness_range": 9.297529220581055,
      "mid_mean": -17.4240665435791,
      "mid_to_side_loudness": -23.20194435119629,
      "mid_to_side_loudness_range": 22.132381439208984,
      "side_mean": -42.617774963378906
    },
    {
      "high_freq": 392.3793640136719,
      "loudness": -16.67754554748535,
      "loudness_range": 5.312013626098633,
      "low_freq": 148.1999969482422,
      "mid_mean": -13.395599365234375,
      "mid_to_side_loudness": -10.27579402923584,
      "mid_to_side_loudness_range": 6.608580112457275,
      "side_mean": -23.747312545776367
    },
    {
      "high_freq": 794.6976318359375,
      "loudness": -16.85940933227539,
      "loudness_range": 7.471497535705566,
      "low_freq": 392.3793640136719,
      "mid_mean": -13.58669662475586,
      "mid_to_side_loudness": -10.394229888916016,
      "mid_to_side_loudness_range": 7.83039665222168,
      "side_mean": -24.15296173095703
    },
    {
      "high_freq": 1457.5709228515625,
      "loudness": -23.39174461364746,
      "loudness_range": 14.446561813354492,
      "low_freq": 794.6976318359375,
      "mid_mean": -20.13654136657715,
      "mid_to_side_loudness": -10.635246276855469,
      "mid_to_side_loudness_range": 10.683107376098633,
      "side_mean": -31.013736724853516
    },
    {
      "high_freq": 2549.74365234375,
      "loudness": -27.298660278320312,
      "loudness_range": 18.876928329467773,
      "low_freq": 1457.5709228515625,
      "mid_mean": -23.980669021606445,
      "mid_to_side_loudness": -12.960921287536621,
      "mid_to_side_loudness_range": 16.3570613861084,
      "side_mean": -37.36145782470703
    },
    {
      "high_freq": 4349.24462890625,
      "loudness": -30.538331985473633,
      "loudness_range": 17.020280838012695,
      "low_freq": 2549.74365234375,
      "mid_mean": -27.163990020751953,
      "mid_to_side_loudness": -13.247570991516113,
      "mid_to_side_loudness_range": 11.830068588256836,
      "side_mean": -40.6626091003418
    },
    {
      "high_freq": 7314.1640625,
      "loudness": -31.60417366027832,
      "loudness_range": 16.58111000061035,
      "low_freq": 4349.24462890625,
      "mid_mean": -28.194412231445312,
      "mid_to_side_loudness": -13.761421203613281,
      "mid_to_side_loudness_range": 9.547533988952637,
      "side_mean": -42.26491928100586
    },
    {
      "high_freq": 12199.2666015625,
      "loudness": -33.46604919433594,
      "loudness_range": 18.228662490844727,
      "low_freq": 7314.1640625,
      "mid_mean": -30.154359817504883,
      "mid_to_side_loudness": -14.301939964294434,
      "mid_to_side_loudness_range": 12.65803337097168,
      "side_mean": -45.40230941772461
    },
    {
      "loudness": -42.58871078491211,
      "loudness_range": 15.925849914550781,
      "low_freq": 12199.2666015625,
      "mid_mean": -39.152610778808594,
      "mid_to_side_loudness": -12.560564994812012,
      "mid_to_side_loudness_range": 14.03520679473877,
      "side_mean": -54.266761779785156
    }
  ],
  "bands_short": [
    {
      "high_freq": 148.1999969482422,
      "loudness": -24.733545303344727,
      "loudness_range": 20.57708740234375,
      "mid_mean": -21.23103141784668,
      "mid_to_side_loudness": -22.948894500732422,
      "mid_to_side_loudness_range": 27.151649475097656,
      "side_mean": -46.76820373535156
    },
    {
      "high_freq": 392.3793640136719,
      "loudness": -17.09010887145996,
      "loudness_range": 9.136587142944336,
      "low_freq": 148.1999969482422,
      "mid_mean": -13.864081382751465,
      "mid_to_side_loudness": -10.589531898498535,
      "mid_to_side_loudness_range": 10.757295608520508,
      "side_mean": -24.58371925354004
    },
    {
      "high_freq": 794.6976318359375,
      "loudness": -17.215612411499023,
      "loudness_range": 9.03549575805664,
      "low_freq": 392.3793640136719,
      "mid_mean": -13.984756469726562,
      "mid_to_side_loudness": -10.38643741607666,
      "mid_to_side_loudness_range": 9.811088562011719,
      "side_mean": -24.58462905883789
    },
    {
      "high_freq": 1457.5709228515625,
      "loudness": -23.334026336669922,
      "loudness_range": 16.5382080078125,
      "low_freq": 794.6976318359375,
      "mid_mean": -20.156461715698242,
      "mid_to_side_loudness": -10.193113327026367,
      "mid_to_side_loudness_range": 11.32978630065918,
      "side_mean": -30.579334259033203
    },
    {
      "high_freq": 2549.74365234375,
      "loudness": -28.93101692199707,
      "loudness_range": 22.46049690246582,
      "low_freq": 1457.5709228515625,
      "mid_mean": -25.6801815032959,
      "mid_to_side_loudness": -12.030345916748047,
      "mid_to_side_loudness_range": 16.546602249145508,
      "side_mean": -38.32493209838867
    },
    {
      "high_freq": 4349.24462890625,
      "loudness": -31.830181121826172,
      "loudness_range": 22.095340728759766,
      "low_freq": 2549.74365234375,
      "mid_mean": -28.513933181762695,
      "mid_to_side_loudness": -12.620436668395996,
      "mid_to_side_loudness_range": 13.147197723388672,
      "side_mean": -41.648494720458984
    },
    {
      "high_freq": 7314.1640625,
      "loudness": -33.58723831176758,
      "loudness_range": 23.79620361328125,
      "low_freq": 4349.24462890625,
      "mid_mean": -30.243436813354492,
      "mid_to_side_loudness": -12.95926570892334,
      "mid_to_side_loudness_range": 11.277336120605469,
      "side_mean": -43.81551742553711
    },
    {
      "high_freq": 12199.2666015625,
      "loudness": -35.94074630737305,
      "loudness_range": 24.36102294921875,
      "low_freq": 7314.1640625,
      "mid_mean": -32.823333740234375,
      "mid_to_side_loudness": -13.308148384094238,
      "mid_to_side_loudness_range": 13.88743782043457,
      "side_mean": -49.2774658203125
    },
    {
      "loudness": -46.81314468383789,
      "loudness_range": 29.445663452148438,
      "low_freq": 12199.2666015625,
      "mid_mean": -43.81056594848633,
      "mid_to_side_loudness": -11.579802513122559,
      "mid_to_side_loudness_range": 15.528900146484375,
      "side_mean": -56.3890266418457
    }
  ],
  "bandwidth": 536.4027099609375,
  "channels": 2,
  "covariance": [
    [
      22.240137100219727,
      13.090972900390625,
      3.542187213897705,
      1.2367076873779297,
      0.5573833584785461,
      -0.7131811380386353,
      1.9241448640823364,
      0.9517382383346558,
      4.506622314453125,
      3.1604373455047607,
      4.124383449554443,
      4.393124580383301,
      5.246989727020264,
      6.759701251983643,
      5.406876087188721,
      8.967171669006348,
      9.207185745239258,
      11.400330543518066
    ],
    [
      13.090972900390625,
      46.23367691040039,
      4.099864482879639,
      1.0364209413528442,
      1.4124271869659424,
      4.699994087219238,
      9.428836822509766,
      14.448090553283691,
      16.361494064331055,
      25.290565490722656,
      14.954512596130371,
      23.872140884399414,
      13.995662689208984,
      22.433788299560547,
      13.424423217773438,
      27.03133201599121,
      7.894784927368164,
      26.9678897857666
    ],
    [
      3.542187213897705,
      4.099864482879639,
      7.598446369171143,
      3.7287447452545166,
      1.7457811832427979,
      0.8128766417503357,
      1.7427725791931152,
      2.206589937210083,
      3.1867830753326416,
      3.0522913932800293,
      3.3173115253448486,
      3.2291393280029297,
      2.7893693447113037,
      2.752445936203003,
      2.714352607727051,
      3.971320390701294,
      5.664724349975586,
      7.386556625366211
    ],
    [
      1.2367076873779297,
      1.0364209413528442,
      3.7287447452545166,
      6.250343322753906,
      1.196737289428711,
      2.2672362327575684,
      0.600426197052002,
      1.831244707107544,
      1.4362205266952515,
      1.9250257015228271,
      1.7199937105178833,
      2.0284738540649414,
      1.1018157005310059,
      1.4659446477890015,
      0.14544090628623962,
      0.901648998260498,
      2.637080430984497,
      4.3258466720581055
    ],
    [
      0.5573833584785461,
      1.4124271869659424,
      1.7457811832427979,
      1.196737289428711,
      9.57113265991211,
      9.022682189941406,
      8.254143714904785,
      10.06033992767334,
      6.730922698974609,
      10.83326244354248,
      7.013566017150879,
      10.435608863830566,
      5.457169055938721,
      7.933690547943115,
      3.0742952823638916,
      5.501098155975342,
      6.116953372955322,
      6.677066802978516
    ],
    [
      -0.7131811380386353,
      4.699994087219238,
      0.8128766417503357,
      2.2672362327575684,
      9.022682189941406,
      17.40814971923828,
      8.804204940795898,
      17.83246612548828,
      6.921422481536865,
      19.88506317138672,
      9.400492668151855,
      19.005651473999023,
      8.248284339904785,
      14.394638061523438,
      3.888052225112915,
      10.274144172668457,
      4.72544527053833,
      9.744380950927734
    ],
    [
      1.9241448640823364,
      9.428836822509766,
      1.7427725791931152,
      0.600426197052002,
      8.254143714904785,
      8.804204940795898,
      25.68617820739746,
      23.05742835998535,
      21.650514602661133,
      27.568941116333008,
      16.610973358154297,
      23.48048210144043,
      13.929666519165039,
      19.39460563659668,
      11.508142471313477,
      17.134004592895508,
      11.633508682250977,
      16.937057495117188
    ],
    [
      0.9517382383346558,
      14.448090553283691,
      2.206589937210083,
      1.831244707107544,
      10.06033992767334,
      17.83246612548828,
      23.05742835998535,
      39.989017486572266,
      19.24441909790039,
      43.14963150024414,
      20.662322998046875,
      37.66834259033203,
      18.441478729248047,
      29.523710250854492,
      12.27799129486084,
      23.891315460205078,
      10.303430557250977,
      21.137645721435547
    ],
    [
      4.506622314453125,
      16.361494064331055,
      3.1867830753326416,
      1.4362205266952515,
      6.730922698974609,
      6.921422481536865,
      21.650514602661133,
      19.24441909790039,
      43.09272766113281,
      36.980350494384766,
      31.65501594543457,
      33.84620666503906,
      24.357847213745117,
      29.40544891357422,
      22.572429656982422,
      28.90518569946289,
      15.703448295593262,
      28.423357009887695
    ],
    [
      3.1604373455047607,
      25.290565490722656,
      3.0522913932800293,
      1.9250257015228271,
      10.83326244354248,
      19.88506317138672,
      27.568941116333008,
      43.14963150024414,
      36.980350494384766,
      67.99144744873047,
      36.16734313964844,
      60.235984802246094,
      31.72189712524414,
      49.39466094970703,
      24.881364822387695,
      45.234230041503906,
      19.577756881713867,
      40.19783401489258
    ],
    [
      4.124383449554443,
      14.954512596130371,
      3.3173115253448486,
      1.7199937105178833,
      7.013566017150879,
      9.400492668151855,
      16.610973358154297,
      20.662322998046875,
      31.65501594543457,
      36.16734313964844,
      39.740943908691406,
      42.118919372558594,
      30.54108238220215,
      36.72130584716797,
      22.047222137451172,
      28.591594696044922,
      16.957521438598633,
      27.999914169311523
    ],
    [
      4.393124580383301,
      23.872140884399414,
      3.2291393280029297,
      2.0284738540649414,
      10.435608863830566,
      19.005651473999023,
      23.48048210144043,
      37.66834259033203,
      33.84620666503906,
      60.235984802246094,
      42.118919372558594,
      67.0864028930664,
      37.36733627319336,
      55.56181335449219,
      25.799148559570312,
      44.55164337158203,
      20.33870506286621,
      39.60291290283203
    ],
    [
      5.246989727020264,
      13.995662689208984,
      2.7893693447113037,
      1.1018157005310059,
      5.457169055938721,
      8.248284339904785,
      13.929666519165039,
      18.441478729248047,
      24.357847213745117,
      31.72189712524414,
      30.54108238220215,
      37.36733627319336,
      38.51237106323242,
      39.913307189941406,
      31.07609748840332,
      35.91023635864258,
      23.88007164001465,
      30.022167205810547
    ],
    [
      6.759701251983643,
      22.433788299560547,
      2.752445936203003,
      1.4659446477890015,
      7.933690547943115,
      14.394638061523438,
      19.39460563659668,
      29.523710250854492,
      29.40544891357422,
      49.39466094970703,
      36.72130584716797,
      55.56181335449219,
      39.913307189941406,
      57.44279479980469,
      30.844039916992188,
      49.24524688720703,
      26.027877807617188,
      41.58262252807617
    ],
    [
      5.406876087188721,
      13.424423217773438,
      2.714352607727051,
      0.14544090628623962,
      3.0742952823638916,
      3.888052225112915,
      11.508142471313477,
      12.27799129486084,
      22.572429656982422,
      24.881364822387695,
      22.047222137451172,
      25.799148559570312,
      31.07609748840332,
      30.844039916992188,
      47.84402847290039,
      47.58121109008789,
      32.577884674072266,
      36.60667419433594
    ],
    [
      8.967171669006348,
      27.03133201599121,
      3.971320390701294,
      0.901648998260498,
      5.501098155975342,
      10.274144172668457,
      17.134004592895508,
      23.891315460205078,
      28.90518569946289,
      45.234230041503906,
      28.591594696044922,
      44.55164337158203,
      35.91023635864258,
      49.24524688720703,
      47.58121109008789,
      73.3167724609375,
      38.29123306274414,
      56.54905700683594
    ],
    [
      9.207185745239258,
      7.894784927368164,
      5.664724349975586,
      2.637080430984497,
      6.116953372955322,
      4.72544527053833,
      11.633508682250977,
      10.303430557250977,
      15.703448295593262,
      19.577756881713867,
      16.957521438598633,
      20.33870506286621,
      23.88007164001465,
      26.027877807617188,
      32.577884674072266,
      38.29123306274414,
      42.89322280883789,
      36.34218978881836
    ],
    [
      11.400330543518066,
      26.9678897857666,
      7.386556625366211,
      4.3258466720581055,
      6.677066802978516,
      9.744380950927734,
      16.937057495117188,
      21.137645721435547,
      28.423357009887695,
      40.19783401489258,
      27.999914169311523,
      39.60291290283203,
      30.022167205810547,
      41.58262252807617,
      36.60667419433594,
      56.54905700683594,
      36.34218978881836,
      59.25788116455078
    ]
  ],
  "covariance_short": [
    [
      62.52143859863281,
      19.635276794433594,
      9.000480651855469,
      3.491377115249634,
      0.8037932515144348,
      0.2715867757797241,
      2.967683792114258,
      1.5087168216705322,
      3.930673599243164,
      1.4729480743408203,
      1.9268317222595215,
      2.109914541244507,
      3.878901958465576,
      3.999410390853882,
      5.038957595825195,
      13.151934623718262,
      9.873934745788574,
      8.71345329284668
    ],
    [
      19.635276794433594,
      59.0483512878418,
      5.6134724617004395,
      2.140413761138916,
      0.6046226024627686,
      3.151442766189575,
      8.69567584991455,
      12.121749877929688,
      15.5297269821167,
      22.4603271484375,
      14.400350570678711,
      22.681236267089844,
      15.657633781433105,
      23.193603515625,
      14.923454284667969,
      34.46756362915039,
      20.9642276763916,
      24.56898307800293
    ],
    [
      9.000480651855469,
      5.6134724617004395,
      13.860512733459473,
      5.420090675354004,
      1.4978065490722656,
      1.2043315172195435,
      2.3754048347473145,
      2.175854206085205,
      4.522838115692139,
      3.8578033447265625,
      5.0017266273498535,
      4.51969051361084,
      4.208168983459473,
      3.9771223068237305,
      5.371823787689209,
      12.191567420959473,
      11.167250633239746,
      8.225104331970215
    ],
    [
      3.491377115249634,
      2.140413761138916,
      5.420090675354004,
      12.309666633605957,
      1.2160381078720093,
      2.4286468029022217,
      1.4370895624160767,
      2.0700948238372803,
      1.3723262548446655,
      1.7924069166183472,
      1.624094843864441,
      1.8243764638900757,
      1.1471978425979614,
      0.7785822153091431,
      1.1338233947753906,
      5.831667900085449,
      6.07119083404541,
      3.7617568969726562
    ],
    [
      0.8037932515144348,
      0.6046226024627686,
      1.4978065490722656,
      1.2160381078720093,
      14.056807518005371,
      10.834299087524414,
      10.295578956604004,
      10.35558032989502,
      9.217059135437012,
      11.468372344970703,
      8.515508651733398,
      10.595519065856934,
      6.452770233154297,
      8.310611724853516,
      3.945809841156006,
      8.6273193359375,
      6.670320510864258,
      6.622653961181641
    ],
    [
      0.2715867757797241,
      3.151442766189575,
      1.2043315172195435,
      2.4286468029022217,
      10.834299087524414,
      21.666351318359375,
      11.168106079101562,
      18.426742553710938,
      9.028361320495605,
      20.139997482299805,
      10.640229225158691,
      19.235769271850586,
      10.341388702392578,
      15.494546890258789,
      5.53722620010376,
      13.300801277160645,
      6.990384578704834,
      10.368754386901855
    ],
    [
      2.967683792114258,
      8.69567584991455,
      2.3754048347473145,
      1.4370895624160767,
      10.295578956604004,
      11.168106079101562,
      34.41849899291992,
      28.377941131591797,
      29.212717056274414,
      32.74714660644531,
      22.774965286254883,
      29.110279083251953,
      19.36098861694336,
      25.29949378967285,
      14.433232307434082,
      28.120758056640625,
      19.392534255981445,
      20.042707443237305
    ],
    [
      1.5087168216705322,
      12.121749877929688,
      2.175854206085205,
      2.0700948238372803,
      10.35558032989502,
      18.426742553710938,
      28.377941131591797,
      42.9622688293457,
      26.20891761779785,
      44.68525314331055,
      25.75649642944336,
      40.90098571777344,
      24.819364547729492,
      35.04991149902344,
      16.8454647064209,
      33.4168701171875,
      18.266565322875977,
      24.498659133911133
    ],
    [
      3.930673599243164,
      15.5297269821167,
      4.522838115692139,
      1.3723262548446655,
      9.217059135437012,
      9.028361320495605,
      29.212717056274414,
      26.20891761779785,
      61.35245132446289,
      48.715572357177734,
      46.58392333984375,
      46.03569030761719,
      37.11738586425781,
      41.33803176879883,
      31.029150009155273,
      46.41694259643555,
      37.29201126098633,
      33.90299987792969
    ],
    [
      1.4729480743408203,
      22.4603271484375,
      3.8578033447265625,
      1.7924069166183472,
      11.468372344970703,
      20.139997482299805,
      32.74714660644531,
      44.68525314331055,
      48.715572357177734,
      77.77119445800781,
      46.56534194946289,
      69.96717834472656,
      44.245731353759766,
      61.57834243774414,
      33.686527252197266,
      62.16511535644531,
      37.935001373291016,
      45.915504455566406
    ],
    [
      1.9268317222595215,
      14.400350570678711,
      5.0017266273498535,
      1.624094843864441,
      8.515508651733398,
      10.640229225158691,
      22.774965286254883,
      25.75649642944336,
      46.58392333984375,
      46.56534194946289,
      60.7382698059082,
      57.748538970947266,
      49.74464797973633,
      51.73802947998047,
      40.020137786865234,
      50.58042907714844,
      43.634925842285156,
      36.845882415771484
    ],
    [
      2.109914541244507,
      22.681236267089844,
      4.51969051361084,
      1.8243764638900757,
      10.595519065856934,
      19.235769271850586,
      29.110279083251953,
      40.90098571777344,
      46.03569030761719,
      69.96717834472656,
      57.748538970947266,
      84.99777221679688,
      54.706024169921875,
      72.0379409790039,
      41.38990020751953,
      67.70954132080078,
      44.704795837402344,
      49.986000061035156
    ],
    [
      3.878901958465576,
      15.657633781433105,
      4.208168983459473,
      1.1471978425979614,
      6.452770233154297,
      10.341388702392578,
      19.36098861694336,
      24.819364547729492,
      37.11738586425781,
      44.245731353759766,
      49.74464797973633,
      54.706024169921875,
      72.89368438720703,
      65.413330078125,
      57.82368850708008,
      63.595672607421875,
      55.163063049316406,
      46.17737579345703
    ],
    [
      3.999410390853882,
      23.193603515625,
      3.9771223068237305,
      0.7785822153091431,
      8.310611724853516,
      15.494546890258789,
      25.29949378967285,
      35.04991149902344,
      41.33803176879883,
      61.57834243774414,
      51.73802947998047,
      72.0379409790039,
      65.413330078125,
      85.47566223144531,
      50.04848861694336,
      77.6513671875,
      52.386478424072266,
      58.136837005615234
    ],
    [
      5.038957595825195,
      14.923454284667969,
      5.371823787689209,
      1.1338233947753906,
      3.945809841156006,
      5.53722620010376,
      14.433232307434082,
      16.8454647064209,
      31.029150009155273,
      33.686527252197266,
      40.020137786865234,
      41.38990020751953,
      57.82368850708008,
      50.04848861694336,
      80.15892791748047,
      68.18680572509766,
      71.73308563232422,
      53.02214431762695
    ],
    [
      13.151934623718262,
      34.46756362915039,
      12.191567420959473,
      5.831667900085449,
      8.6273193359375,
      13.300801277160645,
      28.120758056640625,
      33.4168701171875,
      46.41694259643555,
      62.16511535644531,
      50.58042907714844,
      67.70954132080078,
      63.595672607421875,
      77.6513671875,
      68.18680572509766,
      120.38082885742188,
      89.31578063964844,
      84.29978942871094
    ],
    [
      9.873934745788574,
      20.9642276763916,
      11.167250633239746,
      6.07119083404541,
      6.670320510864258,
      6.990384578704834,
      19.392534255981445,
      18.266565322875977,
      37.29201126098633,
      37.935001373291016,
      43.634925842285156,
      44.704795837402344,
      55.163063049316406,
      52.386478424072266,
      71.73308563232422,
      89.31578063964844,
      102.5914306640625,
      69.68985748291016
    ],
    [
      8.71345329284668,
      24.56898307800293,
      8.225104331970215,
      3.7617568969726562,
      6.622653961181641,
      10.368754386901855,
      20.042707443237305,
      24.498659133911133,
      33.90299987792969,
      45.915504455566406,
      36.845882415771484,
      49.986000061035156,
      46.17737579345703,
      58.136837005615234,
      53.02214431762695,
      84.29978942871094,
      69.68985748291016,
      71.0418930053711
    ]
  ],
  "damage": -2.492577075958252,
  "diff_bandwidth": 566.4407348632812,
  "dissonance": 7.994423523758019,
  "drr": 2.9790377616882324,
  "dynamics": 1.8751121759414673,
  "format": 1245190,
  "frames": 12382208,
  "loudness": -8.42050838470459,
  "loudness_range": 4.636685371398926,
  "loudness_range_short": 6.163970470428467,
  "lowpass_true_peak_15khz": 0.9542593955993652,
  "mastering3_acoustic_entropies": [
    {
      "acoustic_entropy": 5.533555507659912,
      "acoustic_entropy_mono": 6.047766208648682,
      "band_eliminated_acoustic_entropies": [
        {
          "acoustic_entropy": 5.450493812561035,
          "acoustic_entropy_side": 5.533519744873047,
          "hz": 129.47220167065723
        },
        {
          "acoustic_entropy": 5.726344585418701,
          "acoustic_entropy_side": 5.53434419631958,
          "hz": 202.92927478742237
        },
        {
          "acoustic_entropy": 6.751903533935547,
          "acoustic_entropy_side": 5.587918758392334,
          "hz": 282.89161906338205
        },
        {
          "acoustic_entropy": 6.584504127502441,
          "acoustic_entropy_side": 5.556426048278809,
          "hz": 369.9353335868758
        },
        {
          "acoustic_entropy": 6.025391578674316,
          "acoustic_entropy_side": 5.82369327545166,
          "hz": 464.6875360973435
        },
        {
          "acoustic_entropy": 5.594561576843262,
          "acoustic_entropy_side": 5.62712287902832,
          "hz": 567.8308811364784
        },
        {
          "acoustic_entropy": 6.123174667358398,
          "acoustic_entropy_side": 5.782445907592773,
          "hz": 680.1084783214808
        },
        {
          "acoustic_entropy": 7.245799541473389,
          "acoustic_entropy_side": 5.689535140991211,
          "hz": 802.3292461747484
        },
        {
          "acoustic_entropy": 5.411187171936035,
          "acoustic_entropy_side": 5.5150980949401855,
          "hz": 935.3737400823702
        },
        {
          "acoustic_entropy": 6.007250785827637,
          "acoustic_entropy_side": 5.602127552032471,
          "hz": 1080.2004963696966
        },
        {
          "acoustic_entropy": 5.470643520355225,
          "acoustic_entropy_side": 5.511446952819824,
          "hz": 1237.8529382007157
        },
        {
          "acoustic_entropy": 5.543220520019531,
          "acoustic_entropy_side": 5.508890628814697,
          "hz": 1409.4668930556702
        },
        {
          "acoustic_entropy": 5.788856506347656,
          "acoustic_entropy_side": 5.512511730194092,
          "hz": 1596.2787759475705
        },
        {
          "acoustic_entropy": 5.76443338394165,
          "acoustic_entropy_side": 5.603550910949707,
          "hz": 1799.6344973346393
        },
        {
          "acoustic_entropy": 5.980093955993652,
          "acoustic_entropy_side": 5.617369174957275,
          "hz": 2020.9991599069049
        },
        {
          "acoustic_entropy": 5.771311283111572,
          "acoustic_entropy_side": 5.561373233795166,
          "hz": 2261.9676141086993
        },
        {
          "acoustic_entropy": 5.63613224029541,
          "acoustic_entropy_side": 5.544662952423096,
          "hz": 2524.2759484456974
        },
        {
          "acoustic_entropy": 5.621581554412842,
          "acoustic_entropy_side": 5.541656970977783,
          "hz": 2809.813997359896
        },
        {
          "acoustic_entropy": 5.5684638023376465,
          "acoustic_entropy_side": 5.537206172943115,
          "hz": 3120.6389567871424
        },
        {
          "acoustic_entropy": 5.530131816864014,
          "acoustic_entropy_side": 5.532627582550049,
          "hz": 3458.990205492291
        },
        {
          "acoustic_entropy": 5.528813362121582,
          "acoustic_entropy_side": 5.531055450439453,
          "hz": 3827.305438964164
        },
        {
          "acoustic_entropy": 5.5540032386779785,
          "acoustic_entropy_side": 5.52988862991333,
          "hz": 4228.238232109126
        },
        {
          "acoustic_entropy": 5.526716709136963,
          "acoustic_entropy_side": 5.526825904846191,
          "hz": 4664.6771572759235
        },
        {
          "acoustic_entropy": 5.559995651245117,
          "acoustic_entropy_side": 5.531617164611816,
          "hz": 5139.766595350093
        },
        {
          "acoustic_entropy": 5.55595588684082,
          "acoustic_entropy_side": 5.533370494842529,
          "hz": 5656.929389854203
        },
        {
          "acoustic_entropy": 5.531311511993408,
          "acoustic_entropy_side": 5.532965183258057,
          "hz": 6219.891507268283
        },
        {
          "acoustic_entropy": 5.494438648223877,
          "acoustic_entropy_side": 5.532784461975098,
          "hz": 6832.70888123896
        },
        {
          "acoustic_entropy": 5.450692176818848,
          "acoustic_entropy_side": 5.53278923034668,
          "hz": 7499.796634079867
        },
        {
          "acoustic_entropy": 5.382342338562012,
          "acoustic_entropy_side": 5.529889106750488,
          "hz": 8225.96088609342
        },
        {
          "acoustic_entropy": 5.358018398284912,
          "acoustic_entropy_side": 5.524967670440674,
          "hz": 9016.43338188839
        },
        {
          "acoustic_entropy": 5.348968505859375,
          "acoustic_entropy_side": 5.5257110595703125,
          "hz": 9876.909183162974
        },
        {
          "acoustic_entropy": 5.374024868011475,
          "acoustic_entropy_side": 5.523900508880615,
          "hz": 10813.587699516042
        },
        {
          "acoustic_entropy": 5.315687656402588,
          "acoustic_entropy_side": 5.522853851318359,
          "hz": 11833.21735289826
        },
        {
          "acoustic_entropy": 5.370121479034424,
          "acoustic_entropy_side": 5.527573585510254,
          "hz": 12943.144197493959
        },
        {
          "acoustic_entropy": 5.465763568878174,
          "acoustic_entropy_side": 5.531097888946533,
          "hz": 14151.364845322005
        },
        {
          "acoustic_entropy": 5.501644134521484,
          "acoustic_entropy_side": 5.532604694366455,
          "hz": 15466.58407886509
        },
        {
          "acoustic_entropy": 5.52276611328125,
          "acoustic_entropy_side": 5.533289432525635,
          "hz": 16898.27756580493
        },
        {
          "acoustic_entropy": 5.530984401702881,
          "acoustic_entropy_side": 5.5334858894348145,
          "hz": 18456.760127700032
        },
        {
          "acoustic_entropy": 5.53333854675293,
          "acoustic_entropy_side": 5.533547401428223,
          "hz": 20153.260054456492
        },
        {
          "acoustic_entropy": 5.5335540771484375,
          "acoustic_entropy_side": 5.533555507659912,
          "hz": 22000.00000000001
        }
      ],
      "diff_acoustic_entropy": 4.8806071281433105,
      "sn": 6
    },
    {
      "acoustic_entropy": 8.907926559448242,
      "acoustic_entropy_mono": 8.781562805175781,
      "band_eliminated_acoustic_entropies": [
        {
          "acoustic_entropy": 9.081915855407715,
          "acoustic_entropy_side": 8.908564567565918,
          "hz": 129.47220167065723
        },
        {
          "acoustic_entropy": 9.35084056854248,
          "acoustic_entropy_side": 8.91787338256836,
          "hz": 202.92927478742237
        },
        {
          "acoustic_entropy": 10.043591499328613,
          "acoustic_entropy_side": 8.873538970947266,
          "hz": 282.89161906338205
        },
        {
          "acoustic_entropy": 9.596705436706543,
          "acoustic_entropy_side": 8.9608154296875,
          "hz": 369.9353335868758
        },
        {
          "acoustic_entropy": 9.208490371704102,
          "acoustic_entropy_side": 9.006830215454102,
          "hz": 464.6875360973435
        },
        {
          "acoustic_entropy": 8.962392807006836,
          "acoustic_entropy_side": 9.552258491516113,
          "hz": 567.8308811364784
        },
        {
          "acoustic_entropy": 10.47154712677002,
          "acoustic_entropy_side": 8.893932342529297,
          "hz": 680.1084783214808
        },
        {
          "acoustic_entropy": 9.090972900390625,
          "acoustic_entropy_side": 8.972067832946777,
          "hz": 802.3292461747484
        },
        {
          "acoustic_entropy": 9.432744026184082,
          "acoustic_entropy_side": 8.90088939666748,
          "hz": 935.3737400823702
        },
        {
          "acoustic_entropy": 9.211647987365723,
          "acoustic_entropy_side": 8.886200904846191,
          "hz": 1080.2004963696966
        },
        {
          "acoustic_entropy": 9.106064796447754,
          "acoustic_entropy_side": 8.842331886291504,
          "hz": 1237.8529382007157
        },
        {
          "acoustic_entropy": 9.340879440307617,
          "acoustic_entropy_side": 8.910700798034668,
          "hz": 1409.4668930556702
        },
        {
          "acoustic_entropy": 8.82485580444336,
          "acoustic_entropy_side": 8.911930084228516,
          "hz": 1596.2787759475705
        },
        {
          "acoustic_entropy": 9.080733299255371,
          "acoustic_entropy_side": 8.80774974822998,
          "hz": 1799.6344973346393
        },
        {
          "acoustic_entropy": 9.064802169799805,
          "acoustic_entropy_side": 8.74767780303955,
          "hz": 2020.9991599069049
        },
        {
          "acoustic_entropy": 9.004388809204102,
          "acoustic_entropy_side": 8.750210762023926,
          "hz": 2261.9676141086993
        },
        {
          "acoustic_entropy": 8.961069107055664,
          "acoustic_entropy_side": 8.831048011779785,
          "hz": 2524.2759484456974
        },
        {
          "acoustic_entropy": 8.896223068237305,
          "acoustic_entropy_side": 8.846638679504395,
          "hz": 2809.813997359896
        },
        {
          "acoustic_entropy": 8.999719619750977,
          "acoustic_entropy_side": 8.865970611572266,
          "hz": 3120.6389567871424
        },
        {
          "acoustic_entropy": 8.89829158782959,
          "acoustic_entropy_side": 8.905011177062988,
          "hz": 3458.990205492291
        },
        {
          "acoustic_entropy": 8.988824844360352,
          "acoustic_entropy_side": 8.916887283325195,
          "hz": 3827.305438964164
        },
        {
          "acoustic_entropy": 8.965607643127441,
          "acoustic_entropy_side": 8.931584358215332,
          "hz": 4228.238232109126
        },
        {
          "acoustic_entropy": 9.045632362365723,
          "acoustic_entropy_side": 8.942529678344727,
          "hz": 4664.6771572759235
        },
        {
          "acoustic_entropy": 9.158268928527832,
          "acoustic_entropy_side": 8.941494941711426,
          "hz": 5139.766595350093
        },
        {
          "acoustic_entropy": 8.9618501663208,
          "acoustic_entropy_side": 8.933737754821777,
          "hz": 5656.929389854203
        },
        {
          "acoustic_entropy": 8.830134391784668,
          "acoustic_entropy_side": 8.941580772399902,
          "hz": 6219.891507268283
        },
        {
          "acoustic_entropy": 8.842066764831543,
          "acoustic_entropy_side": 8.943981170654297,
          "hz": 6832.70888123896
        },
        {
          "acoustic_entropy": 8.921053886413574,
          "acoustic_entropy_side": 8.942747116088867,
          "hz": 7499.796634079867
        },
        {
          "acoustic_entropy": 8.824433326721191,
          "acoustic_entropy_side": 8.933030128479004,
          "hz": 8225.96088609342
        },
        {
          "acoustic_entropy": 8.721904754638672,
          "acoustic_entropy_side": 8.921549797058105,
          "hz": 9016.43338188839
        },
        {
          "acoustic_entropy": 8.739834785461426,
          "acoustic_entropy_side": 8.92496109008789,
          "hz": 9876.909183162974
        },
        {
          "acoustic_entropy": 8.79790210723877,
          "acoustic_entropy_side": 8.920599937438965,
          "hz": 10813.587699516042
        },
        {
          "acoustic_entropy": 8.831011772155762,
          "acoustic_entropy_side": 8.912978172302246,
          "hz": 11833.21735289826
        },
        {
          "acoustic_entropy": 8.862302780151367,
          "acoustic_entropy_side": 8.909759521484375,
          "hz": 12943.144197493959
        },
        {
          "acoustic_entropy": 8.864112854003906,
          "acoustic_entropy_side": 8.906305313110352,
          "hz": 14151.364845322005
        },
        {
          "acoustic_entropy": 8.889098167419434,
          "acoustic_entropy_side": 8.907228469848633,
          "hz": 15466.58407886509
        },
        {
          "acoustic_entropy": 8.910301208496094,
          "acoustic_entropy_side": 8.907225608825684,
          "hz": 16898.27756580493
        },
        {
          "acoustic_entropy": 8.896817207336426,
          "acoustic_entropy_side": 8.907586097717285,
          "hz": 18456.760127700032
        },
        {
          "acoustic_entropy": 8.904520034790039,
          "acoustic_entropy_side": 8.907858848571777,
          "hz": 20153.260054456492
        },
        {
          "acoustic_entropy": 8.90786361694336,
          "acoustic_entropy_side": 8.907923698425293,
          "hz": 22000.00000000001
        }
      ],
      "diff_acoustic_entropy": 8.233136177062988,
      "sn": 12
    },
    {
      "acoustic_entropy": 15.646751403808594,
      "acoustic_entropy_mono": 14.570660591125488,
      "band_eliminated_acoustic_entropies": [
        {
          "acoustic_entropy": 15.597230911254883,
          "acoustic_entropy_side": 15.661785125732422,
          "hz": 129.47220167065723
        },
        {
          "acoustic_entropy": 16.43893814086914,
          "acoustic_entropy_side": 16.030975341796875,
          "hz": 202.92927478742237
        },
        {
          "acoustic_entropy": 16.169361114501953,
          "acoustic_entropy_side": 15.89061164855957,
          "hz": 282.89161906338205
        },
        {
          "acoustic_entropy": 16.49457359313965,
          "acoustic_entropy_side": 16.036762237548828,
          "hz": 369.9353335868758
        },
        {
          "acoustic_entropy": 15.969603538513184,
          "acoustic_entropy_side": 16.597301483154297,
          "hz": 464.6875360973435
        },
        {
          "acoustic_entropy": 15.977949142456055,
          "acoustic_entropy_side": 16.555442810058594,
          "hz": 567.8308811364784
        },
        {
          "acoustic_entropy": 16.904687881469727,
          "acoustic_entropy_side": 15.850323677062988,
          "hz": 680.1084783214808
        },
        {
          "acoustic_entropy": 16.311494827270508,
          "acoustic_entropy_side": 15.89625072479248,
          "hz": 802.3292461747484
        },
        {
          "acoustic_entropy": 16.87384796142578,
          "acoustic_entropy_side": 17.219451904296875,
          "hz": 935.3737400823702
        },
        {
          "acoustic_entropy": 16.393699645996094,
          "acoustic_entropy_side": 16.577903747558594,
          "hz": 1080.2004963696966
        },
        {
          "acoustic_entropy": 16.02098274230957,
          "acoustic_entropy_side": 15.440265655517578,
          "hz": 1237.8529382007157
        },
        {
          "acoustic_entropy": 15.391969680786133,
          "acoustic_entropy_side": 15.515501976013184,
          "hz": 1409.4668930556702
        },
        {
          "acoustic_entropy": 15.28950023651123,
          "acoustic_entropy_side": 15.155475616455078,
          "hz": 1596.2787759475705
        },
        {
          "acoustic_entropy": 16.004682540893555,
          "acoustic_entropy_side": 15.4783935546875,
          "hz": 1799.6344973346393
        },
        {
          "acoustic_entropy": 15.631415367126465,
          "acoustic_entropy_side": 15.869133949279785,
          "hz": 2020.9991599069049
        },
        {
          "acoustic_entropy": 15.821413040161133,
          "acoustic_entropy_side": 15.783732414245605,
          "hz": 2261.9676141086993
        },
        {
          "acoustic_entropy": 15.578808784484863,
          "acoustic_entropy_side": 16.096529006958008,
          "hz": 2524.2759484456974
        },
        {
          "acoustic_entropy": 16.08141326904297,
          "acoustic_entropy_side": 15.938591003417969,
          "hz": 2809.813997359896
        },
        {
          "acoustic_entropy": 15.821077346801758,
          "acoustic_entropy_side": 15.678800582885742,
          "hz": 3120.6389567871424
        },
        {
