{
  "acoustic_entropy": 80.79733276367188,
  "bands": [
    {
      "high_freq": 148.1999969482422,
      "loudness": -32.590171813964844,
      "loudness_range": 27.182647705078125,
      "mid_mean": -31.657777786254883,
      "mid_to_side_loudness": -17.047801971435547,
      "mid_to_side_loudness_range": 23.391788482666016,
      "side_mean": -54.78530502319336
    },
    {
      "high_freq": 392.3793640136719,
      "loudness": -40.10874938964844,
      "loudness_range": 20.88713836669922,
      "low_freq": 148.1999969482422,
      "mid_mean": -38.52137756347656,
      "mid_to_side_loudness": -9.64335823059082,
      "mid_to_side_loudness_range": 10.889667510986328,
      "side_mean": -53.0267219543457
    },
    {
      "high_freq": 794.6976318359375,
      "loudness": -36.88203430175781,
      "loudness_range": 12.98414421081543,
      "low_freq": 392.3793640136719,
      "mid_mean": -36.51182174682617,
      "mid_to_side_loudness": -2.6384177207946777,
      "mid_to_side_loudness_range": 7.121147155761719,
      "side_mean": -38.444766998291016
    },
    {
      "high_freq": 1457.5709228515625,
      "loudness": -38.76285934448242,
      "loudness_range": 12.656360626220703,
      "low_freq": 794.6976318359375,
      "mid_mean": -37.66345977783203,
      "mid_to_side_loudness": -2.7342491149902344,
      "mid_to_side_loudness_range": 5.351232051849365,
      "side_mean": -40.261661529541016
    },
    {
      "high_freq": 2549.74365234375,
      "loudness": -38.88676452636719,
      "loudness_range": 12.381614685058594,
      "low_freq": 1457.5709228515625,
      "mid_mean": -37.25674819946289,
      "mid_to_side_loudness": -2.7311713695526123,
      "mid_to_side_loudness_range": 7.638639450073242,
      "side_mean": -40.72504425048828
    },
    {
      "high_freq": 4349.24462890625,
      "loudness": -37.48772430419922,
      "loudness_range": 23.260751724243164,
      "low_freq": 2549.74365234375,
      "mid_mean": -35.586524963378906,
      "mid_to_side_loudness": -3.0353169441223145,
      "mid_to_side_loudness_range": 8.964134216308594,
      "side_mean": -40.44363784790039
    },
    {
      "high_freq": 7314.1640625,
      "loudness": -36.67980194091797,
      "loudness_range": 23.680498123168945,
      "low_freq": 4349.24462890625,
      "mid_mean": -35.030067443847656,
      "mid_to_side_loudness": -2.428679943084717,
      "mid_to_side_loudness_range": 9.001070976257324,
      "side_mean": -39.592918395996094
    },
    {
      "high_freq": 12199.2666015625,
      "loudness": -39.549861907958984,
      "loudness_range": 25.710472106933594,
      "low_freq": 7314.1640625,
      "mid_mean": -37.62770080566406,
      "mid_to_side_loudness": -4.887523651123047,
      "mid_to_side_loudness_range": 8.933065414428711,
      "side_mean": -43.938331604003906
    },
    {
      "loudness": -49.101219177246094,
      "loudness_range": 29.970293045043945,
      "low_freq": 12199.2666015625,
      "mid_mean": -51.11091613769531,
      "mid_to_side_loudness": -2.7497799396514893,
      "mid_to_side_loudness_range": 5.822188377380371,
      "side_mean": -54.461036682128906
    }
  ],
  "bands_short": [
    {
      "high_freq": 148.1999969482422,
      "loudness": -47.35820770263672,
      "loudness_range": 40.99401092529297,
      "mid_mean": -50.10236740112305,
      "mid_to_side_loudness": -10.666790008544922,
      "mid_to_side_loudness_range": 16.256473541259766,
      "side_mean": -59.90460968017578
    },
    {
      "high_freq": 392.3793640136719,
      "loudness": -42.72215270996094,
      "loudness_range": 32.78477478027344,
      "low_freq": 148.1999969482422,
      "mid_mean": -40.83330154418945,
      "mid_to_side_loudness": -9.547883987426758,
      "mid_to_side_loudness_range": 14.938233375549316,
      "side_mean": -54.40840530395508
    },
    {
      "high_freq": 794.6976318359375,
      "loudness": -38.354286193847656,
      "loudness_range": 15.61953353881836,
      "low_freq": 392.3793640136719,
      "mid_mean": -38.1505012512207,
      "mid_to_side_loudness": -1.9946315288543701,
      "mid_to_side_loudness_range": 10.75411605834961,
      "side_mean": -39.924949645996094
    },
    {
      "high_freq": 1457.5709228515625,
      "loudness": -41.47885513305664,
      "loudness_range": 18.883312225341797,
      "low_freq": 794.6976318359375,
      "mid_mean": -40.4037971496582,
      "mid_to_side_loudness": -2.7370223999023438,
      "mid_to_side_loudness_range": 9.677289009094238,
      "side_mean": -43.955238342285156
    },
    {
      "high_freq": 2549.74365234375,
      "loudness": -43.67646408081055,
      "loudness_range": 24.173402786254883,
      "low_freq": 1457.5709228515625,
      "mid_mean": -42.72682571411133,
      "mid_to_side_loudness": -1.1728771924972534,
      "mid_to_side_loudness_range": 7.952700614929199,
      "side_mean": -45.79178237915039
    },
    {
      "high_freq": 4349.24462890625,
      "loudness": -44.38686752319336,
      "loudness_range": 35.09032440185547,
      "low_freq": 2549.74365234375,
      "mid_mean": -43.34490203857422,
      "mid_to_side_loudness": -1.6325105428695679,
      "mid_to_side_loudness_range": 8.596502304077148,
      "side_mean": -46.85549545288086
    },
    {
      "high_freq": 7314.1640625,
      "loudness": -44.169681549072266,
      "loudness_range": 35.1393928527832,
      "low_freq": 4349.24462890625,
      "mid_mean": -43.788780212402344,
      "mid_to_side_loudness": -1.5266605615615845,
      "mid_to_side_loudness_range": 7.417474269866943,
      "side_mean": -50.24795913696289
    },
    {
      "high_freq": 12199.2666015625,
      "loudness": -48.27058410644531,
      "loudness_range": 37.993778228759766,
      "low_freq": 7314.1640625,
      "mid_mean": -52.67951202392578,
      "mid_to_side_loudness": -2.0084660053253174,
      "mid_to_side_loudness_range": 7.852015495300293,
      "side_mean": -54.9968147277832
    },
    {
      "loudness": -51.749107360839844,
      "loudness_range": 38.82316207885742,
      "low_freq": 12199.2666015625,
      "mid_mean": -60.36457443237305,
      "mid_to_side_loudness": -1.122878074645996,
      "mid_to_side_loudness_range": 5.3764872550964355,
      "side_mean": -61.834083557128906
    }
  ],
  "bandwidth": 818.7074584960938,
  "channels": 2,
  "covariance": [
    [
      160.13084411621094,
      85.2124252319336,
      80.52803802490234,
      78.97705841064453,
      40.388404846191406,
      49.753456115722656,
      33.69905471801758,
      46.19808578491211,
      16.596914291381836,
      27.409244537353516,
      -12.555088996887207,
      -21.158727645874023,
      -7.704972267150879,
      -0.9654390215873718,
      -13.064884185791016,
      8.590608596801758,
      -37.6162223815918,
      -27.380739212036133
    ],
    [
      85.2124252319336,
      109.06807708740234,
      70.88677215576172,
      107.10771942138672,
      42.392391204833984,
      44.20848846435547,
      39.11811065673828,
      39.411834716796875,
      13.016932487487793,
      24.25946807861328,
      -17.16583251953125,
      -10.235604286193848,
      -20.120710372924805,
      2.3395886421203613,
      -23.504993438720703,
      10.764796257019043,
      17.829580307006836,
      27.097543716430664
    ],
    [
      80.52803802490234,
      70.88677215576172,
      96.48731994628906,
      70.45650482177734,
      49.438358306884766,
      46.09943389892578,
      37.305084228515625,
      40.88645553588867,
      0.523939847946167,
      12.299904823303223,
      -40.38359451293945,
      -31.132709503173828,
      -37.9146842956543,
      -14.12938117980957,
      -37.96906280517578,
      -4.270818710327148,
      -46.27037048339844,
      -23.728525161743164
    ],
    [
      78.97705841064453,
      107.10771942138672,
      70.45650482177734,
      117.3351821899414,
      51.4044189453125,
      48.863441467285156,
      48.37260818481445,
      50.4013557434082,
      22.354721069335938,
      37.2099609375,
      -9.948297500610352,
      2.892578601837158,
      -15.015124320983887,
      14.413987159729004,
      -11.581141471862793,
      23.21830940246582,
      36.49640655517578,
      45.05562973022461
    ],
    [
      40.388404846191406,
      42.392391204833984,
      49.438358306884766,
      51.4044189453125,
      54.583553314208984,
      44.804622650146484,
      44.4129753112793,
      43.10985565185547,
      17.902204513549805,
      25.20081901550293,
      -6.54710054397583,
      1.6554433107376099,
      -6.997730255126953,
      10.475407600402832,
      -2.627232313156128,
      16.002771377563477,
      -3.5098888874053955,
      7.9487504959106445
    ],
    [
      49.753456115722656,
      44.20848846435547,
      46.09943389892578,
      48.863441467285156,
      44.804622650146484,
      50.865806579589844,
      39.07286834716797,
      43.93783187866211,
      14.637760162353516,
      22.28740692138672,
      -12.249764442443848,
      -7.336379528045654,
      -7.398630142211914,
      1.0319644212722778,
      -0.5857360363006592,
      5.450913906097412,
      -14.893097877502441,
      -10.909112930297852
    ],
    [
      33.69905471801758,
      39.11811065673828,
      37.305084228515625,
      48.37260818481445,
      44.4129753112793,
      39.07286834716797,
      45.03154754638672,
      39.307979583740234,
      21.345232009887695,
      25.63218116760254,
      0.40124091506004333,
      7.570545196533203,
      -1.3864209651947021,
      15.50085735321045,
      2.385247230529785,
      20.28849983215332,
      7.55270528793335,
      19.021099090576172
    ],
    [
      46.19808578491211,
      39.411834716796875,
      40.88645553588867,
      50.4013557434082,
      43.10985565185547,
      43.93783187866211,
      39.307979583740234,
      55.89420700073242,
      28.85304069519043,
      37.677608489990234,
      3.519099473953247,
      12.335304260253906,
      8.201582908630371,
      19.880903244018555,
      24.396259307861328,
      24.31466293334961,
      13.080334663391113,
      14.314811706542969
    ],
    [
      16.596914291381836,
      13.016932487487793,
      0.523939847946167,
      22.354721069335938,
      17.902204513549805,
      14.637760162353516,
      21.345232009887695,
      28.85304069519043,
      36.24440002441406,
      36.146915435791016,
      33.85682678222656,
      35.611785888671875,
      36.383766174316406,
      38.20896911621094,
      44.95429992675781,
      39.41117858886719,
      45.07185363769531,
      41.39447021484375
    ],
    [
      27.409244537353516,
      24.25946807861328,
      12.299904823303223,
      37.2099609375,
      25.20081901550293,
      22.28740692138672,
      25.63218116760254,
      37.677608489990234,
      36.146915435791016,
      49.47248077392578,
      33.716087341308594,
      40.35490417480469,
      29.45993423461914,
      45.82960891723633,
      44.30057907104492,
      47.87109375,
      48.293121337890625,
      45.291603088378906
    ],
    [
      -12.555088996887207,
      -17.16583251953125,
      -40.38359451293945,
      -9.948297500610352,
      -6.54710054397583,
      -12.249764442443848,
      0.40124091506004333,
      3.519099473953247,
      33.85682678222656,
      33.716087341308594,
      62.9838752746582,
      56.970252990722656,
      57.254940032958984,
      52.95487976074219,
      62.85521697998047,
      49.92182922363281,
      74.8440170288086,
      60.07994079589844
    ],
    [
      -21.158727645874023,
      -10.235604286193848,
      -31.132709503173828,
      2.892578601837158,
      1.6554433107376099,
      -7.336379528045654,
      7.570545196533203,
      12.335304260253906,
      35.611785888671875,
      40.35490417480469,
      56.970252990722656,
      68.11931610107422,
      50.61423110961914,
      58.705047607421875,
      65.26934051513672,
      56.2642936706543,
      88.21033477783203,
      77.55860137939453
    ],
    [
      -7.704972267150879,
      -20.120710372924805,
      -37.9146842956543,
      -15.015124320983887,
      -6.997730255126953,
      -7.398630142211914,
      -1.3864209651947021,
      8.201582908630371,
      36.383766174316406,
      29.45993423461914,
      57.254940032958984,
      50.61423110961914,
      62.56743240356445,
      46.493072509765625,
      70.6437759399414,
      43.172122955322266,
      67.80265045166016,
      50.431671142578125
    ],
    [
      -0.9654390215873718,
      2.3395886421203613,
      -14.12938117980957,
      14.413987159729004,
      10.475407600402832,
      1.0319644212722778,
      15.50085735321045,
      19.880903244018555,
      38.20896911621094,
      45.82960891723633,
      52.95487976074219,
      58.705047607421875,
      46.493072509765625,
      63.39955520629883,
      58.528770446777344,
      60.84832000732422,
      75.3570327758789,
      72.1556167602539
    ],
    [
      -13.064884185791016,
      -23.504993438720703,
      -37.96906280517578,
      -11.581141471862793,
      -2.627232313156128,
      -0.5857360363006592,
      2.385247230529785,
      24.396259307861328,
      44.95429992675781,
      44.30057907104492,
      62.85521697998047,
      65.26934051513672,
      70.6437759399414,
      58.528770446777344,
      102.4522476196289,
      53.89268493652344,
      93.64751434326172,
      67.56230926513672
    ],
    [
      8.590608596801758,
      10.764796257019043,
      -4.270818710327148,
      23.21830940246582,
      16.002771377563477,
      5.450913906097412,
      20.28849983215332,
      24.31466293334961,
      39.41117858886719,
      47.87109375,
      49.92182922363281,
      56.2642936706543,
      43.172122955322266,
      60.84832000732422,
      53.89268493652344,
      63.93022155761719,
      70.63348388671875,
      70.91934204101562
    ],
    [
      -37.6162223815918,
      17.829580307006836,
      -46.27037048339844,
      36.49640655517578,
      -3.5098888874053955,
      -14.893097877502441,
      7.55270528793335,
      13.080334663391113,
      45.07185363769531,
      48.293121337890625,
      74.8440170288086,
      88.21033477783203,
      67.80265045166016,
      75.3570327758789,
      93.64751434326172,
      70.63348388671875,
      153.60964965820312,
      128.3936767578125
    ],
    [
      -27.380739212036133,
      27.097543716430664,
      -23.728525161743164,
      45.05562973022461,
      7.9487504959106445,
      -10.909112930297852,
      19.021099090576172,
      14.314811706542969,
      41.39447021484375,
      45.291603088378906,
      60.07994079589844,
      77.55860137939453,
      50.431671142578125,
      72.1556167602539,
      67.56230926513672,
      70.91934204101562,
      128.3936767578125,
      121.40513610839844
    ]
  ],
  "covariance_short": [
    [
      232.99794006347656,
      114.7737045288086,
      144.01052856445312,
      147.75852966308594,
      47.829219818115234,
      55.57648849487305,
      45.62281036376953,
      53.17945098876953,
      31.893413543701172,
      49.413795471191406,
      10.152791023254395,
      24.933420181274414,
      17.670257568359375,
      101.29956817626953,
      77.18119049072266,
      89.90036010742188,
      7.84876012802124,
      17.374053955078125
    ],
    [
      114.7737045288086,
      76.7237548828125,
      80.69611358642578,
      90.6409683227539,
      29.458444595336914,
      34.48002624511719,
      22.95989418029785,
      32.23823165893555,
      7.644686698913574,
      25.250715255737305,
      -11.136550903320312,
      5.891656875610352,
      -8.14363956451416,
      45.87754440307617,
      28.334625244140625,
      38.92207717895508,
      -11.671323776245117,
      -4.555884838104248
    ],
    [
      144.01052856445312,
      80.69611358642578,
      139.05442810058594,
      100.66680145263672,
      51.94802474975586,
      56.64701461791992,
      49.269351959228516,
      56.62080764770508,
      33.150638580322266,
      45.47419738769531,
      9.778192520141602,
      10.519623756408691,
      16.0076961517334,
      37.56120681762695,
      23.039043426513672,
      43.73072052001953,
      -24.583402633666992,
      -10.252846717834473
    ],
    [
      147.75852966308594,
      90.6409683227539,
      100.66680145263672,
      124.6125717163086,
      48.96487808227539,
      52.10492706298828,
      42.60660171508789,
      54.23619842529297,
      24.057767868041992,
      47.74465560913086,
      1.0663847923278809,
      24.55058479309082,
      0.06685362011194229,
      78.55229949951172,
      53.30810546875,
      66.86034393310547,
      -2.2333552837371826,
      6.316105365753174
    ],
    [
      47.829219818115234,
      29.458444595336914,
      51.94802474975586,
      48.96487808227539,
      66.48516082763672,
      54.61375045776367,
      59.708595275878906,
      52.39595031738281,
      30.267425537109375,
      35.51070785522461,
      11.14571475982666,
      12.493077278137207,
      7.018817901611328,
      20.195085525512695,
      8.794001579284668,
      23.129383087158203,
      -14.753722190856934,
      -6.927195072174072
    ],
    [
      55.57648849487305,
      34.48002624511719,
      56.64701461791992,
      52.10492706298828,
      54.61375045776367,
      63.44281005859375,
      52.409751892089844,
      50.04385757446289,
      21.075361251831055,
      28.176677703857422,
      -3.040659189224243,
      -1.4260345697402954,
      -1.7306253910064697,
      6.397647857666016,
      1.0336710214614868,
      10.014142990112305,
      -28.51529884338379,
      -20.843326568603516
    ],
    [
      45.62281036376953,
      22.95989418029785,
      49.269351959228516,
      42.60660171508789,
      59.708595275878906,
      52.409751892089844,
      67.74398040771484,
      55.75370407104492,
      47.17327117919922,
      47.73249053955078,
      39.83661651611328,
      33.45042419433594,
      36.11547088623047,
      39.50291061401367,
      40.57112503051758,
      44.454071044921875,
      16.560489654541016,
      17.90824317932129
    ],
    [
      53.17945098876953,
      32.23823165893555,
      56.62080764770508,
      54.23619842529297,
      52.39595031738281,
      50.04385757446289,
      55.75370407104492,
      70.14581298828125,
      50.05384063720703,
      54.33627700805664,
      33.02208709716797,
      32.2515754699707,
      32.756656646728516,
      38.52107620239258,
      39.82221603393555,
      42.737789154052734,
      13.209531784057617,
      16.321975708007812
    ],
    [
      31.893413543701172,
      7.644686698913574,
      33.150638580322266,
      24.057767868041992,
      30.267425537109375,
      21.075361251831055,
      47.17327117919922,
      50.05384063720703,
      83.4604263305664,
      68.42362213134766,
      99.92446899414062,
      77.7216567993164,
      100.9402084350586,
      83.04206848144531,
      111.07324981689453,
      89.6766586303711,
      92.00723266601562,
      78.07532501220703
    ],
    [
      49.413795471191406,
      25.250715255737305,
      45.47419738769531,
      47.74465560913086,
      35.51070785522461,
      28.176677703857422,
      47.73249053955078,
      54.33627700805664,
      68.42362213134766,
      84.07393646240234,
      85.1802749633789,
      81.42920684814453,
      76.56392669677734,
      88.99058532714844,
      94.05007934570312,
      89.34562683105469,
      70.4902572631836,
      66.96348571777344
    ],
    [
      10.152791023254395,
      -11.136550903320312,
      9.778192520141602,
      1.0663847923278809,
      11.14571475982666,
      -3.040659189224243,
      39.83661651611328,
      33.02208709716797,
      99.92446899414062,
      85.1802749633789,
      164.7047576904297,
      124.95196533203125,
      156.9728546142578,
      128.43630981445312,
      176.54417419433594,
      135.83343505859375,
      160.42433166503906,
      132.15789794921875
    ],
    [
      24.933420181274414,
      5.891656875610352,
      10.519623756408691,
      24.55058479309082,
      12.493077278137207,
      -1.4260345697402954,
      33.45042419433594,
      32.2515754699707,
      77.7216567993164,
      81.42920684814453,
      124.95196533203125,
      129.3137969970703,
      115.6540756225586,
      133.0201416015625,
      144.4729766845703,
      130.32479858398438,
      133.06423950195312,
      120.49140930175781
    ],
    [
      17.670257568359375,
      -8.14363956451416,
      16.0076961517334,
      0.06685362011194229,
      7.018817901611328,
      -1.7306253910064697,
      36.11547088623047,
      32.756656646728516,
      100.9402084350586,
      76.56392669677734,
      156.9728546142578,
      115.6540756225586,
      165.79318237304688,
      123.86832427978516,
      182.0331573486328,
      133.9895477294922,
      162.51072692871094,
      132.43589782714844
    ],
    [
      101.29956817626953,
      45.87754440307617,
      37.56120681762695,
      78.55229949951172,
      20.195085525512695,
      6.397647857666016,
      39.50291061401367,
      38.52107620239258,
      83.04206848144531,
      88.99058532714844,
      128.43630981445312,
      133.0201416015625,
      123.86832427978516,
      183.15492248535156,
      180.30364990234375,
      169.3275604248047,
      141.60018920898438,
      131.5429229736328
    ],
    [
      77.18119049072266,
      28.334625244140625,
      23.039043426513672,
      53.30810546875,
      8.794001579284668,
      1.0336710214614868,
      40.57112503051758,
      39.82221603393555,
      111.07324981689453,
      94.05007934570312,
      176.54417419433594,
      144.4729766845703,
      182.0331573486328,
      180.30364990234375,
      234.36083984375,
      175.56568908691406,
      185.205078125,
      150.1984405517578
    ],
    [
      89.90036010742188,
      38.92207717895508,
      43.73072052001953,
      66.86034393310547,
      23.129383087158203,
      10.014142990112305,
      44.454071044921875,
      42.737789154052734,
      89.6766586303711,
      89.34562683105469,
      135.83343505859375,
      130.32479858398438,
      133.9895477294922,
      169.3275604248047,
      175.56568908691406,
      163.78228759765625,
      139.5748291015625,
      128.9928741455078
    ],
    [
      7.84876012802124,
      -11.671323776245117,
      -24.583402633666992,
      -2.2333552837371826,
      -14.753722190856934,
      -28.51529884338379,
      16.560489654541016,
      13.209531784057617,
      92.00723266601562,
      70.4902572631836,
      160.42433166503906,
      133.06423950195312,
      162.51072692871094,
      141.60018920898438,
      185.205078125,
      139.5748291015625,
      183.8775177001953,
      151.30833435058594
    ],
    [
      17.374053955078125,
      -4.555884838104248,
      -10.252846717834473,
      6.316105365753174,
      -6.927195072174072,
      -20.843326568603516,
      17.90824317932129,
      16.321975708007812,
      78.07532501220703,
      66.96348571777344,
      132.15789794921875,
      120.49140930175781,
      132.43589782714844,
      131.5429229736328,
      150.1984405517578,
      128.9928741455078,
      151.30833435058594,
      134.8734893798828
    ]
  ],
  "damage": -15.382293701171875,
  "diff_bandwidth": 749.0960083007812,
  "dissonance": 12.201293052831756,
  "drr": 6.691004276275635,
  "dynamics": 5.557528018951416,
  "format": 1245190,
  "frames": 1504192,
  "loudness": -20.69899559020996,
  "loudness_range": 10.634324073791504,
  "loudness_range_short": 24.6884708404541,
  "lowpass_true_peak_15khz": -1.291045904159546,
  "mastering3_acoustic_entropies": [
    {
      "acoustic_entropy": 8.459428787231445,
      "acoustic_entropy_mono": 7.749186038970947,
      "band_eliminated_acoustic_entropies": [
        {
          "acoustic_entropy": 8.604083061218262,
          "acoustic_entropy_side": 8.459432601928711,
          "hz": 129.47220167065723
        },
        {
          "acoustic_entropy": 8.380400657653809,
          "acoustic_entropy_side": 8.459696769714355,
          "hz": 202.92927478742237
        },
        {
          "acoustic_entropy": 8.478011131286621,
          "acoustic_entropy_side": 8.459674835205078,
          "hz": 282.89161906338205
        },
        {
          "acoustic_entropy": 8.441054344177246,
          "acoustic_entropy_side": 8.459875106811523,
          "hz": 369.9353335868758
        },
        {
          "acoustic_entropy": 8.395928382873535,
          "acoustic_entropy_side": 8.446660995483398,
          "hz": 464.6875360973435
        },
        {
          "acoustic_entropy": 8.466256141662598,
          "acoustic_entropy_side": 8.469659805297852,
          "hz": 567.8308811364784
        },
        {
          "acoustic_entropy": 8.47063159942627,
          "acoustic_entropy_side": 8.461090087890625,
          "hz": 680.1084783214808
        },
        {
          "acoustic_entropy": 8.45582103729248,
          "acoustic_entropy_side": 8.458687782287598,
          "hz": 802.3292461747484
        },
        {
          "acoustic_entropy": 8.457557678222656,
          "acoustic_entropy_side": 8.458830833435059,
          "hz": 935.3737400823702
        },
        {
          "acoustic_entropy": 8.33179759979248,
          "acoustic_entropy_side": 8.456624984741211,
          "hz": 1080.2004963696966
        },
        {
          "acoustic_entropy": 8.416674613952637,
          "acoustic_entropy_side": 8.39739990234375,
          "hz": 1237.8529382007157
        },
        {
          "acoustic_entropy": 8.403185844421387,
          "acoustic_entropy_side": 8.41185188293457,
          "hz": 1409.4668930556702
        },
        {
          "acoustic_entropy": 8.466178894042969,
          "acoustic_entropy_side": 8.459754943847656,
          "hz": 1596.2787759475705
        },
        {
          "acoustic_entropy": 8.415374755859375,
          "acoustic_entropy_side": 8.429372787475586,
          "hz": 1799.6344973346393
        },
        {
          "acoustic_entropy": 8.369080543518066,
          "acoustic_entropy_side": 8.400748252868652,
          "hz": 2020.9991599069049
        },
        {
          "acoustic_entropy": 8.455804824829102,
          "acoustic_entropy_side": 8.453508377075195,
          "hz": 2261.9676141086993
        },
        {
          "acoustic_entropy": 8.467199325561523,
          "acoustic_entropy_side": 8.459202766418457,
          "hz": 2524.2759484456974
        },
        {
          "acoustic_entropy": 8.463554382324219,
          "acoustic_entropy_side": 8.458821296691895,
          "hz": 2809.813997359896
        },
        {
          "acoustic_entropy": 8.46096420288086,
          "acoustic_entropy_side": 8.454582214355469,
          "hz": 3120.6389567871424
        },
        {
          "acoustic_entropy": 8.460508346557617,
          "acoustic_entropy_side": 8.459562301635742,
          "hz": 3458.990205492291
        },
        {
          "acoustic_entropy": 8.428420066833496,
          "acoustic_entropy_side": 8.447750091552734,
          "hz": 3827.305438964164
        },
        {
          "acoustic_entropy": 8.504722595214844,
          "acoustic_entropy_side": 8.456083297729492,
          "hz": 4228.238232109126
        },
        {
          "acoustic_entropy": 8.474148750305176,
          "acoustic_entropy_side": 8.455082893371582,
          "hz": 4664.6771572759235
        },
        {
          "acoustic_entropy": 8.491362571716309,
          "acoustic_entropy_side": 8.452868461608887,
          "hz": 5139.766595350093
        },
        {
          "acoustic_entropy": 8.464805603027344,
          "acoustic_entropy_side": 8.439467430114746,
          "hz": 5656.929389854203
        },
        {
          "acoustic_entropy": 8.466854095458984,
          "acoustic_entropy_side": 8.441400527954102,
          "hz": 6219.891507268283
        },
        {
          "acoustic_entropy": 8.504579544067383,
          "acoustic_entropy_side": 8.45183277130127,
          "hz": 6832.70888123896
        },
        {
          "acoustic_entropy": 8.47542667388916,
          "acoustic_entropy_side": 8.440642356872559,
          "hz": 7499.796634079867
        },
        {
          "acoustic_entropy": 8.416251182556152,
          "acoustic_entropy_side": 8.441546440124512,
          "hz": 8225.96088609342
        },
        {
          "acoustic_entropy": 8.358805656433105,
          "acoustic_entropy_side": 8.450984954833984,
          "hz": 9016.43338188839
        },
        {
          "acoustic_entropy": 8.426735877990723,
          "acoustic_entropy_side": 8.450605392456055,
          "hz": 9876.909183162974
        },
        {
          "acoustic_entropy": 8.449514389038086,
          "acoustic_entropy_side": 8.45285415649414,
          "hz": 10813.587699516042
        },
        {
          "acoustic_entropy": 8.456064224243164,
          "acoustic_entropy_side": 8.454381942749023,
          "hz": 11833.21735289826
        },
        {
          "acoustic_entropy": 8.466967582702637,
          "acoustic_entropy_side": 8.457969665527344,
          "hz": 12943.144197493959
        },
        {
          "acoustic_entropy": 8.456061363220215,
          "acoustic_entropy_side": 8.459678649902344,
          "hz": 14151.364845322005
        },
        {
          "acoustic_entropy": 8.454192161560059,
          "acoustic_entropy_side": 8.459617614746094,
          "hz": 15466.58407886509
        },
        {
          "acoustic_entropy": 8.458484649658203,
          "acoustic_entropy_side": 8.459369659423828,
          "hz": 16898.27756580493
        },
        {
          "acoustic_entropy": 8.451234817504883,
          "acoustic_entropy_side": 8.459623336791992,
          "hz": 18456.760127700032
        },
        {
          "acoustic_entropy": 8.407768249511719,
          "acoustic_entropy_side": 8.450950622558594,
          "hz": 20153.260054456492
        },
        {
          "acoustic_entropy": 8.398591041564941,
          "acoustic_entropy_side": 8.451581954956055,
          "hz": 22000.00000000001
        }
      ],
      "diff_acoustic_entropy": 9.404501914978027,
      "sn": 6
    },
    {
      "acoustic_entropy": 10.27283763885498,
      "acoustic_entropy_mono": 9.598862648010254,
      "band_eliminated_acoustic_entropies": [
        {
          "acoustic_entropy": 10.961997032165527,
          "acoustic_entropy_side": 10.272907257080078,
          "hz": 129.47220167065723
        },
        {
          "acoustic_entropy": 10.871540069580078,
          "acoustic_entropy_side": 10.274552345275879,
          "hz": 202.92927478742237
        },
        {
          "acoustic_entropy": 10.37153148651123,
          "acoustic_entropy_side": 10.274629592895508,
          "hz": 282.89161906338205
        },
        {
          "acoustic_entropy": 10.244918823242188,
          "acoustic_entropy_side": 10.272997856140137,
          "hz": 369.9353335868758
        },
        {
          "acoustic_entropy": 10.271337509155273,
          "acoustic_entropy_side": 10.347451210021973,
          "hz": 464.6875360973435
        },
        {
          "acoustic_entropy": 10.390397071838379,
          "acoustic_entropy_side": 10.31676959991455,
          "hz": 567.8308811364784
        },
        {
          "acoustic_entropy": 10.286144256591797,
          "acoustic_entropy_side": 10.270520210266113,
          "hz": 680.1084783214808
        },
        {
          "acoustic_entropy": 10.218815803527832,
          "acoustic_entropy_side": 10.258463859558105,
          "hz": 802.3292461747484
        },
        {
          "acoustic_entropy": 10.227638244628906,
          "acoustic_entropy_side": 10.261054039001465,
          "hz": 935.3737400823702
        },
        {
          "acoustic_entropy": 10.085244178771973,
          "acoustic_entropy_side": 10.26050090789795,
          "hz": 1080.2004963696966
        },
        {
          "acoustic_entropy": 10.302979469299316,
          "acoustic_entropy_side": 10.220465660095215,
          "hz": 1237.8529382007157
        },
        {
          "acoustic_entropy": 10.239289283752441,
          "acoustic_entropy_side": 10.229425430297852,
          "hz": 1409.4668930556702
        },
        {
          "acoustic_entropy": 10.278749465942383,
          "acoustic_entropy_side": 10.270970344543457,
          "hz": 1596.2787759475705
        },
        {
          "acoustic_entropy": 10.247461318969727,
          "acoustic_entropy_side": 10.235550880432129,
          "hz": 1799.6344973346393
        },
        {
          "acoustic_entropy": 10.237338066101074,
          "acoustic_entropy_side": 10.230546951293945,
          "hz": 2020.9991599069049
        },
        {
          "acoustic_entropy": 10.296029090881348,
          "acoustic_entropy_side": 10.251481056213379,
          "hz": 2261.9676141086993
        },
        {
          "acoustic_entropy": 10.306228637695312,
          "acoustic_entropy_side": 10.282037734985352,
          "hz": 2524.2759484456974
        },
        {
          "acoustic_entropy": 10.307964324951172,
          "acoustic_entropy_side": 10.285255432128906,
          "hz": 2809.813997359896
        },
        {
          "acoustic_entropy": 10.337453842163086,
          "acoustic_entropy_side": 10.277830123901367,
          "hz": 3120.6389567871424
        },
        {
          "acoustic_entropy": 10.340841293334961,
          "acoustic_entropy_side": 10.27499008178711,
          "hz": 3458.990205492291
        },
        {
          "acoustic_entropy": 10.25391960144043,
          "acoustic_entropy_side": 10.279054641723633,
          "hz": 3827.305438964164
        },
        {
          "acoustic_entropy": 10.337235450744629,
          "acoustic_entropy_side": 10.254578590393066,
          "hz": 4228.238232109126
        },
        {
          "acoustic_entropy": 10.380265235900879,
          "acoustic_entropy_side": 10.265595436096191,
          "hz": 4664.6771572759235
        },
        {
          "acoustic_entropy": 10.387144088745117,
          "acoustic_entropy_side": 10.271646499633789,
          "hz": 5139.766595350093
        },
        {
          "acoustic_entropy": 10.383532524108887,
          "acoustic_entropy_side": 10.24073600769043,
          "hz": 5656.929389854203
        },
        {
          "acoustic_entropy": 10.391342163085938,
          "acoustic_entropy_side": 10.260035514831543,
          "hz": 6219.891507268283
        },
        {
          "acoustic_entropy": 10.274982452392578,
          "acoustic_entropy_side": 10.265945434570312,
          "hz": 6832.70888123896
        },
        {
          "acoustic_entropy": 10.255165100097656,
          "acoustic_entropy_side": 10.251723289489746,
          "hz": 7499.796634079867
        },
        {
          "acoustic_entropy": 10.302409172058105,
          "acoustic_entropy_side": 10.256084442138672,
          "hz": 8225.96088609342
        },
        {
          "acoustic_entropy": 10.29053020477295,
          "acoustic_entropy_side": 10.26230525970459,
          "hz": 9016.43338188839
        },
        {
          "acoustic_entropy": 10.273124694824219,
          "acoustic_entropy_side": 10.260661125183105,
          "hz": 9876.909183162974
        },
        {
          "acoustic_entropy": 10.255658149719238,
          "acoustic_entropy_side": 10.274469375610352,
          "hz": 10813.587699516042
        },
        {
          "acoustic_entropy": 10.280923843383789,
          "acoustic_entropy_side": 10.276179313659668,
          "hz": 11833.21735289826
        },
        {
          "acoustic_entropy": 10.288084983825684,
          "acoustic_entropy_side": 10.287670135498047,
          "hz": 12943.144197493959
        },
        {
          "acoustic_entropy": 10.300025939941406,
          "acoustic_entropy_side": 10.288081169128418,
          "hz": 14151.364845322005
        },
        {
          "acoustic_entropy": 10.311553001403809,
          "acoustic_entropy_side": 10.287822723388672,
          "hz": 15466.58407886509
        },
        {
          "acoustic_entropy": 10.284428596496582,
          "acoustic_entropy_side": 10.274787902832031,
          "hz": 16898.27756580493
        },
        {
          "acoustic_entropy": 10.291299819946289,
          "acoustic_entropy_side": 10.2791748046875,
          "hz": 18456.760127700032
        },
        {
          "acoustic_entropy": 10.313790321350098,
          "acoustic_entropy_side": 10.299421310424805,
          "hz": 20153.260054456492
        },
        {
          "acoustic_entropy": 10.309788703918457,
          "acoustic_entropy_side": 10.285158157348633,
          "hz": 22000.00000000001
        }
      ],
      "diff_acoustic_entropy": 11.769964218139648,
      "sn": 12
    },
    {
      "acoustic_entropy": 14.236441612243652,
      "acoustic_entropy_mono": 13.280349731445312,
      "band_eliminated_acoustic_entropies": [
        {
          "acoustic_entropy": 13.904512405395508,
          "acoustic_entropy_side": 14.220137596130371,
          "hz": 129.47220167065723
        },
        {
          "acoustic_entropy": 13.890183448791504,
          "acoustic_entropy_side": 13.86510181427002,
          "hz": 202.92927478742237
        },
        {
          "acoustic_entropy": 14.310103416442871,
          "acoustic_entropy_side": 14.135016441345215,
          "hz": 282.89161906338205
        },
        {
          "acoustic_entropy": 14.176383972167969,
          "acoustic_entropy_side": 14.199735641479492,
          "hz": 369.9353335868758
        },
        {
          "acoustic_entropy": 14.26320743560791,
          "acoustic_entropy_side": 14.225273132324219,
          "hz": 464.6875360973435
        },
        {
          "acoustic_entropy": 14.127177238464355,
          "acoustic_entropy_side": 14.013164520263672,
          "hz": 567.8308811364784
        },
        {
          "acoustic_entropy": 14.222695350646973,
          "acoustic_entropy_side": 14.265125274658203,
          "hz": 680.1084783214808
        },
        {
          "acoustic_entropy": 13.920524597167969,
          "acoustic_entropy_side": 14.241799354553223,
          "hz": 802.3292461747484
        },
        {
          "acoustic_entropy": 14.239813804626465,
          "acoustic_entropy_side": 14.206441879272461,
          "hz": 935.3737400823702
        },
        {
          "acoustic_entropy": 14.133660316467285,
          "acoustic_entropy_side": 14.237907409667969,
          "hz": 1080.2004963696966
        },
        {
          "acoustic_entropy": 13.89764404296875,
          "acoustic_entropy_side": 14.173458099365234,
          "hz": 1237.8529382007157
        },
        {
          "acoustic_entropy": 14.126256942749023,
          "acoustic_entropy_side": 14.223884582519531,
          "hz": 1409.4668930556702
        },
        {
          "acoustic_entropy": 14.164543151855469,
          "acoustic_entropy_side": 14.203140258789062,
          "hz": 1596.2787759475705
        },
        {
          "acoustic_entropy": 14.208532333374023,
          "acoustic_entropy_side": 14.180371284484863,
          "hz": 1799.6344973346393
        },
        {
          "acoustic_entropy": 14.123215675354004,
          "acoustic_entropy_side": 14.182785034179688,
          "hz": 2020.9991599069049
        },
        {
          "acoustic_entropy": 14.126521110534668,
          "acoustic_entropy_side": 14.135655403137207,
          "hz": 2261.9676141086993
        },
        {
          "acoustic_entropy": 14.108418464660645,
          "acoustic_entropy_side": 14.154865264892578,
          "hz": 2524.2759484456974
        },
        {
          "acoustic_entropy": 14.06798267364502,
          "acoustic_entropy_side": 14.127202987670898,
          "hz": 2809.813997359896
        },
        {
          "acoustic_entropy": 13.848803520202637,
