{
  "acoustic_entropy": 248.45172119140625,
  "bands": [
    {
      "high_freq": 148.1999969482422,
      "loudness": -56.22641372680664,
      "loudness_range": 38.41953659057617,
      "mid_mean": -54.1082649230957,
      "mid_to_side_loudness": -3.076732873916626,
      "mid_to_side_loudness_range": 6.69112491607666,
      "side_mean": -56.89546585083008
    },
    {
      "high_freq": 392.3793640136719,
      "loudness": -44.800376892089844,
      "loudness_range": 23.49662971496582,
      "low_freq": 148.1999969482422,
      "mid_mean": -43.69524383544922,
      "mid_to_side_loudness": -1.5328741073608398,
      "mid_to_side_loudness_range": 4.484997272491455,
      "side_mean": -45.34812927246094
    },
    {
      "high_freq": 794.6976318359375,
      "loudness": -32.35215759277344,
      "loudness_range": 13.174938201904297,
      "low_freq": 392.3793640136719,
      "mid_mean": -30.10838508605957,
      "mid_to_side_loudness": -4.735250949859619,
      "mid_to_side_loudness_range": 9.88916015625,
      "side_mean": -35.213130950927734
    },
    {
      "high_freq": 1457.5709228515625,
      "loudness": -29.435789108276367,
      "loudness_range": 13.970727920532227,
      "low_freq": 794.6976318359375,
      "mid_mean": -27.933856964111328,
      "mid_to_side_loudness": -2.2702789306640625,
      "mid_to_side_loudness_range": 6.9954328536987305,
      "side_mean": -30.26561164855957
    },
    {
      "high_freq": 2549.74365234375,
      "loudness": -27.113876342773438,
      "loudness_range": 12.749584197998047,
      "low_freq": 1457.5709228515625,
      "mid_mean": -25.697219848632812,
      "mid_to_side_loudness": -2.004784107208252,
      "mid_to_side_loudness_range": 6.8714680671691895,
      "side_mean": -27.73801040649414
    },
    {
      "high_freq": 4349.24462890625,
      "loudness": -30.269807815551758,
      "loudness_range": 9.849044799804688,
      "low_freq": 2549.74365234375,
      "mid_mean": -28.437463760375977,
      "mid_to_side_loudness": -3.077664852142334,
      "mid_to_side_loudness_range": 6.76226282119751,
      "side_mean": -31.672832489013672
    },
    {
      "high_freq": 7314.1640625,
      "loudness": -36.30992126464844,
      "loudness_range": 15.347467422485352,
      "low_freq": 4349.24462890625,
      "mid_mean": -34.100067138671875,
      "mid_to_side_loudness": -4.620229244232178,
      "mid_to_side_loudness_range": 9.011409759521484,
      "side_mean": -38.896392822265625
    },
    {
      "high_freq": 12199.2666015625,
      "loudness": -42.97233963012695,
      "loudness_range": 20.446025848388672,
      "low_freq": 7314.1640625,
      "mid_mean": -40.62409210205078,
      "mid_to_side_loudness": -4.8978400230407715,
      "mid_to_side_loudness_range": 8.783095359802246,
      "side_mean": -45.8972053527832
    },
    {
      "loudness": -52.61349105834961,
      "loudness_range": 20.807212829589844,
      "low_freq": 12199.2666015625,
      "mid_mean": -50.67477798461914,
      "mid_to_side_loudness": -3.382350206375122,
      "mid_to_side_loudness_range": 7.205780029296875,
      "side_mean": -54.001346588134766
    }
  ],
  "bands_short": [
    {
      "high_freq": 148.1999969482422,
      "loudness": -58.249122619628906,
      "loudness_range": 39.26658630371094,
      "mid_mean": -55.837833404541016,
      "mid_to_side_loudness": -3.565229654312134,
      "mid_to_side_loudness_range": 9.706608772277832,
      "side_mean": -58.876155853271484
    },
    {
      "high_freq": 392.3793640136719,
      "loudness": -48.27406692504883,
      "loudness_range": 30.328920364379883,
      "low_freq": 148.1999969482422,
      "mid_mean": -47.90129852294922,
      "mid_to_side_loudness": -1.6048911809921265,
      "mid_to_side_loudness_range": 7.8447418212890625,
      "side_mean": -50.13025665283203
    },
    {
      "high_freq": 794.6976318359375,
      "loudness": -33.32430648803711,
      "loudness_range": 16.818723678588867,
      "low_freq": 392.3793640136719,
      "mid_mean": -31.175071716308594,
      "mid_to_side_loudness": -5.058463096618652,
      "mid_to_side_loudness_range": 13.380082130432129,
      "side_mean": -36.675537109375
    },
    {
      "high_freq": 1457.5709228515625,
      "loudness": -30.127656936645508,
      "loudness_range": 14.695899963378906,
      "low_freq": 794.6976318359375,
      "mid_mean": -28.79730224609375,
      "mid_to_side_loudness": -2.2399847507476807,
      "mid_to_side_loudness_range": 10.488430976867676,
      "side_mean": -31.117679595947266
    },
    {
      "high_freq": 2549.74365234375,
      "loudness": -27.044212341308594,
      "loudness_range": 13.299915313720703,
      "low_freq": 1457.5709228515625,
      "mid_mean": -25.73954963684082,
      "mid_to_side_loudness": -1.9744218587875366,
      "mid_to_side_loudness_range": 8.97509765625,
      "side_mean": -27.726133346557617
    },
    {
      "high_freq": 4349.24462890625,
      "loudness": -30.54316520690918,
      "loudness_range": 10.55286979675293,
      "low_freq": 2549.74365234375,
      "mid_mean": -28.73906898498535,
      "mid_to_side_loudness": -3.1425304412841797,
      "mid_to_side_loudness_range": 7.7447991371154785,
      "side_mean": -32.026771545410156
    },
    {
      "high_freq": 7314.1640625,
      "loudness": -36.4051628112793,
      "loudness_range": 15.979652404785156,
      "low_freq": 4349.24462890625,
      "mid_mean": -34.21418762207031,
      "mid_to_side_loudness": -4.662652015686035,
      "mid_to_side_loudness_range": 10.077634811401367,
      "side_mean": -39.084354400634766
    },
    {
      "high_freq": 12199.2666015625,
      "loudness": -43.39532470703125,
      "loudness_range": 21.29525375366211,
      "low_freq": 7314.1640625,
      "mid_mean": -41.06859588623047,
      "mid_to_side_loudness": -4.985642910003662,
      "mid_to_side_loudness_range": 10.202695846557617,
      "side_mean": -46.78639221191406
    },
    {
      "loudness": -53.00877380371094,
      "loudness_range": 21.473106384277344,
      "low_freq": 12199.2666015625,
      "mid_mean": -51.10255813598633,
      "mid_to_side_loudness": -3.500352621078491,
      "mid_to_side_loudness_range": 9.015324592590332,
      "side_mean": -54.53849411010742
    }
  ],
  "bandwidth": 1145.8350830078125,
  "channels": 2,
  "covariance": [
    [
      149.48472595214844,
      128.67454528808594,
      39.71322250366211,
      43.76306915283203,
      4.839217185974121,
      8.043985366821289,
      9.244181632995605,
      9.397220611572266,
      -4.874008655548096,
      -5.49023962020874,
      3.516706943511963,
      3.5546398162841797,
      2.1540369987487793,
      0.9837216138839722,
      1.91922128200531,
      1.6718260049819946,
      8.88110065460205,
      5.3404669761657715
    ],
    [
      128.67454528808594,
      112.76679992675781,
      38.98188781738281,
      42.970062255859375,
      5.5681962966918945,
      9.350793838500977,
      8.78459644317627,
      9.186620712280273,
      -4.401059627532959,
      -5.129302501678467,
      3.0577480792999268,
      3.0699799060821533,
      1.9889506101608276,
      1.0102870464324951,
      2.1673195362091064,
      2.355421543121338,
      8.178866386413574,
      5.2811665534973145
    ],
    [
      39.71322250366211,
      38.98188781738281,
      63.09486389160156,
      64.59771728515625,
      14.858108520507812,
      23.722063064575195,
      6.642014503479004,
      8.270766258239746,
      -0.28415384888648987,
      -1.095728874206543,
      0.5014122128486633,
      1.0105717182159424,
      -0.3777347505092621,
      0.821949303150177,
      1.287207007408142,
      4.2703022956848145,
      3.7082788944244385,
      4.113523960113525
    ],
    [
      43.76306915283203,
      42.970062255859375,
      64.59771728515625,
      71.57758331298828,
      14.95810604095459,
      24.19922637939453,
      7.823116302490234,
      9.423664093017578,
      -0.9461275339126587,
      -1.9285674095153809,
      0.3890729248523712,
      0.6536476016044617,
      -0.11392383277416229,
      0.8679682612419128,
      1.850231409072876,
      4.820021629333496,
      4.2581400871276855,
      4.607265949249268
    ],
    [
      4.839217185974121,
      5.5681962966918945,
      14.858108520507812,
      14.95810604095459,
      31.111364364624023,
      21.559825897216797,
      13.272062301635742,
      11.262332916259766,
      9.932947158813477,
      6.408939838409424,
      11.275468826293945,
      5.404412269592285,
      18.65632438659668,
      10.396885871887207,
      23.973358154296875,
      17.798145294189453,
      24.384309768676758,
      18.112655639648438
    ],
    [
      8.043985366821289,
      9.350793838500977,
      23.722063064575195,
      24.19922637939453,
      21.559825897216797,
      27.36883544921875,
      6.69913387298584,
      5.821403980255127,
      5.2042927742004395,
      4.463576793670654,
      5.662630558013916,
      3.5183541774749756,
      8.113603591918945,
      5.347876071929932,
      12.012958526611328,
      10.559524536132812,
      12.461849212646484,
      9.924935340881348
    ],
    [
      9.244181632995605,
      8.78459644317627,
      6.642014503479004,
      7.823116302490234,
      13.272062301635742,
      6.69913387298584,
      26.568492889404297,
      22.90431022644043,
      1.6730903387069702,
      -2.053041696548462,
      8.997437477111816,
      6.589214324951172,
      12.368143081665039,
      7.012096881866455,
      16.357723236083984,
      12.632894515991211,
      16.090923309326172,
      11.755881309509277
    ],
    [
      9.397220611572266,
      9.186620712280273,
      8.270766258239746,
      9.423664093017578,
      11.262332916259766,
      5.821403980255127,
      22.90431022644043,
      26.956199645996094,
      -1.5194402933120728,
      -5.35640287399292,
      7.306886196136475,
      6.044124126434326,
      9.818822860717773,
      5.824406147003174,
      12.186970710754395,
      10.045379638671875,
      12.173123359680176,
      9.371153831481934
    ],
    [
      -4.874008655548096,
      -4.401059627532959,
      -0.28415384888648987,
      -0.9461275339126587,
      9.932947158813477,
      5.2042927742004395,
      1.6730903387069702,
      -1.5194402933120728,
      20.962289810180664,
      19.6686954498291,
      8.844854354858398,
      5.913018226623535,
      12.887368202209473,
      9.668536186218262,
      14.054216384887695,
      11.817340850830078,
      15.534052848815918,
      11.920682907104492
    ],
    [
      -5.49023962020874,
      -5.129302501678467,
      -1.095728874206543,
      -1.9285674095153809,
      6.408939838409424,
      4.463576793670654,
      -2.053041696548462,
      -5.35640287399292,
      19.6686954498291,
      25.023500442504883,
      5.7946248054504395,
      4.583110809326172,
      7.921713829040527,
      7.326344013214111,
      8.350909233093262,
      8.527533531188965,
      10.117226600646973,
      8.078897476196289
    ],
    [
      3.516706943511963,
      3.0577480792999268,
      0.5014122128486633,
      0.3890729248523712,
      11.275468826293945,
      5.662630558013916,
      8.997437477111816,
      7.306886196136475,
      8.844854354858398,
      5.7946248054504395,
      19.269174575805664,
      13.845074653625488,
      21.37150001525879,
      14.188155174255371,
      23.671823501586914,
      19.387969970703125,
      23.538602828979492,
      17.893009185791016
    ],
    [
      3.5546398162841797,
      3.0699799060821533,
      1.0105717182159424,
      0.6536476016044617,
      5.404412269592285,
      3.5183541774749756,
      6.589214324951172,
      6.044124126434326,
      5.913018226623535,
      4.583110809326172,
      13.845074653625488,
      16.409414291381836,
      11.945980072021484,
      10.745294570922852,
      12.941099166870117,
      13.41857624053955,
      12.14268684387207,
      10.050846099853516
    ],
    [
      2.1540369987487793,
      1.9889506101608276,
      -0.3777347505092621,
      -0.11392383277416229,
      18.65632438659668,
      8.113603591918945,
      12.368143081665039,
      9.818822860717773,
      12.887368202209473,
      7.921713829040527,
      21.37150001525879,
      11.945980072021484,
      37.8968620300293,
      22.650453567504883,
      40.02623748779297,
      30.268831253051758,
      39.792144775390625,
      29.75046730041504
    ],
    [
      0.9837216138839722,
      1.0102870464324951,
      0.821949303150177,
      0.8679682612419128,
      10.396885871887207,
      5.347876071929932,
      7.012096881866455,
      5.824406147003174,
      9.668536186218262,
      7.326344013214111,
      14.188155174255371,
      10.745294570922852,
      22.650453567504883,
      19.02056884765625,
      22.538496017456055,
      21.12544822692871,
      21.357160568237305,
      18.004985809326172
    ],
    [
      1.91922128200531,
      2.1673195362091064,
      1.287207007408142,
      1.850231409072876,
      23.973358154296875,
      12.012958526611328,
      16.357723236083984,
      12.186970710754395,
      14.054216384887695,
      8.350909233093262,
      23.671823501586914,
      12.941099166870117,
      40.02623748779297,
      22.538496017456055,
      55.84257125854492,
      39.09907531738281,
      47.44711685180664,
      34.47329330444336
    ],
    [
      1.6718260049819946,
      2.355421543121338,
      4.2703022956848145,
      4.820021629333496,
      17.798145294189453,
      10.559524536132812,
      12.632894515991211,
      10.045379638671875,
      11.817340850830078,
      8.527533531188965,
      19.387969970703125,
      13.41857624053955,
      30.268831253051758,
      21.12544822692871,
      39.09907531738281,
      35.531864166259766,
      34.746700286865234,
      28.248327255249023
    ],
    [
      8.88110065460205,
      8.178866386413574,
      3.7082788944244385,
      4.2581400871276855,
      24.384309768676758,
      12.461849212646484,
      16.090923309326172,
      12.173123359680176,
      15.534052848815918,
      10.117226600646973,
      23.538602828979492,
      12.14268684387207,
      39.792144775390625,
      21.357160568237305,
      47.44711685180664,
      34.746700286865234,
      56.95574951171875,
      41.78746032714844
    ],
    [
      5.3404669761657715,
      5.2811665534973145,
      4.113523960113525,
      4.607265949249268,
      18.112655639648438,
      9.924935340881348,
      11.755881309509277,
      9.371153831481934,
      11.920682907104492,
      8.078897476196289,
      17.893009185791016,
      10.050846099853516,
      29.75046730041504,
      18.004985809326172,
      34.47329330444336,
      28.248327255249023,
      41.78746032714844,
      33.748863220214844
    ]
  ],
  "covariance_short": [
    [
      152.6914520263672,
      129.8669891357422,
      62.61774826049805,
      59.67461395263672,
      4.38418436050415,
      7.027798175811768,
      6.504837512969971,
      6.8762640953063965,
      -3.433164596557617,
      -4.102700710296631,
      3.4344241619110107,
      3.0080645084381104,
      1.5831656455993652,
      -0.8754401206970215,
      1.2160022258758545,
      1.9810937643051147,
      7.807043075561523,
      3.8050220012664795
    ],
    [
      129.8669891357422,
      115.75594329833984,
      57.79010009765625,
      55.469329833984375,
      4.7192769050598145,
      7.830648899078369,
      6.106132507324219,
      6.670283794403076,
      -3.2143337726593018,
      -4.0078558921813965,
      3.0187466144561768,
      2.463697671890259,
      1.66452956199646,
      -0.6250468492507935,
      1.4464725255966187,
      2.178328514099121,
      6.957932949066162,
      3.647441864013672
    ],
    [
      62.61774826049805,
      57.79010009765625,
      110.83980560302734,
      107.28604888916016,
      19.048357009887695,
      30.17452049255371,
      8.460277557373047,
      10.039764404296875,
      -0.29952970147132874,
      -1.8569657802581787,
      1.484865427017212,
      0.8803200721740723,
      -0.043242473155260086,
      -1.237496018409729,
      1.064174771308899,
      3.903437614440918,
      4.958974361419678,
      3.710850238800049
    ],
    [
      59.67461395263672,
      55.469329833984375,
      107.28604888916016,
      120.53726196289062,
      19.886316299438477,
      31.959749221801758,
      10.775555610656738,
      12.324821472167969,
      -0.30388227105140686,
      -2.2357234954833984,
      4.677797794342041,
      3.8491992950439453,
      4.4952311515808105,
      2.1554934978485107,
      7.076762676239014,
      9.54392147064209,
      13.931257247924805,
      10.634844779968262
    ],
    [
      4.38418436050415,
      4.7192769050598145,
      19.048357009887695,
      19.886316299438477,
      44.54759979248047,
      28.18901824951172,
      15.565146446228027,
      12.666170120239258,
      10.44430160522461,
      6.737995147705078,
      11.799996376037598,
      4.9626569747924805,
      19.537025451660156,
      10.124847412109375,
      26.63136100769043,
      19.930261611938477,
      26.540607452392578,
      18.980459213256836
    ],
    [
      7.027798175811768,
      7.830648899078369,
      30.17452049255371,
      31.959749221801758,
      28.18901824951172,
      39.25718307495117,
      8.882736206054688,
      8.022411346435547,
      4.9881439208984375,
      3.7928426265716553,
      5.221671104431152,
      2.5560078620910645,
      8.092641830444336,
      4.401440143585205,
      12.803375244140625,
      11.823223114013672,
      13.143497467041016,
      10.002676963806152
    ],
    [
      6.504837512969971,
      6.106132507324219,
      8.460277557373047,
      10.775555610656738,
      15.565146446228027,
      8.882736206054688,
      29.728673934936523,
      22.232885360717773,
      3.4207112789154053,
      -0.29276615381240845,
      8.9699125289917,
      6.42512321472168,
      11.553025245666504,
      6.714615821838379,
      16.330585479736328,
      13.270100593566895,
      15.423196792602539,
      11.028290748596191
    ],
    [
      6.8762640953063965,
      6.670283794403076,
      10.039764404296875,
      12.324821472167969,
      12.666170120239258,
      8.022411346435547,
      22.232885360717773,
      29.6723575592041,
      -0.5092301964759827,
      -3.3859238624572754,
      7.083081245422363,
      5.846456050872803,
      8.603243827819824,
      5.4474287033081055,
      11.774209976196289,
      10.420771598815918,
      11.074958801269531,
      8.301201820373535
    ],
    [
      -3.433164596557617,
      -3.2143337726593018,
      -0.29952970147132874,
      -0.30388227105140686,
      10.44430160522461,
      4.9881439208984375,
      3.4207112789154053,
      -0.5092301964759827,
      23.035551071166992,
      19.354732513427734,
      8.984392166137695,
      5.6894001960754395,
      13.790159225463867,
      10.283547401428223,
      15.226969718933105,
      13.930569648742676,
      16.671045303344727,
      12.638421058654785
    ],
    [
      -4.102700710296631,
      -4.0078558921813965,
      -1.8569657802581787,
      -2.2357234954833984,
      6.737995147705078,
      3.7928426265716553,
      -0.29276615381240845,
      -3.3859238624572754,
      19.354732513427734,
      26.272438049316406,
      6.095738410949707,
      4.581295967102051,
      9.29416561126709,
      8.450387001037598,
      9.351432800292969,
      10.475955963134766,
      11.075130462646484,
      8.92059326171875
    ],
    [
      3.4344241619110107,
      3.0187466144561768,
      1.484865427017212,
      4.677797794342041,
      11.799996376037598,
      5.221671104431152,
      8.9699125289917,
      7.083081245422363,
      8.984392166137695,
      6.095738410949707,
      21.7266902923584,
      15.259916305541992,
      22.548627853393555,
      15.275784492492676,
      25.31793212890625,
      21.498340606689453,
      25.45911407470703,
      19.12577247619629
    ],
    [
      3.0080645084381104,
      2.463697671890259,
      0.8803200721740723,
      3.8491992950439453,
      4.9626569747924805,
      2.5560078620910645,
      6.42512321472168,
      5.846456050872803,
      5.6894001960754395,
      4.581295967102051,
      15.259916305541992,
      18.71976089477539,
      12.56314754486084,
      11.753174781799316,
      13.454041481018066,
      14.911588668823242,
      12.742758750915527,
      10.689213752746582
    ],
    [
      1.5831656455993652,
      1.66452956199646,
      -0.043242473155260086,
      4.4952311515808105,
      19.537025451660156,
      8.092641830444336,
      11.553025245666504,
      8.603243827819824,
      13.790159225463867,
      9.29416561126709,
      22.548627853393555,
      12.56314754486084,
      41.43518829345703,
      24.326082229614258,
      42.876014709472656,
      32.511451721191406,
      43.088279724121094,
      31.62615203857422
    ],
    [
      -0.8754401206970215,
      -0.6250468492507935,
      -1.237496018409729,
      2.1554934978485107,
      10.124847412109375,
      4.401440143585205,
      6.714615821838379,
      5.4474287033081055,
      10.283547401428223,
      8.450387001037598,
      15.275784492492676,
      11.753174781799316,
      24.326082229614258,
      21.69837760925293,
      23.74018669128418,
      22.950963973999023,
      22.815797805786133,
      19.795949935913086
    ],
    [
      1.2160022258758545,
      1.4464725255966187,
      1.064174771308899,
      7.076762676239014,
      26.63136100769043,
      12.803375244140625,
      16.330585479736328,
      11.774209976196289,
      15.226969718933105,
      9.351432800292969,
      25.31793212890625,
      13.454041481018066,
      42.876014709472656,
      23.74018669128418,
      61.928409576416016,
      42.3087043762207,
      52.40884017944336,
      37.01066589355469
    ],
    [
      1.9810937643051147,
      2.178328514099121,
      3.903437614440918,
      9.54392147064209,
      19.930261611938477,
      11.823223114013672,
      13.270100593566895,
      10.420771598815918,
      13.930569648742676,
      10.475955963134766,
      21.498340606689453,
      14.911588668823242,
      32.511451721191406,
      22.950963973999023,
      42.3087043762207,
      44.28578567504883,
      40.11664962768555,
      33.669677734375
    ],
    [
      7.807043075561523,
      6.957932949066162,
      4.958974361419678,
      13.931257247924805,
      26.540607452392578,
      13.143497467041016,
      15.423196792602539,
      11.074958801269531,
      16.671045303344727,
      11.075130462646484,
      25.45911407470703,
      12.742758750915527,
      43.088279724121094,
      22.815797805786133,
      52.40884017944336,
      40.11664962768555,
      61.90060043334961,
      43.56563949584961
    ],
    [
      3.8050220012664795,
      3.647441864013672,
      3.710850238800049,
      10.634844779968262,
      18.980459213256836,
      10.002676963806152,
      11.028290748596191,
      8.301201820373535,
      12.638421058654785,
      8.92059326171875,
      19.12577247619629,
      10.689213752746582,
      31.62615203857422,
      19.795949935913086,
      37.01066589355469,
      33.669677734375,
      43.56563949584961,
      36.941375732421875
    ]
  ],
  "damage": -12.74337387084961,
  "diff_bandwidth": 1171.1478271484375,
  "dissonance": 5.98036071239015,
  "drr": 11.995792388916016,
  "dynamics": 3.1319222450256348,
  "format": 1245190,
  "frames": 25956288,
  "loudness": -18.49174690246582,
  "loudness_range": 8.904224395751953,
  "loudness_range_short": 9.843622207641602,
  "lowpass_true_peak_15khz": 0.03462327644228935,
  "mastering3_acoustic_entropies": [
    {
      "acoustic_entropy": 9.568429946899414,
      "acoustic_entropy_mono": 9.907835960388184,
      "band_eliminated_acoustic_entropies": [
        {
          "acoustic_entropy": 9.841257095336914,
          "acoustic_entropy_side": 9.616656303405762,
          "hz": 129.47220167065723
        },
        {
          "acoustic_entropy": 9.445226669311523,
          "acoustic_entropy_side": 9.932649612426758,
          "hz": 202.92927478742237
        },
        {
          "acoustic_entropy": 10.043318748474121,
          "acoustic_entropy_side": 10.007499694824219,
          "hz": 282.89161906338205
        },
        {
          "acoustic_entropy": 9.672624588012695,
          "acoustic_entropy_side": 9.631674766540527,
          "hz": 369.9353335868758
        },
        {
          "acoustic_entropy": 9.273021697998047,
          "acoustic_entropy_side": 9.431931495666504,
          "hz": 464.6875360973435
        },
        {
          "acoustic_entropy": 9.66645622253418,
          "acoustic_entropy_side": 9.521029472351074,
          "hz": 567.8308811364784
        },
        {
          "acoustic_entropy": 9.347660064697266,
          "acoustic_entropy_side": 9.556008338928223,
          "hz": 680.1084783214808
        },
        {
          "acoustic_entropy": 9.754474639892578,
          "acoustic_entropy_side": 9.516783714294434,
          "hz": 802.3292461747484
        },
        {
          "acoustic_entropy": 9.898634910583496,
          "acoustic_entropy_side": 9.469776153564453,
          "hz": 935.3737400823702
        },
        {
          "acoustic_entropy": 9.682474136352539,
          "acoustic_entropy_side": 9.850193977355957,
          "hz": 1080.2004963696966
        },
        {
          "acoustic_entropy": 9.396197319030762,
          "acoustic_entropy_side": 9.373250961303711,
          "hz": 1237.8529382007157
        },
        {
          "acoustic_entropy": 9.28333854675293,
          "acoustic_entropy_side": 9.160244941711426,
          "hz": 1409.4668930556702
        },
        {
          "acoustic_entropy": 10.044060707092285,
          "acoustic_entropy_side": 10.004043579101562,
          "hz": 1596.2787759475705
        },
        {
          "acoustic_entropy": 9.449362754821777,
          "acoustic_entropy_side": 10.260737419128418,
          "hz": 1799.6344973346393
        },
        {
          "acoustic_entropy": 9.544974327087402,
          "acoustic_entropy_side": 9.514850616455078,
          "hz": 2020.9991599069049
        },
        {
          "acoustic_entropy": 9.830429077148438,
          "acoustic_entropy_side": 9.272650718688965,
          "hz": 2261.9676141086993
        },
        {
          "acoustic_entropy": 9.31476879119873,
          "acoustic_entropy_side": 10.166967391967773,
          "hz": 2524.2759484456974
        },
        {
          "acoustic_entropy": 10.190750122070312,
          "acoustic_entropy_side": 10.03368091583252,
          "hz": 2809.813997359896
        },
        {
          "acoustic_entropy": 9.509749412536621,
          "acoustic_entropy_side": 9.535497665405273,
          "hz": 3120.6389567871424
        },
        {
          "acoustic_entropy": 9.63953685760498,
          "acoustic_entropy_side": 9.492426872253418,
          "hz": 3458.990205492291
        },
        {
          "acoustic_entropy": 9.454533576965332,
          "acoustic_entropy_side": 9.690225601196289,
          "hz": 3827.305438964164
        },
        {
          "acoustic_entropy": 9.561936378479004,
          "acoustic_entropy_side": 9.527953147888184,
          "hz": 4228.238232109126
        },
        {
          "acoustic_entropy": 9.488218307495117,
          "acoustic_entropy_side": 9.56046199798584,
          "hz": 4664.6771572759235
        },
        {
          "acoustic_entropy": 9.537619590759277,
          "acoustic_entropy_side": 9.511297225952148,
          "hz": 5139.766595350093
        },
        {
          "acoustic_entropy": 9.637425422668457,
          "acoustic_entropy_side": 9.5731840133667,
          "hz": 5656.929389854203
        },
        {
          "acoustic_entropy": 9.520675659179688,
          "acoustic_entropy_side": 9.575896263122559,
          "hz": 6219.891507268283
        },
        {
          "acoustic_entropy": 9.642484664916992,
          "acoustic_entropy_side": 9.567169189453125,
          "hz": 6832.70888123896
        },
        {
          "acoustic_entropy": 9.548069953918457,
          "acoustic_entropy_side": 9.530189514160156,
          "hz": 7499.796634079867
        },
        {
          "acoustic_entropy": 9.594632148742676,
          "acoustic_entropy_side": 9.543411254882812,
          "hz": 8225.96088609342
        },
        {
          "acoustic_entropy": 9.71914005279541,
          "acoustic_entropy_side": 9.539440155029297,
          "hz": 9016.43338188839
        },
        {
          "acoustic_entropy": 9.598661422729492,
          "acoustic_entropy_side": 9.553389549255371,
          "hz": 9876.909183162974
        },
        {
          "acoustic_entropy": 9.623417854309082,
          "acoustic_entropy_side": 9.56602668762207,
          "hz": 10813.587699516042
        },
        {
          "acoustic_entropy": 9.563742637634277,
          "acoustic_entropy_side": 9.564929962158203,
          "hz": 11833.21735289826
        },
        {
          "acoustic_entropy": 9.58948802947998,
          "acoustic_entropy_side": 9.568754196166992,
          "hz": 12943.144197493959
        },
        {
          "acoustic_entropy": 9.584854125976562,
          "acoustic_entropy_side": 9.569540023803711,
          "hz": 14151.364845322005
        },
        {
          "acoustic_entropy": 9.58171558380127,
          "acoustic_entropy_side": 9.569741249084473,
          "hz": 15466.58407886509
        },
        {
          "acoustic_entropy": 9.572607040405273,
          "acoustic_entropy_side": 9.568707466125488,
          "hz": 16898.27756580493
        },
        {
          "acoustic_entropy": 9.569013595581055,
          "acoustic_entropy_side": 9.56845474243164,
          "hz": 18456.760127700032
        },
        {
          "acoustic_entropy": 9.56844711303711,
          "acoustic_entropy_side": 9.568429946899414,
          "hz": 20153.260054456492
        },
        {
          "acoustic_entropy": 9.568431854248047,
          "acoustic_entropy_side": 9.568429946899414,
          "hz": 22000.00000000001
        }
      ],
      "diff_acoustic_entropy": 3.1418583393096924,
      "sn": 6
    },
    {
      "acoustic_entropy": 15.378335952758789,
      "acoustic_entropy_mono": 14.862228393554688,
      "band_eliminated_acoustic_entropies": [
        {
          "acoustic_entropy": 15.45392894744873,
          "acoustic_entropy_side": 15.353050231933594,
          "hz": 129.47220167065723
        },
        {
          "acoustic_entropy": 14.680235862731934,
          "acoustic_entropy_side": 15.574319839477539,
          "hz": 202.92927478742237
        },
        {
          "acoustic_entropy": 15.458416938781738,
          "acoustic_entropy_side": 15.702113151550293,
          "hz": 282.89161906338205
        },
        {
          "acoustic_entropy": 15.542068481445312,
          "acoustic_entropy_side": 15.427080154418945,
          "hz": 369.9353335868758
        },
        {
          "acoustic_entropy": 15.222273826599121,
          "acoustic_entropy_side": 15.344059944152832,
          "hz": 464.6875360973435
        },
        {
          "acoustic_entropy": 14.99251937866211,
          "acoustic_entropy_side": 15.260083198547363,
          "hz": 567.8308811364784
        },
        {
          "acoustic_entropy": 15.126626014709473,
          "acoustic_entropy_side": 15.323408126831055,
          "hz": 680.1084783214808
        },
        {
          "acoustic_entropy": 15.954442024230957,
          "acoustic_entropy_side": 15.20681381225586,
          "hz": 802.3292461747484
        },
        {
          "acoustic_entropy": 15.018474578857422,
          "acoustic_entropy_side": 15.246871948242188,
          "hz": 935.3737400823702
        },
        {
          "acoustic_entropy": 16.269113540649414,
          "acoustic_entropy_side": 15.52859878540039,
          "hz": 1080.2004963696966
        },
        {
          "acoustic_entropy": 15.553572654724121,
          "acoustic_entropy_side": 15.161907196044922,
          "hz": 1237.8529382007157
        },
        {
          "acoustic_entropy": 14.395920753479004,
          "acoustic_entropy_side": 15.285287857055664,
          "hz": 1409.4668930556702
        },
        {
          "acoustic_entropy": 15.267901420593262,
          "acoustic_entropy_side": 15.394537925720215,
          "hz": 1596.2787759475705
        },
        {
          "acoustic_entropy": 14.765344619750977,
          "acoustic_entropy_side": 15.00302791595459,
          "hz": 1799.6344973346393
        },
        {
          "acoustic_entropy": 14.882706642150879,
          "acoustic_entropy_side": 14.844282150268555,
          "hz": 2020.9991599069049
        },
        {
          "acoustic_entropy": 15.028587341308594,
          "acoustic_entropy_side": 15.484147071838379,
          "hz": 2261.9676141086993
        },
        {
          "acoustic_entropy": 14.895153045654297,
          "acoustic_entropy_side": 15.55643081665039,
          "hz": 2524.2759484456974
        },
        {
          "acoustic_entropy": 15.759893417358398,
          "acoustic_entropy_side": 16.62726402282715,
          "hz": 2809.813997359896
        },
        {
          "acoustic_entropy": 15.088909149169922,
          "acoustic_entropy_side": 15.315154075622559,
          "hz": 3120.6389567871424
        },
        {
          "acoustic_entropy": 15.534679412841797,
          "acoustic_entropy_side": 15.296494483947754,
          "hz": 3458.990205492291
        },
        {
          "acoustic_entropy": 14.889753341674805,
          "acoustic_entropy_side": 15.073853492736816,
          "hz": 3827.305438964164
        },
        {
          "acoustic_entropy": 14.711563110351562,
          "acoustic_entropy_side": 15.119714736938477,
          "hz": 4228.238232109126
        },
        {
          "acoustic_entropy": 15.232270240783691,
          "acoustic_entropy_side": 15.510204315185547,
          "hz": 4664.6771572759235
        },
        {
          "acoustic_entropy": 15.390357971191406,
          "acoustic_entropy_side": 15.481389045715332,
          "hz": 5139.766595350093
        },
        {
          "acoustic_entropy": 15.05613899230957,
          "acoustic_entropy_side": 15.270197868347168,
          "hz": 5656.929389854203
        },
        {
          "acoustic_entropy": 15.198548316955566,
          "acoustic_entropy_side": 15.230454444885254,
          "hz": 6219.891507268283
        },
        {
          "acoustic_entropy": 15.373090744018555,
          "acoustic_entropy_side": 15.419027328491211,
          "hz": 6832.70888123896
        },
        {
          "acoustic_entropy": 15.412765502929688,
          "acoustic_entropy_side": 15.41054916381836,
          "hz": 7499.796634079867
        },
        {
          "acoustic_entropy": 15.118988990783691,
          "acoustic_entropy_side": 15.342728614807129,
          "hz": 8225.96088609342
        },
        {
          "acoustic_entropy": 15.1456880569458,
          "acoustic_entropy_side": 15.359288215637207,
          "hz": 9016.43338188839
        },
        {
          "acoustic_entropy": 15.269325256347656,
          "acoustic_entropy_side": 15.38956069946289,
          "hz": 9876.909183162974
        },
        {
          "acoustic_entropy": 15.257548332214355,
          "acoustic_entropy_side": 15.387267112731934,
          "hz": 10813.587699516042
        },
        {
          "acoustic_entropy": 15.280604362487793,
          "acoustic_entropy_side": 15.361821174621582,
          "hz": 11833.21735289826
        },
        {
          "acoustic_entropy": 15.382881164550781,
          "acoustic_entropy_side": 15.373064041137695,
          "hz": 12943.144197493959
        },
        {
          "acoustic_entropy": 15.309821128845215,
          "acoustic_entropy_side": 15.381959915161133,
          "hz": 14151.364845322005
        },
        {
          "acoustic_entropy": 15.26540470123291,
          "acoustic_entropy_side": 15.37591552734375,
          "hz": 15466.58407886509
        },
        {
          "acoustic_entropy": 15.363096237182617,
          "acoustic_entropy_side": 15.376875877380371,
          "hz": 16898.27756580493
        },
        {
          "acoustic_entropy": 15.375894546508789,
          "acoustic_entropy_side": 15.378042221069336,
          "hz": 18456.760127700032
        },
        {
          "acoustic_entropy": 15.378338813781738,
          "acoustic_entropy_side": 15.378331184387207,
          "hz": 20153.260054456492
        },
        {
          "acoustic_entropy": 15.37833309173584,
          "acoustic_entropy_side": 15.378336906433105,
          "hz": 22000.00000000001
        }
      ],
      "diff_acoustic_entropy": 6.433121204376221,
      "sn": 12
    },
    {
      "acoustic_entropy": 22.065654754638672,
      "acoustic_entropy_mono": 21.36776351928711,
      "band_eliminated_acoustic_entropies": [
        {
          "acoustic_entropy": 22.520179748535156,
          "acoustic_entropy_side": 22.298198699951172,
          "hz": 129.47220167065723
        },
        {
          "acoustic_entropy": 21.40658950805664,
          "acoustic_entropy_side": 22.462162017822266,
          "hz": 202.92927478742237
        },
        {
          "acoustic_entropy": 22.299959182739258,
          "acoustic_entropy_side": 22.202863693237305,
          "hz": 282.89161906338205
        },
        {
          "acoustic_entropy": 23.117347717285156,
          "acoustic_entropy_side": 22.757404327392578,
          "hz": 369.9353335868758
        },
        {
          "acoustic_entropy": 21.862213134765625,
          "acoustic_entropy_side": 21.883581161499023,
          "hz": 464.6875360973435
        },
        {
          "acoustic_entropy": 21.63188362121582,
          "acoustic_entropy_side": 22.02009391784668,
          "hz": 567.8308811364784
        },
        {
          "acoustic_entropy": 22.50670051574707,
          "acoustic_entropy_side": 22.528881072998047,
          "hz": 680.1084783214808
        },
        {
          "acoustic_entropy": 22.429731369018555,
          "acoustic_entropy_side": 22.138797760009766,
          "hz": 802.3292461747484
        },
        {
          "acoustic_entropy": 22.056644439697266,
          "acoustic_entropy_side": 22.184356689453125,
          "hz": 935.3737400823702
        },
        {
          "acoustic_entropy": 22.22469139099121,
          "acoustic_entropy_side": 23.12830352783203,
          "hz": 1080.2004963696966
        },
        {
          "acoustic_entropy": 22.63262176513672,
          "acoustic_entropy_side": 21.7142276763916,
          "hz": 1237.8529382007157
        },
        {
          "acoustic_entropy": 21.359386444091797,
          "acoustic_entropy_side": 21.319246292114258,
          "hz": 1409.4668930556702
        },
        {
          "acoustic_entropy": 21.654598236083984,
          "acoustic_entropy_side": 22.27539825439453,
          "hz": 1596.2787759475705
        },
        {
          "acoustic_entropy": 21.353227615356445,
          "acoustic_entropy_side": 22.241857528686523,
          "hz": 1799.6344973346393
        },
        {
          "acoustic_entropy": 22.273040771484375,
          "acoustic_entropy_side": 22.263490676879883,
          "hz": 2020.9991599069049
        },
        {
          "acoustic_entropy": 21.33258628845215,
          "acoustic_entropy_side": 21.48761558532715,
          "hz": 2261.9676141086993
        },
        {
          "acoustic_entropy": 21.485273361206055,
          "acoustic_entropy_side": 22.5957088470459,
          "hz": 2524.2759484456974
        },
        {
          "acoustic_entropy": 22.31608009338379,
          "acoustic_entropy_side": 22.821895599365234,
          "hz": 2809.813997359896
        },
        {
