{
  "acoustic_entropy": 51.88313293457031,
  "bands": [
    {
      "high_freq": 148.1999969482422,
      "loudness": -29.286401748657227,
      "loudness_range": 28.246665954589844,
      "mid_mean": -56.74589538574219,
      "mid_to_side_loudness": -46.66450119018555,
      "mid_to_side_loudness_range": 57.65753173828125,
      "side_mean": -69.99999237060547
    },
    {
      "high_freq": 392.3793640136719,
      "loudness": -22.979917526245117,
      "loudness_range": 15.743292808532715,
      "low_freq": 148.1999969482422,
      "mid_mean": -55.02470397949219,
      "mid_to_side_loudness": -53.21422576904297,
      "mid_to_side_loudness_range": 56.81181716918945,
      "side_mean": -69.99999237060547
    },
    {
      "high_freq": 794.6976318359375,
      "loudness": -37.720115661621094,
      "loudness_range": 12.84855842590332,
      "low_freq": 392.3793640136719,
      "mid_mean": -34.6381950378418,
      "mid_to_side_loudness": -56.611595153808594,
      "mid_to_side_loudness_range": 62.069313049316406,
      "side_mean": -69.99951934814453
    },
    {
      "high_freq": 1457.5709228515625,
      "loudness": -47.2823486328125,
      "loudness_range": 5.358695983886719,
      "low_freq": 794.6976318359375,
      "mid_mean": -50.23147201538086,
      "mid_to_side_loudness": -61.473201751708984,
      "mid_to_side_loudness_range": 60.72716522216797,
      "side_mean": -69.99980926513672
    },
    {
      "high_freq": 2549.74365234375,
      "loudness": -39.56077194213867,
      "loudness_range": 3.3771018981933594,
      "low_freq": 1457.5709228515625,
      "mid_mean": -36.3985710144043,
      "mid_to_side_loudness": -66.9098129272461,
      "mid_to_side_loudness_range": 41.497989654541016,
      "side_mean": -69.9995346069336
    },
    {
      "high_freq": 4349.24462890625,
      "loudness": -42.86037826538086,
      "loudness_range": 4.0160675048828125,
      "low_freq": 2549.74365234375,
      "mid_mean": -39.60890579223633,
      "mid_to_side_loudness": -58.818729400634766,
      "mid_to_side_loudness_range": 70.5619125366211,
      "side_mean": -69.99962615966797
    },
    {
      "high_freq": 7314.1640625,
      "loudness": -40.585777282714844,
      "loudness_range": 3.1202354431152344,
      "low_freq": 4349.24462890625,
      "mid_mean": -37.354698181152344,
      "mid_to_side_loudness": -55.396331787109375,
      "mid_to_side_loudness_range": 65.94739532470703,
      "side_mean": -69.99948120117188
    },
    {
      "high_freq": 12199.2666015625,
      "loudness": -38.919246673583984,
      "loudness_range": 2.8538169860839844,
      "low_freq": 7314.1640625,
      "mid_mean": -35.63163375854492,
      "mid_to_side_loudness": -57.53792953491211,
      "mid_to_side_loudness_range": 58.052188873291016,
      "side_mean": -69.99535369873047
    },
    {
      "loudness": -43.83363723754883,
      "loudness_range": 2.867115020751953,
      "low_freq": 12199.2666015625,
      "mid_mean": -40.540191650390625,
      "mid_to_side_loudness": -43.797813415527344,
      "mid_to_side_loudness_range": 52.50637435913086,
      "side_mean": -69.9683609008789
    }
  ],
  "bands_short": [
    {
      "high_freq": 148.1999969482422,
      "loudness": -42.86550521850586,
      "loudness_range": 41.872718811035156,
      "mid_mean": -63.29422378540039,
      "mid_to_side_loudness": -30.554567337036133,
      "mid_to_side_loudness_range": 55.13398361206055,
      "side_mean": -69.99999237060547
    },
    {
      "high_freq": 392.3793640136719,
      "loudness": -20.28984832763672,
      "loudness_range": 21.755126953125,
      "low_freq": 148.1999969482422,
      "mid_mean": -59.46506881713867,
      "mid_to_side_loudness": -26.76314926147461,
      "mid_to_side_loudness_range": 52.1563835144043,
      "side_mean": -69.99998474121094
    },
    {
      "high_freq": 794.6976318359375,
      "loudness": -44.25688552856445,
      "loudness_range": 34.44098663330078,
      "low_freq": 392.3793640136719,
      "mid_mean": -51.22112274169922,
      "mid_to_side_loudness": -39.33588409423828,
      "mid_to_side_loudness_range": 59.17301940917969,
      "side_mean": -69.99954986572266
    },
    {
      "high_freq": 1457.5709228515625,
      "loudness": -51.36753845214844,
      "loudness_range": 33.302406311035156,
      "low_freq": 794.6976318359375,
      "mid_mean": -58.39134216308594,
      "mid_to_side_loudness": -31.26631736755371,
      "mid_to_side_loudness_range": 49.94718933105469,
      "side_mean": -69.99978637695312
    },
    {
      "high_freq": 2549.74365234375,
      "loudness": -45.95965576171875,
      "loudness_range": 29.3353214263916,
      "low_freq": 1457.5709228515625,
      "mid_mean": -51.17280960083008,
      "mid_to_side_loudness": -34.75102615356445,
      "mid_to_side_loudness_range": 54.37417221069336,
      "side_mean": -69.99954986572266
    },
    {
      "high_freq": 4349.24462890625,
      "loudness": -50.47209548950195,
      "loudness_range": 32.96767807006836,
      "low_freq": 2549.74365234375,
      "mid_mean": -58.67118835449219,
      "mid_to_side_loudness": -26.6706485748291,
      "mid_to_side_loudness_range": 47.3071403503418,
      "side_mean": -69.99962615966797
    },
    {
      "high_freq": 7314.1640625,
      "loudness": -50.74081039428711,
      "loudness_range": 37.205501556396484,
      "low_freq": 4349.24462890625,
      "mid_mean": -58.82942581176758,
      "mid_to_side_loudness": -30.59537124633789,
      "mid_to_side_loudness_range": 41.972896575927734,
      "side_mean": -69.99947357177734
    },
    {
      "high_freq": 12199.2666015625,
      "loudness": -51.08367156982422,
      "loudness_range": 39.509944915771484,
      "low_freq": 7314.1640625,
      "mid_mean": -60.242122650146484,
      "mid_to_side_loudness": -20.365432739257812,
      "mid_to_side_loudness_range": 34.55265426635742,
      "side_mean": -69.99542999267578
    },
    {
      "loudness": -54.12229537963867,
      "loudness_range": 36.67569351196289,
      "low_freq": 12199.2666015625,
      "mid_mean": -63.03059387207031,
      "mid_to_side_loudness": -10.538972854614258,
      "mid_to_side_loudness_range": 27.6782283782959,
      "side_mean": -69.9683837890625
    }
  ],
  "bandwidth": 315.2191467285156,
  "channels": 2,
  "covariance": [
    [
      395.5528259277344,
      -0.00010533476597629488,
      426.4300231933594,
      3.22908308589831e-05,
      71.32279205322266,
      0.0071544223465025425,
      108.37771606445312,
      0.0027728297282010317,
      28.632373809814453,
      4.9503381887916476e-05,
      29.864633560180664,
      0.002261948538944125,
      21.96068000793457,
      0.0006839862326160073,
      14.988615036010742,
      0.01310962438583374,
      14.815267562866211,
      0.1799481362104416
    ],
    [
      -0.00010533476597629488,
      1.352607692517438e-09,
      -0.0001186247609439306,
      3.3210065253364007e-10,
      -9.054406291397754e-06,
      8.06853250878703e-09,
      4.342504689702764e-05,
      4.963931932167043e-09,
      1.2745254025503527e-05,
      3.385683200463063e-08,
      1.7885699890030082e-06,
      2.172183144466544e-08,
      1.1053683010686655e-05,
      2.8206798674546008e-08,
      1.1847905625472777e-05,
      4.892483573826212e-08,
      1.2002936273347586e-05,
      1.1719406245447317e-07
    ],
    [
      426.4300231933594,
      -0.0001186247609439306,
      497.69586181640625,
      -3.5426967315288493e-06,
      89.73539733886719,
      0.014964746311306953,
      121.83663940429688,
      0.005346976686269045,
      32.459259033203125,
      0.0016434993594884872,
      33.260704040527344,
      0.004496004898101091,
      24.88097381591797,
      0.0021044358145445585,
      17.063570022583008,
      0.015154688619077206,
      16.935487747192383,
      0.19554519653320312
    ],
    [
      3.22908308589831e-05,
      3.3210065253364007e-10,
      -3.5426967315288493e-06,
      3.735808107308003e-09,
      -2.346657538510044e-06,
      6.017721432272083e-09,
      7.888476829975843e-05,
      3.188598274306287e-09,
      2.1009820557083003e-05,
      4.3118621562143744e-08,
      1.4629757060902193e-05,
      2.2545526334738497e-08,
      1.3198632586863823e-05,
      3.443300045091746e-08,
      1.4619629837397952e-05,
      4.960459776270909e-08,
      1.5450743376277387e-05,
      1.9607985279890272e-07
    ],
    [
      71.32279205322266,
      -9.054406291397754e-06,
      89.73539733886719,
      -2.346657538510044e-06,
      40.912113189697266,
      0.0052549936808645725,
      31.137990951538086,
      0.0017003754619508982,
      23.457189559936523,
      0.001403205911628902,
      17.578271865844727,
      0.0014983722940087318,
      15.379480361938477,
      0.0010075286263599992,
      10.684988975524902,
      0.0006705904379487038,
      10.752559661865234,
      0.023862866684794426
    ],
    [
      0.0071544223465025425,
      8.06853250878703e-09,
      0.014964746311306953,
      6.017721432272083e-09,
      0.0052549936808645725,
      2.3482258256990463e-05,
      0.003505810396745801,
      1.2490430663092411e-06,
      0.0010393108241260052,
      2.1091436792630702e-06,
      0.0006930037052370608,
      2.1016967366449535e-06,
      0.0008005888084881008,
      1.627071583243378e-06,
      0.0006083610933274031,
      2.1954876956442604e-06,
      0.0005205912166275084,
      5.5987038649618626e-06
    ],
    [
      108.37771606445312,
      4.342504689702764e-05,
      121.83663940429688,
      7.888476829975843e-05,
      31.137990951538086,
      0.003505810396745801,
      137.0977325439453,
      0.0015052289236336946,
      30.90309715270996,
      0.003384241135790944,
      18.80280113220215,
      0.0026500422973185778,
      17.270280838012695,
      0.003410248551517725,
      14.26386833190918,
      0.025779517367482185,
      14.244909286499023,
      0.18506133556365967
    ],
    [
      0.0027728297282010317,
      4.963931932167043e-09,
      0.005346976686269045,
      3.188598274306287e-09,
      0.0017003754619508982,
      1.2490430663092411e-06,
      0.0015052289236336946,
      1.1817808172054356e-06,
      0.0003862097510136664,
      1.1847249652419123e-06,
      0.0003745044523384422,
      1.1525860372785246e-06,
      0.00029693698161281645,
      9.484348879595927e-07,
      0.00023452946334145963,
      1.0736737294791965e-06,
      0.00022029019601177424,
      1.5315490600187331e-06
    ],
    [
      28.632373809814453,
      1.2745254025503527e-05,
      32.459259033203125,
      2.1009820557083003e-05,
      23.457189559936523,
      0.0010393108241260052,
      30.90309715270996,
      0.0003862097510136664,
      27.31830406188965,
      0.0008980461861938238,
      14.24045181274414,
      0.0006646781112067401,
      13.099862098693848,
      0.000773230567574501,
      9.90203857421875,
      0.0030989337246865034,
      9.97211742401123,
      0.027916651219129562
    ],
    [
      4.9503381887916476e-05,
      3.385683200463063e-08,
      0.0016434993594884872,
      4.3118621562143744e-08,
      0.001403205911628902,
      2.1091436792630702e-06,
      0.003384241135790944,
      1.1847249652419123e-06,
      0.0008980461861938238,
      3.4244837934238603e-06,
      0.0006324315327219665,
      1.6425037756562233e-06,
      0.0006260182708501816,
      1.6985147794912336e-06,
      0.000636254611890763,
      2.2065457869757665e-06,
      0.0006035813130438328,
      5.411365691543324e-06
    ],
    [
      29.864633560180664,
      1.7885699890030082e-06,
      33.260704040527344,
      1.4629757060902193e-05,
      17.578271865844727,
      0.0006930037052370608,
      18.80280113220215,
      0.0003745044523384422,
      14.24045181274414,
      0.0006324315327219665,
      19.14749526977539,
      0.0005908847087994218,
      17.519386291503906,
      0.0005250921822153032,
      12.293906211853027,
      0.0008361393120139837,
      12.362059593200684,
      0.016224399209022522
    ],
    [
      0.002261948538944125,
      2.172183144466544e-08,
      0.004496004898101091,
      2.2545526334738497e-08,
      0.0014983722940087318,
      2.1016967366449535e-06,
      0.0026500422973185778,
      1.1525860372785246e-06,
      0.0006646781112067401,
      1.6425037756562233e-06,
      0.0005908847087994218,
      1.863013153524662e-06,
      0.0005102460272610188,
      1.6672031506459462e-06,
      0.0004405787622090429,
      2.2894435005582636e-06,
      0.0004274355887901038,
      4.217882178636501e-06
    ],
    [
      21.96068000793457,
      1.1053683010686655e-05,
      24.88097381591797,
      1.3198632586863823e-05,
      15.379480361938477,
      0.0008005888084881008,
      17.270280838012695,
      0.00029693698161281645,
      13.099862098693848,
      0.0006260182708501816,
      17.519386291503906,
      0.0005102460272610188,
      18.511953353881836,
      0.0005440836539492011,
      12.871392250061035,
      0.0009569667745381594,
      12.941641807556152,
      0.014851360581815243
    ],
    [
      0.0006839862326160073,
      2.8206798674546008e-08,
      0.0021044358145445585,
      3.443300045091746e-08,
      0.0010075286263599992,
      1.627071583243378e-06,
      0.003410248551517725,
      9.484348879595927e-07,
      0.000773230567574501,
      1.6985147794912336e-06,
      0.0005250921822153032,
      1.6672031506459462e-06,
      0.0005440836539492011,
      1.6993919871310936e-06,
      0.0005303425714373589,
      2.638603291416075e-06,
      0.0005242832703515887,
      6.745610335201491e-06
    ],
    [
      14.988615036010742,
      1.1847905625472777e-05,
      17.063570022583008,
      1.4619629837397952e-05,
      10.684988975524902,
      0.0006083610933274031,
      14.26386833190918,
      0.00023452946334145963,
      9.90203857421875,
      0.000636254611890763,
      12.293906211853027,
      0.0004405787622090429,
      12.871392250061035,
      0.0005303425714373589,
      16.25495719909668,
      0.0015385887818410993,
      16.23737907409668,
      0.015728382393717766
    ],
    [
      0.01310962438583374,
      4.892483573826212e-08,
      0.015154688619077206,
      4.960459776270909e-08,
      0.0006705904379487038,
      2.1954876956442604e-06,
      0.025779517367482185,
      1.0736737294791965e-06,
      0.0030989337246865034,
      2.2065457869757665e-06,
      0.0008361393120139837,
      2.2894435005582636e-06,
      0.0009569667745381594,
      2.638603291416075e-06,
      0.0015385887818410993,
      1.2191808309580665e-05,
      0.0015610974514856935,
      6.104405474616215e-05
    ],
    [
      14.815267562866211,
      1.2002936273347586e-05,
      16.935487747192383,
      1.5450743376277387e-05,
      10.752559661865234,
      0.0005205912166275084,
      14.244909286499023,
      0.00022029019601177424,
      9.97211742401123,
      0.0006035813130438328,
      12.362059593200684,
      0.0004274355887901038,
      12.941641807556152,
      0.0005242832703515887,
      16.23737907409668,
      0.0015610974514856935,
      16.242061614990234,
      0.01592249982059002
    ],
    [
      0.1799481362104416,
      1.1719406245447317e-07,
      0.19554519653320312,
      1.9607985279890272e-07,
      0.023862866684794426,
      5.5987038649618626e-06,
      0.18506133556365967,
      1.5315490600187331e-06,
      0.027916651219129562,
      5.411365691543324e-06,
      0.016224399209022522,
      4.217882178636501e-06,
      0.014851360581815243,
      6.745610335201491e-06,
      0.015728382393717766,
      6.104405474616215e-05,
      0.01592249982059002,
      0.00042239954927936196
    ]
  ],
  "covariance_short": [
    [
      191.58074951171875,
      -4.03359008487314e-05,
      256.6729431152344,
      -7.593878399347886e-05,
      133.38397216796875,
      0.004719034302979708,
      109.0134048461914,
      0.001514927833341062,
      85.76371002197266,
      -0.0010002617491409183,
      85.27960205078125,
      0.0004386280197650194,
      78.92164611816406,
      -0.0010093426099047065,
      64.54129028320312,
      -0.00869795586913824,
      48.658992767333984,
      0.021686187013983727
    ],
    [
      -4.03359008487314e-05,
      3.841460483045012e-09,
      -6.132131966296583e-05,
      1.6589905005304217e-09,
      -6.115881842561066e-05,
      2.7668050961437984e-08,
      -4.1252027585869655e-05,
      1.7919276729116973e-08,
      -4.3222396925557405e-05,
      1.0664344074484688e-07,
      -3.736636062967591e-05,
      6.963190912756545e-08,
      -3.215926335542463e-05,
      8.450336252963098e-08,
      -2.0915227651130408e-05,
      1.2449464747987804e-07,
      -8.815306500764564e-06,
      2.7743806185753783e-07
    ],
    [
      256.6729431152344,
      -6.132131966296583e-05,
      429.7678527832031,
      -0.00011091423220932484,
      220.70932006835938,
      0.01673428900539875,
      165.92376708984375,
      0.0066331541165709496,
      125.06523895263672,
      0.0014152972726151347,
      120.92822265625,
      0.004993459675461054,
      106.22077178955078,
      0.002003219909965992,
      85.6952133178711,
      -0.007472878787666559,
      64.0958023071289,
      0.05588797479867935
    ],
    [
      -7.593878399347886e-05,
      1.6589905005304217e-09,
      -0.00011091423220932484,
      1.8053244232874022e-08,
      -0.00010724111052695662,
      2.807161081364029e-08,
      -9.626303653931245e-05,
      2.114670216712966e-08,
      -7.802326581440866e-05,
      1.986599755809948e-07,
      -0.00010010651749325916,
      1.1242808284350758e-07,
      -8.946965681388974e-05,
      1.7299842625106976e-07,
      -8.39687418192625e-05,
      2.682303090750793e-07,
      -5.791783405584283e-05,
      7.377192901003582e-07
    ],
    [
      133.38397216796875,
      -6.115881842561066e-05,
      220.70932006835938,
      -0.00010724111052695662,
      264.84814453125,
      0.010440045967698097,
      200.57579040527344,
      0.0036799919325858355,
      226.52452087402344,
      -0.0002476121881045401,
      183.4448699951172,
      0.0018614307045936584,
      177.8450927734375,
      -7.9266719694715e-05,
      159.82337951660156,
      -0.00942301470786333,
      122.16424560546875,
      0.03658737614750862
    ],
    [
      0.004719034302979708,
      2.7668050961437984e-08,
      0.01673428900539875,
      2.807161081364029e-08,
      0.010440045967698097,
      9.462351590627804e-05,
      0.004734104499220848,
      8.184284524759278e-06,
      -0.00015761947724968195,
      7.927451406430919e-06,
      -5.273967326502316e-05,
      1.1416760571592022e-05,
      1.2180862540844828e-05,
      7.399443802569294e-06,
      0.0004993151524104178,
      1.0858240784727968e-05,
      0.0009665376855991781,
      2.7371663236408494e-05
    ],
    [
      109.0134048461914,
      -4.1252027585869655e-05,
      165.92376708984375,
      -9.626303653931245e-05,
      200.57579040527344,
      0.004734104499220848,
      184.71054077148438,
      0.001782029285095632,
      177.36656188964844,
      -0.0009540487080812454,
      173.53439331054688,
      0.0002819752844516188,
      174.4364013671875,
      -0.0013896306045353413,
      164.87042236328125,
      -0.022747788578271866,
      134.90145874023438,
      -0.05261935666203499
    ],
    [
      0.001514927833341062,
      1.7919276729116973e-08,
      0.0066331541165709496,
      2.114670216712966e-08,
      0.0036799919325858355,
      8.184284524759278e-06,
      0.001782029285095632,
      5.436626452137716e-06,
      0.00035436335019767284,
      5.501261057361262e-06,
      7.5568605097942054e-06,
      5.321647222444881e-06,
      -0.0008540861890651286,
      4.769602128362749e-06,
      -0.0007669132319279015,
      5.49141577721457e-06,
      -0.0005345885874703526,
      8.544181582692545e-06
    ],
    [
      85.76371002197266,
      -4.3222396925557405e-05,
      125.06523895263672,
      -7.802326581440866e-05,
      226.52452087402344,
      -0.00015761947724968195,
      177.36656188964844,
      0.00035436335019767284,
      229.31820678710938,
      -0.001979455817490816,
      182.353515625,
      -0.0008358370396308601,
      183.04478454589844,
      -0.0015978431329131126,
      168.35862731933594,
      -0.010033134371042252,
      128.75357055664062,
      0.014915671199560165
    ],
    [
      -0.0010002617491409183,
      1.0664344074484688e-07,
      0.0014152972726151347,
      1.986599755809948e-07,
      -0.0002476121881045401,
      7.927451406430919e-06,
      -0.0009540487080812454,
      5.501261057361262e-06,
      -0.001979455817490816,
      1.5613144569215365e-05,
      -0.002364919986575842,
      7.739234206383117e-06,
      -0.0026452383026480675,
      7.911905413493514e-06,
      -0.002148236380890012,
      1.0097657650476322e-05,
      -0.001306622987613082,
      2.086858330585528e-05
    ],
    [
      85.27960205078125,
      -3.736636062967591e-05,
      120.92822265625,
      -0.00010010651749325916,
      183.4448699951172,
      -5.273967326502316e-05,
      173.53439331054688,
      7.5568605097942054e-06,
      182.353515625,
      -0.002364919986575842,
      183.0355987548828,
      -0.0012268618447706103,
      186.65122985839844,
      -0.0025799372233450413,
      177.2309112548828,
      -0.027825919911265373,
      143.58848571777344,
      -0.08392954617738724
    ],
    [
      0.0004386280197650194,
      6.963190912756545e-08,
      0.004993459675461054,
      1.1242808284350758e-07,
      0.0018614307045936584,
      1.1416760571592022e-05,
      0.0002819752844516188,
      5.321647222444881e-06,
      -0.0008358370396308601,
      7.739234206383117e-06,
      -0.0012268618447706103,
      8.411044291278813e-06,
      -0.001960994675755501,
      7.899876436567865e-06,
      -0.0016779497964307666,
      9.886188308882993e-06,
      -0.0011581853032112122,
      1.654940570006147e-05
    ],
    [
      78.92164611816406,
      -3.215926335542463e-05,
      106.22077178955078,
      -8.946965681388974e-05,
      177.8450927734375,
      1.2180862540844828e-05,
      174.4364013671875,
      -0.0008540861890651286,
      183.04478454589844,
      -0.0026452383026480675,
      186.65122985839844,
      -0.001960994675755501,
      193.85940551757812,
      -0.003102801041677594,
      186.56297302246094,
      -0.02788793295621872,
      152.9013671875,
      -0.07598134875297546
    ],
    [
      -0.0010093426099047065,
      8.450336252963098e-08,
      0.002003219909965992,
      1.7299842625106976e-07,
      -7.9266719694715e-05,
      7.399443802569294e-06,
      -0.0013896306045353413,
      4.769602128362749e-06,
      -0.0015978431329131126,
      7.911905413493514e-06,
      -0.0025799372233450413,
      7.899876436567865e-06,
      -0.003102801041677594,
      8.463187441520859e-06,
      -0.0026206704787909985,
      1.1835265468107536e-05,
      -0.0017792867729440331,
      2.5131052098004147e-05
    ],
    [
      64.54129028320312,
      -2.0915227651130408e-05,
      85.6952133178711,
      -8.39687418192625e-05,
      159.82337951660156,
      0.0004993151524104178,
      164.87042236328125,
      -0.0007669132319279015,
      168.35862731933594,
      -0.002148236380890012,
      177.2309112548828,
      -0.0016779497964307666,
      186.56297302246094,
      -0.0026206704787909985,
      186.996337890625,
      -0.02587481588125229,
      157.5973663330078,
      -0.06758863478899002
    ],
    [
      -0.00869795586913824,
      1.2449464747987804e-07,
      -0.007472878787666559,
      2.682303090750793e-07,
      -0.00942301470786333,
      1.0858240784727968e-05,
      -0.022747788578271866,
      5.49141577721457e-06,
      -0.010033134371042252,
      1.0097657650476322e-05,
      -0.027825919911265373,
      9.886188308882993e-06,
      -0.02788793295621872,
      1.1835265468107536e-05,
      -0.02587481588125229,
      5.286200394039042e-05,
      -0.01922840066254139,
      0.00023086168221198022
    ],
    [
      48.658992767333984,
      -8.815306500764564e-06,
      64.0958023071289,
      -5.791783405584283e-05,
      122.16424560546875,
      0.0009665376855991781,
      134.90145874023438,
      -0.0005345885874703526,
      128.75357055664062,
      -0.001306622987613082,
      143.58848571777344,
      -0.0011581853032112122,
      152.9013671875,
      -0.0017792867729440331,
      157.5973663330078,
      -0.01922840066254139,
      137.60781860351562,
      -0.04332426190376282
    ],
    [
      0.021686187013983727,
      2.7743806185753783e-07,
      0.05588797479867935,
      7.377192901003582e-07,
      0.03658737614750862,
      2.7371663236408494e-05,
      -0.05261935666203499,
      8.544181582692545e-06,
      0.014915671199560165,
      2.086858330585528e-05,
      -0.08392954617738724,
      1.654940570006147e-05,
      -0.07598134875297546,
      2.5131052098004147e-05,
      -0.06758863478899002,
      0.00023086168221198022,
      -0.04332426190376282,
      0.001554385176859796
    ]
  ],
  "damage": -11.004636764526367,
  "diff_bandwidth": 294.2064514160156,
  "dissonance": 5.274167239291758,
  "drr": 2.210749864578247,
  "dynamics": 7.981945514678955,
  "format": 1245190,
  "frames": 1779712,
  "loudness": -24.37043571472168,
  "loudness_range": 18.455432891845703,
  "loudness_range_short": 38.79566192626953,
  "lowpass_true_peak_15khz": -0.017727186903357506,
  "mastering3_acoustic_entropies": [
    {
      "acoustic_entropy": 6.121825695037842,
      "acoustic_entropy_mono": 6.121825695037842,
      "band_eliminated_acoustic_entropies": [
        {
          "acoustic_entropy": 6.174310207366943,
          "acoustic_entropy_side": 6.121825695037842,
          "hz": 129.47220167065723
        },
        {
          "acoustic_entropy": 5.609852313995361,
          "acoustic_entropy_side": 6.121825695037842,
          "hz": 202.92927478742237
        },
        {
          "acoustic_entropy": 6.4908952713012695,
          "acoustic_entropy_side": 6.121825695037842,
          "hz": 282.89161906338205
        },
        {
          "acoustic_entropy": 6.084546089172363,
          "acoustic_entropy_side": 6.121825695037842,
          "hz": 369.9353335868758
        },
        {
          "acoustic_entropy": 6.205442905426025,
          "acoustic_entropy_side": 6.121825695037842,
          "hz": 464.6875360973435
        },
        {
          "acoustic_entropy": 5.556393146514893,
          "acoustic_entropy_side": 6.121825695037842,
          "hz": 567.8308811364784
        },
        {
          "acoustic_entropy": 6.065554618835449,
          "acoustic_entropy_side": 6.121825695037842,
          "hz": 680.1084783214808
        },
        {
          "acoustic_entropy": 5.93474006652832,
          "acoustic_entropy_side": 6.121825695037842,
          "hz": 802.3292461747484
        },
        {
          "acoustic_entropy": 5.983548641204834,
          "acoustic_entropy_side": 6.121825695037842,
          "hz": 935.3737400823702
        },
        {
          "acoustic_entropy": 6.122161865234375,
          "acoustic_entropy_side": 6.121825695037842,
          "hz": 1080.2004963696966
        },
        {
          "acoustic_entropy": 6.127588748931885,
          "acoustic_entropy_side": 6.121825695037842,
          "hz": 1237.8529382007157
        },
        {
          "acoustic_entropy": 6.12529993057251,
          "acoustic_entropy_side": 6.121825695037842,
          "hz": 1409.4668930556702
        },
        {
          "acoustic_entropy": 6.122954845428467,
          "acoustic_entropy_side": 6.121825695037842,
          "hz": 1596.2787759475705
        },
        {
          "acoustic_entropy": 6.124348163604736,
          "acoustic_entropy_side": 6.121825695037842,
          "hz": 1799.6344973346393
        },
        {
          "acoustic_entropy": 5.841829776763916,
          "acoustic_entropy_side": 6.121825695037842,
          "hz": 2020.9991599069049
        },
        {
          "acoustic_entropy": 6.014944076538086,
          "acoustic_entropy_side": 6.121825695037842,
          "hz": 2261.9676141086993
        },
        {
          "acoustic_entropy": 6.127169132232666,
          "acoustic_entropy_side": 6.121825695037842,
          "hz": 2524.2759484456974
        },
        {
          "acoustic_entropy": 6.1290082931518555,
          "acoustic_entropy_side": 6.121825695037842,
          "hz": 2809.813997359896
        },
        {
          "acoustic_entropy": 6.1331682205200195,
          "acoustic_entropy_side": 6.121825695037842,
          "hz": 3120.6389567871424
        },
        {
          "acoustic_entropy": 6.074418067932129,
          "acoustic_entropy_side": 6.121825695037842,
          "hz": 3458.990205492291
        },
        {
          "acoustic_entropy": 6.114813327789307,
          "acoustic_entropy_side": 6.121825695037842,
          "hz": 3827.305438964164
        },
        {
          "acoustic_entropy": 6.119833469390869,
          "acoustic_entropy_side": 6.121825695037842,
          "hz": 4228.238232109126
        },
        {
          "acoustic_entropy": 6.126269817352295,
          "acoustic_entropy_side": 6.121825695037842,
          "hz": 4664.6771572759235
        },
        {
          "acoustic_entropy": 6.1158246994018555,
          "acoustic_entropy_side": 6.121825695037842,
          "hz": 5139.766595350093
        },
        {
          "acoustic_entropy": 6.078196048736572,
          "acoustic_entropy_side": 6.121825695037842,
          "hz": 5656.929389854203
        },
        {
          "acoustic_entropy": 6.083681106567383,
          "acoustic_entropy_side": 6.121825695037842,
          "hz": 6219.891507268283
        },
        {
          "acoustic_entropy": 6.073462009429932,
          "acoustic_entropy_side": 6.121825695037842,
          "hz": 6832.70888123896
        },
        {
          "acoustic_entropy": 6.028435707092285,
          "acoustic_entropy_side": 6.121825695037842,
          "hz": 7499.796634079867
        },
        {
          "acoustic_entropy": 6.078183650970459,
          "acoustic_entropy_side": 6.121825695037842,
          "hz": 8225.96088609342
        },
        {
          "acoustic_entropy": 6.021543502807617,
          "acoustic_entropy_side": 6.121825695037842,
          "hz": 9016.43338188839
        },
        {
          "acoustic_entropy": 5.9948344230651855,
          "acoustic_entropy_side": 6.121825695037842,
          "hz": 9876.909183162974
        },
        {
          "acoustic_entropy": 6.079497337341309,
          "acoustic_entropy_side": 6.121825695037842,
          "hz": 10813.587699516042
        },
        {
          "acoustic_entropy": 6.04588508605957,
          "acoustic_entropy_side": 6.121825695037842,
          "hz": 11833.21735289826
        },
        {
          "acoustic_entropy": 6.058773994445801,
          "acoustic_entropy_side": 6.121825695037842,
          "hz": 12943.144197493959
        },
        {
          "acoustic_entropy": 6.004612922668457,
          "acoustic_entropy_side": 6.121825695037842,
          "hz": 14151.364845322005
        },
        {
          "acoustic_entropy": 6.059138774871826,
          "acoustic_entropy_side": 6.121825695037842,
          "hz": 15466.58407886509
        },
        {
          "acoustic_entropy": 6.118778705596924,
          "acoustic_entropy_side": 6.121825695037842,
          "hz": 16898.27756580493
        },
        {
          "acoustic_entropy": 6.121809959411621,
          "acoustic_entropy_side": 6.121825695037842,
          "hz": 18456.760127700032
        },
        {
          "acoustic_entropy": 6.121825695037842,
          "acoustic_entropy_side": 6.121825695037842,
          "hz": 20153.260054456492
        },
        {
          "acoustic_entropy": 6.121825695037842,
          "acoustic_entropy_side": 6.121825695037842,
          "hz": 22000.00000000001
        }
      ],
      "diff_acoustic_entropy": 5.951242923736572,
      "sn": 6
    },
    {
      "acoustic_entropy": 7.685347557067871,
      "acoustic_entropy_mono": 7.685347557067871,
      "band_eliminated_acoustic_entropies": [
        {
          "acoustic_entropy": 7.6603899002075195,
          "acoustic_entropy_side": 7.685347557067871,
          "hz": 129.47220167065723
        },
        {
          "acoustic_entropy": 7.408529281616211,
          "acoustic_entropy_side": 7.685347557067871,
          "hz": 202.92927478742237
        },
        {
          "acoustic_entropy": 8.348711013793945,
          "acoustic_entropy_side": 7.685347557067871,
          "hz": 282.89161906338205
        },
        {
          "acoustic_entropy": 7.546443939208984,
          "acoustic_entropy_side": 7.685347557067871,
          "hz": 369.9353335868758
        },
        {
          "acoustic_entropy": 7.809803009033203,
          "acoustic_entropy_side": 7.685347557067871,
          "hz": 464.6875360973435
        },
        {
          "acoustic_entropy": 7.2632904052734375,
          "acoustic_entropy_side": 7.685347557067871,
          "hz": 567.8308811364784
        },
        {
          "acoustic_entropy": 7.748849868774414,
          "acoustic_entropy_side": 7.685347557067871,
          "hz": 680.1084783214808
        },
        {
          "acoustic_entropy": 7.575589656829834,
          "acoustic_entropy_side": 7.685347557067871,
          "hz": 802.3292461747484
        },
        {
          "acoustic_entropy": 7.656806468963623,
          "acoustic_entropy_side": 7.685347557067871,
          "hz": 935.3737400823702
        },
        {
          "acoustic_entropy": 7.68989372253418,
          "acoustic_entropy_side": 7.685347557067871,
          "hz": 1080.2004963696966
        },
        {
          "acoustic_entropy": 7.709339618682861,
          "acoustic_entropy_side": 7.685347557067871,
          "hz": 1237.8529382007157
        },
        {
          "acoustic_entropy": 7.683051586151123,
          "acoustic_entropy_side": 7.685347557067871,
          "hz": 1409.4668930556702
        },
        {
          "acoustic_entropy": 7.693288803100586,
          "acoustic_entropy_side": 7.685347557067871,
          "hz": 1596.2787759475705
        },
        {
          "acoustic_entropy": 7.69559383392334,
          "acoustic_entropy_side": 7.685347557067871,
          "hz": 1799.6344973346393
        },
        {
          "acoustic_entropy": 7.05454683303833,
          "acoustic_entropy_side": 7.685347557067871,
          "hz": 2020.9991599069049
        },
        {
          "acoustic_entropy": 7.612942695617676,
          "acoustic_entropy_side": 7.685347557067871,
          "hz": 2261.9676141086993
        },
        {
          "acoustic_entropy": 7.702892303466797,
          "acoustic_entropy_side": 7.685347557067871,
          "hz": 2524.2759484456974
        },
        {
          "acoustic_entropy": 7.717308521270752,
          "acoustic_entropy_side": 7.685347557067871,
          "hz": 2809.813997359896
        },
        {
          "acoustic_entropy": 7.729886531829834,
          "acoustic_entropy_side": 7.685347557067871,
          "hz": 3120.6389567871424
        },
        {
          "acoustic_entropy": 7.664487361907959,
          "acoustic_entropy_side": 7.685347557067871,
          "hz": 3458.990205492291
        },
        {
          "acoustic_entropy": 7.679848670959473,
          "acoustic_entropy_side": 7.685347557067871,
          "hz": 3827.305438964164
        },
        {
          "acoustic_entropy": 7.667128086090088,
          "acoustic_entropy_side": 7.685347557067871,
          "hz": 4228.238232109126
        },
        {
          "acoustic_entropy": 7.700420379638672,
          "acoustic_entropy_side": 7.685347557067871,
          "hz": 4664.6771572759235
        },
        {
          "acoustic_entropy": 7.691117763519287,
          "acoustic_entropy_side": 7.685347557067871,
          "hz": 5139.766595350093
        },
        {
          "acoustic_entropy": 7.6542253494262695,
          "acoustic_entropy_side": 7.685347557067871,
          "hz": 5656.929389854203
        },
        {
          "acoustic_entropy": 7.6626482009887695,
          "acoustic_entropy_side": 7.685347557067871,
          "hz": 6219.891507268283
        },
        {
          "acoustic_entropy": 7.6626152992248535,
          "acoustic_entropy_side": 7.685347557067871,
          "hz": 6832.70888123896
        },
        {
          "acoustic_entropy": 7.679137229919434,
          "acoustic_entropy_side": 7.685347557067871,
          "hz": 7499.796634079867
        },
        {
          "acoustic_entropy": 7.678040981292725,
          "acoustic_entropy_side": 7.685347557067871,
          "hz": 8225.96088609342
        },
        {
          "acoustic_entropy": 7.730011463165283,
          "acoustic_entropy_side": 7.685347557067871,
          "hz": 9016.43338188839
        },
        {
          "acoustic_entropy": 7.770124435424805,
          "acoustic_entropy_side": 7.685347557067871,
          "hz": 9876.909183162974
        },
        {
          "acoustic_entropy": 7.676909923553467,
          "acoustic_entropy_side": 7.685347557067871,
          "hz": 10813.587699516042
        },
        {
          "acoustic_entropy": 7.659607410430908,
          "acoustic_entropy_side": 7.685347557067871,
          "hz": 11833.21735289826
        },
        {
          "acoustic_entropy": 7.665931224822998,
          "acoustic_entropy_side": 7.685347557067871,
          "hz": 12943.144197493959
        },
        {
          "acoustic_entropy": 7.686546325683594,
          "acoustic_entropy_side": 7.685347557067871,
          "hz": 14151.364845322005
        },
        {
          "acoustic_entropy": 7.646237373352051,
          "acoustic_entropy_side": 7.685347557067871,
          "hz": 15466.58407886509
        },
        {
          "acoustic_entropy": 7.679632186889648,
          "acoustic_entropy_side": 7.685347557067871,
          "hz": 16898.27756580493
        },
        {
          "acoustic_entropy": 7.68540096282959,
          "acoustic_entropy_side": 7.685347557067871,
          "hz": 18456.760127700032
        },
        {
          "acoustic_entropy": 7.685352802276611,
          "acoustic_entropy_side": 7.685347557067871,
          "hz": 20153.260054456492
        },
        {
          "acoustic_entropy": 7.685347557067871,
          "acoustic_entropy_side": 7.685347557067871,
          "hz": 22000.00000000001
        }
      ],
      "diff_acoustic_entropy": 8.126821517944336,
      "sn": 12
    },
    {
      "acoustic_entropy": 9.453158378601074,
      "acoustic_entropy_mono": 9.453158378601074,
      "band_eliminated_acoustic_entropies": [
        {
          "acoustic_entropy": 9.48851490020752,
          "acoustic_entropy_side": 9.453158378601074,
          "hz": 129.47220167065723
        },
        {
          "acoustic_entropy": 10.649983406066895,
          "acoustic_entropy_side": 9.453158378601074,
          "hz": 202.92927478742237
        },
        {
          "acoustic_entropy": 10.57880687713623,
          "acoustic_entropy_side": 9.453158378601074,
          "hz": 282.89161906338205
        },
        {
          "acoustic_entropy": 9.396442413330078,
          "acoustic_entropy_side": 9.453158378601074,
          "hz": 369.9353335868758
        },
        {
          "acoustic_entropy": 9.506345748901367,
          "acoustic_entropy_side": 9.453158378601074,
          "hz": 464.6875360973435
        },
        {
          "acoustic_entropy": 9.780734062194824,
          "acoustic_entropy_side": 9.453158378601074,
          "hz": 567.8308811364784
        },
        {
          "acoustic_entropy": 9.745540618896484,
          "acoustic_entropy_side": 9.453158378601074,
          "hz": 680.1084783214808
        },
        {
          "acoustic_entropy": 9.42529010772705,
          "acoustic_entropy_side": 9.453158378601074,
