{
  "acoustic_entropy": 206.9652099609375,
  "bands": [
    {
      "high_freq": 148.1999969482422,
      "loudness": -51.95060348510742,
      "loudness_range": 14.057075500488281,
      "mid_mean": -54.053184509277344,
      "mid_to_side_loudness": 3.483119487762451,
      "mid_to_side_loudness_range": 12.963627815246582,
      "side_mean": -50.65869903564453
    },
    {
      "high_freq": 392.3793640136719,
      "loudness": -37.80791091918945,
      "loudness_range": 20.952098846435547,
      "low_freq": 148.1999969482422,
      "mid_mean": -36.871124267578125,
      "mid_to_side_loudness": -1.8260815143585205,
      "mid_to_side_loudness_range": 10.36711597442627,
      "side_mean": -40.055274963378906
    },
    {
      "high_freq": 794.6976318359375,
      "loudness": -34.131683349609375,
      "loudness_range": 18.48843765258789,
      "low_freq": 392.3793640136719,
      "mid_mean": -31.709138870239258,
      "mid_to_side_loudness": -8.454324722290039,
      "mid_to_side_loudness_range": 22.080848693847656,
      "side_mean": -40.48682403564453
    },
    {
      "high_freq": 1457.5709228515625,
      "loudness": -26.783384323120117,
      "loudness_range": 19.98590850830078,
      "low_freq": 794.6976318359375,
      "mid_mean": -24.327709197998047,
      "mid_to_side_loudness": -8.809603691101074,
      "mid_to_side_loudness_range": 21.885202407836914,
      "side_mean": -33.48503875732422
    },
    {
      "high_freq": 2549.74365234375,
      "loudness": -27.904333114624023,
      "loudness_range": 16.859207153320312,
      "low_freq": 1457.5709228515625,
      "mid_mean": -25.487464904785156,
      "mid_to_side_loudness": -7.401854038238525,
      "mid_to_side_loudness_range": 17.558610916137695,
      "side_mean": -32.75288772583008
    },
    {
      "high_freq": 4349.24462890625,
      "loudness": -29.328876495361328,
      "loudness_range": 18.353500366210938,
      "low_freq": 2549.74365234375,
      "mid_mean": -26.749849319458008,
      "mid_to_side_loudness": -8.601140022277832,
      "mid_to_side_loudness_range": 17.51553726196289,
      "side_mean": -35.65776443481445
    },
    {
      "high_freq": 7314.1640625,
      "loudness": -38.756160736083984,
      "loudness_range": 16.48711585998535,
      "low_freq": 4349.24462890625,
      "mid_mean": -36.495819091796875,
      "mid_to_side_loudness": -5.908628940582275,
      "mid_to_side_loudness_range": 13.905036926269531,
      "side_mean": -42.560089111328125
    },
    {
      "high_freq": 12199.2666015625,
      "loudness": -47.688777923583984,
      "loudness_range": 16.584007263183594,
      "low_freq": 7314.1640625,
      "mid_mean": -45.41575241088867,
      "mid_to_side_loudness": -5.381580829620361,
      "mid_to_side_loudness_range": 11.809826850891113,
      "side_mean": -51.19972610473633
    },
    {
      "loudness": -60.38594436645508,
      "loudness_range": 14.919136047363281,
      "low_freq": 12199.2666015625,
      "mid_mean": -58.09568786621094,
      "mid_to_side_loudness": -3.6768083572387695,
      "mid_to_side_loudness_range": 7.254981994628906,
      "side_mean": -61.4775390625
    }
  ],
  "bands_short": [
    {
      "high_freq": 148.1999969482422,
      "loudness": -55.90311050415039,
      "loudness_range": 2.7933807373046875,
      "mid_mean": -60.97152328491211,
      "mid_to_side_loudness": 8.430397033691406,
      "mid_to_side_loudness_range": 9.082737922668457,
      "side_mean": -53.17133331298828
    },
    {
      "high_freq": 392.3793640136719,
      "loudness": -42.06255340576172,
      "loudness_range": 30.547218322753906,
      "low_freq": 148.1999969482422,
      "mid_mean": -41.59748840332031,
      "mid_to_side_loudness": -2.4866583347320557,
      "mid_to_side_loudness_range": 11.707158088684082,
      "side_mean": -46.804412841796875
    },
    {
      "high_freq": 794.6976318359375,
      "loudness": -36.15636444091797,
      "loudness_range": 23.442686080932617,
      "low_freq": 392.3793640136719,
      "mid_mean": -33.73875045776367,
      "mid_to_side_loudness": -8.728214263916016,
      "mid_to_side_loudness_range": 24.556196212768555,
      "side_mean": -43.28635025024414
    },
    {
      "high_freq": 1457.5709228515625,
      "loudness": -28.30980682373047,
      "loudness_range": 24.50410270690918,
      "low_freq": 794.6976318359375,
      "mid_mean": -25.905920028686523,
      "mid_to_side_loudness": -8.744000434875488,
      "mid_to_side_loudness_range": 23.83610725402832,
      "side_mean": -35.65281677246094
    },
    {
      "high_freq": 2549.74365234375,
      "loudness": -29.86846160888672,
      "loudness_range": 23.367048263549805,
      "low_freq": 1457.5709228515625,
      "mid_mean": -27.37783432006836,
      "mid_to_side_loudness": -8.718611717224121,
      "mid_to_side_loudness_range": 20.44033432006836,
      "side_mean": -36.488853454589844
    },
    {
      "high_freq": 4349.24462890625,
      "loudness": -31.66597557067871,
      "loudness_range": 25.19220542907715,
      "low_freq": 2549.74365234375,
      "mid_mean": -28.92677116394043,
      "mid_to_side_loudness": -9.857651710510254,
      "mid_to_side_loudness_range": 19.87761116027832,
      "side_mean": -39.68463134765625
    },
    {
      "high_freq": 7314.1640625,
      "loudness": -42.1962890625,
      "loudness_range": 25.90385627746582,
      "low_freq": 4349.24462890625,
      "mid_mean": -39.656219482421875,
      "mid_to_side_loudness": -7.69883394241333,
      "mid_to_side_loudness_range": 16.654041290283203,
      "side_mean": -48.06438446044922
    },
    {
      "high_freq": 12199.2666015625,
      "loudness": -52.387413024902344,
      "loudness_range": 27.404449462890625,
      "low_freq": 7314.1640625,
      "mid_mean": -50.04447555541992,
      "mid_to_side_loudness": -7.093924045562744,
      "mid_to_side_loudness_range": 14.671405792236328,
      "side_mean": -56.79588317871094
    },
    {
      "loudness": -62.618648529052734,
      "loudness_range": 17.45140838623047,
      "low_freq": 12199.2666015625,
      "mid_mean": -60.029972076416016,
      "mid_to_side_loudness": -3.3349626064300537,
      "mid_to_side_loudness_range": 8.58113956451416,
      "side_mean": -63.139766693115234
    }
  ],
  "bandwidth": 1209.5296630859375,
  "channels": 2,
  "covariance": [
    [
      60.70906448364258,
      31.18500328063965,
      11.946216583251953,
      28.646339416503906,
      0.9101338386535645,
      16.246719360351562,
      0.8582186102867126,
      15.218361854553223,
      1.0681462287902832,
      12.170581817626953,
      1.537571668624878,
      12.492348670959473,
      4.241883754730225,
      15.255838394165039,
      3.862715482711792,
      16.76789093017578,
      6.459563255310059,
      5.9311442375183105
    ],
    [
      31.18500328063965,
      21.142499923706055,
      7.497102737426758,
      14.733831405639648,
      1.3151050806045532,
      7.9675397872924805,
      0.6232610940933228,
      7.374274253845215,
      1.4835234880447388,
      7.01952600479126,
      1.2003850936889648,
      7.0862908363342285,
      2.9316697120666504,
      8.427663803100586,
      2.9621458053588867,
      14.123574256896973,
      6.720373153686523,
      5.65081787109375
    ],
    [
      11.946216583251953,
      7.497102737426758,
      60.91331100463867,
      46.825016021728516,
      21.749160766601562,
      18.89900779724121,
      8.129680633544922,
      8.836708068847656,
      2.0741219520568848,
      13.264391899108887,
      15.297422409057617,
      16.96187973022461,
      14.549867630004883,
      15.436542510986328,
      16.335567474365234,
      14.594311714172363,
      6.789239883422852,
      5.120521068572998
    ],
    [
      28.646339416503906,
      14.733831405639648,
      46.825016021728516,
      95.81103515625,
      15.779790878295898,
      41.99738311767578,
      6.769504547119141,
      29.457645416259766,
      19.404239654541016,
      34.76937484741211,
      15.500496864318848,
      35.190673828125,
      20.867929458618164,
      38.891563415527344,
      19.095542907714844,
      30.94376564025879,
      10.53017807006836,
      10.885077476501465
    ],
    [
      0.9101338386535645,
      1.3151050806045532,
      21.749160766601562,
      15.779790878295898,
      48.783935546875,
      9.886585235595703,
      28.14418601989746,
      2.2264788150787354,
      15.844401359558105,
      6.05744743347168,
      32.549705505371094,
      14.319249153137207,
      24.064172744750977,
      10.329888343811035,
      24.087200164794922,
      9.531717300415039,
      17.610851287841797,
      7.381475925445557
    ],
    [
      16.246719360351562,
      7.9675397872924805,
      18.89900779724121,
      41.99738311767578,
      9.886585235595703,
      41.716617584228516,
      0.9889062643051147,
      27.512144088745117,
      12.176874160766602,
      30.74677085876465,
      5.641961097717285,
      29.45009422302246,
      15.463042259216309,
      35.5052604675293,
      13.44021224975586,
      27.749977111816406,
      6.231515884399414,
      8.644488334655762
    ],
    [
      0.8582186102867126,
      0.6232610940933228,
      8.129680633544922,
      6.769504547119141,
      28.14418601989746,
      0.9889062643051147,
      57.12008285522461,
      11.647560119628906,
      12.909274101257324,
      5.285740852355957,
      34.03247833251953,
      13.510963439941406,
      24.09223175048828,
      9.680344581604004,
      21.04903221130371,
      6.612245559692383,
      17.215970993041992,
      6.636247158050537
    ],
    [
      15.218361854553223,
      7.374274253845215,
      8.836708068847656,
      29.457645416259766,
      2.2264788150787354,
      27.512144088745117,
      11.647560119628906,
      40.24448776245117,
      14.156042098999023,
      33.0440559387207,
      8.38415241241455,
      31.560522079467773,
      18.354747772216797,
      37.29401779174805,
      13.721429824829102,
      26.043947219848633,
      7.404974460601807,
      8.748291969299316
    ],
    [
      1.0681462287902832,
      1.4835234880447388,
      2.0741219520568848,
      19.404239654541016,
      15.844401359558105,
      12.176874160766602,
      12.909274101257324,
      14.156042098999023,
      46.56178283691406,
      22.42571258544922,
      23.928096771240234,
      19.513883590698242,
      20.52019691467285,
      18.03302764892578,
      17.690187454223633,
      15.462149620056152,
      14.078418731689453,
      8.428380012512207
    ],
    [
      12.170581817626953,
      7.01952600479126,
      13.264391899108887,
      34.76937484741211,
      6.05744743347168,
      30.74677085876465,
      5.285740852355957,
      33.0440559387207,
      22.42571258544922,
      47.053565979003906,
      11.982318878173828,
      35.992958068847656,
      20.950410842895508,
      40.165740966796875,
      17.944713592529297,
      31.035594940185547,
      8.516701698303223,
      10.172172546386719
    ],
    [
      1.537571668624878,
      1.2003850936889648,
      15.297422409057617,
      15.500496864318848,
      32.549705505371094,
      5.641961097717285,
      34.03247833251953,
      8.38415241241455,
      23.928096771240234,
      11.982318878173828,
      49.81431198120117,
      21.172487258911133,
      31.982545852661133,
      15.487378120422363,
      30.19049644470215,
      14.5150728225708,
      20.8916015625,
      9.63157844543457
    ],
    [
      12.492348670959473,
      7.0862908363342285,
      16.96187973022461,
      35.190673828125,
      14.319249153137207,
      29.45009422302246,
      13.510963439941406,
      31.560522079467773,
      19.513883590698242,
      35.992958068847656,
      21.172487258911133,
      41.88984680175781,
      27.29116439819336,
      42.711002349853516,
      23.69622230529785,
      33.32465744018555,
      13.373255729675293,
      12.635004043579102
    ],
    [
      4.241883754730225,
      2.9316697120666504,
      14.549867630004883,
      20.867929458618164,
      24.064172744750977,
      15.463042259216309,
      24.09223175048828,
      18.354747772216797,
      20.52019691467285,
      20.950410842895508,
      31.982545852661133,
      27.29116439819336,
      37.44099044799805,
      30.77080535888672,
      30.862403869628906,
      25.43195915222168,
      19.627761840820312,
      12.49328899383545
    ],
    [
      15.255838394165039,
      8.427663803100586,
      15.436542510986328,
      38.891563415527344,
      10.329888343811035,
      35.5052604675293,
      9.680344581604004,
      37.29401779174805,
      18.03302764892578,
      40.165740966796875,
      15.487378120422363,
      42.711002349853516,
      30.77080535888672,
      55.27751922607422,
      26.201953887939453,
      42.33141326904297,
      14.419591903686523,
      15.325212478637695
    ],
    [
      3.862715482711792,
      2.9621458053588867,
      16.335567474365234,
      19.095542907714844,
      24.087200164794922,
      13.44021224975586,
      21.04903221130371,
      13.721429824829102,
      17.690187454223633,
      17.944713592529297,
      30.19049644470215,
      23.69622230529785,
      30.862403869628906,
      26.201953887939453,
      39.800838470458984,
      32.14324188232422,
      24.14983558654785,
      15.693977355957031
    ],
    [
      16.76789093017578,
      14.123574256896973,
      14.594311714172363,
      30.94376564025879,
      9.531717300415039,
      27.749977111816406,
      6.612245559692383,
      26.043947219848633,
      15.462149620056152,
      31.035594940185547,
      14.5150728225708,
      33.32465744018555,
      25.43195915222168,
      42.33141326904297,
      32.14324188232422,
      51.605934143066406,
      22.89640998840332,
      20.8904972076416
    ],
    [
      6.459563255310059,
      6.720373153686523,
      6.789239883422852,
      10.53017807006836,
      17.610851287841797,
      6.231515884399414,
      17.215970993041992,
      7.404974460601807,
      14.078418731689453,
      8.516701698303223,
      20.8916015625,
      13.373255729675293,
      19.627761840820312,
      14.419591903686523,
      24.14983558654785,
      22.89640998840332,
      26.19644546508789,
      16.310344696044922
    ],
    [
      5.9311442375183105,
      5.65081787109375,
      5.120521068572998,
      10.885077476501465,
      7.381475925445557,
      8.644488334655762,
      6.636247158050537,
      8.748291969299316,
      8.428380012512207,
      10.172172546386719,
      9.63157844543457,
      12.635004043579102,
      12.49328899383545,
      15.325212478637695,
      15.693977355957031,
      20.8904972076416,
      16.310344696044922,
      13.24792766571045
    ]
  ],
  "covariance_short": [
    [
      8.963990211486816,
      3.6965115070343018,
      6.574958801269531,
      9.350335121154785,
      0.9477959871292114,
      5.319554328918457,
      -0.15075615048408508,
      4.123414516448975,
      1.3963099718093872,
      4.911754131317139,
      0.30362948775291443,
      4.454591751098633,
      2.8838469982147217,
      6.1913323402404785,
      6.836259365081787,
      7.592154502868652,
      3.8820481300354004,
      3.308783531188965
    ],
    [
      3.6965115070343018,
      7.221418380737305,
      0.7305630445480347,
      1.2105604410171509,
      -0.6373234391212463,
      0.8140149712562561,
      -1.127241611480713,
      0.20850150287151337,
      -0.5690006017684937,
      0.4756503105163574,
      -1.1713454723358154,
      -0.00572170689702034,
      -0.5207774639129639,
      1.0168300867080688,
      7.155911922454834,
      5.614559173583984,
      3.6476540565490723,
      2.876924514770508
    ],
    [
      6.574958801269531,
      0.7305630445480347,
      117.73320770263672,
      100.29163360595703,
      33.425960540771484,
      35.924259185791016,
      15.011116027832031,
      24.9475040435791,
      1.407488226890564,
      22.739898681640625,
      24.744108200073242,
      34.1033935546875,
      29.58761215209961,
      34.00416946411133,
      30.772415161132812,
      26.073238372802734,
      9.379981994628906,
      6.140437126159668
    ],
    [
      9.350335121154785,
      1.2105604410171509,
      100.29163360595703,
      159.63699340820312,
      29.9783992767334,
      66.05548858642578,
      13.835111618041992,
      53.836692810058594,
      21.379661560058594,
      53.90440368652344,
      21.671730041503906,
      55.307044982910156,
      32.913230895996094,
      59.80121612548828,
      30.859561920166016,
      38.47984313964844,
      11.467796325683594,
      9.948775291442871
    ],
    [
      0.9477959871292114,
      -0.6373234391212463,
      33.425960540771484,
      29.9783992767334,
      77.69338989257812,
      23.57863998413086,
      41.58225631713867,
      13.227893829345703,
      27.35474395751953,
      16.91567039489746,
      53.506168365478516,
      36.7552490234375,
      47.70845031738281,
      30.428163528442383,
      51.655609130859375,
      27.796396255493164,
      25.523292541503906,
      11.244243621826172
    ],
    [
      5.319554328918457,
      0.8140149712562561,
      35.924259185791016,
      66.05548858642578,
      23.57863998413086,
      59.521427154541016,
      9.058348655700684,
      38.50495147705078,
      18.43771743774414,
      43.6806640625,
      12.677263259887695,
      41.86506652832031,
      23.950504302978516,
      46.530696868896484,
      20.266658782958984,
      29.697858810424805,
      9.778040885925293,
      9.292038917541504
    ],
    [
      -0.15075615048408508,
      -1.127241611480713,
      15.011116027832031,
      13.835111618041992,
      41.58225631713867,
      9.058348655700684,
      81.24638366699219,
      23.74216079711914,
      21.632293701171875,
      14.727141380310059,
      51.41656494140625,
      32.5963134765625,
      44.13054656982422,
      29.002206802368164,
      45.28415298461914,
      24.4549617767334,
      26.360565185546875,
      12.557251930236816
    ],
    [
      4.123414516448975,
      0.20850150287151337,
      24.9475040435791,
      53.836692810058594,
      13.227893829345703,
      38.50495147705078,
      23.74216079711914,
      59.22012710571289,
      21.892475128173828,
      49.83766555786133,
      16.002370834350586,
      45.65156173706055,
      28.206113815307617,
      50.50102996826172,
      23.154876708984375,
      31.378673553466797,
      11.933099746704102,
      10.762691497802734
    ],
    [
      1.3963099718093872,
      -0.5690006017684937,
      1.407488226890564,
      21.379661560058594,
      27.35474395751953,
      18.43771743774414,
      21.632293701171875,
      21.892475128173828,
      76.27120971679688,
      42.782779693603516,
      40.66990280151367,
      35.358001708984375,
      38.90057373046875,
      32.0567626953125,
      34.85255432128906,
      25.83492660522461,
      20.70693016052246,
      11.458001136779785
    ],
    [
      4.911754131317139,
      0.4756503105163574,
      22.739898681640625,
      53.90440368652344,
      16.91567039489746,
      43.6806640625,
      14.727141380310059,
      49.83766555786133,
      42.782779693603516,
      76.87734985351562,
      22.274539947509766,
      55.1411247253418,
      34.76140594482422,
      59.67473602294922,
      30.617198944091797,
      40.67885971069336,
      15.4661283493042,
      13.948110580444336
    ],
    [
      0.30362948775291443,
      -1.1713454723358154,
      24.744108200073242,
      21.671730041503906,
      53.506168365478516,
      12.677263259887695,
      51.41656494140625,
      16.002370834350586,
      40.66990280151367,
      22.274539947509766,
      86.28630828857422,
      47.99773406982422,
      63.03807067871094,
      37.586761474609375,
      65.01704406738281,
      36.911861419677734,
      33.71853256225586,
      16.614206314086914
    ],
    [
      4.454591751098633,
      -0.00572170689702034,
      34.1033935546875,
      55.307044982910156,
      36.7552490234375,
      41.86506652832031,
      32.5963134765625,
      45.65156173706055,
      35.358001708984375,
      55.1411247253418,
      47.99773406982422,
      73.0204849243164,
      52.74100112915039,
      67.7935562133789,
      50.80976486206055,
      51.509151458740234,
      25.889432907104492,
      19.064167022705078
    ],
    [
      2.8838469982147217,
      -0.5207774639129639,
      29.58761215209961,
      32.913230895996094,
      47.70845031738281,
      23.950504302978516,
      44.13054656982422,
      28.206113815307617,
      38.90057373046875,
      34.76140594482422,
      63.03807067871094,
      52.74100112915039,
      79.97601318359375,
      60.72747039794922,
      69.84587097167969,
      51.3156852722168,
      35.830806732177734,
      21.426773071289062
    ],
    [
      6.1913323402404785,
      1.0168300867080688,
      34.00416946411133,
      59.80121612548828,
      30.428163528442383,
      46.530696868896484,
      29.002206802368164,
      50.50102996826172,
      32.0567626953125,
      59.67473602294922,
      37.586761474609375,
      67.7935562133789,
      60.72747039794922,
      89.11747741699219,
      56.86980438232422,
      64.08340454101562,
      28.897125244140625,
      23.6451358795166
    ],
    [
      6.836259365081787,
      7.155911922454834,
      30.772415161132812,
      30.859561920166016,
      51.655609130859375,
      20.266658782958984,
      45.28415298461914,
      23.154876708984375,
      34.85255432128906,
      30.617198944091797,
      65.01704406738281,
      50.80976486206055,
      69.84587097167969,
      56.86980438232422,
      94.7100601196289,
      66.9802017211914,
      47.952171325683594,
      28.917251586914062
    ],
    [
      7.592154502868652,
      5.614559173583984,
      26.073238372802734,
      38.47984313964844,
      27.796396255493164,
      29.697858810424805,
      24.4549617767334,
      31.378673553466797,
      25.83492660522461,
      40.67885971069336,
      36.911861419677734,
      51.509151458740234,
      51.3156852722168,
      64.08340454101562,
      66.9802017211914,
      68.64741516113281,
      36.2203254699707,
      28.603897094726562
    ],
    [
      3.8820481300354004,
      3.6476540565490723,
      9.379981994628906,
      11.467796325683594,
      25.523292541503906,
      9.778040885925293,
      26.360565185546875,
      11.933099746704102,
      20.70693016052246,
      15.4661283493042,
      33.71853256225586,
      25.889432907104492,
      35.830806732177734,
      28.897125244140625,
      47.952171325683594,
      36.2203254699707,
      35.4893913269043,
      21.390430450439453
    ],
    [
      3.308783531188965,
      2.876924514770508,
      6.140437126159668,
      9.948775291442871,
      11.244243621826172,
      9.292038917541504,
      12.557251930236816,
      10.762691497802734,
      11.458001136779785,
      13.948110580444336,
      16.614206314086914,
      19.064167022705078,
      21.426773071289062,
      23.6451358795166,
      28.917251586914062,
      28.603897094726562,
      21.390430450439453,
      17.171281814575195
    ]
  ],
  "damage": -9.298856735229492,
  "diff_bandwidth": 1212.847900390625,
  "dissonance": 9.51459602794008,
  "drr": 7.739621639251709,
  "dynamics": 4.445383071899414,
  "format": 1245190,
  "frames": 9957312,
  "loudness": -17.1099910736084,
  "loudness_range": 12.356060981750488,
  "loudness_range_short": 18.077301025390625,
  "lowpass_true_peak_15khz": -0.32839739322662354,
  "mastering3_acoustic_entropies": [
    {
      "acoustic_entropy": 10.30328369140625,
      "acoustic_entropy_mono": 10.610730171203613,
      "band_eliminated_acoustic_entropies": [
        {
          "acoustic_entropy": 10.303279876708984,
          "acoustic_entropy_side": 10.303285598754883,
          "hz": 129.47220167065723
        },
        {
          "acoustic_entropy": 10.303284645080566,
          "acoustic_entropy_side": 10.303397178649902,
          "hz": 202.92927478742237
        },
        {
          "acoustic_entropy": 10.272408485412598,
          "acoustic_entropy_side": 10.2922945022583,
          "hz": 282.89161906338205
        },
        {
          "acoustic_entropy": 10.12841796875,
          "acoustic_entropy_side": 10.214505195617676,
          "hz": 369.9353335868758
        },
        {
          "acoustic_entropy": 10.192756652832031,
          "acoustic_entropy_side": 10.296850204467773,
          "hz": 464.6875360973435
        },
        {
          "acoustic_entropy": 10.641565322875977,
          "acoustic_entropy_side": 10.30246353149414,
          "hz": 567.8308811364784
        },
        {
          "acoustic_entropy": 11.079924583435059,
          "acoustic_entropy_side": 10.299644470214844,
          "hz": 680.1084783214808
        },
        {
          "acoustic_entropy": 9.68912124633789,
          "acoustic_entropy_side": 10.25595760345459,
          "hz": 802.3292461747484
        },
        {
          "acoustic_entropy": 10.442452430725098,
          "acoustic_entropy_side": 10.306183815002441,
          "hz": 935.3737400823702
        },
        {
          "acoustic_entropy": 10.302249908447266,
          "acoustic_entropy_side": 10.508316040039062,
          "hz": 1080.2004963696966
        },
        {
          "acoustic_entropy": 10.237286567687988,
          "acoustic_entropy_side": 10.494019508361816,
          "hz": 1237.8529382007157
        },
        {
          "acoustic_entropy": 10.466297149658203,
          "acoustic_entropy_side": 10.396867752075195,
          "hz": 1409.4668930556702
        },
        {
          "acoustic_entropy": 10.945369720458984,
          "acoustic_entropy_side": 10.3597412109375,
          "hz": 1596.2787759475705
        },
        {
          "acoustic_entropy": 9.932109832763672,
          "acoustic_entropy_side": 10.272567749023438,
          "hz": 1799.6344973346393
        },
        {
          "acoustic_entropy": 10.901420593261719,
          "acoustic_entropy_side": 10.389313697814941,
          "hz": 2020.9991599069049
        },
        {
          "acoustic_entropy": 10.510709762573242,
          "acoustic_entropy_side": 10.493727684020996,
          "hz": 2261.9676141086993
        },
        {
          "acoustic_entropy": 10.596585273742676,
          "acoustic_entropy_side": 10.469389915466309,
          "hz": 2524.2759484456974
        },
        {
          "acoustic_entropy": 10.46037483215332,
          "acoustic_entropy_side": 10.331116676330566,
          "hz": 2809.813997359896
        },
        {
          "acoustic_entropy": 10.296168327331543,
          "acoustic_entropy_side": 10.218127250671387,
          "hz": 3120.6389567871424
        },
        {
          "acoustic_entropy": 10.10482120513916,
          "acoustic_entropy_side": 10.194242477416992,
          "hz": 3458.990205492291
        },
        {
          "acoustic_entropy": 10.3868408203125,
          "acoustic_entropy_side": 10.290173530578613,
          "hz": 3827.305438964164
        },
        {
          "acoustic_entropy": 10.725574493408203,
          "acoustic_entropy_side": 10.301922798156738,
          "hz": 4228.238232109126
        },
        {
          "acoustic_entropy": 10.553878784179688,
          "acoustic_entropy_side": 10.3221435546875,
          "hz": 4664.6771572759235
        },
        {
          "acoustic_entropy": 10.267892837524414,
          "acoustic_entropy_side": 10.348736763000488,
          "hz": 5139.766595350093
        },
        {
          "acoustic_entropy": 10.288087844848633,
          "acoustic_entropy_side": 10.32204532623291,
          "hz": 5656.929389854203
        },
        {
          "acoustic_entropy": 10.297529220581055,
          "acoustic_entropy_side": 10.30850887298584,
          "hz": 6219.891507268283
        },
        {
          "acoustic_entropy": 10.309698104858398,
          "acoustic_entropy_side": 10.306437492370605,
          "hz": 6832.70888123896
        },
        {
          "acoustic_entropy": 10.291278839111328,
          "acoustic_entropy_side": 10.304408073425293,
          "hz": 7499.796634079867
        },
        {
          "acoustic_entropy": 10.290009498596191,
          "acoustic_entropy_side": 10.30482292175293,
          "hz": 8225.96088609342
        },
        {
          "acoustic_entropy": 10.302447319030762,
          "acoustic_entropy_side": 10.304537773132324,
          "hz": 9016.43338188839
        },
        {
          "acoustic_entropy": 10.303584098815918,
          "acoustic_entropy_side": 10.303902626037598,
          "hz": 9876.909183162974
        },
        {
          "acoustic_entropy": 10.30363941192627,
          "acoustic_entropy_side": 10.303616523742676,
          "hz": 10813.587699516042
        },
        {
          "acoustic_entropy": 10.303260803222656,
          "acoustic_entropy_side": 10.303337097167969,
          "hz": 11833.21735289826
        },
        {
          "acoustic_entropy": 10.30319595336914,
          "acoustic_entropy_side": 10.303292274475098,
          "hz": 12943.144197493959
        },
        {
          "acoustic_entropy": 10.303279876708984,
          "acoustic_entropy_side": 10.303295135498047,
          "hz": 14151.364845322005
        },
        {
          "acoustic_entropy": 10.30331039428711,
          "acoustic_entropy_side": 10.303288459777832,
          "hz": 15466.58407886509
        },
        {
          "acoustic_entropy": 10.303289413452148,
          "acoustic_entropy_side": 10.30328369140625,
          "hz": 16898.27756580493
        },
        {
          "acoustic_entropy": 10.303263664245605,
          "acoustic_entropy_side": 10.3032808303833,
          "hz": 18456.760127700032
        },
        {
          "acoustic_entropy": 10.303267478942871,
          "acoustic_entropy_side": 10.303282737731934,
          "hz": 20153.260054456492
        },
        {
          "acoustic_entropy": 10.3032808303833,
          "acoustic_entropy_side": 10.303284645080566,
          "hz": 22000.00000000001
        }
      ],
      "diff_acoustic_entropy": 8.416576385498047,
      "sn": 6
    },
    {
      "acoustic_entropy": 15.154273986816406,
      "acoustic_entropy_mono": 13.670844078063965,
      "band_eliminated_acoustic_entropies": [
        {
          "acoustic_entropy": 15.154265403747559,
          "acoustic_entropy_side": 15.154275894165039,
          "hz": 129.47220167065723
        },
        {
          "acoustic_entropy": 15.16043472290039,
          "acoustic_entropy_side": 15.16295337677002,
          "hz": 202.92927478742237
        },
        {
          "acoustic_entropy": 15.304646492004395,
          "acoustic_entropy_side": 15.248432159423828,
          "hz": 282.89161906338205
        },
        {
          "acoustic_entropy": 14.924409866333008,
          "acoustic_entropy_side": 15.228084564208984,
          "hz": 369.9353335868758
        },
        {
          "acoustic_entropy": 15.074812889099121,
          "acoustic_entropy_side": 15.1951904296875,
          "hz": 464.6875360973435
        },
        {
          "acoustic_entropy": 14.412002563476562,
          "acoustic_entropy_side": 15.156083106994629,
          "hz": 567.8308811364784
        },
        {
          "acoustic_entropy": 15.51909065246582,
          "acoustic_entropy_side": 15.176270484924316,
          "hz": 680.1084783214808
        },
        {
          "acoustic_entropy": 14.734526634216309,
          "acoustic_entropy_side": 15.131607055664062,
          "hz": 802.3292461747484
        },
        {
          "acoustic_entropy": 14.972646713256836,
          "acoustic_entropy_side": 15.140453338623047,
          "hz": 935.3737400823702
        },
        {
          "acoustic_entropy": 15.240464210510254,
          "acoustic_entropy_side": 15.17236328125,
          "hz": 1080.2004963696966
        },
        {
          "acoustic_entropy": 14.173666000366211,
          "acoustic_entropy_side": 15.033093452453613,
          "hz": 1237.8529382007157
        },
        {
          "acoustic_entropy": 14.807708740234375,
          "acoustic_entropy_side": 14.974313735961914,
          "hz": 1409.4668930556702
        },
        {
          "acoustic_entropy": 15.127144813537598,
          "acoustic_entropy_side": 15.036314010620117,
          "hz": 1596.2787759475705
        },
        {
          "acoustic_entropy": 14.499581336975098,
          "acoustic_entropy_side": 15.210526466369629,
          "hz": 1799.6344973346393
        },
        {
          "acoustic_entropy": 15.347491264343262,
          "acoustic_entropy_side": 15.06277084350586,
          "hz": 2020.9991599069049
        },
        {
          "acoustic_entropy": 14.999696731567383,
          "acoustic_entropy_side": 14.979022979736328,
          "hz": 2261.9676141086993
        },
        {
          "acoustic_entropy": 14.63707447052002,
          "acoustic_entropy_side": 14.927133560180664,
          "hz": 2524.2759484456974
        },
        {
          "acoustic_entropy": 14.603527069091797,
          "acoustic_entropy_side": 15.058220863342285,
          "hz": 2809.813997359896
        },
        {
          "acoustic_entropy": 15.038420677185059,
          "acoustic_entropy_side": 15.210838317871094,
          "hz": 3120.6389567871424
        },
        {
          "acoustic_entropy": 15.105661392211914,
          "acoustic_entropy_side": 15.052263259887695,
          "hz": 3458.990205492291
        },
        {
          "acoustic_entropy": 15.27896499633789,
          "acoustic_entropy_side": 15.094304084777832,
          "hz": 3827.305438964164
        },
        {
          "acoustic_entropy": 15.134027481079102,
          "acoustic_entropy_side": 15.073551177978516,
          "hz": 4228.238232109126
        },
        {
          "acoustic_entropy": 15.23370361328125,
          "acoustic_entropy_side": 15.104683876037598,
          "hz": 4664.6771572759235
        },
        {
          "acoustic_entropy": 14.852508544921875,
          "acoustic_entropy_side": 15.074995994567871,
          "hz": 5139.766595350093
        },
        {
          "acoustic_entropy": 15.143978118896484,
          "acoustic_entropy_side": 15.054919242858887,
          "hz": 5656.929389854203
        },
        {
          "acoustic_entropy": 15.046107292175293,
          "acoustic_entropy_side": 15.05588150024414,
          "hz": 6219.891507268283
        },
        {
          "acoustic_entropy": 15.097076416015625,
          "acoustic_entropy_side": 15.147826194763184,
          "hz": 6832.70888123896
        },
        {
          "acoustic_entropy": 15.148392677307129,
          "acoustic_entropy_side": 15.145665168762207,
          "hz": 7499.796634079867
        },
        {
          "acoustic_entropy": 15.194687843322754,
          "acoustic_entropy_side": 15.148603439331055,
          "hz": 8225.96088609342
        },
        {
          "acoustic_entropy": 15.159320831298828,
          "acoustic_entropy_side": 15.159297943115234,
          "hz": 9016.43338188839
        },
        {
          "acoustic_entropy": 15.172138214111328,
          "acoustic_entropy_side": 15.161809921264648,
          "hz": 9876.909183162974
        },
        {
          "acoustic_entropy": 15.150016784667969,
          "acoustic_entropy_side": 15.155424118041992,
          "hz": 10813.587699516042
        },
        {
          "acoustic_entropy": 15.152304649353027,
          "acoustic_entropy_side": 15.154455184936523,
          "hz": 11833.21735289826
        },
        {
          "acoustic_entropy": 15.153802871704102,
          "acoustic_entropy_side": 15.154671669006348,
          "hz": 12943.144197493959
        },
        {
          "acoustic_entropy": 15.153800010681152,
          "acoustic_entropy_side": 15.154271125793457,
          "hz": 14151.364845322005
        },
        {
          "acoustic_entropy": 15.154162406921387,
          "acoustic_entropy_side": 15.15422248840332,
          "hz": 15466.58407886509
        },
        {
          "acoustic_entropy": 15.154317855834961,
          "acoustic_entropy_side": 15.154247283935547,
          "hz": 16898.27756580493
        },
        {
          "acoustic_entropy": 15.153421401977539,
          "acoustic_entropy_side": 15.154210090637207,
          "hz": 18456.760127700032
        },
        {
          "acoustic_entropy": 15.15359878540039,
          "acoustic_entropy_side": 15.15421199798584,
          "hz": 20153.260054456492
        },
        {
          "acoustic_entropy": 15.154166221618652,
          "acoustic_entropy_side": 15.154266357421875,
          "hz": 22000.00000000001
        }
      ],
      "diff_acoustic_entropy": 12.797989845275879,
      "sn": 12
    },
    {
      "acoustic_entropy": 22.895484924316406,
      "acoustic_entropy_mono": 20.503355026245117,
      "band_eliminated_acoustic_entropies": [
        {
          "acoustic_entropy": 22.948713302612305,
          "acoustic_entropy_side": 22.912681579589844,
          "hz": 129.47220167065723
        },
        {
          "acoustic_entropy": 22.666189193725586,
          "acoustic_entropy_side": 22.950286865234375,
          "hz": 202.92927478742237
        },
        {
          "acoustic_entropy": 23.548450469970703,
          "acoustic_entropy_side": 23.02725601196289,
          "hz": 282.89161906338205
        },
        {
          "acoustic_entropy": 22.079256057739258,
          "acoustic_entropy_side": 21.952749252319336,
          "hz": 369.9353335868758
        },
        {
          "acoustic_entropy": 22.682851791381836,
          "acoustic_entropy_side": 22.741436004638672,
          "hz": 464.6875360973435
        },
        {
          "acoustic_entropy": 22.52988052368164,
          "acoustic_entropy_side": 22.987653732299805,
          "hz": 567.8308811364784
        },
        {
          "acoustic_entropy": 24.332693099975586,
          "acoustic_entropy_side": 22.86029052734375,
          "hz": 680.1084783214808
        },
        {
          "acoustic_entropy": 23.18061637878418,
          "acoustic_entropy_side": 23.31683349609375,
          "hz": 802.3292461747484
        },
        {
          "acoustic_entropy": 23.048233032226562,
          "acoustic_entropy_side": 22.43661880493164,
          "hz": 935.3737400823702
        },
        {
          "acoustic_entropy": 24.436201095581055,
          "acoustic_entropy_side": 23.134063720703125,
          "hz": 1080.2004963696966
        },
        {
          "acoustic_entropy": 23.386510848999023,
          "acoustic_entropy_side": 22.75202178955078,
          "hz": 1237.8529382007157
        },
        {
          "acoustic_entropy": 23.640602111816406,
          "acoustic_entropy_side": 22.891801834106445,
          "hz": 1409.4668930556702
        },
        {
          "acoustic_entropy": 24.298410415649414,
          "acoustic_entropy_side": 22.87278175354004,
          "hz": 1596.2787759475705
        },
        {
          "acoustic_entropy": 22.864559173583984,
          "acoustic_entropy_side": 22.578872680664062,
          "hz": 1799.6344973346393
        },
        {
          "acoustic_entropy": 24.375425338745117,
          "acoustic_entropy_side": 23.083520889282227,
          "hz": 2020.9991599069049
        },
        {
          "acoustic_entropy": 23.077964782714844,
          "acoustic_entropy_side": 22.386425018310547,
          "hz": 2261.9676141086993
        },
        {
          "acoustic_entropy": 23.124794006347656,
          "acoustic_entropy_side": 22.880992889404297,
          "hz": 2524.2759484456974
        },
        {
          "acoustic_entropy": 22.90822410583496,
          "acoustic_entropy_side": 22.551342010498047,
          "hz": 2809.813997359896
        },
        {
