{
  "acoustic_entropy": 225.513427734375,
  "bands": [
    {
      "high_freq": 148.1999969482422,
      "loudness": -27.445274353027344,
      "loudness_range": 18.680681228637695,
      "mid_mean": -24.432477951049805,
      "mid_to_side_loudness": -10.49825382232666,
      "mid_to_side_loudness_range": 16.381973266601562,
      "side_mean": -35.354129791259766
    },
    {
      "high_freq": 392.3793640136719,
      "loudness": -23.678672790527344,
      "loudness_range": 12.665372848510742,
      "low_freq": 148.1999969482422,
      "mid_mean": -21.195825576782227,
      "mid_to_side_loudness": -6.111908912658691,
      "mid_to_side_loudness_range": 10.896200180053711,
      "side_mean": -27.261377334594727
    },
    {
      "high_freq": 794.6976318359375,
      "loudness": -27.940954208374023,
      "loudness_range": 16.09166145324707,
      "low_freq": 392.3793640136719,
      "mid_mean": -26.186338424682617,
      "mid_to_side_loudness": -2.8939855098724365,
      "mid_to_side_loudness_range": 6.384221076965332,
      "side_mean": -29.13973045349121
    },
    {
      "high_freq": 1457.5709228515625,
      "loudness": -26.90911865234375,
      "loudness_range": 18.723573684692383,
      "low_freq": 794.6976318359375,
      "mid_mean": -25.395933151245117,
      "mid_to_side_loudness": -2.037320375442505,
      "mid_to_side_loudness_range": 4.2897629737854,
      "side_mean": -27.43692970275879
    },
    {
      "high_freq": 2549.74365234375,
      "loudness": -25.69569969177246,
      "loudness_range": 17.810535430908203,
      "low_freq": 1457.5709228515625,
      "mid_mean": -24.35572624206543,
      "mid_to_side_loudness": -1.5356760025024414,
      "mid_to_side_loudness_range": 3.294156551361084,
      "side_mean": -25.886268615722656
    },
    {
      "high_freq": 4349.24462890625,
      "loudness": -26.045581817626953,
      "loudness_range": 14.654687881469727,
      "low_freq": 2549.74365234375,
      "mid_mean": -24.737987518310547,
      "mid_to_side_loudness": -1.7083712816238403,
      "mid_to_side_loudness_range": 4.355740547180176,
      "side_mean": -26.351333618164062
    },
    {
      "high_freq": 7314.1640625,
      "loudness": -27.94179916381836,
      "loudness_range": 14.937873840332031,
      "low_freq": 4349.24462890625,
      "mid_mean": -26.196950912475586,
      "mid_to_side_loudness": -3.3557589054107666,
      "mid_to_side_loudness_range": 7.3163981437683105,
      "side_mean": -29.09554100036621
    },
    {
      "high_freq": 12199.2666015625,
      "loudness": -33.869956970214844,
      "loudness_range": 17.470205307006836,
      "low_freq": 7314.1640625,
      "mid_mean": -31.876514434814453,
      "mid_to_side_loudness": -4.5855255126953125,
      "mid_to_side_loudness_range": 8.780112266540527,
      "side_mean": -35.782413482666016
    },
    {
      "loudness": -44.66989517211914,
      "loudness_range": 17.54931640625,
      "low_freq": 12199.2666015625,
      "mid_mean": -42.13378143310547,
      "mid_to_side_loudness": -5.7666425704956055,
      "mid_to_side_loudness_range": 7.759753704071045,
      "side_mean": -47.76077651977539
    }
  ],
  "bands_short": [
    {
      "high_freq": 148.1999969482422,
      "loudness": -32.283851623535156,
      "loudness_range": 26.313032150268555,
      "mid_mean": -29.57939910888672,
      "mid_to_side_loudness": -9.071388244628906,
      "mid_to_side_loudness_range": 20.669858932495117,
      "side_mean": -39.50117492675781
    },
    {
      "high_freq": 392.3793640136719,
      "loudness": -23.991722106933594,
      "loudness_range": 17.46060562133789,
      "low_freq": 148.1999969482422,
      "mid_mean": -21.658403396606445,
      "mid_to_side_loudness": -6.136785984039307,
      "mid_to_side_loudness_range": 14.870697021484375,
      "side_mean": -27.976709365844727
    },
    {
      "high_freq": 794.6976318359375,
      "loudness": -28.60462760925293,
      "loudness_range": 18.506488800048828,
      "low_freq": 392.3793640136719,
      "mid_mean": -27.09967803955078,
      "mid_to_side_loudness": -2.642840623855591,
      "mid_to_side_loudness_range": 10.68369197845459,
      "side_mean": -29.912429809570312
    },
    {
      "high_freq": 1457.5709228515625,
      "loudness": -27.519962310791016,
      "loudness_range": 21.25511932373047,
      "low_freq": 794.6976318359375,
      "mid_mean": -26.265972137451172,
      "mid_to_side_loudness": -1.7985495328903198,
      "mid_to_side_loudness_range": 8.73122787475586,
      "side_mean": -28.13125228881836
    },
    {
      "high_freq": 2549.74365234375,
      "loudness": -26.3890323638916,
      "loudness_range": 20.34885025024414,
      "low_freq": 1457.5709228515625,
      "mid_mean": -25.243974685668945,
      "mid_to_side_loudness": -1.3193801641464233,
      "mid_to_side_loudness_range": 6.385506629943848,
      "side_mean": -26.59935760498047
    },
    {
      "high_freq": 4349.24462890625,
      "loudness": -26.844135284423828,
      "loudness_range": 18.075780868530273,
      "low_freq": 2549.74365234375,
      "mid_mean": -25.69375228881836,
      "mid_to_side_loudness": -1.4011414051055908,
      "mid_to_side_loudness_range": 6.009153366088867,
      "side_mean": -27.078285217285156
    },
    {
      "high_freq": 7314.1640625,
      "loudness": -29.37100601196289,
      "loudness_range": 19.72909164428711,
      "low_freq": 4349.24462890625,
      "mid_mean": -27.831077575683594,
      "mid_to_side_loudness": -2.743161201477051,
      "mid_to_side_loudness_range": 8.251014709472656,
      "side_mean": -30.44248390197754
    },
    {
      "high_freq": 12199.2666015625,
      "loudness": -36.40191650390625,
      "loudness_range": 23.743703842163086,
      "low_freq": 7314.1640625,
      "mid_mean": -34.585296630859375,
      "mid_to_side_loudness": -3.8281140327453613,
      "mid_to_side_loudness_range": 10.077092170715332,
      "side_mean": -38.13289260864258
    },
    {
      "loudness": -49.35702896118164,
      "loudness_range": 28.018600463867188,
      "low_freq": 12199.2666015625,
      "mid_mean": -47.03999710083008,
      "mid_to_side_loudness": -5.086184024810791,
      "mid_to_side_loudness_range": 9.44616413116455,
      "side_mean": -52.01154708862305
    }
  ],
  "bandwidth": 778.1551513671875,
  "channels": 2,
  "covariance": [
    [
      59.972599029541016,
      29.6917781829834,
      29.89323616027832,
      18.628210067749023,
      27.474084854125977,
      26.955659866333008,
      31.453201293945312,
      29.592538833618164,
      33.931068420410156,
      31.416913986206055,
      27.270357131958008,
      22.1010799407959,
      20.304899215698242,
      9.341085433959961,
      18.692556381225586,
      12.654541969299316,
      17.246854782104492,
      19.456924438476562
    ],
    [
      29.6917781829834,
      38.413307189941406,
      18.78017234802246,
      19.15387535095215,
      17.233230590820312,
      18.519737243652344,
      14.93841552734375,
      14.670572280883789,
      17.46434211730957,
      16.075794219970703,
      18.521167755126953,
      16.3192138671875,
      17.97808265686035,
      12.259196281433105,
      16.580970764160156,
      10.859025001525879,
      17.025590896606445,
      17.549976348876953
    ],
    [
      29.89323616027832,
      18.78017234802246,
      29.84203338623047,
      19.825180053710938,
      21.54875373840332,
      19.8212890625,
      21.29828453063965,
      19.778120040893555,
      22.692405700683594,
      20.385570526123047,
      19.6126766204834,
      15.406126022338867,
      16.114212036132812,
      6.698962211608887,
      14.499140739440918,
      7.135965347290039,
      14.352604866027832,
      14.084334373474121
    ],
    [
      18.628210067749023,
      19.15387535095215,
      19.825180053710938,
      26.354217529296875,
      15.318634986877441,
      15.654090881347656,
      11.059185028076172,
      10.809511184692383,
      12.472777366638184,
      11.027345657348633,
      13.11441707611084,
      10.625483512878418,
      13.258825302124023,
      6.100137710571289,
      12.218831062316895,
      5.054201602935791,
      12.82096004486084,
      11.650033950805664
    ],
    [
      27.474084854125977,
      17.233230590820312,
      21.54875373840332,
      15.318634986877441,
      34.11452102661133,
      31.494678497314453,
      30.192106246948242,
      29.95033073425293,
      31.75603675842285,
      30.670791625976562,
      28.02406883239746,
      25.39548683166504,
      24.747631072998047,
      15.582151412963867,
      22.177894592285156,
      14.578761100769043,
      21.28078269958496,
      21.13715171813965
    ],
    [
      26.955659866333008,
      18.519737243652344,
      19.8212890625,
      15.654090881347656,
      31.494678497314453,
      36.820556640625,
      30.43120002746582,
      32.10910415649414,
      31.32832908630371,
      31.819807052612305,
      27.384984970092773,
      26.408464431762695,
      24.06342315673828,
      17.89948844909668,
      22.880111694335938,
      17.752532958984375,
      21.352519989013672,
      23.00518035888672
    ],
    [
      31.453201293945312,
      14.93841552734375,
      21.29828453063965,
      11.059185028076172,
      30.192106246948242,
      30.43120002746582,
      47.109214782714844,
      46.396644592285156,
      42.69419860839844,
      42.22858810424805,
      35.9664421081543,
      34.25950241088867,
      29.722869873046875,
      21.671218872070312,
      26.384033203125,
      21.736845016479492,
      23.849245071411133,
      27.080158233642578
    ],
    [
      29.592538833618164,
      14.670572280883789,
      19.778120040893555,
      10.809511184692383,
      29.95033073425293,
      32.10910415649414,
      46.396644592285156,
      48.96397018432617,
      42.26453399658203,
      43.32362365722656,
      35.27579116821289,
      34.883914947509766,
      28.941265106201172,
      22.581233978271484,
      26.225404739379883,
      22.8566951751709,
      23.88128089904785,
      28.14369010925293
    ],
    [
      33.931068420410156,
      17.46434211730957,
      22.692405700683594,
      12.472777366638184,
      31.75603675842285,
      31.32832908630371,
      42.69419860839844,
      42.26453399658203,
      45.86174774169922,
      44.587440490722656,
      37.297725677490234,
      34.765968322753906,
      31.229198455810547,
      22.223478317260742,
      28.205556869506836,
      22.03864860534668,
      26.07347869873047,
      28.947641372680664
    ],
    [
      31.416913986206055,
      16.075794219970703,
      20.385570526123047,
      11.027345657348633,
      30.670791625976562,
      31.819807052612305,
      42.22858810424805,
      43.32362365722656,
      44.587440490722656,
      45.848548889160156,
      35.79719924926758,
      35.29396438598633,
      29.79300880432129,
      23.21552085876465,
      27.2204647064209,
      23.05699920654297,
      24.809412002563477,
      29.186460494995117
    ],
    [
      27.270357131958008,
      18.521167755126953,
      19.6126766204834,
      13.11441707611084,
      28.02406883239746,
      27.384984970092773,
      35.9664421081543,
      35.27579116821289,
      37.297725677490234,
      35.79719924926758,
      37.7766227722168,
      34.754615783691406,
      33.643184661865234,
      25.377422332763672,
      30.243711471557617,
      23.677770614624023,
      28.107337951660156,
      29.686542510986328
    ],
    [
      22.1010799407959,
      16.3192138671875,
      15.406126022338867,
      10.625483512878418,
      25.39548683166504,
      26.408464431762695,
      34.25950241088867,
      34.883914947509766,
      34.765968322753906,
      35.29396438598633,
      34.754615783691406,
      36.61854934692383,
      31.590198516845703,
      27.824195861816406,
      28.85033416748047,
      24.975069046020508,
      26.156309127807617,
      29.37970733642578
    ],
    [
      20.304899215698242,
      17.97808265686035,
      16.114212036132812,
      13.258825302124023,
      24.747631072998047,
      24.06342315673828,
      29.722869873046875,
      28.941265106201172,
      31.229198455810547,
      29.79300880432129,
      33.643184661865234,
      31.590198516845703,
      40.0197639465332,
      30.479633331298828,
      36.993408203125,
      28.70745086669922,
      30.868080139160156,
      30.71224594116211
    ],
    [
      9.341085433959961,
      12.259196281433105,
      6.698962211608887,
      6.100137710571289,
      15.582151412963867,
      17.89948844909668,
      21.671218872070312,
      22.581233978271484,
      22.223478317260742,
      23.21552085876465,
      25.377422332763672,
      27.824195861816406,
      30.479633331298828,
      35.371002197265625,
      29.778520584106445,
      32.083702087402344,
      22.27497673034668,
      25.643909454345703
    ],
    [
      18.692556381225586,
      16.580970764160156,
      14.499140739440918,
      12.218831062316895,
      22.177894592285156,
      22.880111694335938,
      26.384033203125,
      26.225404739379883,
      28.205556869506836,
      27.2204647064209,
      30.243711471557617,
      28.85033416748047,
      36.993408203125,
      29.778520584106445,
      43.03086471557617,
      33.0316047668457,
      34.830501556396484,
      33.89573287963867
    ],
    [
      12.654541969299316,
      10.859025001525879,
      7.135965347290039,
      5.054201602935791,
      14.578761100769043,
      17.752532958984375,
      21.736845016479492,
      22.8566951751709,
      22.03864860534668,
      23.05699920654297,
      23.677770614624023,
      24.975069046020508,
      28.70745086669922,
      32.083702087402344,
      33.0316047668457,
      42.18552017211914,
      23.189437866210938,
      27.902183532714844
    ],
    [
      17.246854782104492,
      17.025590896606445,
      14.352604866027832,
      12.82096004486084,
      21.28078269958496,
      21.352519989013672,
      23.849245071411133,
      23.88128089904785,
      26.07347869873047,
      24.809412002563477,
      28.107337951660156,
      26.156309127807617,
      30.868080139160156,
      22.27497673034668,
      34.830501556396484,
      23.189437866210938,
      45.84795379638672,
      42.80918884277344
    ],
    [
      19.456924438476562,
      17.549976348876953,
      14.084334373474121,
      11.650033950805664,
      21.13715171813965,
      23.00518035888672,
      27.080158233642578,
      28.14369010925293,
      28.947641372680664,
      29.186460494995117,
      29.686542510986328,
      29.37970733642578,
      30.71224594116211,
      25.643909454345703,
      33.89573287963867,
      27.902183532714844,
      42.80918884277344,
      47.52906036376953
    ]
  ],
  "covariance_short": [
    [
      79.8589096069336,
      37.20258712768555,
      40.911598205566406,
      23.025726318359375,
      32.50285720825195,
      30.7244815826416,
      36.97615051269531,
      33.91697311401367,
      39.11433029174805,
      35.11412811279297,
      33.89045715332031,
      28.390592575073242,
      27.729923248291016,
      18.89701271057129,
      29.717044830322266,
      23.517478942871094,
      34.266746520996094,
      33.684322357177734
    ],
    [
      37.20258712768555,
      55.01850891113281,
      22.119060516357422,
      22.68535614013672,
      19.70475196838379,
      22.02842140197754,
      18.527748107910156,
      19.068239212036133,
      20.161954879760742,
      19.4854679107666,
      19.860889434814453,
      18.839994430541992,
      18.1331729888916,
      15.544801712036133,
      18.734966278076172,
      16.767929077148438,
      20.499683380126953,
      21.96198844909668
    ],
    [
      40.911598205566406,
      22.119060516357422,
      47.05964279174805,
      27.018007278442383,
      28.858308792114258,
      25.258459091186523,
      27.528087615966797,
      24.186962127685547,
      28.224241256713867,
      24.427949905395508,
      25.00894546508789,
      20.234041213989258,
      20.93824005126953,
      12.493512153625488,
      21.940353393554688,
      14.81940746307373,
      26.06682586669922,
      23.764667510986328
    ],
    [
      23.025726318359375,
      22.68535614013672,
      27.018007278442383,
      37.268062591552734,
      19.592044830322266,
      20.67818832397461,
      14.876850128173828,
      14.880951881408691,
      15.169025421142578,
      13.899884223937988,
      14.893138885498047,
      13.143298149108887,
      12.805767059326172,
      8.607122421264648,
      13.318154335021973,
      8.787433624267578,
      16.38123321533203,
      15.802181243896484
    ],
    [
      32.50285720825195,
      19.70475196838379,
      28.858308792114258,
      19.592044830322266,
      46.24693298339844,
      37.23097229003906,
      37.59726333618164,
      35.04985046386719,
      37.790489196777344,
      34.79729461669922,
      33.7488899230957,
      29.944326400756836,
      31.182899475097656,
      23.067047119140625,
      32.30895233154297,
      24.61132049560547,
      33.85238265991211,
      31.268905639648438
    ],
    [
      30.7244815826416,
      22.02842140197754,
      25.258459091186523,
      20.67818832397461,
      37.23097229003906,
      46.79341506958008,
      36.21107864379883,
      37.47288131713867,
      36.04408645629883,
      35.839237213134766,
      31.437597274780273,
      30.653369903564453,
      27.743083953857422,
      23.32263946533203,
      29.553380966186523,
      25.07489013671875,
      30.782394409179688,
      30.885726928710938
    ],
    [
      36.97615051269531,
      18.527748107910156,
      27.528087615966797,
      14.876850128173828,
      37.59726333618164,
      36.21107864379883,
      60.92869567871094,
      54.32741165161133,
      51.8765869140625,
      49.53961181640625,
      44.408905029296875,
      41.822513580322266,
      38.20600128173828,
      31.697895050048828,
      38.775177001953125,
      33.434444427490234,
      39.434139251708984,
      39.959842681884766
    ],
    [
      33.91697311401367,
      19.068239212036133,
      24.186962127685547,
      14.880951881408691,
      35.04985046386719,
      37.47288131713867,
      54.32741165161133,
      60.003875732421875,
      49.22364807128906,
      49.806297302246094,
      41.302677154541016,
      41.217533111572266,
      34.580135345458984,
      30.8065242767334,
      35.456825256347656,
      32.27696990966797,
      36.02997970581055,
      38.36993408203125
    ],
    [
      39.11433029174805,
      20.161954879760742,
      28.224241256713867,
      15.169025421142578,
      37.790489196777344,
      36.04408645629883,
      51.8765869140625,
      49.22364807128906,
      57.85918045043945,
      52.5572395324707,
      45.99192810058594,
      42.44440841674805,
      40.07502365112305,
      32.75448226928711,
      41.01103973388672,
      34.87661361694336,
      42.25431823730469,
      42.4882698059082
    ],
    [
      35.11412811279297,
      19.4854679107666,
      24.427949905395508,
      13.899884223937988,
      34.79729461669922,
      35.839237213134766,
      49.53961181640625,
      49.806297302246094,
      52.5572395324707,
      54.95755386352539,
      42.09195327758789,
      42.106300354003906,
      36.02191162109375,
      32.27640151977539,
      36.925071716308594,
      33.819618225097656,
      37.376102447509766,
      39.95273208618164
    ],
    [
      33.89045715332031,
      19.860889434814453,
      25.00894546508789,
      14.893138885498047,
      33.7488899230957,
      31.437597274780273,
      44.408905029296875,
      41.302677154541016,
      45.99192810058594,
      42.09195327758789,
      48.79977035522461,
      42.51471710205078,
      43.48561477661133,
      35.83977508544922,
      44.38603591918945,
      37.48358154296875,
      43.666683197021484,
      42.932525634765625
    ],
    [
      28.390592575073242,
      18.839994430541992,
      20.234041213989258,
      13.143298149108887,
      29.944326400756836,
      30.653369903564453,
      41.822513580322266,
      41.217533111572266,
      42.44440841674805,
      42.106300354003906,
      42.51471710205078,
      45.294349670410156,
      37.9232063293457,
      36.500938415527344,
      38.58235168457031,
      36.66971969604492,
      37.416847229003906,
      39.703060150146484
    ],
    [
      27.729923248291016,
      18.1331729888916,
      20.93824005126953,
      12.805767059326172,
      31.182899475097656,
      27.743083953857422,
      38.20600128173828,
      34.580135345458984,
      40.07502365112305,
      36.02191162109375,
      43.48561477661133,
      37.9232063293457,
      56.372215270996094,
      44.187950134277344,
      59.2718391418457,
      49.46307373046875,
      51.184226989746094,
      47.978973388671875
    ],
    [
      18.89701271057129,
      15.544801712036133,
      12.493512153625488,
      8.607122421264648,
      23.067047119140625,
      23.32263946533203,
      31.697895050048828,
      30.8065242767334,
      32.75448226928711,
      32.27640151977539,
      35.83977508544922,
      36.500938415527344,
      44.187950134277344,
      47.611881256103516,
      46.39198303222656,
      48.43867874145508,
      37.75499725341797,
      40.910648345947266
    ],
    [
      29.717044830322266,
      18.734966278076172,
      21.940353393554688,
      13.318154335021973,
      32.30895233154297,
      29.553380966186523,
      38.775177001953125,
      35.456825256347656,
      41.01103973388672,
      36.925071716308594,
      44.38603591918945,
      38.58235168457031,
      59.2718391418457,
      46.39198303222656,
      75.49960327148438,
      61.306541442871094,
      66.2741928100586,
      60.93897247314453
    ],
    [
      23.517478942871094,
      16.767929077148438,
      14.81940746307373,
      8.787433624267578,
      24.61132049560547,
      25.07489013671875,
      33.434444427490234,
      32.27696990966797,
      34.87661361694336,
      33.819618225097656,
      37.48358154296875,
      36.66971969604492,
      49.46307373046875,
      48.43867874145508,
      61.306541442871094,
      67.47435760498047,
      51.49016189575195,
      55.099220275878906
    ],
    [
      34.266746520996094,
      20.499683380126953,
      26.06682586669922,
      16.38123321533203,
      33.85238265991211,
      30.782394409179688,
      39.434139251708984,
      36.02997970581055,
      42.25431823730469,
      37.376102447509766,
      43.666683197021484,
      37.416847229003906,
      51.184226989746094,
      37.75499725341797,
      66.2741928100586,
      51.49016189575195,
      84.04379272460938,
      76.40731811523438
    ],
    [
      33.684322357177734,
      21.96198844909668,
      23.764667510986328,
      15.802181243896484,
      31.268905639648438,
      30.885726928710938,
      39.959842681884766,
      38.36993408203125,
      42.4882698059082,
      39.95273208618164,
      42.932525634765625,
      39.703060150146484,
      47.978973388671875,
      40.910648345947266,
      60.93897247314453,
      55.099220275878906,
      76.40731811523438,
      83.41265106201172
    ]
  ],
  "damage": -8.815756797790527,
  "diff_bandwidth": 774.4157104492188,
  "dissonance": 10.59856140941112,
  "drr": 1.164749026298523,
  "dynamics": 4.27178430557251,
  "format": 1245190,
  "frames": 16054272,
  "loudness": -13.053234100341797,
  "loudness_range": 11.43044662475586,
  "loudness_range_short": 15.194984436035156,
  "lowpass_true_peak_15khz": 0.6797544360160828,
  "mastering3_acoustic_entropies": [
    {
      "acoustic_entropy": 5.051044940948486,
      "acoustic_entropy_mono": 4.84200382232666,
      "band_eliminated_acoustic_entropies": [
        {
          "acoustic_entropy": 5.12516975402832,
          "acoustic_entropy_side": 5.047787666320801,
          "hz": 129.47220167065723
        },
        {
          "acoustic_entropy": 5.264069080352783,
          "acoustic_entropy_side": 5.04555606842041,
          "hz": 202.92927478742237
        },
        {
          "acoustic_entropy": 5.260715484619141,
          "acoustic_entropy_side": 5.091598987579346,
          "hz": 282.89161906338205
        },
        {
          "acoustic_entropy": 4.975109577178955,
          "acoustic_entropy_side": 5.021378517150879,
          "hz": 369.9353335868758
        },
        {
          "acoustic_entropy": 5.0433855056762695,
          "acoustic_entropy_side": 5.068131446838379,
          "hz": 464.6875360973435
        },
        {
          "acoustic_entropy": 5.2544965744018555,
          "acoustic_entropy_side": 5.079229354858398,
          "hz": 567.8308811364784
        },
        {
          "acoustic_entropy": 5.106812953948975,
          "acoustic_entropy_side": 5.089917182922363,
          "hz": 680.1084783214808
        },
        {
          "acoustic_entropy": 4.949961185455322,
          "acoustic_entropy_side": 5.054530143737793,
          "hz": 802.3292461747484
        },
        {
          "acoustic_entropy": 4.987403392791748,
          "acoustic_entropy_side": 5.109468936920166,
          "hz": 935.3737400823702
        },
        {
          "acoustic_entropy": 4.9378275871276855,
          "acoustic_entropy_side": 4.92106294631958,
          "hz": 1080.2004963696966
        },
        {
          "acoustic_entropy": 5.0190749168396,
          "acoustic_entropy_side": 4.820250511169434,
          "hz": 1237.8529382007157
        },
        {
          "acoustic_entropy": 5.02526330947876,
          "acoustic_entropy_side": 5.2422261238098145,
          "hz": 1409.4668930556702
        },
        {
          "acoustic_entropy": 4.820012092590332,
          "acoustic_entropy_side": 4.962289810180664,
          "hz": 1596.2787759475705
        },
        {
          "acoustic_entropy": 4.68623685836792,
          "acoustic_entropy_side": 4.957625389099121,
          "hz": 1799.6344973346393
        },
        {
          "acoustic_entropy": 4.80241060256958,
          "acoustic_entropy_side": 4.952116966247559,
          "hz": 2020.9991599069049
        },
        {
          "acoustic_entropy": 5.010387897491455,
          "acoustic_entropy_side": 5.024946212768555,
          "hz": 2261.9676141086993
        },
        {
          "acoustic_entropy": 5.106367588043213,
          "acoustic_entropy_side": 5.026012897491455,
          "hz": 2524.2759484456974
        },
        {
          "acoustic_entropy": 5.072135925292969,
          "acoustic_entropy_side": 5.009165287017822,
          "hz": 2809.813997359896
        },
        {
          "acoustic_entropy": 4.940823554992676,
          "acoustic_entropy_side": 5.0379252433776855,
          "hz": 3120.6389567871424
        },
        {
          "acoustic_entropy": 4.973525524139404,
          "acoustic_entropy_side": 5.041998386383057,
          "hz": 3458.990205492291
        },
        {
          "acoustic_entropy": 4.988574981689453,
          "acoustic_entropy_side": 5.033558368682861,
          "hz": 3827.305438964164
        },
        {
          "acoustic_entropy": 5.080185890197754,
          "acoustic_entropy_side": 5.079740524291992,
          "hz": 4228.238232109126
        },
        {
          "acoustic_entropy": 5.13137149810791,
          "acoustic_entropy_side": 5.117793083190918,
          "hz": 4664.6771572759235
        },
        {
          "acoustic_entropy": 5.145237922668457,
          "acoustic_entropy_side": 5.117027759552002,
          "hz": 5139.766595350093
        },
        {
          "acoustic_entropy": 5.136886119842529,
          "acoustic_entropy_side": 5.142103672027588,
          "hz": 5656.929389854203
        },
        {
          "acoustic_entropy": 5.198061466217041,
          "acoustic_entropy_side": 5.175967216491699,
          "hz": 6219.891507268283
        },
        {
          "acoustic_entropy": 5.1028900146484375,
          "acoustic_entropy_side": 5.136257171630859,
          "hz": 6832.70888123896
        },
        {
          "acoustic_entropy": 4.903517723083496,
          "acoustic_entropy_side": 5.062426567077637,
          "hz": 7499.796634079867
        },
        {
          "acoustic_entropy": 5.024110794067383,
          "acoustic_entropy_side": 5.050135612487793,
          "hz": 8225.96088609342
        },
        {
          "acoustic_entropy": 5.04561185836792,
          "acoustic_entropy_side": 5.032699108123779,
          "hz": 9016.43338188839
        },
        {
          "acoustic_entropy": 5.078771114349365,
          "acoustic_entropy_side": 5.072503089904785,
          "hz": 9876.909183162974
        },
        {
          "acoustic_entropy": 5.100435256958008,
          "acoustic_entropy_side": 5.086695194244385,
          "hz": 10813.587699516042
        },
        {
          "acoustic_entropy": 5.068480491638184,
          "acoustic_entropy_side": 5.049709320068359,
          "hz": 11833.21735289826
        },
        {
          "acoustic_entropy": 5.093800067901611,
          "acoustic_entropy_side": 5.073399066925049,
          "hz": 12943.144197493959
        },
        {
          "acoustic_entropy": 5.092417240142822,
          "acoustic_entropy_side": 5.069573402404785,
          "hz": 14151.364845322005
        },
        {
          "acoustic_entropy": 5.090851783752441,
          "acoustic_entropy_side": 5.046526908874512,
          "hz": 15466.58407886509
        },
        {
          "acoustic_entropy": 5.106921672821045,
          "acoustic_entropy_side": 5.046047210693359,
          "hz": 16898.27756580493
        },
        {
          "acoustic_entropy": 5.067645072937012,
          "acoustic_entropy_side": 5.049154758453369,
          "hz": 18456.760127700032
        },
        {
          "acoustic_entropy": 5.048647403717041,
          "acoustic_entropy_side": 5.050755023956299,
          "hz": 20153.260054456492
        },
        {
          "acoustic_entropy": 5.05100679397583,
          "acoustic_entropy_side": 5.051035404205322,
          "hz": 22000.00000000001
        }
      ],
      "diff_acoustic_entropy": 3.494506359100342,
      "sn": 6
    },
    {
      "acoustic_entropy": 8.209437370300293,
      "acoustic_entropy_mono": 8.110812187194824,
      "band_eliminated_acoustic_entropies": [
        {
          "acoustic_entropy": 8.036079406738281,
          "acoustic_entropy_side": 8.1962251663208,
          "hz": 129.47220167065723
        },
        {
          "acoustic_entropy": 8.106864929199219,
          "acoustic_entropy_side": 8.255407333374023,
          "hz": 202.92927478742237
        },
        {
          "acoustic_entropy": 8.498764038085938,
          "acoustic_entropy_side": 8.466869354248047,
          "hz": 282.89161906338205
        },
        {
          "acoustic_entropy": 8.057220458984375,
          "acoustic_entropy_side": 8.555072784423828,
          "hz": 369.9353335868758
        },
        {
          "acoustic_entropy": 8.304913520812988,
          "acoustic_entropy_side": 8.313779830932617,
          "hz": 464.6875360973435
        },
        {
          "acoustic_entropy": 8.00877571105957,
          "acoustic_entropy_side": 8.156464576721191,
          "hz": 567.8308811364784
        },
        {
          "acoustic_entropy": 8.47178840637207,
          "acoustic_entropy_side": 8.451639175415039,
          "hz": 680.1084783214808
        },
        {
          "acoustic_entropy": 8.042119979858398,
          "acoustic_entropy_side": 8.309090614318848,
          "hz": 802.3292461747484
        },
        {
          "acoustic_entropy": 8.895429611206055,
          "acoustic_entropy_side": 8.793981552124023,
          "hz": 935.3737400823702
        },
        {
          "acoustic_entropy": 8.7234525680542,
          "acoustic_entropy_side": 8.643847465515137,
          "hz": 1080.2004963696966
        },
        {
          "acoustic_entropy": 8.112300872802734,
          "acoustic_entropy_side": 8.209295272827148,
          "hz": 1237.8529382007157
        },
        {
          "acoustic_entropy": 8.545510292053223,
          "acoustic_entropy_side": 8.842985153198242,
          "hz": 1409.4668930556702
        },
        {
          "acoustic_entropy": 8.242671966552734,
          "acoustic_entropy_side": 8.431741714477539,
          "hz": 1596.2787759475705
        },
        {
          "acoustic_entropy": 8.469354629516602,
          "acoustic_entropy_side": 8.399642944335938,
          "hz": 1799.6344973346393
        },
        {
          "acoustic_entropy": 8.155579566955566,
          "acoustic_entropy_side": 8.233012199401855,
          "hz": 2020.9991599069049
        },
        {
          "acoustic_entropy": 8.183698654174805,
          "acoustic_entropy_side": 8.195969581604004,
          "hz": 2261.9676141086993
        },
        {
          "acoustic_entropy": 8.18856430053711,
          "acoustic_entropy_side": 8.184157371520996,
          "hz": 2524.2759484456974
        },
        {
          "acoustic_entropy": 8.290008544921875,
          "acoustic_entropy_side": 8.2838773727417,
          "hz": 2809.813997359896
        },
        {
          "acoustic_entropy": 8.150629043579102,
          "acoustic_entropy_side": 8.241853713989258,
          "hz": 3120.6389567871424
        },
        {
          "acoustic_entropy": 8.256429672241211,
          "acoustic_entropy_side": 8.297669410705566,
          "hz": 3458.990205492291
        },
        {
          "acoustic_entropy": 8.427802085876465,
          "acoustic_entropy_side": 8.341273307800293,
          "hz": 3827.305438964164
        },
        {
          "acoustic_entropy": 8.369139671325684,
          "acoustic_entropy_side": 8.324136734008789,
          "hz": 4228.238232109126
        },
        {
          "acoustic_entropy": 8.350818634033203,
          "acoustic_entropy_side": 8.273199081420898,
          "hz": 4664.6771572759235
        },
        {
          "acoustic_entropy": 8.212137222290039,
          "acoustic_entropy_side": 8.253703117370605,
          "hz": 5139.766595350093
        },
        {
          "acoustic_entropy": 8.374133110046387,
          "acoustic_entropy_side": 8.342297554016113,
          "hz": 5656.929389854203
        },
        {
          "acoustic_entropy": 8.312671661376953,
          "acoustic_entropy_side": 8.284692764282227,
          "hz": 6219.891507268283
        },
        {
          "acoustic_entropy": 8.128106117248535,
          "acoustic_entropy_side": 8.231091499328613,
          "hz": 6832.70888123896
        },
        {
          "acoustic_entropy": 7.991240978240967,
          "acoustic_entropy_side": 8.001398086547852,
          "hz": 7499.796634079867
        },
        {
          "acoustic_entropy": 7.90903377532959,
          "acoustic_entropy_side": 7.895813465118408,
          "hz": 8225.96088609342
        },
        {
          "acoustic_entropy": 8.060179710388184,
          "acoustic_entropy_side": 7.961973190307617,
          "hz": 9016.43338188839
        },
        {
          "acoustic_entropy": 8.18993091583252,
          "acoustic_entropy_side": 8.054458618164062,
          "hz": 9876.909183162974
        },
        {
          "acoustic_entropy": 8.12384033203125,
          "acoustic_entropy_side": 8.12349796295166,
          "hz": 10813.587699516042
        },
        {
          "acoustic_entropy": 8.204473495483398,
          "acoustic_entropy_side": 8.084815979003906,
          "hz": 11833.21735289826
        },
        {
          "acoustic_entropy": 8.269790649414062,
          "acoustic_entropy_side": 8.146503448486328,
          "hz": 12943.144197493959
        },
        {
          "acoustic_entropy": 8.328858375549316,
          "acoustic_entropy_side": 8.20135498046875,
          "hz": 14151.364845322005
        },
        {
          "acoustic_entropy": 8.258509635925293,
          "acoustic_entropy_side": 8.2153959274292,
          "hz": 15466.58407886509
        },
        {
          "acoustic_entropy": 8.239991188049316,
          "acoustic_entropy_side": 8.213626861572266,
          "hz": 16898.27756580493
        },
        {
          "acoustic_entropy": 8.218094825744629,
          "acoustic_entropy_side": 8.210841178894043,
          "hz": 18456.760127700032
        },
        {
          "acoustic_entropy": 8.214784622192383,
          "acoustic_entropy_side": 8.209837913513184,
          "hz": 20153.260054456492
        },
        {
          "acoustic_entropy": 8.209732055664062,
          "acoustic_entropy_side": 8.209464073181152,
          "hz": 22000.00000000001
        }
      ],
      "diff_acoustic_entropy": 7.583768844604492,
      "sn": 12
    },
    {
      "acoustic_entropy": 15.484025001525879,
      "acoustic_entropy_mono": 12.092016220092773,
      "band_eliminated_acoustic_entropies": [
        {
          "acoustic_entropy": 15.150872230529785,
          "acoustic_entropy_side": 15.363682746887207,
          "hz": 129.47220167065723
        },
        {
          "acoustic_entropy": 14.869893074035645,
          "acoustic_entropy_side": 15.081660270690918,
          "hz": 202.92927478742237
        },
        {
          "acoustic_entropy": 15.314939498901367,
          "acoustic_entropy_side": 15.621057510375977,
          "hz": 282.89161906338205
        },
        {
          "acoustic_entropy": 14.58528995513916,
          "acoustic_entropy_side": 15.012728691101074,
          "hz": 369.9353335868758
        },
        {
          "acoustic_entropy": 15.012195587158203,
          "acoustic_entropy_side": 15.228006362915039,
          "hz": 464.6875360973435
        },
        {
          "acoustic_entropy": 15.980733871459961,
          "acoustic_entropy_side": 15.427301406860352,
          "hz": 567.8308811364784
        },
        {
          "acoustic_entropy": 15.057647705078125,
          "acoustic_entropy_side": 15.395541191101074,
          "hz": 680.1084783214808
        },
        {
          "acoustic_entropy": 14.868148803710938,
          "acoustic_entropy_side": 15.332185745239258,
          "hz": 802.3292461747484
        },
        {
          "acoustic_entropy": 15.591662406921387,
          "acoustic_entropy_side": 15.702409744262695,
          "hz": 935.3737400823702
        },
        {
          "acoustic_entropy": 15.628551483154297,
          "acoustic_entropy_side": 15.429637908935547,
          "hz": 1080.2004963696966
        },
        {
          "acoustic_entropy": 15.316781997680664,
          "acoustic_entropy_side": 15.081550598144531,
          "hz": 1237.8529382007157
        },
        {
          "acoustic_entropy": 15.817338943481445,
          "acoustic_entropy_side": 16.055095672607422,
          "hz": 1409.4668930556702
        },
        {
          "acoustic_entropy": 15.025115013122559,
          "acoustic_entropy_side": 15.229602813720703,
          "hz": 1596.2787759475705
        },
        {
          "acoustic_entropy": 15.025317192077637,
          "acoustic_entropy_side": 15.448253631591797,
          "hz": 1799.6344973346393
        },
        {
          "acoustic_entropy": 15.246774673461914,
          "acoustic_entropy_side": 15.130918502807617,
          "hz": 2020.9991599069049
        },
        {
          "acoustic_entropy": 15.281847953796387,
          "acoustic_entropy_side": 15.366667747497559,
          "hz": 2261.9676141086993
        },
        {
          "acoustic_entropy": 15.13399887084961,
          "acoustic_entropy_side": 15.185530662536621,
          "hz": 2524.2759484456974
        },
        {
          "acoustic_entropy": 15.366881370544434,
          "acoustic_entropy_side": 15.499690055847168,
          "hz": 2809.813997359896
        },
        {
          "acoustic_entropy": 15.695120811462402,
          "acoustic_entropy_side": 15.510005950927734,
          "hz": 3120.6389567871424
        },
