{
  "acoustic_entropy": 211.30506896972656,
  "bands": [
    {
      "high_freq": 148.1999969482422,
      "loudness": -19.87911033630371,
      "loudness_range": 6.747474670410156,
      "mid_mean": -16.800111770629883,
      "mid_to_side_loudness": -10.525370597839355,
      "mid_to_side_loudness_range": 13.936447143554688,
      "side_mean": -27.863449096679688
    },
    {
      "high_freq": 392.3793640136719,
      "loudness": -23.152210235595703,
      "loudness_range": 6.727935791015625,
      "low_freq": 148.1999969482422,
      "mid_mean": -21.124073028564453,
      "mid_to_side_loudness": -3.453608989715576,
      "mid_to_side_loudness_range": 7.608633995056152,
      "side_mean": -24.764062881469727
    },
    {
      "high_freq": 794.6976318359375,
      "loudness": -23.362192153930664,
      "loudness_range": 6.111455917358398,
      "low_freq": 392.3793640136719,
      "mid_mean": -21.65144920349121,
      "mid_to_side_loudness": -2.844050645828247,
      "mid_to_side_loudness_range": 5.768425464630127,
      "side_mean": -24.439117431640625
    },
    {
      "high_freq": 1457.5709228515625,
      "loudness": -24.77922248840332,
      "loudness_range": 6.527034759521484,
      "low_freq": 794.6976318359375,
      "mid_mean": -22.96343421936035,
      "mid_to_side_loudness": -2.912097692489624,
      "mid_to_side_loudness_range": 5.173462867736816,
      "side_mean": -25.87379264831543
    },
    {
      "high_freq": 2549.74365234375,
      "loudness": -22.055561065673828,
      "loudness_range": 6.05262565612793,
      "low_freq": 1457.5709228515625,
      "mid_mean": -20.016427993774414,
      "mid_to_side_loudness": -3.551363945007324,
      "mid_to_side_loudness_range": 4.99994421005249,
      "side_mean": -23.677980422973633
    },
    {
      "high_freq": 4349.24462890625,
      "loudness": -21.782075881958008,
      "loudness_range": 5.3152923583984375,
      "low_freq": 2549.74365234375,
      "mid_mean": -19.480493545532227,
      "mid_to_side_loudness": -4.570770263671875,
      "mid_to_side_loudness_range": 5.436334609985352,
      "side_mean": -24.101961135864258
    },
    {
      "high_freq": 7314.1640625,
      "loudness": -24.277185440063477,
      "loudness_range": 7.744436264038086,
      "low_freq": 4349.24462890625,
      "mid_mean": -21.355981826782227,
      "mid_to_side_loudness": -7.518031120300293,
      "mid_to_side_loudness_range": 5.836219787597656,
      "side_mean": -28.988216400146484
    },
    {
      "high_freq": 12199.2666015625,
      "loudness": -26.919946670532227,
      "loudness_range": 11.406425476074219,
      "low_freq": 7314.1640625,
      "mid_mean": -23.91199493408203,
      "mid_to_side_loudness": -8.115781784057617,
      "mid_to_side_loudness_range": 7.65428352355957,
      "side_mean": -32.036399841308594
    },
    {
      "loudness": -34.002689361572266,
      "loudness_range": 12.183290481567383,
      "low_freq": 12199.2666015625,
      "mid_mean": -30.98305320739746,
      "mid_to_side_loudness": -9.098711967468262,
      "mid_to_side_loudness_range": 10.463157653808594,
      "side_mean": -39.882957458496094
    }
  ],
  "bands_short": [
    {
      "high_freq": 148.1999969482422,
      "loudness": -22.491456985473633,
      "loudness_range": 12.506689071655273,
      "mid_mean": -19.449134826660156,
      "mid_to_side_loudness": -12.08741283416748,
      "mid_to_side_loudness_range": 18.7994441986084,
      "side_mean": -31.93219566345215
    },
    {
      "high_freq": 392.3793640136719,
      "loudness": -21.74457359313965,
      "loudness_range": 8.98460578918457,
      "low_freq": 148.1999969482422,
      "mid_mean": -19.80389976501465,
      "mid_to_side_loudness": -4.00724983215332,
      "mid_to_side_loudness_range": 12.241015434265137,
      "side_mean": -24.02425193786621
    },
    {
      "high_freq": 794.6976318359375,
      "loudness": -24.085405349731445,
      "loudness_range": 8.547048568725586,
      "low_freq": 392.3793640136719,
      "mid_mean": -22.450197219848633,
      "mid_to_side_loudness": -2.8604376316070557,
      "mid_to_side_loudness_range": 8.98902702331543,
      "side_mean": -25.332759857177734
    },
    {
      "high_freq": 1457.5709228515625,
      "loudness": -24.31076431274414,
      "loudness_range": 7.567388534545898,
      "low_freq": 794.6976318359375,
      "mid_mean": -22.66253662109375,
      "mid_to_side_loudness": -2.8789820671081543,
      "mid_to_side_loudness_range": 8.314138412475586,
      "side_mean": -25.4910945892334
    },
    {
      "high_freq": 2549.74365234375,
      "loudness": -22.31674575805664,
      "loudness_range": 6.957754135131836,
      "low_freq": 1457.5709228515625,
      "mid_mean": -20.355960845947266,
      "mid_to_side_loudness": -3.5430898666381836,
      "mid_to_side_loudness_range": 7.471984386444092,
      "side_mean": -23.975597381591797
    },
    {
      "high_freq": 4349.24462890625,
      "loudness": -21.923372268676758,
      "loudness_range": 6.621007919311523,
      "low_freq": 2549.74365234375,
      "mid_mean": -19.667537689208984,
      "mid_to_side_loudness": -4.489663124084473,
      "mid_to_side_loudness_range": 7.203211784362793,
      "side_mean": -24.213836669921875
    },
    {
      "high_freq": 7314.1640625,
      "loudness": -24.64893341064453,
      "loudness_range": 9.592174530029297,
      "low_freq": 4349.24462890625,
      "mid_mean": -21.81688117980957,
      "mid_to_side_loudness": -7.219213485717773,
      "mid_to_side_loudness_range": 7.708491325378418,
      "side_mean": -29.08774185180664
    },
    {
      "high_freq": 12199.2666015625,
      "loudness": -27.33319854736328,
      "loudness_range": 13.520118713378906,
      "low_freq": 7314.1640625,
      "mid_mean": -24.458356857299805,
      "mid_to_side_loudness": -7.830061435699463,
      "mid_to_side_loudness_range": 8.978803634643555,
      "side_mean": -32.28456497192383
    },
    {
      "loudness": -34.77256774902344,
      "loudness_range": 15.915266036987305,
      "low_freq": 12199.2666015625,
      "mid_mean": -31.87519645690918,
      "mid_to_side_loudness": -8.52159309387207,
      "mid_to_side_loudness_range": 11.54051399230957,
      "side_mean": -40.19905471801758
    }
  ],
  "bandwidth": 711.766845703125,
  "channels": 2,
  "covariance": [
    [
      12.846803665161133,
      6.730920791625977,
      4.370336055755615,
      3.1023013591766357,
      3.119123697280884,
      2.3310952186584473,
      3.7370784282684326,
      1.9997782707214355,
      2.505234956741333,
      1.8991382122039795,
      2.4713220596313477,
      1.4137336015701294,
      4.229290962219238,
      1.3422300815582275,
      3.4706969261169434,
      1.5025864839553833,
      3.4751713275909424,
      1.5195035934448242
    ],
    [
      6.730920791625977,
      22.92637825012207,
      1.9675829410552979,
      2.9057393074035645,
      7.397159099578857,
      7.915142059326172,
      4.204143524169922,
      4.658461570739746,
      3.0382134914398193,
      5.490339756011963,
      3.1860744953155518,
      4.869708061218262,
      4.906424045562744,
      5.834873199462891,
      7.643810749053955,
      9.559432029724121,
      9.808634757995605,
      13.746465682983398
    ],
    [
      4.370336055755615,
      1.9675829410552979,
      7.7375407218933105,
      6.216246128082275,
      2.803724527359009,
      2.308000326156616,
      3.5655691623687744,
      2.9661614894866943,
      3.278024435043335,
      2.943718671798706,
      3.4321353435516357,
      2.8730013370513916,
      4.308381080627441,
      3.285719156265259,
      4.028774738311768,
      2.901603937149048,
      2.467623472213745,
      2.4984476566314697
    ],
    [
      3.1023013591766357,
      2.9057393074035645,
      6.216246128082275,
      11.289162635803223,
      4.536258697509766,
      4.339540481567383,
      3.257586717605591,
      4.000081539154053,
      3.0145018100738525,
      4.13771915435791,
      2.8832013607025146,
      3.6365184783935547,
      3.559494972229004,
      3.7620849609375,
      3.6897757053375244,
      2.946530342102051,
      1.7445051670074463,
      1.960750937461853
    ],
    [
      3.119123697280884,
      7.397159099578857,
      2.803724527359009,
      4.536258697509766,
      9.705635070800781,
      7.684450149536133,
      3.8727874755859375,
      3.6209826469421387,
      3.7912633419036865,
      4.735559940338135,
      3.394035816192627,
      3.8851535320281982,
      3.1285698413848877,
      3.023883819580078,
      2.8925561904907227,
      2.571790933609009,
      2.694934368133545,
      2.927555561065674
    ],
    [
      2.3310952186584473,
      7.915142059326172,
      2.308000326156616,
      4.339540481567383,
      7.684450149536133,
      10.647663116455078,
      3.4505765438079834,
      4.156830787658691,
      2.917147159576416,
      5.206501007080078,
      2.4190874099731445,
      4.1360931396484375,
      3.8938841819763184,
      4.469878673553467,
      4.663599967956543,
      5.269792079925537,
      4.331511974334717,
      6.0013813972473145
    ],
    [
      3.7370784282684326,
      4.204143524169922,
      3.5655691623687744,
      3.257586717605591,
      3.8727874755859375,
      3.4505765438079834,
      8.238444328308105,
      5.945373058319092,
      5.291653156280518,
      4.937098979949951,
      4.822353363037109,
      4.786771297454834,
      3.832298517227173,
      4.251009941101074,
      3.107246160507202,
      4.7518134117126465,
      2.728778600692749,
      5.436977863311768
    ],
    [
      1.9997782707214355,
      4.658461570739746,
      2.9661614894866943,
      4.000081539154053,
      3.6209826469421387,
      4.156830787658691,
      5.945373058319092,
      8.667488098144531,
      4.611112594604492,
      6.413650035858154,
      4.385212421417236,
      6.69022274017334,
      3.659062623977661,
      6.8163018226623535,
      4.1098785400390625,
      7.5869574546813965,
      3.972181797027588,
      8.75301742553711
    ],
    [
      2.505234956741333,
      3.0382134914398193,
      3.278024435043335,
      3.0145018100738525,
      3.7912633419036865,
      2.917147159576416,
      5.291653156280518,
      4.611112594604492,
      7.389257907867432,
      5.725405693054199,
      5.579632759094238,
      4.573947429656982,
      2.971588373184204,
      3.391561985015869,
      0.9340141415596008,
      1.9789071083068848,
      0.9479825496673584,
      1.9370548725128174
    ],
    [
      1.8991382122039795,
      5.490339756011963,
      2.943718671798706,
      4.13771915435791,
      4.735559940338135,
      5.206501007080078,
      4.937098979949951,
      6.413650035858154,
      5.725405693054199,
      8.049782752990723,
      4.424409866333008,
      6.006494998931885,
      3.870351552963257,
      5.895891189575195,
      3.6133530139923096,
      5.88301944732666,
      4.243579864501953,
      7.101009368896484
    ],
    [
      2.4713220596313477,
      3.1860744953155518,
      3.4321353435516357,
      2.8832013607025146,
      3.394035816192627,
      2.4190874099731445,
      4.822353363037109,
      4.385212421417236,
      5.579632759094238,
      4.424409866333008,
      6.334552764892578,
      5.092229843139648,
      3.4996910095214844,
      4.3413543701171875,
      1.7362980842590332,
      2.783886671066284,
      1.2429238557815552,
      2.6937949657440186
    ],
    [
      1.4137336015701294,
      4.869708061218262,
      2.8730013370513916,
      3.6365184783935547,
      3.8851535320281982,
      4.1360931396484375,
      4.786771297454834,
      6.69022274017334,
      4.573947429656982,
      6.006494998931885,
      5.092229843139648,
      7.264347076416016,
      3.6628201007843018,
      6.837514877319336,
      3.4395840167999268,
      6.394249439239502,
      3.7124390602111816,
      7.614818096160889
    ],
    [
      4.229290962219238,
      4.906424045562744,
      4.308381080627441,
      3.559494972229004,
      3.1285698413848877,
      3.8938841819763184,
      3.832298517227173,
      3.659062623977661,
      2.971588373184204,
      3.870351552963257,
      3.4996910095214844,
      3.6628201007843018,
      10.640552520751953,
      7.668529510498047,
      12.166909217834473,
      9.8844633102417,
      9.420453071594238,
      9.73360824584961
    ],
    [
      1.3422300815582275,
      5.834873199462891,
      3.285719156265259,
      3.7620849609375,
      3.023883819580078,
      4.469878673553467,
      4.251009941101074,
      6.8163018226623535,
      3.391561985015869,
      5.895891189575195,
      4.3413543701171875,
      6.837514877319336,
      7.668529510498047,
      11.099555015563965,
      9.749497413635254,
      13.43505573272705,
      8.662177085876465,
      14.339981079101562
    ],
    [
      3.4706969261169434,
      7.643810749053955,
      4.028774738311768,
      3.6897757053375244,
      2.8925561904907227,
      4.663599967956543,
      3.107246160507202,
      4.1098785400390625,
      0.9340141415596008,
      3.6133530139923096,
      1.7362980842590332,
      3.4395840167999268,
      12.166909217834473,
      9.749497413635254,
      19.11897087097168,
      16.869789123535156,
      16.68179702758789,
      18.440401077270508
    ],
    [
      1.5025864839553833,
      9.559432029724121,
      2.901603937149048,
      2.946530342102051,
      2.571790933609009,
      5.269792079925537,
      4.7518134117126465,
      7.5869574546813965,
      1.9789071083068848,
      5.88301944732666,
      2.783886671066284,
      6.394249439239502,
      9.8844633102417,
      13.43505573272705,
      16.869789123535156,
      24.611936569213867,
      16.818145751953125,
      28.021991729736328
    ],
    [
      3.4751713275909424,
      9.808634757995605,
      2.467623472213745,
      1.7445051670074463,
      2.694934368133545,
      4.331511974334717,
      2.728778600692749,
      3.972181797027588,
      0.9479825496673584,
      4.243579864501953,
      1.2429238557815552,
      3.7124390602111816,
      9.420453071594238,
      8.662177085876465,
      16.68179702758789,
      16.818145751953125,
      20.803464889526367,
      21.99741554260254
    ],
    [
      1.5195035934448242,
      13.746465682983398,
      2.4984476566314697,
      1.960750937461853,
      2.927555561065674,
      6.0013813972473145,
      5.436977863311768,
      8.75301742553711,
      1.9370548725128174,
      7.101009368896484,
      2.6937949657440186,
      7.614818096160889,
      9.73360824584961,
      14.339981079101562,
      18.440401077270508,
      28.021991729736328,
      21.99741554260254,
      37.388607025146484
    ]
  ],
  "covariance_short": [
    [
      29.38113021850586,
      6.6301774978637695,
      4.976045608520508,
      4.323545455932617,
      3.438143014907837,
      2.969498634338379,
      3.6148765087127686,
      2.527303457260132,
      3.806441307067871,
      2.963043212890625,
      3.3224539756774902,
      2.0088465213775635,
      5.054770469665527,
      1.7647565603256226,
      4.21500301361084,
      1.2488629817962646,
      3.2171249389648438,
      1.3802369832992554
    ],
    [
      6.6301774978637695,
      25.70502471923828,
      2.697721004486084,
      6.834325790405273,
      5.361237525939941,
      6.159472942352295,
      3.9622929096221924,
      4.182543754577637,
      3.030449867248535,
      4.0356621742248535,
      2.8575246334075928,
      3.9289708137512207,
      4.01145601272583,
      4.218767166137695,
      6.199470043182373,
      7.685635566711426,
      6.640997409820557,
      10.157120704650879
    ],
    [
      4.976045608520508,
      2.697721004486084,
      14.333300590515137,
      5.666430950164795,
      3.9956560134887695,
      3.2674081325531006,
      3.699681520462036,
      3.014317750930786,
      3.5204708576202393,
      3.057554244995117,
      3.9760842323303223,
      2.9423818588256836,
      6.274232387542725,
      3.9013185501098633,
      6.7204461097717285,
      4.597019195556641,
      6.168493747711182,
      4.546083927154541
    ],
    [
      4.323545455932617,
      6.834325790405273,
      5.666430950164795,
      15.391769409179688,
      4.760815143585205,
      5.423622131347656,
      3.19663405418396,
      4.486791610717773,
      2.3012332916259766,
      3.686716079711914,
      2.209700107574463,
      3.93403959274292,
      3.600328207015991,
      4.2941155433654785,
      5.1588239669799805,
      5.431238651275635,
      4.952225685119629,
      5.921509742736816
    ],
    [
      3.438143014907837,
      5.361237525939941,
      3.9956560134887695,
      4.760815143585205,
      13.866375923156738,
      9.452095985412598,
      4.056116580963135,
      3.8118948936462402,
      4.104620933532715,
      4.107241153717041,
      3.775385618209839,
      4.079738140106201,
      3.621183156967163,
      2.7331643104553223,
      3.4234619140625,
      2.4383697509765625,
      2.5992422103881836,
      2.3701696395874023
    ],
    [
      2.969498634338379,
      6.159472942352295,
      3.2674081325531006,
      5.423622131347656,
      9.452095985412598,
      15.989202499389648,
      4.076120853424072,
      5.2329277992248535,
      3.417020320892334,
      5.074336528778076,
      2.6744208335876465,
      4.848565578460693,
      3.815361261367798,
      4.476112365722656,
      5.100923538208008,
      5.280346393585205,
      4.138837814331055,
      5.500744819641113
    ],
    [
      3.6148765087127686,
      3.9622929096221924,
      3.699681520462036,
      3.19663405418396,
      4.056116580963135,
      4.076120853424072,
      11.027179718017578,
      6.390077114105225,
      5.309401988983154,
      5.0141730308532715,
      4.731937885284424,
      4.795722007751465,
      4.405369758605957,
      4.53025484085083,
      4.245894908905029,
      5.661592960357666,
      4.1451215744018555,
      6.97463321685791
    ],
    [
      2.527303457260132,
      4.182543754577637,
      3.014317750930786,
      4.486791610717773,
      3.8118948936462402,
      5.2329277992248535,
      6.390077114105225,
      11.775984764099121,
      4.632332801818848,
      6.865748405456543,
      3.5534842014312744,
      6.429499626159668,
      3.85880184173584,
      6.544700622558594,
      5.271451950073242,
      8.668495178222656,
      5.8274760246276855,
      10.139263153076172
    ],
    [
      3.806441307067871,
      3.030449867248535,
      3.5204708576202393,
      2.3012332916259766,
      4.104620933532715,
      3.417020320892334,
      5.309401988983154,
      4.632332801818848,
      9.584647178649902,
      5.9698944091796875,
      5.749655723571777,
      4.702971935272217,
      3.696591377258301,
      3.60548996925354,
      1.6877341270446777,
      2.5721282958984375,
      1.2146180868148804,
      2.3449864387512207
    ],
    [
      2.963043212890625,
      4.0356621742248535,
      3.057554244995117,
      3.686716079711914,
      4.107241153717041,
      5.074336528778076,
      5.0141730308532715,
      6.865748405456543,
      5.9698944091796875,
      9.46203899383545,
      4.201969623565674,
      6.149751663208008,
      4.000603675842285,
      5.862550258636475,
      4.3004069328308105,
      6.658050060272217,
      4.835058689117432,
      7.629834175109863
    ],
    [
      3.3224539756774902,
      2.8575246334075928,
      3.9760842323303223,
      2.209700107574463,
      3.775385618209839,
      2.6744208335876465,
      4.731937885284424,
      3.5534842014312744,
      5.749655723571777,
      4.201969623565674,
      8.236282348632812,
      4.999510765075684,
      5.0190958976745605,
      4.098156929016113,
      3.1260032653808594,
      2.920289993286133,
      2.191673755645752,
      3.006356954574585
    ],
    [
      2.0088465213775635,
      3.9289708137512207,
      2.9423818588256836,
      3.93403959274292,
      4.079738140106201,
      4.848565578460693,
      4.795722007751465,
      6.429499626159668,
      4.702971935272217,
      6.149751663208008,
      4.999510765075684,
      8.7105131149292,
      3.9061615467071533,
      6.997341156005859,
      4.1903462409973145,
      7.276264667510986,
      4.444066047668457,
      7.929510593414307
    ],
    [
      5.054770469665527,
      4.01145601272583,
      6.274232387542725,
      3.600328207015991,
      3.621183156967163,
      3.815361261367798,
      4.405369758605957,
      3.85880184173584,
      3.696591377258301,
      4.000603675842285,
      5.0190958976745605,
      3.9061615467071533,
      14.902005195617676,
      8.768978118896484,
      16.730083465576172,
      12.07748794555664,
      14.492999076843262,
      12.123615264892578
    ],
    [
      1.7647565603256226,
      4.218767166137695,
      3.9013185501098633,
      4.2941155433654785,
      2.7331643104553223,
      4.476112365722656,
      4.53025484085083,
      6.544700622558594,
      3.60548996925354,
      5.862550258636475,
      4.098156929016113,
      6.997341156005859,
      8.768978118896484,
      12.303622245788574,
      11.61980152130127,
      15.06507396697998,
      11.000473976135254,
      15.49535846710205
    ],
    [
      4.21500301361084,
      6.199470043182373,
      6.7204461097717285,
      5.1588239669799805,
      3.4234619140625,
      5.100923538208008,
      4.245894908905029,
      5.271451950073242,
      1.6877341270446777,
      4.3004069328308105,
      3.1260032653808594,
      4.1903462409973145,
      16.730083465576172,
      11.61980152130127,
      27.337005615234375,
      21.265291213989258,
      26.555700302124023,
      23.560115814208984
    ],
    [
      1.2488629817962646,
      7.685635566711426,
      4.597019195556641,
      5.431238651275635,
      2.4383697509765625,
      5.280346393585205,
      5.661592960357666,
      8.668495178222656,
      2.5721282958984375,
      6.658050060272217,
      2.920289993286133,
      7.276264667510986,
      12.07748794555664,
      15.06507396697998,
      21.265291213989258,
      28.145187377929688,
      22.376869201660156,
      31.277328491210938
    ],
    [
      3.2171249389648438,
      6.640997409820557,
      6.168493747711182,
      4.952225685119629,
      2.5992422103881836,
      4.138837814331055,
      4.1451215744018555,
      5.8274760246276855,
      1.2146180868148804,
      4.835058689117432,
      2.191673755645752,
      4.444066047668457,
      14.492999076843262,
      11.000473976135254,
      26.555700302124023,
      22.376869201660156,
      35.491207122802734,
      29.81245994567871
    ],
    [
      1.3802369832992554,
      10.157120704650879,
      4.546083927154541,
      5.921509742736816,
      2.3701696395874023,
      5.500744819641113,
      6.97463321685791,
      10.139263153076172,
      2.3449864387512207,
      7.629834175109863,
      3.006356954574585,
      7.929510593414307,
      12.123615264892578,
      15.49535846710205,
      23.560115814208984,
      31.277328491210938,
      29.81245994567871,
      42.36084747314453
    ]
  ],
  "damage": -6.853265762329102,
  "diff_bandwidth": 679.823486328125,
  "dissonance": 10.457901636362596,
  "drr": 3.353240728378296,
  "dynamics": 1.5171992778778076,
  "format": 1245190,
  "frames": 4296704,
  "loudness": -10.175323486328125,
  "loudness_range": 3.790586471557617,
  "loudness_range_short": 4.900302886962891,
  "lowpass_true_peak_15khz": 0.9257040619850159,
  "mastering3_acoustic_entropies": [
    {
      "acoustic_entropy": 4.341476917266846,
      "acoustic_entropy_mono": 5.169719696044922,
      "band_eliminated_acoustic_entropies": [
        {
          "acoustic_entropy": 4.3447184562683105,
          "acoustic_entropy_side": 4.341516494750977,
          "hz": 129.47220167065723
        },
        {
          "acoustic_entropy": 4.344030857086182,
          "acoustic_entropy_side": 4.282820701599121,
          "hz": 202.92927478742237
        },
        {
          "acoustic_entropy": 4.409808158874512,
          "acoustic_entropy_side": 4.308262348175049,
          "hz": 282.89161906338205
        },
        {
          "acoustic_entropy": 4.2339019775390625,
          "acoustic_entropy_side": 4.239884376525879,
          "hz": 369.9353335868758
        },
        {
          "acoustic_entropy": 4.322704792022705,
          "acoustic_entropy_side": 4.440854549407959,
          "hz": 464.6875360973435
        },
        {
          "acoustic_entropy": 4.260026454925537,
          "acoustic_entropy_side": 4.602906227111816,
          "hz": 567.8308811364784
        },
        {
          "acoustic_entropy": 4.062153339385986,
          "acoustic_entropy_side": 4.24282693862915,
          "hz": 680.1084783214808
        },
        {
          "acoustic_entropy": 4.459549903869629,
          "acoustic_entropy_side": 4.319860458374023,
          "hz": 802.3292461747484
        },
        {
          "acoustic_entropy": 4.132612705230713,
          "acoustic_entropy_side": 4.126650810241699,
          "hz": 935.3737400823702
        },
        {
          "acoustic_entropy": 4.406350135803223,
          "acoustic_entropy_side": 4.396302700042725,
          "hz": 1080.2004963696966
        },
        {
          "acoustic_entropy": 4.340696811676025,
          "acoustic_entropy_side": 4.334958076477051,
          "hz": 1237.8529382007157
        },
        {
          "acoustic_entropy": 4.4002814292907715,
          "acoustic_entropy_side": 4.348624229431152,
          "hz": 1409.4668930556702
        },
        {
          "acoustic_entropy": 4.453880310058594,
          "acoustic_entropy_side": 4.386314868927002,
          "hz": 1596.2787759475705
        },
        {
          "acoustic_entropy": 4.336940765380859,
          "acoustic_entropy_side": 4.321323394775391,
          "hz": 1799.6344973346393
        },
        {
          "acoustic_entropy": 4.235909938812256,
          "acoustic_entropy_side": 4.273540496826172,
          "hz": 2020.9991599069049
        },
        {
          "acoustic_entropy": 4.28129243850708,
          "acoustic_entropy_side": 4.370424747467041,
          "hz": 2261.9676141086993
        },
        {
          "acoustic_entropy": 4.370089054107666,
          "acoustic_entropy_side": 4.368056774139404,
          "hz": 2524.2759484456974
        },
        {
          "acoustic_entropy": 3.945140838623047,
          "acoustic_entropy_side": 4.340386867523193,
          "hz": 2809.813997359896
        },
        {
          "acoustic_entropy": 4.365583896636963,
          "acoustic_entropy_side": 4.346225738525391,
          "hz": 3120.6389567871424
        },
        {
          "acoustic_entropy": 4.401837348937988,
          "acoustic_entropy_side": 4.396107196807861,
          "hz": 3458.990205492291
        },
        {
          "acoustic_entropy": 4.29866361618042,
          "acoustic_entropy_side": 4.353045463562012,
          "hz": 3827.305438964164
        },
        {
          "acoustic_entropy": 4.343698501586914,
          "acoustic_entropy_side": 4.342440605163574,
          "hz": 4228.238232109126
        },
        {
          "acoustic_entropy": 4.387772083282471,
          "acoustic_entropy_side": 4.394869327545166,
          "hz": 4664.6771572759235
        },
        {
          "acoustic_entropy": 4.296745777130127,
          "acoustic_entropy_side": 4.33381986618042,
          "hz": 5139.766595350093
        },
        {
          "acoustic_entropy": 4.303185939788818,
          "acoustic_entropy_side": 4.342325687408447,
          "hz": 5656.929389854203
        },
        {
          "acoustic_entropy": 4.208965301513672,
          "acoustic_entropy_side": 4.342806339263916,
          "hz": 6219.891507268283
        },
        {
          "acoustic_entropy": 4.321514129638672,
          "acoustic_entropy_side": 4.348819255828857,
          "hz": 6832.70888123896
        },
        {
          "acoustic_entropy": 4.321872711181641,
          "acoustic_entropy_side": 4.334641933441162,
          "hz": 7499.796634079867
        },
        {
          "acoustic_entropy": 4.268972873687744,
          "acoustic_entropy_side": 4.3287763595581055,
          "hz": 8225.96088609342
        },
        {
          "acoustic_entropy": 4.201423645019531,
          "acoustic_entropy_side": 4.3244218826293945,
          "hz": 9016.43338188839
        },
        {
          "acoustic_entropy": 4.245272159576416,
          "acoustic_entropy_side": 4.333284854888916,
          "hz": 9876.909183162974
        },
        {
          "acoustic_entropy": 4.231524467468262,
          "acoustic_entropy_side": 4.286457538604736,
          "hz": 10813.587699516042
        },
        {
          "acoustic_entropy": 4.282532215118408,
          "acoustic_entropy_side": 4.352771759033203,
          "hz": 11833.21735289826
        },
        {
          "acoustic_entropy": 4.2841267585754395,
          "acoustic_entropy_side": 4.3426384925842285,
          "hz": 12943.144197493959
        },
        {
          "acoustic_entropy": 4.338438034057617,
          "acoustic_entropy_side": 4.312145233154297,
          "hz": 14151.364845322005
        },
        {
          "acoustic_entropy": 4.404333591461182,
          "acoustic_entropy_side": 4.33928108215332,
          "hz": 15466.58407886509
        },
        {
          "acoustic_entropy": 4.368494033813477,
          "acoustic_entropy_side": 4.335045337677002,
          "hz": 16898.27756580493
        },
        {
          "acoustic_entropy": 4.350074291229248,
          "acoustic_entropy_side": 4.337050437927246,
          "hz": 18456.760127700032
        },
        {
          "acoustic_entropy": 4.3751983642578125,
          "acoustic_entropy_side": 4.340150356292725,
          "hz": 20153.260054456492
        },
        {
          "acoustic_entropy": 4.347995758056641,
          "acoustic_entropy_side": 4.34220027923584,
          "hz": 22000.00000000001
        }
      ],
      "diff_acoustic_entropy": 1.8002058267593384,
      "sn": 6
    },
    {
      "acoustic_entropy": 7.59578800201416,
      "acoustic_entropy_mono": 8.289665222167969,
      "band_eliminated_acoustic_entropies": [
        {
          "acoustic_entropy": 7.76068115234375,
          "acoustic_entropy_side": 7.607435703277588,
          "hz": 129.47220167065723
        },
        {
          "acoustic_entropy": 8.291499137878418,
          "acoustic_entropy_side": 7.737605094909668,
          "hz": 202.92927478742237
        },
        {
          "acoustic_entropy": 7.508691310882568,
          "acoustic_entropy_side": 7.41131591796875,
          "hz": 282.89161906338205
        },
        {
          "acoustic_entropy": 7.654602527618408,
          "acoustic_entropy_side": 7.538198947906494,
          "hz": 369.9353335868758
        },
        {
          "acoustic_entropy": 7.419003963470459,
          "acoustic_entropy_side": 7.606381893157959,
          "hz": 464.6875360973435
        },
        {
          "acoustic_entropy": 7.593881607055664,
          "acoustic_entropy_side": 7.630720615386963,
          "hz": 567.8308811364784
        },
        {
          "acoustic_entropy": 7.2923455238342285,
          "acoustic_entropy_side": 7.55622673034668,
          "hz": 680.1084783214808
        },
        {
          "acoustic_entropy": 7.430457592010498,
          "acoustic_entropy_side": 7.702871322631836,
          "hz": 802.3292461747484
        },
        {
          "acoustic_entropy": 7.237838268280029,
          "acoustic_entropy_side": 7.490107536315918,
          "hz": 935.3737400823702
        },
        {
          "acoustic_entropy": 7.4579925537109375,
          "acoustic_entropy_side": 7.38601016998291,
          "hz": 1080.2004963696966
        },
        {
          "acoustic_entropy": 7.3513875007629395,
          "acoustic_entropy_side": 7.649357318878174,
          "hz": 1237.8529382007157
        },
        {
          "acoustic_entropy": 7.683568000793457,
          "acoustic_entropy_side": 7.644262313842773,
          "hz": 1409.4668930556702
        },
        {
          "acoustic_entropy": 7.7568745613098145,
          "acoustic_entropy_side": 7.632737636566162,
          "hz": 1596.2787759475705
        },
        {
          "acoustic_entropy": 7.315218448638916,
          "acoustic_entropy_side": 7.352688312530518,
          "hz": 1799.6344973346393
        },
        {
          "acoustic_entropy": 7.792298793792725,
          "acoustic_entropy_side": 7.712054252624512,
          "hz": 2020.9991599069049
        },
        {
          "acoustic_entropy": 7.429870128631592,
          "acoustic_entropy_side": 7.620846748352051,
          "hz": 2261.9676141086993
        },
        {
          "acoustic_entropy": 7.601046085357666,
          "acoustic_entropy_side": 7.6208930015563965,
          "hz": 2524.2759484456974
        },
        {
          "acoustic_entropy": 7.560092449188232,
          "acoustic_entropy_side": 7.651603698730469,
          "hz": 2809.813997359896
        },
        {
          "acoustic_entropy": 7.555270195007324,
          "acoustic_entropy_side": 7.531408309936523,
          "hz": 3120.6389567871424
        },
        {
          "acoustic_entropy": 7.612135887145996,
          "acoustic_entropy_side": 7.567714214324951,
          "hz": 3458.990205492291
        },
        {
          "acoustic_entropy": 7.656434535980225,
          "acoustic_entropy_side": 7.615320682525635,
          "hz": 3827.305438964164
        },
        {
          "acoustic_entropy": 7.714795112609863,
          "acoustic_entropy_side": 7.649492263793945,
          "hz": 4228.238232109126
        },
        {
          "acoustic_entropy": 7.528647422790527,
          "acoustic_entropy_side": 7.579189300537109,
          "hz": 4664.6771572759235
        },
        {
          "acoustic_entropy": 7.595104694366455,
          "acoustic_entropy_side": 7.571598052978516,
          "hz": 5139.766595350093
        },
        {
          "acoustic_entropy": 7.615023136138916,
          "acoustic_entropy_side": 7.567496299743652,
          "hz": 5656.929389854203
        },
        {
          "acoustic_entropy": 7.405083179473877,
          "acoustic_entropy_side": 7.562736511230469,
          "hz": 6219.891507268283
        },
        {
          "acoustic_entropy": 7.551945686340332,
          "acoustic_entropy_side": 7.590366840362549,
          "hz": 6832.70888123896
        },
        {
          "acoustic_entropy": 7.610265254974365,
          "acoustic_entropy_side": 7.576287269592285,
          "hz": 7499.796634079867
        },
        {
          "acoustic_entropy": 7.5738372802734375,
          "acoustic_entropy_side": 7.538826942443848,
          "hz": 8225.96088609342
        },
        {
          "acoustic_entropy": 7.585761547088623,
          "acoustic_entropy_side": 7.558786392211914,
          "hz": 9016.43338188839
        },
        {
          "acoustic_entropy": 7.584527015686035,
          "acoustic_entropy_side": 7.569810390472412,
          "hz": 9876.909183162974
        },
        {
          "acoustic_entropy": 7.397392272949219,
          "acoustic_entropy_side": 7.488460540771484,
          "hz": 10813.587699516042
        },
        {
          "acoustic_entropy": 7.494832515716553,
          "acoustic_entropy_side": 7.561527729034424,
          "hz": 11833.21735289826
        },
        {
          "acoustic_entropy": 7.4947028160095215,
          "acoustic_entropy_side": 7.549205303192139,
          "hz": 12943.144197493959
        },
        {
          "acoustic_entropy": 7.508571147918701,
          "acoustic_entropy_side": 7.590952396392822,
          "hz": 14151.364845322005
        },
        {
          "acoustic_entropy": 7.485176086425781,
          "acoustic_entropy_side": 7.606263160705566,
          "hz": 15466.58407886509
        },
        {
          "acoustic_entropy": 7.50922966003418,
          "acoustic_entropy_side": 7.6111321449279785,
          "hz": 16898.27756580493
        },
        {
          "acoustic_entropy": 7.515563488006592,
          "acoustic_entropy_side": 7.613376140594482,
          "hz": 18456.760127700032
        },
        {
          "acoustic_entropy": 7.500952243804932,
          "acoustic_entropy_side": 7.588613986968994,
          "hz": 20153.260054456492
        },
        {
          "acoustic_entropy": 7.607241630554199,
          "acoustic_entropy_side": 7.6059746742248535,
          "hz": 22000.00000000001
        }
      ],
      "diff_acoustic_entropy": 4.378961563110352,
      "sn": 12
    },
    {
      "acoustic_entropy": 12.966910362243652,
      "acoustic_entropy_mono": 11.062993049621582,
      "band_eliminated_acoustic_entropies": [
        {
          "acoustic_entropy": 12.716547012329102,
          "acoustic_entropy_side": 13.059735298156738,
          "hz": 129.47220167065723
        },
        {
          "acoustic_entropy": 13.410009384155273,
          "acoustic_entropy_side": 12.93529987335205,
          "hz": 202.92927478742237
        },
        {
          "acoustic_entropy": 11.851974487304688,
          "acoustic_entropy_side": 12.137784957885742,
          "hz": 282.89161906338205
        },
        {
          "acoustic_entropy": 12.775871276855469,
          "acoustic_entropy_side": 13.13793659210205,
          "hz": 369.9353335868758
        },
        {
          "acoustic_entropy": 11.981307983398438,
          "acoustic_entropy_side": 12.816993713378906,
          "hz": 464.6875360973435
        },
        {
          "acoustic_entropy": 12.921116828918457,
          "acoustic_entropy_side": 12.91752815246582,
          "hz": 567.8308811364784
        },
        {
          "acoustic_entropy": 11.875624656677246,
          "acoustic_entropy_side": 12.614049911499023,
          "hz": 680.1084783214808
        },
        {
          "acoustic_entropy": 12.376774787902832,
          "acoustic_entropy_side": 12.911860466003418,
          "hz": 802.3292461747484
        },
        {
          "acoustic_entropy": 12.448746681213379,
          "acoustic_entropy_side": 12.778324127197266,
          "hz": 935.3737400823702
        },
        {
          "acoustic_entropy": 12.599425315856934,
          "acoustic_entropy_side": 12.694184303283691,
          "hz": 1080.2004963696966
        },
        {
          "acoustic_entropy": 13.30317211151123,
          "acoustic_entropy_side": 13.541641235351562,
          "hz": 1237.8529382007157
        },
        {
          "acoustic_entropy": 12.808343887329102,
          "acoustic_entropy_side": 12.894824028015137,
          "hz": 1409.4668930556702
        },
        {
          "acoustic_entropy": 12.682342529296875,
          "acoustic_entropy_side": 13.026313781738281,
          "hz": 1596.2787759475705
        },
        {
          "acoustic_entropy": 13.358829498291016,
          "acoustic_entropy_side": 13.158167839050293,
          "hz": 1799.6344973346393
        },
        {
          "acoustic_entropy": 13.041341781616211,
          "acoustic_entropy_side": 12.920500755310059,
          "hz": 2020.9991599069049
        },
        {
          "acoustic_entropy": 13.07337474822998,
          "acoustic_entropy_side": 12.936123847961426,
          "hz": 2261.9676141086993
        },
        {
          "acoustic_entropy": 12.86816120147705,
          "acoustic_entropy_side": 13.002904891967773,
          "hz": 2524.2759484456974
        },
        {
          "acoustic_entropy": 13.314337730407715,
          "acoustic_entropy_side": 13.142653465270996,
          "hz": 2809.813997359896
        },
        {
          "acoustic_entropy": 12.822246551513672,
          "acoustic_entropy_side": 12.929247856140137,
          "hz": 3120.6389567871424
        },
        {
          "acoustic_entropy": 13.110333442687988,
