{
  "acoustic_entropy": 215.145263671875,
  "bands": [
    {
      "high_freq": 148.1999969482422,
      "loudness": -25.050275802612305,
      "loudness_range": 23.637813568115234,
      "mid_mean": -21.54279327392578,
      "mid_to_side_loudness": -20.597455978393555,
      "mid_to_side_loudness_range": 19.394956588745117,
      "side_mean": -44.32173538208008
    },
    {
      "high_freq": 392.3793640136719,
      "loudness": -22.457313537597656,
      "loudness_range": 10.474079132080078,
      "low_freq": 148.1999969482422,
      "mid_mean": -19.406179428100586,
      "mid_to_side_loudness": -9.689363479614258,
      "mid_to_side_loudness_range": 13.749728202819824,
      "side_mean": -29.193822860717773
    },
    {
      "high_freq": 794.6976318359375,
      "loudness": -24.407474517822266,
      "loudness_range": 13.810117721557617,
      "low_freq": 392.3793640136719,
      "mid_mean": -21.458436965942383,
      "mid_to_side_loudness": -8.820342063903809,
      "mid_to_side_loudness_range": 12.833869934082031,
      "side_mean": -30.407459259033203
    },
    {
      "high_freq": 1457.5709228515625,
      "loudness": -27.747922897338867,
      "loudness_range": 21.03531265258789,
      "low_freq": 794.6976318359375,
      "mid_mean": -24.716808319091797,
      "mid_to_side_loudness": -10.01809310913086,
      "mid_to_side_loudness_range": 14.478743553161621,
      "side_mean": -34.9719123840332
    },
    {
      "high_freq": 2549.74365234375,
      "loudness": -26.64907455444336,
      "loudness_range": 22.51997184753418,
      "low_freq": 1457.5709228515625,
      "mid_mean": -23.552011489868164,
      "mid_to_side_loudness": -10.38221263885498,
      "mid_to_side_loudness_range": 15.675908088684082,
      "side_mean": -34.286651611328125
    },
    {
      "high_freq": 4349.24462890625,
      "loudness": -27.633209228515625,
      "loudness_range": 22.239591598510742,
      "low_freq": 2549.74365234375,
      "mid_mean": -24.47684097290039,
      "mid_to_side_loudness": -10.835691452026367,
      "mid_to_side_loudness_range": 15.525775909423828,
      "side_mean": -35.66062927246094
    },
    {
      "high_freq": 7314.1640625,
      "loudness": -31.699037551879883,
      "loudness_range": 20.901430130004883,
      "low_freq": 4349.24462890625,
      "mid_mean": -28.404863357543945,
      "mid_to_side_loudness": -11.811748504638672,
      "mid_to_side_loudness_range": 14.011665344238281,
      "side_mean": -40.59815216064453
    },
    {
      "high_freq": 12199.2666015625,
      "loudness": -33.53136444091797,
      "loudness_range": 19.684743881225586,
      "low_freq": 7314.1640625,
      "mid_mean": -30.197721481323242,
      "mid_to_side_loudness": -12.535062789916992,
      "mid_to_side_loudness_range": 12.303950309753418,
      "side_mean": -42.919273376464844
    },
    {
      "loudness": -39.108184814453125,
      "loudness_range": 26.26669692993164,
      "low_freq": 12199.2666015625,
      "mid_mean": -35.89253616333008,
      "mid_to_side_loudness": -13.078350067138672,
      "mid_to_side_loudness_range": 15.619026184082031,
      "side_mean": -49.427276611328125
    }
  ],
  "bands_short": [
    {
      "high_freq": 148.1999969482422,
      "loudness": -30.109485626220703,
      "loudness_range": 36.23120880126953,
      "mid_mean": -26.88983726501465,
      "mid_to_side_loudness": -18.407556533813477,
      "mid_to_side_loudness_range": 23.634357452392578,
      "side_mean": -50.74847412109375
    },
    {
      "high_freq": 392.3793640136719,
      "loudness": -23.435209274291992,
      "loudness_range": 15.845870018005371,
      "low_freq": 148.1999969482422,
      "mid_mean": -20.626745223999023,
      "mid_to_side_loudness": -9.181069374084473,
      "mid_to_side_loudness_range": 17.018753051757812,
      "side_mean": -29.893659591674805
    },
    {
      "high_freq": 794.6976318359375,
      "loudness": -25.56822395324707,
      "loudness_range": 16.88067054748535,
      "low_freq": 392.3793640136719,
      "mid_mean": -22.934595108032227,
      "mid_to_side_loudness": -8.004754066467285,
      "mid_to_side_loudness_range": 16.46626853942871,
      "side_mean": -31.125215530395508
    },
    {
      "high_freq": 1457.5709228515625,
      "loudness": -28.85246467590332,
      "loudness_range": 23.514667510986328,
      "low_freq": 794.6976318359375,
      "mid_mean": -26.179492950439453,
      "mid_to_side_loudness": -8.270773887634277,
      "mid_to_side_loudness_range": 17.464244842529297,
      "side_mean": -34.755584716796875
    },
    {
      "high_freq": 2549.74365234375,
      "loudness": -28.827787399291992,
      "loudness_range": 26.681520462036133,
      "low_freq": 1457.5709228515625,
      "mid_mean": -26.199798583984375,
      "mid_to_side_loudness": -8.451502799987793,
      "mid_to_side_loudness_range": 18.747840881347656,
      "side_mean": -35.20341110229492
    },
    {
      "high_freq": 4349.24462890625,
      "loudness": -29.89657211303711,
      "loudness_range": 26.703489303588867,
      "low_freq": 2549.74365234375,
      "mid_mean": -27.140979766845703,
      "mid_to_side_loudness": -8.748209953308105,
      "mid_to_side_loudness_range": 18.19997215270996,
      "side_mean": -36.5186653137207
    },
    {
      "high_freq": 7314.1640625,
      "loudness": -34.721656799316406,
      "loudness_range": 28.032312393188477,
      "low_freq": 4349.24462890625,
      "mid_mean": -31.792522430419922,
      "mid_to_side_loudness": -9.656888008117676,
      "mid_to_side_loudness_range": 17.22414207458496,
      "side_mean": -42.35258865356445
    },
    {
      "high_freq": 12199.2666015625,
      "loudness": -38.36991882324219,
      "loudness_range": 28.332441329956055,
      "low_freq": 7314.1640625,
      "mid_mean": -35.27312088012695,
      "mid_to_side_loudness": -10.321595191955566,
      "mid_to_side_loudness_range": 17.14118194580078,
      "side_mean": -47.06821060180664
    },
    {
      "loudness": -46.06275177001953,
      "loudness_range": 34.292442321777344,
      "low_freq": 12199.2666015625,
      "mid_mean": -43.347347259521484,
      "mid_to_side_loudness": -10.224640846252441,
      "mid_to_side_loudness_range": 19.005828857421875,
      "side_mean": -56.2039680480957
    }
  ],
  "bandwidth": 625.2102661132812,
  "channels": 2,
  "covariance": [
    [
      83.8743896484375,
      60.02076721191406,
      19.104801177978516,
      0.45026251673698425,
      3.062662124633789,
      4.044442176818848,
      3.9076945781707764,
      7.149023532867432,
      -0.08687549084424973,
      4.201665878295898,
      2.418057441711426,
      5.816008567810059,
      6.141793251037598,
      8.836331367492676,
      6.072206020355225,
      9.507916450500488,
      5.728158473968506,
      15.113117218017578
    ],
    [
      60.02076721191406,
      70.17139434814453,
      18.472904205322266,
      5.817500114440918,
      5.009554386138916,
      8.531722068786621,
      6.865545749664307,
      11.835735321044922,
      1.5475499629974365,
      7.457235336303711,
      3.1101138591766357,
      7.375341415405273,
      6.727272987365723,
      11.303302764892578,
      8.883056640625,
      12.192899703979492,
      8.81614875793457,
      15.593160629272461
    ],
    [
      19.104801177978516,
      18.472904205322266,
      19.622743606567383,
      8.18193244934082,
      9.047829627990723,
      7.685008525848389,
      4.9600114822387695,
      5.6388702392578125,
      5.4382548332214355,
      4.040071487426758,
      6.78270149230957,
      4.0033698081970215,
      8.121268272399902,
      7.148852348327637,
      8.808155059814453,
      10.780750274658203,
      10.702019691467285,
      14.764959335327148
    ],
    [
      0.45026251673698425,
      5.817500114440918,
      8.18193244934082,
      18.944604873657227,
      10.299653053283691,
      14.548318862915039,
      9.181994438171387,
      12.445223808288574,
      10.152631759643555,
      10.019293785095215,
      9.073383331298828,
      7.642191410064697,
      8.255642890930176,
      6.73724889755249,
      7.095069885253906,
      5.270337104797363,
      6.326043128967285,
      4.388086318969727
    ],
    [
      3.062662124633789,
      5.009554386138916,
      9.047829627990723,
      10.299653053283691,
      26.523019790649414,
      20.154001235961914,
      20.355884552001953,
      18.970638275146484,
      27.10297393798828,
      21.073530197143555,
      27.656400680541992,
      19.749128341674805,
      23.723873138427734,
      17.194210052490234,
      14.486477851867676,
      11.24578857421875,
      10.331756591796875,
      8.741419792175293
    ],
    [
      4.044442176818848,
      8.531722068786621,
      7.685008525848389,
      14.548318862915039,
      20.154001235961914,
      32.972312927246094,
      19.903154373168945,
      29.128536224365234,
      21.001848220825195,
      26.171411514282227,
      19.523527145385742,
      21.081424713134766,
      18.831106185913086,
      17.735280990600586,
      14.984906196594238,
      11.704734802246094,
      8.971078872680664,
      6.344718933105469
    ],
    [
      3.9076945781707764,
      6.865545749664307,
      4.9600114822387695,
      9.181994438171387,
      20.355884552001953,
      19.903154373168945,
      52.6385612487793,
      41.06584930419922,
      42.77304458618164,
      39.74050521850586,
      44.2334098815918,
      38.46504211425781,
      38.131439208984375,
      33.62635803222656,
      25.72517204284668,
      21.61258888244629,
      22.41774559020996,
      17.722089767456055
    ],
    [
      7.149023532867432,
      11.835735321044922,
      5.6388702392578125,
      12.445223808288574,
      18.970638275146484,
      29.128536224365234,
      41.06584930419922,
      57.14130783081055,
      30.89488983154297,
      43.49277114868164,
      30.779321670532227,
      38.50602722167969,
      28.76280403137207,
      31.901330947875977,
      23.256038665771484,
      20.041032791137695,
      14.869927406311035,
      13.085308074951172
    ],
    [
      -0.08687549084424973,
      1.5475499629974365,
      5.4382548332214355,
      10.152631759643555,
      27.10297393798828,
      21.001848220825195,
      42.77304458618164,
      30.89488983154297,
      64.59413146972656,
      48.0099983215332,
      60.82963562011719,
      47.08107376098633,
      48.64876174926758,
      41.029754638671875,
      28.694255828857422,
      25.00296974182129,
      23.245912551879883,
      16.469985961914062
    ],
    [
      4.201665878295898,
      7.457235336303711,
      4.040071487426758,
      10.019293785095215,
      21.073530197143555,
      26.171411514282227,
      39.74050521850586,
      43.49277114868164,
      48.0099983215332,
      62.48082733154297,
      45.396888732910156,
      56.522193908691406,
      38.4145393371582,
      46.67057418823242,
      27.605880737304688,
      27.166305541992188,
      19.11545753479004,
      17.467342376708984
    ],
    [
      2.418057441711426,
      3.1101138591766357,
      6.78270149230957,
      9.073383331298828,
      27.656400680541992,
      19.523527145385742,
      44.2334098815918,
      30.779321670532227,
      60.82963562011719,
      45.396888732910156,
      67.05757141113281,
      49.62775802612305,
      53.11726379394531,
      44.32441329956055,
      29.562055587768555,
      26.2698974609375,
      24.87592887878418,
      19.662357330322266
    ],
    [
      5.816008567810059,
      7.375341415405273,
      4.0033698081970215,
      7.642191410064697,
      19.749128341674805,
      21.081424713134766,
      38.46504211425781,
      38.50602722167969,
      47.08107376098633,
      56.522193908691406,
      49.62775802612305,
      62.241024017333984,
      40.944889068603516,
      52.549644470214844,
      26.94469451904297,
      30.110794067382812,
      19.907480239868164,
      22.018510818481445
    ],
    [
      6.141793251037598,
      6.727272987365723,
      8.121268272399902,
      8.255642890930176,
      23.723873138427734,
      18.831106185913086,
      38.131439208984375,
      28.76280403137207,
      48.64876174926758,
      38.4145393371582,
      53.11726379394531,
      40.944889068603516,
      55.524471282958984,
      43.380470275878906,
      39.435508728027344,
      33.507633209228516,
      37.93136978149414,
      31.007978439331055
    ],
    [
      8.836331367492676,
      11.303302764892578,
      7.148852348327637,
      6.73724889755249,
      17.194210052490234,
      17.735280990600586,
      33.62635803222656,
      31.901330947875977,
      41.029754638671875,
      46.67057418823242,
      44.32441329956055,
      52.549644470214844,
      43.380470275878906,
      57.491943359375,
      34.75185775756836,
      43.52546310424805,
      35.60224533081055,
      42.300132751464844
    ],
    [
      6.072206020355225,
      8.883056640625,
      8.808155059814453,
      7.095069885253906,
      14.486477851867676,
      14.984906196594238,
      25.72517204284668,
      23.256038665771484,
      28.694255828857422,
      27.605880737304688,
      29.562055587768555,
      26.94469451904297,
      39.435508728027344,
      34.75185775756836,
      49.01726531982422,
      40.395912170410156,
      51.22938537597656,
      43.57182312011719
    ],
    [
      9.507916450500488,
      12.192899703979492,
      10.780750274658203,
      5.270337104797363,
      11.24578857421875,
      11.704734802246094,
      21.61258888244629,
      20.041032791137695,
      25.00296974182129,
      27.166305541992188,
      26.2698974609375,
      30.110794067382812,
      33.507633209228516,
      43.52546310424805,
      40.395912170410156,
      55.2060661315918,
      51.09272766113281,
      64.92257690429688
    ],
    [
      5.728158473968506,
      8.81614875793457,
      10.702019691467285,
      6.326043128967285,
      10.331756591796875,
      8.971078872680664,
      22.41774559020996,
      14.869927406311035,
      23.245912551879883,
      19.11545753479004,
      24.87592887878418,
      19.907480239868164,
      37.93136978149414,
      35.60224533081055,
      51.22938537597656,
      51.09272766113281,
      78.53314971923828,
      68.80854034423828
    ],
    [
      15.113117218017578,
      15.593160629272461,
      14.764959335327148,
      4.388086318969727,
      8.741419792175293,
      6.344718933105469,
      17.722089767456055,
      13.085308074951172,
      16.469985961914062,
      17.467342376708984,
      19.662357330322266,
      22.018510818481445,
      31.007978439331055,
      42.300132751464844,
      43.57182312011719,
      64.92257690429688,
      68.80854034423828,
      100.73625183105469
    ]
  ],
  "covariance_short": [
    [
      171.47439575195312,
      114.56806182861328,
      32.01423645019531,
      3.606257915496826,
      5.601250648498535,
      4.364089012145996,
      9.045281410217285,
      6.370165824890137,
      6.317127704620361,
      3.116258144378662,
      8.593111038208008,
      4.988733291625977,
      16.848421096801758,
      13.822700500488281,
      17.28362464904785,
      14.705521583557129,
      15.822821617126465,
      13.245401382446289
    ],
    [
      114.56806182861328,
      130.49386596679688,
      33.574920654296875,
      13.253396987915039,
      11.990592002868652,
      13.452615737915039,
      17.266712188720703,
      18.642560958862305,
      12.669809341430664,
      12.107844352722168,
      13.827092170715332,
      12.603671073913574,
      21.940534591674805,
      20.695199966430664,
      23.874195098876953,
      24.31806755065918,
      25.603214263916016,
      26.10306739807129
    ],
    [
      32.01423645019531,
      33.574920654296875,
      35.94984817504883,
      12.646347999572754,
      14.606569290161133,
      8.754171371459961,
      10.927599906921387,
      6.591128826141357,
      12.119516372680664,
      4.770003318786621,
      13.655354499816895,
      5.45241641998291,
      17.859107971191406,
      10.417349815368652,
      18.787111282348633,
      14.698610305786133,
      21.689985275268555,
      15.942071914672852
    ],
    [
      3.606257915496826,
      13.253396987915039,
      12.646347999572754,
      25.520462036132812,
      12.15379524230957,
      15.962498664855957,
      11.702372550964355,
      14.255868911743164,
      11.922160148620605,
      11.179914474487305,
      11.290740966796875,
      9.172229766845703,
      10.772687911987305,
      8.84511947631836,
      9.301100730895996,
      6.601317882537842,
      8.308773040771484,
      4.704464435577393
    ],
    [
      5.601250648498535,
      11.990592002868652,
      14.606569290161133,
      12.15379524230957,
      40.049110412597656,
      21.750768661499023,
      28.55698013305664,
      19.76614761352539,
      40.21100616455078,
      23.71089744567871,
      40.26593780517578,
      23.05757713317871,
      36.64986801147461,
      23.250253677368164,
      25.617019653320312,
      17.4572696685791,
      21.8502140045166,
      8.022820472717285
    ],
    [
      4.364089012145996,
      13.452615737915039,
      8.754171371459961,
      15.962498664855957,
      21.750768661499023,
      36.971614837646484,
      22.86998176574707,
      29.427492141723633,
      23.61138343811035,
      27.08465003967285,
      21.582780838012695,
      21.92519187927246,
      21.26368522644043,
      20.457971572875977,
      17.659337997436523,
      14.25996208190918,
      13.294620513916016,
      5.071115970611572
    ],
    [
      9.045281410217285,
      17.266712188720703,
      10.927599906921387,
      11.702372550964355,
      28.55698013305664,
      22.86998176574707,
      70.0388412475586,
      45.398887634277344,
      58.23086166381836,
      42.25876235961914,
      58.73502731323242,
      40.82973861694336,
      52.2386474609375,
      39.358280181884766,
      39.008460998535156,
      30.454235076904297,
      34.34373474121094,
      15.72314739227295
    ],
    [
      6.370165824890137,
      18.642560958862305,
      6.591128826141357,
      14.255868911743164,
      19.76614761352539,
      29.427492141723633,
      45.398887634277344,
      61.1427116394043,
      35.535648345947266,
      42.849857330322266,
      33.09840774536133,
      36.50298309326172,
      30.54529571533203,
      33.82477951049805,
      26.051902770996094,
      26.804018020629883,
      22.396808624267578,
      14.360371589660645
    ],
    [
      6.317127704620361,
      12.669809341430664,
      12.119516372680664,
      11.922160148620605,
      40.21100616455078,
      23.61138343811035,
      58.23086166381836,
      35.535648345947266,
      91.7543716430664,
      55.05625915527344,
      84.83554077148438,
      54.56193161010742,
      74.32827758789062,
      51.810096740722656,
      51.09539031982422,
      36.30036544799805,
      43.61139678955078,
      13.855500221252441
    ],
    [
      3.116258144378662,
      12.107844352722168,
      4.770003318786621,
      11.179914474487305,
      23.71089744567871,
      27.08465003967285,
      42.25876235961914,
      42.849857330322266,
      55.05625915527344,
      68.18132781982422,
      51.07251739501953,
      58.19622039794922,
      45.91171646118164,
      53.31192398071289,
      35.586299896240234,
      38.210269927978516,
      30.71909523010254,
      20.111616134643555
    ],
    [
      8.593111038208008,
      13.827092170715332,
      13.655354499816895,
      11.290740966796875,
      40.26593780517578,
      21.582780838012695,
      58.73502731323242,
      33.09840774536133,
      84.83554077148438,
      51.07251739501953,
      97.19609832763672,
      58.6591682434082,
      84.59427642822266,
      57.954750061035156,
      57.79715347290039,
      39.93911361694336,
      50.32928466796875,
      17.12026596069336
    ],
    [
      4.988733291625977,
      12.603671073913574,
      5.45241641998291,
      9.172229766845703,
      23.05757713317871,
      21.92519187927246,
      40.82973861694336,
      36.50298309326172,
      54.56193161010742,
      58.19622039794922,
      58.6591682434082,
      68.43595886230469,
      52.887325286865234,
      61.710594177246094,
      39.115413665771484,
      43.0218620300293,
      35.28935623168945,
      25.644302368164062
    ],
    [
      16.848421096801758,
      21.940534591674805,
      17.859107971191406,
      10.772687911987305,
      36.64986801147461,
      21.26368522644043,
      52.2386474609375,
      30.54529571533203,
      74.32827758789062,
      45.91171646118164,
      84.59427642822266,
      52.887325286865234,
      97.1943588256836,
      62.42351531982422,
      79.26485443115234,
      51.74568557739258,
      73.90025329589844,
      30.018930435180664
    ],
    [
      13.822700500488281,
      20.695199966430664,
      10.417349815368652,
      8.84511947631836,
      23.250253677368164,
      20.457971572875977,
      39.358280181884766,
      33.82477951049805,
      51.810096740722656,
      53.31192398071289,
      57.954750061035156,
      61.710594177246094,
      62.42351531982422,
      75.39839935302734,
      53.800846099853516,
      60.826316833496094,
      54.49087142944336,
      47.035945892333984
    ],
    [
      17.28362464904785,
      23.874195098876953,
      18.787111282348633,
      9.301100730895996,
      25.617019653320312,
      17.659337997436523,
      39.008460998535156,
      26.051902770996094,
      51.09539031982422,
      35.586299896240234,
      57.79715347290039,
      39.115413665771484,
      79.26485443115234,
      53.800846099853516,
      97.43170928955078,
      61.40301513671875,
      98.01283264160156,
      48.29111862182617
    ],
    [
      14.705521583557129,
      24.31806755065918,
      14.698610305786133,
      6.601317882537842,
      17.4572696685791,
      14.25996208190918,
      30.454235076904297,
      26.804018020629883,
      36.30036544799805,
      38.210269927978516,
      39.93911361694336,
      43.0218620300293,
      51.74568557739258,
      60.826316833496094,
      61.40301513671875,
      82.04287719726562,
      72.99310302734375,
      76.94029235839844
    ],
    [
      15.822821617126465,
      25.603214263916016,
      21.689985275268555,
      8.308773040771484,
      21.8502140045166,
      13.294620513916016,
      34.34373474121094,
      22.396808624267578,
      43.61139678955078,
      30.71909523010254,
      50.32928466796875,
      35.28935623168945,
      73.90025329589844,
      54.49087142944336,
      98.01283264160156,
      72.99310302734375,
      126.73509979248047,
      73.58222961425781
    ],
    [
      13.245401382446289,
      26.10306739807129,
      15.942071914672852,
      4.704464435577393,
      8.022820472717285,
      5.071115970611572,
      15.72314739227295,
      14.360371589660645,
      13.855500221252441,
      20.111616134643555,
      17.12026596069336,
      25.644302368164062,
      30.018930435180664,
      47.035945892333984,
      48.29111862182617,
      76.94029235839844,
      73.58222961425781,
      115.10205841064453
    ]
  ],
  "damage": -7.456359386444092,
  "diff_bandwidth": 674.77294921875,
  "dissonance": 8.955851369178884,
  "drr": 10.604284286499023,
  "dynamics": 3.9956846237182617,
  "format": 1245190,
  "frames": 10450880,
  "loudness": -11.384778022766113,
  "loudness_range": 9.496356010437012,
  "loudness_range_short": 15.546952247619629,
  "lowpass_true_peak_15khz": 1.077717661857605,
  "mastering3_acoustic_entropies": [
    {
      "acoustic_entropy": 9.355045318603516,
      "acoustic_entropy_mono": 10.409878730773926,
      "band_eliminated_acoustic_entropies": [
        {
          "acoustic_entropy": 9.07013988494873,
          "acoustic_entropy_side": 9.355034828186035,
          "hz": 129.47220167065723
        },
        {
          "acoustic_entropy": 8.632086753845215,
          "acoustic_entropy_side": 9.35546588897705,
          "hz": 202.92927478742237
        },
        {
          "acoustic_entropy": 9.367729187011719,
          "acoustic_entropy_side": 9.37387752532959,
          "hz": 282.89161906338205
        },
        {
          "acoustic_entropy": 10.047412872314453,
          "acoustic_entropy_side": 9.372781753540039,
          "hz": 369.9353335868758
        },
        {
          "acoustic_entropy": 9.677532196044922,
          "acoustic_entropy_side": 9.397257804870605,
          "hz": 464.6875360973435
        },
        {
          "acoustic_entropy": 9.62981128692627,
          "acoustic_entropy_side": 9.332926750183105,
          "hz": 567.8308811364784
        },
        {
          "acoustic_entropy": 9.828869819641113,
          "acoustic_entropy_side": 9.26431655883789,
          "hz": 680.1084783214808
        },
        {
          "acoustic_entropy": 9.700228691101074,
          "acoustic_entropy_side": 9.29173755645752,
          "hz": 802.3292461747484
        },
        {
          "acoustic_entropy": 10.282981872558594,
          "acoustic_entropy_side": 9.355819702148438,
          "hz": 935.3737400823702
        },
        {
          "acoustic_entropy": 9.006617546081543,
          "acoustic_entropy_side": 9.284407615661621,
          "hz": 1080.2004963696966
        },
        {
          "acoustic_entropy": 9.612853050231934,
          "acoustic_entropy_side": 9.46954345703125,
          "hz": 1237.8529382007157
        },
        {
          "acoustic_entropy": 9.70914077758789,
          "acoustic_entropy_side": 9.395748138427734,
          "hz": 1409.4668930556702
        },
        {
          "acoustic_entropy": 9.636255264282227,
          "acoustic_entropy_side": 9.388919830322266,
          "hz": 1596.2787759475705
        },
        {
          "acoustic_entropy": 9.721292495727539,
          "acoustic_entropy_side": 9.375273704528809,
          "hz": 1799.6344973346393
        },
        {
          "acoustic_entropy": 9.279858589172363,
          "acoustic_entropy_side": 9.320072174072266,
          "hz": 2020.9991599069049
        },
        {
          "acoustic_entropy": 9.544060707092285,
          "acoustic_entropy_side": 9.458487510681152,
          "hz": 2261.9676141086993
        },
        {
          "acoustic_entropy": 9.438878059387207,
          "acoustic_entropy_side": 9.433551788330078,
          "hz": 2524.2759484456974
        },
        {
          "acoustic_entropy": 9.117223739624023,
          "acoustic_entropy_side": 9.266454696655273,
          "hz": 2809.813997359896
        },
        {
          "acoustic_entropy": 9.251712799072266,
          "acoustic_entropy_side": 9.286540031433105,
          "hz": 3120.6389567871424
        },
        {
          "acoustic_entropy": 9.26390266418457,
          "acoustic_entropy_side": 9.267477989196777,
          "hz": 3458.990205492291
        },
        {
          "acoustic_entropy": 9.277118682861328,
          "acoustic_entropy_side": 9.273838996887207,
          "hz": 3827.305438964164
        },
        {
          "acoustic_entropy": 9.225329399108887,
          "acoustic_entropy_side": 9.289628982543945,
          "hz": 4228.238232109126
        },
        {
          "acoustic_entropy": 9.196427345275879,
          "acoustic_entropy_side": 9.256074905395508,
          "hz": 4664.6771572759235
        },
        {
          "acoustic_entropy": 9.2761869430542,
          "acoustic_entropy_side": 9.26675033569336,
          "hz": 5139.766595350093
        },
        {
          "acoustic_entropy": 9.35385799407959,
          "acoustic_entropy_side": 9.327065467834473,
          "hz": 5656.929389854203
        },
        {
          "acoustic_entropy": 9.387024879455566,
          "acoustic_entropy_side": 9.347332000732422,
          "hz": 6219.891507268283
        },
        {
          "acoustic_entropy": 9.452194213867188,
          "acoustic_entropy_side": 9.3558931350708,
          "hz": 6832.70888123896
        },
        {
          "acoustic_entropy": 9.468204498291016,
          "acoustic_entropy_side": 9.350379943847656,
          "hz": 7499.796634079867
        },
        {
          "acoustic_entropy": 9.454790115356445,
          "acoustic_entropy_side": 9.352293968200684,
          "hz": 8225.96088609342
        },
        {
          "acoustic_entropy": 9.422797203063965,
          "acoustic_entropy_side": 9.359295845031738,
          "hz": 9016.43338188839
        },
        {
          "acoustic_entropy": 9.381364822387695,
          "acoustic_entropy_side": 9.365252494812012,
          "hz": 9876.909183162974
        },
        {
          "acoustic_entropy": 9.416975021362305,
          "acoustic_entropy_side": 9.369776725769043,
          "hz": 10813.587699516042
        },
        {
          "acoustic_entropy": 9.349982261657715,
          "acoustic_entropy_side": 9.37710952758789,
          "hz": 11833.21735289826
        },
        {
          "acoustic_entropy": 9.304790496826172,
          "acoustic_entropy_side": 9.385998725891113,
          "hz": 12943.144197493959
        },
        {
          "acoustic_entropy": 9.276805877685547,
          "acoustic_entropy_side": 9.383853912353516,
          "hz": 14151.364845322005
        },
        {
          "acoustic_entropy": 9.435561180114746,
          "acoustic_entropy_side": 9.373021125793457,
          "hz": 15466.58407886509
        },
        {
          "acoustic_entropy": 9.486879348754883,
          "acoustic_entropy_side": 9.362090110778809,
          "hz": 16898.27756580493
        },
        {
          "acoustic_entropy": 9.432873725891113,
          "acoustic_entropy_side": 9.356454849243164,
          "hz": 18456.760127700032
        },
        {
          "acoustic_entropy": 9.523980140686035,
          "acoustic_entropy_side": 9.355164527893066,
          "hz": 20153.260054456492
        },
        {
          "acoustic_entropy": 9.415573120117188,
          "acoustic_entropy_side": 9.355047225952148,
          "hz": 22000.00000000001
        }
      ],
      "diff_acoustic_entropy": 9.396553039550781,
      "sn": 6
    },
    {
      "acoustic_entropy": 15.481523513793945,
      "acoustic_entropy_mono": 14.924919128417969,
      "band_eliminated_acoustic_entropies": [
        {
          "acoustic_entropy": 14.884828567504883,
          "acoustic_entropy_side": 15.481178283691406,
          "hz": 129.47220167065723
        },
        {
          "acoustic_entropy": 15.25388240814209,
          "acoustic_entropy_side": 15.471299171447754,
          "hz": 202.92927478742237
        },
        {
          "acoustic_entropy": 15.22074031829834,
          "acoustic_entropy_side": 15.480864524841309,
          "hz": 282.89161906338205
        },
        {
          "acoustic_entropy": 15.907630920410156,
          "acoustic_entropy_side": 15.651415824890137,
          "hz": 369.9353335868758
        },
        {
          "acoustic_entropy": 15.72488784790039,
          "acoustic_entropy_side": 15.64525318145752,
          "hz": 464.6875360973435
        },
        {
          "acoustic_entropy": 15.401840209960938,
          "acoustic_entropy_side": 15.83661937713623,
          "hz": 567.8308811364784
        },
        {
          "acoustic_entropy": 14.441287994384766,
          "acoustic_entropy_side": 15.150678634643555,
          "hz": 680.1084783214808
        },
        {
          "acoustic_entropy": 14.955682754516602,
          "acoustic_entropy_side": 15.048276901245117,
          "hz": 802.3292461747484
        },
        {
          "acoustic_entropy": 15.054601669311523,
          "acoustic_entropy_side": 15.404220581054688,
          "hz": 935.3737400823702
        },
        {
          "acoustic_entropy": 15.303718566894531,
          "acoustic_entropy_side": 15.66727352142334,
          "hz": 1080.2004963696966
        },
        {
          "acoustic_entropy": 15.425161361694336,
          "acoustic_entropy_side": 15.518613815307617,
          "hz": 1237.8529382007157
        },
        {
          "acoustic_entropy": 15.220830917358398,
          "acoustic_entropy_side": 15.466204643249512,
          "hz": 1409.4668930556702
        },
        {
          "acoustic_entropy": 15.438380241394043,
          "acoustic_entropy_side": 15.584931373596191,
          "hz": 1596.2787759475705
        },
        {
          "acoustic_entropy": 15.150914192199707,
          "acoustic_entropy_side": 15.546590805053711,
          "hz": 1799.6344973346393
        },
        {
          "acoustic_entropy": 15.049848556518555,
          "acoustic_entropy_side": 15.376060485839844,
          "hz": 2020.9991599069049
        },
        {
          "acoustic_entropy": 15.487335205078125,
          "acoustic_entropy_side": 15.72738265991211,
          "hz": 2261.9676141086993
        },
        {
          "acoustic_entropy": 14.9882173538208,
          "acoustic_entropy_side": 15.567543029785156,
          "hz": 2524.2759484456974
        },
        {
          "acoustic_entropy": 15.083585739135742,
          "acoustic_entropy_side": 15.289022445678711,
          "hz": 2809.813997359896
        },
        {
          "acoustic_entropy": 15.391548156738281,
          "acoustic_entropy_side": 15.387054443359375,
          "hz": 3120.6389567871424
        },
        {
          "acoustic_entropy": 15.432109832763672,
          "acoustic_entropy_side": 15.445329666137695,
          "hz": 3458.990205492291
        },
        {
          "acoustic_entropy": 15.454180717468262,
          "acoustic_entropy_side": 15.369457244873047,
          "hz": 3827.305438964164
        },
        {
          "acoustic_entropy": 15.38497543334961,
          "acoustic_entropy_side": 15.351734161376953,
          "hz": 4228.238232109126
        },
        {
          "acoustic_entropy": 15.392370223999023,
          "acoustic_entropy_side": 15.277636528015137,
          "hz": 4664.6771572759235
        },
        {
          "acoustic_entropy": 15.26866340637207,
          "acoustic_entropy_side": 15.336225509643555,
          "hz": 5139.766595350093
        },
        {
          "acoustic_entropy": 15.330253601074219,
          "acoustic_entropy_side": 15.363166809082031,
          "hz": 5656.929389854203
        },
        {
          "acoustic_entropy": 15.381611824035645,
          "acoustic_entropy_side": 15.43986988067627,
          "hz": 6219.891507268283
        },
        {
          "acoustic_entropy": 15.330216407775879,
          "acoustic_entropy_side": 15.464786529541016,
          "hz": 6832.70888123896
        },
        {
          "acoustic_entropy": 15.19326400756836,
          "acoustic_entropy_side": 15.415482521057129,
          "hz": 7499.796634079867
        },
        {
          "acoustic_entropy": 15.246092796325684,
          "acoustic_entropy_side": 15.390249252319336,
          "hz": 8225.96088609342
        },
        {
          "acoustic_entropy": 15.186247825622559,
          "acoustic_entropy_side": 15.524835586547852,
          "hz": 9016.43338188839
        },
        {
          "acoustic_entropy": 15.316320419311523,
          "acoustic_entropy_side": 15.595548629760742,
          "hz": 9876.909183162974
        },
        {
          "acoustic_entropy": 15.357978820800781,
          "acoustic_entropy_side": 15.61852741241455,
          "hz": 10813.587699516042
        },
        {
          "acoustic_entropy": 15.602141380310059,
          "acoustic_entropy_side": 15.643096923828125,
          "hz": 11833.21735289826
        },
        {
          "acoustic_entropy": 15.61571979522705,
          "acoustic_entropy_side": 15.650238037109375,
          "hz": 12943.144197493959
        },
        {
          "acoustic_entropy": 15.594082832336426,
          "acoustic_entropy_side": 15.663803100585938,
          "hz": 14151.364845322005
        },
        {
          "acoustic_entropy": 15.645878791809082,
          "acoustic_entropy_side": 15.660418510437012,
          "hz": 15466.58407886509
        },
        {
          "acoustic_entropy": 15.115286827087402,
          "acoustic_entropy_side": 15.577043533325195,
          "hz": 16898.27756580493
        },
        {
          "acoustic_entropy": 14.932209014892578,
          "acoustic_entropy_side": 15.505867004394531,
          "hz": 18456.760127700032
        },
        {
          "acoustic_entropy": 15.118279457092285,
          "acoustic_entropy_side": 15.481894493103027,
          "hz": 20153.260054456492
        },
        {
          "acoustic_entropy": 15.207320213317871,
          "acoustic_entropy_side": 15.481477737426758,
          "hz": 22000.00000000001
        }
      ],
      "diff_acoustic_entropy": 14.429767608642578,
      "sn": 12
    },
    {
      "acoustic_entropy": 22.751853942871094,
      "acoustic_entropy_mono": 19.766490936279297,
      "band_eliminated_acoustic_entropies": [
        {
          "acoustic_entropy": 21.352245330810547,
          "acoustic_entropy_side": 22.754974365234375,
          "hz": 129.47220167065723
        },
        {
          "acoustic_entropy": 22.17705535888672,
          "acoustic_entropy_side": 22.919511795043945,
          "hz": 202.92927478742237
        },
        {
          "acoustic_entropy": 24.130163192749023,
          "acoustic_entropy_side": 23.797258377075195,
          "hz": 282.89161906338205
        },
        {
          "acoustic_entropy": 23.379467010498047,
          "acoustic_entropy_side": 23.202098846435547,
          "hz": 369.9353335868758
        },
        {
          "acoustic_entropy": 22.212953567504883,
          "acoustic_entropy_side": 22.519832611083984,
          "hz": 464.6875360973435
        },
        {
          "acoustic_entropy": 22.8026065826416,
          "acoustic_entropy_side": 23.35789680480957,
          "hz": 567.8308811364784
        },
        {
          "acoustic_entropy": 22.490320205688477,
          "acoustic_entropy_side": 22.80160140991211,
          "hz": 680.1084783214808
        },
        {
          "acoustic_entropy": 22.81143569946289,
          "acoustic_entropy_side": 22.808761596679688,
          "hz": 802.3292461747484
        },
        {
          "acoustic_entropy": 22.047557830810547,
          "acoustic_entropy_side": 23.215534210205078,
          "hz": 935.3737400823702
        },
        {
          "acoustic_entropy": 22.497318267822266,
          "acoustic_entropy_side": 22.893339157104492,
          "hz": 1080.2004963696966
        },
        {
          "acoustic_entropy": 22.31012725830078,
          "acoustic_entropy_side": 22.42343521118164,
          "hz": 1237.8529382007157
        },
        {
          "acoustic_entropy": 22.242298126220703,
          "acoustic_entropy_side": 22.697376251220703,
          "hz": 1409.4668930556702
        },
        {
          "acoustic_entropy": 23.59467124938965,
          "acoustic_entropy_side": 22.93703842163086,
          "hz": 1596.2787759475705
        },
        {
          "acoustic_entropy": 23.346195220947266,
          "acoustic_entropy_side": 22.872835159301758,
          "hz": 1799.6344973346393
        },
        {
          "acoustic_entropy": 22.112714767456055,
          "acoustic_entropy_side": 22.627580642700195,
          "hz": 2020.9991599069049
        },
        {
          "acoustic_entropy": 23.812091827392578,
          "acoustic_entropy_side": 22.739919662475586,
          "hz": 2261.9676141086993
        },
        {
          "acoustic_entropy": 22.499191284179688,
          "acoustic_entropy_side": 22.690044403076172,
          "hz": 2524.2759484456974
        },
        {
          "acoustic_entropy": 22.979528427124023,
          "acoustic_entropy_side": 22.823688507080078,
          "hz": 2809.813997359896
        },
        {
          "acoustic_entropy": 22.837398529052734,
