{
  "acoustic_entropy": 29.00267791748047,
  "bands": [
    {
      "high_freq": 148.1999969482422,
      "loudness": -22.06941795349121,
      "loudness_range": 14.179049491882324,
      "mid_mean": -19.8199520111084,
      "mid_to_side_loudness": -6.444261074066162,
      "mid_to_side_loudness_range": 7.135102272033691,
      "side_mean": -25.667633056640625
    },
    {
      "high_freq": 392.3793640136719,
      "loudness": -38.670921325683594,
      "loudness_range": 14.615043640136719,
      "low_freq": 148.1999969482422,
      "mid_mean": -36.269615173339844,
      "mid_to_side_loudness": -4.80904483795166,
      "mid_to_side_loudness_range": 7.497427940368652,
      "side_mean": -41.529788970947266
    },
    {
      "high_freq": 794.6976318359375,
      "loudness": -54.13410568237305,
      "loudness_range": 19.726730346679688,
      "low_freq": 392.3793640136719,
      "mid_mean": -53.541927337646484,
      "mid_to_side_loudness": -2.3504397869110107,
      "mid_to_side_loudness_range": 8.216143608093262,
      "side_mean": -55.87471389770508
    },
    {
      "high_freq": 1457.5709228515625,
      "loudness": -56.313323974609375,
      "loudness_range": 18.895015716552734,
      "low_freq": 794.6976318359375,
      "mid_mean": -55.767696380615234,
      "mid_to_side_loudness": -1.2630259990692139,
      "mid_to_side_loudness_range": 10.367929458618164,
      "side_mean": -57.237247467041016
    },
    {
      "high_freq": 2549.74365234375,
      "loudness": -56.954837799072266,
      "loudness_range": 17.917205810546875,
      "low_freq": 1457.5709228515625,
      "mid_mean": -56.809326171875,
      "mid_to_side_loudness": 0.4899548590183258,
      "mid_to_side_loudness_range": 8.799081802368164,
      "side_mean": -56.647735595703125
    },
    {
      "high_freq": 4349.24462890625,
      "loudness": -51.601097106933594,
      "loudness_range": 17.834205627441406,
      "low_freq": 2549.74365234375,
      "mid_mean": -52.530277252197266,
      "mid_to_side_loudness": 0.9286140203475952,
      "mid_to_side_loudness_range": 8.281451225280762,
      "side_mean": -51.82402420043945
    },
    {
      "high_freq": 7314.1640625,
      "loudness": -46.258975982666016,
      "loudness_range": 18.222801208496094,
      "low_freq": 4349.24462890625,
      "mid_mean": -45.48790740966797,
      "mid_to_side_loudness": -0.82050621509552,
      "mid_to_side_loudness_range": 8.326390266418457,
      "side_mean": -46.972625732421875
    },
    {
      "high_freq": 12199.2666015625,
      "loudness": -46.82675552368164,
      "loudness_range": 16.312515258789062,
      "low_freq": 7314.1640625,
      "mid_mean": -45.87382888793945,
      "mid_to_side_loudness": -0.9197821021080017,
      "mid_to_side_loudness_range": 6.885486602783203,
      "side_mean": -47.42534637451172
    },
    {
      "loudness": -48.056495666503906,
      "loudness_range": 21.206058502197266,
      "low_freq": 12199.2666015625,
      "mid_mean": -47.21015930175781,
      "mid_to_side_loudness": -2.4848287105560303,
      "mid_to_side_loudness_range": 8.845614433288574,
      "side_mean": -50.84688186645508
    }
  ],
  "bands_short": [
    {
      "high_freq": 148.1999969482422,
      "loudness": -23.92873191833496,
      "loudness_range": 18.706649780273438,
      "mid_mean": -21.81888198852539,
      "mid_to_side_loudness": -5.537686347961426,
      "mid_to_side_loudness_range": 9.422338485717773,
      "side_mean": -27.970129013061523
    },
    {
      "high_freq": 392.3793640136719,
      "loudness": -33.46637725830078,
      "loudness_range": 19.224027633666992,
      "low_freq": 148.1999969482422,
      "mid_mean": -30.94686508178711,
      "mid_to_side_loudness": -4.896786212921143,
      "mid_to_side_loudness_range": 8.390275001525879,
      "side_mean": -37.460533142089844
    },
    {
      "high_freq": 794.6976318359375,
      "loudness": -56.412940979003906,
      "loudness_range": 24.40340805053711,
      "low_freq": 392.3793640136719,
      "mid_mean": -55.30342483520508,
      "mid_to_side_loudness": -2.534120798110962,
      "mid_to_side_loudness_range": 9.90345573425293,
      "side_mean": -57.78398513793945
    },
    {
      "high_freq": 1457.5709228515625,
      "loudness": -60.91011428833008,
      "loudness_range": 25.033916473388672,
      "low_freq": 794.6976318359375,
      "mid_mean": -59.686988830566406,
      "mid_to_side_loudness": 0.412129670381546,
      "mid_to_side_loudness_range": 10.852182388305664,
      "side_mean": -59.956111907958984
    },
    {
      "high_freq": 2549.74365234375,
      "loudness": -60.7667121887207,
      "loudness_range": 24.41710662841797,
      "low_freq": 1457.5709228515625,
      "mid_mean": -61.07292556762695,
      "mid_to_side_loudness": 3.3442063331604004,
      "mid_to_side_loudness_range": 9.979504585266113,
      "side_mean": -58.881614685058594
    },
    {
      "high_freq": 4349.24462890625,
      "loudness": -56.524105072021484,
      "loudness_range": 26.368694305419922,
      "low_freq": 2549.74365234375,
      "mid_mean": -57.695133209228516,
      "mid_to_side_loudness": 3.0723321437835693,
      "mid_to_side_loudness_range": 8.572044372558594,
      "side_mean": -55.278873443603516
    },
    {
      "high_freq": 7314.1640625,
      "loudness": -52.39836883544922,
      "loudness_range": 29.226661682128906,
      "low_freq": 4349.24462890625,
      "mid_mean": -54.431522369384766,
      "mid_to_side_loudness": 2.1651673316955566,
      "mid_to_side_loudness_range": 8.717918395996094,
      "side_mean": -52.78006362915039
    },
    {
      "high_freq": 12199.2666015625,
      "loudness": -52.809940338134766,
      "loudness_range": 29.540992736816406,
      "low_freq": 7314.1640625,
      "mid_mean": -55.25200653076172,
      "mid_to_side_loudness": 2.1909947395324707,
      "mid_to_side_loudness_range": 7.860154151916504,
      "side_mean": -53.6287841796875
    },
    {
      "loudness": -58.1248779296875,
      "loudness_range": 34.251529693603516,
      "low_freq": 12199.2666015625,
      "mid_mean": -57.62714767456055,
      "mid_to_side_loudness": 1.523200273513794,
      "mid_to_side_loudness_range": 9.468855857849121,
      "side_mean": -56.98485565185547
    }
  ],
  "bandwidth": 142.0631866455078,
  "channels": 2,
  "covariance": [
    [
      42.655704498291016,
      28.238418579101562,
      4.7982001304626465,
      9.547600746154785,
      -0.5283253788948059,
      3.167989492416382,
      -2.409470796585083,
      -4.342663288116455,
      -7.234499931335449,
      -1.720949411392212,
      -5.67062520980835,
      -0.7362311482429504,
      -6.65735387802124,
      -0.4027417004108429,
      -4.099063873291016,
      1.2284154891967773,
      -0.4758943021297455,
      1.948012351989746
    ],
    [
      28.238418579101562,
      27.374725341796875,
      3.8299145698547363,
      4.294572830200195,
      0.5868802666664124,
      -0.17618021368980408,
      4.555445671081543,
      0.5364329218864441,
      -1.3002169132232666,
      -0.3751181960105896,
      -2.1755833625793457,
      -0.3985121250152588,
      -3.019862413406372,
      -2.200939655303955,
      -2.9481594562530518,
      -1.4185130596160889,
      -4.490096092224121,
      -3.3425815105438232
    ],
    [
      4.7982001304626465,
      3.8299145698547363,
      31.427349090576172,
      27.991106033325195,
      22.951370239257812,
      17.700834274291992,
      10.878897666931152,
      7.104724407196045,
      6.354957580566406,
      8.529558181762695,
      9.029071807861328,
      8.581467628479004,
      8.680717468261719,
      9.44848918914795,
      7.9314188957214355,
      9.288540840148926,
      10.893723487854004,
      9.499608993530273
    ],
    [
      9.547600746154785,
      4.294572830200195,
      27.991106033325195,
      29.735883712768555,
      21.037639617919922,
      19.696640014648438,
      6.2608232498168945,
      4.508599281311035,
      3.7196903228759766,
      8.535478591918945,
      8.066429138183594,
      9.873323440551758,
      8.203620910644531,
      12.502614974975586,
      8.314501762390137,
      13.283818244934082,
      16.11573600769043,
      15.275864601135254
    ],
    [
      -0.5283253788948059,
      0.5868802666664124,
      22.951370239257812,
      21.037639617919922,
      57.625030517578125,
      46.05082321166992,
      43.616065979003906,
      37.45586013793945,
      40.67170333862305,
      36.29910659790039,
      49.43806076049805,
      42.858280181884766,
      30.14335060119629,
      29.304174423217773,
      24.789169311523438,
      26.71009063720703,
      41.42145538330078,
      47.164676666259766
    ],
    [
      3.167989492416382,
      -0.17618021368980408,
      17.700834274291992,
      19.696640014648438,
      46.05082321166992,
      41.159950256347656,
      32.78005599975586,
      30.165145874023438,
      33.03218078613281,
      32.08221435546875,
      42.12761688232422,
      38.48712158203125,
      26.571033477783203,
      28.740827560424805,
      24.52710723876953,
      27.57907485961914,
      41.566650390625,
      46.882118225097656
    ],
    [
      -2.409470796585083,
      4.555445671081543,
      10.878897666931152,
      6.2608232498168945,
      43.616065979003906,
      32.78005599975586,
      49.33584976196289,
      40.43488693237305,
      43.09708023071289,
      34.65855026245117,
      48.27621841430664,
      38.69900131225586,
      31.359769821166992,
      24.110280990600586,
      24.460941314697266,
      21.46683692932129,
      33.69178771972656,
      38.22416687011719
    ],
    [
      -4.342663288116455,
      0.5364329218864441,
      7.104724407196045,
      4.508599281311035,
      37.45586013793945,
      30.165145874023438,
      40.43488693237305,
      35.4675178527832,
      38.808528900146484,
      32.21931457519531,
      44.28376388549805,
      35.92287063598633,
      30.321521759033203,
      24.099563598632812,
      25.215436935424805,
      21.8419246673584,
      34.18732833862305,
      37.791378021240234
    ],
    [
      -7.234499931335449,
      -1.3002169132232666,
      6.354957580566406,
      3.7196903228759766,
      40.67170333862305,
      33.03218078613281,
      43.09708023071289,
      38.808528900146484,
      45.7677116394043,
      36.56326675415039,
      51.994239807128906,
      41.43677520751953,
      39.806941986083984,
      30.62085723876953,
      34.147438049316406,
      28.320297241210938,
      44.5863037109375,
      45.50983428955078
    ],
    [
      -1.720949411392212,
      -0.3751181960105896,
      8.529558181762695,
      8.535478591918945,
      36.29910659790039,
      32.08221435546875,
      34.65855026245117,
      32.21931457519531,
      36.56326675415039,
      34.59153366088867,
      44.18809509277344,
      38.13785934448242,
      30.550052642822266,
      26.726369857788086,
      26.813617706298828,
      25.39531707763672,
      36.746822357177734,
      41.71119689941406
    ],
    [
      -5.67062520980835,
      -2.1755833625793457,
      9.029071807861328,
      8.066429138183594,
      49.43806076049805,
      42.12761688232422,
      48.27621841430664,
      44.28376388549805,
      51.994239807128906,
      44.18809509277344,
      62.45294952392578,
      51.78908157348633,
      45.056541442871094,
      38.2227668762207,
      39.28539276123047,
      35.47113037109375,
      55.94369125366211,
      58.769317626953125
    ],
    [
      -0.7362311482429504,
      -0.3985121250152588,
      8.581467628479004,
      9.873323440551758,
      42.858280181884766,
      38.48712158203125,
      38.69900131225586,
      35.92287063598633,
      41.43677520751953,
      38.13785934448242,
      51.78908157348633,
      46.803428649902344,
      32.482261657714844,
      32.06563186645508,
      29.67495346069336,
      30.564970016479492,
      46.068965911865234,
      53.62514114379883
    ],
    [
      -6.65735387802124,
      -3.019862413406372,
      8.680717468261719,
      8.203620910644531,
      30.14335060119629,
      26.571033477783203,
      31.359769821166992,
      30.321521759033203,
      39.806941986083984,
      30.550052642822266,
      45.056541442871094,
      32.482261657714844,
      51.572635650634766,
      37.269287109375,
      45.27252960205078,
      37.12687301635742,
      53.716217041015625,
      42.35939407348633
    ],
    [
      -0.4027417004108429,
      -2.200939655303955,
      9.44848918914795,
      12.502614974975586,
      29.304174423217773,
      28.740827560424805,
      24.110280990600586,
      24.099563598632812,
      30.62085723876953,
      26.726369857788086,
      38.2227668762207,
      32.06563186645508,
      37.269287109375,
      40.0035285949707,
      34.995033264160156,
      38.01051712036133,
      53.28398513793945,
      44.30623245239258
    ],
    [
      -4.099063873291016,
      -2.9481594562530518,
      7.9314188957214355,
      8.314501762390137,
      24.789169311523438,
      24.52710723876953,
      24.460941314697266,
      25.215436935424805,
      34.147438049316406,
      26.813617706298828,
      39.28539276123047,
      29.67495346069336,
      45.27252960205078,
      34.995033264160156,
      44.82167053222656,
      35.5817985534668,
      52.35320281982422,
      42.614383697509766
    ],
    [
      1.2284154891967773,
      -1.4185130596160889,
      9.288540840148926,
      13.283818244934082,
      26.71009063720703,
      27.57907485961914,
      21.46683692932129,
      21.8419246673584,
      28.320297241210938,
      25.39531707763672,
      35.47113037109375,
      30.564970016479492,
      37.12687301635742,
      38.01051712036133,
      35.5817985534668,
      40.161354064941406,
      52.12382888793945,
      44.25822067260742
    ],
    [
      -0.4758943021297455,
      -4.490096092224121,
      10.893723487854004,
      16.11573600769043,
      41.42145538330078,
      41.566650390625,
      33.69178771972656,
      34.18732833862305,
      44.5863037109375,
      36.746822357177734,
      55.94369125366211,
      46.068965911865234,
      53.716217041015625,
      53.28398513793945,
      52.35320281982422,
      52.12382888793945,
      83.361083984375,
      67.59554290771484
    ],
    [
      1.948012351989746,
      -3.3425815105438232,
      9.499608993530273,
      15.275864601135254,
      47.164676666259766,
      46.882118225097656,
      38.22416687011719,
      37.791378021240234,
      45.50983428955078,
      41.71119689941406,
      58.769317626953125,
      53.62514114379883,
      42.35939407348633,
      44.30623245239258,
      42.614383697509766,
      44.25822067260742,
      67.59554290771484,
      72.38361358642578
    ]
  ],
  "covariance_short": [
    [
      63.02000045776367,
      56.960750579833984,
      9.76620101928711,
      10.41341781616211,
      3.216001510620117,
      1.330539345741272,
      7.340692520141602,
      0.5207761526107788,
      -5.1246562004089355,
      -2.10504412651062,
      -6.502482891082764,
      -2.1528425216674805,
      -7.5713629722595215,
      -4.278198719024658,
      -5.929169178009033,
      -1.8944206237792969,
      -8.641493797302246,
      -4.955268383026123
    ],
    [
      56.960750579833984,
      54.81399154663086,
      9.525850296020508,
      9.009355545043945,
      3.8189947605133057,
      0.695557713508606,
      9.508984565734863,
      2.2665112018585205,
      -2.8927249908447266,
      -1.1821048259735107,
      -4.7994537353515625,
      -1.2825595140457153,
      -5.687075614929199,
      -3.871981382369995,
      -4.642698764801025,
      -1.8807024955749512,
      -8.480851173400879,
      -5.769429683685303
    ],
    [
      9.76620101928711,
      9.525850296020508,
      48.873008728027344,
      45.66176223754883,
      23.745481491088867,
      17.02140998840332,
      17.035322189331055,
      9.844593048095703,
      7.455081462860107,
      8.18792724609375,
      6.553989887237549,
      7.662743091583252,
      6.656005859375,
      5.751561641693115,
      6.228408336639404,
      6.563117980957031,
      6.494356155395508,
      5.828104496002197
    ],
    [
      10.41341781616211,
      9.009355545043945,
      45.66176223754883,
      60.27404022216797,
      34.52655792236328,
      25.37949562072754,
      20.413053512573242,
      11.411742210388184,
      13.024951934814453,
      14.060014724731445,
      16.062557220458984,
      18.244709014892578,
      19.42138671875,
      19.157772064208984,
      20.19748878479004,
      21.495344161987305,
      17.934223175048828,
      15.647594451904297
    ],
    [
      3.216001510620117,
      3.8189947605133057,
      23.745481491088867,
      34.52655792236328,
      73.49161529541016,
      59.52747344970703,
      54.20234680175781,
      42.97636795043945,
      48.70945358276367,
      42.7896842956543,
      57.41790771484375,
      52.5260009765625,
      70.50701141357422,
      61.996341705322266,
      69.00459289550781,
      62.80816650390625,
      68.10235595703125,
      56.289669036865234
    ],
    [
      1.330539345741272,
      0.695557713508606,
      17.02140998840332,
      25.37949562072754,
      59.52747344970703,
      53.55712890625,
      48.947967529296875,
      41.02120590209961,
      46.60405349731445,
      40.65330505371094,
      54.86927795410156,
      49.09000015258789,
      67.49378967285156,
      58.47978210449219,
      66.81170654296875,
      59.86416244506836,
      69.05660247802734,
      57.61006546020508
    ],
    [
      7.340692520141602,
      9.508984565734863,
      17.035322189331055,
      20.413053512573242,
      54.20234680175781,
      48.947967529296875,
      68.14923858642578,
      53.826202392578125,
      58.154109954833984,
      46.71842956542969,
      64.26201629638672,
      54.056026458740234,
      78.43844604492188,
      63.024410247802734,
      77.45658874511719,
      65.12229919433594,
      80.54824829101562,
      64.89347076416016
    ],
    [
      0.5207761526107788,
      2.2665112018585205,
      9.844593048095703,
      11.411742210388184,
      42.97636795043945,
      41.02120590209961,
      53.826202392578125,
      46.83052062988281,
      50.94019317626953,
      41.88912582397461,
      57.23466873168945,
      47.99142074584961,
      69.98763275146484,
      56.65260314941406,
      68.52934265136719,
      57.895294189453125,
      72.07382202148438,
      58.73406982421875
    ],
    [
      -5.1246562004089355,
      -2.8927249908447266,
      7.455081462860107,
      13.024951934814453,
      48.70945358276367,
      46.60405349731445,
      58.154109954833984,
      50.94019317626953,
      64.0400390625,
      51.17505645751953,
      71.8493423461914,
      58.788665771484375,
      87.20063018798828,
      69.46792602539062,
      85.30534362792969,
      70.24777221679688,
      91.93634033203125,
      72.96202850341797
    ],
    [
      -2.10504412651062,
      -1.1821048259735107,
      8.18792724609375,
      14.060014724731445,
      42.7896842956543,
      40.65330505371094,
      46.71842956542969,
      41.88912582397461,
      51.17505645751953,
      46.3706169128418,
      60.191585540771484,
      52.413700103759766,
      72.54676055908203,
      60.838417053222656,
      70.69110870361328,
      61.56410217285156,
      73.24848937988281,
      60.233036041259766
    ],
    [
      -6.502482891082764,
      -4.7994537353515625,
      6.553989887237549,
      16.062557220458984,
      57.41790771484375,
      54.86927795410156,
      64.26201629638672,
      57.23466873168945,
      71.8493423461914,
      60.191585540771484,
      85.27684783935547,
      71.83638763427734,
      103.88327026367188,
      85.28958892822266,
      101.81305694580078,
      86.2984390258789,
      107.2794189453125,
      86.17371368408203
    ],
    [
      -2.1528425216674805,
      -1.2825595140457153,
      7.662743091583252,
      18.244709014892578,
      52.5260009765625,
      49.09000015258789,
      54.056026458740234,
      47.99142074584961,
      58.788665771484375,
      52.413700103759766,
      71.83638763427734,
      65.7226333618164,
      88.3096923828125,
      76.94014739990234,
      87.3953628540039,
      78.4800033569336,
      87.60450744628906,
      72.88286590576172
    ],
    [
      -7.5713629722595215,
      -5.687075614929199,
      6.656005859375,
      19.42138671875,
      70.50701141357422,
      67.49378967285156,
      78.43844604492188,
      69.98763275146484,
      87.20063018798828,
      72.54676055908203,
      103.88327026367188,
      88.3096923828125,
      129.85911560058594,
      107.62541198730469,
      127.70555114746094,
      109.3951187133789,
      133.7828369140625,
      107.93350982666016
    ],
    [
      -4.278198719024658,
      -3.871981382369995,
      5.751561641693115,
      19.157772064208984,
      61.996341705322266,
      58.47978210449219,
      63.024410247802734,
      56.65260314941406,
      69.46792602539062,
      60.838417053222656,
      85.28958892822266,
      76.94014739990234,
      107.62541198730469,
      94.88323211669922,
      106.84513092041016,
      96.67169189453125,
      107.82921600341797,
      90.07359313964844
    ],
    [
      -5.929169178009033,
      -4.642698764801025,
      6.228408336639404,
      20.19748878479004,
      69.00459289550781,
      66.81170654296875,
      77.45658874511719,
      68.52934265136719,
      85.30534362792969,
      70.69110870361328,
      101.81305694580078,
      87.3953628540039,
      127.70555114746094,
      106.84513092041016,
      127.81262969970703,
      109.99980926513672,
      133.54437255859375,
      108.34654998779297
    ],
    [
      -1.8944206237792969,
      -1.8807024955749512,
      6.563117980957031,
      21.495344161987305,
      62.80816650390625,
      59.86416244506836,
      65.12229919433594,
      57.895294189453125,
      70.24777221679688,
      61.56410217285156,
      86.2984390258789,
      78.4800033569336,
      109.3951187133789,
      96.67169189453125,
      109.99980926513672,
      100.38302612304688,
      110.55411529541016,
      93.00439453125
    ],
    [
      -8.641493797302246,
      -8.480851173400879,
      6.494356155395508,
      17.934223175048828,
      68.10235595703125,
      69.05660247802734,
      80.54824829101562,
      72.07382202148438,
      91.93634033203125,
      73.24848937988281,
      107.2794189453125,
      87.60450744628906,
      133.7828369140625,
      107.82921600341797,
      133.54437255859375,
      110.55411529541016,
      149.1834716796875,
      119.0996322631836
    ],
    [
      -4.955268383026123,
      -5.769429683685303,
      5.828104496002197,
      15.647594451904297,
      56.289669036865234,
      57.61006546020508,
      64.89347076416016,
      58.73406982421875,
      72.96202850341797,
      60.233036041259766,
      86.17371368408203,
      72.88286590576172,
      107.93350982666016,
      90.07359313964844,
      108.34654998779297,
      93.00439453125,
      119.0996322631836,
      98.06810760498047
    ]
  ],
  "damage": -7.102406024932861,
  "diff_bandwidth": 149.49330139160156,
  "dissonance": 1.9779029954521,
  "drr": 4.986099720001221,
  "dynamics": 5.0450029373168945,
  "format": 1245190,
  "frames": 1187840,
  "loudness": -17.964750289916992,
  "loudness_range": 12.83311653137207,
  "loudness_range_short": 17.516550064086914,
  "lowpass_true_peak_15khz": -4.466353893280029,
  "mastering3_acoustic_entropies": [
    {
      "acoustic_entropy": 5.418361663818359,
      "acoustic_entropy_mono": 5.5644330978393555,
      "band_eliminated_acoustic_entropies": [
        {
          "acoustic_entropy": 4.7196879386901855,
          "acoustic_entropy_side": 5.567216396331787,
          "hz": 129.47220167065723
        },
        {
          "acoustic_entropy": 5.904088497161865,
          "acoustic_entropy_side": 5.338051795959473,
          "hz": 202.92927478742237
        },
        {
          "acoustic_entropy": 5.006718635559082,
          "acoustic_entropy_side": 5.468818187713623,
          "hz": 282.89161906338205
        },
        {
          "acoustic_entropy": 5.466009616851807,
          "acoustic_entropy_side": 5.436455726623535,
          "hz": 369.9353335868758
        },
        {
          "acoustic_entropy": 5.420083045959473,
          "acoustic_entropy_side": 5.419295787811279,
          "hz": 464.6875360973435
        },
        {
          "acoustic_entropy": 5.419496536254883,
          "acoustic_entropy_side": 5.42111873626709,
          "hz": 567.8308811364784
        },
        {
          "acoustic_entropy": 5.423041343688965,
          "acoustic_entropy_side": 5.4203267097473145,
          "hz": 680.1084783214808
        },
        {
          "acoustic_entropy": 5.419212341308594,
          "acoustic_entropy_side": 5.418386459350586,
          "hz": 802.3292461747484
        },
        {
          "acoustic_entropy": 5.418079853057861,
          "acoustic_entropy_side": 5.418428421020508,
          "hz": 935.3737400823702
        },
        {
          "acoustic_entropy": 5.414736747741699,
          "acoustic_entropy_side": 5.418001174926758,
          "hz": 1080.2004963696966
        },
        {
          "acoustic_entropy": 5.446966648101807,
          "acoustic_entropy_side": 5.420337200164795,
          "hz": 1237.8529382007157
        },
        {
          "acoustic_entropy": 5.416080474853516,
          "acoustic_entropy_side": 5.4175519943237305,
          "hz": 1409.4668930556702
        },
        {
          "acoustic_entropy": 5.425135612487793,
          "acoustic_entropy_side": 5.421385765075684,
          "hz": 1596.2787759475705
        },
        {
          "acoustic_entropy": 5.417405128479004,
          "acoustic_entropy_side": 5.418493747711182,
          "hz": 1799.6344973346393
        },
        {
          "acoustic_entropy": 5.41849422454834,
          "acoustic_entropy_side": 5.41844367980957,
          "hz": 2020.9991599069049
        },
        {
          "acoustic_entropy": 5.416519641876221,
          "acoustic_entropy_side": 5.418737411499023,
          "hz": 2261.9676141086993
        },
        {
          "acoustic_entropy": 5.416726589202881,
          "acoustic_entropy_side": 5.419063568115234,
          "hz": 2524.2759484456974
        },
        {
          "acoustic_entropy": 5.424777507781982,
          "acoustic_entropy_side": 5.427491188049316,
          "hz": 2809.813997359896
        },
        {
          "acoustic_entropy": 5.415251731872559,
          "acoustic_entropy_side": 5.418561935424805,
          "hz": 3120.6389567871424
        },
        {
          "acoustic_entropy": 5.419008731842041,
          "acoustic_entropy_side": 5.419528007507324,
          "hz": 3458.990205492291
        },
        {
          "acoustic_entropy": 5.423454284667969,
          "acoustic_entropy_side": 5.421383857727051,
          "hz": 3827.305438964164
        },
        {
          "acoustic_entropy": 5.425645351409912,
          "acoustic_entropy_side": 5.420088291168213,
          "hz": 4228.238232109126
        },
        {
          "acoustic_entropy": 5.4299092292785645,
          "acoustic_entropy_side": 5.430726528167725,
          "hz": 4664.6771572759235
        },
        {
          "acoustic_entropy": 5.455418586730957,
          "acoustic_entropy_side": 5.440246105194092,
          "hz": 5139.766595350093
        },
        {
          "acoustic_entropy": 5.45469856262207,
          "acoustic_entropy_side": 5.432005882263184,
          "hz": 5656.929389854203
        },
        {
          "acoustic_entropy": 5.430061340332031,
          "acoustic_entropy_side": 5.425086498260498,
          "hz": 6219.891507268283
        },
        {
          "acoustic_entropy": 5.434667587280273,
          "acoustic_entropy_side": 5.428163051605225,
          "hz": 6832.70888123896
        },
        {
          "acoustic_entropy": 5.467720031738281,
          "acoustic_entropy_side": 5.428210258483887,
          "hz": 7499.796634079867
        },
        {
          "acoustic_entropy": 5.488772392272949,
          "acoustic_entropy_side": 5.426051139831543,
          "hz": 8225.96088609342
        },
        {
          "acoustic_entropy": 5.467060089111328,
          "acoustic_entropy_side": 5.4269843101501465,
          "hz": 9016.43338188839
        },
        {
          "acoustic_entropy": 5.457576274871826,
          "acoustic_entropy_side": 5.43044376373291,
          "hz": 9876.909183162974
        },
        {
          "acoustic_entropy": 5.4556803703308105,
          "acoustic_entropy_side": 5.430215358734131,
          "hz": 10813.587699516042
        },
        {
          "acoustic_entropy": 5.4507598876953125,
          "acoustic_entropy_side": 5.42842960357666,
          "hz": 11833.21735289826
        },
        {
          "acoustic_entropy": 5.4551472663879395,
          "acoustic_entropy_side": 5.4320478439331055,
          "hz": 12943.144197493959
        },
        {
          "acoustic_entropy": 5.463522434234619,
          "acoustic_entropy_side": 5.435186386108398,
          "hz": 14151.364845322005
        },
        {
          "acoustic_entropy": 5.466285228729248,
          "acoustic_entropy_side": 5.4398512840271,
          "hz": 15466.58407886509
        },
        {
          "acoustic_entropy": 5.457913398742676,
          "acoustic_entropy_side": 5.435295104980469,
          "hz": 16898.27756580493
        },
        {
          "acoustic_entropy": 5.438138008117676,
          "acoustic_entropy_side": 5.429858684539795,
          "hz": 18456.760127700032
        },
        {
          "acoustic_entropy": 5.426872730255127,
          "acoustic_entropy_side": 5.422582626342773,
          "hz": 20153.260054456492
        },
        {
          "acoustic_entropy": 5.418973445892334,
          "acoustic_entropy_side": 5.418888568878174,
          "hz": 22000.00000000001
        }
      ],
      "diff_acoustic_entropy": 5.068665027618408,
      "sn": 6
    },
    {
      "acoustic_entropy": 7.09200382232666,
      "acoustic_entropy_mono": 7.092184543609619,
      "band_eliminated_acoustic_entropies": [
        {
          "acoustic_entropy": 6.595856189727783,
          "acoustic_entropy_side": 7.202329635620117,
          "hz": 129.47220167065723
        },
        {
          "acoustic_entropy": 8.389837265014648,
          "acoustic_entropy_side": 7.4621734619140625,
          "hz": 202.92927478742237
        },
        {
          "acoustic_entropy": 7.008178234100342,
          "acoustic_entropy_side": 7.135140895843506,
          "hz": 282.89161906338205
        },
        {
          "acoustic_entropy": 7.046844005584717,
          "acoustic_entropy_side": 7.0764007568359375,
          "hz": 369.9353335868758
        },
        {
          "acoustic_entropy": 7.106537342071533,
          "acoustic_entropy_side": 7.094333171844482,
          "hz": 464.6875360973435
        },
        {
          "acoustic_entropy": 7.139790058135986,
          "acoustic_entropy_side": 7.101236343383789,
          "hz": 567.8308811364784
        },
        {
          "acoustic_entropy": 7.110735893249512,
          "acoustic_entropy_side": 7.095404148101807,
          "hz": 680.1084783214808
        },
        {
          "acoustic_entropy": 7.095386505126953,
          "acoustic_entropy_side": 7.091598987579346,
          "hz": 802.3292461747484
        },
        {
          "acoustic_entropy": 7.100693225860596,
          "acoustic_entropy_side": 7.093862533569336,
          "hz": 935.3737400823702
        },
        {
          "acoustic_entropy": 7.103549003601074,
          "acoustic_entropy_side": 7.094155311584473,
          "hz": 1080.2004963696966
        },
        {
          "acoustic_entropy": 7.098306179046631,
          "acoustic_entropy_side": 7.093438625335693,
          "hz": 1237.8529382007157
        },
        {
          "acoustic_entropy": 7.0886735916137695,
          "acoustic_entropy_side": 7.090298175811768,
          "hz": 1409.4668930556702
        },
        {
          "acoustic_entropy": 7.068027019500732,
          "acoustic_entropy_side": 7.088579177856445,
          "hz": 1596.2787759475705
        },
        {
          "acoustic_entropy": 7.087518215179443,
          "acoustic_entropy_side": 7.091721057891846,
          "hz": 1799.6344973346393
        },
        {
          "acoustic_entropy": 7.092813968658447,
          "acoustic_entropy_side": 7.092085361480713,
          "hz": 2020.9991599069049
        },
        {
          "acoustic_entropy": 7.086822032928467,
          "acoustic_entropy_side": 7.090685844421387,
          "hz": 2261.9676141086993
        },
        {
          "acoustic_entropy": 7.084237575531006,
          "acoustic_entropy_side": 7.089674949645996,
          "hz": 2524.2759484456974
        },
        {
          "acoustic_entropy": 7.098396301269531,
          "acoustic_entropy_side": 7.105731964111328,
          "hz": 2809.813997359896
        },
        {
          "acoustic_entropy": 7.080068111419678,
          "acoustic_entropy_side": 7.0923967361450195,
          "hz": 3120.6389567871424
        },
        {
          "acoustic_entropy": 7.079801082611084,
          "acoustic_entropy_side": 7.090479850769043,
          "hz": 3458.990205492291
        },
        {
          "acoustic_entropy": 7.085586071014404,
          "acoustic_entropy_side": 7.0951972007751465,
          "hz": 3827.305438964164
        },
        {
          "acoustic_entropy": 7.089089393615723,
          "acoustic_entropy_side": 7.092315196990967,
          "hz": 4228.238232109126
        },
        {
          "acoustic_entropy": 7.077880859375,
          "acoustic_entropy_side": 7.0887064933776855,
          "hz": 4664.6771572759235
        },
        {
          "acoustic_entropy": 7.097352504730225,
          "acoustic_entropy_side": 7.098117828369141,
          "hz": 5139.766595350093
        },
        {
          "acoustic_entropy": 7.0776047706604,
          "acoustic_entropy_side": 7.082483768463135,
          "hz": 5656.929389854203
        },
        {
          "acoustic_entropy": 7.082437992095947,
          "acoustic_entropy_side": 7.086539268493652,
          "hz": 6219.891507268283
        },
        {
          "acoustic_entropy": 7.090534210205078,
          "acoustic_entropy_side": 7.092268943786621,
          "hz": 6832.70888123896
        },
        {
          "acoustic_entropy": 7.087364673614502,
          "acoustic_entropy_side": 7.084956645965576,
          "hz": 7499.796634079867
        },
        {
          "acoustic_entropy": 7.065618991851807,
          "acoustic_entropy_side": 7.085747718811035,
          "hz": 8225.96088609342
        },
        {
          "acoustic_entropy": 7.074254989624023,
          "acoustic_entropy_side": 7.0848894119262695,
          "hz": 9016.43338188839
        },
        {
          "acoustic_entropy": 7.076699733734131,
          "acoustic_entropy_side": 7.08253288269043,
          "hz": 9876.909183162974
        },
        {
          "acoustic_entropy": 7.076840400695801,
          "acoustic_entropy_side": 7.084846019744873,
          "hz": 10813.587699516042
        },
        {
          "acoustic_entropy": 7.088240146636963,
          "acoustic_entropy_side": 7.088267803192139,
          "hz": 11833.21735289826
        },
        {
          "acoustic_entropy": 7.083467483520508,
          "acoustic_entropy_side": 7.081614971160889,
          "hz": 12943.144197493959
        },
        {
          "acoustic_entropy": 7.074350357055664,
          "acoustic_entropy_side": 7.080830097198486,
          "hz": 14151.364845322005
        },
        {
          "acoustic_entropy": 7.059078693389893,
          "acoustic_entropy_side": 7.076539993286133,
          "hz": 15466.58407886509
        },
        {
          "acoustic_entropy": 7.027921676635742,
          "acoustic_entropy_side": 7.072107791900635,
          "hz": 16898.27756580493
        },
        {
          "acoustic_entropy": 7.01987886428833,
          "acoustic_entropy_side": 7.077783107757568,
          "hz": 18456.760127700032
        },
        {
          "acoustic_entropy": 7.077480316162109,
          "acoustic_entropy_side": 7.093459606170654,
          "hz": 20153.260054456492
        },
        {
          "acoustic_entropy": 7.093384742736816,
          "acoustic_entropy_side": 7.092867851257324,
          "hz": 22000.00000000001
        }
      ],
      "diff_acoustic_entropy": 6.664778232574463,
      "sn": 12
    },
    {
      "acoustic_entropy": 11.269599914550781,
      "acoustic_entropy_mono": 11.113265037536621,
      "band_eliminated_acoustic_entropies": [
        {
          "acoustic_entropy": 11.03702449798584,
          "acoustic_entropy_side": 11.37607479095459,
          "hz": 129.47220167065723
        },
        {
          "acoustic_entropy": 12.388426780700684,
          "acoustic_entropy_side": 11.740657806396484,
          "hz": 202.92927478742237
        },
        {
          "acoustic_entropy": 11.808422088623047,
          "acoustic_entropy_side": 11.349772453308105,
          "hz": 282.89161906338205
        },
        {
          "acoustic_entropy": 11.354253768920898,
          "acoustic_entropy_side": 11.40638256072998,
          "hz": 369.9353335868758
        },
        {
          "acoustic_entropy": 11.357585906982422,
          "acoustic_entropy_side": 11.342998504638672,
          "hz": 464.6875360973435
        },
        {
          "acoustic_entropy": 10.933629035949707,
          "acoustic_entropy_side": 11.068968772888184,
          "hz": 567.8308811364784
        },
        {
          "acoustic_entropy": 11.622535705566406,
          "acoustic_entropy_side": 11.350797653198242,
          "hz": 680.1084783214808
        },
        {
          "acoustic_entropy": 10.874177932739258,
          "acoustic_entropy_side": 11.098736763000488,
          "hz": 802.3292461747484
        },
        {
          "acoustic_entropy": 11.272139549255371,
          "acoustic_entropy_side": 11.211448669433594,
          "hz": 935.3737400823702
        },
        {
          "acoustic_entropy": 11.297041893005371,
          "acoustic_entropy_side": 11.250006675720215,
          "hz": 1080.2004963696966
        },
        {
          "acoustic_entropy": 11.160100936889648,
          "acoustic_entropy_side": 11.304916381835938,
          "hz": 1237.8529382007157
        },
        {
          "acoustic_entropy": 11.298815727233887,
          "acoustic_entropy_side": 11.265018463134766,
          "hz": 1409.4668930556702
        },
        {
          "acoustic_entropy": 11.250250816345215,
          "acoustic_entropy_side": 11.248374938964844,
          "hz": 1596.2787759475705
        },
        {
          "acoustic_entropy": 11.230204582214355,
          "acoustic_entropy_side": 11.23139762878418,
          "hz": 1799.6344973346393
        },
        {
          "acoustic_entropy": 11.355751991271973,
          "acoustic_entropy_side": 11.291088104248047,
          "hz": 2020.9991599069049
        },
        {
          "acoustic_entropy": 11.303793907165527,
          "acoustic_entropy_side": 11.278267860412598,
          "hz": 2261.9676141086993
        },
        {
          "acoustic_entropy": 11.325875282287598,
          "acoustic_entropy_side": 11.283893585205078,
          "hz": 2524.2759484456974
        },
        {
          "acoustic_entropy": 11.253859519958496,
          "acoustic_entropy_side": 11.288026809692383,
          "hz": 2809.813997359896
        },
        {
          "acoustic_entropy": 11.235847473144531,
          "acoustic_entropy_side": 11.250176429748535,
          "hz": 3120.6389567871424
        },
        {
