{
  "acoustic_entropy": 158.77841186523438,
  "bands": [
    {
      "high_freq": 148.1999969482422,
      "loudness": -40.209896087646484,
      "loudness_range": 20.392314910888672,
      "mid_mean": -37.1246337890625,
      "mid_to_side_loudness": -26.752138137817383,
      "mid_to_side_loudness_range": 20.471107482910156,
      "side_mean": -63.14845657348633
    },
    {
      "high_freq": 392.3793640136719,
      "loudness": -35.67417526245117,
      "loudness_range": 16.864227294921875,
      "low_freq": 148.1999969482422,
      "mid_mean": -32.08073806762695,
      "mid_to_side_loudness": -25.288663864135742,
      "mid_to_side_loudness_range": 19.848148345947266,
      "side_mean": -58.0181884765625
    },
    {
      "high_freq": 794.6976318359375,
      "loudness": -35.25359344482422,
      "loudness_range": 23.29389190673828,
      "low_freq": 392.3793640136719,
      "mid_mean": -31.709339141845703,
      "mid_to_side_loudness": -22.605850219726562,
      "mid_to_side_loudness_range": 18.20935821533203,
      "side_mean": -55.81096649169922
    },
    {
      "high_freq": 1457.5709228515625,
      "loudness": -38.62338638305664,
      "loudness_range": 28.87185287475586,
      "low_freq": 794.6976318359375,
      "mid_mean": -35.179039001464844,
      "mid_to_side_loudness": -23.86428451538086,
      "mid_to_side_loudness_range": 20.623563766479492,
      "side_mean": -59.63703155517578
    },
    {
      "high_freq": 2549.74365234375,
      "loudness": -38.93453598022461,
      "loudness_range": 27.633949279785156,
      "low_freq": 1457.5709228515625,
      "mid_mean": -35.460323333740234,
      "mid_to_side_loudness": -22.27295684814453,
      "mid_to_side_loudness_range": 23.705890655517578,
      "side_mean": -58.88036346435547
    },
    {
      "high_freq": 4349.24462890625,
      "loudness": -39.65687942504883,
      "loudness_range": 30.321422576904297,
      "low_freq": 2549.74365234375,
      "mid_mean": -36.46690368652344,
      "mid_to_side_loudness": -23.693532943725586,
      "mid_to_side_loudness_range": 27.663841247558594,
      "side_mean": -60.82937240600586
    },
    {
      "high_freq": 7314.1640625,
      "loudness": -40.55526351928711,
      "loudness_range": 23.31431007385254,
      "low_freq": 4349.24462890625,
      "mid_mean": -37.1016845703125,
      "mid_to_side_loudness": -28.724912643432617,
      "mid_to_side_loudness_range": 33.09159469604492,
      "side_mean": -64.96311950683594
    },
    {
      "high_freq": 12199.2666015625,
      "loudness": -47.16407012939453,
      "loudness_range": 22.101211547851562,
      "low_freq": 7314.1640625,
      "mid_mean": -44.300048828125,
      "mid_to_side_loudness": -31.8945255279541,
      "mid_to_side_loudness_range": 45.36654281616211,
      "side_mean": -69.16417694091797
    },
    {
      "loudness": -66.1544189453125,
      "loudness_range": 24.51592254638672,
      "low_freq": 12199.2666015625,
      "mid_mean": -61.363609313964844,
      "mid_to_side_loudness": -24.06281852722168,
      "mid_to_side_loudness_range": 39.430850982666016,
      "side_mean": -69.93834686279297
    }
  ],
  "bands_short": [
    {
      "high_freq": 148.1999969482422,
      "loudness": -44.129737854003906,
      "loudness_range": 26.502389907836914,
      "mid_mean": -40.841251373291016,
      "mid_to_side_loudness": -25.100040435791016,
      "mid_to_side_loudness_range": 25.366519927978516,
      "side_mean": -64.2735824584961
    },
    {
      "high_freq": 392.3793640136719,
      "loudness": -36.689693450927734,
      "loudness_range": 20.523475646972656,
      "low_freq": 148.1999969482422,
      "mid_mean": -33.225257873535156,
      "mid_to_side_loudness": -23.944690704345703,
      "mid_to_side_loudness_range": 25.39920997619629,
      "side_mean": -58.34586715698242
    },
    {
      "high_freq": 794.6976318359375,
      "loudness": -36.2264518737793,
      "loudness_range": 26.255075454711914,
      "low_freq": 392.3793640136719,
      "mid_mean": -32.95577621459961,
      "mid_to_side_loudness": -20.808956146240234,
      "mid_to_side_loudness_range": 26.85020637512207,
      "side_mean": -56.1344108581543
    },
    {
      "high_freq": 1457.5709228515625,
      "loudness": -38.921817779541016,
      "loudness_range": 30.050016403198242,
      "low_freq": 794.6976318359375,
      "mid_mean": -35.812904357910156,
      "mid_to_side_loudness": -21.8339900970459,
      "mid_to_side_loudness_range": 26.71528434753418,
      "side_mean": -59.508750915527344
    },
    {
      "high_freq": 2549.74365234375,
      "loudness": -40.015586853027344,
      "loudness_range": 31.278060913085938,
      "low_freq": 1457.5709228515625,
      "mid_mean": -36.834110260009766,
      "mid_to_side_loudness": -20.577972412109375,
      "mid_to_side_loudness_range": 26.497943878173828,
      "side_mean": -59.22412109375
    },
    {
      "high_freq": 4349.24462890625,
      "loudness": -41.23242950439453,
      "loudness_range": 33.275962829589844,
      "low_freq": 2549.74365234375,
      "mid_mean": -38.26844787597656,
      "mid_to_side_loudness": -21.20946502685547,
      "mid_to_side_loudness_range": 28.419572830200195,
      "side_mean": -61.156227111816406
    },
    {
      "high_freq": 7314.1640625,
      "loudness": -41.66065216064453,
      "loudness_range": 26.68378448486328,
      "low_freq": 4349.24462890625,
      "mid_mean": -38.63351058959961,
      "mid_to_side_loudness": -24.37483787536621,
      "mid_to_side_loudness_range": 32.905601501464844,
      "side_mean": -65.31582641601562
    },
    {
      "high_freq": 12199.2666015625,
      "loudness": -47.813114166259766,
      "loudness_range": 26.830387115478516,
      "low_freq": 7314.1640625,
      "mid_mean": -47.788875579833984,
      "mid_to_side_loudness": -24.64750099182129,
      "mid_to_side_loudness_range": 38.799041748046875,
      "side_mean": -69.19293212890625
    },
    {
      "loudness": -68.82032775878906,
      "loudness_range": 27.379776000976562,
      "low_freq": 12199.2666015625,
      "mid_mean": -63.018943786621094,
      "mid_to_side_loudness": -19.50156593322754,
      "mid_to_side_loudness_range": 34.74182891845703,
      "side_mean": -69.93815612792969
    }
  ],
  "bandwidth": 927.2492065429688,
  "channels": 2,
  "covariance": [
    [
      64.6579818725586,
      19.4831485748291,
      27.677831649780273,
      18.145570755004883,
      22.401395797729492,
      22.078710556030273,
      27.477636337280273,
      19.54442596435547,
      21.2829647064209,
      20.720502853393555,
      26.02899742126465,
      19.726932525634766,
      15.888792991638184,
      8.977216720581055,
      23.0880069732666,
      2.9409902095794678,
      22.21906280517578,
      -0.058392733335494995
    ],
    [
      19.4831485748291,
      19.592527389526367,
      9.309893608093262,
      15.359789848327637,
      7.733733654022217,
      16.859962463378906,
      12.4356050491333,
      16.27260398864746,
      10.719707489013672,
      15.193167686462402,
      8.685027122497559,
      12.820619583129883,
      5.2269792556762695,
      5.860190391540527,
      9.177677154541016,
      1.6357173919677734,
      13.400416374206543,
      -0.00023266772041097283
    ],
    [
      27.677831649780273,
      9.309893608093262,
      41.38112258911133,
      21.448129653930664,
      38.581668853759766,
      28.99016571044922,
      41.93260192871094,
      26.4749755859375,
      40.12290573120117,
      29.24403953552246,
      43.701812744140625,
      27.188264846801758,
      32.276954650878906,
      11.498506546020508,
      33.62081527709961,
      3.1027398109436035,
      26.153587341308594,
      -0.09502919763326645
    ],
    [
      18.145570755004883,
      15.359789848327637,
      21.448129653930664,
      32.43571090698242,
      26.301443099975586,
      37.177513122558594,
      33.325077056884766,
      33.464111328125,
      32.402278900146484,
      35.73519515991211,
      31.670230865478516,
      31.81960678100586,
      23.1885929107666,
      14.39647388458252,
      27.339876174926758,
      2.7295103073120117,
      28.570148468017578,
      -0.05352981761097908
    ],
    [
      22.401395797729492,
      7.733733654022217,
      38.581668853759766,
      26.301443099975586,
      72.41834259033203,
      53.42888641357422,
      74.85722351074219,
      51.75156021118164,
      71.5931625366211,
      55.479835510253906,
      55.541080474853516,
      38.647010803222656,
      43.75505447387695,
      13.782235145568848,
      54.673362731933594,
      3.209016799926758,
      40.94865417480469,
      -0.12645721435546875
    ],
    [
      22.078710556030273,
      16.859962463378906,
      28.99016571044922,
      37.177513122558594,
      53.42888641357422,
      65.66802215576172,
      61.53824234008789,
      57.661617279052734,
      58.73664855957031,
      60.04447937011719,
      41.57921600341797,
      42.592735290527344,
      31.810712814331055,
      16.4688663482666,
      45.92364501953125,
      3.4918859004974365,
      43.9903564453125,
      -0.07246064394712448
    ],
    [
      27.477636337280273,
      12.4356050491333,
      41.93260192871094,
      33.325077056884766,
      74.85722351074219,
      61.53824234008789,
      106.49089813232422,
      71.58036804199219,
      94.4313735961914,
      73.61127471923828,
      67.81829071044922,
      48.04206085205078,
      48.80153274536133,
      14.264128684997559,
      63.728389739990234,
      2.610003709793091,
      50.749332427978516,
      -0.18257489800453186
    ],
    [
      19.54442596435547,
      16.27260398864746,
      26.4749755859375,
      33.464111328125,
      51.75156021118164,
      57.661617279052734,
      71.58036804199219,
      65.19830322265625,
      67.30179595947266,
      65.30772399902344,
      46.788360595703125,
      44.21461486816406,
      33.324092864990234,
      14.155138969421387,
      47.6047248840332,
      1.9863637685775757,
      43.815216064453125,
      -0.11438249796628952
    ],
    [
      21.2829647064209,
      10.719707489013672,
      40.12290573120117,
      32.402278900146484,
      71.5931625366211,
      58.73664855957031,
      94.4313735961914,
      67.30179595947266,
      99.04613494873047,
      72.27582550048828,
      74.34745025634766,
      50.8547248840332,
      55.651947021484375,
      17.191082000732422,
      66.31253814697266,
      2.5497050285339355,
      50.413360595703125,
      -0.1820373386144638
    ],
    [
      20.720502853393555,
      15.193167686462402,
      29.24403953552246,
      35.73519515991211,
      55.479835510253906,
      60.04447937011719,
      73.61127471923828,
      65.30772399902344,
      72.27582550048828,
      71.31727600097656,
      53.466548919677734,
      49.75267028808594,
      37.70079803466797,
      17.745338439941406,
      49.59073257446289,
      2.3750312328338623,
      45.27854919433594,
      -0.10884644836187363
    ],
    [
      26.02899742126465,
      8.685027122497559,
      43.701812744140625,
      31.670230865478516,
      55.541080474853516,
      41.57921600341797,
      67.81829071044922,
      46.788360595703125,
      74.34745025634766,
      53.466548919677734,
      104.05307006835938,
      61.92609405517578,
      77.37669372558594,
      30.213464736938477,
      70.13971710205078,
      4.2849202156066895,
      44.61003494262695,
      -0.2104584127664566
    ],
    [
      19.726932525634766,
      12.820619583129883,
      27.188264846801758,
      31.81960678100586,
      38.647010803222656,
      42.592735290527344,
      48.04206085205078,
      44.21461486816406,
      50.8547248840332,
      49.75267028808594,
      61.92609405517578,
      54.913002014160156,
      46.45868682861328,
      26.319334030151367,
      44.24122619628906,
      3.293128728866577,
      34.73704147338867,
      -0.11995250731706619
    ],
    [
      15.888792991638184,
      5.2269792556762695,
      32.276954650878906,
      23.1885929107666,
      43.75505447387695,
      31.810712814331055,
      48.80153274536133,
      33.324092864990234,
      55.651947021484375,
      37.70079803466797,
      77.37669372558594,
      46.45868682861328,
      73.76110076904297,
      26.260986328125,
      68.73351287841797,
      4.565801620483398,
      38.5306510925293,
      -0.1718549281358719
    ],
    [
      8.977216720581055,
      5.860190391540527,
      11.498506546020508,
      14.39647388458252,
      13.782235145568848,
      16.4688663482666,
      14.264128684997559,
      14.155138969421387,
      17.191082000732422,
      17.745338439941406,
      30.213464736938477,
      26.319334030151367,
      26.260986328125,
      19.82689094543457,
      21.532167434692383,
      3.6110446453094482,
      13.957454681396484,
      -0.031681377440690994
    ],
    [
      23.0880069732666,
      9.177677154541016,
      33.62081527709961,
      27.339876174926758,
      54.673362731933594,
      45.92364501953125,
      63.728389739990234,
      47.6047248840332,
      66.31253814697266,
      49.59073257446289,
      70.13971710205078,
      44.24122619628906,
      68.73351287841797,
      21.532167434692383,
      82.52496337890625,
      5.294069290161133,
      52.72185134887695,
      -0.1780899614095688
    ],
    [
      2.9409902095794678,
      1.6357173919677734,
      3.1027398109436035,
      2.7295103073120117,
      3.209016799926758,
      3.4918859004974365,
      2.610003709793091,
      1.9863637685775757,
      2.5497050285339355,
      2.3750312328338623,
      4.2849202156066895,
      3.293128728866577,
      4.565801620483398,
      3.6110446453094482,
      5.294069290161133,
      1.7393263578414917,
      3.369537591934204,
      0.007768675684928894
    ],
    [
      22.21906280517578,
      13.400416374206543,
      26.153587341308594,
      28.570148468017578,
      40.94865417480469,
      43.9903564453125,
      50.749332427978516,
      43.815216064453125,
      50.413360595703125,
      45.27854919433594,
      44.61003494262695,
      34.73704147338867,
      38.5306510925293,
      13.957454681396484,
      52.72185134887695,
      3.369537591934204,
      46.88201141357422,
      -0.10773594677448273
    ],
    [
      -0.058392733335494995,
      -0.00023266772041097283,
      -0.09502919763326645,
      -0.05352981761097908,
      -0.12645721435546875,
      -0.07246064394712448,
      -0.18257489800453186,
      -0.11438249796628952,
      -0.1820373386144638,
      -0.10884644836187363,
      -0.2104584127664566,
      -0.11995250731706619,
      -0.1718549281358719,
      -0.031681377440690994,
      -0.1780899614095688,
      0.007768675684928894,
      -0.10773594677448273,
      0.0013734344393014908
    ]
  ],
  "covariance_short": [
    [
      90.0331039428711,
      19.91645622253418,
      38.09264373779297,
      20.909893035888672,
      31.589096069335938,
      26.030324935913086,
      26.70437240600586,
      21.85177993774414,
      25.96862030029297,
      24.583927154541016,
      29.848678588867188,
      22.477603912353516,
      22.016359329223633,
      9.568936347961426,
      39.098876953125,
      3.2684056758880615,
      19.790773391723633,
      -0.0665261298418045
    ],
    [
      19.91645622253418,
      19.941085815429688,
      7.271254062652588,
      13.530341148376465,
      6.289018630981445,
      15.066438674926758,
      7.777697563171387,
      14.17849349975586,
      8.182188987731934,
      13.234354019165039,
      6.259721755981445,
      11.396991729736328,
      4.345419883728027,
      5.1287431716918945,
      11.023289680480957,
      1.2767524719238281,
      8.445225715637207,
      0.0013551866868510842
    ],
    [
      38.09264373779297,
      7.271254062652588,
      61.06682586669922,
      19.812551498413086,
      52.09862518310547,
      28.019407272338867,
      48.18849182128906,
      24.878009796142578,
      49.43336486816406,
      28.019636154174805,
      53.068450927734375,
      25.42920684814453,
      39.58180236816406,
      9.297077178955078,
      50.35418701171875,
      2.983942747116089,
      24.421142578125,
      -0.11735490709543228
    ],
    [
      20.909893035888672,
      13.530341148376465,
      19.812551498413086,
      34.03137969970703,
      24.704662322998047,
      36.3294563293457,
      28.643333435058594,
      32.09867477416992,
      30.66659164428711,
      34.841087341308594,
      31.143095016479492,
      30.65548324584961,
      23.524873733520508,
      13.057573318481445,
      33.18452072143555,
      2.6948351860046387,
      22.79009246826172,
      -0.04956875368952751
    ],
    [
      31.589096069335938,
      6.289018630981445,
      52.09862518310547,
      24.704662322998047,
      91.15846252441406,
      48.684017181396484,
      83.1737060546875,
      46.918060302734375,
      83.10443878173828,
      51.07974624633789,
      70.62271118164062,
      36.5526237487793,
      55.92123794555664,
      11.053574562072754,
      69.87891387939453,
      3.126213312149048,
      35.97887420654297,
      -0.15830852091312408
    ],
    [
      26.030324935913086,
      15.066438674926758,
      28.019407272338867,
      36.3294563293457,
      48.684017181396484,
      66.22532653808594,
      56.06647872924805,
      55.91346740722656,
      56.44840621948242,
      58.26362991333008,
      43.285789489746094,
      42.233604431152344,
      35.645442962646484,
      15.596607208251953,
      53.952598571777344,
      3.467432975769043,
      34.56475067138672,
      -0.06793586909770966
    ],
    [
      26.70437240600586,
      7.777697563171387,
      48.18849182128906,
      28.643333435058594,
      83.1737060546875,
      56.06647872924805,
      116.07449340820312,
      63.84099197387695,
      104.45147705078125,
      67.68202209472656,
      74.49368286132812,
      41.596717834472656,
      57.53546142578125,
      9.07209587097168,
      73.25285339355469,
      2.1704821586608887,
      40.69512939453125,
      -0.183803528547287
    ],
    [
      21.85177993774414,
      14.17849349975586,
      24.878009796142578,
      32.09867477416992,
      46.918060302734375,
      55.91346740722656,
      63.84099197387695,
      64.39559173583984,
      64.81092834472656,
      63.8430061340332,
      46.376060485839844,
      42.54656219482422,
      36.85844039916992,
      12.533916473388672,
      55.61177444458008,
      1.991163730621338,
      34.35073471069336,
      -0.1023300364613533
    ],
    [
      25.96862030029297,
      8.182188987731934,
      49.43336486816406,
      30.66659164428711,
      83.10443878173828,
      56.44840621948242,
      104.45147705078125,
      64.81092834472656,
      119.12954711914062,
      71.05573272705078,
      92.34111022949219,
      48.50005340576172,
      73.64691925048828,
      12.79802131652832,
      86.32967376708984,
      2.099787473678589,
      45.82762908935547,
      -0.2117730975151062
    ],
    [
      24.583927154541016,
      13.234354019165039,
      28.019636154174805,
      34.841087341308594,
      51.07974624633789,
      58.26362991333008,
      67.68202209472656,
      63.8430061340332,
      71.05573272705078,
      72.9289321899414,
      54.56980895996094,
      49.91647720336914,
      41.18519973754883,
      16.494022369384766,
      59.40001678466797,
      2.433579444885254,
      35.78036117553711,
      -0.10318728536367416
    ],
    [
      29.848678588867188,
      6.259721755981445,
      53.068450927734375,
      31.143095016479492,
      70.62271118164062,
      43.285789489746094,
      74.49368286132812,
      46.376060485839844,
      92.34111022949219,
      54.56980895996094,
      128.64593505859375,
      58.38071060180664,
      98.11363983154297,
      24.185670852661133,
      99.76050567626953,
      3.6316933631896973,
      46.45233917236328,
      -0.26312223076820374
    ],
    [
      22.477603912353516,
      11.396991729736328,
      25.42920684814453,
      30.65548324584961,
      36.5526237487793,
      42.233604431152344,
      41.596717834472656,
      42.54656219482422,
      48.50005340576172,
      49.91647720336914,
      58.38071060180664,
      56.42011260986328,
      44.02886962890625,
      25.35435676574707,
      51.075782775878906,
      3.3101842403411865,
      26.773828506469727,
      -0.10734879970550537
    ],
    [
      22.016359329223633,
      4.345419883728027,
      39.58180236816406,
      23.524873733520508,
      55.92123794555664,
      35.645442962646484,
      57.53546142578125,
      36.85844039916992,
      73.64691925048828,
      41.18519973754883,
      98.11363983154297,
      44.02886962890625,
      101.46357727050781,
      20.491960525512695,
      99.53396606445312,
      3.852846145629883,
      47.025516510009766,
      -0.23138940334320068
    ],
    [
      9.568936347961426,
      5.1287431716918945,
      9.297077178955078,
      13.057573318481445,
      11.053574562072754,
      15.596607208251953,
      9.07209587097168,
      12.533916473388672,
      12.79802131652832,
      16.494022369384766,
      24.185670852661133,
      25.35435676574707,
      20.491960525512695,
      21.87564468383789,
      21.59648895263672,
      3.832024335861206,
      8.1914644241333,
      -0.009889892302453518
    ],
    [
      39.098876953125,
      11.023289680480957,
      50.35418701171875,
      33.18452072143555,
      69.87891387939453,
      53.952598571777344,
      73.25285339355469,
      55.61177444458008,
      86.32967376708984,
      59.40001678466797,
      99.76050567626953,
      51.075782775878906,
      99.53396606445312,
      21.59648895263672,
      141.25050354003906,
      5.531418323516846,
      67.75818634033203,
      -0.2933225631713867
    ],
    [
      3.2684056758880615,
      1.2767524719238281,
      2.983942747116089,
      2.6948351860046387,
      3.126213312149048,
      3.467432975769043,
      2.1704821586608887,
      1.991163730621338,
      2.099787473678589,
      2.433579444885254,
      3.6316933631896973,
      3.3101842403411865,
      3.852846145629883,
      3.832024335861206,
      5.531418323516846,
      1.9995334148406982,
      2.180722236633301,
      0.013625347055494785
    ],
    [
      19.790773391723633,
      8.445225715637207,
      24.421142578125,
      22.79009246826172,
      35.97887420654297,
      34.56475067138672,
      40.69512939453125,
      34.35073471069336,
      45.82762908935547,
      35.78036117553711,
      46.45233917236328,
      26.773828506469727,
      47.025516510009766,
      8.1914644241333,
      67.75818634033203,
      2.180722236633301,
      47.116573333740234,
      -0.1438644379377365
    ],
    [
      -0.0665261298418045,
      0.0013551866868510842,
      -0.11735490709543228,
      -0.04956875368952751,
      -0.15830852091312408,
      -0.06793586909770966,
      -0.183803528547287,
      -0.1023300364613533,
      -0.2117730975151062,
      -0.10318728536367416,
      -0.26312223076820374,
      -0.10734879970550537,
      -0.23138940334320068,
      -0.009889892302453518,
      -0.2933225631713867,
      0.013625347055494785,
      -0.1438644379377365,
      0.0022481221240013838
    ]
  ],
  "damage": -15.68310260772705,
  "diff_bandwidth": 947.2514038085938,
  "dissonance": 7.720553549968235,
  "drr": 10.793434143066406,
  "dynamics": 6.0731282234191895,
  "format": 1245190,
  "frames": 2561984,
  "loudness": -23.313461303710938,
  "loudness_range": 18.76677703857422,
  "loudness_range_short": 22.566980361938477,
  "lowpass_true_peak_15khz": -7.953233242034912,
  "mastering3_acoustic_entropies": [
    {
      "acoustic_entropy": 6.6529011726379395,
      "acoustic_entropy_mono": 6.647678375244141,
      "band_eliminated_acoustic_entropies": [
        {
          "acoustic_entropy": 6.648037910461426,
          "acoustic_entropy_side": 6.6529011726379395,
          "hz": 129.47220167065723
        },
        {
          "acoustic_entropy": 6.769148349761963,
          "acoustic_entropy_side": 6.652902603149414,
          "hz": 202.92927478742237
        },
        {
          "acoustic_entropy": 6.4889607429504395,
          "acoustic_entropy_side": 6.652904033660889,
          "hz": 282.89161906338205
        },
        {
          "acoustic_entropy": 7.330170154571533,
          "acoustic_entropy_side": 6.652998447418213,
          "hz": 369.9353335868758
        },
        {
          "acoustic_entropy": 7.2760772705078125,
          "acoustic_entropy_side": 6.652868747711182,
          "hz": 464.6875360973435
        },
        {
          "acoustic_entropy": 6.994222640991211,
          "acoustic_entropy_side": 6.653034687042236,
          "hz": 567.8308811364784
        },
        {
          "acoustic_entropy": 7.383444786071777,
          "acoustic_entropy_side": 6.652345657348633,
          "hz": 680.1084783214808
        },
        {
          "acoustic_entropy": 7.332221984863281,
          "acoustic_entropy_side": 6.6513566970825195,
          "hz": 802.3292461747484
        },
        {
          "acoustic_entropy": 6.728267669677734,
          "acoustic_entropy_side": 6.652891635894775,
          "hz": 935.3737400823702
        },
        {
          "acoustic_entropy": 7.0562849044799805,
          "acoustic_entropy_side": 6.652777671813965,
          "hz": 1080.2004963696966
        },
        {
          "acoustic_entropy": 6.676551818847656,
          "acoustic_entropy_side": 6.6526970863342285,
          "hz": 1237.8529382007157
        },
        {
          "acoustic_entropy": 6.707648277282715,
          "acoustic_entropy_side": 6.652780055999756,
          "hz": 1409.4668930556702
        },
        {
          "acoustic_entropy": 6.530097484588623,
          "acoustic_entropy_side": 6.651355266571045,
          "hz": 1596.2787759475705
        },
        {
          "acoustic_entropy": 6.536567687988281,
          "acoustic_entropy_side": 6.652337074279785,
          "hz": 1799.6344973346393
        },
        {
          "acoustic_entropy": 6.565362453460693,
          "acoustic_entropy_side": 6.652563571929932,
          "hz": 2020.9991599069049
        },
        {
          "acoustic_entropy": 6.6133131980896,
          "acoustic_entropy_side": 6.652613639831543,
          "hz": 2261.9676141086993
        },
        {
          "acoustic_entropy": 6.6749653816223145,
          "acoustic_entropy_side": 6.652900218963623,
          "hz": 2524.2759484456974
        },
        {
          "acoustic_entropy": 6.636204242706299,
          "acoustic_entropy_side": 6.6527018547058105,
          "hz": 2809.813997359896
        },
        {
          "acoustic_entropy": 6.691718101501465,
          "acoustic_entropy_side": 6.652791500091553,
          "hz": 3120.6389567871424
        },
        {
          "acoustic_entropy": 6.642024993896484,
          "acoustic_entropy_side": 6.652768135070801,
          "hz": 3458.990205492291
        },
        {
          "acoustic_entropy": 6.679851531982422,
          "acoustic_entropy_side": 6.6526899337768555,
          "hz": 3827.305438964164
        },
        {
          "acoustic_entropy": 6.718751430511475,
          "acoustic_entropy_side": 6.652891635894775,
          "hz": 4228.238232109126
        },
        {
          "acoustic_entropy": 6.755138874053955,
          "acoustic_entropy_side": 6.652923583984375,
          "hz": 4664.6771572759235
        },
        {
          "acoustic_entropy": 6.6441192626953125,
          "acoustic_entropy_side": 6.652895927429199,
          "hz": 5139.766595350093
        },
        {
          "acoustic_entropy": 6.616915702819824,
          "acoustic_entropy_side": 6.652894020080566,
          "hz": 5656.929389854203
        },
        {
          "acoustic_entropy": 6.5988383293151855,
          "acoustic_entropy_side": 6.652892589569092,
          "hz": 6219.891507268283
        },
        {
          "acoustic_entropy": 6.573978424072266,
          "acoustic_entropy_side": 6.652901649475098,
          "hz": 6832.70888123896
        },
        {
          "acoustic_entropy": 6.421932220458984,
          "acoustic_entropy_side": 6.652894496917725,
          "hz": 7499.796634079867
        },
        {
          "acoustic_entropy": 6.422481536865234,
          "acoustic_entropy_side": 6.652896881103516,
          "hz": 8225.96088609342
        },
        {
          "acoustic_entropy": 6.550583362579346,
          "acoustic_entropy_side": 6.652900695800781,
          "hz": 9016.43338188839
        },
        {
          "acoustic_entropy": 6.572508335113525,
          "acoustic_entropy_side": 6.6529011726379395,
          "hz": 9876.909183162974
        },
        {
          "acoustic_entropy": 6.59713077545166,
          "acoustic_entropy_side": 6.6529011726379395,
          "hz": 10813.587699516042
        },
        {
          "acoustic_entropy": 6.615784168243408,
          "acoustic_entropy_side": 6.6529011726379395,
          "hz": 11833.21735289826
        },
        {
          "acoustic_entropy": 6.639419078826904,
          "acoustic_entropy_side": 6.6529011726379395,
          "hz": 12943.144197493959
        },
        {
          "acoustic_entropy": 6.649624347686768,
          "acoustic_entropy_side": 6.6529011726379395,
          "hz": 14151.364845322005
        },
        {
          "acoustic_entropy": 6.651843070983887,
          "acoustic_entropy_side": 6.6529011726379395,
          "hz": 15466.58407886509
        },
        {
          "acoustic_entropy": 6.652848243713379,
          "acoustic_entropy_side": 6.6529011726379395,
          "hz": 16898.27756580493
        },
        {
          "acoustic_entropy": 6.652902603149414,
          "acoustic_entropy_side": 6.6529011726379395,
          "hz": 18456.760127700032
        },
        {
          "acoustic_entropy": 6.6529011726379395,
          "acoustic_entropy_side": 6.6529011726379395,
          "hz": 20153.260054456492
        },
        {
          "acoustic_entropy": 6.652900695800781,
          "acoustic_entropy_side": 6.6529011726379395,
          "hz": 22000.00000000001
        }
      ],
      "diff_acoustic_entropy": 4.854026794433594,
      "sn": 6
    },
    {
      "acoustic_entropy": 10.549376487731934,
      "acoustic_entropy_mono": 10.608125686645508,
      "band_eliminated_acoustic_entropies": [
        {
          "acoustic_entropy": 10.443142890930176,
          "acoustic_entropy_side": 10.549376487731934,
          "hz": 129.47220167065723
        },
        {
          "acoustic_entropy": 10.075396537780762,
          "acoustic_entropy_side": 10.5493803024292,
          "hz": 202.92927478742237
        },
        {
          "acoustic_entropy": 10.193255424499512,
          "acoustic_entropy_side": 10.549430847167969,
          "hz": 282.89161906338205
        },
        {
          "acoustic_entropy": 10.452361106872559,
          "acoustic_entropy_side": 10.550858497619629,
          "hz": 369.9353335868758
        },
        {
          "acoustic_entropy": 10.99234390258789,
          "acoustic_entropy_side": 10.547475814819336,
          "hz": 464.6875360973435
        },
        {
          "acoustic_entropy": 10.938009262084961,
          "acoustic_entropy_side": 10.547638893127441,
          "hz": 567.8308811364784
        },
        {
          "acoustic_entropy": 11.508949279785156,
          "acoustic_entropy_side": 10.58625602722168,
          "hz": 680.1084783214808
        },
        {
          "acoustic_entropy": 11.380227088928223,
          "acoustic_entropy_side": 10.589462280273438,
          "hz": 802.3292461747484
        },
        {
          "acoustic_entropy": 10.552107810974121,
          "acoustic_entropy_side": 10.549893379211426,
          "hz": 935.3737400823702
        },
        {
          "acoustic_entropy": 11.1850004196167,
          "acoustic_entropy_side": 10.550204277038574,
          "hz": 1080.2004963696966
        },
        {
          "acoustic_entropy": 10.364493370056152,
          "acoustic_entropy_side": 10.548836708068848,
          "hz": 1237.8529382007157
        },
        {
          "acoustic_entropy": 10.906495094299316,
          "acoustic_entropy_side": 10.549811363220215,
          "hz": 1409.4668930556702
        },
        {
          "acoustic_entropy": 10.189982414245605,
          "acoustic_entropy_side": 10.552217483520508,
          "hz": 1596.2787759475705
        },
        {
          "acoustic_entropy": 10.102417945861816,
          "acoustic_entropy_side": 10.550084114074707,
          "hz": 1799.6344973346393
        },
        {
          "acoustic_entropy": 10.317550659179688,
          "acoustic_entropy_side": 10.548786163330078,
          "hz": 2020.9991599069049
        },
        {
          "acoustic_entropy": 10.410966873168945,
          "acoustic_entropy_side": 10.556262016296387,
          "hz": 2261.9676141086993
        },
        {
          "acoustic_entropy": 10.227763175964355,
          "acoustic_entropy_side": 10.550957679748535,
          "hz": 2524.2759484456974
        },
        {
          "acoustic_entropy": 10.237282752990723,
          "acoustic_entropy_side": 10.55314826965332,
          "hz": 2809.813997359896
        },
        {
          "acoustic_entropy": 10.758051872253418,
          "acoustic_entropy_side": 10.553388595581055,
          "hz": 3120.6389567871424
        },
        {
          "acoustic_entropy": 10.477311134338379,
          "acoustic_entropy_side": 10.55091667175293,
          "hz": 3458.990205492291
        },
        {
          "acoustic_entropy": 10.742899894714355,
          "acoustic_entropy_side": 10.548304557800293,
          "hz": 3827.305438964164
        },
        {
          "acoustic_entropy": 10.599894523620605,
          "acoustic_entropy_side": 10.549552917480469,
          "hz": 4228.238232109126
        },
        {
          "acoustic_entropy": 10.652852058410645,
          "acoustic_entropy_side": 10.550182342529297,
          "hz": 4664.6771572759235
        },
        {
          "acoustic_entropy": 10.474695205688477,
          "acoustic_entropy_side": 10.54928207397461,
          "hz": 5139.766595350093
        },
        {
          "acoustic_entropy": 10.61527156829834,
          "acoustic_entropy_side": 10.549247741699219,
          "hz": 5656.929389854203
        },
        {
          "acoustic_entropy": 10.566378593444824,
          "acoustic_entropy_side": 10.549266815185547,
          "hz": 6219.891507268283
        },
        {
          "acoustic_entropy": 10.65605354309082,
          "acoustic_entropy_side": 10.549395561218262,
          "hz": 6832.70888123896
        },
        {
          "acoustic_entropy": 10.664856910705566,
          "acoustic_entropy_side": 10.549351692199707,
          "hz": 7499.796634079867
        },
        {
          "acoustic_entropy": 10.668723106384277,
          "acoustic_entropy_side": 10.549371719360352,
          "hz": 8225.96088609342
        },
        {
          "acoustic_entropy": 10.62712574005127,
          "acoustic_entropy_side": 10.54937744140625,
          "hz": 9016.43338188839
        },
        {
          "acoustic_entropy": 10.559255599975586,
          "acoustic_entropy_side": 10.54937744140625,
          "hz": 9876.909183162974
        },
        {
          "acoustic_entropy": 10.552663803100586,
          "acoustic_entropy_side": 10.549376487731934,
          "hz": 10813.587699516042
        },
        {
          "acoustic_entropy": 10.595202445983887,
          "acoustic_entropy_side": 10.549376487731934,
          "hz": 11833.21735289826
        },
        {
          "acoustic_entropy": 10.585005760192871,
          "acoustic_entropy_side": 10.549376487731934,
          "hz": 12943.144197493959
        },
        {
          "acoustic_entropy": 10.562749862670898,
          "acoustic_entropy_side": 10.549376487731934,
          "hz": 14151.364845322005
        },
        {
          "acoustic_entropy": 10.549942016601562,
          "acoustic_entropy_side": 10.549376487731934,
          "hz": 15466.58407886509
        },
        {
          "acoustic_entropy": 10.54920768737793,
          "acoustic_entropy_side": 10.549376487731934,
          "hz": 16898.27756580493
        },
        {
          "acoustic_entropy": 10.549315452575684,
          "acoustic_entropy_side": 10.549376487731934,
          "hz": 18456.760127700032
        },
        {
          "acoustic_entropy": 10.54936408996582,
          "acoustic_entropy_side": 10.549376487731934,
          "hz": 20153.260054456492
        },
        {
          "acoustic_entropy": 10.5493745803833,
          "acoustic_entropy_side": 10.549376487731934,
          "hz": 22000.00000000001
        }
      ],
      "diff_acoustic_entropy": 7.87697696685791,
      "sn": 12
    },
    {
      "acoustic_entropy": 17.549535751342773,
      "acoustic_entropy_mono": 16.678266525268555,
      "band_eliminated_acoustic_entropies": [
        {
          "acoustic_entropy": 17.474720001220703,
          "acoustic_entropy_side": 17.54951286315918,
          "hz": 129.47220167065723
        },
        {
          "acoustic_entropy": 17.441326141357422,
          "acoustic_entropy_side": 17.54878807067871,
          "hz": 202.92927478742237
        },
        {
          "acoustic_entropy": 17.86849594116211,
          "acoustic_entropy_side": 17.544937133789062,
          "hz": 282.89161906338205
        },
        {
          "acoustic_entropy": 17.19841194152832,
          "acoustic_entropy_side": 17.50602149963379,
          "hz": 369.9353335868758
        },
        {
          "acoustic_entropy": 17.98553466796875,
          "acoustic_entropy_side": 17.593189239501953,
          "hz": 464.6875360973435
        },
        {
          "acoustic_entropy": 17.209135055541992,
          "acoustic_entropy_side": 17.738075256347656,
          "hz": 567.8308811364784
        },
        {
          "acoustic_entropy": 18.481826782226562,
          "acoustic_entropy_side": 17.366046905517578,
          "hz": 680.1084783214808
        },
        {
          "acoustic_entropy": 17.118019104003906,
          "acoustic_entropy_side": 17.61237144470215,
          "hz": 802.3292461747484
        },
        {
          "acoustic_entropy": 17.716285705566406,
          "acoustic_entropy_side": 17.580841064453125,
          "hz": 935.3737400823702
        },
        {
          "acoustic_entropy": 17.790498733520508,
          "acoustic_entropy_side": 17.50946807861328,
          "hz": 1080.2004963696966
        },
        {
          "acoustic_entropy": 16.72850799560547,
          "acoustic_entropy_side": 17.44551658630371,
          "hz": 1237.8529382007157
        },
        {
          "acoustic_entropy": 17.516218185424805,
          "acoustic_entropy_side": 17.50529670715332,
          "hz": 1409.4668930556702
        },
        {
          "acoustic_entropy": 17.088699340820312,
          "acoustic_entropy_side": 17.35875129699707,
          "hz": 1596.2787759475705
        },
        {
          "acoustic_entropy": 17.982524871826172,
          "acoustic_entropy_side": 17.43155860900879,
          "hz": 1799.6344973346393
        },
        {
          "acoustic_entropy": 17.242164611816406,
          "acoustic_entropy_side": 17.377899169921875,
          "hz": 2020.9991599069049
        },
        {
          "acoustic_entropy": 17.553237915039062,
          "acoustic_entropy_side": 17.431995391845703,
          "hz": 2261.9676141086993
        },
        {
          "acoustic_entropy": 17.302631378173828,
          "acoustic_entropy_side": 17.437772750854492,
          "hz": 2524.2759484456974
        },
        {
          "acoustic_entropy": 17.687156677246094,
          "acoustic_entropy_side": 17.45814323425293,
          "hz": 2809.813997359896
