{
  "acoustic_entropy": 179.38006591796875,
  "bands": [
    {
      "high_freq": 148.1999969482422,
      "loudness": -26.942583084106445,
      "loudness_range": 15.726558685302734,
      "mid_mean": -25.759267807006836,
      "mid_to_side_loudness": -1.3281687498092651,
      "mid_to_side_loudness_range": 4.430135726928711,
      "side_mean": -26.932403564453125
    },
    {
      "high_freq": 392.3793640136719,
      "loudness": -26.243196487426758,
      "loudness_range": 16.743057250976562,
      "low_freq": 148.1999969482422,
      "mid_mean": -23.869760513305664,
      "mid_to_side_loudness": -6.3257527351379395,
      "mid_to_side_loudness_range": 10.263762474060059,
      "side_mean": -29.97115135192871
    },
    {
      "high_freq": 794.6976318359375,
      "loudness": -25.94373893737793,
      "loudness_range": 15.151676177978516,
      "low_freq": 392.3793640136719,
      "mid_mean": -22.85713768005371,
      "mid_to_side_loudness": -11.421483039855957,
      "mid_to_side_loudness_range": 20.11693572998047,
      "side_mean": -34.0351448059082
    },
    {
      "high_freq": 1457.5709228515625,
      "loudness": -36.45728302001953,
      "loudness_range": 18.98495864868164,
      "low_freq": 794.6976318359375,
      "mid_mean": -33.3510627746582,
      "mid_to_side_loudness": -11.24703598022461,
      "mid_to_side_loudness_range": 20.55392837524414,
      "side_mean": -43.8667106628418
    },
    {
      "high_freq": 2549.74365234375,
      "loudness": -38.32610321044922,
      "loudness_range": 18.55893898010254,
      "low_freq": 1457.5709228515625,
      "mid_mean": -35.57889175415039,
      "mid_to_side_loudness": -8.466565132141113,
      "mid_to_side_loudness_range": 18.578969955444336,
      "side_mean": -43.83737564086914
    },
    {
      "high_freq": 4349.24462890625,
      "loudness": -36.439266204833984,
      "loudness_range": 21.124483108520508,
      "low_freq": 2549.74365234375,
      "mid_mean": -33.642513275146484,
      "mid_to_side_loudness": -8.573589324951172,
      "mid_to_side_loudness_range": 15.27907657623291,
      "side_mean": -42.405982971191406
    },
    {
      "high_freq": 7314.1640625,
      "loudness": -41.42829513549805,
      "loudness_range": 24.566722869873047,
      "low_freq": 4349.24462890625,
      "mid_mean": -39.122066497802734,
      "mid_to_side_loudness": -6.939371585845947,
      "mid_to_side_loudness_range": 12.959911346435547,
      "side_mean": -46.775543212890625
    },
    {
      "high_freq": 12199.2666015625,
      "loudness": -46.767723083496094,
      "loudness_range": 31.045087814331055,
      "low_freq": 7314.1640625,
      "mid_mean": -45.62406539916992,
      "mid_to_side_loudness": -4.186584949493408,
      "mid_to_side_loudness_range": 11.526001930236816,
      "side_mean": -50.1298713684082
    },
    {
      "loudness": -55.966026306152344,
      "loudness_range": 29.232257843017578,
      "low_freq": 12199.2666015625,
      "mid_mean": -54.026859283447266,
      "mid_to_side_loudness": -2.960860013961792,
      "mid_to_side_loudness_range": 6.773674964904785,
      "side_mean": -56.829872131347656
    }
  ],
  "bands_short": [
    {
      "high_freq": 148.1999969482422,
      "loudness": -31.288667678833008,
      "loudness_range": 21.834983825683594,
      "mid_mean": -30.713912963867188,
      "mid_to_side_loudness": -0.48103466629981995,
      "mid_to_side_loudness_range": 9.16026496887207,
      "side_mean": -31.10213851928711
    },
    {
      "high_freq": 392.3793640136719,
      "loudness": -26.355703353881836,
      "loudness_range": 19.2023868560791,
      "low_freq": 148.1999969482422,
      "mid_mean": -24.23931312561035,
      "mid_to_side_loudness": -4.918928146362305,
      "mid_to_side_loudness_range": 11.141064643859863,
      "side_mean": -29.206819534301758
    },
    {
      "high_freq": 794.6976318359375,
      "loudness": -27.623580932617188,
      "loudness_range": 22.21507453918457,
      "low_freq": 392.3793640136719,
      "mid_mean": -24.697751998901367,
      "mid_to_side_loudness": -11.139241218566895,
      "mid_to_side_loudness_range": 21.93228530883789,
      "side_mean": -35.80388259887695
    },
    {
      "high_freq": 1457.5709228515625,
      "loudness": -38.22530746459961,
      "loudness_range": 22.967655181884766,
      "low_freq": 794.6976318359375,
      "mid_mean": -35.251976013183594,
      "mid_to_side_loudness": -10.66622257232666,
      "mid_to_side_loudness_range": 20.873849868774414,
      "side_mean": -45.647621154785156
    },
    {
      "high_freq": 2549.74365234375,
      "loudness": -40.66883087158203,
      "loudness_range": 23.629152297973633,
      "low_freq": 1457.5709228515625,
      "mid_mean": -38.01047897338867,
      "mid_to_side_loudness": -8.363954544067383,
      "mid_to_side_loudness_range": 17.43199920654297,
      "side_mean": -46.59912109375
    },
    {
      "high_freq": 4349.24462890625,
      "loudness": -38.572322845458984,
      "loudness_range": 24.920942306518555,
      "low_freq": 2549.74365234375,
      "mid_mean": -35.77116012573242,
      "mid_to_side_loudness": -8.445854187011719,
      "mid_to_side_loudness_range": 15.978464126586914,
      "side_mean": -44.909420013427734
    },
    {
      "high_freq": 7314.1640625,
      "loudness": -43.71041488647461,
      "loudness_range": 29.380277633666992,
      "low_freq": 4349.24462890625,
      "mid_mean": -41.5544548034668,
      "mid_to_side_loudness": -6.490891456604004,
      "mid_to_side_loudness_range": 13.34455680847168,
      "side_mean": -49.39232635498047
    },
    {
      "high_freq": 12199.2666015625,
      "loudness": -50.66818618774414,
      "loudness_range": 38.83368682861328,
      "low_freq": 7314.1640625,
      "mid_mean": -48.76528549194336,
      "mid_to_side_loudness": -3.6953415870666504,
      "mid_to_side_loudness_range": 11.31555461883545,
      "side_mean": -52.50056076049805
    },
    {
      "loudness": -58.40199661254883,
      "loudness_range": 29.30956268310547,
      "low_freq": 12199.2666015625,
      "mid_mean": -56.46870803833008,
      "mid_to_side_loudness": -2.4460079669952393,
      "mid_to_side_loudness_range": 5.896642208099365,
      "side_mean": -58.72816467285156
    }
  ],
  "bandwidth": 471.6251525878906,
  "channels": 2,
  "covariance": [
    [
      37.00691604614258,
      32.05614471435547,
      17.76439666748047,
      17.16208267211914,
      9.328649520874023,
      27.028440475463867,
      13.454048156738281,
      24.143632888793945,
      13.589029312133789,
      30.427595138549805,
      -3.431386947631836,
      12.46955394744873,
      -7.03901481628418,
      6.207221508026123,
      -3.7366111278533936,
      7.539522647857666,
      -2.6275198459625244,
      0.7318931221961975
    ],
    [
      32.05614471435547,
      32.829166412353516,
      12.668027877807617,
      14.410374641418457,
      8.132757186889648,
      24.08342933654785,
      12.357385635375977,
      22.3212890625,
      12.832418441772461,
      27.575571060180664,
      -1.3118666410446167,
      12.233931541442871,
      -4.026826858520508,
      8.76549243927002,
      0.6748356819152832,
      10.435976028442383,
      -0.004221801180392504,
      2.547558546066284
    ],
    [
      17.76439666748047,
      12.668027877807617,
      51.3277587890625,
      30.867198944091797,
      10.831539154052734,
      26.896379470825195,
      8.788564682006836,
      23.360652923583984,
      9.74052906036377,
      27.270217895507812,
      -11.352553367614746,
      5.137153625488281,
      -17.60906982421875,
      -8.702929496765137,
      -23.996334075927734,
      -12.875175476074219,
      -17.78951072692871,
      -12.163728713989258
    ],
    [
      17.16208267211914,
      14.410374641418457,
      30.867198944091797,
      34.58067321777344,
      10.184778213500977,
      28.863235473632812,
      9.41446590423584,
      22.779735565185547,
      11.412995338439941,
      29.983474731445312,
      -6.602945327758789,
      10.285028457641602,
      -13.401288986206055,
      -1.9778110980987549,
      -15.32568359375,
      -4.28548002243042,
      -12.029061317443848,
      -7.0744309425354
    ],
    [
      9.328649520874023,
      8.132757186889648,
      10.831539154052734,
      10.184778213500977,
      32.2886962890625,
      23.685087203979492,
      28.30633544921875,
      26.49671745300293,
      24.349599838256836,
      25.63457679748535,
      15.637490272521973,
      18.122711181640625,
      10.966035842895508,
      13.972030639648438,
      12.583114624023438,
      12.639029502868652,
      9.932886123657227,
      8.356283187866211
    ],
    [
      27.028440475463867,
      24.08342933654785,
      26.896379470825195,
      28.863235473632812,
      23.685087203979492,
      59.847190856933594,
      25.469215393066406,
      49.15921401977539,
      29.107158660888672,
      59.02861404418945,
      1.2981598377227783,
      28.81937026977539,
      -12.84225845336914,
      11.187674522399902,
      -11.754427909851074,
      6.309077262878418,
      -13.680654525756836,
      -6.40848970413208
    ],
    [
      13.454048156738281,
      12.357385635375977,
      8.788564682006836,
      9.41446590423584,
      28.30633544921875,
      25.469215393066406,
      40.324100494384766,
      29.449085235595703,
      31.965612411499023,
      32.305328369140625,
      22.472299575805664,
      23.496660232543945,
      15.50441837310791,
      19.018043518066406,
      17.937301635742188,
      17.39315414428711,
      12.585803985595703,
      10.57258415222168
    ],
    [
      24.143632888793945,
      22.3212890625,
      23.360652923583984,
      22.779735565185547,
      26.49671745300293,
      49.15921401977539,
      29.449085235595703,
      62.37498474121094,
      32.4970703125,
      59.95780563354492,
      10.330742835998535,
      35.07960891723633,
      -1.8099126815795898,
      21.625944137573242,
      -0.5436444282531738,
      14.607186317443848,
      -4.119115352630615,
      1.2402294874191284
    ],
    [
      13.589029312133789,
      12.832418441772461,
      9.74052906036377,
      11.412995338439941,
      24.349599838256836,
      29.107158660888672,
      31.965612411499023,
      32.4970703125,
      38.32601547241211,
      40.206138610839844,
      27.824220657348633,
      31.994701385498047,
      18.864368438720703,
      26.409639358520508,
      22.062612533569336,
      21.408775329589844,
      13.541621208190918,
      11.529179573059082
    ],
    [
      30.427595138549805,
      27.575571060180664,
      27.270217895507812,
      29.983474731445312,
      25.63457679748535,
      59.02861404418945,
      32.305328369140625,
      59.95780563354492,
      40.206138610839844,
      81.2146224975586,
      13.816128730773926,
      44.638004302978516,
      -2.8760170936584473,
      25.10824203491211,
      -0.3811568021774292,
      17.422962188720703,
      -6.173640727996826,
      0.26874402165412903
    ],
    [
      -3.431386947631836,
      -1.3118666410446167,
      -11.352553367614746,
      -6.602945327758789,
      15.637490272521973,
      1.2981598377227783,
      22.472299575805664,
      10.330742835998535,
      27.824220657348633,
      13.816128730773926,
      65.38848876953125,
      39.011451721191406,
      67.24362182617188,
      51.18864822387695,
      73.21170806884766,
      49.23173141479492,
      57.84067916870117,
      43.30603790283203
    ],
    [
      12.46955394744873,
      12.233931541442871,
      5.137153625488281,
      10.285028457641602,
      18.122711181640625,
      28.81937026977539,
      23.496660232543945,
      35.07960891723633,
      31.994701385498047,
      44.638004302978516,
      39.011451721191406,
      47.4696159362793,
      30.86103057861328,
      42.41381072998047,
      36.87904357910156,
      36.465641021728516,
      25.087682723999023,
      22.59720802307129
    ],
    [
      -7.03901481628418,
      -4.026826858520508,
      -17.60906982421875,
      -13.401288986206055,
      10.966035842895508,
      -12.84225845336914,
      15.50441837310791,
      -1.8099126815795898,
      18.864368438720703,
      -2.8760170936584473,
      67.24362182617188,
      30.86103057861328,
      92.80512237548828,
      59.90665054321289,
      95.78964233398438,
      62.27510452270508,
      77.76709747314453,
      57.79799270629883
    ],
    [
      6.207221508026123,
      8.76549243927002,
      -8.702929496765137,
      -1.9778110980987549,
      13.972030639648438,
      11.187674522399902,
      19.018043518066406,
      21.625944137573242,
      26.409639358520508,
      25.10824203491211,
      51.18864822387695,
      42.41381072998047,
      59.90665054321289,
      62.70136260986328,
      72.37378692626953,
      60.26792907714844,
      52.321773529052734,
      43.47151565551758
    ],
    [
      -3.7366111278533936,
      0.6748356819152832,
      -23.996334075927734,
      -15.32568359375,
      12.583114624023438,
      -11.754427909851074,
      17.937301635742188,
      -0.5436444282531738,
      22.062612533569336,
      -0.3811568021774292,
      73.21170806884766,
      36.87904357910156,
      95.78964233398438,
      72.37378692626953,
      116.05885314941406,
      79.52061462402344,
      91.74937438964844,
      69.09073638916016
    ],
    [
      7.539522647857666,
      10.435976028442383,
      -12.875175476074219,
      -4.28548002243042,
      12.639029502868652,
      6.309077262878418,
      17.39315414428711,
      14.607186317443848,
      21.408775329589844,
      17.422962188720703,
      49.23173141479492,
      36.465641021728516,
      62.27510452270508,
      60.26792907714844,
      79.52061462402344,
      70.41163635253906,
      63.957210540771484,
      53.19794464111328
    ],
    [
      -2.6275198459625244,
      -0.004221801180392504,
      -17.78951072692871,
      -12.029061317443848,
      9.932886123657227,
      -13.680654525756836,
      12.585803985595703,
      -4.119115352630615,
      13.541621208190918,
      -6.173640727996826,
      57.84067916870117,
      25.087682723999023,
      77.76709747314453,
      52.321773529052734,
      91.74937438964844,
      63.957210540771484,
      83.97396850585938,
      63.245460510253906
    ],
    [
      0.7318931221961975,
      2.547558546066284,
      -12.163728713989258,
      -7.0744309425354,
      8.356283187866211,
      -6.40848970413208,
      10.57258415222168,
      1.2402294874191284,
      11.529179573059082,
      0.26874402165412903,
      43.30603790283203,
      22.59720802307129,
      57.79799270629883,
      43.47151565551758,
      69.09073638916016,
      53.19794464111328,
      63.245460510253906,
      51.46202087402344
    ]
  ],
  "covariance_short": [
    [
      63.82573699951172,
      54.13338088989258,
      20.20560646057129,
      23.62195587158203,
      18.009889602661133,
      25.751209259033203,
      22.75505828857422,
      29.32911491394043,
      21.13391876220703,
      31.92579460144043,
      8.047588348388672,
      19.59814453125,
      8.869705200195312,
      23.111400604248047,
      18.40328598022461,
      23.537891387939453,
      12.321934700012207,
      12.3688383102417
    ],
    [
      54.13338088989258,
      59.557952880859375,
      17.064939498901367,
      21.506465911865234,
      15.024205207824707,
      22.48430633544922,
      20.281612396240234,
      26.066057205200195,
      18.668127059936523,
      28.094589233398438,
      6.503034591674805,
      16.900306701660156,
      7.27336311340332,
      21.049306869506836,
      17.10723876953125,
      21.847543716430664,
      11.330092430114746,
      11.448163032531738
    ],
    [
      20.20560646057129,
      17.064939498901367,
      55.37171173095703,
      37.12969970703125,
      18.974702835083008,
      29.564180374145508,
      16.402156829833984,
      29.358476638793945,
      19.029685974121094,
      30.654043197631836,
      3.1746156215667725,
      14.097489356994629,
      -0.11944770067930222,
      5.015535831451416,
      -3.049766778945923,
      3.8873403072357178,
      -0.6640858054161072,
      1.1883814334869385
    ],
    [
      23.62195587158203,
      21.506465911865234,
      37.12969970703125,
      45.145729064941406,
      15.174476623535156,
      32.69406509399414,
      17.017826080322266,
      31.234912872314453,
      19.14630889892578,
      35.06575012207031,
      3.1723597049713135,
      17.839153289794922,
      0.17757874727249146,
      11.006913185119629,
      2.7052834033966064,
      11.052923202514648,
      2.178175210952759,
      4.278774738311768
    ],
    [
      18.009889602661133,
      15.024205207824707,
      18.974702835083008,
      15.174476623535156,
      61.8484992980957,
      40.19350051879883,
      50.64638900756836,
      39.81205749511719,
      44.257591247558594,
      39.77571105957031,
      32.96714401245117,
      32.712135314941406,
      27.09578514099121,
      31.219661712646484,
      32.38208770751953,
      26.753498077392578,
      22.005468368530273,
      17.304895401000977
    ],
    [
      25.751209259033203,
      22.48430633544922,
      29.564180374145508,
      32.69406509399414,
      40.19350051879883,
      79.51335906982422,
      42.0968017578125,
      66.50228118896484,
      45.04973220825195,
      73.69584655761719,
      14.260637283325195,
      40.86605453491211,
      3.090688943862915,
      26.6606502532959,
      7.427596569061279,
      20.24000358581543,
      0.9881129860877991,
      4.962733745574951
    ],
    [
      22.75505828857422,
      20.281612396240234,
      16.402156829833984,
      17.017826080322266,
      50.64638900756836,
      42.0968017578125,
      66.6597900390625,
      48.016456604003906,
      54.142433166503906,
      50.58894348144531,
      38.713600158691406,
      40.65564727783203,
      31.55065155029297,
      38.650691986083984,
      37.8638801574707,
      33.07505416870117,
      24.92343521118164,
      20.308889389038086
    ],
    [
      29.32911491394043,
      26.066057205200195,
      29.358476638793945,
      31.234912872314453,
      39.81205749511719,
      66.50228118896484,
      48.016456604003906,
      82.23385620117188,
      48.989662170410156,
      77.32762145996094,
      19.598234176635742,
      47.081878662109375,
      9.995956420898438,
      35.21088790893555,
      14.684649467468262,
      26.885971069335938,
      5.410071849822998,
      8.98973560333252
    ],
    [
      21.13391876220703,
      18.668127059936523,
      19.029685974121094,
      19.14630889892578,
      44.257591247558594,
      45.04973220825195,
      54.142433166503906,
      48.989662170410156,
      66.3013687133789,
      61.591087341308594,
      46.279075622558594,
      52.066707611083984,
      38.747779846191406,
      47.007633209228516,
      43.837406158447266,
      39.038028717041016,
      28.25092315673828,
      23.06023406982422
    ],
    [
      31.92579460144043,
      28.094589233398438,
      30.654043197631836,
      35.06575012207031,
      39.77571105957031,
      73.69584655761719,
      50.58894348144531,
      77.32762145996094,
      61.591087341308594,
      102.254150390625,
      26.460308074951172,
      61.299320220947266,
      15.076053619384766,
      46.2874641418457,
      21.22321319580078,
      35.379573822021484,
      9.30582046508789,
      13.580718994140625
    ],
    [
      8.047588348388672,
      6.503034591674805,
      3.1746156215667725,
      3.1723597049713135,
      32.96714401245117,
      14.260637283325195,
      38.713600158691406,
      19.598234176635742,
      46.279075622558594,
      26.460308074951172,
      81.91458129882812,
      56.16670608520508,
      81.22428894042969,
      62.76176834106445,
      82.56639099121094,
      57.46769714355469,
      60.93086242675781,
      45.352237701416016
    ],
    [
      19.59814453125,
      16.900306701660156,
      14.097489356994629,
      17.839153289794922,
      32.712135314941406,
      40.86605453491211,
      40.65564727783203,
      47.081878662109375,
      52.066707611083984,
      61.299320220947266,
      56.16670608520508,
      71.32948303222656,
      51.56717300415039,
      65.20355987548828,
      59.71542739868164,
      55.599063873291016,
      38.489925384521484,
      33.63680648803711
    ],
    [
      8.869705200195312,
      7.27336311340332,
      -0.11944770067930222,
      0.17757874727249146,
      27.09578514099121,
      3.090688943862915,
      31.55065155029297,
      9.995956420898438,
      38.747779846191406,
      15.076053619384766,
      81.22428894042969,
      51.56717300415039,
      104.33966064453125,
      73.78656005859375,
      102.39834594726562,
      71.65229797363281,
      77.28507995605469,
      57.769508361816406
    ],
    [
      23.111400604248047,
      21.049306869506836,
      5.015535831451416,
      11.006913185119629,
      31.219661712646484,
      26.6606502532959,
      38.650691986083984,
      35.21088790893555,
      47.007633209228516,
      46.2874641418457,
      62.76176834106445,
      65.20355987548828,
      73.78656005859375,
      86.82234191894531,
      90.28643035888672,
      78.78240966796875,
      59.259376525878906,
      50.25197219848633
    ],
    [
      18.40328598022461,
      17.10723876953125,
      -3.049766778945923,
      2.7052834033966064,
      32.38208770751953,
      7.427596569061279,
      37.8638801574707,
      14.684649467468262,
      43.837406158447266,
      21.22321319580078,
      82.56639099121094,
      59.71542739868164,
      102.39834594726562,
      90.28643035888672,
      124.30558013916016,
      91.86248779296875,
      89.97486877441406,
      68.49349975585938
    ],
    [
      23.537891387939453,
      21.847543716430664,
      3.8873403072357178,
      11.052923202514648,
      26.753498077392578,
      20.24000358581543,
      33.07505416870117,
      26.885971069335938,
      39.038028717041016,
      35.379573822021484,
      57.46769714355469,
      55.599063873291016,
      71.65229797363281,
      78.78240966796875,
      91.86248779296875,
      83.18743896484375,
      66.29412078857422,
      56.581260681152344
    ],
    [
      12.321934700012207,
      11.330092430114746,
      -0.6640858054161072,
      2.178175210952759,
      22.005468368530273,
      0.9881129860877991,
      24.92343521118164,
      5.410071849822998,
      28.25092315673828,
      9.30582046508789,
      60.93086242675781,
      38.489925384521484,
      77.28507995605469,
      59.259376525878906,
      89.97486877441406,
      66.29412078857422,
      76.760986328125,
      58.22781753540039
    ],
    [
      12.3688383102417,
      11.448163032531738,
      1.1883814334869385,
      4.278774738311768,
      17.304895401000977,
      4.962733745574951,
      20.308889389038086,
      8.98973560333252,
      23.06023406982422,
      13.580718994140625,
      45.352237701416016,
      33.63680648803711,
      57.769508361816406,
      50.25197219848633,
      68.49349975585938,
      56.581260681152344,
      58.22781753540039,
      49.02522277832031
    ]
  ],
  "damage": -9.549899101257324,
  "diff_bandwidth": 484.4147644042969,
  "dissonance": 6.644700748471384,
  "drr": -19.220277786254883,
  "dynamics": 3.832139730453491,
  "format": 1245190,
  "frames": 11266080,
  "loudness": -16.040687561035156,
  "loudness_range": 9.583333015441895,
  "loudness_range_short": 14.754175186157227,
  "lowpass_true_peak_15khz": 0.1145273745059967,
  "mastering3_acoustic_entropies": [
    {
      "acoustic_entropy": 8.790797233581543,
      "acoustic_entropy_mono": 8.81539249420166,
      "band_eliminated_acoustic_entropies": [
        {
          "acoustic_entropy": 8.864364624023438,
          "acoustic_entropy_side": 8.833520889282227,
          "hz": 129.47220167065723
        },
        {
          "acoustic_entropy": 8.849883079528809,
          "acoustic_entropy_side": 9.10010051727295,
          "hz": 202.92927478742237
        },
        {
          "acoustic_entropy": 8.834762573242188,
          "acoustic_entropy_side": 8.789776802062988,
          "hz": 282.89161906338205
        },
        {
          "acoustic_entropy": 9.362545013427734,
          "acoustic_entropy_side": 9.051498413085938,
          "hz": 369.9353335868758
        },
        {
          "acoustic_entropy": 8.31344985961914,
          "acoustic_entropy_side": 8.94046688079834,
          "hz": 464.6875360973435
        },
        {
          "acoustic_entropy": 8.603124618530273,
          "acoustic_entropy_side": 8.895647048950195,
          "hz": 567.8308811364784
        },
        {
          "acoustic_entropy": 9.229466438293457,
          "acoustic_entropy_side": 9.272234916687012,
          "hz": 680.1084783214808
        },
        {
          "acoustic_entropy": 8.784943580627441,
          "acoustic_entropy_side": 8.9222412109375,
          "hz": 802.3292461747484
        },
        {
          "acoustic_entropy": 9.389448165893555,
          "acoustic_entropy_side": 8.832404136657715,
          "hz": 935.3737400823702
        },
        {
          "acoustic_entropy": 9.001029014587402,
          "acoustic_entropy_side": 8.782684326171875,
          "hz": 1080.2004963696966
        },
        {
          "acoustic_entropy": 9.315917015075684,
          "acoustic_entropy_side": 8.807610511779785,
          "hz": 1237.8529382007157
        },
        {
          "acoustic_entropy": 8.873263359069824,
          "acoustic_entropy_side": 8.79684829711914,
          "hz": 1409.4668930556702
        },
        {
          "acoustic_entropy": 8.768149375915527,
          "acoustic_entropy_side": 8.805939674377441,
          "hz": 1596.2787759475705
        },
        {
          "acoustic_entropy": 8.908649444580078,
          "acoustic_entropy_side": 8.889801979064941,
          "hz": 1799.6344973346393
        },
        {
          "acoustic_entropy": 8.794696807861328,
          "acoustic_entropy_side": 8.847870826721191,
          "hz": 2020.9991599069049
        },
        {
          "acoustic_entropy": 8.908320426940918,
          "acoustic_entropy_side": 8.834656715393066,
          "hz": 2261.9676141086993
        },
        {
          "acoustic_entropy": 8.85741138458252,
          "acoustic_entropy_side": 8.831781387329102,
          "hz": 2524.2759484456974
        },
        {
          "acoustic_entropy": 8.76341438293457,
          "acoustic_entropy_side": 8.83546257019043,
          "hz": 2809.813997359896
        },
        {
          "acoustic_entropy": 8.785757064819336,
          "acoustic_entropy_side": 8.869318962097168,
          "hz": 3120.6389567871424
        },
        {
          "acoustic_entropy": 8.596060752868652,
          "acoustic_entropy_side": 8.817092895507812,
          "hz": 3458.990205492291
        },
        {
          "acoustic_entropy": 8.786258697509766,
          "acoustic_entropy_side": 8.8489408493042,
          "hz": 3827.305438964164
        },
        {
          "acoustic_entropy": 8.62395191192627,
          "acoustic_entropy_side": 8.812389373779297,
          "hz": 4228.238232109126
        },
        {
          "acoustic_entropy": 8.743292808532715,
          "acoustic_entropy_side": 8.795719146728516,
          "hz": 4664.6771572759235
        },
        {
          "acoustic_entropy": 8.710864067077637,
          "acoustic_entropy_side": 8.7948579788208,
          "hz": 5139.766595350093
        },
        {
          "acoustic_entropy": 8.721540451049805,
          "acoustic_entropy_side": 8.789060592651367,
          "hz": 5656.929389854203
        },
        {
          "acoustic_entropy": 8.681344032287598,
          "acoustic_entropy_side": 8.78996753692627,
          "hz": 6219.891507268283
        },
        {
          "acoustic_entropy": 8.694835662841797,
          "acoustic_entropy_side": 8.790190696716309,
          "hz": 6832.70888123896
        },
        {
          "acoustic_entropy": 8.72484302520752,
          "acoustic_entropy_side": 8.7828950881958,
          "hz": 7499.796634079867
        },
        {
          "acoustic_entropy": 8.655895233154297,
          "acoustic_entropy_side": 8.778775215148926,
          "hz": 8225.96088609342
        },
        {
          "acoustic_entropy": 8.65735912322998,
          "acoustic_entropy_side": 8.78312873840332,
          "hz": 9016.43338188839
        },
        {
          "acoustic_entropy": 8.661189079284668,
          "acoustic_entropy_side": 8.784310340881348,
          "hz": 9876.909183162974
        },
        {
          "acoustic_entropy": 8.639177322387695,
          "acoustic_entropy_side": 8.780070304870605,
          "hz": 10813.587699516042
        },
        {
          "acoustic_entropy": 8.698409080505371,
          "acoustic_entropy_side": 8.785149574279785,
          "hz": 11833.21735289826
        },
        {
          "acoustic_entropy": 8.747173309326172,
          "acoustic_entropy_side": 8.787476539611816,
          "hz": 12943.144197493959
        },
        {
          "acoustic_entropy": 8.680571556091309,
          "acoustic_entropy_side": 8.778467178344727,
          "hz": 14151.364845322005
        },
        {
          "acoustic_entropy": 8.724137306213379,
          "acoustic_entropy_side": 8.783594131469727,
          "hz": 15466.58407886509
        },
        {
          "acoustic_entropy": 8.747489929199219,
          "acoustic_entropy_side": 8.785075187683105,
          "hz": 16898.27756580493
        },
        {
          "acoustic_entropy": 8.78349781036377,
          "acoustic_entropy_side": 8.789722442626953,
          "hz": 18456.760127700032
        },
        {
          "acoustic_entropy": 8.785892486572266,
          "acoustic_entropy_side": 8.79001235961914,
          "hz": 20153.260054456492
        },
        {
          "acoustic_entropy": 8.790181159973145,
          "acoustic_entropy_side": 8.790682792663574,
          "hz": 22000.00000000001
        }
      ],
      "diff_acoustic_entropy": 7.831484317779541,
      "sn": 6
    },
    {
      "acoustic_entropy": 13.17195987701416,
      "acoustic_entropy_mono": 13.147891998291016,
      "band_eliminated_acoustic_entropies": [
        {
          "acoustic_entropy": 12.977262496948242,
          "acoustic_entropy_side": 13.05791187286377,
          "hz": 129.47220167065723
        },
        {
          "acoustic_entropy": 12.967308044433594,
          "acoustic_entropy_side": 12.843254089355469,
          "hz": 202.92927478742237
        },
        {
          "acoustic_entropy": 12.572131156921387,
          "acoustic_entropy_side": 13.33515453338623,
          "hz": 282.89161906338205
        },
        {
          "acoustic_entropy": 13.167923927307129,
          "acoustic_entropy_side": 13.126261711120605,
          "hz": 369.9353335868758
        },
        {
          "acoustic_entropy": 12.663314819335938,
          "acoustic_entropy_side": 12.948539733886719,
          "hz": 464.6875360973435
        },
        {
          "acoustic_entropy": 13.62352466583252,
          "acoustic_entropy_side": 12.877774238586426,
          "hz": 567.8308811364784
        },
        {
          "acoustic_entropy": 13.035534858703613,
          "acoustic_entropy_side": 13.202896118164062,
          "hz": 680.1084783214808
        },
        {
          "acoustic_entropy": 14.035540580749512,
          "acoustic_entropy_side": 13.394319534301758,
          "hz": 802.3292461747484
        },
        {
          "acoustic_entropy": 13.39748764038086,
          "acoustic_entropy_side": 13.255212783813477,
          "hz": 935.3737400823702
        },
        {
          "acoustic_entropy": 12.965396881103516,
          "acoustic_entropy_side": 13.196642875671387,
          "hz": 1080.2004963696966
        },
        {
          "acoustic_entropy": 13.471617698669434,
          "acoustic_entropy_side": 13.273660659790039,
          "hz": 1237.8529382007157
        },
        {
          "acoustic_entropy": 13.25188159942627,
          "acoustic_entropy_side": 13.17794418334961,
          "hz": 1409.4668930556702
        },
        {
          "acoustic_entropy": 13.074054718017578,
          "acoustic_entropy_side": 13.214631080627441,
          "hz": 1596.2787759475705
        },
        {
          "acoustic_entropy": 13.527761459350586,
          "acoustic_entropy_side": 13.329771041870117,
          "hz": 1799.6344973346393
        },
        {
          "acoustic_entropy": 13.190681457519531,
          "acoustic_entropy_side": 13.237534523010254,
          "hz": 2020.9991599069049
        },
        {
          "acoustic_entropy": 13.334999084472656,
          "acoustic_entropy_side": 13.217301368713379,
          "hz": 2261.9676141086993
        },
        {
          "acoustic_entropy": 13.29106330871582,
          "acoustic_entropy_side": 13.258484840393066,
          "hz": 2524.2759484456974
        },
        {
          "acoustic_entropy": 13.160123825073242,
          "acoustic_entropy_side": 13.206850051879883,
          "hz": 2809.813997359896
        },
        {
          "acoustic_entropy": 13.278619766235352,
          "acoustic_entropy_side": 13.223480224609375,
          "hz": 3120.6389567871424
        },
        {
          "acoustic_entropy": 13.047410011291504,
          "acoustic_entropy_side": 13.156389236450195,
          "hz": 3458.990205492291
        },
        {
          "acoustic_entropy": 12.90478229522705,
          "acoustic_entropy_side": 13.184564590454102,
          "hz": 3827.305438964164
        },
        {
          "acoustic_entropy": 13.125786781311035,
          "acoustic_entropy_side": 13.218582153320312,
          "hz": 4228.238232109126
        },
        {
          "acoustic_entropy": 13.291236877441406,
          "acoustic_entropy_side": 13.271869659423828,
          "hz": 4664.6771572759235
        },
        {
          "acoustic_entropy": 13.28286075592041,
          "acoustic_entropy_side": 13.25932502746582,
          "hz": 5139.766595350093
        },
        {
          "acoustic_entropy": 13.083247184753418,
          "acoustic_entropy_side": 13.218358039855957,
          "hz": 5656.929389854203
        },
        {
          "acoustic_entropy": 13.242509841918945,
          "acoustic_entropy_side": 13.218778610229492,
          "hz": 6219.891507268283
        },
        {
          "acoustic_entropy": 13.114450454711914,
          "acoustic_entropy_side": 13.203516960144043,
          "hz": 6832.70888123896
        },
        {
          "acoustic_entropy": 13.01872730255127,
          "acoustic_entropy_side": 13.193682670593262,
          "hz": 7499.796634079867
        },
        {
          "acoustic_entropy": 13.075125694274902,
          "acoustic_entropy_side": 13.172154426574707,
          "hz": 8225.96088609342
        },
        {
          "acoustic_entropy": 13.078540802001953,
          "acoustic_entropy_side": 13.175848960876465,
          "hz": 9016.43338188839
        },
        {
          "acoustic_entropy": 13.146142959594727,
          "acoustic_entropy_side": 13.168124198913574,
          "hz": 9876.909183162974
        },
        {
          "acoustic_entropy": 13.152702331542969,
          "acoustic_entropy_side": 13.163525581359863,
          "hz": 10813.587699516042
        },
        {
          "acoustic_entropy": 13.208620071411133,
          "acoustic_entropy_side": 13.180784225463867,
          "hz": 11833.21735289826
        },
        {
          "acoustic_entropy": 13.187448501586914,
          "acoustic_entropy_side": 13.1778564453125,
          "hz": 12943.144197493959
        },
        {
          "acoustic_entropy": 13.171960830688477,
          "acoustic_entropy_side": 13.18442153930664,
          "hz": 14151.364845322005
        },
        {
          "acoustic_entropy": 13.178956985473633,
          "acoustic_entropy_side": 13.185967445373535,
          "hz": 15466.58407886509
        },
        {
          "acoustic_entropy": 13.15195083618164,
          "acoustic_entropy_side": 13.172026634216309,
          "hz": 16898.27756580493
        },
        {
          "acoustic_entropy": 13.160866737365723,
          "acoustic_entropy_side": 13.169785499572754,
          "hz": 18456.760127700032
        },
        {
          "acoustic_entropy": 13.16269588470459,
          "acoustic_entropy_side": 13.170310974121094,
          "hz": 20153.260054456492
        },
        {
          "acoustic_entropy": 13.169022560119629,
          "acoustic_entropy_side": 13.171342849731445,
          "hz": 22000.00000000001
        }
      ],
      "diff_acoustic_entropy": 11.169672012329102,
      "sn": 12
    },
    {
      "acoustic_entropy": 20.74966812133789,
      "acoustic_entropy_mono": 17.97242546081543,
      "band_eliminated_acoustic_entropies": [
        {
          "acoustic_entropy": 20.37618064880371,
          "acoustic_entropy_side": 20.829017639160156,
          "hz": 129.47220167065723
        },
        {
          "acoustic_entropy": 20.464189529418945,
          "acoustic_entropy_side": 20.576356887817383,
          "hz": 202.92927478742237
        },
        {
          "acoustic_entropy": 20.068525314331055,
          "acoustic_entropy_side": 20.494823455810547,
          "hz": 282.89161906338205
        },
        {
          "acoustic_entropy": 21.60395622253418,
          "acoustic_entropy_side": 21.001237869262695,
          "hz": 369.9353335868758
        },
        {
          "acoustic_entropy": 20.10953712463379,
          "acoustic_entropy_side": 20.015405654907227,
          "hz": 464.6875360973435
        },
        {
          "acoustic_entropy": 19.779979705810547,
          "acoustic_entropy_side": 20.32389259338379,
          "hz": 567.8308811364784
        },
        {
          "acoustic_entropy": 18.656259536743164,
          "acoustic_entropy_side": 20.69487953186035,
          "hz": 680.1084783214808
        },
        {
          "acoustic_entropy": 20.219432830810547,
          "acoustic_entropy_side": 20.318471908569336,
          "hz": 802.3292461747484
        },
        {
          "acoustic_entropy": 20.625600814819336,
          "acoustic_entropy_side": 21.076446533203125,
          "hz": 935.3737400823702
        },
        {
          "acoustic_entropy": 19.865211486816406,
          "acoustic_entropy_side": 20.932472229003906,
          "hz": 1080.2004963696966
        },
        {
          "acoustic_entropy": 21.187606811523438,
          "acoustic_entropy_side": 20.99254035949707,
          "hz": 1237.8529382007157
        },
        {
          "acoustic_entropy": 19.848796844482422,
          "acoustic_entropy_side": 20.890193939208984,
          "hz": 1409.4668930556702
        },
        {
          "acoustic_entropy": 19.7633113861084,
          "acoustic_entropy_side": 20.714130401611328,
          "hz": 1596.2787759475705
        },
        {
          "acoustic_entropy": 20.501256942749023,
          "acoustic_entropy_side": 20.632823944091797,
          "hz": 1799.6344973346393
        },
        {
          "acoustic_entropy": 20.165760040283203,
          "acoustic_entropy_side": 20.87314796447754,
          "hz": 2020.9991599069049
        },
        {
          "acoustic_entropy": 19.953603744506836,
          "acoustic_entropy_side": 20.594938278198242,
          "hz": 2261.9676141086993
        },
        {
          "acoustic_entropy": 20.992443084716797,
          "acoustic_entropy_side": 20.653465270996094,
          "hz": 2524.2759484456974
        },
        {
          "acoustic_entropy": 20.672740936279297,
          "acoustic_entropy_side": 20.644193649291992,
          "hz": 2809.813997359896
        },
        {
          "acoustic_entropy": 20.904273986816406,
