{
  "acoustic_entropy": 225.137451171875,
  "bands": [
    {
      "high_freq": 148.1999969482422,
      "loudness": -20.79351234436035,
      "loudness_range": 9.568863868713379,
      "mid_mean": -17.337141036987305,
      "mid_to_side_loudness": -14.174595832824707,
      "mid_to_side_loudness_range": 15.634578704833984,
      "side_mean": -31.953651428222656
    },
    {
      "high_freq": 392.3793640136719,
      "loudness": -19.109394073486328,
      "loudness_range": 7.613001823425293,
      "low_freq": 148.1999969482422,
      "mid_mean": -16.73694610595703,
      "mid_to_side_loudness": -5.384602069854736,
      "mid_to_side_loudness_range": 10.385919570922852,
      "side_mean": -22.19190788269043
    },
    {
      "high_freq": 794.6976318359375,
      "loudness": -22.9166202545166,
      "loudness_range": 10.601465225219727,
      "low_freq": 392.3793640136719,
      "mid_mean": -20.203699111938477,
      "mid_to_side_loudness": -6.904260635375977,
      "mid_to_side_loudness_range": 10.260053634643555,
      "side_mean": -27.174800872802734
    },
    {
      "high_freq": 1457.5709228515625,
      "loudness": -25.57981300354004,
      "loudness_range": 15.477380752563477,
      "low_freq": 794.6976318359375,
      "mid_mean": -22.8944034576416,
      "mid_to_side_loudness": -7.126286506652832,
      "mid_to_side_loudness_range": 12.139392852783203,
      "side_mean": -30.12630844116211
    },
    {
      "high_freq": 2549.74365234375,
      "loudness": -24.58823013305664,
      "loudness_range": 16.481332778930664,
      "low_freq": 1457.5709228515625,
      "mid_mean": -21.790882110595703,
      "mid_to_side_loudness": -7.948482990264893,
      "mid_to_side_loudness_range": 12.9719820022583,
      "side_mean": -29.892000198364258
    },
    {
      "high_freq": 4349.24462890625,
      "loudness": -24.103370666503906,
      "loudness_range": 16.882349014282227,
      "low_freq": 2549.74365234375,
      "mid_mean": -21.185062408447266,
      "mid_to_side_loudness": -8.974553108215332,
      "mid_to_side_loudness_range": 13.530524253845215,
      "side_mean": -30.298690795898438
    },
    {
      "high_freq": 7314.1640625,
      "loudness": -27.959033966064453,
      "loudness_range": 16.301443099975586,
      "low_freq": 4349.24462890625,
      "mid_mean": -24.93372917175293,
      "mid_to_side_loudness": -10.039159774780273,
      "mid_to_side_loudness_range": 14.906523704528809,
      "side_mean": -35.15060043334961
    },
    {
      "high_freq": 12199.2666015625,
      "loudness": -33.3762321472168,
      "loudness_range": 16.08946418762207,
      "low_freq": 7314.1640625,
      "mid_mean": -30.661630630493164,
      "mid_to_side_loudness": -7.8154168128967285,
      "mid_to_side_loudness_range": 14.184913635253906,
      "side_mean": -38.54106521606445
    },
    {
      "loudness": -37.747310638427734,
      "loudness_range": 12.138015747070312,
      "low_freq": 12199.2666015625,
      "mid_mean": -34.905277252197266,
      "mid_to_side_loudness": -8.43207836151123,
      "mid_to_side_loudness_range": 14.064488410949707,
      "side_mean": -43.66205596923828
    }
  ],
  "bands_short": [
    {
      "high_freq": 148.1999969482422,
      "loudness": -24.066076278686523,
      "loudness_range": 19.318023681640625,
      "mid_mean": -20.760332107543945,
      "mid_to_side_loudness": -15.56298828125,
      "mid_to_side_loudness_range": 25.465389251708984,
      "side_mean": -37.33665084838867
    },
    {
      "high_freq": 392.3793640136719,
      "loudness": -19.270063400268555,
      "loudness_range": 9.754234313964844,
      "low_freq": 148.1999969482422,
      "mid_mean": -16.946496963500977,
      "mid_to_side_loudness": -5.8070068359375,
      "mid_to_side_loudness_range": 13.363996505737305,
      "side_mean": -22.84136962890625
    },
    {
      "high_freq": 794.6976318359375,
      "loudness": -22.743850708007812,
      "loudness_range": 12.698505401611328,
      "low_freq": 392.3793640136719,
      "mid_mean": -20.205821990966797,
      "mid_to_side_loudness": -6.685910701751709,
      "mid_to_side_loudness_range": 13.093384742736816,
      "side_mean": -26.978515625
    },
    {
      "high_freq": 1457.5709228515625,
      "loudness": -26.020193099975586,
      "loudness_range": 16.847761154174805,
      "low_freq": 794.6976318359375,
      "mid_mean": -23.50324058532715,
      "mid_to_side_loudness": -6.981091499328613,
      "mid_to_side_loudness_range": 14.979787826538086,
      "side_mean": -30.63543128967285
    },
    {
      "high_freq": 2549.74365234375,
      "loudness": -25.320146560668945,
      "loudness_range": 18.055072784423828,
      "low_freq": 1457.5709228515625,
      "mid_mean": -22.68085479736328,
      "mid_to_side_loudness": -7.761098861694336,
      "mid_to_side_loudness_range": 15.696758270263672,
      "side_mean": -30.733341217041016
    },
    {
      "high_freq": 4349.24462890625,
      "loudness": -24.712007522583008,
      "loudness_range": 19.17205238342285,
      "low_freq": 2549.74365234375,
      "mid_mean": -21.899721145629883,
      "mid_to_side_loudness": -8.666497230529785,
      "mid_to_side_loudness_range": 16.376249313354492,
      "side_mean": -31.146705627441406
    },
    {
      "high_freq": 7314.1640625,
      "loudness": -28.8851318359375,
      "loudness_range": 19.410371780395508,
      "low_freq": 4349.24462890625,
      "mid_mean": -25.999940872192383,
      "mid_to_side_loudness": -9.42876148223877,
      "mid_to_side_loudness_range": 17.442670822143555,
      "side_mean": -36.31439971923828
    },
    {
      "high_freq": 12199.2666015625,
      "loudness": -35.484642028808594,
      "loudness_range": 21.05296516418457,
      "low_freq": 7314.1640625,
      "mid_mean": -32.88374710083008,
      "mid_to_side_loudness": -6.93883752822876,
      "mid_to_side_loudness_range": 14.921642303466797,
      "side_mean": -40.57463073730469
    },
    {
      "loudness": -43.508487701416016,
      "loudness_range": 27.16975975036621,
      "low_freq": 12199.2666015625,
      "mid_mean": -41.04944610595703,
      "mid_to_side_loudness": -6.264153480529785,
      "mid_to_side_loudness_range": 13.450570106506348,
      "side_mean": -47.868438720703125
    }
  ],
  "bandwidth": 605.8316040039062,
  "channels": 2,
  "covariance": [
    [
      15.05880355834961,
      2.1216049194335938,
      2.00000262260437,
      1.0943138599395752,
      0.5001340508460999,
      0.5803324580192566,
      -0.0679132342338562,
      -0.3016967177391052,
      -0.24156862497329712,
      -0.6908610463142395,
      -1.4131654500961304,
      -2.0617780685424805,
      -2.4242255687713623,
      -0.31052160263061523,
      -3.39715838432312,
      0.18390770256519318,
      -4.5767059326171875,
      -4.702932834625244
    ],
    [
      2.1216049194335938,
      13.730643272399902,
      2.4839560985565186,
      3.858881950378418,
      3.3633553981781006,
      4.404826641082764,
      4.133995056152344,
      4.560795783996582,
      5.5309624671936035,
      5.209563255310059,
      4.65468692779541,
      4.495987892150879,
      4.3969807624816895,
      4.574856281280518,
      3.4890005588531494,
      4.208179473876953,
      2.0758297443389893,
      2.411304235458374
    ],
    [
      2.00000262260437,
      2.4839560985565186,
      7.618407726287842,
      7.861165523529053,
      6.343369483947754,
      6.705136299133301,
      4.678905963897705,
      5.542107105255127,
      6.8979926109313965,
      5.980649471282959,
      6.418591022491455,
      5.317494869232178,
      5.345827579498291,
      5.4245500564575195,
      4.514298915863037,
      7.898327350616455,
      0.9378513693809509,
      4.931769371032715
    ],
    [
      1.0943138599395752,
      3.858881950378418,
      7.861165523529053,
      21.18329429626465,
      10.676794052124023,
      16.8929443359375,
      8.838643074035645,
      14.781553268432617,
      12.428323745727539,
      15.589493751525879,
      11.38375473022461,
      12.682815551757812,
      9.057183265686035,
      12.321226119995117,
      10.386579513549805,
      19.92214012145996,
      4.137118816375732,
      11.890575408935547
    ],
    [
      0.5001340508460999,
      3.3633553981781006,
      6.343369483947754,
      10.676794052124023,
      16.680644989013672,
      13.486757278442383,
      12.174817085266113,
      11.819784164428711,
      18.388078689575195,
      12.99189281463623,
      17.823894500732422,
      10.623739242553711,
      15.626047134399414,
      9.635773658752441,
      9.444395065307617,
      11.338890075683594,
      2.514535665512085,
      6.814168453216553
    ],
    [
      0.5803324580192566,
      4.404826641082764,
      6.705136299133301,
      16.8929443359375,
      13.486757278442383,
      22.769502639770508,
      10.725077629089355,
      18.247175216674805,
      14.503474235534668,
      18.929519653320312,
      12.65403938293457,
      14.807433128356934,
      10.569066047668457,
      13.913649559020996,
      11.270545959472656,
      19.98529624938965,
      4.699582576751709,
      12.09743595123291
    ],
    [
      -0.0679132342338562,
      4.133995056152344,
      4.678905963897705,
      8.838643074035645,
      12.174817085266113,
      10.725077629089355,
      28.285594940185547,
      18.600793838500977,
      26.30316734313965,
      16.026071548461914,
      26.47684669494629,
      13.109358787536621,
      23.46495819091797,
      9.68561840057373,
      11.175219535827637,
      8.343171119689941,
      2.660130739212036,
      5.344547748565674
    ],
    [
      -0.3016967177391052,
      4.560795783996582,
      5.542107105255127,
      14.781553268432617,
      11.819784164428711,
      18.247175216674805,
      18.600793838500977,
      27.90940284729004,
      18.426864624023438,
      22.537694931030273,
      15.510705947875977,
      16.428674697875977,
      12.830584526062012,
      13.27392864227295,
      10.587479591369629,
      16.651409149169922,
      3.4643430709838867,
      9.951684951782227
    ],
    [
      -0.24156862497329712,
      5.5309624671936035,
      6.8979926109313965,
      12.428323745727539,
      18.388078689575195,
      14.503474235534668,
      26.30316734313965,
      18.426864624023438,
      38.59523010253906,
      21.360408782958984,
      37.19608688354492,
      18.651405334472656,
      33.68600845336914,
      15.163504600524902,
      17.155231475830078,
      13.537403106689453,
      4.7956318855285645,
      8.259949684143066
    ],
    [
      -0.6908610463142395,
      5.209563255310059,
      5.980649471282959,
      15.589493751525879,
      12.99189281463623,
      18.929519653320312,
      16.026071548461914,
      22.537694931030273,
      21.360408782958984,
      25.84808349609375,
      18.666881561279297,
      19.876983642578125,
      16.412921905517578,
      17.417165756225586,
      14.377243995666504,
      20.542278289794922,
      5.560111999511719,
      13.541706085205078
    ],
    [
      -1.4131654500961304,
      4.65468692779541,
      6.418591022491455,
      11.38375473022461,
      17.823894500732422,
      12.65403938293457,
      26.47684669494629,
      15.510705947875977,
      37.19608688354492,
      18.666881561279297,
      42.55246353149414,
      20.56867218017578,
      38.105628967285156,
      16.38132667541504,
      18.43876838684082,
      13.018986701965332,
      6.454206466674805,
      8.824806213378906
    ],
    [
      -2.0617780685424805,
      4.495987892150879,
      5.317494869232178,
      12.682815551757812,
      10.623739242553711,
      14.807433128356934,
      13.109358787536621,
      16.428674697875977,
      18.651405334472656,
      19.876983642578125,
      20.56867218017578,
      23.17176628112793,
      17.86766242980957,
      19.653873443603516,
      15.10420036315918,
      20.374120712280273,
      6.513025283813477,
      15.298813819885254
    ],
    [
      -2.4242255687713623,
      4.3969807624816895,
      5.345827579498291,
      9.057183265686035,
      15.626047134399414,
      10.569066047668457,
      23.46495819091797,
      12.830584526062012,
      33.68600845336914,
      16.412921905517578,
      38.105628967285156,
      17.86766242980957,
      39.525943756103516,
      17.30448341369629,
      21.4007511138916,
      14.07946491241455,
      8.841008186340332,
      11.192041397094727
    ],
    [
      -0.31052160263061523,
      4.574856281280518,
      5.4245500564575195,
      12.321226119995117,
      9.635773658752441,
      13.913649559020996,
      9.68561840057373,
      13.27392864227295,
      15.163504600524902,
      17.417165756225586,
      16.38132667541504,
      19.653873443603516,
      17.30448341369629,
      26.089805603027344,
      18.589990615844727,
      30.308462142944336,
      8.478063583374023,
      21.967605590820312
    ],
    [
      -3.39715838432312,
      3.4890005588531494,
      4.514298915863037,
      10.386579513549805,
      9.444395065307617,
      11.270545959472656,
      11.175219535827637,
      10.587479591369629,
      17.155231475830078,
      14.377243995666504,
      18.43876838684082,
      15.10420036315918,
      21.4007511138916,
      18.589990615844727,
      26.205965042114258,
      28.522140502929688,
      15.659793853759766,
      23.39615821838379
    ],
    [
      0.18390770256519318,
      4.208179473876953,
      7.898327350616455,
      19.92214012145996,
      11.338890075683594,
      19.98529624938965,
      8.343171119689941,
      16.651409149169922,
      13.537403106689453,
      20.542278289794922,
      13.018986701965332,
      20.374120712280273,
      14.07946491241455,
      30.308462142944336,
      28.522140502929688,
      59.23585510253906,
      14.654687881469727,
      43.12430953979492
    ],
    [
      -4.5767059326171875,
      2.0758297443389893,
      0.9378513693809509,
      4.137118816375732,
      2.514535665512085,
      4.699582576751709,
      2.660130739212036,
      3.4643430709838867,
      4.7956318855285645,
      5.560111999511719,
      6.454206466674805,
      6.513025283813477,
      8.841008186340332,
      8.478063583374023,
      15.659793853759766,
      14.654687881469727,
      19.9931697845459,
      15.267603874206543
    ],
    [
      -4.702932834625244,
      2.411304235458374,
      4.931769371032715,
      11.890575408935547,
      6.814168453216553,
      12.09743595123291,
      5.344547748565674,
      9.951684951782227,
      8.259949684143066,
      13.541706085205078,
      8.824806213378906,
      15.298813819885254,
      11.192041397094727,
      21.967605590820312,
      23.39615821838379,
      43.12430953979492,
      15.267603874206543,
      45.52342987060547
    ]
  ],
  "covariance_short": [
    [
      47.655128479003906,
      9.573847770690918,
      9.027019500732422,
      2.318603992462158,
      2.903994083404541,
      2.7442870140075684,
      2.836221933364868,
      1.9103381633758545,
      3.4344120025634766,
      1.7017720937728882,
      1.6274912357330322,
      -0.04566241055727005,
      -0.36874818801879883,
      0.005692254286259413,
      -2.3443126678466797,
      1.1600850820541382,
      -0.5611128211021423,
      1.8485606908798218
    ],
    [
      9.573847770690918,
      45.593177795410156,
      4.86698579788208,
      7.847996234893799,
      5.062971115112305,
      8.276259422302246,
      6.572887420654297,
      9.64134407043457,
      8.36938190460205,
      9.663888931274414,
      5.020654201507568,
      6.621313095092773,
      4.73583984375,
      6.877118110656738,
      4.909028053283691,
      6.009549140930176,
      5.905078887939453,
      5.694482326507568
    ],
    [
      9.027019500732422,
      4.86698579788208,
      13.899579048156738,
      9.070704460144043,
      7.924088001251221,
      7.679054260253906,
      7.22191047668457,
      6.560534954071045,
      8.462580680847168,
      7.705934524536133,
      7.582992076873779,
      7.710910320281982,
      6.760030746459961,
      7.770878791809082,
      6.7980427742004395,
      11.135228157043457,
      9.413361549377441,
      13.474003791809082
    ],
    [
      2.318603992462158,
      7.847996234893799,
      9.070704460144043,
      26.01944351196289,
      11.722405433654785,
      18.926891326904297,
      10.308721542358398,
      16.069719314575195,
      13.351706504821777,
      17.357192993164062,
      11.620102882385254,
      15.237253189086914,
      9.054737091064453,
      14.059385299682617,
      11.961780548095703,
      21.656864166259766,
      12.762042999267578,
      20.427989959716797
    ],
    [
      2.903994083404541,
      5.062971115112305,
      7.924088001251221,
      11.722405433654785,
      23.725772857666016,
      16.38973617553711,
      16.5690975189209,
      13.948336601257324,
      22.821083068847656,
      15.867569923400879,
      21.782142639160156,
      14.941484451293945,
      18.486265182495117,
      13.160721778869629,
      13.328669548034668,
      16.442384719848633,
      13.389500617980957,
      17.236543655395508
    ],
    [
      2.7442870140075684,
      8.276259422302246,
      7.679054260253906,
      18.926891326904297,
      16.38973617553711,
      30.840782165527344,
      13.584548950195312,
      21.28785514831543,
      17.397647857666016,
      23.059770584106445,
      14.255779266357422,
      19.25188446044922,
      11.178057670593262,
      16.918060302734375,
      14.471504211425781,
      24.642133712768555,
      15.40534782409668,
      23.346899032592773
    ],
    [
      2.836221933364868,
      6.572887420654297,
      7.22191047668457,
      10.308721542358398,
      16.5690975189209,
      13.584548950195312,
      37.9707145690918,
      21.659896850585938,
      33.47238540649414,
      20.028127670288086,
      33.766448974609375,
      18.674022674560547,
      30.38394546508789,
      15.861274719238281,
      18.54115867614746,
      16.573471069335938,
      17.698657989501953,
      19.496450424194336
    ],
    [
      1.9103381633758545,
      9.64134407043457,
      6.560534954071045,
      16.069719314575195,
      13.948336601257324,
      21.28785514831543,
      21.659896850585938,
      34.29179000854492,
      20.981060028076172,
      26.72440528869629,
      17.093812942504883,
      21.612802505493164,
      14.051133155822754,
      18.14308738708496,
      15.013541221618652,
      22.34418487548828,
      15.66151237487793,
      21.756824493408203
    ],
    [
      3.4344120025634766,
      8.36938190460205,
      8.462580680847168,
      13.351706504821777,
      22.821083068847656,
      17.397647857666016,
      33.47238540649414,
      20.981060028076172,
      49.346527099609375,
      25.26692008972168,
      46.137786865234375,
      24.376678466796875,
      42.437992095947266,
      21.18642234802246,
      26.488588333129883,
      21.499588012695312,
      22.925540924072266,
      22.37138557434082
    ],
    [
      1.7017720937728882,
      9.663888931274414,
      7.705934524536133,
      17.357192993164062,
      15.867569923400879,
      23.059770584106445,
      20.028127670288086,
      26.72440528869629,
      25.26692008972168,
      34.40367126464844,
      21.041996002197266,
      26.61949920654297,
      18.358963012695312,
      23.665149688720703,
      19.89917755126953,
      27.59058952331543,
      20.42104721069336,
      27.03691291809082
    ],
    [
      1.6274912357330322,
      5.020654201507568,
      7.582992076873779,
      11.620102882385254,
      21.782142639160156,
      14.255779266357422,
      33.766448974609375,
      17.093812942504883,
      46.137786865234375,
      21.041996002197266,
      57.32435989379883,
      25.753376007080078,
      50.94219207763672,
      22.349294662475586,
      30.081979751586914,
      20.815322875976562,
      26.514883041381836,
      22.097187042236328
    ],
    [
      -0.04566241055727005,
      6.621313095092773,
      7.710910320281982,
      15.237253189086914,
      14.941484451293945,
      19.25188446044922,
      18.674022674560547,
      21.612802505493164,
      24.376678466796875,
      26.61949920654297,
      25.753376007080078,
      34.955448150634766,
      22.375293731689453,
      28.772804260253906,
      22.421743392944336,
      29.66288185119629,
      24.315153121948242,
      30.636398315429688
    ],
    [
      -0.36874818801879883,
      4.73583984375,
      6.760030746459961,
      9.054737091064453,
      18.486265182495117,
      11.178057670593262,
      30.38394546508789,
      14.051133155822754,
      42.437992095947266,
      18.358963012695312,
      50.94219207763672,
      22.375293731689453,
      58.91697311401367,
      24.170372009277344,
      38.700340270996094,
      23.14191436767578,
      33.76034927368164,
      25.360942840576172
    ],
    [
      0.005692254286259413,
      6.877118110656738,
      7.770878791809082,
      14.059385299682617,
      13.160721778869629,
      16.918060302734375,
      15.861274719238281,
      18.14308738708496,
      21.18642234802246,
      23.665149688720703,
      22.349294662475586,
      28.772804260253906,
      24.170372009277344,
      40.19559860229492,
      28.807254791259766,
      42.171539306640625,
      30.864789962768555,
      40.7702522277832
    ],
    [
      -2.3443126678466797,
      4.909028053283691,
      6.7980427742004395,
      11.961780548095703,
      13.328669548034668,
      14.471504211425781,
      18.54115867614746,
      15.013541221618652,
      26.488588333129883,
      19.89917755126953,
      30.081979751586914,
      22.421743392944336,
      38.700340270996094,
      28.807254791259766,
      53.72784423828125,
      46.05557632446289,
      51.43603515625,
      48.6856803894043
    ],
    [
      1.1600850820541382,
      6.009549140930176,
      11.135228157043457,
      21.656864166259766,
      16.442384719848633,
      24.642133712768555,
      16.573471069335938,
      22.34418487548828,
      21.499588012695312,
      27.59058952331543,
      20.815322875976562,
      29.66288185119629,
      23.14191436767578,
      42.171539306640625,
      46.05557632446289,
      81.14271545410156,
      51.52571105957031,
      74.27055358886719
    ],
    [
      -0.5611128211021423,
      5.905078887939453,
      9.413361549377441,
      12.762042999267578,
      13.389500617980957,
      15.40534782409668,
      17.698657989501953,
      15.66151237487793,
      22.925540924072266,
      20.42104721069336,
      26.514883041381836,
      24.315153121948242,
      33.76034927368164,
      30.864789962768555,
      51.43603515625,
      51.52571105957031,
      74.36356353759766,
      65.30852508544922
    ],
    [
      1.8485606908798218,
      5.694482326507568,
      13.474003791809082,
      20.427989959716797,
      17.236543655395508,
      23.346899032592773,
      19.496450424194336,
      21.756824493408203,
      22.37138557434082,
      27.03691291809082,
      22.097187042236328,
      30.636398315429688,
      25.360942840576172,
      40.7702522277832,
      48.6856803894043,
      74.27055358886719,
      65.30852508544922,
      98.35380554199219
    ]
  ],
  "damage": -6.198274612426758,
  "diff_bandwidth": 630.2051391601562,
  "dissonance": 8.174906085464485,
  "drr": 13.92402458190918,
  "dynamics": 2.7524349689483643,
  "format": 1245190,
  "frames": 9208768,
  "loudness": -10.000088691711426,
  "loudness_range": 6.708274841308594,
  "loudness_range_short": 9.065885543823242,
  "lowpass_true_peak_15khz": 0.6437806487083435,
  "mastering3_acoustic_entropies": [
    {
      "acoustic_entropy": 7.2790141105651855,
      "acoustic_entropy_mono": 6.738413333892822,
      "band_eliminated_acoustic_entropies": [
        {
          "acoustic_entropy": 6.941782474517822,
          "acoustic_entropy_side": 7.2790374755859375,
          "hz": 129.47220167065723
        },
        {
          "acoustic_entropy": 6.881057262420654,
          "acoustic_entropy_side": 7.279393672943115,
          "hz": 202.92927478742237
        },
        {
          "acoustic_entropy": 6.883371353149414,
          "acoustic_entropy_side": 7.269510269165039,
          "hz": 282.89161906338205
        },
        {
          "acoustic_entropy": 7.579380989074707,
          "acoustic_entropy_side": 7.427976608276367,
          "hz": 369.9353335868758
        },
        {
          "acoustic_entropy": 8.168670654296875,
          "acoustic_entropy_side": 7.545912742614746,
          "hz": 464.6875360973435
        },
        {
          "acoustic_entropy": 7.214135646820068,
          "acoustic_entropy_side": 7.345051288604736,
          "hz": 567.8308811364784
        },
        {
          "acoustic_entropy": 7.344716548919678,
          "acoustic_entropy_side": 7.280351638793945,
          "hz": 680.1084783214808
        },
        {
          "acoustic_entropy": 7.072947025299072,
          "acoustic_entropy_side": 7.36656379699707,
          "hz": 802.3292461747484
        },
        {
          "acoustic_entropy": 6.897174835205078,
          "acoustic_entropy_side": 7.5020880699157715,
          "hz": 935.3737400823702
        },
        {
          "acoustic_entropy": 7.370016098022461,
          "acoustic_entropy_side": 7.2473225593566895,
          "hz": 1080.2004963696966
        },
        {
          "acoustic_entropy": 7.68006706237793,
          "acoustic_entropy_side": 7.316543102264404,
          "hz": 1237.8529382007157
        },
        {
          "acoustic_entropy": 6.826409816741943,
          "acoustic_entropy_side": 7.246158123016357,
          "hz": 1409.4668930556702
        },
        {
          "acoustic_entropy": 7.297400951385498,
          "acoustic_entropy_side": 7.314370155334473,
          "hz": 1596.2787759475705
        },
        {
          "acoustic_entropy": 6.909346580505371,
          "acoustic_entropy_side": 7.267782688140869,
          "hz": 1799.6344973346393
        },
        {
          "acoustic_entropy": 7.220654487609863,
          "acoustic_entropy_side": 7.284422874450684,
          "hz": 2020.9991599069049
        },
        {
          "acoustic_entropy": 6.867336750030518,
          "acoustic_entropy_side": 7.248517036437988,
          "hz": 2261.9676141086993
        },
        {
          "acoustic_entropy": 7.040409088134766,
          "acoustic_entropy_side": 7.350193500518799,
          "hz": 2524.2759484456974
        },
        {
          "acoustic_entropy": 7.406187057495117,
          "acoustic_entropy_side": 7.602992534637451,
          "hz": 2809.813997359896
        },
        {
          "acoustic_entropy": 7.197193145751953,
          "acoustic_entropy_side": 7.382137298583984,
          "hz": 3120.6389567871424
        },
        {
          "acoustic_entropy": 7.17411470413208,
          "acoustic_entropy_side": 7.4470672607421875,
          "hz": 3458.990205492291
        },
        {
          "acoustic_entropy": 7.507138252258301,
          "acoustic_entropy_side": 7.428770065307617,
          "hz": 3827.305438964164
        },
        {
          "acoustic_entropy": 7.152965545654297,
          "acoustic_entropy_side": 7.317668437957764,
          "hz": 4228.238232109126
        },
        {
          "acoustic_entropy": 7.2371368408203125,
          "acoustic_entropy_side": 7.30264139175415,
          "hz": 4664.6771572759235
        },
        {
          "acoustic_entropy": 7.355446815490723,
          "acoustic_entropy_side": 7.322006702423096,
          "hz": 5139.766595350093
        },
        {
          "acoustic_entropy": 7.2027268409729,
          "acoustic_entropy_side": 7.303683280944824,
          "hz": 5656.929389854203
        },
        {
          "acoustic_entropy": 7.284973621368408,
          "acoustic_entropy_side": 7.317690849304199,
          "hz": 6219.891507268283
        },
        {
          "acoustic_entropy": 7.299152851104736,
          "acoustic_entropy_side": 7.312533855438232,
          "hz": 6832.70888123896
        },
        {
          "acoustic_entropy": 7.232456684112549,
          "acoustic_entropy_side": 7.292759418487549,
          "hz": 7499.796634079867
        },
        {
          "acoustic_entropy": 7.271174907684326,
          "acoustic_entropy_side": 7.278762340545654,
          "hz": 8225.96088609342
        },
        {
          "acoustic_entropy": 7.18391752243042,
          "acoustic_entropy_side": 7.257075786590576,
          "hz": 9016.43338188839
        },
        {
          "acoustic_entropy": 6.862367630004883,
          "acoustic_entropy_side": 7.205825328826904,
          "hz": 9876.909183162974
        },
        {
          "acoustic_entropy": 6.838542938232422,
          "acoustic_entropy_side": 7.131496429443359,
          "hz": 10813.587699516042
        },
        {
          "acoustic_entropy": 6.9075846672058105,
          "acoustic_entropy_side": 7.202763557434082,
          "hz": 11833.21735289826
        },
        {
          "acoustic_entropy": 7.130915641784668,
          "acoustic_entropy_side": 7.240842819213867,
          "hz": 12943.144197493959
        },
        {
          "acoustic_entropy": 7.240246295928955,
          "acoustic_entropy_side": 7.263448238372803,
          "hz": 14151.364845322005
        },
        {
          "acoustic_entropy": 7.289656639099121,
          "acoustic_entropy_side": 7.277070999145508,
          "hz": 15466.58407886509
        },
        {
          "acoustic_entropy": 7.307197093963623,
          "acoustic_entropy_side": 7.27991247177124,
          "hz": 16898.27756580493
        },
        {
          "acoustic_entropy": 7.302931308746338,
          "acoustic_entropy_side": 7.278823375701904,
          "hz": 18456.760127700032
        },
        {
          "acoustic_entropy": 7.229374408721924,
          "acoustic_entropy_side": 7.273373126983643,
          "hz": 20153.260054456492
        },
        {
          "acoustic_entropy": 7.271200656890869,
          "acoustic_entropy_side": 7.2783098220825195,
          "hz": 22000.00000000001
        }
      ],
      "diff_acoustic_entropy": 5.246637344360352,
      "sn": 6
    },
    {
      "acoustic_entropy": 11.28575325012207,
      "acoustic_entropy_mono": 12.408275604248047,
      "band_eliminated_acoustic_entropies": [
        {
          "acoustic_entropy": 12.022762298583984,
          "acoustic_entropy_side": 11.2893648147583,
          "hz": 129.47220167065723
        },
        {
          "acoustic_entropy": 12.512813568115234,
          "acoustic_entropy_side": 11.322275161743164,
          "hz": 202.92927478742237
        },
        {
          "acoustic_entropy": 11.330265045166016,
          "acoustic_entropy_side": 11.204398155212402,
          "hz": 282.89161906338205
        },
        {
          "acoustic_entropy": 12.246658325195312,
          "acoustic_entropy_side": 10.835755348205566,
          "hz": 369.9353335868758
        },
        {
          "acoustic_entropy": 11.842476844787598,
          "acoustic_entropy_side": 11.863801956176758,
          "hz": 464.6875360973435
        },
        {
          "acoustic_entropy": 11.473094940185547,
          "acoustic_entropy_side": 11.412117958068848,
          "hz": 567.8308811364784
        },
        {
          "acoustic_entropy": 11.584236145019531,
          "acoustic_entropy_side": 11.23318099975586,
          "hz": 680.1084783214808
        },
        {
          "acoustic_entropy": 10.855233192443848,
          "acoustic_entropy_side": 11.19336223602295,
          "hz": 802.3292461747484
        },
        {
          "acoustic_entropy": 11.546630859375,
          "acoustic_entropy_side": 11.30300235748291,
          "hz": 935.3737400823702
        },
        {
          "acoustic_entropy": 11.699843406677246,
          "acoustic_entropy_side": 11.532376289367676,
          "hz": 1080.2004963696966
        },
        {
          "acoustic_entropy": 11.7631196975708,
          "acoustic_entropy_side": 11.355280876159668,
          "hz": 1237.8529382007157
        },
        {
          "acoustic_entropy": 11.07575511932373,
          "acoustic_entropy_side": 10.892724990844727,
          "hz": 1409.4668930556702
        },
        {
          "acoustic_entropy": 11.178743362426758,
          "acoustic_entropy_side": 11.483857154846191,
          "hz": 1596.2787759475705
        },
        {
          "acoustic_entropy": 12.036917686462402,
          "acoustic_entropy_side": 11.372856140136719,
          "hz": 1799.6344973346393
        },
        {
          "acoustic_entropy": 10.710607528686523,
          "acoustic_entropy_side": 10.926527976989746,
          "hz": 2020.9991599069049
        },
        {
          "acoustic_entropy": 10.968598365783691,
          "acoustic_entropy_side": 11.578380584716797,
          "hz": 2261.9676141086993
        },
        {
          "acoustic_entropy": 11.262659072875977,
          "acoustic_entropy_side": 11.898455619812012,
          "hz": 2524.2759484456974
        },
        {
          "acoustic_entropy": 10.72946834564209,
          "acoustic_entropy_side": 11.19196891784668,
          "hz": 2809.813997359896
        },
        {
          "acoustic_entropy": 11.191498756408691,
          "acoustic_entropy_side": 11.02695369720459,
          "hz": 3120.6389567871424
        },
        {
          "acoustic_entropy": 11.095536231994629,
          "acoustic_entropy_side": 10.942728042602539,
          "hz": 3458.990205492291
        },
        {
          "acoustic_entropy": 11.200886726379395,
          "acoustic_entropy_side": 11.169261932373047,
          "hz": 3827.305438964164
        },
        {
          "acoustic_entropy": 11.027669906616211,
          "acoustic_entropy_side": 11.229272842407227,
          "hz": 4228.238232109126
        },
        {
          "acoustic_entropy": 11.277139663696289,
          "acoustic_entropy_side": 11.212143898010254,
          "hz": 4664.6771572759235
        },
        {
          "acoustic_entropy": 11.279508590698242,
          "acoustic_entropy_side": 11.150991439819336,
          "hz": 5139.766595350093
        },
        {
          "acoustic_entropy": 11.424100875854492,
          "acoustic_entropy_side": 11.158283233642578,
          "hz": 5656.929389854203
        },
        {
          "acoustic_entropy": 11.118322372436523,
          "acoustic_entropy_side": 11.080400466918945,
          "hz": 6219.891507268283
        },
        {
          "acoustic_entropy": 11.100289344787598,
          "acoustic_entropy_side": 11.149776458740234,
          "hz": 6832.70888123896
        },
        {
          "acoustic_entropy": 11.021493911743164,
          "acoustic_entropy_side": 11.267401695251465,
          "hz": 7499.796634079867
        },
        {
          "acoustic_entropy": 11.255362510681152,
          "acoustic_entropy_side": 11.375517845153809,
          "hz": 8225.96088609342
        },
        {
          "acoustic_entropy": 11.578603744506836,
          "acoustic_entropy_side": 11.371142387390137,
          "hz": 9016.43338188839
        },
        {
          "acoustic_entropy": 11.174211502075195,
          "acoustic_entropy_side": 11.391005516052246,
          "hz": 9876.909183162974
        },
        {
          "acoustic_entropy": 10.959723472595215,
          "acoustic_entropy_side": 11.47072982788086,
          "hz": 10813.587699516042
        },
        {
          "acoustic_entropy": 11.281960487365723,
          "acoustic_entropy_side": 11.279388427734375,
          "hz": 11833.21735289826
        },
        {
          "acoustic_entropy": 11.329748153686523,
          "acoustic_entropy_side": 11.219029426574707,
          "hz": 12943.144197493959
        },
        {
          "acoustic_entropy": 11.403786659240723,
          "acoustic_entropy_side": 11.24390983581543,
          "hz": 14151.364845322005
        },
        {
          "acoustic_entropy": 11.503210067749023,
          "acoustic_entropy_side": 11.255843162536621,
          "hz": 15466.58407886509
        },
        {
          "acoustic_entropy": 11.594578742980957,
          "acoustic_entropy_side": 11.265202522277832,
          "hz": 16898.27756580493
        },
        {
          "acoustic_entropy": 12.124430656433105,
          "acoustic_entropy_side": 11.256696701049805,
          "hz": 18456.760127700032
        },
        {
          "acoustic_entropy": 11.603157043457031,
          "acoustic_entropy_side": 11.215972900390625,
          "hz": 20153.260054456492
        },
        {
          "acoustic_entropy": 11.375138282775879,
          "acoustic_entropy_side": 11.272160530090332,
          "hz": 22000.00000000001
        }
      ],
      "diff_acoustic_entropy": 9.373356819152832,
      "sn": 12
    },
    {
      "acoustic_entropy": 19.308542251586914,
      "acoustic_entropy_mono": 16.782848358154297,
      "band_eliminated_acoustic_entropies": [
        {
          "acoustic_entropy": 18.417102813720703,
          "acoustic_entropy_side": 19.263946533203125,
          "hz": 129.47220167065723
        },
        {
          "acoustic_entropy": 19.14328956604004,
          "acoustic_entropy_side": 19.270849227905273,
          "hz": 202.92927478742237
        },
        {
          "acoustic_entropy": 19.68508529663086,
          "acoustic_entropy_side": 19.76059341430664,
          "hz": 282.89161906338205
        },
        {
          "acoustic_entropy": 19.32534408569336,
          "acoustic_entropy_side": 19.125078201293945,
          "hz": 369.9353335868758
        },
        {
          "acoustic_entropy": 20.225255966186523,
          "acoustic_entropy_side": 19.43674659729004,
          "hz": 464.6875360973435
        },
        {
          "acoustic_entropy": 19.192707061767578,
          "acoustic_entropy_side": 19.154672622680664,
          "hz": 567.8308811364784
        },
        {
          "acoustic_entropy": 19.385217666625977,
          "acoustic_entropy_side": 19.343006134033203,
          "hz": 680.1084783214808
        },
        {
          "acoustic_entropy": 20.17383575439453,
          "acoustic_entropy_side": 19.532941818237305,
          "hz": 802.3292461747484
        },
        {
          "acoustic_entropy": 18.748538970947266,
          "acoustic_entropy_side": 19.01968002319336,
          "hz": 935.3737400823702
        },
        {
          "acoustic_entropy": 19.8558406829834,
          "acoustic_entropy_side": 19.616792678833008,
          "hz": 1080.2004963696966
        },
        {
          "acoustic_entropy": 19.797672271728516,
          "acoustic_entropy_side": 19.402761459350586,
          "hz": 1237.8529382007157
        },
        {
          "acoustic_entropy": 19.3404598236084,
          "acoustic_entropy_side": 19.78128433227539,
          "hz": 1409.4668930556702
        },
        {
          "acoustic_entropy": 19.575891494750977,
          "acoustic_entropy_side": 19.18010902404785,
          "hz": 1596.2787759475705
        },
        {
          "acoustic_entropy": 19.975208282470703,
          "acoustic_entropy_side": 19.15738296508789,
          "hz": 1799.6344973346393
        },
        {
          "acoustic_entropy": 19.43132781982422,
          "acoustic_entropy_side": 19.47328758239746,
          "hz": 2020.9991599069049
        },
        {
          "acoustic_entropy": 20.042076110839844,
          "acoustic_entropy_side": 18.993419647216797,
          "hz": 2261.9676141086993
        },
        {
          "acoustic_entropy": 19.025901794433594,
          "acoustic_entropy_side": 19.280113220214844,
          "hz": 2524.2759484456974
        },
        {
          "acoustic_entropy": 19.48921012878418,
          "acoustic_entropy_side": 19.151782989501953,
          "hz": 2809.813997359896
        },
        {
