{
  "acoustic_entropy": 180.12461853027344,
  "bands": [
    {
      "high_freq": 148.1999969482422,
      "loudness": -29.604551315307617,
      "loudness_range": 9.582401275634766,
      "mid_mean": -25.94755744934082,
      "mid_to_side_loudness": -44.224639892578125,
      "mid_to_side_loudness_range": 4.509288787841797,
      "side_mean": -66.81961822509766
    },
    {
      "high_freq": 392.3793640136719,
      "loudness": -25.8114070892334,
      "loudness_range": 11.212020874023438,
      "low_freq": 148.1999969482422,
      "mid_mean": -22.125001907348633,
      "mid_to_side_loudness": -48.92955780029297,
      "mid_to_side_loudness_range": 9.002506256103516,
      "side_mean": -66.7636489868164
    },
    {
      "high_freq": 794.6976318359375,
      "loudness": -25.630168914794922,
      "loudness_range": 12.306632995605469,
      "low_freq": 392.3793640136719,
      "mid_mean": -21.94354820251465,
      "mid_to_side_loudness": -51.006935119628906,
      "mid_to_side_loudness_range": 11.7689208984375,
      "side_mean": -67.29582214355469
    },
    {
      "high_freq": 1457.5709228515625,
      "loudness": -30.091814041137695,
      "loudness_range": 18.16495704650879,
      "low_freq": 794.6976318359375,
      "mid_mean": -26.435449600219727,
      "mid_to_side_loudness": -51.892616271972656,
      "mid_to_side_loudness_range": 19.092491149902344,
      "side_mean": -68.9110107421875
    },
    {
      "high_freq": 2549.74365234375,
      "loudness": -29.186159133911133,
      "loudness_range": 16.081029891967773,
      "low_freq": 1457.5709228515625,
      "mid_mean": -25.51474380493164,
      "mid_to_side_loudness": -50.66670608520508,
      "mid_to_side_loudness_range": 6.976020812988281,
      "side_mean": -69.01129913330078
    },
    {
      "high_freq": 4349.24462890625,
      "loudness": -30.60890769958496,
      "loudness_range": 12.836980819702148,
      "low_freq": 2549.74365234375,
      "mid_mean": -26.92247200012207,
      "mid_to_side_loudness": -52.8046760559082,
      "mid_to_side_loudness_range": 9.726760864257812,
      "side_mean": -69.49407196044922
    },
    {
      "high_freq": 7314.1640625,
      "loudness": -37.975948333740234,
      "loudness_range": 12.357585906982422,
      "low_freq": 4349.24462890625,
      "mid_mean": -34.287330627441406,
      "mid_to_side_loudness": -60.24436569213867,
      "mid_to_side_loudness_range": 24.183597564697266,
      "side_mean": -69.98233032226562
    },
    {
      "high_freq": 12199.2666015625,
      "loudness": -40.21254348754883,
      "loudness_range": 10.479911804199219,
      "low_freq": 7314.1640625,
      "mid_mean": -36.52288818359375,
      "mid_to_side_loudness": -58.445159912109375,
      "mid_to_side_loudness_range": 26.19959259033203,
      "side_mean": -69.98806762695312
    },
    {
      "loudness": -52.504119873046875,
      "loudness_range": 9.368793487548828,
      "low_freq": 12199.2666015625,
      "mid_mean": -48.89338302612305,
      "mid_to_side_loudness": -59.67137145996094,
      "mid_to_side_loudness_range": 30.783111572265625,
      "side_mean": -69.99974822998047
    }
  ],
  "bands_short": [
    {
      "high_freq": 148.1999969482422,
      "loudness": -34.556846618652344,
      "loudness_range": 17.726634979248047,
      "mid_mean": -30.91027069091797,
      "mid_to_side_loudness": -43.310890197753906,
      "mid_to_side_loudness_range": 7.076564788818359,
      "side_mean": -67.91632080078125
    },
    {
      "high_freq": 392.3793640136719,
      "loudness": -25.913013458251953,
      "loudness_range": 13.587484359741211,
      "low_freq": 148.1999969482422,
      "mid_mean": -22.238637924194336,
      "mid_to_side_loudness": -47.61008071899414,
      "mid_to_side_loudness_range": 9.64834213256836,
      "side_mean": -66.59138488769531
    },
    {
      "high_freq": 794.6976318359375,
      "loudness": -26.993438720703125,
      "loudness_range": 17.43794822692871,
      "low_freq": 392.3793640136719,
      "mid_mean": -23.334020614624023,
      "mid_to_side_loudness": -48.94304275512695,
      "mid_to_side_loudness_range": 7.67962646484375,
      "side_mean": -67.6361083984375
    },
    {
      "high_freq": 1457.5709228515625,
      "loudness": -31.325225830078125,
      "loudness_range": 21.712520599365234,
      "low_freq": 794.6976318359375,
      "mid_mean": -27.65279769897461,
      "mid_to_side_loudness": -50.64643478393555,
      "mid_to_side_loudness_range": 13.58065414428711,
      "side_mean": -68.98225402832031
    },
    {
      "high_freq": 2549.74365234375,
      "loudness": -30.803672790527344,
      "loudness_range": 20.53535270690918,
      "low_freq": 1457.5709228515625,
      "mid_mean": -27.142316818237305,
      "mid_to_side_loudness": -50.96635055541992,
      "mid_to_side_loudness_range": 9.52880859375,
      "side_mean": -69.12527465820312
    },
    {
      "high_freq": 4349.24462890625,
      "loudness": -31.792417526245117,
      "loudness_range": 18.226518630981445,
      "low_freq": 2549.74365234375,
      "mid_mean": -28.1007137298584,
      "mid_to_side_loudness": -52.714412689208984,
      "mid_to_side_loudness_range": 13.320343017578125,
      "side_mean": -69.5113296508789
    },
    {
      "high_freq": 7314.1640625,
      "loudness": -39.39027786254883,
      "loudness_range": 15.44326400756836,
      "low_freq": 4349.24462890625,
      "mid_mean": -35.71381378173828,
      "mid_to_side_loudness": -55.318809509277344,
      "mid_to_side_loudness_range": 27.87221908569336,
      "side_mean": -69.98700714111328
    },
    {
      "high_freq": 12199.2666015625,
      "loudness": -42.52707290649414,
      "loudness_range": 16.28683090209961,
      "low_freq": 7314.1640625,
      "mid_mean": -38.83568572998047,
      "mid_to_side_loudness": -53.25862121582031,
      "mid_to_side_loudness_range": 27.377235412597656,
      "side_mean": -69.99330139160156
    },
    {
      "loudness": -54.94605255126953,
      "loudness_range": 16.746116638183594,
      "low_freq": 12199.2666015625,
      "mid_mean": -51.72222900390625,
      "mid_to_side_loudness": -50.61344528198242,
      "mid_to_side_loudness_range": 30.145782470703125,
      "side_mean": -69.99974060058594
    }
  ],
  "bandwidth": 698.3241577148438,
  "channels": 2,
  "covariance": [
    [
      14.986713409423828,
      5.152863502502441,
      2.9366774559020996,
      0.9378786087036133,
      -0.19101189076900482,
      -0.46510088443756104,
      -0.13294169306755066,
      -0.3040787875652313,
      -2.134063720703125,
      -0.3804835081100464,
      -1.0313835144042969,
      -0.1104242205619812,
      0.5842434167861938,
      -0.012984701432287693,
      2.0738439559936523,
      -0.009430505335330963,
      2.7003321647644043,
      -6.553353887284175e-05
    ],
    [
      5.152863502502441,
      3.0502867698669434,
      -0.020303795114159584,
      0.7291181087493896,
      -0.5892122387886047,
      0.36276131868362427,
      -0.07128699123859406,
      0.3918706178665161,
      -0.808478832244873,
      0.29595947265625,
      -0.6809349656105042,
      0.21707485616207123,
      0.024590425193309784,
      0.004444768186658621,
      0.39653903245925903,
      0.0028856710996478796,
      1.01374089717865,
      6.152426067274064e-05
    ],
    [
      2.9366774559020996,
      -0.020303795114159584,
      17.918184280395508,
      8.177213668823242,
      1.414279580116272,
      -0.10480789840221405,
      -1.6246434450149536,
      -1.2068569660186768,
      3.6593945026397705,
      0.0705629363656044,
      3.4920313358306885,
      -0.24336133897304535,
      2.539983034133911,
      -0.035070691257715225,
      2.837629556655884,
      -0.028586259111762047,
      1.746248483657837,
      -0.00072698132134974
    ],
    [
      0.9378786087036133,
      0.7291181087493896,
      8.177213668823242,
      6.322762489318848,
      -1.3824762105941772,
      0.7535118460655212,
      -3.4318761825561523,
      0.10780572891235352,
      0.7109906077384949,
      0.8925184607505798,
      0.47368142008781433,
      0.3403007984161377,
      0.49458351731300354,
      0.0008319658227264881,
      0.686029314994812,
      0.0005709623801521957,
      0.5205948352813721,
      -0.00020253710681572556
    ],
    [
      -0.19101189076900482,
      -0.5892122387886047,
      1.414279580116272,
      -1.3824762105941772,
      20.813013076782227,
      7.759262561798096,
      15.090879440307617,
      1.4836456775665283,
      11.95168685913086,
      1.2828452587127686,
      8.164924621582031,
      0.2905840277671814,
      1.4029242992401123,
      -0.03466404974460602,
      0.48456862568855286,
      -0.03176961839199066,
      1.0407313108444214,
      8.137302211252972e-05
    ],
    [
      -0.46510088443756104,
      0.36276131868362427,
      -0.10480789840221405,
      0.7535118460655212,
      7.759262561798096,
      5.6485443115234375,
      3.790531635284424,
      1.391500473022461,
      3.473541021347046,
      1.4785791635513306,
      2.0672123432159424,
      0.5774946212768555,
      -0.04906303435564041,
      -0.011208402924239635,
      0.13198724389076233,
      -0.014517204836010933,
      0.7370157241821289,
      -3.9672300772508606e-05
    ],
    [
      -0.13294169306755066,
      -0.07128699123859406,
      -1.6246434450149536,
      -3.4318761825561523,
      15.090879440307617,
      3.790531635284424,
      37.44124221801758,
      6.262862205505371,
      13.788918495178223,
      1.470670223236084,
      14.107866287231445,
      1.1450070142745972,
      8.477117538452148,
      0.00627131899818778,
      3.615593910217285,
      -0.004796703811734915,
      3.1271631717681885,
      0.00030762507230974734
    ],
    [
      -0.3040787875652313,
      0.3918706178665161,
      -1.2068569660186768,
      0.10780572891235352,
      1.4836456775665283,
      1.391500473022461,
      6.262862205505371,
      2.9210188388824463,
      1.711314082145691,
      1.1113382577896118,
      2.031996965408325,
      0.7225194573402405,
      1.0819271802902222,
      0.0017521358095109463,
      0.3263125419616699,
      -0.00756424106657505,
      0.5081488490104675,
      -6.676594784948975e-05
    ],
    [
      -2.134063720703125,
      -0.808478832244873,
      3.6593945026397705,
      0.7109906077384949,
      11.95168685913086,
      3.473541021347046,
      13.788918495178223,
      1.711314082145691,
      33.1583366394043,
      4.697460651397705,
      21.311580657958984,
      1.546230673789978,
      8.958134651184082,
      -0.012179634533822536,
      3.6361639499664307,
      -0.030653594061732292,
      2.850165367126465,
      -0.001068904879502952
    ],
    [
      -0.3804835081100464,
      0.29595947265625,
      0.0705629363656044,
      0.8925184607505798,
      1.2828452587127686,
      1.4785791635513306,
      1.470670223236084,
      1.1113382577896118,
      4.697460651397705,
      2.32623028755188,
      3.0141923427581787,
      0.8966615200042725,
      1.263010025024414,
      0.0021239290945231915,
      0.5421622395515442,
      -0.008028842508792877,
      0.579896867275238,
      -0.00013389902596827596
    ],
    [
      -1.0313835144042969,
      -0.6809349656105042,
      3.4920313358306885,
      0.47368142008781433,
      8.164924621582031,
      2.0672123432159424,
      14.107866287231445,
      2.031996965408325,
      21.311580657958984,
      3.0141923427581787,
      23.65117645263672,
      2.2774438858032227,
      12.368059158325195,
      0.03890727460384369,
      6.205113410949707,
      0.012433718889951706,
      3.670910358428955,
      -0.0005534928059205413
    ],
    [
      -0.1104242205619812,
      0.21707485616207123,
      -0.24336133897304535,
      0.3403007984161377,
      0.2905840277671814,
      0.5774946212768555,
      1.1450070142745972,
      0.7225194573402405,
      1.546230673789978,
      0.8966615200042725,
      2.2774438858032227,
      0.9355518221855164,
      1.2025394439697266,
      0.013193164020776749,
      0.46846526861190796,
      0.002197462599724531,
      0.25636908411979675,
      -1.9158476789016277e-05
    ],
    [
      0.5842434167861938,
      0.024590425193309784,
      2.539983034133911,
      0.49458351731300354,
      1.4029242992401123,
      -0.04906303435564041,
      8.477117538452148,
      1.0819271802902222,
      8.958134651184082,
      1.263010025024414,
      12.368059158325195,
      1.2025394439697266,
      18.92815589904785,
      0.04911486804485321,
      13.938446044921875,
      0.009161779657006264,
      9.366902351379395,
      -0.00040847453055903316
    ],
    [
      -0.012984701432287693,
      0.004444768186658621,
      -0.035070691257715225,
      0.0008319658227264881,
      -0.03466404974460602,
      -0.011208402924239635,
      0.00627131899818778,
      0.0017521358095109463,
      -0.012179634533822536,
      0.0021239290945231915,
      0.03890727460384369,
      0.013193164020776749,
      0.04911486804485321,
      0.02044474147260189,
      0.021378222852945328,
      0.022884031757712364,
      0.015308985486626625,
      0.00020115934603381902
    ],
    [
      2.0738439559936523,
      0.39653903245925903,
      2.837629556655884,
      0.686029314994812,
      0.48456862568855286,
      0.13198724389076233,
      3.615593910217285,
      0.3263125419616699,
      3.6361639499664307,
      0.5421622395515442,
      6.205113410949707,
      0.46846526861190796,
      13.938446044921875,
      0.021378222852945328,
      15.002913475036621,
      -0.0006238778005354106,
      11.033365249633789,
      -0.0003006542974617332
    ],
    [
      -0.009430505335330963,
      0.0028856710996478796,
      -0.028586259111762047,
      0.0005709623801521957,
      -0.03176961839199066,
      -0.014517204836010933,
      -0.004796703811734915,
      -0.00756424106657505,
      -0.030653594061732292,
      -0.008028842508792877,
      0.012433718889951706,
      0.002197462599724531,
      0.009161779657006264,
      0.022884031757712364,
      -0.0006238778005354106,
      0.02787693776190281,
      0.002696521347388625,
      0.00022945745149627328
    ],
    [
      2.7003321647644043,
      1.01374089717865,
      1.746248483657837,
      0.5205948352813721,
      1.0407313108444214,
      0.7370157241821289,
      3.1271631717681885,
      0.5081488490104675,
      2.850165367126465,
      0.579896867275238,
      3.670910358428955,
      0.25636908411979675,
      9.366902351379395,
      0.015308985486626625,
      11.033365249633789,
      0.002696521347388625,
      13.813849449157715,
      -2.1635240045725368e-05
    ],
    [
      -6.553353887284175e-05,
      6.152426067274064e-05,
      -0.00072698132134974,
      -0.00020253710681572556,
      8.137302211252972e-05,
      -3.9672300772508606e-05,
      0.00030762507230974734,
      -6.676594784948975e-05,
      -0.001068904879502952,
      -0.00013389902596827596,
      -0.0005534928059205413,
      -1.9158476789016277e-05,
      -0.00040847453055903316,
      0.00020115934603381902,
      -0.0003006542974617332,
      0.00022945745149627328,
      -2.1635240045725368e-05,
      4.764541245094733e-06
    ]
  ],
  "covariance_short": [
    [
      40.89923858642578,
      9.329439163208008,
      5.845057487487793,
      2.0605831146240234,
      -0.19854192435741425,
      -1.2772047519683838,
      3.2615585327148438,
      0.5677356123924255,
      -0.49748361110687256,
      -0.2010221779346466,
      0.5894665718078613,
      0.10803309082984924,
      2.6101937294006348,
      0.0010759223951026797,
      3.768436908721924,
      -0.008102523162961006,
      3.9833180904388428,
      -0.0005214440752752125
    ],
    [
      9.329439163208008,
      3.4123058319091797,
      0.748336911201477,
      1.0722944736480713,
      -0.6571744680404663,
      -0.05980566143989563,
      0.7674638032913208,
      0.4086112678050995,
      -0.35521987080574036,
      0.15401071310043335,
      -0.1704689860343933,
      0.14352381229400635,
      0.4985233247280121,
      0.0016748615307733417,
      0.8036495447158813,
      -0.0008185466285794973,
      2.03977370262146,
      -8.692928531672806e-05
    ],
    [
      5.845057487487793,
      0.748336911201477,
      25.57964324951172,
      10.507043838500977,
      4.277401924133301,
      0.15172068774700165,
      -0.8789451122283936,
      -1.2380930185317993,
      4.991690635681152,
      0.10814020037651062,
      3.689969539642334,
      -0.1679871529340744,
      2.2824034690856934,
      -0.016252858564257622,
      3.8065030574798584,
      -0.004526372533291578,
      3.0414531230926514,
      -0.00021550852397922426
    ],
    [
      2.0605831146240234,
      1.0722944736480713,
      10.507043838500977,
      9.848349571228027,
      -1.0342395305633545,
      1.597517728805542,
      -3.5900979042053223,
      0.3285504877567291,
      0.37382620573043823,
      1.0115147829055786,
      -0.2830570340156555,
      0.49055150151252747,
      0.4430283010005951,
      0.00946277566254139,
      1.5211443901062012,
      0.007438502740114927,
      2.898984670639038,
      0.00023837752814870328
    ],
    [
      -0.19854192435741425,
      -0.6571744680404663,
      4.277401924133301,
      -1.0342395305633545,
      38.41922378540039,
      11.480834007263184,
      25.176916122436523,
      1.9944871664047241,
      21.2318115234375,
      1.956702709197998,
      17.01206398010254,
      0.7799667716026306,
      2.9875168800354004,
      -0.019092097878456116,
      1.0884764194488525,
      -0.012328177690505981,
      2.160794734954834,
      0.00014328792167361826
    ],
    [
      -1.2772047519683838,
      -0.05980566143989563,
      0.15172068774700165,
      1.597517728805542,
      11.480834007263184,
      7.989664554595947,
      4.775280952453613,
      1.483214020729065,
      5.044712543487549,
      1.5838946104049683,
      3.8329527378082275,
      0.7526016235351562,
      0.21242840588092804,
      0.00308985635638237,
      0.3574049472808838,
      0.00021814329375047237,
      2.1720423698425293,
      0.00019979999342467636
    ],
    [
      3.2615585327148438,
      0.7674638032913208,
      -0.8789451122283936,
      -3.5900979042053223,
      25.176916122436523,
      4.775280952453613,
      55.13475036621094,
      8.09625244140625,
      26.02800178527832,
      2.4381277561187744,
      25.27515983581543,
      1.6336184740066528,
      12.853171348571777,
      0.012895138002932072,
      5.602275371551514,
      -0.006079813465476036,
      6.506960391998291,
      0.00034637749195098877
    ],
    [
      0.5677356123924255,
      0.4086112678050995,
      -1.2380930185317993,
      0.3285504877567291,
      1.9944871664047241,
      1.483214020729065,
      8.09625244140625,
      3.735229015350342,
      2.8963210582733154,
      1.327469825744629,
      3.1728694438934326,
      0.823832631111145,
      1.5961817502975464,
      0.007758723571896553,
      0.42663589119911194,
      -0.002391912741586566,
      1.1886322498321533,
      -0.00011140260903630406
    ],
    [
      -0.49748361110687256,
      -0.35521987080574036,
      4.991690635681152,
      0.37382620573043823,
      21.2318115234375,
      5.044712543487549,
      26.02800178527832,
      2.8963210582733154,
      52.26585006713867,
      6.231649398803711,
      35.2567253112793,
      2.2518510818481445,
      14.14969253540039,
      -0.01939908228814602,
      8.02112865447998,
      -0.04353668540716171,
      7.386704921722412,
      -0.0016297076363116503
    ],
    [
      -0.2010221779346466,
      0.15401071310043335,
      0.10814020037651062,
      1.0115147829055786,
      1.956702709197998,
      1.5838946104049683,
      2.4381277561187744,
      1.327469825744629,
      6.231649398803711,
      2.7892885208129883,
      4.007116794586182,
      0.9926661849021912,
      1.3920124769210815,
      0.004878121428191662,
      0.6195905208587646,
      -0.003561746794730425,
      1.0355364084243774,
      -0.0001820723118726164
    ],
    [
      0.5894665718078613,
      -0.1704689860343933,
      3.689969539642334,
      -0.2830570340156555,
      17.01206398010254,
      3.8329527378082275,
      25.27515983581543,
      3.1728694438934326,
      35.2567253112793,
      4.007116794586182,
      40.42374801635742,
      3.207336187362671,
      20.2383975982666,
      0.031523771584033966,
      13.086546897888184,
      -0.013653823174536228,
      10.798154830932617,
      -0.0007769658113829792
    ],
    [
      0.10803309082984924,
      0.14352381229400635,
      -0.1679871529340744,
      0.49055150151252747,
      0.7799667716026306,
      0.7526016235351562,
      1.6336184740066528,
      0.823832631111145,
      2.2518510818481445,
      0.9926661849021912,
      3.207336187362671,
      1.2174980640411377,
      1.5148085355758667,
      0.02345568872988224,
      0.6578369736671448,
      0.009995931759476662,
      0.5559438467025757,
      0.00020428234711289406
    ],
    [
      2.6101937294006348,
      0.4985233247280121,
      2.2824034690856934,
      0.4430283010005951,
      2.9875168800354004,
      0.21242840588092804,
      12.853171348571777,
      1.5961817502975464,
      14.14969253540039,
      1.3920124769210815,
      20.2383975982666,
      1.5148085355758667,
      28.73162269592285,
      0.08685330301523209,
      24.467540740966797,
      0.02281363308429718,
      20.725736618041992,
      0.0006037286366336048
    ],
    [
      0.0010759223951026797,
      0.0016748615307733417,
      -0.016252858564257622,
      0.00946277566254139,
      -0.019092097878456116,
      0.00308985635638237,
      0.012895138002932072,
      0.007758723571896553,
      -0.01939908228814602,
      0.004878121428191662,
      0.031523771584033966,
      0.02345568872988224,
      0.08685330301523209,
      0.03143146261572838,
      0.07277042418718338,
      0.02663874439895153,
      0.064724400639534,
      0.0008147314074449241
    ],
    [
      3.768436908721924,
      0.8036495447158813,
      3.8065030574798584,
      1.5211443901062012,
      1.0884764194488525,
      0.3574049472808838,
      5.602275371551514,
      0.42663589119911194,
      8.02112865447998,
      0.6195905208587646,
      13.086546897888184,
      0.6578369736671448,
      24.467540740966797,
      0.07277042418718338,
      31.465808868408203,
      0.04456956684589386,
      27.706756591796875,
      0.0014209231594577432
    ],
    [
      -0.008102523162961006,
      -0.0008185466285794973,
      -0.004526372533291578,
      0.007438502740114927,
      -0.012328177690505981,
      0.00021814329375047237,
      -0.006079813465476036,
      -0.002391912741586566,
      -0.04353668540716171,
      -0.003561746794730425,
      -0.013653823174536228,
      0.009995931759476662,
      0.02281363308429718,
      0.02663874439895153,
      0.04456956684589386,
      0.02989826537668705,
      0.041479066014289856,
      0.0008231503306888044
    ],
    [
      3.9833180904388428,
      2.03977370262146,
      3.0414531230926514,
      2.898984670639038,
      2.160794734954834,
      2.1720423698425293,
      6.506960391998291,
      1.1886322498321533,
      7.386704921722412,
      1.0355364084243774,
      10.798154830932617,
      0.5559438467025757,
      20.725736618041992,
      0.064724400639534,
      27.706756591796875,
      0.041479066014289856,
      40.06171417236328,
      0.0020102050621062517
    ],
    [
      -0.0005214440752752125,
      -8.692928531672806e-05,
      -0.00021550852397922426,
      0.00023837752814870328,
      0.00014328792167361826,
      0.00019979999342467636,
      0.00034637749195098877,
      -0.00011140260903630406,
      -0.0016297076363116503,
      -0.0001820723118726164,
      -0.0007769658113829792,
      0.00020428234711289406,
      0.0006037286366336048,
      0.0008147314074449241,
      0.0014209231594577432,
      0.0008231503306888044,
      0.0020102050621062517,
      4.7949302825145423e-05
    ]
  ],
  "damage": -10.491194725036621,
  "diff_bandwidth": 709.8641357421875,
  "dissonance": 8.237450900861628,
  "drr": 10.416465759277344,
  "dynamics": 2.6169662475585938,
  "format": 1245190,
  "frames": 6340544,
  "loudness": -15.386765480041504,
  "loudness_range": 6.083784103393555,
  "loudness_range_short": 9.177992820739746,
  "lowpass_true_peak_15khz": -4.450253963470459,
  "mastering3_acoustic_entropies": [
    {
      "acoustic_entropy": 8.630139350891113,
      "acoustic_entropy_mono": 8.630139350891113,
      "band_eliminated_acoustic_entropies": [
        {
          "acoustic_entropy": 8.611371040344238,
          "acoustic_entropy_side": 8.630139350891113,
          "hz": 129.47220167065723
        },
        {
          "acoustic_entropy": 8.479829788208008,
          "acoustic_entropy_side": 8.630139350891113,
          "hz": 202.92927478742237
        },
        {
          "acoustic_entropy": 9.323358535766602,
          "acoustic_entropy_side": 8.630139350891113,
          "hz": 282.89161906338205
        },
        {
          "acoustic_entropy": 8.515579223632812,
          "acoustic_entropy_side": 8.630139350891113,
          "hz": 369.9353335868758
        },
        {
          "acoustic_entropy": 9.042126655578613,
          "acoustic_entropy_side": 8.630139350891113,
          "hz": 464.6875360973435
        },
        {
          "acoustic_entropy": 8.68895435333252,
          "acoustic_entropy_side": 8.630139350891113,
          "hz": 567.8308811364784
        },
        {
          "acoustic_entropy": 8.45338249206543,
          "acoustic_entropy_side": 8.630139350891113,
          "hz": 680.1084783214808
        },
        {
          "acoustic_entropy": 8.625982284545898,
          "acoustic_entropy_side": 8.630139350891113,
          "hz": 802.3292461747484
        },
        {
          "acoustic_entropy": 8.519637107849121,
          "acoustic_entropy_side": 8.630139350891113,
          "hz": 935.3737400823702
        },
        {
          "acoustic_entropy": 8.634612083435059,
          "acoustic_entropy_side": 8.630139350891113,
          "hz": 1080.2004963696966
        },
        {
          "acoustic_entropy": 8.555302619934082,
          "acoustic_entropy_side": 8.630139350891113,
          "hz": 1237.8529382007157
        },
        {
          "acoustic_entropy": 8.331676483154297,
          "acoustic_entropy_side": 8.630139350891113,
          "hz": 1409.4668930556702
        },
        {
          "acoustic_entropy": 8.612393379211426,
          "acoustic_entropy_side": 8.630139350891113,
          "hz": 1596.2787759475705
        },
        {
          "acoustic_entropy": 8.493860244750977,
          "acoustic_entropy_side": 8.630139350891113,
          "hz": 1799.6344973346393
        },
        {
          "acoustic_entropy": 8.50566291809082,
          "acoustic_entropy_side": 8.630139350891113,
          "hz": 2020.9991599069049
        },
        {
          "acoustic_entropy": 8.873648643493652,
          "acoustic_entropy_side": 8.630139350891113,
          "hz": 2261.9676141086993
        },
        {
          "acoustic_entropy": 8.702919006347656,
          "acoustic_entropy_side": 8.630139350891113,
          "hz": 2524.2759484456974
        },
        {
          "acoustic_entropy": 8.83979320526123,
          "acoustic_entropy_side": 8.630139350891113,
          "hz": 2809.813997359896
        },
        {
          "acoustic_entropy": 8.59791374206543,
          "acoustic_entropy_side": 8.630139350891113,
          "hz": 3120.6389567871424
        },
        {
          "acoustic_entropy": 8.707466125488281,
          "acoustic_entropy_side": 8.630139350891113,
          "hz": 3458.990205492291
        },
        {
          "acoustic_entropy": 8.514698028564453,
          "acoustic_entropy_side": 8.630139350891113,
          "hz": 3827.305438964164
        },
        {
          "acoustic_entropy": 8.280835151672363,
          "acoustic_entropy_side": 8.630139350891113,
          "hz": 4228.238232109126
        },
        {
          "acoustic_entropy": 8.377524375915527,
          "acoustic_entropy_side": 8.630139350891113,
          "hz": 4664.6771572759235
        },
        {
          "acoustic_entropy": 8.42013931274414,
          "acoustic_entropy_side": 8.630139350891113,
          "hz": 5139.766595350093
        },
        {
          "acoustic_entropy": 8.560561180114746,
          "acoustic_entropy_side": 8.630139350891113,
          "hz": 5656.929389854203
        },
        {
          "acoustic_entropy": 8.599225997924805,
          "acoustic_entropy_side": 8.630139350891113,
          "hz": 6219.891507268283
        },
        {
          "acoustic_entropy": 8.50258731842041,
          "acoustic_entropy_side": 8.630139350891113,
          "hz": 6832.70888123896
        },
        {
          "acoustic_entropy": 8.549406051635742,
          "acoustic_entropy_side": 8.630139350891113,
          "hz": 7499.796634079867
        },
        {
          "acoustic_entropy": 8.524869918823242,
          "acoustic_entropy_side": 8.630139350891113,
          "hz": 8225.96088609342
        },
        {
          "acoustic_entropy": 8.528486251831055,
          "acoustic_entropy_side": 8.630139350891113,
          "hz": 9016.43338188839
        },
        {
          "acoustic_entropy": 8.56228256225586,
          "acoustic_entropy_side": 8.630139350891113,
          "hz": 9876.909183162974
        },
        {
          "acoustic_entropy": 8.615200996398926,
          "acoustic_entropy_side": 8.630139350891113,
          "hz": 10813.587699516042
        },
        {
          "acoustic_entropy": 8.620038032531738,
          "acoustic_entropy_side": 8.630139350891113,
          "hz": 11833.21735289826
        },
        {
          "acoustic_entropy": 8.62489128112793,
          "acoustic_entropy_side": 8.630139350891113,
          "hz": 12943.144197493959
        },
        {
          "acoustic_entropy": 8.63127613067627,
          "acoustic_entropy_side": 8.630139350891113,
          "hz": 14151.364845322005
        },
        {
          "acoustic_entropy": 8.630356788635254,
          "acoustic_entropy_side": 8.630139350891113,
          "hz": 15466.58407886509
        },
        {
          "acoustic_entropy": 8.630144119262695,
          "acoustic_entropy_side": 8.630139350891113,
          "hz": 16898.27756580493
        },
        {
          "acoustic_entropy": 8.63014030456543,
          "acoustic_entropy_side": 8.630139350891113,
          "hz": 18456.760127700032
        },
        {
          "acoustic_entropy": 8.630139350891113,
          "acoustic_entropy_side": 8.630139350891113,
          "hz": 20153.260054456492
        },
        {
          "acoustic_entropy": 8.630139350891113,
          "acoustic_entropy_side": 8.630139350891113,
          "hz": 22000.00000000001
        }
      ],
      "diff_acoustic_entropy": 9.043245315551758,
      "sn": 6
    },
    {
      "acoustic_entropy": 12.405675888061523,
      "acoustic_entropy_mono": 12.405675888061523,
      "band_eliminated_acoustic_entropies": [
        {
          "acoustic_entropy": 12.514546394348145,
          "acoustic_entropy_side": 12.405675888061523,
          "hz": 129.47220167065723
        },
        {
          "acoustic_entropy": 11.737648010253906,
          "acoustic_entropy_side": 12.40567684173584,
          "hz": 202.92927478742237
        },
        {
          "acoustic_entropy": 12.552338600158691,
          "acoustic_entropy_side": 12.405675888061523,
          "hz": 282.89161906338205
        },
        {
          "acoustic_entropy": 11.145212173461914,
          "acoustic_entropy_side": 12.40567684173584,
          "hz": 369.9353335868758
        },
        {
          "acoustic_entropy": 12.415365219116211,
          "acoustic_entropy_side": 12.405675888061523,
          "hz": 464.6875360973435
        },
        {
          "acoustic_entropy": 12.456199645996094,
          "acoustic_entropy_side": 12.405675888061523,
          "hz": 567.8308811364784
        },
        {
          "acoustic_entropy": 12.642989158630371,
          "acoustic_entropy_side": 12.405675888061523,
          "hz": 680.1084783214808
        },
        {
          "acoustic_entropy": 12.746330261230469,
          "acoustic_entropy_side": 12.405675888061523,
          "hz": 802.3292461747484
        },
        {
          "acoustic_entropy": 12.256682395935059,
          "acoustic_entropy_side": 12.405675888061523,
          "hz": 935.3737400823702
        },
        {
          "acoustic_entropy": 12.068011283874512,
          "acoustic_entropy_side": 12.405675888061523,
          "hz": 1080.2004963696966
        },
        {
          "acoustic_entropy": 12.129109382629395,
          "acoustic_entropy_side": 12.405675888061523,
          "hz": 1237.8529382007157
        },
        {
          "acoustic_entropy": 11.741517066955566,
          "acoustic_entropy_side": 12.405675888061523,
          "hz": 1409.4668930556702
        },
        {
          "acoustic_entropy": 12.522788047790527,
          "acoustic_entropy_side": 12.405675888061523,
          "hz": 1596.2787759475705
        },
        {
          "acoustic_entropy": 12.084305763244629,
          "acoustic_entropy_side": 12.405675888061523,
          "hz": 1799.6344973346393
        },
        {
          "acoustic_entropy": 12.248112678527832,
          "acoustic_entropy_side": 12.405675888061523,
          "hz": 2020.9991599069049
        },
        {
          "acoustic_entropy": 12.276093482971191,
          "acoustic_entropy_side": 12.405675888061523,
          "hz": 2261.9676141086993
        },
        {
          "acoustic_entropy": 12.410319328308105,
          "acoustic_entropy_side": 12.405675888061523,
          "hz": 2524.2759484456974
        },
        {
          "acoustic_entropy": 11.896288871765137,
          "acoustic_entropy_side": 12.405675888061523,
          "hz": 2809.813997359896
        },
        {
          "acoustic_entropy": 12.094736099243164,
          "acoustic_entropy_side": 12.405675888061523,
          "hz": 3120.6389567871424
        },
        {
          "acoustic_entropy": 12.43331527709961,
          "acoustic_entropy_side": 12.405675888061523,
          "hz": 3458.990205492291
        },
        {
          "acoustic_entropy": 12.51820182800293,
          "acoustic_entropy_side": 12.405675888061523,
          "hz": 3827.305438964164
        },
        {
          "acoustic_entropy": 12.170634269714355,
          "acoustic_entropy_side": 12.405675888061523,
          "hz": 4228.238232109126
        },
        {
          "acoustic_entropy": 12.486180305480957,
          "acoustic_entropy_side": 12.405675888061523,
          "hz": 4664.6771572759235
        },
        {
          "acoustic_entropy": 12.353800773620605,
          "acoustic_entropy_side": 12.405675888061523,
          "hz": 5139.766595350093
        },
        {
          "acoustic_entropy": 12.442887306213379,
          "acoustic_entropy_side": 12.405675888061523,
          "hz": 5656.929389854203
        },
        {
          "acoustic_entropy": 12.424588203430176,
          "acoustic_entropy_side": 12.405675888061523,
          "hz": 6219.891507268283
        },
        {
          "acoustic_entropy": 12.397245407104492,
          "acoustic_entropy_side": 12.405675888061523,
          "hz": 6832.70888123896
        },
        {
          "acoustic_entropy": 12.434557914733887,
          "acoustic_entropy_side": 12.405675888061523,
          "hz": 7499.796634079867
        },
        {
          "acoustic_entropy": 12.575443267822266,
          "acoustic_entropy_side": 12.405675888061523,
          "hz": 8225.96088609342
        },
        {
          "acoustic_entropy": 12.44325065612793,
          "acoustic_entropy_side": 12.405675888061523,
          "hz": 9016.43338188839
        },
        {
          "acoustic_entropy": 12.38047981262207,
          "acoustic_entropy_side": 12.405675888061523,
          "hz": 9876.909183162974
        },
        {
          "acoustic_entropy": 12.354105949401855,
          "acoustic_entropy_side": 12.405675888061523,
          "hz": 10813.587699516042
        },
        {
          "acoustic_entropy": 12.418437004089355,
          "acoustic_entropy_side": 12.405675888061523,
          "hz": 11833.21735289826
        },
        {
          "acoustic_entropy": 12.365181922912598,
          "acoustic_entropy_side": 12.405675888061523,
          "hz": 12943.144197493959
        },
        {
          "acoustic_entropy": 12.34911060333252,
          "acoustic_entropy_side": 12.405675888061523,
          "hz": 14151.364845322005
        },
        {
          "acoustic_entropy": 12.394965171813965,
          "acoustic_entropy_side": 12.405675888061523,
          "hz": 15466.58407886509
        },
        {
          "acoustic_entropy": 12.405227661132812,
          "acoustic_entropy_side": 12.405675888061523,
          "hz": 16898.27756580493
        },
        {
          "acoustic_entropy": 12.405678749084473,
          "acoustic_entropy_side": 12.405675888061523,
          "hz": 18456.760127700032
        },
        {
          "acoustic_entropy": 12.405675888061523,
          "acoustic_entropy_side": 12.405675888061523,
          "hz": 20153.260054456492
        },
        {
          "acoustic_entropy": 12.405675888061523,
          "acoustic_entropy_side": 12.405675888061523,
          "hz": 22000.00000000001
        }
      ],
      "diff_acoustic_entropy": 13.187443733215332,
      "sn": 12
    },
    {
      "acoustic_entropy": 15.600300788879395,
      "acoustic_entropy_mono": 15.600046157836914,
      "band_eliminated_acoustic_entropies": [
        {
          "acoustic_entropy": 15.428665161132812,
          "acoustic_entropy_side": 15.600302696228027,
          "hz": 129.47220167065723
        },
        {
          "acoustic_entropy": 15.023860931396484,
          "acoustic_entropy_side": 15.60029411315918,
          "hz": 202.92927478742237
        },
        {
          "acoustic_entropy": 15.853620529174805,
          "acoustic_entropy_side": 15.60031509399414,
          "hz": 282.89161906338205
        },
        {
          "acoustic_entropy": 16.42300796508789,
          "acoustic_entropy_side": 15.60029411315918,
          "hz": 369.9353335868758
        },
        {
          "acoustic_entropy": 16.049148559570312,
          "acoustic_entropy_side": 15.600218772888184,
          "hz": 464.6875360973435
        },
        {
          "acoustic_entropy": 16.368986129760742,
          "acoustic_entropy_side": 15.600357055664062,
          "hz": 567.8308811364784
        },
        {
          "acoustic_entropy": 15.8284912109375,
          "acoustic_entropy_side": 15.600151062011719,
          "hz": 680.1084783214808
        },
        {
          "acoustic_entropy": 15.042251586914062,
          "acoustic_entropy_side": 15.6002836227417,
          "hz": 802.3292461747484
        },
        {
          "acoustic_entropy": 15.235812187194824,
          "acoustic_entropy_side": 15.600275039672852,
          "hz": 935.3737400823702
        },
        {
          "acoustic_entropy": 15.660325050354004,
          "acoustic_entropy_side": 15.600305557250977,
          "hz": 1080.2004963696966
        },
        {
          "acoustic_entropy": 15.905853271484375,
          "acoustic_entropy_side": 15.600299835205078,
          "hz": 1237.8529382007157
        },
        {
          "acoustic_entropy": 16.01348876953125,
          "acoustic_entropy_side": 15.600308418273926,
          "hz": 1409.4668930556702
        },
        {
          "acoustic_entropy": 16.084726333618164,
          "acoustic_entropy_side": 15.600292205810547,
          "hz": 1596.2787759475705
        },
        {
