{
  "acoustic_entropy": 119.91372680664062,
  "bands": [
    {
      "high_freq": 148.1999969482422,
      "loudness": -59.30012512207031,
      "loudness_range": 17.166446685791016,
      "mid_mean": -58.4035530090332,
      "mid_to_side_loudness": -0.8024126291275024,
      "mid_to_side_loudness_range": 7.926814079284668,
      "side_mean": -59.0488166809082
    },
    {
      "high_freq": 392.3793640136719,
      "loudness": -42.82719421386719,
      "loudness_range": 12.603446960449219,
      "low_freq": 148.1999969482422,
      "mid_mean": -40.962440490722656,
      "mid_to_side_loudness": -2.9219729900360107,
      "mid_to_side_loudness_range": 4.613665580749512,
      "side_mean": -43.98106384277344
    },
    {
      "high_freq": 794.6976318359375,
      "loudness": -41.9072151184082,
      "loudness_range": 26.214214324951172,
      "low_freq": 392.3793640136719,
      "mid_mean": -40.98998260498047,
      "mid_to_side_loudness": -1.601197600364685,
      "mid_to_side_loudness_range": 5.525868892669678,
      "side_mean": -42.573734283447266
    },
    {
      "high_freq": 1457.5709228515625,
      "loudness": -47.88518142700195,
      "loudness_range": 35.37276077270508,
      "low_freq": 794.6976318359375,
      "mid_mean": -50.39561462402344,
      "mid_to_side_loudness": -1.1256552934646606,
      "mid_to_side_loudness_range": 4.421663761138916,
      "side_mean": -51.247859954833984
    },
    {
      "high_freq": 2549.74365234375,
      "loudness": -59.04817199707031,
      "loudness_range": 30.132312774658203,
      "low_freq": 1457.5709228515625,
      "mid_mean": -59.1829948425293,
      "mid_to_side_loudness": -1.292946696281433,
      "mid_to_side_loudness_range": 2.9024553298950195,
      "side_mean": -59.99055099487305
    },
    {
      "high_freq": 4349.24462890625,
      "loudness": -59.15093231201172,
      "loudness_range": 29.47879409790039,
      "low_freq": 2549.74365234375,
      "mid_mean": -59.29032897949219,
      "mid_to_side_loudness": -1.3165303468704224,
      "mid_to_side_loudness_range": 2.4647040367126465,
      "side_mean": -60.133872985839844
    },
    {
      "high_freq": 7314.1640625,
      "loudness": -71.0208740234375,
      "loudness_range": 24.60993194580078,
      "low_freq": 4349.24462890625,
      "mid_mean": -66.53524017333984,
      "mid_to_side_loudness": -1.9259490966796875,
      "mid_to_side_loudness_range": 2.1314728260040283,
      "side_mean": -67.1738510131836
    },
    {
      "high_freq": 12199.2666015625,
      "loudness": -74.0740737915039,
      "loudness_range": 22.229564666748047,
      "low_freq": 7314.1640625,
      "mid_mean": -67.79851531982422,
      "mid_to_side_loudness": -2.767498016357422,
      "mid_to_side_loudness_range": 2.910703659057617,
      "side_mean": -68.45630645751953
    },
    {
      "loudness": -80.72697448730469,
      "loudness_range": 13.401191711425781,
      "low_freq": 12199.2666015625,
      "mid_mean": -69.68806457519531,
      "mid_to_side_loudness": -3.1206679344177246,
      "mid_to_side_loudness_range": 3.7037110328674316,
      "side_mean": -69.84239196777344
    }
  ],
  "bands_short": [
    {
      "high_freq": 148.1999969482422,
      "loudness": -65.02027130126953,
      "loudness_range": 14.442131042480469,
      "mid_mean": -62.929962158203125,
      "mid_to_side_loudness": -1.7307590246200562,
      "mid_to_side_loudness_range": 13.503738403320312,
      "side_mean": -64.0848159790039
    },
    {
      "high_freq": 392.3793640136719,
      "loudness": -43.956390380859375,
      "loudness_range": 13.477348327636719,
      "low_freq": 148.1999969482422,
      "mid_mean": -42.37394714355469,
      "mid_to_side_loudness": -2.744748830795288,
      "mid_to_side_loudness_range": 9.246245384216309,
      "side_mean": -45.240150451660156
    },
    {
      "high_freq": 794.6976318359375,
      "loudness": -41.48905563354492,
      "loudness_range": 24.624561309814453,
      "low_freq": 392.3793640136719,
      "mid_mean": -40.72308349609375,
      "mid_to_side_loudness": -1.7856247425079346,
      "mid_to_side_loudness_range": 10.88760757446289,
      "side_mean": -42.48155975341797
    },
    {
      "high_freq": 1457.5709228515625,
      "loudness": -48.629547119140625,
      "loudness_range": 34.906822204589844,
      "low_freq": 794.6976318359375,
      "mid_mean": -50.96353530883789,
      "mid_to_side_loudness": -1.1106140613555908,
      "mid_to_side_loudness_range": 9.37922477722168,
      "side_mean": -51.80766296386719
    },
    {
      "high_freq": 2549.74365234375,
      "loudness": -59.49775695800781,
      "loudness_range": 30.35601043701172,
      "low_freq": 1457.5709228515625,
      "mid_mean": -59.547630310058594,
      "mid_to_side_loudness": -1.258872628211975,
      "mid_to_side_loudness_range": 5.3166117668151855,
      "side_mean": -60.336978912353516
    },
    {
      "high_freq": 4349.24462890625,
      "loudness": -59.34765625,
      "loudness_range": 30.2813720703125,
      "low_freq": 2549.74365234375,
      "mid_mean": -59.46843719482422,
      "mid_to_side_loudness": -1.1953197717666626,
      "mid_to_side_loudness_range": 4.4836015701293945,
      "side_mean": -60.23619079589844
    },
    {
      "high_freq": 7314.1640625,
      "loudness": -71.31063842773438,
      "loudness_range": 24.342124938964844,
      "low_freq": 4349.24462890625,
      "mid_mean": -66.66807556152344,
      "mid_to_side_loudness": -1.8013665676116943,
      "mid_to_side_loudness_range": 3.542646884918213,
      "side_mean": -67.25924682617188
    },
    {
      "high_freq": 12199.2666015625,
      "loudness": -74.47080993652344,
      "loudness_range": 21.735538482666016,
      "low_freq": 7314.1640625,
      "mid_mean": -67.93553161621094,
      "mid_to_side_loudness": -2.712050676345825,
      "mid_to_side_loudness_range": 3.8031036853790283,
      "side_mean": -68.55303955078125
    },
    {
      "loudness": -80.86552429199219,
      "loudness_range": 12.319419860839844,
      "low_freq": 12199.2666015625,
      "mid_mean": -69.71570587158203,
      "mid_to_side_loudness": -3.064715623855591,
      "mid_to_side_loudness_range": 4.839709758758545,
      "side_mean": -69.85517883300781
    }
  ],
  "bandwidth": 760.7683715820312,
  "channels": 2,
  "covariance": [
    [
      31.094501495361328,
      28.591552734375,
      5.172567367553711,
      5.080595970153809,
      14.919093132019043,
      13.498869895935059,
      36.082183837890625,
      34.77003860473633,
      26.133438110351562,
      24.978153228759766,
      27.035491943359375,
      26.067920684814453,
      9.29932689666748,
      7.695257663726807,
      5.9244465827941895,
      4.5286664962768555,
      0.5797812342643738,
      0.27477753162384033
    ],
    [
      28.591552734375,
      32.06238555908203,
      6.251072406768799,
      6.137670516967773,
      15.114693641662598,
      13.588476181030273,
      35.248783111572266,
      34.15461349487305,
      25.290292739868164,
      24.225412368774414,
      25.992984771728516,
      25.11539649963379,
      8.912898063659668,
      7.447700500488281,
      5.6444411277771,
      4.346607685089111,
      0.555557370185852,
      0.27130529284477234
    ],
    [
      5.172567367553711,
      6.251072406768799,
      25.560144424438477,
      24.053186416625977,
      22.60002899169922,
      22.19171905517578,
      22.624996185302734,
      22.516204833984375,
      23.16661834716797,
      22.138141632080078,
      23.083820343017578,
      21.84011459350586,
      8.933247566223145,
      7.918436527252197,
      5.730291843414307,
      4.5410284996032715,
      0.5933360457420349,
      0.2798577845096588
    ],
    [
      5.080595970153809,
      6.137670516967773,
      24.053186416625977,
      25.923934936523438,
      22.872303009033203,
      22.72011375427246,
      24.14002227783203,
      23.884817123413086,
      23.323827743530273,
      22.32101821899414,
      23.623233795166016,
      22.318950653076172,
      9.238081932067871,
      8.158157348632812,
      5.9257426261901855,
      4.639469623565674,
      0.6640579104423523,
      0.30930688977241516
    ],
    [
      14.919093132019043,
      15.114693641662598,
      22.60002899169922,
      22.872303009033203,
      86.1307144165039,
      81.71070098876953,
      97.80435943603516,
      96.73546600341797,
      64.00198364257812,
      62.452857971191406,
      67.44970703125,
      65.09626770019531,
      27.57920265197754,
      23.76588249206543,
      18.467554092407227,
      14.076409339904785,
      2.6301310062408447,
      1.3506113290786743
    ],
    [
      13.498869895935059,
      13.588476181030273,
      22.19171905517578,
      22.72011375427246,
      81.71070098876953,
      82.62936401367188,
      95.14391326904297,
      94.30506896972656,
      61.93968963623047,
      60.542503356933594,
      64.94709014892578,
      62.82365417480469,
      26.642969131469727,
      23.00853157043457,
      17.714948654174805,
      13.553385734558105,
      2.4691624641418457,
      1.2610666751861572
    ],
    [
      36.082183837890625,
      35.248783111572266,
      22.624996185302734,
      24.14002227783203,
      97.80435943603516,
      95.14391326904297,
      172.12399291992188,
      168.73951721191406,
      91.50359344482422,
      88.88296508789062,
      99.68240356445312,
      95.47501373291016,
      37.00482940673828,
      31.157426834106445,
      24.015003204345703,
      17.96586799621582,
      3.2719528675079346,
      1.710188865661621
    ],
    [
      34.77003860473633,
      34.15461349487305,
      22.516204833984375,
      23.884817123413086,
      96.73546600341797,
      94.30506896972656,
      168.73951721191406,
      167.32220458984375,
      90.22230529785156,
      87.83222198486328,
      98.17810821533203,
      94.14309692382812,
      36.66852569580078,
      30.956602096557617,
      23.79353904724121,
      17.875558853149414,
      3.23252010345459,
      1.6926900148391724
    ],
    [
      26.133438110351562,
      25.290292739868164,
      23.16661834716797,
      23.323827743530273,
      64.00198364257812,
      61.93968963623047,
      91.50359344482422,
      90.22230529785156,
      88.53485870361328,
      85.21199035644531,
      84.04371643066406,
      80.75435638427734,
      35.85407638549805,
      30.997615814208984,
      23.181915283203125,
      17.29718780517578,
      3.0973994731903076,
      1.5538969039916992
    ],
    [
      24.978153228759766,
      24.225412368774414,
      22.138141632080078,
      22.32101821899414,
      62.452857971191406,
      60.542503356933594,
      88.88296508789062,
      87.83222198486328,
      85.21199035644531,
      82.64595794677734,
      81.13373565673828,
      78.1755599975586,
      34.60342788696289,
      30.010046005249023,
      22.30480194091797,
      16.704498291015625,
      2.974684000015259,
      1.496868371963501
    ],
    [
      27.035491943359375,
      25.992984771728516,
      23.083820343017578,
      23.623233795166016,
      67.44970703125,
      64.94709014892578,
      99.68240356445312,
      98.17810821533203,
      84.04371643066406,
      81.13373565673828,
      88.1814193725586,
      84.58458709716797,
      37.93882751464844,
      32.72014236450195,
      24.8272705078125,
      18.738985061645508,
      3.40267276763916,
      1.7322388887405396
    ],
    [
      26.067920684814453,
      25.11539649963379,
      21.84011459350586,
      22.318950653076172,
      65.09626770019531,
      62.82365417480469,
      95.47501373291016,
      94.14309692382812,
      80.75435638427734,
      78.1755599975586,
      84.58458709716797,
      81.55911254882812,
      36.4522705078125,
      31.544036865234375,
      23.84510040283203,
      18.069887161254883,
      3.278625011444092,
      1.6790885925292969
    ],
    [
      9.29932689666748,
      8.912898063659668,
      8.933247566223145,
      9.238081932067871,
      27.57920265197754,
      26.642969131469727,
      37.00482940673828,
      36.66852569580078,
      35.85407638549805,
      34.60342788696289,
      37.93882751464844,
      36.4522705078125,
      21.62017250061035,
      19.037771224975586,
      15.32840347290039,
      11.959339141845703,
      2.732614755630493,
      1.4723575115203857
    ],
    [
      7.695257663726807,
      7.447700500488281,
      7.918436527252197,
      8.158157348632812,
      23.76588249206543,
      23.00853157043457,
      31.157426834106445,
      30.956602096557617,
      30.997615814208984,
      30.010046005249023,
      32.72014236450195,
      31.544036865234375,
      19.037771224975586,
      16.95216941833496,
      13.505428314208984,
      10.635136604309082,
      2.4224629402160645,
      1.3160574436187744
    ],
    [
      5.9244465827941895,
      5.6444411277771,
      5.730291843414307,
      5.9257426261901855,
      18.467554092407227,
      17.714948654174805,
      24.015003204345703,
      23.79353904724121,
      23.181915283203125,
      22.30480194091797,
      24.8272705078125,
      23.84510040283203,
      15.32840347290039,
      13.505428314208984,
      11.863500595092773,
      9.364216804504395,
      2.4990174770355225,
      1.414009690284729
    ],
    [
      4.5286664962768555,
      4.346607685089111,
      4.5410284996032715,
      4.639469623565674,
      14.076409339904785,
      13.553385734558105,
      17.96586799621582,
      17.875558853149414,
      17.29718780517578,
      16.704498291015625,
      18.738985061645508,
      18.069887161254883,
      11.959339141845703,
      10.635136604309082,
      9.364216804504395,
      7.564757347106934,
      2.0125184059143066,
      1.1637046337127686
    ],
    [
      0.5797812342643738,
      0.555557370185852,
      0.5933360457420349,
      0.6640579104423523,
      2.6301310062408447,
      2.4691624641418457,
      3.2719528675079346,
      3.23252010345459,
      3.0973994731903076,
      2.974684000015259,
      3.40267276763916,
      3.278625011444092,
      2.732614755630493,
      2.4224629402160645,
      2.4990174770355225,
      2.0125184059143066,
      0.7858048677444458,
      0.4814315438270569
    ],
    [
      0.27477753162384033,
      0.27130529284477234,
      0.2798577845096588,
      0.30930688977241516,
      1.3506113290786743,
      1.2610666751861572,
      1.710188865661621,
      1.6926900148391724,
      1.5538969039916992,
      1.496868371963501,
      1.7322388887405396,
      1.6790885925292969,
      1.4723575115203857,
      1.3160574436187744,
      1.414009690284729,
      1.1637046337127686,
      0.4814315438270569,
      0.31128814816474915
    ]
  ],
  "covariance_short": [
    [
      18.305025100708008,
      10.871696472167969,
      2.2707417011260986,
      1.9677350521087646,
      4.1460652351379395,
      3.742056131362915,
      16.064632415771484,
      15.384066581726074,
      9.147993087768555,
      8.644102096557617,
      9.8086519241333,
      9.310197830200195,
      1.3265622854232788,
      0.8203054070472717,
      0.7038401961326599,
      0.4079359173774719,
      -0.09533355385065079,
      -0.0684996023774147
    ],
    [
      10.871696472167969,
      15.351907730102539,
      2.4323601722717285,
      2.6632330417633057,
      4.203810214996338,
      3.6639280319213867,
      13.988237380981445,
      13.301547050476074,
      7.000819206237793,
      6.571938991546631,
      7.760131359100342,
      7.360170841217041,
      0.6604148149490356,
      0.2961246371269226,
      0.2654903531074524,
      0.09602683782577515,
      -0.16082574427127838,
      -0.10501088201999664
    ],
    [
      2.2707417011260986,
      2.4323601722717285,
      30.509008407592773,
      24.402385711669922,
      21.491615295410156,
      19.89815902709961,
      20.04603385925293,
      19.545793533325195,
      21.545873641967773,
      20.48922348022461,
      21.47495460510254,
      20.229671478271484,
      7.505069732666016,
      6.65518045425415,
      4.5358710289001465,
      3.5763142108917236,
      0.2810341417789459,
      0.1129382997751236
    ],
    [
      1.9677350521087646,
      2.6632330417633057,
      24.402385711669922,
      29.993270874023438,
      21.25714683532715,
      20.2340087890625,
      21.519804000854492,
      20.934114456176758,
      21.57260513305664,
      20.555788040161133,
      21.813671112060547,
      20.648601531982422,
      7.6983747482299805,
      6.807106018066406,
      4.646075248718262,
      3.609854221343994,
      0.3815572261810303,
      0.15747222304344177
    ],
    [
      4.1460652351379395,
      4.203810214996338,
      21.491615295410156,
      21.25714683532715,
      79.9222183227539,
      68.7758560180664,
      86.24368286132812,
      85.14593505859375,
      58.57266616821289,
      56.88151550292969,
      62.388431549072266,
      60.18755340576172,
      24.778850555419922,
      21.50009536743164,
      16.051191329956055,
      12.19710922241211,
      1.959957480430603,
      0.963162899017334
    ],
    [
      3.742056131362915,
      3.6639280319213867,
      19.89815902709961,
      20.2340087890625,
      68.7758560180664,
      76.44200134277344,
      84.0199203491211,
      83.26473999023438,
      56.66301727294922,
      55.33061981201172,
      60.24768829345703,
      58.283504486083984,
      24.157522201538086,
      20.987154006958008,
      15.65499210357666,
      11.968469619750977,
      1.934533953666687,
      0.9714241027832031
    ],
    [
      16.064632415771484,
      13.988237380981445,
      20.04603385925293,
      21.519804000854492,
      86.24368286132812,
      84.0199203491211,
      167.88833618164062,
      161.22479248046875,
      87.06661224365234,
      84.15458679199219,
      96.51945495605469,
      92.56170654296875,
      34.956932067871094,
      29.45696449279785,
      22.279708862304688,
      16.545093536376953,
      2.7194533348083496,
      1.3766305446624756
    ],
    [
      15.384066581726074,
      13.301547050476074,
      19.545793533325195,
      20.934114456176758,
      85.14593505859375,
      83.26473999023438,
      161.22479248046875,
      163.14112854003906,
      86.01773834228516,
      83.31242370605469,
      95.0215072631836,
      91.36024475097656,
      34.697265625,
      29.332365036010742,
      22.112319946289062,
      16.485910415649414,
      2.691333770751953,
      1.3655712604522705
    ],
    [
      9.147993087768555,
      7.000819206237793,
      21.545873641967773,
      21.57260513305664,
      58.57266616821289,
      56.66301727294922,
      87.06661224365234,
      86.01773834228516,
      87.47321319580078,
      83.37110900878906,
      82.10591888427734,
      79.2450942993164,
      34.177974700927734,
      29.76677131652832,
      21.47596549987793,
      16.033401489257812,
      2.596730947494507,
      1.2789682149887085
    ],
    [
      8.644102096557617,
      6.571938991546631,
      20.48922348022461,
      20.555788040161133,
      56.88151550292969,
      55.33061981201172,
      84.15458679199219,
      83.31242370605469,
      83.37110900878906,
      81.45936584472656,
      79.02498626708984,
      76.55913543701172,
      33.002471923828125,
      28.861133575439453,
      20.684179306030273,
      15.521561622619629,
      2.5301146507263184,
      1.2518234252929688
    ],
    [
      9.8086519241333,
      7.760131359100342,
      21.47495460510254,
      21.813671112060547,
      62.388431549072266,
      60.24768829345703,
      96.51945495605469,
      95.0215072631836,
      82.10591888427734,
      79.02498626708984,
      87.81697082519531,
      84.03057098388672,
      36.7114143371582,
      31.82707977294922,
      23.39493179321289,
      17.667823791503906,
      2.941131114959717,
      1.4704316854476929
    ],
    [
      9.310197830200195,
      7.360170841217041,
      20.229671478271484,
      20.648601531982422,
      60.18755340576172,
      58.283504486083984,
      92.56170654296875,
      91.36024475097656,
      79.2450942993164,
      76.55913543701172,
      84.03057098388672,
      81.71444702148438,
      35.36040496826172,
      30.812463760375977,
      22.521116256713867,
      17.09441375732422,
      2.860628128051758,
      1.442641258239746
    ],
    [
      1.3265622854232788,
      0.6604148149490356,
      7.505069732666016,
      7.6983747482299805,
      24.778850555419922,
      24.157522201538086,
      34.956932067871094,
      34.697265625,
      34.177974700927734,
      33.002471923828125,
      36.7114143371582,
      35.36040496826172,
      20.781246185302734,
      18.313833236694336,
      14.245790481567383,
      11.233619689941406,
      2.52516770362854,
      1.3929797410964966
    ],
    [
      0.8203054070472717,
      0.2961246371269226,
      6.65518045425415,
      6.807106018066406,
      21.50009536743164,
      20.987154006958008,
      29.45696449279785,
      29.332365036010742,
      29.76677131652832,
      28.861133575439453,
      31.82707977294922,
      30.812463760375977,
      18.313833236694336,
      16.524497985839844,
      12.587098121643066,
      10.06411361694336,
      2.2369678020477295,
      1.2556862831115723
    ],
    [
      0.7038401961326599,
      0.2654903531074524,
      4.5358710289001465,
      4.646075248718262,
      16.051191329956055,
      15.65499210357666,
      22.279708862304688,
      22.112319946289062,
      21.47596549987793,
      20.684179306030273,
      23.39493179321289,
      22.521116256713867,
      14.245790481567383,
      12.587098121643066,
      10.856843948364258,
      8.605560302734375,
      2.2784948348999023,
      1.3151713609695435
    ],
    [
      0.4079359173774719,
      0.09602683782577515,
      3.5763142108917236,
      3.609854221343994,
      12.19710922241211,
      11.968469619750977,
      16.545093536376953,
      16.485910415649414,
      16.033401489257812,
      15.521561622619629,
      17.667823791503906,
      17.09441375732422,
      11.233619689941406,
      10.06411361694336,
      8.605560302734375,
      7.113171100616455,
      1.839304804801941,
      1.1056663990020752
    ],
    [
      -0.09533355385065079,
      -0.16082574427127838,
      0.2810341417789459,
      0.3815572261810303,
      1.959957480430603,
      1.934533953666687,
      2.7194533348083496,
      2.691333770751953,
      2.596730947494507,
      2.5301146507263184,
      2.941131114959717,
      2.860628128051758,
      2.52516770362854,
      2.2369678020477295,
      2.2784948348999023,
      1.839304804801941,
      0.7814463973045349,
      0.47686266899108887
    ],
    [
      -0.0684996023774147,
      -0.10501088201999664,
      0.1129382997751236,
      0.15747222304344177,
      0.963162899017334,
      0.9714241027832031,
      1.3766305446624756,
      1.3655712604522705,
      1.2789682149887085,
      1.2518234252929688,
      1.4704316854476929,
      1.442641258239746,
      1.3929797410964966,
      1.2556862831115723,
      1.3151713609695435,
      1.1056663990020752,
      0.47686266899108887,
      0.33011871576309204
    ]
  ],
  "damage": -21.84853172302246,
  "diff_bandwidth": 771.6429443359375,
  "dissonance": 8.647258775082328,
  "drr": 7.809837818145752,
  "dynamics": 6.0429911613464355,
  "format": 1245190,
  "frames": 5402560,
  "loudness": -33.161285400390625,
  "loudness_range": 20.513256072998047,
  "loudness_range_short": 20.87334442138672,
  "lowpass_true_peak_15khz": -6.950381278991699,
  "mastering3_acoustic_entropies": [
    {
      "acoustic_entropy": 5.893226623535156,
      "acoustic_entropy_mono": 5.578171730041504,
      "band_eliminated_acoustic_entropies": [
        {
          "acoustic_entropy": 5.893221855163574,
          "acoustic_entropy_side": 5.893226146697998,
          "hz": 129.47220167065723
        },
        {
          "acoustic_entropy": 5.898736476898193,
          "acoustic_entropy_side": 5.896219730377197,
          "hz": 202.92927478742237
        },
        {
          "acoustic_entropy": 6.02390718460083,
          "acoustic_entropy_side": 5.928991317749023,
          "hz": 282.89161906338205
        },
        {
          "acoustic_entropy": 6.1543965339660645,
          "acoustic_entropy_side": 5.9649763107299805,
          "hz": 369.9353335868758
        },
        {
          "acoustic_entropy": 5.713229656219482,
          "acoustic_entropy_side": 5.995323181152344,
          "hz": 464.6875360973435
        },
        {
          "acoustic_entropy": 5.003802299499512,
          "acoustic_entropy_side": 5.911211967468262,
          "hz": 567.8308811364784
        },
        {
          "acoustic_entropy": 5.379852771759033,
          "acoustic_entropy_side": 5.8005876541137695,
          "hz": 680.1084783214808
        },
        {
          "acoustic_entropy": 5.887728214263916,
          "acoustic_entropy_side": 6.015798568725586,
          "hz": 802.3292461747484
        },
        {
          "acoustic_entropy": 5.792498588562012,
          "acoustic_entropy_side": 5.867058753967285,
          "hz": 935.3737400823702
        },
        {
          "acoustic_entropy": 5.267683982849121,
          "acoustic_entropy_side": 5.862728118896484,
          "hz": 1080.2004963696966
        },
        {
          "acoustic_entropy": 5.9288716316223145,
          "acoustic_entropy_side": 5.9876627922058105,
          "hz": 1237.8529382007157
        },
        {
          "acoustic_entropy": 5.474062442779541,
          "acoustic_entropy_side": 5.505331039428711,
          "hz": 1409.4668930556702
        },
        {
          "acoustic_entropy": 5.613620281219482,
          "acoustic_entropy_side": 6.0092549324035645,
          "hz": 1596.2787759475705
        },
        {
          "acoustic_entropy": 5.865685939788818,
          "acoustic_entropy_side": 5.882899761199951,
          "hz": 1799.6344973346393
        },
        {
          "acoustic_entropy": 5.951539516448975,
          "acoustic_entropy_side": 5.928737640380859,
          "hz": 2020.9991599069049
        },
        {
          "acoustic_entropy": 5.918551921844482,
          "acoustic_entropy_side": 5.9285569190979,
          "hz": 2261.9676141086993
        },
        {
          "acoustic_entropy": 5.846616744995117,
          "acoustic_entropy_side": 5.925507068634033,
          "hz": 2524.2759484456974
        },
        {
          "acoustic_entropy": 5.938451766967773,
          "acoustic_entropy_side": 5.849669456481934,
          "hz": 2809.813997359896
        },
        {
          "acoustic_entropy": 5.935420513153076,
          "acoustic_entropy_side": 5.852879524230957,
          "hz": 3120.6389567871424
        },
        {
          "acoustic_entropy": 5.87312650680542,
          "acoustic_entropy_side": 5.948680400848389,
          "hz": 3458.990205492291
        },
        {
          "acoustic_entropy": 5.933312892913818,
          "acoustic_entropy_side": 5.91975736618042,
          "hz": 3827.305438964164
        },
        {
          "acoustic_entropy": 5.9336466789245605,
          "acoustic_entropy_side": 5.9071455001831055,
          "hz": 4228.238232109126
        },
        {
          "acoustic_entropy": 5.906992435455322,
          "acoustic_entropy_side": 5.899083614349365,
          "hz": 4664.6771572759235
        },
        {
          "acoustic_entropy": 5.894176006317139,
          "acoustic_entropy_side": 5.8936309814453125,
          "hz": 5139.766595350093
        },
        {
          "acoustic_entropy": 5.893775463104248,
          "acoustic_entropy_side": 5.893410682678223,
          "hz": 5656.929389854203
        },
        {
          "acoustic_entropy": 5.893740177154541,
          "acoustic_entropy_side": 5.893367290496826,
          "hz": 6219.891507268283
        },
        {
          "acoustic_entropy": 5.893850326538086,
          "acoustic_entropy_side": 5.893427848815918,
          "hz": 6832.70888123896
        },
        {
          "acoustic_entropy": 5.89370584487915,
          "acoustic_entropy_side": 5.893383979797363,
          "hz": 7499.796634079867
        },
        {
          "acoustic_entropy": 5.89353084564209,
          "acoustic_entropy_side": 5.8933515548706055,
          "hz": 8225.96088609342
        },
        {
          "acoustic_entropy": 5.893324375152588,
          "acoustic_entropy_side": 5.893285751342773,
          "hz": 9016.43338188839
        },
        {
          "acoustic_entropy": 5.893251419067383,
          "acoustic_entropy_side": 5.8932390213012695,
          "hz": 9876.909183162974
        },
        {
          "acoustic_entropy": 5.893235683441162,
          "acoustic_entropy_side": 5.893226623535156,
          "hz": 10813.587699516042
        },
        {
          "acoustic_entropy": 5.893259048461914,
          "acoustic_entropy_side": 5.893229007720947,
          "hz": 11833.21735289826
        },
        {
          "acoustic_entropy": 5.893252372741699,
          "acoustic_entropy_side": 5.893228054046631,
          "hz": 12943.144197493959
        },
        {
          "acoustic_entropy": 5.893232345581055,
          "acoustic_entropy_side": 5.893226623535156,
          "hz": 14151.364845322005
        },
        {
          "acoustic_entropy": 5.8932271003723145,
          "acoustic_entropy_side": 5.893226623535156,
          "hz": 15466.58407886509
        },
        {
          "acoustic_entropy": 5.893226623535156,
          "acoustic_entropy_side": 5.893226623535156,
          "hz": 16898.27756580493
        },
        {
          "acoustic_entropy": 5.893226623535156,
          "acoustic_entropy_side": 5.893226623535156,
          "hz": 18456.760127700032
        },
        {
          "acoustic_entropy": 5.893226623535156,
          "acoustic_entropy_side": 5.893226623535156,
          "hz": 20153.260054456492
        },
        {
          "acoustic_entropy": 5.893226623535156,
          "acoustic_entropy_side": 5.893226623535156,
          "hz": 22000.00000000001
        }
      ],
      "diff_acoustic_entropy": 2.265507936477661,
      "sn": 6
    },
    {
      "acoustic_entropy": 8.551345825195312,
      "acoustic_entropy_mono": 8.822667121887207,
      "band_eliminated_acoustic_entropies": [
        {
          "acoustic_entropy": 8.551281929016113,
          "acoustic_entropy_side": 8.551315307617188,
          "hz": 129.47220167065723
        },
        {
          "acoustic_entropy": 8.55420207977295,
          "acoustic_entropy_side": 8.55938720703125,
          "hz": 202.92927478742237
        },
        {
          "acoustic_entropy": 8.503565788269043,
          "acoustic_entropy_side": 8.5747652053833,
          "hz": 282.89161906338205
        },
        {
          "acoustic_entropy": 9.087742805480957,
          "acoustic_entropy_side": 8.565901756286621,
          "hz": 369.9353335868758
        },
        {
          "acoustic_entropy": 8.779988288879395,
          "acoustic_entropy_side": 8.782499313354492,
          "hz": 464.6875360973435
        },
        {
          "acoustic_entropy": 8.439896583557129,
          "acoustic_entropy_side": 8.956954002380371,
          "hz": 567.8308811364784
        },
        {
          "acoustic_entropy": 8.261030197143555,
          "acoustic_entropy_side": 8.640703201293945,
          "hz": 680.1084783214808
        },
        {
          "acoustic_entropy": 7.986452102661133,
          "acoustic_entropy_side": 8.710685729980469,
          "hz": 802.3292461747484
        },
        {
          "acoustic_entropy": 8.80151653289795,
          "acoustic_entropy_side": 8.694663047790527,
          "hz": 935.3737400823702
        },
        {
          "acoustic_entropy": 8.342291831970215,
          "acoustic_entropy_side": 8.88377857208252,
          "hz": 1080.2004963696966
        },
        {
          "acoustic_entropy": 8.55493450164795,
          "acoustic_entropy_side": 8.878188133239746,
          "hz": 1237.8529382007157
        },
        {
          "acoustic_entropy": 8.08419418334961,
          "acoustic_entropy_side": 8.161211967468262,
          "hz": 1409.4668930556702
        },
        {
          "acoustic_entropy": 8.380232810974121,
          "acoustic_entropy_side": 8.936068534851074,
          "hz": 1596.2787759475705
        },
        {
          "acoustic_entropy": 8.580456733703613,
          "acoustic_entropy_side": 8.55237865447998,
          "hz": 1799.6344973346393
        },
        {
          "acoustic_entropy": 8.618590354919434,
          "acoustic_entropy_side": 8.587997436523438,
          "hz": 2020.9991599069049
        },
        {
          "acoustic_entropy": 8.612554550170898,
          "acoustic_entropy_side": 8.588079452514648,
          "hz": 2261.9676141086993
        },
        {
          "acoustic_entropy": 8.573254585266113,
          "acoustic_entropy_side": 8.571030616760254,
          "hz": 2524.2759484456974
        },
        {
          "acoustic_entropy": 8.604740142822266,
          "acoustic_entropy_side": 8.53425407409668,
          "hz": 2809.813997359896
        },
        {
          "acoustic_entropy": 8.618441581726074,
          "acoustic_entropy_side": 8.530585289001465,
          "hz": 3120.6389567871424
        },
        {
          "acoustic_entropy": 8.525917053222656,
          "acoustic_entropy_side": 8.539755821228027,
          "hz": 3458.990205492291
        },
        {
          "acoustic_entropy": 8.505300521850586,
          "acoustic_entropy_side": 8.544405937194824,
          "hz": 3827.305438964164
        },
        {
          "acoustic_entropy": 8.511088371276855,
          "acoustic_entropy_side": 8.539237022399902,
          "hz": 4228.238232109126
        },
        {
          "acoustic_entropy": 8.557494163513184,
          "acoustic_entropy_side": 8.555328369140625,
          "hz": 4664.6771572759235
        },
        {
          "acoustic_entropy": 8.5442533493042,
          "acoustic_entropy_side": 8.55090045928955,
          "hz": 5139.766595350093
        },
        {
          "acoustic_entropy": 8.538286209106445,
          "acoustic_entropy_side": 8.54990291595459,
          "hz": 5656.929389854203
        },
        {
          "acoustic_entropy": 8.545243263244629,
          "acoustic_entropy_side": 8.548927307128906,
          "hz": 6219.891507268283
        },
        {
          "acoustic_entropy": 8.541363716125488,
          "acoustic_entropy_side": 8.549482345581055,
          "hz": 6832.70888123896
        },
        {
          "acoustic_entropy": 8.544459342956543,
          "acoustic_entropy_side": 8.54936695098877,
          "hz": 7499.796634079867
        },
        {
          "acoustic_entropy": 8.545373916625977,
          "acoustic_entropy_side": 8.548718452453613,
          "hz": 8225.96088609342
        },
        {
          "acoustic_entropy": 8.542987823486328,
          "acoustic_entropy_side": 8.54885482788086,
          "hz": 9016.43338188839
        },
        {
          "acoustic_entropy": 8.535971641540527,
          "acoustic_entropy_side": 8.549742698669434,
          "hz": 9876.909183162974
        },
        {
          "acoustic_entropy": 8.538814544677734,
          "acoustic_entropy_side": 8.550528526306152,
          "hz": 10813.587699516042
        },
        {
          "acoustic_entropy": 8.54527473449707,
          "acoustic_entropy_side": 8.550799369812012,
          "hz": 11833.21735289826
        },
        {
          "acoustic_entropy": 8.549617767333984,
          "acoustic_entropy_side": 8.551156044006348,
          "hz": 12943.144197493959
        },
        {
          "acoustic_entropy": 8.551023483276367,
          "acoustic_entropy_side": 8.55129337310791,
          "hz": 14151.364845322005
        },
        {
          "acoustic_entropy": 8.551299095153809,
          "acoustic_entropy_side": 8.551337242126465,
          "hz": 15466.58407886509
        },
        {
          "acoustic_entropy": 8.551335334777832,
          "acoustic_entropy_side": 8.551342964172363,
          "hz": 16898.27756580493
        },
        {
          "acoustic_entropy": 8.55134391784668,
          "acoustic_entropy_side": 8.551344871520996,
          "hz": 18456.760127700032
        },
        {
          "acoustic_entropy": 8.551344871520996,
          "acoustic_entropy_side": 8.551345825195312,
          "hz": 20153.260054456492
        },
        {
          "acoustic_entropy": 8.551345825195312,
          "acoustic_entropy_side": 8.551345825195312,
          "hz": 22000.00000000001
        }
      ],
      "diff_acoustic_entropy": 3.430750846862793,
      "sn": 12
    },
    {
      "acoustic_entropy": 13.944062232971191,
      "acoustic_entropy_mono": 13.404566764831543,
      "band_eliminated_acoustic_entropies": [
        {
          "acoustic_entropy": 13.91712474822998,
          "acoustic_entropy_side": 13.936025619506836,
          "hz": 129.47220167065723
        },
        {
          "acoustic_entropy": 14.021080017089844,
          "acoustic_entropy_side": 14.06142807006836,
          "hz": 202.92927478742237
        },
        {
          "acoustic_entropy": 13.918804168701172,
          "acoustic_entropy_side": 14.49644947052002,
          "hz": 282.89161906338205
        },
        {
          "acoustic_entropy": 13.979443550109863,
          "acoustic_entropy_side": 14.130539894104004,
          "hz": 369.9353335868758
        },
        {
          "acoustic_entropy": 14.021160125732422,
          "acoustic_entropy_side": 14.622857093811035,
          "hz": 464.6875360973435
        },
        {
          "acoustic_entropy": 13.879050254821777,
          "acoustic_entropy_side": 14.767812728881836,
          "hz": 567.8308811364784
        },
        {
          "acoustic_entropy": 12.781316757202148,
          "acoustic_entropy_side": 13.996238708496094,
          "hz": 680.1084783214808
        },
        {
          "acoustic_entropy": 13.318147659301758,
          "acoustic_entropy_side": 13.63927173614502,
          "hz": 802.3292461747484
        },
        {
          "acoustic_entropy": 14.029154777526855,
          "acoustic_entropy_side": 13.969717979431152,
          "hz": 935.3737400823702
        },
        {
          "acoustic_entropy": 13.559444427490234,
          "acoustic_entropy_side": 14.422125816345215,
          "hz": 1080.2004963696966
        },
        {
          "acoustic_entropy": 13.684477806091309,
          "acoustic_entropy_side": 14.064844131469727,
          "hz": 1237.8529382007157
        },
        {
          "acoustic_entropy": 14.066912651062012,
          "acoustic_entropy_side": 14.288034439086914,
          "hz": 1409.4668930556702
        },
        {
          "acoustic_entropy": 13.018872261047363,
          "acoustic_entropy_side": 14.467586517333984,
          "hz": 1596.2787759475705
        },
        {
          "acoustic_entropy": 13.630561828613281,
          "acoustic_entropy_side": 13.737722396850586,
          "hz": 1799.6344973346393
        },
        {
          "acoustic_entropy": 13.575181007385254,
          "acoustic_entropy_side": 13.522308349609375,
          "hz": 2020.9991599069049
        },
        {
          "acoustic_entropy": 13.808341026306152,
          "acoustic_entropy_side": 13.626617431640625,
          "hz": 2261.9676141086993
        },
        {
          "acoustic_entropy": 13.928445816040039,
          "acoustic_entropy_side": 13.490663528442383,
          "hz": 2524.2759484456974
        },
        {
          "acoustic_entropy": 13.607990264892578,
          "acoustic_entropy_side": 13.51869010925293,
          "hz": 2809.813997359896
        },
        {
          "acoustic_entropy": 13.554830551147461,
          "acoustic_entropy_side": 13.567214012145996,
          "hz": 3120.6389567871424
        },
        {
