{
  "acoustic_entropy": 82.89382934570312,
  "bands": [
    {
      "high_freq": 148.1999969482422,
      "loudness": -47.282264709472656,
      "loudness_range": 27.267637252807617,
      "mid_mean": -44.253173828125,
      "mid_to_side_loudness": -13.794811248779297,
      "mid_to_side_loudness_range": 14.174905776977539,
      "side_mean": -60.16762161254883
    },
    {
      "high_freq": 392.3793640136719,
      "loudness": -32.650569915771484,
      "loudness_range": 21.859529495239258,
      "low_freq": 148.1999969482422,
      "mid_mean": -30.400861740112305,
      "mid_to_side_loudness": -8.37288761138916,
      "mid_to_side_loudness_range": 20.286977767944336,
      "side_mean": -40.73339080810547
    },
    {
      "high_freq": 794.6976318359375,
      "loudness": -30.022991180419922,
      "loudness_range": 26.779693603515625,
      "low_freq": 392.3793640136719,
      "mid_mean": -27.668338775634766,
      "mid_to_side_loudness": -6.468755722045898,
      "mid_to_side_loudness_range": 11.002060890197754,
      "side_mean": -35.17672348022461
    },
    {
      "high_freq": 1457.5709228515625,
      "loudness": -36.15669631958008,
      "loudness_range": 24.039531707763672,
      "low_freq": 794.6976318359375,
      "mid_mean": -33.7827033996582,
      "mid_to_side_loudness": -6.263178825378418,
      "mid_to_side_loudness_range": 7.371673107147217,
      "side_mean": -40.88081359863281
    },
    {
      "high_freq": 2549.74365234375,
      "loudness": -42.99188232421875,
      "loudness_range": 25.0552921295166,
      "low_freq": 1457.5709228515625,
      "mid_mean": -41.05146789550781,
      "mid_to_side_loudness": -5.0331034660339355,
      "mid_to_side_loudness_range": 8.187993049621582,
      "side_mean": -51.21389389038086
    },
    {
      "high_freq": 4349.24462890625,
      "loudness": -57.17662048339844,
      "loudness_range": 30.229000091552734,
      "low_freq": 2549.74365234375,
      "mid_mean": -57.87474060058594,
      "mid_to_side_loudness": -5.075131416320801,
      "mid_to_side_loudness_range": 8.794134140014648,
      "side_mean": -61.76259994506836
    },
    {
      "high_freq": 7314.1640625,
      "loudness": -76.66468811035156,
      "loudness_range": 24.70162582397461,
      "low_freq": 4349.24462890625,
      "mid_mean": -67.26106262207031,
      "mid_to_side_loudness": -2.5628743171691895,
      "mid_to_side_loudness_range": 6.341899871826172,
      "side_mean": -68.52088165283203
    },
    {
      "high_freq": 12199.2666015625,
      "loudness": -81.02685546875,
      "loudness_range": 3.574462890625,
      "low_freq": 7314.1640625,
      "mid_mean": -69.54219818115234,
      "mid_to_side_loudness": -0.7925684452056885,
      "mid_to_side_loudness_range": 2.059401750564575,
      "side_mean": -69.64756774902344
    },
    {
      "loudness": 0,
      "loudness_range": 0,
      "low_freq": 12199.2666015625,
      "mid_mean": -69.54051971435547,
      "mid_to_side_loudness": -0.27505388855934143,
      "mid_to_side_loudness_range": 0.5925409197807312,
      "side_mean": -69.56485748291016
    }
  ],
  "bands_short": [
    {
      "high_freq": 148.1999969482422,
      "loudness": -50.998268127441406,
      "loudness_range": 26.22900390625,
      "mid_mean": -52.41619873046875,
      "mid_to_side_loudness": -16.183643341064453,
      "mid_to_side_loudness_range": 18.991729736328125,
      "side_mean": -64.5555648803711
    },
    {
      "high_freq": 392.3793640136719,
      "loudness": -32.84199523925781,
      "loudness_range": 22.816194534301758,
      "low_freq": 148.1999969482422,
      "mid_mean": -30.861780166625977,
      "mid_to_side_loudness": -8.161443710327148,
      "mid_to_side_loudness_range": 21.46794891357422,
      "side_mean": -41.66842269897461
    },
    {
      "high_freq": 794.6976318359375,
      "loudness": -30.368480682373047,
      "loudness_range": 27.36709213256836,
      "low_freq": 392.3793640136719,
      "mid_mean": -28.04120445251465,
      "mid_to_side_loudness": -6.778502464294434,
      "mid_to_side_loudness_range": 13.431009292602539,
      "side_mean": -36.113380432128906
    },
    {
      "high_freq": 1457.5709228515625,
      "loudness": -35.9366455078125,
      "loudness_range": 23.89759635925293,
      "low_freq": 794.6976318359375,
      "mid_mean": -34.027732849121094,
      "mid_to_side_loudness": -5.029888153076172,
      "mid_to_side_loudness_range": 8.57023811340332,
      "side_mean": -39.81013488769531
    },
    {
      "high_freq": 2549.74365234375,
      "loudness": -43.11543655395508,
      "loudness_range": 25.785358428955078,
      "low_freq": 1457.5709228515625,
      "mid_mean": -41.395320892333984,
      "mid_to_side_loudness": -4.784934043884277,
      "mid_to_side_loudness_range": 8.78071403503418,
      "side_mean": -51.933128356933594
    },
    {
      "high_freq": 4349.24462890625,
      "loudness": -57.92559814453125,
      "loudness_range": 30.193809509277344,
      "low_freq": 2549.74365234375,
      "mid_mean": -58.7027473449707,
      "mid_to_side_loudness": -4.809981346130371,
      "mid_to_side_loudness_range": 9.42408561706543,
      "side_mean": -62.34663391113281
    },
    {
      "high_freq": 7314.1640625,
      "loudness": -77.2941665649414,
      "loudness_range": 23.120250701904297,
      "low_freq": 4349.24462890625,
      "mid_mean": -67.68089294433594,
      "mid_to_side_loudness": -2.298677682876587,
      "mid_to_side_loudness_range": 6.855607986450195,
      "side_mean": -68.72905731201172
    },
    {
      "high_freq": 12199.2666015625,
      "loudness": -81.14917755126953,
      "loudness_range": 2.8209075927734375,
      "low_freq": 7314.1640625,
      "mid_mean": -69.56282043457031,
      "mid_to_side_loudness": -0.709436297416687,
      "mid_to_side_loudness_range": 2.453394651412964,
      "side_mean": -69.65214538574219
    },
    {
      "loudness": 0,
      "loudness_range": 0,
      "low_freq": 12199.2666015625,
      "mid_mean": -69.53844451904297,
      "mid_to_side_loudness": -0.28139060735702515,
      "mid_to_side_loudness_range": 1.4116182327270508,
      "side_mean": -69.5629653930664
    }
  ],
  "bandwidth": 611.261474609375,
  "channels": 2,
  "covariance": [
    [
      86.00422668457031,
      73.77497100830078,
      61.34081268310547,
      75.96842956542969,
      56.710391998291016,
      65.74371337890625,
      57.57676315307617,
      62.402286529541016,
      61.701393127441406,
      60.42900466918945,
      57.62211227416992,
      48.40083312988281,
      20.150814056396484,
      10.725587844848633,
      0.8925232887268066,
      0.20131739974021912,
      -0.19659337401390076,
      -0.24992817640304565
    ],
    [
      73.77497100830078,
      83.99340057373047,
      59.809181213378906,
      71.34327697753906,
      54.948360443115234,
      61.95450210571289,
      57.63298034667969,
      60.74144744873047,
      58.59437942504883,
      82.62910461425781,
      70.51521301269531,
      55.73704147338867,
      20.742538452148438,
      10.688602447509766,
      1.009940505027771,
      0.3180028796195984,
      0.04872205853462219,
      -0.018727581948041916
    ],
    [
      61.34081268310547,
      59.809181213378906,
      88.13542938232422,
      87.5279541015625,
      72.33214569091797,
      72.06635284423828,
      70.67086029052734,
      67.04280853271484,
      71.20425415039062,
      69.07476806640625,
      75.46063232421875,
      61.7204704284668,
      26.15431022644043,
      13.895230293273926,
      0.9815819263458252,
      0.1905866265296936,
      -0.23676460981369019,
      -0.3161877989768982
    ],
    [
      75.96842956542969,
      71.34327697753906,
      87.5279541015625,
      117.7672119140625,
      71.36773681640625,
      79.01535034179688,
      69.84941864013672,
      70.39088439941406,
      73.31694793701172,
      74.99919891357422,
      75.77183532714844,
      60.955535888671875,
      25.20408058166504,
      13.341248512268066,
      0.9010806679725647,
      0.18549413979053497,
      -0.2365027815103531,
      -0.30946284532546997
    ],
    [
      56.710391998291016,
      54.948360443115234,
      72.33214569091797,
      71.36773681640625,
      92.94320678710938,
      79.4425048828125,
      84.5373306274414,
      81.5994873046875,
      79.10250091552734,
      80.70858001708984,
      86.30384063720703,
      75.0374755859375,
      34.2160530090332,
      18.537906646728516,
      1.792146921157837,
      0.4779527485370636,
      -0.31606167554855347,
      -0.41580748558044434
    ],
    [
      65.74371337890625,
      61.95450210571289,
      72.06635284423828,
      79.01535034179688,
      79.4425048828125,
      87.52222442626953,
      75.74908447265625,
      77.6455078125,
      75.89527130126953,
      74.9523696899414,
      75.115966796875,
      64.57310485839844,
      27.70883560180664,
      14.950356483459473,
      1.3294531106948853,
      0.34091052412986755,
      -0.26732346415519714,
      -0.3442368805408478
    ],
    [
      57.57676315307617,
      57.63298034667969,
      70.67086029052734,
      69.84941864013672,
      84.5373306274414,
      75.74908447265625,
      90.1814956665039,
      83.91802215576172,
      80.12308502197266,
      81.25017547607422,
      84.58988189697266,
      73.62802124023438,
      34.335166931152344,
      18.25766944885254,
      1.9643666744232178,
      0.5247026085853577,
      -0.29409685730934143,
      -0.39267218112945557
    ],
    [
      62.402286529541016,
      60.74144744873047,
      67.04280853271484,
      70.39088439941406,
      81.5994873046875,
      77.6455078125,
      83.91802215576172,
      87.69851684570312,
      77.88179779052734,
      80.27281188964844,
      79.51102447509766,
      69.24897766113281,
      31.20305824279785,
      16.585330963134766,
      1.6631525754928589,
      0.4520750343799591,
      -0.2707160711288452,
      -0.3600446879863739
    ],
    [
      61.701393127441406,
      58.59437942504883,
      71.20425415039062,
      73.31694793701172,
      79.10250091552734,
      75.89527130126953,
      80.12308502197266,
      77.88179779052734,
      85.98916625976562,
      81.73788452148438,
      79.84889221191406,
      68.38619995117188,
      30.437397003173828,
      16.36687469482422,
      1.6803956031799316,
      0.46531131863594055,
      -0.267206609249115,
      -0.34973835945129395
    ],
    [
      60.42900466918945,
      82.62910461425781,
      69.07476806640625,
      74.99919891357422,
      80.70858001708984,
      74.9523696899414,
      81.25017547607422,
      80.27281188964844,
      81.73788452148438,
      149.87391662597656,
      118.88992309570312,
      92.47848510742188,
      36.860260009765625,
      19.665252685546875,
      2.2443554401397705,
      0.8024003505706787,
      0.14793097972869873,
      0.04264440760016441
    ],
    [
      57.62211227416992,
      70.51521301269531,
      75.46063232421875,
      75.77183532714844,
      86.30384063720703,
      75.115966796875,
      84.58988189697266,
      79.51102447509766,
      79.84889221191406,
      118.88992309570312,
      111.79735565185547,
      89.39926147460938,
      38.59574890136719,
      21.11698341369629,
      2.3158342838287354,
      0.7807189226150513,
      -0.015019746497273445,
      -0.1256852000951767
    ],
    [
      48.40083312988281,
      55.73704147338867,
      61.7204704284668,
      60.955535888671875,
      75.0374755859375,
      64.57310485839844,
      73.62802124023438,
      69.24897766113281,
      68.38619995117188,
      92.47848510742188,
      89.39926147460938,
      75.4749755859375,
      33.84053039550781,
      18.562898635864258,
      2.1145482063293457,
      0.6991254091262817,
      -0.07539842277765274,
      -0.1687449961900711
    ],
    [
      20.150814056396484,
      20.742538452148438,
      26.15431022644043,
      25.20408058166504,
      34.2160530090332,
      27.70883560180664,
      34.335166931152344,
      31.20305824279785,
      30.437397003173828,
      36.860260009765625,
      38.59574890136719,
      33.84053039550781,
      19.156049728393555,
      10.92971420288086,
      1.3733762502670288,
      0.4448261260986328,
      -0.07377639412879944,
      -0.12183788418769836
    ],
    [
      10.725587844848633,
      10.688602447509766,
      13.895230293273926,
      13.341248512268066,
      18.537906646728516,
      14.950356483459473,
      18.25766944885254,
      16.585330963134766,
      16.36687469482422,
      19.665252685546875,
      21.11698341369629,
      18.562898635864258,
      10.92971420288086,
      6.68926477432251,
      0.8605172634124756,
      0.29459768533706665,
      -0.04461963474750519,
      -0.07182544469833374
    ],
    [
      0.8925232887268066,
      1.009940505027771,
      0.9815819263458252,
      0.9010806679725647,
      1.792146921157837,
      1.3294531106948853,
      1.9643666744232178,
      1.6631525754928589,
      1.6803956031799316,
      2.2443554401397705,
      2.3158342838287354,
      2.1145482063293457,
      1.3733762502670288,
      0.8605172634124756,
      0.19623199105262756,
      0.0770641341805458,
      -0.0009364669094793499,
      -0.004120807629078627
    ],
    [
      0.20131739974021912,
      0.3180028796195984,
      0.1905866265296936,
      0.18549413979053497,
      0.4779527485370636,
      0.34091052412986755,
      0.5247026085853577,
      0.4520750343799591,
      0.46531131863594055,
      0.8024003505706787,
      0.7807189226150513,
      0.6991254091262817,
      0.4448261260986328,
      0.29459768533706665,
      0.0770641341805458,
      0.035205136984586716,
      0.0032774945721030235,
      0.0021665331441909075
    ],
    [
      -0.19659337401390076,
      0.04872205853462219,
      -0.23676460981369019,
      -0.2365027815103531,
      -0.31606167554855347,
      -0.26732346415519714,
      -0.29409685730934143,
      -0.2707160711288452,
      -0.267206609249115,
      0.14793097972869873,
      -0.015019746497273445,
      -0.07539842277765274,
      -0.07377639412879944,
      -0.04461963474750519,
      -0.0009364669094793499,
      0.0032774945721030235,
      0.009207496419548988,
      0.009030507877469063
    ],
    [
      -0.24992817640304565,
      -0.018727581948041916,
      -0.3161877989768982,
      -0.30946284532546997,
      -0.41580748558044434,
      -0.3442368805408478,
      -0.39267218112945557,
      -0.3600446879863739,
      -0.34973835945129395,
      0.04264440760016441,
      -0.1256852000951767,
      -0.1687449961900711,
      -0.12183788418769836,
      -0.07182544469833374,
      -0.004120807629078627,
      0.0021665331441909075,
      0.009030507877469063,
      0.009282110258936882
    ]
  ],
  "covariance_short": [
    [
      147.88795471191406,
      65.02422332763672,
      60.87443542480469,
      77.11652374267578,
      52.40876388549805,
      58.91575241088867,
      53.28257751464844,
      58.21739196777344,
      57.2614860534668,
      124.22188568115234,
      89.81145477294922,
      67.21971893310547,
      22.665573120117188,
      12.137211799621582,
      1.3854100704193115,
      0.5191935300827026,
      0.19481945037841797,
      0.11769311875104904
    ],
    [
      65.02422332763672,
      39.15190505981445,
      42.516502380371094,
      50.23694610595703,
      36.93141174316406,
      39.96607971191406,
      36.94676208496094,
      38.50004577636719,
      38.07526397705078,
      52.899837493896484,
      43.271724700927734,
      34.45726013183594,
      12.031543731689453,
      6.382484436035156,
      0.5929508209228516,
      0.18673551082611084,
      -0.007762046065181494,
      -0.048216983675956726
    ],
    [
      60.87443542480469,
      42.516502380371094,
      95.37004089355469,
      97.86634063720703,
      76.88400268554688,
      79.25653839111328,
      74.74258422851562,
      75.84353637695312,
      76.71924591064453,
      73.75474548339844,
      76.52024841308594,
      61.902679443359375,
      24.079513549804688,
      12.637874603271484,
      0.9439805746078491,
      0.1705358773469925,
      -0.26164835691452026,
      -0.3461739718914032
    ],
    [
      77.11652374267578,
      50.23694610595703,
      97.86634063720703,
      132.16036987304688,
      76.36524200439453,
      89.0930404663086,
      76.68238830566406,
      76.54727935791016,
      82.10628509521484,
      82.53746795654297,
      79.03511047363281,
      62.09062576293945,
      23.360944747924805,
      12.078380584716797,
      0.8340469002723694,
      0.137144073843956,
      -0.25612783432006836,
      -0.3314850926399231
    ],
    [
      52.40876388549805,
      36.93141174316406,
      76.88400268554688,
      76.36524200439453,
      99.56536865234375,
      84.15072631835938,
      85.28175354003906,
      85.5972900390625,
      83.34564208984375,
      84.23844909667969,
      87.22988891601562,
      75.27543640136719,
      31.98601531982422,
      17.54879379272461,
      1.6233309507369995,
      0.4477696120738983,
      -0.35164082050323486,
      -0.460381418466568
    ],
    [
      58.91575241088867,
      39.96607971191406,
      79.25653839111328,
      89.0930404663086,
      84.15072631835938,
      95.15199279785156,
      77.49300384521484,
      80.57060241699219,
      82.1689453125,
      78.95062255859375,
      74.51740264892578,
      63.49615478515625,
      25.123186111450195,
      13.665953636169434,
      1.2109233140945435,
      0.319083034992218,
      -0.28505396842956543,
      -0.37024345993995667
    ],
    [
      53.28257751464844,
      36.94676208496094,
      74.74258422851562,
      76.68238830566406,
      85.28175354003906,
      77.49300384521484,
      92.09461212158203,
      85.29181671142578,
      83.2889175415039,
      83.48169708251953,
      83.44142150878906,
      71.74535369873047,
      31.22887420654297,
      16.722116470336914,
      1.8284003734588623,
      0.5244656205177307,
      -0.30581483244895935,
      -0.41512736678123474
    ],
    [
      58.21739196777344,
      38.50004577636719,
      75.84353637695312,
      76.54727935791016,
      85.5972900390625,
      80.57060241699219,
      85.29181671142578,
      94.18089294433594,
      81.71649169921875,
      84.0918960571289,
      81.72590637207031,
      70.76759338378906,
      29.75301170349121,
      16.0335750579834,
      1.5723944902420044,
      0.44708389043807983,
      -0.3061513900756836,
      -0.4072110056877136
    ],
    [
      57.2614860534668,
      38.07526397705078,
      76.71924591064453,
      82.10628509521484,
      83.34564208984375,
      82.1689453125,
      83.2889175415039,
      81.71649169921875,
      92.53616333007812,
      85.5095443725586,
      81.05191040039062,
      68.8039321899414,
      28.584794998168945,
      15.57681941986084,
      1.6310338973999023,
      0.47272273898124695,
      -0.2937757670879364,
      -0.38646790385246277
    ],
    [
      124.22188568115234,
      52.899837493896484,
      73.75474548339844,
      82.53746795654297,
      84.23844909667969,
      78.95062255859375,
      83.48169708251953,
      84.0918960571289,
      85.5095443725586,
      156.12330627441406,
      118.59901428222656,
      91.33882141113281,
      33.339820861816406,
      17.927236557006836,
      2.056945323944092,
      0.7668132185935974,
      0.11770198494195938,
      0.002843695692718029
    ],
    [
      89.81145477294922,
      43.271724700927734,
      76.52024841308594,
      79.03511047363281,
      87.22988891601562,
      74.51740264892578,
      83.44142150878906,
      81.72590637207031,
      81.05191040039062,
      118.59901428222656,
      108.43040466308594,
      85.3951644897461,
      34.15707778930664,
      18.799089431762695,
      2.1344900131225586,
      0.7570533752441406,
      -0.04304186999797821,
      -0.16127713024616241
    ],
    [
      67.21971893310547,
      34.45726013183594,
      61.902679443359375,
      62.09062576293945,
      75.27543640136719,
      63.49615478515625,
      71.74535369873047,
      70.76759338378906,
      68.8039321899414,
      91.33882141113281,
      85.3951644897461,
      71.88273620605469,
      29.715070724487305,
      16.50510025024414,
      1.9245555400848389,
      0.6769247651100159,
      -0.09642058610916138,
      -0.19591836631298065
    ],
    [
      22.665573120117188,
      12.031543731689453,
      24.079513549804688,
      23.360944747924805,
      31.98601531982422,
      25.123186111450195,
      31.22887420654297,
      29.75301170349121,
      28.584794998168945,
      33.339820861816406,
      34.15707778930664,
      29.715070724487305,
      16.730485916137695,
      9.665674209594727,
      1.3269469738006592,
      0.4701884090900421,
      -0.0803249254822731,
      -0.13338440656661987
    ],
    [
      12.137211799621582,
      6.382484436035156,
      12.637874603271484,
      12.078380584716797,
      17.54879379272461,
      13.665953636169434,
      16.722116470336914,
      16.0335750579834,
      15.57681941986084,
      17.927236557006836,
      18.799089431762695,
      16.50510025024414,
      9.665674209594727,
      6.193687915802002,
      0.8815430402755737,
      0.3299580216407776,
      -0.04907951503992081,
      -0.08090275526046753
    ],
    [
      1.3854100704193115,
      0.5929508209228516,
      0.9439805746078491,
      0.8340469002723694,
      1.6233309507369995,
      1.2109233140945435,
      1.8284003734588623,
      1.5723944902420044,
      1.6310338973999023,
      2.056945323944092,
      2.1344900131225586,
      1.9245555400848389,
      1.3269469738006592,
      0.8815430402755737,
      0.26857611536979675,
      0.11625616997480392,
      0.0005638707079924643,
      -0.004794837441295385
    ],
    [
      0.5191935300827026,
      0.18673551082611084,
      0.1705358773469925,
      0.137144073843956,
      0.4477696120738983,
      0.319083034992218,
      0.5244656205177307,
      0.44708389043807983,
      0.47272273898124695,
      0.7668132185935974,
      0.7570533752441406,
      0.6769247651100159,
      0.4701884090900421,
      0.3299580216407776,
      0.11625616997480392,
      0.06312588602304459,
      0.0037958044558763504,
      0.0017745515797287226
    ],
    [
      0.19481945037841797,
      -0.007762046065181494,
      -0.26164835691452026,
      -0.25612783432006836,
      -0.35164082050323486,
      -0.28505396842956543,
      -0.30581483244895935,
      -0.3061513900756836,
      -0.2937757670879364,
      0.11770198494195938,
      -0.04304186999797821,
      -0.09642058610916138,
      -0.0803249254822731,
      -0.04907951503992081,
      0.0005638707079924643,
      0.0037958044558763504,
      0.010700264945626259,
      0.009589346125721931
    ],
    [
      0.11769311875104904,
      -0.048216983675956726,
      -0.3461739718914032,
      -0.3314850926399231,
      -0.460381418466568,
      -0.37024345993995667,
      -0.41512736678123474,
      -0.4072110056877136,
      -0.38646790385246277,
      0.002843695692718029,
      -0.16127713024616241,
      -0.19591836631298065,
      -0.13338440656661987,
      -0.08090275526046753,
      -0.004794837441295385,
      0.0017745515797287226,
      0.009589346125721931,
      0.010785200633108616
    ]
  ],
  "damage": -10.62385368347168,
  "diff_bandwidth": 621.853515625,
  "dissonance": 3.2811120480113694,
  "drr": -2.818956136703491,
  "dynamics": 7.531920433044434,
  "format": 1245190,
  "frames": 2471936,
  "loudness": -22.10213851928711,
  "loudness_range": 24.41469955444336,
  "loudness_range_short": 25.581192016601562,
  "lowpass_true_peak_15khz": -2.129178047180176,
  "mastering3_acoustic_entropies": [
    {
      "acoustic_entropy": 4.520580291748047,
      "acoustic_entropy_mono": 4.477609157562256,
      "band_eliminated_acoustic_entropies": [
        {
          "acoustic_entropy": 4.507445812225342,
          "acoustic_entropy_side": 4.520563125610352,
          "hz": 129.47220167065723
        },
        {
          "acoustic_entropy": 4.467915058135986,
          "acoustic_entropy_side": 4.517711162567139,
          "hz": 202.92927478742237
        },
        {
          "acoustic_entropy": 4.5827531814575195,
          "acoustic_entropy_side": 4.503790378570557,
          "hz": 282.89161906338205
        },
        {
          "acoustic_entropy": 4.6956562995910645,
          "acoustic_entropy_side": 4.566623210906982,
          "hz": 369.9353335868758
        },
        {
          "acoustic_entropy": 4.138851165771484,
          "acoustic_entropy_side": 4.303490161895752,
          "hz": 464.6875360973435
        },
        {
          "acoustic_entropy": 4.837345123291016,
          "acoustic_entropy_side": 4.545670986175537,
          "hz": 567.8308811364784
        },
        {
          "acoustic_entropy": 4.063289165496826,
          "acoustic_entropy_side": 4.545446395874023,
          "hz": 680.1084783214808
        },
        {
          "acoustic_entropy": 4.765430927276611,
          "acoustic_entropy_side": 4.397460460662842,
          "hz": 802.3292461747484
        },
        {
          "acoustic_entropy": 4.465824127197266,
          "acoustic_entropy_side": 4.405428886413574,
          "hz": 935.3737400823702
        },
        {
          "acoustic_entropy": 4.801009178161621,
          "acoustic_entropy_side": 4.350321292877197,
          "hz": 1080.2004963696966
        },
        {
          "acoustic_entropy": 4.413432598114014,
          "acoustic_entropy_side": 4.562952041625977,
          "hz": 1237.8529382007157
        },
        {
          "acoustic_entropy": 4.373133659362793,
          "acoustic_entropy_side": 4.548577308654785,
          "hz": 1409.4668930556702
        },
        {
          "acoustic_entropy": 4.706913471221924,
          "acoustic_entropy_side": 4.563078880310059,
          "hz": 1596.2787759475705
        },
        {
          "acoustic_entropy": 4.723164081573486,
          "acoustic_entropy_side": 4.517622947692871,
          "hz": 1799.6344973346393
        },
        {
          "acoustic_entropy": 4.598242282867432,
          "acoustic_entropy_side": 4.533788204193115,
          "hz": 2020.9991599069049
        },
        {
          "acoustic_entropy": 4.45221471786499,
          "acoustic_entropy_side": 4.493198871612549,
          "hz": 2261.9676141086993
        },
        {
          "acoustic_entropy": 4.517984390258789,
          "acoustic_entropy_side": 4.518178462982178,
          "hz": 2524.2759484456974
        },
        {
          "acoustic_entropy": 4.521376132965088,
          "acoustic_entropy_side": 4.522512435913086,
          "hz": 2809.813997359896
        },
        {
          "acoustic_entropy": 4.5194478034973145,
          "acoustic_entropy_side": 4.520812034606934,
          "hz": 3120.6389567871424
        },
        {
          "acoustic_entropy": 4.524769306182861,
          "acoustic_entropy_side": 4.519941806793213,
          "hz": 3458.990205492291
        },
        {
          "acoustic_entropy": 4.52183198928833,
          "acoustic_entropy_side": 4.520680904388428,
          "hz": 3827.305438964164
        },
        {
          "acoustic_entropy": 4.521076202392578,
          "acoustic_entropy_side": 4.520608425140381,
          "hz": 4228.238232109126
        },
        {
          "acoustic_entropy": 4.520483016967773,
          "acoustic_entropy_side": 4.520572185516357,
          "hz": 4664.6771572759235
        },
        {
          "acoustic_entropy": 4.520578384399414,
          "acoustic_entropy_side": 4.520578861236572,
          "hz": 5139.766595350093
        },
        {
          "acoustic_entropy": 4.520577430725098,
          "acoustic_entropy_side": 4.520580768585205,
          "hz": 5656.929389854203
        },
        {
          "acoustic_entropy": 4.520582675933838,
          "acoustic_entropy_side": 4.520580768585205,
          "hz": 6219.891507268283
        },
        {
          "acoustic_entropy": 4.520580291748047,
          "acoustic_entropy_side": 4.520580291748047,
          "hz": 6832.70888123896
        },
        {
          "acoustic_entropy": 4.520578861236572,
          "acoustic_entropy_side": 4.520580291748047,
          "hz": 7499.796634079867
        },
        {
          "acoustic_entropy": 4.520580291748047,
          "acoustic_entropy_side": 4.520580291748047,
          "hz": 8225.96088609342
        },
        {
          "acoustic_entropy": 4.520580291748047,
          "acoustic_entropy_side": 4.520580291748047,
          "hz": 9016.43338188839
        },
        {
          "acoustic_entropy": 4.520580291748047,
          "acoustic_entropy_side": 4.520580291748047,
          "hz": 9876.909183162974
        },
        {
          "acoustic_entropy": 4.520580291748047,
          "acoustic_entropy_side": 4.520580291748047,
          "hz": 10813.587699516042
        },
        {
          "acoustic_entropy": 4.520580291748047,
          "acoustic_entropy_side": 4.520580291748047,
          "hz": 11833.21735289826
        },
        {
          "acoustic_entropy": 4.520580291748047,
          "acoustic_entropy_side": 4.520580291748047,
          "hz": 12943.144197493959
        },
        {
          "acoustic_entropy": 4.520580291748047,
          "acoustic_entropy_side": 4.520580291748047,
          "hz": 14151.364845322005
        },
        {
          "acoustic_entropy": 4.520580291748047,
          "acoustic_entropy_side": 4.520580291748047,
          "hz": 15466.58407886509
        },
        {
          "acoustic_entropy": 4.520580291748047,
          "acoustic_entropy_side": 4.520580291748047,
          "hz": 16898.27756580493
        },
        {
          "acoustic_entropy": 4.520580291748047,
          "acoustic_entropy_side": 4.520580291748047,
          "hz": 18456.760127700032
        },
        {
          "acoustic_entropy": 4.520580291748047,
          "acoustic_entropy_side": 4.520580291748047,
          "hz": 20153.260054456492
        },
        {
          "acoustic_entropy": 4.520580291748047,
          "acoustic_entropy_side": 4.520580291748047,
          "hz": 22000.00000000001
        }
      ],
      "diff_acoustic_entropy": 2.222954511642456,
      "sn": 6
    },
    {
      "acoustic_entropy": 6.73473596572876,
      "acoustic_entropy_mono": 6.759591102600098,
      "band_eliminated_acoustic_entropies": [
        {
          "acoustic_entropy": 6.6794891357421875,
          "acoustic_entropy_side": 6.734632968902588,
          "hz": 129.47220167065723
        },
        {
          "acoustic_entropy": 6.665257453918457,
          "acoustic_entropy_side": 6.719925880432129,
          "hz": 202.92927478742237
        },
        {
          "acoustic_entropy": 6.362358093261719,
          "acoustic_entropy_side": 6.674205303192139,
          "hz": 282.89161906338205
        },
        {
          "acoustic_entropy": 6.950667858123779,
          "acoustic_entropy_side": 6.703734874725342,
          "hz": 369.9353335868758
        },
        {
          "acoustic_entropy": 6.498849868774414,
          "acoustic_entropy_side": 6.819980144500732,
          "hz": 464.6875360973435
        },
        {
          "acoustic_entropy": 7.579453468322754,
          "acoustic_entropy_side": 6.674793720245361,
          "hz": 567.8308811364784
        },
        {
          "acoustic_entropy": 5.905789375305176,
          "acoustic_entropy_side": 6.844239711761475,
          "hz": 680.1084783214808
        },
        {
          "acoustic_entropy": 6.945888519287109,
          "acoustic_entropy_side": 6.6567511558532715,
          "hz": 802.3292461747484
        },
        {
          "acoustic_entropy": 6.544668674468994,
          "acoustic_entropy_side": 6.657607555389404,
          "hz": 935.3737400823702
        },
        {
          "acoustic_entropy": 6.631597995758057,
          "acoustic_entropy_side": 6.5896687507629395,
          "hz": 1080.2004963696966
        },
        {
          "acoustic_entropy": 6.554300785064697,
          "acoustic_entropy_side": 6.777113914489746,
          "hz": 1237.8529382007157
        },
        {
          "acoustic_entropy": 6.3583879470825195,
          "acoustic_entropy_side": 6.754186630249023,
          "hz": 1409.4668930556702
        },
        {
          "acoustic_entropy": 6.778331756591797,
          "acoustic_entropy_side": 6.733760833740234,
          "hz": 1596.2787759475705
        },
        {
          "acoustic_entropy": 7.136600494384766,
          "acoustic_entropy_side": 6.7089338302612305,
          "hz": 1799.6344973346393
        },
        {
          "acoustic_entropy": 6.997859954833984,
          "acoustic_entropy_side": 6.827620506286621,
          "hz": 2020.9991599069049
        },
        {
          "acoustic_entropy": 6.457769870758057,
          "acoustic_entropy_side": 6.775689125061035,
          "hz": 2261.9676141086993
        },
        {
          "acoustic_entropy": 6.981297492980957,
          "acoustic_entropy_side": 6.872371196746826,
          "hz": 2524.2759484456974
        },
        {
          "acoustic_entropy": 6.886662483215332,
          "acoustic_entropy_side": 6.805247783660889,
          "hz": 2809.813997359896
        },
        {
          "acoustic_entropy": 6.7661542892456055,
          "acoustic_entropy_side": 6.747331142425537,
          "hz": 3120.6389567871424
        },
        {
          "acoustic_entropy": 6.7774200439453125,
          "acoustic_entropy_side": 6.740396499633789,
          "hz": 3458.990205492291
        },
        {
          "acoustic_entropy": 6.746642112731934,
          "acoustic_entropy_side": 6.737183094024658,
          "hz": 3827.305438964164
        },
        {
          "acoustic_entropy": 6.7428483963012695,
          "acoustic_entropy_side": 6.735647678375244,
          "hz": 4228.238232109126
        },
        {
          "acoustic_entropy": 6.737128734588623,
          "acoustic_entropy_side": 6.734966278076172,
          "hz": 4664.6771572759235
        },
        {
          "acoustic_entropy": 6.7351155281066895,
          "acoustic_entropy_side": 6.73476505279541,
          "hz": 5139.766595350093
        },
        {
          "acoustic_entropy": 6.73477029800415,
          "acoustic_entropy_side": 6.734739780426025,
          "hz": 5656.929389854203
        },
        {
          "acoustic_entropy": 6.7347588539123535,
          "acoustic_entropy_side": 6.734737396240234,
          "hz": 6219.891507268283
        },
        {
          "acoustic_entropy": 6.734738826751709,
          "acoustic_entropy_side": 6.734736442565918,
          "hz": 6832.70888123896
        },
        {
          "acoustic_entropy": 6.734740257263184,
          "acoustic_entropy_side": 6.73473596572876,
          "hz": 7499.796634079867
        },
        {
          "acoustic_entropy": 6.73473596572876,
          "acoustic_entropy_side": 6.734736442565918,
          "hz": 8225.96088609342
        },
        {
          "acoustic_entropy": 6.734736442565918,
          "acoustic_entropy_side": 6.734736442565918,
          "hz": 9016.43338188839
        },
        {
          "acoustic_entropy": 6.734736442565918,
          "acoustic_entropy_side": 6.73473596572876,
          "hz": 9876.909183162974
        },
        {
          "acoustic_entropy": 6.73473596572876,
          "acoustic_entropy_side": 6.73473596572876,
          "hz": 10813.587699516042
        },
        {
          "acoustic_entropy": 6.73473596572876,
          "acoustic_entropy_side": 6.73473596572876,
          "hz": 11833.21735289826
        },
        {
          "acoustic_entropy": 6.73473596572876,
          "acoustic_entropy_side": 6.73473596572876,
          "hz": 12943.144197493959
        },
        {
          "acoustic_entropy": 6.73473596572876,
          "acoustic_entropy_side": 6.73473596572876,
          "hz": 14151.364845322005
        },
        {
          "acoustic_entropy": 6.73473596572876,
          "acoustic_entropy_side": 6.73473596572876,
          "hz": 15466.58407886509
        },
        {
          "acoustic_entropy": 6.73473596572876,
          "acoustic_entropy_side": 6.73473596572876,
          "hz": 16898.27756580493
        },
        {
          "acoustic_entropy": 6.73473596572876,
          "acoustic_entropy_side": 6.73473596572876,
          "hz": 18456.760127700032
        },
        {
          "acoustic_entropy": 6.73473596572876,
          "acoustic_entropy_side": 6.73473596572876,
          "hz": 20153.260054456492
        },
        {
          "acoustic_entropy": 6.73473596572876,
          "acoustic_entropy_side": 6.73473596572876,
          "hz": 22000.00000000001
        }
      ],
      "diff_acoustic_entropy": 3.2180356979370117,
      "sn": 12
    },
    {
      "acoustic_entropy": 10.816451072692871,
      "acoustic_entropy_mono": 10.162710189819336,
      "band_eliminated_acoustic_entropies": [
        {
          "acoustic_entropy": 11.013132095336914,
          "acoustic_entropy_side": 10.81396484375,
          "hz": 129.47220167065723
        },
        {
          "acoustic_entropy": 10.914250373840332,
          "acoustic_entropy_side": 10.905613899230957,
          "hz": 202.92927478742237
        },
        {
          "acoustic_entropy": 10.96679401397705,
          "acoustic_entropy_side": 10.555477142333984,
          "hz": 282.89161906338205
        },
        {
          "acoustic_entropy": 10.143394470214844,
          "acoustic_entropy_side": 10.98897933959961,
          "hz": 369.9353335868758
        },
        {
          "acoustic_entropy": 10.77912425994873,
          "acoustic_entropy_side": 11.014365196228027,
          "hz": 464.6875360973435
        },
        {
          "acoustic_entropy": 11.635629653930664,
          "acoustic_entropy_side": 11.010247230529785,
          "hz": 567.8308811364784
        },
        {
          "acoustic_entropy": 10.94888687133789,
          "acoustic_entropy_side": 10.687581062316895,
          "hz": 680.1084783214808
        },
        {
          "acoustic_entropy": 11.3251371383667,
          "acoustic_entropy_side": 10.895975112915039,
          "hz": 802.3292461747484
        },
        {
          "acoustic_entropy": 10.98091983795166,
          "acoustic_entropy_side": 10.677508354187012,
          "hz": 935.3737400823702
        },
        {
          "acoustic_entropy": 11.153024673461914,
          "acoustic_entropy_side": 11.081358909606934,
          "hz": 1080.2004963696966
        },
        {
          "acoustic_entropy": 10.899803161621094,
          "acoustic_entropy_side": 10.850052833557129,
          "hz": 1237.8529382007157
        },
        {
          "acoustic_entropy": 10.748323440551758,
          "acoustic_entropy_side": 10.720864295959473,
          "hz": 1409.4668930556702
        },
        {
          "acoustic_entropy": 10.759742736816406,
          "acoustic_entropy_side": 10.757410049438477,
          "hz": 1596.2787759475705
        },
        {
          "acoustic_entropy": 12.072553634643555,
          "acoustic_entropy_side": 10.942663192749023,
          "hz": 1799.6344973346393
        },
        {
          "acoustic_entropy": 11.005579948425293,
          "acoustic_entropy_side": 10.792095184326172,
          "hz": 2020.9991599069049
        },
        {
          "acoustic_entropy": 10.69564151763916,
          "acoustic_entropy_side": 10.608712196350098,
          "hz": 2261.9676141086993
        },
        {
          "acoustic_entropy": 10.905057907104492,
          "acoustic_entropy_side": 10.861506462097168,
          "hz": 2524.2759484456974
        },
        {
          "acoustic_entropy": 10.779449462890625,
          "acoustic_entropy_side": 10.770570755004883,
          "hz": 2809.813997359896
        },
