{
  "acoustic_entropy": 184.18588256835938,
  "bands": [
    {
      "high_freq": 148.1999969482422,
      "loudness": -20.635820388793945,
      "loudness_range": 9.716240882873535,
      "mid_mean": -16.95469856262207,
      "mid_to_side_loudness": -25.571725845336914,
      "mid_to_side_loudness_range": 11.133529663085938,
      "side_mean": -42.56938552856445
    },
    {
      "high_freq": 392.3793640136719,
      "loudness": -21.435121536254883,
      "loudness_range": 10.580987930297852,
      "low_freq": 148.1999969482422,
      "mid_mean": -17.832416534423828,
      "mid_to_side_loudness": -17.471445083618164,
      "mid_to_side_loudness_range": 9.305063247680664,
      "side_mean": -35.280540466308594
    },
    {
      "high_freq": 794.6976318359375,
      "loudness": -21.480466842651367,
      "loudness_range": 11.314454078674316,
      "low_freq": 392.3793640136719,
      "mid_mean": -17.938983917236328,
      "mid_to_side_loudness": -15.363164901733398,
      "mid_to_side_loudness_range": 9.114449501037598,
      "side_mean": -33.35303497314453
    },
    {
      "high_freq": 1457.5709228515625,
      "loudness": -23.60123634338379,
      "loudness_range": 15.012662887573242,
      "low_freq": 794.6976318359375,
      "mid_mean": -20.143245697021484,
      "mid_to_side_loudness": -13.983503341674805,
      "mid_to_side_loudness_range": 9.34878921508789,
      "side_mean": -34.06288146972656
    },
    {
      "high_freq": 2549.74365234375,
      "loudness": -23.146873474121094,
      "loudness_range": 14.697093963623047,
      "low_freq": 1457.5709228515625,
      "mid_mean": -19.692304611206055,
      "mid_to_side_loudness": -13.833540916442871,
      "mid_to_side_loudness_range": 8.818727493286133,
      "side_mean": -32.99628829956055
    },
    {
      "high_freq": 4349.24462890625,
      "loudness": -24.90768051147461,
      "loudness_range": 12.998479843139648,
      "low_freq": 2549.74365234375,
      "mid_mean": -21.423160552978516,
      "mid_to_side_loudness": -13.76817798614502,
      "mid_to_side_loudness_range": 6.627449035644531,
      "side_mean": -34.96354675292969
    },
    {
      "high_freq": 7314.1640625,
      "loudness": -27.63904571533203,
      "loudness_range": 12.740449905395508,
      "low_freq": 4349.24462890625,
      "mid_mean": -24.1706485748291,
      "mid_to_side_loudness": -13.5466890335083,
      "mid_to_side_loudness_range": 5.908485412597656,
      "side_mean": -37.608665466308594
    },
    {
      "high_freq": 12199.2666015625,
      "loudness": -29.369415283203125,
      "loudness_range": 11.411935806274414,
      "low_freq": 7314.1640625,
      "mid_mean": -25.926618576049805,
      "mid_to_side_loudness": -13.075624465942383,
      "mid_to_side_loudness_range": 6.66890811920166,
      "side_mean": -38.85552978515625
    },
    {
      "loudness": -33.94651794433594,
      "loudness_range": 9.567075729370117,
      "low_freq": 12199.2666015625,
      "mid_mean": -30.494264602661133,
      "mid_to_side_loudness": -13.364002227783203,
      "mid_to_side_loudness_range": 4.432492256164551,
      "side_mean": -43.58150863647461
    }
  ],
  "bands_short": [
    {
      "high_freq": 148.1999969482422,
      "loudness": -25.903898239135742,
      "loudness_range": 25.04027557373047,
      "mid_mean": -22.275684356689453,
      "mid_to_side_loudness": -23.900875091552734,
      "mid_to_side_loudness_range": 25.219141006469727,
      "side_mean": -46.5164680480957
    },
    {
      "high_freq": 392.3793640136719,
      "loudness": -21.98843765258789,
      "loudness_range": 16.730810165405273,
      "low_freq": 148.1999969482422,
      "mid_mean": -18.42622184753418,
      "mid_to_side_loudness": -17.756591796875,
      "mid_to_side_loudness_range": 15.10146713256836,
      "side_mean": -36.15595626831055
    },
    {
      "high_freq": 794.6976318359375,
      "loudness": -22.734169006347656,
      "loudness_range": 14.883061408996582,
      "low_freq": 392.3793640136719,
      "mid_mean": -19.27344512939453,
      "mid_to_side_loudness": -14.716732025146484,
      "mid_to_side_loudness_range": 13.592916488647461,
      "side_mean": -34.06547927856445
    },
    {
      "high_freq": 1457.5709228515625,
      "loudness": -24.75941276550293,
      "loudness_range": 19.365882873535156,
      "low_freq": 794.6976318359375,
      "mid_mean": -21.446504592895508,
      "mid_to_side_loudness": -12.994965553283691,
      "mid_to_side_loudness_range": 14.5855712890625,
      "side_mean": -34.44422912597656
    },
    {
      "high_freq": 2549.74365234375,
      "loudness": -24.486530303955078,
      "loudness_range": 19.482784271240234,
      "low_freq": 1457.5709228515625,
      "mid_mean": -21.149799346923828,
      "mid_to_side_loudness": -13.121346473693848,
      "mid_to_side_loudness_range": 13.845752716064453,
      "side_mean": -33.8055534362793
    },
    {
      "high_freq": 4349.24462890625,
      "loudness": -25.955270767211914,
      "loudness_range": 17.0689697265625,
      "low_freq": 2549.74365234375,
      "mid_mean": -22.570484161376953,
      "mid_to_side_loudness": -13.067748069763184,
      "mid_to_side_loudness_range": 10.990827560424805,
      "side_mean": -35.40504837036133
    },
    {
      "high_freq": 7314.1640625,
      "loudness": -29.34979820251465,
      "loudness_range": 18.18057632446289,
      "low_freq": 4349.24462890625,
      "mid_mean": -25.958208084106445,
      "mid_to_side_loudness": -12.707551002502441,
      "mid_to_side_loudness_range": 9.271978378295898,
      "side_mean": -38.63612747192383
    },
    {
      "high_freq": 12199.2666015625,
      "loudness": -31.82483673095703,
      "loudness_range": 19.4996280670166,
      "low_freq": 7314.1640625,
      "mid_mean": -28.450624465942383,
      "mid_to_side_loudness": -12.319389343261719,
      "mid_to_side_loudness_range": 9.282773971557617,
      "side_mean": -40.977783203125
    },
    {
      "loudness": -38.581424713134766,
      "loudness_range": 25.85622215270996,
      "low_freq": 12199.2666015625,
      "mid_mean": -35.27412033081055,
      "mid_to_side_loudness": -12.354793548583984,
      "mid_to_side_loudness_range": 10.350465774536133,
      "side_mean": -47.814552307128906
    }
  ],
  "bandwidth": 660.1394653320312,
  "channels": 2,
  "covariance": [
    [
      18.443477630615234,
      10.254613876342773,
      6.22665548324585,
      3.7145328521728516,
      2.908241033554077,
      2.983290672302246,
      5.9003520011901855,
      5.562633991241455,
      4.850233554840088,
      5.016917705535889,
      3.8282887935638428,
      4.087731838226318,
      4.802038669586182,
      4.744422912597656,
      4.188663959503174,
      4.037136554718018,
      3.5778982639312744,
      2.873523473739624
    ],
    [
      10.254613876342773,
      18.834758758544922,
      10.411327362060547,
      10.36696720123291,
      2.462646961212158,
      4.315741062164307,
      8.168667793273926,
      9.356732368469238,
      12.154187202453613,
      8.403984069824219,
      10.4514799118042,
      9.241313934326172,
      6.988999366760254,
      7.214336395263672,
      3.720857858657837,
      6.174406051635742,
      4.157119274139404,
      5.458166122436523
    ],
    [
      6.22665548324585,
      10.411327362060547,
      20.9824161529541,
      18.081632614135742,
      8.039668083190918,
      9.079449653625488,
      14.631196022033691,
      15.974112510681152,
      18.723846435546875,
      12.280078887939453,
      16.537979125976562,
      13.616415977478027,
      14.279115676879883,
      12.740375518798828,
      9.30791187286377,
      10.883495330810547,
      7.566090106964111,
      7.938842296600342
    ],
    [
      3.7145328521728516,
      10.36696720123291,
      18.081632614135742,
      24.55587387084961,
      6.922619819641113,
      10.908662796020508,
      13.938804626464844,
      17.019025802612305,
      19.643835067749023,
      13.022141456604004,
      17.873090744018555,
      15.853899955749512,
      14.624526023864746,
      14.152153968811035,
      9.898985862731934,
      12.583975791931152,
      8.788675308227539,
      10.116808891296387
    ],
    [
      2.908241033554077,
      2.462646961212158,
      8.039668083190918,
      6.922619819641113,
      17.85608673095703,
      13.194811820983887,
      14.099102973937988,
      11.380188941955566,
      13.635632514953613,
      8.9098482131958,
      9.910094261169434,
      8.233304023742676,
      8.045958518981934,
      8.860563278198242,
      7.245762825012207,
      7.439705848693848,
      5.808792591094971,
      4.744810581207275
    ],
    [
      2.983290672302246,
      4.315741062164307,
      9.079449653625488,
      10.908662796020508,
      13.194811820983887,
      20.53546714782715,
      14.028141021728516,
      15.99597454071045,
      15.580093383789062,
      13.886059761047363,
      13.482059478759766,
      14.948275566101074,
      10.863804817199707,
      14.17678165435791,
      8.986048698425293,
      11.988880157470703,
      7.071608543395996,
      8.413440704345703
    ],
    [
      5.9003520011901855,
      8.168667793273926,
      14.631196022033691,
      13.938804626464844,
      14.099102973937988,
      14.028141021728516,
      31.509037017822266,
      24.93816375732422,
      22.619279861450195,
      14.203465461730957,
      18.237394332885742,
      15.97901439666748,
      13.265588760375977,
      15.379166603088379,
      9.39647388458252,
      12.902305603027344,
      8.607217788696289,
      9.076720237731934
    ],
    [
      5.562633991241455,
      9.356732368469238,
      15.974112510681152,
      17.019025802612305,
      11.380188941955566,
      15.99597454071045,
      24.93816375732422,
      30.571609497070312,
      21.878644943237305,
      18.22477149963379,
      19.12147331237793,
      19.19222640991211,
      16.516559600830078,
      19.153606414794922,
      11.57627010345459,
      16.20391273498535,
      9.617259979248047,
      11.57242202758789
    ],
    [
      4.850233554840088,
      12.154187202453613,
      18.723846435546875,
      19.643835067749023,
      13.635632514953613,
      15.580093383789062,
      22.619279861450195,
      21.878644943237305,
      34.88931655883789,
      21.04884147644043,
      27.39906120300293,
      22.996538162231445,
      16.844728469848633,
      18.005020141601562,
      9.78292465209961,
      14.226216316223145,
      8.583675384521484,
      10.51578426361084
    ],
    [
      5.016917705535889,
      8.403984069824219,
      12.280078887939453,
      13.022141456604004,
      8.9098482131958,
      13.886059761047363,
      14.203465461730957,
      18.22477149963379,
      21.04884147644043,
      23.080705642700195,
      18.076072692871094,
      20.06471061706543,
      14.966403007507324,
      17.718097686767578,
      10.530716896057129,
      14.05844497680664,
      8.280080795288086,
      10.342508316040039
    ],
    [
      3.8282887935638428,
      10.4514799118042,
      16.537979125976562,
      17.873090744018555,
      9.910094261169434,
      13.482059478759766,
      18.237394332885742,
      19.12147331237793,
      27.39906120300293,
      18.076072692871094,
      27.117076873779297,
      22.72991371154785,
      17.256855010986328,
      17.969743728637695,
      9.202007293701172,
      13.637460708618164,
      7.119848251342773,
      9.971665382385254
    ],
    [
      4.087731838226318,
      9.241313934326172,
      13.616415977478027,
      15.853899955749512,
      8.233304023742676,
      14.948275566101074,
      15.97901439666748,
      19.19222640991211,
      22.996538162231445,
      20.06471061706543,
      22.72991371154785,
      26.833831787109375,
      16.21598243713379,
      20.151273727416992,
      10.026042938232422,
      15.241518020629883,
      7.805145263671875,
      10.830862998962402
    ],
    [
      4.802038669586182,
      6.988999366760254,
      14.279115676879883,
      14.624526023864746,
      8.045958518981934,
      10.863804817199707,
      13.265588760375977,
      16.516559600830078,
      16.844728469848633,
      14.966403007507324,
      17.256855010986328,
      16.21598243713379,
      21.01658058166504,
      18.934715270996094,
      16.615102767944336,
      16.32405662536621,
      10.47164249420166,
      10.803496360778809
    ],
    [
      4.744422912597656,
      7.214336395263672,
      12.740375518798828,
      14.152153968811035,
      8.860563278198242,
      14.17678165435791,
      15.379166603088379,
      19.153606414794922,
      18.005020141601562,
      17.718097686767578,
      17.969743728637695,
      20.151273727416992,
      18.934715270996094,
      24.19625473022461,
      15.445788383483887,
      20.600507736206055,
      11.205779075622559,
      14.05187702178955
    ],
    [
      4.188663959503174,
      3.720857858657837,
      9.30791187286377,
      9.898985862731934,
      7.245762825012207,
      8.986048698425293,
      9.39647388458252,
      11.57627010345459,
      9.78292465209961,
      10.530716896057129,
      9.202007293701172,
      10.026042938232422,
      16.615102767944336,
      15.445788383483887,
      20.372053146362305,
      17.26014518737793,
      13.966787338256836,
      12.393494606018066
    ],
    [
      4.037136554718018,
      6.174406051635742,
      10.883495330810547,
      12.583975791931152,
      7.439705848693848,
      11.988880157470703,
      12.902305603027344,
      16.20391273498535,
      14.226216316223145,
      14.05844497680664,
      13.637460708618164,
      15.241518020629883,
      16.32405662536621,
      20.600507736206055,
      17.26014518737793,
      24.090227127075195,
      14.286290168762207,
      17.433942794799805
    ],
    [
      3.5778982639312744,
      4.157119274139404,
      7.566090106964111,
      8.788675308227539,
      5.808792591094971,
      7.071608543395996,
      8.607217788696289,
      9.617259979248047,
      8.583675384521484,
      8.280080795288086,
      7.119848251342773,
      7.805145263671875,
      10.47164249420166,
      11.205779075622559,
      13.966787338256836,
      14.286290168762207,
      16.025100708007812,
      13.693947792053223
    ],
    [
      2.873523473739624,
      5.458166122436523,
      7.938842296600342,
      10.116808891296387,
      4.744810581207275,
      8.413440704345703,
      9.076720237731934,
      11.57242202758789,
      10.51578426361084,
      10.342508316040039,
      9.971665382385254,
      10.830862998962402,
      10.803496360778809,
      14.05187702178955,
      12.393494606018066,
      17.433942794799805,
      13.693947792053223,
      18.471006393432617
    ]
  ],
  "covariance_short": [
    [
      60.90433883666992,
      21.06011962890625,
      15.103541374206543,
      -1.6803869009017944,
      3.748145341873169,
      -0.7271093130111694,
      3.726011276245117,
      0.14862237870693207,
      -1.3507916927337646,
      -0.666063129901886,
      -1.4566385746002197,
      -2.066894292831421,
      6.489989757537842,
      4.593423843383789,
      9.299094200134277,
      7.784650802612305,
      11.028237342834473,
      11.686872482299805
    ],
    [
      21.06011962890625,
      46.6892204284668,
      12.390761375427246,
      6.853431701660156,
      1.4891031980514526,
      -0.32779258489608765,
      3.91963529586792,
      3.8484580516815186,
      6.75795841217041,
      4.178730487823486,
      5.270954608917236,
      3.230567216873169,
      3.3956141471862793,
      4.195969104766846,
      1.823906660079956,
      5.581104755401611,
      -0.5539836287498474,
      3.2423250675201416
    ],
    [
      15.103541374206543,
      12.390761375427246,
      34.927669525146484,
      19.261871337890625,
      11.111221313476562,
      10.940431594848633,
      16.735652923583984,
      16.970361709594727,
      21.325998306274414,
      14.999945640563965,
      19.773515701293945,
      16.184938430786133,
      17.55481719970703,
      16.63633155822754,
      12.137961387634277,
      15.378427505493164,
      14.845600128173828,
      15.301712989807129
    ],
    [
      -1.6803869009017944,
      6.853431701660156,
      19.261871337890625,
      30.383438110351562,
      7.791488170623779,
      12.327082633972168,
      13.754964828491211,
      17.22231101989746,
      20.52898406982422,
      15.420313835144043,
      19.187118530273438,
      17.001449584960938,
      16.248733520507812,
      16.437496185302734,
      11.717571258544922,
      14.544776916503906,
      14.018746376037598,
      13.635497093200684
    ],
    [
      3.748145341873169,
      1.4891031980514526,
      11.111221313476562,
      7.791488170623779,
      29.33291244506836,
      15.26888370513916,
      20.91181182861328,
      13.57192325592041,
      22.098920822143555,
      12.304768562316895,
      17.507675170898438,
      11.188243865966797,
      13.832378387451172,
      13.310393333435059,
      12.479568481445312,
      13.174285888671875,
      13.367027282714844,
      14.827279090881348
    ],
    [
      -0.7271093130111694,
      -0.32779258489608765,
      10.940431594848633,
      12.327082633972168,
      15.26888370513916,
      24.863887786865234,
      16.59822654724121,
      18.547300338745117,
      19.025732040405273,
      17.150955200195312,
      17.03730583190918,
      17.00597381591797,
      14.505095481872559,
      16.792261123657227,
      12.915570259094238,
      15.315423965454102,
      14.14429759979248,
      15.851103782653809
    ],
    [
      3.726011276245117,
      3.91963529586792,
      16.735652923583984,
      13.754964828491211,
      20.91181182861328,
      16.59822654724121,
      46.46662902832031,
      28.58075714111328,
      32.14288330078125,
      18.656391143798828,
      26.52818489074707,
      19.683544158935547,
      19.836444854736328,
      20.969141006469727,
      15.86153507232666,
      19.794431686401367,
      20.353832244873047,
      21.33873748779297
    ],
    [
      0.14862237870693207,
      3.8484580516815186,
      16.970361709594727,
      17.22231101989746,
      13.57192325592041,
      18.547300338745117,
      28.58075714111328,
      37.75613021850586,
      26.123266220092773,
      23.781721115112305,
      23.39324188232422,
      23.158479690551758,
      20.551891326904297,
      23.410184860229492,
      15.52215576171875,
      20.30095863342285,
      17.7128963470459,
      19.668554306030273
    ],
    [
      -1.3507916927337646,
      6.75795841217041,
      21.325998306274414,
      20.52898406982422,
      22.098920822143555,
      19.025732040405273,
      32.14288330078125,
      26.123266220092773,
      50.81362533569336,
      27.84559440612793,
      39.151397705078125,
      28.0163631439209,
      24.303808212280273,
      24.563322067260742,
      15.0048189163208,
      20.72347068786621,
      17.038835525512695,
      19.442058563232422
    ],
    [
      -0.666063129901886,
      4.178730487823486,
      14.999945640563965,
      15.420313835144043,
      12.304768562316895,
      17.150955200195312,
      18.656391143798828,
      23.781721115112305,
      27.84559440612793,
      32.284175872802734,
      24.073421478271484,
      25.42803192138672,
      20.169111251831055,
      22.946025848388672,
      14.609336853027344,
      19.40032196044922,
      15.03512191772461,
      18.34185791015625
    ],
    [
      -1.4566385746002197,
      5.270954608917236,
      19.773515701293945,
      19.187118530273438,
      17.507675170898438,
      17.03730583190918,
      26.52818489074707,
      23.39324188232422,
      39.151397705078125,
      24.073421478271484,
      41.30082321166992,
      28.043575286865234,
      28.01401138305664,
      25.57712173461914,
      17.9251708984375,
      21.756114959716797,
      19.36083221435547,
      20.361400604248047
    ],
    [
      -2.066894292831421,
      3.230567216873169,
      16.184938430786133,
      17.001449584960938,
      11.188243865966797,
      17.00597381591797,
      19.683544158935547,
      23.158479690551758,
      28.0163631439209,
      25.42803192138672,
      28.043575286865234,
      32.20087814331055,
      21.49298667907715,
      25.327234268188477,
      14.350096702575684,
      20.329784393310547,
      15.750492095947266,
      17.824068069458008
    ],
    [
      6.489989757537842,
      3.3956141471862793,
      17.55481719970703,
      16.248733520507812,
      13.832378387451172,
      14.505095481872559,
      19.836444854736328,
      20.551891326904297,
      24.303808212280273,
      20.169111251831055,
      28.01401138305664,
      21.49298667907715,
      39.14761734008789,
      29.826745986938477,
      35.79011154174805,
      31.007179260253906,
      37.07379913330078,
      33.463050842285156
    ],
    [
      4.593423843383789,
      4.195969104766846,
      16.63633155822754,
      16.437496185302734,
      13.310393333435059,
      16.792261123657227,
      20.969141006469727,
      23.410184860229492,
      24.563322067260742,
      22.946025848388672,
      25.57712173461914,
      25.327234268188477,
      29.826745986938477,
      35.87345886230469,
      27.790254592895508,
      34.65261459350586,
      31.578964233398438,
      35.233028411865234
    ],
    [
      9.299094200134277,
      1.823906660079956,
      12.137961387634277,
      11.717571258544922,
      12.479568481445312,
      12.915570259094238,
      15.86153507232666,
      15.52215576171875,
      15.0048189163208,
      14.609336853027344,
      17.9251708984375,
      14.350096702575684,
      35.79011154174805,
      27.790254592895508,
      48.739952087402344,
      38.378047943115234,
      54.681636810302734,
      46.97915267944336
    ],
    [
      7.784650802612305,
      5.581104755401611,
      15.378427505493164,
      14.544776916503906,
      13.174285888671875,
      15.315423965454102,
      19.794431686401367,
      20.30095863342285,
      20.72347068786621,
      19.40032196044922,
      21.756114959716797,
      20.329784393310547,
      31.007179260253906,
      34.65261459350586,
      38.378047943115234,
      49.11531066894531,
      47.651248931884766,
      52.587493896484375
    ],
    [
      11.028237342834473,
      -0.5539836287498474,
      14.845600128173828,
      14.018746376037598,
      13.367027282714844,
      14.14429759979248,
      20.353832244873047,
      17.7128963470459,
      17.038835525512695,
      15.03512191772461,
      19.36083221435547,
      15.750492095947266,
      37.07379913330078,
      31.578964233398438,
      54.681636810302734,
      47.651248931884766,
      82.60157775878906,
      67.12452697753906
    ],
    [
      11.686872482299805,
      3.2423250675201416,
      15.301712989807129,
      13.635497093200684,
      14.827279090881348,
      15.851103782653809,
      21.33873748779297,
      19.668554306030273,
      19.442058563232422,
      18.34185791015625,
      20.361400604248047,
      17.824068069458008,
      33.463050842285156,
      35.233028411865234,
      46.97915267944336,
      52.587493896484375,
      67.12452697753906,
      72.88087463378906
    ]
  ],
  "damage": -6.145291805267334,
  "diff_bandwidth": 651.8771362304688,
  "dissonance": 9.829821008891335,
  "drr": 17.16257095336914,
  "dynamics": 2.8761167526245117,
  "format": 1245190,
  "frames": 10062784,
  "loudness": -9.71673583984375,
  "loudness_range": 6.155717372894287,
  "loudness_range_short": 10.730186462402344,
  "lowpass_true_peak_15khz": 1.1128290891647339,
  "mastering3_acoustic_entropies": [
    {
      "acoustic_entropy": 7.454046726226807,
      "acoustic_entropy_mono": 7.414936065673828,
      "band_eliminated_acoustic_entropies": [
        {
          "acoustic_entropy": 7.586373329162598,
          "acoustic_entropy_side": 7.454052925109863,
          "hz": 129.47220167065723
        },
        {
          "acoustic_entropy": 7.641906261444092,
          "acoustic_entropy_side": 7.454070568084717,
          "hz": 202.92927478742237
        },
        {
          "acoustic_entropy": 6.954158782958984,
          "acoustic_entropy_side": 7.454019546508789,
          "hz": 282.89161906338205
        },
        {
          "acoustic_entropy": 7.790428161621094,
          "acoustic_entropy_side": 7.453060150146484,
          "hz": 369.9353335868758
        },
        {
          "acoustic_entropy": 7.540268898010254,
          "acoustic_entropy_side": 7.449690341949463,
          "hz": 464.6875360973435
        },
        {
          "acoustic_entropy": 7.419048309326172,
          "acoustic_entropy_side": 7.454710006713867,
          "hz": 567.8308811364784
        },
        {
          "acoustic_entropy": 6.297210693359375,
          "acoustic_entropy_side": 7.458289623260498,
          "hz": 680.1084783214808
        },
        {
          "acoustic_entropy": 7.911935806274414,
          "acoustic_entropy_side": 7.4510416984558105,
          "hz": 802.3292461747484
        },
        {
          "acoustic_entropy": 7.332926273345947,
          "acoustic_entropy_side": 7.426063060760498,
          "hz": 935.3737400823702
        },
        {
          "acoustic_entropy": 7.121232032775879,
          "acoustic_entropy_side": 7.458459854125977,
          "hz": 1080.2004963696966
        },
        {
          "acoustic_entropy": 6.769358158111572,
          "acoustic_entropy_side": 7.438117027282715,
          "hz": 1237.8529382007157
        },
        {
          "acoustic_entropy": 7.4001641273498535,
          "acoustic_entropy_side": 7.458675384521484,
          "hz": 1409.4668930556702
        },
        {
          "acoustic_entropy": 7.222612380981445,
          "acoustic_entropy_side": 7.479053497314453,
          "hz": 1596.2787759475705
        },
        {
          "acoustic_entropy": 7.428953647613525,
          "acoustic_entropy_side": 7.4579176902771,
          "hz": 1799.6344973346393
        },
        {
          "acoustic_entropy": 7.41947078704834,
          "acoustic_entropy_side": 7.434156894683838,
          "hz": 2020.9991599069049
        },
        {
          "acoustic_entropy": 7.133045196533203,
          "acoustic_entropy_side": 7.452508449554443,
          "hz": 2261.9676141086993
        },
        {
          "acoustic_entropy": 7.036370754241943,
          "acoustic_entropy_side": 7.456401348114014,
          "hz": 2524.2759484456974
        },
        {
          "acoustic_entropy": 7.394845962524414,
          "acoustic_entropy_side": 7.452902793884277,
          "hz": 2809.813997359896
        },
        {
          "acoustic_entropy": 7.383418560028076,
          "acoustic_entropy_side": 7.450296401977539,
          "hz": 3120.6389567871424
        },
        {
          "acoustic_entropy": 7.509537696838379,
          "acoustic_entropy_side": 7.443740367889404,
          "hz": 3458.990205492291
        },
        {
          "acoustic_entropy": 7.4755072593688965,
          "acoustic_entropy_side": 7.449345111846924,
          "hz": 3827.305438964164
        },
        {
          "acoustic_entropy": 7.268367290496826,
          "acoustic_entropy_side": 7.4433369636535645,
          "hz": 4228.238232109126
        },
        {
          "acoustic_entropy": 7.101731300354004,
          "acoustic_entropy_side": 7.443172931671143,
          "hz": 4664.6771572759235
        },
        {
          "acoustic_entropy": 7.4242939949035645,
          "acoustic_entropy_side": 7.449094295501709,
          "hz": 5139.766595350093
        },
        {
          "acoustic_entropy": 7.533863544464111,
          "acoustic_entropy_side": 7.452558994293213,
          "hz": 5656.929389854203
        },
        {
          "acoustic_entropy": 7.526966571807861,
          "acoustic_entropy_side": 7.454220771789551,
          "hz": 6219.891507268283
        },
        {
          "acoustic_entropy": 7.461406230926514,
          "acoustic_entropy_side": 7.454403877258301,
          "hz": 6832.70888123896
        },
        {
          "acoustic_entropy": 7.384521007537842,
          "acoustic_entropy_side": 7.455113410949707,
          "hz": 7499.796634079867
        },
        {
          "acoustic_entropy": 7.180877208709717,
          "acoustic_entropy_side": 7.453766822814941,
          "hz": 8225.96088609342
        },
        {
          "acoustic_entropy": 7.153474807739258,
          "acoustic_entropy_side": 7.453458309173584,
          "hz": 9016.43338188839
        },
        {
          "acoustic_entropy": 7.138969898223877,
          "acoustic_entropy_side": 7.453012943267822,
          "hz": 9876.909183162974
        },
        {
          "acoustic_entropy": 7.287009239196777,
          "acoustic_entropy_side": 7.453007698059082,
          "hz": 10813.587699516042
        },
        {
          "acoustic_entropy": 7.355738639831543,
          "acoustic_entropy_side": 7.453128814697266,
          "hz": 11833.21735289826
        },
        {
          "acoustic_entropy": 6.890929698944092,
          "acoustic_entropy_side": 7.448093891143799,
          "hz": 12943.144197493959
        },
        {
          "acoustic_entropy": 7.290088176727295,
          "acoustic_entropy_side": 7.453541278839111,
          "hz": 14151.364845322005
        },
        {
          "acoustic_entropy": 7.302327632904053,
          "acoustic_entropy_side": 7.45350456237793,
          "hz": 15466.58407886509
        },
        {
          "acoustic_entropy": 7.259833812713623,
          "acoustic_entropy_side": 7.453600883483887,
          "hz": 16898.27756580493
        },
        {
          "acoustic_entropy": 7.317525863647461,
          "acoustic_entropy_side": 7.4538350105285645,
          "hz": 18456.760127700032
        },
        {
          "acoustic_entropy": 7.4311203956604,
          "acoustic_entropy_side": 7.454028129577637,
          "hz": 20153.260054456492
        },
        {
          "acoustic_entropy": 7.453616142272949,
          "acoustic_entropy_side": 7.454052925109863,
          "hz": 22000.00000000001
        }
      ],
      "diff_acoustic_entropy": 8.700069427490234,
      "sn": 6
    },
    {
      "acoustic_entropy": 11.734209060668945,
      "acoustic_entropy_mono": 11.544795989990234,
      "band_eliminated_acoustic_entropies": [
        {
          "acoustic_entropy": 11.385213851928711,
          "acoustic_entropy_side": 11.73432731628418,
          "hz": 129.47220167065723
        },
        {
          "acoustic_entropy": 12.175176620483398,
          "acoustic_entropy_side": 11.7343111038208,
          "hz": 202.92927478742237
        },
        {
          "acoustic_entropy": 11.315225601196289,
          "acoustic_entropy_side": 11.730937004089355,
          "hz": 282.89161906338205
        },
        {
          "acoustic_entropy": 11.480242729187012,
          "acoustic_entropy_side": 11.720244407653809,
          "hz": 369.9353335868758
        },
        {
          "acoustic_entropy": 12.013091087341309,
          "acoustic_entropy_side": 11.817212104797363,
          "hz": 464.6875360973435
        },
        {
          "acoustic_entropy": 11.463335037231445,
          "acoustic_entropy_side": 11.74797534942627,
          "hz": 567.8308811364784
        },
        {
          "acoustic_entropy": 10.596778869628906,
          "acoustic_entropy_side": 11.616191864013672,
          "hz": 680.1084783214808
        },
        {
          "acoustic_entropy": 12.372867584228516,
          "acoustic_entropy_side": 11.834518432617188,
          "hz": 802.3292461747484
        },
        {
          "acoustic_entropy": 11.805455207824707,
          "acoustic_entropy_side": 11.652847290039062,
          "hz": 935.3737400823702
        },
        {
          "acoustic_entropy": 11.068267822265625,
          "acoustic_entropy_side": 11.626873970031738,
          "hz": 1080.2004963696966
        },
        {
          "acoustic_entropy": 11.249680519104004,
          "acoustic_entropy_side": 11.728184700012207,
          "hz": 1237.8529382007157
        },
        {
          "acoustic_entropy": 11.635747909545898,
          "acoustic_entropy_side": 11.691431045532227,
          "hz": 1409.4668930556702
        },
        {
          "acoustic_entropy": 12.436731338500977,
          "acoustic_entropy_side": 11.889326095581055,
          "hz": 1596.2787759475705
        },
        {
          "acoustic_entropy": 12.735559463500977,
          "acoustic_entropy_side": 11.861828804016113,
          "hz": 1799.6344973346393
        },
        {
          "acoustic_entropy": 11.749039649963379,
          "acoustic_entropy_side": 11.690716743469238,
          "hz": 2020.9991599069049
        },
        {
          "acoustic_entropy": 12.040990829467773,
          "acoustic_entropy_side": 11.753462791442871,
          "hz": 2261.9676141086993
        },
        {
          "acoustic_entropy": 11.903796195983887,
          "acoustic_entropy_side": 11.757284164428711,
          "hz": 2524.2759484456974
        },
        {
          "acoustic_entropy": 11.517973899841309,
          "acoustic_entropy_side": 11.738912582397461,
          "hz": 2809.813997359896
        },
        {
          "acoustic_entropy": 11.850448608398438,
          "acoustic_entropy_side": 11.72915267944336,
          "hz": 3120.6389567871424
        },
        {
          "acoustic_entropy": 11.590651512145996,
          "acoustic_entropy_side": 11.7374849319458,
          "hz": 3458.990205492291
        },
        {
          "acoustic_entropy": 11.625632286071777,
          "acoustic_entropy_side": 11.709266662597656,
          "hz": 3827.305438964164
        },
        {
          "acoustic_entropy": 11.401293754577637,
          "acoustic_entropy_side": 11.679723739624023,
          "hz": 4228.238232109126
        },
        {
          "acoustic_entropy": 11.952847480773926,
          "acoustic_entropy_side": 11.642308235168457,
          "hz": 4664.6771572759235
        },
        {
          "acoustic_entropy": 11.542654037475586,
          "acoustic_entropy_side": 11.682327270507812,
          "hz": 5139.766595350093
        },
        {
          "acoustic_entropy": 11.808327674865723,
          "acoustic_entropy_side": 11.734781265258789,
          "hz": 5656.929389854203
        },
        {
          "acoustic_entropy": 11.72327995300293,
          "acoustic_entropy_side": 11.740866661071777,
          "hz": 6219.891507268283
        },
        {
          "acoustic_entropy": 11.579636573791504,
          "acoustic_entropy_side": 11.740530967712402,
          "hz": 6832.70888123896
        },
        {
          "acoustic_entropy": 11.759485244750977,
          "acoustic_entropy_side": 11.788904190063477,
          "hz": 7499.796634079867
        },
        {
          "acoustic_entropy": 11.6573486328125,
          "acoustic_entropy_side": 11.783538818359375,
          "hz": 8225.96088609342
        },
        {
          "acoustic_entropy": 11.432635307312012,
          "acoustic_entropy_side": 11.73012924194336,
          "hz": 9016.43338188839
        },
        {
          "acoustic_entropy": 11.516703605651855,
          "acoustic_entropy_side": 11.731582641601562,
          "hz": 9876.909183162974
        },
        {
          "acoustic_entropy": 11.737106323242188,
          "acoustic_entropy_side": 11.727723121643066,
          "hz": 10813.587699516042
        },
        {
          "acoustic_entropy": 11.654923439025879,
          "acoustic_entropy_side": 11.718099594116211,
          "hz": 11833.21735289826
        },
        {
          "acoustic_entropy": 11.431292533874512,
          "acoustic_entropy_side": 11.840937614440918,
          "hz": 12943.144197493959
        },
        {
          "acoustic_entropy": 11.493435859680176,
          "acoustic_entropy_side": 11.718884468078613,
          "hz": 14151.364845322005
        },
        {
          "acoustic_entropy": 11.595742225646973,
          "acoustic_entropy_side": 11.72550106048584,
          "hz": 15466.58407886509
        },
        {
          "acoustic_entropy": 11.585230827331543,
          "acoustic_entropy_side": 11.728489875793457,
          "hz": 16898.27756580493
        },
        {
          "acoustic_entropy": 11.585552215576172,
          "acoustic_entropy_side": 11.731228828430176,
          "hz": 18456.760127700032
        },
        {
          "acoustic_entropy": 11.634414672851562,
          "acoustic_entropy_side": 11.73354721069336,
          "hz": 20153.260054456492
        },
        {
          "acoustic_entropy": 11.720853805541992,
          "acoustic_entropy_side": 11.734905242919922,
          "hz": 22000.00000000001
        }
      ],
      "diff_acoustic_entropy": 13.144445419311523,
      "sn": 12
    },
    {
      "acoustic_entropy": 15.67251968383789,
      "acoustic_entropy_mono": 14.741671562194824,
      "band_eliminated_acoustic_entropies": [
        {
          "acoustic_entropy": 15.477537155151367,
          "acoustic_entropy_side": 15.674857139587402,
          "hz": 129.47220167065723
        },
        {
          "acoustic_entropy": 16.388303756713867,
          "acoustic_entropy_side": 15.672978401184082,
          "hz": 202.92927478742237
        },
        {
          "acoustic_entropy": 16.387779235839844,
          "acoustic_entropy_side": 15.598673820495605,
          "hz": 282.89161906338205
        },
        {
          "acoustic_entropy": 15.601391792297363,
          "acoustic_entropy_side": 15.586875915527344,
          "hz": 369.9353335868758
        },
        {
          "acoustic_entropy": 16.116432189941406,
          "acoustic_entropy_side": 15.679814338684082,
          "hz": 464.6875360973435
        },
        {
          "acoustic_entropy": 15.609036445617676,
          "acoustic_entropy_side": 15.6543550491333,
          "hz": 567.8308811364784
        },
        {
          "acoustic_entropy": 16.286291122436523,
          "acoustic_entropy_side": 15.403364181518555,
          "hz": 680.1084783214808
        },
        {
          "acoustic_entropy": 16.20897102355957,
          "acoustic_entropy_side": 15.721490859985352,
          "hz": 802.3292461747484
        },
        {
          "acoustic_entropy": 15.751405715942383,
          "acoustic_entropy_side": 15.8396635055542,
          "hz": 935.3737400823702
        },
        {
          "acoustic_entropy": 15.443695068359375,
          "acoustic_entropy_side": 16.01186180114746,
          "hz": 1080.2004963696966
        },
        {
          "acoustic_entropy": 15.11888599395752,
          "acoustic_entropy_side": 15.629822731018066,
          "hz": 1237.8529382007157
        },
        {
          "acoustic_entropy": 15.578958511352539,
          "acoustic_entropy_side": 15.711299896240234,
          "hz": 1409.4668930556702
        },
        {
          "acoustic_entropy": 16.21463394165039,
          "acoustic_entropy_side": 16.08970832824707,
          "hz": 1596.2787759475705
        },
        {
          "acoustic_entropy": 16.03982925415039,
          "acoustic_entropy_side": 15.918503761291504,
          "hz": 1799.6344973346393
        },
        {
          "acoustic_entropy": 16.068525314331055,
          "acoustic_entropy_side": 15.991006851196289,
          "hz": 2020.9991599069049
        },
        {
          "acoustic_entropy": 15.719563484191895,
          "acoustic_entropy_side": 15.922775268554688,
          "hz": 2261.9676141086993
        },
        {
          "acoustic_entropy": 15.750093460083008,
          "acoustic_entropy_side": 15.722804069519043,
          "hz": 2524.2759484456974
        },
        {
          "acoustic_entropy": 15.876867294311523,
          "acoustic_entropy_side": 15.705902099609375,
          "hz": 2809.813997359896
        },
        {
