{
  "acoustic_entropy": 120.32887268066406,
  "bands": [
    {
      "high_freq": 148.1999969482422,
      "loudness": -56.215538024902344,
      "loudness_range": 21.145950317382812,
      "mid_mean": -54.34345245361328,
      "mid_to_side_loudness": -5.834552764892578,
      "mid_to_side_loudness_range": 9.622062683105469,
      "side_mean": -59.38844299316406
    },
    {
      "high_freq": 392.3793640136719,
      "loudness": -31.524295806884766,
      "loudness_range": 17.00082015991211,
      "low_freq": 148.1999969482422,
      "mid_mean": -29.649171829223633,
      "mid_to_side_loudness": -3.3335959911346436,
      "mid_to_side_loudness_range": 8.953104019165039,
      "side_mean": -33.668216705322266
    },
    {
      "high_freq": 794.6976318359375,
      "loudness": -27.780757904052734,
      "loudness_range": 14.610126495361328,
      "low_freq": 392.3793640136719,
      "mid_mean": -26.906126022338867,
      "mid_to_side_loudness": -1.293063998222351,
      "mid_to_side_loudness_range": 8.8316068649292,
      "side_mean": -29.082645416259766
    },
    {
      "high_freq": 1457.5709228515625,
      "loudness": -36.55992889404297,
      "loudness_range": 16.913293838500977,
      "low_freq": 794.6976318359375,
      "mid_mean": -35.801727294921875,
      "mid_to_side_loudness": -1.7348523139953613,
      "mid_to_side_loudness_range": 5.059187889099121,
      "side_mean": -37.876625061035156
    },
    {
      "high_freq": 2549.74365234375,
      "loudness": -42.45937728881836,
      "loudness_range": 15.758506774902344,
      "low_freq": 1457.5709228515625,
      "mid_mean": -44.88942337036133,
      "mid_to_side_loudness": 3.5408501625061035,
      "mid_to_side_loudness_range": 7.249233722686768,
      "side_mean": -40.854530334472656
    },
    {
      "high_freq": 4349.24462890625,
      "loudness": -53.320228576660156,
      "loudness_range": 19.838062286376953,
      "low_freq": 2549.74365234375,
      "mid_mean": -56.246002197265625,
      "mid_to_side_loudness": -0.27185916900634766,
      "mid_to_side_loudness_range": 9.7447509765625,
      "side_mean": -56.49216079711914
    },
    {
      "high_freq": 7314.1640625,
      "loudness": -50.59562301635742,
      "loudness_range": 26.855632781982422,
      "low_freq": 4349.24462890625,
      "mid_mean": -59.751976013183594,
      "mid_to_side_loudness": 1.6443134546279907,
      "mid_to_side_loudness_range": 19.182594299316406,
      "side_mean": -57.55723571777344
    },
    {
      "high_freq": 12199.2666015625,
      "loudness": -47.221221923828125,
      "loudness_range": 20.636062622070312,
      "low_freq": 7314.1640625,
      "mid_mean": -55.480491638183594,
      "mid_to_side_loudness": -1.0999492406845093,
      "mid_to_side_loudness_range": 15.242774963378906,
      "side_mean": -56.505348205566406
    },
    {
      "loudness": -61.75341033935547,
      "loudness_range": 25.854915618896484,
      "low_freq": 12199.2666015625,
      "mid_mean": -64.3781967163086,
      "mid_to_side_loudness": 0.4393324553966522,
      "mid_to_side_loudness_range": 15.264667510986328,
      "side_mean": -63.723899841308594
    }
  ],
  "bands_short": [
    {
      "high_freq": 148.1999969482422,
      "loudness": -62.361061096191406,
      "loudness_range": 17.46823501586914,
      "mid_mean": -60.141990661621094,
      "mid_to_side_loudness": -5.522400856018066,
      "mid_to_side_loudness_range": 14.125560760498047,
      "side_mean": -64.03599548339844
    },
    {
      "high_freq": 392.3793640136719,
      "loudness": -31.8074951171875,
      "loudness_range": 18.40528106689453,
      "low_freq": 148.1999969482422,
      "mid_mean": -29.894302368164062,
      "mid_to_side_loudness": -3.483060359954834,
      "mid_to_side_loudness_range": 9.242609977722168,
      "side_mean": -33.97129821777344
    },
    {
      "high_freq": 794.6976318359375,
      "loudness": -29.329954147338867,
      "loudness_range": 19.616863250732422,
      "low_freq": 392.3793640136719,
      "mid_mean": -28.64426040649414,
      "mid_to_side_loudness": -1.506103277206421,
      "mid_to_side_loudness_range": 9.777517318725586,
      "side_mean": -30.917566299438477
    },
    {
      "high_freq": 1457.5709228515625,
      "loudness": -35.974891662597656,
      "loudness_range": 18.354230880737305,
      "low_freq": 794.6976318359375,
      "mid_mean": -35.72554016113281,
      "mid_to_side_loudness": -0.6921753883361816,
      "mid_to_side_loudness_range": 7.305895805358887,
      "side_mean": -36.57962417602539
    },
    {
      "high_freq": 2549.74365234375,
      "loudness": -43.67075729370117,
      "loudness_range": 18.33523178100586,
      "low_freq": 1457.5709228515625,
      "mid_mean": -46.542701721191406,
      "mid_to_side_loudness": 3.1671981811523438,
      "mid_to_side_loudness_range": 10.204365730285645,
      "side_mean": -42.1842155456543
    },
    {
      "high_freq": 4349.24462890625,
      "loudness": -54.88025665283203,
      "loudness_range": 23.021785736083984,
      "low_freq": 2549.74365234375,
      "mid_mean": -57.47970962524414,
      "mid_to_side_loudness": -0.5632635354995728,
      "mid_to_side_loudness_range": 10.540132522583008,
      "side_mean": -57.71422576904297
    },
    {
      "high_freq": 7314.1640625,
      "loudness": -57.15311050415039,
      "loudness_range": 35.24321746826172,
      "low_freq": 4349.24462890625,
      "mid_mean": -63.68368911743164,
      "mid_to_side_loudness": 0.5802545547485352,
      "mid_to_side_loudness_range": 19.448148727416992,
      "side_mean": -62.231414794921875
    },
    {
      "high_freq": 12199.2666015625,
      "loudness": -52.07891845703125,
      "loudness_range": 32.46927261352539,
      "low_freq": 7314.1640625,
      "mid_mean": -59.532894134521484,
      "mid_to_side_loudness": -1.2626879215240479,
      "mid_to_side_loudness_range": 18.015254974365234,
      "side_mean": -60.292335510253906
    },
    {
      "loudness": -62.62310791015625,
      "loudness_range": 28.605045318603516,
      "low_freq": 12199.2666015625,
      "mid_mean": -66.0716781616211,
      "mid_to_side_loudness": -0.1793876737356186,
      "mid_to_side_loudness_range": 19.485431671142578,
      "side_mean": -65.47827911376953
    }
  ],
  "bandwidth": 630.2092895507812,
  "channels": 2,
  "covariance": [
    [
      65.78011322021484,
      48.50261688232422,
      6.287575721740723,
      9.873489379882812,
      -2.224921226501465,
      -4.953798294067383,
      2.6219727993011475,
      3.153872489929199,
      5.898766040802002,
      5.308103561401367,
      21.331769943237305,
      19.373395919799805,
      20.417261123657227,
      21.80738067626953,
      27.342620849609375,
      28.9439754486084,
      16.40056610107422,
      18.171682357788086
    ],
    [
      48.50261688232422,
      42.655357360839844,
      7.985757827758789,
      9.852789878845215,
      0.06549999862909317,
      -1.7530134916305542,
      4.1282148361206055,
      4.717695713043213,
      6.39478874206543,
      5.970216751098633,
      14.111602783203125,
      12.22930908203125,
      6.595137119293213,
      8.12311840057373,
      10.031094551086426,
      11.618350982666016,
      7.080862045288086,
      8.501510620117188
    ],
    [
      6.287575721740723,
      7.985757827758789,
      50.413734436035156,
      42.93934631347656,
      15.307254791259766,
      27.557451248168945,
      28.25343894958496,
      34.61192321777344,
      14.832908630371094,
      12.247371673583984,
      36.55337142944336,
      35.62709426879883,
      25.48907470703125,
      31.579469680786133,
      32.567256927490234,
      31.668567657470703,
      15.122715950012207,
      15.76807689666748
    ],
    [
      9.873489379882812,
      9.852789878845215,
      42.93934631347656,
      52.292537689208984,
      10.664840698242188,
      21.270488739013672,
      23.943029403686523,
      30.369998931884766,
      8.609736442565918,
      9.059549331665039,
      33.63873291015625,
      32.81891632080078,
      22.61840057373047,
      29.355772018432617,
      29.66750144958496,
      26.392568588256836,
      11.612570762634277,
      13.320378303527832
    ],
    [
      -2.224921226501465,
      0.06549999862909317,
      15.307254791259766,
      10.664840698242188,
      44.70115280151367,
      33.3935432434082,
      29.981477737426758,
      26.478784561157227,
      25.808958053588867,
      25.068185806274414,
      36.29375076293945,
      41.208656311035156,
      36.94741439819336,
      53.19742965698242,
      47.237327575683594,
      37.15009689331055,
      20.86406898498535,
      28.25421905517578
    ],
    [
      -4.953798294067383,
      -1.7530134916305542,
      27.557451248168945,
      21.270488739013672,
      33.3935432434082,
      44.796043395996094,
      32.910301208496094,
      34.89720153808594,
      25.02854347229004,
      21.398752212524414,
      42.535125732421875,
      42.91592025756836,
      33.354148864746094,
      45.67800521850586,
      49.395938873291016,
      43.344905853271484,
      20.96439552307129,
      24.61583137512207
    ],
    [
      2.6219727993011475,
      4.1282148361206055,
      28.25343894958496,
      23.943029403686523,
      29.981477737426758,
      32.910301208496094,
      47.0681037902832,
      48.61705017089844,
      31.834810256958008,
      28.599271774291992,
      44.07276916503906,
      45.103328704833984,
      41.337764739990234,
      48.15324401855469,
      54.44895935058594,
      50.45813751220703,
      25.346071243286133,
      26.79018211364746
    ],
    [
      3.153872489929199,
      4.717695713043213,
      34.61192321777344,
      30.369998931884766,
      26.478784561157227,
      34.89720153808594,
      48.61705017089844,
      57.92441177368164,
      32.639556884765625,
      29.203649520874023,
      45.4766960144043,
      46.428165435791016,
      43.811012268066406,
      48.29926681518555,
      55.15513610839844,
      52.05413055419922,
      25.987085342407227,
      25.634611129760742
    ],
    [
      5.898766040802002,
      6.39478874206543,
      14.832908630371094,
      8.609736442565918,
      25.808958053588867,
      25.02854347229004,
      31.834810256958008,
      32.639556884765625,
      44.40940856933594,
      34.91474914550781,
      40.20429992675781,
      38.002479553222656,
      35.85945129394531,
      37.649757385253906,
      51.31839370727539,
      52.569576263427734,
      25.640750885009766,
      28.317367553710938
    ],
    [
      5.308103561401367,
      5.970216751098633,
      12.247371673583984,
      9.059549331665039,
      25.068185806274414,
      21.398752212524414,
      28.599271774291992,
      29.203649520874023,
      34.91474914550781,
      37.70903396606445,
      38.417510986328125,
      38.62619400024414,
      37.51558303833008,
      43.701759338378906,
      51.118736267089844,
      48.50807189941406,
      24.697763442993164,
      28.62299919128418
    ],
    [
      21.331769943237305,
      14.111602783203125,
      36.55337142944336,
      33.63873291015625,
      36.29375076293945,
      42.535125732421875,
      44.07276916503906,
      45.4766960144043,
      40.20429992675781,
      38.417510986328125,
      83.45321655273438,
      79.98152923583984,
      68.3508529663086,
      86.50617980957031,
      99.0743637084961,
      92.6719741821289,
      41.14751434326172,
      46.06965255737305
    ],
    [
      19.373395919799805,
      12.22930908203125,
      35.62709426879883,
      32.81891632080078,
      41.208656311035156,
      42.91592025756836,
      45.103328704833984,
      46.428165435791016,
      38.002479553222656,
      38.62619400024414,
      79.98152923583984,
      85.63475036621094,
      79.39574432373047,
      100.70569610595703,
      102.0530014038086,
      90.37018585205078,
      43.552528381347656,
      48.43817138671875
    ],
    [
      20.417261123657227,
      6.595137119293213,
      25.48907470703125,
      22.61840057373047,
      36.94741439819336,
      33.354148864746094,
      41.337764739990234,
      43.811012268066406,
      35.85945129394531,
      37.51558303833008,
      68.3508529663086,
      79.39574432373047,
      108.58159637451172,
      124.70523834228516,
      114.72112274169922,
      104.67245483398438,
      58.14570617675781,
      61.11349868774414
    ],
    [
      21.80738067626953,
      8.12311840057373,
      31.579469680786133,
      29.355772018432617,
      53.19742965698242,
      45.67800521850586,
      48.15324401855469,
      48.29926681518555,
      37.649757385253906,
      43.701759338378906,
      86.50617980957031,
      100.70569610595703,
      124.70523834228516,
      161.3404083251953,
      135.96636962890625,
      117.59349060058594,
      63.18299865722656,
      68.80126953125
    ],
    [
      27.342620849609375,
      10.031094551086426,
      32.567256927490234,
      29.66750144958496,
      47.237327575683594,
      49.395938873291016,
      54.44895935058594,
      55.15513610839844,
      51.31839370727539,
      51.118736267089844,
      99.0743637084961,
      102.0530014038086,
      114.72112274169922,
      135.96636962890625,
      162.1768035888672,
      147.66856384277344,
      66.30817413330078,
      73.58417510986328
    ],
    [
      28.9439754486084,
      11.618350982666016,
      31.668567657470703,
      26.392568588256836,
      37.15009689331055,
      43.344905853271484,
      50.45813751220703,
      52.05413055419922,
      52.569576263427734,
      48.50807189941406,
      92.6719741821289,
      90.37018585205078,
      104.67245483398438,
      117.59349060058594,
      147.66856384277344,
      150.65261840820312,
      67.88568878173828,
      73.20896911621094
    ],
    [
      16.40056610107422,
      7.080862045288086,
      15.122715950012207,
      11.612570762634277,
      20.86406898498535,
      20.96439552307129,
      25.346071243286133,
      25.987085342407227,
      25.640750885009766,
      24.697763442993164,
      41.14751434326172,
      43.552528381347656,
      58.14570617675781,
      63.18299865722656,
      66.30817413330078,
      67.88568878173828,
      41.880409240722656,
      44.56106185913086
    ],
    [
      18.171682357788086,
      8.501510620117188,
      15.76807689666748,
      13.320378303527832,
      28.25421905517578,
      24.61583137512207,
      26.79018211364746,
      25.634611129760742,
      28.317367553710938,
      28.62299919128418,
      46.06965255737305,
      48.43817138671875,
      61.11349868774414,
      68.80126953125,
      73.58417510986328,
      73.20896911621094,
      44.56106185913086,
      58.58073425292969
    ]
  ],
  "covariance_short": [
    [
      35.20027160644531,
      20.77910614013672,
      20.417682647705078,
      21.761272430419922,
      11.045109748840332,
      11.762901306152344,
      16.671859741210938,
      17.69725227355957,
      18.309892654418945,
      15.57114028930664,
      32.738975524902344,
      31.644380569458008,
      27.687091827392578,
      32.15456008911133,
      37.06562805175781,
      36.13022232055664,
      18.782089233398438,
      21.394702911376953
    ],
    [
      20.77910614013672,
      21.95661163330078,
      19.03932762145996,
      20.97114372253418,
      7.550792217254639,
      10.363899230957031,
      13.289077758789062,
      15.072600364685059,
      14.56351375579834,
      12.089142799377441,
      22.044050216674805,
      20.967016220092773,
      14.00959300994873,
      16.851329803466797,
      19.29823875427246,
      18.721710205078125,
      9.33995532989502,
      11.655259132385254
    ],
    [
      20.417682647705078,
      19.03932762145996,
      47.7193489074707,
      41.922027587890625,
      24.876964569091797,
      32.769798278808594,
      27.81620216369629,
      30.090576171875,
      28.205524444580078,
      19.18951416015625,
      35.17239761352539,
      34.1899299621582,
      19.299510955810547,
      23.978282928466797,
      26.743619918823242,
      26.96057891845703,
      13.498425483703613,
      13.989346504211426
    ],
    [
      21.761272430419922,
      20.97114372253418,
      41.922027587890625,
      53.51875686645508,
      20.199989318847656,
      28.223817825317383,
      24.51173973083496,
      27.400144577026367,
      22.140419006347656,
      14.936346054077148,
      32.49576187133789,
      31.619848251342773,
      16.485557556152344,
      21.492794036865234,
      24.513290405273438,
      22.379894256591797,
      9.72919750213623,
      11.171838760375977
    ],
    [
      11.045109748840332,
      7.550792217254639,
      24.876964569091797,
      20.199989318847656,
      67.49637603759766,
      52.67657470703125,
      33.42626190185547,
      28.594505310058594,
      33.438419342041016,
      33.32212448120117,
      43.83753204345703,
      50.79450225830078,
      34.384029388427734,
      51.492000579833984,
      51.2561149597168,
      38.42526626586914,
      22.56191635131836,
      29.8754940032959
    ],
    [
      11.762901306152344,
      10.363899230957031,
      32.769798278808594,
      28.223817825317383,
      52.67657470703125,
      60.189998626708984,
      33.60590362548828,
      30.533893585205078,
      37.02443313598633,
      28.521512985229492,
      45.53614807128906,
      50.215187072753906,
      30.403133392333984,
      44.146305084228516,
      46.180519104003906,
      36.573795318603516,
      20.384323120117188,
      23.339359283447266
    ],
    [
      16.671859741210938,
      13.289077758789062,
      27.81620216369629,
      24.51173973083496,
      33.42626190185547,
      33.60590362548828,
      54.240108489990234,
      54.93501281738281,
      49.456703186035156,
      41.58600997924805,
      49.107486724853516,
      47.1375732421875,
      37.6889533996582,
      43.60514450073242,
      57.73288345336914,
      56.056068420410156,
      25.724809646606445,
      27.910545349121094
    ],
    [
      17.69725227355957,
      15.072600364685059,
      30.090576171875,
      27.400144577026367,
      28.594505310058594,
      30.533893585205078,
      54.93501281738281,
      65.14447021484375,
      53.368648529052734,
      42.604698181152344,
      50.01018142700195,
      44.69801712036133,
      35.66947555541992,
      38.47397232055664,
      55.44448471069336,
      57.41139221191406,
      24.11016273498535,
      24.897672653198242
    ],
    [
      18.309892654418945,
      14.56351375579834,
      28.205524444580078,
      22.140419006347656,
      33.438419342041016,
      37.02443313598633,
      49.456703186035156,
      53.368648529052734,
      61.9376220703125,
      42.8409423828125,
      52.74036407470703,
      50.306949615478516,
      42.17658233642578,
      46.89482116699219,
      60.14488983154297,
      61.27413558959961,
      28.858448028564453,
      31.937177658081055
    ],
    [
      15.57114028930664,
      12.089142799377441,
      19.18951416015625,
      14.936346054077148,
      33.32212448120117,
      28.521512985229492,
      41.58600997924805,
      42.604698181152344,
      42.8409423828125,
      51.103546142578125,
      48.49106979370117,
      48.6583137512207,
      42.6340217590332,
      51.862144470214844,
      61.377037048339844,
      58.291568756103516,
      28.1947078704834,
      32.5090446472168
    ],
    [
      32.738975524902344,
      22.044050216674805,
      35.17239761352539,
      32.49576187133789,
      43.83753204345703,
      45.53614807128906,
      49.107486724853516,
      50.01018142700195,
      52.74036407470703,
      48.49106979370117,
      82.57980346679688,
      78.90956115722656,
      55.22874450683594,
      71.4212875366211,
      89.74610900878906,
      84.51023864746094,
      37.91838073730469,
      42.078433990478516
    ],
    [
      31.644380569458008,
      20.967016220092773,
      34.1899299621582,
      31.619848251342773,
      50.79450225830078,
      50.215187072753906,
      47.1375732421875,
      44.69801712036133,
      50.306949615478516,
      48.6583137512207,
      78.90956115722656,
      84.50829315185547,
      62.54070281982422,
      81.42635345458984,
      91.93765258789062,
      82.5512466430664,
      40.07815170288086,
      44.654090881347656
    ],
    [
      27.687091827392578,
      14.00959300994873,
      19.299510955810547,
      16.485557556152344,
      34.384029388427734,
      30.403133392333984,
      37.6889533996582,
      35.66947555541992,
      42.17658233642578,
      42.6340217590332,
      55.22874450683594,
      62.54070281982422,
      83.1104736328125,
      93.74612426757812,
      93.59445190429688,
      87.57142639160156,
      49.68769073486328,
      53.40309143066406
    ],
    [
      32.15456008911133,
      16.851329803466797,
      23.978282928466797,
      21.492794036865234,
      51.492000579833984,
      44.146305084228516,
      43.60514450073242,
      38.47397232055664,
      46.89482116699219,
      51.862144470214844,
      71.4212875366211,
      81.42635345458984,
      93.74612426757812,
      121.93170166015625,
      114.63382720947266,
      101.28579711914062,
      56.4971923828125,
      63.40438461303711
    ],
    [
      37.06562805175781,
      19.29823875427246,
      26.743619918823242,
      24.513290405273438,
      51.2561149597168,
      46.180519104003906,
      57.73288345336914,
      55.44448471069336,
      60.14488983154297,
      61.377037048339844,
      89.74610900878906,
      91.93765258789062,
      93.59445190429688,
      114.63382720947266,
      146.83140563964844,
      134.18527221679688,
      61.027347564697266,
      67.86006164550781
    ],
    [
      36.13022232055664,
      18.721710205078125,
      26.96057891845703,
      22.379894256591797,
      38.42526626586914,
      36.573795318603516,
      56.056068420410156,
      57.41139221191406,
      61.27413558959961,
      58.291568756103516,
      84.51023864746094,
      82.5512466430664,
      87.57142639160156,
      101.28579711914062,
      134.18527221679688,
      138.5244140625,
      62.67140579223633,
      67.2669448852539
    ],
    [
      18.782089233398438,
      9.33995532989502,
      13.498425483703613,
      9.72919750213623,
      22.56191635131836,
      20.384323120117188,
      25.724809646606445,
      24.11016273498535,
      28.858448028564453,
      28.1947078704834,
      37.91838073730469,
      40.07815170288086,
      49.68769073486328,
      56.4971923828125,
      61.027347564697266,
      62.67140579223633,
      38.53600311279297,
      41.19942855834961
    ],
    [
      21.394702911376953,
      11.655259132385254,
      13.989346504211426,
      11.171838760375977,
      29.8754940032959,
      23.339359283447266,
      27.910545349121094,
      24.897672653198242,
      31.937177658081055,
      32.5090446472168,
      42.078433990478516,
      44.654090881347656,
      53.40309143066406,
      63.40438461303711,
      67.86006164550781,
      67.2669448852539,
      41.19942855834961,
      54.16798782348633
    ]
  ],
  "damage": -11.518317222595215,
  "diff_bandwidth": 690.0426635742188,
  "dissonance": 2.590918069728505,
  "drr": -1.1658540964126587,
  "dynamics": 4.11410665512085,
  "format": 1245190,
  "frames": 2172928,
  "loudness": -20.930044174194336,
  "loudness_range": 13.05855941772461,
  "loudness_range_short": 15.591449737548828,
  "lowpass_true_peak_15khz": -4.547542572021484,
  "mastering3_acoustic_entropies": [
    {
      "acoustic_entropy": 7.00007963180542,
      "acoustic_entropy_mono": 5.475029945373535,
      "band_eliminated_acoustic_entropies": [
        {
          "acoustic_entropy": 7.0000505447387695,
          "acoustic_entropy_side": 7.000074863433838,
          "hz": 129.47220167065723
        },
        {
          "acoustic_entropy": 6.935360431671143,
          "acoustic_entropy_side": 6.922198295593262,
          "hz": 202.92927478742237
        },
        {
          "acoustic_entropy": 6.9406585693359375,
          "acoustic_entropy_side": 6.953965663909912,
          "hz": 282.89161906338205
        },
        {
          "acoustic_entropy": 7.219005107879639,
          "acoustic_entropy_side": 7.060956001281738,
          "hz": 369.9353335868758
        },
        {
          "acoustic_entropy": 6.996884822845459,
          "acoustic_entropy_side": 7.095208168029785,
          "hz": 464.6875360973435
        },
        {
          "acoustic_entropy": 6.71077299118042,
          "acoustic_entropy_side": 6.844604969024658,
          "hz": 567.8308811364784
        },
        {
          "acoustic_entropy": 6.731761455535889,
          "acoustic_entropy_side": 6.970427513122559,
          "hz": 680.1084783214808
        },
        {
          "acoustic_entropy": 5.740825176239014,
          "acoustic_entropy_side": 6.847437381744385,
          "hz": 802.3292461747484
        },
        {
          "acoustic_entropy": 6.600379467010498,
          "acoustic_entropy_side": 6.9303812980651855,
          "hz": 935.3737400823702
        },
        {
          "acoustic_entropy": 6.424686908721924,
          "acoustic_entropy_side": 6.658165454864502,
          "hz": 1080.2004963696966
        },
        {
          "acoustic_entropy": 6.629100322723389,
          "acoustic_entropy_side": 6.7686076164245605,
          "hz": 1237.8529382007157
        },
        {
          "acoustic_entropy": 6.781123161315918,
          "acoustic_entropy_side": 6.84052848815918,
          "hz": 1409.4668930556702
        },
        {
          "acoustic_entropy": 7.128799915313721,
          "acoustic_entropy_side": 7.026299953460693,
          "hz": 1596.2787759475705
        },
        {
          "acoustic_entropy": 6.875371932983398,
          "acoustic_entropy_side": 6.8871870040893555,
          "hz": 1799.6344973346393
        },
        {
          "acoustic_entropy": 6.92750883102417,
          "acoustic_entropy_side": 6.932960510253906,
          "hz": 2020.9991599069049
        },
        {
          "acoustic_entropy": 7.02817440032959,
          "acoustic_entropy_side": 7.0266618728637695,
          "hz": 2261.9676141086993
        },
        {
          "acoustic_entropy": 6.9970855712890625,
          "acoustic_entropy_side": 6.999487400054932,
          "hz": 2524.2759484456974
        },
        {
          "acoustic_entropy": 7.001737117767334,
          "acoustic_entropy_side": 7.000726222991943,
          "hz": 2809.813997359896
        },
        {
          "acoustic_entropy": 7.004914283752441,
          "acoustic_entropy_side": 7.002415657043457,
          "hz": 3120.6389567871424
        },
        {
          "acoustic_entropy": 6.99771785736084,
          "acoustic_entropy_side": 7.000008583068848,
          "hz": 3458.990205492291
        },
        {
          "acoustic_entropy": 7.006968021392822,
          "acoustic_entropy_side": 7.005781650543213,
          "hz": 3827.305438964164
        },
        {
          "acoustic_entropy": 7.004787921905518,
          "acoustic_entropy_side": 7.003188133239746,
          "hz": 4228.238232109126
        },
        {
          "acoustic_entropy": 6.999382495880127,
          "acoustic_entropy_side": 7.000120639801025,
          "hz": 4664.6771572759235
        },
        {
          "acoustic_entropy": 7.001688480377197,
          "acoustic_entropy_side": 7.001123428344727,
          "hz": 5139.766595350093
        },
        {
          "acoustic_entropy": 6.9994635581970215,
          "acoustic_entropy_side": 6.999318599700928,
          "hz": 5656.929389854203
        },
        {
          "acoustic_entropy": 7.006049156188965,
          "acoustic_entropy_side": 7.0048136711120605,
          "hz": 6219.891507268283
        },
        {
          "acoustic_entropy": 6.755752086639404,
          "acoustic_entropy_side": 6.820946216583252,
          "hz": 6832.70888123896
        },
        {
          "acoustic_entropy": 7.152715682983398,
          "acoustic_entropy_side": 7.149113655090332,
          "hz": 7499.796634079867
        },
        {
          "acoustic_entropy": 7.029698371887207,
          "acoustic_entropy_side": 7.0255022048950195,
          "hz": 8225.96088609342
        },
        {
          "acoustic_entropy": 6.901134490966797,
          "acoustic_entropy_side": 6.901086330413818,
          "hz": 9016.43338188839
        },
        {
          "acoustic_entropy": 6.805859565734863,
          "acoustic_entropy_side": 6.898679733276367,
          "hz": 9876.909183162974
        },
        {
          "acoustic_entropy": 7.0015482902526855,
          "acoustic_entropy_side": 7.007233142852783,
          "hz": 10813.587699516042
        },
        {
          "acoustic_entropy": 7.079259395599365,
          "acoustic_entropy_side": 7.006409168243408,
          "hz": 11833.21735289826
        },
        {
          "acoustic_entropy": 7.059411525726318,
          "acoustic_entropy_side": 7.013071537017822,
          "hz": 12943.144197493959
        },
        {
          "acoustic_entropy": 7.0004987716674805,
          "acoustic_entropy_side": 7.00009298324585,
          "hz": 14151.364845322005
        },
        {
          "acoustic_entropy": 6.991612911224365,
          "acoustic_entropy_side": 6.991979122161865,
          "hz": 15466.58407886509
        },
        {
          "acoustic_entropy": 6.998368263244629,
          "acoustic_entropy_side": 6.997781753540039,
          "hz": 16898.27756580493
        },
        {
          "acoustic_entropy": 7.0019683837890625,
          "acoustic_entropy_side": 7.001589775085449,
          "hz": 18456.760127700032
        },
        {
          "acoustic_entropy": 6.999778747558594,
          "acoustic_entropy_side": 6.999880790710449,
          "hz": 20153.260054456492
        },
        {
          "acoustic_entropy": 6.999993801116943,
          "acoustic_entropy_side": 7.000003337860107,
          "hz": 22000.00000000001
        }
      ],
      "diff_acoustic_entropy": 3.7222461700439453,
      "sn": 6
    },
    {
      "acoustic_entropy": 10.827287673950195,
      "acoustic_entropy_mono": 8.976387023925781,
      "band_eliminated_acoustic_entropies": [
        {
          "acoustic_entropy": 10.826826095581055,
          "acoustic_entropy_side": 10.82726764678955,
          "hz": 129.47220167065723
        },
        {
          "acoustic_entropy": 10.275666236877441,
          "acoustic_entropy_side": 10.628725051879883,
          "hz": 202.92927478742237
        },
        {
          "acoustic_entropy": 10.911138534545898,
          "acoustic_entropy_side": 10.950345039367676,
          "hz": 282.89161906338205
        },
        {
          "acoustic_entropy": 10.258476257324219,
          "acoustic_entropy_side": 10.322628021240234,
          "hz": 369.9353335868758
        },
        {
          "acoustic_entropy": 11.024422645568848,
          "acoustic_entropy_side": 11.26298999786377,
          "hz": 464.6875360973435
        },
        {
          "acoustic_entropy": 10.96213150024414,
          "acoustic_entropy_side": 10.682272911071777,
          "hz": 567.8308811364784
        },
        {
          "acoustic_entropy": 11.024364471435547,
          "acoustic_entropy_side": 10.814371109008789,
          "hz": 680.1084783214808
        },
        {
          "acoustic_entropy": 9.422271728515625,
          "acoustic_entropy_side": 10.33384895324707,
          "hz": 802.3292461747484
        },
        {
          "acoustic_entropy": 10.098698616027832,
          "acoustic_entropy_side": 10.132242202758789,
          "hz": 935.3737400823702
        },
        {
          "acoustic_entropy": 9.93044376373291,
          "acoustic_entropy_side": 10.36381721496582,
          "hz": 1080.2004963696966
        },
        {
          "acoustic_entropy": 10.079789161682129,
          "acoustic_entropy_side": 10.55540943145752,
          "hz": 1237.8529382007157
        },
        {
          "acoustic_entropy": 10.884807586669922,
          "acoustic_entropy_side": 10.951659202575684,
          "hz": 1409.4668930556702
        },
        {
          "acoustic_entropy": 10.67241096496582,
          "acoustic_entropy_side": 10.76416301727295,
          "hz": 1596.2787759475705
        },
        {
          "acoustic_entropy": 10.775089263916016,
          "acoustic_entropy_side": 10.475760459899902,
          "hz": 1799.6344973346393
        },
        {
          "acoustic_entropy": 10.86860179901123,
          "acoustic_entropy_side": 10.924920082092285,
          "hz": 2020.9991599069049
        },
        {
          "acoustic_entropy": 10.664986610412598,
          "acoustic_entropy_side": 10.793700218200684,
          "hz": 2261.9676141086993
        },
        {
          "acoustic_entropy": 10.80864143371582,
          "acoustic_entropy_side": 10.823406219482422,
          "hz": 2524.2759484456974
        },
        {
          "acoustic_entropy": 10.783039093017578,
          "acoustic_entropy_side": 10.81873607635498,
          "hz": 2809.813997359896
        },
        {
          "acoustic_entropy": 10.823576927185059,
          "acoustic_entropy_side": 10.82543659210205,
          "hz": 3120.6389567871424
        },
        {
          "acoustic_entropy": 10.823307991027832,
          "acoustic_entropy_side": 10.830526351928711,
          "hz": 3458.990205492291
        },
        {
          "acoustic_entropy": 10.843263626098633,
          "acoustic_entropy_side": 10.834579467773438,
          "hz": 3827.305438964164
        },
        {
          "acoustic_entropy": 10.868888854980469,
          "acoustic_entropy_side": 10.849874496459961,
          "hz": 4228.238232109126
        },
        {
          "acoustic_entropy": 10.8306303024292,
          "acoustic_entropy_side": 10.829989433288574,
          "hz": 4664.6771572759235
        },
        {
          "acoustic_entropy": 10.850179672241211,
          "acoustic_entropy_side": 10.840645790100098,
          "hz": 5139.766595350093
        },
        {
          "acoustic_entropy": 10.824532508850098,
          "acoustic_entropy_side": 10.812485694885254,
          "hz": 5656.929389854203
        },
        {
          "acoustic_entropy": 10.583216667175293,
          "acoustic_entropy_side": 10.65418529510498,
          "hz": 6219.891507268283
        },
        {
          "acoustic_entropy": 10.090340614318848,
          "acoustic_entropy_side": 10.382781028747559,
          "hz": 6832.70888123896
        },
        {
          "acoustic_entropy": 10.643643379211426,
          "acoustic_entropy_side": 10.759737968444824,
          "hz": 7499.796634079867
        },
        {
          "acoustic_entropy": 10.690314292907715,
          "acoustic_entropy_side": 10.750154495239258,
          "hz": 8225.96088609342
        },
        {
          "acoustic_entropy": 10.088871002197266,
          "acoustic_entropy_side": 10.38314437866211,
          "hz": 9016.43338188839
        },
        {
          "acoustic_entropy": 10.423205375671387,
          "acoustic_entropy_side": 10.866859436035156,
          "hz": 9876.909183162974
        },
        {
          "acoustic_entropy": 10.568387985229492,
          "acoustic_entropy_side": 10.707275390625,
          "hz": 10813.587699516042
        },
        {
          "acoustic_entropy": 10.992182731628418,
          "acoustic_entropy_side": 10.869343757629395,
          "hz": 11833.21735289826
        },
        {
          "acoustic_entropy": 10.99271011352539,
          "acoustic_entropy_side": 10.920148849487305,
          "hz": 12943.144197493959
        },
        {
          "acoustic_entropy": 10.834086418151855,
          "acoustic_entropy_side": 10.832280158996582,
          "hz": 14151.364845322005
        },
        {
          "acoustic_entropy": 10.798620223999023,
          "acoustic_entropy_side": 10.800663948059082,
          "hz": 15466.58407886509
        },
        {
          "acoustic_entropy": 10.842082023620605,
          "acoustic_entropy_side": 10.835065841674805,
          "hz": 16898.27756580493
        },
        {
          "acoustic_entropy": 10.845216751098633,
          "acoustic_entropy_side": 10.835752487182617,
          "hz": 18456.760127700032
        },
        {
          "acoustic_entropy": 10.828364372253418,
          "acoustic_entropy_side": 10.827308654785156,
          "hz": 20153.260054456492
        },
        {
          "acoustic_entropy": 10.82653522491455,
          "acoustic_entropy_side": 10.826475143432617,
          "hz": 22000.00000000001
        }
      ],
      "diff_acoustic_entropy": 6.571803092956543,
      "sn": 12
    },
    {
      "acoustic_entropy": 16.425565719604492,
      "acoustic_entropy_mono": 14.45256519317627,
      "band_eliminated_acoustic_entropies": [
        {
          "acoustic_entropy": 16.421913146972656,
          "acoustic_entropy_side": 16.425426483154297,
          "hz": 129.47220167065723
        },
        {
          "acoustic_entropy": 16.327741622924805,
          "acoustic_entropy_side": 16.144655227661133,
          "hz": 202.92927478742237
        },
        {
          "acoustic_entropy": 17.827102661132812,
          "acoustic_entropy_side": 17.379528045654297,
          "hz": 282.89161906338205
        },
        {
          "acoustic_entropy": 15.931268692016602,
          "acoustic_entropy_side": 16.344799041748047,
          "hz": 369.9353335868758
        },
        {
          "acoustic_entropy": 17.410709381103516,
          "acoustic_entropy_side": 16.921987533569336,
          "hz": 464.6875360973435
        },
        {
          "acoustic_entropy": 16.97541046142578,
          "acoustic_entropy_side": 17.430662155151367,
          "hz": 567.8308811364784
        },
        {
          "acoustic_entropy": 17.312759399414062,
          "acoustic_entropy_side": 16.941478729248047,
          "hz": 680.1084783214808
        },
        {
          "acoustic_entropy": 15.86340045928955,
          "acoustic_entropy_side": 16.51818084716797,
          "hz": 802.3292461747484
        },
        {
          "acoustic_entropy": 18.206209182739258,
          "acoustic_entropy_side": 17.818683624267578,
          "hz": 935.3737400823702
        },
        {
          "acoustic_entropy": 16.441152572631836,
          "acoustic_entropy_side": 16.909923553466797,
          "hz": 1080.2004963696966
        },
        {
          "acoustic_entropy": 16.426898956298828,
          "acoustic_entropy_side": 16.838611602783203,
          "hz": 1237.8529382007157
        },
        {
          "acoustic_entropy": 16.97737693786621,
          "acoustic_entropy_side": 16.994312286376953,
          "hz": 1409.4668930556702
        },
        {
          "acoustic_entropy": 16.32840347290039,
          "acoustic_entropy_side": 16.459211349487305,
          "hz": 1596.2787759475705
        },
        {
          "acoustic_entropy": 17.86450958251953,
          "acoustic_entropy_side": 17.456966400146484,
          "hz": 1799.6344973346393
        },
        {
          "acoustic_entropy": 16.013917922973633,
          "acoustic_entropy_side": 16.209230422973633,
          "hz": 2020.9991599069049
        },
        {
          "acoustic_entropy": 16.880626678466797,
          "acoustic_entropy_side": 16.441566467285156,
          "hz": 2261.9676141086993
        },
        {
          "acoustic_entropy": 16.975215911865234,
          "acoustic_entropy_side": 16.535715103149414,
          "hz": 2524.2759484456974
        },
        {
          "acoustic_entropy": 16.46281623840332,
          "acoustic_entropy_side": 16.40703773498535,
          "hz": 2809.813997359896
        },
        {
          "acoustic_entropy": 16.528898239135742,
          "acoustic_entropy_side": 16.4852294921875,
