{
  "acoustic_entropy": 195.7758331298828,
  "bands": [
    {
      "high_freq": 148.1999969482422,
      "loudness": -17.60354995727539,
      "loudness_range": 5.774116516113281,
      "mid_mean": -14.044319152832031,
      "mid_to_side_loudness": -15.559821128845215,
      "mid_to_side_loudness_range": 8.579286575317383,
      "side_mean": -30.420166015625
    },
    {
      "high_freq": 392.3793640136719,
      "loudness": -17.223833084106445,
      "loudness_range": 5.276876449584961,
      "low_freq": 148.1999969482422,
      "mid_mean": -14.115426063537598,
      "mid_to_side_loudness": -9.290709495544434,
      "mid_to_side_loudness_range": 8.144551277160645,
      "side_mean": -23.274333953857422
    },
    {
      "high_freq": 794.6976318359375,
      "loudness": -21.04105567932129,
      "loudness_range": 7.035146713256836,
      "low_freq": 392.3793640136719,
      "mid_mean": -18.31206512451172,
      "mid_to_side_loudness": -6.62284517288208,
      "mid_to_side_loudness_range": 7.951759338378906,
      "side_mean": -25.058645248413086
    },
    {
      "high_freq": 1457.5709228515625,
      "loudness": -22.808103561401367,
      "loudness_range": 11.91268539428711,
      "low_freq": 794.6976318359375,
      "mid_mean": -19.98899269104004,
      "mid_to_side_loudness": -7.20506477355957,
      "mid_to_side_loudness_range": 10.4231595993042,
      "side_mean": -27.445472717285156
    },
    {
      "high_freq": 2549.74365234375,
      "loudness": -16.491880416870117,
      "loudness_range": 11.599562644958496,
      "low_freq": 1457.5709228515625,
      "mid_mean": -13.77539348602295,
      "mid_to_side_loudness": -6.821908473968506,
      "mid_to_side_loudness_range": 10.105981826782227,
      "side_mean": -20.78154945373535
    },
    {
      "high_freq": 4349.24462890625,
      "loudness": -17.829830169677734,
      "loudness_range": 10.924022674560547,
      "low_freq": 2549.74365234375,
      "mid_mean": -15.267258644104004,
      "mid_to_side_loudness": -5.675610542297363,
      "mid_to_side_loudness_range": 7.523130893707275,
      "side_mean": -21.12457275390625
    },
    {
      "high_freq": 7314.1640625,
      "loudness": -24.030872344970703,
      "loudness_range": 9.941823959350586,
      "low_freq": 4349.24462890625,
      "mid_mean": -21.5100040435791,
      "mid_to_side_loudness": -6.36635160446167,
      "mid_to_side_loudness_range": 8.798463821411133,
      "side_mean": -28.24787139892578
    },
    {
      "high_freq": 12199.2666015625,
      "loudness": -27.973100662231445,
      "loudness_range": 9.81698989868164,
      "low_freq": 7314.1640625,
      "mid_mean": -25.023801803588867,
      "mid_to_side_loudness": -9.080526351928711,
      "mid_to_side_loudness_range": 16.106178283691406,
      "side_mean": -34.739349365234375
    },
    {
      "loudness": -37.680484771728516,
      "loudness_range": 10.087705612182617,
      "low_freq": 12199.2666015625,
      "mid_mean": -34.985862731933594,
      "mid_to_side_loudness": -7.088291645050049,
      "mid_to_side_loudness_range": 10.493338584899902,
      "side_mean": -41.90353012084961
    }
  ],
  "bands_short": [
    {
      "high_freq": 148.1999969482422,
      "loudness": -21.0030517578125,
      "loudness_range": 12.9725341796875,
      "mid_mean": -17.50950050354004,
      "mid_to_side_loudness": -15.743675231933594,
      "mid_to_side_loudness_range": 18.081815719604492,
      "side_mean": -34.12858963012695
    },
    {
      "high_freq": 392.3793640136719,
      "loudness": -16.685941696166992,
      "loudness_range": 6.742282867431641,
      "low_freq": 148.1999969482422,
      "mid_mean": -13.48852825164795,
      "mid_to_side_loudness": -10.361199378967285,
      "mid_to_side_loudness_range": 9.94762134552002,
      "side_mean": -23.818490982055664
    },
    {
      "high_freq": 794.6976318359375,
      "loudness": -20.48737335205078,
      "loudness_range": 8.726910591125488,
      "low_freq": 392.3793640136719,
      "mid_mean": -17.845626831054688,
      "mid_to_side_loudness": -6.516057014465332,
      "mid_to_side_loudness_range": 10.783021926879883,
      "side_mean": -24.600797653198242
    },
    {
      "high_freq": 1457.5709228515625,
      "loudness": -23.105127334594727,
      "loudness_range": 13.590777397155762,
      "low_freq": 794.6976318359375,
      "mid_mean": -20.38136863708496,
      "mid_to_side_loudness": -7.274084568023682,
      "mid_to_side_loudness_range": 12.491352081298828,
      "side_mean": -27.930744171142578
    },
    {
      "high_freq": 2549.74365234375,
      "loudness": -16.922590255737305,
      "loudness_range": 13.2040376663208,
      "low_freq": 1457.5709228515625,
      "mid_mean": -14.272242546081543,
      "mid_to_side_loudness": -6.870878219604492,
      "mid_to_side_loudness_range": 11.73170280456543,
      "side_mean": -21.36620330810547
    },
    {
      "high_freq": 4349.24462890625,
      "loudness": -17.930965423583984,
      "loudness_range": 11.532218933105469,
      "low_freq": 2549.74365234375,
      "mid_mean": -15.434306144714355,
      "mid_to_side_loudness": -5.560248851776123,
      "mid_to_side_loudness_range": 8.398689270019531,
      "side_mean": -21.179841995239258
    },
    {
      "high_freq": 7314.1640625,
      "loudness": -24.366344451904297,
      "loudness_range": 11.880109786987305,
      "low_freq": 4349.24462890625,
      "mid_mean": -21.8514461517334,
      "mid_to_side_loudness": -6.290012836456299,
      "mid_to_side_loudness_range": 9.76555347442627,
      "side_mean": -28.38423728942871
    },
    {
      "high_freq": 12199.2666015625,
      "loudness": -28.445608139038086,
      "loudness_range": 10.651483535766602,
      "low_freq": 7314.1640625,
      "mid_mean": -25.615434646606445,
      "mid_to_side_loudness": -8.280288696289062,
      "mid_to_side_loudness_range": 14.66076946258545,
      "side_mean": -34.80720520019531
    },
    {
      "loudness": -38.921844482421875,
      "loudness_range": 14.032472610473633,
      "low_freq": 12199.2666015625,
      "mid_mean": -36.363433837890625,
      "mid_to_side_loudness": -7.08227014541626,
      "mid_to_side_loudness_range": 13.144003868103027,
      "side_mean": -43.3772087097168
    }
  ],
  "bandwidth": 771.2539672851562,
  "channels": 2,
  "covariance": [
    [
      10.420188903808594,
      8.062860488891602,
      2.0737180709838867,
      2.6055967807769775,
      1.0778582096099854,
      2.3527956008911133,
      0.9308751821517944,
      1.7346327304840088,
      1.2728493213653564,
      1.8863706588745117,
      1.9917222261428833,
      2.807619333267212,
      2.13132905960083,
      2.3186426162719727,
      1.5771123170852661,
      2.3373372554779053,
      0.4953535199165344,
      0.4894951283931732
    ],
    [
      8.062860488891602,
      22.313655853271484,
      2.7786223888397217,
      4.565992832183838,
      2.446197986602783,
      4.520803928375244,
      7.142011642456055,
      9.738641738891602,
      8.10001277923584,
      9.261093139648438,
      9.168828010559082,
      11.189541816711426,
      8.6817045211792,
      14.35538387298584,
      1.4472733736038208,
      8.97557258605957,
      -0.1613544225692749,
      2.5964319705963135
    ],
    [
      2.0737180709838867,
      2.7786223888397217,
      8.398367881774902,
      3.1796257495880127,
      1.29188072681427,
      1.2523846626281738,
      -0.8138680458068848,
      -0.09397946298122406,
      -0.39665472507476807,
      -0.15560880303382874,
      -0.7247987389564514,
      -0.35960301756858826,
      -0.6634888648986816,
      -0.9156420230865479,
      1.1624460220336914,
      -2.6545701026916504,
      1.8594515323638916,
      -0.04673748090863228
    ],
    [
      2.6055967807769775,
      4.565992832183838,
      3.1796257495880127,
      6.956158638000488,
      0.9629168510437012,
      2.0363409519195557,
      1.3517488241195679,
      2.8811087608337402,
      1.3137954473495483,
      2.5022201538085938,
      1.9641504287719727,
      2.8760666847229004,
      2.095177173614502,
      3.3119077682495117,
      0.5142865777015686,
      3.5413525104522705,
      0.8726638555526733,
      1.9169917106628418
    ],
    [
      1.0778582096099854,
      2.446197986602783,
      1.29188072681427,
      0.9629168510437012,
      8.706560134887695,
      3.3280692100524902,
      5.311371326446533,
      3.7736847400665283,
      6.219064235687256,
      2.834364414215088,
      4.597184181213379,
      2.734422445297241,
      2.5094921588897705,
      1.8331525325775146,
      3.2920491695404053,
      -0.4546789228916168,
      2.7746033668518066,
      -0.04013581946492195
    ],
    [
      2.3527956008911133,
      4.520803928375244,
      1.2523846626281738,
      2.0363409519195557,
      3.3280692100524902,
      6.321364879608154,
      4.732389450073242,
      6.687075614929199,
      5.092215538024902,
      5.672358989715576,
      5.276216983795166,
      6.484482288360596,
      4.308285236358643,
      6.587932586669922,
      0.7669099569320679,
      4.565115928649902,
      1.3655223846435547,
      1.9647212028503418
    ],
    [
      0.9308751821517944,
      7.142011642456055,
      -0.8138680458068848,
      1.3517488241195679,
      5.311371326446533,
      4.732389450073242,
      19.456605911254883,
      13.118678092956543,
      15.063087463378906,
      11.0960111618042,
      12.64921760559082,
      11.723809242248535,
      10.137959480285645,
      14.66153621673584,
      1.8423042297363281,
      8.5918607711792,
      1.8157427310943604,
      2.3584513664245605
    ],
    [
      1.7346327304840088,
      9.738641738891602,
      -0.09397946298122406,
      2.8811087608337402,
      3.7736847400665283,
      6.687075614929199,
      13.118678092956543,
      18.211936950683594,
      12.764018058776855,
      15.30559253692627,
      12.61876106262207,
      16.955244064331055,
      11.952688217163086,
      21.06106185913086,
      0.811195433139801,
      14.589526176452637,
      1.7208101749420166,
      5.4925312995910645
    ],
    [
      1.2728493213653564,
      8.10001277923584,
      -0.39665472507476807,
      1.3137954473495483,
      6.219064235687256,
      5.092215538024902,
      15.063087463378906,
      12.764018058776855,
      22.3420352935791,
      13.83400821685791,
      15.800559043884277,
      14.494317054748535,
      12.390145301818848,
      17.10281753540039,
      3.3967373371124268,
      11.011099815368652,
      1.7299206256866455,
      2.8237247467041016
    ],
    [
      1.8863706588745117,
      9.261093139648438,
      -0.15560880303382874,
      2.5022201538085938,
      2.834364414215088,
      5.672358989715576,
      11.0960111618042,
      15.30559253692627,
      13.83400821685791,
      16.71710777282715,
      12.673855781555176,
      17.3823299407959,
      11.985905647277832,
      21.573991775512695,
      0.9416702389717102,
      15.799857139587402,
      1.2999099493026733,
      6.325435638427734
    ],
    [
      1.9917222261428833,
      9.168828010559082,
      -0.7247987389564514,
      1.9641504287719727,
      4.597184181213379,
      5.276216983795166,
      12.64921760559082,
      12.61876106262207,
      15.800559043884277,
      12.673855781555176,
      16.544063568115234,
      15.191452980041504,
      12.754522323608398,
      17.380107879638672,
      3.666869640350342,
      12.723633766174316,
      2.179581880569458,
      4.9964599609375
    ],
    [
      2.807619333267212,
      11.189541816711426,
      -0.35960301756858826,
      2.8760666847229004,
      2.734422445297241,
      6.484482288360596,
      11.723809242248535,
      16.955244064331055,
      14.494317054748535,
      17.3823299407959,
      15.191452980041504,
      21.43227195739746,
      14.03438949584961,
      24.670787811279297,
      1.5027326345443726,
      19.835554122924805,
      1.4380178451538086,
      8.07372760772705
    ],
    [
      2.13132905960083,
      8.6817045211792,
      -0.6634888648986816,
      2.095177173614502,
      2.5094921588897705,
      4.308285236358643,
      10.137959480285645,
      11.952688217163086,
      12.390145301818848,
      11.985905647277832,
      12.754522323608398,
      14.03438949584961,
      17.488813400268555,
      19.28855323791504,
      5.331615924835205,
      14.265253067016602,
      4.082920551300049,
      6.473232269287109
    ],
    [
      2.3186426162719727,
      14.35538387298584,
      -0.9156420230865479,
      3.3119077682495117,
      1.8331525325775146,
      6.587932586669922,
      14.66153621673584,
      21.06106185913086,
      17.10281753540039,
      21.573991775512695,
      17.380107879638672,
      24.670787811279297,
      19.28855323791504,
      37.54548645019531,
      1.194601058959961,
      27.724040985107422,
      1.0569980144500732,
      11.75468921661377
    ],
    [
      1.5771123170852661,
      1.4472733736038208,
      1.1624460220336914,
      0.5142865777015686,
      3.2920491695404053,
      0.7669099569320679,
      1.8423042297363281,
      0.811195433139801,
      3.3967373371124268,
      0.9416702389717102,
      3.666869640350342,
      1.5027326345443726,
      5.331615924835205,
      1.194601058959961,
      15.689803123474121,
      2.660792589187622,
      11.15339469909668,
      3.391378879547119
    ],
    [
      2.3373372554779053,
      8.97557258605957,
      -2.6545701026916504,
      3.5413525104522705,
      -0.4546789228916168,
      4.565115928649902,
      8.5918607711792,
      14.589526176452637,
      11.011099815368652,
      15.799857139587402,
      12.723633766174316,
      19.835554122924805,
      14.265253067016602,
      27.724040985107422,
      2.660792589187622,
      32.631710052490234,
      2.885333776473999,
      17.152856826782227
    ],
    [
      0.4953535199165344,
      -0.1613544225692749,
      1.8594515323638916,
      0.8726638555526733,
      2.7746033668518066,
      1.3655223846435547,
      1.8157427310943604,
      1.7208101749420166,
      1.7299206256866455,
      1.2999099493026733,
      2.179581880569458,
      1.4380178451538086,
      4.082920551300049,
      1.0569980144500732,
      11.15339469909668,
      2.885333776473999,
      13.917060852050781,
      7.2312211990356445
    ],
    [
      0.4894951283931732,
      2.5964319705963135,
      -0.04673748090863228,
      1.9169917106628418,
      -0.04013581946492195,
      1.9647212028503418,
      2.3584513664245605,
      5.4925312995910645,
      2.8237247467041016,
      6.325435638427734,
      4.9964599609375,
      8.07372760772705,
      6.473232269287109,
      11.75468921661377,
      3.391378879547119,
      17.152856826782227,
      7.2312211990356445,
      19.385574340820312
    ]
  ],
  "covariance_short": [
    [
      19.270540237426758,
      8.665441513061523,
      1.741869330406189,
      2.0083093643188477,
      0.014962280169129372,
      0.5042645931243896,
      1.3502956628799438,
      1.6175509691238403,
      1.260682225227356,
      1.9235211610794067,
      1.2916431427001953,
      1.7575592994689941,
      1.5149866342544556,
      2.7857601642608643,
      0.09818989783525467,
      1.9831609725952148,
      0.969690203666687,
      2.2096803188323975
    ],
    [
      8.665441513061523,
      37.48441696166992,
      1.0552417039871216,
      4.054765224456787,
      1.9599595069885254,
      4.596817970275879,
      9.746200561523438,
      14.88232707977295,
      11.816167831420898,
      15.194167137145996,
      11.757741928100586,
      16.020387649536133,
      13.115678787231445,
      21.532939910888672,
      1.8212180137634277,
      14.993124961853027,
      1.7149521112442017,
      9.035890579223633
    ],
    [
      1.741869330406189,
      1.0552417039871216,
      11.2444429397583,
      4.484517574310303,
      1.6583548784255981,
      1.7016712427139282,
      0.12309452146291733,
      0.823933482170105,
      -0.19328618049621582,
      0.9628995656967163,
      0.07634998857975006,
      0.9098336100578308,
      0.09508885443210602,
      0.5150719881057739,
      1.0517348051071167,
      -1.3260924816131592,
      2.19172739982605,
      1.2304164171218872
    ],
    [
      2.0083093643188477,
      4.054765224456787,
      4.484517574310303,
      10.979945182800293,
      1.2994524240493774,
      3.0738370418548584,
      1.3913196325302124,
      3.5930652618408203,
      1.4714144468307495,
      3.1830692291259766,
      2.2747247219085693,
      3.229296922683716,
      2.8726348876953125,
      4.296623229980469,
      1.0688092708587646,
      4.133386611938477,
      1.4776743650436401,
      3.2399213314056396
    ],
    [
      0.014962280169129372,
      1.9599595069885254,
      1.6583548784255981,
      1.2994524240493774,
      13.39791488647461,
      4.392531871795654,
      6.236717224121094,
      4.298191070556641,
      7.639199256896973,
      3.5407350063323975,
      5.959220886230469,
      3.379225015640259,
      3.711113929748535,
      2.010694742202759,
      5.0358405113220215,
      0.4534156322479248,
      4.6589508056640625,
      1.0688115358352661
    ],
    [
      0.5042645931243896,
      4.596817970275879,
      1.7016712427139282,
      3.0738370418548584,
      4.392531871795654,
      9.3021879196167,
      4.852790355682373,
      7.397092342376709,
      5.281717300415039,
      6.445913314819336,
      5.435679912567139,
      6.547970771789551,
      5.147368907928467,
      7.015292644500732,
      1.6679953336715698,
      4.875497817993164,
      2.540433168411255,
      3.7496893405914307
    ],
    [
      1.3502956628799438,
      9.746200561523438,
      0.12309452146291733,
      1.3913196325302124,
      6.236717224121094,
      4.852790355682373,
      25.366016387939453,
      16.02094268798828,
      18.240062713623047,
      14.27414321899414,
      15.117744445800781,
      13.420199394226074,
      12.679862976074219,
      16.319446563720703,
      4.034904479980469,
      9.564031600952148,
      5.092299461364746,
      5.251719951629639
    ],
    [
      1.6175509691238403,
      14.88232707977295,
      0.823933482170105,
      3.5930652618408203,
      4.298191070556641,
      7.397092342376709,
      16.02094268798828,
      25.020050048828125,
      16.081544876098633,
      20.231727600097656,
      14.989148139953613,
      19.84085464477539,
      15.192207336425781,
      24.962055206298828,
      2.362581491470337,
      16.391077041625977,
      4.732436180114746,
      10.680333137512207
    ],
    [
      1.260682225227356,
      11.816167831420898,
      -0.19328618049621582,
      1.4714144468307495,
      7.639199256896973,
      5.281717300415039,
      18.240062713623047,
      16.081544876098633,
      28.44818115234375,
      17.808164596557617,
      18.6064453125,
      16.482656478881836,
      15.416038513183594,
      19.112085342407227,
      5.518843173980713,
      12.189876556396484,
      4.561527729034424,
      6.016533851623535
    ],
    [
      1.9235211610794067,
      15.194167137145996,
      0.9628995656967163,
      3.1830692291259766,
      3.5407350063323975,
      6.445913314819336,
      14.27414321899414,
      20.231727600097656,
      17.808164596557617,
      24.07675552368164,
      15.563775062561035,
      20.941587448120117,
      15.246773719787598,
      25.541725158691406,
      2.620105504989624,
      17.351343154907227,
      4.313368797302246,
      11.257316589355469
    ],
    [
      1.2916431427001953,
      11.757741928100586,
      0.07634998857975006,
      2.2747247219085693,
      5.959220886230469,
      5.435679912567139,
      15.117744445800781,
      14.989148139953613,
      18.6064453125,
      15.563775062561035,
      19.633617401123047,
      16.551197052001953,
      15.168817520141602,
      18.73886489868164,
      6.032015800476074,
      13.224517822265625,
      5.3365278244018555,
      8.332996368408203
    ],
    [
      1.7575592994689941,
      16.020387649536133,
      0.9098336100578308,
      3.229296922683716,
      3.379225015640259,
      6.547970771789551,
      13.420199394226074,
      19.84085464477539,
      16.482656478881836,
      20.941587448120117,
      16.551197052001953,
      23.377769470214844,
      16.171775817871094,
      26.588481903076172,
      3.4061641693115234,
      19.184070587158203,
      4.3800482749938965,
      12.595987319946289
    ],
    [
      1.5149866342544556,
      13.115678787231445,
      0.09508885443210602,
      2.8726348876953125,
      3.711113929748535,
      5.147368907928467,
      12.679862976074219,
      15.192207336425781,
      15.416038513183594,
      15.246773719787598,
      15.168817520141602,
      16.171775817871094,
      22.931324005126953,
      23.87441062927246,
      9.59414291381836,
      17.692338943481445,
      9.497498512268066,
      12.476628303527832
    ],
    [
      2.7857601642608643,
      21.532939910888672,
      0.5150719881057739,
      4.296623229980469,
      2.010694742202759,
      7.015292644500732,
      16.319446563720703,
      24.962055206298828,
      19.112085342407227,
      25.541725158691406,
      18.73886489868164,
      26.588481903076172,
      23.87441062927246,
      44.461097717285156,
      4.624845027923584,
      30.454336166381836,
      6.0669379234313965,
      20.133926391601562
    ],
    [
      0.09818989783525467,
      1.8212180137634277,
      1.0517348051071167,
      1.0688092708587646,
      5.0358405113220215,
      1.6679953336715698,
      4.034904479980469,
      2.362581491470337,
      5.518843173980713,
      2.620105504989624,
      6.032015800476074,
      3.4061641693115234,
      9.59414291381836,
      4.624845027923584,
      22.04719352722168,
      7.774712085723877,
      18.511850357055664,
      9.149720191955566
    ],
    [
      1.9831609725952148,
      14.993124961853027,
      -1.3260924816131592,
      4.133386611938477,
      0.4534156322479248,
      4.875497817993164,
      9.564031600952148,
      16.391077041625977,
      12.189876556396484,
      17.351343154907227,
      13.224517822265625,
      19.184070587158203,
      17.692338943481445,
      30.454336166381836,
      7.774712085723877,
      38.97305679321289,
      9.030137062072754,
      25.580041885375977
    ],
    [
      0.969690203666687,
      1.7149521112442017,
      2.19172739982605,
      1.4776743650436401,
      4.6589508056640625,
      2.540433168411255,
      5.092299461364746,
      4.732436180114746,
      4.561527729034424,
      4.313368797302246,
      5.3365278244018555,
      4.3800482749938965,
      9.497498512268066,
      6.0669379234313965,
      18.511850357055664,
      9.030137062072754,
      28.705707550048828,
      18.45661163330078
    ],
    [
      2.2096803188323975,
      9.035890579223633,
      1.2304164171218872,
      3.2399213314056396,
      1.0688115358352661,
      3.7496893405914307,
      5.251719951629639,
      10.680333137512207,
      6.016533851623535,
      11.257316589355469,
      8.332996368408203,
      12.595987319946289,
      12.476628303527832,
      20.133926391601562,
      9.149720191955566,
      25.580041885375977,
      18.45661163330078,
      44.13521194458008
    ]
  ],
  "damage": -3.473145008087158,
  "diff_bandwidth": 761.7584228515625,
  "dissonance": 9.898876316289929,
  "drr": 1.5301469564437866,
  "dynamics": 2.049326181411743,
  "format": 1245190,
  "frames": 12476352,
  "loudness": -6.52482795715332,
  "loudness_range": 3.9087510108947754,
  "loudness_range_short": 5.362196445465088,
  "lowpass_true_peak_15khz": 1.1567248106002808,
  "mastering3_acoustic_entropies": [
    {
      "acoustic_entropy": 5.52847146987915,
      "acoustic_entropy_mono": 5.57098388671875,
      "band_eliminated_acoustic_entropies": [
        {
          "acoustic_entropy": 5.463856220245361,
          "acoustic_entropy_side": 5.5284647941589355,
          "hz": 129.47220167065723
        },
        {
          "acoustic_entropy": 5.4931640625,
          "acoustic_entropy_side": 5.527533054351807,
          "hz": 202.92927478742237
        },
        {
          "acoustic_entropy": 6.105463981628418,
          "acoustic_entropy_side": 5.523200988769531,
          "hz": 282.89161906338205
        },
        {
          "acoustic_entropy": 6.204522609710693,
          "acoustic_entropy_side": 5.4862213134765625,
          "hz": 369.9353335868758
        },
        {
          "acoustic_entropy": 5.692488193511963,
          "acoustic_entropy_side": 5.5135064125061035,
          "hz": 464.6875360973435
        },
        {
          "acoustic_entropy": 6.096982002258301,
          "acoustic_entropy_side": 5.499757289886475,
          "hz": 567.8308811364784
        },
        {
          "acoustic_entropy": 6.267368793487549,
          "acoustic_entropy_side": 5.461737155914307,
          "hz": 680.1084783214808
        },
        {
          "acoustic_entropy": 5.8558125495910645,
          "acoustic_entropy_side": 5.5036773681640625,
          "hz": 802.3292461747484
        },
        {
          "acoustic_entropy": 5.550572395324707,
          "acoustic_entropy_side": 5.561377048492432,
          "hz": 935.3737400823702
        },
        {
          "acoustic_entropy": 5.846948146820068,
          "acoustic_entropy_side": 5.562662124633789,
          "hz": 1080.2004963696966
        },
        {
          "acoustic_entropy": 5.225257396697998,
          "acoustic_entropy_side": 5.5273356437683105,
          "hz": 1237.8529382007157
        },
        {
          "acoustic_entropy": 5.446107864379883,
          "acoustic_entropy_side": 5.561402320861816,
          "hz": 1409.4668930556702
        },
        {
          "acoustic_entropy": 5.656384468078613,
          "acoustic_entropy_side": 5.5490288734436035,
          "hz": 1596.2787759475705
        },
        {
          "acoustic_entropy": 6.298406600952148,
          "acoustic_entropy_side": 5.647947788238525,
          "hz": 1799.6344973346393
        },
        {
          "acoustic_entropy": 5.650162696838379,
          "acoustic_entropy_side": 5.691810131072998,
          "hz": 2020.9991599069049
        },
        {
          "acoustic_entropy": 6.15597677230835,
          "acoustic_entropy_side": 5.559739112854004,
          "hz": 2261.9676141086993
        },
        {
          "acoustic_entropy": 5.83758020401001,
          "acoustic_entropy_side": 5.502902507781982,
          "hz": 2524.2759484456974
        },
        {
          "acoustic_entropy": 6.430371284484863,
          "acoustic_entropy_side": 5.518529891967773,
          "hz": 2809.813997359896
        },
        {
          "acoustic_entropy": 6.335455417633057,
          "acoustic_entropy_side": 5.556363105773926,
          "hz": 3120.6389567871424
        },
        {
          "acoustic_entropy": 5.624052047729492,
          "acoustic_entropy_side": 5.585805892944336,
          "hz": 3458.990205492291
        },
        {
          "acoustic_entropy": 5.380973815917969,
          "acoustic_entropy_side": 5.661320686340332,
          "hz": 3827.305438964164
        },
        {
          "acoustic_entropy": 5.697223663330078,
          "acoustic_entropy_side": 5.681884765625,
          "hz": 4228.238232109126
        },
        {
          "acoustic_entropy": 5.763436317443848,
          "acoustic_entropy_side": 5.83111047744751,
          "hz": 4664.6771572759235
        },
        {
          "acoustic_entropy": 5.693585395812988,
          "acoustic_entropy_side": 5.701355457305908,
          "hz": 5139.766595350093
        },
        {
          "acoustic_entropy": 5.663305282592773,
          "acoustic_entropy_side": 5.639864921569824,
          "hz": 5656.929389854203
        },
        {
          "acoustic_entropy": 5.839016914367676,
          "acoustic_entropy_side": 5.582925319671631,
          "hz": 6219.891507268283
        },
        {
          "acoustic_entropy": 5.6114349365234375,
          "acoustic_entropy_side": 5.545730113983154,
          "hz": 6832.70888123896
        },
        {
          "acoustic_entropy": 5.569270610809326,
          "acoustic_entropy_side": 5.534216403961182,
          "hz": 7499.796634079867
        },
        {
          "acoustic_entropy": 5.253083229064941,
          "acoustic_entropy_side": 5.530035972595215,
          "hz": 8225.96088609342
        },
        {
          "acoustic_entropy": 4.79540491104126,
          "acoustic_entropy_side": 5.534667491912842,
          "hz": 9016.43338188839
        },
        {
          "acoustic_entropy": 4.73994779586792,
          "acoustic_entropy_side": 5.5366010665893555,
          "hz": 9876.909183162974
        },
        {
          "acoustic_entropy": 5.462121486663818,
          "acoustic_entropy_side": 5.533750534057617,
          "hz": 10813.587699516042
        },
        {
          "acoustic_entropy": 5.52241849899292,
          "acoustic_entropy_side": 5.534258842468262,
          "hz": 11833.21735289826
        },
        {
          "acoustic_entropy": 5.53986120223999,
          "acoustic_entropy_side": 5.534980773925781,
          "hz": 12943.144197493959
        },
        {
          "acoustic_entropy": 5.5833282470703125,
          "acoustic_entropy_side": 5.532728672027588,
          "hz": 14151.364845322005
        },
        {
          "acoustic_entropy": 5.550240516662598,
          "acoustic_entropy_side": 5.53085994720459,
          "hz": 15466.58407886509
        },
        {
          "acoustic_entropy": 5.534353733062744,
          "acoustic_entropy_side": 5.529332160949707,
          "hz": 16898.27756580493
        },
        {
          "acoustic_entropy": 5.532506465911865,
          "acoustic_entropy_side": 5.528754234313965,
          "hz": 18456.760127700032
        },
        {
          "acoustic_entropy": 5.529420852661133,
          "acoustic_entropy_side": 5.5284552574157715,
          "hz": 20153.260054456492
        },
        {
          "acoustic_entropy": 5.528354167938232,
          "acoustic_entropy_side": 5.528468132019043,
          "hz": 22000.00000000001
        }
      ],
      "diff_acoustic_entropy": 1.904753565788269,
      "sn": 6
    },
    {
      "acoustic_entropy": 9.715575218200684,
      "acoustic_entropy_mono": 9.280339241027832,
      "band_eliminated_acoustic_entropies": [
        {
          "acoustic_entropy": 9.352028846740723,
          "acoustic_entropy_side": 9.713659286499023,
          "hz": 129.47220167065723
        },
        {
          "acoustic_entropy": 9.479105949401855,
          "acoustic_entropy_side": 9.710165977478027,
          "hz": 202.92927478742237
        },
        {
          "acoustic_entropy": 9.728114128112793,
          "acoustic_entropy_side": 9.7616548538208,
          "hz": 282.89161906338205
        },
        {
          "acoustic_entropy": 8.767524719238281,
          "acoustic_entropy_side": 9.823820114135742,
          "hz": 369.9353335868758
        },
        {
          "acoustic_entropy": 9.894620895385742,
          "acoustic_entropy_side": 9.846274375915527,
          "hz": 464.6875360973435
        },
        {
          "acoustic_entropy": 9.437091827392578,
          "acoustic_entropy_side": 9.717979431152344,
          "hz": 567.8308811364784
        },
        {
          "acoustic_entropy": 9.486713409423828,
          "acoustic_entropy_side": 9.804421424865723,
          "hz": 680.1084783214808
        },
        {
          "acoustic_entropy": 9.75626277923584,
          "acoustic_entropy_side": 9.680154800415039,
          "hz": 802.3292461747484
        },
        {
          "acoustic_entropy": 9.16887092590332,
          "acoustic_entropy_side": 9.787741661071777,
          "hz": 935.3737400823702
        },
        {
          "acoustic_entropy": 9.51374626159668,
          "acoustic_entropy_side": 9.889791488647461,
          "hz": 1080.2004963696966
        },
        {
          "acoustic_entropy": 9.768038749694824,
          "acoustic_entropy_side": 9.757152557373047,
          "hz": 1237.8529382007157
        },
        {
          "acoustic_entropy": 9.622457504272461,
          "acoustic_entropy_side": 9.700563430786133,
          "hz": 1409.4668930556702
        },
        {
          "acoustic_entropy": 9.91388988494873,
          "acoustic_entropy_side": 9.74468994140625,
          "hz": 1596.2787759475705
        },
        {
          "acoustic_entropy": 10.517876625061035,
          "acoustic_entropy_side": 9.761826515197754,
          "hz": 1799.6344973346393
        },
        {
          "acoustic_entropy": 9.29010009765625,
          "acoustic_entropy_side": 9.725467681884766,
          "hz": 2020.9991599069049
        },
        {
          "acoustic_entropy": 10.250447273254395,
          "acoustic_entropy_side": 9.748126983642578,
          "hz": 2261.9676141086993
        },
        {
          "acoustic_entropy": 9.247820854187012,
          "acoustic_entropy_side": 9.735466003417969,
          "hz": 2524.2759484456974
        },
        {
          "acoustic_entropy": 9.733010292053223,
          "acoustic_entropy_side": 9.652578353881836,
          "hz": 2809.813997359896
        },
        {
          "acoustic_entropy": 9.77273178100586,
          "acoustic_entropy_side": 9.728849411010742,
          "hz": 3120.6389567871424
        },
        {
          "acoustic_entropy": 9.775921821594238,
          "acoustic_entropy_side": 9.751367568969727,
          "hz": 3458.990205492291
        },
        {
          "acoustic_entropy": 9.613875389099121,
          "acoustic_entropy_side": 9.849998474121094,
          "hz": 3827.305438964164
        },
        {
          "acoustic_entropy": 9.785978317260742,
          "acoustic_entropy_side": 9.740139961242676,
          "hz": 4228.238232109126
        },
        {
          "acoustic_entropy": 9.892595291137695,
          "acoustic_entropy_side": 9.710603713989258,
          "hz": 4664.6771572759235
        },
        {
          "acoustic_entropy": 9.740306854248047,
          "acoustic_entropy_side": 9.715499877929688,
          "hz": 5139.766595350093
        },
        {
          "acoustic_entropy": 9.76816177368164,
          "acoustic_entropy_side": 9.779236793518066,
          "hz": 5656.929389854203
        },
        {
          "acoustic_entropy": 9.804861068725586,
          "acoustic_entropy_side": 9.781085014343262,
          "hz": 6219.891507268283
        },
        {
          "acoustic_entropy": 9.866476058959961,
          "acoustic_entropy_side": 9.790156364440918,
          "hz": 6832.70888123896
        },
        {
          "acoustic_entropy": 9.643095970153809,
          "acoustic_entropy_side": 9.787581443786621,
          "hz": 7499.796634079867
        },
        {
          "acoustic_entropy": 9.361031532287598,
          "acoustic_entropy_side": 9.77571964263916,
          "hz": 8225.96088609342
        },
        {
          "acoustic_entropy": 9.350278854370117,
          "acoustic_entropy_side": 9.77626895904541,
          "hz": 9016.43338188839
        },
        {
          "acoustic_entropy": 9.542624473571777,
          "acoustic_entropy_side": 9.772976875305176,
          "hz": 9876.909183162974
        },
        {
          "acoustic_entropy": 9.643821716308594,
          "acoustic_entropy_side": 9.780786514282227,
          "hz": 10813.587699516042
        },
        {
          "acoustic_entropy": 9.577409744262695,
          "acoustic_entropy_side": 9.775374412536621,
          "hz": 11833.21735289826
        },
        {
          "acoustic_entropy": 9.448079109191895,
          "acoustic_entropy_side": 9.766778945922852,
          "hz": 12943.144197493959
        },
        {
          "acoustic_entropy": 9.440679550170898,
          "acoustic_entropy_side": 9.740983009338379,
          "hz": 14151.364845322005
        },
        {
          "acoustic_entropy": 9.526844024658203,
          "acoustic_entropy_side": 9.722650527954102,
          "hz": 15466.58407886509
        },
        {
          "acoustic_entropy": 9.559198379516602,
          "acoustic_entropy_side": 9.716102600097656,
          "hz": 16898.27756580493
        },
        {
          "acoustic_entropy": 9.650788307189941,
          "acoustic_entropy_side": 9.715325355529785,
          "hz": 18456.760127700032
        },
        {
          "acoustic_entropy": 9.686772346496582,
          "acoustic_entropy_side": 9.715468406677246,
          "hz": 20153.260054456492
        },
        {
          "acoustic_entropy": 9.710734367370605,
          "acoustic_entropy_side": 9.71549129486084,
          "hz": 22000.00000000001
        }
      ],
      "diff_acoustic_entropy": 4.539544105529785,
      "sn": 12
    },
    {
      "acoustic_entropy": 12.684101104736328,
      "acoustic_entropy_mono": 12.88037109375,
      "band_eliminated_acoustic_entropies": [
        {
          "acoustic_entropy": 12.446972846984863,
          "acoustic_entropy_side": 12.680602073669434,
          "hz": 129.47220167065723
        },
        {
          "acoustic_entropy": 12.915536880493164,
          "acoustic_entropy_side": 12.74034595489502,
          "hz": 202.92927478742237
        },
        {
          "acoustic_entropy": 12.829339981079102,
          "acoustic_entropy_side": 12.602234840393066,
          "hz": 282.89161906338205
        },
        {
          "acoustic_entropy": 12.600790023803711,
          "acoustic_entropy_side": 12.847750663757324,
          "hz": 369.9353335868758
        },
        {
          "acoustic_entropy": 12.16024112701416,
          "acoustic_entropy_side": 12.747047424316406,
          "hz": 464.6875360973435
        },
        {
          "acoustic_entropy": 12.428104400634766,
          "acoustic_entropy_side": 12.714900970458984,
          "hz": 567.8308811364784
        },
        {
          "acoustic_entropy": 12.902624130249023,
          "acoustic_entropy_side": 12.722463607788086,
          "hz": 680.1084783214808
        },
        {
          "acoustic_entropy": 12.416646957397461,
          "acoustic_entropy_side": 12.49085807800293,
          "hz": 802.3292461747484
        },
        {
          "acoustic_entropy": 13.062942504882812,
          "acoustic_entropy_side": 12.80124568939209,
          "hz": 935.3737400823702
        },
        {
          "acoustic_entropy": 12.394204139709473,
          "acoustic_entropy_side": 12.701306343078613,
          "hz": 1080.2004963696966
        },
        {
          "acoustic_entropy": 12.484742164611816,
          "acoustic_entropy_side": 12.61137580871582,
          "hz": 1237.8529382007157
        },
        {
          "acoustic_entropy": 12.549707412719727,
          "acoustic_entropy_side": 12.673626899719238,
          "hz": 1409.4668930556702
        },
        {
          "acoustic_entropy": 12.654789924621582,
          "acoustic_entropy_side": 12.766446113586426,
          "hz": 1596.2787759475705
        },
        {
          "acoustic_entropy": 13.068241119384766,
          "acoustic_entropy_side": 12.568991661071777,
          "hz": 1799.6344973346393
        },
        {
          "acoustic_entropy": 12.613511085510254,
          "acoustic_entropy_side": 12.687148094177246,
          "hz": 2020.9991599069049
        },
        {
          "acoustic_entropy": 12.597430229187012,
          "acoustic_entropy_side": 12.640186309814453,
          "hz": 2261.9676141086993
        },
        {
          "acoustic_entropy": 12.29771614074707,
          "acoustic_entropy_side": 12.553831100463867,
          "hz": 2524.2759484456974
        },
        {
          "acoustic_entropy": 12.815840721130371,
          "acoustic_entropy_side": 12.735694885253906,
          "hz": 2809.813997359896
        },
        {
          "acoustic_entropy": 12.404600143432617,
