{
  "acoustic_entropy": 187.59173583984375,
  "bands": [
    {
      "high_freq": 148.1999969482422,
      "loudness": -50.34554672241211,
      "loudness_range": 32.22644805908203,
      "mid_mean": -48.39924240112305,
      "mid_to_side_loudness": -3.6313858032226562,
      "mid_to_side_loudness_range": 11.911771774291992,
      "side_mean": -51.59377670288086
    },
    {
      "high_freq": 392.3793640136719,
      "loudness": -39.78253936767578,
      "loudness_range": 17.903196334838867,
      "low_freq": 148.1999969482422,
      "mid_mean": -39.23217010498047,
      "mid_to_side_loudness": -0.4831327795982361,
      "mid_to_side_loudness_range": 9.432022094726562,
      "side_mean": -39.6187629699707
    },
    {
      "high_freq": 794.6976318359375,
      "loudness": -40.05781555175781,
      "loudness_range": 19.27448081970215,
      "low_freq": 392.3793640136719,
      "mid_mean": -38.63214874267578,
      "mid_to_side_loudness": -1.99303138256073,
      "mid_to_side_loudness_range": 7.712714195251465,
      "side_mean": -40.879154205322266
    },
    {
      "high_freq": 1457.5709228515625,
      "loudness": -44.80170822143555,
      "loudness_range": 22.146739959716797,
      "low_freq": 794.6976318359375,
      "mid_mean": -43.27446746826172,
      "mid_to_side_loudness": -2.7500503063201904,
      "mid_to_side_loudness_range": 6.819492816925049,
      "side_mean": -46.271087646484375
    },
    {
      "high_freq": 2549.74365234375,
      "loudness": -46.197837829589844,
      "loudness_range": 24.50041961669922,
      "low_freq": 1457.5709228515625,
      "mid_mean": -44.89113235473633,
      "mid_to_side_loudness": -3.1288061141967773,
      "mid_to_side_loudness_range": 7.001860618591309,
      "side_mean": -48.4666633605957
    },
    {
      "high_freq": 4349.24462890625,
      "loudness": -53.33842468261719,
      "loudness_range": 26.40613555908203,
      "low_freq": 2549.74365234375,
      "mid_mean": -53.22971725463867,
      "mid_to_side_loudness": -3.0060877799987793,
      "mid_to_side_loudness_range": 5.668088436126709,
      "side_mean": -55.74299621582031
    },
    {
      "high_freq": 7314.1640625,
      "loudness": -65.32591247558594,
      "loudness_range": 26.802932739257812,
      "low_freq": 4349.24462890625,
      "mid_mean": -62.679569244384766,
      "mid_to_side_loudness": -1.9779963493347168,
      "mid_to_side_loudness_range": 4.1616435050964355,
      "side_mean": -63.83658981323242
    },
    {
      "high_freq": 12199.2666015625,
      "loudness": -70.21345520019531,
      "loudness_range": 27.646575927734375,
      "low_freq": 7314.1640625,
      "mid_mean": -66.47725677490234,
      "mid_to_side_loudness": -1.137111783027649,
      "mid_to_side_loudness_range": 2.6883246898651123,
      "side_mean": -66.87230682373047
    },
    {
      "loudness": -74.57879638671875,
      "loudness_range": 22.140369415283203,
      "low_freq": 12199.2666015625,
      "mid_mean": -69.04151153564453,
      "mid_to_side_loudness": -0.19672362506389618,
      "mid_to_side_loudness_range": 5.968784809112549,
      "side_mean": -68.75916290283203
    }
  ],
  "bands_short": [
    {
      "high_freq": 148.1999969482422,
      "loudness": -53.42148971557617,
      "loudness_range": 32.38835525512695,
      "mid_mean": -51.2432746887207,
      "mid_to_side_loudness": -4.848868370056152,
      "mid_to_side_loudness_range": 16.259685516357422,
      "side_mean": -55.351165771484375
    },
    {
      "high_freq": 392.3793640136719,
      "loudness": -40.19700622558594,
      "loudness_range": 19.54343605041504,
      "low_freq": 148.1999969482422,
      "mid_mean": -39.87300109863281,
      "mid_to_side_loudness": -0.41654807329177856,
      "mid_to_side_loudness_range": 12.613040924072266,
      "side_mean": -40.192909240722656
    },
    {
      "high_freq": 794.6976318359375,
      "loudness": -40.06315612792969,
      "loudness_range": 19.736862182617188,
      "low_freq": 392.3793640136719,
      "mid_mean": -38.85224533081055,
      "mid_to_side_loudness": -1.9190912246704102,
      "mid_to_side_loudness_range": 10.99169921875,
      "side_mean": -40.97391891479492
    },
    {
      "high_freq": 1457.5709228515625,
      "loudness": -44.68716812133789,
      "loudness_range": 22.750595092773438,
      "low_freq": 794.6976318359375,
      "mid_mean": -43.29793930053711,
      "mid_to_side_loudness": -2.686650037765503,
      "mid_to_side_loudness_range": 9.861032485961914,
      "side_mean": -46.18284606933594
    },
    {
      "high_freq": 2549.74365234375,
      "loudness": -46.35813903808594,
      "loudness_range": 25.38098907470703,
      "low_freq": 1457.5709228515625,
      "mid_mean": -45.20391845703125,
      "mid_to_side_loudness": -3.001978874206543,
      "mid_to_side_loudness_range": 9.463891983032227,
      "side_mean": -48.94644546508789
    },
    {
      "high_freq": 4349.24462890625,
      "loudness": -53.41412353515625,
      "loudness_range": 27.244277954101562,
      "low_freq": 2549.74365234375,
      "mid_mean": -53.468971252441406,
      "mid_to_side_loudness": -2.895411968231201,
      "mid_to_side_loudness_range": 7.597326755523682,
      "side_mean": -55.91172790527344
    },
    {
      "high_freq": 7314.1640625,
      "loudness": -65.31970977783203,
      "loudness_range": 27.23180389404297,
      "low_freq": 4349.24462890625,
      "mid_mean": -62.78065490722656,
      "mid_to_side_loudness": -1.8492584228515625,
      "mid_to_side_loudness_range": 6.006852149963379,
      "side_mean": -63.89746856689453
    },
    {
      "high_freq": 12199.2666015625,
      "loudness": -70.5954360961914,
      "loudness_range": 27.80289077758789,
      "low_freq": 7314.1640625,
      "mid_mean": -66.66028594970703,
      "mid_to_side_loudness": -1.1340938806533813,
      "mid_to_side_loudness_range": 3.599531888961792,
      "side_mean": -67.05319213867188
    },
    {
      "loudness": -74.58665466308594,
      "loudness_range": 22.481273651123047,
      "low_freq": 12199.2666015625,
      "mid_mean": -69.11003112792969,
      "mid_to_side_loudness": -0.26044008135795593,
      "mid_to_side_loudness_range": 5.476273059844971,
      "side_mean": -68.88868713378906
    }
  ],
  "bandwidth": 572.7911376953125,
  "channels": 2,
  "covariance": [
    [
      118.06155395507812,
      116.44881439208984,
      30.5362491607666,
      28.33954429626465,
      28.029951095581055,
      28.79275894165039,
      16.665674209594727,
      21.62323760986328,
      19.049015045166016,
      21.153526306152344,
      35.879146575927734,
      34.039119720458984,
      25.91436767578125,
      24.809955596923828,
      17.07012367248535,
      16.694133758544922,
      6.000931739807129,
      8.061807632446289
    ],
    [
      116.44881439208984,
      130.5696563720703,
      32.82447052001953,
      31.745819091796875,
      26.55440330505371,
      28.436458587646484,
      11.667930603027344,
      17.255937576293945,
      13.168724060058594,
      16.938810348510742,
      31.21516990661621,
      30.042076110839844,
      22.438892364501953,
      21.759902954101562,
      14.026131629943848,
      13.704299926757812,
      4.667756080627441,
      6.38320779800415
    ],
    [
      30.5362491607666,
      32.82447052001953,
      41.09563064575195,
      38.26478958129883,
      23.351356506347656,
      26.655609130859375,
      14.617697715759277,
      19.138580322265625,
      13.524938583374023,
      21.322359085083008,
      22.094017028808594,
      23.033063888549805,
      18.01484489440918,
      16.6793155670166,
      6.877359390258789,
      6.292455673217773,
      1.9828940629959106,
      1.4622187614440918
    ],
    [
      28.33954429626465,
      31.745819091796875,
      38.26478958129883,
      47.75539779663086,
      22.2288761138916,
      25.84933853149414,
      13.523486137390137,
      18.166173934936523,
      10.370301246643066,
      19.508832931518555,
      18.72648048400879,
      20.29367446899414,
      16.313417434692383,
      15.2886381149292,
      5.914555072784424,
      5.326022624969482,
      1.6534851789474487,
      0.7709265947341919
    ],
    [
      28.029951095581055,
      26.55440330505371,
      23.351356506347656,
      22.2288761138916,
      48.14272689819336,
      43.985984802246094,
      41.17384338378906,
      43.40081024169922,
      43.76475143432617,
      45.34404373168945,
      46.446041107177734,
      43.557098388671875,
      31.89310073852539,
      27.601009368896484,
      15.105913162231445,
      14.79830265045166,
      5.262903213500977,
      6.133243083953857
    ],
    [
      28.79275894165039,
      28.436458587646484,
      26.655609130859375,
      25.84933853149414,
      43.985984802246094,
      51.035400390625,
      37.01654052734375,
      40.87702941894531,
      39.88772201538086,
      45.93736267089844,
      46.3353271484375,
      43.77043914794922,
      31.86308479309082,
      27.63845443725586,
      13.973014831542969,
      13.500886917114258,
      4.676229000091553,
      5.267047882080078
    ],
    [
      16.665674209594727,
      11.667930603027344,
      14.617697715759277,
      13.523486137390137,
      41.17384338378906,
      37.01654052734375,
      64.22530364990234,
      56.982120513916016,
      63.81529998779297,
      57.490177154541016,
      60.96118927001953,
      54.64756774902344,
      39.666622161865234,
      34.19503402709961,
      23.503076553344727,
      22.8398494720459,
      8.038299560546875,
      10.5754976272583
    ],
    [
      21.62323760986328,
      17.255937576293945,
      19.138580322265625,
      18.166173934936523,
      43.40081024169922,
      40.87702941894531,
      56.982120513916016,
      59.74964904785156,
      61.00492858886719,
      58.20616912841797,
      62.93809127807617,
      56.87336349487305,
      40.49337387084961,
      35.15626907348633,
      22.628002166748047,
      21.950923919677734,
      7.627325057983398,
      9.869426727294922
    ],
    [
      19.049015045166016,
      13.168724060058594,
      13.524938583374023,
      10.370301246643066,
      43.76475143432617,
      39.88772201538086,
      63.81529998779297,
      61.00492858886719,
      87.11125183105469,
      74.83033752441406,
      79.970947265625,
      71.37503051757812,
      51.00050735473633,
      44.314205169677734,
      29.87932586669922,
      28.9477481842041,
      10.582831382751465,
      14.266980171203613
    ],
    [
      21.153526306152344,
      16.938810348510742,
      21.322359085083008,
      19.508832931518555,
      45.34404373168945,
      45.93736267089844,
      57.490177154541016,
      58.20616912841797,
      74.83033752441406,
      78.00626373291016,
      78.75971221923828,
      71.50120544433594,
      50.01716613769531,
      43.443687438964844,
      27.0638370513916,
      26.141111373901367,
      9.311518669128418,
      12.241472244262695
    ],
    [
      35.879146575927734,
      31.21516990661621,
      22.094017028808594,
      18.72648048400879,
      46.446041107177734,
      46.3353271484375,
      60.96118927001953,
      62.93809127807617,
      79.970947265625,
      78.75971221923828,
      101.28964233398438,
      89.2605209350586,
      62.243492126464844,
      54.968074798583984,
      36.0914192199707,
      34.16720199584961,
      11.711827278137207,
      15.540128707885742
    ],
    [
      34.039119720458984,
      30.042076110839844,
      23.033063888549805,
      20.29367446899414,
      43.557098388671875,
      43.77043914794922,
      54.64756774902344,
      56.87336349487305,
      71.37503051757812,
      71.50120544433594,
      89.2605209350586,
      81.90499114990234,
      58.25104522705078,
      51.77543640136719,
      32.51582336425781,
      30.749553680419922,
      10.623030662536621,
      13.702764511108398
    ],
    [
      25.91436767578125,
      22.438892364501953,
      18.01484489440918,
      16.313417434692383,
      31.89310073852539,
      31.86308479309082,
      39.666622161865234,
      40.49337387084961,
      51.00050735473633,
      50.01716613769531,
      62.243492126464844,
      58.25104522705078,
      51.422977447509766,
      46.57477569580078,
      32.92130661010742,
      30.97626304626465,
      11.56165885925293,
      14.57891845703125
    ],
    [
      24.809955596923828,
      21.759902954101562,
      16.6793155670166,
      15.2886381149292,
      27.601009368896484,
      27.63845443725586,
      34.19503402709961,
      35.15626907348633,
      44.314205169677734,
      43.443687438964844,
      54.968074798583984,
      51.77543640136719,
      46.57477569580078,
      43.19208526611328,
      30.87263298034668,
      28.984317779541016,
      10.904836654663086,
      13.696978569030762
    ],
    [
      17.07012367248535,
      14.026131629943848,
      6.877359390258789,
      5.914555072784424,
      15.105913162231445,
      13.973014831542969,
      23.503076553344727,
      22.628002166748047,
      29.87932586669922,
      27.0638370513916,
      36.0914192199707,
      32.51582336425781,
      32.92130661010742,
      30.87263298034668,
      30.895526885986328,
      28.775991439819336,
      11.389164924621582,
      15.255449295043945
    ],
    [
      16.694133758544922,
      13.704299926757812,
      6.292455673217773,
      5.326022624969482,
      14.79830265045166,
      13.500886917114258,
      22.8398494720459,
      21.950923919677734,
      28.9477481842041,
      26.141111373901367,
      34.16720199584961,
      30.749553680419922,
      30.97626304626465,
      28.984317779541016,
      28.775991439819336,
      27.45736312866211,
      10.961434364318848,
      14.679278373718262
    ],
    [
      6.000931739807129,
      4.667756080627441,
      1.9828940629959106,
      1.6534851789474487,
      5.262903213500977,
      4.676229000091553,
      8.038299560546875,
      7.627325057983398,
      10.582831382751465,
      9.311518669128418,
      11.711827278137207,
      10.623030662536621,
      11.56165885925293,
      10.904836654663086,
      11.389164924621582,
      10.961434364318848,
      5.417961597442627,
      6.983814239501953
    ],
    [
      8.061807632446289,
      6.38320779800415,
      1.4622187614440918,
      0.7709265947341919,
      6.133243083953857,
      5.267047882080078,
      10.5754976272583,
      9.869426727294922,
      14.266980171203613,
      12.241472244262695,
      15.540128707885742,
      13.702764511108398,
      14.57891845703125,
      13.696978569030762,
      15.255449295043945,
      14.679278373718262,
      6.983814239501953,
      9.435310363769531
    ]
  ],
  "covariance_short": [
    [
      117.64765167236328,
      104.04926300048828,
      32.57391357421875,
      28.25616455078125,
      22.629451751708984,
      22.809337615966797,
      15.90795612335205,
      19.61307144165039,
      17.10881805419922,
      18.56377410888672,
      31.00166893005371,
      28.743484497070312,
      23.50792694091797,
      22.379926681518555,
      16.679391860961914,
      16.002960205078125,
      5.693459510803223,
      7.322502136230469
    ],
    [
      104.04926300048828,
      117.34239196777344,
      34.102935791015625,
      32.37936782836914,
      20.948423385620117,
      21.968585968017578,
      10.159952163696289,
      14.79382610321045,
      10.607263565063477,
      14.106520652770996,
      25.058908462524414,
      23.632976531982422,
      18.563777923583984,
      17.87986946105957,
      12.583788871765137,
      12.092283248901367,
      4.092574596405029,
      5.396354675292969
    ],
    [
      32.57391357421875,
      34.102935791015625,
      50.31403732299805,
      43.515289306640625,
      25.23477554321289,
      27.7526798248291,
      15.654158592224121,
      19.479877471923828,
      12.992493629455566,
      21.98585319519043,
      23.173166275024414,
      23.939491271972656,
      18.994190216064453,
      17.391820907592773,
      7.585882663726807,
      7.194580554962158,
      2.3583314418792725,
      2.22753643989563
    ],
    [
      28.25616455078125,
      32.37936782836914,
      43.515289306640625,
      57.94983673095703,
      24.606792449951172,
      27.709735870361328,
      14.745882987976074,
      18.503881454467773,
      10.348451614379883,
      20.68293571472168,
      20.011606216430664,
      21.603191375732422,
      17.60477638244629,
      16.183610916137695,
      6.637848854064941,
      6.357845306396484,
      2.0524489879608154,
      1.6487959623336792
    ],
    [
      22.629451751708984,
      20.948423385620117,
      25.23477554321289,
      24.606792449951172,
      52.631099700927734,
      43.99971389770508,
      41.87620544433594,
      43.40822982788086,
      42.06355667114258,
      45.45671844482422,
      46.76763153076172,
      43.98093032836914,
      32.528621673583984,
      28.09283447265625,
      15.176712989807129,
      14.656702041625977,
      5.098254680633545,
      5.859957218170166
    ],
    [
      22.809337615966797,
      21.968585968017578,
      27.7526798248291,
      27.709735870361328,
      43.99971389770508,
      53.53951644897461,
      38.378883361816406,
      41.490440368652344,
      38.215606689453125,
      45.073665618896484,
      45.50449752807617,
      43.23611831665039,
      31.77094078063965,
      27.503864288330078,
      13.79883861541748,
      13.280268669128418,
      4.522544860839844,
      5.042942047119141
    ],
    [
      15.90795612335205,
      10.159952163696289,
      15.654158592224121,
      14.745882987976074,
      41.87620544433594,
      38.378883361816406,
      66.62541961669922,
      56.685890197753906,
      62.18055725097656,
      58.241302490234375,
      60.98817443847656,
      55.040103912353516,
      39.64176940917969,
      34.247589111328125,
      22.411632537841797,
      21.376277923583984,
      7.366173267364502,
      9.29770565032959
    ],
    [
      19.61307144165039,
      14.79382610321045,
      19.479877471923828,
      18.503881454467773,
      43.40822982788086,
      41.490440368652344,
      56.685890197753906,
      62.86770248413086,
      59.96435546875,
      59.451377868652344,
      63.268463134765625,
      57.500484466552734,
      40.617610931396484,
      35.36149215698242,
      21.738500595092773,
      20.70901107788086,
      7.000570297241211,
      8.723624229431152
    ],
    [
      17.10881805419922,
      10.607263565063477,
      12.992493629455566,
      10.348451614379883,
      42.06355667114258,
      38.215606689453125,
      62.18055725097656,
      59.96435546875,
      88.47872161865234,
      74.3492431640625,
      79.43453979492188,
      70.92591094970703,
      50.73222732543945,
      44.32736587524414,
      28.9642276763916,
      27.422595977783203,
      9.801047325134277,
      12.699140548706055
    ],
    [
      18.56377410888672,
      14.106520652770996,
      21.98585319519043,
      20.68293571472168,
      45.45671844482422,
      45.073665618896484,
      58.241302490234375,
      59.451377868652344,
      74.3492431640625,
      83.01923370361328,
      80.91524505615234,
      73.61337280273438,
      50.77485275268555,
      44.10199737548828,
      26.27406883239746,
      25.127883911132812,
      8.7081880569458,
      11.069332122802734
    ],
    [
      31.00166893005371,
      25.058908462524414,
      23.173166275024414,
      20.011606216430664,
      46.76763153076172,
      45.50449752807617,
      60.98817443847656,
      63.268463134765625,
      79.43453979492188,
      80.91524505615234,
      102.6063461303711,
      89.39437103271484,
      62.386131286621094,
      55.0291748046875,
      34.489994049072266,
      32.25944137573242,
      10.86995792388916,
      13.85923957824707
    ],
    [
      28.743484497070312,
      23.632976531982422,
      23.939491271972656,
      21.603191375732422,
      43.98093032836914,
      43.23611831665039,
      55.040103912353516,
      57.500484466552734,
      70.92591094970703,
      73.61337280273438,
      89.39437103271484,
      83.6455078125,
      58.45099639892578,
      51.93927001953125,
      31.20488166809082,
      29.20436668395996,
      9.923532485961914,
      12.33655834197998
    ],
    [
      23.50792694091797,
      18.563777923583984,
      18.994190216064453,
      17.60477638244629,
      32.528621673583984,
      31.77094078063965,
      39.64176940917969,
      40.617610931396484,
      50.73222732543945,
      50.77485275268555,
      62.386131286621094,
      58.45099639892578,
      52.4302978515625,
      46.843994140625,
      32.066226959228516,
      29.996381759643555,
      11.07403564453125,
      13.651671409606934
    ],
    [
      22.379926681518555,
      17.87986946105957,
      17.391820907592773,
      16.183610916137695,
      28.09283447265625,
      27.503864288330078,
      34.247589111328125,
      35.36149215698242,
      44.32736587524414,
      44.10199737548828,
      55.0291748046875,
      51.93927001953125,
      46.843994140625,
      43.69440460205078,
      29.91263771057129,
      27.94297981262207,
      10.350985527038574,
      12.694974899291992
    ],
    [
      16.679391860961914,
      12.583788871765137,
      7.585882663726807,
      6.637848854064941,
      15.176712989807129,
      13.79883861541748,
      22.411632537841797,
      21.738500595092773,
      28.9642276763916,
      26.27406883239746,
      34.489994049072266,
      31.20488166809082,
      32.066226959228516,
      29.91263771057129,
      29.471933364868164,
      27.141380310058594,
      10.696901321411133,
      13.848488807678223
    ],
    [
      16.002960205078125,
      12.092283248901367,
      7.194580554962158,
      6.357845306396484,
      14.656702041625977,
      13.280268669128418,
      21.376277923583984,
      20.70901107788086,
      27.422595977783203,
      25.127883911132812,
      32.25944137573242,
      29.20436668395996,
      29.996381759643555,
      27.94297981262207,
      27.141380310058594,
      25.914995193481445,
      10.278136253356934,
      13.314613342285156
    ],
    [
      5.693459510803223,
      4.092574596405029,
      2.3583314418792725,
      2.0524489879608154,
      5.098254680633545,
      4.522544860839844,
      7.366173267364502,
      7.000570297241211,
      9.801047325134277,
      8.7081880569458,
      10.86995792388916,
      9.923532485961914,
      11.07403564453125,
      10.350985527038574,
      10.696901321411133,
      10.278136253356934,
      5.239704608917236,
      6.560318470001221
    ],
    [
      7.322502136230469,
      5.396354675292969,
      2.22753643989563,
      1.6487959623336792,
      5.859957218170166,
      5.042942047119141,
      9.29770565032959,
      8.723624229431152,
      12.699140548706055,
      11.069332122802734,
      13.85923957824707,
      12.33655834197998,
      13.651671409606934,
      12.694974899291992,
      13.848488807678223,
      13.314613342285156,
      6.560318470001221,
      8.61693286895752
    ]
  ],
  "damage": -21.890010833740234,
  "diff_bandwidth": 596.74853515625,
  "dissonance": 6.454868346962707,
  "drr": 8.760346412658691,
  "dynamics": 4.959538459777832,
  "format": 1245190,
  "frames": 9799680,
  "loudness": -30.24793243408203,
  "loudness_range": 14.150339126586914,
  "loudness_range_short": 15.749261856079102,
  "lowpass_true_peak_15khz": -2.7697789669036865,
  "mastering3_acoustic_entropies": [
    {
      "acoustic_entropy": 4.462093830108643,
      "acoustic_entropy_mono": 4.658102512359619,
      "band_eliminated_acoustic_entropies": [
        {
          "acoustic_entropy": 4.403105735778809,
          "acoustic_entropy_side": 4.474371433258057,
          "hz": 129.47220167065723
        },
        {
          "acoustic_entropy": 4.421411037445068,
          "acoustic_entropy_side": 4.406196117401123,
          "hz": 202.92927478742237
        },
        {
          "acoustic_entropy": 4.647205352783203,
          "acoustic_entropy_side": 4.502922058105469,
          "hz": 282.89161906338205
        },
        {
          "acoustic_entropy": 4.450749397277832,
          "acoustic_entropy_side": 4.46809720993042,
          "hz": 369.9353335868758
        },
        {
          "acoustic_entropy": 5.004033088684082,
          "acoustic_entropy_side": 4.642726898193359,
          "hz": 464.6875360973435
        },
        {
          "acoustic_entropy": 4.992681503295898,
          "acoustic_entropy_side": 4.670647621154785,
          "hz": 567.8308811364784
        },
        {
          "acoustic_entropy": 4.906674385070801,
          "acoustic_entropy_side": 4.607077121734619,
          "hz": 680.1084783214808
        },
        {
          "acoustic_entropy": 5.182535171508789,
          "acoustic_entropy_side": 4.781993389129639,
          "hz": 802.3292461747484
        },
        {
          "acoustic_entropy": 4.753322601318359,
          "acoustic_entropy_side": 4.710602760314941,
          "hz": 935.3737400823702
        },
        {
          "acoustic_entropy": 4.681839942932129,
          "acoustic_entropy_side": 4.600747108459473,
          "hz": 1080.2004963696966
        },
        {
          "acoustic_entropy": 4.660450458526611,
          "acoustic_entropy_side": 4.4759674072265625,
          "hz": 1237.8529382007157
        },
        {
          "acoustic_entropy": 4.535186767578125,
          "acoustic_entropy_side": 4.540276050567627,
          "hz": 1409.4668930556702
        },
        {
          "acoustic_entropy": 4.762948989868164,
          "acoustic_entropy_side": 4.49978494644165,
          "hz": 1596.2787759475705
        },
        {
          "acoustic_entropy": 4.877546787261963,
          "acoustic_entropy_side": 4.633703231811523,
          "hz": 1799.6344973346393
        },
        {
          "acoustic_entropy": 4.747017860412598,
          "acoustic_entropy_side": 4.606378555297852,
          "hz": 2020.9991599069049
        },
        {
          "acoustic_entropy": 4.725506782531738,
          "acoustic_entropy_side": 4.515491008758545,
          "hz": 2261.9676141086993
        },
        {
          "acoustic_entropy": 4.5684428215026855,
          "acoustic_entropy_side": 4.458543300628662,
          "hz": 2524.2759484456974
        },
        {
          "acoustic_entropy": 4.5926079750061035,
          "acoustic_entropy_side": 4.461772441864014,
          "hz": 2809.813997359896
        },
        {
          "acoustic_entropy": 4.631905555725098,
          "acoustic_entropy_side": 4.466052055358887,
          "hz": 3120.6389567871424
        },
        {
          "acoustic_entropy": 4.529278755187988,
          "acoustic_entropy_side": 4.497150897979736,
          "hz": 3458.990205492291
        },
        {
          "acoustic_entropy": 4.530765533447266,
          "acoustic_entropy_side": 4.490565299987793,
          "hz": 3827.305438964164
        },
        {
          "acoustic_entropy": 4.5717949867248535,
          "acoustic_entropy_side": 4.49565315246582,
          "hz": 4228.238232109126
        },
        {
          "acoustic_entropy": 4.5441460609436035,
          "acoustic_entropy_side": 4.492022514343262,
          "hz": 4664.6771572759235
        },
        {
          "acoustic_entropy": 4.508927345275879,
          "acoustic_entropy_side": 4.471475124359131,
          "hz": 5139.766595350093
        },
        {
          "acoustic_entropy": 4.511869430541992,
          "acoustic_entropy_side": 4.477260112762451,
          "hz": 5656.929389854203
        },
        {
          "acoustic_entropy": 4.481688976287842,
          "acoustic_entropy_side": 4.46421480178833,
          "hz": 6219.891507268283
        },
        {
          "acoustic_entropy": 4.477035045623779,
          "acoustic_entropy_side": 4.461370468139648,
          "hz": 6832.70888123896
        },
        {
          "acoustic_entropy": 4.464284420013428,
          "acoustic_entropy_side": 4.458761692047119,
          "hz": 7499.796634079867
        },
        {
          "acoustic_entropy": 4.466276168823242,
          "acoustic_entropy_side": 4.457718372344971,
          "hz": 8225.96088609342
        },
        {
          "acoustic_entropy": 4.462929725646973,
          "acoustic_entropy_side": 4.4576568603515625,
          "hz": 9016.43338188839
        },
        {
          "acoustic_entropy": 4.452592849731445,
          "acoustic_entropy_side": 4.458329200744629,
          "hz": 9876.909183162974
        },
        {
          "acoustic_entropy": 4.4565300941467285,
          "acoustic_entropy_side": 4.4588847160339355,
          "hz": 10813.587699516042
        },
        {
          "acoustic_entropy": 4.462367534637451,
          "acoustic_entropy_side": 4.46218729019165,
          "hz": 11833.21735289826
        },
        {
          "acoustic_entropy": 4.458661079406738,
          "acoustic_entropy_side": 4.459604263305664,
          "hz": 12943.144197493959
        },
        {
          "acoustic_entropy": 4.460649013519287,
          "acoustic_entropy_side": 4.461130619049072,
          "hz": 14151.364845322005
        },
        {
          "acoustic_entropy": 4.461189270019531,
          "acoustic_entropy_side": 4.461421489715576,
          "hz": 15466.58407886509
        },
        {
          "acoustic_entropy": 4.4615864753723145,
          "acoustic_entropy_side": 4.46168327331543,
          "hz": 16898.27756580493
        },
        {
          "acoustic_entropy": 4.461879253387451,
          "acoustic_entropy_side": 4.461912155151367,
          "hz": 18456.760127700032
        },
        {
          "acoustic_entropy": 4.46201753616333,
          "acoustic_entropy_side": 4.4620232582092285,
          "hz": 20153.260054456492
        },
        {
          "acoustic_entropy": 4.462088584899902,
          "acoustic_entropy_side": 4.462089538574219,
          "hz": 22000.00000000001
        }
      ],
      "diff_acoustic_entropy": 1.3266264200210571,
      "sn": 6
    },
    {
      "acoustic_entropy": 9.36909008026123,
      "acoustic_entropy_mono": 8.598467826843262,
      "band_eliminated_acoustic_entropies": [
        {
          "acoustic_entropy": 9.431024551391602,
          "acoustic_entropy_side": 9.460613250732422,
          "hz": 129.47220167065723
        },
        {
          "acoustic_entropy": 8.56334114074707,
          "acoustic_entropy_side": 9.979657173156738,
          "hz": 202.92927478742237
        },
        {
          "acoustic_entropy": 9.410513877868652,
          "acoustic_entropy_side": 8.860614776611328,
          "hz": 282.89161906338205
        },
        {
          "acoustic_entropy": 9.607194900512695,
          "acoustic_entropy_side": 9.466376304626465,
          "hz": 369.9353335868758
        },
        {
          "acoustic_entropy": 9.063093185424805,
          "acoustic_entropy_side": 9.001687049865723,
          "hz": 464.6875360973435
        },
        {
          "acoustic_entropy": 8.577980995178223,
          "acoustic_entropy_side": 9.237719535827637,
          "hz": 567.8308811364784
        },
        {
          "acoustic_entropy": 9.964126586914062,
          "acoustic_entropy_side": 9.461179733276367,
          "hz": 680.1084783214808
        },
        {
          "acoustic_entropy": 9.802889823913574,
          "acoustic_entropy_side": 9.52318000793457,
          "hz": 802.3292461747484
        },
        {
          "acoustic_entropy": 9.339256286621094,
          "acoustic_entropy_side": 9.287798881530762,
          "hz": 935.3737400823702
        },
        {
          "acoustic_entropy": 9.334250450134277,
          "acoustic_entropy_side": 9.135736465454102,
          "hz": 1080.2004963696966
        },
        {
          "acoustic_entropy": 9.744049072265625,
          "acoustic_entropy_side": 9.91517448425293,
          "hz": 1237.8529382007157
        },
        {
          "acoustic_entropy": 8.964420318603516,
          "acoustic_entropy_side": 9.359341621398926,
          "hz": 1409.4668930556702
        },
        {
          "acoustic_entropy": 9.073643684387207,
          "acoustic_entropy_side": 9.296040534973145,
          "hz": 1596.2787759475705
        },
        {
          "acoustic_entropy": 10.144492149353027,
          "acoustic_entropy_side": 9.040528297424316,
          "hz": 1799.6344973346393
        },
        {
          "acoustic_entropy": 9.680145263671875,
          "acoustic_entropy_side": 9.512506484985352,
          "hz": 2020.9991599069049
        },
        {
          "acoustic_entropy": 9.466766357421875,
          "acoustic_entropy_side": 9.454530715942383,
          "hz": 2261.9676141086993
        },
        {
          "acoustic_entropy": 9.772867202758789,
          "acoustic_entropy_side": 9.411249160766602,
          "hz": 2524.2759484456974
        },
        {
          "acoustic_entropy": 9.840538024902344,
          "acoustic_entropy_side": 9.402106285095215,
          "hz": 2809.813997359896
        },
        {
          "acoustic_entropy": 9.596761703491211,
          "acoustic_entropy_side": 9.40167236328125,
          "hz": 3120.6389567871424
        },
        {
          "acoustic_entropy": 9.403948783874512,
          "acoustic_entropy_side": 9.347223281860352,
          "hz": 3458.990205492291
        },
        {
          "acoustic_entropy": 9.352980613708496,
          "acoustic_entropy_side": 9.371874809265137,
          "hz": 3827.305438964164
        },
        {
          "acoustic_entropy": 9.216912269592285,
          "acoustic_entropy_side": 9.334138870239258,
          "hz": 4228.238232109126
        },
        {
          "acoustic_entropy": 9.309181213378906,
          "acoustic_entropy_side": 9.34397029876709,
          "hz": 4664.6771572759235
        },
        {
          "acoustic_entropy": 9.25035285949707,
          "acoustic_entropy_side": 9.315740585327148,
          "hz": 5139.766595350093
        },
        {
          "acoustic_entropy": 9.250200271606445,
          "acoustic_entropy_side": 9.321022033691406,
          "hz": 5656.929389854203
        },
        {
          "acoustic_entropy": 9.239249229431152,
          "acoustic_entropy_side": 9.302425384521484,
          "hz": 6219.891507268283
        },
        {
          "acoustic_entropy": 9.227657318115234,
          "acoustic_entropy_side": 9.294079780578613,
          "hz": 6832.70888123896
        },
        {
          "acoustic_entropy": 9.271398544311523,
          "acoustic_entropy_side": 9.30718994140625,
          "hz": 7499.796634079867
        },
        {
          "acoustic_entropy": 9.298077583312988,
          "acoustic_entropy_side": 9.318769454956055,
          "hz": 8225.96088609342
        },
        {
          "acoustic_entropy": 9.3079252243042,
          "acoustic_entropy_side": 9.331192016601562,
          "hz": 9016.43338188839
        },
        {
          "acoustic_entropy": 9.314104080200195,
          "acoustic_entropy_side": 9.340705871582031,
          "hz": 9876.909183162974
        },
        {
          "acoustic_entropy": 9.278864860534668,
          "acoustic_entropy_side": 9.319332122802734,
          "hz": 10813.587699516042
        },
        {
          "acoustic_entropy": 9.234846115112305,
          "acoustic_entropy_side": 9.309743881225586,
          "hz": 11833.21735289826
        },
        {
          "acoustic_entropy": 9.30844497680664,
          "acoustic_entropy_side": 9.330648422241211,
          "hz": 12943.144197493959
        },
        {
          "acoustic_entropy": 9.342253684997559,
          "acoustic_entropy_side": 9.354696273803711,
          "hz": 14151.364845322005
        },
        {
          "acoustic_entropy": 9.350862503051758,
          "acoustic_entropy_side": 9.357550621032715,
          "hz": 15466.58407886509
        },
        {
          "acoustic_entropy": 9.360949516296387,
          "acoustic_entropy_side": 9.362881660461426,
          "hz": 16898.27756580493
        },
        {
          "acoustic_entropy": 9.364861488342285,
          "acoustic_entropy_side": 9.365678787231445,
          "hz": 18456.760127700032
        },
        {
          "acoustic_entropy": 9.367409706115723,
          "acoustic_entropy_side": 9.367587089538574,
          "hz": 20153.260054456492
        },
        {
          "acoustic_entropy": 9.368950843811035,
          "acoustic_entropy_side": 9.368958473205566,
          "hz": 22000.00000000001
        }
      ],
      "diff_acoustic_entropy": 3.2914090156555176,
      "sn": 12
    },
    {
      "acoustic_entropy": 15.478696823120117,
      "acoustic_entropy_mono": 14.934858322143555,
      "band_eliminated_acoustic_entropies": [
        {
          "acoustic_entropy": 16.134437561035156,
          "acoustic_entropy_side": 15.45820426940918,
          "hz": 129.47220167065723
        },
        {
          "acoustic_entropy": 16.590665817260742,
          "acoustic_entropy_side": 15.91805648803711,
          "hz": 202.92927478742237
        },
        {
          "acoustic_entropy": 16.29180145263672,
          "acoustic_entropy_side": 15.959569931030273,
          "hz": 282.89161906338205
        },
        {
          "acoustic_entropy": 16.781709671020508,
          "acoustic_entropy_side": 17.01991081237793,
          "hz": 369.9353335868758
        },
        {
          "acoustic_entropy": 16.921274185180664,
          "acoustic_entropy_side": 16.05780029296875,
          "hz": 464.6875360973435
        },
        {
          "acoustic_entropy": 16.08623695373535,
          "acoustic_entropy_side": 16.40462303161621,
          "hz": 567.8308811364784
        },
        {
          "acoustic_entropy": 16.57481575012207,
          "acoustic_entropy_side": 17.58774185180664,
          "hz": 680.1084783214808
        },
        {
          "acoustic_entropy": 16.600875854492188,
          "acoustic_entropy_side": 16.21754264831543,
          "hz": 802.3292461747484
        },
        {
          "acoustic_entropy": 15.963478088378906,
          "acoustic_entropy_side": 15.838252067565918,
          "hz": 935.3737400823702
        },
        {
          "acoustic_entropy": 16.165090560913086,
          "acoustic_entropy_side": 16.204227447509766,
          "hz": 1080.2004963696966
        },
        {
          "acoustic_entropy": 15.368223190307617,
          "acoustic_entropy_side": 15.276907920837402,
          "hz": 1237.8529382007157
        },
        {
          "acoustic_entropy": 15.840188980102539,
          "acoustic_entropy_side": 15.366064071655273,
          "hz": 1409.4668930556702
        },
        {
          "acoustic_entropy": 16.58150863647461,
          "acoustic_entropy_side": 16.5635986328125,
          "hz": 1596.2787759475705
        },
        {
          "acoustic_entropy": 16.0520076751709,
          "acoustic_entropy_side": 15.550336837768555,
          "hz": 1799.6344973346393
        },
        {
          "acoustic_entropy": 16.01350212097168,
          "acoustic_entropy_side": 15.763810157775879,
          "hz": 2020.9991599069049
        },
        {
          "acoustic_entropy": 15.367813110351562,
          "acoustic_entropy_side": 15.235815048217773,
          "hz": 2261.9676141086993
        },
        {
          "acoustic_entropy": 15.3832426071167,
          "acoustic_entropy_side": 15.47887134552002,
          "hz": 2524.2759484456974
        },
        {
          "acoustic_entropy": 15.198629379272461,
          "acoustic_entropy_side": 15.245616912841797,
          "hz": 2809.813997359896
        },
        {
          "acoustic_entropy": 15.996588706970215,
          "acoustic_entropy_side": 15.479710578918457,
          "hz": 3120.6389567871424
        },
        {
          "acoustic_entropy": 14.900203704833984,
