{
  "acoustic_entropy": 177.84841918945312,
  "bands": [
    {
      "high_freq": 148.1999969482422,
      "loudness": -31.5284481048584,
      "loudness_range": 28.17015266418457,
      "mid_mean": -33.977577209472656,
      "mid_to_side_loudness": -3.036261558532715,
      "mid_to_side_loudness_range": 17.66016960144043,
      "side_mean": -34.44139862060547
    },
    {
      "high_freq": 392.3793640136719,
      "loudness": -28.167226791381836,
      "loudness_range": 22.532041549682617,
      "low_freq": 148.1999969482422,
      "mid_mean": -26.744651794433594,
      "mid_to_side_loudness": -3.3103280067443848,
      "mid_to_side_loudness_range": 14.664182662963867,
      "side_mean": -30.083826065063477
    },
    {
      "high_freq": 794.6976318359375,
      "loudness": -28.668087005615234,
      "loudness_range": 20.264461517333984,
      "low_freq": 392.3793640136719,
      "mid_mean": -26.911697387695312,
      "mid_to_side_loudness": -4.220365047454834,
      "mid_to_side_loudness_range": 15.047798156738281,
      "side_mean": -31.01957893371582
    },
    {
      "high_freq": 1457.5709228515625,
      "loudness": -33.2632942199707,
      "loudness_range": 22.55990982055664,
      "low_freq": 794.6976318359375,
      "mid_mean": -31.472869873046875,
      "mid_to_side_loudness": -5.319509983062744,
      "mid_to_side_loudness_range": 12.874822616577148,
      "side_mean": -36.929351806640625
    },
    {
      "high_freq": 2549.74365234375,
      "loudness": -41.03443908691406,
      "loudness_range": 30.64752769470215,
      "low_freq": 1457.5709228515625,
      "mid_mean": -39.62569808959961,
      "mid_to_side_loudness": -5.154931545257568,
      "mid_to_side_loudness_range": 14.773683547973633,
      "side_mean": -44.086334228515625
    },
    {
      "high_freq": 4349.24462890625,
      "loudness": -48.672386169433594,
      "loudness_range": 36.525978088378906,
      "low_freq": 2549.74365234375,
      "mid_mean": -48.360870361328125,
      "mid_to_side_loudness": -6.16281270980835,
      "mid_to_side_loudness_range": 21.40691566467285,
      "side_mean": -54.84846878051758
    },
    {
      "high_freq": 7314.1640625,
      "loudness": -54.25847244262695,
      "loudness_range": 36.38911437988281,
      "low_freq": 4349.24462890625,
      "mid_mean": -55.631446838378906,
      "mid_to_side_loudness": -7.19044828414917,
      "mid_to_side_loudness_range": 22.912593841552734,
      "side_mean": -60.62725830078125
    },
    {
      "high_freq": 12199.2666015625,
      "loudness": -53.59511947631836,
      "loudness_range": 31.88402557373047,
      "low_freq": 7314.1640625,
      "mid_mean": -54.800621032714844,
      "mid_to_side_loudness": -8.33349609375,
      "mid_to_side_loudness_range": 22.170230865478516,
      "side_mean": -61.17625427246094
    },
    {
      "loudness": -56.83027648925781,
      "loudness_range": 34.29283905029297,
      "low_freq": 12199.2666015625,
      "mid_mean": -56.90545654296875,
      "mid_to_side_loudness": -8.052978515625,
      "mid_to_side_loudness_range": 21.04603385925293,
      "side_mean": -62.65865707397461
    }
  ],
  "bands_short": [
    {
      "high_freq": 148.1999969482422,
      "loudness": -32.42725372314453,
      "loudness_range": 30.34638786315918,
      "mid_mean": -35.84419631958008,
      "mid_to_side_loudness": -3.531702995300293,
      "mid_to_side_loudness_range": 21.24353790283203,
      "side_mean": -36.24371337890625
    },
    {
      "high_freq": 392.3793640136719,
      "loudness": -28.577301025390625,
      "loudness_range": 24.928672790527344,
      "low_freq": 148.1999969482422,
      "mid_mean": -27.36202621459961,
      "mid_to_side_loudness": -3.53165864944458,
      "mid_to_side_loudness_range": 16.65395736694336,
      "side_mean": -30.643404006958008
    },
    {
      "high_freq": 794.6976318359375,
      "loudness": -28.43671989440918,
      "loudness_range": 21.188671112060547,
      "low_freq": 392.3793640136719,
      "mid_mean": -26.933469772338867,
      "mid_to_side_loudness": -4.012986183166504,
      "mid_to_side_loudness_range": 16.995529174804688,
      "side_mean": -30.928436279296875
    },
    {
      "high_freq": 1457.5709228515625,
      "loudness": -33.77313232421875,
      "loudness_range": 23.943496704101562,
      "low_freq": 794.6976318359375,
      "mid_mean": -31.900299072265625,
      "mid_to_side_loudness": -5.211233139038086,
      "mid_to_side_loudness_range": 14.826129913330078,
      "side_mean": -37.016082763671875
    },
    {
      "high_freq": 2549.74365234375,
      "loudness": -41.53804397583008,
      "loudness_range": 31.840017318725586,
      "low_freq": 1457.5709228515625,
      "mid_mean": -40.34318923950195,
      "mid_to_side_loudness": -4.9532060623168945,
      "mid_to_side_loudness_range": 16.620433807373047,
      "side_mean": -44.836830139160156
    },
    {
      "high_freq": 4349.24462890625,
      "loudness": -49.00590896606445,
      "loudness_range": 36.76720428466797,
      "low_freq": 2549.74365234375,
      "mid_mean": -50.37485885620117,
      "mid_to_side_loudness": -5.819360256195068,
      "mid_to_side_loudness_range": 21.836660385131836,
      "side_mean": -55.036376953125
    },
    {
      "high_freq": 7314.1640625,
      "loudness": -54.95382308959961,
      "loudness_range": 37.61702346801758,
      "low_freq": 4349.24462890625,
      "mid_mean": -56.37527084350586,
      "mid_to_side_loudness": -7.015018939971924,
      "mid_to_side_loudness_range": 22.969228744506836,
      "side_mean": -61.139259338378906
    },
    {
      "high_freq": 12199.2666015625,
      "loudness": -54.412109375,
      "loudness_range": 33.517757415771484,
      "low_freq": 7314.1640625,
      "mid_mean": -55.707462310791016,
      "mid_to_side_loudness": -8.161446571350098,
      "mid_to_side_loudness_range": 22.763341903686523,
      "side_mean": -61.76445770263672
    },
    {
      "loudness": -57.65131378173828,
      "loudness_range": 33.98635482788086,
      "low_freq": 12199.2666015625,
      "mid_mean": -57.727046966552734,
      "mid_to_side_loudness": -8.037653923034668,
      "mid_to_side_loudness_range": 21.807785034179688,
      "side_mean": -63.253292083740234
    }
  ],
  "bandwidth": 496.3907775878906,
  "channels": 2,
  "covariance": [
    [
      146.4235076904297,
      134.25390625,
      23.436113357543945,
      48.872371673583984,
      17.583784103393555,
      26.854894638061523,
      37.98373794555664,
      42.54426956176758,
      58.184017181396484,
      62.7671012878418,
      25.978246688842773,
      44.77627182006836,
      25.458667755126953,
      36.91383361816406,
      33.47037887573242,
      41.09256362915039,
      29.183435440063477,
      36.917930603027344
    ],
    [
      134.25390625,
      182.80133056640625,
      19.01319694519043,
      53.83878707885742,
      9.072866439819336,
      19.447277069091797,
      37.955810546875,
      38.34834289550781,
      52.2431755065918,
      58.71231460571289,
      3.9886434078216553,
      35.41868591308594,
      13.694446563720703,
      36.85157775878906,
      17.37718963623047,
      38.661865234375,
      17.43421745300293,
      36.90013122558594
    ],
    [
      23.436113357543945,
      19.01319694519043,
      67.41427612304688,
      57.06189727783203,
      30.98137855529785,
      26.49744987487793,
      23.79743003845215,
      28.625286102294922,
      48.22796630859375,
      46.875370025634766,
      56.27903366088867,
      48.89828109741211,
      52.028804779052734,
      44.64617156982422,
      50.45278549194336,
      40.2695426940918,
      42.2092399597168,
      32.855323791503906
    ],
    [
      48.872371673583984,
      53.83878707885742,
      57.06189727783203,
      75.93515014648438,
      35.63176727294922,
      39.868648529052734,
      36.08481216430664,
      46.877140045166016,
      63.97612380981445,
      70.23286437988281,
      55.34573745727539,
      67.2530746459961,
      55.16189193725586,
      63.47037124633789,
      49.316429138183594,
      57.47603988647461,
      41.16208267211914,
      49.154380798339844
    ],
    [
      17.583784103393555,
      9.072866439819336,
      30.98137855529785,
      35.63176727294922,
      73.72246551513672,
      48.04957580566406,
      35.6553840637207,
      39.84101486206055,
      45.83846664428711,
      48.76890182495117,
      63.44147872924805,
      42.97113800048828,
      39.749759674072266,
      34.185665130615234,
      43.5546989440918,
      33.740901947021484,
      34.919029235839844,
      25.47042465209961
    ],
    [
      26.854894638061523,
      19.447277069091797,
      26.49744987487793,
      39.868648529052734,
      48.04957580566406,
      53.31127166748047,
      34.344810485839844,
      48.923805236816406,
      52.306705474853516,
      61.75080871582031,
      53.52874755859375,
      58.31415939331055,
      41.43171310424805,
      46.36845397949219,
      40.07389831542969,
      43.299835205078125,
      31.48580551147461,
      35.11355972290039
    ],
    [
      37.98373794555664,
      37.955810546875,
      23.79743003845215,
      36.08481216430664,
      35.6553840637207,
      34.344810485839844,
      71.95045471191406,
      57.21694564819336,
      61.53351593017578,
      63.63994216918945,
      56.73899459838867,
      60.88060760498047,
      43.86793899536133,
      43.369300842285156,
      46.685367584228516,
      41.280784606933594,
      39.22792434692383,
      33.5434455871582
    ],
    [
      42.54426956176758,
      38.34834289550781,
      28.625286102294922,
      46.877140045166016,
      39.84101486206055,
      48.923805236816406,
      57.21694564819336,
      76.23393249511719,
      67.85163879394531,
      79.4695053100586,
      59.737857818603516,
      77.74085235595703,
      50.04103469848633,
      57.62617111206055,
      49.19491195678711,
      54.38969802856445,
      38.888702392578125,
      44.73477554321289
    ],
    [
      58.184017181396484,
      52.2431755065918,
      48.22796630859375,
      63.97612380981445,
      45.83846664428711,
      52.306705474853516,
      61.53351593017578,
      67.85163879394531,
      126.61377716064453,
      107.51407623291016,
      98.10388946533203,
      104.05428314208984,
      81.0158462524414,
      81.51139831542969,
      83.59475708007812,
      77.10291290283203,
      69.62214660644531,
      63.58710861206055
    ],
    [
      62.7671012878418,
      58.71231460571289,
      46.875370025634766,
      70.23286437988281,
      48.76890182495117,
      61.75080871582031,
      63.63994216918945,
      79.4695053100586,
      107.51407623291016,
      126.96337127685547,
      88.54298400878906,
      110.87064361572266,
      73.61554718017578,
      85.97191619873047,
      73.67453002929688,
      80.47505187988281,
      59.786766052246094,
      66.59557342529297
    ],
    [
      25.978246688842773,
      3.9886434078216553,
      56.27903366088867,
      55.34573745727539,
      63.44147872924805,
      53.52874755859375,
      56.73899459838867,
      59.737857818603516,
      98.10388946533203,
      88.54298400878906,
      174.64495849609375,
      135.42529296875,
      143.56524658203125,
      111.60659790039062,
      140.34425354003906,
      103.0569839477539,
      121.14341735839844,
      87.32588195800781
    ],
    [
      44.77627182006836,
      35.41868591308594,
      48.89828109741211,
      67.2530746459961,
      42.97113800048828,
      58.31415939331055,
      60.88060760498047,
      77.74085235595703,
      104.05428314208984,
      110.87064361572266,
      135.42529296875,
      150.43402099609375,
      121.66596984863281,
      120.84951782226562,
      114.09961700439453,
      109.3077163696289,
      97.7193832397461,
      93.5915756225586
    ],
    [
      25.458667755126953,
      13.694446563720703,
      52.028804779052734,
      55.16189193725586,
      39.749759674072266,
      41.43171310424805,
      43.86793899536133,
      50.04103469848633,
      81.0158462524414,
      73.61554718017578,
      143.56524658203125,
      121.66596984863281,
      148.9298095703125,
      116.13026428222656,
      134.42710876464844,
      100.93915557861328,
      117.25707244873047,
      87.22419738769531
    ],
    [
      36.91383361816406,
      36.85157775878906,
      44.64617156982422,
      63.47037124633789,
      34.185665130615234,
      46.36845397949219,
      43.369300842285156,
      57.62617111206055,
      81.51139831542969,
      85.97191619873047,
      111.60659790039062,
      120.84951782226562,
      116.13026428222656,
      122.7658462524414,
      99.27096557617188,
      106.34781646728516,
      87.45441436767578,
      94.07406616210938
    ],
    [
      33.47037887573242,
      17.37718963623047,
      50.45278549194336,
      49.316429138183594,
      43.5546989440918,
      40.07389831542969,
      46.685367584228516,
      49.19491195678711,
      83.59475708007812,
      73.67453002929688,
      140.34425354003906,
      114.09961700439453,
      134.42710876464844,
      99.27096557617188,
      151.61476135253906,
      107.88650512695312,
      130.65777587890625,
      91.33883666992188
    ],
    [
      41.09256362915039,
      38.661865234375,
      40.2695426940918,
      57.47603988647461,
      33.740901947021484,
      43.299835205078125,
      41.280784606933594,
      54.38969802856445,
      77.10291290283203,
      80.47505187988281,
      103.0569839477539,
      109.3077163696289,
      100.93915557861328,
      106.34781646728516,
      107.88650512695312,
      117.28095245361328,
      94.60678100585938,
      103.07405853271484
    ],
    [
      29.183435440063477,
      17.43421745300293,
      42.2092399597168,
      41.16208267211914,
      34.919029235839844,
      31.48580551147461,
      39.22792434692383,
      38.888702392578125,
      69.62214660644531,
      59.786766052246094,
      121.14341735839844,
      97.7193832397461,
      117.25707244873047,
      87.45441436767578,
      130.65777587890625,
      94.60678100585938,
      123.42007446289062,
      86.66639709472656
    ],
    [
      36.917930603027344,
      36.90013122558594,
      32.855323791503906,
      49.154380798339844,
      25.47042465209961,
      35.11355972290039,
      33.5434455871582,
      44.73477554321289,
      63.58710861206055,
      66.59557342529297,
      87.32588195800781,
      93.5915756225586,
      87.22419738769531,
      94.07406616210938,
      91.33883666992188,
      103.07405853271484,
      86.66639709472656,
      97.98274230957031
    ]
  ],
  "covariance_short": [
    [
      176.0928955078125,
      154.48512268066406,
      29.767309188842773,
      59.426231384277344,
      16.592660903930664,
      29.277835845947266,
      38.67844009399414,
      43.24732208251953,
      53.548851013183594,
      63.58567428588867,
      21.721113204956055,
      44.465389251708984,
      22.59620475769043,
      40.107303619384766,
      27.027538299560547,
      40.196205139160156,
      23.65045166015625,
      37.253883361816406
    ],
    [
      154.48512268066406,
      217.2061767578125,
      23.169504165649414,
      63.414554595947266,
      1.4968361854553223,
      17.050086975097656,
      36.588600158691406,
      35.79191970825195,
      43.35321044921875,
      55.82284164428711,
      -0.8837235569953918,
      33.6370964050293,
      11.590786933898926,
      39.7132568359375,
      10.989749908447266,
      37.4307861328125,
      13.6733980178833,
      38.41011428833008
    ],
    [
      29.767309188842773,
      23.169504165649414,
      76.3033676147461,
      62.88755798339844,
      31.31040382385254,
      30.73539924621582,
      27.01423454284668,
      32.053157806396484,
      55.30325698852539,
      54.52724838256836,
      59.42897033691406,
      53.94258117675781,
      54.04947280883789,
      46.648406982421875,
      52.797767639160156,
      43.04192352294922,
      43.12502670288086,
      34.83527374267578
    ],
    [
      59.426231384277344,
      63.414554595947266,
      62.88755798339844,
      90.48886108398438,
      33.666717529296875,
      42.538570404052734,
      39.98719787597656,
      49.97721481323242,
      70.94881439208984,
      77.07097625732422,
      57.097599029541016,
      70.87532043457031,
      56.10097122192383,
      64.13082122802734,
      50.296199798583984,
      58.601165771484375,
      40.999210357666016,
      49.81222152709961
    ],
    [
      16.592660903930664,
      1.4968361854553223,
      31.31040382385254,
      33.666717529296875,
      75.06433868408203,
      45.03116989135742,
      34.997314453125,
      37.69984817504883,
      46.454376220703125,
      47.231204986572266,
      50.03752517700195,
      42.99171447753906,
      41.363922119140625,
      33.45467758178711,
      44.630184173583984,
      32.842002868652344,
      37.122703552246094,
      25.81390953063965
    ],
    [
      29.277835845947266,
      17.050086975097656,
      30.73539924621582,
      42.538570404052734,
      45.03116989135742,
      54.99007797241211,
      34.52787780761719,
      47.32841491699219,
      53.83814239501953,
      61.93284606933594,
      51.46629333496094,
      59.754207611083984,
      42.17698287963867,
      45.511009216308594,
      40.76942443847656,
      42.71308135986328,
      31.8659610748291,
      34.65804672241211
    ],
    [
      38.67844009399414,
      36.588600158691406,
      27.01423454284668,
      39.98719787597656,
      34.997314453125,
      34.52787780761719,
      76.58304595947266,
      56.492340087890625,
      63.5501594543457,
      65.3780288696289,
      65.65996551513672,
      63.68989944458008,
      46.60293960571289,
      43.70259475708008,
      49.7875862121582,
      41.938297271728516,
      41.56151580810547,
      33.737728118896484
    ],
    [
      43.24732208251953,
      35.79191970825195,
      32.053157806396484,
      49.97721481323242,
      37.69984817504883,
      47.32841491699219,
      56.492340087890625,
      77.25585174560547,
      67.95184326171875,
      78.88223266601562,
      65.6087875366211,
      78.3839340209961,
      48.539772033691406,
      55.61351013183594,
      47.33687973022461,
      52.59477996826172,
      37.07625198364258,
      42.677616119384766
    ],
    [
      53.548851013183594,
      43.35321044921875,
      55.30325698852539,
      70.94881439208984,
      46.454376220703125,
      53.83814239501953,
      63.5501594543457,
      67.95184326171875,
      133.357421875,
      113.15564727783203,
      107.77377319335938,
      107.53743743896484,
      85.68341064453125,
      82.48133087158203,
      87.53658294677734,
      78.51799774169922,
      72.76429748535156,
      64.85472106933594
    ],
    [
      63.58567428588867,
      55.82284164428711,
      54.52724838256836,
      77.07097625732422,
      47.231204986572266,
      61.93284606933594,
      65.3780288696289,
      78.88223266601562,
      113.15564727783203,
      134.05490112304688,
      99.16016387939453,
      115.42648315429688,
      75.84940338134766,
      86.15950775146484,
      75.74092864990234,
      80.84127044677734,
      60.74055862426758,
      66.45538330078125
    ],
    [
      21.721113204956055,
      -0.8837235569953918,
      59.42897033691406,
      57.097599029541016,
      50.03752517700195,
      51.46629333496094,
      65.65996551513672,
      65.6087875366211,
      107.77377319335938,
      99.16016387939453,
      192.83407592773438,
      149.58299255371094,
      153.74209594726562,
      116.65071105957031,
      152.3047637939453,
      108.88087463378906,
      131.53945922851562,
      92.43861389160156
    ],
    [
      44.465389251708984,
      33.6370964050293,
      53.94258117675781,
      70.87532043457031,
      42.99171447753906,
      59.754207611083984,
      63.68989944458008,
      78.3839340209961,
      107.53743743896484,
      115.42648315429688,
      149.58299255371094,
      153.02976989746094,
      120.4179458618164,
      118.78386688232422,
      113.22511291503906,
      107.86668395996094,
      96.3594741821289,
      92.10073852539062
    ],
    [
      22.59620475769043,
      11.590786933898926,
      54.04947280883789,
      56.10097122192383,
      41.363922119140625,
      42.17698287963867,
      46.60293960571289,
      48.539772033691406,
      85.68341064453125,
      75.84940338134766,
      153.74209594726562,
      120.4179458618164,
      151.42245483398438,
      115.62504577636719,
      136.30665588378906,
      100.90672302246094,
      119.26187133789062,
      87.42951202392578
    ],
    [
      40.107303619384766,
      39.7132568359375,
      46.648406982421875,
      64.13082122802734,
      33.45467758178711,
      45.511009216308594,
      43.70259475708008,
      55.61351013183594,
      82.48133087158203,
      86.15950775146484,
      116.65071105957031,
      118.78386688232422,
      115.62504577636719,
      120.0386962890625,
      99.28007507324219,
      103.2799301147461,
      86.81238555908203,
      90.9990463256836
    ],
    [
      27.027538299560547,
      10.989749908447266,
      52.797767639160156,
      50.296199798583984,
      44.630184173583984,
      40.76942443847656,
      49.7875862121582,
      47.33687973022461,
      87.53658294677734,
      75.74092864990234,
      152.3047637939453,
      113.22511291503906,
      136.30665588378906,
      99.28007507324219,
      153.34034729003906,
      107.09424591064453,
      130.97775268554688,
      89.77289581298828
    ],
    [
      40.196205139160156,
      37.4307861328125,
      43.04192352294922,
      58.601165771484375,
      32.842002868652344,
      42.71308135986328,
      41.938297271728516,
      52.59477996826172,
      78.51799774169922,
      80.84127044677734,
      108.88087463378906,
      107.86668395996094,
      100.90672302246094,
      103.2799301147461,
      107.09424591064453,
      113.51249694824219,
      91.75696563720703,
      97.62871551513672
    ],
    [
      23.65045166015625,
      13.6733980178833,
      43.12502670288086,
      40.999210357666016,
      37.122703552246094,
      31.8659610748291,
      41.56151580810547,
      37.07625198364258,
      72.76429748535156,
      60.74055862426758,
      131.53945922851562,
      96.3594741821289,
      119.26187133789062,
      86.81238555908203,
      130.97775268554688,
      91.75696563720703,
      126.11770629882812,
      86.05282592773438
    ],
    [
      37.253883361816406,
      38.41011428833008,
      34.83527374267578,
      49.81222152709961,
      25.81390953063965,
      34.65804672241211,
      33.737728118896484,
      42.677616119384766,
      64.85472106933594,
      66.45538330078125,
      92.43861389160156,
      92.10073852539062,
      87.42951202392578,
      90.9990463256836,
      89.77289581298828,
      97.62871551513672,
      86.05282592773438,
      94.58601379394531
    ]
  ],
  "damage": -11.278855323791504,
  "diff_bandwidth": 558.14990234375,
  "dissonance": 6.264713582788329,
  "drr": 12.286240577697754,
  "dynamics": 4.646935939788818,
  "format": 1245190,
  "frames": 4575232,
  "loudness": -17.66058921813965,
  "loudness_range": 17.514450073242188,
  "loudness_range_short": 17.860031127929688,
  "lowpass_true_peak_15khz": -0.050534795969724655,
  "mastering3_acoustic_entropies": [
    {
      "acoustic_entropy": 9.901734352111816,
      "acoustic_entropy_mono": 9.046546936035156,
      "band_eliminated_acoustic_entropies": [
        {
          "acoustic_entropy": 9.890539169311523,
          "acoustic_entropy_side": 9.949461936950684,
          "hz": 129.47220167065723
        },
        {
          "acoustic_entropy": 9.882085800170898,
          "acoustic_entropy_side": 9.88819694519043,
          "hz": 202.92927478742237
        },
        {
          "acoustic_entropy": 9.635502815246582,
          "acoustic_entropy_side": 9.898432731628418,
          "hz": 282.89161906338205
        },
        {
          "acoustic_entropy": 9.536725997924805,
          "acoustic_entropy_side": 9.955931663513184,
          "hz": 369.9353335868758
        },
        {
          "acoustic_entropy": 9.60660171508789,
          "acoustic_entropy_side": 9.968544960021973,
          "hz": 464.6875360973435
        },
        {
          "acoustic_entropy": 8.748787879943848,
          "acoustic_entropy_side": 9.89383316040039,
          "hz": 567.8308811364784
        },
        {
          "acoustic_entropy": 9.602341651916504,
          "acoustic_entropy_side": 9.5221529006958,
          "hz": 680.1084783214808
        },
        {
          "acoustic_entropy": 9.713631629943848,
          "acoustic_entropy_side": 9.839787483215332,
          "hz": 802.3292461747484
        },
        {
          "acoustic_entropy": 9.732584953308105,
          "acoustic_entropy_side": 9.827482223510742,
          "hz": 935.3737400823702
        },
        {
          "acoustic_entropy": 9.54432487487793,
          "acoustic_entropy_side": 9.993924140930176,
          "hz": 1080.2004963696966
        },
        {
          "acoustic_entropy": 9.144866943359375,
          "acoustic_entropy_side": 9.928963661193848,
          "hz": 1237.8529382007157
        },
        {
          "acoustic_entropy": 9.159491539001465,
          "acoustic_entropy_side": 9.955209732055664,
          "hz": 1409.4668930556702
        },
        {
          "acoustic_entropy": 9.791236877441406,
          "acoustic_entropy_side": 9.786043167114258,
          "hz": 1596.2787759475705
        },
        {
          "acoustic_entropy": 9.678732872009277,
          "acoustic_entropy_side": 9.851194381713867,
          "hz": 1799.6344973346393
        },
        {
          "acoustic_entropy": 9.887725830078125,
          "acoustic_entropy_side": 9.876002311706543,
          "hz": 2020.9991599069049
        },
        {
          "acoustic_entropy": 9.896992683410645,
          "acoustic_entropy_side": 9.845209121704102,
          "hz": 2261.9676141086993
        },
        {
          "acoustic_entropy": 9.524556159973145,
          "acoustic_entropy_side": 9.732439994812012,
          "hz": 2524.2759484456974
        },
        {
          "acoustic_entropy": 9.716300964355469,
          "acoustic_entropy_side": 9.827164649963379,
          "hz": 2809.813997359896
        },
        {
          "acoustic_entropy": 9.653820037841797,
          "acoustic_entropy_side": 9.8474702835083,
          "hz": 3120.6389567871424
        },
        {
          "acoustic_entropy": 9.74263858795166,
          "acoustic_entropy_side": 9.852221488952637,
          "hz": 3458.990205492291
        },
        {
          "acoustic_entropy": 9.763299942016602,
          "acoustic_entropy_side": 9.875907897949219,
          "hz": 3827.305438964164
        },
        {
          "acoustic_entropy": 9.864749908447266,
          "acoustic_entropy_side": 9.897385597229004,
          "hz": 4228.238232109126
        },
        {
          "acoustic_entropy": 9.86354923248291,
          "acoustic_entropy_side": 9.904397010803223,
          "hz": 4664.6771572759235
        },
        {
          "acoustic_entropy": 9.909292221069336,
          "acoustic_entropy_side": 9.908125877380371,
          "hz": 5139.766595350093
        },
        {
          "acoustic_entropy": 9.912883758544922,
          "acoustic_entropy_side": 9.905256271362305,
          "hz": 5656.929389854203
        },
        {
          "acoustic_entropy": 9.909529685974121,
          "acoustic_entropy_side": 9.904763221740723,
          "hz": 6219.891507268283
        },
        {
          "acoustic_entropy": 9.90148639678955,
          "acoustic_entropy_side": 9.90162181854248,
          "hz": 6832.70888123896
        },
        {
          "acoustic_entropy": 9.891769409179688,
          "acoustic_entropy_side": 9.897726058959961,
          "hz": 7499.796634079867
        },
        {
          "acoustic_entropy": 9.895617485046387,
          "acoustic_entropy_side": 9.90085220336914,
          "hz": 8225.96088609342
        },
        {
          "acoustic_entropy": 9.892548561096191,
          "acoustic_entropy_side": 9.899359703063965,
          "hz": 9016.43338188839
        },
        {
          "acoustic_entropy": 9.89258098602295,
          "acoustic_entropy_side": 9.899250030517578,
          "hz": 9876.909183162974
        },
        {
          "acoustic_entropy": 9.881847381591797,
          "acoustic_entropy_side": 9.897109031677246,
          "hz": 10813.587699516042
        },
        {
          "acoustic_entropy": 9.87869644165039,
          "acoustic_entropy_side": 9.896970748901367,
          "hz": 11833.21735289826
        },
        {
          "acoustic_entropy": 9.8739595413208,
          "acoustic_entropy_side": 9.894140243530273,
          "hz": 12943.144197493959
        },
        {
          "acoustic_entropy": 9.852359771728516,
          "acoustic_entropy_side": 9.890295028686523,
          "hz": 14151.364845322005
        },
        {
          "acoustic_entropy": 9.861498832702637,
          "acoustic_entropy_side": 9.892343521118164,
          "hz": 15466.58407886509
        },
        {
          "acoustic_entropy": 9.8877592086792,
          "acoustic_entropy_side": 9.899049758911133,
          "hz": 16898.27756580493
        },
        {
          "acoustic_entropy": 9.899638175964355,
          "acoustic_entropy_side": 9.90180778503418,
          "hz": 18456.760127700032
        },
        {
          "acoustic_entropy": 9.900814056396484,
          "acoustic_entropy_side": 9.901738166809082,
          "hz": 20153.260054456492
        },
        {
          "acoustic_entropy": 9.901701927185059,
          "acoustic_entropy_side": 9.90173625946045,
          "hz": 22000.00000000001
        }
      ],
      "diff_acoustic_entropy": 1.8333673477172852,
      "sn": 6
    },
    {
      "acoustic_entropy": 14.70869255065918,
      "acoustic_entropy_mono": 13.666402816772461,
      "band_eliminated_acoustic_entropies": [
        {
          "acoustic_entropy": 14.654838562011719,
          "acoustic_entropy_side": 15.100601196289062,
          "hz": 129.47220167065723
        },
        {
          "acoustic_entropy": 14.962150573730469,
          "acoustic_entropy_side": 14.477470397949219,
          "hz": 202.92927478742237
        },
        {
          "acoustic_entropy": 14.762358665466309,
          "acoustic_entropy_side": 14.885612487792969,
          "hz": 282.89161906338205
        },
        {
          "acoustic_entropy": 15.058451652526855,
          "acoustic_entropy_side": 14.664143562316895,
          "hz": 369.9353335868758
        },
        {
          "acoustic_entropy": 14.521627426147461,
          "acoustic_entropy_side": 14.747591972351074,
          "hz": 464.6875360973435
        },
        {
          "acoustic_entropy": 14.146368026733398,
          "acoustic_entropy_side": 14.653497695922852,
          "hz": 567.8308811364784
        },
        {
          "acoustic_entropy": 14.828072547912598,
          "acoustic_entropy_side": 14.900517463684082,
          "hz": 680.1084783214808
        },
        {
          "acoustic_entropy": 13.54794979095459,
          "acoustic_entropy_side": 14.557485580444336,
          "hz": 802.3292461747484
        },
        {
          "acoustic_entropy": 14.93580436706543,
          "acoustic_entropy_side": 14.326838493347168,
          "hz": 935.3737400823702
        },
        {
          "acoustic_entropy": 15.3643798828125,
          "acoustic_entropy_side": 14.691690444946289,
          "hz": 1080.2004963696966
        },
        {
          "acoustic_entropy": 14.606060028076172,
          "acoustic_entropy_side": 14.606398582458496,
          "hz": 1237.8529382007157
        },
        {
          "acoustic_entropy": 14.478639602661133,
          "acoustic_entropy_side": 14.864800453186035,
          "hz": 1409.4668930556702
        },
        {
          "acoustic_entropy": 14.822110176086426,
          "acoustic_entropy_side": 14.856568336486816,
          "hz": 1596.2787759475705
        },
        {
          "acoustic_entropy": 14.36025619506836,
          "acoustic_entropy_side": 14.70087718963623,
          "hz": 1799.6344973346393
        },
        {
          "acoustic_entropy": 14.71428108215332,
          "acoustic_entropy_side": 14.876877784729004,
          "hz": 2020.9991599069049
        },
        {
          "acoustic_entropy": 14.313348770141602,
          "acoustic_entropy_side": 14.324010848999023,
          "hz": 2261.9676141086993
        },
        {
          "acoustic_entropy": 14.6899995803833,
          "acoustic_entropy_side": 14.394737243652344,
          "hz": 2524.2759484456974
        },
        {
          "acoustic_entropy": 14.514887809753418,
          "acoustic_entropy_side": 14.58962631225586,
          "hz": 2809.813997359896
        },
        {
          "acoustic_entropy": 14.773321151733398,
          "acoustic_entropy_side": 14.471749305725098,
          "hz": 3120.6389567871424
        },
        {
          "acoustic_entropy": 14.4686861038208,
          "acoustic_entropy_side": 14.602031707763672,
          "hz": 3458.990205492291
        },
        {
          "acoustic_entropy": 14.600553512573242,
          "acoustic_entropy_side": 14.667994499206543,
          "hz": 3827.305438964164
        },
        {
          "acoustic_entropy": 14.592864990234375,
          "acoustic_entropy_side": 14.628888130187988,
          "hz": 4228.238232109126
        },
        {
          "acoustic_entropy": 14.67288589477539,
          "acoustic_entropy_side": 14.647930145263672,
          "hz": 4664.6771572759235
        },
        {
          "acoustic_entropy": 14.502842903137207,
          "acoustic_entropy_side": 14.65027904510498,
          "hz": 5139.766595350093
        },
        {
          "acoustic_entropy": 14.603177070617676,
          "acoustic_entropy_side": 14.665753364562988,
          "hz": 5656.929389854203
        },
        {
          "acoustic_entropy": 14.578064918518066,
          "acoustic_entropy_side": 14.659021377563477,
          "hz": 6219.891507268283
        },
        {
          "acoustic_entropy": 14.635504722595215,
          "acoustic_entropy_side": 14.683133125305176,
          "hz": 6832.70888123896
        },
        {
          "acoustic_entropy": 14.50156021118164,
          "acoustic_entropy_side": 14.645364761352539,
          "hz": 7499.796634079867
        },
        {
          "acoustic_entropy": 14.661120414733887,
          "acoustic_entropy_side": 14.67812442779541,
          "hz": 8225.96088609342
        },
        {
          "acoustic_entropy": 14.532349586486816,
          "acoustic_entropy_side": 14.641352653503418,
          "hz": 9016.43338188839
        },
        {
          "acoustic_entropy": 14.580422401428223,
          "acoustic_entropy_side": 14.655153274536133,
          "hz": 9876.909183162974
        },
        {
          "acoustic_entropy": 14.39380931854248,
          "acoustic_entropy_side": 14.618699073791504,
          "hz": 10813.587699516042
        },
        {
          "acoustic_entropy": 14.87893295288086,
          "acoustic_entropy_side": 14.658935546875,
          "hz": 11833.21735289826
        },
        {
          "acoustic_entropy": 14.85653018951416,
          "acoustic_entropy_side": 14.588888168334961,
          "hz": 12943.144197493959
        },
        {
          "acoustic_entropy": 14.855262756347656,
          "acoustic_entropy_side": 14.47437572479248,
          "hz": 14151.364845322005
        },
        {
          "acoustic_entropy": 14.755263328552246,
          "acoustic_entropy_side": 14.45999526977539,
          "hz": 15466.58407886509
        },
        {
          "acoustic_entropy": 14.388572692871094,
          "acoustic_entropy_side": 14.6303071975708,
          "hz": 16898.27756580493
        },
        {
          "acoustic_entropy": 14.762141227722168,
          "acoustic_entropy_side": 14.709649085998535,
          "hz": 18456.760127700032
        },
        {
          "acoustic_entropy": 14.726838111877441,
          "acoustic_entropy_side": 14.708847045898438,
          "hz": 20153.260054456492
        },
        {
          "acoustic_entropy": 14.71015739440918,
          "acoustic_entropy_side": 14.708698272705078,
          "hz": 22000.00000000001
        }
      ],
      "diff_acoustic_entropy": 3.6820292472839355,
      "sn": 12
    },
    {
      "acoustic_entropy": 22.922409057617188,
      "acoustic_entropy_mono": 20.83403205871582,
      "band_eliminated_acoustic_entropies": [
        {
          "acoustic_entropy": 21.540727615356445,
          "acoustic_entropy_side": 22.904775619506836,
          "hz": 129.47220167065723
        },
        {
          "acoustic_entropy": 23.031841278076172,
          "acoustic_entropy_side": 23.3209285736084,
          "hz": 202.92927478742237
        },
        {
          "acoustic_entropy": 22.799407958984375,
          "acoustic_entropy_side": 23.302080154418945,
          "hz": 282.89161906338205
        },
        {
          "acoustic_entropy": 23.03209114074707,
          "acoustic_entropy_side": 22.583215713500977,
          "hz": 369.9353335868758
        },
        {
          "acoustic_entropy": 23.035024642944336,
          "acoustic_entropy_side": 22.990516662597656,
          "hz": 464.6875360973435
        },
        {
          "acoustic_entropy": 22.821001052856445,
          "acoustic_entropy_side": 22.32792091369629,
          "hz": 567.8308811364784
        },
        {
          "acoustic_entropy": 22.83429718017578,
          "acoustic_entropy_side": 23.17825698852539,
          "hz": 680.1084783214808
        },
        {
          "acoustic_entropy": 22.042522430419922,
          "acoustic_entropy_side": 23.213531494140625,
          "hz": 802.3292461747484
        },
        {
          "acoustic_entropy": 21.74334716796875,
          "acoustic_entropy_side": 22.94077491760254,
          "hz": 935.3737400823702
        },
        {
          "acoustic_entropy": 22.99083709716797,
          "acoustic_entropy_side": 23.00001335144043,
          "hz": 1080.2004963696966
        },
        {
          "acoustic_entropy": 22.743940353393555,
          "acoustic_entropy_side": 23.029823303222656,
          "hz": 1237.8529382007157
        },
        {
          "acoustic_entropy": 22.36977195739746,
          "acoustic_entropy_side": 22.84467124938965,
          "hz": 1409.4668930556702
        },
        {
          "acoustic_entropy": 22.819604873657227,
          "acoustic_entropy_side": 22.862445831298828,
          "hz": 1596.2787759475705
        },
        {
          "acoustic_entropy": 22.40964126586914,
          "acoustic_entropy_side": 22.846817016601562,
          "hz": 1799.6344973346393
        },
        {
          "acoustic_entropy": 22.542217254638672,
          "acoustic_entropy_side": 23.28120231628418,
          "hz": 2020.9991599069049
        },
        {
          "acoustic_entropy": 22.730592727661133,
          "acoustic_entropy_side": 22.970386505126953,
          "hz": 2261.9676141086993
        },
        {
          "acoustic_entropy": 23.13348388671875,
          "acoustic_entropy_side": 22.601360321044922,
          "hz": 2524.2759484456974
        },
        {
          "acoustic_entropy": 22.756807327270508,
          "acoustic_entropy_side": 22.783061981201172,
          "hz": 2809.813997359896
        },
        {
          "acoustic_entropy": 22.870040893554688,
          "acoustic_entropy_side": 22.93187713623047,
          "hz": 3120.6389567871424
        },
        {
          "acoustic_entropy": 22.902782440185547,
