{
  "acoustic_entropy": 202.32225036621094,
  "bands": [
    {
      "high_freq": 148.1999969482422,
      "loudness": -30.698787689208984,
      "loudness_range": 12.431175231933594,
      "mid_mean": -28.63949203491211,
      "mid_to_side_loudness": -5.783771991729736,
      "mid_to_side_loudness_range": 14.530885696411133,
      "side_mean": -34.16002655029297
    },
    {
      "high_freq": 392.3793640136719,
      "loudness": -22.54266929626465,
      "loudness_range": 8.217098236083984,
      "low_freq": 148.1999969482422,
      "mid_mean": -19.761577606201172,
      "mid_to_side_loudness": -7.078834056854248,
      "mid_to_side_loudness_range": 7.926952362060547,
      "side_mean": -26.80877113342285
    },
    {
      "high_freq": 794.6976318359375,
      "loudness": -24.09821128845215,
      "loudness_range": 13.512811660766602,
      "low_freq": 392.3793640136719,
      "mid_mean": -21.09561538696289,
      "mid_to_side_loudness": -8.719677925109863,
      "mid_to_side_loudness_range": 8.636795043945312,
      "side_mean": -29.87828254699707
    },
    {
      "high_freq": 1457.5709228515625,
      "loudness": -30.729543685913086,
      "loudness_range": 16.352590560913086,
      "low_freq": 794.6976318359375,
      "mid_mean": -27.633956909179688,
      "mid_to_side_loudness": -8.893383979797363,
      "mid_to_side_loudness_range": 7.555761337280273,
      "side_mean": -36.62086868286133
    },
    {
      "high_freq": 2549.74365234375,
      "loudness": -31.67230796813965,
      "loudness_range": 19.15351676940918,
      "low_freq": 1457.5709228515625,
      "mid_mean": -28.4177303314209,
      "mid_to_side_loudness": -10.460564613342285,
      "mid_to_side_loudness_range": 8.572250366210938,
      "side_mean": -39.04669189453125
    },
    {
      "high_freq": 4349.24462890625,
      "loudness": -36.46918487548828,
      "loudness_range": 22.88327407836914,
      "low_freq": 2549.74365234375,
      "mid_mean": -33.51611328125,
      "mid_to_side_loudness": -10.246129035949707,
      "mid_to_side_loudness_range": 9.57955265045166,
      "side_mean": -43.83522033691406
    },
    {
      "high_freq": 7314.1640625,
      "loudness": -38.599082946777344,
      "loudness_range": 27.089693069458008,
      "low_freq": 4349.24462890625,
      "mid_mean": -36.203895568847656,
      "mid_to_side_loudness": -10.77973461151123,
      "mid_to_side_loudness_range": 12.227275848388672,
      "side_mean": -50.59378433227539
    },
    {
      "high_freq": 12199.2666015625,
      "loudness": -40.67504119873047,
      "loudness_range": 28.797048568725586,
      "low_freq": 7314.1640625,
      "mid_mean": -38.391632080078125,
      "mid_to_side_loudness": -11.086943626403809,
      "mid_to_side_loudness_range": 13.336563110351562,
      "side_mean": -54.69386672973633
    },
    {
      "loudness": -46.42628860473633,
      "loudness_range": 26.998233795166016,
      "low_freq": 12199.2666015625,
      "mid_mean": -51.408729553222656,
      "mid_to_side_loudness": -10.933201789855957,
      "mid_to_side_loudness_range": 14.60979175567627,
      "side_mean": -60.21721649169922
    }
  ],
  "bands_short": [
    {
      "high_freq": 148.1999969482422,
      "loudness": -40.186275482177734,
      "loudness_range": 22.318254470825195,
      "mid_mean": -38.10017013549805,
      "mid_to_side_loudness": -5.9711785316467285,
      "mid_to_side_loudness_range": 17.20290184020996,
      "side_mean": -44.08170700073242
    },
    {
      "high_freq": 392.3793640136719,
      "loudness": -22.172807693481445,
      "loudness_range": 8.470598220825195,
      "low_freq": 148.1999969482422,
      "mid_mean": -19.531543731689453,
      "mid_to_side_loudness": -6.778541564941406,
      "mid_to_side_loudness_range": 10.301033973693848,
      "side_mean": -26.262569427490234
    },
    {
      "high_freq": 794.6976318359375,
      "loudness": -24.639856338500977,
      "loudness_range": 14.628971099853516,
      "low_freq": 392.3793640136719,
      "mid_mean": -21.75786781311035,
      "mid_to_side_loudness": -8.474424362182617,
      "mid_to_side_loudness_range": 11.88573932647705,
      "side_mean": -30.285511016845703
    },
    {
      "high_freq": 1457.5709228515625,
      "loudness": -30.085912704467773,
      "loudness_range": 16.743131637573242,
      "low_freq": 794.6976318359375,
      "mid_mean": -27.05183982849121,
      "mid_to_side_loudness": -8.90851879119873,
      "mid_to_side_loudness_range": 9.890018463134766,
      "side_mean": -36.00864028930664
    },
    {
      "high_freq": 2549.74365234375,
      "loudness": -32.08026885986328,
      "loudness_range": 20.51369285583496,
      "low_freq": 1457.5709228515625,
      "mid_mean": -28.942575454711914,
      "mid_to_side_loudness": -10.181594848632812,
      "mid_to_side_loudness_range": 11.148754119873047,
      "side_mean": -39.309364318847656
    },
    {
      "high_freq": 4349.24462890625,
      "loudness": -36.91837692260742,
      "loudness_range": 23.943126678466797,
      "low_freq": 2549.74365234375,
      "mid_mean": -34.04928207397461,
      "mid_to_side_loudness": -9.820967674255371,
      "mid_to_side_loudness_range": 11.666181564331055,
      "side_mean": -44.25414276123047
    },
    {
      "high_freq": 7314.1640625,
      "loudness": -38.955162048339844,
      "loudness_range": 28.1766357421875,
      "low_freq": 4349.24462890625,
      "mid_mean": -36.68516159057617,
      "mid_to_side_loudness": -10.037720680236816,
      "mid_to_side_loudness_range": 13.81468391418457,
      "side_mean": -50.83829879760742
    },
    {
      "high_freq": 12199.2666015625,
      "loudness": -41.53206253051758,
      "loudness_range": 30.746068954467773,
      "low_freq": 7314.1640625,
      "mid_mean": -39.53554153442383,
      "mid_to_side_loudness": -10.283561706542969,
      "mid_to_side_loudness_range": 14.296121597290039,
      "side_mean": -55.14673614501953
    },
    {
      "loudness": -48.058990478515625,
      "loudness_range": 30.77346420288086,
      "low_freq": 12199.2666015625,
      "mid_mean": -52.97520446777344,
      "mid_to_side_loudness": -10.157682418823242,
      "mid_to_side_loudness_range": 15.43777084350586,
      "side_mean": -60.873958587646484
    }
  ],
  "bandwidth": 621.1764526367188,
  "channels": 2,
  "covariance": [
    [
      28.880245208740234,
      18.583194732666016,
      5.148486614227295,
      3.089837074279785,
      0.057172536849975586,
      -1.620809555053711,
      1.210823893547058,
      -2.2032864093780518,
      3.0398218631744385,
      -0.31112024188041687,
      -0.6141091585159302,
      -4.342503547668457,
      1.7034157514572144,
      0.6162238717079163,
      2.370225667953491,
      0.379707008600235,
      2.817030429840088,
      0.6369011402130127
    ],
    [
      18.583194732666016,
      37.28511047363281,
      2.4468772411346436,
      2.9633212089538574,
      -4.685217380523682,
      -6.197567462921143,
      -4.099704742431641,
      -5.987839698791504,
      -2.13922119140625,
      -5.649068832397461,
      -4.659445285797119,
      -8.645094871520996,
      -2.6023542881011963,
      -3.0977721214294434,
      -4.731456279754639,
      -5.367801189422607,
      -3.015178918838501,
      -3.531867027282715
    ],
    [
      5.148486614227295,
      2.4468772411346436,
      12.735822677612305,
      9.627251625061035,
      7.771984577178955,
      8.370267868041992,
      10.427865028381348,
      9.30881118774414,
      8.893526077270508,
      8.92074966430664,
      8.61435604095459,
      7.967682838439941,
      3.7333993911743164,
      6.207215785980225,
      3.759791612625122,
      5.1440839767456055,
      7.265970706939697,
      4.063185691833496
    ],
    [
      3.089837074279785,
      2.9633212089538574,
      9.627251625061035,
      13.880094528198242,
      6.396265983581543,
      8.120529174804688,
      9.524154663085938,
      9.00261116027832,
      8.484882354736328,
      8.805047035217285,
      8.727466583251953,
      8.069384574890137,
      3.2546098232269287,
      6.174837112426758,
      2.6613430976867676,
      4.382327556610107,
      7.1255574226379395,
      3.405515432357788
    ],
    [
      0.057172536849975586,
      -4.685217380523682,
      7.771984577178955,
      6.396265983581543,
      25.214927673339844,
      20.185009002685547,
      19.476245880126953,
      18.018726348876953,
      12.323129653930664,
      14.670727729797363,
      17.012035369873047,
      18.926340103149414,
      -5.493646621704102,
      6.943273067474365,
      -4.118653774261475,
      3.3813321590423584,
      1.4614700078964233,
      0.4305417239665985
    ],
    [
      -1.620809555053711,
      -6.197567462921143,
      8.370267868041992,
      8.120529174804688,
      20.185009002685547,
      25.373287200927734,
      18.963743209838867,
      19.420066833496094,
      13.654565811157227,
      17.592208862304688,
      17.857650756835938,
      21.1324520111084,
      -1.8404667377471924,
      9.487954139709473,
      0.6104626059532166,
      7.386676788330078,
      5.354063034057617,
      3.5896379947662354
    ],
    [
      1.210823893547058,
      -4.099704742431641,
      10.427865028381348,
      9.524154663085938,
      19.476245880126953,
      18.963743209838867,
      35.356605529785156,
      32.303428649902344,
      28.918088912963867,
      31.343416213989258,
      33.90827941894531,
      34.47631072998047,
      16.099063873291016,
      29.513439178466797,
      13.253340721130371,
      25.847450256347656,
      31.743497848510742,
      18.962400436401367
    ],
    [
      -2.2032864093780518,
      -5.987839698791504,
      9.30881118774414,
      9.00261116027832,
      18.018726348876953,
      19.420066833496094,
      32.303428649902344,
      36.22113800048828,
      30.32587242126465,
      36.257408142089844,
      36.36758804321289,
      40.17670440673828,
      21.573444366455078,
      35.76548767089844,
      17.820344924926758,
      32.07960510253906,
      38.8870735168457,
      23.421436309814453
    ],
    [
      3.0398218631744385,
      -2.13922119140625,
      8.893526077270508,
      8.484882354736328,
      12.323129653930664,
      13.654565811157227,
      28.918088912963867,
      30.32587242126465,
      50.461849212646484,
      48.859535217285156,
      52.11023712158203,
      49.552947998046875,
      45.70039367675781,
      59.87000274658203,
      42.01564025878906,
      59.452232360839844,
      72.93453216552734,
      41.913429260253906
    ],
    [
      -0.31112024188041687,
      -5.649068832397461,
      8.92074966430664,
      8.805047035217285,
      14.670727729797363,
      17.592208862304688,
      31.343416213989258,
      36.257408142089844,
      48.859535217285156,
      56.768131256103516,
      54.62077331542969,
      57.30875015258789,
      44.68446350097656,
      65.1302719116211,
      37.764705657958984,
      62.44170379638672,
      75.19723510742188,
      43.191734313964844
    ],
    [
      -0.6141091585159302,
      -4.659445285797119,
      8.61435604095459,
      8.727466583251953,
      17.012035369873047,
      17.857650756835938,
      33.90827941894531,
      36.36758804321289,
      52.11023712158203,
      54.62077331542969,
      71.19123840332031,
      65.49311065673828,
      54.67169952392578,
      72.76206970214844,
      40.5408935546875,
      65.06966400146484,
      81.82550048828125,
      44.514488220214844
    ],
    [
      -4.342503547668457,
      -8.645094871520996,
      7.967682838439941,
      8.069384574890137,
      18.926340103149414,
      21.1324520111084,
      34.47631072998047,
      40.17670440673828,
      49.552947998046875,
      57.30875015258789,
      65.49311065673828,
      73.85415649414062,
      47.00807189941406,
      75.31550598144531,
      35.4984130859375,
      68.7311782836914,
      81.82604217529297,
      47.30601119995117
    ],
    [
      1.7034157514572144,
      -2.6023542881011963,
      3.7333993911743164,
      3.2546098232269287,
      -5.493646621704102,
      -1.8404667377471924,
      16.099063873291016,
      21.573444366455078,
      45.70039367675781,
      44.68446350097656,
      54.67169952392578,
      47.00807189941406,
      115.3535385131836,
      89.97945404052734,
      87.4240951538086,
      89.70296478271484,
      118.99191284179688,
      70.02362823486328
    ],
    [
      0.6162238717079163,
      -3.0977721214294434,
      6.207215785980225,
      6.174837112426758,
      6.943273067474365,
      9.487954139709473,
      29.513439178466797,
      35.76548767089844,
      59.87000274658203,
      65.1302719116211,
      72.76206970214844,
      75.31550598144531,
      89.97945404052734,
      134.34613037109375,
      72.64131927490234,
      124.24271392822266,
      150.2996826171875,
      89.43705749511719
    ],
    [
      2.370225667953491,
      -4.731456279754639,
      3.759791612625122,
      2.6613430976867676,
      -4.118653774261475,
      0.6104626059532166,
      13.253340721130371,
      17.820344924926758,
      42.01564025878906,
      37.764705657958984,
      40.5408935546875,
      35.4984130859375,
      87.4240951538086,
      72.64131927490234,
      118.90270233154297,
      99.16925048828125,
      123.85765838623047,
      82.55537414550781
    ],
    [
      0.379707008600235,
      -5.367801189422607,
      5.1440839767456055,
      4.382327556610107,
      3.3813321590423584,
      7.386676788330078,
      25.847450256347656,
      32.07960510253906,
      59.452232360839844,
      62.44170379638672,
      65.06966400146484,
      68.7311782836914,
      89.70296478271484,
      124.24271392822266,
      99.16925048828125,
      138.62570190429688,
      159.34999084472656,
      103.78174591064453
    ],
    [
      2.817030429840088,
      -3.015178918838501,
      7.265970706939697,
      7.1255574226379395,
      1.4614700078964233,
      5.354063034057617,
      31.743497848510742,
      38.8870735168457,
      72.93453216552734,
      75.19723510742188,
      81.82550048828125,
      81.82604217529297,
      118.99191284179688,
      150.2996826171875,
      123.85765838623047,
      159.34999084472656,
      204.05880737304688,
      123.78795623779297
    ],
    [
      0.6369011402130127,
      -3.531867027282715,
      4.063185691833496,
      3.405515432357788,
      0.4305417239665985,
      3.5896379947662354,
      18.962400436401367,
      23.421436309814453,
      41.913429260253906,
      43.191734313964844,
      44.514488220214844,
      47.30601119995117,
      70.02362823486328,
      89.43705749511719,
      82.55537414550781,
      103.78174591064453,
      123.78795623779297,
      85.5118179321289
    ]
  ],
  "covariance_short": [
    [
      68.73640441894531,
      53.71890640258789,
      13.599162101745605,
      7.175159454345703,
      15.448131561279297,
      14.227381706237793,
      25.28595733642578,
      23.001562118530273,
      27.33858299255371,
      28.679237365722656,
      28.34325408935547,
      28.572229385375977,
      8.838263511657715,
      22.073274612426758,
      2.7175443172454834,
      17.738544464111328,
      23.50672149658203,
      11.325445175170898
    ],
    [
      53.71890640258789,
      75.05403137207031,
      12.06835651397705,
      12.687342643737793,
      12.567583084106445,
      12.280949592590332,
      23.652156829833984,
      22.403858184814453,
      26.465328216552734,
      28.11424446105957,
      27.26471710205078,
      26.979721069335938,
      7.810680866241455,
      23.22857666015625,
      -1.451053500175476,
      16.124149322509766,
      21.46519660949707,
      9.465067863464355
    ],
    [
      13.599162101745605,
      12.06835651397705,
      13.629171371459961,
      7.2400712966918945,
      7.180974006652832,
      5.9623613357543945,
      9.389808654785156,
      7.540961265563965,
      8.246304512023926,
      7.038749694824219,
      7.400529861450195,
      5.784400939941406,
      3.760052442550659,
      4.984286785125732,
      3.6529297828674316,
      4.129690647125244,
      5.353837013244629,
      3.417827606201172
    ],
    [
      7.175159454345703,
      12.687342643737793,
      7.2400712966918945,
      15.057520866394043,
      4.323537826538086,
      5.432635307312012,
      5.716660976409912,
      5.288085460662842,
      4.9233903884887695,
      4.605940341949463,
      4.383805751800537,
      3.1718108654022217,
      1.312390685081482,
      3.13742733001709,
      0.955444872379303,
      1.4089857339859009,
      2.7502763271331787,
      1.2357380390167236
    ],
    [
      15.448131561279297,
      12.567583084106445,
      7.180974006652832,
      4.323537826538086,
      28.687700271606445,
      19.443130493164062,
      20.915443420410156,
      18.17022705078125,
      13.629532814025879,
      14.33004379272461,
      17.26782989501953,
      18.62494468688965,
      -3.3985326290130615,
      7.286749362945557,
      -2.3657965660095215,
      3.055172920227051,
      1.218345284461975,
      0.2584230601787567
    ],
    [
      14.227381706237793,
      12.280949592590332,
      5.9623613357543945,
      5.432635307312012,
      19.443130493164062,
      27.977598190307617,
      18.87723731994629,
      19.30954360961914,
      13.483000755310059,
      16.746023178100586,
      17.05752944946289,
      20.357938766479492,
      -0.459818959236145,
      9.633051872253418,
      0.34435760974884033,
      6.431247234344482,
      3.874462366104126,
      2.458402395248413
    ],
    [
      25.28595733642578,
      23.652156829833984,
      9.389808654785156,
      5.716660976409912,
      20.915443420410156,
      18.87723731994629,
      38.74355697631836,
      32.33928298950195,
      31.03856658935547,
      31.865800857543945,
      35.215667724609375,
      35.871620178222656,
      15.294203758239746,
      29.51313591003418,
      12.19992446899414,
      24.772998809814453,
      27.130298614501953,
      16.255855560302734
    ],
    [
      23.001562118530273,
      22.403858184814453,
      7.540961265563965,
      5.288085460662842,
      18.17022705078125,
      19.30954360961914,
      32.33928298950195,
      38.039554595947266,
      30.270559310913086,
      35.50769805908203,
      35.652626037597656,
      39.85069274902344,
      19.5134220123291,
      34.428428649902344,
      15.0716552734375,
      29.54068946838379,
      31.9141845703125,
      19.404788970947266
    ],
    [
      27.33858299255371,
      26.465328216552734,
      8.246304512023926,
      4.9233903884887695,
      13.629532814025879,
      13.483000755310059,
      31.03856658935547,
      30.270559310913086,
      56.95450973510742,
      49.593997955322266,
      56.59519577026367,
      52.23387908935547,
      46.335777282714844,
      61.456459045410156,
      44.12633514404297,
      59.83951950073242,
      72.7583999633789,
      40.954612731933594
    ],
    [
      28.679237365722656,
      28.11424446105957,
      7.038749694824219,
      4.605940341949463,
      14.33004379272461,
      16.746023178100586,
      31.865800857543945,
      35.50769805908203,
      49.593997955322266,
      58.37629318237305,
      55.42101287841797,
      58.176639556884766,
      42.94253921508789,
      64.5083236694336,
      36.68156051635742,
      60.21748733520508,
      69.30375671386719,
      40.111454010009766
    ],
    [
      28.34325408935547,
      27.26471710205078,
      7.400529861450195,
      4.383805751800537,
      17.26782989501953,
      17.05752944946289,
      35.215667724609375,
      35.652626037597656,
      56.59519577026367,
      55.42101287841797,
      79.1691665649414,
      66.75188446044922,
      57.218475341796875,
      73.71951293945312,
      45.61506271362305,
      66.40933990478516,
      82.30725860595703,
      44.32764434814453
    ],
    [
      28.572229385375977,
      26.979721069335938,
      5.784400939941406,
      3.1718108654022217,
      18.62494468688965,
      20.357938766479492,
      35.871620178222656,
      39.85069274902344,
      52.23387908935547,
      58.176639556884766,
      66.75188446044922,
      79.21739959716797,
      46.30195236206055,
      77.47647094726562,
      36.41642761230469,
      69.64839172363281,
      79.34239959716797,
      46.234310150146484
    ],
    [
      8.838263511657715,
      7.810680866241455,
      3.760052442550659,
      1.312390685081482,
      -3.3985326290130615,
      -0.459818959236145,
      15.294203758239746,
      19.5134220123291,
      46.335777282714844,
      42.94253921508789,
      57.218475341796875,
      46.30195236206055,
      118.33676147460938,
      87.42340087890625,
      94.73404693603516,
      89.38031005859375,
      123.61846160888672,
      70.20738983154297
    ],
    [
      22.073274612426758,
      23.22857666015625,
      4.984286785125732,
      3.13742733001709,
      7.286749362945557,
      9.633051872253418,
      29.51313591003418,
      34.428428649902344,
      61.456459045410156,
      64.5083236694336,
      73.71951293945312,
      77.47647094726562,
      87.42340087890625,
      136.18960571289062,
      73.9446029663086,
      123.7452621459961,
      146.20216369628906,
      87.19013977050781
    ],
    [
      2.7175443172454834,
      -1.451053500175476,
      3.6529297828674316,
      0.955444872379303,
      -2.3657965660095215,
      0.34435760974884033,
      12.19992446899414,
      15.0716552734375,
      44.12633514404297,
      36.68156051635742,
      45.61506271362305,
      36.41642761230469,
      94.73404693603516,
      73.9446029663086,
      131.26438903808594,
      104.64291381835938,
      137.60426330566406,
      87.83747100830078
    ],
    [
      17.738544464111328,
      16.124149322509766,
      4.129690647125244,
      1.4089857339859009,
      3.055172920227051,
      6.431247234344482,
      24.772998809814453,
      29.54068946838379,
      59.83951950073242,
      60.21748733520508,
      66.40933990478516,
      69.64839172363281,
      89.38031005859375,
      123.7452621459961,
      104.64291381835938,
      140.0529327392578,
      158.1524200439453,
      102.91519165039062
    ],
    [
      23.50672149658203,
      21.46519660949707,
      5.353837013244629,
      2.7502763271331787,
      1.218345284461975,
      3.874462366104126,
      27.130298614501953,
      31.9141845703125,
      72.7583999633789,
      69.30375671386719,
      82.30725860595703,
      79.34239959716797,
      123.61846160888672,
      146.20216369628906,
      137.60426330566406,
      158.1524200439453,
      204.99998474121094,
      124.06707000732422
    ],
    [
      11.325445175170898,
      9.465067863464355,
      3.417827606201172,
      1.2357380390167236,
      0.2584230601787567,
      2.458402395248413,
      16.255855560302734,
      19.404788970947266,
      40.954612731933594,
      40.111454010009766,
      44.32764434814453,
      46.234310150146484,
      70.20738983154297,
      87.19013977050781,
      87.83747100830078,
      102.91519165039062,
      124.06707000732422,
      85.8442611694336
    ]
  ],
  "damage": -8.473276138305664,
  "diff_bandwidth": 688.0593872070312,
  "dissonance": 4.727815543202135,
  "drr": 3.7383790016174316,
  "dynamics": 2.900914192199707,
  "format": 1245190,
  "frames": 7225280,
  "loudness": -14.622678756713867,
  "loudness_range": 7.666313171386719,
  "loudness_range_short": 8.972395896911621,
  "lowpass_true_peak_15khz": -0.27417218685150146,
  "mastering3_acoustic_entropies": [
    {
      "acoustic_entropy": 6.644927501678467,
      "acoustic_entropy_mono": 6.565393447875977,
      "band_eliminated_acoustic_entropies": [
        {
          "acoustic_entropy": 6.642597198486328,
          "acoustic_entropy_side": 6.644514083862305,
          "hz": 129.47220167065723
        },
        {
          "acoustic_entropy": 6.558683395385742,
          "acoustic_entropy_side": 6.63839864730835,
          "hz": 202.92927478742237
        },
        {
          "acoustic_entropy": 6.617550373077393,
          "acoustic_entropy_side": 6.567481517791748,
          "hz": 282.89161906338205
        },
        {
          "acoustic_entropy": 6.93785285949707,
          "acoustic_entropy_side": 6.660977363586426,
          "hz": 369.9353335868758
        },
        {
          "acoustic_entropy": 7.330416202545166,
          "acoustic_entropy_side": 6.846249580383301,
          "hz": 464.6875360973435
        },
        {
          "acoustic_entropy": 7.082015037536621,
          "acoustic_entropy_side": 6.7860565185546875,
          "hz": 567.8308811364784
        },
        {
          "acoustic_entropy": 6.997419834136963,
          "acoustic_entropy_side": 6.649887561798096,
          "hz": 680.1084783214808
        },
        {
          "acoustic_entropy": 6.07915735244751,
          "acoustic_entropy_side": 6.5139851570129395,
          "hz": 802.3292461747484
        },
        {
          "acoustic_entropy": 6.95395040512085,
          "acoustic_entropy_side": 6.7806477546691895,
          "hz": 935.3737400823702
        },
        {
          "acoustic_entropy": 6.890267372131348,
          "acoustic_entropy_side": 6.774386882781982,
          "hz": 1080.2004963696966
        },
        {
          "acoustic_entropy": 6.8938889503479,
          "acoustic_entropy_side": 6.734095096588135,
          "hz": 1237.8529382007157
        },
        {
          "acoustic_entropy": 6.494770050048828,
          "acoustic_entropy_side": 6.610845565795898,
          "hz": 1409.4668930556702
        },
        {
          "acoustic_entropy": 6.919670104980469,
          "acoustic_entropy_side": 6.686199188232422,
          "hz": 1596.2787759475705
        },
        {
          "acoustic_entropy": 6.493228912353516,
          "acoustic_entropy_side": 6.6381659507751465,
          "hz": 1799.6344973346393
        },
        {
          "acoustic_entropy": 6.559162616729736,
          "acoustic_entropy_side": 6.66197395324707,
          "hz": 2020.9991599069049
        },
        {
          "acoustic_entropy": 6.723067283630371,
          "acoustic_entropy_side": 6.7044548988342285,
          "hz": 2261.9676141086993
        },
        {
          "acoustic_entropy": 6.856908798217773,
          "acoustic_entropy_side": 6.707612991333008,
          "hz": 2524.2759484456974
        },
        {
          "acoustic_entropy": 6.661328315734863,
          "acoustic_entropy_side": 6.658701419830322,
          "hz": 2809.813997359896
        },
        {
          "acoustic_entropy": 6.768188953399658,
          "acoustic_entropy_side": 6.65018367767334,
          "hz": 3120.6389567871424
        },
        {
          "acoustic_entropy": 6.705039024353027,
          "acoustic_entropy_side": 6.684685230255127,
          "hz": 3458.990205492291
        },
        {
          "acoustic_entropy": 6.6749444007873535,
          "acoustic_entropy_side": 6.656776428222656,
          "hz": 3827.305438964164
        },
        {
          "acoustic_entropy": 6.701127052307129,
          "acoustic_entropy_side": 6.646854877471924,
          "hz": 4228.238232109126
        },
        {
          "acoustic_entropy": 6.733438014984131,
          "acoustic_entropy_side": 6.646705627441406,
          "hz": 4664.6771572759235
        },
        {
          "acoustic_entropy": 6.663669586181641,
          "acoustic_entropy_side": 6.644444942474365,
          "hz": 5139.766595350093
        },
        {
          "acoustic_entropy": 6.496896743774414,
          "acoustic_entropy_side": 6.64445686340332,
          "hz": 5656.929389854203
        },
        {
          "acoustic_entropy": 6.693811416625977,
          "acoustic_entropy_side": 6.6428375244140625,
          "hz": 6219.891507268283
        },
        {
          "acoustic_entropy": 6.658985614776611,
          "acoustic_entropy_side": 6.644373893737793,
          "hz": 6832.70888123896
        },
        {
          "acoustic_entropy": 6.638548374176025,
          "acoustic_entropy_side": 6.641875267028809,
          "hz": 7499.796634079867
        },
        {
          "acoustic_entropy": 6.721538543701172,
          "acoustic_entropy_side": 6.639906406402588,
          "hz": 8225.96088609342
        },
        {
          "acoustic_entropy": 6.8426995277404785,
          "acoustic_entropy_side": 6.648345470428467,
          "hz": 9016.43338188839
        },
        {
          "acoustic_entropy": 6.743624687194824,
          "acoustic_entropy_side": 6.6346259117126465,
          "hz": 9876.909183162974
        },
        {
          "acoustic_entropy": 6.7775774002075195,
          "acoustic_entropy_side": 6.634647369384766,
          "hz": 10813.587699516042
        },
        {
          "acoustic_entropy": 6.642649173736572,
          "acoustic_entropy_side": 6.64020299911499,
          "hz": 11833.21735289826
        },
        {
          "acoustic_entropy": 6.752012252807617,
          "acoustic_entropy_side": 6.64214563369751,
          "hz": 12943.144197493959
        },
        {
          "acoustic_entropy": 6.622875690460205,
          "acoustic_entropy_side": 6.641576766967773,
          "hz": 14151.364845322005
        },
        {
          "acoustic_entropy": 6.715912818908691,
          "acoustic_entropy_side": 6.644900798797607,
          "hz": 15466.58407886509
        },
        {
          "acoustic_entropy": 6.769885063171387,
          "acoustic_entropy_side": 6.645403861999512,
          "hz": 16898.27756580493
        },
        {
          "acoustic_entropy": 6.743902206420898,
          "acoustic_entropy_side": 6.645052433013916,
          "hz": 18456.760127700032
        },
        {
          "acoustic_entropy": 6.655492305755615,
          "acoustic_entropy_side": 6.6446003913879395,
          "hz": 20153.260054456492
        },
        {
          "acoustic_entropy": 6.649935722351074,
          "acoustic_entropy_side": 6.644684791564941,
          "hz": 22000.00000000001
        }
      ],
      "diff_acoustic_entropy": 3.3309502601623535,
      "sn": 6
    },
    {
      "acoustic_entropy": 10.820239067077637,
      "acoustic_entropy_mono": 10.386032104492188,
      "band_eliminated_acoustic_entropies": [
        {
          "acoustic_entropy": 10.755400657653809,
          "acoustic_entropy_side": 10.810223579406738,
          "hz": 129.47220167065723
        },
        {
          "acoustic_entropy": 10.669962882995605,
          "acoustic_entropy_side": 10.758739471435547,
          "hz": 202.92927478742237
        },
        {
          "acoustic_entropy": 9.878596305847168,
          "acoustic_entropy_side": 10.613080024719238,
          "hz": 282.89161906338205
        },
        {
          "acoustic_entropy": 11.236162185668945,
          "acoustic_entropy_side": 10.605291366577148,
          "hz": 369.9353335868758
        },
        {
          "acoustic_entropy": 11.298922538757324,
          "acoustic_entropy_side": 11.277960777282715,
          "hz": 464.6875360973435
        },
        {
          "acoustic_entropy": 10.592300415039062,
          "acoustic_entropy_side": 10.782434463500977,
          "hz": 567.8308811364784
        },
        {
          "acoustic_entropy": 11.798632621765137,
          "acoustic_entropy_side": 11.23946475982666,
          "hz": 680.1084783214808
        },
        {
          "acoustic_entropy": 9.942747116088867,
          "acoustic_entropy_side": 10.596644401550293,
          "hz": 802.3292461747484
        },
        {
          "acoustic_entropy": 11.70261287689209,
          "acoustic_entropy_side": 11.487936019897461,
          "hz": 935.3737400823702
        },
        {
          "acoustic_entropy": 11.095974922180176,
          "acoustic_entropy_side": 10.895503997802734,
          "hz": 1080.2004963696966
        },
        {
          "acoustic_entropy": 11.432758331298828,
          "acoustic_entropy_side": 10.86428165435791,
          "hz": 1237.8529382007157
        },
        {
          "acoustic_entropy": 10.80545425415039,
          "acoustic_entropy_side": 10.8944091796875,
          "hz": 1409.4668930556702
        },
        {
          "acoustic_entropy": 11.16028118133545,
          "acoustic_entropy_side": 10.992775917053223,
          "hz": 1596.2787759475705
        },
        {
          "acoustic_entropy": 11.183473587036133,
          "acoustic_entropy_side": 10.839211463928223,
          "hz": 1799.6344973346393
        },
        {
          "acoustic_entropy": 10.58675479888916,
          "acoustic_entropy_side": 10.680145263671875,
          "hz": 2020.9991599069049
        },
        {
          "acoustic_entropy": 10.607135772705078,
          "acoustic_entropy_side": 10.864779472351074,
          "hz": 2261.9676141086993
        },
        {
          "acoustic_entropy": 11.571419715881348,
          "acoustic_entropy_side": 10.937350273132324,
          "hz": 2524.2759484456974
        },
        {
          "acoustic_entropy": 10.919257164001465,
          "acoustic_entropy_side": 10.827099800109863,
          "hz": 2809.813997359896
        },
        {
          "acoustic_entropy": 10.750967025756836,
          "acoustic_entropy_side": 10.790075302124023,
          "hz": 3120.6389567871424
        },
        {
          "acoustic_entropy": 11.019835472106934,
          "acoustic_entropy_side": 10.85500717163086,
          "hz": 3458.990205492291
        },
        {
          "acoustic_entropy": 10.917469024658203,
          "acoustic_entropy_side": 10.753251075744629,
          "hz": 3827.305438964164
        },
        {
          "acoustic_entropy": 11.09909439086914,
          "acoustic_entropy_side": 10.789127349853516,
          "hz": 4228.238232109126
        },
        {
          "acoustic_entropy": 11.21670913696289,
          "acoustic_entropy_side": 10.725634574890137,
          "hz": 4664.6771572759235
        },
        {
          "acoustic_entropy": 10.441059112548828,
          "acoustic_entropy_side": 10.8269624710083,
          "hz": 5139.766595350093
        },
        {
          "acoustic_entropy": 10.743616104125977,
          "acoustic_entropy_side": 10.63905143737793,
          "hz": 5656.929389854203
        },
        {
          "acoustic_entropy": 10.640796661376953,
          "acoustic_entropy_side": 10.699289321899414,
          "hz": 6219.891507268283
        },
        {
          "acoustic_entropy": 11.003738403320312,
          "acoustic_entropy_side": 10.747208595275879,
          "hz": 6832.70888123896
        },
        {
          "acoustic_entropy": 10.57968807220459,
          "acoustic_entropy_side": 10.813790321350098,
          "hz": 7499.796634079867
        },
        {
          "acoustic_entropy": 11.120101928710938,
          "acoustic_entropy_side": 11.074274063110352,
          "hz": 8225.96088609342
        },
        {
          "acoustic_entropy": 11.01697826385498,
          "acoustic_entropy_side": 11.158927917480469,
          "hz": 9016.43338188839
        },
        {
          "acoustic_entropy": 10.935816764831543,
          "acoustic_entropy_side": 11.199856758117676,
          "hz": 9876.909183162974
        },
        {
          "acoustic_entropy": 11.064021110534668,
          "acoustic_entropy_side": 11.253159523010254,
          "hz": 10813.587699516042
        },
        {
          "acoustic_entropy": 10.538841247558594,
          "acoustic_entropy_side": 11.25472354888916,
          "hz": 11833.21735289826
        },
        {
          "acoustic_entropy": 11.275667190551758,
          "acoustic_entropy_side": 11.156932830810547,
          "hz": 12943.144197493959
        },
        {
          "acoustic_entropy": 10.924853324890137,
          "acoustic_entropy_side": 11.013577461242676,
          "hz": 14151.364845322005
        },
        {
          "acoustic_entropy": 11.284564018249512,
          "acoustic_entropy_side": 10.944878578186035,
          "hz": 15466.58407886509
        },
        {
          "acoustic_entropy": 10.854097366333008,
          "acoustic_entropy_side": 10.850730895996094,
          "hz": 16898.27756580493
        },
        {
          "acoustic_entropy": 10.789998054504395,
          "acoustic_entropy_side": 10.840664863586426,
          "hz": 18456.760127700032
        },
        {
          "acoustic_entropy": 11.099715232849121,
          "acoustic_entropy_side": 10.850568771362305,
          "hz": 20153.260054456492
        },
        {
          "acoustic_entropy": 10.902425765991211,
          "acoustic_entropy_side": 10.835742950439453,
          "hz": 22000.00000000001
        }
      ],
      "diff_acoustic_entropy": 6.351880073547363,
      "sn": 12
    },
    {
      "acoustic_entropy": 17.983585357666016,
      "acoustic_entropy_mono": 16.629560470581055,
      "band_eliminated_acoustic_entropies": [
        {
          "acoustic_entropy": 18.22015380859375,
          "acoustic_entropy_side": 18.038135528564453,
          "hz": 129.47220167065723
        },
        {
          "acoustic_entropy": 17.21843719482422,
          "acoustic_entropy_side": 17.084510803222656,
          "hz": 202.92927478742237
        },
        {
          "acoustic_entropy": 17.227609634399414,
          "acoustic_entropy_side": 17.64105796813965,
          "hz": 282.89161906338205
        },
        {
          "acoustic_entropy": 17.852073669433594,
          "acoustic_entropy_side": 17.852487564086914,
          "hz": 369.9353335868758
        },
        {
          "acoustic_entropy": 17.7542781829834,
          "acoustic_entropy_side": 18.166667938232422,
          "hz": 464.6875360973435
        },
        {
          "acoustic_entropy": 17.799592971801758,
          "acoustic_entropy_side": 17.6968994140625,
          "hz": 567.8308811364784
        },
        {
          "acoustic_entropy": 17.91610336303711,
          "acoustic_entropy_side": 18.40139389038086,
          "hz": 680.1084783214808
        },
        {
          "acoustic_entropy": 16.560361862182617,
          "acoustic_entropy_side": 17.75786781311035,
          "hz": 802.3292461747484
        },
        {
          "acoustic_entropy": 19.006067276000977,
          "acoustic_entropy_side": 18.485607147216797,
          "hz": 935.3737400823702
        },
        {
          "acoustic_entropy": 17.779298782348633,
          "acoustic_entropy_side": 17.460983276367188,
          "hz": 1080.2004963696966
        },
        {
          "acoustic_entropy": 17.655500411987305,
          "acoustic_entropy_side": 18.2902889251709,
          "hz": 1237.8529382007157
        },
        {
          "acoustic_entropy": 18.062435150146484,
          "acoustic_entropy_side": 18.298053741455078,
          "hz": 1409.4668930556702
        },
        {
          "acoustic_entropy": 18.321550369262695,
          "acoustic_entropy_side": 18.0758113861084,
          "hz": 1596.2787759475705
        },
        {
          "acoustic_entropy": 17.950471878051758,
          "acoustic_entropy_side": 17.462263107299805,
          "hz": 1799.6344973346393
        },
        {
          "acoustic_entropy": 18.528377532958984,
          "acoustic_entropy_side": 18.581865310668945,
          "hz": 2020.9991599069049
        },
        {
          "acoustic_entropy": 17.34381675720215,
          "acoustic_entropy_side": 17.08110809326172,
          "hz": 2261.9676141086993
        },
        {
          "acoustic_entropy": 17.95136833190918,
          "acoustic_entropy_side": 17.864992141723633,
          "hz": 2524.2759484456974
        },
        {
          "acoustic_entropy": 17.725282669067383,
          "acoustic_entropy_side": 17.7718448638916,
          "hz": 2809.813997359896
        },
        {
          "acoustic_entropy": 18.453969955444336,
