{
  "acoustic_entropy": 40.59803009033203,
  "bands": [
    {
      "high_freq": 148.1999969482422,
      "loudness": -17.10660171508789,
      "loudness_range": 6.733097076416016,
      "mid_mean": -51.193328857421875,
      "mid_to_side_loudness": -29.022573471069336,
      "mid_to_side_loudness_range": 48.623741149902344,
      "side_mean": -69.9983901977539
    },
    {
      "high_freq": 392.3793640136719,
      "loudness": -18.90776252746582,
      "loudness_range": 5.43485164642334,
      "low_freq": 148.1999969482422,
      "mid_mean": -51.90261459350586,
      "mid_to_side_loudness": -20.21695327758789,
      "mid_to_side_loudness_range": 49.0738410949707,
      "side_mean": -69.98762512207031
    },
    {
      "high_freq": 794.6976318359375,
      "loudness": -38.54464340209961,
      "loudness_range": 22.3089599609375,
      "low_freq": 392.3793640136719,
      "mid_mean": -37.08600997924805,
      "mid_to_side_loudness": -38.12287139892578,
      "mid_to_side_loudness_range": 51.338134765625,
      "side_mean": -69.99571990966797
    },
    {
      "high_freq": 1457.5709228515625,
      "loudness": -46.685394287109375,
      "loudness_range": 14.700946807861328,
      "low_freq": 794.6976318359375,
      "mid_mean": -53.62477493286133,
      "mid_to_side_loudness": -28.20652961730957,
      "mid_to_side_loudness_range": 53.46332550048828,
      "side_mean": -69.99929809570312
    },
    {
      "high_freq": 2549.74365234375,
      "loudness": -45.36537170410156,
      "loudness_range": 22.8114013671875,
      "low_freq": 1457.5709228515625,
      "mid_mean": -50.839515686035156,
      "mid_to_side_loudness": -42.663700103759766,
      "mid_to_side_loudness_range": 54.57558822631836,
      "side_mean": -69.99901580810547
    },
    {
      "high_freq": 4349.24462890625,
      "loudness": -48.03622817993164,
      "loudness_range": 21.83499526977539,
      "low_freq": 2549.74365234375,
      "mid_mean": -54.0671272277832,
      "mid_to_side_loudness": -34.310386657714844,
      "mid_to_side_loudness_range": 57.55112838745117,
      "side_mean": -69.99781036376953
    },
    {
      "high_freq": 7314.1640625,
      "loudness": -46.542659759521484,
      "loudness_range": 24.28546142578125,
      "low_freq": 4349.24462890625,
      "mid_mean": -53.37684631347656,
      "mid_to_side_loudness": -30.5378360748291,
      "mid_to_side_loudness_range": 55.24781036376953,
      "side_mean": -69.99748992919922
    },
    {
      "high_freq": 12199.2666015625,
      "loudness": -40.62067794799805,
      "loudness_range": 16.10101318359375,
      "low_freq": 7314.1640625,
      "mid_mean": -54.61528015136719,
      "mid_to_side_loudness": -19.787588119506836,
      "mid_to_side_loudness_range": 46.907630920410156,
      "side_mean": -69.99156951904297
    },
    {
      "loudness": -44.87104797363281,
      "loudness_range": 13.47390365600586,
      "low_freq": 12199.2666015625,
      "mid_mean": -57.35150146484375,
      "mid_to_side_loudness": -11.599770545959473,
      "mid_to_side_loudness_range": 43.09684371948242,
      "side_mean": -69.97161865234375
    }
  ],
  "bands_short": [
    {
      "high_freq": 148.1999969482422,
      "loudness": -19.770044326782227,
      "loudness_range": 10.081965446472168,
      "mid_mean": -52.71443176269531,
      "mid_to_side_loudness": -25.505781173706055,
      "mid_to_side_loudness_range": 41.77699661254883,
      "side_mean": -69.99856567382812
    },
    {
      "high_freq": 392.3793640136719,
      "loudness": -17.525827407836914,
      "loudness_range": 8.171205520629883,
      "low_freq": 148.1999969482422,
      "mid_mean": -52.044559478759766,
      "mid_to_side_loudness": -16.429039001464844,
      "mid_to_side_loudness_range": 35.938682556152344,
      "side_mean": -69.99032592773438
    },
    {
      "high_freq": 794.6976318359375,
      "loudness": -38.29995346069336,
      "loudness_range": 22.514432907104492,
      "low_freq": 392.3793640136719,
      "mid_mean": -53.33821487426758,
      "mid_to_side_loudness": -26.28968620300293,
      "mid_to_side_loudness_range": 47.93876266479492,
      "side_mean": -69.99629211425781
    },
    {
      "high_freq": 1457.5709228515625,
      "loudness": -48.079559326171875,
      "loudness_range": 30.78245735168457,
      "low_freq": 794.6976318359375,
      "mid_mean": -58.842124938964844,
      "mid_to_side_loudness": -29.012052536010742,
      "mid_to_side_loudness_range": 53.022857666015625,
      "side_mean": -69.99921417236328
    },
    {
      "high_freq": 2549.74365234375,
      "loudness": -49.39719009399414,
      "loudness_range": 35.79328918457031,
      "low_freq": 1457.5709228515625,
      "mid_mean": -59.251922607421875,
      "mid_to_side_loudness": -33.67904281616211,
      "mid_to_side_loudness_range": 53.34856414794922,
      "side_mean": -69.99909210205078
    },
    {
      "high_freq": 4349.24462890625,
      "loudness": -56.265506744384766,
      "loudness_range": 39.156776428222656,
      "low_freq": 2549.74365234375,
      "mid_mean": -63.082069396972656,
      "mid_to_side_loudness": -26.788707733154297,
      "mid_to_side_loudness_range": 45.38263702392578,
      "side_mean": -69.99776458740234
    },
    {
      "high_freq": 7314.1640625,
      "loudness": -55.829471588134766,
      "loudness_range": 42.38249206542969,
      "low_freq": 4349.24462890625,
      "mid_mean": -63.3939208984375,
      "mid_to_side_loudness": -25.27752113342285,
      "mid_to_side_loudness_range": 43.728599548339844,
      "side_mean": -69.99748229980469
    },
    {
      "high_freq": 12199.2666015625,
      "loudness": -50.917457580566406,
      "loudness_range": 41.931640625,
      "low_freq": 7314.1640625,
      "mid_mean": -65.27961730957031,
      "mid_to_side_loudness": -15.579780578613281,
      "mid_to_side_loudness_range": 30.41671371459961,
      "side_mean": -69.9916763305664
    },
    {
      "loudness": -52.68857192993164,
      "loudness_range": 37.55928039550781,
      "low_freq": 12199.2666015625,
      "mid_mean": -66.74836730957031,
      "mid_to_side_loudness": -5.47227144241333,
      "mid_to_side_loudness_range": 25.07363510131836,
      "side_mean": -69.97154235839844
    }
  ],
  "bandwidth": 208.74986267089844,
  "channels": 2,
  "covariance": [
    [
      684.2015380859375,
      0.063449427485466,
      662.3076782226562,
      0.48045673966407776,
      164.6963653564453,
      0.15947146713733673,
      241.9397430419922,
      0.02071891352534294,
      140.3401336669922,
      0.018048319965600967,
      147.8733367919922,
      0.05436128377914429,
      137.65000915527344,
      0.04360322654247284,
      73.3879623413086,
      0.1495097279548645,
      53.71430206298828,
      0.4536585211753845
    ],
    [
      0.063449427485466,
      0.00020024909463245422,
      0.05894705280661583,
      0.000519354420248419,
      0.00815516710281372,
      0.00022315056412480772,
      0.018994761630892754,
      3.37990750267636e-05,
      0.004782991483807564,
      3.646412369562313e-05,
      0.005457207094877958,
      9.122597839450464e-05,
      -0.0019234992796555161,
      4.83076146338135e-05,
      -0.011835199780762196,
      2.084049629047513e-05,
      -0.010128170251846313,
      4.387346780276857e-05
    ],
    [
      662.3076782226562,
      0.05894705280661583,
      643.9349365234375,
      0.44071444869041443,
      160.69873046875,
      0.15049639344215393,
      234.8272705078125,
      0.019237516447901726,
      134.2891845703125,
      0.016784317791461945,
      142.40460205078125,
      0.050819892436265945,
      132.56375122070312,
      0.041033897548913956,
      70.06663513183594,
      0.14362859725952148,
      51.145137786865234,
      0.4384799003601074
    ],
    [
      0.48045673966407776,
      0.000519354420248419,
      0.44071444869041443,
      0.009513212367892265,
      0.10668971389532089,
      0.002650266047567129,
      0.17830252647399902,
      0.00039400969399139285,
      0.061765749007463455,
      0.00013144785771146417,
      0.07951577007770538,
      0.0006713399779982865,
      0.04690273106098175,
      0.0004554439801722765,
      -0.032816607505083084,
      0.00013141409726813436,
      -0.030343670397996902,
      0.00014825037214905024
    ],
    [
      164.6963653564453,
      0.00815516710281372,
      160.69873046875,
      0.10668971389532089,
      107.3700180053711,
      0.053074099123477936,
      101.49113464355469,
      0.005511908326297998,
      57.54270935058594,
      0.0008536790846846998,
      82.28141021728516,
      0.010385953821241856,
      82.65569305419922,
      0.0062894453294575214,
      71.8283920288086,
      0.012021401897072792,
      62.95649337768555,
      0.03716195374727249
    ],
    [
      0.15947146713733673,
      0.00022315056412480772,
      0.15049639344215393,
      0.002650266047567129,
      0.053074099123477936,
      0.0019187264842912555,
      0.07408053427934647,
      0.00014354386075865477,
      0.058574091643095016,
      6.279144145082682e-05,
      0.06888677924871445,
      0.0003248685097787529,
      0.06429543346166611,
      0.00020872587629128247,
      0.06485331058502197,
      2.308838884346187e-05,
      0.059640463441610336,
      1.791124486771878e-05
    ],
    [
      241.9397430419922,
      0.018994761630892754,
      234.8272705078125,
      0.17830252647399902,
      101.49113464355469,
      0.07408053427934647,
      191.3600616455078,
      0.009350340813398361,
      177.9928436279297,
      0.006960946135222912,
      176.6287841796875,
      0.023004133254289627,
      182.82464599609375,
      0.020594675093889236,
      168.07456970214844,
      0.059123847633600235,
      142.77442932128906,
      0.19607709348201752
    ],
    [
      0.02071891352534294,
      3.37990750267636e-05,
      0.019237516447901726,
      0.00039400969399139285,
      0.005511908326297998,
      0.00014354386075865477,
      0.009350340813398361,
      2.1962809114484116e-05,
      0.005169923882931471,
      7.373138032562565e-06,
      0.006155574228614569,
      3.6621317121898755e-05,
      0.004587911535054445,
      2.404873157502152e-05,
      0.002104360144585371,
      5.297797542880289e-06,
      0.0017734714783728123,
      7.337603619816946e-06
    ],
    [
      140.3401336669922,
      0.004782991483807564,
      134.2891845703125,
      0.061765749007463455,
      57.54270935058594,
      0.058574091643095016,
      177.9928436279297,
      0.005169923882931471,
      223.0066375732422,
      0.00540278572589159,
      200.05270385742188,
      0.01569836214184761,
      213.61106872558594,
      0.01751539297401905,
      222.1058349609375,
      0.04661254212260246,
      190.69039916992188,
      0.1775238811969757
    ],
    [
      0.018048319965600967,
      3.646412369562313e-05,
      0.016784317791461945,
      0.00013144785771146417,
      0.0008536790846846998,
      6.279144145082682e-05,
      0.006960946135222912,
      7.373138032562565e-06,
      0.00540278572589159,
      7.976259439601563e-06,
      0.004206997808068991,
      2.042851338046603e-05,
      0.00269353948533535,
      1.1949086911045015e-05,
      -3.8183054584806086e-07,
      7.127652679628227e-06,
      -0.00016506112297065556,
      1.746937596180942e-05
    ],
    [
      147.8733367919922,
      0.005457207094877958,
      142.40460205078125,
      0.07951577007770538,
      82.28141021728516,
      0.06888677924871445,
      176.6287841796875,
      0.006155574228614569,
      200.05270385742188,
      0.004206997808068991,
      193.62452697753906,
      0.01578136347234249,
      206.27830505371094,
      0.015438425354659557,
      211.0318603515625,
      0.035639822483062744,
      182.3602752685547,
      0.13192759454250336
    ],
    [
      0.05436128377914429,
      9.122597839450464e-05,
      0.050819892436265945,
      0.0006713399779982865,
      0.010385953821241856,
      0.0003248685097787529,
      0.023004133254289627,
      3.6621317121898755e-05,
      0.01569836214184761,
      2.042851338046603e-05,
      0.01578136347234249,
      7.797599391778931e-05,
      0.012110503390431404,
      4.8798174248076975e-05,
      0.006075199693441391,
      1.5953733964124694e-05,
      0.0051570432260632515,
      3.259759250795469e-05
    ],
    [
      137.65000915527344,
      -0.0019234992796555161,
      132.56375122070312,
      0.04690273106098175,
      82.65569305419922,
      0.06429543346166611,
      182.82464599609375,
      0.004587911535054445,
      213.61106872558594,
      0.00269353948533535,
      206.27830505371094,
      0.012110503390431404,
      222.43814086914062,
      0.013305258005857468,
      233.6640625,
      0.03135614097118378,
      202.82183837890625,
      0.12129214406013489
    ],
    [
      0.04360322654247284,
      4.83076146338135e-05,
      0.041033897548913956,
      0.0004554439801722765,
      0.0062894453294575214,
      0.00020872587629128247,
      0.020594675093889236,
      2.404873157502152e-05,
      0.01751539297401905,
      1.1949086911045015e-05,
      0.015438425354659557,
      4.8798174248076975e-05,
      0.013305258005857468,
      3.2269206712953746e-05,
      0.008445358835160732,
      1.514395626145415e-05,
      0.00677176658064127,
      3.703151742229238e-05
    ],
    [
      73.3879623413086,
      -0.011835199780762196,
      70.06663513183594,
      -0.032816607505083084,
      71.8283920288086,
      0.06485331058502197,
      168.07456970214844,
      0.002104360144585371,
      222.1058349609375,
      -3.8183054584806086e-07,
      211.0318603515625,
      0.006075199693441391,
      233.6640625,
      0.008445358835160732,
      269.9277038574219,
      0.010633334517478943,
      237.64614868164062,
      0.05863362178206444
    ],
    [
      0.1495097279548645,
      2.084049629047513e-05,
      0.14362859725952148,
      0.00013141409726813436,
      0.012021401897072792,
      2.308838884346187e-05,
      0.059123847633600235,
      5.297797542880289e-06,
      0.04661254212260246,
      7.127652679628227e-06,
      0.035639822483062744,
      1.5953733964124694e-05,
      0.03135614097118378,
      1.514395626145415e-05,
      0.010633334517478943,
      6.145799852674827e-05,
      0.00444755470380187,
      0.00017897438374347985
    ],
    [
      53.71430206298828,
      -0.010128170251846313,
      51.145137786865234,
      -0.030343670397996902,
      62.95649337768555,
      0.059640463441610336,
      142.77442932128906,
      0.0017734714783728123,
      190.69039916992188,
      -0.00016506112297065556,
      182.3602752685547,
      0.0051570432260632515,
      202.82183837890625,
      0.00677176658064127,
      237.64614868164062,
      0.00444755470380187,
      210.9629669189453,
      0.03315272927284241
    ],
    [
      0.4536585211753845,
      4.387346780276857e-05,
      0.4384799003601074,
      0.00014825037214905024,
      0.03716195374727249,
      1.791124486771878e-05,
      0.19607709348201752,
      7.337603619816946e-06,
      0.1775238811969757,
      1.746937596180942e-05,
      0.13192759454250336,
      3.259759250795469e-05,
      0.12129214406013489,
      3.703151742229238e-05,
      0.05863362178206444,
      0.00017897438374347985,
      0.03315272927284241,
      0.0006293755141086876
    ]
  ],
  "covariance_short": [
    [
      630.1144409179688,
      0.05451466143131256,
      648.5526733398438,
      0.3680984079837799,
      370.2821350097656,
      0.14095158874988556,
      267.11724853515625,
      0.023281993344426155,
      118.7154541015625,
      0.014810968190431595,
      100.71617126464844,
      0.055241115391254425,
      86.0648422241211,
      0.04293260723352432,
      31.488752365112305,
      0.1405939906835556,
      17.3997745513916,
      0.4296568036079407
    ],
    [
      0.05451466143131256,
      0.0006661301013082266,
      0.04615763947367668,
      0.0012327027507126331,
      0.01993473432958126,
      1.176527234747482e-06,
      0.016864581033587456,
      9.793111530598253e-05,
      0.008667899295687675,
      8.49055650178343e-05,
      0.013783522881567478,
      0.00023228900681715459,
      0.00741404527798295,
      0.00010815598216140643,
      -0.005374091677367687,
      2.837416104739532e-05,
      -0.0045781368389725685,
      1.120808065024903e-05
    ],
    [
      648.5526733398438,
      0.04615763947367668,
      677.813232421875,
      0.3591449558734894,
      388.7200927734375,
      0.13002294301986694,
      278.25262451171875,
      0.022074295207858086,
      121.68560791015625,
      0.013682245276868343,
      100.2581558227539,
      0.05116669088602066,
      85.44244384765625,
      0.041518643498420715,
      29.30678939819336,
      0.14574465155601501,
      15.182887077331543,
      0.44651615619659424
    ],
    [
      0.3680984079837799,
      0.0012327027507126331,
      0.3591449558734894,
      0.025625009089708328,
      0.1934252828359604,
      0.00032094711787067354,
      0.13720598816871643,
      0.0012642405927181244,
      0.036037687212228775,
      0.0002763545198831707,
      0.07593250274658203,
      0.0014116334496065974,
      0.04896894469857216,
      0.0010776508133858442,
      -0.03575870022177696,
      0.00015608708781655878,
      -0.030783500522375107,
      -2.0065628632437438e-05
    ],
    [
      370.2821350097656,
      0.01993473432958126,
      388.7200927734375,
      0.1934252828359604,
      331.0617370605469,
      0.08519742637872696,
      243.50973510742188,
      0.013988873921334743,
      191.06431579589844,
      0.008024478331208229,
      142.2503204345703,
      0.032375987619161606,
      134.80340576171875,
      0.03031567484140396,
      95.45584869384766,
      0.09575388580560684,
      68.5174560546875,
      0.32057851552963257
    ],
    [
      0.14095158874988556,
      1.176527234747482e-06,
      0.13002294301986694,
      0.00032094711787067354,
      0.08519742637872696,
      0.006455716211348772,
      0.06849730759859085,
      1.6831574612297118e-05,
      0.028796130791306496,
      9.47307562455535e-05,
      0.049613963812589645,
      0.0007511677104048431,
      0.037578001618385315,
      0.00038293161196634173,
      -0.011109071783721447,
      2.9292539693415165e-05,
      -0.011401085183024406,
      1.0777427633001935e-05
    ],
    [
      267.11724853515625,
      0.016864581033587456,
      278.25262451171875,
      0.13720598816871643,
      243.50973510742188,
      0.06849730759859085,
      200.07992553710938,
      0.010638128966093063,
      152.85223388671875,
      0.004897807724773884,
      127.21492767333984,
      0.02431946061551571,
      122.00504302978516,
      0.020830653607845306,
      93.55497741699219,
      0.05233907699584961,
      72.2313232421875,
      0.1803073137998581
    ],
    [
      0.023281993344426155,
      9.793111530598253e-05,
      0.022074295207858086,
      0.0012642405927181244,
      0.013988873921334743,
      1.6831574612297118e-05,
      0.010638128966093063,
      9.201789362123236e-05,
      0.005286503583192825,
      2.0711513570859097e-05,
      0.0071556284092366695,
      9.806041634874418e-05,
      0.004954579286277294,
      7.128772995201871e-05,
      -0.0016252342611551285,
      1.1006252861989196e-05,
      -0.0015392981003969908,
      5.009164397051791e-06
    ],
    [
      118.7154541015625,
      0.008667899295687675,
      121.68560791015625,
      0.036037687212228775,
      191.06431579589844,
      0.028796130791306496,
      152.85223388671875,
      0.005286503583192825,
      198.29876708984375,
      0.003819718724116683,
      143.53604125976562,
      0.014696787111461163,
      141.95286560058594,
      0.015163452364504337,
      121.91304779052734,
      0.028819886967539787,
      91.18953704833984,
      0.1432255208492279
    ],
    [
      0.014810968190431595,
      8.49055650178343e-05,
      0.013682245276868343,
      0.0002763545198831707,
      0.008024478331208229,
      9.47307562455535e-05,
      0.004897807724773884,
      2.0711513570859097e-05,
      0.003819718724116683,
      1.8661599824554287e-05,
      0.0033449933398514986,
      5.101569331600331e-05,
      0.0022578341886401176,
      2.7338061045156792e-05,
      -0.0007513966993428767,
      8.351147698704153e-06,
      -0.0007673915242776275,
      1.0421192200738005e-05
    ],
    [
      100.71617126464844,
      0.013783522881567478,
      100.2581558227539,
      0.07593250274658203,
      142.2503204345703,
      0.049613963812589645,
      127.21492767333984,
      0.0071556284092366695,
      143.53604125976562,
      0.0033449933398514986,
      127.9261245727539,
      0.01721680723130703,
      126.2659912109375,
      0.013073558919131756,
      107.38214111328125,
      0.010562746785581112,
      84.49807739257812,
      0.05363110825419426
    ],
    [
      0.055241115391254425,
      0.00023228900681715459,
      0.05116669088602066,
      0.0014116334496065974,
      0.032375987619161606,
      0.0007511677104048431,
      0.02431946061551571,
      9.806041634874418e-05,
      0.014696787111461163,
      5.101569331600331e-05,
      0.01721680723130703,
      0.00023200741270557046,
      0.012333372607827187,
      0.00013113496243022382,
      -0.0024049205239862204,
      2.3331200281972997e-05,
      -0.0026845571119338274,
      2.2866890503792092e-05
    ],
    [
      86.0648422241211,
      0.00741404527798295,
      85.44244384765625,
      0.04896894469857216,
      134.80340576171875,
      0.037578001618385315,
      122.00504302978516,
      0.004954579286277294,
      141.95286560058594,
      0.0022578341886401176,
      126.2659912109375,
      0.012333372607827187,
      127.9902572631836,
      0.010082924738526344,
      112.91368865966797,
      0.00665154866874218,
      89.79891204833984,
      0.0464005209505558
    ],
    [
      0.04293260723352432,
      0.00010815598216140643,
      0.041518643498420715,
      0.0010776508133858442,
      0.03031567484140396,
      0.00038293161196634173,
      0.020830653607845306,
      7.128772995201871e-05,
      0.015163452364504337,
      2.7338061045156792e-05,
      0.013073558919131756,
      0.00013113496243022382,
      0.010082924738526344,
      8.722311758901924e-05,
      0.0005282461061142385,
      2.265437251480762e-05,
      -0.0003888727515004575,
      3.9061123970896006e-05
    ],
    [
      31.488752365112305,
      -0.005374091677367687,
      29.30678939819336,
      -0.03575870022177696,
      95.45584869384766,
      -0.011109071783721447,
      93.55497741699219,
      -0.0016252342611551285,
      121.91304779052734,
      -0.0007513966993428767,
      107.38214111328125,
      -0.0024049205239862204,
      112.91368865966797,
      0.0005282461061142385,
      113.4465103149414,
      -0.007104475982487202,
      93.33403778076172,
      0.004257426131516695
    ],
    [
      0.1405939906835556,
      2.837416104739532e-05,
      0.14574465155601501,
      0.00015608708781655878,
      0.09575388580560684,
      2.9292539693415165e-05,
      0.05233907699584961,
      1.1006252861989196e-05,
      0.028819886967539787,
      8.351147698704153e-06,
      0.010562746785581112,
      2.3331200281972997e-05,
      0.00665154866874218,
      2.265437251480762e-05,
      -0.007104475982487202,
      0.00010885635856539011,
      -0.007790640462189913,
      0.0002858904772438109
    ],
    [
      17.3997745513916,
      -0.0045781368389725685,
      15.182887077331543,
      -0.030783500522375107,
      68.5174560546875,
      -0.011401085183024406,
      72.2313232421875,
      -0.0015392981003969908,
      91.18953704833984,
      -0.0007673915242776275,
      84.49807739257812,
      -0.0026845571119338274,
      89.79891204833984,
      -0.0003888727515004575,
      93.33403778076172,
      -0.007790640462189913,
      79.49262237548828,
      -0.006330066826194525
    ],
    [
      0.4296568036079407,
      1.120808065024903e-05,
      0.44651615619659424,
      -2.0065628632437438e-05,
      0.32057851552963257,
      1.0777427633001935e-05,
      0.1803073137998581,
      5.009164397051791e-06,
      0.1432255208492279,
      1.0421192200738005e-05,
      0.05363110825419426,
      2.2866890503792092e-05,
      0.0464005209505558,
      3.9061123970896006e-05,
      0.004257426131516695,
      0.0002858904772438109,
      -0.006330066826194525,
      0.0013068073894828558
    ]
  ],
  "damage": -7.435636043548584,
  "diff_bandwidth": 221.91090393066406,
  "dissonance": 3.5941720970874824,
  "drr": 7.068485260009766,
  "dynamics": 9.837989807128906,
  "format": 1245190,
  "frames": 1734656,
  "loudness": -19.72666358947754,
  "loudness_range": 20.261211395263672,
  "loudness_range_short": 28.12198257446289,
  "lowpass_true_peak_15khz": -0.06066076084971428,
  "mastering3_acoustic_entropies": [
    {
      "acoustic_entropy": 6.407851696014404,
      "acoustic_entropy_mono": 6.407851696014404,
      "band_eliminated_acoustic_entropies": [
        {
          "acoustic_entropy": 6.363511562347412,
          "acoustic_entropy_side": 6.407851696014404,
          "hz": 129.47220167065723
        },
        {
          "acoustic_entropy": 6.121011257171631,
          "acoustic_entropy_side": 6.407851696014404,
          "hz": 202.92927478742237
        },
        {
          "acoustic_entropy": 6.288052082061768,
          "acoustic_entropy_side": 6.407851696014404,
          "hz": 282.89161906338205
        },
        {
          "acoustic_entropy": 6.469579696655273,
          "acoustic_entropy_side": 6.407851696014404,
          "hz": 369.9353335868758
        },
        {
          "acoustic_entropy": 6.462520599365234,
          "acoustic_entropy_side": 6.407851696014404,
          "hz": 464.6875360973435
        },
        {
          "acoustic_entropy": 6.4083147048950195,
          "acoustic_entropy_side": 6.407851696014404,
          "hz": 567.8308811364784
        },
        {
          "acoustic_entropy": 6.397215843200684,
          "acoustic_entropy_side": 6.407851696014404,
          "hz": 680.1084783214808
        },
        {
          "acoustic_entropy": 6.539091110229492,
          "acoustic_entropy_side": 6.407851696014404,
          "hz": 802.3292461747484
        },
        {
          "acoustic_entropy": 6.4235758781433105,
          "acoustic_entropy_side": 6.407851696014404,
          "hz": 935.3737400823702
        },
        {
          "acoustic_entropy": 6.411707401275635,
          "acoustic_entropy_side": 6.407851696014404,
          "hz": 1080.2004963696966
        },
        {
          "acoustic_entropy": 6.396599769592285,
          "acoustic_entropy_side": 6.407851696014404,
          "hz": 1237.8529382007157
        },
        {
          "acoustic_entropy": 6.410512447357178,
          "acoustic_entropy_side": 6.407851696014404,
          "hz": 1409.4668930556702
        },
        {
          "acoustic_entropy": 6.407900810241699,
          "acoustic_entropy_side": 6.407851696014404,
          "hz": 1596.2787759475705
        },
        {
          "acoustic_entropy": 6.4063215255737305,
          "acoustic_entropy_side": 6.407851696014404,
          "hz": 1799.6344973346393
        },
        {
          "acoustic_entropy": 6.395956516265869,
          "acoustic_entropy_side": 6.407851696014404,
          "hz": 2020.9991599069049
        },
        {
          "acoustic_entropy": 6.400463104248047,
          "acoustic_entropy_side": 6.407851696014404,
          "hz": 2261.9676141086993
        },
        {
          "acoustic_entropy": 6.408194065093994,
          "acoustic_entropy_side": 6.407851696014404,
          "hz": 2524.2759484456974
        },
        {
          "acoustic_entropy": 6.407591819763184,
          "acoustic_entropy_side": 6.407851696014404,
          "hz": 2809.813997359896
        },
        {
          "acoustic_entropy": 6.408237457275391,
          "acoustic_entropy_side": 6.407851696014404,
          "hz": 3120.6389567871424
        },
        {
          "acoustic_entropy": 6.411807537078857,
          "acoustic_entropy_side": 6.407851696014404,
          "hz": 3458.990205492291
        },
        {
          "acoustic_entropy": 6.410038471221924,
          "acoustic_entropy_side": 6.407851696014404,
          "hz": 3827.305438964164
        },
        {
          "acoustic_entropy": 6.409989356994629,
          "acoustic_entropy_side": 6.407851696014404,
          "hz": 4228.238232109126
        },
        {
          "acoustic_entropy": 6.408209323883057,
          "acoustic_entropy_side": 6.407851696014404,
          "hz": 4664.6771572759235
        },
        {
          "acoustic_entropy": 6.409172534942627,
          "acoustic_entropy_side": 6.407851696014404,
          "hz": 5139.766595350093
        },
        {
          "acoustic_entropy": 6.411471366882324,
          "acoustic_entropy_side": 6.407851696014404,
          "hz": 5656.929389854203
        },
        {
          "acoustic_entropy": 6.4111785888671875,
          "acoustic_entropy_side": 6.407851696014404,
          "hz": 6219.891507268283
        },
        {
          "acoustic_entropy": 6.4100141525268555,
          "acoustic_entropy_side": 6.407851696014404,
          "hz": 6832.70888123896
        },
        {
          "acoustic_entropy": 6.408379554748535,
          "acoustic_entropy_side": 6.407851696014404,
          "hz": 7499.796634079867
        },
        {
          "acoustic_entropy": 6.4078803062438965,
          "acoustic_entropy_side": 6.407851696014404,
          "hz": 8225.96088609342
        },
        {
          "acoustic_entropy": 6.373311519622803,
          "acoustic_entropy_side": 6.407851696014404,
          "hz": 9016.43338188839
        },
        {
          "acoustic_entropy": 6.241079330444336,
          "acoustic_entropy_side": 6.407851696014404,
          "hz": 9876.909183162974
        },
        {
          "acoustic_entropy": 6.402095317840576,
          "acoustic_entropy_side": 6.407851696014404,
          "hz": 10813.587699516042
        },
        {
          "acoustic_entropy": 6.404147148132324,
          "acoustic_entropy_side": 6.407851696014404,
          "hz": 11833.21735289826
        },
        {
          "acoustic_entropy": 6.405561447143555,
          "acoustic_entropy_side": 6.407851696014404,
          "hz": 12943.144197493959
        },
        {
          "acoustic_entropy": 6.400518894195557,
          "acoustic_entropy_side": 6.407851696014404,
          "hz": 14151.364845322005
        },
        {
          "acoustic_entropy": 6.407553672790527,
          "acoustic_entropy_side": 6.407851696014404,
          "hz": 15466.58407886509
        },
        {
          "acoustic_entropy": 6.407944202423096,
          "acoustic_entropy_side": 6.407851696014404,
          "hz": 16898.27756580493
        },
        {
          "acoustic_entropy": 6.40785026550293,
          "acoustic_entropy_side": 6.407851696014404,
          "hz": 18456.760127700032
        },
        {
          "acoustic_entropy": 6.407851696014404,
          "acoustic_entropy_side": 6.407851696014404,
          "hz": 20153.260054456492
        },
        {
          "acoustic_entropy": 6.407851696014404,
          "acoustic_entropy_side": 6.407851696014404,
          "hz": 22000.00000000001
        }
      ],
      "diff_acoustic_entropy": 3.7493910789489746,
      "sn": 6
    },
    {
      "acoustic_entropy": 8.187690734863281,
      "acoustic_entropy_mono": 8.187690734863281,
      "band_eliminated_acoustic_entropies": [
        {
          "acoustic_entropy": 8.18211555480957,
          "acoustic_entropy_side": 8.187690734863281,
          "hz": 129.47220167065723
        },
        {
          "acoustic_entropy": 8.372087478637695,
          "acoustic_entropy_side": 8.187690734863281,
          "hz": 202.92927478742237
        },
        {
          "acoustic_entropy": 8.565340995788574,
          "acoustic_entropy_side": 8.187690734863281,
          "hz": 282.89161906338205
        },
        {
          "acoustic_entropy": 8.425491333007812,
          "acoustic_entropy_side": 8.187690734863281,
          "hz": 369.9353335868758
        },
        {
          "acoustic_entropy": 8.442358016967773,
          "acoustic_entropy_side": 8.187690734863281,
          "hz": 464.6875360973435
        },
        {
          "acoustic_entropy": 7.722753524780273,
          "acoustic_entropy_side": 8.187690734863281,
          "hz": 567.8308811364784
        },
        {
          "acoustic_entropy": 8.273487091064453,
          "acoustic_entropy_side": 8.187690734863281,
          "hz": 680.1084783214808
        },
        {
          "acoustic_entropy": 8.676074981689453,
          "acoustic_entropy_side": 8.187690734863281,
          "hz": 802.3292461747484
        },
        {
          "acoustic_entropy": 8.078909873962402,
          "acoustic_entropy_side": 8.187690734863281,
          "hz": 935.3737400823702
        },
        {
          "acoustic_entropy": 7.974242210388184,
          "acoustic_entropy_side": 8.187690734863281,
          "hz": 1080.2004963696966
        },
        {
          "acoustic_entropy": 8.271085739135742,
          "acoustic_entropy_side": 8.187690734863281,
          "hz": 1237.8529382007157
        },
        {
          "acoustic_entropy": 8.172987937927246,
          "acoustic_entropy_side": 8.187690734863281,
          "hz": 1409.4668930556702
        },
        {
          "acoustic_entropy": 8.20838451385498,
          "acoustic_entropy_side": 8.187690734863281,
          "hz": 1596.2787759475705
        },
        {
          "acoustic_entropy": 8.197264671325684,
          "acoustic_entropy_side": 8.187690734863281,
          "hz": 1799.6344973346393
        },
        {
          "acoustic_entropy": 8.32658863067627,
          "acoustic_entropy_side": 8.187690734863281,
          "hz": 2020.9991599069049
        },
        {
          "acoustic_entropy": 8.386427879333496,
          "acoustic_entropy_side": 8.187690734863281,
          "hz": 2261.9676141086993
        },
        {
          "acoustic_entropy": 8.197110176086426,
          "acoustic_entropy_side": 8.187690734863281,
          "hz": 2524.2759484456974
        },
        {
          "acoustic_entropy": 8.22677230834961,
          "acoustic_entropy_side": 8.187690734863281,
          "hz": 2809.813997359896
        },
        {
          "acoustic_entropy": 8.238631248474121,
          "acoustic_entropy_side": 8.187690734863281,
          "hz": 3120.6389567871424
        },
        {
          "acoustic_entropy": 8.259001731872559,
          "acoustic_entropy_side": 8.187690734863281,
          "hz": 3458.990205492291
        },
        {
          "acoustic_entropy": 8.233537673950195,
          "acoustic_entropy_side": 8.187690734863281,
          "hz": 3827.305438964164
        },
        {
          "acoustic_entropy": 8.228503227233887,
          "acoustic_entropy_side": 8.187690734863281,
          "hz": 4228.238232109126
        },
        {
          "acoustic_entropy": 8.25161075592041,
          "acoustic_entropy_side": 8.187690734863281,
          "hz": 4664.6771572759235
        },
        {
          "acoustic_entropy": 8.22746467590332,
          "acoustic_entropy_side": 8.187690734863281,
          "hz": 5139.766595350093
        },
        {
          "acoustic_entropy": 8.244796752929688,
          "acoustic_entropy_side": 8.187690734863281,
          "hz": 5656.929389854203
        },
        {
          "acoustic_entropy": 8.23989200592041,
          "acoustic_entropy_side": 8.187690734863281,
          "hz": 6219.891507268283
        },
        {
          "acoustic_entropy": 8.222905158996582,
          "acoustic_entropy_side": 8.187690734863281,
          "hz": 6832.70888123896
        },
        {
          "acoustic_entropy": 8.230039596557617,
          "acoustic_entropy_side": 8.187690734863281,
          "hz": 7499.796634079867
        },
        {
          "acoustic_entropy": 8.206250190734863,
          "acoustic_entropy_side": 8.187690734863281,
          "hz": 8225.96088609342
        },
        {
          "acoustic_entropy": 8.201552391052246,
          "acoustic_entropy_side": 8.187690734863281,
          "hz": 9016.43338188839
        },
        {
          "acoustic_entropy": 8.113139152526855,
          "acoustic_entropy_side": 8.187690734863281,
          "hz": 9876.909183162974
        },
        {
          "acoustic_entropy": 8.199880599975586,
          "acoustic_entropy_side": 8.187690734863281,
          "hz": 10813.587699516042
        },
        {
          "acoustic_entropy": 8.2120361328125,
          "acoustic_entropy_side": 8.187690734863281,
          "hz": 11833.21735289826
        },
        {
          "acoustic_entropy": 8.199182510375977,
          "acoustic_entropy_side": 8.187690734863281,
          "hz": 12943.144197493959
        },
        {
          "acoustic_entropy": 8.210901260375977,
          "acoustic_entropy_side": 8.187690734863281,
          "hz": 14151.364845322005
        },
        {
          "acoustic_entropy": 8.220625877380371,
          "acoustic_entropy_side": 8.187690734863281,
          "hz": 15466.58407886509
        },
        {
          "acoustic_entropy": 8.195624351501465,
          "acoustic_entropy_side": 8.187690734863281,
          "hz": 16898.27756580493
        },
        {
          "acoustic_entropy": 8.18785285949707,
          "acoustic_entropy_side": 8.187690734863281,
          "hz": 18456.760127700032
        },
        {
          "acoustic_entropy": 8.187690734863281,
          "acoustic_entropy_side": 8.187690734863281,
          "hz": 20153.260054456492
        },
        {
          "acoustic_entropy": 8.187690734863281,
          "acoustic_entropy_side": 8.187690734863281,
          "hz": 22000.00000000001
        }
      ],
      "diff_acoustic_entropy": 5.597580432891846,
      "sn": 12
    },
    {
      "acoustic_entropy": 11.723566055297852,
      "acoustic_entropy_mono": 11.723564147949219,
      "band_eliminated_acoustic_entropies": [
        {
          "acoustic_entropy": 11.634298324584961,
          "acoustic_entropy_side": 11.723566055297852,
          "hz": 129.47220167065723
        },
        {
          "acoustic_entropy": 11.853528022766113,
          "acoustic_entropy_side": 11.723566055297852,
          "hz": 202.92927478742237
        },
        {
          "acoustic_entropy": 11.653318405151367,
          "acoustic_entropy_side": 11.723566055297852,
          "hz": 282.89161906338205
        },
        {
          "acoustic_entropy": 11.691182136535645,
          "acoustic_entropy_side": 11.723566055297852,
          "hz": 369.9353335868758
        },
        {
          "acoustic_entropy": 12.045258522033691,
          "acoustic_entropy_side": 11.723566055297852,
          "hz": 464.6875360973435
        },
        {
          "acoustic_entropy": 11.86632251739502,
          "acoustic_entropy_side": 11.723566055297852,
          "hz": 567.8308811364784
        },
        {
          "acoustic_entropy": 11.52886962890625,
          "acoustic_entropy_side": 11.723566055297852,
          "hz": 680.1084783214808
        },
        {
          "acoustic_entropy": 11.933333396911621,
          "acoustic_entropy_side": 11.723566055297852,
          "hz": 802.3292461747484
        },
        {
          "acoustic_entropy": 12.2572603225708,
          "acoustic_entropy_side": 11.723566055297852,
          "hz": 935.3737400823702
        },
        {
          "acoustic_entropy": 11.694260597229004,
          "acoustic_entropy_side": 11.723566055297852,
          "hz": 1080.2004963696966
        },
        {
          "acoustic_entropy": 11.684322357177734,
          "acoustic_entropy_side": 11.723566055297852,
