{
  "acoustic_entropy": 220.7275848388672,
  "bands": [
    {
      "high_freq": 148.1999969482422,
      "loudness": -53.93017578125,
      "loudness_range": 11.038227081298828,
      "mid_mean": -53.7425651550293,
      "mid_to_side_loudness": 0.2533583641052246,
      "mid_to_side_loudness_range": 3.1619701385498047,
      "side_mean": -53.42949295043945
    },
    {
      "high_freq": 392.3793640136719,
      "loudness": -37.08405685424805,
      "loudness_range": 26.275493621826172,
      "low_freq": 148.1999969482422,
      "mid_mean": -36.98596954345703,
      "mid_to_side_loudness": -0.30861303210258484,
      "mid_to_side_loudness_range": 1.344883680343628,
      "side_mean": -36.70308303833008
    },
    {
      "high_freq": 794.6976318359375,
      "loudness": -34.209903717041016,
      "loudness_range": 11.4051513671875,
      "low_freq": 392.3793640136719,
      "mid_mean": -32.791385650634766,
      "mid_to_side_loudness": -1.7437750101089478,
      "mid_to_side_loudness_range": 4.258275032043457,
      "side_mean": -34.611568450927734
    },
    {
      "high_freq": 1457.5709228515625,
      "loudness": -30.047935485839844,
      "loudness_range": 20.071699142456055,
      "low_freq": 794.6976318359375,
      "mid_mean": -27.685626983642578,
      "mid_to_side_loudness": -6.512182712554932,
      "mid_to_side_loudness_range": 15.212302207946777,
      "side_mean": -34.42916488647461
    },
    {
      "high_freq": 2549.74365234375,
      "loudness": -29.180774688720703,
      "loudness_range": 17.195266723632812,
      "low_freq": 1457.5709228515625,
      "mid_mean": -26.909732818603516,
      "mid_to_side_loudness": -5.8012566566467285,
      "mid_to_side_loudness_range": 13.83244514465332,
      "side_mean": -32.928794860839844
    },
    {
      "high_freq": 4349.24462890625,
      "loudness": -29.098403930664062,
      "loudness_range": 14.3770751953125,
      "low_freq": 2549.74365234375,
      "mid_mean": -26.843185424804688,
      "mid_to_side_loudness": -4.868328094482422,
      "mid_to_side_loudness_range": 9.647404670715332,
      "side_mean": -31.889568328857422
    },
    {
      "high_freq": 7314.1640625,
      "loudness": -34.634517669677734,
      "loudness_range": 12.366493225097656,
      "low_freq": 4349.24462890625,
      "mid_mean": -32.855228424072266,
      "mid_to_side_loudness": -2.937274694442749,
      "mid_to_side_loudness_range": 6.513306617736816,
      "side_mean": -35.92550277709961
    },
    {
      "high_freq": 12199.2666015625,
      "loudness": -41.71944808959961,
      "loudness_range": 16.154186248779297,
      "low_freq": 7314.1640625,
      "mid_mean": -41.97902297973633,
      "mid_to_side_loudness": 1.39222252368927,
      "mid_to_side_loudness_range": 5.537824630737305,
      "side_mean": -40.499656677246094
    },
    {
      "loudness": -56.12335205078125,
      "loudness_range": 17.792522430419922,
      "low_freq": 12199.2666015625,
      "mid_mean": -55.6252326965332,
      "mid_to_side_loudness": 0.008379388600587845,
      "mid_to_side_loudness_range": 3.9953572750091553,
      "side_mean": -55.556358337402344
    }
  ],
  "bands_short": [
    {
      "high_freq": 148.1999969482422,
      "loudness": -56.51637268066406,
      "loudness_range": 9.412162780761719,
      "mid_mean": -56.475914001464844,
      "mid_to_side_loudness": 0.5915042757987976,
      "mid_to_side_loudness_range": 7.568351745605469,
      "side_mean": -55.87706756591797
    },
    {
      "high_freq": 392.3793640136719,
      "loudness": -45.45127487182617,
      "loudness_range": 36.279205322265625,
      "low_freq": 148.1999969482422,
      "mid_mean": -44.65937805175781,
      "mid_to_side_loudness": -0.5216827988624573,
      "mid_to_side_loudness_range": 3.39621639251709,
      "side_mean": -45.07073211669922
    },
    {
      "high_freq": 794.6976318359375,
      "loudness": -35.63746643066406,
      "loudness_range": 17.833967208862305,
      "low_freq": 392.3793640136719,
      "mid_mean": -34.39414978027344,
      "mid_to_side_loudness": -1.6665982007980347,
      "mid_to_side_loudness_range": 6.521521091461182,
      "side_mean": -36.110198974609375
    },
    {
      "high_freq": 1457.5709228515625,
      "loudness": -32.00604248046875,
      "loudness_range": 25.583534240722656,
      "low_freq": 794.6976318359375,
      "mid_mean": -29.83914566040039,
      "mid_to_side_loudness": -6.076592922210693,
      "mid_to_side_loudness_range": 16.907869338989258,
      "side_mean": -36.1661376953125
    },
    {
      "high_freq": 2549.74365234375,
      "loudness": -31.77704429626465,
      "loudness_range": 23.79509925842285,
      "low_freq": 1457.5709228515625,
      "mid_mean": -29.54916763305664,
      "mid_to_side_loudness": -6.164318084716797,
      "mid_to_side_loudness_range": 16.48659896850586,
      "side_mean": -36.01533508300781
    },
    {
      "high_freq": 4349.24462890625,
      "loudness": -31.735759735107422,
      "loudness_range": 23.175315856933594,
      "low_freq": 2549.74365234375,
      "mid_mean": -29.35379409790039,
      "mid_to_side_loudness": -5.996366500854492,
      "mid_to_side_loudness_range": 12.55982494354248,
      "side_mean": -35.63824462890625
    },
    {
      "high_freq": 7314.1640625,
      "loudness": -37.79097366333008,
      "loudness_range": 23.95134925842285,
      "low_freq": 4349.24462890625,
      "mid_mean": -35.87578582763672,
      "mid_to_side_loudness": -3.719143867492676,
      "mid_to_side_loudness_range": 9.343340873718262,
      "side_mean": -39.930870056152344
    },
    {
      "high_freq": 12199.2666015625,
      "loudness": -48.34015655517578,
      "loudness_range": 29.380821228027344,
      "low_freq": 7314.1640625,
      "mid_mean": -50.2816162109375,
      "mid_to_side_loudness": 3.0062766075134277,
      "mid_to_side_loudness_range": 7.9440131187438965,
      "side_mean": -46.55732727050781
    },
    {
      "loudness": -60.29100036621094,
      "loudness_range": 20.012977600097656,
      "low_freq": 12199.2666015625,
      "mid_mean": -59.30377960205078,
      "mid_to_side_loudness": 0.018002105876803398,
      "mid_to_side_loudness_range": 6.668346405029297,
      "side_mean": -59.354766845703125
    }
  ],
  "bandwidth": 1269.62890625,
  "channels": 2,
  "covariance": [
    [
      23.08158302307129,
      21.238670349121094,
      23.157346725463867,
      21.515676498413086,
      6.713286399841309,
      7.226097583770752,
      -2.035879373550415,
      0.030958713963627815,
      3.1735169887542725,
      3.1772444248199463,
      -1.1782360076904297,
      2.2178757190704346,
      -0.6736783981323242,
      2.25059175491333,
      6.001069068908691,
      4.143200874328613,
      9.344608306884766,
      9.77817153930664
    ],
    [
      21.238670349121094,
      20.477005004882812,
      20.1124324798584,
      18.7910213470459,
      5.839082717895508,
      6.378264904022217,
      -1.5415421724319458,
      0.2758699357509613,
      2.8107147216796875,
      2.7628939151763916,
      -1.342759609222412,
      1.845032811164856,
      -0.7162607908248901,
      2.001146078109741,
      5.320109844207764,
      3.604022741317749,
      9.065221786499023,
      9.472138404846191
    ],
    [
      23.157346725463867,
      20.1124324798584,
      93.49317169189453,
      84.9658203125,
      20.224605560302734,
      16.382915496826172,
      -10.278424263000488,
      -12.683623313903809,
      1.4453696012496948,
      1.0143202543258667,
      2.1546928882598877,
      4.293519973754883,
      2.0756545066833496,
      5.467932224273682,
      15.124175071716309,
      13.13930606842041,
      9.293761253356934,
      10.121136665344238
    ],
    [
      21.515676498413086,
      18.7910213470459,
      84.9658203125,
      85.55695343017578,
      18.885635375976562,
      15.562691688537598,
      -10.137142181396484,
      -12.111857414245605,
      0.7060924172401428,
      0.662048876285553,
      2.4126901626586914,
      4.2083306312561035,
      2.0018868446350098,
      5.173603534698486,
      14.63249683380127,
      12.770482063293457,
      9.335683822631836,
      10.056766510009766
    ],
    [
      6.713286399841309,
      5.839082717895508,
      20.224605560302734,
      18.885635375976562,
      20.51034164428711,
      17.580718994140625,
      0.7581883668899536,
      -2.0669777393341064,
      2.5664877891540527,
      1.0979260206222534,
      1.6470767259597778,
      2.4076335430145264,
      2.0072109699249268,
      3.040529251098633,
      5.925009250640869,
      5.219338893890381,
      5.24533748626709,
      5.365872859954834
    ],
    [
      7.226097583770752,
      6.378264904022217,
      16.382915496826172,
      15.562691688537598,
      17.580718994140625,
      17.70642852783203,
      -1.0792759656906128,
      -0.33038005232810974,
      -0.34730279445648193,
      0.6098857522010803,
      0.6259075403213501,
      2.013350248336792,
      1.236823558807373,
      2.4564366340637207,
      5.6377716064453125,
      4.667640209197998,
      4.476551532745361,
      4.624656677246094
    ],
    [
      -2.035879373550415,
      -1.5415421724319458,
      -10.278424263000488,
      -10.137142181396484,
      0.7581883668899536,
      -1.0792759656906128,
      56.7606201171875,
      21.89895248413086,
      34.01588821411133,
      6.384791851043701,
      17.00124740600586,
      6.880434513092041,
      15.829143524169922,
      10.130471229553223,
      3.958127498626709,
      5.827305316925049,
      5.433037757873535,
      5.3341522216796875
    ],
    [
      0.030958713963627815,
      0.2758699357509613,
      -12.683623313903809,
      -12.111857414245605,
      -2.0669777393341064,
      -0.33038005232810974,
      21.89895248413086,
      20.773666381835938,
      10.477802276611328,
      6.447777271270752,
      7.616642475128174,
      5.216545581817627,
      6.105902194976807,
      4.792549133300781,
      1.8662149906158447,
      1.9007034301757812,
      1.4415456056594849,
      1.6909946203231812
    ],
    [
      3.1735169887542725,
      2.8107147216796875,
      1.4453696012496948,
      0.7060924172401428,
      2.5664877891540527,
      -0.34730279445648193,
      34.01588821411133,
      10.477802276611328,
      42.41059875488281,
      14.173018455505371,
      21.66350746154785,
      11.274436950683594,
      18.065475463867188,
      13.131524085998535,
      8.098557472229004,
      9.10066032409668,
      6.251309871673584,
      6.9040141105651855
    ],
    [
      3.1772444248199463,
      2.7628939151763916,
      1.0143202543258667,
      0.662048876285553,
      1.0979260206222534,
      0.6098857522010803,
      6.384791851043701,
      6.447777271270752,
      14.173018455505371,
      14.834694862365723,
      7.582544803619385,
      8.863439559936523,
      6.18021821975708,
      7.843819618225098,
      6.53245210647583,
      5.453362941741943,
      3.5390541553497314,
      3.6267876625061035
    ],
    [
      -1.1782360076904297,
      -1.342759609222412,
      2.1546928882598877,
      2.4126901626586914,
      1.6470767259597778,
      0.6259075403213501,
      17.00124740600586,
      7.616642475128174,
      21.66350746154785,
      7.582544803619385,
      30.49491310119629,
      16.350971221923828,
      22.139480590820312,
      15.79055404663086,
      10.13875961303711,
      12.760830879211426,
      8.399322509765625,
      8.48147201538086
    ],
    [
      2.2178757190704346,
      1.845032811164856,
      4.293519973754883,
      4.2083306312561035,
      2.4076335430145264,
      2.013350248336792,
      6.880434513092041,
      5.216545581817627,
      11.274436950683594,
      8.863439559936523,
      16.350971221923828,
      15.53297233581543,
      12.98584270477295,
      14.378509521484375,
      13.242210388183594,
      12.642704010009766,
      9.205117225646973,
      8.647521018981934
    ],
    [
      -0.6736783981323242,
      -0.7162607908248901,
      2.0756545066833496,
      2.0018868446350098,
      2.0072109699249268,
      1.236823558807373,
      15.829143524169922,
      6.105902194976807,
      18.065475463867188,
      6.18021821975708,
      22.139480590820312,
      12.98584270477295,
      24.106056213378906,
      17.892215728759766,
      14.840919494628906,
      16.3422908782959,
      10.757840156555176,
      11.352065086364746
    ],
    [
      2.25059175491333,
      2.001146078109741,
      5.467932224273682,
      5.173603534698486,
      3.040529251098633,
      2.4564366340637207,
      10.130471229553223,
      4.792549133300781,
      13.131524085998535,
      7.843819618225098,
      15.79055404663086,
      14.378509521484375,
      17.892215728759766,
      19.1151123046875,
      18.03316879272461,
      17.433135986328125,
      12.434927940368652,
      12.027983665466309
    ],
    [
      6.001069068908691,
      5.320109844207764,
      15.124175071716309,
      14.63249683380127,
      5.925009250640869,
      5.6377716064453125,
      3.958127498626709,
      1.8662149906158447,
      8.098557472229004,
      6.53245210647583,
      10.13875961303711,
      13.242210388183594,
      14.840919494628906,
      18.03316879272461,
      40.103633880615234,
      34.54515838623047,
      27.839757919311523,
      28.823387145996094
    ],
    [
      4.143200874328613,
      3.604022741317749,
      13.13930606842041,
      12.770482063293457,
      5.219338893890381,
      4.667640209197998,
      5.827305316925049,
      1.9007034301757812,
      9.10066032409668,
      5.453362941741943,
      12.760830879211426,
      12.642704010009766,
      16.3422908782959,
      17.433135986328125,
      34.54515838623047,
      32.7746467590332,
      25.866985321044922,
      26.212034225463867
    ],
    [
      9.344608306884766,
      9.065221786499023,
      9.293761253356934,
      9.335683822631836,
      5.24533748626709,
      4.476551532745361,
      5.433037757873535,
      1.4415456056594849,
      6.251309871673584,
      3.5390541553497314,
      8.399322509765625,
      9.205117225646973,
      10.757840156555176,
      12.434927940368652,
      27.839757919311523,
      25.866985321044922,
      35.83477020263672,
      35.46372604370117
    ],
    [
      9.77817153930664,
      9.472138404846191,
      10.121136665344238,
      10.056766510009766,
      5.365872859954834,
      4.624656677246094,
      5.3341522216796875,
      1.6909946203231812,
      6.9040141105651855,
      3.6267876625061035,
      8.48147201538086,
      8.647521018981934,
      11.352065086364746,
      12.027983665466309,
      28.823387145996094,
      26.212034225463867,
      35.46372604370117,
      36.676177978515625
    ]
  ],
  "covariance_short": [
    [
      15.873343467712402,
      12.989218711853027,
      13.21500301361084,
      13.282072067260742,
      4.681948184967041,
      4.924805164337158,
      1.0516411066055298,
      1.991607427597046,
      3.0953304767608643,
      4.023163795471191,
      0.2960945665836334,
      2.434340476989746,
      0.11176777631044388,
      1.7133758068084717,
      10.998811721801758,
      1.5442168712615967,
      5.5133209228515625,
      5.683530330657959
    ],
    [
      12.989218711853027,
      15.906548500061035,
      10.465557098388672,
      10.524333000183105,
      3.742032289505005,
      4.1651506423950195,
      0.8868167996406555,
      1.889970302581787,
      2.6681747436523438,
      3.396191358566284,
      -0.1676485687494278,
      1.9659979343414307,
      -0.10911095142364502,
      1.4611955881118774,
      11.272768020629883,
      1.6689752340316772,
      5.698244094848633,
      5.864266395568848
    ],
    [
      13.21500301361084,
      10.465557098388672,
      157.5582275390625,
      161.7386016845703,
      39.634578704833984,
      31.97053337097168,
      -6.1611552238464355,
      -16.45633316040039,
      15.431839942932129,
      13.569425582885742,
      14.087586402893066,
      12.159205436706543,
      17.29420280456543,
      18.24428367614746,
      25.87474822998047,
      24.8754825592041,
      12.554007530212402,
      13.277626991271973
    ],
    [
      13.282072067260742,
      10.524333000183105,
      161.7386016845703,
      167.92811584472656,
      41.109886169433594,
      33.11949920654297,
      -6.349978446960449,
      -17.177541732788086,
      15.75438404083252,
      13.516700744628906,
      14.112109184265137,
      11.959278106689453,
      17.514400482177734,
      18.254064559936523,
      25.934370040893555,
      24.941497802734375,
      12.604103088378906,
      13.402523040771484
    ],
    [
      4.681948184967041,
      3.742032289505005,
      39.634578704833984,
      41.109886169433594,
      44.9058952331543,
      39.703529357910156,
      4.012071132659912,
      -1.4742168188095093,
      8.272344589233398,
      3.68715238571167,
      11.36960220336914,
      7.387591361999512,
      10.54052734375,
      8.631637573242188,
      8.896546363830566,
      9.139449119567871,
      3.997191905975342,
      3.750312328338623
    ],
    [
      4.924805164337158,
      4.1651506423950195,
      31.97053337097168,
      33.11949920654297,
      39.703529357910156,
      42.85091018676758,
      3.7005388736724854,
      1.57591712474823,
      6.212968349456787,
      3.772372245788574,
      10.719017028808594,
      7.453172206878662,
      9.760703086853027,
      7.86464786529541,
      8.491328239440918,
      8.190917015075684,
      3.0410706996917725,
      2.86784291267395
    ],
    [
      1.0516411066055298,
      0.8868167996406555,
      -6.1611552238464355,
      -6.349978446960449,
      4.012071132659912,
      3.7005388736724854,
      81.53299713134766,
      42.73037338256836,
      50.54811096191406,
      17.76785659790039,
      33.79672622680664,
      20.149343490600586,
      32.87311935424805,
      25.59197235107422,
      17.210010528564453,
      22.879959106445312,
      10.253060340881348,
      9.748485565185547
    ],
    [
      1.991607427597046,
      1.889970302581787,
      -16.45633316040039,
      -17.177541732788086,
      -1.4742168188095093,
      1.57591712474823,
      42.73037338256836,
      44.016021728515625,
      24.835384368896484,
      18.185205459594727,
      19.619705200195312,
      17.550918579101562,
      16.492494583129883,
      15.624670028686523,
      14.635184288024902,
      14.993952751159668,
      6.355143070220947,
      6.767002105712891
    ],
    [
      3.0953304767608643,
      2.6681747436523438,
      15.431839942932129,
      15.75438404083252,
      8.272344589233398,
      6.212968349456787,
      50.54811096191406,
      24.835384368896484,
      73.48541259765625,
      37.26975631713867,
      44.40742111206055,
      32.80031204223633,
      42.75736618041992,
      37.97574234008789,
      29.58960723876953,
      31.70351219177246,
      14.337209701538086,
      15.152535438537598
    ],
    [
      4.023163795471191,
      3.396191358566284,
      13.569425582885742,
      13.516700744628906,
      3.68715238571167,
      3.772372245788574,
      17.76785659790039,
      18.185205459594727,
      37.26975631713867,
      41.3681640625,
      23.33036994934082,
      29.93729019165039,
      22.257366180419922,
      28.244977951049805,
      26.78493881225586,
      22.984384536743164,
      11.908463478088379,
      11.715094566345215
    ],
    [
      0.2960945665836334,
      -0.1676485687494278,
      14.087586402893066,
      14.112109184265137,
      11.36960220336914,
      10.719017028808594,
      33.79672622680664,
      19.619705200195312,
      44.40742111206055,
      23.33036994934082,
      69.95375061035156,
      48.28071212768555,
      61.302032470703125,
      51.0809440612793,
      43.96711730957031,
      50.23219680786133,
      21.59664535522461,
      21.697391510009766
    ],
    [
      2.434340476989746,
      1.9659979343414307,
      12.159205436706543,
      11.959278106689453,
      7.387591361999512,
      7.453172206878662,
      20.149343490600586,
      17.550918579101562,
      32.80031204223633,
      29.93729019165039,
      48.28071212768555,
      49.94925308227539,
      43.96670913696289,
      48.12883758544922,
      44.92918014526367,
      44.7452278137207,
      23.20735740661621,
      21.294723510742188
    ],
    [
      0.11176777631044388,
      -0.10911095142364502,
      17.29420280456543,
      17.514400482177734,
      10.54052734375,
      9.760703086853027,
      32.87311935424805,
      16.492494583129883,
      42.75736618041992,
      22.257366180419922,
      61.302032470703125,
      43.96670913696289,
      73.506591796875,
      59.788780212402344,
      54.04204177856445,
      59.387908935546875,
      27.770044326782227,
      28.513259887695312
    ],
    [
      1.7133758068084717,
      1.4611955881118774,
      18.24428367614746,
      18.254064559936523,
      8.631637573242188,
      7.86464786529541,
      25.59197235107422,
      15.624670028686523,
      37.97574234008789,
      28.244977951049805,
      51.0809440612793,
      48.12883758544922,
      59.788780212402344,
      62.3260612487793,
      56.49356460571289,
      58.7313346862793,
      30.661645889282227,
      28.60055923461914
    ],
    [
      10.998811721801758,
      11.272768020629883,
      25.87474822998047,
      25.934370040893555,
      8.896546363830566,
      8.491328239440918,
      17.210010528564453,
      14.635184288024902,
      29.58960723876953,
      26.78493881225586,
      43.96711730957031,
      44.92918014526367,
      54.04204177856445,
      56.49356460571289,
      96.31588745117188,
      82.1934585571289,
      51.36854934692383,
      53.08007049560547
    ],
    [
      1.5442168712615967,
      1.6689752340316772,
      24.8754825592041,
      24.941497802734375,
      9.139449119567871,
      8.190917015075684,
      22.879959106445312,
      14.993952751159668,
      31.70351219177246,
      22.984384536743164,
      50.23219680786133,
      44.7452278137207,
      59.387908935546875,
      58.7313346862793,
      82.1934585571289,
      86.01826477050781,
      46.156166076660156,
      46.329402923583984
    ],
    [
      5.5133209228515625,
      5.698244094848633,
      12.554007530212402,
      12.604103088378906,
      3.997191905975342,
      3.0410706996917725,
      10.253060340881348,
      6.355143070220947,
      14.337209701538086,
      11.908463478088379,
      21.59664535522461,
      23.20735740661621,
      27.770044326782227,
      30.661645889282227,
      51.36854934692383,
      46.156166076660156,
      38.80989074707031,
      37.508052825927734
    ],
    [
      5.683530330657959,
      5.864266395568848,
      13.277626991271973,
      13.402523040771484,
      3.750312328338623,
      2.86784291267395,
      9.748485565185547,
      6.767002105712891,
      15.152535438537598,
      11.715094566345215,
      21.697391510009766,
      21.294723510742188,
      28.513259887695312,
      28.60055923461914,
      53.08007049560547,
      46.329402923583984,
      37.508052825927734,
      40.18971633911133
    ]
  ],
  "damage": -11.362018585205078,
  "diff_bandwidth": 1265.7349853515625,
  "dissonance": 10.655380857814718,
  "drr": 3.7839410305023193,
  "dynamics": 4.170486927032471,
  "format": 1245190,
  "frames": 8300480,
  "loudness": -18.53257942199707,
  "loudness_range": 10.73349666595459,
  "loudness_range_short": 15.90103816986084,
  "lowpass_true_peak_15khz": -0.390351265668869,
  "mastering3_acoustic_entropies": [
    {
      "acoustic_entropy": 9.553521156311035,
      "acoustic_entropy_mono": 9.127656936645508,
      "band_eliminated_acoustic_entropies": [
        {
          "acoustic_entropy": 9.5535306930542,
          "acoustic_entropy_side": 9.553525924682617,
          "hz": 129.47220167065723
        },
        {
          "acoustic_entropy": 9.554816246032715,
          "acoustic_entropy_side": 9.554128646850586,
          "hz": 202.92927478742237
        },
        {
          "acoustic_entropy": 9.539129257202148,
          "acoustic_entropy_side": 9.55265998840332,
          "hz": 282.89161906338205
        },
        {
          "acoustic_entropy": 9.468650817871094,
          "acoustic_entropy_side": 9.394798278808594,
          "hz": 369.9353335868758
        },
        {
          "acoustic_entropy": 9.595648765563965,
          "acoustic_entropy_side": 9.655759811401367,
          "hz": 464.6875360973435
        },
        {
          "acoustic_entropy": 9.549907684326172,
          "acoustic_entropy_side": 9.59529972076416,
          "hz": 567.8308811364784
        },
        {
          "acoustic_entropy": 9.110027313232422,
          "acoustic_entropy_side": 9.507437705993652,
          "hz": 680.1084783214808
        },
        {
          "acoustic_entropy": 9.515398979187012,
          "acoustic_entropy_side": 9.584830284118652,
          "hz": 802.3292461747484
        },
        {
          "acoustic_entropy": 9.8731107711792,
          "acoustic_entropy_side": 9.741941452026367,
          "hz": 935.3737400823702
        },
        {
          "acoustic_entropy": 9.011748313903809,
          "acoustic_entropy_side": 9.549295425415039,
          "hz": 1080.2004963696966
        },
        {
          "acoustic_entropy": 9.29517650604248,
          "acoustic_entropy_side": 9.980511665344238,
          "hz": 1237.8529382007157
        },
        {
          "acoustic_entropy": 8.900710105895996,
          "acoustic_entropy_side": 9.384334564208984,
          "hz": 1409.4668930556702
        },
        {
          "acoustic_entropy": 8.5078706741333,
          "acoustic_entropy_side": 9.677720069885254,
          "hz": 1596.2787759475705
        },
        {
          "acoustic_entropy": 8.954813957214355,
          "acoustic_entropy_side": 8.76349925994873,
          "hz": 1799.6344973346393
        },
        {
          "acoustic_entropy": 8.97772216796875,
          "acoustic_entropy_side": 9.26185131072998,
          "hz": 2020.9991599069049
        },
        {
          "acoustic_entropy": 8.870392799377441,
          "acoustic_entropy_side": 9.464315414428711,
          "hz": 2261.9676141086993
        },
        {
          "acoustic_entropy": 9.255638122558594,
          "acoustic_entropy_side": 9.533302307128906,
          "hz": 2524.2759484456974
        },
        {
          "acoustic_entropy": 9.460529327392578,
          "acoustic_entropy_side": 9.629009246826172,
          "hz": 2809.813997359896
        },
        {
          "acoustic_entropy": 9.669657707214355,
          "acoustic_entropy_side": 9.702776908874512,
          "hz": 3120.6389567871424
        },
        {
          "acoustic_entropy": 9.576057434082031,
          "acoustic_entropy_side": 9.495196342468262,
          "hz": 3458.990205492291
        },
        {
          "acoustic_entropy": 9.736501693725586,
          "acoustic_entropy_side": 9.573820114135742,
          "hz": 3827.305438964164
        },
        {
          "acoustic_entropy": 9.330510139465332,
          "acoustic_entropy_side": 9.37818431854248,
          "hz": 4228.238232109126
        },
        {
          "acoustic_entropy": 9.28844165802002,
          "acoustic_entropy_side": 9.390026092529297,
          "hz": 4664.6771572759235
        },
        {
          "acoustic_entropy": 9.534576416015625,
          "acoustic_entropy_side": 9.42455768585205,
          "hz": 5139.766595350093
        },
        {
          "acoustic_entropy": 9.423270225524902,
          "acoustic_entropy_side": 9.54599380493164,
          "hz": 5656.929389854203
        },
        {
          "acoustic_entropy": 9.441816329956055,
          "acoustic_entropy_side": 9.53020191192627,
          "hz": 6219.891507268283
        },
        {
          "acoustic_entropy": 9.421965599060059,
          "acoustic_entropy_side": 9.493143081665039,
          "hz": 6832.70888123896
        },
        {
          "acoustic_entropy": 9.462347984313965,
          "acoustic_entropy_side": 9.513590812683105,
          "hz": 7499.796634079867
        },
        {
          "acoustic_entropy": 9.502677917480469,
          "acoustic_entropy_side": 9.537788391113281,
          "hz": 8225.96088609342
        },
        {
          "acoustic_entropy": 9.26102352142334,
          "acoustic_entropy_side": 9.412036895751953,
          "hz": 9016.43338188839
        },
        {
          "acoustic_entropy": 9.195415496826172,
          "acoustic_entropy_side": 9.338579177856445,
          "hz": 9876.909183162974
        },
        {
          "acoustic_entropy": 9.379868507385254,
          "acoustic_entropy_side": 9.398955345153809,
          "hz": 10813.587699516042
        },
        {
          "acoustic_entropy": 9.383074760437012,
          "acoustic_entropy_side": 9.3683443069458,
          "hz": 11833.21735289826
        },
        {
          "acoustic_entropy": 9.459138870239258,
          "acoustic_entropy_side": 9.507365226745605,
          "hz": 12943.144197493959
        },
        {
          "acoustic_entropy": 9.534645080566406,
          "acoustic_entropy_side": 9.544303894042969,
          "hz": 14151.364845322005
        },
        {
          "acoustic_entropy": 9.541613578796387,
          "acoustic_entropy_side": 9.54741096496582,
          "hz": 15466.58407886509
        },
        {
          "acoustic_entropy": 9.550570487976074,
          "acoustic_entropy_side": 9.551941871643066,
          "hz": 16898.27756580493
        },
        {
          "acoustic_entropy": 9.553235054016113,
          "acoustic_entropy_side": 9.553351402282715,
          "hz": 18456.760127700032
        },
        {
          "acoustic_entropy": 9.553458213806152,
          "acoustic_entropy_side": 9.553484916687012,
          "hz": 20153.260054456492
        },
        {
          "acoustic_entropy": 9.553519248962402,
          "acoustic_entropy_side": 9.553519248962402,
          "hz": 22000.00000000001
        }
      ],
      "diff_acoustic_entropy": 10.636262893676758,
      "sn": 6
    },
    {
      "acoustic_entropy": 15.83098030090332,
      "acoustic_entropy_mono": 14.82290267944336,
      "band_eliminated_acoustic_entropies": [
        {
          "acoustic_entropy": 15.830988883972168,
          "acoustic_entropy_side": 15.830986976623535,
          "hz": 129.47220167065723
        },
        {
          "acoustic_entropy": 15.796637535095215,
          "acoustic_entropy_side": 15.818530082702637,
          "hz": 202.92927478742237
        },
        {
          "acoustic_entropy": 16.058683395385742,
          "acoustic_entropy_side": 15.931798934936523,
          "hz": 282.89161906338205
        },
        {
          "acoustic_entropy": 15.755683898925781,
          "acoustic_entropy_side": 15.842419624328613,
          "hz": 369.9353335868758
        },
        {
          "acoustic_entropy": 15.295022964477539,
          "acoustic_entropy_side": 16.0191650390625,
          "hz": 464.6875360973435
        },
        {
          "acoustic_entropy": 15.939895629882812,
          "acoustic_entropy_side": 16.41507339477539,
          "hz": 567.8308811364784
        },
        {
          "acoustic_entropy": 15.85273265838623,
          "acoustic_entropy_side": 16.021677017211914,
          "hz": 680.1084783214808
        },
        {
          "acoustic_entropy": 14.663135528564453,
          "acoustic_entropy_side": 16.530981063842773,
          "hz": 802.3292461747484
        },
        {
          "acoustic_entropy": 14.655781745910645,
          "acoustic_entropy_side": 16.146116256713867,
          "hz": 935.3737400823702
        },
        {
          "acoustic_entropy": 16.09520721435547,
          "acoustic_entropy_side": 16.234272003173828,
          "hz": 1080.2004963696966
        },
        {
          "acoustic_entropy": 16.15278434753418,
          "acoustic_entropy_side": 16.68463134765625,
          "hz": 1237.8529382007157
        },
        {
          "acoustic_entropy": 15.301858901977539,
          "acoustic_entropy_side": 15.408907890319824,
          "hz": 1409.4668930556702
        },
        {
          "acoustic_entropy": 14.488260269165039,
          "acoustic_entropy_side": 15.544937133789062,
          "hz": 1596.2787759475705
        },
        {
          "acoustic_entropy": 15.758389472961426,
          "acoustic_entropy_side": 15.452460289001465,
          "hz": 1799.6344973346393
        },
        {
          "acoustic_entropy": 15.721997261047363,
          "acoustic_entropy_side": 15.736084938049316,
          "hz": 2020.9991599069049
        },
        {
          "acoustic_entropy": 15.52216625213623,
          "acoustic_entropy_side": 15.82472038269043,
          "hz": 2261.9676141086993
        },
        {
          "acoustic_entropy": 15.96754264831543,
          "acoustic_entropy_side": 15.842028617858887,
          "hz": 2524.2759484456974
        },
        {
          "acoustic_entropy": 15.923286437988281,
          "acoustic_entropy_side": 15.601404190063477,
          "hz": 2809.813997359896
        },
        {
          "acoustic_entropy": 15.149345397949219,
          "acoustic_entropy_side": 15.461871147155762,
          "hz": 3120.6389567871424
        },
        {
          "acoustic_entropy": 16.02785301208496,
          "acoustic_entropy_side": 15.88607120513916,
          "hz": 3458.990205492291
        },
        {
          "acoustic_entropy": 15.972289085388184,
          "acoustic_entropy_side": 15.945855140686035,
          "hz": 3827.305438964164
        },
        {
          "acoustic_entropy": 15.971390724182129,
          "acoustic_entropy_side": 15.823688507080078,
          "hz": 4228.238232109126
        },
        {
          "acoustic_entropy": 16.030994415283203,
          "acoustic_entropy_side": 15.799936294555664,
          "hz": 4664.6771572759235
        },
        {
          "acoustic_entropy": 15.468707084655762,
          "acoustic_entropy_side": 16.07213020324707,
          "hz": 5139.766595350093
        },
        {
          "acoustic_entropy": 15.900262832641602,
          "acoustic_entropy_side": 15.534323692321777,
          "hz": 5656.929389854203
        },
        {
          "acoustic_entropy": 15.703852653503418,
          "acoustic_entropy_side": 15.727441787719727,
          "hz": 6219.891507268283
        },
        {
          "acoustic_entropy": 15.52635669708252,
          "acoustic_entropy_side": 15.765449523925781,
          "hz": 6832.70888123896
        },
        {
          "acoustic_entropy": 15.683403968811035,
          "acoustic_entropy_side": 15.798492431640625,
          "hz": 7499.796634079867
        },
        {
          "acoustic_entropy": 15.688380241394043,
          "acoustic_entropy_side": 15.778347969055176,
          "hz": 8225.96088609342
        },
        {
          "acoustic_entropy": 15.485265731811523,
          "acoustic_entropy_side": 15.65641975402832,
          "hz": 9016.43338188839
        },
        {
          "acoustic_entropy": 15.512975692749023,
          "acoustic_entropy_side": 15.646728515625,
          "hz": 9876.909183162974
        },
        {
          "acoustic_entropy": 15.801355361938477,
          "acoustic_entropy_side": 15.76915168762207,
          "hz": 10813.587699516042
        },
        {
          "acoustic_entropy": 15.838425636291504,
          "acoustic_entropy_side": 15.803781509399414,
          "hz": 11833.21735289826
        },
        {
          "acoustic_entropy": 15.686516761779785,
          "acoustic_entropy_side": 15.783531188964844,
          "hz": 12943.144197493959
        },
        {
          "acoustic_entropy": 15.80665111541748,
          "acoustic_entropy_side": 15.822765350341797,
          "hz": 14151.364845322005
        },
        {
          "acoustic_entropy": 15.829718589782715,
          "acoustic_entropy_side": 15.831704139709473,
          "hz": 15466.58407886509
        },
        {
          "acoustic_entropy": 15.831039428710938,
          "acoustic_entropy_side": 15.829690933227539,
          "hz": 16898.27756580493
        },
        {
          "acoustic_entropy": 15.83087158203125,
          "acoustic_entropy_side": 15.831086158752441,
          "hz": 18456.760127700032
        },
        {
          "acoustic_entropy": 15.831053733825684,
          "acoustic_entropy_side": 15.831059455871582,
          "hz": 20153.260054456492
        },
        {
          "acoustic_entropy": 15.830978393554688,
          "acoustic_entropy_side": 15.83098030090332,
          "hz": 22000.00000000001
        }
      ],
      "diff_acoustic_entropy": 15.748185157775879,
      "sn": 12
    },
    {
      "acoustic_entropy": 22.81524085998535,
      "acoustic_entropy_mono": 21.21344757080078,
      "band_eliminated_acoustic_entropies": [
        {
          "acoustic_entropy": 22.824111938476562,
          "acoustic_entropy_side": 22.820547103881836,
          "hz": 129.47220167065723
        },
        {
          "acoustic_entropy": 22.829345703125,
          "acoustic_entropy_side": 22.79472541809082,
          "hz": 202.92927478742237
        },
        {
          "acoustic_entropy": 22.496963500976562,
          "acoustic_entropy_side": 22.768423080444336,
          "hz": 282.89161906338205
        },
        {
          "acoustic_entropy": 22.792396545410156,
          "acoustic_entropy_side": 22.585464477539062,
          "hz": 369.9353335868758
        },
        {
          "acoustic_entropy": 24.48664093017578,
          "acoustic_entropy_side": 23.920711517333984,
          "hz": 464.6875360973435
        },
        {
          "acoustic_entropy": 22.410724639892578,
          "acoustic_entropy_side": 22.3335018157959,
          "hz": 567.8308811364784
        },
        {
          "acoustic_entropy": 23.172563552856445,
          "acoustic_entropy_side": 23.78468894958496,
          "hz": 680.1084783214808
        },
        {
          "acoustic_entropy": 22.43305206298828,
          "acoustic_entropy_side": 23.428367614746094,
          "hz": 802.3292461747484
        },
        {
          "acoustic_entropy": 22.642879486083984,
          "acoustic_entropy_side": 22.456802368164062,
          "hz": 935.3737400823702
        },
        {
          "acoustic_entropy": 23.484102249145508,
          "acoustic_entropy_side": 24.407054901123047,
          "hz": 1080.2004963696966
        },
        {
          "acoustic_entropy": 23.32112693786621,
          "acoustic_entropy_side": 22.61698341369629,
          "hz": 1237.8529382007157
        },
        {
          "acoustic_entropy": 23.5379581451416,
          "acoustic_entropy_side": 22.274982452392578,
          "hz": 1409.4668930556702
        },
        {
          "acoustic_entropy": 22.196352005004883,
          "acoustic_entropy_side": 23.754125595092773,
          "hz": 1596.2787759475705
        },
        {
          "acoustic_entropy": 23.45922088623047,
          "acoustic_entropy_side": 22.945106506347656,
          "hz": 1799.6344973346393
        },
        {
          "acoustic_entropy": 23.613222122192383,
          "acoustic_entropy_side": 23.172128677368164,
          "hz": 2020.9991599069049
        },
        {
          "acoustic_entropy": 23.24144172668457,
          "acoustic_entropy_side": 23.19581413269043,
          "hz": 2261.9676141086993
        },
        {
          "acoustic_entropy": 23.231040954589844,
          "acoustic_entropy_side": 23.235403060913086,
          "hz": 2524.2759484456974
        },
        {
          "acoustic_entropy": 23.609363555908203,
          "acoustic_entropy_side": 23.180843353271484,
          "hz": 2809.813997359896
        },
        {
          "acoustic_entropy": 22.847307205200195,
          "acoustic_entropy_side": 22.929121017456055,
