{
  "acoustic_entropy": 164.30029296875,
  "bands": [
    {
      "high_freq": 148.1999969482422,
      "loudness": -39.618431091308594,
      "loudness_range": 18.600048065185547,
      "mid_mean": -36.20539474487305,
      "mid_to_side_loudness": -13.512057304382324,
      "mid_to_side_loudness_range": 12.541970252990723,
      "side_mean": -49.775123596191406
    },
    {
      "high_freq": 392.3793640136719,
      "loudness": -31.331077575683594,
      "loudness_range": 11.233804702758789,
      "low_freq": 148.1999969482422,
      "mid_mean": -28.75033950805664,
      "mid_to_side_loudness": -5.85798978805542,
      "mid_to_side_loudness_range": 7.222729206085205,
      "side_mean": -34.65409469604492
    },
    {
      "high_freq": 794.6976318359375,
      "loudness": -29.634939193725586,
      "loudness_range": 16.224275588989258,
      "low_freq": 392.3793640136719,
      "mid_mean": -27.702796936035156,
      "mid_to_side_loudness": -3.4159140586853027,
      "mid_to_side_loudness_range": 8.148662567138672,
      "side_mean": -31.361042022705078
    },
    {
      "high_freq": 1457.5709228515625,
      "loudness": -35.573909759521484,
      "loudness_range": 21.49886131286621,
      "low_freq": 794.6976318359375,
      "mid_mean": -34.252197265625,
      "mid_to_side_loudness": -1.6156753301620483,
      "mid_to_side_loudness_range": 5.371915340423584,
      "side_mean": -35.88710021972656
    },
    {
      "high_freq": 2549.74365234375,
      "loudness": -42.21025848388672,
      "loudness_range": 19.49315643310547,
      "low_freq": 1457.5709228515625,
      "mid_mean": -40.912452697753906,
      "mid_to_side_loudness": -1.6285808086395264,
      "mid_to_side_loudness_range": 5.612868309020996,
      "side_mean": -42.54627990722656
    },
    {
      "high_freq": 4349.24462890625,
      "loudness": -43.217872619628906,
      "loudness_range": 21.561542510986328,
      "low_freq": 2549.74365234375,
      "mid_mean": -41.857669830322266,
      "mid_to_side_loudness": -2.744699239730835,
      "mid_to_side_loudness_range": 5.242058277130127,
      "side_mean": -44.750057220458984
    },
    {
      "high_freq": 7314.1640625,
      "loudness": -59.191184997558594,
      "loudness_range": 19.322845458984375,
      "low_freq": 4349.24462890625,
      "mid_mean": -58.39907455444336,
      "mid_to_side_loudness": -2.894285202026367,
      "mid_to_side_loudness_range": 3.153775215148926,
      "side_mean": -60.72193908691406
    },
    {
      "high_freq": 12199.2666015625,
      "loudness": -63.01632308959961,
      "loudness_range": 19.64517593383789,
      "low_freq": 7314.1640625,
      "mid_mean": -62.33976745605469,
      "mid_to_side_loudness": -1.960278868675232,
      "mid_to_side_loudness_range": 2.055614471435547,
      "side_mean": -63.714256286621094
    },
    {
      "loudness": -74.88932800292969,
      "loudness_range": 17.868824005126953,
      "low_freq": 12199.2666015625,
      "mid_mean": -68.32084655761719,
      "mid_to_side_loudness": -1.074747920036316,
      "mid_to_side_loudness_range": 1.584384799003601,
      "side_mean": -68.59956359863281
    }
  ],
  "bands_short": [
    {
      "high_freq": 148.1999969482422,
      "loudness": -44.681209564208984,
      "loudness_range": 23.86865234375,
      "mid_mean": -41.309112548828125,
      "mid_to_side_loudness": -14.032362937927246,
      "mid_to_side_loudness_range": 17.685428619384766,
      "side_mean": -55.20550537109375
    },
    {
      "high_freq": 392.3793640136719,
      "loudness": -31.573204040527344,
      "loudness_range": 12.263368606567383,
      "low_freq": 148.1999969482422,
      "mid_mean": -28.971824645996094,
      "mid_to_side_loudness": -6.422340393066406,
      "mid_to_side_loudness_range": 10.25699234008789,
      "side_mean": -35.429771423339844
    },
    {
      "high_freq": 794.6976318359375,
      "loudness": -29.672863006591797,
      "loudness_range": 16.40217399597168,
      "low_freq": 392.3793640136719,
      "mid_mean": -27.845962524414062,
      "mid_to_side_loudness": -3.6005117893218994,
      "mid_to_side_loudness_range": 11.137913703918457,
      "side_mean": -31.658496856689453
    },
    {
      "high_freq": 1457.5709228515625,
      "loudness": -35.671268463134766,
      "loudness_range": 21.936050415039062,
      "low_freq": 794.6976318359375,
      "mid_mean": -34.54665756225586,
      "mid_to_side_loudness": -1.4335904121398926,
      "mid_to_side_loudness_range": 7.935794830322266,
      "side_mean": -35.9920654296875
    },
    {
      "high_freq": 2549.74365234375,
      "loudness": -42.524234771728516,
      "loudness_range": 20.509559631347656,
      "low_freq": 1457.5709228515625,
      "mid_mean": -41.400421142578125,
      "mid_to_side_loudness": -1.483627438545227,
      "mid_to_side_loudness_range": 8.033461570739746,
      "side_mean": -42.910240173339844
    },
    {
      "high_freq": 4349.24462890625,
      "loudness": -43.55914306640625,
      "loudness_range": 22.991344451904297,
      "low_freq": 2549.74365234375,
      "mid_mean": -42.29327392578125,
      "mid_to_side_loudness": -2.6945436000823975,
      "mid_to_side_loudness_range": 6.794943809509277,
      "side_mean": -45.17183303833008
    },
    {
      "high_freq": 7314.1640625,
      "loudness": -59.17423629760742,
      "loudness_range": 19.777503967285156,
      "low_freq": 4349.24462890625,
      "mid_mean": -58.47889709472656,
      "mid_to_side_loudness": -3.011932849884033,
      "mid_to_side_loudness_range": 5.066634654998779,
      "side_mean": -60.826168060302734
    },
    {
      "high_freq": 12199.2666015625,
      "loudness": -63.66365432739258,
      "loudness_range": 17.157875061035156,
      "low_freq": 7314.1640625,
      "mid_mean": -62.7995719909668,
      "mid_to_side_loudness": -1.937767505645752,
      "mid_to_side_loudness_range": 3.0362067222595215,
      "side_mean": -64.10719299316406
    },
    {
      "loudness": -75.3291015625,
      "loudness_range": 14.423637390136719,
      "low_freq": 12199.2666015625,
      "mid_mean": -68.54024505615234,
      "mid_to_side_loudness": -1.0731195211410522,
      "mid_to_side_loudness_range": 2.664717197418213,
      "side_mean": -68.7865982055664
    }
  ],
  "bandwidth": 639.73828125,
  "channels": 2,
  "covariance": [
    [
      46.73629379272461,
      34.081398010253906,
      13.981412887573242,
      14.070313453674316,
      18.338762283325195,
      19.601154327392578,
      20.937957763671875,
      19.435625076293945,
      21.715152740478516,
      20.812950134277344,
      20.271102905273438,
      21.305757522583008,
      20.68330955505371,
      17.533340454101562,
      13.577447891235352,
      11.339295387268066,
      2.846602201461792,
      2.4499197006225586
    ],
    [
      34.081398010253906,
      42.86870193481445,
      11.372314453125,
      12.257122039794922,
      15.408783912658691,
      16.41204833984375,
      16.69924545288086,
      15.321248054504395,
      19.021411895751953,
      18.439786911010742,
      17.83967399597168,
      18.455564498901367,
      19.408838272094727,
      16.22722625732422,
      13.497391700744629,
      11.151869773864746,
      2.790318012237549,
      2.4136407375335693
    ],
    [
      13.981412887573242,
      11.372314453125,
      18.341690063476562,
      15.657402038574219,
      13.599928855895996,
      14.6924409866333,
      14.195725440979004,
      14.427096366882324,
      17.491422653198242,
      16.998191833496094,
      16.290409088134766,
      16.002553939819336,
      15.777539253234863,
      13.363680839538574,
      10.363564491271973,
      8.542869567871094,
      1.7933833599090576,
      1.4959627389907837
    ],
    [
      14.070313453674316,
      12.257122039794922,
      15.657402038574219,
      19.522886276245117,
      13.497081756591797,
      15.028182983398438,
      14.529041290283203,
      14.819494247436523,
      17.495237350463867,
      17.430248260498047,
      16.465742111206055,
      16.019704818725586,
      16.25105857849121,
      13.890057563781738,
      11.133783340454102,
      9.314410209655762,
      2.228046178817749,
      1.8827972412109375
    ],
    [
      18.338762283325195,
      15.408783912658691,
      13.599928855895996,
      13.497081756591797,
      35.366432189941406,
      28.813810348510742,
      31.09410285949707,
      30.084434509277344,
      30.279624938964844,
      28.9902286529541,
      29.97156524658203,
      30.730731964111328,
      26.470460891723633,
      22.86005973815918,
      17.381898880004883,
      14.848186492919922,
      3.257495403289795,
      2.741283416748047
    ],
    [
      19.601154327392578,
      16.41204833984375,
      14.6924409866333,
      15.028182983398438,
      28.813810348510742,
      32.77690887451172,
      31.590986251831055,
      30.172679901123047,
      30.166301727294922,
      28.80892562866211,
      32.148048400878906,
      31.796390533447266,
      28.164966583251953,
      24.06128692626953,
      19.02464485168457,
      16.152719497680664,
      3.3194003105163574,
      2.775771141052246
    ],
    [
      20.937957763671875,
      16.69924545288086,
      14.195725440979004,
      14.529041290283203,
      31.09410285949707,
      31.590986251831055,
      59.99176025390625,
      53.33269119262695,
      32.43082046508789,
      30.732824325561523,
      43.75855255126953,
      42.71554183959961,
      35.1895751953125,
      29.483993530273438,
      21.397674560546875,
      18.201520919799805,
      4.210326194763184,
      3.47849440574646
    ],
    [
      19.435625076293945,
      15.321248054504395,
      14.427096366882324,
      14.819494247436523,
      30.084434509277344,
      30.172679901123047,
      53.33269119262695,
      50.89138412475586,
      31.160541534423828,
      29.622730255126953,
      40.68837356567383,
      39.87938690185547,
      32.578102111816406,
      27.487560272216797,
      19.790048599243164,
      16.83934211730957,
      3.8900554180145264,
      3.22521710395813
    ],
    [
      21.715152740478516,
      19.021411895751953,
      17.491422653198242,
      17.495237350463867,
      30.279624938964844,
      30.166301727294922,
      32.43082046508789,
      31.160541534423828,
      48.73147964477539,
      42.812530517578125,
      42.43119430541992,
      42.91260528564453,
      35.043357849121094,
      29.941089630126953,
      24.98204231262207,
      21.18193817138672,
      4.477294921875,
      3.746629476547241
    ],
    [
      20.812950134277344,
      18.439786911010742,
      16.998191833496094,
      17.430248260498047,
      28.9902286529541,
      28.80892562866211,
      30.732824325561523,
      29.622730255126953,
      42.812530517578125,
      42.29342269897461,
      37.84122848510742,
      37.48330307006836,
      31.295520782470703,
      26.804296493530273,
      21.876995086669922,
      18.543590545654297,
      3.8612992763519287,
      3.2269370555877686
    ],
    [
      20.271102905273438,
      17.83967399597168,
      16.290409088134766,
      16.465742111206055,
      29.97156524658203,
      32.148048400878906,
      43.75855255126953,
      40.68837356567383,
      42.43119430541992,
      37.84122848510742,
      71.05088806152344,
      62.929019927978516,
      45.80559158325195,
      38.51652526855469,
      32.52836990356445,
      27.516761779785156,
      5.792732238769531,
      4.774974346160889
    ],
    [
      21.305757522583008,
      18.455564498901367,
      16.002553939819336,
      16.019704818725586,
      30.730731964111328,
      31.796390533447266,
      42.71554183959961,
      39.87938690185547,
      42.91260528564453,
      37.48330307006836,
      62.929019927978516,
      64.35155487060547,
      43.5189094543457,
      36.70962142944336,
      30.522415161132812,
      25.845680236816406,
      5.43440055847168,
      4.495829105377197
    ],
    [
      20.68330955505371,
      19.408838272094727,
      15.777539253234863,
      16.25105857849121,
      26.470460891723633,
      28.164966583251953,
      35.1895751953125,
      32.578102111816406,
      35.043357849121094,
      31.295520782470703,
      45.80559158325195,
      43.5189094543457,
      50.64807891845703,
      42.9528923034668,
      39.119834899902344,
      33.73103332519531,
      11.292551040649414,
      9.629011154174805
    ],
    [
      17.533340454101562,
      16.22722625732422,
      13.363680839538574,
      13.890057563781738,
      22.86005973815918,
      24.06128692626953,
      29.483993530273438,
      27.487560272216797,
      29.941089630126953,
      26.804296493530273,
      38.51652526855469,
      36.70962142944336,
      42.9528923034668,
      37.12692642211914,
      33.646793365478516,
      29.153322219848633,
      10.030013084411621,
      8.584407806396484
    ],
    [
      13.577447891235352,
      13.497391700744629,
      10.363564491271973,
      11.133783340454102,
      17.381898880004883,
      19.02464485168457,
      21.397674560546875,
      19.790048599243164,
      24.98204231262207,
      21.876995086669922,
      32.52836990356445,
      30.522415161132812,
      39.119834899902344,
      33.646793365478516,
      37.09263610839844,
      32.409114837646484,
      12.772136688232422,
      11.017518997192383
    ],
    [
      11.339295387268066,
      11.151869773864746,
      8.542869567871094,
      9.314410209655762,
      14.848186492919922,
      16.152719497680664,
      18.201520919799805,
      16.83934211730957,
      21.18193817138672,
      18.543590545654297,
      27.516761779785156,
      25.845680236816406,
      33.73103332519531,
      29.153322219848633,
      32.409114837646484,
      28.586641311645508,
      11.584911346435547,
      10.006522178649902
    ],
    [
      2.846602201461792,
      2.790318012237549,
      1.7933833599090576,
      2.228046178817749,
      3.257495403289795,
      3.3194003105163574,
      4.210326194763184,
      3.8900554180145264,
      4.477294921875,
      3.8612992763519287,
      5.792732238769531,
      5.43440055847168,
      11.292551040649414,
      10.030013084411621,
      12.772136688232422,
      11.584911346435547,
      6.586860179901123,
      5.735976219177246
    ],
    [
      2.4499197006225586,
      2.4136407375335693,
      1.4959627389907837,
      1.8827972412109375,
      2.741283416748047,
      2.775771141052246,
      3.47849440574646,
      3.22521710395813,
      3.746629476547241,
      3.2269370555877686,
      4.774974346160889,
      4.495829105377197,
      9.629011154174805,
      8.584407806396484,
      11.017518997192383,
      10.006522178649902,
      5.735976219177246,
      5.044078826904297
    ]
  ],
  "covariance_short": [
    [
      67.62885284423828,
      34.899314880371094,
      18.965534210205078,
      16.632465362548828,
      20.879592895507812,
      20.90731430053711,
      28.417943954467773,
      26.7819766998291,
      25.82284927368164,
      23.733850479125977,
      23.58022689819336,
      25.350221633911133,
      25.427486419677734,
      21.030136108398438,
      14.667908668518066,
      12.33913516998291,
      2.7545924186706543,
      2.2495362758636475
    ],
    [
      34.899314880371094,
      40.370914459228516,
      14.536046028137207,
      13.518939971923828,
      16.620176315307617,
      16.70273208618164,
      21.629512786865234,
      20.40625762939453,
      21.38267707824707,
      19.57282066345215,
      20.58161735534668,
      21.70929718017578,
      22.356599807739258,
      18.548294067382812,
      13.87922191619873,
      11.565402030944824,
      2.5725226402282715,
      2.1273531913757324
    ],
    [
      18.965534210205078,
      14.536046028137207,
      21.219329833984375,
      15.672835350036621,
      14.832894325256348,
      15.405699729919434,
      15.007689476013184,
      14.826469421386719,
      18.70123863220215,
      18.456714630126953,
      16.535032272338867,
      16.467742919921875,
      15.411136627197266,
      13.155139923095703,
      9.702434539794922,
      7.977884769439697,
      1.4109855890274048,
      1.1589467525482178
    ],
    [
      16.632465362548828,
      13.518939971923828,
      15.672835350036621,
      22.828317642211914,
      14.320300102233887,
      15.834681510925293,
      15.115181922912598,
      15.15989875793457,
      18.372417449951172,
      18.37971305847168,
      16.509201049804688,
      16.351354598999023,
      15.840864181518555,
      13.642607688903809,
      10.525615692138672,
      8.789299964904785,
      1.909024953842163,
      1.581419587135315
    ],
    [
      20.879592895507812,
      16.620176315307617,
      14.832894325256348,
      14.320300102233887,
      37.862831115722656,
      28.156465530395508,
      30.505409240722656,
      29.281017303466797,
      30.857982635498047,
      29.75302505493164,
      30.258689880371094,
      30.713930130004883,
      25.592241287231445,
      21.964080810546875,
      15.77198314666748,
      13.336215019226074,
      2.1581568717956543,
      1.7306931018829346
    ],
    [
      20.90731430053711,
      16.70273208618164,
      15.405699729919434,
      15.834681510925293,
      28.156465530395508,
      35.13383102416992,
      31.279624938964844,
      29.561452865600586,
      30.763500213623047,
      29.800212860107422,
      32.08173751831055,
      32.09699630737305,
      27.660839080810547,
      23.4351749420166,
      17.817001342773438,
      15.018392562866211,
      2.558588743209839,
      2.0665628910064697
    ],
    [
      28.417943954467773,
      21.629512786865234,
      15.007689476013184,
      15.115181922912598,
      30.505409240722656,
      31.279624938964844,
      62.844451904296875,
      53.0200080871582,
      34.58647918701172,
      32.88135528564453,
      44.82445526123047,
      44.43959045410156,
      35.35542678833008,
      29.751665115356445,
      20.32965087890625,
      17.194236755371094,
      3.2640886306762695,
      2.6086809635162354
    ],
    [
      26.7819766998291,
      20.40625762939453,
      14.826469421386719,
      15.15989875793457,
      29.281017303466797,
      29.561452865600586,
      53.0200080871582,
      52.4959602355957,
      32.668067932128906,
      30.90082359313965,
      41.19940948486328,
      41.01127243041992,
      32.833370208740234,
      27.733596801757812,
      18.816152572631836,
      15.915397644042969,
      3.06705641746521,
      2.4504501819610596
    ],
    [
      25.82284927368164,
      21.38267707824707,
      18.70123863220215,
      18.372417449951172,
      30.857982635498047,
      30.763500213623047,
      34.58647918701172,
      32.668067932128906,
      54.201595306396484,
      45.95954895019531,
      45.685791015625,
      46.73291015625,
      36.76702117919922,
      31.152849197387695,
      24.763559341430664,
      20.863006591796875,
      3.5931873321533203,
      2.9020285606384277
    ],
    [
      23.733850479125977,
      19.57282066345215,
      18.456714630126953,
      18.37971305847168,
      29.75302505493164,
      29.800212860107422,
      32.88135528564453,
      30.90082359313965,
      45.95954895019531,
      47.335960388183594,
      40.39674377441406,
      40.56135940551758,
      33.18661880493164,
      28.256948471069336,
      22.137943267822266,
      18.685277938842773,
      3.3905274868011475,
      2.7604620456695557
    ],
    [
      23.58022689819336,
      20.58161735534668,
      16.535032272338867,
      16.509201049804688,
      30.258689880371094,
      32.08173751831055,
      44.82445526123047,
      41.19940948486328,
      45.685791015625,
      40.39674377441406,
      77.4620590209961,
      68.5091323852539,
      47.39308547973633,
      40.14192581176758,
      32.12522888183594,
      27.01387596130371,
      4.494574546813965,
      3.579402446746826
    ],
    [
      25.350221633911133,
      21.70929718017578,
      16.467742919921875,
      16.351354598999023,
      30.713930130004883,
      32.09699630737305,
      44.43959045410156,
      41.01127243041992,
      46.73291015625,
      40.56135940551758,
      68.5091323852539,
      71.36520385742188,
      46.15191650390625,
      39.01982498168945,
      30.895179748535156,
      26.023441314697266,
      4.517342567443848,
      3.628136396408081
    ],
    [
      25.427486419677734,
      22.356599807739258,
      15.411136627197266,
      15.840864181518555,
      25.592241287231445,
      27.660839080810547,
      35.35542678833008,
      32.833370208740234,
      36.76702117919922,
      33.18661880493164,
      47.39308547973633,
      46.15191650390625,
      52.836700439453125,
      44.28878402709961,
      37.66814041137695,
      32.42740249633789,
      10.143746376037598,
      8.682405471801758
    ],
    [
      21.030136108398438,
      18.548294067382812,
      13.155139923095703,
      13.642607688903809,
      21.964080810546875,
      23.4351749420166,
      29.751665115356445,
      27.733596801757812,
      31.152849197387695,
      28.256948471069336,
      40.14192581176758,
      39.01982498168945,
      44.28878402709961,
      39.03964614868164,
      32.58518981933594,
      28.201618194580078,
      9.099308013916016,
      7.8260369300842285
    ],
    [
      14.667908668518066,
      13.87922191619873,
      9.702434539794922,
      10.525615692138672,
      15.77198314666748,
      17.817001342773438,
      20.32965087890625,
      18.816152572631836,
      24.763559341430664,
      22.137943267822266,
      32.12522888183594,
      30.895179748535156,
      37.66814041137695,
      32.58518981933594,
      34.50510025024414,
      29.899738311767578,
      10.970718383789062,
      9.529982566833496
    ],
    [
      12.33913516998291,
      11.565402030944824,
      7.977884769439697,
      8.789299964904785,
      13.336215019226074,
      15.018392562866211,
      17.194236755371094,
      15.915397644042969,
      20.863006591796875,
      18.685277938842773,
      27.01387596130371,
      26.023441314697266,
      32.42740249633789,
      28.201618194580078,
      29.899738311767578,
      26.472396850585938,
      9.950791358947754,
      8.668813705444336
    ],
    [
      2.7545924186706543,
      2.5725226402282715,
      1.4109855890274048,
      1.909024953842163,
      2.1581568717956543,
      2.558588743209839,
      3.2640886306762695,
      3.06705641746521,
      3.5931873321533203,
      3.3905274868011475,
      4.494574546813965,
      4.517342567443848,
      10.143746376037598,
      9.099308013916016,
      10.970718383789062,
      9.950791358947754,
      5.745142936706543,
      5.046468257904053
    ],
    [
      2.2495362758636475,
      2.1273531913757324,
      1.1589467525482178,
      1.581419587135315,
      1.7306931018829346,
      2.0665628910064697,
      2.6086809635162354,
      2.4504501819610596,
      2.9020285606384277,
      2.7604620456695557,
      3.579402446746826,
      3.628136396408081,
      8.682405471801758,
      7.8260369300842285,
      9.529982566833496,
      8.668813705444336,
      5.046468257904053,
      4.522487640380859
    ]
  ],
  "damage": -14.062252044677734,
  "diff_bandwidth": 669.710205078125,
  "dissonance": 6.972401145156638,
  "drr": 10.902064323425293,
  "dynamics": 4.266874313354492,
  "format": 1245190,
  "frames": 11568064,
  "loudness": -21.933917999267578,
  "loudness_range": 12.611772537231445,
  "loudness_range_short": 13.768232345581055,
  "lowpass_true_peak_15khz": -2.0192246437072754,
  "mastering3_acoustic_entropies": [
    {
      "acoustic_entropy": 5.800302028656006,
      "acoustic_entropy_mono": 6.130467414855957,
      "band_eliminated_acoustic_entropies": [
        {
          "acoustic_entropy": 5.8029093742370605,
          "acoustic_entropy_side": 5.800307750701904,
          "hz": 129.47220167065723
        },
        {
          "acoustic_entropy": 5.741130828857422,
          "acoustic_entropy_side": 5.797884941101074,
          "hz": 202.92927478742237
        },
        {
          "acoustic_entropy": 5.831708908081055,
          "acoustic_entropy_side": 5.794449806213379,
          "hz": 282.89161906338205
        },
        {
          "acoustic_entropy": 6.316080570220947,
          "acoustic_entropy_side": 5.783686637878418,
          "hz": 369.9353335868758
        },
        {
          "acoustic_entropy": 6.365974426269531,
          "acoustic_entropy_side": 5.885131359100342,
          "hz": 464.6875360973435
        },
        {
          "acoustic_entropy": 5.731961727142334,
          "acoustic_entropy_side": 5.921238422393799,
          "hz": 567.8308811364784
        },
        {
          "acoustic_entropy": 6.130520343780518,
          "acoustic_entropy_side": 6.157711505889893,
          "hz": 680.1084783214808
        },
        {
          "acoustic_entropy": 5.613844871520996,
          "acoustic_entropy_side": 6.318328857421875,
          "hz": 802.3292461747484
        },
        {
          "acoustic_entropy": 6.087285041809082,
          "acoustic_entropy_side": 5.713939666748047,
          "hz": 935.3737400823702
        },
        {
          "acoustic_entropy": 6.1927289962768555,
          "acoustic_entropy_side": 5.753171443939209,
          "hz": 1080.2004963696966
        },
        {
          "acoustic_entropy": 6.071638107299805,
          "acoustic_entropy_side": 5.946629524230957,
          "hz": 1237.8529382007157
        },
        {
          "acoustic_entropy": 5.489468097686768,
          "acoustic_entropy_side": 6.002715587615967,
          "hz": 1409.4668930556702
        },
        {
          "acoustic_entropy": 5.815315246582031,
          "acoustic_entropy_side": 6.122095108032227,
          "hz": 1596.2787759475705
        },
        {
          "acoustic_entropy": 5.735245704650879,
          "acoustic_entropy_side": 5.734969139099121,
          "hz": 1799.6344973346393
        },
        {
          "acoustic_entropy": 5.836060523986816,
          "acoustic_entropy_side": 5.8129119873046875,
          "hz": 2020.9991599069049
        },
        {
          "acoustic_entropy": 5.861640930175781,
          "acoustic_entropy_side": 5.824645519256592,
          "hz": 2261.9676141086993
        },
        {
          "acoustic_entropy": 5.9133076667785645,
          "acoustic_entropy_side": 5.819120407104492,
          "hz": 2524.2759484456974
        },
        {
          "acoustic_entropy": 5.852112293243408,
          "acoustic_entropy_side": 5.796267032623291,
          "hz": 2809.813997359896
        },
        {
          "acoustic_entropy": 5.972848415374756,
          "acoustic_entropy_side": 5.824109077453613,
          "hz": 3120.6389567871424
        },
        {
          "acoustic_entropy": 5.851385116577148,
          "acoustic_entropy_side": 5.784445762634277,
          "hz": 3458.990205492291
        },
        {
          "acoustic_entropy": 5.863166332244873,
          "acoustic_entropy_side": 5.792852401733398,
          "hz": 3827.305438964164
        },
        {
          "acoustic_entropy": 5.794951915740967,
          "acoustic_entropy_side": 5.793624401092529,
          "hz": 4228.238232109126
        },
        {
          "acoustic_entropy": 5.790395259857178,
          "acoustic_entropy_side": 5.798246383666992,
          "hz": 4664.6771572759235
        },
        {
          "acoustic_entropy": 5.799487113952637,
          "acoustic_entropy_side": 5.800174236297607,
          "hz": 5139.766595350093
        },
        {
          "acoustic_entropy": 5.800501346588135,
          "acoustic_entropy_side": 5.800356864929199,
          "hz": 5656.929389854203
        },
        {
          "acoustic_entropy": 5.800553321838379,
          "acoustic_entropy_side": 5.800395965576172,
          "hz": 6219.891507268283
        },
        {
          "acoustic_entropy": 5.800532341003418,
          "acoustic_entropy_side": 5.800413131713867,
          "hz": 6832.70888123896
        },
        {
          "acoustic_entropy": 5.800577163696289,
          "acoustic_entropy_side": 5.800418376922607,
          "hz": 7499.796634079867
        },
        {
          "acoustic_entropy": 5.800621032714844,
          "acoustic_entropy_side": 5.80042839050293,
          "hz": 8225.96088609342
        },
        {
          "acoustic_entropy": 5.800536155700684,
          "acoustic_entropy_side": 5.800411224365234,
          "hz": 9016.43338188839
        },
        {
          "acoustic_entropy": 5.800501346588135,
          "acoustic_entropy_side": 5.800386428833008,
          "hz": 9876.909183162974
        },
        {
          "acoustic_entropy": 5.80045747756958,
          "acoustic_entropy_side": 5.800367832183838,
          "hz": 10813.587699516042
        },
        {
          "acoustic_entropy": 5.800385475158691,
          "acoustic_entropy_side": 5.800333023071289,
          "hz": 11833.21735289826
        },
        {
          "acoustic_entropy": 5.800344944000244,
          "acoustic_entropy_side": 5.800313472747803,
          "hz": 12943.144197493959
        },
        {
          "acoustic_entropy": 5.800317287445068,
          "acoustic_entropy_side": 5.80030632019043,
          "hz": 14151.364845322005
        },
        {
          "acoustic_entropy": 5.800304889678955,
          "acoustic_entropy_side": 5.800302982330322,
          "hz": 15466.58407886509
        },
        {
          "acoustic_entropy": 5.800302982330322,
          "acoustic_entropy_side": 5.800302028656006,
          "hz": 16898.27756580493
        },
        {
          "acoustic_entropy": 5.800302028656006,
          "acoustic_entropy_side": 5.800302028656006,
          "hz": 18456.760127700032
        },
        {
          "acoustic_entropy": 5.800302028656006,
          "acoustic_entropy_side": 5.800302028656006,
          "hz": 20153.260054456492
        },
        {
          "acoustic_entropy": 5.800302028656006,
          "acoustic_entropy_side": 5.800302028656006,
          "hz": 22000.00000000001
        }
      ],
      "diff_acoustic_entropy": 2.660107374191284,
      "sn": 6
    },
    {
      "acoustic_entropy": 9.202384948730469,
      "acoustic_entropy_mono": 8.89458179473877,
      "band_eliminated_acoustic_entropies": [
        {
          "acoustic_entropy": 9.139242172241211,
          "acoustic_entropy_side": 9.202573776245117,
          "hz": 129.47220167065723
        },
        {
          "acoustic_entropy": 9.059454917907715,
          "acoustic_entropy_side": 9.197206497192383,
          "hz": 202.92927478742237
        },
        {
          "acoustic_entropy": 9.985997200012207,
          "acoustic_entropy_side": 9.156295776367188,
          "hz": 282.89161906338205
        },
        {
          "acoustic_entropy": 9.26272201538086,
          "acoustic_entropy_side": 8.93567943572998,
          "hz": 369.9353335868758
        },
        {
          "acoustic_entropy": 10.689623832702637,
          "acoustic_entropy_side": 9.952372550964355,
          "hz": 464.6875360973435
        },
        {
          "acoustic_entropy": 10.140399932861328,
          "acoustic_entropy_side": 9.523706436157227,
          "hz": 567.8308811364784
        },
        {
          "acoustic_entropy": 8.840766906738281,
          "acoustic_entropy_side": 9.46911907196045,
          "hz": 680.1084783214808
        },
        {
          "acoustic_entropy": 9.607087135314941,
          "acoustic_entropy_side": 9.681339263916016,
          "hz": 802.3292461747484
        },
        {
          "acoustic_entropy": 9.560331344604492,
          "acoustic_entropy_side": 9.078617095947266,
          "hz": 935.3737400823702
        },
        {
          "acoustic_entropy": 9.378866195678711,
          "acoustic_entropy_side": 8.867256164550781,
          "hz": 1080.2004963696966
        },
        {
          "acoustic_entropy": 8.744397163391113,
          "acoustic_entropy_side": 8.889556884765625,
          "hz": 1237.8529382007157
        },
        {
          "acoustic_entropy": 9.241246223449707,
          "acoustic_entropy_side": 9.10317611694336,
          "hz": 1409.4668930556702
        },
        {
          "acoustic_entropy": 8.231217384338379,
          "acoustic_entropy_side": 9.086877822875977,
          "hz": 1596.2787759475705
        },
        {
          "acoustic_entropy": 9.166863441467285,
          "acoustic_entropy_side": 9.047876358032227,
          "hz": 1799.6344973346393
        },
        {
          "acoustic_entropy": 8.9869966506958,
          "acoustic_entropy_side": 9.146505355834961,
          "hz": 2020.9991599069049
        },
        {
          "acoustic_entropy": 9.309768676757812,
          "acoustic_entropy_side": 9.241754531860352,
          "hz": 2261.9676141086993
        },
        {
          "acoustic_entropy": 9.17452335357666,
          "acoustic_entropy_side": 9.153995513916016,
          "hz": 2524.2759484456974
        },
        {
          "acoustic_entropy": 9.214547157287598,
          "acoustic_entropy_side": 9.20169734954834,
          "hz": 2809.813997359896
        },
        {
          "acoustic_entropy": 9.138360023498535,
          "acoustic_entropy_side": 9.199309349060059,
          "hz": 3120.6389567871424
        },
        {
          "acoustic_entropy": 9.564556121826172,
          "acoustic_entropy_side": 9.17334270477295,
          "hz": 3458.990205492291
        },
        {
          "acoustic_entropy": 9.162320137023926,
          "acoustic_entropy_side": 9.184063911437988,
          "hz": 3827.305438964164
        },
        {
          "acoustic_entropy": 9.214564323425293,
          "acoustic_entropy_side": 9.206933975219727,
          "hz": 4228.238232109126
        },
        {
          "acoustic_entropy": 9.199374198913574,
          "acoustic_entropy_side": 9.205545425415039,
          "hz": 4664.6771572759235
        },
        {
          "acoustic_entropy": 9.206744194030762,
          "acoustic_entropy_side": 9.203792572021484,
          "hz": 5139.766595350093
        },
        {
          "acoustic_entropy": 9.209837913513184,
          "acoustic_entropy_side": 9.204712867736816,
          "hz": 5656.929389854203
        },
        {
          "acoustic_entropy": 9.214567184448242,
          "acoustic_entropy_side": 9.206636428833008,
          "hz": 6219.891507268283
        },
        {
          "acoustic_entropy": 9.214644432067871,
          "acoustic_entropy_side": 9.207622528076172,
          "hz": 6832.70888123896
        },
        {
          "acoustic_entropy": 9.21439266204834,
          "acoustic_entropy_side": 9.207625389099121,
          "hz": 7499.796634079867
        },
        {
          "acoustic_entropy": 9.215447425842285,
          "acoustic_entropy_side": 9.207748413085938,
          "hz": 8225.96088609342
        },
        {
          "acoustic_entropy": 9.214985847473145,
          "acoustic_entropy_side": 9.207686424255371,
          "hz": 9016.43338188839
        },
        {
          "acoustic_entropy": 9.214137077331543,
          "acoustic_entropy_side": 9.207042694091797,
          "hz": 9876.909183162974
        },
        {
          "acoustic_entropy": 9.208015441894531,
          "acoustic_entropy_side": 9.205944061279297,
          "hz": 10813.587699516042
        },
        {
          "acoustic_entropy": 9.206399917602539,
          "acoustic_entropy_side": 9.20423412322998,
          "hz": 11833.21735289826
        },
        {
          "acoustic_entropy": 9.204643249511719,
          "acoustic_entropy_side": 9.203230857849121,
          "hz": 12943.144197493959
        },
        {
          "acoustic_entropy": 9.20329761505127,
          "acoustic_entropy_side": 9.202696800231934,
          "hz": 14151.364845322005
        },
        {
          "acoustic_entropy": 9.202645301818848,
          "acoustic_entropy_side": 9.202471733093262,
          "hz": 15466.58407886509
        },
        {
          "acoustic_entropy": 9.202457427978516,
          "acoustic_entropy_side": 9.202417373657227,
          "hz": 16898.27756580493
        },
        {
          "acoustic_entropy": 9.202407836914062,
          "acoustic_entropy_side": 9.202393531799316,
          "hz": 18456.760127700032
        },
        {
          "acoustic_entropy": 9.202387809753418,
          "acoustic_entropy_side": 9.202388763427734,
          "hz": 20153.260054456492
        },
        {
          "acoustic_entropy": 9.202386856079102,
          "acoustic_entropy_side": 9.202385902404785,
          "hz": 22000.00000000001
        }
      ],
      "diff_acoustic_entropy": 4.892050743103027,
      "sn": 12
    },
    {
      "acoustic_entropy": 15.354772567749023,
      "acoustic_entropy_mono": 13.766331672668457,
      "band_eliminated_acoustic_entropies": [
        {
          "acoustic_entropy": 15.503487586975098,
          "acoustic_entropy_side": 15.348801612854004,
          "hz": 129.47220167065723
        },
        {
          "acoustic_entropy": 15.974237442016602,
          "acoustic_entropy_side": 15.554065704345703,
          "hz": 202.92927478742237
        },
        {
          "acoustic_entropy": 15.653155326843262,
          "acoustic_entropy_side": 15.092646598815918,
          "hz": 282.89161906338205
        },
        {
          "acoustic_entropy": 15.048112869262695,
          "acoustic_entropy_side": 15.730938911437988,
          "hz": 369.9353335868758
        },
        {
          "acoustic_entropy": 15.6846284866333,
          "acoustic_entropy_side": 15.270148277282715,
          "hz": 464.6875360973435
        },
        {
          "acoustic_entropy": 15.276955604553223,
          "acoustic_entropy_side": 15.730481147766113,
          "hz": 567.8308811364784
        },
        {
          "acoustic_entropy": 15.375805854797363,
          "acoustic_entropy_side": 15.930740356445312,
          "hz": 680.1084783214808
        },
        {
          "acoustic_entropy": 14.456414222717285,
          "acoustic_entropy_side": 15.063313484191895,
          "hz": 802.3292461747484
        },
        {
          "acoustic_entropy": 15.40226936340332,
          "acoustic_entropy_side": 14.727952003479004,
          "hz": 935.3737400823702
        },
        {
          "acoustic_entropy": 15.072421073913574,
          "acoustic_entropy_side": 15.028897285461426,
          "hz": 1080.2004963696966
        },
        {
          "acoustic_entropy": 15.252324104309082,
          "acoustic_entropy_side": 15.308426856994629,
          "hz": 1237.8529382007157
        },
        {
          "acoustic_entropy": 15.059139251708984,
          "acoustic_entropy_side": 15.439970016479492,
          "hz": 1409.4668930556702
        },
        {
          "acoustic_entropy": 15.796540260314941,
          "acoustic_entropy_side": 15.224177360534668,
          "hz": 1596.2787759475705
        },
        {
          "acoustic_entropy": 14.523306846618652,
          "acoustic_entropy_side": 15.530171394348145,
          "hz": 1799.6344973346393
        },
        {
          "acoustic_entropy": 15.32251262664795,
          "acoustic_entropy_side": 15.636457443237305,
          "hz": 2020.9991599069049
        },
        {
          "acoustic_entropy": 14.931429862976074,
          "acoustic_entropy_side": 15.013167381286621,
          "hz": 2261.9676141086993
        },
        {
          "acoustic_entropy": 15.44034194946289,
          "acoustic_entropy_side": 15.33250904083252,
          "hz": 2524.2759484456974
        },
        {
          "acoustic_entropy": 15.427465438842773,
          "acoustic_entropy_side": 15.333035469055176,
          "hz": 2809.813997359896
        },
        {
          "acoustic_entropy": 15.057323455810547,
          "acoustic_entropy_side": 15.367761611938477,
