{
  "acoustic_entropy": 163.73638916015625,
  "bands": [
    {
      "high_freq": 148.1999969482422,
      "loudness": -31.238637924194336,
      "loudness_range": 16.081680297851562,
      "mid_mean": -29.66444969177246,
      "mid_to_side_loudness": -2.6113107204437256,
      "mid_to_side_loudness_range": 3.8964428901672363,
      "side_mean": -31.667943954467773
    },
    {
      "high_freq": 392.3793640136719,
      "loudness": -25.686418533325195,
      "loudness_range": 13.931421279907227,
      "low_freq": 148.1999969482422,
      "mid_mean": -22.974905014038086,
      "mid_to_side_loudness": -7.614894390106201,
      "mid_to_side_loudness_range": 11.964962005615234,
      "side_mean": -30.342748641967773
    },
    {
      "high_freq": 794.6976318359375,
      "loudness": -26.675230026245117,
      "loudness_range": 17.472820281982422,
      "low_freq": 392.3793640136719,
      "mid_mean": -23.464101791381836,
      "mid_to_side_loudness": -11.456988334655762,
      "mid_to_side_loudness_range": 14.37956428527832,
      "side_mean": -34.97526931762695
    },
    {
      "high_freq": 1457.5709228515625,
      "loudness": -32.44623947143555,
      "loudness_range": 26.76119613647461,
      "low_freq": 794.6976318359375,
      "mid_mean": -29.177104949951172,
      "mid_to_side_loudness": -11.520803451538086,
      "mid_to_side_loudness_range": 13.818827629089355,
      "side_mean": -40.998077392578125
    },
    {
      "high_freq": 2549.74365234375,
      "loudness": -35.26811599731445,
      "loudness_range": 21.932147979736328,
      "low_freq": 1457.5709228515625,
      "mid_mean": -32.1794319152832,
      "mid_to_side_loudness": -9.705190658569336,
      "mid_to_side_loudness_range": 12.169661521911621,
      "side_mean": -41.99125289916992
    },
    {
      "high_freq": 4349.24462890625,
      "loudness": -40.08338165283203,
      "loudness_range": 16.39661979675293,
      "low_freq": 2549.74365234375,
      "mid_mean": -37.91814041137695,
      "mid_to_side_loudness": -4.116613864898682,
      "mid_to_side_loudness_range": 6.523738861083984,
      "side_mean": -42.0673828125
    },
    {
      "high_freq": 7314.1640625,
      "loudness": -39.936004638671875,
      "loudness_range": 14.763202667236328,
      "low_freq": 4349.24462890625,
      "mid_mean": -38.27098083496094,
      "mid_to_side_loudness": -2.288299798965454,
      "mid_to_side_loudness_range": 2.5413601398468018,
      "side_mean": -40.5743293762207
    },
    {
      "high_freq": 12199.2666015625,
      "loudness": -41.27977752685547,
      "loudness_range": 17.86165428161621,
      "low_freq": 7314.1640625,
      "mid_mean": -40.17011642456055,
      "mid_to_side_loudness": -0.9781215190887451,
      "mid_to_side_loudness_range": 1.3071221113204956,
      "side_mean": -41.148494720458984
    },
    {
      "loudness": -39.349830627441406,
      "loudness_range": 24.87911033630371,
      "low_freq": 12199.2666015625,
      "mid_mean": -38.638755798339844,
      "mid_to_side_loudness": -0.13015513122081757,
      "mid_to_side_loudness_range": 1.1804194450378418,
      "side_mean": -38.75205612182617
    }
  ],
  "bands_short": [
    {
      "high_freq": 148.1999969482422,
      "loudness": -35.79777145385742,
      "loudness_range": 23.994863510131836,
      "mid_mean": -34.30439376831055,
      "mid_to_side_loudness": -2.824357271194458,
      "mid_to_side_loudness_range": 6.338107585906982,
      "side_mean": -36.20482635498047
    },
    {
      "high_freq": 392.3793640136719,
      "loudness": -26.79572296142578,
      "loudness_range": 16.745784759521484,
      "low_freq": 148.1999969482422,
      "mid_mean": -24.37282371520996,
      "mid_to_side_loudness": -6.360276222229004,
      "mid_to_side_loudness_range": 12.475628852844238,
      "side_mean": -30.443571090698242
    },
    {
      "high_freq": 794.6976318359375,
      "loudness": -28.24273109436035,
      "loudness_range": 22.756677627563477,
      "low_freq": 392.3793640136719,
      "mid_mean": -25.22785186767578,
      "mid_to_side_loudness": -10.600327491760254,
      "mid_to_side_loudness_range": 16.102890014648438,
      "side_mean": -35.86545944213867
    },
    {
      "high_freq": 1457.5709228515625,
      "loudness": -34.82485580444336,
      "loudness_range": 30.0816707611084,
      "low_freq": 794.6976318359375,
      "mid_mean": -31.652332305908203,
      "mid_to_side_loudness": -10.849949836730957,
      "mid_to_side_loudness_range": 14.960565567016602,
      "side_mean": -43.00571823120117
    },
    {
      "high_freq": 2549.74365234375,
      "loudness": -38.10557174682617,
      "loudness_range": 26.072385787963867,
      "low_freq": 1457.5709228515625,
      "mid_mean": -35.08897018432617,
      "mid_to_side_loudness": -9.332836151123047,
      "mid_to_side_loudness_range": 13.11362075805664,
      "side_mean": -44.5621337890625
    },
    {
      "high_freq": 4349.24462890625,
      "loudness": -42.215362548828125,
      "loudness_range": 20.811328887939453,
      "low_freq": 2549.74365234375,
      "mid_mean": -40.034889221191406,
      "mid_to_side_loudness": -4.280944347381592,
      "mid_to_side_loudness_range": 7.298312664031982,
      "side_mean": -44.38029861450195
    },
    {
      "high_freq": 7314.1640625,
      "loudness": -42.0463981628418,
      "loudness_range": 19.843412399291992,
      "low_freq": 4349.24462890625,
      "mid_mean": -40.29596710205078,
      "mid_to_side_loudness": -2.581350326538086,
      "mid_to_side_loudness_range": 3.703817129135132,
      "side_mean": -42.953948974609375
    },
    {
      "high_freq": 12199.2666015625,
      "loudness": -44.45112609863281,
      "loudness_range": 22.97719955444336,
      "low_freq": 7314.1640625,
      "mid_mean": -43.288169860839844,
      "mid_to_side_loudness": -1.1391421556472778,
      "mid_to_side_loudness_range": 2.465510129928589,
      "side_mean": -44.4559326171875
    },
    {
      "loudness": -44.006736755371094,
      "loudness_range": 29.149824142456055,
      "low_freq": 12199.2666015625,
      "mid_mean": -43.289520263671875,
      "mid_to_side_loudness": -0.11266884952783585,
      "mid_to_side_loudness_range": 1.840606451034546,
      "side_mean": -43.392826080322266
    }
  ],
  "bandwidth": 674.595947265625,
  "channels": 2,
  "covariance": [
    [
      34.50901412963867,
      30.23876953125,
      10.255508422851562,
      8.984983444213867,
      4.733816146850586,
      6.142731189727783,
      7.075552463531494,
      7.690142631530762,
      9.226611137390137,
      8.02157211303711,
      6.610035419464111,
      6.513449192047119,
      7.024399757385254,
      6.951828956604004,
      7.95190954208374,
      7.872771739959717,
      9.622014999389648,
      9.565467834472656
    ],
    [
      30.23876953125,
      33.956233978271484,
      6.241929054260254,
      7.144622802734375,
      5.0536088943481445,
      5.097535610198975,
      6.753077983856201,
      6.11720609664917,
      7.863913536071777,
      5.082444190979004,
      4.048122882843018,
      4.018043041229248,
      4.583583831787109,
      4.5401129722595215,
      5.293062210083008,
      5.260095596313477,
      7.565865516662598,
      7.485955238342285
    ],
    [
      10.255508422851562,
      6.241929054260254,
      33.92231750488281,
      16.94830322265625,
      20.26500701904297,
      14.107637405395508,
      6.148128032684326,
      9.253418922424316,
      16.75551414489746,
      12.885987281799316,
      10.910809516906738,
      10.074711799621582,
      8.264735221862793,
      8.499829292297363,
      5.217218399047852,
      5.109090328216553,
      0.2726173996925354,
      0.2891814708709717
    ],
    [
      8.984983444213867,
      7.144622802734375,
      16.94830322265625,
      23.098424911499023,
      8.529245376586914,
      14.43736457824707,
      11.401349067687988,
      16.630971908569336,
      15.040311813354492,
      16.502483367919922,
      12.78748607635498,
      12.415522575378418,
      11.118818283081055,
      11.492794036865234,
      9.37757396697998,
      9.510794639587402,
      7.186177730560303,
      7.1636552810668945
    ],
    [
      4.733816146850586,
      5.0536088943481445,
      20.26500701904297,
      8.529245376586914,
      44.76949691772461,
      22.373870849609375,
      22.06320571899414,
      14.438087463378906,
      26.856311798095703,
      12.389504432678223,
      11.296001434326172,
      6.033736705780029,
      3.3542909622192383,
      3.4976766109466553,
      3.135840654373169,
      3.2464375495910645,
      0.15473514795303345,
      0.2380264699459076
    ],
    [
      6.142731189727783,
      5.097535610198975,
      14.107637405395508,
      14.43736457824707,
      22.373870849609375,
      24.297353744506836,
      19.472034454345703,
      21.50346565246582,
      23.229293823242188,
      19.430505752563477,
      16.20730972290039,
      13.562982559204102,
      10.570137977600098,
      11.190783500671387,
      10.314753532409668,
      10.598542213439941,
      8.826970100402832,
      8.829833030700684
    ],
    [
      7.075552463531494,
      6.753077983856201,
      6.148128032684326,
      11.401349067687988,
      22.06320571899414,
      19.472034454345703,
      84.69000244140625,
      56.42707443237305,
      52.63882827758789,
      36.712318420410156,
      26.93363380432129,
      16.43714141845703,
      13.942790031433105,
      12.499855995178223,
      15.02210521697998,
      15.36344051361084,
      14.799543380737305,
      14.808144569396973
    ],
    [
      7.690142631530762,
      6.11720609664917,
      9.253418922424316,
      16.630971908569336,
      14.438087463378906,
      21.50346565246582,
      56.42707443237305,
      51.351070404052734,
      41.529563903808594,
      37.829769134521484,
      28.194122314453125,
      22.717618942260742,
      18.714447021484375,
      18.465362548828125,
      18.544225692749023,
      18.996877670288086,
      17.295907974243164,
      17.265417098999023
    ],
    [
      9.226611137390137,
      7.863913536071777,
      16.75551414489746,
      15.040311813354492,
      26.856311798095703,
      23.229293823242188,
      52.63882827758789,
      41.529563903808594,
      59.407371520996094,
      43.3543701171875,
      29.549354553222656,
      21.955997467041016,
      18.054521560668945,
      17.511201858520508,
      18.62701988220215,
      19.081493377685547,
      18.269529342651367,
      18.29837417602539
    ],
    [
      8.02157211303711,
      5.082444190979004,
      12.885987281799316,
      16.502483367919922,
      12.389504432678223,
      19.430505752563477,
      36.712318420410156,
      37.829769134521484,
      43.3543701171875,
      45.13302230834961,
      31.619647979736328,
      29.641530990600586,
      25.213041305541992,
      25.65011215209961,
      25.549110412597656,
      26.22275161743164,
      25.703838348388672,
      25.68814468383789
    ],
    [
      6.610035419464111,
      4.048122882843018,
      10.910809516906738,
      12.78748607635498,
      11.296001434326172,
      16.20730972290039,
      26.93363380432129,
      28.194122314453125,
      29.549354553222656,
      31.619647979736328,
      33.43283462524414,
      30.485044479370117,
      26.707828521728516,
      27.14828109741211,
      27.079437255859375,
      27.43842887878418,
      27.6947021484375,
      27.74236488342285
    ],
    [
      6.513449192047119,
      4.018043041229248,
      10.074711799621582,
      12.415522575378418,
      6.033736705780029,
      13.562982559204102,
      16.43714141845703,
      22.717618942260742,
      21.955997467041016,
      29.641530990600586,
      30.485044479370117,
      33.64421081542969,
      29.37631607055664,
      30.863513946533203,
      30.710044860839844,
      31.283220291137695,
      32.17363357543945,
      32.25693893432617
    ],
    [
      7.024399757385254,
      4.583583831787109,
      8.264735221862793,
      11.118818283081055,
      3.3542909622192383,
      10.570137977600098,
      13.942790031433105,
      18.714447021484375,
      18.054521560668945,
      25.213041305541992,
      26.707828521728516,
      29.37631607055664,
      29.40695571899414,
      30.06206512451172,
      30.12421989440918,
      30.380292892456055,
      31.707674026489258,
      31.703386306762695
    ],
    [
      6.951828956604004,
      4.5401129722595215,
      8.499829292297363,
      11.492794036865234,
      3.4976766109466553,
      11.190783500671387,
      12.499855995178223,
      18.465362548828125,
      17.511201858520508,
      25.65011215209961,
      27.14828109741211,
      30.863513946533203,
      30.06206512451172,
      31.67717170715332,
      32.041160583496094,
      32.5785026550293,
      34.509918212890625,
      34.58953857421875
    ],
    [
      7.95190954208374,
      5.293062210083008,
      5.217218399047852,
      9.37757396697998,
      3.135840654373169,
      10.314753532409668,
      15.02210521697998,
      18.544225692749023,
      18.62701988220215,
      25.549110412597656,
      27.079437255859375,
      30.710044860839844,
      30.12421989440918,
      32.041160583496094,
      39.897247314453125,
      40.666351318359375,
      48.44559097290039,
      48.273860931396484
    ],
    [
      7.872771739959717,
      5.260095596313477,
      5.109090328216553,
      9.510794639587402,
      3.2464375495910645,
      10.598542213439941,
      15.36344051361084,
      18.996877670288086,
      19.081493377685547,
      26.22275161743164,
      27.43842887878418,
      31.283220291137695,
      30.380292892456055,
      32.5785026550293,
      40.666351318359375,
      41.69301223754883,
      49.8480110168457,
      49.7802734375
    ],
    [
      9.622014999389648,
      7.565865516662598,
      0.2726173996925354,
      7.186177730560303,
      0.15473514795303345,
      8.826970100402832,
      14.799543380737305,
      17.295907974243164,
      18.269529342651367,
      25.703838348388672,
      27.6947021484375,
      32.17363357543945,
      31.707674026489258,
      34.509918212890625,
      48.44559097290039,
      49.8480110168457,
      73.79761505126953,
      73.50641632080078
    ],
    [
      9.565467834472656,
      7.485955238342285,
      0.2891814708709717,
      7.1636552810668945,
      0.2380264699459076,
      8.829833030700684,
      14.808144569396973,
      17.265417098999023,
      18.29837417602539,
      25.68814468383789,
      27.74236488342285,
      32.25693893432617,
      31.703386306762695,
      34.58953857421875,
      48.273860931396484,
      49.7802734375,
      73.50641632080078,
      73.57347869873047
    ]
  ],
  "covariance_short": [
    [
      66.07513427734375,
      57.860496520996094,
      19.76341438293457,
      23.02362823486328,
      11.086663246154785,
      11.719361305236816,
      7.832587242126465,
      10.860937118530273,
      13.425347328186035,
      11.965865135192871,
      9.044193267822266,
      10.181267738342285,
      9.992728233337402,
      10.252946853637695,
      12.705435752868652,
      13.19124698638916,
      14.544894218444824,
      14.423042297363281
    ],
    [
      57.860496520996094,
      64.46255493164062,
      15.486383438110352,
      20.70453453063965,
      9.10766887664795,
      9.288167953491211,
      6.837618350982666,
      7.999482154846191,
      10.108548164367676,
      8.119135856628418,
      5.965311050415039,
      6.861660957336426,
      7.261922359466553,
      7.555685997009277,
      9.825362205505371,
      10.145943641662598,
      11.499221801757812,
      11.36257553100586
    ],
    [
      19.76341438293457,
      15.486383438110352,
      41.08074951171875,
      25.750625610351562,
      32.025672912597656,
      24.239137649536133,
      17.43462562561035,
      21.141386032104492,
      27.33696746826172,
      23.573789596557617,
      18.937427520751953,
      18.659683227539062,
      15.43766975402832,
      16.285165786743164,
      16.64508056640625,
      17.283992767333984,
      15.352678298950195,
      15.31655502319336
    ],
    [
      23.02362823486328,
      20.70453453063965,
      25.750625610351562,
      35.577152252197266,
      16.310237884521484,
      22.500534057617188,
      15.871545791625977,
      23.353439331054688,
      20.39788055419922,
      22.24102210998535,
      17.294219970703125,
      18.472938537597656,
      15.456707954406738,
      16.761991500854492,
      18.175634384155273,
      18.769495010375977,
      18.059383392333984,
      18.020465850830078
    ],
    [
      11.086663246154785,
      9.10766887664795,
      32.025672912597656,
      16.310237884521484,
      72.47624969482422,
      39.18434524536133,
      38.20252227783203,
      30.163183212280273,
      46.50831985473633,
      29.661487579345703,
      24.97364044189453,
      19.055606842041016,
      12.976873397827148,
      13.659417152404785,
      14.492204666137695,
      15.154481887817383,
      13.057461738586426,
      13.204957962036133
    ],
    [
      11.719361305236816,
      9.288167953491211,
      24.239137649536133,
      22.500534057617188,
      39.18434524536133,
      41.867164611816406,
      28.53257942199707,
      33.54047775268555,
      34.28789138793945,
      30.70185089111328,
      24.262487411499023,
      22.540491104125977,
      16.8720703125,
      18.365989685058594,
      19.19585418701172,
      19.944652557373047,
      18.66758918762207,
      18.745376586914062
    ],
    [
      7.832587242126465,
      6.837618350982666,
      17.43462562561035,
      15.871545791625977,
      38.20252227783203,
      28.53257942199707,
      98.95232391357422,
      69.0837631225586,
      66.87664794921875,
      50.39262390136719,
      37.933509826660156,
      26.777868270874023,
      20.896896362304688,
      19.588613510131836,
      21.122787475585938,
      21.470626831054688,
      21.15061378479004,
      21.357881546020508
    ],
    [
      10.860937118530273,
      7.999482154846191,
      21.141386032104492,
      23.353439331054688,
      30.163183212280273,
      33.54047775268555,
      69.0837631225586,
      70.22730255126953,
      56.0526123046875,
      52.856201171875,
      40.00152587890625,
      34.91221618652344,
      27.54328155517578,
      27.971370697021484,
      28.75044822692871,
      29.654268264770508,
      28.63408851623535,
      28.873695373535156
    ],
    [
      13.425347328186035,
      10.108548164367676,
      27.33696746826172,
      20.39788055419922,
      46.50831985473633,
      34.28789138793945,
      66.87664794921875,
      56.0526123046875,
      83.36998748779297,
      63.648460388183594,
      45.47615432739258,
      37.05892562866211,
      29.368976593017578,
      29.207279205322266,
      31.050989151000977,
      31.766433715820312,
      32.00604248046875,
      32.17571258544922
    ],
    [
      11.965865135192871,
      8.119135856628418,
      23.573789596557617,
      22.24102210998535,
      29.661487579345703,
      30.70185089111328,
      50.39262390136719,
      52.856201171875,
      63.648460388183594,
      66.1897964477539,
      47.45185470581055,
      45.40859603881836,
      37.287757873535156,
      38.810394287109375,
      39.40887451171875,
      40.72568893432617,
      40.75404357910156,
      41.114784240722656
    ],
    [
      9.044193267822266,
      5.965311050415039,
      18.937427520751953,
      17.294219970703125,
      24.97364044189453,
      24.262487411499023,
      37.933509826660156,
      40.00152587890625,
      45.47615432739258,
      47.45185470581055,
      51.32775115966797,
      46.520729064941406,
      40.734642028808594,
      41.11750030517578,
      42.25052261352539,
      42.58034896850586,
      42.87660217285156,
      43.01304244995117
    ],
    [
      10.181267738342285,
      6.861660957336426,
      18.659683227539062,
      18.472938537597656,
      19.055606842041016,
      22.540491104125977,
      26.777868270874023,
      34.91221618652344,
      37.05892562866211,
      45.40859603881836,
      46.520729064941406,
      50.46226119995117,
      43.22232437133789,
      45.6449089050293,
      46.76234436035156,
      47.627140045166016,
      47.60369873046875,
      47.90055847167969
    ],
    [
      9.992728233337402,
      7.261922359466553,
      15.43766975402832,
      15.456707954406738,
      12.976873397827148,
      16.8720703125,
      20.896896362304688,
      27.54328155517578,
      29.368976593017578,
      37.287757873535156,
      40.734642028808594,
      43.22232437133789,
      44.214656829833984,
      44.29027557373047,
      45.67122268676758,
      45.737030029296875,
      46.94879913330078,
      47.007286071777344
    ],
    [
      10.252946853637695,
      7.555685997009277,
      16.285165786743164,
      16.761991500854492,
      13.659417152404785,
      18.365989685058594,
      19.588613510131836,
      27.971370697021484,
      29.207279205322266,
      38.810394287109375,
      41.11750030517578,
      45.6449089050293,
      44.29027557373047,
      47.53845977783203,
      48.4754638671875,
      49.17692947387695,
      50.24409866333008,
      50.57262420654297
    ],
    [
      12.705435752868652,
      9.825362205505371,
      16.64508056640625,
      18.175634384155273,
      14.492204666137695,
      19.19585418701172,
      21.122787475585938,
      28.75044822692871,
      31.050989151000977,
      39.40887451171875,
      42.25052261352539,
      46.76234436035156,
      45.67122268676758,
      48.4754638671875,
      57.03820037841797,
      57.40147018432617,
      63.162967681884766,
      63.155052185058594
    ],
    [
      13.19124698638916,
      10.145943641662598,
      17.283992767333984,
      18.769495010375977,
      15.154481887817383,
      19.944652557373047,
      21.470626831054688,
      29.654268264770508,
      31.766433715820312,
      40.72568893432617,
      42.58034896850586,
      47.627140045166016,
      45.737030029296875,
      49.17692947387695,
      57.40147018432617,
      59.16190719604492,
      64.66292572021484,
      64.94044494628906
    ],
    [
      14.544894218444824,
      11.499221801757812,
      15.352678298950195,
      18.059383392333984,
      13.057461738586426,
      18.66758918762207,
      21.15061378479004,
      28.63408851623535,
      32.00604248046875,
      40.75404357910156,
      42.87660217285156,
      47.60369873046875,
      46.94879913330078,
      50.24409866333008,
      63.162967681884766,
      64.66292572021484,
      80.36759185791016,
      80.1015396118164
    ],
    [
      14.423042297363281,
      11.36257553100586,
      15.31655502319336,
      18.020465850830078,
      13.204957962036133,
      18.745376586914062,
      21.357881546020508,
      28.873695373535156,
      32.17571258544922,
      41.114784240722656,
      43.01304244995117,
      47.90055847167969,
      47.007286071777344,
      50.57262420654297,
      63.155052185058594,
      64.94044494628906,
      80.1015396118164,
      80.38643646240234
    ]
  ],
  "damage": -8.86884880065918,
  "diff_bandwidth": 710.3342895507812,
  "dissonance": 8.397688222827247,
  "drr": 6.34598445892334,
  "dynamics": 3.8378615379333496,
  "format": 1245190,
  "frames": 15575040,
  "loudness": -15.687304496765137,
  "loudness_range": 7.949249267578125,
  "loudness_range_short": 15.69243335723877,
  "lowpass_true_peak_15khz": -0.7839480638504028,
  "mastering3_acoustic_entropies": [
    {
      "acoustic_entropy": 9.732650756835938,
      "acoustic_entropy_mono": 9.409734725952148,
      "band_eliminated_acoustic_entropies": [
        {
          "acoustic_entropy": 9.737829208374023,
          "acoustic_entropy_side": 9.731063842773438,
          "hz": 129.47220167065723
        },
        {
          "acoustic_entropy": 9.846376419067383,
          "acoustic_entropy_side": 9.876715660095215,
          "hz": 202.92927478742237
        },
        {
          "acoustic_entropy": 10.249375343322754,
          "acoustic_entropy_side": 9.795021057128906,
          "hz": 282.89161906338205
        },
        {
          "acoustic_entropy": 9.95734691619873,
          "acoustic_entropy_side": 9.782282829284668,
          "hz": 369.9353335868758
        },
        {
          "acoustic_entropy": 9.444442749023438,
          "acoustic_entropy_side": 9.733019828796387,
          "hz": 464.6875360973435
        },
        {
          "acoustic_entropy": 9.804657936096191,
          "acoustic_entropy_side": 9.728299140930176,
          "hz": 567.8308811364784
        },
        {
          "acoustic_entropy": 10.407882690429688,
          "acoustic_entropy_side": 9.768217086791992,
          "hz": 680.1084783214808
        },
        {
          "acoustic_entropy": 9.458022117614746,
          "acoustic_entropy_side": 9.734532356262207,
          "hz": 802.3292461747484
        },
        {
          "acoustic_entropy": 9.3368501663208,
          "acoustic_entropy_side": 9.727173805236816,
          "hz": 935.3737400823702
        },
        {
          "acoustic_entropy": 9.715889930725098,
          "acoustic_entropy_side": 9.739439964294434,
          "hz": 1080.2004963696966
        },
        {
          "acoustic_entropy": 8.952214241027832,
          "acoustic_entropy_side": 9.71855640411377,
          "hz": 1237.8529382007157
        },
        {
          "acoustic_entropy": 10.028762817382812,
          "acoustic_entropy_side": 9.727086067199707,
          "hz": 1409.4668930556702
        },
        {
          "acoustic_entropy": 9.137965202331543,
          "acoustic_entropy_side": 9.756609916687012,
          "hz": 1596.2787759475705
        },
        {
          "acoustic_entropy": 9.59741497039795,
          "acoustic_entropy_side": 9.700054168701172,
          "hz": 1799.6344973346393
        },
        {
          "acoustic_entropy": 9.441920280456543,
          "acoustic_entropy_side": 9.745009422302246,
          "hz": 2020.9991599069049
        },
        {
          "acoustic_entropy": 9.077812194824219,
          "acoustic_entropy_side": 9.701112747192383,
          "hz": 2261.9676141086993
        },
        {
          "acoustic_entropy": 9.341656684875488,
          "acoustic_entropy_side": 9.726037979125977,
          "hz": 2524.2759484456974
        },
        {
          "acoustic_entropy": 9.766510009765625,
          "acoustic_entropy_side": 9.730339050292969,
          "hz": 2809.813997359896
        },
        {
          "acoustic_entropy": 9.721776008605957,
          "acoustic_entropy_side": 9.741774559020996,
          "hz": 3120.6389567871424
        },
        {
          "acoustic_entropy": 9.759033203125,
          "acoustic_entropy_side": 9.745392799377441,
          "hz": 3458.990205492291
        },
        {
          "acoustic_entropy": 9.784350395202637,
          "acoustic_entropy_side": 9.753284454345703,
          "hz": 3827.305438964164
        },
        {
          "acoustic_entropy": 9.773569107055664,
          "acoustic_entropy_side": 9.752412796020508,
          "hz": 4228.238232109126
        },
        {
          "acoustic_entropy": 9.789154052734375,
          "acoustic_entropy_side": 9.75562572479248,
          "hz": 4664.6771572759235
        },
        {
          "acoustic_entropy": 9.768867492675781,
          "acoustic_entropy_side": 9.750664710998535,
          "hz": 5139.766595350093
        },
        {
          "acoustic_entropy": 9.758334159851074,
          "acoustic_entropy_side": 9.750016212463379,
          "hz": 5656.929389854203
        },
        {
          "acoustic_entropy": 9.771404266357422,
          "acoustic_entropy_side": 9.751394271850586,
          "hz": 6219.891507268283
        },
        {
          "acoustic_entropy": 9.77125072479248,
          "acoustic_entropy_side": 9.75286865234375,
          "hz": 6832.70888123896
        },
        {
          "acoustic_entropy": 9.77814769744873,
          "acoustic_entropy_side": 9.75635051727295,
          "hz": 7499.796634079867
        },
        {
          "acoustic_entropy": 9.781014442443848,
          "acoustic_entropy_side": 9.75552749633789,
          "hz": 8225.96088609342
        },
        {
          "acoustic_entropy": 9.765142440795898,
          "acoustic_entropy_side": 9.748796463012695,
          "hz": 9016.43338188839
        },
        {
          "acoustic_entropy": 9.746694564819336,
          "acoustic_entropy_side": 9.742161750793457,
          "hz": 9876.909183162974
        },
        {
          "acoustic_entropy": 9.746639251708984,
          "acoustic_entropy_side": 9.740826606750488,
          "hz": 10813.587699516042
        },
        {
          "acoustic_entropy": 9.749652862548828,
          "acoustic_entropy_side": 9.740463256835938,
          "hz": 11833.21735289826
        },
        {
          "acoustic_entropy": 9.750225067138672,
          "acoustic_entropy_side": 9.743611335754395,
          "hz": 12943.144197493959
        },
        {
          "acoustic_entropy": 9.87287712097168,
          "acoustic_entropy_side": 9.74846076965332,
          "hz": 14151.364845322005
        },
        {
          "acoustic_entropy": 10.000070571899414,
          "acoustic_entropy_side": 9.806276321411133,
          "hz": 15466.58407886509
        },
        {
          "acoustic_entropy": 10.031590461730957,
          "acoustic_entropy_side": 9.863767623901367,
          "hz": 16898.27756580493
        },
        {
          "acoustic_entropy": 10.032707214355469,
          "acoustic_entropy_side": 9.887042999267578,
          "hz": 18456.760127700032
        },
        {
          "acoustic_entropy": 10.009178161621094,
          "acoustic_entropy_side": 9.823710441589355,
          "hz": 20153.260054456492
        },
        {
          "acoustic_entropy": 9.749387741088867,
          "acoustic_entropy_side": 9.744059562683105,
          "hz": 22000.00000000001
        }
      ],
      "diff_acoustic_entropy": 10.644146919250488,
      "sn": 6
    },
    {
      "acoustic_entropy": 14.245843887329102,
      "acoustic_entropy_mono": 15.119343757629395,
      "band_eliminated_acoustic_entropies": [
        {
          "acoustic_entropy": 14.296280860900879,
          "acoustic_entropy_side": 14.284368515014648,
          "hz": 129.47220167065723
        },
        {
          "acoustic_entropy": 14.621423721313477,
          "acoustic_entropy_side": 14.512283325195312,
          "hz": 202.92927478742237
        },
        {
          "acoustic_entropy": 15.670000076293945,
          "acoustic_entropy_side": 15.19356918334961,
          "hz": 282.89161906338205
        },
        {
          "acoustic_entropy": 14.271485328674316,
          "acoustic_entropy_side": 14.438179016113281,
          "hz": 369.9353335868758
        },
        {
          "acoustic_entropy": 14.462129592895508,
          "acoustic_entropy_side": 13.999317169189453,
          "hz": 464.6875360973435
        },
        {
          "acoustic_entropy": 14.800680160522461,
          "acoustic_entropy_side": 14.008454322814941,
          "hz": 567.8308811364784
        },
        {
          "acoustic_entropy": 15.113824844360352,
          "acoustic_entropy_side": 14.279862403869629,
          "hz": 680.1084783214808
        },
        {
          "acoustic_entropy": 14.118332862854004,
          "acoustic_entropy_side": 14.150349617004395,
          "hz": 802.3292461747484
        },
        {
          "acoustic_entropy": 14.55301284790039,
          "acoustic_entropy_side": 14.19834041595459,
          "hz": 935.3737400823702
        },
        {
          "acoustic_entropy": 14.634393692016602,
          "acoustic_entropy_side": 14.1714506149292,
          "hz": 1080.2004963696966
        },
        {
          "acoustic_entropy": 13.98425006866455,
          "acoustic_entropy_side": 14.238097190856934,
          "hz": 1237.8529382007157
        },
        {
          "acoustic_entropy": 13.54004192352295,
          "acoustic_entropy_side": 14.004720687866211,
          "hz": 1409.4668930556702
        },
        {
          "acoustic_entropy": 14.460092544555664,
          "acoustic_entropy_side": 14.12641429901123,
          "hz": 1596.2787759475705
        },
        {
          "acoustic_entropy": 13.665145874023438,
          "acoustic_entropy_side": 13.950079917907715,
          "hz": 1799.6344973346393
        },
        {
          "acoustic_entropy": 13.921676635742188,
          "acoustic_entropy_side": 14.249293327331543,
          "hz": 2020.9991599069049
        },
        {
          "acoustic_entropy": 14.40861701965332,
          "acoustic_entropy_side": 14.05121898651123,
          "hz": 2261.9676141086993
        },
        {
          "acoustic_entropy": 13.87430191040039,
          "acoustic_entropy_side": 14.252409934997559,
          "hz": 2524.2759484456974
        },
        {
          "acoustic_entropy": 14.049144744873047,
          "acoustic_entropy_side": 14.262457847595215,
          "hz": 2809.813997359896
        },
        {
          "acoustic_entropy": 14.247320175170898,
          "acoustic_entropy_side": 14.264328002929688,
          "hz": 3120.6389567871424
        },
        {
          "acoustic_entropy": 14.36366081237793,
          "acoustic_entropy_side": 14.294960975646973,
          "hz": 3458.990205492291
        },
        {
          "acoustic_entropy": 14.394248008728027,
          "acoustic_entropy_side": 14.318663597106934,
          "hz": 3827.305438964164
        },
        {
          "acoustic_entropy": 14.35327434539795,
          "acoustic_entropy_side": 14.299996376037598,
          "hz": 4228.238232109126
        },
        {
          "acoustic_entropy": 14.377692222595215,
          "acoustic_entropy_side": 14.307979583740234,
          "hz": 4664.6771572759235
        },
        {
          "acoustic_entropy": 14.355679512023926,
          "acoustic_entropy_side": 14.292875289916992,
          "hz": 5139.766595350093
        },
        {
          "acoustic_entropy": 14.308921813964844,
          "acoustic_entropy_side": 14.281332015991211,
          "hz": 5656.929389854203
        },
        {
          "acoustic_entropy": 14.318060874938965,
          "acoustic_entropy_side": 14.273385047912598,
          "hz": 6219.891507268283
        },
        {
          "acoustic_entropy": 14.285460472106934,
          "acoustic_entropy_side": 14.263884544372559,
          "hz": 6832.70888123896
        },
        {
          "acoustic_entropy": 14.26677417755127,
          "acoustic_entropy_side": 14.265040397644043,
          "hz": 7499.796634079867
        },
        {
          "acoustic_entropy": 14.24482250213623,
          "acoustic_entropy_side": 14.24838924407959,
          "hz": 8225.96088609342
        },
        {
          "acoustic_entropy": 14.218989372253418,
          "acoustic_entropy_side": 14.23862075805664,
          "hz": 9016.43338188839
        },
        {
          "acoustic_entropy": 14.232833862304688,
          "acoustic_entropy_side": 14.249295234680176,
          "hz": 9876.909183162974
        },
        {
          "acoustic_entropy": 14.224363327026367,
          "acoustic_entropy_side": 14.244125366210938,
          "hz": 10813.587699516042
        },
        {
          "acoustic_entropy": 14.202200889587402,
          "acoustic_entropy_side": 14.230036735534668,
          "hz": 11833.21735289826
        },
        {
          "acoustic_entropy": 14.116781234741211,
          "acoustic_entropy_side": 14.187936782836914,
          "hz": 12943.144197493959
        },
        {
          "acoustic_entropy": 14.0400390625,
          "acoustic_entropy_side": 14.145988464355469,
          "hz": 14151.364845322005
        },
        {
          "acoustic_entropy": 13.997313499450684,
          "acoustic_entropy_side": 14.122625350952148,
          "hz": 15466.58407886509
        },
        {
          "acoustic_entropy": 13.986621856689453,
          "acoustic_entropy_side": 14.121654510498047,
          "hz": 16898.27756580493
        },
        {
          "acoustic_entropy": 13.99135684967041,
          "acoustic_entropy_side": 14.119305610656738,
          "hz": 18456.760127700032
        },
        {
          "acoustic_entropy": 13.998414993286133,
          "acoustic_entropy_side": 14.145707130432129,
          "hz": 20153.260054456492
        },
        {
          "acoustic_entropy": 14.146733283996582,
          "acoustic_entropy_side": 14.196809768676758,
          "hz": 22000.00000000001
        }
      ],
      "diff_acoustic_entropy": 14.631171226501465,
      "sn": 12
    },
    {
      "acoustic_entropy": 21.11970329284668,
      "acoustic_entropy_mono": 18.92405891418457,
      "band_eliminated_acoustic_entropies": [
        {
          "acoustic_entropy": 20.97723388671875,
          "acoustic_entropy_side": 21.13448143005371,
          "hz": 129.47220167065723
        },
        {
          "acoustic_entropy": 20.69257164001465,
          "acoustic_entropy_side": 20.636430740356445,
          "hz": 202.92927478742237
        },
        {
          "acoustic_entropy": 21.672260284423828,
          "acoustic_entropy_side": 21.76442527770996,
          "hz": 282.89161906338205
        },
        {
          "acoustic_entropy": 21.35582733154297,
          "acoustic_entropy_side": 21.197227478027344,
          "hz": 369.9353335868758
        },
        {
          "acoustic_entropy": 21.875608444213867,
          "acoustic_entropy_side": 21.137252807617188,
          "hz": 464.6875360973435
        },
        {
          "acoustic_entropy": 21.186511993408203,
          "acoustic_entropy_side": 21.48447608947754,
          "hz": 567.8308811364784
        },
        {
          "acoustic_entropy": 21.633604049682617,
          "acoustic_entropy_side": 22.075647354125977,
          "hz": 680.1084783214808
        },
        {
          "acoustic_entropy": 21.841108322143555,
          "acoustic_entropy_side": 21.022916793823242,
          "hz": 802.3292461747484
        },
        {
          "acoustic_entropy": 20.958026885986328,
          "acoustic_entropy_side": 20.981006622314453,
          "hz": 935.3737400823702
        },
        {
          "acoustic_entropy": 21.955617904663086,
          "acoustic_entropy_side": 20.798891067504883,
          "hz": 1080.2004963696966
        },
        {
          "acoustic_entropy": 21.660554885864258,
          "acoustic_entropy_side": 22.010847091674805,
          "hz": 1237.8529382007157
        },
        {
          "acoustic_entropy": 20.60744857788086,
          "acoustic_entropy_side": 21.067087173461914,
          "hz": 1409.4668930556702
        },
        {
          "acoustic_entropy": 20.653127670288086,
          "acoustic_entropy_side": 21.510822296142578,
          "hz": 1596.2787759475705
        },
        {
          "acoustic_entropy": 21.01243019104004,
          "acoustic_entropy_side": 21.68465232849121,
          "hz": 1799.6344973346393
        },
        {
          "acoustic_entropy": 20.67809295654297,
          "acoustic_entropy_side": 21.4564208984375,
          "hz": 2020.9991599069049
        },
        {
          "acoustic_entropy": 20.75341796875,
          "acoustic_entropy_side": 20.93386459350586,
          "hz": 2261.9676141086993
        },
        {
          "acoustic_entropy": 20.983837127685547,
          "acoustic_entropy_side": 21.125036239624023,
          "hz": 2524.2759484456974
        },
        {
          "acoustic_entropy": 21.510860443115234,
          "acoustic_entropy_side": 21.404766082763672,
          "hz": 2809.813997359896
        },
        {
          "acoustic_entropy": 21.636098861694336,
          "acoustic_entropy_side": 21.302154541015625,
          "hz": 3120.6389567871424
