{
  "acoustic_entropy": 159.50743103027344,
  "bands": [
    {
      "high_freq": 148.1999969482422,
      "loudness": -36.25539779663086,
      "loudness_range": 12.464996337890625,
      "mid_mean": -33.57337188720703,
      "mid_to_side_loudness": -10.65040397644043,
      "mid_to_side_loudness_range": 13.85781478881836,
      "side_mean": -53.006874084472656
    },
    {
      "high_freq": 392.3793640136719,
      "loudness": -30.93861961364746,
      "loudness_range": 11.055381774902344,
      "low_freq": 148.1999969482422,
      "mid_mean": -29.95128059387207,
      "mid_to_side_loudness": -2.0341668128967285,
      "mid_to_side_loudness_range": 7.1497907638549805,
      "side_mean": -32.601051330566406
    },
    {
      "high_freq": 794.6976318359375,
      "loudness": -30.06675910949707,
      "loudness_range": 11.39944076538086,
      "low_freq": 392.3793640136719,
      "mid_mean": -29.437885284423828,
      "mid_to_side_loudness": -4.181638240814209,
      "mid_to_side_loudness_range": 5.477579593658447,
      "side_mean": -32.776123046875
    },
    {
      "high_freq": 1457.5709228515625,
      "loudness": -32.55280685424805,
      "loudness_range": 17.774883270263672,
      "low_freq": 794.6976318359375,
      "mid_mean": -30.689411163330078,
      "mid_to_side_loudness": -3.238966226577759,
      "mid_to_side_loudness_range": 5.19874382019043,
      "side_mean": -33.638877868652344
    },
    {
      "high_freq": 2549.74365234375,
      "loudness": -31.03702735900879,
      "loudness_range": 17.21358299255371,
      "low_freq": 1457.5709228515625,
      "mid_mean": -29.31570053100586,
      "mid_to_side_loudness": -3.2551112174987793,
      "mid_to_side_loudness_range": 5.010688304901123,
      "side_mean": -32.60089874267578
    },
    {
      "high_freq": 4349.24462890625,
      "loudness": -31.345979690551758,
      "loudness_range": 12.862592697143555,
      "low_freq": 2549.74365234375,
      "mid_mean": -30.37675666809082,
      "mid_to_side_loudness": -1.5226519107818604,
      "mid_to_side_loudness_range": 7.146833896636963,
      "side_mean": -31.846923828125
    },
    {
      "high_freq": 7314.1640625,
      "loudness": -35.57417297363281,
      "loudness_range": 11.331747055053711,
      "low_freq": 4349.24462890625,
      "mid_mean": -33.76047897338867,
      "mid_to_side_loudness": -3.413952589035034,
      "mid_to_side_loudness_range": 6.47979736328125,
      "side_mean": -37.40825271606445
    },
    {
      "high_freq": 12199.2666015625,
      "loudness": -40.567176818847656,
      "loudness_range": 10.26492691040039,
      "low_freq": 7314.1640625,
      "mid_mean": -39.13496780395508,
      "mid_to_side_loudness": -2.2353272438049316,
      "mid_to_side_loudness_range": 4.338718414306641,
      "side_mean": -51.210636138916016
    },
    {
      "loudness": -49.92670822143555,
      "loudness_range": 13.020660400390625,
      "low_freq": 12199.2666015625,
      "mid_mean": -55.755287170410156,
      "mid_to_side_loudness": -1.9744019508361816,
      "mid_to_side_loudness_range": 4.3240156173706055,
      "side_mean": -57.15849685668945
    }
  ],
  "bands_short": [
    {
      "high_freq": 148.1999969482422,
      "loudness": -40.039276123046875,
      "loudness_range": 20.42654800415039,
      "mid_mean": -38.859046936035156,
      "mid_to_side_loudness": -12.166498184204102,
      "mid_to_side_loudness_range": 18.8927001953125,
      "side_mean": -56.967201232910156
    },
    {
      "high_freq": 392.3793640136719,
      "loudness": -33.61991500854492,
      "loudness_range": 17.569156646728516,
      "low_freq": 148.1999969482422,
      "mid_mean": -32.76908493041992,
      "mid_to_side_loudness": -2.5936031341552734,
      "mid_to_side_loudness_range": 10.518553733825684,
      "side_mean": -36.55790710449219
    },
    {
      "high_freq": 794.6976318359375,
      "loudness": -31.7576904296875,
      "loudness_range": 17.90233612060547,
      "low_freq": 392.3793640136719,
      "mid_mean": -31.84551239013672,
      "mid_to_side_loudness": -4.382055282592773,
      "mid_to_side_loudness_range": 7.290521144866943,
      "side_mean": -35.43439865112305
    },
    {
      "high_freq": 1457.5709228515625,
      "loudness": -33.24516296386719,
      "loudness_range": 22.1875057220459,
      "low_freq": 794.6976318359375,
      "mid_mean": -32.28308868408203,
      "mid_to_side_loudness": -3.339696168899536,
      "mid_to_side_loudness_range": 7.382474899291992,
      "side_mean": -35.36375427246094
    },
    {
      "high_freq": 2549.74365234375,
      "loudness": -32.26633071899414,
      "loudness_range": 20.827699661254883,
      "low_freq": 1457.5709228515625,
      "mid_mean": -31.258365631103516,
      "mid_to_side_loudness": -2.9663732051849365,
      "mid_to_side_loudness_range": 6.666407108306885,
      "side_mean": -34.24867248535156
    },
    {
      "high_freq": 4349.24462890625,
      "loudness": -32.51580047607422,
      "loudness_range": 17.822954177856445,
      "low_freq": 2549.74365234375,
      "mid_mean": -31.81884765625,
      "mid_to_side_loudness": -1.2734894752502441,
      "mid_to_side_loudness_range": 8.301780700683594,
      "side_mean": -32.93488311767578
    },
    {
      "high_freq": 7314.1640625,
      "loudness": -36.72245407104492,
      "loudness_range": 16.201961517333984,
      "low_freq": 4349.24462890625,
      "mid_mean": -35.28541946411133,
      "mid_to_side_loudness": -2.8967390060424805,
      "mid_to_side_loudness_range": 7.2765302658081055,
      "side_mean": -38.569427490234375
    },
    {
      "high_freq": 12199.2666015625,
      "loudness": -41.61093521118164,
      "loudness_range": 14.394107818603516,
      "low_freq": 7314.1640625,
      "mid_mean": -50.74550247192383,
      "mid_to_side_loudness": -1.960054636001587,
      "mid_to_side_loudness_range": 5.746843338012695,
      "side_mean": -52.12456512451172
    },
    {
      "loudness": -51.647647857666016,
      "loudness_range": 20.324443817138672,
      "low_freq": 12199.2666015625,
      "mid_mean": -57.33493423461914,
      "mid_to_side_loudness": -2.0151665210723877,
      "mid_to_side_loudness_range": 5.596917152404785,
      "side_mean": -58.743778228759766
    }
  ],
  "bandwidth": 906.3353271484375,
  "channels": 2,
  "covariance": [
    [
      40.49626541137695,
      29.772748947143555,
      17.547372817993164,
      24.662673950195312,
      29.85759925842285,
      30.154895782470703,
      15.050370216369629,
      17.1645450592041,
      16.723718643188477,
      15.315982818603516,
      14.741593360900879,
      12.154398918151855,
      12.605046272277832,
      10.412210464477539,
      12.936296463012695,
      27.020465850830078,
      25.719707489013672,
      22.848125457763672
    ],
    [
      29.772748947143555,
      162.83517456054688,
      16.192031860351562,
      19.41316032409668,
      34.976985931396484,
      18.927562713623047,
      1.302634596824646,
      2.6234140396118164,
      3.5149500370025635,
      4.099698543548584,
      4.732450485229492,
      5.209890842437744,
      5.337500095367432,
      7.166507244110107,
      9.378283500671387,
      168.33668518066406,
      127.96058654785156,
      115.990478515625
    ],
    [
      17.547372817993164,
      16.192031860351562,
      33.107418060302734,
      29.0655460357666,
      23.798477172851562,
      22.601760864257812,
      12.01597785949707,
      12.039972305297852,
      12.4180908203125,
      12.408556938171387,
      12.338201522827148,
      11.501806259155273,
      11.0241117477417,
      12.348999977111816,
      11.402559280395508,
      19.843215942382812,
      15.730724334716797,
      13.936988830566406
    ],
    [
      24.662673950195312,
      19.41316032409668,
      29.0655460357666,
      39.24993896484375,
      30.405323028564453,
      30.047300338745117,
      12.520759582519531,
      11.620881080627441,
      11.916816711425781,
      11.72622299194336,
      10.98481559753418,
      11.629037857055664,
      8.832404136657715,
      10.711668968200684,
      8.632265090942383,
      24.805030822753906,
      18.313358306884766,
      16.022602081298828
    ],
    [
      29.85759925842285,
      34.976985931396484,
      23.798477172851562,
      30.405323028564453,
      60.377262115478516,
      39.087738037109375,
      25.456707000732422,
      27.723134994506836,
      28.12240982055664,
      25.339187622070312,
      23.804811477661133,
      18.84975242614746,
      20.17003631591797,
      16.76468276977539,
      17.604843139648438,
      49.3180046081543,
      44.959556579589844,
      39.06742858886719
    ],
    [
      30.154895782470703,
      18.927562713623047,
      22.601760864257812,
      30.047300338745117,
      39.087738037109375,
      41.07234573364258,
      26.867551803588867,
      28.197463989257812,
      28.02168083190918,
      24.34453773498535,
      23.52198028564453,
      19.315053939819336,
      19.338125228881836,
      16.280757904052734,
      17.294347763061523,
      32.31314468383789,
      33.03672790527344,
      28.31527328491211
    ],
    [
      15.050370216369629,
      1.302634596824646,
      12.01597785949707,
      12.520759582519531,
      25.456707000732422,
      26.867551803588867,
      40.869590759277344,
      42.406612396240234,
      41.563377380371094,
      35.61933517456055,
      34.31025695800781,
      26.00945472717285,
      26.71349334716797,
      19.721431732177734,
      21.759916305541992,
      17.01211166381836,
      26.957124710083008,
      21.564104080200195
    ],
    [
      17.1645450592041,
      2.6234140396118164,
      12.039972305297852,
      11.620881080627441,
      27.723134994506836,
      28.197463989257812,
      42.406612396240234,
      46.243770599365234,
      45.25790023803711,
      39.030521392822266,
      37.083126068115234,
      27.876943588256836,
      29.776784896850586,
      21.41988182067871,
      24.021461486816406,
      18.859678268432617,
      29.683202743530273,
      23.728578567504883
    ],
    [
      16.723718643188477,
      3.5149500370025635,
      12.4180908203125,
      11.916816711425781,
      28.12240982055664,
      28.02168083190918,
      41.563377380371094,
      45.25790023803711,
      47.312992095947266,
      40.30101776123047,
      36.70454025268555,
      28.96472930908203,
      30.492643356323242,
      22.601318359375,
      25.30223274230957,
      20.195636749267578,
      30.41313934326172,
      24.885738372802734
    ],
    [
      15.315982818603516,
      4.099698543548584,
      12.408556938171387,
      11.72622299194336,
      25.339187622070312,
      24.34453773498535,
      35.61933517456055,
      39.030521392822266,
      40.30101776123047,
      36.074039459228516,
      32.49555206298828,
      25.577926635742188,
      27.74997901916504,
      20.466886520385742,
      22.796411514282227,
      17.85104751586914,
      25.526613235473633,
      20.601215362548828
    ],
    [
      14.741593360900879,
      4.732450485229492,
      12.338201522827148,
      10.98481559753418,
      23.804811477661133,
      23.52198028564453,
      34.31025695800781,
      37.083126068115234,
      36.70454025268555,
      32.49555206298828,
      33.11256790161133,
      24.357942581176758,
      26.974605560302734,
      20.429027557373047,
      23.22946548461914,
      19.008350372314453,
      27.205726623535156,
      21.854341506958008
    ],
    [
      12.154398918151855,
      5.209890842437744,
      11.501806259155273,
      11.629037857055664,
      18.84975242614746,
      19.315053939819336,
      26.00945472717285,
      27.876943588256836,
      28.96472930908203,
      25.577926635742188,
      24.357942581176758,
      21.662107467651367,
      20.861328125,
      17.174768447875977,
      18.346324920654297,
      14.788877487182617,
      19.531713485717773,
      15.45450210571289
    ],
    [
      12.605046272277832,
      5.337500095367432,
      11.0241117477417,
      8.832404136657715,
      20.17003631591797,
      19.338125228881836,
      26.71349334716797,
      29.776784896850586,
      30.492643356323242,
      27.74997901916504,
      26.974605560302734,
      20.861328125,
      24.64529800415039,
      18.12629508972168,
      21.324371337890625,
      17.29738426208496,
      24.13165283203125,
      19.366594314575195
    ],
    [
      10.412210464477539,
      7.166507244110107,
      12.348999977111816,
      10.711668968200684,
      16.76468276977539,
      16.280757904052734,
      19.721431732177734,
      21.41988182067871,
      22.601318359375,
      20.466886520385742,
      20.429027557373047,
      17.174768447875977,
      18.12629508972168,
      16.261106491088867,
      17.421703338623047,
      15.039819717407227,
      18.31833839416504,
      15.1892671585083
    ],
    [
      12.936296463012695,
      9.378283500671387,
      11.402559280395508,
      8.632265090942383,
      17.604843139648438,
      17.294347763061523,
      21.759916305541992,
      24.021461486816406,
      25.30223274230957,
      22.796411514282227,
      23.22946548461914,
      18.346324920654297,
      21.324371337890625,
      17.421703338623047,
      21.45372200012207,
      18.63140296936035,
      24.70380210876465,
      20.733644485473633
    ],
    [
      27.020465850830078,
      168.33668518066406,
      19.843215942382812,
      24.805030822753906,
      49.3180046081543,
      32.31314468383789,
      17.01211166381836,
      18.859678268432617,
      20.195636749267578,
      17.85104751586914,
      19.008350372314453,
      14.788877487182617,
      17.29738426208496,
      15.039819717407227,
      18.63140296936035,
      193.75953674316406,
      153.05316162109375,
      137.39112854003906
    ],
    [
      25.719707489013672,
      127.96058654785156,
      15.730724334716797,
      18.313358306884766,
      44.959556579589844,
      33.03672790527344,
      26.957124710083008,
      29.683202743530273,
      30.41313934326172,
      25.526613235473633,
      27.205726623535156,
      19.531713485717773,
      24.13165283203125,
      18.31833839416504,
      24.70380210876465,
      153.05316162109375,
      128.47462463378906,
      114.60314178466797
    ],
    [
      22.848125457763672,
      115.990478515625,
      13.936988830566406,
      16.022602081298828,
      39.06742858886719,
      28.31527328491211,
      21.564104080200195,
      23.728578567504883,
      24.885738372802734,
      20.601215362548828,
      21.854341506958008,
      15.45450210571289,
      19.366594314575195,
      15.1892671585083,
      20.733644485473633,
      137.39112854003906,
      114.60314178466797,
      102.97684478759766
    ]
  ],
  "covariance_short": [
    [
      107.66290283203125,
      66.20439147949219,
      40.11682891845703,
      55.32895278930664,
      68.96955108642578,
      61.928218841552734,
      33.727630615234375,
      38.77126693725586,
      33.045162200927734,
      29.249094009399414,
      28.21525001525879,
      23.003170013427734,
      26.898784637451172,
      23.18805503845215,
      67.75788879394531,
      60.06572723388672,
      53.285762786865234,
      47.207828521728516
    ],
    [
      66.20439147949219,
      121.05620574951172,
      31.511829376220703,
      45.2918815612793,
      52.18070602416992,
      39.123748779296875,
      16.109800338745117,
      18.644777297973633,
      15.128565788269043,
      14.32901668548584,
      15.521581649780273,
      13.277212142944336,
      15.570240020751953,
      15.838927268981934,
      141.7569122314453,
      131.0747528076172,
      97.65956115722656,
      87.62760925292969
    ],
    [
      40.11682891845703,
      31.511829376220703,
      59.63511276245117,
      53.57303237915039,
      51.79560470581055,
      49.73775863647461,
      35.953636169433594,
      36.37512969970703,
      31.095548629760742,
      29.008575439453125,
      27.173707962036133,
      24.048357009887695,
      26.13770294189453,
      27.428123474121094,
      41.72974395751953,
      37.50053787231445,
      35.46724319458008,
      32.71909713745117
    ],
    [
      55.32895278930664,
      45.2918815612793,
      53.57303237915039,
      85.59867095947266,
      77.49402618408203,
      66.91763305664062,
      35.92715835571289,
      34.952919006347656,
      31.646162033081055,
      29.206924438476562,
      27.070289611816406,
      25.879858016967773,
      25.699682235717773,
      27.630598068237305,
      65.92353057861328,
      59.49468994140625,
      48.973793029785156,
      44.66893005371094
    ],
    [
      68.96955108642578,
      52.18070602416992,
      51.79560470581055,
      77.49402618408203,
      108.24686431884766,
      85.07444763183594,
      58.96775817871094,
      62.243370056152344,
      56.50825119018555,
      50.05228805541992,
      47.24563217163086,
      38.16414260864258,
      42.99639129638672,
      38.96303176879883,
      91.78642272949219,
      82.22993469238281,
      74.2918701171875,
      64.81612396240234
    ],
    [
      61.928218841552734,
      39.123748779296875,
      49.73775863647461,
      66.91763305664062,
      85.07444763183594,
      87.77887725830078,
      58.787559509277344,
      61.575714111328125,
      54.82550811767578,
      47.5390625,
      46.15251541137695,
      37.97153854370117,
      41.402626037597656,
      37.78055191040039,
      73.69232177734375,
      65.7030258178711,
      62.674964904785156,
      54.283538818359375
    ],
    [
      33.727630615234375,
      16.109800338745117,
      35.953636169433594,
      35.92715835571289,
      58.96775817871094,
      58.787559509277344,
      84.06732177734375,
      85.91033935546875,
      78.86612701416016,
      67.95423889160156,
      63.4676399230957,
      51.11869812011719,
      53.78593063354492,
      41.344200134277344,
      45.81757736206055,
      37.25591278076172,
      49.56576156616211,
      41.157447814941406
    ],
    [
      38.77126693725586,
      18.644777297973633,
      36.37512969970703,
      34.952919006347656,
      62.243370056152344,
      61.575714111328125,
      85.91033935546875,
      93.53813934326172,
      83.83367919921875,
      72.150390625,
      67.13350677490234,
      53.75931930541992,
      58.04543685913086,
      43.75788497924805,
      49.457401275634766,
      40.40858840942383,
      54.4335823059082,
      45.22679138183594
    ],
    [
      33.045162200927734,
      15.128565788269043,
      31.095548629760742,
      31.646162033081055,
      56.50825119018555,
      54.82550811767578,
      78.86612701416016,
      83.83367919921875,
      85.35137176513672,
      72.23066711425781,
      62.96599578857422,
      52.38774108886719,
      55.71854782104492,
      41.507598876953125,
      46.81886291503906,
      37.173160552978516,
      49.405338287353516,
      40.711124420166016
    ],
    [
      29.249094009399414,
      14.32901668548584,
      29.008575439453125,
      29.206924438476562,
      50.05228805541992,
      47.5390625,
      67.95423889160156,
      72.150390625,
      72.23066711425781,
      65.9893798828125,
      55.1667594909668,
      46.14045715332031,
      49.7994270324707,
      37.17377853393555,
      41.663516998291016,
      32.831146240234375,
      42.8673210144043,
      35.62120056152344
    ],
    [
      28.21525001525879,
      15.521581649780273,
      27.173707962036133,
      27.070289611816406,
      47.24563217163086,
      46.15251541137695,
      63.4676399230957,
      67.13350677490234,
      62.96599578857422,
      55.1667594909668,
      59.75930404663086,
      44.92685317993164,
      52.50142288208008,
      40.65762710571289,
      45.647396087646484,
      37.26763153076172,
      46.33570861816406,
      38.10452651977539
    ],
    [
      23.003170013427734,
      13.277212142944336,
      24.048357009887695,
      25.879858016967773,
      38.16414260864258,
      37.97153854370117,
      51.11869812011719,
      53.75931930541992,
      52.38774108886719,
      46.14045715332031,
      44.92685317993164,
      41.821434020996094,
      41.47308349609375,
      33.3134651184082,
      36.426448822021484,
      29.445587158203125,
      35.863243103027344,
      29.764019012451172
    ],
    [
      26.898784637451172,
      15.570240020751953,
      26.13770294189453,
      25.699682235717773,
      42.99639129638672,
      41.402626037597656,
      53.78593063354492,
      58.04543685913086,
      55.71854782104492,
      49.7994270324707,
      52.50142288208008,
      41.47308349609375,
      52.04425811767578,
      39.73214340209961,
      45.528995513916016,
      37.28070831298828,
      45.307247161865234,
      37.902103424072266
    ],
    [
      23.18805503845215,
      15.838927268981934,
      27.428123474121094,
      27.630598068237305,
      38.96303176879883,
      37.78055191040039,
      41.344200134277344,
      43.75788497924805,
      41.507598876953125,
      37.17377853393555,
      40.65762710571289,
      33.3134651184082,
      39.73214340209961,
      38.82967758178711,
      41.09884262084961,
      35.325016021728516,
      38.75004577636719,
      33.33372497558594
    ],
    [
      67.75788879394531,
      141.7569122314453,
      41.72974395751953,
      65.92353057861328,
      91.78642272949219,
      73.69232177734375,
      45.81757736206055,
      49.457401275634766,
      46.81886291503906,
      41.663516998291016,
      45.647396087646484,
      36.426448822021484,
      45.528995513916016,
      41.09884262084961,
      226.03761291503906,
      207.59786987304688,
      160.3455810546875,
      141.59471130371094
    ],
    [
      60.06572723388672,
      131.0747528076172,
      37.50053787231445,
      59.49468994140625,
      82.22993469238281,
      65.7030258178711,
      37.25591278076172,
      40.40858840942383,
      37.173160552978516,
      32.831146240234375,
      37.26763153076172,
      29.445587158203125,
      37.28070831298828,
      35.325016021728516,
      207.59786987304688,
      192.6459503173828,
      147.98020935058594,
      131.32888793945312
    ],
    [
      53.285762786865234,
      97.65956115722656,
      35.46724319458008,
      48.973793029785156,
      74.2918701171875,
      62.674964904785156,
      49.56576156616211,
      54.4335823059082,
      49.405338287353516,
      42.8673210144043,
      46.33570861816406,
      35.863243103027344,
      45.307247161865234,
      38.75004577636719,
      160.3455810546875,
      147.98020935058594,
      126.95064544677734,
      111.91332244873047
    ],
    [
      47.207828521728516,
      87.62760925292969,
      32.71909713745117,
      44.66893005371094,
      64.81612396240234,
      54.283538818359375,
      41.157447814941406,
      45.22679138183594,
      40.711124420166016,
      35.62120056152344,
      38.10452651977539,
      29.764019012451172,
      37.902103424072266,
      33.33372497558594,
      141.59471130371094,
      131.32888793945312,
      111.91332244873047,
      100.37704467773438
    ]
  ],
  "damage": -17.123291015625,
  "diff_bandwidth": 918.5922241210938,
  "dissonance": 9.376075971814611,
  "drr": 0.41173651814460754,
  "dynamics": 3.9301018714904785,
  "format": 1245190,
  "frames": 634880,
  "loudness": -19.5404052734375,
  "loudness_range": 9.583288192749023,
  "loudness_range_short": 15.031201362609863,
  "lowpass_true_peak_15khz": -0.7066575288772583,
  "mastering3_acoustic_entropies": [
    {
      "acoustic_entropy": 4.810001373291016,
      "acoustic_entropy_mono": 4.301427841186523,
      "band_eliminated_acoustic_entropies": [
        {
          "acoustic_entropy": 4.813915729522705,
          "acoustic_entropy_side": 4.8101420402526855,
          "hz": 129.47220167065723
        },
        {
          "acoustic_entropy": 4.810580253601074,
          "acoustic_entropy_side": 4.816027641296387,
          "hz": 202.92927478742237
        },
        {
          "acoustic_entropy": 3.86784291267395,
          "acoustic_entropy_side": 4.698742866516113,
          "hz": 282.89161906338205
        },
        {
          "acoustic_entropy": 4.672678470611572,
          "acoustic_entropy_side": 4.743669509887695,
          "hz": 369.9353335868758
        },
        {
          "acoustic_entropy": 4.545133113861084,
          "acoustic_entropy_side": 4.768758296966553,
          "hz": 464.6875360973435
        },
        {
          "acoustic_entropy": 4.807644844055176,
          "acoustic_entropy_side": 4.790044784545898,
          "hz": 567.8308811364784
        },
        {
          "acoustic_entropy": 4.739572048187256,
          "acoustic_entropy_side": 4.774600028991699,
          "hz": 680.1084783214808
        },
        {
          "acoustic_entropy": 5.256986618041992,
          "acoustic_entropy_side": 4.912605285644531,
          "hz": 802.3292461747484
        },
        {
          "acoustic_entropy": 4.793764114379883,
          "acoustic_entropy_side": 4.848533630371094,
          "hz": 935.3737400823702
        },
        {
          "acoustic_entropy": 4.574010372161865,
          "acoustic_entropy_side": 4.417657375335693,
          "hz": 1080.2004963696966
        },
        {
          "acoustic_entropy": 4.902225017547607,
          "acoustic_entropy_side": 4.828972339630127,
          "hz": 1237.8529382007157
        },
        {
          "acoustic_entropy": 4.857844352722168,
          "acoustic_entropy_side": 4.843856334686279,
          "hz": 1409.4668930556702
        },
        {
          "acoustic_entropy": 5.098469257354736,
          "acoustic_entropy_side": 4.972782611846924,
          "hz": 1596.2787759475705
        },
        {
          "acoustic_entropy": 4.435221195220947,
          "acoustic_entropy_side": 4.665066242218018,
          "hz": 1799.6344973346393
        },
        {
          "acoustic_entropy": 4.547989368438721,
          "acoustic_entropy_side": 4.782421112060547,
          "hz": 2020.9991599069049
        },
        {
          "acoustic_entropy": 5.038639545440674,
          "acoustic_entropy_side": 4.7889838218688965,
          "hz": 2261.9676141086993
        },
        {
          "acoustic_entropy": 4.768630027770996,
          "acoustic_entropy_side": 4.824502944946289,
          "hz": 2524.2759484456974
        },
        {
          "acoustic_entropy": 4.881895065307617,
          "acoustic_entropy_side": 4.8717732429504395,
          "hz": 2809.813997359896
        },
        {
          "acoustic_entropy": 4.869424343109131,
          "acoustic_entropy_side": 4.903940200805664,
          "hz": 3120.6389567871424
        },
        {
          "acoustic_entropy": 4.575623035430908,
          "acoustic_entropy_side": 4.664275646209717,
          "hz": 3458.990205492291
        },
        {
          "acoustic_entropy": 4.264443874359131,
          "acoustic_entropy_side": 4.744559288024902,
          "hz": 3827.305438964164
        },
        {
          "acoustic_entropy": 4.588787078857422,
          "acoustic_entropy_side": 4.938992500305176,
          "hz": 4228.238232109126
        },
        {
          "acoustic_entropy": 4.762298107147217,
          "acoustic_entropy_side": 4.690586090087891,
          "hz": 4664.6771572759235
        },
        {
          "acoustic_entropy": 4.769160747528076,
          "acoustic_entropy_side": 4.832271099090576,
          "hz": 5139.766595350093
        },
        {
          "acoustic_entropy": 4.803444862365723,
          "acoustic_entropy_side": 4.804490089416504,
          "hz": 5656.929389854203
        },
        {
          "acoustic_entropy": 4.7803635597229,
          "acoustic_entropy_side": 4.812114715576172,
          "hz": 6219.891507268283
        },
        {
          "acoustic_entropy": 4.871434688568115,
          "acoustic_entropy_side": 4.806370258331299,
          "hz": 6832.70888123896
        },
        {
          "acoustic_entropy": 4.800283908843994,
          "acoustic_entropy_side": 4.832346439361572,
          "hz": 7499.796634079867
        },
        {
          "acoustic_entropy": 4.769894599914551,
          "acoustic_entropy_side": 4.824071407318115,
          "hz": 8225.96088609342
        },
        {
          "acoustic_entropy": 4.878566741943359,
          "acoustic_entropy_side": 4.840108871459961,
          "hz": 9016.43338188839
        },
        {
          "acoustic_entropy": 4.865872383117676,
          "acoustic_entropy_side": 4.831157207489014,
          "hz": 9876.909183162974
        },
        {
          "acoustic_entropy": 4.8470940589904785,
          "acoustic_entropy_side": 4.826932907104492,
          "hz": 10813.587699516042
        },
        {
          "acoustic_entropy": 4.8440046310424805,
          "acoustic_entropy_side": 4.819583892822266,
          "hz": 11833.21735289826
        },
        {
          "acoustic_entropy": 4.839287757873535,
          "acoustic_entropy_side": 4.8159379959106445,
          "hz": 12943.144197493959
        },
        {
          "acoustic_entropy": 4.830365180969238,
          "acoustic_entropy_side": 4.814942836761475,
          "hz": 14151.364845322005
        },
        {
          "acoustic_entropy": 4.821674823760986,
          "acoustic_entropy_side": 4.813242435455322,
          "hz": 15466.58407886509
        },
        {
          "acoustic_entropy": 4.813268661499023,
          "acoustic_entropy_side": 4.81133508682251,
          "hz": 16898.27756580493
        },
        {
          "acoustic_entropy": 4.810984134674072,
          "acoustic_entropy_side": 4.8103718757629395,
          "hz": 18456.760127700032
        },
        {
          "acoustic_entropy": 4.810200214385986,
          "acoustic_entropy_side": 4.810087203979492,
          "hz": 20153.260054456492
        },
        {
          "acoustic_entropy": 4.8100128173828125,
          "acoustic_entropy_side": 4.810006618499756,
          "hz": 22000.00000000001
        }
      ],
      "diff_acoustic_entropy": 4.229218006134033,
      "sn": 6
    },
    {
      "acoustic_entropy": 7.004455089569092,
      "acoustic_entropy_mono": 6.225595951080322,
      "band_eliminated_acoustic_entropies": [
        {
          "acoustic_entropy": 6.938065528869629,
          "acoustic_entropy_side": 7.003855228424072,
          "hz": 129.47220167065723
        },
        {
          "acoustic_entropy": 6.853302001953125,
          "acoustic_entropy_side": 7.010474681854248,
          "hz": 202.92927478742237
        },
        {
          "acoustic_entropy": 6.383054733276367,
          "acoustic_entropy_side": 7.0625200271606445,
          "hz": 282.89161906338205
        },
        {
          "acoustic_entropy": 7.006483554840088,
          "acoustic_entropy_side": 6.9806809425354,
          "hz": 369.9353335868758
        },
        {
          "acoustic_entropy": 7.06366491317749,
          "acoustic_entropy_side": 7.038719654083252,
          "hz": 464.6875360973435
        },
        {
          "acoustic_entropy": 7.174758434295654,
          "acoustic_entropy_side": 6.972783088684082,
          "hz": 567.8308811364784
        },
        {
          "acoustic_entropy": 7.068869113922119,
          "acoustic_entropy_side": 6.881240367889404,
          "hz": 680.1084783214808
        },
        {
          "acoustic_entropy": 7.100371837615967,
          "acoustic_entropy_side": 7.106547832489014,
          "hz": 802.3292461747484
        },
        {
          "acoustic_entropy": 7.132757186889648,
          "acoustic_entropy_side": 7.108946323394775,
          "hz": 935.3737400823702
        },
        {
          "acoustic_entropy": 6.899481773376465,
          "acoustic_entropy_side": 6.575471878051758,
          "hz": 1080.2004963696966
        },
        {
          "acoustic_entropy": 7.185006618499756,
          "acoustic_entropy_side": 7.095218658447266,
          "hz": 1237.8529382007157
        },
        {
          "acoustic_entropy": 6.713892459869385,
          "acoustic_entropy_side": 7.0012335777282715,
          "hz": 1409.4668930556702
        },
        {
          "acoustic_entropy": 7.169522285461426,
          "acoustic_entropy_side": 7.13651180267334,
          "hz": 1596.2787759475705
        },
        {
          "acoustic_entropy": 6.558390140533447,
          "acoustic_entropy_side": 6.53375768661499,
          "hz": 1799.6344973346393
        },
        {
          "acoustic_entropy": 6.70376443862915,
          "acoustic_entropy_side": 6.927750587463379,
          "hz": 2020.9991599069049
        },
        {
          "acoustic_entropy": 6.704677581787109,
          "acoustic_entropy_side": 7.045203685760498,
          "hz": 2261.9676141086993
        },
        {
          "acoustic_entropy": 7.095613479614258,
          "acoustic_entropy_side": 7.029323577880859,
          "hz": 2524.2759484456974
        },
        {
          "acoustic_entropy": 6.843981742858887,
          "acoustic_entropy_side": 6.934957981109619,
          "hz": 2809.813997359896
        },
        {
          "acoustic_entropy": 7.487953186035156,
          "acoustic_entropy_side": 7.189024448394775,
          "hz": 3120.6389567871424
        },
        {
          "acoustic_entropy": 6.692679405212402,
          "acoustic_entropy_side": 6.757056713104248,
          "hz": 3458.990205492291
        },
        {
          "acoustic_entropy": 6.129887580871582,
          "acoustic_entropy_side": 6.640191078186035,
          "hz": 3827.305438964164
        },
        {
          "acoustic_entropy": 6.751674175262451,
          "acoustic_entropy_side": 7.150486946105957,
          "hz": 4228.238232109126
        },
        {
          "acoustic_entropy": 7.073156356811523,
          "acoustic_entropy_side": 6.886415004730225,
          "hz": 4664.6771572759235
        },
        {
          "acoustic_entropy": 6.988958358764648,
          "acoustic_entropy_side": 7.030097484588623,
          "hz": 5139.766595350093
        },
        {
          "acoustic_entropy": 6.97642183303833,
          "acoustic_entropy_side": 7.016291618347168,
          "hz": 5656.929389854203
        },
        {
          "acoustic_entropy": 6.9520955085754395,
          "acoustic_entropy_side": 7.00406551361084,
          "hz": 6219.891507268283
        },
        {
          "acoustic_entropy": 7.040890693664551,
          "acoustic_entropy_side": 7.0291056632995605,
          "hz": 6832.70888123896
        },
        {
          "acoustic_entropy": 7.00367546081543,
          "acoustic_entropy_side": 7.0201520919799805,
          "hz": 7499.796634079867
        },
        {
          "acoustic_entropy": 6.9251708984375,
          "acoustic_entropy_side": 6.969053268432617,
          "hz": 8225.96088609342
        },
        {
          "acoustic_entropy": 7.1402482986450195,
          "acoustic_entropy_side": 7.104825019836426,
          "hz": 9016.43338188839
        },
        {
          "acoustic_entropy": 7.119597434997559,
          "acoustic_entropy_side": 7.0825982093811035,
          "hz": 9876.909183162974
        },
        {
          "acoustic_entropy": 7.064566135406494,
          "acoustic_entropy_side": 7.056424140930176,
          "hz": 10813.587699516042
        },
        {
          "acoustic_entropy": 7.005498886108398,
          "acoustic_entropy_side": 7.035461902618408,
          "hz": 11833.21735289826
        },
        {
          "acoustic_entropy": 6.966094017028809,
          "acoustic_entropy_side": 7.033238887786865,
          "hz": 12943.144197493959
        },
        {
          "acoustic_entropy": 6.976505756378174,
          "acoustic_entropy_side": 7.017140865325928,
          "hz": 14151.364845322005
        },
        {
          "acoustic_entropy": 7.046894073486328,
          "acoustic_entropy_side": 7.016959190368652,
          "hz": 15466.58407886509
        },
        {
          "acoustic_entropy": 7.045283794403076,
          "acoustic_entropy_side": 7.011003017425537,
          "hz": 16898.27756580493
        },
        {
          "acoustic_entropy": 7.008025646209717,
          "acoustic_entropy_side": 7.004931449890137,
          "hz": 18456.760127700032
        },
        {
          "acoustic_entropy": 7.005225658416748,
          "acoustic_entropy_side": 7.004855155944824,
          "hz": 20153.260054456492
        },
        {
          "acoustic_entropy": 7.004536151885986,
          "acoustic_entropy_side": 7.0045013427734375,
          "hz": 22000.00000000001
        }
      ],
      "diff_acoustic_entropy": 6.79766845703125,
      "sn": 12
    },
    {
      "acoustic_entropy": 10.083948135375977,
      "acoustic_entropy_mono": 9.396636009216309,
      "band_eliminated_acoustic_entropies": [
        {
          "acoustic_entropy": 10.088284492492676,
          "acoustic_entropy_side": 10.105818748474121,
          "hz": 129.47220167065723
        },
        {
          "acoustic_entropy": 10.879420280456543,
          "acoustic_entropy_side": 10.42393684387207,
          "hz": 202.92927478742237
        },
        {
          "acoustic_entropy": 9.068754196166992,
          "acoustic_entropy_side": 9.988991737365723,
          "hz": 282.89161906338205
        },
        {
          "acoustic_entropy": 10.294259071350098,
          "acoustic_entropy_side": 10.294761657714844,
          "hz": 369.9353335868758
        },
        {
          "acoustic_entropy": 10.087406158447266,
          "acoustic_entropy_side": 10.027214050292969,
          "hz": 464.6875360973435
        },
        {
          "acoustic_entropy": 10.089735984802246,
          "acoustic_entropy_side": 10.040183067321777,
          "hz": 567.8308811364784
        },
        {
          "acoustic_entropy": 9.902473449707031,
          "acoustic_entropy_side": 10.062638282775879,
          "hz": 680.1084783214808
        },
        {
          "acoustic_entropy": 10.134258270263672,
          "acoustic_entropy_side": 10.156698226928711,
          "hz": 802.3292461747484
        },
        {
          "acoustic_entropy": 10.11835765838623,
          "acoustic_entropy_side": 10.054452896118164,
          "hz": 935.3737400823702
        },
        {
          "acoustic_entropy": 10.048702239990234,
          "acoustic_entropy_side": 9.898211479187012,
          "hz": 1080.2004963696966
        },
        {
          "acoustic_entropy": 10.270273208618164,
          "acoustic_entropy_side": 9.962063789367676,
          "hz": 1237.8529382007157
        },
        {
          "acoustic_entropy": 10.435708999633789,
          "acoustic_entropy_side": 10.204948425292969,
          "hz": 1409.4668930556702
        },
        {
          "acoustic_entropy": 9.74168872833252,
          "acoustic_entropy_side": 9.945630073547363,
          "hz": 1596.2787759475705
        },
        {
          "acoustic_entropy": 10.407981872558594,
          "acoustic_entropy_side": 10.254416465759277,
          "hz": 1799.6344973346393
        },
        {
          "acoustic_entropy": 10.267003059387207,
          "acoustic_entropy_side": 10.189569473266602,
          "hz": 2020.9991599069049
        },
        {
          "acoustic_entropy": 10.368027687072754,
          "acoustic_entropy_side": 10.19697093963623,
          "hz": 2261.9676141086993
        },
        {
          "acoustic_entropy": 10.069112777709961,
          "acoustic_entropy_side": 9.957572937011719,
          "hz": 2524.2759484456974
        },
        {
          "acoustic_entropy": 10.037492752075195,
          "acoustic_entropy_side": 10.132996559143066,
          "hz": 2809.813997359896
        },
        {
          "acoustic_entropy": 10.20229721069336,
          "acoustic_entropy_side": 9.961286544799805,
          "hz": 3120.6389567871424
        },
        {
