{
  "acoustic_entropy": 154.83531188964844,
  "bands": [
    {
      "high_freq": 148.1999969482422,
      "loudness": -28.56903648376465,
      "loudness_range": 13.695444107055664,
      "mid_mean": -24.937034606933594,
      "mid_to_side_loudness": -50.952980041503906,
      "mid_to_side_loudness_range": 16.01142120361328,
      "side_mean": -68.7317123413086
    },
    {
      "high_freq": 392.3793640136719,
      "loudness": -28.075456619262695,
      "loudness_range": 19.128602981567383,
      "low_freq": 148.1999969482422,
      "mid_mean": -24.401105880737305,
      "mid_to_side_loudness": -49.88607406616211,
      "mid_to_side_loudness_range": 20.290191650390625,
      "side_mean": -68.35443878173828
    },
    {
      "high_freq": 794.6976318359375,
      "loudness": -25.06395721435547,
      "loudness_range": 19.911230087280273,
      "low_freq": 392.3793640136719,
      "mid_mean": -21.50383186340332,
      "mid_to_side_loudness": -49.21684265136719,
      "mid_to_side_loudness_range": 23.414531707763672,
      "side_mean": -67.61509704589844
    },
    {
      "high_freq": 1457.5709228515625,
      "loudness": -31.188915252685547,
      "loudness_range": 18.798612594604492,
      "low_freq": 794.6976318359375,
      "mid_mean": -27.5777587890625,
      "mid_to_side_loudness": -43.794471740722656,
      "mid_to_side_loudness_range": 24.04936408996582,
      "side_mean": -68.08272552490234
    },
    {
      "high_freq": 2549.74365234375,
      "loudness": -34.50144577026367,
      "loudness_range": 22.170440673828125,
      "low_freq": 1457.5709228515625,
      "mid_mean": -30.89068031311035,
      "mid_to_side_loudness": -40.27085876464844,
      "mid_to_side_loudness_range": 21.30276870727539,
      "side_mean": -67.5499038696289
    },
    {
      "high_freq": 4349.24462890625,
      "loudness": -35.55842590332031,
      "loudness_range": 17.78879737854004,
      "low_freq": 2549.74365234375,
      "mid_mean": -31.856670379638672,
      "mid_to_side_loudness": -37.32033920288086,
      "mid_to_side_loudness_range": 14.157493591308594,
      "side_mean": -66.36662292480469
    },
    {
      "high_freq": 7314.1640625,
      "loudness": -36.09779739379883,
      "loudness_range": 16.316362380981445,
      "low_freq": 4349.24462890625,
      "mid_mean": -32.40400695800781,
      "mid_to_side_loudness": -33.44484329223633,
      "mid_to_side_loudness_range": 12.756006240844727,
      "side_mean": -64.17073059082031
    },
    {
      "high_freq": 12199.2666015625,
      "loudness": -36.54668426513672,
      "loudness_range": 14.616167068481445,
      "low_freq": 7314.1640625,
      "mid_mean": -32.8570671081543,
      "mid_to_side_loudness": -28.415620803833008,
      "mid_to_side_loudness_range": 8.945722579956055,
      "side_mean": -60.87726593017578
    },
    {
      "loudness": -47.052730560302734,
      "loudness_range": 14.258346557617188,
      "low_freq": 12199.2666015625,
      "mid_mean": -43.3578987121582,
      "mid_to_side_loudness": -22.374279022216797,
      "mid_to_side_loudness_range": 9.361577987670898,
      "side_mean": -64.36918640136719
    }
  ],
  "bands_short": [
    {
      "high_freq": 148.1999969482422,
      "loudness": -32.798194885253906,
      "loudness_range": 23.67596435546875,
      "mid_mean": -29.190046310424805,
      "mid_to_side_loudness": -52.09524154663086,
      "mid_to_side_loudness_range": 28.296913146972656,
      "side_mean": -69.20068359375
    },
    {
      "high_freq": 392.3793640136719,
      "loudness": -28.516921997070312,
      "loudness_range": 19.781314849853516,
      "low_freq": 148.1999969482422,
      "mid_mean": -24.83584976196289,
      "mid_to_side_loudness": -49.53898620605469,
      "mid_to_side_loudness_range": 26.580760955810547,
      "side_mean": -68.68841552734375
    },
    {
      "high_freq": 794.6976318359375,
      "loudness": -27.067533493041992,
      "loudness_range": 25.212331771850586,
      "low_freq": 392.3793640136719,
      "mid_mean": -23.486080169677734,
      "mid_to_side_loudness": -47.01734924316406,
      "mid_to_side_loudness_range": 27.592336654663086,
      "side_mean": -68.10750579833984
    },
    {
      "high_freq": 1457.5709228515625,
      "loudness": -33.259910583496094,
      "loudness_range": 25.416067123413086,
      "low_freq": 794.6976318359375,
      "mid_mean": -29.706491470336914,
      "mid_to_side_loudness": -42.04022216796875,
      "mid_to_side_loudness_range": 28.76918601989746,
      "side_mean": -68.47358703613281
    },
    {
      "high_freq": 2549.74365234375,
      "loudness": -36.74875259399414,
      "loudness_range": 25.593765258789062,
      "low_freq": 1457.5709228515625,
      "mid_mean": -33.110626220703125,
      "mid_to_side_loudness": -38.16166687011719,
      "mid_to_side_loudness_range": 25.59190559387207,
      "side_mean": -68.14651489257812
    },
    {
      "high_freq": 4349.24462890625,
      "loudness": -36.4997673034668,
      "loudness_range": 18.78455352783203,
      "low_freq": 2549.74365234375,
      "mid_mean": -32.798309326171875,
      "mid_to_side_loudness": -36.406646728515625,
      "mid_to_side_loudness_range": 17.95015525817871,
      "side_mean": -67.11902618408203
    },
    {
      "high_freq": 7314.1640625,
      "loudness": -36.749149322509766,
      "loudness_range": 16.889606475830078,
      "low_freq": 4349.24462890625,
      "mid_mean": -33.051815032958984,
      "mid_to_side_loudness": -32.56020736694336,
      "mid_to_side_loudness_range": 15.618093490600586,
      "side_mean": -65.1516342163086
    },
    {
      "high_freq": 12199.2666015625,
      "loudness": -37.433067321777344,
      "loudness_range": 16.86196517944336,
      "low_freq": 7314.1640625,
      "mid_mean": -33.749385833740234,
      "mid_to_side_loudness": -28.78824806213379,
      "mid_to_side_loudness_range": 12.819780349731445,
      "side_mean": -61.94239044189453
    },
    {
      "loudness": -48.080265045166016,
      "loudness_range": 16.724864959716797,
      "low_freq": 12199.2666015625,
      "mid_mean": -44.38927459716797,
      "mid_to_side_loudness": -22.43825912475586,
      "mid_to_side_loudness_range": 13.09302043914795,
      "side_mean": -64.95880889892578
    }
  ],
  "bandwidth": 606.3789672851562,
  "channels": 2,
  "covariance": [
    [
      29.453969955444336,
      3.1507575511932373,
      2.7842519283294678,
      1.124407172203064,
      1.9299298524856567,
      2.2265706062316895,
      0.6415124535560608,
      1.45827054977417,
      2.3321588039398193,
      1.5264406204223633,
      4.548096179962158,
      2.4100921154022217,
      5.5646538734436035,
      3.641707181930542,
      5.277267932891846,
      4.601420879364014,
      5.115199565887451,
      2.2171080112457275
    ],
    [
      3.1507575511932373,
      1.4664943218231201,
      1.6946183443069458,
      1.1442458629608154,
      1.744294285774231,
      1.4757839441299438,
      1.253167986869812,
      1.1872648000717163,
      2.3420963287353516,
      1.24294912815094,
      2.829507827758789,
      1.8216191530227661,
      3.079132080078125,
      2.757026433944702,
      3.047377109527588,
      3.059385061264038,
      2.940778970718384,
      1.7336781024932861
    ],
    [
      2.7842519283294678,
      1.6946183443069458,
      42.69129943847656,
      5.871587753295898,
      17.737215042114258,
      2.7326221466064453,
      17.463754653930664,
      2.094212055206299,
      31.076066970825195,
      3.0360546112060547,
      18.201831817626953,
      3.6592226028442383,
      12.073637962341309,
      7.570957660675049,
      8.581049919128418,
      9.81700611114502,
      4.012967109680176,
      3.9572768211364746
    ],
    [
      1.124407172203064,
      1.1442458629608154,
      5.871587753295898,
      3.5653374195098877,
      3.251972198486328,
      3.0377862453460693,
      3.262937545776367,
      2.3382303714752197,
      5.613630294799805,
      2.6315393447875977,
      5.330478191375732,
      3.8475403785705566,
      5.3087873458862305,
      5.835244655609131,
      4.6161041259765625,
      5.612075328826904,
      3.834247589111328,
      2.7576613426208496
    ],
    [
      1.9299298524856567,
      1.744294285774231,
      17.737215042114258,
      3.251972198486328,
      54.25782775878906,
      8.340481758117676,
      38.236968994140625,
      4.700331211090088,
      42.5833740234375,
      4.470887184143066,
      21.065114974975586,
      5.072403907775879,
      10.7487154006958,
      8.275059700012207,
      10.418793678283691,
      11.045682907104492,
      8.312849044799805,
      5.385069847106934
    ],
    [
      2.2265706062316895,
      1.4757839441299438,
      2.7326221466064453,
      3.0377862453460693,
      8.340481758117676,
      5.846485137939453,
      6.090577602386475,
      3.537599563598633,
      8.390514373779297,
      3.695301055908203,
      6.708348751068115,
      4.984315872192383,
      6.292178630828857,
      7.420456409454346,
      6.207838535308838,
      7.252110481262207,
      5.958804130554199,
      3.852972984313965
    ],
    [
      0.6415124535560608,
      1.253167986869812,
      17.463754653930664,
      3.262937545776367,
      38.236968994140625,
      6.090577602386475,
      50.32135009765625,
      5.3982720375061035,
      40.061946868896484,
      3.777381420135498,
      22.276683807373047,
      4.364828586578369,
      10.61445426940918,
      6.742262363433838,
      8.205170631408691,
      9.36296558380127,
      5.124385833740234,
      4.1844353675842285
    ],
    [
      1.45827054977417,
      1.1872648000717163,
      2.094212055206299,
      2.3382303714752197,
      4.700331211090088,
      3.537599563598633,
      5.3982720375061035,
      3.724095344543457,
      5.998468399047852,
      3.075014591217041,
      5.505181789398193,
      4.184104919433594,
      5.196267604827881,
      5.795658111572266,
      5.092482089996338,
      5.667583465576172,
      4.796748638153076,
      3.187427282333374
    ],
    [
      2.3321588039398193,
      2.3420963287353516,
      31.076066970825195,
      5.613630294799805,
      42.5833740234375,
      8.390514373779297,
      40.061946868896484,
      5.998468399047852,
      60.988887786865234,
      6.350698947906494,
      34.15636444091797,
      7.444126129150391,
      20.947031021118164,
      12.4931058883667,
      18.338472366333008,
      17.222320556640625,
      13.416661262512207,
      8.16029167175293
    ],
    [
      1.5264406204223633,
      1.24294912815094,
      3.0360546112060547,
      2.6315393447875977,
      4.470887184143066,
      3.695301055908203,
      3.777381420135498,
      3.075014591217041,
      6.350698947906494,
      4.24322509765625,
      5.788546085357666,
      4.88361930847168,
      6.092238903045654,
      6.701351165771484,
      6.018280029296875,
      6.515830039978027,
      5.710545063018799,
      3.732346773147583
    ],
    [
      4.548096179962158,
      2.829507827758789,
      18.201831817626953,
      5.330478191375732,
      21.065114974975586,
      6.708348751068115,
      22.276683807373047,
      5.505181789398193,
      34.15636444091797,
      5.788546085357666,
      31.09782600402832,
      8.209695816040039,
      24.754350662231445,
      12.364344596862793,
      21.291439056396484,
      16.735063552856445,
      16.25551414489746,
      8.54388427734375
    ],
    [
      2.4100921154022217,
      1.8216191530227661,
      3.6592226028442383,
      3.8475403785705566,
      5.072403907775879,
      4.984315872192383,
      4.364828586578369,
      4.184104919433594,
      7.444126129150391,
      4.88361930847168,
      8.209695816040039,
      8.309904098510742,
      8.695932388305664,
      10.785396575927734,
      8.527253150939941,
      9.985379219055176,
      7.881195545196533,
      5.425373554229736
    ],
    [
      5.5646538734436035,
      3.079132080078125,
      12.073637962341309,
      5.3087873458862305,
      10.7487154006958,
      6.292178630828857,
      10.61445426940918,
      5.196267604827881,
      20.947031021118164,
      6.092238903045654,
      24.754350662231445,
      8.695932388305664,
      28.006624221801758,
      13.211691856384277,
      25.217674255371094,
      17.85336685180664,
      21.89487648010254,
      9.782552719116211
    ],
    [
      3.641707181930542,
      2.757026433944702,
      7.570957660675049,
      5.835244655609131,
      8.275059700012207,
      7.420456409454346,
      6.742262363433838,
      5.795658111572266,
      12.4931058883667,
      6.701351165771484,
      12.364344596862793,
      10.785396575927734,
      13.211691856384277,
      18.122438430786133,
      13.055317878723145,
      16.228374481201172,
      12.340028762817383,
      8.272228240966797
    ],
    [
      5.277267932891846,
      3.047377109527588,
      8.581049919128418,
      4.6161041259765625,
      10.418793678283691,
      6.207838535308838,
      8.205170631408691,
      5.092482089996338,
      18.338472366333008,
      6.018280029296875,
      21.291439056396484,
      8.527253150939941,
      25.217674255371094,
      13.055317878723145,
      26.72355842590332,
      17.557384490966797,
      24.45475959777832,
      10.265453338623047
    ],
    [
      4.601420879364014,
      3.059385061264038,
      9.81700611114502,
      5.612075328826904,
      11.045682907104492,
      7.252110481262207,
      9.36296558380127,
      5.667583465576172,
      17.222320556640625,
      6.515830039978027,
      16.735063552856445,
      9.985379219055176,
      17.85336685180664,
      16.228374481201172,
      17.557384490966797,
      18.808570861816406,
      16.510412216186523,
      9.795942306518555
    ],
    [
      5.115199565887451,
      2.940778970718384,
      4.012967109680176,
      3.834247589111328,
      8.312849044799805,
      5.958804130554199,
      5.124385833740234,
      4.796748638153076,
      13.416661262512207,
      5.710545063018799,
      16.25551414489746,
      7.881195545196533,
      21.89487648010254,
      12.340028762817383,
      24.45475959777832,
      16.510412216186523,
      27.08536148071289,
      10.625064849853516
    ],
    [
      2.2171080112457275,
      1.7336781024932861,
      3.9572768211364746,
      2.7576613426208496,
      5.385069847106934,
      3.852972984313965,
      4.1844353675842285,
      3.187427282333374,
      8.16029167175293,
      3.732346773147583,
      8.54388427734375,
      5.425373554229736,
      9.782552719116211,
      8.272228240966797,
      10.265453338623047,
      9.795942306518555,
      10.625064849853516,
      6.551897048950195
    ]
  ],
  "covariance_short": [
    [
      69.65188598632812,
      4.7980732917785645,
      15.263226509094238,
      2.207663059234619,
      6.074987411499023,
      2.7191414833068848,
      4.8340229988098145,
      1.9477204084396362,
      8.896551132202148,
      2.0652048587799072,
      9.043261528015137,
      3.7162301540374756,
      9.98353385925293,
      6.377081394195557,
      11.09972858428955,
      8.704090118408203,
      11.003918647766113,
      4.61820125579834
    ],
    [
      4.7980732917785645,
      2.03085994720459,
      1.644793152809143,
      0.9996544718742371,
      1.2469266653060913,
      0.8244199752807617,
      1.1184195280075073,
      0.6929177641868591,
      1.6401677131652832,
      0.77304607629776,
      1.9337226152420044,
      1.1052782535552979,
      2.1758127212524414,
      1.7032023668289185,
      2.3204591274261475,
      2.054192543029785,
      2.2834606170654297,
      1.2795079946517944
    ],
    [
      15.263226509094238,
      1.644793152809143,
      45.95186233520508,
      5.022573471069336,
      23.49012565612793,
      3.183974266052246,
      22.528770446777344,
      1.9218841791152954,
      30.689008712768555,
      2.3776590824127197,
      16.67450714111328,
      2.8416271209716797,
      11.33978271484375,
      6.249274253845215,
      8.736810684204102,
      9.542271614074707,
      4.984035968780518,
      4.133828163146973
    ],
    [
      2.207663059234619,
      0.9996544718742371,
      5.022573471069336,
      5.05823278427124,
      3.7853057384490967,
      3.2315306663513184,
      3.6674015522003174,
      2.2166218757629395,
      5.2855987548828125,
      2.5449705123901367,
      4.7589111328125,
      3.729555606842041,
      4.691051483154297,
      5.908268928527832,
      4.442434787750244,
      5.722538948059082,
      3.93819260597229,
      3.016942024230957
    ],
    [
      6.074987411499023,
      1.2469266653060913,
      23.49012565612793,
      3.7853057384490967,
      76.15394592285156,
      9.115979194641113,
      59.19348907470703,
      4.975179672241211,
      57.76018524169922,
      4.267542362213135,
      27.441177368164062,
      4.552610874176025,
      13.128125190734863,
      9.15293025970459,
      11.682449340820312,
      13.287542343139648,
      8.994588851928711,
      6.407812118530273
    ],
    [
      2.7191414833068848,
      0.8244199752807617,
      3.183974266052246,
      3.2315306663513184,
      9.115979194641113,
      8.049129486083984,
      7.363151550292969,
      3.495643138885498,
      8.57373332977295,
      3.600961208343506,
      6.604467868804932,
      4.877870082855225,
      5.7564377784729,
      7.479844093322754,
      5.754654884338379,
      7.323941707611084,
      5.565415382385254,
      3.9396166801452637
    ],
    [
      4.8340229988098145,
      1.1184195280075073,
      22.528770446777344,
      3.6674015522003174,
      59.19348907470703,
      7.363151550292969,
      77.71803283691406,
      6.3355207443237305,
      60.1502571105957,
      4.169322490692139,
      31.579469680786133,
      4.663276672363281,
      14.511955261230469,
      8.58156967163086,
      11.442456245422363,
      13.188323020935059,
      7.590461254119873,
      6.053979396820068
    ],
    [
      1.9477204084396362,
      0.6929177641868591,
      1.9218841791152954,
      2.2166218757629395,
      4.975179672241211,
      3.495643138885498,
      6.3355207443237305,
      5.671770095825195,
      5.8909711837768555,
      3.397979974746704,
      5.281764984130859,
      4.395068168640137,
      4.552505970001221,
      5.58549165725708,
      4.522016525268555,
      5.328948974609375,
      4.227322578430176,
      3.343033790588379
    ],
    [
      8.896551132202148,
      1.6401677131652832,
      30.689008712768555,
      5.2855987548828125,
      57.76018524169922,
      8.57373332977295,
      60.1502571105957,
      5.8909711837768555,
      74.90755462646484,
      5.794583320617676,
      40.47966384887695,
      6.467685222625732,
      23.757017135620117,
      12.320906639099121,
      20.174821853637695,
      18.78522300720215,
      14.614554405212402,
      8.766841888427734
    ],
    [
      2.0652048587799072,
      0.77304607629776,
      2.3776590824127197,
      2.5449705123901367,
      4.267542362213135,
      3.600961208343506,
      4.169322490692139,
      3.397979974746704,
      5.794583320617676,
      6.690541744232178,
      5.106636047363281,
      5.452614784240723,
      5.109313011169434,
      6.576944351196289,
      5.1982645988464355,
      6.203429698944092,
      4.929502487182617,
      4.172394752502441
    ],
    [
      9.043261528015137,
      1.9337226152420044,
      16.67450714111328,
      4.7589111328125,
      27.441177368164062,
      6.604467868804932,
      31.579469680786133,
      5.281764984130859,
      40.47966384887695,
      5.106636047363281,
      36.787269592285156,
      7.48721981048584,
      28.03856658935547,
      12.174379348754883,
      24.50684356689453,
      17.84425163269043,
      19.168285369873047,
      9.130873680114746
    ],
    [
      3.7162301540374756,
      1.1052782535552979,
      2.8416271209716797,
      3.729555606842041,
      4.552610874176025,
      4.877870082855225,
      4.663276672363281,
      4.395068168640137,
      6.467685222625732,
      5.452614784240723,
      7.48721981048584,
      11.414067268371582,
      7.817809581756592,
      11.74436092376709,
      7.90651798248291,
      10.534722328186035,
      7.315653324127197,
      6.244396686553955
    ],
    [
      9.98353385925293,
      2.1758127212524414,
      11.33978271484375,
      4.691051483154297,
      13.128125190734863,
      5.7564377784729,
      14.511955261230469,
      4.552505970001221,
      23.757017135620117,
      5.109313011169434,
      28.03856658935547,
      7.817809581756592,
      32.102516174316406,
      12.936867713928223,
      29.65355110168457,
      18.713638305664062,
      25.750629425048828,
      10.432388305664062
    ],
    [
      6.377081394195557,
      1.7032023668289185,
      6.249274253845215,
      5.908268928527832,
      9.15293025970459,
      7.479844093322754,
      8.58156967163086,
      5.58549165725708,
      12.320906639099121,
      6.576944351196289,
      12.174379348754883,
      11.74436092376709,
      12.936867713928223,
      23.820390701293945,
      13.25326156616211,
      18.86882209777832,
      12.72365665435791,
      9.442102432250977
    ],
    [
      11.09972858428955,
      2.3204591274261475,
      8.736810684204102,
      4.442434787750244,
      11.682449340820312,
      5.754654884338379,
      11.442456245422363,
      4.522016525268555,
      20.174821853637695,
      5.1982645988464355,
      24.50684356689453,
      7.90651798248291,
      29.65355110168457,
      13.25326156616211,
      32.941654205322266,
      19.1662540435791,
      30.356826782226562,
      11.361032485961914
    ],
    [
      8.704090118408203,
      2.054192543029785,
      9.542271614074707,
      5.722538948059082,
      13.287542343139648,
      7.323941707611084,
      13.188323020935059,
      5.328948974609375,
      18.78522300720215,
      6.203429698944092,
      17.84425163269043,
      10.534722328186035,
      18.713638305664062,
      18.86882209777832,
      19.1662540435791,
      25.503795623779297,
      18.184432983398438,
      11.509635925292969
    ],
    [
      11.003918647766113,
      2.2834606170654297,
      4.984035968780518,
      3.93819260597229,
      8.994588851928711,
      5.565415382385254,
      7.590461254119873,
      4.227322578430176,
      14.614554405212402,
      4.929502487182617,
      19.168285369873047,
      7.315653324127197,
      25.750629425048828,
      12.72365665435791,
      30.356826782226562,
      18.184432983398438,
      33.975624084472656,
      11.81617259979248
    ],
    [
      4.61820125579834,
      1.2795079946517944,
      4.133828163146973,
      3.016942024230957,
      6.407812118530273,
      3.9396166801452637,
      6.053979396820068,
      3.343033790588379,
      8.766841888427734,
      4.172394752502441,
      9.130873680114746,
      6.244396686553955,
      10.432388305664062,
      9.442102432250977,
      11.361032485961914,
      11.509635925292969,
      11.81617259979248,
      9.558162689208984
    ]
  ],
  "damage": -7.903380393981934,
  "diff_bandwidth": 615.3310546875,
  "dissonance": 7.009302978287875,
  "drr": 5.254039764404297,
  "dynamics": 4.139642238616943,
  "format": 1245190,
  "frames": 13702080,
  "loudness": -15.828855514526367,
  "loudness_range": 11.086458206176758,
  "loudness_range_short": 15.723968505859375,
  "lowpass_true_peak_15khz": 0.09897071868181229,
  "mastering3_acoustic_entropies": [
    {
      "acoustic_entropy": 8.631261825561523,
      "acoustic_entropy_mono": 8.631267547607422,
      "band_eliminated_acoustic_entropies": [
        {
          "acoustic_entropy": 8.475519180297852,
          "acoustic_entropy_side": 8.631261825561523,
          "hz": 129.47220167065723
        },
        {
          "acoustic_entropy": 8.462457656860352,
          "acoustic_entropy_side": 8.631261825561523,
          "hz": 202.92927478742237
        },
        {
          "acoustic_entropy": 8.971576690673828,
          "acoustic_entropy_side": 8.631261825561523,
          "hz": 282.89161906338205
        },
        {
          "acoustic_entropy": 9.36494255065918,
          "acoustic_entropy_side": 8.631261825561523,
          "hz": 369.9353335868758
        },
        {
          "acoustic_entropy": 8.722759246826172,
          "acoustic_entropy_side": 8.631261825561523,
          "hz": 464.6875360973435
        },
        {
          "acoustic_entropy": 9.1586332321167,
          "acoustic_entropy_side": 8.631261825561523,
          "hz": 567.8308811364784
        },
        {
          "acoustic_entropy": 8.635412216186523,
          "acoustic_entropy_side": 8.631261825561523,
          "hz": 680.1084783214808
        },
        {
          "acoustic_entropy": 9.20493221282959,
          "acoustic_entropy_side": 8.631261825561523,
          "hz": 802.3292461747484
        },
        {
          "acoustic_entropy": 9.203675270080566,
          "acoustic_entropy_side": 8.631261825561523,
          "hz": 935.3737400823702
        },
        {
          "acoustic_entropy": 9.3768949508667,
          "acoustic_entropy_side": 8.631261825561523,
          "hz": 1080.2004963696966
        },
        {
          "acoustic_entropy": 8.724687576293945,
          "acoustic_entropy_side": 8.631261825561523,
          "hz": 1237.8529382007157
        },
        {
          "acoustic_entropy": 8.841516494750977,
          "acoustic_entropy_side": 8.631261825561523,
          "hz": 1409.4668930556702
        },
        {
          "acoustic_entropy": 8.43486499786377,
          "acoustic_entropy_side": 8.631261825561523,
          "hz": 1596.2787759475705
        },
        {
          "acoustic_entropy": 9.011170387268066,
          "acoustic_entropy_side": 8.631261825561523,
          "hz": 1799.6344973346393
        },
        {
          "acoustic_entropy": 8.608515739440918,
          "acoustic_entropy_side": 8.631261825561523,
          "hz": 2020.9991599069049
        },
        {
          "acoustic_entropy": 8.556492805480957,
          "acoustic_entropy_side": 8.631261825561523,
          "hz": 2261.9676141086993
        },
        {
          "acoustic_entropy": 8.383528709411621,
          "acoustic_entropy_side": 8.631261825561523,
          "hz": 2524.2759484456974
        },
        {
          "acoustic_entropy": 8.489624977111816,
          "acoustic_entropy_side": 8.631261825561523,
          "hz": 2809.813997359896
        },
        {
          "acoustic_entropy": 8.436224937438965,
          "acoustic_entropy_side": 8.631261825561523,
          "hz": 3120.6389567871424
        },
        {
          "acoustic_entropy": 8.588679313659668,
          "acoustic_entropy_side": 8.631261825561523,
          "hz": 3458.990205492291
        },
        {
          "acoustic_entropy": 8.6630220413208,
          "acoustic_entropy_side": 8.631261825561523,
          "hz": 3827.305438964164
        },
        {
          "acoustic_entropy": 8.560193061828613,
          "acoustic_entropy_side": 8.631261825561523,
          "hz": 4228.238232109126
        },
        {
          "acoustic_entropy": 8.61948013305664,
          "acoustic_entropy_side": 8.631261825561523,
          "hz": 4664.6771572759235
        },
        {
          "acoustic_entropy": 8.520455360412598,
          "acoustic_entropy_side": 8.631261825561523,
          "hz": 5139.766595350093
        },
        {
          "acoustic_entropy": 8.51703929901123,
          "acoustic_entropy_side": 8.631261825561523,
          "hz": 5656.929389854203
        },
        {
          "acoustic_entropy": 8.565376281738281,
          "acoustic_entropy_side": 8.631260871887207,
          "hz": 6219.891507268283
        },
        {
          "acoustic_entropy": 8.573150634765625,
          "acoustic_entropy_side": 8.631260871887207,
          "hz": 6832.70888123896
        },
        {
          "acoustic_entropy": 8.611725807189941,
          "acoustic_entropy_side": 8.631260871887207,
          "hz": 7499.796634079867
        },
        {
          "acoustic_entropy": 8.60861587524414,
          "acoustic_entropy_side": 8.631261825561523,
          "hz": 8225.96088609342
        },
        {
          "acoustic_entropy": 8.59386920928955,
          "acoustic_entropy_side": 8.631261825561523,
          "hz": 9016.43338188839
        },
        {
          "acoustic_entropy": 8.566591262817383,
          "acoustic_entropy_side": 8.631260871887207,
          "hz": 9876.909183162974
        },
        {
          "acoustic_entropy": 8.536696434020996,
          "acoustic_entropy_side": 8.631261825561523,
          "hz": 10813.587699516042
        },
        {
          "acoustic_entropy": 8.565534591674805,
          "acoustic_entropy_side": 8.631261825561523,
          "hz": 11833.21735289826
        },
        {
          "acoustic_entropy": 8.575194358825684,
          "acoustic_entropy_side": 8.631261825561523,
          "hz": 12943.144197493959
        },
        {
          "acoustic_entropy": 8.611310005187988,
          "acoustic_entropy_side": 8.631261825561523,
          "hz": 14151.364845322005
        },
        {
          "acoustic_entropy": 8.618987083435059,
          "acoustic_entropy_side": 8.631261825561523,
          "hz": 15466.58407886509
        },
        {
          "acoustic_entropy": 8.624616622924805,
          "acoustic_entropy_side": 8.631260871887207,
          "hz": 16898.27756580493
        },
        {
          "acoustic_entropy": 8.6306734085083,
          "acoustic_entropy_side": 8.631261825561523,
          "hz": 18456.760127700032
        },
        {
          "acoustic_entropy": 8.631247520446777,
          "acoustic_entropy_side": 8.631261825561523,
          "hz": 20153.260054456492
        },
        {
          "acoustic_entropy": 8.631261825561523,
          "acoustic_entropy_side": 8.631261825561523,
          "hz": 22000.00000000001
        }
      ],
      "diff_acoustic_entropy": 7.866061687469482,
      "sn": 6
    },
    {
      "acoustic_entropy": 13.177072525024414,
      "acoustic_entropy_mono": 13.176923751831055,
      "band_eliminated_acoustic_entropies": [
        {
          "acoustic_entropy": 12.831326484680176,
          "acoustic_entropy_side": 13.177072525024414,
          "hz": 129.47220167065723
        },
        {
          "acoustic_entropy": 12.90277099609375,
          "acoustic_entropy_side": 13.177072525024414,
          "hz": 202.92927478742237
        },
        {
          "acoustic_entropy": 13.58531379699707,
          "acoustic_entropy_side": 13.177072525024414,
          "hz": 282.89161906338205
        },
        {
          "acoustic_entropy": 12.331945419311523,
          "acoustic_entropy_side": 13.177072525024414,
          "hz": 369.9353335868758
        },
        {
          "acoustic_entropy": 13.062568664550781,
          "acoustic_entropy_side": 13.177072525024414,
          "hz": 464.6875360973435
        },
        {
          "acoustic_entropy": 13.146310806274414,
          "acoustic_entropy_side": 13.177072525024414,
          "hz": 567.8308811364784
        },
        {
          "acoustic_entropy": 12.65639591217041,
          "acoustic_entropy_side": 13.177072525024414,
          "hz": 680.1084783214808
        },
        {
          "acoustic_entropy": 12.319830894470215,
          "acoustic_entropy_side": 13.177072525024414,
          "hz": 802.3292461747484
        },
        {
          "acoustic_entropy": 12.989889144897461,
          "acoustic_entropy_side": 13.177072525024414,
          "hz": 935.3737400823702
        },
        {
          "acoustic_entropy": 12.941807746887207,
          "acoustic_entropy_side": 13.177072525024414,
          "hz": 1080.2004963696966
        },
        {
          "acoustic_entropy": 13.047780990600586,
          "acoustic_entropy_side": 13.177072525024414,
          "hz": 1237.8529382007157
        },
        {
          "acoustic_entropy": 12.585885047912598,
          "acoustic_entropy_side": 13.177072525024414,
          "hz": 1409.4668930556702
        },
        {
          "acoustic_entropy": 13.062420845031738,
          "acoustic_entropy_side": 13.177072525024414,
          "hz": 1596.2787759475705
        },
        {
          "acoustic_entropy": 13.216774940490723,
          "acoustic_entropy_side": 13.177072525024414,
          "hz": 1799.6344973346393
        },
        {
          "acoustic_entropy": 13.374354362487793,
          "acoustic_entropy_side": 13.177072525024414,
          "hz": 2020.9991599069049
        },
        {
          "acoustic_entropy": 13.261993408203125,
          "acoustic_entropy_side": 13.177072525024414,
          "hz": 2261.9676141086993
        },
        {
          "acoustic_entropy": 13.286091804504395,
          "acoustic_entropy_side": 13.177072525024414,
          "hz": 2524.2759484456974
        },
        {
          "acoustic_entropy": 13.207137107849121,
          "acoustic_entropy_side": 13.177072525024414,
          "hz": 2809.813997359896
        },
        {
          "acoustic_entropy": 13.609857559204102,
          "acoustic_entropy_side": 13.177072525024414,
          "hz": 3120.6389567871424
        },
        {
          "acoustic_entropy": 13.330107688903809,
          "acoustic_entropy_side": 13.177072525024414,
          "hz": 3458.990205492291
        },
        {
          "acoustic_entropy": 13.218096733093262,
          "acoustic_entropy_side": 13.177072525024414,
          "hz": 3827.305438964164
        },
        {
          "acoustic_entropy": 13.403448104858398,
          "acoustic_entropy_side": 13.177072525024414,
          "hz": 4228.238232109126
        },
        {
          "acoustic_entropy": 13.21503734588623,
          "acoustic_entropy_side": 13.177071571350098,
          "hz": 4664.6771572759235
        },
        {
          "acoustic_entropy": 13.276771545410156,
          "acoustic_entropy_side": 13.177069664001465,
          "hz": 5139.766595350093
        },
        {
          "acoustic_entropy": 13.26144790649414,
          "acoustic_entropy_side": 13.177069664001465,
          "hz": 5656.929389854203
        },
        {
          "acoustic_entropy": 13.156719207763672,
          "acoustic_entropy_side": 13.17706298828125,
          "hz": 6219.891507268283
        },
        {
          "acoustic_entropy": 13.285296440124512,
          "acoustic_entropy_side": 13.177063941955566,
          "hz": 6832.70888123896
        },
        {
          "acoustic_entropy": 13.160106658935547,
          "acoustic_entropy_side": 13.177061080932617,
          "hz": 7499.796634079867
        },
        {
          "acoustic_entropy": 13.183748245239258,
          "acoustic_entropy_side": 13.177058219909668,
          "hz": 8225.96088609342
        },
        {
          "acoustic_entropy": 13.17361831665039,
          "acoustic_entropy_side": 13.177047729492188,
          "hz": 9016.43338188839
        },
        {
          "acoustic_entropy": 13.228530883789062,
          "acoustic_entropy_side": 13.177031517028809,
          "hz": 9876.909183162974
        },
        {
          "acoustic_entropy": 13.31820011138916,
          "acoustic_entropy_side": 13.177040100097656,
          "hz": 10813.587699516042
        },
        {
          "acoustic_entropy": 13.289607048034668,
          "acoustic_entropy_side": 13.177040100097656,
          "hz": 11833.21735289826
        },
        {
          "acoustic_entropy": 13.331161499023438,
          "acoustic_entropy_side": 13.1770601272583,
          "hz": 12943.144197493959
        },
        {
          "acoustic_entropy": 13.322799682617188,
          "acoustic_entropy_side": 13.177066802978516,
          "hz": 14151.364845322005
        },
        {
          "acoustic_entropy": 13.341280937194824,
          "acoustic_entropy_side": 13.177069664001465,
          "hz": 15466.58407886509
        },
        {
          "acoustic_entropy": 13.274091720581055,
          "acoustic_entropy_side": 13.177071571350098,
          "hz": 16898.27756580493
        },
        {
          "acoustic_entropy": 13.188460350036621,
          "acoustic_entropy_side": 13.177071571350098,
          "hz": 18456.760127700032
        },
        {
          "acoustic_entropy": 13.17729663848877,
          "acoustic_entropy_side": 13.177072525024414,
          "hz": 20153.260054456492
        },
        {
          "acoustic_entropy": 13.177069664001465,
          "acoustic_entropy_side": 13.177072525024414,
          "hz": 22000.00000000001
        }
      ],
      "diff_acoustic_entropy": 12.105250358581543,
      "sn": 12
    },
    {
      "acoustic_entropy": 16.2416934967041,
      "acoustic_entropy_mono": 16.294893264770508,
      "band_eliminated_acoustic_entropies": [
        {
          "acoustic_entropy": 16.737728118896484,
          "acoustic_entropy_side": 16.2416934967041,
          "hz": 129.47220167065723
        },
        {
          "acoustic_entropy": 17.257226943969727,
          "acoustic_entropy_side": 16.2416934967041,
          "hz": 202.92927478742237
        },
        {
          "acoustic_entropy": 16.952674865722656,
          "acoustic_entropy_side": 16.2416934967041,
          "hz": 282.89161906338205
        },
        {
          "acoustic_entropy": 16.798294067382812,
          "acoustic_entropy_side": 16.2416934967041,
          "hz": 369.9353335868758
        },
        {
          "acoustic_entropy": 17.215539932250977,
          "acoustic_entropy_side": 16.241697311401367,
          "hz": 464.6875360973435
        },
        {
          "acoustic_entropy": 16.693706512451172,
          "acoustic_entropy_side": 16.241687774658203,
          "hz": 567.8308811364784
        },
        {
          "acoustic_entropy": 16.425518035888672,
          "acoustic_entropy_side": 16.241668701171875,
          "hz": 680.1084783214808
        },
        {
          "acoustic_entropy": 16.632112503051758,
          "acoustic_entropy_side": 16.241674423217773,
          "hz": 802.3292461747484
        },
        {
          "acoustic_entropy": 16.133317947387695,
          "acoustic_entropy_side": 16.241722106933594,
          "hz": 935.3737400823702
        },
        {
          "acoustic_entropy": 16.71047019958496,
          "acoustic_entropy_side": 16.24173355102539,
          "hz": 1080.2004963696966
        },
        {
          "acoustic_entropy": 16.545495986938477,
          "acoustic_entropy_side": 16.241703033447266,
          "hz": 1237.8529382007157
        },
        {
          "acoustic_entropy": 16.2972354888916,
          "acoustic_entropy_side": 16.241708755493164,
          "hz": 1409.4668930556702
        },
        {
          "acoustic_entropy": 15.864779472351074,
          "acoustic_entropy_side": 16.241662979125977,
          "hz": 1596.2787759475705
        },
        {
          "acoustic_entropy": 15.900716781616211,
          "acoustic_entropy_side": 16.24171257019043,
          "hz": 1799.6344973346393
        },
        {
          "acoustic_entropy": 15.778931617736816,
          "acoustic_entropy_side": 16.24170684814453,
          "hz": 2020.9991599069049
        },
        {
          "acoustic_entropy": 16.069496154785156,
          "acoustic_entropy_side": 16.241687774658203,
          "hz": 2261.9676141086993
        },
        {
          "acoustic_entropy": 16.38888931274414,
          "acoustic_entropy_side": 16.241701126098633,
          "hz": 2524.2759484456974
        },
        {
          "acoustic_entropy": 16.087507247924805,
          "acoustic_entropy_side": 16.241729736328125,
          "hz": 2809.813997359896
        },
        {
          "acoustic_entropy": 16.460472106933594,
          "acoustic_entropy_side": 16.24175453186035,
          "hz": 3120.6389567871424
        },
        {
