{
  "acoustic_entropy": 231.40985107421875,
  "bands": [
    {
      "high_freq": 148.1999969482422,
      "loudness": -17.330347061157227,
      "loudness_range": 17.083656311035156,
      "mid_mean": -13.70198917388916,
      "mid_to_side_loudness": -23.70245933532715,
      "mid_to_side_loudness_range": 35.62617874145508,
      "side_mean": -39.407989501953125
    },
    {
      "high_freq": 392.3793640136719,
      "loudness": -21.007129669189453,
      "loudness_range": 8.843839645385742,
      "low_freq": 148.1999969482422,
      "mid_mean": -18.452817916870117,
      "mid_to_side_loudness": -6.674060821533203,
      "mid_to_side_loudness_range": 12.740766525268555,
      "side_mean": -25.153684616088867
    },
    {
      "high_freq": 794.6976318359375,
      "loudness": -19.14242935180664,
      "loudness_range": 9.351408004760742,
      "low_freq": 392.3793640136719,
      "mid_mean": -16.812585830688477,
      "mid_to_side_loudness": -5.354834079742432,
      "mid_to_side_loudness_range": 11.398481369018555,
      "side_mean": -22.22378921508789
    },
    {
      "high_freq": 1457.5709228515625,
      "loudness": -22.877870559692383,
      "loudness_range": 14.534770011901855,
      "low_freq": 794.6976318359375,
      "mid_mean": -21.324514389038086,
      "mid_to_side_loudness": -2.8866379261016846,
      "mid_to_side_loudness_range": 10.834474563598633,
      "side_mean": -24.24717140197754
    },
    {
      "high_freq": 2549.74365234375,
      "loudness": -23.894041061401367,
      "loudness_range": 11.487894058227539,
      "low_freq": 1457.5709228515625,
      "mid_mean": -22.21944236755371,
      "mid_to_side_loudness": -3.1358797550201416,
      "mid_to_side_loudness_range": 10.019124984741211,
      "side_mean": -25.391157150268555
    },
    {
      "high_freq": 4349.24462890625,
      "loudness": -24.05550193786621,
      "loudness_range": 13.504983901977539,
      "low_freq": 2549.74365234375,
      "mid_mean": -21.95607566833496,
      "mid_to_side_loudness": -5.077507019042969,
      "mid_to_side_loudness_range": 13.985965728759766,
      "side_mean": -27.13676643371582
    },
    {
      "high_freq": 7314.1640625,
      "loudness": -26.32421875,
      "loudness_range": 15.929187774658203,
      "low_freq": 4349.24462890625,
      "mid_mean": -24.347782135009766,
      "mid_to_side_loudness": -4.5992231369018555,
      "mid_to_side_loudness_range": 13.742396354675293,
      "side_mean": -29.02048683166504
    },
    {
      "high_freq": 12199.2666015625,
      "loudness": -27.13018226623535,
      "loudness_range": 19.20818328857422,
      "low_freq": 7314.1640625,
      "mid_mean": -24.928640365600586,
      "mid_to_side_loudness": -5.505845069885254,
      "mid_to_side_loudness_range": 14.103078842163086,
      "side_mean": -30.584228515625
    },
    {
      "loudness": -31.202672958374023,
      "loudness_range": 18.017349243164062,
      "low_freq": 12199.2666015625,
      "mid_mean": -29.05759620666504,
      "mid_to_side_loudness": -5.345685005187988,
      "mid_to_side_loudness_range": 12.585262298583984,
      "side_mean": -34.33745193481445
    }
  ],
  "bands_short": [
    {
      "high_freq": 148.1999969482422,
      "loudness": -18.972021102905273,
      "loudness_range": 21.841508865356445,
      "mid_mean": -15.2314453125,
      "mid_to_side_loudness": -24.316606521606445,
      "mid_to_side_loudness_range": 39.81843566894531,
      "side_mean": -42.98855972290039
    },
    {
      "high_freq": 392.3793640136719,
      "loudness": -22.270069122314453,
      "loudness_range": 15.613057136535645,
      "low_freq": 148.1999969482422,
      "mid_mean": -20.067760467529297,
      "mid_to_side_loudness": -6.608440399169922,
      "mid_to_side_loudness_range": 18.23366928100586,
      "side_mean": -26.80641746520996
    },
    {
      "high_freq": 794.6976318359375,
      "loudness": -19.932538986206055,
      "loudness_range": 11.200684547424316,
      "low_freq": 392.3793640136719,
      "mid_mean": -17.89809799194336,
      "mid_to_side_loudness": -4.968649387359619,
      "mid_to_side_loudness_range": 14.42529010772705,
      "side_mean": -22.987455368041992
    },
    {
      "high_freq": 1457.5709228515625,
      "loudness": -22.9672794342041,
      "loudness_range": 18.009597778320312,
      "low_freq": 794.6976318359375,
      "mid_mean": -21.613479614257812,
      "mid_to_side_loudness": -3.0025088787078857,
      "mid_to_side_loudness_range": 14.80770492553711,
      "side_mean": -24.72804069519043
    },
    {
      "high_freq": 2549.74365234375,
      "loudness": -25.082796096801758,
      "loudness_range": 15.404056549072266,
      "low_freq": 1457.5709228515625,
      "mid_mean": -23.596004486083984,
      "mid_to_side_loudness": -3.0343167781829834,
      "mid_to_side_loudness_range": 12.85477066040039,
      "side_mean": -26.70846176147461
    },
    {
      "high_freq": 4349.24462890625,
      "loudness": -25.33840560913086,
      "loudness_range": 17.121723175048828,
      "low_freq": 2549.74365234375,
      "mid_mean": -23.41777801513672,
      "mid_to_side_loudness": -4.894055366516113,
      "mid_to_side_loudness_range": 16.48424530029297,
      "side_mean": -28.5566349029541
    },
    {
      "high_freq": 7314.1640625,
      "loudness": -27.854475021362305,
      "loudness_range": 19.557064056396484,
      "low_freq": 4349.24462890625,
      "mid_mean": -25.889354705810547,
      "mid_to_side_loudness": -4.957454204559326,
      "mid_to_side_loudness_range": 17.243160247802734,
      "side_mean": -31.47966766357422
    },
    {
      "high_freq": 12199.2666015625,
      "loudness": -29.319931030273438,
      "loudness_range": 21.329618453979492,
      "low_freq": 7314.1640625,
      "mid_mean": -27.230253219604492,
      "mid_to_side_loudness": -5.236664772033691,
      "mid_to_side_loudness_range": 16.874006271362305,
      "side_mean": -33.290279388427734
    },
    {
      "loudness": -34.5143928527832,
      "loudness_range": 24.595430374145508,
      "low_freq": 12199.2666015625,
      "mid_mean": -32.69684600830078,
      "mid_to_side_loudness": -4.321407318115234,
      "mid_to_side_loudness_range": 14.3167085647583,
      "side_mean": -37.49074172973633
    }
  ],
  "bandwidth": 493.31744384765625,
  "channels": 2,
  "covariance": [
    [
      48.78438186645508,
      -9.347039222717285,
      13.007654190063477,
      -1.8959195613861084,
      -1.9482618570327759,
      1.4051066637039185,
      6.289051532745361,
      2.4573371410369873,
      7.304781913757324,
      5.2350335121154785,
      12.150359153747559,
      5.8263373374938965,
      19.85468292236328,
      12.156089782714844,
      25.9227294921875,
      14.705428123474121,
      27.966806411743164,
      13.885307312011719
    ],
    [
      -9.347039222717285,
      48.15071487426758,
      2.616194725036621,
      10.882905006408691,
      -3.437364101409912,
      0.8840560913085938,
      -0.50430828332901,
      2.6839208602905273,
      -0.4967947006225586,
      3.544246196746826,
      -0.22901374101638794,
      2.441779613494873,
      -0.44336268305778503,
      2.074951410293579,
      0.3478516936302185,
      1.0222946405410767,
      -2.1582632064819336,
      -1.0875813961029053
    ],
    [
      13.007654190063477,
      2.616194725036621,
      14.39372730255127,
      4.91761589050293,
      0.08889958262443542,
      1.4127697944641113,
      2.907209873199463,
      0.7501235604286194,
      3.447521209716797,
      2.79073166847229,
      9.361684799194336,
      3.8648314476013184,
      13.121521949768066,
      6.431602478027344,
      15.626249313354492,
      7.279679775238037,
      14.378127098083496,
      5.180817604064941
    ],
    [
      -1.8959195613861084,
      10.882905006408691,
      4.91761589050293,
      15.49321174621582,
      0.46276238560676575,
      4.6782546043396,
      1.384697437286377,
      3.2897377014160156,
      1.8133121728897095,
      4.069225788116455,
      5.440374851226807,
      6.41774845123291,
      5.303515434265137,
      4.280564308166504,
      6.515026569366455,
      4.460644245147705,
      4.7202863693237305,
      2.5717990398406982
    ],
    [
      -1.9482618570327759,
      -3.437364101409912,
      0.08889958262443542,
      0.46276238560676575,
      14.302361488342285,
      5.593250274658203,
      10.180994987487793,
      6.133984565734863,
      7.453183650970459,
      3.002746820449829,
      8.98586368560791,
      3.535295009613037,
      5.791969299316406,
      2.4730312824249268,
      4.910578727722168,
      2.1919991970062256,
      3.8239338397979736,
      1.633279800415039
    ],
    [
      1.4051066637039185,
      0.8840560913085938,
      1.4127697944641113,
      4.6782546043396,
      5.593250274658203,
      13.399004936218262,
      6.303040981292725,
      8.52228832244873,
      5.2290191650390625,
      7.759366512298584,
      5.871650695800781,
      9.135913848876953,
      5.87063455581665,
      8.647175788879395,
      6.89646053314209,
      8.937752723693848,
      6.666403293609619,
      7.178769111633301
    ],
    [
      6.289051532745361,
      -0.50430828332901,
      2.907209873199463,
      1.384697437286377,
      10.180994987487793,
      6.303040981292725,
      31.499553680419922,
      18.544076919555664,
      19.34946632385254,
      11.039196014404297,
      15.23544979095459,
      6.29517126083374,
      12.34788703918457,
      6.399056911468506,
      14.431377410888672,
      6.749528884887695,
      14.97549057006836,
      5.921673774719238
    ],
    [
      2.4573371410369873,
      2.6839208602905273,
      0.7501235604286194,
      3.2897377014160156,
      6.133984565734863,
      8.52228832244873,
      18.544076919555664,
      21.671546936035156,
      11.665746688842773,
      13.613808631896973,
      9.706387519836426,
      11.710247039794922,
      8.975768089294434,
      11.653756141662598,
      10.745187759399414,
      10.870085716247559,
      13.010025978088379,
      10.212512016296387
    ],
    [
      7.304781913757324,
      -0.4967947006225586,
      3.447521209716797,
      1.8133121728897095,
      7.453183650970459,
      5.2290191650390625,
      19.34946632385254,
      11.665746688842773,
      21.369428634643555,
      10.922656059265137,
      17.805330276489258,
      7.886042594909668,
      15.14717960357666,
      7.76719856262207,
      14.992266654968262,
      7.894847869873047,
      14.709528923034668,
      6.799654006958008
    ],
    [
      5.2350335121154785,
      3.544246196746826,
      2.79073166847229,
      4.069225788116455,
      3.002746820449829,
      7.759366512298584,
      11.039196014404297,
      13.613808631896973,
      10.922656059265137,
      16.917461395263672,
      8.886557579040527,
      13.690653800964355,
      10.318513870239258,
      15.379343032836914,
      13.313825607299805,
      13.756965637207031,
      16.17825698852539,
      13.239386558532715
    ],
    [
      12.150359153747559,
      -0.22901374101638794,
      9.361684799194336,
      5.440374851226807,
      8.98586368560791,
      5.871650695800781,
      15.23544979095459,
      9.706387519836426,
      17.805330276489258,
      8.886557579040527,
      32.76950454711914,
      13.570361137390137,
      29.789588928222656,
      13.874166488647461,
      28.847442626953125,
      14.360403060913086,
      25.685314178466797,
      10.907400131225586
    ],
    [
      5.8263373374938965,
      2.441779613494873,
      3.8648314476013184,
      6.41774845123291,
      3.535295009613037,
      9.135913848876953,
      6.29517126083374,
      11.710247039794922,
      7.886042594909668,
      13.690653800964355,
      13.570361137390137,
      20.097169876098633,
      15.07355785369873,
      20.41287612915039,
      16.777814865112305,
      18.37791633605957,
      18.852294921875,
      16.784610748291016
    ],
    [
      19.85468292236328,
      -0.44336268305778503,
      13.121521949768066,
      5.303515434265137,
      5.791969299316406,
      5.87063455581665,
      12.34788703918457,
      8.975768089294434,
      15.14717960357666,
      10.318513870239258,
      29.789588928222656,
      15.07355785369873,
      39.69386672973633,
      20.43396759033203,
      41.72636795043945,
      21.736698150634766,
      38.58074188232422,
      17.400959014892578
    ],
    [
      12.156089782714844,
      2.074951410293579,
      6.431602478027344,
      4.280564308166504,
      2.4730312824249268,
      8.647175788879395,
      6.399056911468506,
      11.653756141662598,
      7.76719856262207,
      15.379343032836914,
      13.874166488647461,
      20.41287612915039,
      20.43396759033203,
      28.885940551757812,
      24.16586685180664,
      26.016307830810547,
      28.869661331176758,
      24.32756233215332
    ],
    [
      25.9227294921875,
      0.3478516936302185,
      15.626249313354492,
      6.515026569366455,
      4.910578727722168,
      6.89646053314209,
      14.431377410888672,
      10.745187759399414,
      14.992266654968262,
      13.313825607299805,
      28.847442626953125,
      16.777814865112305,
      41.72636795043945,
      24.16586685180664,
      57.58837127685547,
      31.07752227783203,
      52.51650619506836,
      24.505613327026367
    ],
    [
      14.705428123474121,
      1.0222946405410767,
      7.279679775238037,
      4.460644245147705,
      2.1919991970062256,
      8.937752723693848,
      6.749528884887695,
      10.870085716247559,
      7.894847869873047,
      13.756965637207031,
      14.360403060913086,
      18.37791633605957,
      21.736698150634766,
      26.016307830810547,
      31.07752227783203,
      33.10765838623047,
      33.05031967163086,
      27.828256607055664
    ],
    [
      27.966806411743164,
      -2.1582632064819336,
      14.378127098083496,
      4.7202863693237305,
      3.8239338397979736,
      6.666403293609619,
      14.97549057006836,
      13.010025978088379,
      14.709528923034668,
      16.17825698852539,
      25.685314178466797,
      18.852294921875,
      38.58074188232422,
      28.869661331176758,
      52.51650619506836,
      33.05031967163086,
      60.4594612121582,
      33.522220611572266
    ],
    [
      13.885307312011719,
      -1.0875813961029053,
      5.180817604064941,
      2.5717990398406982,
      1.633279800415039,
      7.178769111633301,
      5.921673774719238,
      10.212512016296387,
      6.799654006958008,
      13.239386558532715,
      10.907400131225586,
      16.784610748291016,
      17.400959014892578,
      24.32756233215332,
      24.505613327026367,
      27.828256607055664,
      33.522220611572266,
      32.16151428222656
    ]
  ],
  "covariance_short": [
    [
      62.51665115356445,
      -10.993474006652832,
      12.281696319580078,
      -5.120880126953125,
      -3.3530681133270264,
      -0.5573176741600037,
      5.201619625091553,
      1.9999582767486572,
      6.365223407745361,
      4.132018566131592,
      11.774249076843262,
      5.796489238739014,
      15.078166961669922,
      11.428753852844238,
      16.338733673095703,
      11.802909851074219,
      15.182666778564453,
      9.730664253234863
    ],
    [
      -10.993474006652832,
      58.81819152832031,
      3.211591958999634,
      13.122150421142578,
      -2.173906087875366,
      1.5641721487045288,
      0.18089398741722107,
      2.524376153945923,
      0.6023095846176147,
      3.963681697845459,
      0.16543059051036835,
      1.5167803764343262,
      0.5711910724639893,
      1.0742690563201904,
      1.0899244546890259,
      0.4864453971385956,
      -0.9203751087188721,
      -0.17672234773635864
    ],
    [
      12.281696319580078,
      3.211591958999634,
      37.04045104980469,
      6.97007417678833,
      0.849609911441803,
      3.387035846710205,
      3.5370893478393555,
      3.8157780170440674,
      5.098947048187256,
      7.488071441650391,
      10.437346458435059,
      7.989923477172852,
      16.28514862060547,
      13.360223770141602,
      19.49930191040039,
      13.021919250488281,
      21.05153465270996,
      12.549551963806152
    ],
    [
      -5.120880126953125,
      13.122150421142578,
      6.97007417678833,
      23.264982223510742,
      1.7273839712142944,
      7.711498260498047,
      2.9779536724090576,
      5.841568946838379,
      2.9997706413269043,
      7.177426815032959,
      5.465421199798584,
      8.579621315002441,
      5.662939071655273,
      7.649397373199463,
      5.539231300354004,
      5.721872806549072,
      3.8899571895599365,
      3.9701573848724365
    ],
    [
      -3.3530681133270264,
      -2.173906087875366,
      0.849609911441803,
      1.7273839712142944,
      21.808610916137695,
      7.032474994659424,
      13.78203010559082,
      8.219423294067383,
      10.553459167480469,
      5.150435924530029,
      11.970839500427246,
      5.967592716217041,
      8.558589935302734,
      4.578580856323242,
      4.826930999755859,
      3.25986909866333,
      3.4864354133605957,
      2.5543534755706787
    ],
    [
      -0.5573176741600037,
      1.5641721487045288,
      3.387035846710205,
      7.711498260498047,
      7.032474994659424,
      19.760366439819336,
      7.509631156921387,
      10.255922317504883,
      7.331467151641846,
      10.43660831451416,
      7.552164554595947,
      12.099715232849121,
      7.646293640136719,
      11.050814628601074,
      7.167288303375244,
      10.234954833984375,
      6.306736469268799,
      9.10240650177002
    ],
    [
      5.201619625091553,
      0.18089398741722107,
      3.5370893478393555,
      2.9779536724090576,
      13.78203010559082,
      7.509631156921387,
      50.08975601196289,
      27.544570922851562,
      30.053146362304688,
      18.538909912109375,
      26.61726188659668,
      13.22590446472168,
      19.23830795288086,
      12.23843765258789,
      15.55163288116455,
      10.354321479797363,
      13.14632511138916,
      8.502518653869629
    ],
    [
      1.9999582767486572,
      2.524376153945923,
      3.8157780170440674,
      5.841568946838379,
      8.219423294067383,
      10.255922317504883,
      27.544570922851562,
      34.90146255493164,
      20.185867309570312,
      23.54241943359375,
      17.344114303588867,
      20.79806137084961,
      15.045989036560059,
      21.618545532226562,
      13.972733497619629,
      19.114948272705078,
      15.803271293640137,
      18.810937881469727
    ],
    [
      6.365223407745361,
      0.6023095846176147,
      5.098947048187256,
      2.9997706413269043,
      10.553459167480469,
      7.331467151641846,
      30.053146362304688,
      20.185867309570312,
      35.87532424926758,
      21.880250930786133,
      27.266056060791016,
      16.929611206054688,
      22.09528160095215,
      16.961484909057617,
      17.829023361206055,
      13.698077201843262,
      16.430797576904297,
      11.974690437316895
    ],
    [
      4.132018566131592,
      3.963681697845459,
      7.488071441650391,
      7.177426815032959,
      5.150435924530029,
      10.43660831451416,
      18.538909912109375,
      23.54241943359375,
      21.880250930786133,
      32.610572814941406,
      17.117515563964844,
      25.276763916015625,
      17.355409622192383,
      27.966047286987305,
      17.708776473999023,
      23.46157455444336,
      21.41215705871582,
      23.6934757232666
    ],
    [
      11.774249076843262,
      0.16543059051036835,
      10.437346458435059,
      5.465421199798584,
      11.970839500427246,
      7.552164554595947,
      26.61726188659668,
      17.344114303588867,
      27.266056060791016,
      17.117515563964844,
      47.3242301940918,
      23.94477653503418,
      40.73931121826172,
      26.046567916870117,
      31.847919464111328,
      20.194639205932617,
      26.429487228393555,
      16.06989288330078
    ],
    [
      5.796489238739014,
      1.5167803764343262,
      7.989923477172852,
      8.579621315002441,
      5.967592716217041,
      12.099715232849121,
      13.22590446472168,
      20.79806137084961,
      16.929611206054688,
      25.276763916015625,
      23.94477653503418,
      37.172576904296875,
      25.099727630615234,
      39.95134353637695,
      22.70176887512207,
      32.778263092041016,
      26.09783935546875,
      30.796207427978516
    ],
    [
      15.078166961669922,
      0.5711910724639893,
      16.28514862060547,
      5.662939071655273,
      8.558589935302734,
      7.646293640136719,
      19.23830795288086,
      15.045989036560059,
      22.09528160095215,
      17.355409622192383,
      40.73931121826172,
      25.099727630615234,
      58.967533111572266,
      36.263282775878906,
      50.4305419921875,
      34.1496467590332,
      44.80704879760742,
      27.529159545898438
    ],
    [
      11.428753852844238,
      1.0742690563201904,
      13.360223770141602,
      7.649397373199463,
      4.578580856323242,
      11.050814628601074,
      12.23843765258789,
      21.618545532226562,
      16.961484909057617,
      27.966047286987305,
      26.046567916870117,
      39.95134353637695,
      36.263282775878906,
      59.85915756225586,
      35.60525894165039,
      51.03800582885742,
      41.41655349731445,
      47.30081558227539
    ],
    [
      16.338733673095703,
      1.0899244546890259,
      19.49930191040039,
      5.539231300354004,
      4.826930999755859,
      7.167288303375244,
      15.55163288116455,
      13.972733497619629,
      17.829023361206055,
      17.708776473999023,
      31.847919464111328,
      22.70176887512207,
      50.4305419921875,
      35.60525894165039,
      70.57525634765625,
      43.91603469848633,
      60.50727462768555,
      35.09788513183594
    ],
    [
      11.802909851074219,
      0.4864453971385956,
      13.021919250488281,
      5.721872806549072,
      3.25986909866333,
      10.234954833984375,
      10.354321479797363,
      19.114948272705078,
      13.698077201843262,
      23.46157455444336,
      20.194639205932617,
      32.778263092041016,
      34.1496467590332,
      51.03800582885742,
      43.91603469848633,
      63.931514739990234,
      47.280155181884766,
      54.552978515625
    ],
    [
      15.182666778564453,
      -0.9203751087188721,
      21.05153465270996,
      3.8899571895599365,
      3.4864354133605957,
      6.306736469268799,
      13.14632511138916,
      15.803271293640137,
      16.430797576904297,
      21.41215705871582,
      26.429487228393555,
      26.09783935546875,
      44.80704879760742,
      41.41655349731445,
      60.50727462768555,
      47.280155181884766,
      72.93628692626953,
      48.84935760498047
    ],
    [
      9.730664253234863,
      -0.17672234773635864,
      12.549551963806152,
      3.9701573848724365,
      2.5543534755706787,
      9.10240650177002,
      8.502518653869629,
      18.810937881469727,
      11.974690437316895,
      23.6934757232666,
      16.06989288330078,
      30.796207427978516,
      27.529159545898438,
      47.30081558227539,
      35.09788513183594,
      54.552978515625,
      48.84935760498047,
      64.67102813720703
    ]
  ],
  "damage": -1.9824950695037842,
  "diff_bandwidth": 521.566162109375,
  "dissonance": 9.175964723957993,
  "drr": 6.432276725769043,
  "dynamics": 2.756667137145996,
  "format": 1245190,
  "frames": 10790912,
  "loudness": -8.097158432006836,
  "loudness_range": 7.226105213165283,
  "loudness_range_short": 8.832460403442383,
  "lowpass_true_peak_15khz": 1.6433515548706055,
  "mastering3_acoustic_entropies": [
    {
      "acoustic_entropy": 9.096149444580078,
      "acoustic_entropy_mono": 9.906184196472168,
      "band_eliminated_acoustic_entropies": [
        {
          "acoustic_entropy": 9.171712875366211,
          "acoustic_entropy_side": 9.096305847167969,
          "hz": 129.47220167065723
        },
        {
          "acoustic_entropy": 9.147810935974121,
          "acoustic_entropy_side": 9.106837272644043,
          "hz": 202.92927478742237
        },
        {
          "acoustic_entropy": 9.130990028381348,
          "acoustic_entropy_side": 9.120640754699707,
          "hz": 282.89161906338205
        },
        {
          "acoustic_entropy": 9.287788391113281,
          "acoustic_entropy_side": 9.116978645324707,
          "hz": 369.9353335868758
        },
        {
          "acoustic_entropy": 8.95712661743164,
          "acoustic_entropy_side": 9.142058372497559,
          "hz": 464.6875360973435
        },
        {
          "acoustic_entropy": 9.685627937316895,
          "acoustic_entropy_side": 9.0047607421875,
          "hz": 567.8308811364784
        },
        {
          "acoustic_entropy": 7.957520961761475,
          "acoustic_entropy_side": 8.879718780517578,
          "hz": 680.1084783214808
        },
        {
          "acoustic_entropy": 9.960119247436523,
          "acoustic_entropy_side": 9.070274353027344,
          "hz": 802.3292461747484
        },
        {
          "acoustic_entropy": 8.964932441711426,
          "acoustic_entropy_side": 8.997054100036621,
          "hz": 935.3737400823702
        },
        {
          "acoustic_entropy": 8.773204803466797,
          "acoustic_entropy_side": 9.288302421569824,
          "hz": 1080.2004963696966
        },
        {
          "acoustic_entropy": 8.757428169250488,
          "acoustic_entropy_side": 9.164382934570312,
          "hz": 1237.8529382007157
        },
        {
          "acoustic_entropy": 8.530051231384277,
          "acoustic_entropy_side": 9.009900093078613,
          "hz": 1409.4668930556702
        },
        {
          "acoustic_entropy": 9.406625747680664,
          "acoustic_entropy_side": 9.20627212524414,
          "hz": 1596.2787759475705
        },
        {
          "acoustic_entropy": 9.280455589294434,
          "acoustic_entropy_side": 9.152009963989258,
          "hz": 1799.6344973346393
        },
        {
          "acoustic_entropy": 9.201590538024902,
          "acoustic_entropy_side": 9.471022605895996,
          "hz": 2020.9991599069049
        },
        {
          "acoustic_entropy": 9.051477432250977,
          "acoustic_entropy_side": 9.165303230285645,
          "hz": 2261.9676141086993
        },
        {
          "acoustic_entropy": 8.956390380859375,
          "acoustic_entropy_side": 9.129359245300293,
          "hz": 2524.2759484456974
        },
        {
          "acoustic_entropy": 9.30988883972168,
          "acoustic_entropy_side": 9.17780876159668,
          "hz": 2809.813997359896
        },
        {
          "acoustic_entropy": 9.170061111450195,
          "acoustic_entropy_side": 9.157256126403809,
          "hz": 3120.6389567871424
        },
        {
          "acoustic_entropy": 9.1458740234375,
          "acoustic_entropy_side": 9.209953308105469,
          "hz": 3458.990205492291
        },
        {
          "acoustic_entropy": 8.891875267028809,
          "acoustic_entropy_side": 9.13209056854248,
          "hz": 3827.305438964164
        },
        {
          "acoustic_entropy": 9.090434074401855,
          "acoustic_entropy_side": 9.176240921020508,
          "hz": 4228.238232109126
        },
        {
          "acoustic_entropy": 9.199055671691895,
          "acoustic_entropy_side": 9.16163444519043,
          "hz": 4664.6771572759235
        },
        {
          "acoustic_entropy": 9.330656051635742,
          "acoustic_entropy_side": 9.174595832824707,
          "hz": 5139.766595350093
        },
        {
          "acoustic_entropy": 9.157310485839844,
          "acoustic_entropy_side": 9.137480735778809,
          "hz": 5656.929389854203
        },
        {
          "acoustic_entropy": 9.228693962097168,
          "acoustic_entropy_side": 9.120807647705078,
          "hz": 6219.891507268283
        },
        {
          "acoustic_entropy": 9.319029808044434,
          "acoustic_entropy_side": 9.106917381286621,
          "hz": 6832.70888123896
        },
        {
          "acoustic_entropy": 9.022528648376465,
          "acoustic_entropy_side": 9.075180053710938,
          "hz": 7499.796634079867
        },
        {
          "acoustic_entropy": 9.150279998779297,
          "acoustic_entropy_side": 9.023807525634766,
          "hz": 8225.96088609342
        },
        {
          "acoustic_entropy": 8.765777587890625,
          "acoustic_entropy_side": 8.980560302734375,
          "hz": 9016.43338188839
        },
        {
          "acoustic_entropy": 8.458172798156738,
          "acoustic_entropy_side": 8.943023681640625,
          "hz": 9876.909183162974
        },
        {
          "acoustic_entropy": 9.079024314880371,
          "acoustic_entropy_side": 9.024758338928223,
          "hz": 10813.587699516042
        },
        {
          "acoustic_entropy": 9.107443809509277,
          "acoustic_entropy_side": 9.065652847290039,
          "hz": 11833.21735289826
        },
        {
          "acoustic_entropy": 9.234216690063477,
          "acoustic_entropy_side": 9.112452507019043,
          "hz": 12943.144197493959
        },
        {
          "acoustic_entropy": 9.192455291748047,
          "acoustic_entropy_side": 9.1258544921875,
          "hz": 14151.364845322005
        },
        {
          "acoustic_entropy": 9.044343948364258,
          "acoustic_entropy_side": 9.107514381408691,
          "hz": 15466.58407886509
        },
        {
          "acoustic_entropy": 8.929265022277832,
          "acoustic_entropy_side": 9.070762634277344,
          "hz": 16898.27756580493
        },
        {
          "acoustic_entropy": 8.895842552185059,
          "acoustic_entropy_side": 9.073786735534668,
          "hz": 18456.760127700032
        },
        {
          "acoustic_entropy": 8.819334030151367,
          "acoustic_entropy_side": 9.08014965057373,
          "hz": 20153.260054456492
        },
        {
          "acoustic_entropy": 9.03877067565918,
          "acoustic_entropy_side": 9.094887733459473,
          "hz": 22000.00000000001
        }
      ],
      "diff_acoustic_entropy": 9.145917892456055,
      "sn": 6
    },
    {
      "acoustic_entropy": 14.428155899047852,
      "acoustic_entropy_mono": 14.624442100524902,
      "band_eliminated_acoustic_entropies": [
        {
          "acoustic_entropy": 13.671133995056152,
          "acoustic_entropy_side": 14.429830551147461,
          "hz": 129.47220167065723
        },
        {
          "acoustic_entropy": 14.41662883758545,
          "acoustic_entropy_side": 14.538507461547852,
          "hz": 202.92927478742237
        },
        {
          "acoustic_entropy": 14.613302230834961,
          "acoustic_entropy_side": 14.536249160766602,
          "hz": 282.89161906338205
        },
        {
          "acoustic_entropy": 14.258423805236816,
          "acoustic_entropy_side": 14.340506553649902,
          "hz": 369.9353335868758
        },
        {
          "acoustic_entropy": 14.14798641204834,
          "acoustic_entropy_side": 14.484369277954102,
          "hz": 464.6875360973435
        },
        {
          "acoustic_entropy": 14.675148010253906,
          "acoustic_entropy_side": 14.061762809753418,
          "hz": 567.8308811364784
        },
        {
          "acoustic_entropy": 14.301024436950684,
          "acoustic_entropy_side": 14.604438781738281,
          "hz": 680.1084783214808
        },
        {
          "acoustic_entropy": 14.184617042541504,
          "acoustic_entropy_side": 14.342486381530762,
          "hz": 802.3292461747484
        },
        {
          "acoustic_entropy": 14.098567962646484,
          "acoustic_entropy_side": 14.288044929504395,
          "hz": 935.3737400823702
        },
        {
          "acoustic_entropy": 14.584627151489258,
          "acoustic_entropy_side": 14.748771667480469,
          "hz": 1080.2004963696966
        },
        {
          "acoustic_entropy": 13.38893985748291,
          "acoustic_entropy_side": 14.188671112060547,
          "hz": 1237.8529382007157
        },
        {
          "acoustic_entropy": 13.868463516235352,
          "acoustic_entropy_side": 14.325901985168457,
          "hz": 1409.4668930556702
        },
        {
          "acoustic_entropy": 14.667440414428711,
          "acoustic_entropy_side": 14.531417846679688,
          "hz": 1596.2787759475705
        },
        {
          "acoustic_entropy": 14.901273727416992,
          "acoustic_entropy_side": 14.708168983459473,
          "hz": 1799.6344973346393
        },
        {
          "acoustic_entropy": 13.982985496520996,
          "acoustic_entropy_side": 14.43471908569336,
          "hz": 2020.9991599069049
        },
        {
          "acoustic_entropy": 14.779367446899414,
          "acoustic_entropy_side": 15.031646728515625,
          "hz": 2261.9676141086993
        },
        {
          "acoustic_entropy": 14.10326099395752,
          "acoustic_entropy_side": 14.57266616821289,
          "hz": 2524.2759484456974
        },
        {
          "acoustic_entropy": 14.193578720092773,
          "acoustic_entropy_side": 14.31671142578125,
          "hz": 2809.813997359896
        },
        {
          "acoustic_entropy": 14.29906940460205,
          "acoustic_entropy_side": 14.467670440673828,
          "hz": 3120.6389567871424
        },
        {
          "acoustic_entropy": 14.275870323181152,
          "acoustic_entropy_side": 14.432541847229004,
          "hz": 3458.990205492291
        },
        {
          "acoustic_entropy": 14.468083381652832,
          "acoustic_entropy_side": 14.580545425415039,
          "hz": 3827.305438964164
        },
        {
          "acoustic_entropy": 14.452539443969727,
          "acoustic_entropy_side": 14.322162628173828,
          "hz": 4228.238232109126
        },
        {
          "acoustic_entropy": 13.979093551635742,
          "acoustic_entropy_side": 14.34223747253418,
          "hz": 4664.6771572759235
        },
        {
          "acoustic_entropy": 14.065013885498047,
          "acoustic_entropy_side": 14.282196998596191,
          "hz": 5139.766595350093
        },
        {
          "acoustic_entropy": 14.62004566192627,
          "acoustic_entropy_side": 14.383700370788574,
          "hz": 5656.929389854203
        },
        {
          "acoustic_entropy": 14.224344253540039,
          "acoustic_entropy_side": 14.357108116149902,
          "hz": 6219.891507268283
        },
        {
          "acoustic_entropy": 14.146700859069824,
          "acoustic_entropy_side": 14.402807235717773,
          "hz": 6832.70888123896
        },
        {
          "acoustic_entropy": 14.349183082580566,
          "acoustic_entropy_side": 14.3991117477417,
          "hz": 7499.796634079867
        },
        {
          "acoustic_entropy": 14.517664909362793,
          "acoustic_entropy_side": 14.400293350219727,
          "hz": 8225.96088609342
        },
        {
          "acoustic_entropy": 14.388959884643555,
          "acoustic_entropy_side": 14.336483001708984,
          "hz": 9016.43338188839
        },
        {
          "acoustic_entropy": 14.265917778015137,
          "acoustic_entropy_side": 14.243846893310547,
          "hz": 9876.909183162974
        },
        {
          "acoustic_entropy": 14.606765747070312,
          "acoustic_entropy_side": 14.230491638183594,
          "hz": 10813.587699516042
        },
        {
          "acoustic_entropy": 14.14551067352295,
          "acoustic_entropy_side": 14.141321182250977,
          "hz": 11833.21735289826
        },
        {
          "acoustic_entropy": 14.425702095031738,
          "acoustic_entropy_side": 14.40185546875,
          "hz": 12943.144197493959
        },
        {
          "acoustic_entropy": 14.53051471710205,
          "acoustic_entropy_side": 14.485992431640625,
          "hz": 14151.364845322005
        },
        {
          "acoustic_entropy": 14.121866226196289,
          "acoustic_entropy_side": 14.493861198425293,
          "hz": 15466.58407886509
        },
        {
          "acoustic_entropy": 14.448010444641113,
          "acoustic_entropy_side": 14.487669944763184,
          "hz": 16898.27756580493
        },
        {
          "acoustic_entropy": 14.492414474487305,
          "acoustic_entropy_side": 14.465492248535156,
          "hz": 18456.760127700032
        },
        {
          "acoustic_entropy": 14.671091079711914,
          "acoustic_entropy_side": 14.455227851867676,
          "hz": 20153.260054456492
        },
        {
          "acoustic_entropy": 14.39689826965332,
          "acoustic_entropy_side": 14.436080932617188,
          "hz": 22000.00000000001
        }
      ],
      "diff_acoustic_entropy": 14.773531913757324,
      "sn": 12
    },
    {
      "acoustic_entropy": 23.32207489013672,
      "acoustic_entropy_mono": 20.716737747192383,
      "band_eliminated_acoustic_entropies": [
        {
          "acoustic_entropy": 21.829811096191406,
          "acoustic_entropy_side": 23.23897361755371,
          "hz": 129.47220167065723
        },
        {
          "acoustic_entropy": 22.762685775756836,
          "acoustic_entropy_side": 22.739450454711914,
          "hz": 202.92927478742237
        },
        {
          "acoustic_entropy": 22.47684669494629,
          "acoustic_entropy_side": 23.114049911499023,
          "hz": 282.89161906338205
        },
        {
          "acoustic_entropy": 23.360628128051758,
          "acoustic_entropy_side": 23.116188049316406,
          "hz": 369.9353335868758
        },
        {
          "acoustic_entropy": 22.877845764160156,
          "acoustic_entropy_side": 22.339189529418945,
          "hz": 464.6875360973435
        },
        {
          "acoustic_entropy": 24.043947219848633,
          "acoustic_entropy_side": 23.296199798583984,
          "hz": 567.8308811364784
        },
        {
          "acoustic_entropy": 22.633991241455078,
          "acoustic_entropy_side": 22.371261596679688,
          "hz": 680.1084783214808
        },
        {
          "acoustic_entropy": 23.037982940673828,
          "acoustic_entropy_side": 22.182106018066406,
          "hz": 802.3292461747484
        },
        {
          "acoustic_entropy": 21.91057777404785,
          "acoustic_entropy_side": 21.808441162109375,
          "hz": 935.3737400823702
        },
        {
          "acoustic_entropy": 22.555858612060547,
          "acoustic_entropy_side": 22.996061325073242,
          "hz": 1080.2004963696966
        },
        {
          "acoustic_entropy": 22.82879638671875,
          "acoustic_entropy_side": 22.324331283569336,
          "hz": 1237.8529382007157
        },
        {
          "acoustic_entropy": 23.614721298217773,
          "acoustic_entropy_side": 23.565052032470703,
          "hz": 1409.4668930556702
        },
        {
          "acoustic_entropy": 22.47664451599121,
          "acoustic_entropy_side": 22.828527450561523,
          "hz": 1596.2787759475705
        },
        {
          "acoustic_entropy": 22.639442443847656,
          "acoustic_entropy_side": 23.12337875366211,
          "hz": 1799.6344973346393
        },
        {
          "acoustic_entropy": 22.832754135131836,
          "acoustic_entropy_side": 23.39458656311035,
          "hz": 2020.9991599069049
        },
        {
          "acoustic_entropy": 22.27829933166504,
          "acoustic_entropy_side": 23.00692367553711,
          "hz": 2261.9676141086993
        },
        {
          "acoustic_entropy": 22.601423263549805,
          "acoustic_entropy_side": 23.314565658569336,
          "hz": 2524.2759484456974
        },
        {
          "acoustic_entropy": 23.24591636657715,
          "acoustic_entropy_side": 23.024417877197266,
          "hz": 2809.813997359896
        },
        {
          "acoustic_entropy": 23.035480499267578,
