{
  "acoustic_entropy": 127.22856903076172,
  "bands": [
    {
      "high_freq": 148.1999969482422,
      "loudness": -46.36732482910156,
      "loudness_range": 32.84098815917969,
      "mid_mean": -43.132205963134766,
      "mid_to_side_loudness": -9.209773063659668,
      "mid_to_side_loudness_range": 5.872218132019043,
      "side_mean": -52.10794448852539
    },
    {
      "high_freq": 392.3793640136719,
      "loudness": -36.43833923339844,
      "loudness_range": 24.683319091796875,
      "low_freq": 148.1999969482422,
      "mid_mean": -33.00386047363281,
      "mid_to_side_loudness": -12.237977027893066,
      "mid_to_side_loudness_range": 5.856529235839844,
      "side_mean": -46.1260986328125
    },
    {
      "high_freq": 794.6976318359375,
      "loudness": -28.627296447753906,
      "loudness_range": 23.56114387512207,
      "low_freq": 392.3793640136719,
      "mid_mean": -25.1922550201416,
      "mid_to_side_loudness": -13.100366592407227,
      "mid_to_side_loudness_range": 8.56900405883789,
      "side_mean": -37.7430419921875
    },
    {
      "high_freq": 1457.5709228515625,
      "loudness": -31.391618728637695,
      "loudness_range": 18.765722274780273,
      "low_freq": 794.6976318359375,
      "mid_mean": -28.006900787353516,
      "mid_to_side_loudness": -11.822685241699219,
      "mid_to_side_loudness_range": 7.511868953704834,
      "side_mean": -39.94565963745117
    },
    {
      "high_freq": 2549.74365234375,
      "loudness": -33.544742584228516,
      "loudness_range": 28.899394989013672,
      "low_freq": 1457.5709228515625,
      "mid_mean": -30.25445556640625,
      "mid_to_side_loudness": -11.084322929382324,
      "mid_to_side_loudness_range": 6.944317817687988,
      "side_mean": -41.46663284301758
    },
    {
      "high_freq": 4349.24462890625,
      "loudness": -40.8726921081543,
      "loudness_range": 29.582155227661133,
      "low_freq": 2549.74365234375,
      "mid_mean": -37.65035629272461,
      "mid_to_side_loudness": -9.806038856506348,
      "mid_to_side_loudness_range": 6.818964004516602,
      "side_mean": -49.434879302978516
    },
    {
      "high_freq": 7314.1640625,
      "loudness": -56.00322723388672,
      "loudness_range": 33.55028533935547,
      "low_freq": 4349.24462890625,
      "mid_mean": -52.47646713256836,
      "mid_to_side_loudness": -8.88605785369873,
      "mid_to_side_loudness_range": 8.378366470336914,
      "side_mean": -60.18947982788086
    },
    {
      "high_freq": 12199.2666015625,
      "loudness": -64.52421569824219,
      "loudness_range": 28.33660125732422,
      "low_freq": 7314.1640625,
      "mid_mean": -60.57170486450195,
      "mid_to_side_loudness": -5.60453462600708,
      "mid_to_side_loudness_range": 9.239568710327148,
      "side_mean": -64.91878509521484
    },
    {
      "loudness": -70.82034301757812,
      "loudness_range": 19.051895141601562,
      "low_freq": 12199.2666015625,
      "mid_mean": -65.78609466552734,
      "mid_to_side_loudness": -2.4072072505950928,
      "mid_to_side_loudness_range": 6.283806800842285,
      "side_mean": -67.41828155517578
    }
  ],
  "bands_short": [
    {
      "high_freq": 148.1999969482422,
      "loudness": -52.64680099487305,
      "loudness_range": 27.466487884521484,
      "mid_mean": -49.52220916748047,
      "mid_to_side_loudness": -8.182119369506836,
      "mid_to_side_loudness_range": 8.619685173034668,
      "side_mean": -57.05949401855469
    },
    {
      "high_freq": 392.3793640136719,
      "loudness": -37.82674789428711,
      "loudness_range": 27.728342056274414,
      "low_freq": 148.1999969482422,
      "mid_mean": -34.46866989135742,
      "mid_to_side_loudness": -11.472597122192383,
      "mid_to_side_loudness_range": 7.375132083892822,
      "side_mean": -46.73128890991211
    },
    {
      "high_freq": 794.6976318359375,
      "loudness": -29.44806671142578,
      "loudness_range": 24.605104446411133,
      "low_freq": 392.3793640136719,
      "mid_mean": -26.061569213867188,
      "mid_to_side_loudness": -12.99000072479248,
      "mid_to_side_loudness_range": 10.666008949279785,
      "side_mean": -38.650821685791016
    },
    {
      "high_freq": 1457.5709228515625,
      "loudness": -31.235044479370117,
      "loudness_range": 20.883892059326172,
      "low_freq": 794.6976318359375,
      "mid_mean": -27.907669067382812,
      "mid_to_side_loudness": -11.711507797241211,
      "mid_to_side_loudness_range": 9.918474197387695,
      "side_mean": -39.7794303894043
    },
    {
      "high_freq": 2549.74365234375,
      "loudness": -34.08707809448242,
      "loudness_range": 28.605804443359375,
      "low_freq": 1457.5709228515625,
      "mid_mean": -30.84321403503418,
      "mid_to_side_loudness": -10.91905689239502,
      "mid_to_side_loudness_range": 8.77822494506836,
      "side_mean": -41.79242706298828
    },
    {
      "high_freq": 4349.24462890625,
      "loudness": -41.549278259277344,
      "loudness_range": 29.507020950317383,
      "low_freq": 2549.74365234375,
      "mid_mean": -38.37800216674805,
      "mid_to_side_loudness": -9.648828506469727,
      "mid_to_side_loudness_range": 8.748199462890625,
      "side_mean": -49.9398193359375
    },
    {
      "high_freq": 7314.1640625,
      "loudness": -56.92103576660156,
      "loudness_range": 32.2298469543457,
      "low_freq": 4349.24462890625,
      "mid_mean": -53.33790969848633,
      "mid_to_side_loudness": -8.495949745178223,
      "mid_to_side_loudness_range": 8.945173263549805,
      "side_mean": -60.60267639160156
    },
    {
      "high_freq": 12199.2666015625,
      "loudness": -65.64448547363281,
      "loudness_range": 25.52194595336914,
      "low_freq": 7314.1640625,
      "mid_mean": -61.656005859375,
      "mid_to_side_loudness": -5.178379535675049,
      "mid_to_side_loudness_range": 9.164650917053223,
      "side_mean": -65.51378631591797
    },
    {
      "loudness": -71.71891784667969,
      "loudness_range": 14.676315307617188,
      "low_freq": 12199.2666015625,
      "mid_mean": -66.55402374267578,
      "mid_to_side_loudness": -1.8352031707763672,
      "mid_to_side_loudness_range": 4.802138805389404,
      "side_mean": -67.75578308105469
    }
  ],
  "bandwidth": 853.5155029296875,
  "channels": 2,
  "covariance": [
    [
      105.82418823242188,
      95.06493377685547,
      48.00563430786133,
      59.550201416015625,
      6.2350921630859375,
      3.941720724105835,
      5.659356594085693,
      6.450353622436523,
      15.003862380981445,
      17.687915802001953,
      25.724788665771484,
      49.17314529418945,
      53.272823333740234,
      40.15163803100586,
      38.177146911621094,
      22.30674934387207,
      19.049907684326172,
      8.936833381652832
    ],
    [
      95.06493377685547,
      89.6515884399414,
      46.253334045410156,
      54.47963333129883,
      7.910859107971191,
      6.2362895011901855,
      6.770255088806152,
      7.612354755401611,
      15.754129409790039,
      18.666149139404297,
      26.326723098754883,
      46.25944137573242,
      49.98188018798828,
      38.3520622253418,
      36.58613204956055,
      21.7142276763916,
      18.44839859008789,
      8.873558044433594
    ],
    [
      48.00563430786133,
      46.253334045410156,
      74.53385925292969,
      68.44880676269531,
      24.8643741607666,
      20.477685928344727,
      25.44028091430664,
      21.996070861816406,
      28.899227142333984,
      26.971364974975586,
      38.973960876464844,
      48.545955657958984,
      56.90666198730469,
      44.016929626464844,
      42.34947204589844,
      23.760406494140625,
      21.834272384643555,
      9.323684692382812
    ],
    [
      59.550201416015625,
      54.47963333129883,
      68.44880676269531,
      79.49302673339844,
      25.564577102661133,
      21.51673698425293,
      24.97504425048828,
      23.34968376159668,
      29.241683959960938,
      28.97589874267578,
      36.59769058227539,
      51.60055160522461,
      58.73112487792969,
      44.68865203857422,
      40.14466094970703,
      21.951719284057617,
      19.57011604309082,
      8.424219131469727
    ],
    [
      6.2350921630859375,
      7.910859107971191,
      24.8643741607666,
      25.564577102661133,
      76.21823120117188,
      63.95429992675781,
      43.89936447143555,
      38.122962951660156,
      64.93035888671875,
      61.89546585083008,
      55.46851348876953,
      61.63837814331055,
      62.850128173828125,
      43.59047317504883,
      38.39081573486328,
      20.42669677734375,
      17.671424865722656,
      8.058634757995605
    ],
    [
      3.941720724105835,
      6.2362895011901855,
      20.477685928344727,
      21.51673698425293,
      63.95429992675781,
      63.268211364746094,
      36.86351776123047,
      34.12531661987305,
      55.89418029785156,
      55.78759765625,
      46.49334716796875,
      52.983177185058594,
      50.05190658569336,
      35.76702117919922,
      29.241579055786133,
      15.847576141357422,
      12.744847297668457,
      6.024567127227783
    ],
    [
      5.659356594085693,
      6.770255088806152,
      25.44028091430664,
      24.97504425048828,
      43.89936447143555,
      36.86351776123047,
      50.59351348876953,
      43.30345916748047,
      43.94150161743164,
      40.486331939697266,
      47.14596176147461,
      51.97344970703125,
      53.70904541015625,
      39.078399658203125,
      35.954185485839844,
      19.080881118774414,
      16.9574031829834,
      7.083138465881348
    ],
    [
      6.450353622436523,
      7.612354755401611,
      21.996070861816406,
      23.34968376159668,
      38.122962951660156,
      34.12531661987305,
      43.30345916748047,
      42.942867279052734,
      39.32710647583008,
      39.10236740112305,
      43.57365417480469,
      49.545284271240234,
      45.48236846923828,
      34.43949890136719,
      29.481361389160156,
      15.930699348449707,
      13.593560218811035,
      5.596137046813965
    ],
    [
      15.003862380981445,
      15.754129409790039,
      28.899227142333984,
      29.241683959960938,
      64.93035888671875,
      55.89418029785156,
      43.94150161743164,
      39.32710647583008,
      88.6607666015625,
      82.02058410644531,
      75.74909210205078,
      74.12613677978516,
      77.72644805908203,
      56.36017990112305,
      48.50534439086914,
      25.023107528686523,
      21.341880798339844,
      8.96246337890625
    ],
    [
      17.687915802001953,
      18.666149139404297,
      26.971364974975586,
      28.97589874267578,
      61.89546585083008,
      55.78759765625,
      40.486331939697266,
      39.10236740112305,
      82.02058410644531,
      84.26835632324219,
      69.81556701660156,
      72.80139923095703,
      69.74329376220703,
      51.79335403442383,
      41.33642578125,
      21.864471435546875,
      17.764354705810547,
      7.638796806335449
    ],
    [
      25.724788665771484,
      26.326723098754883,
      38.973960876464844,
      36.59769058227539,
      55.46851348876953,
      46.49334716796875,
      47.14596176147461,
      43.57365417480469,
      75.74909210205078,
      69.81556701660156,
      95.58911895751953,
      87.52166748046875,
      89.73042297363281,
      68.77373504638672,
      62.82511901855469,
      34.95395278930664,
      29.836519241333008,
      12.85675048828125
    ],
    [
      49.17314529418945,
      46.25944137573242,
      48.545955657958984,
      51.60055160522461,
      61.63837814331055,
      52.983177185058594,
      51.97344970703125,
      49.545284271240234,
      74.12613677978516,
      72.80139923095703,
      87.52166748046875,
      110.80585479736328,
      99.95048522949219,
      73.8267593383789,
      63.27997970581055,
      34.74098205566406,
      28.753816604614258,
      12.613788604736328
    ],
    [
      53.272823333740234,
      49.98188018798828,
      56.90666198730469,
      58.73112487792969,
      62.850128173828125,
      50.05190658569336,
      53.70904541015625,
      45.48236846923828,
      77.72644805908203,
      69.74329376220703,
      89.73042297363281,
      99.95048522949219,
      114.86289978027344,
      83.18297576904297,
      82.75960540771484,
      44.932437896728516,
      40.19573211669922,
      17.45842933654785
    ],
    [
      40.15163803100586,
      38.3520622253418,
      44.016929626464844,
      44.68865203857422,
      43.59047317504883,
      35.76702117919922,
      39.078399658203125,
      34.43949890136719,
      56.36017990112305,
      51.79335403442383,
      68.77373504638672,
      73.8267593383789,
      83.18297576904297,
      64.60862731933594,
      62.53818893432617,
      36.05778503417969,
      30.802818298339844,
      14.075165748596191
    ],
    [
      38.177146911621094,
      36.58613204956055,
      42.34947204589844,
      40.14466094970703,
      38.39081573486328,
      29.241579055786133,
      35.954185485839844,
      29.481361389160156,
      48.50534439086914,
      41.33642578125,
      62.82511901855469,
      63.27997970581055,
      82.75960540771484,
      62.53818893432617,
      73.58466339111328,
      41.99052810668945,
      39.87892150878906,
      17.34345054626465
    ],
    [
      22.30674934387207,
      21.7142276763916,
      23.760406494140625,
      21.951719284057617,
      20.42669677734375,
      15.847576141357422,
      19.080881118774414,
      15.930699348449707,
      25.023107528686523,
      21.864471435546875,
      34.95395278930664,
      34.74098205566406,
      44.932437896728516,
      36.05778503417969,
      41.99052810668945,
      26.638647079467773,
      23.604114532470703,
      11.667712211608887
    ],
    [
      19.049907684326172,
      18.44839859008789,
      21.834272384643555,
      19.57011604309082,
      17.671424865722656,
      12.744847297668457,
      16.9574031829834,
      13.593560218811035,
      21.341880798339844,
      17.764354705810547,
      29.836519241333008,
      28.753816604614258,
      40.19573211669922,
      30.802818298339844,
      39.87892150878906,
      23.604114532470703,
      24.95153045654297,
      11.00669002532959
    ],
    [
      8.936833381652832,
      8.873558044433594,
      9.323684692382812,
      8.424219131469727,
      8.058634757995605,
      6.024567127227783,
      7.083138465881348,
      5.596137046813965,
      8.96246337890625,
      7.638796806335449,
      12.85675048828125,
      12.613788604736328,
      17.45842933654785,
      14.075165748596191,
      17.34345054626465,
      11.667712211608887,
      11.00669002532959,
      6.254115581512451
    ]
  ],
  "covariance_short": [
    [
      87.82330322265625,
      73.42521667480469,
      64.21023559570312,
      70.34774780273438,
      15.489548683166504,
      16.854787826538086,
      6.378416061401367,
      7.62446403503418,
      18.510822296142578,
      21.512039184570312,
      26.42234230041504,
      45.63969039916992,
      46.858360290527344,
      38.03738021850586,
      32.339820861816406,
      19.055557250976562,
      12.700199127197266,
      5.574961185455322
    ],
    [
      73.42521667480469,
      68.04708099365234,
      52.98434829711914,
      58.376930236816406,
      13.336359024047852,
      15.332711219787598,
      6.106164932250977,
      7.916738986968994,
      16.963918685913086,
      20.438873291015625,
      25.354310989379883,
      40.52418518066406,
      39.718727111816406,
      33.625980377197266,
      28.311790466308594,
      17.18555450439453,
      11.147932052612305,
      4.962866306304932
    ],
    [
      64.21023559570312,
      52.98434829711914,
      91.85073852539062,
      85.28704071044922,
      30.024559020996094,
      26.574460983276367,
      23.37126922607422,
      20.937597274780273,
      30.494701385498047,
      29.155319213867188,
      39.1270751953125,
      51.30387496948242,
      59.14334487915039,
      45.444480895996094,
      38.92280197143555,
      20.892066955566406,
      16.586458206176758,
      6.833184719085693
    ],
    [
      70.34774780273438,
      58.376930236816406,
      85.28704071044922,
      97.31517028808594,
      28.373159408569336,
      26.779438018798828,
      21.240764617919922,
      19.90850257873535,
      28.64303970336914,
      29.146886825561523,
      34.980995178222656,
      56.61636734008789,
      60.6638069152832,
      45.95961380004883,
      36.61995315551758,
      19.468950271606445,
      14.535837173461914,
      6.128864765167236
    ],
    [
      15.489548683166504,
      13.336359024047852,
      30.024559020996094,
      28.373159408569336,
      76.02459716796875,
      61.14105987548828,
      44.466922760009766,
      38.827903747558594,
      61.02400588989258,
      56.149078369140625,
      53.71625518798828,
      61.140869140625,
      63.31058883666992,
      43.63616180419922,
      35.533477783203125,
      18.119892120361328,
      13.976178169250488,
      5.878466606140137
    ],
    [
      16.854787826538086,
      15.332711219787598,
      26.574460983276367,
      26.779438018798828,
      61.14105987548828,
      63.98454666137695,
      38.299827575683594,
      36.278255462646484,
      55.05887985229492,
      53.878143310546875,
      47.967071533203125,
      55.925113677978516,
      53.35834503173828,
      38.057273864746094,
      28.377365112304688,
      14.847482681274414,
      10.514930725097656,
      4.686389923095703
    ],
    [
      6.378416061401367,
      6.106164932250977,
      23.37126922607422,
      21.240764617919922,
      44.466922760009766,
      38.299827575683594,
      58.572147369384766,
      47.631771087646484,
      53.11473083496094,
      46.264381408691406,
      51.51156234741211,
      53.4766845703125,
      55.71106719970703,
      40.02610778808594,
      33.90074157714844,
      16.937856674194336,
      13.14272689819336,
      5.3740620613098145
    ],
    [
      7.62446403503418,
      7.916738986968994,
      20.937597274780273,
      19.90850257873535,
      38.827903747558594,
      36.278255462646484,
      47.631771087646484,
      51.16049575805664,
      46.50015640258789,
      43.39776611328125,
      46.26554870605469,
      51.07067108154297,
      46.953285217285156,
      35.26658248901367,
      27.72027587890625,
      14.17223834991455,
      10.182048797607422,
      4.192126750946045
    ],
    [
      18.510822296142578,
      16.963918685913086,
      30.494701385498047,
      28.64303970336914,
      61.02400588989258,
      55.05887985229492,
      53.11473083496094,
      46.50015640258789,
      95.5534896850586,
      84.52261352539062,
      77.47175598144531,
      76.23262023925781,
      80.12566375732422,
      58.248504638671875,
      46.12904357910156,
      23.10077667236328,
      17.295120239257812,
      7.043086051940918
    ],
    [
      21.512039184570312,
      20.438873291015625,
      29.155319213867188,
      29.146886825561523,
      56.149078369140625,
      53.878143310546875,
      46.264381408691406,
      43.39776611328125,
      84.52261352539062,
      88.46732330322266,
      72.12743377685547,
      74.80189514160156,
      71.22144317626953,
      53.849395751953125,
      39.0383186340332,
      20.517906188964844,
      14.162134170532227,
      5.980510234832764
    ],
    [
      26.42234230041504,
      25.354310989379883,
      39.1270751953125,
      34.980995178222656,
      53.71625518798828,
      47.967071533203125,
      51.51156234741211,
      46.26554870605469,
      77.47175598144531,
      72.12743377685547,
      99.3187255859375,
      89.15291595458984,
      89.6634750366211,
      68.79976654052734,
      57.456329345703125,
      30.90020179748535,
      22.939334869384766,
      9.436334609985352
    ],
    [
      45.63969039916992,
      40.52418518066406,
      51.30387496948242,
      56.61636734008789,
      61.140869140625,
      55.925113677978516,
      53.4766845703125,
      51.07067108154297,
      76.23262023925781,
      74.80189514160156,
      89.15291595458984,
      112.82330322265625,
      97.35105895996094,
      73.6213607788086,
      56.15083312988281,
      30.378053665161133,
      21.061037063598633,
      8.89993667602539
    ],
    [
      46.858360290527344,
      39.718727111816406,
      59.14334487915039,
      60.6638069152832,
      63.31058883666992,
      53.35834503173828,
      55.71106719970703,
      46.953285217285156,
      80.12566375732422,
      71.22144317626953,
      89.6634750366211,
      97.35105895996094,
      109.10984802246094,
      79.30115509033203,
      71.71858978271484,
      37.61711883544922,
      29.896072387695312,
      12.28266429901123
    ],
    [
      38.03738021850586,
      33.625980377197266,
      45.444480895996094,
      45.95961380004883,
      43.63616180419922,
      38.057273864746094,
      40.02610778808594,
      35.26658248901367,
      58.248504638671875,
      53.849395751953125,
      68.79976654052734,
      73.6213607788086,
      79.30115509033203,
      63.70589065551758,
      54.34909439086914,
      31.090839385986328,
      22.382719039916992,
      9.879327774047852
    ],
    [
      32.339820861816406,
      28.311790466308594,
      38.92280197143555,
      36.61995315551758,
      35.533477783203125,
      28.377365112304688,
      33.90074157714844,
      27.72027587890625,
      46.12904357910156,
      39.0383186340332,
      57.456329345703125,
      56.15083312988281,
      71.71858978271484,
      54.34909439086914,
      60.32496643066406,
      33.332427978515625,
      28.82396697998047,
      11.845260620117188
    ],
    [
      19.055557250976562,
      17.18555450439453,
      20.892066955566406,
      19.468950271606445,
      18.119892120361328,
      14.847482681274414,
      16.937856674194336,
      14.17223834991455,
      23.10077667236328,
      20.517906188964844,
      30.90020179748535,
      30.378053665161133,
      37.61711883544922,
      31.090839385986328,
      33.332427978515625,
      21.69997787475586,
      16.374006271362305,
      8.337575912475586
    ],
    [
      12.700199127197266,
      11.147932052612305,
      16.586458206176758,
      14.535837173461914,
      13.976178169250488,
      10.514930725097656,
      13.14272689819336,
      10.182048797607422,
      17.295120239257812,
      14.162134170532227,
      22.939334869384766,
      21.061037063598633,
      29.896072387695312,
      22.382719039916992,
      28.82396697998047,
      16.374006271362305,
      17.669628143310547,
      7.21204137802124
    ],
    [
      5.574961185455322,
      4.962866306304932,
      6.833184719085693,
      6.128864765167236,
      5.878466606140137,
      4.686389923095703,
      5.3740620613098145,
      4.192126750946045,
      7.043086051940918,
      5.980510234832764,
      9.436334609985352,
      8.89993667602539,
      12.28266429901123,
      9.879327774047852,
      11.845260620117188,
      8.337575912475586,
      7.21204137802124,
      4.653487205505371
    ]
  ],
  "damage": -9.240181922912598,
  "diff_bandwidth": 889.0125122070312,
  "dissonance": 8.136366372102577,
  "drr": 7.240640640258789,
  "dynamics": 6.063747406005859,
  "format": 1245190,
  "frames": 2233280,
  "loudness": -19.48218536376953,
  "loudness_range": 18.332483291625977,
  "loudness_range_short": 19.36075210571289,
  "lowpass_true_peak_15khz": -1.091834306716919,
  "mastering3_acoustic_entropies": [
    {
      "acoustic_entropy": 8.040114402770996,
      "acoustic_entropy_mono": 7.7700371742248535,
      "band_eliminated_acoustic_entropies": [
        {
          "acoustic_entropy": 8.050215721130371,
          "acoustic_entropy_side": 8.040278434753418,
          "hz": 129.47220167065723
        },
        {
          "acoustic_entropy": 8.14335823059082,
          "acoustic_entropy_side": 8.051671028137207,
          "hz": 202.92927478742237
        },
        {
          "acoustic_entropy": 8.322243690490723,
          "acoustic_entropy_side": 8.046224594116211,
          "hz": 282.89161906338205
        },
        {
          "acoustic_entropy": 8.264245986938477,
          "acoustic_entropy_side": 8.04372501373291,
          "hz": 369.9353335868758
        },
        {
          "acoustic_entropy": 7.7653961181640625,
          "acoustic_entropy_side": 8.053771018981934,
          "hz": 464.6875360973435
        },
        {
          "acoustic_entropy": 8.240470886230469,
          "acoustic_entropy_side": 8.048389434814453,
          "hz": 567.8308811364784
        },
        {
          "acoustic_entropy": 7.851390838623047,
          "acoustic_entropy_side": 8.04196548461914,
          "hz": 680.1084783214808
        },
        {
          "acoustic_entropy": 8.143988609313965,
          "acoustic_entropy_side": 8.055337905883789,
          "hz": 802.3292461747484
        },
        {
          "acoustic_entropy": 7.86971378326416,
          "acoustic_entropy_side": 8.13054084777832,
          "hz": 935.3737400823702
        },
        {
          "acoustic_entropy": 8.108701705932617,
          "acoustic_entropy_side": 8.154301643371582,
          "hz": 1080.2004963696966
        },
        {
          "acoustic_entropy": 8.45932674407959,
          "acoustic_entropy_side": 8.087703704833984,
          "hz": 1237.8529382007157
        },
        {
          "acoustic_entropy": 8.43906307220459,
          "acoustic_entropy_side": 8.1141357421875,
          "hz": 1409.4668930556702
        },
        {
          "acoustic_entropy": 7.588244915008545,
          "acoustic_entropy_side": 8.051885604858398,
          "hz": 1596.2787759475705
        },
        {
          "acoustic_entropy": 8.225366592407227,
          "acoustic_entropy_side": 8.12711238861084,
          "hz": 1799.6344973346393
        },
        {
          "acoustic_entropy": 8.104105949401855,
          "acoustic_entropy_side": 7.914700508117676,
          "hz": 2020.9991599069049
        },
        {
          "acoustic_entropy": 7.948349475860596,
          "acoustic_entropy_side": 7.996108055114746,
          "hz": 2261.9676141086993
        },
        {
          "acoustic_entropy": 8.109740257263184,
          "acoustic_entropy_side": 8.006235122680664,
          "hz": 2524.2759484456974
        },
        {
          "acoustic_entropy": 7.9576592445373535,
          "acoustic_entropy_side": 8.024636268615723,
          "hz": 2809.813997359896
        },
        {
          "acoustic_entropy": 7.952040672302246,
          "acoustic_entropy_side": 8.013062477111816,
          "hz": 3120.6389567871424
        },
        {
          "acoustic_entropy": 7.928767204284668,
          "acoustic_entropy_side": 8.01228141784668,
          "hz": 3458.990205492291
        },
        {
          "acoustic_entropy": 8.29814624786377,
          "acoustic_entropy_side": 8.077030181884766,
          "hz": 3827.305438964164
        },
        {
          "acoustic_entropy": 8.440781593322754,
          "acoustic_entropy_side": 8.086146354675293,
          "hz": 4228.238232109126
        },
        {
          "acoustic_entropy": 7.913196086883545,
          "acoustic_entropy_side": 8.03090763092041,
          "hz": 4664.6771572759235
        },
        {
          "acoustic_entropy": 7.96096658706665,
          "acoustic_entropy_side": 8.03555679321289,
          "hz": 5139.766595350093
        },
        {
          "acoustic_entropy": 7.984004974365234,
          "acoustic_entropy_side": 8.038838386535645,
          "hz": 5656.929389854203
        },
        {
          "acoustic_entropy": 7.986449241638184,
          "acoustic_entropy_side": 8.039045333862305,
          "hz": 6219.891507268283
        },
        {
          "acoustic_entropy": 8.012948036193848,
          "acoustic_entropy_side": 8.039779663085938,
          "hz": 6832.70888123896
        },
        {
          "acoustic_entropy": 8.025561332702637,
          "acoustic_entropy_side": 8.039992332458496,
          "hz": 7499.796634079867
        },
        {
          "acoustic_entropy": 8.029529571533203,
          "acoustic_entropy_side": 8.04003620147705,
          "hz": 8225.96088609342
        },
        {
          "acoustic_entropy": 8.034577369689941,
          "acoustic_entropy_side": 8.040103912353516,
          "hz": 9016.43338188839
        },
        {
          "acoustic_entropy": 8.038466453552246,
          "acoustic_entropy_side": 8.040122032165527,
          "hz": 9876.909183162974
        },
        {
          "acoustic_entropy": 8.039673805236816,
          "acoustic_entropy_side": 8.040122032165527,
          "hz": 10813.587699516042
        },
        {
          "acoustic_entropy": 8.040224075317383,
          "acoustic_entropy_side": 8.040125846862793,
          "hz": 11833.21735289826
        },
        {
          "acoustic_entropy": 8.04025936126709,
          "acoustic_entropy_side": 8.04012393951416,
          "hz": 12943.144197493959
        },
        {
          "acoustic_entropy": 8.040111541748047,
          "acoustic_entropy_side": 8.040118217468262,
          "hz": 14151.364845322005
        },
        {
          "acoustic_entropy": 8.040109634399414,
          "acoustic_entropy_side": 8.040117263793945,
          "hz": 15466.58407886509
        },
        {
          "acoustic_entropy": 8.04011344909668,
          "acoustic_entropy_side": 8.040115356445312,
          "hz": 16898.27756580493
        },
        {
          "acoustic_entropy": 8.040116310119629,
          "acoustic_entropy_side": 8.040114402770996,
          "hz": 18456.760127700032
        },
        {
          "acoustic_entropy": 8.040114402770996,
          "acoustic_entropy_side": 8.040114402770996,
          "hz": 20153.260054456492
        },
        {
          "acoustic_entropy": 8.040114402770996,
          "acoustic_entropy_side": 8.040114402770996,
          "hz": 22000.00000000001
        }
      ],
      "diff_acoustic_entropy": 3.0934929847717285,
      "sn": 6
    },
    {
      "acoustic_entropy": 11.128545761108398,
      "acoustic_entropy_mono": 11.079855918884277,
      "band_eliminated_acoustic_entropies": [
        {
          "acoustic_entropy": 11.177008628845215,
          "acoustic_entropy_side": 11.132209777832031,
          "hz": 129.47220167065723
        },
        {
          "acoustic_entropy": 11.055597305297852,
          "acoustic_entropy_side": 11.195767402648926,
          "hz": 202.92927478742237
        },
        {
          "acoustic_entropy": 11.427876472473145,
          "acoustic_entropy_side": 11.150586128234863,
          "hz": 282.89161906338205
        },
        {
          "acoustic_entropy": 11.028158187866211,
          "acoustic_entropy_side": 11.145771980285645,
          "hz": 369.9353335868758
        },
        {
          "acoustic_entropy": 11.000495910644531,
          "acoustic_entropy_side": 11.270780563354492,
          "hz": 464.6875360973435
        },
        {
          "acoustic_entropy": 11.623504638671875,
          "acoustic_entropy_side": 10.806553840637207,
          "hz": 567.8308811364784
        },
        {
          "acoustic_entropy": 11.070183753967285,
          "acoustic_entropy_side": 11.003602027893066,
          "hz": 680.1084783214808
        },
        {
          "acoustic_entropy": 11.142487525939941,
          "acoustic_entropy_side": 11.112218856811523,
          "hz": 802.3292461747484
        },
        {
          "acoustic_entropy": 11.719854354858398,
          "acoustic_entropy_side": 10.995391845703125,
          "hz": 935.3737400823702
        },
        {
          "acoustic_entropy": 11.132274627685547,
          "acoustic_entropy_side": 10.93771743774414,
          "hz": 1080.2004963696966
        },
        {
          "acoustic_entropy": 10.895040512084961,
          "acoustic_entropy_side": 11.248305320739746,
          "hz": 1237.8529382007157
        },
        {
          "acoustic_entropy": 10.833184242248535,
          "acoustic_entropy_side": 10.846749305725098,
          "hz": 1409.4668930556702
        },
        {
          "acoustic_entropy": 10.667190551757812,
          "acoustic_entropy_side": 11.123089790344238,
          "hz": 1596.2787759475705
        },
        {
          "acoustic_entropy": 11.385096549987793,
          "acoustic_entropy_side": 11.137420654296875,
          "hz": 1799.6344973346393
        },
        {
          "acoustic_entropy": 11.037622451782227,
          "acoustic_entropy_side": 11.28270435333252,
          "hz": 2020.9991599069049
        },
        {
          "acoustic_entropy": 10.943116188049316,
          "acoustic_entropy_side": 11.068806648254395,
          "hz": 2261.9676141086993
        },
        {
          "acoustic_entropy": 10.848904609680176,
          "acoustic_entropy_side": 10.966858863830566,
          "hz": 2524.2759484456974
        },
        {
          "acoustic_entropy": 10.82514476776123,
          "acoustic_entropy_side": 10.833086967468262,
          "hz": 2809.813997359896
        },
        {
          "acoustic_entropy": 11.063782691955566,
          "acoustic_entropy_side": 10.949402809143066,
          "hz": 3120.6389567871424
        },
        {
          "acoustic_entropy": 11.056507110595703,
          "acoustic_entropy_side": 11.089099884033203,
          "hz": 3458.990205492291
        },
        {
          "acoustic_entropy": 11.00850772857666,
          "acoustic_entropy_side": 11.094879150390625,
          "hz": 3827.305438964164
        },
        {
          "acoustic_entropy": 11.025218963623047,
          "acoustic_entropy_side": 11.066438674926758,
          "hz": 4228.238232109126
        },
        {
          "acoustic_entropy": 10.813190460205078,
          "acoustic_entropy_side": 11.127367973327637,
          "hz": 4664.6771572759235
        },
        {
          "acoustic_entropy": 10.933597564697266,
          "acoustic_entropy_side": 11.077278137207031,
          "hz": 5139.766595350093
        },
        {
          "acoustic_entropy": 11.08137035369873,
          "acoustic_entropy_side": 11.106792449951172,
          "hz": 5656.929389854203
        },
        {
          "acoustic_entropy": 11.14793586730957,
          "acoustic_entropy_side": 11.100754737854004,
          "hz": 6219.891507268283
        },
        {
          "acoustic_entropy": 11.15105152130127,
          "acoustic_entropy_side": 11.121453285217285,
          "hz": 6832.70888123896
        },
        {
          "acoustic_entropy": 11.223074913024902,
          "acoustic_entropy_side": 11.128758430480957,
          "hz": 7499.796634079867
        },
        {
          "acoustic_entropy": 11.255465507507324,
          "acoustic_entropy_side": 11.130570411682129,
          "hz": 8225.96088609342
        },
        {
          "acoustic_entropy": 11.175126075744629,
          "acoustic_entropy_side": 11.130270957946777,
          "hz": 9016.43338188839
        },
        {
          "acoustic_entropy": 11.106494903564453,
          "acoustic_entropy_side": 11.129007339477539,
          "hz": 9876.909183162974
        },
        {
          "acoustic_entropy": 11.012701034545898,
          "acoustic_entropy_side": 11.12855052947998,
          "hz": 10813.587699516042
        },
        {
          "acoustic_entropy": 11.055105209350586,
          "acoustic_entropy_side": 11.128595352172852,
          "hz": 11833.21735289826
        },
        {
          "acoustic_entropy": 11.10114574432373,
          "acoustic_entropy_side": 11.128771781921387,
          "hz": 12943.144197493959
        },
        {
          "acoustic_entropy": 11.117655754089355,
          "acoustic_entropy_side": 11.128586769104004,
          "hz": 14151.364845322005
        },
        {
          "acoustic_entropy": 11.12578010559082,
          "acoustic_entropy_side": 11.128548622131348,
          "hz": 15466.58407886509
        },
        {
          "acoustic_entropy": 11.128326416015625,
          "acoustic_entropy_side": 11.128547668457031,
          "hz": 16898.27756580493
        },
        {
          "acoustic_entropy": 11.12852668762207,
          "acoustic_entropy_side": 11.128546714782715,
          "hz": 18456.760127700032
        },
        {
          "acoustic_entropy": 11.128544807434082,
          "acoustic_entropy_side": 11.128545761108398,
          "hz": 20153.260054456492
        },
        {
          "acoustic_entropy": 11.128545761108398,
          "acoustic_entropy_side": 11.128545761108398,
          "hz": 22000.00000000001
        }
      ],
      "diff_acoustic_entropy": 4.9238457679748535,
      "sn": 12
    },
    {
      "acoustic_entropy": 17.143417358398438,
      "acoustic_entropy_mono": 15.890157699584961,
      "band_eliminated_acoustic_entropies": [
        {
          "acoustic_entropy": 16.98921775817871,
          "acoustic_entropy_side": 17.123546600341797,
          "hz": 129.47220167065723
        },
        {
          "acoustic_entropy": 16.738937377929688,
          "acoustic_entropy_side": 17.11637306213379,
          "hz": 202.92927478742237
        },
        {
          "acoustic_entropy": 17.345489501953125,
          "acoustic_entropy_side": 17.276554107666016,
          "hz": 282.89161906338205
        },
        {
          "acoustic_entropy": 17.32200813293457,
          "acoustic_entropy_side": 17.318761825561523,
          "hz": 369.9353335868758
        },
        {
          "acoustic_entropy": 16.331499099731445,
          "acoustic_entropy_side": 17.14605140686035,
          "hz": 464.6875360973435
        },
        {
          "acoustic_entropy": 16.363569259643555,
          "acoustic_entropy_side": 16.29297637939453,
          "hz": 567.8308811364784
        },
        {
          "acoustic_entropy": 16.092151641845703,
          "acoustic_entropy_side": 17.03484344482422,
          "hz": 680.1084783214808
        },
        {
          "acoustic_entropy": 17.050395965576172,
          "acoustic_entropy_side": 17.463367462158203,
          "hz": 802.3292461747484
        },
        {
          "acoustic_entropy": 16.438674926757812,
          "acoustic_entropy_side": 16.774837493896484,
          "hz": 935.3737400823702
        },
        {
          "acoustic_entropy": 16.60630226135254,
          "acoustic_entropy_side": 16.65707015991211,
          "hz": 1080.2004963696966
        },
        {
          "acoustic_entropy": 16.71062660217285,
          "acoustic_entropy_side": 16.814697265625,
          "hz": 1237.8529382007157
        },
        {
          "acoustic_entropy": 16.303125381469727,
          "acoustic_entropy_side": 16.642656326293945,
          "hz": 1409.4668930556702
        },
        {
          "acoustic_entropy": 16.055049896240234,
          "acoustic_entropy_side": 16.921873092651367,
          "hz": 1596.2787759475705
        },
        {
          "acoustic_entropy": 17.673574447631836,
          "acoustic_entropy_side": 17.02010726928711,
          "hz": 1799.6344973346393
        },
        {
          "acoustic_entropy": 16.998376846313477,
          "acoustic_entropy_side": 16.85410499572754,
          "hz": 2020.9991599069049
        },
        {
          "acoustic_entropy": 16.927452087402344,
          "acoustic_entropy_side": 17.212963104248047,
          "hz": 2261.9676141086993
        },
        {
          "acoustic_entropy": 17.205734252929688,
          "acoustic_entropy_side": 17.14558219909668,
          "hz": 2524.2759484456974
        },
        {
          "acoustic_entropy": 16.598716735839844,
          "acoustic_entropy_side": 17.00543975830078,
          "hz": 2809.813997359896
        },
        {
          "acoustic_entropy": 17.22768211364746,
          "acoustic_entropy_side": 17.29649543762207,
          "hz": 3120.6389567871424
        },
        {
          "acoustic_entropy": 17.158693313598633,
