{
  "acoustic_entropy": 133.6277313232422,
  "bands": [
    {
      "high_freq": 148.1999969482422,
      "loudness": -47.5469970703125,
      "loudness_range": 32.515350341796875,
      "mid_mean": -43.845619201660156,
      "mid_to_side_loudness": -17.27180290222168,
      "mid_to_side_loudness_range": 8.232046127319336,
      "side_mean": -59.3703498840332
    },
    {
      "high_freq": 392.3793640136719,
      "loudness": -30.535728454589844,
      "loudness_range": 22.39251708984375,
      "low_freq": 148.1999969482422,
      "mid_mean": -27.354042053222656,
      "mid_to_side_loudness": -10.693877220153809,
      "mid_to_side_loudness_range": 6.882363796234131,
      "side_mean": -38.211181640625
    },
    {
      "high_freq": 794.6976318359375,
      "loudness": -29.374412536621094,
      "loudness_range": 23.32724380493164,
      "low_freq": 392.3793640136719,
      "mid_mean": -26.679643630981445,
      "mid_to_side_loudness": -6.362850666046143,
      "mid_to_side_loudness_range": 6.738816738128662,
      "side_mean": -32.99667739868164
    },
    {
      "high_freq": 1457.5709228515625,
      "loudness": -34.946224212646484,
      "loudness_range": 30.825515747070312,
      "low_freq": 794.6976318359375,
      "mid_mean": -35.64543533325195,
      "mid_to_side_loudness": 1.3281792402267456,
      "mid_to_side_loudness_range": 7.826869487762451,
      "side_mean": -34.25457000732422
    },
    {
      "high_freq": 2549.74365234375,
      "loudness": -39.21045684814453,
      "loudness_range": 32.23398208618164,
      "low_freq": 1457.5709228515625,
      "mid_mean": -40.25249099731445,
      "mid_to_side_loudness": 1.3707678318023682,
      "mid_to_side_loudness_range": 6.160109519958496,
      "side_mean": -38.733333587646484
    },
    {
      "high_freq": 4349.24462890625,
      "loudness": -48.06242752075195,
      "loudness_range": 28.456363677978516,
      "low_freq": 2549.74365234375,
      "mid_mean": -53.00161361694336,
      "mid_to_side_loudness": 0.19743315875530243,
      "mid_to_side_loudness_range": 5.598553657531738,
      "side_mean": -52.7733268737793
    },
    {
      "high_freq": 7314.1640625,
      "loudness": -59.03541946411133,
      "loudness_range": 26.535621643066406,
      "low_freq": 4349.24462890625,
      "mid_mean": -62.08724594116211,
      "mid_to_side_loudness": 0.3067910671234131,
      "mid_to_side_loudness_range": 4.065195083618164,
      "side_mean": -61.82130813598633
    },
    {
      "high_freq": 12199.2666015625,
      "loudness": -74.89956665039062,
      "loudness_range": 16.047557830810547,
      "low_freq": 7314.1640625,
      "mid_mean": -67.97911834716797,
      "mid_to_side_loudness": 0.08086420595645905,
      "mid_to_side_loudness_range": 2.0672757625579834,
      "side_mean": -67.87783813476562
    },
    {
      "loudness": -76.30657196044922,
      "loudness_range": 5.752006530761719,
      "low_freq": 12199.2666015625,
      "mid_mean": -68.85311126708984,
      "mid_to_side_loudness": -0.11389189958572388,
      "mid_to_side_loudness_range": 0.528270959854126,
      "side_mean": -68.87911987304688
    }
  ],
  "bands_short": [
    {
      "high_freq": 148.1999969482422,
      "loudness": -50.320980072021484,
      "loudness_range": 32.41424560546875,
      "mid_mean": -46.76958465576172,
      "mid_to_side_loudness": -17.776819229125977,
      "mid_to_side_loudness_range": 12.461605072021484,
      "side_mean": -62.07489013671875
    },
    {
      "high_freq": 392.3793640136719,
      "loudness": -31.317537307739258,
      "loudness_range": 24.632537841796875,
      "low_freq": 148.1999969482422,
      "mid_mean": -28.104230880737305,
      "mid_to_side_loudness": -10.900814056396484,
      "mid_to_side_loudness_range": 8.94458293914795,
      "side_mean": -39.229007720947266
    },
    {
      "high_freq": 794.6976318359375,
      "loudness": -29.733850479125977,
      "loudness_range": 24.277950286865234,
      "low_freq": 392.3793640136719,
      "mid_mean": -27.042118072509766,
      "mid_to_side_loudness": -6.602949142456055,
      "mid_to_side_loudness_range": 8.633837699890137,
      "side_mean": -33.532352447509766
    },
    {
      "high_freq": 1457.5709228515625,
      "loudness": -35.97567367553711,
      "loudness_range": 32.32847595214844,
      "low_freq": 794.6976318359375,
      "mid_mean": -36.61837387084961,
      "mid_to_side_loudness": 1.4396414756774902,
      "mid_to_side_loudness_range": 9.632221221923828,
      "side_mean": -35.320777893066406
    },
    {
      "high_freq": 2549.74365234375,
      "loudness": -40.23858642578125,
      "loudness_range": 31.730926513671875,
      "low_freq": 1457.5709228515625,
      "mid_mean": -41.36463165283203,
      "mid_to_side_loudness": 1.2855647802352905,
      "mid_to_side_loudness_range": 8.32048511505127,
      "side_mean": -39.993316650390625
    },
    {
      "high_freq": 4349.24462890625,
      "loudness": -48.25275421142578,
      "loudness_range": 28.831443786621094,
      "low_freq": 2549.74365234375,
      "mid_mean": -53.13161849975586,
      "mid_to_side_loudness": 0.39512738585472107,
      "mid_to_side_loudness_range": 6.658020496368408,
      "side_mean": -52.74114227294922
    },
    {
      "high_freq": 7314.1640625,
      "loudness": -60.579933166503906,
      "loudness_range": 28.843650817871094,
      "low_freq": 4349.24462890625,
      "mid_mean": -62.704078674316406,
      "mid_to_side_loudness": 0.26367852091789246,
      "mid_to_side_loudness_range": 5.389659404754639,
      "side_mean": -62.48881149291992
    },
    {
      "high_freq": 12199.2666015625,
      "loudness": -75.46479797363281,
      "loudness_range": 14.708648681640625,
      "low_freq": 7314.1640625,
      "mid_mean": -68.22093963623047,
      "mid_to_side_loudness": 0.0653674453496933,
      "mid_to_side_loudness_range": 2.8046069145202637,
      "side_mean": -68.13832092285156
    },
    {
      "loudness": -76.3857421875,
      "loudness_range": 5.782096862792969,
      "low_freq": 12199.2666015625,
      "mid_mean": -68.86426544189453,
      "mid_to_side_loudness": -0.11703655868768692,
      "mid_to_side_loudness_range": 1.3568720817565918,
      "side_mean": -68.8914566040039
    }
  ],
  "bandwidth": 674.0859375,
  "channels": 2,
  "covariance": [
    [
      120.7126693725586,
      79.82930755615234,
      65.67993927001953,
      72.5067367553711,
      61.527156829833984,
      62.22663879394531,
      78.68245697021484,
      77.11600494384766,
      94.90145874023438,
      89.96446990966797,
      116.86286926269531,
      119.37734985351562,
      68.49647521972656,
      71.67947387695312,
      15.00767707824707,
      16.362865447998047,
      3.6032631397247314,
      3.4927070140838623
    ],
    [
      79.82930755615234,
      58.77476501464844,
      46.39331817626953,
      51.18773651123047,
      41.60255813598633,
      43.05682373046875,
      60.09605026245117,
      59.00918197631836,
      71.56898498535156,
      67.8287124633789,
      82.19393157958984,
      84.05203247070312,
      51.41914367675781,
      53.96609878540039,
      12.065311431884766,
      12.995068550109863,
      2.867133617401123,
      2.797605276107788
    ],
    [
      65.67993927001953,
      46.39331817626953,
      68.50763702392578,
      64.01821899414062,
      48.667259216308594,
      48.280052185058594,
      58.090110778808594,
      56.67659378051758,
      67.40327453613281,
      64.41793060302734,
      78.6707763671875,
      80.0338134765625,
      47.07489013671875,
      49.604217529296875,
      11.240681648254395,
      12.08857536315918,
      2.716036558151245,
      2.6614725589752197
    ],
    [
      72.5067367553711,
      51.18773651123047,
      64.01821899414062,
      71.47620391845703,
      48.7875862121582,
      49.890220642089844,
      62.387264251708984,
      61.64647674560547,
      73.34840393066406,
      69.88019561767578,
      86.4477310180664,
      87.91192626953125,
      51.80904006958008,
      54.698909759521484,
      12.061274528503418,
      13.044746398925781,
      2.9335458278656006,
      2.869096040725708
    ],
    [
      61.527156829833984,
      41.60255813598633,
      48.667259216308594,
      48.7875862121582,
      66.22411346435547,
      58.30143356323242,
      59.990013122558594,
      58.82405471801758,
      67.3786849975586,
      63.85309600830078,
      79.75777435302734,
      82.20132446289062,
      46.7601318359375,
      47.94954299926758,
      10.116950988769531,
      10.812491416931152,
      2.513946771621704,
      2.401433229446411
    ],
    [
      62.22663879394531,
      43.05682373046875,
      48.280052185058594,
      49.890220642089844,
      58.30143356323242,
      63.45502471923828,
      62.11792755126953,
      60.7049446105957,
      68.33808135986328,
      64.98943328857422,
      81.02759552001953,
      82.92379760742188,
      47.75429916381836,
      49.4501838684082,
      10.504938125610352,
      11.25086784362793,
      2.582427501678467,
      2.487769842147827
    ],
    [
      78.68245697021484,
      60.09605026245117,
      58.090110778808594,
      62.387264251708984,
      59.990013122558594,
      62.11792755126953,
      125.0035629272461,
      111.5712661743164,
      112.11211395263672,
      104.85609436035156,
      115.14673614501953,
      119.16059875488281,
      77.41546630859375,
      81.47215270996094,
      19.67850112915039,
      21.581480026245117,
      4.882095813751221,
      4.7769293785095215
    ],
    [
      77.11600494384766,
      59.00918197631836,
      56.67659378051758,
      61.64647674560547,
      58.82405471801758,
      60.7049446105957,
      111.5712661743164,
      117.72865295410156,
      108.0538330078125,
      102.1508560180664,
      111.34403228759766,
      114.71497344970703,
      74.48043823242188,
      78.2979736328125,
      18.48095703125,
      20.018274307250977,
      4.5623779296875,
      4.499730587005615
    ],
    [
      94.90145874023438,
      71.56898498535156,
      67.40327453613281,
      73.34840393066406,
      67.3786849975586,
      68.33808135986328,
      112.11211395263672,
      108.0538330078125,
      134.90220642089844,
      123.06816101074219,
      126.84356689453125,
      132.51837158203125,
      85.46788787841797,
      90.27714538574219,
      21.214874267578125,
      23.146282196044922,
      5.239591598510742,
      5.130321502685547
    ],
    [
      89.96446990966797,
      67.8287124633789,
      64.41793060302734,
      69.88019561767578,
      63.85309600830078,
      64.98943328857422,
      104.85609436035156,
      102.1508560180664,
      123.06816101074219,
      123.50358581542969,
      119.26297760009766,
      124.4918212890625,
      79.98387908935547,
      84.49095153808594,
      20.171337127685547,
      21.911468505859375,
      4.950648784637451,
      4.873876094818115
    ],
    [
      116.86286926269531,
      82.19393157958984,
      78.6707763671875,
      86.4477310180664,
      79.75777435302734,
      81.02759552001953,
      115.14673614501953,
      111.34403228759766,
      126.84356689453125,
      119.26297760009766,
      154.1382293701172,
      157.4320526123047,
      94.56024169921875,
      98.33868408203125,
      21.49666404724121,
      23.34857177734375,
      5.170222282409668,
      5.024551868438721
    ],
    [
      119.37734985351562,
      84.05203247070312,
      80.0338134765625,
      87.91192626953125,
      82.20132446289062,
      82.92379760742188,
      119.16059875488281,
      114.71497344970703,
      132.51837158203125,
      124.4918212890625,
      157.4320526123047,
      163.56277465820312,
      97.94878387451172,
      102.22146606445312,
      22.568777084350586,
      24.64236831665039,
      5.4442138671875,
      5.28682804107666
    ],
    [
      68.49647521972656,
      51.41914367675781,
      47.07489013671875,
      51.80904006958008,
      46.7601318359375,
      47.75429916381836,
      77.41546630859375,
      74.48043823242188,
      85.46788787841797,
      79.98387908935547,
      94.56024169921875,
      97.94878387451172,
      69.40266418457031,
      71.63770294189453,
      17.20523452758789,
      18.805116653442383,
      3.913774251937866,
      3.8121211528778076
    ],
    [
      71.67947387695312,
      53.96609878540039,
      49.604217529296875,
      54.698909759521484,
      47.94954299926758,
      49.4501838684082,
      81.47215270996094,
      78.2979736328125,
      90.27714538574219,
      84.49095153808594,
      98.33868408203125,
      102.22146606445312,
      71.63770294189453,
      75.35697937011719,
      17.95427703857422,
      19.651187896728516,
      4.1430230140686035,
      4.04142951965332
    ],
    [
      15.00767707824707,
      12.065311431884766,
      11.240681648254395,
      12.061274528503418,
      10.116950988769531,
      10.504938125610352,
      19.67850112915039,
      18.48095703125,
      21.214874267578125,
      20.171337127685547,
      21.49666404724121,
      22.568777084350586,
      17.20523452758789,
      17.95427703857422,
      6.065093517303467,
      6.538751125335693,
      1.3036975860595703,
      1.2903484106063843
    ],
    [
      16.362865447998047,
      12.995068550109863,
      12.08857536315918,
      13.044746398925781,
      10.812491416931152,
      11.25086784362793,
      21.581480026245117,
      20.018274307250977,
      23.146282196044922,
      21.911468505859375,
      23.34857177734375,
      24.64236831665039,
      18.805116653442383,
      19.651187896728516,
      6.538751125335693,
      7.285048007965088,
      1.4095690250396729,
      1.3945422172546387
    ],
    [
      3.6032631397247314,
      2.867133617401123,
      2.716036558151245,
      2.9335458278656006,
      2.513946771621704,
      2.582427501678467,
      4.882095813751221,
      4.5623779296875,
      5.239591598510742,
      4.950648784637451,
      5.170222282409668,
      5.4442138671875,
      3.913774251937866,
      4.1430230140686035,
      1.3036975860595703,
      1.4095690250396729,
      0.3265305757522583,
      0.32035183906555176
    ],
    [
      3.4927070140838623,
      2.797605276107788,
      2.6614725589752197,
      2.869096040725708,
      2.401433229446411,
      2.487769842147827,
      4.7769293785095215,
      4.499730587005615,
      5.130321502685547,
      4.873876094818115,
      5.024551868438721,
      5.28682804107666,
      3.8121211528778076,
      4.04142951965332,
      1.2903484106063843,
      1.3945422172546387,
      0.32035183906555176,
      0.31844019889831543
    ]
  ],
  "covariance_short": [
    [
      119.26805114746094,
      65.31826782226562,
      62.932430267333984,
      68.47517395019531,
      58.39360046386719,
      58.83354568481445,
      78.17684936523438,
      78.21199798583984,
      92.27818298339844,
      86.87405395507812,
      109.04336547851562,
      110.34825134277344,
      62.65833282470703,
      65.14421844482422,
      12.43858814239502,
      13.667621612548828,
      3.4316184520721436,
      3.314897298812866
    ],
    [
      65.31826782226562,
      43.03902053833008,
      37.06315612792969,
      40.6634521484375,
      33.102447509765625,
      34.32100296020508,
      48.39350891113281,
      48.32051467895508,
      57.45146179199219,
      53.794734954833984,
      64.11531066894531,
      64.99951171875,
      39.81023025512695,
      41.570030212402344,
      8.48613452911377,
      9.318038940429688,
      2.2889156341552734,
      2.225289821624756
    ],
    [
      62.932430267333984,
      37.06315612792969,
      75.78244018554688,
      68.38006591796875,
      51.83279037475586,
      50.224124908447266,
      62.495635986328125,
      63.74238967895508,
      70.20691680908203,
      67.82938385009766,
      79.31201171875,
      80.71311950683594,
      45.974273681640625,
      48.17939376831055,
      9.872293472290039,
      10.62797737121582,
      2.7784483432769775,
      2.7135837078094482
    ],
    [
      68.47517395019531,
      40.6634521484375,
      68.38006591796875,
      77.17549896240234,
      50.843238830566406,
      51.29885482788086,
      64.50562286376953,
      65.7320785522461,
      73.87409973144531,
      71.27655792236328,
      85.33367919921875,
      86.68395233154297,
      49.46760940551758,
      51.99985885620117,
      10.17181396484375,
      11.054009437561035,
      2.8663527965545654,
      2.7983295917510986
    ],
    [
      58.39360046386719,
      33.102447509765625,
      51.83279037475586,
      50.843238830566406,
      70.83666229248047,
      61.65088653564453,
      66.78763580322266,
      66.44293212890625,
      70.70528411865234,
      67.58490753173828,
      81.92655944824219,
      84.31858825683594,
      45.91423034667969,
      47.096805572509766,
      9.303558349609375,
      9.933382987976074,
      2.672654628753662,
      2.5355465412139893
    ],
    [
      58.83354568481445,
      34.32100296020508,
      50.224124908447266,
      51.29885482788086,
      61.65088653564453,
      69.1865005493164,
      67.32949829101562,
      68.27487182617188,
      71.19060516357422,
      68.56134796142578,
      82.95594024658203,
      84.72201538085938,
      46.42042541503906,
      47.911407470703125,
      9.341084480285645,
      10.007330894470215,
      2.6867258548736572,
      2.576042890548706
    ],
    [
      78.17684936523438,
      48.39350891113281,
      62.495635986328125,
      64.50562286376953,
      66.78763580322266,
      67.32949829101562,
      122.65318298339844,
      109.01432800292969,
      110.86360168457031,
      105.93258666992188,
      113.6117935180664,
      116.45577239990234,
      72.71791076660156,
      75.95940399169922,
      17.169719696044922,
      18.71411895751953,
      5.045370101928711,
      4.9217352867126465
    ],
    [
      78.21199798583984,
      48.32051467895508,
      63.74238967895508,
      65.7320785522461,
      66.44293212890625,
      68.27487182617188,
      109.01432800292969,
      118.12852478027344,
      108.74391174316406,
      103.2547378540039,
      112.54042053222656,
      114.66097259521484,
      70.57318115234375,
      73.50569152832031,
      15.956385612487793,
      17.308399200439453,
      4.688970565795898,
      4.629990577697754
    ],
    [
      92.27818298339844,
      57.45146179199219,
      70.20691680908203,
      73.87409973144531,
      70.70528411865234,
      71.19060516357422,
      110.86360168457031,
      108.74391174316406,
      135.1785125732422,
      121.71124267578125,
      125.42974853515625,
      129.2065887451172,
      81.34774017333984,
      85.20341491699219,
      18.616943359375,
      20.36663818359375,
      5.412329196929932,
      5.276151657104492
    ],
    [
      86.87405395507812,
      53.794734954833984,
      67.82938385009766,
      71.27655792236328,
      67.58490753173828,
      68.56134796142578,
      105.93258666992188,
      103.2547378540039,
      121.71124267578125,
      125.32698822021484,
      119.45433807373047,
      123.56959533691406,
      76.44889068603516,
      80.01573944091797,
      17.711095809936523,
      19.295928955078125,
      5.130038738250732,
      5.045186996459961
    ],
    [
      109.04336547851562,
      64.11531066894531,
      79.31201171875,
      85.33367919921875,
      81.92655944824219,
      82.95594024658203,
      113.6117935180664,
      112.54042053222656,
      125.42974853515625,
      119.45433807373047,
      151.7172393798828,
      153.59652709960938,
      88.47278594970703,
      91.54008483886719,
      18.64408302307129,
      20.28359031677246,
      5.2057390213012695,
      5.0403547286987305
    ],
    [
      110.34825134277344,
      64.99951171875,
      80.71311950683594,
      86.68395233154297,
      84.31858825683594,
      84.72201538085938,
      116.45577239990234,
      114.66097259521484,
      129.2065887451172,
      123.56959533691406,
      153.59652709960938,
      159.76974487304688,
      90.5886459350586,
      93.99837493896484,
      19.44720458984375,
      21.216394424438477,
      5.437305450439453,
      5.262661457061768
    ],
    [
      62.65833282470703,
      39.81023025512695,
      45.974273681640625,
      49.46760940551758,
      45.91423034667969,
      46.42042541503906,
      72.71791076660156,
      70.57318115234375,
      81.34774017333984,
      76.44889068603516,
      88.47278594970703,
      90.5886459350586,
      65.02082061767578,
      66.20159149169922,
      15.099034309387207,
      16.578142166137695,
      3.963925361633301,
      3.852325677871704
    ],
    [
      65.14421844482422,
      41.570030212402344,
      48.17939376831055,
      51.99985885620117,
      47.096805572509766,
      47.911407470703125,
      75.95940399169922,
      73.50569152832031,
      85.20341491699219,
      80.01573944091797,
      91.54008483886719,
      93.99837493896484,
      66.20159149169922,
      69.74417877197266,
      15.706028938293457,
      17.2554874420166,
      4.176616191864014,
      4.0592360496521
    ],
    [
      12.43858814239502,
      8.48613452911377,
      9.872293472290039,
      10.17181396484375,
      9.303558349609375,
      9.341084480285645,
      17.169719696044922,
      15.956385612487793,
      18.616943359375,
      17.711095809936523,
      18.64408302307129,
      19.44720458984375,
      15.099034309387207,
      15.706028938293457,
      5.633476257324219,
      5.9775309562683105,
      1.3970576524734497,
      1.3719725608825684
    ],
    [
      13.667621612548828,
      9.318038940429688,
      10.62797737121582,
      11.054009437561035,
      9.933382987976074,
      10.007330894470215,
      18.71411895751953,
      17.308399200439453,
      20.36663818359375,
      19.295928955078125,
      20.28359031677246,
      21.216394424438477,
      16.578142166137695,
      17.2554874420166,
      5.9775309562683105,
      6.705965042114258,
      1.4919854402542114,
      1.4655200242996216
    ],
    [
      3.4316184520721436,
      2.2889156341552734,
      2.7784483432769775,
      2.8663527965545654,
      2.672654628753662,
      2.6867258548736572,
      5.045370101928711,
      4.688970565795898,
      5.412329196929932,
      5.130038738250732,
      5.2057390213012695,
      5.437305450439453,
      3.963925361633301,
      4.176616191864014,
      1.3970576524734497,
      1.4919854402542114,
      0.433849036693573,
      0.4177647829055786
    ],
    [
      3.314897298812866,
      2.225289821624756,
      2.7135837078094482,
      2.7983295917510986,
      2.5355465412139893,
      2.576042890548706,
      4.9217352867126465,
      4.629990577697754,
      5.276151657104492,
      5.045186996459961,
      5.0403547286987305,
      5.262661457061768,
      3.852325677871704,
      4.0592360496521,
      1.3719725608825684,
      1.4655200242996216,
      0.4177647829055786,
      0.4206548035144806
    ]
  ],
  "damage": -11.612716674804688,
  "diff_bandwidth": 716.5498657226562,
  "dissonance": 5.299377491288348,
  "drr": -1.5905001163482666,
  "dynamics": 6.132325172424316,
  "format": 1245190,
  "frames": 7647232,
  "loudness": -20.018848419189453,
  "loudness_range": 22.42432403564453,
  "loudness_range_short": 24.70477867126465,
  "lowpass_true_peak_15khz": -1.0984771251678467,
  "mastering3_acoustic_entropies": [
    {
      "acoustic_entropy": 6.0178608894348145,
      "acoustic_entropy_mono": 5.452736854553223,
      "band_eliminated_acoustic_entropies": [
        {
          "acoustic_entropy": 6.020119667053223,
          "acoustic_entropy_side": 6.017861843109131,
          "hz": 129.47220167065723
        },
        {
          "acoustic_entropy": 6.017017841339111,
          "acoustic_entropy_side": 6.017836570739746,
          "hz": 202.92927478742237
        },
        {
          "acoustic_entropy": 5.985006332397461,
          "acoustic_entropy_side": 6.012537002563477,
          "hz": 282.89161906338205
        },
        {
          "acoustic_entropy": 5.911228656768799,
          "acoustic_entropy_side": 5.9964494705200195,
          "hz": 369.9353335868758
        },
        {
          "acoustic_entropy": 6.198182582855225,
          "acoustic_entropy_side": 6.080589294433594,
          "hz": 464.6875360973435
        },
        {
          "acoustic_entropy": 6.584536075592041,
          "acoustic_entropy_side": 6.237345218658447,
          "hz": 567.8308811364784
        },
        {
          "acoustic_entropy": 6.573745250701904,
          "acoustic_entropy_side": 6.271297454833984,
          "hz": 680.1084783214808
        },
        {
          "acoustic_entropy": 5.661899089813232,
          "acoustic_entropy_side": 6.000339508056641,
          "hz": 802.3292461747484
        },
        {
          "acoustic_entropy": 6.2900471687316895,
          "acoustic_entropy_side": 5.935951232910156,
          "hz": 935.3737400823702
        },
        {
          "acoustic_entropy": 5.805446624755859,
          "acoustic_entropy_side": 5.94034481048584,
          "hz": 1080.2004963696966
        },
        {
          "acoustic_entropy": 5.708733081817627,
          "acoustic_entropy_side": 6.00044584274292,
          "hz": 1237.8529382007157
        },
        {
          "acoustic_entropy": 6.12098503112793,
          "acoustic_entropy_side": 6.100151538848877,
          "hz": 1409.4668930556702
        },
        {
          "acoustic_entropy": 5.980725288391113,
          "acoustic_entropy_side": 5.986886024475098,
          "hz": 1596.2787759475705
        },
        {
          "acoustic_entropy": 6.3508381843566895,
          "acoustic_entropy_side": 6.216433525085449,
          "hz": 1799.6344973346393
        },
        {
          "acoustic_entropy": 6.112529277801514,
          "acoustic_entropy_side": 6.082012176513672,
          "hz": 2020.9991599069049
        },
        {
          "acoustic_entropy": 5.940337657928467,
          "acoustic_entropy_side": 6.051499843597412,
          "hz": 2261.9676141086993
        },
        {
          "acoustic_entropy": 6.038759708404541,
          "acoustic_entropy_side": 6.033041477203369,
          "hz": 2524.2759484456974
        },
        {
          "acoustic_entropy": 6.012120723724365,
          "acoustic_entropy_side": 6.023000717163086,
          "hz": 2809.813997359896
        },
        {
          "acoustic_entropy": 6.013978481292725,
          "acoustic_entropy_side": 6.017164707183838,
          "hz": 3120.6389567871424
        },
        {
          "acoustic_entropy": 6.012522220611572,
          "acoustic_entropy_side": 6.017497539520264,
          "hz": 3458.990205492291
        },
        {
          "acoustic_entropy": 6.024148941040039,
          "acoustic_entropy_side": 6.024237632751465,
          "hz": 3827.305438964164
        },
        {
          "acoustic_entropy": 6.019383907318115,
          "acoustic_entropy_side": 6.020224571228027,
          "hz": 4228.238232109126
        },
        {
          "acoustic_entropy": 6.02169132232666,
          "acoustic_entropy_side": 6.020436763763428,
          "hz": 4664.6771572759235
        },
        {
          "acoustic_entropy": 6.017971515655518,
          "acoustic_entropy_side": 6.017963409423828,
          "hz": 5139.766595350093
        },
        {
          "acoustic_entropy": 6.018107891082764,
          "acoustic_entropy_side": 6.0180583000183105,
          "hz": 5656.929389854203
        },
        {
          "acoustic_entropy": 6.0179901123046875,
          "acoustic_entropy_side": 6.0179853439331055,
          "hz": 6219.891507268283
        },
        {
          "acoustic_entropy": 6.017911911010742,
          "acoustic_entropy_side": 6.017885208129883,
          "hz": 6832.70888123896
        },
        {
          "acoustic_entropy": 6.017868995666504,
          "acoustic_entropy_side": 6.017864227294922,
          "hz": 7499.796634079867
        },
        {
          "acoustic_entropy": 6.017862319946289,
          "acoustic_entropy_side": 6.017861366271973,
          "hz": 8225.96088609342
        },
        {
          "acoustic_entropy": 6.0178608894348145,
          "acoustic_entropy_side": 6.0178608894348145,
          "hz": 9016.43338188839
        },
        {
          "acoustic_entropy": 6.017861366271973,
          "acoustic_entropy_side": 6.0178608894348145,
          "hz": 9876.909183162974
        },
        {
          "acoustic_entropy": 6.0178608894348145,
          "acoustic_entropy_side": 6.0178608894348145,
          "hz": 10813.587699516042
        },
        {
          "acoustic_entropy": 6.0178608894348145,
          "acoustic_entropy_side": 6.0178608894348145,
          "hz": 11833.21735289826
        },
        {
          "acoustic_entropy": 6.0178608894348145,
          "acoustic_entropy_side": 6.0178608894348145,
          "hz": 12943.144197493959
        },
        {
          "acoustic_entropy": 6.0178608894348145,
          "acoustic_entropy_side": 6.0178608894348145,
          "hz": 14151.364845322005
        },
        {
          "acoustic_entropy": 6.0178608894348145,
          "acoustic_entropy_side": 6.0178608894348145,
          "hz": 15466.58407886509
        },
        {
          "acoustic_entropy": 6.0178608894348145,
          "acoustic_entropy_side": 6.0178608894348145,
          "hz": 16898.27756580493
        },
        {
          "acoustic_entropy": 6.0178608894348145,
          "acoustic_entropy_side": 6.0178608894348145,
          "hz": 18456.760127700032
        },
        {
          "acoustic_entropy": 6.0178608894348145,
          "acoustic_entropy_side": 6.0178608894348145,
          "hz": 20153.260054456492
        },
        {
          "acoustic_entropy": 6.0178608894348145,
          "acoustic_entropy_side": 6.0178608894348145,
          "hz": 22000.00000000001
        }
      ],
      "diff_acoustic_entropy": 4.318955421447754,
      "sn": 6
    },
    {
      "acoustic_entropy": 8.747200012207031,
      "acoustic_entropy_mono": 7.4847307205200195,
      "band_eliminated_acoustic_entropies": [
        {
          "acoustic_entropy": 8.734302520751953,
          "acoustic_entropy_side": 8.747185707092285,
          "hz": 129.47220167065723
        },
        {
          "acoustic_entropy": 8.705228805541992,
          "acoustic_entropy_side": 8.746447563171387,
          "hz": 202.92927478742237
        },
        {
          "acoustic_entropy": 8.820653915405273,
          "acoustic_entropy_side": 8.803930282592773,
          "hz": 282.89161906338205
        },
        {
          "acoustic_entropy": 9.063128471374512,
          "acoustic_entropy_side": 8.7260160446167,
          "hz": 369.9353335868758
        },
        {
          "acoustic_entropy": 9.349621772766113,
          "acoustic_entropy_side": 8.842894554138184,
          "hz": 464.6875360973435
        },
        {
          "acoustic_entropy": 9.170035362243652,
          "acoustic_entropy_side": 9.180534362792969,
          "hz": 567.8308811364784
        },
        {
          "acoustic_entropy": 9.394501686096191,
          "acoustic_entropy_side": 9.302499771118164,
          "hz": 680.1084783214808
        },
        {
          "acoustic_entropy": 7.786063194274902,
          "acoustic_entropy_side": 8.933687210083008,
          "hz": 802.3292461747484
        },
        {
          "acoustic_entropy": 9.023685455322266,
          "acoustic_entropy_side": 8.622499465942383,
          "hz": 935.3737400823702
        },
        {
          "acoustic_entropy": 8.455548286437988,
          "acoustic_entropy_side": 8.29351806640625,
          "hz": 1080.2004963696966
        },
        {
          "acoustic_entropy": 8.550797462463379,
          "acoustic_entropy_side": 8.927003860473633,
          "hz": 1237.8529382007157
        },
        {
          "acoustic_entropy": 8.956056594848633,
          "acoustic_entropy_side": 8.947379112243652,
          "hz": 1409.4668930556702
        },
        {
          "acoustic_entropy": 8.623257637023926,
          "acoustic_entropy_side": 8.821331024169922,
          "hz": 1596.2787759475705
        },
        {
          "acoustic_entropy": 8.569803237915039,
          "acoustic_entropy_side": 8.836410522460938,
          "hz": 1799.6344973346393
        },
        {
          "acoustic_entropy": 8.615645408630371,
          "acoustic_entropy_side": 8.709043502807617,
          "hz": 2020.9991599069049
        },
        {
          "acoustic_entropy": 8.912428855895996,
          "acoustic_entropy_side": 8.808589935302734,
          "hz": 2261.9676141086993
        },
        {
          "acoustic_entropy": 8.505416870117188,
          "acoustic_entropy_side": 8.684154510498047,
          "hz": 2524.2759484456974
        },
        {
          "acoustic_entropy": 8.573997497558594,
          "acoustic_entropy_side": 8.667339324951172,
          "hz": 2809.813997359896
        },
        {
          "acoustic_entropy": 8.60811996459961,
          "acoustic_entropy_side": 8.600417137145996,
          "hz": 3120.6389567871424
        },
        {
          "acoustic_entropy": 8.595355987548828,
          "acoustic_entropy_side": 8.60222053527832,
          "hz": 3458.990205492291
        },
        {
          "acoustic_entropy": 8.748004913330078,
          "acoustic_entropy_side": 8.744255065917969,
          "hz": 3827.305438964164
        },
        {
          "acoustic_entropy": 8.74509048461914,
          "acoustic_entropy_side": 8.75527286529541,
          "hz": 4228.238232109126
        },
        {
          "acoustic_entropy": 8.726249694824219,
          "acoustic_entropy_side": 8.73828411102295,
          "hz": 4664.6771572759235
        },
        {
          "acoustic_entropy": 8.72348403930664,
          "acoustic_entropy_side": 8.73141098022461,
          "hz": 5139.766595350093
        },
        {
          "acoustic_entropy": 8.742432594299316,
          "acoustic_entropy_side": 8.745100975036621,
          "hz": 5656.929389854203
        },
        {
          "acoustic_entropy": 8.745511054992676,
          "acoustic_entropy_side": 8.746285438537598,
          "hz": 6219.891507268283
        },
        {
          "acoustic_entropy": 8.74630069732666,
          "acoustic_entropy_side": 8.746737480163574,
          "hz": 6832.70888123896
        },
        {
          "acoustic_entropy": 8.747051239013672,
          "acoustic_entropy_side": 8.747112274169922,
          "hz": 7499.796634079867
        },
        {
          "acoustic_entropy": 8.747166633605957,
          "acoustic_entropy_side": 8.747177124023438,
          "hz": 8225.96088609342
        },
        {
          "acoustic_entropy": 8.747188568115234,
          "acoustic_entropy_side": 8.747190475463867,
          "hz": 9016.43338188839
        },
        {
          "acoustic_entropy": 8.747197151184082,
          "acoustic_entropy_side": 8.747197151184082,
          "hz": 9876.909183162974
        },
        {
          "acoustic_entropy": 8.747200965881348,
          "acoustic_entropy_side": 8.747200965881348,
          "hz": 10813.587699516042
        },
        {
          "acoustic_entropy": 8.747200012207031,
          "acoustic_entropy_side": 8.747200012207031,
          "hz": 11833.21735289826
        },
        {
          "acoustic_entropy": 8.747200012207031,
          "acoustic_entropy_side": 8.747200012207031,
          "hz": 12943.144197493959
        },
        {
          "acoustic_entropy": 8.747200012207031,
          "acoustic_entropy_side": 8.747200012207031,
          "hz": 14151.364845322005
        },
        {
          "acoustic_entropy": 8.747200012207031,
          "acoustic_entropy_side": 8.747200012207031,
          "hz": 15466.58407886509
        },
        {
          "acoustic_entropy": 8.747200012207031,
          "acoustic_entropy_side": 8.747200012207031,
          "hz": 16898.27756580493
        },
        {
          "acoustic_entropy": 8.747200012207031,
          "acoustic_entropy_side": 8.747200012207031,
          "hz": 18456.760127700032
        },
        {
          "acoustic_entropy": 8.747200012207031,
          "acoustic_entropy_side": 8.747200012207031,
          "hz": 20153.260054456492
        },
        {
          "acoustic_entropy": 8.747200012207031,
          "acoustic_entropy_side": 8.747200012207031,
          "hz": 22000.00000000001
        }
      ],
      "diff_acoustic_entropy": 5.95255184173584,
      "sn": 12
    },
    {
      "acoustic_entropy": 12.605485916137695,
      "acoustic_entropy_mono": 11.640556335449219,
      "band_eliminated_acoustic_entropies": [
        {
          "acoustic_entropy": 12.402602195739746,
          "acoustic_entropy_side": 12.610357284545898,
          "hz": 129.47220167065723
        },
        {
          "acoustic_entropy": 12.92932415008545,
          "acoustic_entropy_side": 12.590606689453125,
          "hz": 202.92927478742237
        },
        {
          "acoustic_entropy": 13.146037101745605,
          "acoustic_entropy_side": 12.620981216430664,
          "hz": 282.89161906338205
        },
        {
          "acoustic_entropy": 12.62581729888916,
          "acoustic_entropy_side": 12.752050399780273,
          "hz": 369.9353335868758
        },
        {
          "acoustic_entropy": 13.102996826171875,
          "acoustic_entropy_side": 12.912294387817383,
          "hz": 464.6875360973435
        },
        {
          "acoustic_entropy": 13.412800788879395,
          "acoustic_entropy_side": 13.21729564666748,
          "hz": 567.8308811364784
        },
        {
          "acoustic_entropy": 13.503331184387207,
          "acoustic_entropy_side": 12.899724960327148,
          "hz": 680.1084783214808
        },
        {
          "acoustic_entropy": 12.125509262084961,
          "acoustic_entropy_side": 13.219154357910156,
          "hz": 802.3292461747484
        },
        {
          "acoustic_entropy": 12.80606460571289,
          "acoustic_entropy_side": 12.761937141418457,
          "hz": 935.3737400823702
        },
        {
          "acoustic_entropy": 13.632271766662598,
          "acoustic_entropy_side": 13.688796043395996,
          "hz": 1080.2004963696966
        },
        {
          "acoustic_entropy": 12.875356674194336,
          "acoustic_entropy_side": 12.305264472961426,
          "hz": 1237.8529382007157
        },
        {
          "acoustic_entropy": 12.844980239868164,
          "acoustic_entropy_side": 12.84279727935791,
          "hz": 1409.4668930556702
        },
        {
          "acoustic_entropy": 13.183788299560547,
          "acoustic_entropy_side": 12.61627197265625,
          "hz": 1596.2787759475705
        },
        {
          "acoustic_entropy": 13.058052062988281,
          "acoustic_entropy_side": 13.276459693908691,
          "hz": 1799.6344973346393
        },
        {
          "acoustic_entropy": 12.966309547424316,
          "acoustic_entropy_side": 12.816864013671875,
          "hz": 2020.9991599069049
        },
        {
          "acoustic_entropy": 12.77684497833252,
          "acoustic_entropy_side": 12.900540351867676,
          "hz": 2261.9676141086993
        },
        {
          "acoustic_entropy": 12.86953067779541,
          "acoustic_entropy_side": 12.943456649780273,
          "hz": 2524.2759484456974
        },
        {
          "acoustic_entropy": 12.817687034606934,
          "acoustic_entropy_side": 12.670276641845703,
          "hz": 2809.813997359896
        },
        {
          "acoustic_entropy": 12.790249824523926,
          "acoustic_entropy_side": 12.679221153259277,
          "hz": 3120.6389567871424
        },
        {
          "acoustic_entropy": 12.43104362487793,
          "acoustic_entropy_side": 12.577000617980957,
