{
  "acoustic_entropy": 205.15478515625,
  "bands": [
    {
      "high_freq": 148.1999969482422,
      "loudness": -30.849332809448242,
      "loudness_range": 16.863630294799805,
      "mid_mean": -27.9840145111084,
      "mid_to_side_loudness": -7.191042900085449,
      "mid_to_side_loudness_range": 6.0371413230896,
      "side_mean": -35.346031188964844
    },
    {
      "high_freq": 392.3793640136719,
      "loudness": -20.91379737854004,
      "loudness_range": 8.321191787719727,
      "low_freq": 148.1999969482422,
      "mid_mean": -18.7647647857666,
      "mid_to_side_loudness": -4.407814025878906,
      "mid_to_side_loudness_range": 9.061691284179688,
      "side_mean": -23.163076400756836
    },
    {
      "high_freq": 794.6976318359375,
      "loudness": -21.470138549804688,
      "loudness_range": 10.236255645751953,
      "low_freq": 392.3793640136719,
      "mid_mean": -19.514686584472656,
      "mid_to_side_loudness": -4.779413223266602,
      "mid_to_side_loudness_range": 12.76883316040039,
      "side_mean": -24.227388381958008
    },
    {
      "high_freq": 1457.5709228515625,
      "loudness": -29.18100929260254,
      "loudness_range": 17.79640769958496,
      "low_freq": 794.6976318359375,
      "mid_mean": -26.52768898010254,
      "mid_to_side_loudness": -8.47712230682373,
      "mid_to_side_loudness_range": 18.641084671020508,
      "side_mean": -35.325927734375
    },
    {
      "high_freq": 2549.74365234375,
      "loudness": -30.185983657836914,
      "loudness_range": 22.57315444946289,
      "low_freq": 1457.5709228515625,
      "mid_mean": -27.171140670776367,
      "mid_to_side_loudness": -11.627217292785645,
      "mid_to_side_loudness_range": 19.513547897338867,
      "side_mean": -39.31065368652344
    },
    {
      "high_freq": 4349.24462890625,
      "loudness": -35.387245178222656,
      "loudness_range": 17.73493194580078,
      "low_freq": 2549.74365234375,
      "mid_mean": -32.58802795410156,
      "mid_to_side_loudness": -10.865323066711426,
      "mid_to_side_loudness_range": 19.417678833007812,
      "side_mean": -43.921180725097656
    },
    {
      "high_freq": 7314.1640625,
      "loudness": -36.153587341308594,
      "loudness_range": 16.340070724487305,
      "low_freq": 4349.24462890625,
      "mid_mean": -33.35603332519531,
      "mid_to_side_loudness": -11.930031776428223,
      "mid_to_side_loudness_range": 20.577289581298828,
      "side_mean": -46.232059478759766
    },
    {
      "high_freq": 12199.2666015625,
      "loudness": -45.12023162841797,
      "loudness_range": 24.779924392700195,
      "low_freq": 7314.1640625,
      "mid_mean": -42.73015594482422,
      "mid_to_side_loudness": -8.406257629394531,
      "mid_to_side_loudness_range": 17.472110748291016,
      "side_mean": -52.728126525878906
    },
    {
      "loudness": -52.68876647949219,
      "loudness_range": 30.545948028564453,
      "low_freq": 12199.2666015625,
      "mid_mean": -51.552852630615234,
      "mid_to_side_loudness": -7.496978282928467,
      "mid_to_side_loudness_range": 17.03921127319336,
      "side_mean": -57.68029022216797
    }
  ],
  "bands_short": [
    {
      "high_freq": 148.1999969482422,
      "loudness": -36.77058410644531,
      "loudness_range": 18.77739906311035,
      "mid_mean": -34.000770568847656,
      "mid_to_side_loudness": -7.453874111175537,
      "mid_to_side_loudness_range": 8.202333450317383,
      "side_mean": -41.523319244384766
    },
    {
      "high_freq": 392.3793640136719,
      "loudness": -20.76219367980957,
      "loudness_range": 9.298795700073242,
      "low_freq": 148.1999969482422,
      "mid_mean": -18.79438591003418,
      "mid_to_side_loudness": -4.600488185882568,
      "mid_to_side_loudness_range": 11.14637565612793,
      "side_mean": -23.26866912841797
    },
    {
      "high_freq": 794.6976318359375,
      "loudness": -21.84444808959961,
      "loudness_range": 11.765484809875488,
      "low_freq": 392.3793640136719,
      "mid_mean": -20.262008666992188,
      "mid_to_side_loudness": -4.698060512542725,
      "mid_to_side_loudness_range": 17.765453338623047,
      "side_mean": -24.990907669067383
    },
    {
      "high_freq": 1457.5709228515625,
      "loudness": -28.794851303100586,
      "loudness_range": 18.208406448364258,
      "low_freq": 794.6976318359375,
      "mid_mean": -26.271005630493164,
      "mid_to_side_loudness": -8.829673767089844,
      "mid_to_side_loudness_range": 22.145051956176758,
      "side_mean": -35.4721794128418
    },
    {
      "high_freq": 2549.74365234375,
      "loudness": -30.886760711669922,
      "loudness_range": 24.058948516845703,
      "low_freq": 1457.5709228515625,
      "mid_mean": -28.073604583740234,
      "mid_to_side_loudness": -11.373584747314453,
      "mid_to_side_loudness_range": 20.564720153808594,
      "side_mean": -39.967498779296875
    },
    {
      "high_freq": 4349.24462890625,
      "loudness": -36.24061965942383,
      "loudness_range": 20.581523895263672,
      "low_freq": 2549.74365234375,
      "mid_mean": -33.478485107421875,
      "mid_to_side_loudness": -10.891340255737305,
      "mid_to_side_loudness_range": 21.0592098236084,
      "side_mean": -44.93375015258789
    },
    {
      "high_freq": 7314.1640625,
      "loudness": -36.67594909667969,
      "loudness_range": 19.006916046142578,
      "low_freq": 4349.24462890625,
      "mid_mean": -33.9741096496582,
      "mid_to_side_loudness": -12.141731262207031,
      "mid_to_side_loudness_range": 22.384765625,
      "side_mean": -47.5421142578125
    },
    {
      "high_freq": 12199.2666015625,
      "loudness": -46.96581268310547,
      "loudness_range": 26.086767196655273,
      "low_freq": 7314.1640625,
      "mid_mean": -44.684783935546875,
      "mid_to_side_loudness": -9.594512939453125,
      "mid_to_side_loudness_range": 19.70981216430664,
      "side_mean": -55.54574203491211
    },
    {
      "loudness": -54.77006912231445,
      "loudness_range": 32.25297546386719,
      "low_freq": 12199.2666015625,
      "mid_mean": -53.26321029663086,
      "mid_to_side_loudness": -8.60642147064209,
      "mid_to_side_loudness_range": 20.14726448059082,
      "side_mean": -59.91727828979492
    }
  ],
  "bandwidth": 577.9603271484375,
  "channels": 2,
  "covariance": [
    [
      35.49324417114258,
      38.21739196777344,
      -0.8226903676986694,
      -0.6703355312347412,
      8.643760681152344,
      4.297582626342773,
      -2.245250701904297,
      -4.485651969909668,
      14.593856811523438,
      8.761076927185059,
      9.248087882995605,
      2.1400256156921387,
      9.52789306640625,
      5.203766345977783,
      9.6248140335083,
      1.1540653705596924,
      6.962618350982666,
      -3.2970476150512695
    ],
    [
      38.21739196777344,
      46.683265686035156,
      -2.4278478622436523,
      -1.177718162536621,
      10.742439270019531,
      5.949509620666504,
      -3.560429334640503,
      -5.188101768493652,
      17.67646598815918,
      11.667783737182617,
      10.148385047912598,
      2.5895497798919678,
      9.803549766540527,
      4.277151584625244,
      10.654716491699219,
      0.32430124282836914,
      8.268298149108887,
      -4.035856246948242
    ],
    [
      -0.8226903676986694,
      -2.4278478622436523,
      15.586496353149414,
      9.5755615234375,
      0.08839558064937592,
      2.9667816162109375,
      5.272014617919922,
      3.8936779499053955,
      -3.6543941497802734,
      -1.3037941455841064,
      0.48069900274276733,
      1.421845555305481,
      0.3644413650035858,
      -0.9035026431083679,
      -5.797720432281494,
      -3.288618803024292,
      0.9123007655143738,
      -1.3228799104690552
    ],
    [
      -0.6703355312347412,
      -1.177718162536621,
      9.5755615234375,
      13.026281356811523,
      1.6075383424758911,
      5.585957050323486,
      4.928282260894775,
      7.159097194671631,
      -4.895112991333008,
      -0.4775179326534271,
      -1.2303321361541748,
      2.6413414478302,
      -1.2511614561080933,
      0.5069752931594849,
      -4.617328643798828,
      -1.8802765607833862,
      1.7900097370147705,
      -0.11386328190565109
    ],
    [
      8.643760681152344,
      10.742439270019531,
      0.08839558064937592,
      1.6075383424758911,
      22.57977294921875,
      9.630156517028809,
      -5.167020320892334,
      -3.1046154499053955,
      14.30456829071045,
      8.113033294677734,
      9.922422409057617,
      3.709768772125244,
      9.873477935791016,
      6.592011451721191,
      9.42100715637207,
      5.205289363861084,
      6.355410575866699,
      -0.9461870193481445
    ],
    [
      4.297582626342773,
      5.949509620666504,
      2.9667816162109375,
      5.585957050323486,
      9.630156517028809,
      21.669450759887695,
      4.96306037902832,
      14.424054145812988,
      -0.24377591907978058,
      5.786016941070557,
      3.8979251384735107,
      9.165159225463867,
      1.7774170637130737,
      9.047813415527344,
      6.329516410827637,
      9.504589080810547,
      9.233390808105469,
      7.455875873565674
    ],
    [
      -2.245250701904297,
      -3.560429334640503,
      5.272014617919922,
      4.928282260894775,
      -5.167020320892334,
      4.96306037902832,
      46.25299072265625,
      23.2342472076416,
      4.674061298370361,
      8.220337867736816,
      18.690113067626953,
      15.403849601745605,
      12.778438568115234,
      8.457276344299316,
      10.694694519042969,
      10.156476020812988,
      13.971854209899902,
      4.888719081878662
    ],
    [
      -4.485651969909668,
      -5.188101768493652,
      3.8936779499053955,
      7.159097194671631,
      -3.1046154499053955,
      14.424054145812988,
      23.2342472076416,
      47.67721939086914,
      -20.34919548034668,
      7.780667304992676,
      -3.6482272148132324,
      26.407981872558594,
      -9.804058074951172,
      18.717344284057617,
      15.131585121154785,
      34.0004997253418,
      29.782258987426758,
      40.31739044189453
    ],
    [
      14.593856811523438,
      17.67646598815918,
      -3.6543941497802734,
      -4.895112991333008,
      14.30456829071045,
      -0.24377591907978058,
      4.674061298370361,
      -20.34919548034668,
      66.63126373291016,
      25.926925659179688,
      41.203697204589844,
      1.5683256387710571,
      41.27206802368164,
      1.7589975595474243,
      15.947263717651367,
      -14.197587966918945,
      -7.51750373840332,
      -35.16285705566406
    ],
    [
      8.761076927185059,
      11.667783737182617,
      -1.3037941455841064,
      -0.4775179326534271,
      8.113033294677734,
      5.786016941070557,
      8.220337867736816,
      7.780667304992676,
      25.926925659179688,
      32.74484634399414,
      17.25461769104004,
      16.279903411865234,
      13.131074905395508,
      14.6500883102417,
      14.670553207397461,
      12.229696273803711,
      11.869525909423828,
      5.497570991516113
    ],
    [
      9.248087882995605,
      10.148385047912598,
      0.48069900274276733,
      -1.2303321361541748,
      9.922422409057617,
      3.8979251384735107,
      18.690113067626953,
      -3.6482272148132324,
      41.203697204589844,
      17.25461769104004,
      46.49540710449219,
      16.189922332763672,
      35.07440948486328,
      12.7437162399292,
      24.779157638549805,
      7.807055950164795,
      13.321022033691406,
      -8.367046356201172
    ],
    [
      2.1400256156921387,
      2.5895497798919678,
      1.421845555305481,
      2.6413414478302,
      3.709768772125244,
      9.165159225463867,
      15.403849601745605,
      26.407981872558594,
      1.5683256387710571,
      16.279903411865234,
      16.189922332763672,
      38.862457275390625,
      5.7244768142700195,
      27.244491577148438,
      28.461637496948242,
      44.74957275390625,
      37.46755599975586,
      43.60649871826172
    ],
    [
      9.52789306640625,
      9.803549766540527,
      0.3644413650035858,
      -1.2511614561080933,
      9.873477935791016,
      1.7774170637130737,
      12.778438568115234,
      -9.804058074951172,
      41.27206802368164,
      13.131074905395508,
      35.07440948486328,
      5.7244768142700195,
      47.49176025390625,
      12.417229652404785,
      19.15192222595215,
      -0.369050532579422,
      4.473039150238037,
      -13.634926795959473
    ],
    [
      5.203766345977783,
      4.277151584625244,
      -0.9035026431083679,
      0.5069752931594849,
      6.592011451721191,
      9.047813415527344,
      8.457276344299316,
      18.717344284057617,
      1.7589975595474243,
      14.6500883102417,
      12.7437162399292,
      27.244491577148438,
      12.417229652404785,
      41.74885177612305,
      32.068756103515625,
      51.273094177246094,
      44.457313537597656,
      53.8353271484375
    ],
    [
      9.6248140335083,
      10.654716491699219,
      -5.797720432281494,
      -4.617328643798828,
      9.42100715637207,
      6.329516410827637,
      10.694694519042969,
      15.131585121154785,
      15.947263717651367,
      14.670553207397461,
      24.779157638549805,
      28.461637496948242,
      19.15192222595215,
      32.068756103515625,
      58.74604415893555,
      62.15629577636719,
      51.76494216918945,
      52.23198699951172
    ],
    [
      1.1540653705596924,
      0.32430124282836914,
      -3.288618803024292,
      -1.8802765607833862,
      5.205289363861084,
      9.504589080810547,
      10.156476020812988,
      34.0004997253418,
      -14.197587966918945,
      12.229696273803711,
      7.807055950164795,
      44.74957275390625,
      -0.369050532579422,
      51.273094177246094,
      62.15629577636719,
      124.61182403564453,
      96.42250061035156,
      118.07252502441406
    ],
    [
      6.962618350982666,
      8.268298149108887,
      0.9123007655143738,
      1.7900097370147705,
      6.355410575866699,
      9.233390808105469,
      13.971854209899902,
      29.782258987426758,
      -7.51750373840332,
      11.869525909423828,
      13.321022033691406,
      37.46755599975586,
      4.473039150238037,
      44.457313537597656,
      51.76494216918945,
      96.42250061035156,
      99.01834869384766,
      101.8952865600586
    ],
    [
      -3.2970476150512695,
      -4.035856246948242,
      -1.3228799104690552,
      -0.11386328190565109,
      -0.9461870193481445,
      7.455875873565674,
      4.888719081878662,
      40.31739044189453,
      -35.16285705566406,
      5.497570991516113,
      -8.367046356201172,
      43.60649871826172,
      -13.634926795959473,
      53.8353271484375,
      52.23198699951172,
      118.07252502441406,
      101.8952865600586,
      139.21878051757812
    ]
  ],
  "covariance_short": [
    [
      47.337074279785156,
      42.792118072509766,
      6.162233352661133,
      2.1957778930664062,
      5.943139553070068,
      5.365914821624756,
      4.872607707977295,
      -2.1879286766052246,
      14.988639831542969,
      5.354396343231201,
      13.893604278564453,
      2.5517592430114746,
      14.526042938232422,
      6.721631050109863,
      8.82198429107666,
      -1.3170632123947144,
      6.408467769622803,
      -5.002904891967773
    ],
    [
      42.792118072509766,
      47.865318298339844,
      5.989409446716309,
      4.0138421058654785,
      8.07421875,
      7.326911449432373,
      5.582050323486328,
      -0.805515468120575,
      17.98745346069336,
      9.295018196105957,
      15.429960250854492,
      3.883997917175293,
      14.994061470031738,
      7.301046371459961,
      10.476064682006836,
      -0.7581641674041748,
      7.208855628967285,
      -6.501689434051514
    ],
    [
      6.162233352661133,
      5.989409446716309,
      20.89280128479004,
      10.4269380569458,
      -0.5028363466262817,
      4.6974992752075195,
      4.755690097808838,
      4.754051208496094,
      -1.5043525695800781,
      0.7644436359405518,
      0.4536776840686798,
      2.592160224914551,
      0.3356391489505768,
      1.461374282836914,
      -3.042175769805908,
      0.4800778925418854,
      2.983133554458618,
      2.0200772285461426
    ],
    [
      2.1957778930664062,
      4.0138421058654785,
      10.4269380569458,
      17.376144409179688,
      2.40602445602417,
      6.358369827270508,
      5.234625816345215,
      6.673085689544678,
      -1.7954596281051636,
      1.1137057542800903,
      0.13517530262470245,
      3.0525894165039062,
      -0.672142505645752,
      1.3823760747909546,
      -2.497083902359009,
      1.1206998825073242,
      4.212101936340332,
      2.907367706298828
    ],
    [
      5.943139553070068,
      8.07421875,
      -0.5028363466262817,
      2.40602445602417,
      30.887027740478516,
      11.100011825561523,
      -3.4317080974578857,
      -0.6745650768280029,
      16.460153579711914,
      9.125048637390137,
      12.34502124786377,
      5.809031009674072,
      11.026314735412598,
      8.907551765441895,
      14.797470092773438,
      7.720202445983887,
      7.468660831451416,
      -0.10775386542081833
    ],
    [
      5.365914821624756,
      7.326911449432373,
      4.6974992752075195,
      6.358369827270508,
      11.100011825561523,
      30.78079605102539,
      6.423811912536621,
      16.858428955078125,
      0.40547245740890503,
      5.8201727867126465,
      4.08370304107666,
      11.035798072814941,
      1.189304232597351,
      10.222583770751953,
      9.62051010131836,
      14.556220054626465,
      12.967374801635742,
      12.20142650604248
    ],
    [
      4.872607707977295,
      5.582050323486328,
      4.755690097808838,
      5.234625816345215,
      -3.4317080974578857,
      6.423811912536621,
      49.985904693603516,
      20.437469482421875,
      12.52280044555664,
      10.224631309509277,
      22.801254272460938,
      15.60955810546875,
      18.64763832092285,
      11.820582389831543,
      14.139894485473633,
      12.010942459106445,
      18.191373825073242,
      5.22200345993042
    ],
    [
      -2.1879286766052246,
      -0.805515468120575,
      4.754051208496094,
      6.673085689544678,
      -0.6745650768280029,
      16.858428955078125,
      20.437469482421875,
      50.615966796875,
      -17.14730453491211,
      8.538888931274414,
      -2.959125518798828,
      25.62755012512207,
      -9.509897232055664,
      18.82379722595215,
      18.083229064941406,
      40.32740020751953,
      32.68749237060547,
      44.43940734863281
    ],
    [
      14.988639831542969,
      17.98745346069336,
      -1.5043525695800781,
      -1.7954596281051636,
      16.460153579711914,
      0.40547245740890503,
      12.52280044555664,
      -17.14730453491211,
      76.48664855957031,
      30.124164581298828,
      50.13908004760742,
      6.888256549835205,
      49.74076843261719,
      7.245448112487793,
      24.5603084564209,
      -16.03084373474121,
      -6.197570323944092,
      -40.648956298828125
    ],
    [
      5.354396343231201,
      9.295018196105957,
      0.7644436359405518,
      1.1137057542800903,
      9.125048637390137,
      5.8201727867126465,
      10.224631309509277,
      8.538888931274414,
      30.124164581298828,
      37.63541793823242,
      20.550621032714844,
      18.1252384185791,
      14.686366081237793,
      16.45469093322754,
      18.940357208251953,
      15.489386558532715,
      12.455082893371582,
      5.314255714416504
    ],
    [
      13.893604278564453,
      15.429960250854492,
      0.4536776840686798,
      0.13517530262470245,
      12.34502124786377,
      4.08370304107666,
      22.801254272460938,
      -2.959125518798828,
      50.13908004760742,
      20.550621032714844,
      59.48255157470703,
      20.879549026489258,
      45.236000061035156,
      18.48752212524414,
      36.81595230102539,
      8.621159553527832,
      17.237926483154297,
      -11.170483589172363
    ],
    [
      2.5517592430114746,
      3.883997917175293,
      2.592160224914551,
      3.0525894165039062,
      5.809031009674072,
      11.035798072814941,
      15.60955810546875,
      25.62755012512207,
      6.888256549835205,
      18.1252384185791,
      20.879549026489258,
      43.46743392944336,
      8.31704044342041,
      31.334821701049805,
      34.7394905090332,
      50.26775360107422,
      40.25815963745117,
      45.177547454833984
    ],
    [
      14.526042938232422,
      14.994061470031738,
      0.3356391489505768,
      -0.672142505645752,
      11.026314735412598,
      1.189304232597351,
      18.64763832092285,
      -9.509897232055664,
      49.74076843261719,
      14.686366081237793,
      45.236000061035156,
      8.31704044342041,
      62.14308547973633,
      16.58732032775879,
      29.55659294128418,
      -3.1610467433929443,
      6.3592848777771,
      -19.356964111328125
    ],
    [
      6.721631050109863,
      7.301046371459961,
      1.461374282836914,
      1.3823760747909546,
      8.907551765441895,
      10.222583770751953,
      11.820582389831543,
      18.82379722595215,
      7.245448112487793,
      16.45469093322754,
      18.48752212524414,
      31.334821701049805,
      16.58732032775879,
      49.937923431396484,
      39.834476470947266,
      56.52430725097656,
      48.12709426879883,
      54.60103225708008
    ],
    [
      8.82198429107666,
      10.476064682006836,
      -3.042175769805908,
      -2.497083902359009,
      14.797470092773438,
      9.62051010131836,
      14.139894485473633,
      18.083229064941406,
      24.5603084564209,
      18.940357208251953,
      36.81595230102539,
      34.7394905090332,
      29.55659294128418,
      39.834476470947266,
      75.40211486816406,
      67.57269287109375,
      59.25005340576172,
      51.72917556762695
    ],
    [
      -1.3170632123947144,
      -0.7581641674041748,
      0.4800778925418854,
      1.1206998825073242,
      7.720202445983887,
      14.556220054626465,
      12.010942459106445,
      40.32740020751953,
      -16.03084373474121,
      15.489386558532715,
      8.621159553527832,
      50.26775360107422,
      -3.1610467433929443,
      56.52430725097656,
      67.57269287109375,
      120.88825225830078,
      94.67622375488281,
      112.5514907836914
    ],
    [
      6.408467769622803,
      7.208855628967285,
      2.983133554458618,
      4.212101936340332,
      7.468660831451416,
      12.967374801635742,
      18.191373825073242,
      32.68749237060547,
      -6.197570323944092,
      12.455082893371582,
      17.237926483154297,
      40.25815963745117,
      6.3592848777771,
      48.12709426879883,
      59.25005340576172,
      94.67622375488281,
      101.7807846069336,
      99.5614013671875
    ],
    [
      -5.002904891967773,
      -6.501689434051514,
      2.0200772285461426,
      2.907367706298828,
      -0.10775386542081833,
      12.20142650604248,
      5.22200345993042,
      44.43940734863281,
      -40.648956298828125,
      5.314255714416504,
      -11.170483589172363,
      45.177547454833984,
      -19.356964111328125,
      54.60103225708008,
      51.72917556762695,
      112.5514907836914,
      99.5614013671875,
      134.44540405273438
    ]
  ],
  "damage": -7.641611099243164,
  "diff_bandwidth": 561.949951171875,
  "dissonance": 2.68848757103933,
  "drr": 3.0775394439697266,
  "dynamics": 2.049293041229248,
  "format": 1245190,
  "frames": 4544512,
  "loudness": -12.690930366516113,
  "loudness_range": 4.751701354980469,
  "loudness_range_short": 6.452103614807129,
  "lowpass_true_peak_15khz": -1.0134495496749878,
  "mastering3_acoustic_entropies": [
    {
      "acoustic_entropy": 10.835062026977539,
      "acoustic_entropy_mono": 10.544867515563965,
      "band_eliminated_acoustic_entropies": [
        {
          "acoustic_entropy": 10.847098350524902,
          "acoustic_entropy_side": 10.835822105407715,
          "hz": 129.47220167065723
        },
        {
          "acoustic_entropy": 11.291175842285156,
          "acoustic_entropy_side": 10.946499824523926,
          "hz": 202.92927478742237
        },
        {
          "acoustic_entropy": 10.738138198852539,
          "acoustic_entropy_side": 10.868995666503906,
          "hz": 282.89161906338205
        },
        {
          "acoustic_entropy": 11.165779113769531,
          "acoustic_entropy_side": 10.842885971069336,
          "hz": 369.9353335868758
        },
        {
          "acoustic_entropy": 10.418299674987793,
          "acoustic_entropy_side": 11.019518852233887,
          "hz": 464.6875360973435
        },
        {
          "acoustic_entropy": 10.092851638793945,
          "acoustic_entropy_side": 10.360977172851562,
          "hz": 567.8308811364784
        },
        {
          "acoustic_entropy": 10.317097663879395,
          "acoustic_entropy_side": 10.683045387268066,
          "hz": 680.1084783214808
        },
        {
          "acoustic_entropy": 8.622502326965332,
          "acoustic_entropy_side": 10.661626815795898,
          "hz": 802.3292461747484
        },
        {
          "acoustic_entropy": 9.637141227722168,
          "acoustic_entropy_side": 10.717093467712402,
          "hz": 935.3737400823702
        },
        {
          "acoustic_entropy": 9.79888916015625,
          "acoustic_entropy_side": 10.861635208129883,
          "hz": 1080.2004963696966
        },
        {
          "acoustic_entropy": 10.678101539611816,
          "acoustic_entropy_side": 11.066534042358398,
          "hz": 1237.8529382007157
        },
        {
          "acoustic_entropy": 10.81011962890625,
          "acoustic_entropy_side": 11.150552749633789,
          "hz": 1409.4668930556702
        },
        {
          "acoustic_entropy": 10.752154350280762,
          "acoustic_entropy_side": 10.952577590942383,
          "hz": 1596.2787759475705
        },
        {
          "acoustic_entropy": 10.689494132995605,
          "acoustic_entropy_side": 10.8350248336792,
          "hz": 1799.6344973346393
        },
        {
          "acoustic_entropy": 10.460617065429688,
          "acoustic_entropy_side": 10.840825080871582,
          "hz": 2020.9991599069049
        },
        {
          "acoustic_entropy": 9.181524276733398,
          "acoustic_entropy_side": 10.870013236999512,
          "hz": 2261.9676141086993
        },
        {
          "acoustic_entropy": 9.970966339111328,
          "acoustic_entropy_side": 10.834675788879395,
          "hz": 2524.2759484456974
        },
        {
          "acoustic_entropy": 10.641244888305664,
          "acoustic_entropy_side": 10.838763236999512,
          "hz": 2809.813997359896
        },
        {
          "acoustic_entropy": 10.512782096862793,
          "acoustic_entropy_side": 10.825350761413574,
          "hz": 3120.6389567871424
        },
        {
          "acoustic_entropy": 10.781804084777832,
          "acoustic_entropy_side": 10.838888168334961,
          "hz": 3458.990205492291
        },
        {
          "acoustic_entropy": 10.801570892333984,
          "acoustic_entropy_side": 10.866080284118652,
          "hz": 3827.305438964164
        },
        {
          "acoustic_entropy": 10.829086303710938,
          "acoustic_entropy_side": 10.852910995483398,
          "hz": 4228.238232109126
        },
        {
          "acoustic_entropy": 10.89452838897705,
          "acoustic_entropy_side": 10.86370849609375,
          "hz": 4664.6771572759235
        },
        {
          "acoustic_entropy": 10.945947647094727,
          "acoustic_entropy_side": 10.82441234588623,
          "hz": 5139.766595350093
        },
        {
          "acoustic_entropy": 10.671489715576172,
          "acoustic_entropy_side": 10.829947471618652,
          "hz": 5656.929389854203
        },
        {
          "acoustic_entropy": 10.817523002624512,
          "acoustic_entropy_side": 10.816237449645996,
          "hz": 6219.891507268283
        },
        {
          "acoustic_entropy": 10.8651123046875,
          "acoustic_entropy_side": 10.83443546295166,
          "hz": 6832.70888123896
        },
        {
          "acoustic_entropy": 10.856493949890137,
          "acoustic_entropy_side": 10.87745189666748,
          "hz": 7499.796634079867
        },
        {
          "acoustic_entropy": 10.860803604125977,
          "acoustic_entropy_side": 10.856941223144531,
          "hz": 8225.96088609342
        },
        {
          "acoustic_entropy": 10.960768699645996,
          "acoustic_entropy_side": 10.914599418640137,
          "hz": 9016.43338188839
        },
        {
          "acoustic_entropy": 10.766636848449707,
          "acoustic_entropy_side": 10.834677696228027,
          "hz": 9876.909183162974
        },
        {
          "acoustic_entropy": 10.806218147277832,
          "acoustic_entropy_side": 10.81644058227539,
          "hz": 10813.587699516042
        },
        {
          "acoustic_entropy": 10.772286415100098,
          "acoustic_entropy_side": 10.81878662109375,
          "hz": 11833.21735289826
        },
        {
          "acoustic_entropy": 10.837785720825195,
          "acoustic_entropy_side": 10.898626327514648,
          "hz": 12943.144197493959
        },
        {
          "acoustic_entropy": 10.885610580444336,
          "acoustic_entropy_side": 10.911845207214355,
          "hz": 14151.364845322005
        },
        {
          "acoustic_entropy": 10.846963882446289,
          "acoustic_entropy_side": 10.846414566040039,
          "hz": 15466.58407886509
        },
        {
          "acoustic_entropy": 10.883556365966797,
          "acoustic_entropy_side": 10.868475914001465,
          "hz": 16898.27756580493
        },
        {
          "acoustic_entropy": 10.87606430053711,
          "acoustic_entropy_side": 10.862167358398438,
          "hz": 18456.760127700032
        },
        {
          "acoustic_entropy": 10.867002487182617,
          "acoustic_entropy_side": 10.849072456359863,
          "hz": 20153.260054456492
        },
        {
          "acoustic_entropy": 10.868023872375488,
          "acoustic_entropy_side": 10.8496675491333,
          "hz": 22000.00000000001
        }
      ],
      "diff_acoustic_entropy": 4.951417446136475,
      "sn": 6
    },
    {
      "acoustic_entropy": 15.217432022094727,
      "acoustic_entropy_mono": 13.715319633483887,
      "band_eliminated_acoustic_entropies": [
        {
          "acoustic_entropy": 15.23038101196289,
          "acoustic_entropy_side": 15.223581314086914,
          "hz": 129.47220167065723
        },
        {
          "acoustic_entropy": 15.782970428466797,
          "acoustic_entropy_side": 15.499999046325684,
          "hz": 202.92927478742237
        },
        {
          "acoustic_entropy": 16.159217834472656,
          "acoustic_entropy_side": 15.537843704223633,
          "hz": 282.89161906338205
        },
        {
          "acoustic_entropy": 14.647822380065918,
          "acoustic_entropy_side": 14.887491226196289,
          "hz": 369.9353335868758
        },
        {
          "acoustic_entropy": 15.487289428710938,
          "acoustic_entropy_side": 15.81594181060791,
          "hz": 464.6875360973435
        },
        {
          "acoustic_entropy": 14.92232894897461,
          "acoustic_entropy_side": 15.037473678588867,
          "hz": 567.8308811364784
        },
        {
          "acoustic_entropy": 14.834086418151855,
          "acoustic_entropy_side": 14.519206047058105,
          "hz": 680.1084783214808
        },
        {
          "acoustic_entropy": 14.718938827514648,
          "acoustic_entropy_side": 15.597747802734375,
          "hz": 802.3292461747484
        },
        {
          "acoustic_entropy": 14.912139892578125,
          "acoustic_entropy_side": 15.45925521850586,
          "hz": 935.3737400823702
        },
        {
          "acoustic_entropy": 15.704102516174316,
          "acoustic_entropy_side": 15.28599739074707,
          "hz": 1080.2004963696966
        },
        {
          "acoustic_entropy": 15.299726486206055,
          "acoustic_entropy_side": 15.417356491088867,
          "hz": 1237.8529382007157
        },
        {
          "acoustic_entropy": 14.96787166595459,
          "acoustic_entropy_side": 15.210618019104004,
          "hz": 1409.4668930556702
        },
        {
          "acoustic_entropy": 15.20457649230957,
          "acoustic_entropy_side": 15.32280158996582,
          "hz": 1596.2787759475705
        },
        {
          "acoustic_entropy": 15.52071475982666,
          "acoustic_entropy_side": 15.230932235717773,
          "hz": 1799.6344973346393
        },
        {
          "acoustic_entropy": 15.696438789367676,
          "acoustic_entropy_side": 15.293233871459961,
          "hz": 2020.9991599069049
        },
        {
          "acoustic_entropy": 16.12826156616211,
          "acoustic_entropy_side": 15.445558547973633,
          "hz": 2261.9676141086993
        },
        {
          "acoustic_entropy": 14.628422737121582,
          "acoustic_entropy_side": 15.199355125427246,
          "hz": 2524.2759484456974
        },
        {
          "acoustic_entropy": 15.150992393493652,
          "acoustic_entropy_side": 15.174312591552734,
          "hz": 2809.813997359896
        },
        {
          "acoustic_entropy": 15.269882202148438,
          "acoustic_entropy_side": 15.213143348693848,
          "hz": 3120.6389567871424
        },
        {
          "acoustic_entropy": 15.024203300476074,
          "acoustic_entropy_side": 15.244294166564941,
          "hz": 3458.990205492291
        },
        {
          "acoustic_entropy": 15.264949798583984,
          "acoustic_entropy_side": 15.123010635375977,
          "hz": 3827.305438964164
        },
        {
          "acoustic_entropy": 15.265446662902832,
          "acoustic_entropy_side": 15.169397354125977,
          "hz": 4228.238232109126
        },
        {
          "acoustic_entropy": 15.218059539794922,
          "acoustic_entropy_side": 15.144258499145508,
          "hz": 4664.6771572759235
        },
        {
          "acoustic_entropy": 15.146724700927734,
          "acoustic_entropy_side": 15.175411224365234,
          "hz": 5139.766595350093
        },
        {
          "acoustic_entropy": 15.782347679138184,
          "acoustic_entropy_side": 15.230238914489746,
          "hz": 5656.929389854203
        },
        {
          "acoustic_entropy": 15.530757904052734,
          "acoustic_entropy_side": 15.20285701751709,
          "hz": 6219.891507268283
        },
        {
          "acoustic_entropy": 15.314104080200195,
          "acoustic_entropy_side": 15.240148544311523,
          "hz": 6832.70888123896
        },
        {
          "acoustic_entropy": 15.273390769958496,
          "acoustic_entropy_side": 15.071802139282227,
          "hz": 7499.796634079867
        },
        {
          "acoustic_entropy": 15.21245002746582,
          "acoustic_entropy_side": 15.062084197998047,
          "hz": 8225.96088609342
        },
        {
          "acoustic_entropy": 14.879240989685059,
          "acoustic_entropy_side": 15.100865364074707,
          "hz": 9016.43338188839
        },
        {
          "acoustic_entropy": 14.902223587036133,
          "acoustic_entropy_side": 15.00001049041748,
          "hz": 9876.909183162974
        },
        {
          "acoustic_entropy": 15.372784614562988,
          "acoustic_entropy_side": 15.198674201965332,
          "hz": 10813.587699516042
        },
        {
          "acoustic_entropy": 15.224564552307129,
          "acoustic_entropy_side": 15.207377433776855,
          "hz": 11833.21735289826
        },
        {
          "acoustic_entropy": 15.609095573425293,
          "acoustic_entropy_side": 15.14412784576416,
          "hz": 12943.144197493959
        },
        {
          "acoustic_entropy": 15.205375671386719,
          "acoustic_entropy_side": 15.172849655151367,
          "hz": 14151.364845322005
        },
        {
          "acoustic_entropy": 15.210905075073242,
          "acoustic_entropy_side": 15.239980697631836,
          "hz": 15466.58407886509
        },
        {
          "acoustic_entropy": 14.997298240661621,
          "acoustic_entropy_side": 15.130181312561035,
          "hz": 16898.27756580493
        },
        {
          "acoustic_entropy": 15.202962875366211,
          "acoustic_entropy_side": 15.192291259765625,
          "hz": 18456.760127700032
        },
        {
          "acoustic_entropy": 15.152030944824219,
          "acoustic_entropy_side": 15.16171646118164,
          "hz": 20153.260054456492
        },
        {
          "acoustic_entropy": 15.065350532531738,
          "acoustic_entropy_side": 15.172707557678223,
          "hz": 22000.00000000001
        }
      ],
      "diff_acoustic_entropy": 8.95733642578125,
      "sn": 12
    },
    {
      "acoustic_entropy": 24.473569869995117,
      "acoustic_entropy_mono": 21.92441749572754,
      "band_eliminated_acoustic_entropies": [
        {
          "acoustic_entropy": 24.489765167236328,
          "acoustic_entropy_side": 24.443559646606445,
          "hz": 129.47220167065723
        },
        {
          "acoustic_entropy": 24.31642723083496,
          "acoustic_entropy_side": 24.479408264160156,
          "hz": 202.92927478742237
        },
        {
          "acoustic_entropy": 24.847219467163086,
          "acoustic_entropy_side": 25.26483917236328,
          "hz": 282.89161906338205
        },
        {
          "acoustic_entropy": 23.868446350097656,
          "acoustic_entropy_side": 23.944089889526367,
          "hz": 369.9353335868758
        },
        {
          "acoustic_entropy": 24.46770477294922,
          "acoustic_entropy_side": 24.868026733398438,
          "hz": 464.6875360973435
        },
        {
          "acoustic_entropy": 24.235687255859375,
          "acoustic_entropy_side": 23.743059158325195,
          "hz": 567.8308811364784
        },
        {
          "acoustic_entropy": 23.47783660888672,
          "acoustic_entropy_side": 24.17479705810547,
          "hz": 680.1084783214808
        },
        {
          "acoustic_entropy": 24.320993423461914,
          "acoustic_entropy_side": 24.507457733154297,
          "hz": 802.3292461747484
        },
        {
          "acoustic_entropy": 24.323862075805664,
          "acoustic_entropy_side": 24.244543075561523,
          "hz": 935.3737400823702
        },
        {
          "acoustic_entropy": 23.95135498046875,
          "acoustic_entropy_side": 24.746885299682617,
          "hz": 1080.2004963696966
        },
        {
          "acoustic_entropy": 24.9406681060791,
          "acoustic_entropy_side": 24.35287094116211,
          "hz": 1237.8529382007157
        },
        {
          "acoustic_entropy": 23.95476531982422,
          "acoustic_entropy_side": 25.03630828857422,
          "hz": 1409.4668930556702
        },
        {
          "acoustic_entropy": 24.190900802612305,
          "acoustic_entropy_side": 24.2662410736084,
          "hz": 1596.2787759475705
        },
        {
          "acoustic_entropy": 24.16400718688965,
          "acoustic_entropy_side": 24.40729522705078,
          "hz": 1799.6344973346393
        },
        {
          "acoustic_entropy": 24.78260612487793,
          "acoustic_entropy_side": 24.164247512817383,
          "hz": 2020.9991599069049
        },
        {
          "acoustic_entropy": 25.382490158081055,
          "acoustic_entropy_side": 24.35489845275879,
          "hz": 2261.9676141086993
        },
        {
          "acoustic_entropy": 24.56959342956543,
          "acoustic_entropy_side": 24.804107666015625,
          "hz": 2524.2759484456974
        },
        {
          "acoustic_entropy": 24.650264739990234,
          "acoustic_entropy_side": 24.36875343322754,
          "hz": 2809.813997359896
