{
  "acoustic_entropy": 191.25375366210938,
  "bands": [
    {
      "high_freq": 148.1999969482422,
      "loudness": -25.292387008666992,
      "loudness_range": 18.319917678833008,
      "mid_mean": -21.980270385742188,
      "mid_to_side_loudness": -11.738617897033691,
      "mid_to_side_loudness_range": 23.743751525878906,
      "side_mean": -35.59110641479492
    },
    {
      "high_freq": 392.3793640136719,
      "loudness": -20.967010498046875,
      "loudness_range": 14.518843650817871,
      "low_freq": 148.1999969482422,
      "mid_mean": -18.561832427978516,
      "mid_to_side_loudness": -5.9686279296875,
      "mid_to_side_loudness_range": 13.267424583435059,
      "side_mean": -24.729263305664062
    },
    {
      "high_freq": 794.6976318359375,
      "loudness": -23.398958206176758,
      "loudness_range": 18.54104995727539,
      "low_freq": 392.3793640136719,
      "mid_mean": -21.180438995361328,
      "mid_to_side_loudness": -5.477575778961182,
      "mid_to_side_loudness_range": 14.165186882019043,
      "side_mean": -26.97726058959961
    },
    {
      "high_freq": 1457.5709228515625,
      "loudness": -29.398862838745117,
      "loudness_range": 21.585708618164062,
      "low_freq": 794.6976318359375,
      "mid_mean": -27.118913650512695,
      "mid_to_side_loudness": -5.374145030975342,
      "mid_to_side_loudness_range": 12.935623168945312,
      "side_mean": -32.89555740356445
    },
    {
      "high_freq": 2549.74365234375,
      "loudness": -31.48299217224121,
      "loudness_range": 23.132898330688477,
      "low_freq": 1457.5709228515625,
      "mid_mean": -29.229211807250977,
      "mid_to_side_loudness": -6.176601409912109,
      "mid_to_side_loudness_range": 13.934649467468262,
      "side_mean": -35.81208801269531
    },
    {
      "high_freq": 4349.24462890625,
      "loudness": -34.84919738769531,
      "loudness_range": 24.403514862060547,
      "low_freq": 2549.74365234375,
      "mid_mean": -32.222862243652344,
      "mid_to_side_loudness": -8.846330642700195,
      "mid_to_side_loudness_range": 18.547521591186523,
      "side_mean": -41.845947265625
    },
    {
      "high_freq": 7314.1640625,
      "loudness": -40.25286865234375,
      "loudness_range": 24.965320587158203,
      "low_freq": 4349.24462890625,
      "mid_mean": -37.604164123535156,
      "mid_to_side_loudness": -10.868144035339355,
      "mid_to_side_loudness_range": 20.220064163208008,
      "side_mean": -51.067081451416016
    },
    {
      "high_freq": 12199.2666015625,
      "loudness": -38.85874557495117,
      "loudness_range": 21.26476287841797,
      "low_freq": 7314.1640625,
      "mid_mean": -35.98057174682617,
      "mid_to_side_loudness": -14.611318588256836,
      "mid_to_side_loudness_range": 26.754837036132812,
      "side_mean": -53.3714485168457
    },
    {
      "loudness": -40.02275466918945,
      "loudness_range": 26.6254940032959,
      "low_freq": 12199.2666015625,
      "mid_mean": -36.96840286254883,
      "mid_to_side_loudness": -15.184646606445312,
      "mid_to_side_loudness_range": 24.041561126708984,
      "side_mean": -54.64707565307617
    }
  ],
  "bands_short": [
    {
      "high_freq": 148.1999969482422,
      "loudness": -28.113370895385742,
      "loudness_range": 21.753559112548828,
      "mid_mean": -24.61766242980957,
      "mid_to_side_loudness": -15.908224105834961,
      "mid_to_side_loudness_range": 21.715818405151367,
      "side_mean": -43.833457946777344
    },
    {
      "high_freq": 392.3793640136719,
      "loudness": -21.06474494934082,
      "loudness_range": 15.433958053588867,
      "low_freq": 148.1999969482422,
      "mid_mean": -18.642654418945312,
      "mid_to_side_loudness": -5.98587703704834,
      "mid_to_side_loudness_range": 13.878735542297363,
      "side_mean": -25.081539154052734
    },
    {
      "high_freq": 794.6976318359375,
      "loudness": -23.272890090942383,
      "loudness_range": 19.42443084716797,
      "low_freq": 392.3793640136719,
      "mid_mean": -21.332256317138672,
      "mid_to_side_loudness": -4.969173431396484,
      "mid_to_side_loudness_range": 16.583377838134766,
      "side_mean": -26.620319366455078
    },
    {
      "high_freq": 1457.5709228515625,
      "loudness": -29.925342559814453,
      "loudness_range": 22.501911163330078,
      "low_freq": 794.6976318359375,
      "mid_mean": -27.808761596679688,
      "mid_to_side_loudness": -4.979254722595215,
      "mid_to_side_loudness_range": 14.537199020385742,
      "side_mean": -33.23310470581055
    },
    {
      "high_freq": 2549.74365234375,
      "loudness": -32.4008674621582,
      "loudness_range": 24.664264678955078,
      "low_freq": 1457.5709228515625,
      "mid_mean": -30.338191986083984,
      "mid_to_side_loudness": -5.675145149230957,
      "mid_to_side_loudness_range": 15.16545295715332,
      "side_mean": -36.538970947265625
    },
    {
      "high_freq": 4349.24462890625,
      "loudness": -35.75025939941406,
      "loudness_range": 26.448627471923828,
      "low_freq": 2549.74365234375,
      "mid_mean": -33.337669372558594,
      "mid_to_side_loudness": -7.623256206512451,
      "mid_to_side_loudness_range": 19.187660217285156,
      "side_mean": -42.03874969482422
    },
    {
      "high_freq": 7314.1640625,
      "loudness": -41.74050521850586,
      "loudness_range": 28.478368759155273,
      "low_freq": 4349.24462890625,
      "mid_mean": -39.46268081665039,
      "mid_to_side_loudness": -8.875365257263184,
      "mid_to_side_loudness_range": 20.186792373657227,
      "side_mean": -51.918540954589844
    },
    {
      "high_freq": 12199.2666015625,
      "loudness": -40.23212432861328,
      "loudness_range": 25.004379272460938,
      "low_freq": 7314.1640625,
      "mid_mean": -37.77650451660156,
      "mid_to_side_loudness": -12.274453163146973,
      "mid_to_side_loudness_range": 26.587614059448242,
      "side_mean": -55.52189254760742
    },
    {
      "loudness": -48.276939392089844,
      "loudness_range": 39.92169952392578,
      "low_freq": 12199.2666015625,
      "mid_mean": -45.35544967651367,
      "mid_to_side_loudness": -12.15852165222168,
      "mid_to_side_loudness_range": 24.39188575744629,
      "side_mean": -57.84299850463867
    }
  ],
  "bandwidth": 550.372802734375,
  "channels": 2,
  "covariance": [
    [
      54.220855712890625,
      18.528146743774414,
      15.36919116973877,
      18.691932678222656,
      21.939481735229492,
      19.278841018676758,
      22.333709716796875,
      22.187759399414062,
      27.814435958862305,
      29.84312629699707,
      28.589746475219727,
      32.774742126464844,
      27.692867279052734,
      40.48942184448242,
      21.63518524169922,
      31.612911224365234,
      27.227354049682617,
      33.05230712890625
    ],
    [
      18.528146743774414,
      52.46643829345703,
      15.259683609008789,
      19.050655364990234,
      15.217524528503418,
      16.593454360961914,
      19.941944122314453,
      21.153709411621094,
      22.20342445373535,
      26.421579360961914,
      22.1040096282959,
      25.243873596191406,
      21.039438247680664,
      38.56412124633789,
      16.86713409423828,
      32.292423248291016,
      18.753074645996094,
      29.600404739379883
    ],
    [
      15.36919116973877,
      15.259683609008789,
      36.456478118896484,
      28.186325073242188,
      21.818361282348633,
      21.572446823120117,
      23.499801635742188,
      22.974653244018555,
      27.616792678833008,
      28.671751022338867,
      28.185548782348633,
      28.71870994567871,
      27.686832427978516,
      42.40711212158203,
      23.03738021850586,
      38.664119720458984,
      18.717044830322266,
      34.31671905517578
    ],
    [
      18.691932678222656,
      19.050655364990234,
      28.186325073242188,
      43.713645935058594,
      25.203414916992188,
      31.18816566467285,
      26.22918128967285,
      33.3384895324707,
      29.804607391357422,
      41.07157897949219,
      26.839204788208008,
      41.25736999511719,
      30.4056396484375,
      58.61969757080078,
      22.8229923248291,
      55.77934646606445,
      23.989614486694336,
      47.04221725463867
    ],
    [
      21.939481735229492,
      15.217524528503418,
      21.818361282348633,
      25.203414916992188,
      53.92063522338867,
      30.867080688476562,
      42.71522903442383,
      33.562278747558594,
      45.64239501953125,
      39.26002502441406,
      43.03415298461914,
      38.53073501586914,
      36.03451156616211,
      48.67134094238281,
      30.065200805664062,
      38.401756286621094,
      29.77584457397461,
      36.285343170166016
    ],
    [
      19.278841018676758,
      16.593454360961914,
      21.572446823120117,
      31.18816566467285,
      30.867080688476562,
      36.691287994384766,
      28.941560745239258,
      34.817054748535156,
      33.152339935302734,
      41.810951232910156,
      30.050865173339844,
      41.30248260498047,
      31.601268768310547,
      56.282466888427734,
      23.71357536315918,
      49.739418029785156,
      27.0712947845459,
      43.284358978271484
    ],
    [
      22.333709716796875,
      19.941944122314453,
      23.499801635742188,
      26.22918128967285,
      42.71522903442383,
      28.941560745239258,
      57.55515670776367,
      38.64396286010742,
      51.5890998840332,
      45.16670227050781,
      50.59428787231445,
      44.07427978515625,
      41.42591857910156,
      51.14920425415039,
      33.791259765625,
      41.08599853515625,
      32.58498001098633,
      39.12442398071289
    ],
    [
      22.187759399414062,
      21.153709411621094,
      22.974653244018555,
      33.3384895324707,
      33.562278747558594,
      34.817054748535156,
      38.64396286010742,
      45.33305358886719,
      40.31575012207031,
      49.70989227294922,
      37.11517333984375,
      49.476253509521484,
      37.090606689453125,
      61.85911560058594,
      28.77884864807129,
      53.82211685180664,
      32.800323486328125,
      47.70914077758789
    ],
    [
      27.814435958862305,
      22.20342445373535,
      27.616792678833008,
      29.804607391357422,
      45.64239501953125,
      33.152339935302734,
      51.5890998840332,
      40.31575012207031,
      72.45211029052734,
      58.86589050292969,
      65.63626861572266,
      58.70364761352539,
      56.2214241027832,
      63.81117248535156,
      43.922691345214844,
      52.683692932128906,
      43.31711196899414,
      49.8568229675293
    ],
    [
      29.84312629699707,
      26.421579360961914,
      28.671751022338867,
      41.07157897949219,
      39.26002502441406,
      41.810951232910156,
      45.16670227050781,
      49.70989227294922,
      58.86589050292969,
      76.5708999633789,
      51.80143356323242,
      70.1002197265625,
      52.146820068359375,
      80.15315246582031,
      38.79676055908203,
      69.44572448730469,
      46.19626235961914,
      62.683258056640625
    ],
    [
      28.589746475219727,
      22.1040096282959,
      28.185548782348633,
      26.839204788208008,
      43.03415298461914,
      30.050865173339844,
      50.59428787231445,
      37.11517333984375,
      65.63626861572266,
      51.80143356323242,
      81.17622375488281,
      56.17218780517578,
      67.10037994384766,
      63.97300338745117,
      50.940059661865234,
      52.316734313964844,
      46.68401336669922,
      49.84323501586914
    ],
    [
      32.774742126464844,
      25.243873596191406,
      28.71870994567871,
      41.25736999511719,
      38.53073501586914,
      41.30248260498047,
      44.07427978515625,
      49.476253509521484,
      58.70364761352539,
      70.1002197265625,
      56.17218780517578,
      81.57598114013672,
      56.81507873535156,
      88.9678726196289,
      41.90791320800781,
      79.18595123291016,
      48.09259796142578,
      70.22764587402344
    ],
    [
      27.692867279052734,
      21.039438247680664,
      27.686832427978516,
      30.4056396484375,
      36.03451156616211,
      31.601268768310547,
      41.42591857910156,
      37.090606689453125,
      56.2214241027832,
      52.146820068359375,
      67.10037994384766,
      56.81507873535156,
      82.86774444580078,
      76.86207580566406,
      59.75794219970703,
      70.7011947631836,
      58.04991149902344,
      63.95512390136719
    ],
    [
      40.48942184448242,
      38.56412124633789,
      42.40711212158203,
      58.61969757080078,
      48.67134094238281,
      56.282466888427734,
      51.14920425415039,
      61.85911560058594,
      63.81117248535156,
      80.15315246582031,
      63.97300338745117,
      88.9678726196289,
      76.86207580566406,
      141.07525634765625,
      57.079036712646484,
      133.42247009277344,
      66.05084991455078,
      115.77677154541016
    ],
    [
      21.63518524169922,
      16.86713409423828,
      23.03738021850586,
      22.8229923248291,
      30.065200805664062,
      23.71357536315918,
      33.791259765625,
      28.77884864807129,
      43.922691345214844,
      38.79676055908203,
      50.940059661865234,
      41.90791320800781,
      59.75794219970703,
      57.079036712646484,
      61.91543197631836,
      56.269439697265625,
      53.95236587524414,
      52.601802825927734
    ],
    [
      31.612911224365234,
      32.292423248291016,
      38.664119720458984,
      55.77934646606445,
      38.401756286621094,
      49.739418029785156,
      41.08599853515625,
      53.82211685180664,
      52.683692932128906,
      69.44572448730469,
      52.316734313964844,
      79.18595123291016,
      70.7011947631836,
      133.42247009277344,
      56.269439697265625,
      145.3677215576172,
      62.622833251953125,
      124.29768371582031
    ],
    [
      27.227354049682617,
      18.753074645996094,
      18.717044830322266,
      23.989614486694336,
      29.77584457397461,
      27.0712947845459,
      32.58498001098633,
      32.800323486328125,
      43.31711196899414,
      46.19626235961914,
      46.68401336669922,
      48.09259796142578,
      58.04991149902344,
      66.05084991455078,
      53.95236587524414,
      62.622833251953125,
      93.92871856689453,
      71.56378173828125
    ],
    [
      33.05230712890625,
      29.600404739379883,
      34.31671905517578,
      47.04221725463867,
      36.285343170166016,
      43.284358978271484,
      39.12442398071289,
      47.70914077758789,
      49.8568229675293,
      62.683258056640625,
      49.84323501586914,
      70.22764587402344,
      63.95512390136719,
      115.77677154541016,
      52.601802825927734,
      124.29768371582031,
      71.56378173828125,
      122.27333068847656
    ]
  ],
  "covariance_short": [
    [
      64.87506866455078,
      30.093595504760742,
      16.693906784057617,
      19.16204833984375,
      20.64525032043457,
      17.520423889160156,
      22.659366607666016,
      20.941598892211914,
      26.177352905273438,
      27.82612419128418,
      25.46338653564453,
      26.71668243408203,
      23.214927673339844,
      33.76749801635742,
      19.45781707763672,
      23.566448211669922,
      37.41188430786133,
      24.583728790283203
    ],
    [
      30.093595504760742,
      77.60391998291016,
      24.402057647705078,
      32.656524658203125,
      28.900663375854492,
      30.475685119628906,
      32.53406524658203,
      35.5423469543457,
      37.774173736572266,
      45.569244384765625,
      35.62156677246094,
      43.650272369384766,
      37.66636276245117,
      60.69944763183594,
      27.729890823364258,
      49.35923767089844,
      49.32906723022461,
      42.7673454284668
    ],
    [
      16.693906784057617,
      24.402057647705078,
      39.52229690551758,
      27.893936157226562,
      24.866313934326172,
      23.392467498779297,
      25.82369041442871,
      24.874996185302734,
      29.535200119018555,
      30.53342056274414,
      28.432209014892578,
      30.620325088500977,
      27.722017288208008,
      44.97579574584961,
      22.84747314453125,
      38.75154495239258,
      43.00679016113281,
      32.88136672973633
    ],
    [
      19.16204833984375,
      32.656524658203125,
      27.893936157226562,
      45.49217224121094,
      25.001253128051758,
      32.4506950378418,
      26.75213050842285,
      32.92182922363281,
      31.047771453857422,
      40.04497146606445,
      28.174989700317383,
      40.15236282348633,
      31.391897201538086,
      59.48453140258789,
      22.539949417114258,
      53.87178421020508,
      43.44400405883789,
      44.03645324707031
    ],
    [
      20.64525032043457,
      28.900663375854492,
      24.866313934326172,
      25.001253128051758,
      58.82367706298828,
      31.105998992919922,
      43.75175094604492,
      33.915977478027344,
      49.423370361328125,
      40.11066436767578,
      46.70467758178711,
      39.78771209716797,
      39.59304428100586,
      50.5620002746582,
      33.58790588378906,
      37.92585754394531,
      53.92283630371094,
      32.79438400268555
    ],
    [
      17.520423889160156,
      30.475685119628906,
      23.392467498779297,
      32.4506950378418,
      31.105998992919922,
      40.69709014892578,
      29.365827560424805,
      35.680667877197266,
      33.71162033081055,
      42.868656158447266,
      30.272315979003906,
      42.89736557006836,
      32.460758209228516,
      59.26254653930664,
      23.965110778808594,
      51.20478820800781,
      43.71273422241211,
      42.29566192626953
    ],
    [
      22.659366607666016,
      32.53406524658203,
      25.82369041442871,
      26.75213050842285,
      43.75175094604492,
      29.365827560424805,
      63.52412796020508,
      40.86161422729492,
      56.599342346191406,
      47.76144027709961,
      55.465553283691406,
      47.43047332763672,
      47.43512725830078,
      54.08821105957031,
      38.15532684326172,
      39.57706069946289,
      58.177879333496094,
      34.87807846069336
    ],
    [
      20.941598892211914,
      35.5423469543457,
      24.874996185302734,
      32.92182922363281,
      33.915977478027344,
      35.680667877197266,
      40.86161422729492,
      49.443565368652344,
      43.32258605957031,
      52.05865478515625,
      39.594696044921875,
      52.18750762939453,
      39.20526885986328,
      64.15220642089844,
      29.220548629760742,
      53.02360534667969,
      50.161407470703125,
      44.784202575683594
    ],
    [
      26.177352905273438,
      37.774173736572266,
      29.535200119018555,
      31.047771453857422,
      49.423370361328125,
      33.71162033081055,
      56.599342346191406,
      43.32258605957031,
      83.06013488769531,
      63.052085876464844,
      72.99669647216797,
      62.979515075683594,
      64.98091888427734,
      68.6175765991211,
      49.60590362548828,
      53.23453140258789,
      69.75994110107422,
      47.229854583740234
    ],
    [
      27.82612419128418,
      45.569244384765625,
      30.53342056274414,
      40.04497146606445,
      40.11066436767578,
      42.868656158447266,
      47.76144027709961,
      52.05865478515625,
      63.052085876464844,
      80.83052825927734,
      55.440147399902344,
      73.27791595458984,
      53.880943298339844,
      83.35601043701172,
      38.529396057128906,
      69.21034240722656,
      63.57169723510742,
      59.425052642822266
    ],
    [
      25.46338653564453,
      35.62156677246094,
      28.432209014892578,
      28.174989700317383,
      46.70467758178711,
      30.272315979003906,
      55.465553283691406,
      39.594696044921875,
      72.99669647216797,
      55.440147399902344,
      93.21404266357422,
      60.88933563232422,
      79.05500030517578,
      68.2235107421875,
      59.16542434692383,
      54.186676025390625,
      74.90936279296875,
      49.40988540649414
    ],
    [
      26.71668243408203,
      43.650272369384766,
      30.620325088500977,
      40.15236282348633,
      39.78771209716797,
      42.89736557006836,
      47.43047332763672,
      52.18750762939453,
      62.979515075683594,
      73.27791595458984,
      60.88933563232422,
      85.9511489868164,
      61.37311935424805,
      92.68379211425781,
      43.44437789916992,
      80.10613250732422,
      67.0263442993164,
      68.54912567138672
    ],
    [
      23.214927673339844,
      37.66636276245117,
      27.722017288208008,
      31.391897201538086,
      39.59304428100586,
      32.460758209228516,
      47.43512725830078,
      39.20526885986328,
      64.98091888427734,
      53.880943298339844,
      79.05500030517578,
      61.37311935424805,
      104.7109146118164,
      81.8617935180664,
      75.28308868408203,
      76.95386505126953,
      94.374267578125,
      68.03242492675781
    ],
    [
      33.76749801635742,
      60.69944763183594,
      44.97579574584961,
      59.48453140258789,
      50.5620002746582,
      59.26254653930664,
      54.08821105957031,
      64.15220642089844,
      68.6175765991211,
      83.35601043701172,
      68.2235107421875,
      92.68379211425781,
      81.8617935180664,
      147.83163452148438,
      58.10182189941406,
      135.71470642089844,
      102.86949157714844,
      111.90982055664062
    ],
    [
      19.45781707763672,
      27.729890823364258,
      22.84747314453125,
      22.539949417114258,
      33.58790588378906,
      23.965110778808594,
      38.15532684326172,
      29.220548629760742,
      49.60590362548828,
      38.529396057128906,
      59.16542434692383,
      43.44437789916992,
      75.28308868408203,
      58.10182189941406,
      86.091552734375,
      56.677001953125,
      90.96045684814453,
      54.01683044433594
    ],
    [
      23.566448211669922,
      49.35923767089844,
      38.75154495239258,
      53.87178421020508,
      37.92585754394531,
      51.20478820800781,
      39.57706069946289,
      53.02360534667969,
      53.23453140258789,
      69.21034240722656,
      54.186676025390625,
      80.10613250732422,
      76.95386505126953,
      135.71470642089844,
      56.677001953125,
      155.10108947753906,
      101.65219116210938,
      124.31916809082031
    ],
    [
      37.41188430786133,
      49.32906723022461,
      43.00679016113281,
      43.44400405883789,
      53.92283630371094,
      43.71273422241211,
      58.177879333496094,
      50.161407470703125,
      69.75994110107422,
      63.57169723510742,
      74.90936279296875,
      67.0263442993164,
      94.374267578125,
      102.86949157714844,
      90.96045684814453,
      101.65219116210938,
      163.03355407714844,
      99.57408905029297
    ],
    [
      24.583728790283203,
      42.7673454284668,
      32.88136672973633,
      44.03645324707031,
      32.79438400268555,
      42.29566192626953,
      34.87807846069336,
      44.784202575683594,
      47.229854583740234,
      59.425052642822266,
      49.40988540649414,
      68.54912567138672,
      68.03242492675781,
      111.90982055664062,
      54.01683044433594,
      124.31916809082031,
      99.57408905029297,
      122.63595581054688
    ]
  ],
  "damage": -5.775471210479736,
  "diff_bandwidth": 587.64990234375,
  "dissonance": 7.620531277804395,
  "drr": -17.96534538269043,
  "dynamics": 4.235649585723877,
  "format": 1245190,
  "frames": 11569088,
  "loudness": -12.499517440795898,
  "loudness_range": 13.08663272857666,
  "loudness_range_short": 14.641752243041992,
  "lowpass_true_peak_15khz": 1.2186543941497803,
  "mastering3_acoustic_entropies": [
    {
      "acoustic_entropy": 8.36803150177002,
      "acoustic_entropy_mono": 8.12827205657959,
      "band_eliminated_acoustic_entropies": [
        {
          "acoustic_entropy": 8.447582244873047,
          "acoustic_entropy_side": 8.368107795715332,
          "hz": 129.47220167065723
        },
        {
          "acoustic_entropy": 8.649279594421387,
          "acoustic_entropy_side": 8.3711519241333,
          "hz": 202.92927478742237
        },
        {
          "acoustic_entropy": 8.8740873336792,
          "acoustic_entropy_side": 8.426886558532715,
          "hz": 282.89161906338205
        },
        {
          "acoustic_entropy": 8.702591896057129,
          "acoustic_entropy_side": 8.17984676361084,
          "hz": 369.9353335868758
        },
        {
          "acoustic_entropy": 7.759834289550781,
          "acoustic_entropy_side": 8.296387672424316,
          "hz": 464.6875360973435
        },
        {
          "acoustic_entropy": 8.019140243530273,
          "acoustic_entropy_side": 8.363245964050293,
          "hz": 567.8308811364784
        },
        {
          "acoustic_entropy": 8.190080642700195,
          "acoustic_entropy_side": 8.007848739624023,
          "hz": 680.1084783214808
        },
        {
          "acoustic_entropy": 8.616108894348145,
          "acoustic_entropy_side": 8.401792526245117,
          "hz": 802.3292461747484
        },
        {
          "acoustic_entropy": 8.37248420715332,
          "acoustic_entropy_side": 8.392925262451172,
          "hz": 935.3737400823702
        },
        {
          "acoustic_entropy": 8.322138786315918,
          "acoustic_entropy_side": 8.359842300415039,
          "hz": 1080.2004963696966
        },
        {
          "acoustic_entropy": 8.45957088470459,
          "acoustic_entropy_side": 8.330150604248047,
          "hz": 1237.8529382007157
        },
        {
          "acoustic_entropy": 8.311047554016113,
          "acoustic_entropy_side": 8.351730346679688,
          "hz": 1409.4668930556702
        },
        {
          "acoustic_entropy": 8.033286094665527,
          "acoustic_entropy_side": 8.26209545135498,
          "hz": 1596.2787759475705
        },
        {
          "acoustic_entropy": 8.393426895141602,
          "acoustic_entropy_side": 8.210956573486328,
          "hz": 1799.6344973346393
        },
        {
          "acoustic_entropy": 8.280841827392578,
          "acoustic_entropy_side": 8.26424789428711,
          "hz": 2020.9991599069049
        },
        {
          "acoustic_entropy": 8.329824447631836,
          "acoustic_entropy_side": 8.350189208984375,
          "hz": 2261.9676141086993
        },
        {
          "acoustic_entropy": 8.408848762512207,
          "acoustic_entropy_side": 8.369505882263184,
          "hz": 2524.2759484456974
        },
        {
          "acoustic_entropy": 8.332069396972656,
          "acoustic_entropy_side": 8.358778953552246,
          "hz": 2809.813997359896
        },
        {
          "acoustic_entropy": 8.343681335449219,
          "acoustic_entropy_side": 8.35427188873291,
          "hz": 3120.6389567871424
        },
        {
          "acoustic_entropy": 8.319832801818848,
          "acoustic_entropy_side": 8.357721328735352,
          "hz": 3458.990205492291
        },
        {
          "acoustic_entropy": 8.453478813171387,
          "acoustic_entropy_side": 8.357580184936523,
          "hz": 3827.305438964164
        },
        {
          "acoustic_entropy": 8.399866104125977,
          "acoustic_entropy_side": 8.365344047546387,
          "hz": 4228.238232109126
        },
        {
          "acoustic_entropy": 8.414664268493652,
          "acoustic_entropy_side": 8.364992141723633,
          "hz": 4664.6771572759235
        },
        {
          "acoustic_entropy": 8.427410125732422,
          "acoustic_entropy_side": 8.367727279663086,
          "hz": 5139.766595350093
        },
        {
          "acoustic_entropy": 8.410807609558105,
          "acoustic_entropy_side": 8.367513656616211,
          "hz": 5656.929389854203
        },
        {
          "acoustic_entropy": 8.399230003356934,
          "acoustic_entropy_side": 8.369001388549805,
          "hz": 6219.891507268283
        },
        {
          "acoustic_entropy": 8.399797439575195,
          "acoustic_entropy_side": 8.369868278503418,
          "hz": 6832.70888123896
        },
        {
          "acoustic_entropy": 8.437019348144531,
          "acoustic_entropy_side": 8.371363639831543,
          "hz": 7499.796634079867
        },
        {
          "acoustic_entropy": 8.48310375213623,
          "acoustic_entropy_side": 8.371161460876465,
          "hz": 8225.96088609342
        },
        {
          "acoustic_entropy": 8.500319480895996,
          "acoustic_entropy_side": 8.37033748626709,
          "hz": 9016.43338188839
        },
        {
          "acoustic_entropy": 8.566306114196777,
          "acoustic_entropy_side": 8.370230674743652,
          "hz": 9876.909183162974
        },
        {
          "acoustic_entropy": 8.574882507324219,
          "acoustic_entropy_side": 8.370880126953125,
          "hz": 10813.587699516042
        },
        {
          "acoustic_entropy": 8.591626167297363,
          "acoustic_entropy_side": 8.369462013244629,
          "hz": 11833.21735289826
        },
        {
          "acoustic_entropy": 8.577804565429688,
          "acoustic_entropy_side": 8.367953300476074,
          "hz": 12943.144197493959
        },
        {
          "acoustic_entropy": 8.518370628356934,
          "acoustic_entropy_side": 8.367711067199707,
          "hz": 14151.364845322005
        },
        {
          "acoustic_entropy": 8.551003456115723,
          "acoustic_entropy_side": 8.368687629699707,
          "hz": 15466.58407886509
        },
        {
          "acoustic_entropy": 8.547486305236816,
          "acoustic_entropy_side": 8.371367454528809,
          "hz": 16898.27756580493
        },
        {
          "acoustic_entropy": 8.401060104370117,
          "acoustic_entropy_side": 8.369587898254395,
          "hz": 18456.760127700032
        },
        {
          "acoustic_entropy": 8.427873611450195,
          "acoustic_entropy_side": 8.368764877319336,
          "hz": 20153.260054456492
        },
        {
          "acoustic_entropy": 8.507649421691895,
          "acoustic_entropy_side": 8.368230819702148,
          "hz": 22000.00000000001
        }
      ],
      "diff_acoustic_entropy": 5.135395050048828,
      "sn": 6
    },
    {
      "acoustic_entropy": 14.161829948425293,
      "acoustic_entropy_mono": 12.91051959991455,
      "band_eliminated_acoustic_entropies": [
        {
          "acoustic_entropy": 14.336470603942871,
          "acoustic_entropy_side": 14.161907196044922,
          "hz": 129.47220167065723
        },
        {
          "acoustic_entropy": 14.708356857299805,
          "acoustic_entropy_side": 14.149494171142578,
          "hz": 202.92927478742237
        },
        {
          "acoustic_entropy": 14.020833015441895,
          "acoustic_entropy_side": 14.372390747070312,
          "hz": 282.89161906338205
        },
        {
          "acoustic_entropy": 14.353732109069824,
          "acoustic_entropy_side": 13.615453720092773,
          "hz": 369.9353335868758
        },
        {
          "acoustic_entropy": 13.30835247039795,
          "acoustic_entropy_side": 13.969135284423828,
          "hz": 464.6875360973435
        },
        {
          "acoustic_entropy": 13.877206802368164,
          "acoustic_entropy_side": 14.493730545043945,
          "hz": 567.8308811364784
        },
        {
          "acoustic_entropy": 12.89122486114502,
          "acoustic_entropy_side": 13.774450302124023,
          "hz": 680.1084783214808
        },
        {
          "acoustic_entropy": 14.017862319946289,
          "acoustic_entropy_side": 13.979377746582031,
          "hz": 802.3292461747484
        },
        {
          "acoustic_entropy": 15.025812149047852,
          "acoustic_entropy_side": 14.288476943969727,
          "hz": 935.3737400823702
        },
        {
          "acoustic_entropy": 14.731714248657227,
          "acoustic_entropy_side": 14.229645729064941,
          "hz": 1080.2004963696966
        },
        {
          "acoustic_entropy": 14.284809112548828,
          "acoustic_entropy_side": 13.84312629699707,
          "hz": 1237.8529382007157
        },
        {
          "acoustic_entropy": 13.63009262084961,
          "acoustic_entropy_side": 14.133190155029297,
          "hz": 1409.4668930556702
        },
        {
          "acoustic_entropy": 13.704480171203613,
          "acoustic_entropy_side": 14.044877052307129,
          "hz": 1596.2787759475705
        },
        {
          "acoustic_entropy": 14.287301063537598,
          "acoustic_entropy_side": 13.997538566589355,
          "hz": 1799.6344973346393
        },
        {
          "acoustic_entropy": 14.002418518066406,
          "acoustic_entropy_side": 13.822471618652344,
          "hz": 2020.9991599069049
        },
        {
          "acoustic_entropy": 14.03792667388916,
          "acoustic_entropy_side": 13.870538711547852,
          "hz": 2261.9676141086993
        },
        {
          "acoustic_entropy": 14.131667137145996,
          "acoustic_entropy_side": 13.996395111083984,
          "hz": 2524.2759484456974
        },
        {
          "acoustic_entropy": 14.11162281036377,
          "acoustic_entropy_side": 13.91911506652832,
          "hz": 2809.813997359896
        },
        {
          "acoustic_entropy": 13.786964416503906,
          "acoustic_entropy_side": 14.117424011230469,
          "hz": 3120.6389567871424
        },
        {
          "acoustic_entropy": 14.073101043701172,
          "acoustic_entropy_side": 14.16018295288086,
          "hz": 3458.990205492291
        },
        {
          "acoustic_entropy": 14.002867698669434,
          "acoustic_entropy_side": 14.184467315673828,
          "hz": 3827.305438964164
        },
        {
          "acoustic_entropy": 14.113692283630371,
          "acoustic_entropy_side": 14.222145080566406,
          "hz": 4228.238232109126
        },
        {
          "acoustic_entropy": 13.797353744506836,
          "acoustic_entropy_side": 14.180779457092285,
          "hz": 4664.6771572759235
        },
        {
          "acoustic_entropy": 13.956936836242676,
          "acoustic_entropy_side": 14.167040824890137,
          "hz": 5139.766595350093
        },
        {
          "acoustic_entropy": 14.209498405456543,
          "acoustic_entropy_side": 14.17269515991211,
          "hz": 5656.929389854203
        },
        {
          "acoustic_entropy": 14.261786460876465,
          "acoustic_entropy_side": 14.169127464294434,
          "hz": 6219.891507268283
        },
        {
          "acoustic_entropy": 14.144393920898438,
          "acoustic_entropy_side": 14.168329238891602,
          "hz": 6832.70888123896
        },
        {
          "acoustic_entropy": 14.08010482788086,
          "acoustic_entropy_side": 14.163919448852539,
          "hz": 7499.796634079867
        },
        {
          "acoustic_entropy": 13.852355003356934,
          "acoustic_entropy_side": 14.150592803955078,
          "hz": 8225.96088609342
        },
        {
          "acoustic_entropy": 14.050021171569824,
          "acoustic_entropy_side": 14.1663179397583,
          "hz": 9016.43338188839
        },
        {
          "acoustic_entropy": 14.022765159606934,
          "acoustic_entropy_side": 14.18834400177002,
          "hz": 9876.909183162974
        },
        {
          "acoustic_entropy": 14.041325569152832,
          "acoustic_entropy_side": 14.192143440246582,
          "hz": 10813.587699516042
        },
        {
          "acoustic_entropy": 14.242635726928711,
          "acoustic_entropy_side": 14.230901718139648,
          "hz": 11833.21735289826
        },
        {
          "acoustic_entropy": 14.033197402954102,
          "acoustic_entropy_side": 14.232074737548828,
          "hz": 12943.144197493959
        },
        {
          "acoustic_entropy": 13.971491813659668,
          "acoustic_entropy_side": 14.1100435256958,
          "hz": 14151.364845322005
        },
        {
          "acoustic_entropy": 13.720439910888672,
          "acoustic_entropy_side": 14.116439819335938,
          "hz": 15466.58407886509
        },
        {
          "acoustic_entropy": 13.739118576049805,
          "acoustic_entropy_side": 14.158327102661133,
          "hz": 16898.27756580493
        },
        {
          "acoustic_entropy": 13.738659858703613,
          "acoustic_entropy_side": 14.186875343322754,
          "hz": 18456.760127700032
        },
        {
          "acoustic_entropy": 13.804227828979492,
          "acoustic_entropy_side": 14.172386169433594,
          "hz": 20153.260054456492
        },
        {
          "acoustic_entropy": 13.995902061462402,
          "acoustic_entropy_side": 14.162735939025879,
          "hz": 22000.00000000001
        }
      ],
      "diff_acoustic_entropy": 9.382261276245117,
      "sn": 12
    },
    {
      "acoustic_entropy": 19.733911514282227,
      "acoustic_entropy_mono": 18.202064514160156,
      "band_eliminated_acoustic_entropies": [
        {
          "acoustic_entropy": 19.34046173095703,
          "acoustic_entropy_side": 19.71432876586914,
          "hz": 129.47220167065723
        },
        {
          "acoustic_entropy": 19.885042190551758,
          "acoustic_entropy_side": 20.223175048828125,
          "hz": 202.92927478742237
        },
        {
          "acoustic_entropy": 21.647489547729492,
          "acoustic_entropy_side": 20.9188289642334,
          "hz": 282.89161906338205
        },
        {
          "acoustic_entropy": 21.047866821289062,
          "acoustic_entropy_side": 19.6126651763916,
          "hz": 369.9353335868758
        },
        {
          "acoustic_entropy": 19.930322647094727,
          "acoustic_entropy_side": 19.974306106567383,
          "hz": 464.6875360973435
        },
        {
          "acoustic_entropy": 20.193113327026367,
          "acoustic_entropy_side": 20.934467315673828,
          "hz": 567.8308811364784
        },
        {
          "acoustic_entropy": 20.734460830688477,
          "acoustic_entropy_side": 20.13566780090332,
          "hz": 680.1084783214808
        },
        {
          "acoustic_entropy": 20.41207504272461,
          "acoustic_entropy_side": 19.87877082824707,
          "hz": 802.3292461747484
        },
        {
          "acoustic_entropy": 21.14392852783203,
          "acoustic_entropy_side": 19.71987533569336,
          "hz": 935.3737400823702
        },
        {
          "acoustic_entropy": 20.546567916870117,
          "acoustic_entropy_side": 20.0421085357666,
          "hz": 1080.2004963696966
        },
        {
          "acoustic_entropy": 20.525999069213867,
          "acoustic_entropy_side": 20.460285186767578,
          "hz": 1237.8529382007157
        },
        {
          "acoustic_entropy": 19.922147750854492,
          "acoustic_entropy_side": 19.738725662231445,
          "hz": 1409.4668930556702
        },
        {
          "acoustic_entropy": 20.765560150146484,
          "acoustic_entropy_side": 20.101119995117188,
          "hz": 1596.2787759475705
        },
        {
          "acoustic_entropy": 20.373676300048828,
          "acoustic_entropy_side": 19.48150062561035,
          "hz": 1799.6344973346393
        },
        {
          "acoustic_entropy": 20.023269653320312,
          "acoustic_entropy_side": 19.55728530883789,
          "hz": 2020.9991599069049
        },
        {
          "acoustic_entropy": 20.36287498474121,
          "acoustic_entropy_side": 19.51058578491211,
          "hz": 2261.9676141086993
        },
        {
          "acoustic_entropy": 20.2643985748291,
          "acoustic_entropy_side": 20.01593780517578,
          "hz": 2524.2759484456974
        },
        {
          "acoustic_entropy": 20.150440216064453,
          "acoustic_entropy_side": 19.921491622924805,
          "hz": 2809.813997359896
        },
        {
          "acoustic_entropy": 19.627161026000977,
          "acoustic_entropy_side": 19.562604904174805,
          "hz": 3120.6389567871424
        },
        {
