{
  "acoustic_entropy": 199.93328857421875,
  "bands": [
    {
      "high_freq": 148.1999969482422,
      "loudness": -36.914947509765625,
      "loudness_range": 23.18744659423828,
      "mid_mean": -34.99505615234375,
      "mid_to_side_loudness": -4.100325584411621,
      "mid_to_side_loudness_range": 8.656225204467773,
      "side_mean": -38.86125564575195
    },
    {
      "high_freq": 392.3793640136719,
      "loudness": -28.401166915893555,
      "loudness_range": 15.360692977905273,
      "low_freq": 148.1999969482422,
      "mid_mean": -26.950149536132812,
      "mid_to_side_loudness": -2.3059802055358887,
      "mid_to_side_loudness_range": 8.536999702453613,
      "side_mean": -29.805723190307617
    },
    {
      "high_freq": 794.6976318359375,
      "loudness": -29.085193634033203,
      "loudness_range": 14.825445175170898,
      "low_freq": 392.3793640136719,
      "mid_mean": -28.432249069213867,
      "mid_to_side_loudness": -0.5237417817115784,
      "mid_to_side_loudness_range": 7.319086074829102,
      "side_mean": -28.872772216796875
    },
    {
      "high_freq": 1457.5709228515625,
      "loudness": -31.57187843322754,
      "loudness_range": 18.903907775878906,
      "low_freq": 794.6976318359375,
      "mid_mean": -30.9149227142334,
      "mid_to_side_loudness": -0.39433273673057556,
      "mid_to_side_loudness_range": 5.8988142013549805,
      "side_mean": -31.14105987548828
    },
    {
      "high_freq": 2549.74365234375,
      "loudness": -33.680782318115234,
      "loudness_range": 21.955657958984375,
      "low_freq": 1457.5709228515625,
      "mid_mean": -33.26777267456055,
      "mid_to_side_loudness": -0.047093309462070465,
      "mid_to_side_loudness_range": 4.609507083892822,
      "side_mean": -33.07341003417969
    },
    {
      "high_freq": 4349.24462890625,
      "loudness": -38.38558578491211,
      "loudness_range": 24.82779884338379,
      "low_freq": 2549.74365234375,
      "mid_mean": -38.03685760498047,
      "mid_to_side_loudness": -0.22394916415214539,
      "mid_to_side_loudness_range": 3.7641563415527344,
      "side_mean": -38.00001907348633
    },
    {
      "high_freq": 7314.1640625,
      "loudness": -43.382415771484375,
      "loudness_range": 23.19003677368164,
      "low_freq": 4349.24462890625,
      "mid_mean": -43.44710159301758,
      "mid_to_side_loudness": -0.42302581667900085,
      "mid_to_side_loudness_range": 2.429870843887329,
      "side_mean": -43.61821746826172
    },
    {
      "high_freq": 12199.2666015625,
      "loudness": -46.35805892944336,
      "loudness_range": 20.553936004638672,
      "low_freq": 7314.1640625,
      "mid_mean": -46.831092834472656,
      "mid_to_side_loudness": 0.15442964434623718,
      "mid_to_side_loudness_range": 1.7838826179504395,
      "side_mean": -46.662384033203125
    },
    {
      "loudness": -50.650634765625,
      "loudness_range": 20.695072174072266,
      "low_freq": 12199.2666015625,
      "mid_mean": -52.50789260864258,
      "mid_to_side_loudness": -1.0778898000717163,
      "mid_to_side_loudness_range": 6.673185348510742,
      "side_mean": -52.90898895263672
    }
  ],
  "bands_short": [
    {
      "high_freq": 148.1999969482422,
      "loudness": -41.20161437988281,
      "loudness_range": 23.059871673583984,
      "mid_mean": -39.565452575683594,
      "mid_to_side_loudness": -5.339881896972656,
      "mid_to_side_loudness_range": 15.784049987792969,
      "side_mean": -45.013492584228516
    },
    {
      "high_freq": 392.3793640136719,
      "loudness": -28.7989444732666,
      "loudness_range": 17.27753257751465,
      "low_freq": 148.1999969482422,
      "mid_mean": -27.46649169921875,
      "mid_to_side_loudness": -2.3727974891662598,
      "mid_to_side_loudness_range": 11.2799711227417,
      "side_mean": -30.24991798400879
    },
    {
      "high_freq": 794.6976318359375,
      "loudness": -29.256649017333984,
      "loudness_range": 16.32675552368164,
      "low_freq": 392.3793640136719,
      "mid_mean": -28.67513084411621,
      "mid_to_side_loudness": -0.7406832575798035,
      "mid_to_side_loudness_range": 10.66540241241455,
      "side_mean": -29.321779251098633
    },
    {
      "high_freq": 1457.5709228515625,
      "loudness": -31.821401596069336,
      "loudness_range": 20.104129791259766,
      "low_freq": 794.6976318359375,
      "mid_mean": -31.300691604614258,
      "mid_to_side_loudness": -0.2879176735877991,
      "mid_to_side_loudness_range": 9.131689071655273,
      "side_mean": -31.531190872192383
    },
    {
      "high_freq": 2549.74365234375,
      "loudness": -34.22286605834961,
      "loudness_range": 23.450103759765625,
      "low_freq": 1457.5709228515625,
      "mid_mean": -33.960384368896484,
      "mid_to_side_loudness": -0.007004604209214449,
      "mid_to_side_loudness_range": 8.053531646728516,
      "side_mean": -33.76279830932617
    },
    {
      "high_freq": 4349.24462890625,
      "loudness": -38.74430465698242,
      "loudness_range": 26.403079986572266,
      "low_freq": 2549.74365234375,
      "mid_mean": -38.473533630371094,
      "mid_to_side_loudness": -0.14358265697956085,
      "mid_to_side_loudness_range": 6.290727615356445,
      "side_mean": -38.46076583862305
    },
    {
      "high_freq": 7314.1640625,
      "loudness": -44.174869537353516,
      "loudness_range": 25.31296730041504,
      "low_freq": 4349.24462890625,
      "mid_mean": -44.32074737548828,
      "mid_to_side_loudness": -0.3482098877429962,
      "mid_to_side_loudness_range": 4.00922966003418,
      "side_mean": -44.49842834472656
    },
    {
      "high_freq": 12199.2666015625,
      "loudness": -48.51372528076172,
      "loudness_range": 26.648822784423828,
      "low_freq": 7314.1640625,
      "mid_mean": -50.95864486694336,
      "mid_to_side_loudness": 0.1644173562526703,
      "mid_to_side_loudness_range": 2.981205463409424,
      "side_mean": -50.82992172241211
    },
    {
      "loudness": -58.111602783203125,
      "loudness_range": 33.27836990356445,
      "low_freq": 12199.2666015625,
      "mid_mean": -56.07178497314453,
      "mid_to_side_loudness": -1.406120777130127,
      "mid_to_side_loudness_range": 7.157857894897461,
      "side_mean": -56.6132926940918
    }
  ],
  "bandwidth": 673.9591064453125,
  "channels": 2,
  "covariance": [
    [
      66.49297332763672,
      60.70701217651367,
      31.77664566040039,
      37.530052185058594,
      26.50677490234375,
      26.438508987426758,
      36.488590240478516,
      34.18864822387695,
      38.910179138183594,
      38.06398391723633,
      45.321590423583984,
      45.009620666503906,
      44.99578094482422,
      45.42252731323242,
      42.11167526245117,
      41.936458587646484,
      36.75883865356445,
      39.52959060668945
    ],
    [
      60.70701217651367,
      68.31527709960938,
      32.444576263427734,
      36.74934005737305,
      26.242876052856445,
      25.837560653686523,
      37.45014953613281,
      34.909114837646484,
      40.036258697509766,
      39.41957092285156,
      47.32941818237305,
      46.945743560791016,
      46.800437927246094,
      46.92128372192383,
      42.6552619934082,
      42.62803649902344,
      35.46480941772461,
      38.187801361083984
    ],
    [
      31.77664566040039,
      32.444576263427734,
      38.92610168457031,
      32.21357727050781,
      25.588714599609375,
      24.661296844482422,
      31.39907455444336,
      29.56729507446289,
      32.309295654296875,
      31.640018463134766,
      36.21974182128906,
      36.3867073059082,
      33.31896209716797,
      33.67290496826172,
      30.40985679626465,
      30.360801696777344,
      29.781770706176758,
      32.04827880859375
    ],
    [
      37.530052185058594,
      36.74934005737305,
      32.21357727050781,
      42.590232849121094,
      27.218814849853516,
      27.382930755615234,
      31.218353271484375,
      29.652156829833984,
      31.533832550048828,
      31.07139778137207,
      36.06993103027344,
      35.83611297607422,
      33.703914642333984,
      34.0378303527832,
      31.134075164794922,
      31.18171501159668,
      30.402725219726562,
      32.54118728637695
    ],
    [
      26.50677490234375,
      26.242876052856445,
      25.588714599609375,
      27.218814849853516,
      33.690635681152344,
      29.775726318359375,
      32.0203971862793,
      30.334054946899414,
      30.252918243408203,
      29.65363311767578,
      32.35350036621094,
      32.321990966796875,
      28.986347198486328,
      29.034873962402344,
      26.419466018676758,
      26.415857315063477,
      28.55799674987793,
      30.63307762145996
    ],
    [
      26.438508987426758,
      25.837560653686523,
      24.661296844482422,
      27.382930755615234,
      29.775726318359375,
      33.25023651123047,
      31.336498260498047,
      29.921266555786133,
      28.854473114013672,
      28.807313919067383,
      31.179567337036133,
      30.997722625732422,
      27.512760162353516,
      27.87114906311035,
      25.802505493164062,
      26.11348533630371,
      29.312419891357422,
      31.3117733001709
    ],
    [
      36.488590240478516,
      37.45014953613281,
      31.39907455444336,
      31.218353271484375,
      32.0203971862793,
      31.336498260498047,
      51.63876724243164,
      45.81202697753906,
      49.38399887084961,
      48.4368896484375,
      51.361968994140625,
      51.69043731689453,
      44.16917037963867,
      44.16471862792969,
      39.68475341796875,
      39.743892669677734,
      41.130184173583984,
      44.30180740356445
    ],
    [
      34.18864822387695,
      34.909114837646484,
      29.56729507446289,
      29.652156829833984,
      30.334054946899414,
      29.921266555786133,
      45.81202697753906,
      44.66335678100586,
      45.098480224609375,
      44.19386291503906,
      46.92167282104492,
      47.08477783203125,
      40.9836540222168,
      40.875186920166016,
      36.38831329345703,
      36.74302291870117,
      38.34278106689453,
      41.28205871582031
    ],
    [
      38.910179138183594,
      40.036258697509766,
      32.309295654296875,
      31.533832550048828,
      30.252918243408203,
      28.854473114013672,
      49.38399887084961,
      45.098480224609375,
      63.13375473022461,
      59.95130920410156,
      62.4515266418457,
      62.085243225097656,
      53.234981536865234,
      52.39630889892578,
      45.8104362487793,
      46.25121307373047,
      43.01258850097656,
      46.4252815246582
    ],
    [
      38.06398391723633,
      39.41957092285156,
      31.640018463134766,
      31.07139778137207,
      29.65363311767578,
      28.807313919067383,
      48.4368896484375,
      44.19386291503906,
      59.95130920410156,
      61.007266998291016,
      61.49908447265625,
      61.44454574584961,
      51.93585968017578,
      50.99800109863281,
      44.50969696044922,
      44.95480728149414,
      42.90397262573242,
      46.247459411621094
    ],
    [
      45.321590423583984,
      47.32941818237305,
      36.21974182128906,
      36.06993103027344,
      32.35350036621094,
      31.179567337036133,
      51.361968994140625,
      46.92167282104492,
      62.4515266418457,
      61.49908447265625,
      80.62369537353516,
      77.87004852294922,
      65.45417022705078,
      64.40568542480469,
      55.30088806152344,
      55.88562774658203,
      47.45573425292969,
      50.96017837524414
    ],
    [
      45.009620666503906,
      46.945743560791016,
      36.3867073059082,
      35.83611297607422,
      32.321990966796875,
      30.997722625732422,
      51.69043731689453,
      47.08477783203125,
      62.085243225097656,
      61.44454574584961,
      77.87004852294922,
      81.23688507080078,
      65.22075653076172,
      64.47941589355469,
      55.96957778930664,
      56.01683807373047,
      47.81039810180664,
      51.328208923339844
    ],
    [
      44.99578094482422,
      46.800437927246094,
      33.31896209716797,
      33.703914642333984,
      28.986347198486328,
      27.512760162353516,
      44.16917037963867,
      40.9836540222168,
      53.234981536865234,
      51.93585968017578,
      65.45417022705078,
      65.22075653076172,
      76.9225845336914,
      75.01438903808594,
      66.285888671875,
      66.91197204589844,
      47.78190231323242,
      50.746925354003906
    ],
    [
      45.42252731323242,
      46.92128372192383,
      33.67290496826172,
      34.0378303527832,
      29.034873962402344,
      27.87114906311035,
      44.16471862792969,
      40.875186920166016,
      52.39630889892578,
      50.99800109863281,
      64.40568542480469,
      64.47941589355469,
      75.01438903808594,
      76.41712951660156,
      67.32307434082031,
      67.3871078491211,
      49.07929229736328,
      52.06224060058594
    ],
    [
      42.11167526245117,
      42.6552619934082,
      30.40985679626465,
      31.134075164794922,
      26.419466018676758,
      25.802505493164062,
      39.68475341796875,
      36.38831329345703,
      45.8104362487793,
      44.50969696044922,
      55.30088806152344,
      55.96957778930664,
      66.285888671875,
      67.32307434082031,
      72.77483367919922,
      70.83829498291016,
      57.721221923828125,
      61.00736999511719
    ],
    [
      41.936458587646484,
      42.62803649902344,
      30.360801696777344,
      31.18171501159668,
      26.415857315063477,
      26.11348533630371,
      39.743892669677734,
      36.74302291870117,
      46.25121307373047,
      44.95480728149414,
      55.88562774658203,
      56.01683807373047,
      66.91197204589844,
      67.3871078491211,
      70.83829498291016,
      71.98187255859375,
      57.09328079223633,
      60.34231185913086
    ],
    [
      36.75883865356445,
      35.46480941772461,
      29.781770706176758,
      30.402725219726562,
      28.55799674987793,
      29.312419891357422,
      41.130184173583984,
      38.34278106689453,
      43.01258850097656,
      42.90397262573242,
      47.45573425292969,
      47.81039810180664,
      47.78190231323242,
      49.07929229736328,
      57.721221923828125,
      57.09328079223633,
      81.71846771240234,
      86.51917266845703
    ],
    [
      39.52959060668945,
      38.187801361083984,
      32.04827880859375,
      32.54118728637695,
      30.63307762145996,
      31.3117733001709,
      44.30180740356445,
      41.28205871582031,
      46.4252815246582,
      46.247459411621094,
      50.96017837524414,
      51.328208923339844,
      50.746925354003906,
      52.06224060058594,
      61.00736999511719,
      60.34231185913086,
      86.51917266845703,
      91.94125366210938
    ]
  ],
  "covariance_short": [
    [
      75.34151458740234,
      58.423763275146484,
      31.9621639251709,
      36.76136016845703,
      24.434099197387695,
      23.842010498046875,
      31.303157806396484,
      29.405933380126953,
      32.45158386230469,
      32.26285934448242,
      37.962608337402344,
      38.342987060546875,
      38.29282760620117,
      39.06260681152344,
      46.2374267578125,
      46.59235382080078,
      34.28682327270508,
      36.770225524902344
    ],
    [
      58.423763275146484,
      79.453369140625,
      33.623905181884766,
      38.35935592651367,
      26.219226837158203,
      25.354795455932617,
      32.46950149536133,
      30.981172561645508,
      33.65754318237305,
      33.204322814941406,
      39.332733154296875,
      39.616458892822266,
      39.497703552246094,
      39.76411819458008,
      46.2232780456543,
      46.56627655029297,
      31.86079216003418,
      34.329345703125
    ],
    [
      31.9621639251709,
      33.623905181884766,
      45.21695327758789,
      35.58938980102539,
      28.14171600341797,
      26.962757110595703,
      32.28800964355469,
      30.52362632751465,
      33.67005157470703,
      33.01157760620117,
      37.802284240722656,
      37.52825927734375,
      36.98870849609375,
      37.165348052978516,
      42.62089920043945,
      42.92879104614258,
      29.51410484313965,
      31.915264129638672
    ],
    [
      36.76136016845703,
      38.35935592651367,
      35.58938980102539,
      47.51205062866211,
      28.051279067993164,
      28.404186248779297,
      32.36616516113281,
      30.543649673461914,
      33.43734359741211,
      33.0542106628418,
      38.401580810546875,
      38.23491668701172,
      37.825218200683594,
      38.0728645324707,
      43.70180130004883,
      44.03335189819336,
      30.256881713867188,
      32.62905502319336
    ],
    [
      24.434099197387695,
      26.219226837158203,
      28.14171600341797,
      28.051279067993164,
      40.51675796508789,
      32.76570510864258,
      34.30776596069336,
      32.385101318359375,
      33.71261215209961,
      32.8416633605957,
      35.39568328857422,
      35.261802673339844,
      31.98727035522461,
      31.655576705932617,
      36.855106353759766,
      37.304718017578125,
      26.147428512573242,
      28.50298500061035
    ],
    [
      23.842010498046875,
      25.354795455932617,
      26.962757110595703,
      28.404186248779297,
      32.76570510864258,
      39.59775161743164,
      33.07292938232422,
      32.02369689941406,
      31.76840591430664,
      31.596935272216797,
      33.5644416809082,
      33.29905319213867,
      30.119298934936523,
      30.048030853271484,
      35.69744110107422,
      35.99036407470703,
      26.27845001220703,
      28.483341217041016
    ],
    [
      31.303157806396484,
      32.46950149536133,
      32.28800964355469,
      32.36616516113281,
      34.30776596069336,
      33.07292938232422,
      56.909820556640625,
      47.9888916015625,
      52.66446304321289,
      51.691471099853516,
      54.55198669433594,
      55.00062942504883,
      47.73604202270508,
      47.14585494995117,
      55.561546325683594,
      55.96574783325195,
      37.98482131958008,
      41.53025817871094
    ],
    [
      29.405933380126953,
      30.981172561645508,
      30.52362632751465,
      30.543649673461914,
      32.385101318359375,
      32.02369689941406,
      47.9888916015625,
      50.0894775390625,
      48.47626876831055,
      47.79844665527344,
      50.64252471923828,
      50.78913497924805,
      44.89604187011719,
      44.328651428222656,
      51.14659118652344,
      51.557395935058594,
      35.27289962768555,
      38.57754898071289
    ],
    [
      32.45158386230469,
      33.65754318237305,
      33.67005157470703,
      33.43734359741211,
      33.71261215209961,
      31.76840591430664,
      52.66446304321289,
      48.47626876831055,
      70.8817138671875,
      64.21556091308594,
      66.94281768798828,
      67.21175384521484,
      58.17855453491211,
      57.59962463378906,
      63.71181869506836,
      64.39876556396484,
      42.936676025390625,
      47.09666061401367
    ],
    [
      32.26285934448242,
      33.204322814941406,
      33.01157760620117,
      33.0542106628418,
      32.8416633605957,
      31.596935272216797,
      51.691471099853516,
      47.79844665527344,
      64.21556091308594,
      68.69591522216797,
      66.26414489746094,
      66.39613342285156,
      56.57554626464844,
      56.13172912597656,
      62.487098693847656,
      63.10097885131836,
      42.450111389160156,
      46.47241973876953
    ],
    [
      37.962608337402344,
      39.332733154296875,
      37.802284240722656,
      38.401580810546875,
      35.39568328857422,
      33.5644416809082,
      54.55198669433594,
      50.64252471923828,
      66.94281768798828,
      66.26414489746094,
      86.68622589111328,
      81.94547271728516,
      72.16180419921875,
      71.48918914794922,
      75.21012115478516,
      76.0335464477539,
      50.87517166137695,
      55.27794647216797
    ],
    [
      38.342987060546875,
      39.616458892822266,
      37.52825927734375,
      38.23491668701172,
      35.261802673339844,
      33.29905319213867,
      55.00062942504883,
      50.78913497924805,
      67.21175384521484,
      66.39613342285156,
      81.94547271728516,
      87.34587860107422,
      71.94849395751953,
      71.41575622558594,
      75.28799438476562,
      76.10719299316406,
      50.77764129638672,
      55.13929748535156
    ],
    [
      38.29282760620117,
      39.497703552246094,
      36.98870849609375,
      37.825218200683594,
      31.98727035522461,
      30.119298934936523,
      47.73604202270508,
      44.89604187011719,
      58.17855453491211,
      56.57554626464844,
      72.16180419921875,
      71.94849395751953,
      89.92679595947266,
      86.20706176757812,
      84.79756164550781,
      85.32650756835938,
      61.65330505371094,
      66.02815246582031
    ],
    [
      39.06260681152344,
      39.76411819458008,
      37.165348052978516,
      38.0728645324707,
      31.655576705932617,
      30.048030853271484,
      47.14585494995117,
      44.328651428222656,
      57.59962463378906,
      56.13172912597656,
      71.48918914794922,
      71.41575622558594,
      86.20706176757812,
      88.89446258544922,
      85.6168441772461,
      85.89630126953125,
      62.599910736083984,
      66.94920349121094
    ],
    [
      46.2374267578125,
      46.2232780456543,
      42.62089920043945,
      43.70180130004883,
      36.855106353759766,
      35.69744110107422,
      55.561546325683594,
      51.14659118652344,
      63.71181869506836,
      62.487098693847656,
      75.21012115478516,
      75.28799438476562,
      84.79756164550781,
      85.6168441772461,
      123.73882293701172,
      123.6601333618164,
      92.73975372314453,
      99.74983978271484
    ],
    [
      46.59235382080078,
      46.56627655029297,
      42.92879104614258,
      44.03335189819336,
      37.304718017578125,
      35.99036407470703,
      55.96574783325195,
      51.557395935058594,
      64.39876556396484,
      63.10097885131836,
      76.0335464477539,
      76.10719299316406,
      85.32650756835938,
      85.89630126953125,
      123.6601333618164,
      124.4295425415039,
      92.88655090332031,
      99.95571899414062
    ],
    [
      34.28682327270508,
      31.86079216003418,
      29.51410484313965,
      30.256881713867188,
      26.147428512573242,
      26.27845001220703,
      37.98482131958008,
      35.27289962768555,
      42.936676025390625,
      42.450111389160156,
      50.87517166137695,
      50.77764129638672,
      61.65330505371094,
      62.599910736083984,
      92.73975372314453,
      92.88655090332031,
      89.17620086669922,
      94.0300521850586
    ],
    [
      36.770225524902344,
      34.329345703125,
      31.915264129638672,
      32.62905502319336,
      28.50298500061035,
      28.483341217041016,
      41.53025817871094,
      38.57754898071289,
      47.09666061401367,
      46.47241973876953,
      55.27794647216797,
      55.13929748535156,
      66.02815246582031,
      66.94920349121094,
      99.74983978271484,
      99.95571899414062,
      94.0300521850586,
      99.98199462890625
    ]
  ],
  "damage": -13.361371994018555,
  "diff_bandwidth": 684.6656494140625,
  "dissonance": 8.133270164741102,
  "drr": 12.993802070617676,
  "dynamics": 5.145802974700928,
  "format": 1245190,
  "frames": 10961856,
  "loudness": -19.677087783813477,
  "loudness_range": 15.739999771118164,
  "loudness_range_short": 16.692668914794922,
  "lowpass_true_peak_15khz": 0.22194117307662964,
  "mastering3_acoustic_entropies": [
    {
      "acoustic_entropy": 3.873060703277588,
      "acoustic_entropy_mono": 3.704498529434204,
      "band_eliminated_acoustic_entropies": [
        {
          "acoustic_entropy": 3.8832039833068848,
          "acoustic_entropy_side": 3.874512195587158,
          "hz": 129.47220167065723
        },
        {
          "acoustic_entropy": 3.6534059047698975,
          "acoustic_entropy_side": 3.8928775787353516,
          "hz": 202.92927478742237
        },
        {
          "acoustic_entropy": 3.6297287940979004,
          "acoustic_entropy_side": 3.8771450519561768,
          "hz": 282.89161906338205
        },
        {
          "acoustic_entropy": 3.8784408569335938,
          "acoustic_entropy_side": 4.003543376922607,
          "hz": 369.9353335868758
        },
        {
          "acoustic_entropy": 4.220159530639648,
          "acoustic_entropy_side": 3.9381818771362305,
          "hz": 464.6875360973435
        },
        {
          "acoustic_entropy": 3.8793935775756836,
          "acoustic_entropy_side": 3.9505348205566406,
          "hz": 567.8308811364784
        },
        {
          "acoustic_entropy": 3.818727731704712,
          "acoustic_entropy_side": 3.986213207244873,
          "hz": 680.1084783214808
        },
        {
          "acoustic_entropy": 4.030364513397217,
          "acoustic_entropy_side": 4.024215221405029,
          "hz": 802.3292461747484
        },
        {
          "acoustic_entropy": 3.669609546661377,
          "acoustic_entropy_side": 3.7475268840789795,
          "hz": 935.3737400823702
        },
        {
          "acoustic_entropy": 4.238408088684082,
          "acoustic_entropy_side": 3.8095109462738037,
          "hz": 1080.2004963696966
        },
        {
          "acoustic_entropy": 3.9213552474975586,
          "acoustic_entropy_side": 3.800790786743164,
          "hz": 1237.8529382007157
        },
        {
          "acoustic_entropy": 3.958277463912964,
          "acoustic_entropy_side": 4.106744289398193,
          "hz": 1409.4668930556702
        },
        {
          "acoustic_entropy": 3.6723737716674805,
          "acoustic_entropy_side": 3.845573902130127,
          "hz": 1596.2787759475705
        },
        {
          "acoustic_entropy": 3.66239070892334,
          "acoustic_entropy_side": 3.842362642288208,
          "hz": 1799.6344973346393
        },
        {
          "acoustic_entropy": 3.6551413536071777,
          "acoustic_entropy_side": 3.827928066253662,
          "hz": 2020.9991599069049
        },
        {
          "acoustic_entropy": 4.08466911315918,
          "acoustic_entropy_side": 3.989044189453125,
          "hz": 2261.9676141086993
        },
        {
          "acoustic_entropy": 3.7498486042022705,
          "acoustic_entropy_side": 3.765737533569336,
          "hz": 2524.2759484456974
        },
        {
          "acoustic_entropy": 3.902435302734375,
          "acoustic_entropy_side": 3.901184320449829,
          "hz": 2809.813997359896
        },
        {
          "acoustic_entropy": 3.825493335723877,
          "acoustic_entropy_side": 3.8421900272369385,
          "hz": 3120.6389567871424
        },
        {
          "acoustic_entropy": 3.86464524269104,
          "acoustic_entropy_side": 3.888500928878784,
          "hz": 3458.990205492291
        },
        {
          "acoustic_entropy": 3.801791191101074,
          "acoustic_entropy_side": 3.8347415924072266,
          "hz": 3827.305438964164
        },
        {
          "acoustic_entropy": 3.7949345111846924,
          "acoustic_entropy_side": 3.8232014179229736,
          "hz": 4228.238232109126
        },
        {
          "acoustic_entropy": 3.8057546615600586,
          "acoustic_entropy_side": 3.8460617065429688,
          "hz": 4664.6771572759235
        },
        {
          "acoustic_entropy": 3.8217761516571045,
          "acoustic_entropy_side": 3.8357510566711426,
          "hz": 5139.766595350093
        },
        {
          "acoustic_entropy": 3.7939746379852295,
          "acoustic_entropy_side": 3.835474967956543,
          "hz": 5656.929389854203
        },
        {
          "acoustic_entropy": 3.8300821781158447,
          "acoustic_entropy_side": 3.8512790203094482,
          "hz": 6219.891507268283
        },
        {
          "acoustic_entropy": 3.8200647830963135,
          "acoustic_entropy_side": 3.84605073928833,
          "hz": 6832.70888123896
        },
        {
          "acoustic_entropy": 3.8062186241149902,
          "acoustic_entropy_side": 3.839386463165283,
          "hz": 7499.796634079867
        },
        {
          "acoustic_entropy": 3.8307976722717285,
          "acoustic_entropy_side": 3.854874610900879,
          "hz": 8225.96088609342
        },
        {
          "acoustic_entropy": 3.827540159225464,
          "acoustic_entropy_side": 3.8509092330932617,
          "hz": 9016.43338188839
        },
        {
          "acoustic_entropy": 3.838840961456299,
          "acoustic_entropy_side": 3.8592278957366943,
          "hz": 9876.909183162974
        },
        {
          "acoustic_entropy": 3.8453574180603027,
          "acoustic_entropy_side": 3.8624253273010254,
          "hz": 10813.587699516042
        },
        {
          "acoustic_entropy": 3.8438804149627686,
          "acoustic_entropy_side": 3.8593385219573975,
          "hz": 11833.21735289826
        },
        {
          "acoustic_entropy": 3.7989108562469482,
          "acoustic_entropy_side": 3.8409790992736816,
          "hz": 12943.144197493959
        },
        {
          "acoustic_entropy": 3.7992775440216064,
          "acoustic_entropy_side": 3.827575206756592,
          "hz": 14151.364845322005
        },
        {
          "acoustic_entropy": 3.793135404586792,
          "acoustic_entropy_side": 3.8132076263427734,
          "hz": 15466.58407886509
        },
        {
          "acoustic_entropy": 3.7904012203216553,
          "acoustic_entropy_side": 3.824087619781494,
          "hz": 16898.27756580493
        },
        {
          "acoustic_entropy": 3.794989585876465,
          "acoustic_entropy_side": 3.832594871520996,
          "hz": 18456.760127700032
        },
        {
          "acoustic_entropy": 3.8228044509887695,
          "acoustic_entropy_side": 3.8490688800811768,
          "hz": 20153.260054456492
        },
        {
          "acoustic_entropy": 3.8635921478271484,
          "acoustic_entropy_side": 3.8689863681793213,
          "hz": 22000.00000000001
        }
      ],
      "diff_acoustic_entropy": 2.0279266834259033,
      "sn": 6
    },
    {
      "acoustic_entropy": 8.218863487243652,
      "acoustic_entropy_mono": 8.024738311767578,
      "band_eliminated_acoustic_entropies": [
        {
          "acoustic_entropy": 8.239009857177734,
          "acoustic_entropy_side": 8.221719741821289,
          "hz": 129.47220167065723
        },
        {
          "acoustic_entropy": 7.886890888214111,
          "acoustic_entropy_side": 8.308692932128906,
          "hz": 202.92927478742237
        },
        {
          "acoustic_entropy": 7.661344051361084,
          "acoustic_entropy_side": 8.132051467895508,
          "hz": 282.89161906338205
        },
        {
          "acoustic_entropy": 7.561392784118652,
          "acoustic_entropy_side": 8.178496360778809,
          "hz": 369.9353335868758
        },
        {
          "acoustic_entropy": 7.982995986938477,
          "acoustic_entropy_side": 8.15720272064209,
          "hz": 464.6875360973435
        },
        {
          "acoustic_entropy": 8.02934455871582,
          "acoustic_entropy_side": 8.013656616210938,
          "hz": 567.8308811364784
        },
        {
          "acoustic_entropy": 7.830354690551758,
          "acoustic_entropy_side": 8.268047332763672,
          "hz": 680.1084783214808
        },
        {
          "acoustic_entropy": 7.656611919403076,
          "acoustic_entropy_side": 8.085173606872559,
          "hz": 802.3292461747484
        },
        {
          "acoustic_entropy": 8.119714736938477,
          "acoustic_entropy_side": 8.036436080932617,
          "hz": 935.3737400823702
        },
        {
          "acoustic_entropy": 8.740257263183594,
          "acoustic_entropy_side": 7.932436466217041,
          "hz": 1080.2004963696966
        },
        {
          "acoustic_entropy": 8.49560260772705,
          "acoustic_entropy_side": 8.172867774963379,
          "hz": 1237.8529382007157
        },
        {
          "acoustic_entropy": 7.903450965881348,
          "acoustic_entropy_side": 8.47929573059082,
          "hz": 1409.4668930556702
        },
        {
          "acoustic_entropy": 7.827498435974121,
          "acoustic_entropy_side": 8.187314987182617,
          "hz": 1596.2787759475705
        },
        {
          "acoustic_entropy": 7.61278772354126,
          "acoustic_entropy_side": 7.91309118270874,
          "hz": 1799.6344973346393
        },
        {
          "acoustic_entropy": 8.068865776062012,
          "acoustic_entropy_side": 8.345730781555176,
          "hz": 2020.9991599069049
        },
        {
          "acoustic_entropy": 8.074176788330078,
          "acoustic_entropy_side": 8.318113327026367,
          "hz": 2261.9676141086993
        },
        {
          "acoustic_entropy": 8.106386184692383,
          "acoustic_entropy_side": 8.044198989868164,
          "hz": 2524.2759484456974
        },
        {
          "acoustic_entropy": 8.394071578979492,
          "acoustic_entropy_side": 8.338700294494629,
          "hz": 2809.813997359896
        },
        {
          "acoustic_entropy": 7.771317958831787,
          "acoustic_entropy_side": 8.057013511657715,
          "hz": 3120.6389567871424
        },
        {
          "acoustic_entropy": 8.242814064025879,
          "acoustic_entropy_side": 8.192520141601562,
          "hz": 3458.990205492291
        },
        {
          "acoustic_entropy": 8.129424095153809,
          "acoustic_entropy_side": 8.175158500671387,
          "hz": 3827.305438964164
        },
        {
          "acoustic_entropy": 8.17379093170166,
          "acoustic_entropy_side": 8.137971878051758,
          "hz": 4228.238232109126
        },
        {
          "acoustic_entropy": 8.255828857421875,
          "acoustic_entropy_side": 8.228106498718262,
          "hz": 4664.6771572759235
        },
        {
          "acoustic_entropy": 8.181685447692871,
          "acoustic_entropy_side": 8.197425842285156,
          "hz": 5139.766595350093
        },
        {
          "acoustic_entropy": 8.224334716796875,
          "acoustic_entropy_side": 8.212398529052734,
          "hz": 5656.929389854203
        },
        {
          "acoustic_entropy": 8.221366882324219,
          "acoustic_entropy_side": 8.2121000289917,
          "hz": 6219.891507268283
        },
        {
          "acoustic_entropy": 8.20291805267334,
          "acoustic_entropy_side": 8.20937442779541,
          "hz": 6832.70888123896
        },
        {
          "acoustic_entropy": 8.130688667297363,
          "acoustic_entropy_side": 8.173480987548828,
          "hz": 7499.796634079867
        },
        {
          "acoustic_entropy": 8.169760704040527,
          "acoustic_entropy_side": 8.203289031982422,
          "hz": 8225.96088609342
        },
        {
          "acoustic_entropy": 8.171643257141113,
          "acoustic_entropy_side": 8.203571319580078,
          "hz": 9016.43338188839
        },
        {
          "acoustic_entropy": 8.22095012664795,
          "acoustic_entropy_side": 8.220165252685547,
          "hz": 9876.909183162974
        },
        {
          "acoustic_entropy": 8.246285438537598,
          "acoustic_entropy_side": 8.233406066894531,
          "hz": 10813.587699516042
        },
        {
          "acoustic_entropy": 8.291525840759277,
          "acoustic_entropy_side": 8.256220817565918,
          "hz": 11833.21735289826
        },
        {
          "acoustic_entropy": 8.327360153198242,
          "acoustic_entropy_side": 8.296497344970703,
          "hz": 12943.144197493959
        },
        {
          "acoustic_entropy": 8.315181732177734,
          "acoustic_entropy_side": 8.274879455566406,
          "hz": 14151.364845322005
        },
        {
          "acoustic_entropy": 8.216509819030762,
          "acoustic_entropy_side": 8.255583763122559,
          "hz": 15466.58407886509
        },
        {
          "acoustic_entropy": 8.21721363067627,
          "acoustic_entropy_side": 8.247044563293457,
          "hz": 16898.27756580493
        },
        {
          "acoustic_entropy": 8.229381561279297,
          "acoustic_entropy_side": 8.232234954833984,
          "hz": 18456.760127700032
        },
        {
          "acoustic_entropy": 8.230424880981445,
          "acoustic_entropy_side": 8.226710319519043,
          "hz": 20153.260054456492
        },
        {
          "acoustic_entropy": 8.223514556884766,
          "acoustic_entropy_side": 8.221863746643066,
          "hz": 22000.00000000001
        }
      ],
      "diff_acoustic_entropy": 5.4831719398498535,
      "sn": 12
    },
    {
      "acoustic_entropy": 14.154253959655762,
      "acoustic_entropy_mono": 13.959220886230469,
      "band_eliminated_acoustic_entropies": [
        {
          "acoustic_entropy": 13.749998092651367,
          "acoustic_entropy_side": 14.096112251281738,
          "hz": 129.47220167065723
        },
        {
          "acoustic_entropy": 13.496783256530762,
          "acoustic_entropy_side": 14.278682708740234,
          "hz": 202.92927478742237
        },
        {
          "acoustic_entropy": 14.401192665100098,
          "acoustic_entropy_side": 14.199583053588867,
          "hz": 282.89161906338205
        },
        {
          "acoustic_entropy": 14.447528839111328,
          "acoustic_entropy_side": 14.189080238342285,
          "hz": 369.9353335868758
        },
        {
          "acoustic_entropy": 14.224934577941895,
          "acoustic_entropy_side": 14.55483627319336,
          "hz": 464.6875360973435
        },
        {
          "acoustic_entropy": 14.347975730895996,
          "acoustic_entropy_side": 14.576154708862305,
          "hz": 567.8308811364784
        },
        {
          "acoustic_entropy": 14.266661643981934,
          "acoustic_entropy_side": 14.789676666259766,
          "hz": 680.1084783214808
        },
        {
          "acoustic_entropy": 15.200091361999512,
          "acoustic_entropy_side": 14.702981948852539,
          "hz": 802.3292461747484
        },
        {
          "acoustic_entropy": 14.046875953674316,
          "acoustic_entropy_side": 14.142561912536621,
          "hz": 935.3737400823702
        },
        {
          "acoustic_entropy": 14.50491714477539,
          "acoustic_entropy_side": 14.593367576599121,
          "hz": 1080.2004963696966
        },
        {
          "acoustic_entropy": 14.763110160827637,
          "acoustic_entropy_side": 13.937583923339844,
          "hz": 1237.8529382007157
        },
        {
          "acoustic_entropy": 14.960783958435059,
          "acoustic_entropy_side": 14.907944679260254,
          "hz": 1409.4668930556702
        },
        {
          "acoustic_entropy": 14.491639137268066,
          "acoustic_entropy_side": 14.997058868408203,
          "hz": 1596.2787759475705
        },
        {
          "acoustic_entropy": 14.226466178894043,
          "acoustic_entropy_side": 14.212891578674316,
          "hz": 1799.6344973346393
        },
        {
          "acoustic_entropy": 14.986663818359375,
          "acoustic_entropy_side": 14.48987102508545,
          "hz": 2020.9991599069049
        },
        {
          "acoustic_entropy": 14.613890647888184,
          "acoustic_entropy_side": 14.79477596282959,
          "hz": 2261.9676141086993
        },
        {
          "acoustic_entropy": 14.173139572143555,
          "acoustic_entropy_side": 14.59190559387207,
          "hz": 2524.2759484456974
        },
        {
          "acoustic_entropy": 13.948957443237305,
          "acoustic_entropy_side": 14.34416675567627,
          "hz": 2809.813997359896
        },
        {
          "acoustic_entropy": 14.27977466583252,
          "acoustic_entropy_side": 14.153430938720703,
          "hz": 3120.6389567871424
        },
        {
          "acoustic_entropy": 14.620723724365234,
