{
  "acoustic_entropy": 192.55499267578125,
  "bands": [
    {
      "high_freq": 148.1999969482422,
      "loudness": -32.62193298339844,
      "loudness_range": 24.32774543762207,
      "mid_mean": -29.139415740966797,
      "mid_to_side_loudness": -16.427589416503906,
      "mid_to_side_loudness_range": 14.163036346435547,
      "side_mean": -45.78203201293945
    },
    {
      "high_freq": 392.3793640136719,
      "loudness": -32.567203521728516,
      "loudness_range": 16.089624404907227,
      "low_freq": 148.1999969482422,
      "mid_mean": -29.719938278198242,
      "mid_to_side_loudness": -8.653030395507812,
      "mid_to_side_loudness_range": 14.052186012268066,
      "side_mean": -38.54642105102539
    },
    {
      "high_freq": 794.6976318359375,
      "loudness": -33.5245475769043,
      "loudness_range": 20.8194522857666,
      "low_freq": 392.3793640136719,
      "mid_mean": -31.864343643188477,
      "mid_to_side_loudness": -3.3422060012817383,
      "mid_to_side_loudness_range": 9.68834400177002,
      "side_mean": -34.52168273925781
    },
    {
      "high_freq": 1457.5709228515625,
      "loudness": -35.95780563354492,
      "loudness_range": 28.346059799194336,
      "low_freq": 794.6976318359375,
      "mid_mean": -34.70367431640625,
      "mid_to_side_loudness": -2.4877686500549316,
      "mid_to_side_loudness_range": 8.697675704956055,
      "side_mean": -36.6903190612793
    },
    {
      "high_freq": 2549.74365234375,
      "loudness": -40.4697380065918,
      "loudness_range": 24.91451072692871,
      "low_freq": 1457.5709228515625,
      "mid_mean": -38.798763275146484,
      "mid_to_side_loudness": -3.6441829204559326,
      "mid_to_side_loudness_range": 8.311232566833496,
      "side_mean": -42.303871154785156
    },
    {
      "high_freq": 4349.24462890625,
      "loudness": -45.136844635009766,
      "loudness_range": 29.01439094543457,
      "low_freq": 2549.74365234375,
      "mid_mean": -44.1153450012207,
      "mid_to_side_loudness": -3.6058590412139893,
      "mid_to_side_loudness_range": 9.077086448669434,
      "side_mean": -48.18077087402344
    },
    {
      "high_freq": 7314.1640625,
      "loudness": -54.471099853515625,
      "loudness_range": 29.71615219116211,
      "low_freq": 4349.24462890625,
      "mid_mean": -55.02257537841797,
      "mid_to_side_loudness": -3.6727473735809326,
      "mid_to_side_loudness_range": 6.971551895141602,
      "side_mean": -57.96593475341797
    },
    {
      "high_freq": 12199.2666015625,
      "loudness": -60.22723388671875,
      "loudness_range": 28.579830169677734,
      "low_freq": 7314.1640625,
      "mid_mean": -61.14299392700195,
      "mid_to_side_loudness": -3.070841073989868,
      "mid_to_side_loudness_range": 6.6643147468566895,
      "side_mean": -63.26090621948242
    },
    {
      "loudness": -61.33852767944336,
      "loudness_range": 32.5941047668457,
      "low_freq": 12199.2666015625,
      "mid_mean": -63.3316764831543,
      "mid_to_side_loudness": -3.1121392250061035,
      "mid_to_side_loudness_range": 6.631450176239014,
      "side_mean": -65.23389434814453
    }
  ],
  "bands_short": [
    {
      "high_freq": 148.1999969482422,
      "loudness": -35.59246826171875,
      "loudness_range": 28.339448928833008,
      "mid_mean": -32.16334915161133,
      "mid_to_side_loudness": -15.847517013549805,
      "mid_to_side_loudness_range": 21.189918518066406,
      "side_mean": -48.81914138793945
    },
    {
      "high_freq": 392.3793640136719,
      "loudness": -31.961673736572266,
      "loudness_range": 17.8950252532959,
      "low_freq": 148.1999969482422,
      "mid_mean": -29.021825790405273,
      "mid_to_side_loudness": -9.583392143249512,
      "mid_to_side_loudness_range": 16.82444190979004,
      "side_mean": -38.810604095458984
    },
    {
      "high_freq": 794.6976318359375,
      "loudness": -34.759918212890625,
      "loudness_range": 22.741960525512695,
      "low_freq": 392.3793640136719,
      "mid_mean": -33.19789123535156,
      "mid_to_side_loudness": -3.3864500522613525,
      "mid_to_side_loudness_range": 12.333367347717285,
      "side_mean": -36.002967834472656
    },
    {
      "high_freq": 1457.5709228515625,
      "loudness": -36.996368408203125,
      "loudness_range": 28.817880630493164,
      "low_freq": 794.6976318359375,
      "mid_mean": -35.80170440673828,
      "mid_to_side_loudness": -2.433844804763794,
      "mid_to_side_loudness_range": 10.179943084716797,
      "side_mean": -37.692501068115234
    },
    {
      "high_freq": 2549.74365234375,
      "loudness": -42.1058464050293,
      "loudness_range": 27.312969207763672,
      "low_freq": 1457.5709228515625,
      "mid_mean": -40.5971565246582,
      "mid_to_side_loudness": -3.2124791145324707,
      "mid_to_side_loudness_range": 10.319879531860352,
      "side_mean": -43.82429885864258
    },
    {
      "high_freq": 4349.24462890625,
      "loudness": -47.010643005371094,
      "loudness_range": 30.597736358642578,
      "low_freq": 2549.74365234375,
      "mid_mean": -46.57196044921875,
      "mid_to_side_loudness": -2.8801445960998535,
      "mid_to_side_loudness_range": 10.241744041442871,
      "side_mean": -51.00644302368164
    },
    {
      "high_freq": 7314.1640625,
      "loudness": -56.472965240478516,
      "loudness_range": 31.003978729248047,
      "low_freq": 4349.24462890625,
      "mid_mean": -56.928924560546875,
      "mid_to_side_loudness": -2.9858458042144775,
      "mid_to_side_loudness_range": 8.12896728515625,
      "side_mean": -59.26384735107422
    },
    {
      "high_freq": 12199.2666015625,
      "loudness": -63.76587677001953,
      "loudness_range": 30.933353424072266,
      "low_freq": 7314.1640625,
      "mid_mean": -63.13982009887695,
      "mid_to_side_loudness": -2.726390838623047,
      "mid_to_side_loudness_range": 7.592869758605957,
      "side_mean": -64.84672546386719
    },
    {
      "loudness": -67.66809844970703,
      "loudness_range": 30.53874969482422,
      "low_freq": 12199.2666015625,
      "mid_mean": -65.76544189453125,
      "mid_to_side_loudness": -2.768279552459717,
      "mid_to_side_loudness_range": 6.482917785644531,
      "side_mean": -67.17713165283203
    }
  ],
  "bandwidth": 513.6975708007812,
  "channels": 2,
  "covariance": [
    [
      78.74446105957031,
      53.93068313598633,
      27.4833927154541,
      6.524715900421143,
      19.498184204101562,
      18.31609535217285,
      37.40776443481445,
      36.468257904052734,
      32.29936981201172,
      36.74566650390625,
      32.82079315185547,
      38.229915618896484,
      52.88593673706055,
      44.234100341796875,
      51.81709671020508,
      39.655906677246094,
      44.5227165222168,
      32.36968231201172
    ],
    [
      53.93068313598633,
      54.775550842285156,
      25.462203979492188,
      10.047239303588867,
      17.219484329223633,
      16.73584747314453,
      33.06293869018555,
      32.01332092285156,
      29.536624908447266,
      31.7208309173584,
      30.84380531311035,
      34.99335479736328,
      45.89896011352539,
      39.19044494628906,
      41.72920227050781,
      32.263893127441406,
      34.476600646972656,
      24.720373153686523
    ],
    [
      27.4833927154541,
      25.462203979492188,
      36.485652923583984,
      24.183786392211914,
      21.257516860961914,
      17.62723159790039,
      24.10752296447754,
      23.22829818725586,
      23.997770309448242,
      24.834274291992188,
      21.58614158630371,
      25.547428131103516,
      33.65599060058594,
      29.187416076660156,
      26.01479721069336,
      20.677711486816406,
      22.948486328125,
      18.097881317138672
    ],
    [
      6.524715900421143,
      10.047239303588867,
      24.183786392211914,
      38.687461853027344,
      17.456533432006836,
      14.781285285949707,
      13.631511688232422,
      11.977128982543945,
      16.05717658996582,
      13.497030258178711,
      12.314167022705078,
      13.79743766784668,
      17.861833572387695,
      17.64803695678711,
      8.951854705810547,
      7.909461498260498,
      8.0670747756958,
      7.68179988861084
    ],
    [
      19.498184204101562,
      17.219484329223633,
      21.257516860961914,
      17.456533432006836,
      54.59764099121094,
      47.433006286621094,
      34.108238220214844,
      31.352516174316406,
      42.17007064819336,
      39.534889221191406,
      44.499420166015625,
      53.193599700927734,
      47.56708908081055,
      42.43316650390625,
      30.155479431152344,
      24.929231643676758,
      23.33598518371582,
      17.906023025512695
    ],
    [
      18.31609535217285,
      16.73584747314453,
      17.62723159790039,
      14.781285285949707,
      47.433006286621094,
      54.421287536621094,
      27.829099655151367,
      27.41089630126953,
      38.71363830566406,
      36.872169494628906,
      38.28847122192383,
      50.08464050292969,
      38.270694732666016,
      35.193538665771484,
      23.41373634338379,
      19.788076400756836,
      17.580209732055664,
      13.64614200592041
    ],
    [
      37.40776443481445,
      33.06293869018555,
      24.10752296447754,
      13.631511688232422,
      34.108238220214844,
      27.829099655151367,
      84.09419250488281,
      71.68064880371094,
      60.69461441040039,
      60.223716735839844,
      67.31282806396484,
      71.7712631225586,
      74.14225769042969,
      66.82846069335938,
      53.481807708740234,
      44.02201461791992,
      41.16801071166992,
      29.648719787597656
    ],
    [
      36.468257904052734,
      32.01332092285156,
      23.22829818725586,
      11.977128982543945,
      31.352516174316406,
      27.41089630126953,
      71.68064880371094,
      74.79080963134766,
      55.53302764892578,
      58.059539794921875,
      61.406593322753906,
      69.14756774902344,
      68.18708038330078,
      61.09400939941406,
      47.77108383178711,
      40.07783889770508,
      37.27299118041992,
      26.93697166442871
    ],
    [
      32.29936981201172,
      29.536624908447266,
      23.997770309448242,
      16.05717658996582,
      42.17007064819336,
      38.71363830566406,
      60.69461441040039,
      55.53302764892578,
      82.58501434326172,
      69.87751007080078,
      78.81273651123047,
      84.58792877197266,
      77.76358032226562,
      71.04385375976562,
      54.51914596557617,
      45.49134063720703,
      42.0870475769043,
      31.431915283203125
    ],
    [
      36.74566650390625,
      31.7208309173584,
      24.834274291992188,
      13.497030258178711,
      39.534889221191406,
      36.872169494628906,
      60.223716735839844,
      58.059539794921875,
      69.87751007080078,
      71.87238311767578,
      68.32068634033203,
      78.51681518554688,
      73.25588989257812,
      66.79457092285156,
      52.17106628417969,
      43.67742156982422,
      40.766990661621094,
      30.45580291748047
    ],
    [
      32.82079315185547,
      30.84380531311035,
      21.58614158630371,
      12.314167022705078,
      44.499420166015625,
      38.28847122192383,
      67.31282806396484,
      61.406593322753906,
      78.81273651123047,
      68.32068634033203,
      106.49333190917969,
      95.05217742919922,
      94.70368194580078,
      85.98915100097656,
      67.54973602294922,
      56.08381271362305,
      53.04328536987305,
      39.61140441894531
    ],
    [
      38.229915618896484,
      34.99335479736328,
      25.547428131103516,
      13.79743766784668,
      53.193599700927734,
      50.08464050292969,
      71.7712631225586,
      69.14756774902344,
      84.58792877197266,
      78.51681518554688,
      95.05217742919922,
      110.02201843261719,
      95.07122802734375,
      85.8979263305664,
      66.34645080566406,
      55.70609664916992,
      51.38868713378906,
      38.16787338256836
    ],
    [
      52.88593673706055,
      45.89896011352539,
      33.65599060058594,
      17.861833572387695,
      47.56708908081055,
      38.270694732666016,
      74.14225769042969,
      68.18708038330078,
      77.76358032226562,
      73.25588989257812,
      94.70368194580078,
      95.07122802734375,
      119.88571166992188,
      103.51744842529297,
      90.36674499511719,
      71.84979248046875,
      72.9544448852539,
      53.695640563964844
    ],
    [
      44.234100341796875,
      39.19044494628906,
      29.187416076660156,
      17.64803695678711,
      42.43316650390625,
      35.193538665771484,
      66.82846069335938,
      61.09400939941406,
      71.04385375976562,
      66.79457092285156,
      85.98915100097656,
      85.8979263305664,
      103.51744842529297,
      93.14583587646484,
      77.26668548583984,
      62.82939147949219,
      62.54179000854492,
      46.773109436035156
    ],
    [
      51.81709671020508,
      41.72920227050781,
      26.01479721069336,
      8.951854705810547,
      30.155479431152344,
      23.41373634338379,
      53.481807708740234,
      47.77108383178711,
      54.51914596557617,
      52.17106628417969,
      67.54973602294922,
      66.34645080566406,
      90.36674499511719,
      77.26668548583984,
      84.35446166992188,
      67.4011459350586,
      74.80615997314453,
      57.33488845825195
    ],
    [
      39.655906677246094,
      32.263893127441406,
      20.677711486816406,
      7.909461498260498,
      24.929231643676758,
      19.788076400756836,
      44.02201461791992,
      40.07783889770508,
      45.49134063720703,
      43.67742156982422,
      56.08381271362305,
      55.70609664916992,
      71.84979248046875,
      62.82939147949219,
      67.4011459350586,
      56.98860549926758,
      61.209716796875,
      48.382408142089844
    ],
    [
      44.5227165222168,
      34.476600646972656,
      22.948486328125,
      8.0670747756958,
      23.33598518371582,
      17.580209732055664,
      41.16801071166992,
      37.27299118041992,
      42.0870475769043,
      40.766990661621094,
      53.04328536987305,
      51.38868713378906,
      72.9544448852539,
      62.54179000854492,
      74.80615997314453,
      61.209716796875,
      79.53564453125,
      65.5673599243164
    ],
    [
      32.36968231201172,
      24.720373153686523,
      18.097881317138672,
      7.68179988861084,
      17.906023025512695,
      13.64614200592041,
      29.648719787597656,
      26.93697166442871,
      31.431915283203125,
      30.45580291748047,
      39.61140441894531,
      38.16787338256836,
      53.695640563964844,
      46.773109436035156,
      57.33488845825195,
      48.382408142089844,
      65.5673599243164,
      56.97321701049805
    ]
  ],
  "covariance_short": [
    [
      100.99336242675781,
      59.352413177490234,
      36.730464935302734,
      7.142689228057861,
      16.397523880004883,
      11.854330062866211,
      33.37118148803711,
      31.34375,
      29.60849952697754,
      31.668527603149414,
      33.35850524902344,
      36.703006744384766,
      43.52106475830078,
      35.93599319458008,
      38.10684585571289,
      29.259855270385742,
      26.55008316040039,
      18.668750762939453
    ],
    [
      59.352413177490234,
      71.47676849365234,
      28.886985778808594,
      12.079010009765625,
      15.213563919067383,
      13.057452201843262,
      31.421236038208008,
      29.882068634033203,
      30.01543617248535,
      29.818815231323242,
      33.89088439941406,
      40.89412307739258,
      42.603214263916016,
      35.75128173828125,
      33.09343719482422,
      24.85076141357422,
      20.558866500854492,
      12.997452735900879
    ],
    [
      36.730464935302734,
      28.886985778808594,
      44.1563835144043,
      22.723878860473633,
      24.38827133178711,
      20.789052963256836,
      28.366167068481445,
      27.86142349243164,
      26.906005859375,
      28.12946891784668,
      28.704381942749023,
      35.22012710571289,
      35.5176887512207,
      30.053756713867188,
      25.35774040222168,
      19.902000427246094,
      18.048725128173828,
      13.297155380249023
    ],
    [
      7.142689228057861,
      12.079010009765625,
      22.723878860473633,
      37.813880920410156,
      19.953535079956055,
      20.833965301513672,
      16.559810638427734,
      16.05420684814453,
      18.628990173339844,
      17.37849998474121,
      15.227972984313965,
      24.56218910217285,
      18.76321029663086,
      17.878904342651367,
      9.212865829467773,
      7.828772068023682,
      6.007852077484131,
      5.104972839355469
    ],
    [
      16.397523880004883,
      15.213563919067383,
      24.38827133178711,
      19.953535079956055,
      62.722957611083984,
      55.87496566772461,
      35.260009765625,
      31.94174575805664,
      45.08061599731445,
      42.66014862060547,
      51.43661117553711,
      62.20502471923828,
      47.893699645996094,
      42.7901496887207,
      24.30630111694336,
      20.07765007019043,
      14.2615385055542,
      10.343574523925781
    ],
    [
      11.854330062866211,
      13.057452201843262,
      20.789052963256836,
      20.833965301513672,
      55.87496566772461,
      69.75257873535156,
      27.68042755126953,
      26.21278190612793,
      42.22921371459961,
      39.021968841552734,
      45.131771087646484,
      55.81117248535156,
      37.93160629272461,
      35.52542495727539,
      17.460844039916992,
      14.906342506408691,
      9.528817176818848,
      7.0737833976745605
    ],
    [
      33.37118148803711,
      31.421236038208008,
      28.366167068481445,
      16.559810638427734,
      35.260009765625,
      27.68042755126953,
      87.65879821777344,
      73.99427795410156,
      63.68935775756836,
      62.9600715637207,
      74.31693267822266,
      80.34857940673828,
      70.50823211669922,
      63.28041076660156,
      44.81089401245117,
      37.1293830871582,
      25.25722312927246,
      17.293771743774414
    ],
    [
      31.34375,
      29.882068634033203,
      27.86142349243164,
      16.05420684814453,
      31.94174575805664,
      26.21278190612793,
      73.99427795410156,
      79.02045440673828,
      60.419063568115234,
      60.94405746459961,
      70.89549255371094,
      74.14674377441406,
      65.25302124023438,
      58.715274810791016,
      40.21197509765625,
      34.16363525390625,
      22.953969955444336,
      15.72411823272705
    ],
    [
      29.60849952697754,
      30.01543617248535,
      26.906005859375,
      18.628990173339844,
      45.08061599731445,
      42.22921371459961,
      63.68935775756836,
      60.419063568115234,
      90.70965576171875,
      76.09972381591797,
      88.0523452758789,
      89.1178970336914,
      77.72306060791016,
      71.28165435791016,
      46.88900375366211,
      38.96028137207031,
      26.79328155517578,
      18.74881935119629
    ],
    [
      31.668527603149414,
      29.818815231323242,
      28.12946891784668,
      17.37849998474121,
      42.66014862060547,
      39.021968841552734,
      62.9600715637207,
      60.94405746459961,
      76.09972381591797,
      78.42880249023438,
      79.3608169555664,
      82.86837768554688,
      72.26277160644531,
      66.04369354248047,
      43.6621208190918,
      36.82778549194336,
      24.745906829833984,
      17.28407096862793
    ],
    [
      33.35850524902344,
      33.89088439941406,
      28.704381942749023,
      15.227972984313965,
      51.43661117553711,
      45.131771087646484,
      74.31693267822266,
      70.89549255371094,
      88.0523452758789,
      79.3608169555664,
      118.87577056884766,
      106.940185546875,
      98.90721893310547,
      89.75391387939453,
      61.845237731933594,
      51.33445358276367,
      37.64939498901367,
      26.541955947875977
    ],
    [
      36.703006744384766,
      40.89412307739258,
      35.22012710571289,
      24.56218910217285,
      62.20502471923828,
      55.81117248535156,
      80.34857940673828,
      74.14674377441406,
      89.1178970336914,
      82.86837768554688,
      106.940185546875,
      130.80868530273438,
      104.11237335205078,
      94.18263244628906,
      61.66304397583008,
      51.31171798706055,
      36.66291427612305,
      25.455570220947266
    ],
    [
      43.52106475830078,
      42.603214263916016,
      35.5176887512207,
      18.76321029663086,
      47.893699645996094,
      37.93160629272461,
      70.50823211669922,
      65.25302124023438,
      77.72306060791016,
      72.26277160644531,
      98.90721893310547,
      104.11237335205078,
      111.39945220947266,
      95.67286682128906,
      75.00961303710938,
      59.55268859863281,
      49.32012939453125,
      34.411460876464844
    ],
    [
      35.93599319458008,
      35.75128173828125,
      30.053756713867188,
      17.878904342651367,
      42.7901496887207,
      35.52542495727539,
      63.28041076660156,
      58.715274810791016,
      71.28165435791016,
      66.04369354248047,
      89.75391387939453,
      94.18263244628906,
      95.67286682128906,
      87.4441909790039,
      63.26918029785156,
      51.81803512573242,
      40.61262893676758,
      29.102375030517578
    ],
    [
      38.10684585571289,
      33.09343719482422,
      25.35774040222168,
      9.212865829467773,
      24.30630111694336,
      17.460844039916992,
      44.81089401245117,
      40.21197509765625,
      46.88900375366211,
      43.6621208190918,
      61.845237731933594,
      61.66304397583008,
      75.00961303710938,
      63.26918029785156,
      66.74217987060547,
      52.45134353637695,
      49.5430908203125,
      35.890159606933594
    ],
    [
      29.259855270385742,
      24.85076141357422,
      19.902000427246094,
      7.828772068023682,
      20.07765007019043,
      14.906342506408691,
      37.1293830871582,
      34.16363525390625,
      38.96028137207031,
      36.82778549194336,
      51.33445358276367,
      51.31171798706055,
      59.55268859863281,
      51.81803512573242,
      52.45134353637695,
      45.32088088989258,
      39.180946350097656,
      29.988357543945312
    ],
    [
      26.55008316040039,
      20.558866500854492,
      18.048725128173828,
      6.007852077484131,
      14.2615385055542,
      9.528817176818848,
      25.25722312927246,
      22.953969955444336,
      26.79328155517578,
      24.745906829833984,
      37.64939498901367,
      36.66291427612305,
      49.32012939453125,
      40.61262893676758,
      49.5430908203125,
      39.180946350097656,
      47.16252517700195,
      36.430511474609375
    ],
    [
      18.668750762939453,
      12.997452735900879,
      13.297155380249023,
      5.104972839355469,
      10.343574523925781,
      7.0737833976745605,
      17.293771743774414,
      15.72411823272705,
      18.74881935119629,
      17.28407096862793,
      26.541955947875977,
      25.455570220947266,
      34.411460876464844,
      29.102375030517578,
      35.890159606933594,
      29.988357543945312,
      36.430511474609375,
      30.48189926147461
    ]
  ],
  "damage": -13.923835754394531,
  "diff_bandwidth": 560.2841186523438,
  "dissonance": 4.522878646700363,
  "drr": 2.9774720668792725,
  "dynamics": 5.061445713043213,
  "format": 1245190,
  "frames": 12070912,
  "loudness": -20.7442569732666,
  "loudness_range": 15.901569366455078,
  "loudness_range_short": 18.255889892578125,
  "lowpass_true_peak_15khz": -0.4661795496940613,
  "mastering3_acoustic_entropies": [
    {
      "acoustic_entropy": 9.797554016113281,
      "acoustic_entropy_mono": 9.178339004516602,
      "band_eliminated_acoustic_entropies": [
        {
          "acoustic_entropy": 9.829099655151367,
          "acoustic_entropy_side": 9.799988746643066,
          "hz": 129.47220167065723
        },
        {
          "acoustic_entropy": 9.112634658813477,
          "acoustic_entropy_side": 9.799181938171387,
          "hz": 202.92927478742237
        },
        {
          "acoustic_entropy": 10.404547691345215,
          "acoustic_entropy_side": 9.838628768920898,
          "hz": 282.89161906338205
        },
        {
          "acoustic_entropy": 9.99172306060791,
          "acoustic_entropy_side": 9.8342866897583,
          "hz": 369.9353335868758
        },
        {
          "acoustic_entropy": 9.971918106079102,
          "acoustic_entropy_side": 10.258810043334961,
          "hz": 464.6875360973435
        },
        {
          "acoustic_entropy": 10.228684425354004,
          "acoustic_entropy_side": 10.296544075012207,
          "hz": 567.8308811364784
        },
        {
          "acoustic_entropy": 9.351871490478516,
          "acoustic_entropy_side": 9.963069915771484,
          "hz": 680.1084783214808
        },
        {
          "acoustic_entropy": 9.211644172668457,
          "acoustic_entropy_side": 9.016721725463867,
          "hz": 802.3292461747484
        },
        {
          "acoustic_entropy": 10.027252197265625,
          "acoustic_entropy_side": 9.9551420211792,
          "hz": 935.3737400823702
        },
        {
          "acoustic_entropy": 9.541804313659668,
          "acoustic_entropy_side": 9.391717910766602,
          "hz": 1080.2004963696966
        },
        {
          "acoustic_entropy": 9.224930763244629,
          "acoustic_entropy_side": 9.519892692565918,
          "hz": 1237.8529382007157
        },
        {
          "acoustic_entropy": 9.433704376220703,
          "acoustic_entropy_side": 9.694272994995117,
          "hz": 1409.4668930556702
        },
        {
          "acoustic_entropy": 9.544046401977539,
          "acoustic_entropy_side": 9.460982322692871,
          "hz": 1596.2787759475705
        },
        {
          "acoustic_entropy": 10.042970657348633,
          "acoustic_entropy_side": 10.196660041809082,
          "hz": 1799.6344973346393
        },
        {
          "acoustic_entropy": 9.762260437011719,
          "acoustic_entropy_side": 10.322189331054688,
          "hz": 2020.9991599069049
        },
        {
          "acoustic_entropy": 9.515392303466797,
          "acoustic_entropy_side": 9.868721008300781,
          "hz": 2261.9676141086993
        },
        {
          "acoustic_entropy": 9.575332641601562,
          "acoustic_entropy_side": 9.915251731872559,
          "hz": 2524.2759484456974
        },
        {
          "acoustic_entropy": 9.651440620422363,
          "acoustic_entropy_side": 9.773523330688477,
          "hz": 2809.813997359896
        },
        {
          "acoustic_entropy": 9.858399391174316,
          "acoustic_entropy_side": 9.976031303405762,
          "hz": 3120.6389567871424
        },
        {
          "acoustic_entropy": 9.611973762512207,
          "acoustic_entropy_side": 9.889290809631348,
          "hz": 3458.990205492291
        },
        {
          "acoustic_entropy": 9.666312217712402,
          "acoustic_entropy_side": 9.773934364318848,
          "hz": 3827.305438964164
        },
        {
          "acoustic_entropy": 9.629127502441406,
          "acoustic_entropy_side": 9.742879867553711,
          "hz": 4228.238232109126
        },
        {
          "acoustic_entropy": 9.757180213928223,
          "acoustic_entropy_side": 9.765360832214355,
          "hz": 4664.6771572759235
        },
        {
          "acoustic_entropy": 9.75515079498291,
          "acoustic_entropy_side": 9.772764205932617,
          "hz": 5139.766595350093
        },
        {
          "acoustic_entropy": 9.69086742401123,
          "acoustic_entropy_side": 9.769963264465332,
          "hz": 5656.929389854203
        },
        {
          "acoustic_entropy": 9.782951354980469,
          "acoustic_entropy_side": 9.794388771057129,
          "hz": 6219.891507268283
        },
        {
          "acoustic_entropy": 9.777349472045898,
          "acoustic_entropy_side": 9.795863151550293,
          "hz": 6832.70888123896
        },
        {
          "acoustic_entropy": 9.782731056213379,
          "acoustic_entropy_side": 9.794493675231934,
          "hz": 7499.796634079867
        },
        {
          "acoustic_entropy": 9.794960975646973,
          "acoustic_entropy_side": 9.796849250793457,
          "hz": 8225.96088609342
        },
        {
          "acoustic_entropy": 9.79630184173584,
          "acoustic_entropy_side": 9.7972412109375,
          "hz": 9016.43338188839
        },
        {
          "acoustic_entropy": 9.79476547241211,
          "acoustic_entropy_side": 9.796862602233887,
          "hz": 9876.909183162974
        },
        {
          "acoustic_entropy": 9.794322967529297,
          "acoustic_entropy_side": 9.797089576721191,
          "hz": 10813.587699516042
        },
        {
          "acoustic_entropy": 9.793298721313477,
          "acoustic_entropy_side": 9.797159194946289,
          "hz": 11833.21735289826
        },
        {
          "acoustic_entropy": 9.783900260925293,
          "acoustic_entropy_side": 9.796661376953125,
          "hz": 12943.144197493959
        },
        {
          "acoustic_entropy": 9.778694152832031,
          "acoustic_entropy_side": 9.794857025146484,
          "hz": 14151.364845322005
        },
        {
          "acoustic_entropy": 9.76719856262207,
          "acoustic_entropy_side": 9.79075813293457,
          "hz": 15466.58407886509
        },
        {
          "acoustic_entropy": 9.776470184326172,
          "acoustic_entropy_side": 9.787247657775879,
          "hz": 16898.27756580493
        },
        {
          "acoustic_entropy": 9.784112930297852,
          "acoustic_entropy_side": 9.782791137695312,
          "hz": 18456.760127700032
        },
        {
          "acoustic_entropy": 9.795217514038086,
          "acoustic_entropy_side": 9.787993431091309,
          "hz": 20153.260054456492
        },
        {
          "acoustic_entropy": 9.793844223022461,
          "acoustic_entropy_side": 9.796792984008789,
          "hz": 22000.00000000001
        }
      ],
      "diff_acoustic_entropy": 7.9372029304504395,
      "sn": 6
    },
    {
      "acoustic_entropy": 14.565068244934082,
      "acoustic_entropy_mono": 13.493755340576172,
      "band_eliminated_acoustic_entropies": [
        {
          "acoustic_entropy": 14.67480182647705,
          "acoustic_entropy_side": 14.571328163146973,
          "hz": 129.47220167065723
        },
        {
          "acoustic_entropy": 14.879314422607422,
          "acoustic_entropy_side": 14.580362319946289,
          "hz": 202.92927478742237
        },
        {
          "acoustic_entropy": 14.710280418395996,
          "acoustic_entropy_side": 14.582672119140625,
          "hz": 282.89161906338205
        },
        {
          "acoustic_entropy": 14.544661521911621,
          "acoustic_entropy_side": 14.57701587677002,
          "hz": 369.9353335868758
        },
        {
          "acoustic_entropy": 15.227788925170898,
          "acoustic_entropy_side": 14.468647956848145,
          "hz": 464.6875360973435
        },
        {
          "acoustic_entropy": 14.66723918914795,
          "acoustic_entropy_side": 14.47307014465332,
          "hz": 567.8308811364784
        },
        {
          "acoustic_entropy": 14.75532341003418,
          "acoustic_entropy_side": 15.349581718444824,
          "hz": 680.1084783214808
        },
        {
          "acoustic_entropy": 13.67857837677002,
          "acoustic_entropy_side": 14.610468864440918,
          "hz": 802.3292461747484
        },
        {
          "acoustic_entropy": 14.82581901550293,
          "acoustic_entropy_side": 14.864429473876953,
          "hz": 935.3737400823702
        },
        {
          "acoustic_entropy": 14.474609375,
          "acoustic_entropy_side": 14.822379112243652,
          "hz": 1080.2004963696966
        },
        {
          "acoustic_entropy": 14.312823295593262,
          "acoustic_entropy_side": 14.300369262695312,
          "hz": 1237.8529382007157
        },
        {
          "acoustic_entropy": 15.169551849365234,
          "acoustic_entropy_side": 15.117900848388672,
          "hz": 1409.4668930556702
        },
        {
          "acoustic_entropy": 14.526455879211426,
          "acoustic_entropy_side": 14.1690034866333,
          "hz": 1596.2787759475705
        },
        {
          "acoustic_entropy": 15.171833038330078,
          "acoustic_entropy_side": 14.970224380493164,
          "hz": 1799.6344973346393
        },
        {
          "acoustic_entropy": 14.995566368103027,
          "acoustic_entropy_side": 15.157468795776367,
          "hz": 2020.9991599069049
        },
        {
          "acoustic_entropy": 14.809075355529785,
          "acoustic_entropy_side": 14.821413040161133,
          "hz": 2261.9676141086993
        },
        {
          "acoustic_entropy": 15.003524780273438,
          "acoustic_entropy_side": 14.704751968383789,
          "hz": 2524.2759484456974
        },
        {
          "acoustic_entropy": 14.781204223632812,
          "acoustic_entropy_side": 14.586886405944824,
          "hz": 2809.813997359896
        },
        {
          "acoustic_entropy": 14.516702651977539,
          "acoustic_entropy_side": 14.156720161437988,
          "hz": 3120.6389567871424
        },
        {
          "acoustic_entropy": 15.042496681213379,
          "acoustic_entropy_side": 14.794527053833008,
          "hz": 3458.990205492291
        },
        {
          "acoustic_entropy": 14.448323249816895,
          "acoustic_entropy_side": 14.57727336883545,
          "hz": 3827.305438964164
        },
        {
          "acoustic_entropy": 14.489145278930664,
          "acoustic_entropy_side": 14.524162292480469,
          "hz": 4228.238232109126
        },
        {
          "acoustic_entropy": 14.580587387084961,
          "acoustic_entropy_side": 14.531375885009766,
          "hz": 4664.6771572759235
        },
        {
          "acoustic_entropy": 14.562032699584961,
          "acoustic_entropy_side": 14.533720970153809,
          "hz": 5139.766595350093
        },
        {
          "acoustic_entropy": 14.515238761901855,
          "acoustic_entropy_side": 14.547341346740723,
          "hz": 5656.929389854203
        },
        {
          "acoustic_entropy": 14.517054557800293,
          "acoustic_entropy_side": 14.557087898254395,
          "hz": 6219.891507268283
        },
        {
          "acoustic_entropy": 14.571064949035645,
          "acoustic_entropy_side": 14.57271671295166,
          "hz": 6832.70888123896
        },
        {
          "acoustic_entropy": 14.591134071350098,
          "acoustic_entropy_side": 14.568937301635742,
          "hz": 7499.796634079867
        },
        {
          "acoustic_entropy": 14.585399627685547,
          "acoustic_entropy_side": 14.570905685424805,
          "hz": 8225.96088609342
        },
        {
          "acoustic_entropy": 14.608983039855957,
          "acoustic_entropy_side": 14.574769973754883,
          "hz": 9016.43338188839
        },
        {
          "acoustic_entropy": 14.627847671508789,
          "acoustic_entropy_side": 14.577739715576172,
          "hz": 9876.909183162974
        },
        {
          "acoustic_entropy": 14.62002944946289,
          "acoustic_entropy_side": 14.574153900146484,
          "hz": 10813.587699516042
        },
        {
          "acoustic_entropy": 14.627772331237793,
          "acoustic_entropy_side": 14.572279930114746,
          "hz": 11833.21735289826
        },
        {
          "acoustic_entropy": 14.618879318237305,
          "acoustic_entropy_side": 14.571857452392578,
          "hz": 12943.144197493959
        },
        {
          "acoustic_entropy": 14.559953689575195,
          "acoustic_entropy_side": 14.568465232849121,
          "hz": 14151.364845322005
        },
        {
          "acoustic_entropy": 14.509197235107422,
          "acoustic_entropy_side": 14.549339294433594,
          "hz": 15466.58407886509
        },
        {
          "acoustic_entropy": 14.62804889678955,
          "acoustic_entropy_side": 14.529373168945312,
          "hz": 16898.27756580493
        },
        {
          "acoustic_entropy": 14.866240501403809,
          "acoustic_entropy_side": 14.500163078308105,
          "hz": 18456.760127700032
        },
        {
          "acoustic_entropy": 14.75108528137207,
          "acoustic_entropy_side": 14.513383865356445,
          "hz": 20153.260054456492
        },
        {
          "acoustic_entropy": 14.554004669189453,
          "acoustic_entropy_side": 14.564404487609863,
          "hz": 22000.00000000001
        }
      ],
      "diff_acoustic_entropy": 12.4700927734375,
      "sn": 12
    },
    {
      "acoustic_entropy": 24.154714584350586,
      "acoustic_entropy_mono": 21.191904067993164,
      "band_eliminated_acoustic_entropies": [
        {
          "acoustic_entropy": 23.174991607666016,
          "acoustic_entropy_side": 24.216228485107422,
          "hz": 129.47220167065723
        },
        {
          "acoustic_entropy": 24.410715103149414,
          "acoustic_entropy_side": 24.29276466369629,
          "hz": 202.92927478742237
        },
        {
          "acoustic_entropy": 24.951677322387695,
          "acoustic_entropy_side": 24.535377502441406,
          "hz": 282.89161906338205
        },
        {
          "acoustic_entropy": 24.44696807861328,
          "acoustic_entropy_side": 24.4405460357666,
          "hz": 369.9353335868758
        },
        {
          "acoustic_entropy": 24.736385345458984,
          "acoustic_entropy_side": 24.710060119628906,
          "hz": 464.6875360973435
        },
        {
          "acoustic_entropy": 23.359338760375977,
          "acoustic_entropy_side": 22.97031021118164,
          "hz": 567.8308811364784
        },
        {
          "acoustic_entropy": 24.821388244628906,
          "acoustic_entropy_side": 25.159809112548828,
          "hz": 680.1084783214808
        },
        {
          "acoustic_entropy": 23.15048599243164,
          "acoustic_entropy_side": 23.929393768310547,
          "hz": 802.3292461747484
        },
        {
          "acoustic_entropy": 23.522653579711914,
          "acoustic_entropy_side": 23.8700008392334,
          "hz": 935.3737400823702
        },
        {
          "acoustic_entropy": 22.930824279785156,
          "acoustic_entropy_side": 23.441728591918945,
          "hz": 1080.2004963696966
        },
        {
          "acoustic_entropy": 23.863584518432617,
          "acoustic_entropy_side": 24.02019691467285,
          "hz": 1237.8529382007157
        },
        {
          "acoustic_entropy": 24.02049446105957,
          "acoustic_entropy_side": 24.0877742767334,
          "hz": 1409.4668930556702
        },
        {
          "acoustic_entropy": 23.825782775878906,
          "acoustic_entropy_side": 24.402061462402344,
          "hz": 1596.2787759475705
        },
        {
          "acoustic_entropy": 24.952804565429688,
          "acoustic_entropy_side": 24.783262252807617,
          "hz": 1799.6344973346393
        },
        {
          "acoustic_entropy": 23.1070613861084,
          "acoustic_entropy_side": 23.54994010925293,
          "hz": 2020.9991599069049
        },
        {
          "acoustic_entropy": 24.181528091430664,
          "acoustic_entropy_side": 24.229202270507812,
          "hz": 2261.9676141086993
        },
        {
          "acoustic_entropy": 23.47820281982422,
          "acoustic_entropy_side": 24.096065521240234,
          "hz": 2524.2759484456974
        },
        {
          "acoustic_entropy": 23.623123168945312,
          "acoustic_entropy_side": 23.93825912475586,
          "hz": 2809.813997359896
        },
        {
          "acoustic_entropy": 23.73838233947754,
          "acoustic_entropy_side": 23.11989974975586,
          "hz": 3120.6389567871424
        },
        {
          "acoustic_entropy": 24.224985122680664,
