{
  "acoustic_entropy": 192.18136596679688,
  "bands": [
    {
      "high_freq": 148.1999969482422,
      "loudness": -58.42975616455078,
      "loudness_range": 14.537635803222656,
      "mid_mean": -55.6860237121582,
      "mid_to_side_loudness": -8.588139533996582,
      "mid_to_side_loudness_range": 6.269985198974609,
      "side_mean": -62.9031867980957
    },
    {
      "high_freq": 392.3793640136719,
      "loudness": -26.934906005859375,
      "loudness_range": 13.167829513549805,
      "low_freq": 148.1999969482422,
      "mid_mean": -23.666606903076172,
      "mid_to_side_loudness": -11.615135192871094,
      "mid_to_side_loudness_range": 11.871841430664062,
      "side_mean": -35.623321533203125
    },
    {
      "high_freq": 794.6976318359375,
      "loudness": -30.6728515625,
      "loudness_range": 17.384601593017578,
      "low_freq": 392.3793640136719,
      "mid_mean": -27.489116668701172,
      "mid_to_side_loudness": -11.754400253295898,
      "mid_to_side_loudness_range": 14.469558715820312,
      "side_mean": -39.66231918334961
    },
    {
      "high_freq": 1457.5709228515625,
      "loudness": -33.94157791137695,
      "loudness_range": 19.880451202392578,
      "low_freq": 794.6976318359375,
      "mid_mean": -30.659996032714844,
      "mid_to_side_loudness": -11.85999870300293,
      "mid_to_side_loudness_range": 14.661008834838867,
      "side_mean": -42.954505920410156
    },
    {
      "high_freq": 2549.74365234375,
      "loudness": -34.79264831542969,
      "loudness_range": 20.015581130981445,
      "low_freq": 1457.5709228515625,
      "mid_mean": -31.535791397094727,
      "mid_to_side_loudness": -12.388673782348633,
      "mid_to_side_loudness_range": 15.075273513793945,
      "side_mean": -44.376686096191406
    },
    {
      "high_freq": 4349.24462890625,
      "loudness": -34.557212829589844,
      "loudness_range": 20.996484756469727,
      "low_freq": 2549.74365234375,
      "mid_mean": -31.14075469970703,
      "mid_to_side_loudness": -15.094727516174316,
      "mid_to_side_loudness_range": 16.361879348754883,
      "side_mean": -46.64426040649414
    },
    {
      "high_freq": 7314.1640625,
      "loudness": -42.78071594238281,
      "loudness_range": 17.406173706054688,
      "low_freq": 4349.24462890625,
      "mid_mean": -39.391456604003906,
      "mid_to_side_loudness": -13.179290771484375,
      "mid_to_side_loudness_range": 13.547050476074219,
      "side_mean": -53.9073486328125
    },
    {
      "high_freq": 12199.2666015625,
      "loudness": -48.02032470703125,
      "loudness_range": 18.420978546142578,
      "low_freq": 7314.1640625,
      "mid_mean": -44.53203582763672,
      "mid_to_side_loudness": -16.37698745727539,
      "mid_to_side_loudness_range": 19.778305053710938,
      "side_mean": -60.830055236816406
    },
    {
      "loudness": -55.72618103027344,
      "loudness_range": 19.14382553100586,
      "low_freq": 12199.2666015625,
      "mid_mean": -53.354209899902344,
      "mid_to_side_loudness": -16.396562576293945,
      "mid_to_side_loudness_range": 20.856399536132812,
      "side_mean": -65.12168884277344
    }
  ],
  "bands_short": [
    {
      "high_freq": 148.1999969482422,
      "loudness": -62.38642501831055,
      "loudness_range": 11.961959838867188,
      "mid_mean": -59.26573181152344,
      "mid_to_side_loudness": -8.627631187438965,
      "mid_to_side_loudness_range": 9.628844261169434,
      "side_mean": -65.68487548828125
    },
    {
      "high_freq": 392.3793640136719,
      "loudness": -28.845985412597656,
      "loudness_range": 17.574724197387695,
      "low_freq": 148.1999969482422,
      "mid_mean": -25.767227172851562,
      "mid_to_side_loudness": -10.680468559265137,
      "mid_to_side_loudness_range": 16.50238800048828,
      "side_mean": -36.755455017089844
    },
    {
      "high_freq": 794.6976318359375,
      "loudness": -31.74700164794922,
      "loudness_range": 22.761991500854492,
      "low_freq": 392.3793640136719,
      "mid_mean": -28.82248878479004,
      "mid_to_side_loudness": -10.629830360412598,
      "mid_to_side_loudness_range": 18.751684188842773,
      "side_mean": -39.95528030395508
    },
    {
      "high_freq": 1457.5709228515625,
      "loudness": -35.45924377441406,
      "loudness_range": 23.244232177734375,
      "low_freq": 794.6976318359375,
      "mid_mean": -32.407440185546875,
      "mid_to_side_loudness": -10.479930877685547,
      "mid_to_side_loudness_range": 18.738059997558594,
      "side_mean": -43.44141387939453
    },
    {
      "high_freq": 2549.74365234375,
      "loudness": -37.000431060791016,
      "loudness_range": 25.82325553894043,
      "low_freq": 1457.5709228515625,
      "mid_mean": -34.046146392822266,
      "mid_to_side_loudness": -10.597484588623047,
      "mid_to_side_loudness_range": 20.3319149017334,
      "side_mean": -45.319129943847656
    },
    {
      "high_freq": 4349.24462890625,
      "loudness": -36.88456344604492,
      "loudness_range": 26.90640640258789,
      "low_freq": 2549.74365234375,
      "mid_mean": -33.74197006225586,
      "mid_to_side_loudness": -13.264128684997559,
      "mid_to_side_loudness_range": 22.260122299194336,
      "side_mean": -47.98945236206055
    },
    {
      "high_freq": 7314.1640625,
      "loudness": -45.27513122558594,
      "loudness_range": 24.355751037597656,
      "low_freq": 4349.24462890625,
      "mid_mean": -42.06728744506836,
      "mid_to_side_loudness": -12.247187614440918,
      "mid_to_side_loudness_range": 18.687732696533203,
      "side_mean": -56.34727096557617
    },
    {
      "high_freq": 12199.2666015625,
      "loudness": -50.46278762817383,
      "loudness_range": 25.704219818115234,
      "low_freq": 7314.1640625,
      "mid_mean": -47.9273567199707,
      "mid_to_side_loudness": -14.79129695892334,
      "mid_to_side_loudness_range": 24.091297149658203,
      "side_mean": -63.47673797607422
    },
    {
      "loudness": -58.743228912353516,
      "loudness_range": 26.206783294677734,
      "low_freq": 12199.2666015625,
      "mid_mean": -56.66716384887695,
      "mid_to_side_loudness": -15.938796043395996,
      "mid_to_side_loudness_range": 23.03626823425293,
      "side_mean": -67.17259216308594
    }
  ],
  "bandwidth": 744.48486328125,
  "channels": 2,
  "covariance": [
    [
      28.526708602905273,
      19.031362533569336,
      3.438448190689087,
      4.28165340423584,
      1.504547119140625,
      2.6155083179473877,
      3.936873435974121,
      2.6046407222747803,
      4.586171627044678,
      2.849477529525757,
      0.97870272397995,
      2.3500592708587646,
      3.1600141525268555,
      18.322629928588867,
      2.0723869800567627,
      14.315947532653809,
      14.892672538757324,
      8.538925170898438
    ],
    [
      19.031362533569336,
      15.971882820129395,
      1.8010965585708618,
      3.9808144569396973,
      1.4518951177597046,
      3.3440680503845215,
      3.581155300140381,
      3.400977611541748,
      3.5690300464630127,
      3.1586685180664062,
      0.6311947107315063,
      2.5039570331573486,
      1.0370968580245972,
      12.098614692687988,
      -0.8564053177833557,
      9.578181266784668,
      5.820648193359375,
      5.758028507232666
    ],
    [
      3.438448190689087,
      1.8010965585708618,
      28.529253005981445,
      12.296588897705078,
      16.37965965270996,
      9.079854965209961,
      12.141424179077148,
      8.651402473449707,
      9.338838577270508,
      7.337667942047119,
      11.868526458740234,
      7.545405864715576,
      6.019060134887695,
      11.735584259033203,
      7.968975067138672,
      8.768115997314453,
      14.191146850585938,
      6.185258865356445
    ],
    [
      4.28165340423584,
      3.9808144569396973,
      12.296588897705078,
      13.345417976379395,
      9.431975364685059,
      9.906708717346191,
      9.264548301696777,
      8.661277770996094,
      7.641968250274658,
      8.36047077178955,
      6.980781078338623,
      8.557826042175293,
      6.2221269607543945,
      14.579977989196777,
      4.913827419281006,
      11.439528465270996,
      9.588452339172363,
      8.000057220458984
    ],
    [
      1.504547119140625,
      1.4518951177597046,
      16.37965965270996,
      9.431975364685059,
      43.033931732177734,
      19.6300048828125,
      31.51282501220703,
      18.090503692626953,
      24.45909881591797,
      14.997947692871094,
      25.128236770629883,
      15.500052452087402,
      10.370623588562012,
      15.404181480407715,
      13.307331085205078,
      10.773008346557617,
      14.502299308776855,
      5.729331016540527
    ],
    [
      2.6155083179473877,
      3.3440680503845215,
      9.079854965209961,
      9.906708717346191,
      19.6300048828125,
      22.72228240966797,
      13.872870445251465,
      15.81568431854248,
      11.900903701782227,
      14.054198265075684,
      12.166829109191895,
      15.126784324645996,
      8.435643196105957,
      20.24590492248535,
      6.48923921585083,
      14.632309913635254,
      10.914734840393066,
      8.732393264770508
    ],
    [
      3.936873435974121,
      3.581155300140381,
      12.141424179077148,
      9.264548301696777,
      31.51282501220703,
      13.872870445251465,
      49.44860076904297,
      24.35749626159668,
      36.70751190185547,
      20.372873306274414,
      31.526700973510742,
      18.771678924560547,
      13.103592872619629,
      16.147815704345703,
      14.602775573730469,
      14.591925621032715,
      13.361183166503906,
      9.689565658569336
    ],
    [
      2.6046407222747803,
      3.400977611541748,
      8.651402473449707,
      8.661277770996094,
      18.090503692626953,
      15.81568431854248,
      24.35749626159668,
      27.83865737915039,
      18.175451278686523,
      21.36275863647461,
      17.672657012939453,
      21.30615234375,
      11.495025634765625,
      22.05574607849121,
      8.743484497070312,
      18.4000186920166,
      10.189181327819824,
      12.497767448425293
    ],
    [
      4.586171627044678,
      3.5690300464630127,
      9.338838577270508,
      7.641968250274658,
      24.45909881591797,
      11.900903701782227,
      36.70751190185547,
      18.175451278686523,
      49.33964920043945,
      23.573387145996094,
      40.13246536254883,
      20.491493225097656,
      19.237506866455078,
      16.41921615600586,
      20.10540008544922,
      14.361248016357422,
      14.982501029968262,
      10.13887882232666
    ],
    [
      2.849477529525757,
      3.1586685180664062,
      7.337667942047119,
      8.36047077178955,
      14.997947692871094,
      14.054198265075684,
      20.372873306274414,
      21.36275863647461,
      23.573387145996094,
      28.14847183227539,
      20.93030548095703,
      23.946569442749023,
      14.961867332458496,
      24.281503677368164,
      11.2697172164917,
      20.916030883789062,
      12.280271530151367,
      15.218525886535645
    ],
    [
      0.97870272397995,
      0.6311947107315063,
      11.868526458740234,
      6.980781078338623,
      25.128236770629883,
      12.166829109191895,
      31.526700973510742,
      17.672657012939453,
      40.13246536254883,
      20.93030548095703,
      54.89494705200195,
      25.578746795654297,
      28.288511276245117,
      15.228475570678711,
      29.492767333984375,
      13.084139823913574,
      20.9038028717041,
      9.451048851013184
    ],
    [
      2.3500592708587646,
      2.5039570331573486,
      7.545405864715576,
      8.557826042175293,
      15.500052452087402,
      15.126784324645996,
      18.771678924560547,
      21.30615234375,
      20.491493225097656,
      23.946569442749023,
      25.578746795654297,
      33.9822998046875,
      20.98167610168457,
      31.737102508544922,
      17.84746551513672,
      28.469614028930664,
      16.485458374023438,
      20.046405792236328
    ],
    [
      3.1600141525268555,
      1.0370968580245972,
      6.019060134887695,
      6.2221269607543945,
      10.370623588562012,
      8.435643196105957,
      13.103592872619629,
      11.495025634765625,
      19.237506866455078,
      14.961867332458496,
      28.288511276245117,
      20.98167610168457,
      39.7680778503418,
      29.71842384338379,
      35.226802825927734,
      26.288084030151367,
      32.62146759033203,
      19.716510772705078
    ],
    [
      18.322629928588867,
      12.098614692687988,
      11.735584259033203,
      14.579977989196777,
      15.404181480407715,
      20.24590492248535,
      16.147815704345703,
      22.05574607849121,
      16.41921615600586,
      24.281503677368164,
      15.228475570678711,
      31.737102508544922,
      29.71842384338379,
      68.37566375732422,
      21.580856323242188,
      54.039974212646484,
      41.76685333251953,
      36.63222885131836
    ],
    [
      2.0723869800567627,
      -0.8564053177833557,
      7.968975067138672,
      4.913827419281006,
      13.307331085205078,
      6.48923921585083,
      14.602775573730469,
      8.743484497070312,
      20.10540008544922,
      11.2697172164917,
      29.492767333984375,
      17.84746551513672,
      35.226802825927734,
      21.580856323242188,
      43.34305953979492,
      22.72542381286621,
      38.196693420410156,
      16.919986724853516
    ],
    [
      14.315947532653809,
      9.578181266784668,
      8.768115997314453,
      11.439528465270996,
      10.773008346557617,
      14.632309913635254,
      14.591925621032715,
      18.4000186920166,
      14.361248016357422,
      20.916030883789062,
      13.084139823913574,
      28.469614028930664,
      26.288084030151367,
      54.039974212646484,
      22.72542381286621,
      52.708770751953125,
      35.12521743774414,
      37.098838806152344
    ],
    [
      14.892672538757324,
      5.820648193359375,
      14.191146850585938,
      9.588452339172363,
      14.502299308776855,
      10.914734840393066,
      13.361183166503906,
      10.189181327819824,
      14.982501029968262,
      12.280271530151367,
      20.9038028717041,
      16.485458374023438,
      32.62146759033203,
      41.76685333251953,
      38.196693420410156,
      35.12521743774414,
      60.301544189453125,
      26.612520217895508
    ],
    [
      8.538925170898438,
      5.758028507232666,
      6.185258865356445,
      8.000057220458984,
      5.729331016540527,
      8.732393264770508,
      9.689565658569336,
      12.497767448425293,
      10.13887882232666,
      15.218525886535645,
      9.451048851013184,
      20.046405792236328,
      19.716510772705078,
      36.63222885131836,
      16.919986724853516,
      37.098838806152344,
      26.612520217895508,
      30.953622817993164
    ]
  ],
  "covariance_short": [
    [
      18.842790603637695,
      7.758311748504639,
      7.862242221832275,
      5.0926055908203125,
      3.151458740234375,
      2.0672545433044434,
      3.0948867797851562,
      2.423962116241455,
      3.9337894916534424,
      3.4029204845428467,
      3.020139217376709,
      3.72233247756958,
      7.039496421813965,
      13.830744743347168,
      6.032873630523682,
      10.232853889465332,
      13.269010543823242,
      6.819548606872559
    ],
    [
      7.758311748504639,
      6.6957831382751465,
      2.5141923427581787,
      3.759507179260254,
      2.4787232875823975,
      2.515397548675537,
      3.312824010848999,
      3.214679002761841,
      3.289520502090454,
      3.6527864933013916,
      2.242870807647705,
      3.5961978435516357,
      4.023510456085205,
      8.867288589477539,
      2.1156086921691895,
      6.857299327850342,
      5.077460765838623,
      4.581946849822998
    ],
    [
      7.862242221832275,
      2.5141923427581787,
      47.418731689453125,
      18.34937858581543,
      26.99819564819336,
      12.140403747558594,
      21.185161590576172,
      12.114714622497559,
      20.11571502685547,
      11.024689674377441,
      22.811147689819336,
      12.601916313171387,
      14.574512481689453,
      16.3923282623291,
      18.312179565429688,
      12.529643058776855,
      18.78059959411621,
      7.653705596923828
    ],
    [
      5.0926055908203125,
      3.759507179260254,
      18.34937858581543,
      21.08213233947754,
      15.54540729522705,
      12.273942947387695,
      14.178958892822266,
      11.972295761108398,
      14.038349151611328,
      11.739941596984863,
      12.811336517333984,
      13.255086898803711,
      13.120854377746582,
      18.75244140625,
      11.820375442504883,
      14.519225120544434,
      13.160467147827148,
      8.948071479797363
    ],
    [
      3.151458740234375,
      2.4787232875823975,
      26.99819564819336,
      15.54540729522705,
      68.08328247070312,
      27.15574836730957,
      47.31721115112305,
      25.720172882080078,
      41.52333450317383,
      22.0798282623291,
      44.60080337524414,
      23.858562469482422,
      27.778369903564453,
      25.211828231811523,
      34.783206939697266,
      16.726104736328125,
      28.329307556152344,
      8.14688491821289
    ],
    [
      2.0672545433044434,
      2.515397548675537,
      12.140403747558594,
      12.273942947387695,
      27.15574836730957,
      28.8980655670166,
      18.51373291015625,
      19.777753829956055,
      17.122886657714844,
      17.29243278503418,
      17.03352928161621,
      19.488422393798828,
      15.325183868408203,
      24.867490768432617,
      13.618786811828613,
      16.981367111206055,
      14.798540115356445,
      8.841939926147461
    ],
    [
      3.0948867797851562,
      3.312824010848999,
      21.185161590576172,
      14.178958892822266,
      47.31721115112305,
      18.51373291015625,
      69.13240814208984,
      31.276203155517578,
      55.66300582885742,
      26.91032600402832,
      50.27863693237305,
      26.764026641845703,
      32.396671295166016,
      26.152896881103516,
      35.882633209228516,
      20.471097946166992,
      27.464168548583984,
      11.482258796691895
    ],
    [
      2.423962116241455,
      3.214679002761841,
      12.114714622497559,
      11.972295761108398,
      25.720172882080078,
      19.777753829956055,
      31.276203155517578,
      36.483787536621094,
      25.55229949951172,
      27.289920806884766,
      23.585737228393555,
      28.08697509765625,
      20.38125228881836,
      30.16910743713379,
      17.68621826171875,
      22.37944984436035,
      15.974174499511719,
      12.933955192565918
    ],
    [
      3.9337894916534424,
      3.289520502090454,
      20.11571502685547,
      14.038349151611328,
      41.52333450317383,
      17.122886657714844,
      55.66300582885742,
      25.55229949951172,
      80.46672058105469,
      32.65028762817383,
      66.39512634277344,
      29.95386505126953,
      44.37648391723633,
      27.63379669189453,
      47.048805236816406,
      22.44996452331543,
      32.105899810791016,
      13.192572593688965
    ],
    [
      3.4029204845428467,
      3.6527864933013916,
      11.024689674377441,
      11.739941596984863,
      22.0798282623291,
      17.29243278503418,
      26.91032600402832,
      27.289920806884766,
      32.65028762817383,
      38.1102180480957,
      27.115577697753906,
      32.02001953125,
      23.229652404785156,
      32.13084030151367,
      20.05246925354004,
      24.62739372253418,
      16.015918731689453,
      14.766148567199707
    ],
    [
      3.020139217376709,
      2.242870807647705,
      22.811147689819336,
      12.811336517333984,
      44.60080337524414,
      17.03352928161621,
      50.27863693237305,
      23.585737228393555,
      66.39512634277344,
      27.115577697753906,
      89.67788696289062,
      34.86758041381836,
      56.59412384033203,
      23.558218002319336,
      61.67210388183594,
      20.40226173400879,
      42.14026641845703,
      12.753437042236328
    ],
    [
      3.72233247756958,
      3.5961978435516357,
      12.601916313171387,
      13.255086898803711,
      23.858562469482422,
      19.488422393798828,
      26.764026641845703,
      28.08697509765625,
      29.95386505126953,
      32.02001953125,
      34.86758041381836,
      47.080692291259766,
      30.99754524230957,
      41.86262893676758,
      28.710844039916992,
      33.41637420654297,
      22.824573516845703,
      19.632953643798828
    ],
    [
      7.039496421813965,
      4.023510456085205,
      14.574512481689453,
      13.120854377746582,
      27.778369903564453,
      15.325183868408203,
      32.396671295166016,
      20.38125228881836,
      44.37648391723633,
      23.229652404785156,
      56.59412384033203,
      30.99754524230957,
      72.05763244628906,
      40.15004348754883,
      67.5767593383789,
      34.002418518066406,
      54.2741584777832,
      22.666913986206055
    ],
    [
      13.830744743347168,
      8.867288589477539,
      16.3923282623291,
      18.75244140625,
      25.211828231811523,
      24.867490768432617,
      26.152896881103516,
      30.16910743713379,
      27.63379669189453,
      32.13084030151367,
      23.558218002319336,
      41.86262893676758,
      40.15004348754883,
      79.45901489257812,
      32.206459045410156,
      56.46721649169922,
      39.387229919433594,
      32.90650177001953
    ],
    [
      6.032873630523682,
      2.1156086921691895,
      18.312179565429688,
      11.820375442504883,
      34.783206939697266,
      13.618786811828613,
      35.882633209228516,
      17.68621826171875,
      47.048805236816406,
      20.05246925354004,
      61.67210388183594,
      28.710844039916992,
      67.5767593383789,
      32.206459045410156,
      88.04129791259766,
      31.01877784729004,
      69.55303192138672,
      21.845970153808594
    ],
    [
      10.232853889465332,
      6.857299327850342,
      12.529643058776855,
      14.519225120544434,
      16.726104736328125,
      16.981367111206055,
      20.471097946166992,
      22.37944984436035,
      22.44996452331543,
      24.62739372253418,
      20.40226173400879,
      33.41637420654297,
      34.002418518066406,
      56.46721649169922,
      31.01877784729004,
      53.858802795410156,
      33.651161193847656,
      33.68310546875
    ],
    [
      13.269010543823242,
      5.077460765838623,
      18.78059959411621,
      13.160467147827148,
      28.329307556152344,
      14.798540115356445,
      27.464168548583984,
      15.974174499511719,
      32.105899810791016,
      16.015918731689453,
      42.14026641845703,
      22.824573516845703,
      54.2741584777832,
      39.387229919433594,
      69.55303192138672,
      33.651161193847656,
      78.40093994140625,
      25.980178833007812
    ],
    [
      6.819548606872559,
      4.581946849822998,
      7.653705596923828,
      8.948071479797363,
      8.14688491821289,
      8.841939926147461,
      11.482258796691895,
      12.933955192565918,
      13.192572593688965,
      14.766148567199707,
      12.753437042236328,
      19.632953643798828,
      22.666913986206055,
      32.90650177001953,
      21.845970153808594,
      33.68310546875,
      25.980178833007812,
      27.217844009399414
    ]
  ],
  "damage": -12.28498363494873,
  "diff_bandwidth": 767.23876953125,
  "dissonance": 7.633566281186082,
  "drr": -4.073478698730469,
  "dynamics": 4.281887531280518,
  "format": 1245190,
  "frames": 6221760,
  "loudness": -18.90082359313965,
  "loudness_range": 11.564521789550781,
  "loudness_range_short": 16.922252655029297,
  "lowpass_true_peak_15khz": -1.923768401145935,
  "mastering3_acoustic_entropies": [
    {
      "acoustic_entropy": 8.905196189880371,
      "acoustic_entropy_mono": 8.953571319580078,
      "band_eliminated_acoustic_entropies": [
        {
          "acoustic_entropy": 8.905191421508789,
          "acoustic_entropy_side": 8.905196189880371,
          "hz": 129.47220167065723
        },
        {
          "acoustic_entropy": 8.89317798614502,
          "acoustic_entropy_side": 8.905214309692383,
          "hz": 202.92927478742237
        },
        {
          "acoustic_entropy": 8.973355293273926,
          "acoustic_entropy_side": 8.907670021057129,
          "hz": 282.89161906338205
        },
        {
          "acoustic_entropy": 8.906718254089355,
          "acoustic_entropy_side": 8.872895240783691,
          "hz": 369.9353335868758
        },
        {
          "acoustic_entropy": 9.135665893554688,
          "acoustic_entropy_side": 8.919940948486328,
          "hz": 464.6875360973435
        },
        {
          "acoustic_entropy": 9.036227226257324,
          "acoustic_entropy_side": 8.913673400878906,
          "hz": 567.8308811364784
        },
        {
          "acoustic_entropy": 9.052793502807617,
          "acoustic_entropy_side": 8.909955978393555,
          "hz": 680.1084783214808
        },
        {
          "acoustic_entropy": 8.645588874816895,
          "acoustic_entropy_side": 8.899310111999512,
          "hz": 802.3292461747484
        },
        {
          "acoustic_entropy": 8.990326881408691,
          "acoustic_entropy_side": 8.911109924316406,
          "hz": 935.3737400823702
        },
        {
          "acoustic_entropy": 8.59212875366211,
          "acoustic_entropy_side": 8.911901473999023,
          "hz": 1080.2004963696966
        },
        {
          "acoustic_entropy": 8.732599258422852,
          "acoustic_entropy_side": 9.01062297821045,
          "hz": 1237.8529382007157
        },
        {
          "acoustic_entropy": 9.080780029296875,
          "acoustic_entropy_side": 8.91724967956543,
          "hz": 1409.4668930556702
        },
        {
          "acoustic_entropy": 8.63431453704834,
          "acoustic_entropy_side": 8.912616729736328,
          "hz": 1596.2787759475705
        },
        {
          "acoustic_entropy": 9.229486465454102,
          "acoustic_entropy_side": 8.936479568481445,
          "hz": 1799.6344973346393
        },
        {
          "acoustic_entropy": 8.628150939941406,
          "acoustic_entropy_side": 8.936182975769043,
          "hz": 2020.9991599069049
        },
        {
          "acoustic_entropy": 9.20630931854248,
          "acoustic_entropy_side": 8.907400131225586,
          "hz": 2261.9676141086993
        },
        {
          "acoustic_entropy": 8.975433349609375,
          "acoustic_entropy_side": 8.905131340026855,
          "hz": 2524.2759484456974
        },
        {
          "acoustic_entropy": 8.748359680175781,
          "acoustic_entropy_side": 8.899704933166504,
          "hz": 2809.813997359896
        },
        {
          "acoustic_entropy": 8.544151306152344,
          "acoustic_entropy_side": 8.92457103729248,
          "hz": 3120.6389567871424
        },
        {
          "acoustic_entropy": 8.501187324523926,
          "acoustic_entropy_side": 8.905550956726074,
          "hz": 3458.990205492291
        },
        {
          "acoustic_entropy": 8.589792251586914,
          "acoustic_entropy_side": 8.910211563110352,
          "hz": 3827.305438964164
        },
        {
          "acoustic_entropy": 8.88155746459961,
          "acoustic_entropy_side": 8.907430648803711,
          "hz": 4228.238232109126
        },
        {
          "acoustic_entropy": 8.937417984008789,
          "acoustic_entropy_side": 8.90140151977539,
          "hz": 4664.6771572759235
        },
        {
          "acoustic_entropy": 8.633490562438965,
          "acoustic_entropy_side": 8.894567489624023,
          "hz": 5139.766595350093
        },
        {
          "acoustic_entropy": 8.868268013000488,
          "acoustic_entropy_side": 8.898792266845703,
          "hz": 5656.929389854203
        },
        {
          "acoustic_entropy": 8.969852447509766,
          "acoustic_entropy_side": 8.901165962219238,
          "hz": 6219.891507268283
        },
        {
          "acoustic_entropy": 8.982850074768066,
          "acoustic_entropy_side": 8.904345512390137,
          "hz": 6832.70888123896
        },
        {
          "acoustic_entropy": 8.935833930969238,
          "acoustic_entropy_side": 8.90497875213623,
          "hz": 7499.796634079867
        },
        {
          "acoustic_entropy": 8.91219711303711,
          "acoustic_entropy_side": 8.904972076416016,
          "hz": 8225.96088609342
        },
        {
          "acoustic_entropy": 8.907023429870605,
          "acoustic_entropy_side": 8.904871940612793,
          "hz": 9016.43338188839
        },
        {
          "acoustic_entropy": 8.885873794555664,
          "acoustic_entropy_side": 8.904890060424805,
          "hz": 9876.909183162974
        },
        {
          "acoustic_entropy": 8.881769180297852,
          "acoustic_entropy_side": 8.904349327087402,
          "hz": 10813.587699516042
        },
        {
          "acoustic_entropy": 8.882367134094238,
          "acoustic_entropy_side": 8.905004501342773,
          "hz": 11833.21735289826
        },
        {
          "acoustic_entropy": 8.88393497467041,
          "acoustic_entropy_side": 8.905158042907715,
          "hz": 12943.144197493959
        },
        {
          "acoustic_entropy": 8.878832817077637,
          "acoustic_entropy_side": 8.90516185760498,
          "hz": 14151.364845322005
        },
        {
          "acoustic_entropy": 8.877260208129883,
          "acoustic_entropy_side": 8.90519905090332,
          "hz": 15466.58407886509
        },
        {
          "acoustic_entropy": 8.896256446838379,
          "acoustic_entropy_side": 8.905187606811523,
          "hz": 16898.27756580493
        },
        {
          "acoustic_entropy": 8.904605865478516,
          "acoustic_entropy_side": 8.905197143554688,
          "hz": 18456.760127700032
        },
        {
          "acoustic_entropy": 8.905202865600586,
          "acoustic_entropy_side": 8.90519905090332,
          "hz": 20153.260054456492
        },
        {
          "acoustic_entropy": 8.905186653137207,
          "acoustic_entropy_side": 8.905196189880371,
          "hz": 22000.00000000001
        }
      ],
      "diff_acoustic_entropy": 6.351093292236328,
      "sn": 6
    },
    {
      "acoustic_entropy": 13.335159301757812,
      "acoustic_entropy_mono": 12.787353515625,
      "band_eliminated_acoustic_entropies": [
        {
          "acoustic_entropy": 13.335010528564453,
          "acoustic_entropy_side": 13.335159301757812,
          "hz": 129.47220167065723
        },
        {
          "acoustic_entropy": 13.448029518127441,
          "acoustic_entropy_side": 13.334868431091309,
          "hz": 202.92927478742237
        },
        {
          "acoustic_entropy": 13.234164237976074,
          "acoustic_entropy_side": 13.406106948852539,
          "hz": 282.89161906338205
        },
        {
          "acoustic_entropy": 13.77322769165039,
          "acoustic_entropy_side": 13.298230171203613,
          "hz": 369.9353335868758
        },
        {
          "acoustic_entropy": 13.222776412963867,
          "acoustic_entropy_side": 13.37623405456543,
          "hz": 464.6875360973435
        },
        {
          "acoustic_entropy": 13.571027755737305,
          "acoustic_entropy_side": 13.315861701965332,
          "hz": 567.8308811364784
        },
        {
          "acoustic_entropy": 13.340683937072754,
          "acoustic_entropy_side": 13.203903198242188,
          "hz": 680.1084783214808
        },
        {
          "acoustic_entropy": 14.00118350982666,
          "acoustic_entropy_side": 13.244223594665527,
          "hz": 802.3292461747484
        },
        {
          "acoustic_entropy": 13.602127075195312,
          "acoustic_entropy_side": 13.417520523071289,
          "hz": 935.3737400823702
        },
        {
          "acoustic_entropy": 13.080726623535156,
          "acoustic_entropy_side": 13.31184196472168,
          "hz": 1080.2004963696966
        },
        {
          "acoustic_entropy": 12.349884986877441,
          "acoustic_entropy_side": 12.920295715332031,
          "hz": 1237.8529382007157
        },
        {
          "acoustic_entropy": 13.029436111450195,
          "acoustic_entropy_side": 13.24799633026123,
          "hz": 1409.4668930556702
        },
        {
          "acoustic_entropy": 13.127538681030273,
          "acoustic_entropy_side": 13.37722396850586,
          "hz": 1596.2787759475705
        },
        {
          "acoustic_entropy": 13.43559741973877,
          "acoustic_entropy_side": 13.286808967590332,
          "hz": 1799.6344973346393
        },
        {
          "acoustic_entropy": 13.147403717041016,
          "acoustic_entropy_side": 13.33655834197998,
          "hz": 2020.9991599069049
        },
        {
          "acoustic_entropy": 13.464195251464844,
          "acoustic_entropy_side": 13.334856986999512,
          "hz": 2261.9676141086993
        },
        {
          "acoustic_entropy": 13.407644271850586,
          "acoustic_entropy_side": 13.325210571289062,
          "hz": 2524.2759484456974
        },
        {
          "acoustic_entropy": 13.1251220703125,
          "acoustic_entropy_side": 13.209503173828125,
          "hz": 2809.813997359896
        },
        {
          "acoustic_entropy": 12.60240650177002,
          "acoustic_entropy_side": 13.222929000854492,
          "hz": 3120.6389567871424
        },
        {
          "acoustic_entropy": 13.3568696975708,
          "acoustic_entropy_side": 13.268775939941406,
          "hz": 3458.990205492291
        },
        {
          "acoustic_entropy": 12.974410057067871,
          "acoustic_entropy_side": 13.307408332824707,
          "hz": 3827.305438964164
        },
        {
          "acoustic_entropy": 13.182308197021484,
          "acoustic_entropy_side": 13.293501853942871,
          "hz": 4228.238232109126
        },
        {
          "acoustic_entropy": 13.64858341217041,
          "acoustic_entropy_side": 13.302648544311523,
          "hz": 4664.6771572759235
        },
        {
          "acoustic_entropy": 12.856963157653809,
          "acoustic_entropy_side": 13.279582977294922,
          "hz": 5139.766595350093
        },
        {
          "acoustic_entropy": 13.259350776672363,
          "acoustic_entropy_side": 13.289054870605469,
          "hz": 5656.929389854203
        },
        {
          "acoustic_entropy": 13.228038787841797,
          "acoustic_entropy_side": 13.303284645080566,
          "hz": 6219.891507268283
        },
        {
          "acoustic_entropy": 13.290955543518066,
          "acoustic_entropy_side": 13.313055992126465,
          "hz": 6832.70888123896
        },
        {
          "acoustic_entropy": 13.293204307556152,
          "acoustic_entropy_side": 13.333037376403809,
          "hz": 7499.796634079867
        },
        {
          "acoustic_entropy": 13.275676727294922,
          "acoustic_entropy_side": 13.333355903625488,
          "hz": 8225.96088609342
        },
        {
          "acoustic_entropy": 13.308463096618652,
          "acoustic_entropy_side": 13.333251953125,
          "hz": 9016.43338188839
        },
        {
          "acoustic_entropy": 13.225146293640137,
          "acoustic_entropy_side": 13.334122657775879,
          "hz": 9876.909183162974
        },
        {
          "acoustic_entropy": 13.197200775146484,
          "acoustic_entropy_side": 13.331080436706543,
          "hz": 10813.587699516042
        },
        {
          "acoustic_entropy": 13.305268287658691,
          "acoustic_entropy_side": 13.334443092346191,
          "hz": 11833.21735289826
        },
        {
          "acoustic_entropy": 13.31233024597168,
          "acoustic_entropy_side": 13.334684371948242,
          "hz": 12943.144197493959
        },
        {
          "acoustic_entropy": 13.308069229125977,
          "acoustic_entropy_side": 13.334746360778809,
          "hz": 14151.364845322005
        },
        {
          "acoustic_entropy": 13.325125694274902,
          "acoustic_entropy_side": 13.334781646728516,
          "hz": 15466.58407886509
        },
        {
          "acoustic_entropy": 13.331694602966309,
          "acoustic_entropy_side": 13.334996223449707,
          "hz": 16898.27756580493
        },
        {
          "acoustic_entropy": 13.333545684814453,
          "acoustic_entropy_side": 13.33512020111084,
          "hz": 18456.760127700032
        },
        {
          "acoustic_entropy": 13.33457088470459,
          "acoustic_entropy_side": 13.335152626037598,
          "hz": 20153.260054456492
        },
        {
          "acoustic_entropy": 13.335002899169922,
          "acoustic_entropy_side": 13.33515739440918,
          "hz": 22000.00000000001
        }
      ],
      "diff_acoustic_entropy": 10.956448554992676,
      "sn": 12
    },
    {
      "acoustic_entropy": 20.35175132751465,
      "acoustic_entropy_mono": 17.599346160888672,
      "band_eliminated_acoustic_entropies": [
        {
          "acoustic_entropy": 20.332521438598633,
          "acoustic_entropy_side": 20.351823806762695,
          "hz": 129.47220167065723
        },
        {
          "acoustic_entropy": 19.97050666809082,
          "acoustic_entropy_side": 20.291053771972656,
          "hz": 202.92927478742237
        },
        {
          "acoustic_entropy": 20.33563995361328,
          "acoustic_entropy_side": 19.848461151123047,
          "hz": 282.89161906338205
        },
        {
          "acoustic_entropy": 20.715099334716797,
          "acoustic_entropy_side": 20.32577133178711,
          "hz": 369.9353335868758
        },
        {
          "acoustic_entropy": 19.074844360351562,
          "acoustic_entropy_side": 20.11045265197754,
          "hz": 464.6875360973435
        },
        {
          "acoustic_entropy": 20.71771812438965,
          "acoustic_entropy_side": 20.74746322631836,
          "hz": 567.8308811364784
        },
        {
          "acoustic_entropy": 20.162399291992188,
          "acoustic_entropy_side": 20.25397491455078,
          "hz": 680.1084783214808
        },
        {
          "acoustic_entropy": 19.912864685058594,
          "acoustic_entropy_side": 19.759565353393555,
          "hz": 802.3292461747484
        },
        {
          "acoustic_entropy": 20.04861068725586,
          "acoustic_entropy_side": 19.62085723876953,
          "hz": 935.3737400823702
        },
        {
          "acoustic_entropy": 20.333942413330078,
          "acoustic_entropy_side": 20.374528884887695,
          "hz": 1080.2004963696966
        },
        {
          "acoustic_entropy": 19.442169189453125,
          "acoustic_entropy_side": 19.46409797668457,
          "hz": 1237.8529382007157
        },
        {
          "acoustic_entropy": 20.295461654663086,
          "acoustic_entropy_side": 20.45126724243164,
          "hz": 1409.4668930556702
        },
        {
          "acoustic_entropy": 20.156064987182617,
          "acoustic_entropy_side": 19.7799015045166,
          "hz": 1596.2787759475705
        },
        {
          "acoustic_entropy": 20.097204208374023,
          "acoustic_entropy_side": 20.141616821289062,
          "hz": 1799.6344973346393
        },
        {
          "acoustic_entropy": 20.85198974609375,
          "acoustic_entropy_side": 20.797138214111328,
          "hz": 2020.9991599069049
        },
        {
          "acoustic_entropy": 19.410947799682617,
          "acoustic_entropy_side": 20.256053924560547,
          "hz": 2261.9676141086993
        },
        {
          "acoustic_entropy": 19.80308723449707,
          "acoustic_entropy_side": 20.455825805664062,
          "hz": 2524.2759484456974
        },
        {
          "acoustic_entropy": 20.307735443115234,
          "acoustic_entropy_side": 20.486448287963867,
          "hz": 2809.813997359896
        },
        {
          "acoustic_entropy": 20.354084014892578,
          "acoustic_entropy_side": 19.98162078857422,
