{
  "acoustic_entropy": 150.41758728027344,
  "bands": [
    {
      "high_freq": 148.1999969482422,
      "loudness": -26.020755767822266,
      "loudness_range": 25.549266815185547,
      "mid_mean": -22.838237762451172,
      "mid_to_side_loudness": -9.838125228881836,
      "mid_to_side_loudness_range": 6.968698024749756,
      "side_mean": -32.45127868652344
    },
    {
      "high_freq": 392.3793640136719,
      "loudness": -31.36878204345703,
      "loudness_range": 24.86954689025879,
      "low_freq": 148.1999969482422,
      "mid_mean": -28.64439582824707,
      "mid_to_side_loudness": -6.529122829437256,
      "mid_to_side_loudness_range": 6.533993721008301,
      "side_mean": -35.34844207763672
    },
    {
      "high_freq": 794.6976318359375,
      "loudness": -32.503509521484375,
      "loudness_range": 28.877593994140625,
      "low_freq": 392.3793640136719,
      "mid_mean": -29.844223022460938,
      "mid_to_side_loudness": -6.617454528808594,
      "mid_to_side_loudness_range": 6.728507995605469,
      "side_mean": -36.38418197631836
    },
    {
      "high_freq": 1457.5709228515625,
      "loudness": -31.361894607543945,
      "loudness_range": 22.221342086791992,
      "low_freq": 794.6976318359375,
      "mid_mean": -28.608354568481445,
      "mid_to_side_loudness": -6.270962238311768,
      "mid_to_side_loudness_range": 6.481801986694336,
      "side_mean": -35.258358001708984
    },
    {
      "high_freq": 2549.74365234375,
      "loudness": -32.0738410949707,
      "loudness_range": 26.223556518554688,
      "low_freq": 1457.5709228515625,
      "mid_mean": -30.026086807250977,
      "mid_to_side_loudness": -5.716968059539795,
      "mid_to_side_loudness_range": 5.501546859741211,
      "side_mean": -36.27425003051758
    },
    {
      "high_freq": 4349.24462890625,
      "loudness": -35.49237823486328,
      "loudness_range": 22.01979637145996,
      "low_freq": 2549.74365234375,
      "mid_mean": -33.84096145629883,
      "mid_to_side_loudness": -4.9710373878479,
      "mid_to_side_loudness_range": 4.614529609680176,
      "side_mean": -39.07073974609375
    },
    {
      "high_freq": 7314.1640625,
      "loudness": -40.21788024902344,
      "loudness_range": 20.001834869384766,
      "low_freq": 4349.24462890625,
      "mid_mean": -38.53291702270508,
      "mid_to_side_loudness": -5.626253604888916,
      "mid_to_side_loudness_range": 4.657285690307617,
      "side_mean": -44.88319778442383
    },
    {
      "high_freq": 12199.2666015625,
      "loudness": -44.889305114746094,
      "loudness_range": 25.74618911743164,
      "low_freq": 7314.1640625,
      "mid_mean": -43.70759201049805,
      "mid_to_side_loudness": -6.311044216156006,
      "mid_to_side_loudness_range": 4.503073692321777,
      "side_mean": -53.65689468383789
    },
    {
      "loudness": -55.486915588378906,
      "loudness_range": 28.911441802978516,
      "low_freq": 12199.2666015625,
      "mid_mean": -56.45854568481445,
      "mid_to_side_loudness": -7.053435802459717,
      "mid_to_side_loudness_range": 3.7835254669189453,
      "side_mean": -61.04836654663086
    }
  ],
  "bands_short": [
    {
      "high_freq": 148.1999969482422,
      "loudness": -28.667978286743164,
      "loudness_range": 26.45844841003418,
      "mid_mean": -25.61629867553711,
      "mid_to_side_loudness": -10.286798477172852,
      "mid_to_side_loudness_range": 14.286163330078125,
      "side_mean": -35.73020935058594
    },
    {
      "high_freq": 392.3793640136719,
      "loudness": -28.966983795166016,
      "loudness_range": 27.66954231262207,
      "low_freq": 148.1999969482422,
      "mid_mean": -26.258563995361328,
      "mid_to_side_loudness": -6.827106952667236,
      "mid_to_side_loudness_range": 10.04272174835205,
      "side_mean": -33.349449157714844
    },
    {
      "high_freq": 794.6976318359375,
      "loudness": -33.247074127197266,
      "loudness_range": 29.29987144470215,
      "low_freq": 392.3793640136719,
      "mid_mean": -30.713762283325195,
      "mid_to_side_loudness": -6.311526298522949,
      "mid_to_side_loudness_range": 10.783008575439453,
      "side_mean": -37.29822540283203
    },
    {
      "high_freq": 1457.5709228515625,
      "loudness": -32.040069580078125,
      "loudness_range": 24.79144859313965,
      "low_freq": 794.6976318359375,
      "mid_mean": -29.52271270751953,
      "mid_to_side_loudness": -5.857398509979248,
      "mid_to_side_loudness_range": 10.340958595275879,
      "side_mean": -35.80412673950195
    },
    {
      "high_freq": 2549.74365234375,
      "loudness": -32.94804000854492,
      "loudness_range": 28.166088104248047,
      "low_freq": 1457.5709228515625,
      "mid_mean": -31.118314743041992,
      "mid_to_side_loudness": -5.318718433380127,
      "mid_to_side_loudness_range": 8.485136032104492,
      "side_mean": -37.01072311401367
    },
    {
      "high_freq": 4349.24462890625,
      "loudness": -36.459869384765625,
      "loudness_range": 24.291458129882812,
      "low_freq": 2549.74365234375,
      "mid_mean": -34.97086715698242,
      "mid_to_side_loudness": -4.716653823852539,
      "mid_to_side_loudness_range": 6.995005130767822,
      "side_mean": -40.137901306152344
    },
    {
      "high_freq": 7314.1640625,
      "loudness": -41.3167610168457,
      "loudness_range": 23.043590545654297,
      "low_freq": 4349.24462890625,
      "mid_mean": -39.83388137817383,
      "mid_to_side_loudness": -5.183093070983887,
      "mid_to_side_loudness_range": 6.602575302124023,
      "side_mean": -50.07364273071289
    },
    {
      "high_freq": 12199.2666015625,
      "loudness": -46.73544692993164,
      "loudness_range": 27.812345504760742,
      "low_freq": 7314.1640625,
      "mid_mean": -50.2333869934082,
      "mid_to_side_loudness": -5.800671577453613,
      "mid_to_side_loudness_range": 6.502824306488037,
      "side_mean": -55.02020263671875
    },
    {
      "loudness": -58.34461975097656,
      "loudness_range": 31.421283721923828,
      "low_freq": 12199.2666015625,
      "mid_mean": -58.7611198425293,
      "mid_to_side_loudness": -6.807429790496826,
      "mid_to_side_loudness_range": 6.804977893829346,
      "side_mean": -62.771820068359375
    }
  ],
  "bandwidth": 418.07757568359375,
  "channels": 2,
  "covariance": [
    [
      87.47871398925781,
      82.10791778564453,
      74.46198272705078,
      65.1937026977539,
      57.60292434692383,
      57.61714172363281,
      27.76702880859375,
      28.461198806762695,
      29.535186767578125,
      30.214296340942383,
      30.600894927978516,
      29.676549911499023,
      24.732168197631836,
      26.943941116333008,
      20.063995361328125,
      61.71617889404297,
      44.08025360107422,
      28.05034065246582
    ],
    [
      82.10791778564453,
      83.52275085449219,
      71.64006042480469,
      63.605491638183594,
      55.037750244140625,
      55.15553665161133,
      28.914766311645508,
      29.898374557495117,
      30.20943832397461,
      30.81859016418457,
      30.732864379882812,
      30.130840301513672,
      23.651470184326172,
      25.721797943115234,
      17.0248966217041,
      57.808101654052734,
      39.84181594848633,
      24.441423416137695
    ],
    [
      74.46198272705078,
      71.64006042480469,
      91.88331604003906,
      82.17634582519531,
      75.7479248046875,
      76.51399230957031,
      39.72344207763672,
      43.14936828613281,
      52.49553298950195,
      52.77299880981445,
      43.53866195678711,
      43.27192306518555,
      35.71320724487305,
      37.44475173950195,
      24.189727783203125,
      64.35227966308594,
      47.562862396240234,
      31.526920318603516
    ],
    [
      65.1937026977539,
      63.605491638183594,
      82.17634582519531,
      79.80194091796875,
      72.180419921875,
      73.2850112915039,
      39.47799301147461,
      43.67598342895508,
      52.169742584228516,
      52.697078704833984,
      41.073631286621094,
      41.41625213623047,
      33.551856994628906,
      35.58551788330078,
      21.93031883239746,
      58.22563171386719,
      42.75579071044922,
      28.755327224731445
    ],
    [
      57.60292434692383,
      55.037750244140625,
      75.7479248046875,
      72.180419921875,
      102.67810821533203,
      95.08443450927734,
      57.531829833984375,
      60.827354431152344,
      71.97513580322266,
      71.0973129272461,
      55.85195541381836,
      54.825897216796875,
      43.89231872558594,
      46.442108154296875,
      32.6758918762207,
      62.330780029296875,
      47.70599365234375,
      33.41755294799805
    ],
    [
      57.61714172363281,
      55.15553665161133,
      76.51399230957031,
      73.2850112915039,
      95.08443450927734,
      107.42219543457031,
      58.37881851196289,
      64.27532958984375,
      73.6421890258789,
      75.15676879882812,
      59.18684005737305,
      59.68695068359375,
      43.94212341308594,
      47.786991119384766,
      31.761837005615234,
      60.156558990478516,
      45.585182189941406,
      31.998544692993164
    ],
    [
      27.76702880859375,
      28.914766311645508,
      39.72344207763672,
      39.47799301147461,
      57.531829833984375,
      58.37881851196289,
      64.56205749511719,
      64.20137023925781,
      72.78111267089844,
      71.10437774658203,
      59.53279495239258,
      59.20906066894531,
      46.90303421020508,
      49.24835968017578,
      36.56577682495117,
      32.745521545410156,
      25.362857818603516,
      18.131174087524414
    ],
    [
      28.461198806762695,
      29.898374557495117,
      43.14936828613281,
      43.67598342895508,
      60.827354431152344,
      64.27532958984375,
      64.20137023925781,
      71.89196014404297,
      76.06836700439453,
      77.85333251953125,
      62.546356201171875,
      63.307857513427734,
      48.48633575439453,
      51.368412017822266,
      35.507965087890625,
      32.590965270996094,
      24.65465545654297,
      17.65233039855957
    ],
    [
      29.535186767578125,
      30.20943832397461,
      52.49553298950195,
      52.169742584228516,
      71.97513580322266,
      73.6421890258789,
      72.78111267089844,
      76.06836700439453,
      97.82714080810547,
      93.51815795898438,
      77.66571807861328,
      76.89360046386719,
      64.70918273925781,
      65.12181091308594,
      49.44178009033203,
      43.27198791503906,
      34.85021209716797,
      25.474334716796875
    ],
    [
      30.214296340942383,
      30.81859016418457,
      52.77299880981445,
      52.697078704833984,
      71.0973129272461,
      75.15676879882812,
      71.10437774658203,
      77.85333251953125,
      93.51815795898438,
      96.55917358398438,
      76.4293212890625,
      76.87275695800781,
      62.99691390991211,
      65.08938598632812,
      46.764129638671875,
      42.20085144042969,
      33.40380096435547,
      24.27806854248047
    ],
    [
      30.600894927978516,
      30.732864379882812,
      43.53866195678711,
      41.073631286621094,
      55.85195541381836,
      59.18684005737305,
      59.53279495239258,
      62.546356201171875,
      77.66571807861328,
      76.4293212890625,
      84.2795639038086,
      80.29178619384766,
      72.74225616455078,
      70.39344024658203,
      65.85623168945312,
      60.89862823486328,
      53.01224899291992,
      42.28766632080078
    ],
    [
      29.676549911499023,
      30.130840301513672,
      43.27192306518555,
      41.41625213623047,
      54.825897216796875,
      59.68695068359375,
      59.20906066894531,
      63.307857513427734,
      76.89360046386719,
      76.87275695800781,
      80.29178619384766,
      83.05693054199219,
      68.08883666992188,
      67.68766021728516,
      60.214935302734375,
      57.312782287597656,
      49.07306671142578,
      39.17774963378906
    ],
    [
      24.732168197631836,
      23.651470184326172,
      35.71320724487305,
      33.551856994628906,
      43.89231872558594,
      43.94212341308594,
      46.90303421020508,
      48.48633575439453,
      64.70918273925781,
      62.99691390991211,
      72.74225616455078,
      68.08883666992188,
      79.52111053466797,
      74.02061462402344,
      77.53794860839844,
      69.65361022949219,
      63.381072998046875,
      50.914825439453125
    ],
    [
      26.943941116333008,
      25.721797943115234,
      37.44475173950195,
      35.58551788330078,
      46.442108154296875,
      47.786991119384766,
      49.24835968017578,
      51.368412017822266,
      65.12181091308594,
      65.08938598632812,
      70.39344024658203,
      67.68766021728516,
      74.02061462402344,
      76.93241119384766,
      75.59938049316406,
      70.5760498046875,
      62.92228317260742,
      50.33951950073242
    ],
    [
      20.063995361328125,
      17.0248966217041,
      24.189727783203125,
      21.93031883239746,
      32.6758918762207,
      31.761837005615234,
      36.56577682495117,
      35.507965087890625,
      49.44178009033203,
      46.764129638671875,
      65.85623168945312,
      60.214935302734375,
      77.53794860839844,
      75.59938049316406,
      97.83757019042969,
      88.81163024902344,
      87.42575073242188,
      73.5415267944336
    ],
    [
      61.71617889404297,
      57.808101654052734,
      64.35227966308594,
      58.22563171386719,
      62.330780029296875,
      60.156558990478516,
      32.745521545410156,
      32.590965270996094,
      43.27198791503906,
      42.20085144042969,
      60.89862823486328,
      57.312782287597656,
      69.65361022949219,
      70.5760498046875,
      88.81163024902344,
      124.38623046875,
      110.96488189697266,
      88.20491790771484
    ],
    [
      44.08025360107422,
      39.84181594848633,
      47.562862396240234,
      42.75579071044922,
      47.70599365234375,
      45.585182189941406,
      25.362857818603516,
      24.65465545654297,
      34.85021209716797,
      33.40380096435547,
      53.01224899291992,
      49.07306671142578,
      63.381072998046875,
      62.92228317260742,
      87.42575073242188,
      110.96488189697266,
      105.70953369140625,
      86.14683532714844
    ],
    [
      28.05034065246582,
      24.441423416137695,
      31.526920318603516,
      28.755327224731445,
      33.41755294799805,
      31.998544692993164,
      18.131174087524414,
      17.65233039855957,
      25.474334716796875,
      24.27806854248047,
      42.28766632080078,
      39.17774963378906,
      50.914825439453125,
      50.33951950073242,
      73.5415267944336,
      88.20491790771484,
      86.14683532714844,
      72.69234466552734
    ]
  ],
  "covariance_short": [
    [
      90.5050048828125,
      75.70040130615234,
      76.89215850830078,
      68.33063507080078,
      53.94821548461914,
      54.54608154296875,
      26.37434959411621,
      27.22446060180664,
      28.108020782470703,
      28.459562301635742,
      29.204214096069336,
      30.160518646240234,
      23.602672576904297,
      74.82552337646484,
      71.19915008544922,
      55.28321075439453,
      35.84925079345703,
      23.564552307128906
    ],
    [
      75.70040130615234,
      86.848876953125,
      74.03231048583984,
      70.15768432617188,
      52.211456298828125,
      54.03786849975586,
      27.826583862304688,
      29.484643936157227,
      29.21768569946289,
      30.289854049682617,
      30.206396102905273,
      31.857341766357422,
      23.106353759765625,
      74.75074768066406,
      68.4457015991211,
      53.29955291748047,
      32.43317794799805,
      21.043302536010742
    ],
    [
      76.89215850830078,
      74.03231048583984,
      102.84664916992188,
      87.58090209960938,
      75.99667358398438,
      77.12017059326172,
      42.08530044555664,
      44.6174201965332,
      52.11166000366211,
      52.13811111450195,
      44.57535171508789,
      45.38453674316406,
      35.67812728881836,
      88.69124603271484,
      78.67335510253906,
      60.88406753540039,
      41.135650634765625,
      26.942739486694336
    ],
    [
      68.33063507080078,
      70.15768432617188,
      87.58090209960938,
      90.0731430053711,
      70.80117797851562,
      74.04190826416016,
      41.32521057128906,
      45.579830169677734,
      51.09703826904297,
      52.376983642578125,
      41.73776626586914,
      43.62217330932617,
      32.03334045410156,
      82.57508850097656,
      70.2528076171875,
      54.68515396118164,
      35.03429412841797,
      23.001190185546875
    ],
    [
      53.94821548461914,
      52.211456298828125,
      75.99667358398438,
      70.80117797851562,
      105.84375,
      94.63031005859375,
      63.70885467529297,
      63.43611145019531,
      74.96321105957031,
      72.23641967773438,
      60.138702392578125,
      59.05329132080078,
      48.802459716796875,
      89.70465850830078,
      81.9756088256836,
      64.49241638183594,
      48.75212860107422,
      34.021575927734375
    ],
    [
      54.54608154296875,
      54.03786849975586,
      77.12017059326172,
      74.04190826416016,
      94.63031005859375,
      110.63084411621094,
      61.35590362548828,
      66.14056396484375,
      73.7300796508789,
      74.82295227050781,
      60.69065856933594,
      61.48237228393555,
      46.78221130371094,
      90.80858612060547,
      80.04214477539062,
      63.731117248535156,
      46.518428802490234,
      33.17608642578125
    ],
    [
      26.37434959411621,
      27.826583862304688,
      42.08530044555664,
      41.32521057128906,
      63.70885467529297,
      61.35590362548828,
      80.63958740234375,
      71.69149017333984,
      83.51703643798828,
      78.85408782958984,
      68.6207046508789,
      68.15023803710938,
      55.626522064208984,
      56.57679748535156,
      50.20327377319336,
      40.95314407348633,
      34.16694259643555,
      24.24091911315918
    ],
    [
      27.22446060180664,
      29.484643936157227,
      44.6174201965332,
      45.579830169677734,
      63.43611145019531,
      66.14056396484375,
      71.69149017333984,
      81.10783386230469,
      81.56281280517578,
      82.55854034423828,
      67.92652130126953,
      69.76338195800781,
      53.455928802490234,
      57.172447204589844,
      45.68674850463867,
      38.34136962890625,
      29.666963577270508,
      21.82271385192871
    ],
    [
      28.108020782470703,
      29.21768569946289,
      52.11166000366211,
      51.09703826904297,
      74.96321105957031,
      73.7300796508789,
      83.51703643798828,
      81.56281280517578,
      110.0323715209961,
      99.1986083984375,
      85.5391616821289,
      84.42424011230469,
      72.45359802246094,
      71.98333740234375,
      61.885032653808594,
      51.4595947265625,
      43.17315673828125,
      31.075515747070312
    ],
    [
      28.459562301635742,
      30.289854049682617,
      52.13811111450195,
      52.376983642578125,
      72.23641967773438,
      74.82295227050781,
      78.85408782958984,
      82.55854034423828,
      99.1986083984375,
      104.0941390991211,
      81.3471450805664,
      82.86741638183594,
      67.1248779296875,
      69.9212875366211,
      55.90968704223633,
      47.316673278808594,
      37.241973876953125,
      27.363887786865234
    ],
    [
      29.204214096069336,
      30.206396102905273,
      44.57535171508789,
      41.73776626586914,
      60.138702392578125,
      60.69065856933594,
      68.6207046508789,
      67.92652130126953,
      85.5391616821289,
      81.3471450805664,
      94.59034729003906,
      87.16090393066406,
      80.5079574584961,
      78.93144226074219,
      80.24642944335938,
      68.09385681152344,
      59.42774200439453,
      45.61762619018555
    ],
    [
      30.160518646240234,
      31.857341766357422,
      45.38453674316406,
      43.62217330932617,
      59.05329132080078,
      61.48237228393555,
      68.15023803710938,
      69.76338195800781,
      84.42424011230469,
      82.86741638183594,
      87.16090393066406,
      92.77647399902344,
      74.56443786621094,
      79.30325317382812,
      75.97467041015625,
      65.44942474365234,
      54.25074768066406,
      42.36994171142578
    ],
    [
      23.602672576904297,
      23.106353759765625,
      35.67812728881836,
      32.03334045410156,
      48.802459716796875,
      46.78221130371094,
      55.626522064208984,
      53.455928802490234,
      72.45359802246094,
      67.1248779296875,
      80.5079574584961,
      74.56443786621094,
      91.13860321044922,
      80.4985580444336,
      90.67296600341797,
      77.5388412475586,
      71.26105499267578,
      54.59821319580078
    ],
    [
      74.82552337646484,
      74.75074768066406,
      88.69124603271484,
      82.57508850097656,
      89.70465850830078,
      90.80858612060547,
      56.57679748535156,
      57.172447204589844,
      71.98333740234375,
      69.9212875366211,
      78.93144226074219,
      79.30325317382812,
      80.4985580444336,
      153.0500030517578,
      154.01156616210938,
      125.54053497314453,
      97.67657470703125,
      72.231201171875
    ],
    [
      71.19915008544922,
      68.4457015991211,
      78.67335510253906,
      70.2528076171875,
      81.9756088256836,
      80.04214477539062,
      50.20327377319336,
      45.68674850463867,
      61.885032653808594,
      55.90968704223633,
      80.24642944335938,
      75.97467041015625,
      90.67296600341797,
      154.01156616210938,
      178.34349060058594,
      144.99363708496094,
      124.50709533691406,
      93.5575942993164
    ],
    [
      55.28321075439453,
      53.29955291748047,
      60.88406753540039,
      54.68515396118164,
      64.49241638183594,
      63.731117248535156,
      40.95314407348633,
      38.34136962890625,
      51.4595947265625,
      47.316673278808594,
      68.09385681152344,
      65.44942474365234,
      77.5388412475586,
      125.54053497314453,
      144.99363708496094,
      121.5223388671875,
      103.56245422363281,
      80.6483383178711
    ],
    [
      35.84925079345703,
      32.43317794799805,
      41.135650634765625,
      35.03429412841797,
      48.75212860107422,
      46.518428802490234,
      34.16694259643555,
      29.666963577270508,
      43.17315673828125,
      37.241973876953125,
      59.42774200439453,
      54.25074768066406,
      71.26105499267578,
      97.67657470703125,
      124.50709533691406,
      103.56245422363281,
      100.91510772705078,
      78.17407989501953
    ],
    [
      23.564552307128906,
      21.043302536010742,
      26.942739486694336,
      23.001190185546875,
      34.021575927734375,
      33.17608642578125,
      24.24091911315918,
      21.82271385192871,
      31.075515747070312,
      27.363887786865234,
      45.61762619018555,
      42.36994171142578,
      54.59821319580078,
      72.231201171875,
      93.5575942993164,
      80.6483383178711,
      78.17407989501953,
      64.73167419433594
    ]
  ],
  "damage": -6.783261299133301,
  "diff_bandwidth": 460.5179138183594,
  "dissonance": 7.977719856583242,
  "drr": 9.39470386505127,
  "dynamics": 5.736490726470947,
  "format": 1245190,
  "frames": 10819520,
  "loudness": -15.563956260681152,
  "loudness_range": 25.023876190185547,
  "loudness_range_short": 26.28282928466797,
  "lowpass_true_peak_15khz": 0.07974470406770706,
  "mastering3_acoustic_entropies": [
    {
      "acoustic_entropy": 5.77133846282959,
      "acoustic_entropy_mono": 5.778299331665039,
      "band_eliminated_acoustic_entropies": [
        {
          "acoustic_entropy": 5.696793556213379,
          "acoustic_entropy_side": 5.761614799499512,
          "hz": 129.47220167065723
        },
        {
          "acoustic_entropy": 4.9864654541015625,
          "acoustic_entropy_side": 5.6753997802734375,
          "hz": 202.92927478742237
        },
        {
          "acoustic_entropy": 5.971158981323242,
          "acoustic_entropy_side": 5.7798051834106445,
          "hz": 282.89161906338205
        },
        {
          "acoustic_entropy": 5.880471706390381,
          "acoustic_entropy_side": 5.801063537597656,
          "hz": 369.9353335868758
        },
        {
          "acoustic_entropy": 5.805511951446533,
          "acoustic_entropy_side": 5.807393550872803,
          "hz": 464.6875360973435
        },
        {
          "acoustic_entropy": 5.781479358673096,
          "acoustic_entropy_side": 5.81882381439209,
          "hz": 567.8308811364784
        },
        {
          "acoustic_entropy": 5.677421569824219,
          "acoustic_entropy_side": 5.770860195159912,
          "hz": 680.1084783214808
        },
        {
          "acoustic_entropy": 5.902984619140625,
          "acoustic_entropy_side": 5.7876081466674805,
          "hz": 802.3292461747484
        },
        {
          "acoustic_entropy": 5.6415839195251465,
          "acoustic_entropy_side": 5.770933628082275,
          "hz": 935.3737400823702
        },
        {
          "acoustic_entropy": 5.773236274719238,
          "acoustic_entropy_side": 5.611667633056641,
          "hz": 1080.2004963696966
        },
        {
          "acoustic_entropy": 5.8217573165893555,
          "acoustic_entropy_side": 5.7614054679870605,
          "hz": 1237.8529382007157
        },
        {
          "acoustic_entropy": 5.736283302307129,
          "acoustic_entropy_side": 5.75047492980957,
          "hz": 1409.4668930556702
        },
        {
          "acoustic_entropy": 5.892714977264404,
          "acoustic_entropy_side": 5.732946872711182,
          "hz": 1596.2787759475705
        },
        {
          "acoustic_entropy": 5.623257160186768,
          "acoustic_entropy_side": 5.721768856048584,
          "hz": 1799.6344973346393
        },
        {
          "acoustic_entropy": 5.583014965057373,
          "acoustic_entropy_side": 5.669851303100586,
          "hz": 2020.9991599069049
        },
        {
          "acoustic_entropy": 5.762564659118652,
          "acoustic_entropy_side": 5.775400161743164,
          "hz": 2261.9676141086993
        },
        {
          "acoustic_entropy": 5.641552925109863,
          "acoustic_entropy_side": 5.735694885253906,
          "hz": 2524.2759484456974
        },
        {
          "acoustic_entropy": 5.717573165893555,
          "acoustic_entropy_side": 5.750579833984375,
          "hz": 2809.813997359896
        },
        {
          "acoustic_entropy": 5.697690010070801,
          "acoustic_entropy_side": 5.7353973388671875,
          "hz": 3120.6389567871424
        },
        {
          "acoustic_entropy": 5.980263710021973,
          "acoustic_entropy_side": 5.850357532501221,
          "hz": 3458.990205492291
        },
        {
          "acoustic_entropy": 5.737241268157959,
          "acoustic_entropy_side": 5.7588114738464355,
          "hz": 3827.305438964164
        },
        {
          "acoustic_entropy": 5.816311359405518,
          "acoustic_entropy_side": 5.781028747558594,
          "hz": 4228.238232109126
        },
        {
          "acoustic_entropy": 5.781198024749756,
          "acoustic_entropy_side": 5.772104740142822,
          "hz": 4664.6771572759235
        },
        {
          "acoustic_entropy": 5.780437469482422,
          "acoustic_entropy_side": 5.774575233459473,
          "hz": 5139.766595350093
        },
        {
          "acoustic_entropy": 5.825357437133789,
          "acoustic_entropy_side": 5.780186653137207,
          "hz": 5656.929389854203
        },
        {
          "acoustic_entropy": 5.806572914123535,
          "acoustic_entropy_side": 5.7759552001953125,
          "hz": 6219.891507268283
        },
        {
          "acoustic_entropy": 5.813358783721924,
          "acoustic_entropy_side": 5.77731466293335,
          "hz": 6832.70888123896
        },
        {
          "acoustic_entropy": 5.8568878173828125,
          "acoustic_entropy_side": 5.785126686096191,
          "hz": 7499.796634079867
        },
        {
          "acoustic_entropy": 5.886368751525879,
          "acoustic_entropy_side": 5.797428607940674,
          "hz": 8225.96088609342
        },
        {
          "acoustic_entropy": 5.83161735534668,
          "acoustic_entropy_side": 5.790241241455078,
          "hz": 9016.43338188839
        },
        {
          "acoustic_entropy": 5.8338775634765625,
          "acoustic_entropy_side": 5.7964277267456055,
          "hz": 9876.909183162974
        },
        {
          "acoustic_entropy": 5.83518123626709,
          "acoustic_entropy_side": 5.791551113128662,
          "hz": 10813.587699516042
        },
        {
          "acoustic_entropy": 5.848060607910156,
          "acoustic_entropy_side": 5.786551475524902,
          "hz": 11833.21735289826
        },
        {
          "acoustic_entropy": 5.834830284118652,
          "acoustic_entropy_side": 5.7837395668029785,
          "hz": 12943.144197493959
        },
        {
          "acoustic_entropy": 5.82255220413208,
          "acoustic_entropy_side": 5.779660224914551,
          "hz": 14151.364845322005
        },
        {
          "acoustic_entropy": 5.80049991607666,
          "acoustic_entropy_side": 5.775129795074463,
          "hz": 15466.58407886509
        },
        {
          "acoustic_entropy": 5.787341594696045,
          "acoustic_entropy_side": 5.773016452789307,
          "hz": 16898.27756580493
        },
        {
          "acoustic_entropy": 5.779110908508301,
          "acoustic_entropy_side": 5.771984577178955,
          "hz": 18456.760127700032
        },
        {
          "acoustic_entropy": 5.7736992835998535,
          "acoustic_entropy_side": 5.77152681350708,
          "hz": 20153.260054456492
        },
        {
          "acoustic_entropy": 5.771633625030518,
          "acoustic_entropy_side": 5.771362781524658,
          "hz": 22000.00000000001
        }
      ],
      "diff_acoustic_entropy": 3.340618133544922,
      "sn": 6
    },
    {
      "acoustic_entropy": 8.387651443481445,
      "acoustic_entropy_mono": 7.849462032318115,
      "band_eliminated_acoustic_entropies": [
        {
          "acoustic_entropy": 8.384565353393555,
          "acoustic_entropy_side": 8.379962921142578,
          "hz": 129.47220167065723
        },
        {
          "acoustic_entropy": 7.829163551330566,
          "acoustic_entropy_side": 8.449334144592285,
          "hz": 202.92927478742237
        },
        {
          "acoustic_entropy": 8.435184478759766,
          "acoustic_entropy_side": 8.440406799316406,
          "hz": 282.89161906338205
        },
        {
          "acoustic_entropy": 8.446582794189453,
          "acoustic_entropy_side": 8.409700393676758,
          "hz": 369.9353335868758
        },
        {
          "acoustic_entropy": 8.397472381591797,
          "acoustic_entropy_side": 8.399368286132812,
          "hz": 464.6875360973435
        },
        {
          "acoustic_entropy": 8.287359237670898,
          "acoustic_entropy_side": 8.40678596496582,
          "hz": 567.8308811364784
        },
        {
          "acoustic_entropy": 8.014755249023438,
          "acoustic_entropy_side": 8.24832820892334,
          "hz": 680.1084783214808
        },
        {
          "acoustic_entropy": 8.353691101074219,
          "acoustic_entropy_side": 8.493240356445312,
          "hz": 802.3292461747484
        },
        {
          "acoustic_entropy": 8.114922523498535,
          "acoustic_entropy_side": 8.117197036743164,
          "hz": 935.3737400823702
        },
        {
          "acoustic_entropy": 8.929000854492188,
          "acoustic_entropy_side": 8.409732818603516,
          "hz": 1080.2004963696966
        },
        {
          "acoustic_entropy": 8.169485092163086,
          "acoustic_entropy_side": 8.381775856018066,
          "hz": 1237.8529382007157
        },
        {
          "acoustic_entropy": 8.299424171447754,
          "acoustic_entropy_side": 8.421417236328125,
          "hz": 1409.4668930556702
        },
        {
          "acoustic_entropy": 8.55591869354248,
          "acoustic_entropy_side": 8.418139457702637,
          "hz": 1596.2787759475705
        },
        {
          "acoustic_entropy": 8.10435676574707,
          "acoustic_entropy_side": 8.222795486450195,
          "hz": 1799.6344973346393
        },
        {
          "acoustic_entropy": 8.147640228271484,
          "acoustic_entropy_side": 8.269112586975098,
          "hz": 2020.9991599069049
        },
        {
          "acoustic_entropy": 8.112314224243164,
          "acoustic_entropy_side": 8.280776977539062,
          "hz": 2261.9676141086993
        },
        {
          "acoustic_entropy": 8.485700607299805,
          "acoustic_entropy_side": 8.431123733520508,
          "hz": 2524.2759484456974
        },
        {
          "acoustic_entropy": 8.523825645446777,
          "acoustic_entropy_side": 8.383218765258789,
          "hz": 2809.813997359896
        },
        {
          "acoustic_entropy": 8.19349479675293,
          "acoustic_entropy_side": 8.265413284301758,
          "hz": 3120.6389567871424
        },
        {
          "acoustic_entropy": 8.198173522949219,
          "acoustic_entropy_side": 8.22043228149414,
          "hz": 3458.990205492291
        },
        {
          "acoustic_entropy": 8.286297798156738,
          "acoustic_entropy_side": 8.33167839050293,
          "hz": 3827.305438964164
        },
        {
          "acoustic_entropy": 8.324243545532227,
          "acoustic_entropy_side": 8.344853401184082,
          "hz": 4228.238232109126
        },
        {
          "acoustic_entropy": 8.440146446228027,
          "acoustic_entropy_side": 8.387039184570312,
          "hz": 4664.6771572759235
        },
        {
          "acoustic_entropy": 8.295105934143066,
          "acoustic_entropy_side": 8.384445190429688,
          "hz": 5139.766595350093
        },
        {
          "acoustic_entropy": 8.26321029663086,
          "acoustic_entropy_side": 8.385749816894531,
          "hz": 5656.929389854203
        },
        {
          "acoustic_entropy": 8.415339469909668,
          "acoustic_entropy_side": 8.385505676269531,
          "hz": 6219.891507268283
        },
        {
          "acoustic_entropy": 8.432003021240234,
          "acoustic_entropy_side": 8.391661643981934,
          "hz": 6832.70888123896
        },
        {
          "acoustic_entropy": 8.344243049621582,
          "acoustic_entropy_side": 8.394803047180176,
          "hz": 7499.796634079867
        },
        {
          "acoustic_entropy": 8.38884449005127,
          "acoustic_entropy_side": 8.38989543914795,
          "hz": 8225.96088609342
        },
        {
          "acoustic_entropy": 8.385937690734863,
          "acoustic_entropy_side": 8.3944673538208,
          "hz": 9016.43338188839
        },
        {
          "acoustic_entropy": 8.386046409606934,
          "acoustic_entropy_side": 8.40140151977539,
          "hz": 9876.909183162974
        },
        {
          "acoustic_entropy": 8.398408889770508,
          "acoustic_entropy_side": 8.40136432647705,
          "hz": 10813.587699516042
        },
        {
          "acoustic_entropy": 8.412810325622559,
          "acoustic_entropy_side": 8.40284538269043,
          "hz": 11833.21735289826
        },
        {
          "acoustic_entropy": 8.416704177856445,
          "acoustic_entropy_side": 8.404475212097168,
          "hz": 12943.144197493959
        },
        {
          "acoustic_entropy": 8.427566528320312,
          "acoustic_entropy_side": 8.402770042419434,
          "hz": 14151.364845322005
        },
        {
          "acoustic_entropy": 8.417139053344727,
          "acoustic_entropy_side": 8.397239685058594,
          "hz": 15466.58407886509
        },
        {
          "acoustic_entropy": 8.412820816040039,
          "acoustic_entropy_side": 8.394174575805664,
          "hz": 16898.27756580493
        },
        {
          "acoustic_entropy": 8.407160758972168,
          "acoustic_entropy_side": 8.392171859741211,
          "hz": 18456.760127700032
        },
        {
          "acoustic_entropy": 8.397804260253906,
          "acoustic_entropy_side": 8.389562606811523,
          "hz": 20153.260054456492
        },
        {
          "acoustic_entropy": 8.389935493469238,
          "acoustic_entropy_side": 8.387866973876953,
          "hz": 22000.00000000001
        }
      ],
      "diff_acoustic_entropy": 5.299377918243408,
      "sn": 12
    },
    {
      "acoustic_entropy": 13.179557800292969,
      "acoustic_entropy_mono": 12.280776977539062,
      "band_eliminated_acoustic_entropies": [
        {
          "acoustic_entropy": 13.311661720275879,
          "acoustic_entropy_side": 13.11316967010498,
          "hz": 129.47220167065723
        },
        {
          "acoustic_entropy": 13.13594913482666,
          "acoustic_entropy_side": 13.211650848388672,
          "hz": 202.92927478742237
        },
        {
          "acoustic_entropy": 13.27577018737793,
          "acoustic_entropy_side": 13.227246284484863,
          "hz": 282.89161906338205
        },
        {
          "acoustic_entropy": 12.803545951843262,
          "acoustic_entropy_side": 13.235408782958984,
          "hz": 369.9353335868758
        },
        {
          "acoustic_entropy": 13.228128433227539,
          "acoustic_entropy_side": 13.243226051330566,
          "hz": 464.6875360973435
        },
        {
          "acoustic_entropy": 13.355709075927734,
          "acoustic_entropy_side": 13.284899711608887,
          "hz": 567.8308811364784
        },
        {
          "acoustic_entropy": 13.023443222045898,
          "acoustic_entropy_side": 13.265288352966309,
          "hz": 680.1084783214808
        },
        {
          "acoustic_entropy": 12.71844482421875,
          "acoustic_entropy_side": 12.857800483703613,
          "hz": 802.3292461747484
        },
        {
          "acoustic_entropy": 12.607658386230469,
          "acoustic_entropy_side": 13.492386817932129,
          "hz": 935.3737400823702
        },
        {
          "acoustic_entropy": 12.511743545532227,
          "acoustic_entropy_side": 13.185879707336426,
          "hz": 1080.2004963696966
        },
        {
          "acoustic_entropy": 13.305776596069336,
          "acoustic_entropy_side": 12.832792282104492,
          "hz": 1237.8529382007157
        },
        {
          "acoustic_entropy": 13.24609088897705,
          "acoustic_entropy_side": 13.256917953491211,
          "hz": 1409.4668930556702
        },
        {
          "acoustic_entropy": 12.762347221374512,
          "acoustic_entropy_side": 13.018741607666016,
          "hz": 1596.2787759475705
        },
        {
          "acoustic_entropy": 12.519535064697266,
          "acoustic_entropy_side": 12.649384498596191,
          "hz": 1799.6344973346393
        },
        {
          "acoustic_entropy": 12.616674423217773,
          "acoustic_entropy_side": 12.92803955078125,
          "hz": 2020.9991599069049
        },
        {
          "acoustic_entropy": 13.263260841369629,
          "acoustic_entropy_side": 13.201250076293945,
          "hz": 2261.9676141086993
        },
        {
          "acoustic_entropy": 12.611673355102539,
          "acoustic_entropy_side": 13.015472412109375,
          "hz": 2524.2759484456974
        },
        {
          "acoustic_entropy": 13.166975021362305,
          "acoustic_entropy_side": 13.218705177307129,
          "hz": 2809.813997359896
        },
        {
          "acoustic_entropy": 12.809208869934082,
          "acoustic_entropy_side": 13.034900665283203,
          "hz": 3120.6389567871424
        },
        {
          "acoustic_entropy": 12.830846786499023,
          "acoustic_entropy_side": 12.59887409210205,
          "hz": 3458.990205492291
        },
        {
