{
  "acoustic_entropy": 122.7707748413086,
  "bands": [
    {
      "high_freq": 148.1999969482422,
      "loudness": -77.69915008544922,
      "loudness_range": 8.212867736816406,
      "mid_mean": -68.66412353515625,
      "mid_to_side_loudness": -4.862625598907471,
      "mid_to_side_loudness_range": 5.369736671447754,
      "side_mean": -69.44392395019531
    },
    {
      "high_freq": 392.3793640136719,
      "loudness": -43.95360565185547,
      "loudness_range": 11.999839782714844,
      "low_freq": 148.1999969482422,
      "mid_mean": -43.14582824707031,
      "mid_to_side_loudness": -1.1186983585357666,
      "mid_to_side_loudness_range": 13.271707534790039,
      "side_mean": -44.4517936706543
    },
    {
      "high_freq": 794.6976318359375,
      "loudness": -38.213531494140625,
      "loudness_range": 14.794900894165039,
      "low_freq": 392.3793640136719,
      "mid_mean": -36.37807846069336,
      "mid_to_side_loudness": -3.79077410697937,
      "mid_to_side_loudness_range": 12.001439094543457,
      "side_mean": -40.06493377685547
    },
    {
      "high_freq": 1457.5709228515625,
      "loudness": -48.61990737915039,
      "loudness_range": 9.005813598632812,
      "low_freq": 794.6976318359375,
      "mid_mean": -46.198726654052734,
      "mid_to_side_loudness": -5.9669718742370605,
      "mid_to_side_loudness_range": 11.601075172424316,
      "side_mean": -53.11786651611328
    },
    {
      "high_freq": 2549.74365234375,
      "loudness": -53.36306381225586,
      "loudness_range": 9.245903015136719,
      "low_freq": 1457.5709228515625,
      "mid_mean": -52.58721160888672,
      "mid_to_side_loudness": -3.2788009643554688,
      "mid_to_side_loudness_range": 5.425413131713867,
      "side_mean": -55.58321762084961
    },
    {
      "high_freq": 4349.24462890625,
      "loudness": -56.744140625,
      "loudness_range": 14.62301254272461,
      "low_freq": 2549.74365234375,
      "mid_mean": -55.56974792480469,
      "mid_to_side_loudness": -3.7424862384796143,
      "mid_to_side_loudness_range": 5.993770122528076,
      "side_mean": -59.01359939575195
    },
    {
      "high_freq": 7314.1640625,
      "loudness": -66.69306945800781,
      "loudness_range": 13.59475326538086,
      "low_freq": 4349.24462890625,
      "mid_mean": -63.31879806518555,
      "mid_to_side_loudness": -3.5775909423828125,
      "mid_to_side_loudness_range": 4.391401767730713,
      "side_mean": -65.74645233154297
    },
    {
      "high_freq": 12199.2666015625,
      "loudness": -75.12419128417969,
      "loudness_range": 11.928070068359375,
      "low_freq": 7314.1640625,
      "mid_mean": -67.85991668701172,
      "mid_to_side_loudness": -3.7660791873931885,
      "mid_to_side_loudness_range": 4.271526336669922,
      "side_mean": -69.00916290283203
    },
    {
      "loudness": 0,
      "loudness_range": 0,
      "low_freq": 12199.2666015625,
      "mid_mean": -68.43917083740234,
      "mid_to_side_loudness": -4.278707027435303,
      "mid_to_side_loudness_range": 3.981872081756592,
      "side_mean": -69.37127685546875
    }
  ],
  "bands_short": [
    {
      "high_freq": 148.1999969482422,
      "loudness": -77.68087005615234,
      "loudness_range": 7.97515869140625,
      "mid_mean": -68.94386291503906,
      "mid_to_side_loudness": -3.1024582386016846,
      "mid_to_side_loudness_range": 12.921939849853516,
      "side_mean": -69.37112426757812
    },
    {
      "high_freq": 392.3793640136719,
      "loudness": -44.44687271118164,
      "loudness_range": 12.500545501708984,
      "low_freq": 148.1999969482422,
      "mid_mean": -43.87239074707031,
      "mid_to_side_loudness": -1.032843828201294,
      "mid_to_side_loudness_range": 14.652223587036133,
      "side_mean": -44.99338912963867
    },
    {
      "high_freq": 794.6976318359375,
      "loudness": -38.063697814941406,
      "loudness_range": 14.547639846801758,
      "low_freq": 392.3793640136719,
      "mid_mean": -36.341251373291016,
      "mid_to_side_loudness": -3.7598154544830322,
      "mid_to_side_loudness_range": 14.818583488464355,
      "side_mean": -40.169952392578125
    },
    {
      "high_freq": 1457.5709228515625,
      "loudness": -48.777408599853516,
      "loudness_range": 10.16958236694336,
      "low_freq": 794.6976318359375,
      "mid_mean": -46.551021575927734,
      "mid_to_side_loudness": -5.601337909698486,
      "mid_to_side_loudness_range": 13.725386619567871,
      "side_mean": -53.33060073852539
    },
    {
      "high_freq": 2549.74365234375,
      "loudness": -53.47655487060547,
      "loudness_range": 9.834548950195312,
      "low_freq": 1457.5709228515625,
      "mid_mean": -52.795875549316406,
      "mid_to_side_loudness": -3.2165687084198,
      "mid_to_side_loudness_range": 8.755135536193848,
      "side_mean": -55.82667541503906
    },
    {
      "high_freq": 4349.24462890625,
      "loudness": -56.77866744995117,
      "loudness_range": 14.350215911865234,
      "low_freq": 2549.74365234375,
      "mid_mean": -55.679988861083984,
      "mid_to_side_loudness": -3.6614952087402344,
      "mid_to_side_loudness_range": 8.109528541564941,
      "side_mean": -59.047122955322266
    },
    {
      "high_freq": 7314.1640625,
      "loudness": -66.73283386230469,
      "loudness_range": 14.173450469970703,
      "low_freq": 4349.24462890625,
      "mid_mean": -63.40364074707031,
      "mid_to_side_loudness": -3.0667409896850586,
      "mid_to_side_loudness_range": 6.841654300689697,
      "side_mean": -65.77143096923828
    },
    {
      "high_freq": 12199.2666015625,
      "loudness": -75.18614196777344,
      "loudness_range": 12.113311767578125,
      "low_freq": 7314.1640625,
      "mid_mean": -67.88204193115234,
      "mid_to_side_loudness": -3.7320287227630615,
      "mid_to_side_loudness_range": 5.5021467208862305,
      "side_mean": -69.01350402832031
    },
    {
      "loudness": 0,
      "loudness_range": 0,
      "low_freq": 12199.2666015625,
      "mid_mean": -68.43107604980469,
      "mid_to_side_loudness": -4.307923793792725,
      "mid_to_side_loudness_range": 4.476563930511475,
      "side_mean": -69.36795043945312
    }
  ],
  "bandwidth": 592.429443359375,
  "channels": 2,
  "covariance": [
    [
      3.9304447174072266,
      2.081277370452881,
      1.1540989875793457,
      -0.007144556380808353,
      -1.3641639947891235,
      -1.3135462999343872,
      0.37556883692741394,
      1.5268148183822632,
      1.113595962524414,
      0.9244884848594666,
      1.2821497917175293,
      0.7488018870353699,
      0.4264456033706665,
      0.14861351251602173,
      0.1058124229311943,
      -0.017628628760576248,
      0.05170651525259018,
      0.033292412757873535
    ],
    [
      2.081277370452881,
      1.2458492517471313,
      0.6552082300186157,
      0.15426364541053772,
      -0.9459764361381531,
      -0.9426128268241882,
      0.11471951007843018,
      0.6095542311668396,
      0.4361826777458191,
      0.3230186104774475,
      0.44174548983573914,
      0.17991159856319427,
      0.0866035521030426,
      -0.019915064796805382,
      -0.011716039851307869,
      -0.03852980211377144,
      0.005839813966304064,
      0.013457306660711765
    ],
    [
      1.1540989875793457,
      0.6552082300186157,
      33.83670425415039,
      18.16822052001953,
      -8.391858100891113,
      -8.309294700622559,
      4.4019775390625,
      8.21923542022705,
      2.8171870708465576,
      2.2186646461486816,
      -4.352575302124023,
      -3.8248445987701416,
      -3.669650077819824,
      -3.8392748832702637,
      -2.600407123565674,
      -1.430510401725769,
      -0.3336672782897949,
      -0.11672017723321915
    ],
    [
      -0.007144556380808353,
      0.15426364541053772,
      18.16822052001953,
      24.6408748626709,
      -6.011842250823975,
      -5.363306522369385,
      1.712503433227539,
      5.0321502685546875,
      2.7281441688537598,
      2.889049530029297,
      -3.0541951656341553,
      -1.760745882987976,
      -2.764923095703125,
      -2.238504409790039,
      -1.4539607763290405,
      -0.7300665378570557,
      -0.08582588285207748,
      -0.07721725106239319
    ],
    [
      -1.3641639947891235,
      -0.9459764361381531,
      -8.391858100891113,
      -6.011842250823975,
      34.01980972290039,
      25.440595626831055,
      4.579556941986084,
      8.786582946777344,
      12.626579284667969,
      11.379363059997559,
      16.539684295654297,
      15.123026847839355,
      12.430363655090332,
      8.801717758178711,
      5.1208415031433105,
      2.313678503036499,
      0.8324444890022278,
      0.21302001178264618
    ],
    [
      -1.3135462999343872,
      -0.9426128268241882,
      -8.309294700622559,
      -5.363306522369385,
      25.440595626831055,
      32.9982795715332,
      5.529263019561768,
      10.586112976074219,
      13.611675262451172,
      12.607176780700684,
      18.017967224121094,
      16.39678192138672,
      13.39767837524414,
      9.706510543823242,
      5.704733371734619,
      2.6619997024536133,
      0.9070653915405273,
      0.26561659574508667
    ],
    [
      0.37556883692741394,
      0.11471951007843018,
      4.4019775390625,
      1.712503433227539,
      4.579556941986084,
      5.529263019561768,
      15.811367988586426,
      8.445258140563965,
      5.474879741668701,
      5.467101573944092,
      5.032111167907715,
      3.6752681732177734,
      3.0820019245147705,
      1.9453097581863403,
      1.113122582435608,
      0.44074729084968567,
      0.1724918633699417,
      0.04150528088212013
    ],
    [
      1.5268148183822632,
      0.6095542311668396,
      8.21923542022705,
      5.0321502685546875,
      8.786582946777344,
      10.586112976074219,
      8.445258140563965,
      33.58371353149414,
      29.00373649597168,
      24.839723587036133,
      26.32607650756836,
      21.29479217529297,
      13.916672706604004,
      8.941656112670898,
      4.595492839813232,
      2.048661947250366,
      1.9206527471542358,
      0.6643102169036865
    ],
    [
      1.113595962524414,
      0.4361826777458191,
      2.8171870708465576,
      2.7281441688537598,
      12.626579284667969,
      13.611675262451172,
      5.474879741668701,
      29.00373649597168,
      35.888919830322266,
      29.22159767150879,
      32.70877456665039,
      26.060983657836914,
      17.86344337463379,
      11.91808795928955,
      6.64766263961792,
      3.034921884536743,
      2.2399144172668457,
      0.8478937745094299
    ],
    [
      0.9244884848594666,
      0.3230186104774475,
      2.2186646461486816,
      2.889049530029297,
      11.379363059997559,
      12.607176780700684,
      5.467101573944092,
      24.839723587036133,
      29.22159767150879,
      26.399967193603516,
      28.184804916381836,
      22.801712036132812,
      15.244161605834961,
      10.320083618164062,
      5.774324417114258,
      2.6789050102233887,
      1.9018954038619995,
      0.7166094183921814
    ],
    [
      1.2821497917175293,
      0.44174548983573914,
      -4.352575302124023,
      -3.0541951656341553,
      16.539684295654297,
      18.017967224121094,
      5.032111167907715,
      26.32607650756836,
      32.70877456665039,
      28.184804916381836,
      40.32756423950195,
      31.754911422729492,
      21.533504486083984,
      14.738606452941895,
      8.49907112121582,
      3.992543935775757,
      2.324429512023926,
      0.8769120573997498
    ],
    [
      0.7488018870353699,
      0.17991159856319427,
      -3.8248445987701416,
      -1.760745882987976,
      15.123026847839355,
      16.39678192138672,
      3.6752681732177734,
      21.29479217529297,
      26.060983657836914,
      22.801712036132812,
      31.754911422729492,
      27.189285278320312,
      17.98416519165039,
      12.580648422241211,
      7.097054958343506,
      3.438516139984131,
      1.872751235961914,
      0.7109142541885376
    ],
    [
      0.4264456033706665,
      0.0866035521030426,
      -3.669650077819824,
      -2.764923095703125,
      12.430363655090332,
      13.39767837524414,
      3.0820019245147705,
      13.916672706604004,
      17.86344337463379,
      15.244161605834961,
      21.533504486083984,
      17.98416519165039,
      15.359498977661133,
      10.1672945022583,
      5.5395660400390625,
      2.497993230819702,
      1.3244998455047607,
      0.4919193387031555
    ],
    [
      0.14861351251602173,
      -0.019915064796805382,
      -3.8392748832702637,
      -2.238504409790039,
      8.801717758178711,
      9.706510543823242,
      1.9453097581863403,
      8.941656112670898,
      11.91808795928955,
      10.320083618164062,
      14.738606452941895,
      12.580648422241211,
      10.1672945022583,
      7.426912784576416,
      3.8771770000457764,
      1.8335157632827759,
      0.8961449861526489,
      0.34107455611228943
    ],
    [
      0.1058124229311943,
      -0.011716039851307869,
      -2.600407123565674,
      -1.4539607763290405,
      5.1208415031433105,
      5.704733371734619,
      1.113122582435608,
      4.595492839813232,
      6.64766263961792,
      5.774324417114258,
      8.49907112121582,
      7.097054958343506,
      5.5395660400390625,
      3.8771770000457764,
      2.76330828666687,
      1.2650384902954102,
      0.5601534247398376,
      0.21677067875862122
    ],
    [
      -0.017628628760576248,
      -0.03852980211377144,
      -1.430510401725769,
      -0.7300665378570557,
      2.313678503036499,
      2.6619997024536133,
      0.44074729084968567,
      2.048661947250366,
      3.034921884536743,
      2.6789050102233887,
      3.992543935775757,
      3.438516139984131,
      2.497993230819702,
      1.8335157632827759,
      1.2650384902954102,
      0.6507384777069092,
      0.26551851630210876,
      0.10712114721536636
    ],
    [
      0.05170651525259018,
      0.005839813966304064,
      -0.3336672782897949,
      -0.08582588285207748,
      0.8324444890022278,
      0.9070653915405273,
      0.1724918633699417,
      1.9206527471542358,
      2.2399144172668457,
      1.9018954038619995,
      2.324429512023926,
      1.872751235961914,
      1.3244998455047607,
      0.8961449861526489,
      0.5601534247398376,
      0.26551851630210876,
      0.21576030552387238,
      0.07484957575798035
    ],
    [
      0.033292412757873535,
      0.013457306660711765,
      -0.11672017723321915,
      -0.07721725106239319,
      0.21302001178264618,
      0.26561659574508667,
      0.04150528088212013,
      0.6643102169036865,
      0.8478937745094299,
      0.7166094183921814,
      0.8769120573997498,
      0.7109142541885376,
      0.4919193387031555,
      0.34107455611228943,
      0.21677067875862122,
      0.10712114721536636,
      0.07484957575798035,
      0.040707312524318695
    ]
  ],
  "covariance_short": [
    [
      0.5365963578224182,
      0.126270592212677,
      1.413539171218872,
      0.6892942786216736,
      -0.10950196534395218,
      -0.26989495754241943,
      0.3089529871940613,
      1.2653889656066895,
      1.0270341634750366,
      0.8474987745285034,
      0.536513090133667,
      0.3656078577041626,
      0.18648070096969604,
      0.06424076855182648,
      0.024230334907770157,
      -0.008152012713253498,
      0.0710497573018074,
      0.02238764986395836
    ],
    [
      0.126270592212677,
      0.32327646017074585,
      1.1476277112960815,
      1.2937040328979492,
      -0.6002309918403625,
      -0.4681510031223297,
      0.05726199969649315,
      0.5118059515953064,
      0.34583258628845215,
      0.251111775636673,
      -0.24117666482925415,
      -0.2651609778404236,
      -0.18507768213748932,
      -0.18591608107089996,
      -0.11195023357868195,
      -0.06701693683862686,
      0.025543544441461563,
      0.0061490219086408615
    ],
    [
      1.413539171218872,
      1.1476277112960815,
      37.17934799194336,
      19.186426162719727,
      -7.378314018249512,
      -7.378798961639404,
      5.682295799255371,
      8.25110149383545,
      1.8178497552871704,
      1.4430474042892456,
      -5.337886810302734,
      -4.608839988708496,
      -4.118353843688965,
      -3.982288122177124,
      -2.76530122756958,
      -1.5336743593215942,
      -0.38335201144218445,
      -0.15522964298725128
    ],
    [
      0.6892942786216736,
      1.2937040328979492,
      19.186426162719727,
      27.924379348754883,
      -4.925051689147949,
      -3.9910879135131836,
      1.6429227590560913,
      4.955805778503418,
      2.9933011531829834,
      3.0696582794189453,
      -3.179269552230835,
      -1.8594080209732056,
      -2.7940783500671387,
      -2.1637113094329834,
      -1.4502497911453247,
      -0.7417733073234558,
      -0.10187441110610962,
      -0.0953679084777832
    ],
    [
      -0.10950196534395218,
      -0.6002309918403625,
      -7.378314018249512,
      -4.925051689147949,
      33.776710510253906,
      21.434242248535156,
      3.310098171234131,
      7.057819843292236,
      11.441243171691895,
      10.33511734008789,
      14.88538932800293,
      13.625588417053223,
      11.211310386657715,
      7.802249908447266,
      4.450372219085693,
      2.032047748565674,
      0.7484416365623474,
      0.21485185623168945
    ],
    [
      -0.26989495754241943,
      -0.4681510031223297,
      -7.378798961639404,
      -3.9910879135131836,
      21.434242248535156,
      34.015380859375,
      4.699527740478516,
      9.062735557556152,
      12.56253433227539,
      11.532014846801758,
      16.351322174072266,
      14.955622673034668,
      12.264589309692383,
      8.8490629196167,
      5.174635887145996,
      2.424816131591797,
      0.8455047011375427,
      0.26780766248703003
    ],
    [
      0.3089529871940613,
      0.05726199969649315,
      5.682295799255371,
      1.6429227590560913,
      3.310098171234131,
      4.699527740478516,
      19.723369598388672,
      8.4180326461792,
      5.683226585388184,
      5.391641616821289,
      5.016270160675049,
      3.548602819442749,
      2.801762819290161,
      1.7274219989776611,
      0.984467625617981,
      0.38544589281082153,
      0.16027922928333282,
      0.03996261581778526
    ],
    [
      1.2653889656066895,
      0.5118059515953064,
      8.25110149383545,
      4.955805778503418,
      7.057819843292236,
      9.062735557556152,
      8.4180326461792,
      35.52410125732422,
      27.961000442504883,
      23.804874420166016,
      24.9719295501709,
      20.28847312927246,
      13.126696586608887,
      8.375519752502441,
      4.243041515350342,
      1.9010615348815918,
      1.882938265800476,
      0.6569787859916687
    ],
    [
      1.0270341634750366,
      0.34583258628845215,
      1.8178497552871704,
      2.9933011531829834,
      11.441243171691895,
      12.56253433227539,
      5.683226585388184,
      27.961000442504883,
      37.93146514892578,
      28.977981567382812,
      32.372230529785156,
      25.935155868530273,
      17.651805877685547,
      11.83520221710205,
      6.590826034545898,
      3.023073434829712,
      2.268775463104248,
      0.8556134104728699
    ],
    [
      0.8474987745285034,
      0.251111775636673,
      1.4430474042892456,
      3.0696582794189453,
      10.33511734008789,
      11.532014846801758,
      5.391641616821289,
      23.804874420166016,
      28.977981567382812,
      28.0410213470459,
      27.78186798095703,
      22.540163040161133,
      14.945210456848145,
      10.22819709777832,
      5.666863441467285,
      2.6463985443115234,
      1.9070934057235718,
      0.7197340130805969
    ],
    [
      0.536513090133667,
      -0.24117666482925415,
      -5.337886810302734,
      -3.179269552230835,
      14.88538932800293,
      16.351322174072266,
      5.016270160675049,
      24.9719295501709,
      32.372230529785156,
      27.78186798095703,
      41.032615661621094,
      30.979536056518555,
      20.925350189208984,
      14.364058494567871,
      8.323223114013672,
      3.9377822875976562,
      2.36850643157959,
      0.8997653126716614
    ],
    [
      0.3656078577041626,
      -0.2651609778404236,
      -4.608839988708496,
      -1.8594080209732056,
      13.625588417053223,
      14.955622673034668,
      3.548602819442749,
      20.28847312927246,
      25.935155868530273,
      22.540163040161133,
      30.979536056518555,
      27.864768981933594,
      17.433189392089844,
      12.264495849609375,
      6.9114789962768555,
      3.387129783630371,
      1.898571252822876,
      0.7305461168289185
    ],
    [
      0.18648070096969604,
      -0.18507768213748932,
      -4.118353843688965,
      -2.7940783500671387,
      11.211310386657715,
      12.264589309692383,
      2.801762819290161,
      13.126696586608887,
      17.651805877685547,
      14.945210456848145,
      20.925350189208984,
      17.433189392089844,
      15.880516052246094,
      9.864299774169922,
      5.468314170837402,
      2.4642653465270996,
      1.3622196912765503,
      0.5049923062324524
    ],
    [
      0.06424076855182648,
      -0.18591608107089996,
      -3.982288122177124,
      -2.1637113094329834,
      7.802249908447266,
      8.8490629196167,
      1.7274219989776611,
      8.375519752502441,
      11.83520221710205,
      10.22819709777832,
      14.364058494567871,
      12.264495849609375,
      9.864299774169922,
      7.7783637046813965,
      3.7923946380615234,
      1.8162283897399902,
      0.9243042469024658,
      0.34944838285446167
    ],
    [
      0.024230334907770157,
      -0.11195023357868195,
      -2.76530122756958,
      -1.4502497911453247,
      4.450372219085693,
      5.174635887145996,
      0.984467625617981,
      4.243041515350342,
      6.590826034545898,
      5.666863441467285,
      8.323223114013672,
      6.9114789962768555,
      5.468314170837402,
      3.7923946380615234,
      2.885063648223877,
      1.2627094984054565,
      0.5837819576263428,
      0.22703105211257935
    ],
    [
      -0.008152012713253498,
      -0.06701693683862686,
      -1.5336743593215942,
      -0.7417733073234558,
      2.032047748565674,
      2.424816131591797,
      0.38544589281082153,
      1.9010615348815918,
      3.023073434829712,
      2.6463985443115234,
      3.9377822875976562,
      3.387129783630371,
      2.4642653465270996,
      1.8162283897399902,
      1.2627094984054565,
      0.6951432228088379,
      0.2784633934497833,
      0.11202450096607208
    ],
    [
      0.0710497573018074,
      0.025543544441461563,
      -0.38335201144218445,
      -0.10187441110610962,
      0.7484416365623474,
      0.8455047011375427,
      0.16027922928333282,
      1.882938265800476,
      2.268775463104248,
      1.9070934057235718,
      2.36850643157959,
      1.898571252822876,
      1.3622196912765503,
      0.9243042469024658,
      0.5837819576263428,
      0.2784633934497833,
      0.2449587732553482,
      0.07694891840219498
    ],
    [
      0.02238764986395836,
      0.0061490219086408615,
      -0.15522964298725128,
      -0.0953679084777832,
      0.21485185623168945,
      0.26780766248703003,
      0.03996261581778526,
      0.6569787859916687,
      0.8556134104728699,
      0.7197340130805969,
      0.8997653126716614,
      0.7305461168289185,
      0.5049923062324524,
      0.34944838285446167,
      0.22703105211257935,
      0.11202450096607208,
      0.07694891840219498,
      0.05069500952959061
    ]
  ],
  "damage": -22.120182037353516,
  "diff_bandwidth": 607.745361328125,
  "dissonance": 1.130684258941955,
  "drr": 5.225257396697998,
  "dynamics": 2.997934579849243,
  "format": 1245190,
  "frames": 4846528,
  "loudness": -32.24577331542969,
  "loudness_range": 8.532526016235352,
  "loudness_range_short": 9.168079376220703,
  "lowpass_true_peak_15khz": -19.172088623046875,
  "mastering3_acoustic_entropies": [
    {
      "acoustic_entropy": 7.0227556228637695,
      "acoustic_entropy_mono": 6.7401123046875,
      "band_eliminated_acoustic_entropies": [
        {
          "acoustic_entropy": 7.022754669189453,
          "acoustic_entropy_side": 7.022756099700928,
          "hz": 129.47220167065723
        },
        {
          "acoustic_entropy": 7.02291202545166,
          "acoustic_entropy_side": 7.024813652038574,
          "hz": 202.92927478742237
        },
        {
          "acoustic_entropy": 6.988638877868652,
          "acoustic_entropy_side": 7.163974761962891,
          "hz": 282.89161906338205
        },
        {
          "acoustic_entropy": 6.575821399688721,
          "acoustic_entropy_side": 6.884970664978027,
          "hz": 369.9353335868758
        },
        {
          "acoustic_entropy": 7.1530938148498535,
          "acoustic_entropy_side": 6.975605010986328,
          "hz": 464.6875360973435
        },
        {
          "acoustic_entropy": 6.047211647033691,
          "acoustic_entropy_side": 6.771539211273193,
          "hz": 567.8308811364784
        },
        {
          "acoustic_entropy": 7.473870754241943,
          "acoustic_entropy_side": 6.669681549072266,
          "hz": 680.1084783214808
        },
        {
          "acoustic_entropy": 7.066051483154297,
          "acoustic_entropy_side": 6.978808403015137,
          "hz": 802.3292461747484
        },
        {
          "acoustic_entropy": 6.4882493019104,
          "acoustic_entropy_side": 7.083718299865723,
          "hz": 935.3737400823702
        },
        {
          "acoustic_entropy": 6.8410210609436035,
          "acoustic_entropy_side": 7.050823211669922,
          "hz": 1080.2004963696966
        },
        {
          "acoustic_entropy": 6.920988082885742,
          "acoustic_entropy_side": 6.981710910797119,
          "hz": 1237.8529382007157
        },
        {
          "acoustic_entropy": 7.023616313934326,
          "acoustic_entropy_side": 7.023422718048096,
          "hz": 1409.4668930556702
        },
        {
          "acoustic_entropy": 7.01859712600708,
          "acoustic_entropy_side": 7.023082256317139,
          "hz": 1596.2787759475705
        },
        {
          "acoustic_entropy": 7.022493839263916,
          "acoustic_entropy_side": 7.018402099609375,
          "hz": 1799.6344973346393
        },
        {
          "acoustic_entropy": 7.0214362144470215,
          "acoustic_entropy_side": 7.028674602508545,
          "hz": 2020.9991599069049
        },
        {
          "acoustic_entropy": 7.029390811920166,
          "acoustic_entropy_side": 7.023593902587891,
          "hz": 2261.9676141086993
        },
        {
          "acoustic_entropy": 7.034658432006836,
          "acoustic_entropy_side": 7.027740001678467,
          "hz": 2524.2759484456974
        },
        {
          "acoustic_entropy": 7.027543544769287,
          "acoustic_entropy_side": 7.028674125671387,
          "hz": 2809.813997359896
        },
        {
          "acoustic_entropy": 7.03276252746582,
          "acoustic_entropy_side": 7.0240278244018555,
          "hz": 3120.6389567871424
        },
        {
          "acoustic_entropy": 7.021541595458984,
          "acoustic_entropy_side": 7.024869918823242,
          "hz": 3458.990205492291
        },
        {
          "acoustic_entropy": 7.001457691192627,
          "acoustic_entropy_side": 7.020203590393066,
          "hz": 3827.305438964164
        },
        {
          "acoustic_entropy": 6.998162746429443,
          "acoustic_entropy_side": 7.02062463760376,
          "hz": 4228.238232109126
        },
        {
          "acoustic_entropy": 7.017429351806641,
          "acoustic_entropy_side": 7.022527694702148,
          "hz": 4664.6771572759235
        },
        {
          "acoustic_entropy": 7.022460460662842,
          "acoustic_entropy_side": 7.0226969718933105,
          "hz": 5139.766595350093
        },
        {
          "acoustic_entropy": 7.0212321281433105,
          "acoustic_entropy_side": 7.022678375244141,
          "hz": 5656.929389854203
        },
        {
          "acoustic_entropy": 7.02060079574585,
          "acoustic_entropy_side": 7.022604942321777,
          "hz": 6219.891507268283
        },
        {
          "acoustic_entropy": 7.022650718688965,
          "acoustic_entropy_side": 7.0227437019348145,
          "hz": 6832.70888123896
        },
        {
          "acoustic_entropy": 7.022809982299805,
          "acoustic_entropy_side": 7.022760391235352,
          "hz": 7499.796634079867
        },
        {
          "acoustic_entropy": 7.022761344909668,
          "acoustic_entropy_side": 7.022757530212402,
          "hz": 8225.96088609342
        },
        {
          "acoustic_entropy": 7.022733211517334,
          "acoustic_entropy_side": 7.022754192352295,
          "hz": 9016.43338188839
        },
        {
          "acoustic_entropy": 7.022748947143555,
          "acoustic_entropy_side": 7.022756099700928,
          "hz": 9876.909183162974
        },
        {
          "acoustic_entropy": 7.022754669189453,
          "acoustic_entropy_side": 7.0227556228637695,
          "hz": 10813.587699516042
        },
        {
          "acoustic_entropy": 7.022755146026611,
          "acoustic_entropy_side": 7.0227556228637695,
          "hz": 11833.21735289826
        },
        {
          "acoustic_entropy": 7.022755146026611,
          "acoustic_entropy_side": 7.0227556228637695,
          "hz": 12943.144197493959
        },
        {
          "acoustic_entropy": 7.022754669189453,
          "acoustic_entropy_side": 7.0227556228637695,
          "hz": 14151.364845322005
        },
        {
          "acoustic_entropy": 7.0227556228637695,
          "acoustic_entropy_side": 7.0227556228637695,
          "hz": 15466.58407886509
        },
        {
          "acoustic_entropy": 7.022756576538086,
          "acoustic_entropy_side": 7.0227556228637695,
          "hz": 16898.27756580493
        },
        {
          "acoustic_entropy": 7.022755146026611,
          "acoustic_entropy_side": 7.0227556228637695,
          "hz": 18456.760127700032
        },
        {
          "acoustic_entropy": 7.0227556228637695,
          "acoustic_entropy_side": 7.0227556228637695,
          "hz": 20153.260054456492
        },
        {
          "acoustic_entropy": 7.0227556228637695,
          "acoustic_entropy_side": 7.0227556228637695,
          "hz": 22000.00000000001
        }
      ],
      "diff_acoustic_entropy": 2.6185452938079834,
      "sn": 6
    },
    {
      "acoustic_entropy": 10.979039192199707,
      "acoustic_entropy_mono": 10.047234535217285,
      "band_eliminated_acoustic_entropies": [
        {
          "acoustic_entropy": 10.979032516479492,
          "acoustic_entropy_side": 10.979037284851074,
          "hz": 129.47220167065723
        },
        {
          "acoustic_entropy": 10.985014915466309,
          "acoustic_entropy_side": 10.955013275146484,
          "hz": 202.92927478742237
        },
        {
          "acoustic_entropy": 10.409900665283203,
          "acoustic_entropy_side": 10.625460624694824,
          "hz": 282.89161906338205
        },
        {
          "acoustic_entropy": 10.88685417175293,
          "acoustic_entropy_side": 10.649502754211426,
          "hz": 369.9353335868758
        },
        {
          "acoustic_entropy": 10.66407299041748,
          "acoustic_entropy_side": 10.203192710876465,
          "hz": 464.6875360973435
        },
        {
          "acoustic_entropy": 9.740508079528809,
          "acoustic_entropy_side": 10.82575511932373,
          "hz": 567.8308811364784
        },
        {
          "acoustic_entropy": 11.02798843383789,
          "acoustic_entropy_side": 10.684502601623535,
          "hz": 680.1084783214808
        },
        {
          "acoustic_entropy": 10.479043960571289,
          "acoustic_entropy_side": 10.333174705505371,
          "hz": 802.3292461747484
        },
        {
          "acoustic_entropy": 10.208792686462402,
          "acoustic_entropy_side": 11.035374641418457,
          "hz": 935.3737400823702
        },
        {
          "acoustic_entropy": 10.333911895751953,
          "acoustic_entropy_side": 10.828801155090332,
          "hz": 1080.2004963696966
        },
        {
          "acoustic_entropy": 10.798479080200195,
          "acoustic_entropy_side": 10.960929870605469,
          "hz": 1237.8529382007157
        },
        {
          "acoustic_entropy": 10.427422523498535,
          "acoustic_entropy_side": 10.997267723083496,
          "hz": 1409.4668930556702
        },
        {
          "acoustic_entropy": 10.54685115814209,
          "acoustic_entropy_side": 10.9180326461792,
          "hz": 1596.2787759475705
        },
        {
          "acoustic_entropy": 10.710442543029785,
          "acoustic_entropy_side": 10.962417602539062,
          "hz": 1799.6344973346393
        },
        {
          "acoustic_entropy": 10.88315200805664,
          "acoustic_entropy_side": 10.726422309875488,
          "hz": 2020.9991599069049
        },
        {
          "acoustic_entropy": 10.845541000366211,
          "acoustic_entropy_side": 10.965141296386719,
          "hz": 2261.9676141086993
        },
        {
          "acoustic_entropy": 10.661725044250488,
          "acoustic_entropy_side": 10.890371322631836,
          "hz": 2524.2759484456974
        },
        {
          "acoustic_entropy": 10.954565048217773,
          "acoustic_entropy_side": 10.815241813659668,
          "hz": 2809.813997359896
        },
        {
          "acoustic_entropy": 11.050381660461426,
          "acoustic_entropy_side": 10.932304382324219,
          "hz": 3120.6389567871424
        },
        {
          "acoustic_entropy": 10.821940422058105,
          "acoustic_entropy_side": 10.848231315612793,
          "hz": 3458.990205492291
        },
        {
          "acoustic_entropy": 10.726043701171875,
          "acoustic_entropy_side": 10.839630126953125,
          "hz": 3827.305438964164
        },
        {
          "acoustic_entropy": 10.878640174865723,
          "acoustic_entropy_side": 10.884421348571777,
          "hz": 4228.238232109126
        },
        {
          "acoustic_entropy": 10.812262535095215,
          "acoustic_entropy_side": 10.949442863464355,
          "hz": 4664.6771572759235
        },
        {
          "acoustic_entropy": 10.92042064666748,
          "acoustic_entropy_side": 10.971755981445312,
          "hz": 5139.766595350093
        },
        {
          "acoustic_entropy": 10.942063331604004,
          "acoustic_entropy_side": 10.9744234085083,
          "hz": 5656.929389854203
        },
        {
          "acoustic_entropy": 10.966228485107422,
          "acoustic_entropy_side": 10.977787971496582,
          "hz": 6219.891507268283
        },
        {
          "acoustic_entropy": 10.973106384277344,
          "acoustic_entropy_side": 10.978494644165039,
          "hz": 6832.70888123896
        },
        {
          "acoustic_entropy": 10.973773002624512,
          "acoustic_entropy_side": 10.978265762329102,
          "hz": 7499.796634079867
        },
        {
          "acoustic_entropy": 10.978609085083008,
          "acoustic_entropy_side": 10.978925704956055,
          "hz": 8225.96088609342
        },
        {
          "acoustic_entropy": 10.978549003601074,
          "acoustic_entropy_side": 10.978998184204102,
          "hz": 9016.43338188839
        },
        {
          "acoustic_entropy": 10.97862720489502,
          "acoustic_entropy_side": 10.979004859924316,
          "hz": 9876.909183162974
        },
        {
          "acoustic_entropy": 10.9788236618042,
          "acoustic_entropy_side": 10.979013442993164,
          "hz": 10813.587699516042
        },
        {
          "acoustic_entropy": 10.978849411010742,
          "acoustic_entropy_side": 10.979015350341797,
          "hz": 11833.21735289826
        },
        {
          "acoustic_entropy": 10.978856086730957,
          "acoustic_entropy_side": 10.979022979736328,
          "hz": 12943.144197493959
        },
        {
          "acoustic_entropy": 10.978961944580078,
          "acoustic_entropy_side": 10.979032516479492,
          "hz": 14151.364845322005
        },
        {
          "acoustic_entropy": 10.979020118713379,
          "acoustic_entropy_side": 10.979036331176758,
          "hz": 15466.58407886509
        },
        {
          "acoustic_entropy": 10.97902774810791,
          "acoustic_entropy_side": 10.979033470153809,
          "hz": 16898.27756580493
        },
        {
          "acoustic_entropy": 10.979036331176758,
          "acoustic_entropy_side": 10.979037284851074,
          "hz": 18456.760127700032
        },
        {
          "acoustic_entropy": 10.979039192199707,
          "acoustic_entropy_side": 10.979039192199707,
          "hz": 20153.260054456492
        },
        {
          "acoustic_entropy": 10.979039192199707,
          "acoustic_entropy_side": 10.979039192199707,
          "hz": 22000.00000000001
        }
      ],
      "diff_acoustic_entropy": 3.3990790843963623,
      "sn": 12
    },
    {
      "acoustic_entropy": 17.995187759399414,
      "acoustic_entropy_mono": 14.905384063720703,
      "band_eliminated_acoustic_entropies": [
        {
          "acoustic_entropy": 17.995777130126953,
          "acoustic_entropy_side": 17.995285034179688,
          "hz": 129.47220167065723
        },
        {
          "acoustic_entropy": 18.033559799194336,
          "acoustic_entropy_side": 18.07667350769043,
          "hz": 202.92927478742237
        },
        {
          "acoustic_entropy": 16.482362747192383,
          "acoustic_entropy_side": 16.55449867248535,
          "hz": 282.89161906338205
        },
        {
          "acoustic_entropy": 17.067096710205078,
          "acoustic_entropy_side": 17.02454948425293,
          "hz": 369.9353335868758
        },
        {
          "acoustic_entropy": 17.759504318237305,
          "acoustic_entropy_side": 17.509204864501953,
          "hz": 464.6875360973435
        },
        {
          "acoustic_entropy": 16.29830551147461,
          "acoustic_entropy_side": 17.945556640625,
          "hz": 567.8308811364784
        },
        {
          "acoustic_entropy": 18.2724609375,
          "acoustic_entropy_side": 17.022518157958984,
          "hz": 680.1084783214808
        },
        {
          "acoustic_entropy": 18.17729377746582,
          "acoustic_entropy_side": 17.147178649902344,
          "hz": 802.3292461747484
        },
        {
          "acoustic_entropy": 16.03836441040039,
          "acoustic_entropy_side": 17.71390151977539,
          "hz": 935.3737400823702
        },
        {
          "acoustic_entropy": 16.355262756347656,
          "acoustic_entropy_side": 17.670509338378906,
          "hz": 1080.2004963696966
        },
        {
          "acoustic_entropy": 17.016847610473633,
          "acoustic_entropy_side": 17.04808235168457,
          "hz": 1237.8529382007157
        },
        {
          "acoustic_entropy": 17.0162296295166,
          "acoustic_entropy_side": 17.373489379882812,
          "hz": 1409.4668930556702
        },
        {
          "acoustic_entropy": 17.14781951904297,
          "acoustic_entropy_side": 17.641708374023438,
          "hz": 1596.2787759475705
        },
        {
          "acoustic_entropy": 17.128585815429688,
          "acoustic_entropy_side": 17.952659606933594,
          "hz": 1799.6344973346393
        },
        {
          "acoustic_entropy": 17.227909088134766,
          "acoustic_entropy_side": 17.246910095214844,
          "hz": 2020.9991599069049
        },
        {
          "acoustic_entropy": 17.05716896057129,
          "acoustic_entropy_side": 17.676471710205078,
          "hz": 2261.9676141086993
        },
        {
          "acoustic_entropy": 17.10400390625,
          "acoustic_entropy_side": 17.673526763916016,
