{
  "acoustic_entropy": 90.71318054199219,
  "bands": [
    {
      "high_freq": 148.1999969482422,
      "loudness": -24.865150451660156,
      "loudness_range": 8.154541015625,
      "mid_mean": -54.47218704223633,
      "mid_to_side_loudness": -43.2319450378418,
      "mid_to_side_loudness_range": 63.61439514160156,
      "side_mean": -69.98987579345703
    },
    {
      "high_freq": 392.3793640136719,
      "loudness": -22.34748077392578,
      "loudness_range": 8.116289138793945,
      "low_freq": 148.1999969482422,
      "mid_mean": -53.78804016113281,
      "mid_to_side_loudness": -40.09245300292969,
      "mid_to_side_loudness_range": 60.88358688354492,
      "side_mean": -69.98519897460938
    },
    {
      "high_freq": 794.6976318359375,
      "loudness": -38.27242660522461,
      "loudness_range": 25.100643157958984,
      "low_freq": 392.3793640136719,
      "mid_mean": -37.59284973144531,
      "mid_to_side_loudness": -43.29386520385742,
      "mid_to_side_loudness_range": 57.39994812011719,
      "side_mean": -69.9866943359375
    },
    {
      "high_freq": 1457.5709228515625,
      "loudness": -44.47552490234375,
      "loudness_range": 21.10427474975586,
      "low_freq": 794.6976318359375,
      "mid_mean": -53.37843322753906,
      "mid_to_side_loudness": -41.90618896484375,
      "mid_to_side_loudness_range": 59.56076431274414,
      "side_mean": -69.9891586303711
    },
    {
      "high_freq": 2549.74365234375,
      "loudness": -41.26952362060547,
      "loudness_range": 22.899892807006836,
      "low_freq": 1457.5709228515625,
      "mid_mean": -40.49400329589844,
      "mid_to_side_loudness": -48.30791473388672,
      "mid_to_side_loudness_range": 67.19535064697266,
      "side_mean": -69.98400115966797
    },
    {
      "high_freq": 4349.24462890625,
      "loudness": -37.27238082885742,
      "loudness_range": 26.48659324645996,
      "low_freq": 2549.74365234375,
      "mid_mean": -36.703125,
      "mid_to_side_loudness": -37.250308990478516,
      "mid_to_side_loudness_range": 61.35999298095703,
      "side_mean": -69.96527099609375
    },
    {
      "high_freq": 7314.1640625,
      "loudness": -38.787742614746094,
      "loudness_range": 21.947599411010742,
      "low_freq": 4349.24462890625,
      "mid_mean": -50.024383544921875,
      "mid_to_side_loudness": -39.749786376953125,
      "mid_to_side_loudness_range": 58.36714172363281,
      "side_mean": -69.97857666015625
    },
    {
      "high_freq": 12199.2666015625,
      "loudness": -45.943687438964844,
      "loudness_range": 19.046661376953125,
      "low_freq": 7314.1640625,
      "mid_mean": -53.99421691894531,
      "mid_to_side_loudness": -35.98024368286133,
      "mid_to_side_loudness_range": 57.86168670654297,
      "side_mean": -69.99678039550781
    },
    {
      "loudness": -51.814796447753906,
      "loudness_range": 23.17278289794922,
      "low_freq": 12199.2666015625,
      "mid_mean": -59.09722137451172,
      "mid_to_side_loudness": -25.946475982666016,
      "mid_to_side_loudness_range": 52.04651641845703,
      "side_mean": -69.98896789550781
    }
  ],
  "bands_short": [
    {
      "high_freq": 148.1999969482422,
      "loudness": -29.28911018371582,
      "loudness_range": 19.628442764282227,
      "mid_mean": -56.66205596923828,
      "mid_to_side_loudness": -42.944278717041016,
      "mid_to_side_loudness_range": 64.75206756591797,
      "side_mean": -69.99508666992188
    },
    {
      "high_freq": 392.3793640136719,
      "loudness": -23.88597297668457,
      "loudness_range": 17.259469985961914,
      "low_freq": 148.1999969482422,
      "mid_mean": -54.882686614990234,
      "mid_to_side_loudness": -42.54909133911133,
      "mid_to_side_loudness_range": 64.56719207763672,
      "side_mean": -69.98674011230469
    },
    {
      "high_freq": 794.6976318359375,
      "loudness": -38.070655822753906,
      "loudness_range": 29.07341766357422,
      "low_freq": 392.3793640136719,
      "mid_mean": -54.63097381591797,
      "mid_to_side_loudness": -39.651790618896484,
      "mid_to_side_loudness_range": 60.09313201904297,
      "side_mean": -69.98835754394531
    },
    {
      "high_freq": 1457.5709228515625,
      "loudness": -42.945621490478516,
      "loudness_range": 28.7973690032959,
      "low_freq": 794.6976318359375,
      "mid_mean": -58.2597541809082,
      "mid_to_side_loudness": -37.44764709472656,
      "mid_to_side_loudness_range": 59.751895904541016,
      "side_mean": -69.99124145507812
    },
    {
      "high_freq": 2549.74365234375,
      "loudness": -43.33087158203125,
      "loudness_range": 30.274658203125,
      "low_freq": 1457.5709228515625,
      "mid_mean": -56.61345291137695,
      "mid_to_side_loudness": -37.99590301513672,
      "mid_to_side_loudness_range": 58.99878692626953,
      "side_mean": -69.98709869384766
    },
    {
      "high_freq": 4349.24462890625,
      "loudness": -37.58898162841797,
      "loudness_range": 32.67535400390625,
      "low_freq": 2549.74365234375,
      "mid_mean": -56.83875274658203,
      "mid_to_side_loudness": -38.29876708984375,
      "mid_to_side_loudness_range": 58.690940856933594,
      "side_mean": -69.97657012939453
    },
    {
      "high_freq": 7314.1640625,
      "loudness": -41.8641242980957,
      "loudness_range": 36.03908920288086,
      "low_freq": 4349.24462890625,
      "mid_mean": -58.649559020996094,
      "mid_to_side_loudness": -30.85422134399414,
      "mid_to_side_loudness_range": 50.73019790649414,
      "side_mean": -69.9835205078125
    },
    {
      "high_freq": 12199.2666015625,
      "loudness": -53.65169143676758,
      "loudness_range": 39.694358825683594,
      "low_freq": 7314.1640625,
      "mid_mean": -63.86988067626953,
      "mid_to_side_loudness": -20.43017578125,
      "mid_to_side_loudness_range": 38.567752838134766,
      "side_mean": -69.99675750732422
    },
    {
      "loudness": -59.56939697265625,
      "loudness_range": 40.135501861572266,
      "low_freq": 12199.2666015625,
      "mid_mean": -66.85795593261719,
      "mid_to_side_loudness": -10.2672119140625,
      "mid_to_side_loudness_range": 26.188940048217773,
      "side_mean": -69.98893737792969
    }
  ],
  "bandwidth": 447.1103210449219,
  "channels": 2,
  "covariance": [
    [
      502.8712158203125,
      0.31904757022857666,
      527.7095947265625,
      0.46609434485435486,
      197.2802734375,
      0.4203539192676544,
      276.0343322753906,
      0.3435940444469452,
      145.1114044189453,
      0.5064274668693542,
      253.22549438476562,
      1.0998387336730957,
      297.32818603515625,
      0.6775251030921936,
      151.3865509033203,
      0.05850088968873024,
      48.4770393371582,
      0.06111340969800949
    ],
    [
      0.31904757022857666,
      0.005199710372835398,
      0.36103546619415283,
      0.00762976985424757,
      0.18311098217964172,
      0.006839996203780174,
      0.19441378116607666,
      0.005419256165623665,
      0.1008915826678276,
      0.007939855568110943,
      0.17730194330215454,
      0.016993030905723572,
      0.21519465744495392,
      0.010459234938025475,
      0.08710648864507675,
      0.0007394501590169966,
      -0.013525959104299545,
      4.1261784645030275e-05
    ],
    [
      527.7095947265625,
      0.36103546619415283,
      558.2677001953125,
      0.529076874256134,
      209.6236114501953,
      0.4753004014492035,
      288.9235534667969,
      0.3868499994277954,
      148.44309997558594,
      0.5704705119132996,
      267.4117126464844,
      1.2389018535614014,
      313.0584411621094,
      0.762855589389801,
      156.48377990722656,
      0.06376805156469345,
      48.48024368286133,
      0.061241138726472855
    ],
    [
      0.46609434485435486,
      0.00762976985424757,
      0.529076874256134,
      0.011260993778705597,
      0.2666603922843933,
      0.010150793939828873,
      0.28370416164398193,
      0.008103977888822556,
      0.14121171832084656,
      0.011871767230331898,
      0.2618573009967804,
      0.025337059050798416,
      0.3125191032886505,
      0.015655841678380966,
      0.12042908370494843,
      0.001102125970646739,
      -0.02426312305033207,
      5.8835765230469406e-05
    ],
    [
      197.2802734375,
      0.18311098217964172,
      209.6236114501953,
      0.2666603922843933,
      139.8778076171875,
      0.2571631073951721,
      140.5596923828125,
      0.21794183552265167,
      104.61370849609375,
      0.32172104716300964,
      112.01698303222656,
      0.6751353144645691,
      154.03736877441406,
      0.42929503321647644,
      98.10941314697266,
      0.025171451270580292,
      54.957275390625,
      -0.024966688826680183
    ],
    [
      0.4203539192676544,
      0.006839996203780174,
      0.4753004014492035,
      0.010150793939828873,
      0.2571631073951721,
      0.009836550801992416,
      0.26179224252700806,
      0.008334243670105934,
      0.12036693096160889,
      0.012239906005561352,
      0.231636181473732,
      0.025318151339888573,
      0.2776400148868561,
      0.016160020604729652,
      0.09857714921236038,
      0.0011112152133136988,
      -0.019157467409968376,
      5.926442827330902e-05
    ],
    [
      276.0343322753906,
      0.19441378116607666,
      288.9235534667969,
      0.28370416164398193,
      140.5596923828125,
      0.26179224252700806,
      237.84933471679688,
      0.21589641273021698,
      128.09837341308594,
      0.31939420104026794,
      133.21949768066406,
      0.6857385039329529,
      272.51507568359375,
      0.425855427980423,
      199.48046875,
      0.03891970217227936,
      127.13990783691406,
      0.06358390301465988
    ],
    [
      0.3435940444469452,
      0.005419256165623665,
      0.3868499994277954,
      0.008103977888822556,
      0.21794183552265167,
      0.008334243670105934,
      0.21589641273021698,
      0.007389533333480358,
      0.08950943499803543,
      0.010865692049264908,
      0.1848815232515335,
      0.021970044821500778,
      0.22088125348091125,
      0.014366370625793934,
      0.06949972361326218,
      0.0009740293608047068,
      -0.01844867877662182,
      5.356776819098741e-05
    ],
    [
      145.1114044189453,
      0.1008915826678276,
      148.44309997558594,
      0.14121171832084656,
      104.61370849609375,
      0.12036693096160889,
      128.09837341308594,
      0.08950943499803543,
      123.10244750976562,
      0.13459332287311554,
      81.43717956542969,
      0.30179065465927124,
      142.84622192382812,
      0.1752474308013916,
      110.81341552734375,
      0.010754419490695,
      73.62734985351562,
      -0.0006688536377623677
    ],
    [
      0.5064274668693542,
      0.007939855568110943,
      0.5704705119132996,
      0.011871767230331898,
      0.32172104716300964,
      0.012239906005561352,
      0.31939420104026794,
      0.010865692049264908,
      0.13459332287311554,
      0.015998098999261856,
      0.2719539403915405,
      0.0323316790163517,
      0.32752475142478943,
      0.021138131618499756,
      0.10641007870435715,
      0.0014280230971053243,
      -0.019133904948830605,
      8.272187551483512e-05
    ],
    [
      253.22549438476562,
      0.17730194330215454,
      267.4117126464844,
      0.2618573009967804,
      112.01698303222656,
      0.231636181473732,
      133.21949768066406,
      0.1848815232515335,
      81.43717956542969,
      0.2719539403915405,
      168.10423278808594,
      0.5962607264518738,
      139.62242126464844,
      0.3646427094936371,
      62.5903434753418,
      0.018385926261544228,
      17.56588363647461,
      -0.040638670325279236
    ],
    [
      1.0998387336730957,
      0.016993030905723572,
      1.2389018535614014,
      0.025337059050798416,
      0.6751353144645691,
      0.025318151339888573,
      0.6857385039329529,
      0.021970044821500778,
      0.30179065465927124,
      0.0323316790163517,
      0.5962607264518738,
      0.0661856010556221,
      0.7143645882606506,
      0.0427003838121891,
      0.2465491145849228,
      0.0029088957235217094,
      -0.03360120579600334,
      0.0001733497774694115
    ],
    [
      297.32818603515625,
      0.21519465744495392,
      313.0584411621094,
      0.3125191032886505,
      154.03736877441406,
      0.2776400148868561,
      272.51507568359375,
      0.22088125348091125,
      142.84622192382812,
      0.32752475142478943,
      139.62242126464844,
      0.7143645882606506,
      320.7817687988281,
      0.43623456358909607,
      240.0048065185547,
      0.04109145328402519,
      156.6046600341797,
      0.07583814859390259
    ],
    [
      0.6775251030921936,
      0.010459234938025475,
      0.762855589389801,
      0.015655841678380966,
      0.42929503321647644,
      0.016160020604729652,
      0.425855427980423,
      0.014366370625793934,
      0.1752474308013916,
      0.021138131618499756,
      0.3646427094936371,
      0.0427003838121891,
      0.43623456358909607,
      0.027959592640399933,
      0.13701066374778748,
      0.001892991946078837,
      -0.03481295332312584,
      0.00010969956201734021
    ],
    [
      151.3865509033203,
      0.08710648864507675,
      156.48377990722656,
      0.12042908370494843,
      98.10941314697266,
      0.09857714921236038,
      199.48046875,
      0.06949972361326218,
      110.81341552734375,
      0.10641007870435715,
      62.5903434753418,
      0.2465491145849228,
      240.0048065185547,
      0.13701066374778748,
      217.2661895751953,
      0.016445735469460487,
      168.79981994628906,
      0.05539475753903389
    ],
    [
      0.05850088968873024,
      0.0007394501590169966,
      0.06376805156469345,
      0.001102125970646739,
      0.025171451270580292,
      0.0011112152133136988,
      0.03891970217227936,
      0.0009740293608047068,
      0.010754419490695,
      0.0014280230971053243,
      0.018385926261544228,
      0.0029088957235217094,
      0.04109145328402519,
      0.001892991946078837,
      0.016445735469460487,
      0.00013825265341438353,
      -0.0015463532181456685,
      2.914068136306014e-05
    ],
    [
      48.4770393371582,
      -0.013525959104299545,
      48.48024368286133,
      -0.02426312305033207,
      54.957275390625,
      -0.019157467409968376,
      127.13990783691406,
      -0.01844867877662182,
      73.62734985351562,
      -0.019133904948830605,
      17.56588363647461,
      -0.03360120579600334,
      156.6046600341797,
      -0.03481295332312584,
      168.79981994628906,
      -0.0015463532181456685,
      154.30172729492188,
      0.029505057260394096
    ],
    [
      0.06111340969800949,
      4.1261784645030275e-05,
      0.061241138726472855,
      5.8835765230469406e-05,
      -0.024966688826680183,
      5.926442827330902e-05,
      0.06358390301465988,
      5.356776819098741e-05,
      -0.0006688536377623677,
      8.272187551483512e-05,
      -0.040638670325279236,
      0.0001733497774694115,
      0.07583814859390259,
      0.00010969956201734021,
      0.05539475753903389,
      2.914068136306014e-05,
      0.029505057260394096,
      0.00012611571582965553
    ]
  ],
  "covariance_short": [
    [
      415.31353759765625,
      0.1662084311246872,
      460.25445556640625,
      0.43753913044929504,
      314.2628479003906,
      0.3924025297164917,
      274.3650207519531,
      0.2943739593029022,
      229.0404815673828,
      0.4345037341117859,
      315.39617919921875,
      0.7897059917449951,
      254.00914001464844,
      0.5517830848693848,
      95.53462219238281,
      0.05785096064209938,
      29.582504272460938,
      0.03546280786395073
    ],
    [
      0.1662084311246872,
      0.006348894443362951,
      0.17500555515289307,
      0.01426859013736248,
      0.1433859020471573,
      0.011863000690937042,
      0.11499244719743729,
      0.0086326589807868,
      0.07835622876882553,
      0.011779731139540672,
      0.12622465193271637,
      0.021398495882749557,
      0.09247667342424393,
      0.015084574930369854,
      -0.004610985983163118,
      0.0015509719960391521,
      -0.014364010654389858,
      0.00012577977031469345
    ],
    [
      460.25445556640625,
      0.17500555515289307,
      522.6168212890625,
      0.46965736150741577,
      353.5900573730469,
      0.4176248013973236,
      307.7878723144531,
      0.31500136852264404,
      257.5550842285156,
      0.4631740152835846,
      354.42144775390625,
      0.8388923406600952,
      287.5731201171875,
      0.5899794697761536,
      110.7470703125,
      0.06364019215106964,
      34.31851577758789,
      0.04170900955796242
    ],
    [
      0.43753913044929504,
      0.01426859013736248,
      0.46965736150741577,
      0.039474181830883026,
      0.3823873996734619,
      0.0328189991414547,
      0.306812047958374,
      0.024470733478665352,
      0.21424590051174164,
      0.032758451998233795,
      0.34610849618911743,
      0.060329753905534744,
      0.2669411301612854,
      0.04204421490430832,
      0.005538241937756538,
      0.004458277951925993,
      -0.03703254833817482,
      0.0003480437444522977
    ],
    [
      314.2628479003906,
      0.1433859020471573,
      353.5900573730469,
      0.3823873996734619,
      337.9744873046875,
      0.3544759452342987,
      280.28582763671875,
      0.2726082503795624,
      280.5315246582031,
      0.39994949102401733,
      317.34637451171875,
      0.7106319665908813,
      277.98602294921875,
      0.5049496293067932,
      147.07337951660156,
      0.053714215755462646,
      73.5270767211914,
      0.05205994471907616
    ],
    [
      0.3924025297164917,
      0.011863000690937042,
      0.4176248013973236,
      0.0328189991414547,
      0.3544759452342987,
      0.03058122843503952,
      0.28526854515075684,
      0.022768519818782806,
      0.20547042787075043,
      0.03205152228474617,
      0.3197486400604248,
      0.055805254727602005,
      0.25075212121009827,
      0.039665430784225464,
      0.001337905297987163,
      0.003977129235863686,
      -0.033541757613420486,
      0.0002940343110822141
    ],
    [
      274.3650207519531,
      0.11499244719743729,
      307.7878723144531,
      0.306812047958374,
      280.28582763671875,
      0.28526854515075684,
      249.51193237304688,
      0.21966613829135895,
      235.86610412597656,
      0.3237626850605011,
      280.21112060546875,
      0.5761118531227112,
      246.7984161376953,
      0.406823068857193,
      133.96405029296875,
      0.03824782744050026,
      70.20127868652344,
      0.01520186010748148
    ],
    [
      0.2943739593029022,
      0.0086326589807868,
      0.31500136852264404,
      0.024470733478665352,
      0.2726082503795624,
      0.022768519818782806,
      0.21966613829135895,
      0.018553411588072777,
      0.16306579113006592,
      0.025618350133299828,
      0.24830307066440582,
      0.04397908225655556,
      0.1993880718946457,
      0.032085880637168884,
      0.005871353205293417,
      0.0032881260849535465,
      -0.025071173906326294,
      0.00021741767704952508
    ],
    [
      229.0404815673828,
      0.07835622876882553,
      257.5550842285156,
      0.21424590051174164,
      280.5315246582031,
      0.20547042787075043,
      235.86610412597656,
      0.16306579113006592,
      262.41595458984375,
      0.24097885191440582,
      271.06536865234375,
      0.42566001415252686,
      244.8496856689453,
      0.302436888217926,
      146.74790954589844,
      0.0349322073161602,
      78.08186340332031,
      0.049212101846933365
    ],
    [
      0.4345037341117859,
      0.011779731139540672,
      0.4631740152835846,
      0.032758451998233795,
      0.39994949102401733,
      0.03205152228474617,
      0.3237626850605011,
      0.025618350133299828,
      0.24097885191440582,
      0.03687109798192978,
      0.36218640208244324,
      0.062098145484924316,
      0.28735825419425964,
      0.04547133296728134,
      0.004102552309632301,
      0.004478276241570711,
      -0.03721693158149719,
      0.00030099385185167193
    ],
    [
      315.39617919921875,
      0.12622465193271637,
      354.42144775390625,
      0.34610849618911743,
      317.34637451171875,
      0.3197486400604248,
      280.21112060546875,
      0.24830307066440582,
      271.06536865234375,
      0.36218640208244324,
      331.33819580078125,
      0.6478511691093445,
      291.95977783203125,
      0.46278104186058044,
      157.4451141357422,
      0.044360511004924774,
      78.7477798461914,
      0.007298397831618786
    ],
    [
      0.7897059917449951,
      0.021398495882749557,
      0.8388923406600952,
      0.060329753905534744,
      0.7106319665908813,
      0.055805254727602005,
      0.5761118531227112,
      0.04397908225655556,
      0.42566001415252686,
      0.062098145484924316,
      0.6478511691093445,
      0.10832064598798752,
      0.5089858770370483,
      0.0776277706027031,
      0.013623331673443317,
      0.00786307267844677,
      -0.06544377654790878,
      0.0005518486141227186
    ],
    [
      254.00914001464844,
      0.09247667342424393,
      287.5731201171875,
      0.2669411301612854,
      277.98602294921875,
      0.25075212121009827,
      246.7984161376953,
      0.1993880718946457,
      244.8496856689453,
      0.28735825419425964,
      291.95977783203125,
      0.5089858770370483,
      269.8448181152344,
      0.3683986961841583,
      157.87538146972656,
      0.03290269896388054,
      83.23884582519531,
      0.002941200276836753
    ],
    [
      0.5517830848693848,
      0.015084574930369854,
      0.5899794697761536,
      0.04204421490430832,
      0.5049496293067932,
      0.039665430784225464,
      0.406823068857193,
      0.032085880637168884,
      0.302436888217926,
      0.04547133296728134,
      0.46278104186058044,
      0.0776277706027031,
      0.3683986961841583,
      0.056915055960416794,
      0.014475317671895027,
      0.005700675304979086,
      -0.046183038502931595,
      0.00038551297620870173
    ],
    [
      95.53462219238281,
      -0.004610985983163118,
      110.7470703125,
      0.005538241937756538,
      147.07337951660156,
      0.001337905297987163,
      133.96405029296875,
      0.005871353205293417,
      146.74790954589844,
      0.004102552309632301,
      157.4451141357422,
      0.013623331673443317,
      157.87538146972656,
      0.014475317671895027,
      126.17295837402344,
      -0.0018985618371516466,
      80.12635803222656,
      -0.0015163980424404144
    ],
    [
      0.05785096064209938,
      0.0015509719960391521,
      0.06364019215106964,
      0.004458277951925993,
      0.053714215755462646,
      0.003977129235863686,
      0.03824782744050026,
      0.0032881260849535465,
      0.0349322073161602,
      0.004478276241570711,
      0.044360511004924774,
      0.00786307267844677,
      0.03290269896388054,
      0.005700675304979086,
      -0.0018985618371516466,
      0.0006495621637441218,
      -0.007430519443005323,
      9.86937593552284e-05
    ],
    [
      29.582504272460938,
      -0.014364010654389858,
      34.31851577758789,
      -0.03703254833817482,
      73.5270767211914,
      -0.033541757613420486,
      70.20127868652344,
      -0.025071173906326294,
      78.08186340332031,
      -0.03721693158149719,
      78.7477798461914,
      -0.06544377654790878,
      83.23884582519531,
      -0.046183038502931595,
      80.12635803222656,
      -0.007430519443005323,
      62.81272506713867,
      0.0006632116856053472
    ],
    [
      0.03546280786395073,
      0.00012577977031469345,
      0.04170900955796242,
      0.0003480437444522977,
      0.05205994471907616,
      0.0002940343110822141,
      0.01520186010748148,
      0.00021741767704952508,
      0.049212101846933365,
      0.00030099385185167193,
      0.007298397831618786,
      0.0005518486141227186,
      0.002941200276836753,
      0.00038551297620870173,
      -0.0015163980424404144,
      9.86937593552284e-05,
      0.0006632116856053472,
      0.00033888054895214736
    ]
  ],
  "damage": -14.215920448303223,
  "diff_bandwidth": 492.3221435546875,
  "dissonance": 8.234775151988691,
  "drr": 4.349833965301514,
  "dynamics": 8.758926391601562,
  "format": 1245190,
  "frames": 1306624,
  "loudness": -22.971158981323242,
  "loudness_range": 18.480796813964844,
  "loudness_range_short": 31.13640022277832,
  "lowpass_true_peak_15khz": 0.3894021809101105,
  "mastering3_acoustic_entropies": [
    {
      "acoustic_entropy": 7.51031494140625,
      "acoustic_entropy_mono": 7.51031494140625,
      "band_eliminated_acoustic_entropies": [
        {
          "acoustic_entropy": 7.548336029052734,
          "acoustic_entropy_side": 7.51031494140625,
          "hz": 129.47220167065723
        },
        {
          "acoustic_entropy": 7.08909797668457,
          "acoustic_entropy_side": 7.51031494140625,
          "hz": 202.92927478742237
        },
        {
          "acoustic_entropy": 7.546103477478027,
          "acoustic_entropy_side": 7.51031494140625,
          "hz": 282.89161906338205
        },
        {
          "acoustic_entropy": 7.605860233306885,
          "acoustic_entropy_side": 7.51031494140625,
          "hz": 369.9353335868758
        },
        {
          "acoustic_entropy": 7.468452453613281,
          "acoustic_entropy_side": 7.51031494140625,
          "hz": 464.6875360973435
        },
        {
          "acoustic_entropy": 7.541985511779785,
          "acoustic_entropy_side": 7.51031494140625,
          "hz": 567.8308811364784
        },
        {
          "acoustic_entropy": 7.643418312072754,
          "acoustic_entropy_side": 7.51031494140625,
          "hz": 680.1084783214808
        },
        {
          "acoustic_entropy": 7.500538349151611,
          "acoustic_entropy_side": 7.51031494140625,
          "hz": 802.3292461747484
        },
        {
          "acoustic_entropy": 7.499444961547852,
          "acoustic_entropy_side": 7.51031494140625,
          "hz": 935.3737400823702
        },
        {
          "acoustic_entropy": 7.433688640594482,
          "acoustic_entropy_side": 7.51031494140625,
          "hz": 1080.2004963696966
        },
        {
          "acoustic_entropy": 7.3134260177612305,
          "acoustic_entropy_side": 7.51031494140625,
          "hz": 1237.8529382007157
        },
        {
          "acoustic_entropy": 7.537222862243652,
          "acoustic_entropy_side": 7.51031494140625,
          "hz": 1409.4668930556702
        },
        {
          "acoustic_entropy": 7.360973834991455,
          "acoustic_entropy_side": 7.51031494140625,
          "hz": 1596.2787759475705
        },
        {
          "acoustic_entropy": 7.561798095703125,
          "acoustic_entropy_side": 7.51031494140625,
          "hz": 1799.6344973346393
        },
        {
          "acoustic_entropy": 7.432468891143799,
          "acoustic_entropy_side": 7.51031494140625,
          "hz": 2020.9991599069049
        },
        {
          "acoustic_entropy": 7.551949977874756,
          "acoustic_entropy_side": 7.51031494140625,
          "hz": 2261.9676141086993
        },
        {
          "acoustic_entropy": 7.039267539978027,
          "acoustic_entropy_side": 7.51031494140625,
          "hz": 2524.2759484456974
        },
        {
          "acoustic_entropy": 6.703492641448975,
          "acoustic_entropy_side": 7.51031494140625,
          "hz": 2809.813997359896
        },
        {
          "acoustic_entropy": 7.557154178619385,
          "acoustic_entropy_side": 7.51031494140625,
          "hz": 3120.6389567871424
        },
        {
          "acoustic_entropy": 7.319620132446289,
          "acoustic_entropy_side": 7.51031494140625,
          "hz": 3458.990205492291
        },
        {
          "acoustic_entropy": 7.855082988739014,
          "acoustic_entropy_side": 7.51031494140625,
          "hz": 3827.305438964164
        },
        {
          "acoustic_entropy": 7.613650798797607,
          "acoustic_entropy_side": 7.51031494140625,
          "hz": 4228.238232109126
        },
        {
          "acoustic_entropy": 7.362532615661621,
          "acoustic_entropy_side": 7.51031494140625,
          "hz": 4664.6771572759235
        },
        {
          "acoustic_entropy": 7.364750862121582,
          "acoustic_entropy_side": 7.51031494140625,
          "hz": 5139.766595350093
        },
        {
          "acoustic_entropy": 7.550994873046875,
          "acoustic_entropy_side": 7.51031494140625,
          "hz": 5656.929389854203
        },
        {
          "acoustic_entropy": 7.5502471923828125,
          "acoustic_entropy_side": 7.51031494140625,
          "hz": 6219.891507268283
        },
        {
          "acoustic_entropy": 7.528860569000244,
          "acoustic_entropy_side": 7.51031494140625,
          "hz": 6832.70888123896
        },
        {
          "acoustic_entropy": 7.543023586273193,
          "acoustic_entropy_side": 7.51031494140625,
          "hz": 7499.796634079867
        },
        {
          "acoustic_entropy": 7.532686233520508,
          "acoustic_entropy_side": 7.51031494140625,
          "hz": 8225.96088609342
        },
        {
          "acoustic_entropy": 7.298870086669922,
          "acoustic_entropy_side": 7.51031494140625,
          "hz": 9016.43338188839
        },
        {
          "acoustic_entropy": 7.162968158721924,
          "acoustic_entropy_side": 7.51031494140625,
          "hz": 9876.909183162974
        },
        {
          "acoustic_entropy": 7.468410015106201,
          "acoustic_entropy_side": 7.51031494140625,
          "hz": 10813.587699516042
        },
        {
          "acoustic_entropy": 7.428989410400391,
          "acoustic_entropy_side": 7.51031494140625,
          "hz": 11833.21735289826
        },
        {
          "acoustic_entropy": 7.436413288116455,
          "acoustic_entropy_side": 7.51031494140625,
          "hz": 12943.144197493959
        },
        {
          "acoustic_entropy": 7.30320930480957,
          "acoustic_entropy_side": 7.51031494140625,
          "hz": 14151.364845322005
        },
        {
          "acoustic_entropy": 7.451692581176758,
          "acoustic_entropy_side": 7.51031494140625,
          "hz": 15466.58407886509
        },
        {
          "acoustic_entropy": 7.5086188316345215,
          "acoustic_entropy_side": 7.51031494140625,
          "hz": 16898.27756580493
        },
        {
          "acoustic_entropy": 7.510299205780029,
          "acoustic_entropy_side": 7.51031494140625,
          "hz": 18456.760127700032
        },
        {
          "acoustic_entropy": 7.510314464569092,
          "acoustic_entropy_side": 7.51031494140625,
          "hz": 20153.260054456492
        },
        {
          "acoustic_entropy": 7.51031494140625,
          "acoustic_entropy_side": 7.51031494140625,
          "hz": 22000.00000000001
        }
      ],
      "diff_acoustic_entropy": 7.196987152099609,
      "sn": 6
    },
    {
      "acoustic_entropy": 9.788899421691895,
      "acoustic_entropy_mono": 9.788899421691895,
      "band_eliminated_acoustic_entropies": [
        {
          "acoustic_entropy": 9.81472396850586,
          "acoustic_entropy_side": 9.788899421691895,
          "hz": 129.47220167065723
        },
        {
          "acoustic_entropy": 9.74802303314209,
          "acoustic_entropy_side": 9.788899421691895,
          "hz": 202.92927478742237
        },
        {
          "acoustic_entropy": 9.775813102722168,
          "acoustic_entropy_side": 9.788899421691895,
          "hz": 282.89161906338205
        },
        {
          "acoustic_entropy": 9.802294731140137,
          "acoustic_entropy_side": 9.788899421691895,
          "hz": 369.9353335868758
        },
        {
          "acoustic_entropy": 9.452771186828613,
          "acoustic_entropy_side": 9.788899421691895,
          "hz": 464.6875360973435
        },
        {
          "acoustic_entropy": 9.665781021118164,
          "acoustic_entropy_side": 9.788899421691895,
          "hz": 567.8308811364784
        },
        {
          "acoustic_entropy": 9.808236122131348,
          "acoustic_entropy_side": 9.788899421691895,
          "hz": 680.1084783214808
        },
        {
          "acoustic_entropy": 9.76479434967041,
          "acoustic_entropy_side": 9.788899421691895,
          "hz": 802.3292461747484
        },
        {
          "acoustic_entropy": 9.795221328735352,
          "acoustic_entropy_side": 9.788899421691895,
          "hz": 935.3737400823702
        },
        {
          "acoustic_entropy": 9.754796981811523,
          "acoustic_entropy_side": 9.788899421691895,
          "hz": 1080.2004963696966
        },
        {
          "acoustic_entropy": 9.861044883728027,
          "acoustic_entropy_side": 9.788899421691895,
          "hz": 1237.8529382007157
        },
        {
          "acoustic_entropy": 9.770874977111816,
          "acoustic_entropy_side": 9.788899421691895,
          "hz": 1409.4668930556702
        },
        {
          "acoustic_entropy": 9.597808837890625,
          "acoustic_entropy_side": 9.788899421691895,
          "hz": 1596.2787759475705
        },
        {
          "acoustic_entropy": 9.770892143249512,
          "acoustic_entropy_side": 9.788899421691895,
          "hz": 1799.6344973346393
        },
        {
          "acoustic_entropy": 9.777863502502441,
          "acoustic_entropy_side": 9.788899421691895,
          "hz": 2020.9991599069049
        },
        {
          "acoustic_entropy": 9.839816093444824,
          "acoustic_entropy_side": 9.788899421691895,
          "hz": 2261.9676141086993
        },
        {
          "acoustic_entropy": 9.593629837036133,
          "acoustic_entropy_side": 9.788899421691895,
          "hz": 2524.2759484456974
        },
        {
          "acoustic_entropy": 9.41562557220459,
          "acoustic_entropy_side": 9.788899421691895,
          "hz": 2809.813997359896
        },
        {
          "acoustic_entropy": 9.806015014648438,
          "acoustic_entropy_side": 9.788899421691895,
          "hz": 3120.6389567871424
        },
        {
          "acoustic_entropy": 9.183333396911621,
          "acoustic_entropy_side": 9.788899421691895,
          "hz": 3458.990205492291
        },
        {
          "acoustic_entropy": 9.893887519836426,
          "acoustic_entropy_side": 9.788899421691895,
          "hz": 3827.305438964164
        },
        {
          "acoustic_entropy": 9.751178741455078,
          "acoustic_entropy_side": 9.788899421691895,
          "hz": 4228.238232109126
        },
        {
          "acoustic_entropy": 9.706207275390625,
          "acoustic_entropy_side": 9.788899421691895,
          "hz": 4664.6771572759235
        },
        {
          "acoustic_entropy": 9.89457893371582,
          "acoustic_entropy_side": 9.788899421691895,
          "hz": 5139.766595350093
        },
        {
          "acoustic_entropy": 9.820818901062012,
          "acoustic_entropy_side": 9.788899421691895,
          "hz": 5656.929389854203
        },
        {
          "acoustic_entropy": 9.814409255981445,
          "acoustic_entropy_side": 9.788899421691895,
          "hz": 6219.891507268283
        },
        {
          "acoustic_entropy": 9.846986770629883,
          "acoustic_entropy_side": 9.788899421691895,
          "hz": 6832.70888123896
        },
        {
          "acoustic_entropy": 9.8257417678833,
          "acoustic_entropy_side": 9.788899421691895,
          "hz": 7499.796634079867
        },
        {
          "acoustic_entropy": 9.79286003112793,
          "acoustic_entropy_side": 9.788899421691895,
          "hz": 8225.96088609342
        },
        {
          "acoustic_entropy": 9.684531211853027,
          "acoustic_entropy_side": 9.788899421691895,
          "hz": 9016.43338188839
        },
        {
          "acoustic_entropy": 9.422164916992188,
          "acoustic_entropy_side": 9.788899421691895,
          "hz": 9876.909183162974
        },
        {
          "acoustic_entropy": 9.757087707519531,
          "acoustic_entropy_side": 9.788899421691895,
          "hz": 10813.587699516042
        },
        {
          "acoustic_entropy": 9.713178634643555,
          "acoustic_entropy_side": 9.788899421691895,
          "hz": 11833.21735289826
        },
        {
          "acoustic_entropy": 9.72079086303711,
          "acoustic_entropy_side": 9.788899421691895,
          "hz": 12943.144197493959
        },
        {
          "acoustic_entropy": 9.59472942352295,
          "acoustic_entropy_side": 9.788899421691895,
          "hz": 14151.364845322005
        },
        {
          "acoustic_entropy": 9.719866752624512,
          "acoustic_entropy_side": 9.788899421691895,
          "hz": 15466.58407886509
        },
        {
          "acoustic_entropy": 9.785752296447754,
          "acoustic_entropy_side": 9.788899421691895,
          "hz": 16898.27756580493
        },
        {
          "acoustic_entropy": 9.788850784301758,
          "acoustic_entropy_side": 9.788899421691895,
          "hz": 18456.760127700032
        },
        {
          "acoustic_entropy": 9.788898468017578,
          "acoustic_entropy_side": 9.788899421691895,
          "hz": 20153.260054456492
        },
        {
          "acoustic_entropy": 9.788899421691895,
          "acoustic_entropy_side": 9.788899421691895,
          "hz": 22000.00000000001
        }
      ],
      "diff_acoustic_entropy": 9.633172035217285,
      "sn": 12
    },
    {
      "acoustic_entropy": 12.672785758972168,
      "acoustic_entropy_mono": 12.67275619506836,
      "band_eliminated_acoustic_entropies": [
        {
          "acoustic_entropy": 12.661887168884277,
          "acoustic_entropy_side": 12.672785758972168,
          "hz": 129.47220167065723
        },
        {
          "acoustic_entropy": 12.512466430664062,
          "acoustic_entropy_side": 12.672785758972168,
          "hz": 202.92927478742237
        },
        {
          "acoustic_entropy": 12.748785972595215,
          "acoustic_entropy_side": 12.672785758972168,
          "hz": 282.89161906338205
        },
        {
          "acoustic_entropy": 12.822042465209961,
          "acoustic_entropy_side": 12.672785758972168,
          "hz": 369.9353335868758
        },
        {
          "acoustic_entropy": 12.549761772155762,
          "acoustic_entropy_side": 12.672784805297852,
          "hz": 464.6875360973435
        },
        {
          "acoustic_entropy": 12.751975059509277,
          "acoustic_entropy_side": 12.672784805297852,
          "hz": 567.8308811364784
        },
        {
          "acoustic_entropy": 12.971634864807129,
          "acoustic_entropy_side": 12.672784805297852,
          "hz": 680.1084783214808
        },
        {
          "acoustic_entropy": 13.075419425964355,
          "acoustic_entropy_side": 12.672784805297852,
          "hz": 802.3292461747484
        },
        {
          "acoustic_entropy": 13.089884757995605,
          "acoustic_entropy_side": 12.672784805297852,
          "hz": 935.3737400823702
        },
        {
          "acoustic_entropy": 12.602235794067383,
          "acoustic_entropy_side": 12.672784805297852,
          "hz": 1080.2004963696966
        },
        {
          "acoustic_entropy": 13.459823608398438,
          "acoustic_entropy_side": 12.672784805297852,
          "hz": 1237.8529382007157
        },
        {
          "acoustic_entropy": 12.836057662963867,
          "acoustic_entropy_side": 12.672784805297852,
          "hz": 1409.4668930556702
        },
        {
          "acoustic_entropy": 12.313746452331543,
          "acoustic_entropy_side": 12.672784805297852,
          "hz": 1596.2787759475705
        },
        {
          "acoustic_entropy": 12.74713134765625,
          "acoustic_entropy_side": 12.672784805297852,
          "hz": 1799.6344973346393
