{
  "acoustic_entropy": 168.1392822265625,
  "bands": [
    {
      "high_freq": 148.1999969482422,
      "loudness": -69.54458618164062,
      "loudness_range": 19.28662872314453,
      "mid_mean": -64.2720947265625,
      "mid_to_side_loudness": -9.422142028808594,
      "mid_to_side_loudness_range": 11.26126766204834,
      "side_mean": -67.56543731689453
    },
    {
      "high_freq": 392.3793640136719,
      "loudness": -45.74991989135742,
      "loudness_range": 24.439647674560547,
      "low_freq": 148.1999969482422,
      "mid_mean": -46.80388259887695,
      "mid_to_side_loudness": -3.519078493118286,
      "mid_to_side_loudness_range": 13.799182891845703,
      "side_mean": -52.48763656616211
    },
    {
      "high_freq": 794.6976318359375,
      "loudness": -39.51263427734375,
      "loudness_range": 25.255184173583984,
      "low_freq": 392.3793640136719,
      "mid_mean": -38.694190979003906,
      "mid_to_side_loudness": -1.583336353302002,
      "mid_to_side_loudness_range": 14.399601936340332,
      "side_mean": -40.79248809814453
    },
    {
      "high_freq": 1457.5709228515625,
      "loudness": -40.78023910522461,
      "loudness_range": 27.891313552856445,
      "low_freq": 794.6976318359375,
      "mid_mean": -40.488685607910156,
      "mid_to_side_loudness": -0.9356881976127625,
      "mid_to_side_loudness_range": 10.875805854797363,
      "side_mean": -41.37163162231445
    },
    {
      "high_freq": 2549.74365234375,
      "loudness": -48.86931610107422,
      "loudness_range": 27.719757080078125,
      "low_freq": 1457.5709228515625,
      "mid_mean": -50.394126892089844,
      "mid_to_side_loudness": -2.8909521102905273,
      "mid_to_side_loudness_range": 9.769585609436035,
      "side_mean": -52.980987548828125
    },
    {
      "high_freq": 4349.24462890625,
      "loudness": -55.61358642578125,
      "loudness_range": 29.981597900390625,
      "low_freq": 2549.74365234375,
      "mid_mean": -55.98345184326172,
      "mid_to_side_loudness": -2.356916904449463,
      "mid_to_side_loudness_range": 7.222132682800293,
      "side_mean": -57.87345886230469
    },
    {
      "high_freq": 7314.1640625,
      "loudness": -59.94477081298828,
      "loudness_range": 24.13089370727539,
      "low_freq": 4349.24462890625,
      "mid_mean": -59.654727935791016,
      "mid_to_side_loudness": -2.4562103748321533,
      "mid_to_side_loudness_range": 5.737743377685547,
      "side_mean": -61.261131286621094
    },
    {
      "high_freq": 12199.2666015625,
      "loudness": -63.832000732421875,
      "loudness_range": 26.397361755371094,
      "low_freq": 7314.1640625,
      "mid_mean": -63.033287048339844,
      "mid_to_side_loudness": -2.570507526397705,
      "mid_to_side_loudness_range": 5.699400424957275,
      "side_mean": -64.2973403930664
    },
    {
      "loudness": -68.6698226928711,
      "loudness_range": 24.696224212646484,
      "low_freq": 12199.2666015625,
      "mid_mean": -66.52816772460938,
      "mid_to_side_loudness": -1.9463777542114258,
      "mid_to_side_loudness_range": 5.408833026885986,
      "side_mean": -66.90644073486328
    }
  ],
  "bands_short": [
    {
      "high_freq": 148.1999969482422,
      "loudness": -71.36453247070312,
      "loudness_range": 17.3924560546875,
      "mid_mean": -65.36322784423828,
      "mid_to_side_loudness": -10.311759948730469,
      "mid_to_side_loudness_range": 13.246211051940918,
      "side_mean": -68.60908508300781
    },
    {
      "high_freq": 392.3793640136719,
      "loudness": -47.15692901611328,
      "loudness_range": 27.64480972290039,
      "low_freq": 148.1999969482422,
      "mid_mean": -50.726375579833984,
      "mid_to_side_loudness": -3.845028877258301,
      "mid_to_side_loudness_range": 15.52945327758789,
      "side_mean": -54.09736251831055
    },
    {
      "high_freq": 794.6976318359375,
      "loudness": -39.49763107299805,
      "loudness_range": 25.331403732299805,
      "low_freq": 392.3793640136719,
      "mid_mean": -38.85288619995117,
      "mid_to_side_loudness": -1.4684631824493408,
      "mid_to_side_loudness_range": 16.315340042114258,
      "side_mean": -40.894832611083984
    },
    {
      "high_freq": 1457.5709228515625,
      "loudness": -41.0865364074707,
      "loudness_range": 28.248384475708008,
      "low_freq": 794.6976318359375,
      "mid_mean": -40.96628952026367,
      "mid_to_side_loudness": -0.9050508141517639,
      "mid_to_side_loudness_range": 13.103469848632812,
      "side_mean": -41.865238189697266
    },
    {
      "high_freq": 2549.74365234375,
      "loudness": -49.52595901489258,
      "loudness_range": 26.949058532714844,
      "low_freq": 1457.5709228515625,
      "mid_mean": -51.24748611450195,
      "mid_to_side_loudness": -2.8286054134368896,
      "mid_to_side_loudness_range": 12.266286849975586,
      "side_mean": -53.79343795776367
    },
    {
      "high_freq": 4349.24462890625,
      "loudness": -55.89418411254883,
      "loudness_range": 30.508602142333984,
      "low_freq": 2549.74365234375,
      "mid_mean": -56.658355712890625,
      "mid_to_side_loudness": -2.3017799854278564,
      "mid_to_side_loudness_range": 9.067061424255371,
      "side_mean": -58.461246490478516
    },
    {
      "high_freq": 7314.1640625,
      "loudness": -61.26573181152344,
      "loudness_range": 26.102684020996094,
      "low_freq": 4349.24462890625,
      "mid_mean": -60.830928802490234,
      "mid_to_side_loudness": -2.3592920303344727,
      "mid_to_side_loudness_range": 7.024479866027832,
      "side_mean": -62.258636474609375
    },
    {
      "high_freq": 12199.2666015625,
      "loudness": -65.45455932617188,
      "loudness_range": 27.763233184814453,
      "low_freq": 7314.1640625,
      "mid_mean": -64.2730941772461,
      "mid_to_side_loudness": -2.548448085784912,
      "mid_to_side_loudness_range": 6.546252250671387,
      "side_mean": -65.38799285888672
    },
    {
      "loudness": -70.71649169921875,
      "loudness_range": 23.881629943847656,
      "low_freq": 12199.2666015625,
      "mid_mean": -67.48312377929688,
      "mid_to_side_loudness": -2.05607008934021,
      "mid_to_side_loudness_range": 6.3394951820373535,
      "side_mean": -67.79644775390625
    }
  ],
  "bandwidth": 859.9536743164062,
  "channels": 2,
  "covariance": [
    [
      21.587993621826172,
      18.637418746948242,
      12.99272346496582,
      19.915197372436523,
      6.958661079406738,
      8.464441299438477,
      6.764735698699951,
      8.398433685302734,
      12.844023704528809,
      14.037457466125488,
      6.697632312774658,
      6.053159236907959,
      4.082303047180176,
      3.804454803466797,
      2.6577203273773193,
      1.849379062652588,
      0.9989063143730164,
      0.29899680614471436
    ],
    [
      18.637418746948242,
      19.39982795715332,
      9.31832504272461,
      14.779906272888184,
      4.851947784423828,
      5.98297119140625,
      7.159060478210449,
      9.079352378845215,
      9.656094551086426,
      9.843973159790039,
      4.439121723175049,
      3.5169947147369385,
      2.838998794555664,
      2.4753990173339844,
      2.4395155906677246,
      1.7702566385269165,
      1.1397464275360107,
      0.4512709081172943
    ],
    [
      12.99272346496582,
      9.31832504272461,
      117.33586120605469,
      104.82074737548828,
      10.556340217590332,
      13.695731163024902,
      9.486749649047852,
      8.058608055114746,
      25.451753616333008,
      23.130184173583984,
      14.947403907775879,
      14.098588943481445,
      -0.09314007312059402,
      -0.3314042389392853,
      -0.9939994812011719,
      -1.4726886749267578,
      -0.8545469641685486,
      -0.953892171382904
    ],
    [
      19.915197372436523,
      14.779906272888184,
      104.82074737548828,
      140.14395141601562,
      8.199974060058594,
      13.151323318481445,
      13.761295318603516,
      13.635435104370117,
      55.56007385253906,
      51.203643798828125,
      34.27694320678711,
      30.871423721313477,
      12.085674285888672,
      10.656065940856934,
      4.191954135894775,
      2.4509758949279785,
      1.827494502067566,
      0.4598044157028198
    ],
    [
      6.958661079406738,
      4.851947784423828,
      10.556340217590332,
      8.199974060058594,
      90.90533447265625,
      68.09867858886719,
      38.08952331542969,
      31.01313018798828,
      51.6506462097168,
      44.428131103515625,
      50.83568572998047,
      45.155540466308594,
      31.279348373413086,
      26.714550018310547,
      19.83129119873047,
      13.795893669128418,
      5.307087421417236,
      5.288479804992676
    ],
    [
      8.464441299438477,
      5.98297119140625,
      13.695731163024902,
      13.151323318481445,
      68.09867858886719,
      73.44080352783203,
      33.40178680419922,
      28.724889755249023,
      50.378440856933594,
      45.3357048034668,
      47.252376556396484,
      42.01698684692383,
      27.500789642333984,
      23.845659255981445,
      17.35521697998047,
      11.963408470153809,
      4.5739264488220215,
      4.389456748962402
    ],
    [
      6.764735698699951,
      7.159060478210449,
      9.486749649047852,
      13.761295318603516,
      38.08952331542969,
      33.40178680419922,
      92.72950744628906,
      85.57444763183594,
      46.9970588684082,
      40.15077590942383,
      51.1650276184082,
      44.41469192504883,
      36.31615447998047,
      30.75171661376953,
      25.713491439819336,
      19.698726654052734,
      11.38692855834961,
      9.352713584899902
    ],
    [
      8.398433685302734,
      9.079352378845215,
      8.058608055114746,
      13.635435104370117,
      31.01313018798828,
      28.724889755249023,
      85.57444763183594,
      96.98564910888672,
      45.27852249145508,
      40.02396011352539,
      46.55528259277344,
      40.10701370239258,
      34.461158752441406,
      29.064138412475586,
      24.004981994628906,
      18.708316802978516,
      11.101550102233887,
      8.956929206848145
    ],
    [
      12.844023704528809,
      9.656094551086426,
      25.451753616333008,
      55.56007385253906,
      51.6506462097168,
      50.378440856933594,
      46.9970588684082,
      45.27852249145508,
      130.95394897460938,
      113.82111358642578,
      91.64083862304688,
      79.5090560913086,
      51.5571403503418,
      42.81352233886719,
      27.601396560668945,
      18.601451873779297,
      9.356168746948242,
      6.549767017364502
    ],
    [
      14.037457466125488,
      9.843973159790039,
      23.130184173583984,
      51.203643798828125,
      44.428131103515625,
      45.3357048034668,
      40.15077590942383,
      40.02396011352539,
      113.82111358642578,
      108.05868530273438,
      81.46923828125,
      71.64519500732422,
      47.22830581665039,
      40.15053939819336,
      25.033916473388672,
      17.38508415222168,
      8.89455509185791,
      6.190213680267334
    ],
    [
      6.697632312774658,
      4.439121723175049,
      14.947403907775879,
      34.27694320678711,
      50.83568572998047,
      47.252376556396484,
      51.1650276184082,
      46.55528259277344,
      91.64083862304688,
      81.46923828125,
      102.9397964477539,
      91.58599090576172,
      57.3310546875,
      49.55251693725586,
      31.688587188720703,
      22.664127349853516,
      11.40965747833252,
      9.445006370544434
    ],
    [
      6.053159236907959,
      3.5169947147369385,
      14.098588943481445,
      30.871423721313477,
      45.155540466308594,
      42.01698684692383,
      44.41469192504883,
      40.10701370239258,
      79.5090560913086,
      71.64519500732422,
      91.58599090576172,
      86.84185791015625,
      52.66082763671875,
      46.296607971191406,
      27.72430992126465,
      20.287588119506836,
      9.647351264953613,
      8.393091201782227
    ],
    [
      4.082303047180176,
      2.838998794555664,
      -0.09314007312059402,
      12.085674285888672,
      31.279348373413086,
      27.500789642333984,
      36.31615447998047,
      34.461158752441406,
      51.5571403503418,
      47.22830581665039,
      57.3310546875,
      52.66082763671875,
      66.9179458618164,
      59.57819747924805,
      53.363033294677734,
      45.61997985839844,
      29.176069259643555,
      27.3372802734375
    ],
    [
      3.804454803466797,
      2.4753990173339844,
      -0.3314042389392853,
      10.656065940856934,
      26.714550018310547,
      23.845659255981445,
      30.75171661376953,
      29.064138412475586,
      42.81352233886719,
      40.15053939819336,
      49.55251693725586,
      46.296607971191406,
      59.57819747924805,
      55.77069854736328,
      49.00582504272461,
      42.60268783569336,
      27.08084487915039,
      25.858808517456055
    ],
    [
      2.6577203273773193,
      2.4395155906677246,
      -0.9939994812011719,
      4.191954135894775,
      19.83129119873047,
      17.35521697998047,
      25.713491439819336,
      24.004981994628906,
      27.601396560668945,
      25.033916473388672,
      31.688587188720703,
      27.72430992126465,
      53.363033294677734,
      49.00582504272461,
      58.64724349975586,
      51.37187194824219,
      35.435672760009766,
      33.88694763183594
    ],
    [
      1.849379062652588,
      1.7702566385269165,
      -1.4726886749267578,
      2.4509758949279785,
      13.795893669128418,
      11.963408470153809,
      19.698726654052734,
      18.708316802978516,
      18.601451873779297,
      17.38508415222168,
      22.664127349853516,
      20.287588119506836,
      45.61997985839844,
      42.60268783569336,
      51.37187194824219,
      46.87501907348633,
      32.41371154785156,
      31.461185455322266
    ],
    [
      0.9989063143730164,
      1.1397464275360107,
      -0.8545469641685486,
      1.827494502067566,
      5.307087421417236,
      4.5739264488220215,
      11.38692855834961,
      11.101550102233887,
      9.356168746948242,
      8.89455509185791,
      11.40965747833252,
      9.647351264953613,
      29.176069259643555,
      27.08084487915039,
      35.435672760009766,
      32.41371154785156,
      25.238618850708008,
      23.82762908935547
    ],
    [
      0.29899680614471436,
      0.4512709081172943,
      -0.953892171382904,
      0.4598044157028198,
      5.288479804992676,
      4.389456748962402,
      9.352713584899902,
      8.956929206848145,
      6.549767017364502,
      6.190213680267334,
      9.445006370544434,
      8.393091201782227,
      27.3372802734375,
      25.858808517456055,
      33.88694763183594,
      31.461185455322266,
      23.82762908935547,
      23.467567443847656
    ]
  ],
  "covariance_short": [
    [
      16.082796096801758,
      10.195798873901367,
      15.418798446655273,
      15.734113693237305,
      4.549142837524414,
      5.540275573730469,
      4.0712103843688965,
      4.370434284210205,
      8.399408340454102,
      10.06220531463623,
      6.3598551750183105,
      6.219682216644287,
      3.1915078163146973,
      3.070276975631714,
      1.7412410974502563,
      1.0819817781448364,
      0.4234530031681061,
      -0.055010877549648285
    ],
    [
      10.195798873901367,
      9.447935104370117,
      9.886913299560547,
      10.307904243469238,
      2.0351855754852295,
      2.8630666732788086,
      3.4817821979522705,
      3.9709300994873047,
      5.283901691436768,
      6.212184906005859,
      4.197196006774902,
      3.8971047401428223,
      2.486619472503662,
      2.315424680709839,
      1.9503979682922363,
      1.3190028667449951,
      0.6854971051216125,
      0.20893877744674683
    ],
    [
      15.418798446655273,
      9.886913299560547,
      156.62606811523438,
      133.2550811767578,
      14.662020683288574,
      18.389102935791016,
      13.2576265335083,
      13.70478630065918,
      56.031253814697266,
      49.042110443115234,
      33.35327911376953,
      29.52206039428711,
      11.495396614074707,
      9.484028816223145,
      3.9711663722991943,
      2.6578097343444824,
      1.404085397720337,
      0.8638454675674438
    ],
    [
      15.734113693237305,
      10.307904243469238,
      133.2550811767578,
      137.8999481201172,
      13.426977157592773,
      20.37843894958496,
      16.032230377197266,
      16.518508911132812,
      52.05839538574219,
      46.60725402832031,
      28.553504943847656,
      25.507333755493164,
      9.443416595458984,
      8.027512550354004,
      2.273920774459839,
      1.2801196575164795,
      0.89519202709198,
      0.0960112139582634
    ],
    [
      4.549142837524414,
      2.0351855754852295,
      14.662020683288574,
      13.426977157592773,
      90.8608169555664,
      64.03211975097656,
      36.6754264831543,
      30.189130783081055,
      52.979190826416016,
      45.4301643371582,
      51.44424057006836,
      45.53404998779297,
      30.875574111938477,
      26.544944763183594,
      19.35997772216797,
      13.41005802154541,
      5.6857829093933105,
      5.586150169372559
    ],
    [
      5.540275573730469,
      2.8630666732788086,
      18.389102935791016,
      20.37843894958496,
      64.03211975097656,
      74.85249328613281,
      30.726903915405273,
      25.797077178955078,
      50.7705078125,
      45.63674545288086,
      47.34446334838867,
      42.02883529663086,
      27.629730224609375,
      23.920822143554688,
      17.459003448486328,
      12.336527824401855,
      5.603209495544434,
      5.2397894859313965
    ],
    [
      4.0712103843688965,
      3.4817821979522705,
      13.2576265335083,
      16.032230377197266,
      36.6754264831543,
      30.726903915405273,
      97.50634002685547,
      85.93031311035156,
      49.258697509765625,
      42.260658264160156,
      52.46748352050781,
      45.811214447021484,
      35.59540939331055,
      30.06532096862793,
      23.83999252319336,
      18.090526580810547,
      10.181795120239258,
      8.25361442565918
    ],
    [
      4.370434284210205,
      3.9709300994873047,
      13.70478630065918,
      16.518508911132812,
      30.189130783081055,
      25.797077178955078,
      85.93031311035156,
      101.23564910888672,
      47.54507827758789,
      42.50469970703125,
      47.86224365234375,
      41.55157470703125,
      33.82489776611328,
      28.491640090942383,
      22.38211441040039,
      17.34976577758789,
      9.837625503540039,
      7.838874340057373
    ],
    [
      8.399408340454102,
      5.283901691436768,
      56.031253814697266,
      52.05839538574219,
      52.979190826416016,
      50.7705078125,
      49.258697509765625,
      47.54507827758789,
      130.0825958251953,
      109.6992416381836,
      90.0169677734375,
      78.09934997558594,
      52.508056640625,
      43.72074508666992,
      28.65041732788086,
      20.386981964111328,
      10.908543586730957,
      8.291021347045898
    ],
    [
      10.06220531463623,
      6.212184906005859,
      49.042110443115234,
      46.60725402832031,
      45.4301643371582,
      45.63674545288086,
      42.260658264160156,
      42.50469970703125,
      109.6992416381836,
      106.48992919921875,
      78.73810577392578,
      69.25919342041016,
      47.05792236328125,
      40.11038589477539,
      25.533390045166016,
      18.681306838989258,
      10.146267890930176,
      7.680293560028076
    ],
    [
      6.3598551750183105,
      4.197196006774902,
      33.35327911376953,
      28.553504943847656,
      51.44424057006836,
      47.34446334838867,
      52.46748352050781,
      47.86224365234375,
      90.0169677734375,
      78.73810577392578,
      103.85355377197266,
      91.28401947021484,
      59.02655792236328,
      50.746917724609375,
      33.477516174316406,
      24.700002670288086,
      13.25354290008545,
      10.992938041687012
    ],
    [
      6.219682216644287,
      3.8971047401428223,
      29.52206039428711,
      25.507333755493164,
      45.53404998779297,
      42.02883529663086,
      45.811214447021484,
      41.55157470703125,
      78.09934997558594,
      69.25919342041016,
      91.28401947021484,
      87.86332702636719,
      54.19194412231445,
      47.46416091918945,
      29.518726348876953,
      22.27955436706543,
      11.486716270446777,
      9.958941459655762
    ],
    [
      3.1915078163146973,
      2.486619472503662,
      11.495396614074707,
      9.443416595458984,
      30.875574111938477,
      27.629730224609375,
      35.59540939331055,
      33.82489776611328,
      52.508056640625,
      47.05792236328125,
      59.02655792236328,
      54.19194412231445,
      66.33667755126953,
      58.61550521850586,
      50.541481018066406,
      42.97465896606445,
      25.536354064941406,
      23.866458892822266
    ],
    [
      3.070276975631714,
      2.315424680709839,
      9.484028816223145,
      8.027512550354004,
      26.544944763183594,
      23.920822143554688,
      30.06532096862793,
      28.491640090942383,
      43.72074508666992,
      40.11038589477539,
      50.746917724609375,
      47.46416091918945,
      58.61550521850586,
      55.331844329833984,
      46.210086822509766,
      40.014892578125,
      23.477283477783203,
      22.437501907348633
    ],
    [
      1.7412410974502563,
      1.9503979682922363,
      3.9711663722991943,
      2.273920774459839,
      19.35997772216797,
      17.459003448486328,
      23.83999252319336,
      22.38211441040039,
      28.65041732788086,
      25.533390045166016,
      33.477516174316406,
      29.518726348876953,
      50.541481018066406,
      46.210086822509766,
      52.45262145996094,
      45.05199432373047,
      28.625064849853516,
      27.27460479736328
    ],
    [
      1.0819817781448364,
      1.3190028667449951,
      2.6578097343444824,
      1.2801196575164795,
      13.41005802154541,
      12.336527824401855,
      18.090526580810547,
      17.34976577758789,
      20.386981964111328,
      18.681306838989258,
      24.700002670288086,
      22.27955436706543,
      42.97465896606445,
      40.014892578125,
      45.05199432373047,
      40.695655822753906,
      25.539424896240234,
      24.805696487426758
    ],
    [
      0.4234530031681061,
      0.6854971051216125,
      1.404085397720337,
      0.89519202709198,
      5.6857829093933105,
      5.603209495544434,
      10.181795120239258,
      9.837625503540039,
      10.908543586730957,
      10.146267890930176,
      13.25354290008545,
      11.486716270446777,
      25.536354064941406,
      23.477283477783203,
      28.625064849853516,
      25.539424896240234,
      19.064828872680664,
      17.852474212646484
    ],
    [
      -0.055010877549648285,
      0.20893877744674683,
      0.8638454675674438,
      0.0960112139582634,
      5.586150169372559,
      5.2397894859313965,
      8.25361442565918,
      7.838874340057373,
      8.291021347045898,
      7.680293560028076,
      10.992938041687012,
      9.958941459655762,
      23.866458892822266,
      22.437501907348633,
      27.27460479736328,
      24.805696487426758,
      17.852474212646484,
      17.703866958618164
    ]
  ],
  "damage": -18.395366668701172,
  "diff_bandwidth": 885.3885498046875,
  "dissonance": 4.260325753203235,
  "drr": 2.010986328125,
  "dynamics": 6.280829429626465,
  "format": 1245190,
  "frames": 13363136,
  "loudness": -29.366979598999023,
  "loudness_range": 22.372638702392578,
  "loudness_range_short": 23.013328552246094,
  "lowpass_true_peak_15khz": -2.7729644775390625,
  "mastering3_acoustic_entropies": [
    {
      "acoustic_entropy": 9.355740547180176,
      "acoustic_entropy_mono": 8.308594703674316,
      "band_eliminated_acoustic_entropies": [
        {
          "acoustic_entropy": 9.35579776763916,
          "acoustic_entropy_side": 9.355743408203125,
          "hz": 129.47220167065723
        },
        {
          "acoustic_entropy": 9.3571195602417,
          "acoustic_entropy_side": 9.355873107910156,
          "hz": 202.92927478742237
        },
        {
          "acoustic_entropy": 9.327089309692383,
          "acoustic_entropy_side": 9.37680721282959,
          "hz": 282.89161906338205
        },
        {
          "acoustic_entropy": 9.23653507232666,
          "acoustic_entropy_side": 9.071077346801758,
          "hz": 369.9353335868758
        },
        {
          "acoustic_entropy": 9.372867584228516,
          "acoustic_entropy_side": 9.018115997314453,
          "hz": 464.6875360973435
        },
        {
          "acoustic_entropy": 8.925531387329102,
          "acoustic_entropy_side": 9.514020919799805,
          "hz": 567.8308811364784
        },
        {
          "acoustic_entropy": 9.490796089172363,
          "acoustic_entropy_side": 9.027315139770508,
          "hz": 680.1084783214808
        },
        {
          "acoustic_entropy": 9.142654418945312,
          "acoustic_entropy_side": 9.41215991973877,
          "hz": 802.3292461747484
        },
        {
          "acoustic_entropy": 9.40176010131836,
          "acoustic_entropy_side": 9.268505096435547,
          "hz": 935.3737400823702
        },
        {
          "acoustic_entropy": 8.840580940246582,
          "acoustic_entropy_side": 9.125385284423828,
          "hz": 1080.2004963696966
        },
        {
          "acoustic_entropy": 8.858423233032227,
          "acoustic_entropy_side": 8.654930114746094,
          "hz": 1237.8529382007157
        },
        {
          "acoustic_entropy": 9.1134672164917,
          "acoustic_entropy_side": 9.037724494934082,
          "hz": 1409.4668930556702
        },
        {
          "acoustic_entropy": 9.20407772064209,
          "acoustic_entropy_side": 9.321547508239746,
          "hz": 1596.2787759475705
        },
        {
          "acoustic_entropy": 9.339980125427246,
          "acoustic_entropy_side": 9.555427551269531,
          "hz": 1799.6344973346393
        },
        {
          "acoustic_entropy": 9.244311332702637,
          "acoustic_entropy_side": 9.347858428955078,
          "hz": 2020.9991599069049
        },
        {
          "acoustic_entropy": 9.737483978271484,
          "acoustic_entropy_side": 9.374792098999023,
          "hz": 2261.9676141086993
        },
        {
          "acoustic_entropy": 9.322540283203125,
          "acoustic_entropy_side": 9.38349437713623,
          "hz": 2524.2759484456974
        },
        {
          "acoustic_entropy": 9.194190979003906,
          "acoustic_entropy_side": 9.279583930969238,
          "hz": 2809.813997359896
        },
        {
          "acoustic_entropy": 9.253429412841797,
          "acoustic_entropy_side": 9.354896545410156,
          "hz": 3120.6389567871424
        },
        {
          "acoustic_entropy": 9.084559440612793,
          "acoustic_entropy_side": 9.278884887695312,
          "hz": 3458.990205492291
        },
        {
          "acoustic_entropy": 9.18056869506836,
          "acoustic_entropy_side": 9.340424537658691,
          "hz": 3827.305438964164
        },
        {
          "acoustic_entropy": 9.392910957336426,
          "acoustic_entropy_side": 9.363901138305664,
          "hz": 4228.238232109126
        },
        {
          "acoustic_entropy": 9.375134468078613,
          "acoustic_entropy_side": 9.361403465270996,
          "hz": 4664.6771572759235
        },
        {
          "acoustic_entropy": 9.375639915466309,
          "acoustic_entropy_side": 9.363615989685059,
          "hz": 5139.766595350093
        },
        {
          "acoustic_entropy": 9.374285697937012,
          "acoustic_entropy_side": 9.363421440124512,
          "hz": 5656.929389854203
        },
        {
          "acoustic_entropy": 9.374652862548828,
          "acoustic_entropy_side": 9.362553596496582,
          "hz": 6219.891507268283
        },
        {
          "acoustic_entropy": 9.37462329864502,
          "acoustic_entropy_side": 9.363598823547363,
          "hz": 6832.70888123896
        },
        {
          "acoustic_entropy": 9.383481979370117,
          "acoustic_entropy_side": 9.36349868774414,
          "hz": 7499.796634079867
        },
        {
          "acoustic_entropy": 9.37088394165039,
          "acoustic_entropy_side": 9.361116409301758,
          "hz": 8225.96088609342
        },
        {
          "acoustic_entropy": 9.36872673034668,
          "acoustic_entropy_side": 9.360003471374512,
          "hz": 9016.43338188839
        },
        {
          "acoustic_entropy": 9.362343788146973,
          "acoustic_entropy_side": 9.35940170288086,
          "hz": 9876.909183162974
        },
        {
          "acoustic_entropy": 9.361459732055664,
          "acoustic_entropy_side": 9.358794212341309,
          "hz": 10813.587699516042
        },
        {
          "acoustic_entropy": 9.361075401306152,
          "acoustic_entropy_side": 9.358001708984375,
          "hz": 11833.21735289826
        },
        {
          "acoustic_entropy": 9.360318183898926,
          "acoustic_entropy_side": 9.35755729675293,
          "hz": 12943.144197493959
        },
        {
          "acoustic_entropy": 9.359228134155273,
          "acoustic_entropy_side": 9.357339859008789,
          "hz": 14151.364845322005
        },
        {
          "acoustic_entropy": 9.3583402633667,
          "acoustic_entropy_side": 9.35705852508545,
          "hz": 15466.58407886509
        },
        {
          "acoustic_entropy": 9.357566833496094,
          "acoustic_entropy_side": 9.356629371643066,
          "hz": 16898.27756580493
        },
        {
          "acoustic_entropy": 9.356871604919434,
          "acoustic_entropy_side": 9.356224060058594,
          "hz": 18456.760127700032
        },
        {
          "acoustic_entropy": 9.356404304504395,
          "acoustic_entropy_side": 9.356038093566895,
          "hz": 20153.260054456492
        },
        {
          "acoustic_entropy": 9.35590648651123,
          "acoustic_entropy_side": 9.355815887451172,
          "hz": 22000.00000000001
        }
      ],
      "diff_acoustic_entropy": 2.1651535034179688,
      "sn": 6
    },
    {
      "acoustic_entropy": 13.921636581420898,
      "acoustic_entropy_mono": 12.379212379455566,
      "band_eliminated_acoustic_entropies": [
        {
          "acoustic_entropy": 13.921233177185059,
          "acoustic_entropy_side": 13.921638488769531,
          "hz": 129.47220167065723
        },
        {
          "acoustic_entropy": 13.910843849182129,
          "acoustic_entropy_side": 13.920226097106934,
          "hz": 202.92927478742237
        },
        {
          "acoustic_entropy": 13.882869720458984,
          "acoustic_entropy_side": 13.89677619934082,
          "hz": 282.89161906338205
        },
        {
          "acoustic_entropy": 14.774759292602539,
          "acoustic_entropy_side": 13.73370361328125,
          "hz": 369.9353335868758
        },
        {
          "acoustic_entropy": 14.297354698181152,
          "acoustic_entropy_side": 14.288959503173828,
          "hz": 464.6875360973435
        },
        {
          "acoustic_entropy": 14.22984790802002,
          "acoustic_entropy_side": 15.603048324584961,
          "hz": 567.8308811364784
        },
        {
          "acoustic_entropy": 14.575592994689941,
          "acoustic_entropy_side": 13.876030921936035,
          "hz": 680.1084783214808
        },
        {
          "acoustic_entropy": 13.869522094726562,
          "acoustic_entropy_side": 14.730329513549805,
          "hz": 802.3292461747484
        },
        {
          "acoustic_entropy": 14.350088119506836,
          "acoustic_entropy_side": 13.83495044708252,
          "hz": 935.3737400823702
        },
        {
          "acoustic_entropy": 14.3775634765625,
          "acoustic_entropy_side": 14.82426929473877,
          "hz": 1080.2004963696966
        },
        {
          "acoustic_entropy": 13.673225402832031,
          "acoustic_entropy_side": 14.546929359436035,
          "hz": 1237.8529382007157
        },
        {
          "acoustic_entropy": 13.600079536437988,
          "acoustic_entropy_side": 14.434107780456543,
          "hz": 1409.4668930556702
        },
        {
          "acoustic_entropy": 14.480835914611816,
          "acoustic_entropy_side": 14.3591947555542,
          "hz": 1596.2787759475705
        },
        {
          "acoustic_entropy": 14.139808654785156,
          "acoustic_entropy_side": 14.37083911895752,
          "hz": 1799.6344973346393
        },
        {
          "acoustic_entropy": 14.051126480102539,
          "acoustic_entropy_side": 14.279755592346191,
          "hz": 2020.9991599069049
        },
        {
          "acoustic_entropy": 14.826237678527832,
          "acoustic_entropy_side": 14.223885536193848,
          "hz": 2261.9676141086993
        },
        {
          "acoustic_entropy": 14.223057746887207,
          "acoustic_entropy_side": 14.241042137145996,
          "hz": 2524.2759484456974
        },
        {
          "acoustic_entropy": 14.229755401611328,
          "acoustic_entropy_side": 14.00721549987793,
          "hz": 2809.813997359896
        },
        {
          "acoustic_entropy": 13.448802947998047,
          "acoustic_entropy_side": 13.792208671569824,
          "hz": 3120.6389567871424
        },
        {
          "acoustic_entropy": 13.688403129577637,
          "acoustic_entropy_side": 13.570894241333008,
          "hz": 3458.990205492291
        },
        {
          "acoustic_entropy": 14.140380859375,
          "acoustic_entropy_side": 13.840568542480469,
          "hz": 3827.305438964164
        },
        {
          "acoustic_entropy": 13.993019104003906,
          "acoustic_entropy_side": 13.912973403930664,
          "hz": 4228.238232109126
        },
        {
          "acoustic_entropy": 14.002453804016113,
          "acoustic_entropy_side": 13.93818473815918,
          "hz": 4664.6771572759235
        },
        {
          "acoustic_entropy": 13.993417739868164,
          "acoustic_entropy_side": 13.937100410461426,
          "hz": 5139.766595350093
        },
        {
          "acoustic_entropy": 13.984725952148438,
          "acoustic_entropy_side": 13.929773330688477,
          "hz": 5656.929389854203
        },
        {
          "acoustic_entropy": 13.917580604553223,
          "acoustic_entropy_side": 13.919434547424316,
          "hz": 6219.891507268283
        },
        {
          "acoustic_entropy": 13.921734809875488,
          "acoustic_entropy_side": 13.926033973693848,
          "hz": 6832.70888123896
        },
        {
          "acoustic_entropy": 13.920262336730957,
          "acoustic_entropy_side": 13.938719749450684,
          "hz": 7499.796634079867
        },
        {
          "acoustic_entropy": 13.881611824035645,
          "acoustic_entropy_side": 13.951062202453613,
          "hz": 8225.96088609342
        },
        {
          "acoustic_entropy": 13.920772552490234,
          "acoustic_entropy_side": 13.950733184814453,
          "hz": 9016.43338188839
        },
        {
          "acoustic_entropy": 13.958624839782715,
          "acoustic_entropy_side": 13.9494047164917,
          "hz": 9876.909183162974
        },
        {
          "acoustic_entropy": 13.965726852416992,
          "acoustic_entropy_side": 13.949321746826172,
          "hz": 10813.587699516042
        },
        {
          "acoustic_entropy": 13.956562995910645,
          "acoustic_entropy_side": 13.945395469665527,
          "hz": 11833.21735289826
        },
        {
          "acoustic_entropy": 13.961400985717773,
          "acoustic_entropy_side": 13.942403793334961,
          "hz": 12943.144197493959
        },
        {
          "acoustic_entropy": 13.953096389770508,
          "acoustic_entropy_side": 13.936469078063965,
          "hz": 14151.364845322005
        },
        {
          "acoustic_entropy": 13.949162483215332,
          "acoustic_entropy_side": 13.935193061828613,
          "hz": 15466.58407886509
        },
        {
          "acoustic_entropy": 13.940454483032227,
          "acoustic_entropy_side": 13.929149627685547,
          "hz": 16898.27756580493
        },
        {
          "acoustic_entropy": 13.93185043334961,
          "acoustic_entropy_side": 13.92545223236084,
          "hz": 18456.760127700032
        },
        {
          "acoustic_entropy": 13.92714786529541,
          "acoustic_entropy_side": 13.92418098449707,
          "hz": 20153.260054456492
        },
        {
          "acoustic_entropy": 13.923089981079102,
          "acoustic_entropy_side": 13.922272682189941,
          "hz": 22000.00000000001
        }
      ],
      "diff_acoustic_entropy": 4.088242530822754,
      "sn": 12
    },
    {
      "acoustic_entropy": 25.002212524414062,
      "acoustic_entropy_mono": 22.36953353881836,
      "band_eliminated_acoustic_entropies": [
        {
          "acoustic_entropy": 25.002731323242188,
          "acoustic_entropy_side": 25.00261116027832,
          "hz": 129.47220167065723
        },
        {
          "acoustic_entropy": 24.942853927612305,
          "acoustic_entropy_side": 25.024017333984375,
          "hz": 202.92927478742237
        },
        {
          "acoustic_entropy": 25.1033935546875,
          "acoustic_entropy_side": 25.452693939208984,
          "hz": 282.89161906338205
        },
        {
          "acoustic_entropy": 24.23369026184082,
          "acoustic_entropy_side": 24.624923706054688,
          "hz": 369.9353335868758
        },
        {
          "acoustic_entropy": 25.239503860473633,
          "acoustic_entropy_side": 26.24580192565918,
          "hz": 464.6875360973435
        },
        {
          "acoustic_entropy": 24.615234375,
          "acoustic_entropy_side": 25.89342498779297,
          "hz": 567.8308811364784
        },
        {
          "acoustic_entropy": 25.066635131835938,
          "acoustic_entropy_side": 24.766393661499023,
          "hz": 680.1084783214808
        },
        {
          "acoustic_entropy": 24.861127853393555,
          "acoustic_entropy_side": 24.967548370361328,
          "hz": 802.3292461747484
        },
        {
          "acoustic_entropy": 25.58763313293457,
          "acoustic_entropy_side": 25.232011795043945,
          "hz": 935.3737400823702
        },
        {
          "acoustic_entropy": 25.661636352539062,
          "acoustic_entropy_side": 26.013338088989258,
          "hz": 1080.2004963696966
        },
        {
          "acoustic_entropy": 24.944150924682617,
          "acoustic_entropy_side": 25.489835739135742,
          "hz": 1237.8529382007157
        },
        {
          "acoustic_entropy": 24.298076629638672,
          "acoustic_entropy_side": 25.421127319335938,
          "hz": 1409.4668930556702
        },
        {
          "acoustic_entropy": 25.419635772705078,
          "acoustic_entropy_side": 25.532329559326172,
          "hz": 1596.2787759475705
        },
        {
          "acoustic_entropy": 25.19359588623047,
          "acoustic_entropy_side": 25.05712127685547,
          "hz": 1799.6344973346393
        },
        {
          "acoustic_entropy": 25.0782470703125,
          "acoustic_entropy_side": 25.009347915649414,
          "hz": 2020.9991599069049
        },
        {
          "acoustic_entropy": 25.708900451660156,
          "acoustic_entropy_side": 25.752647399902344,
          "hz": 2261.9676141086993
        },
        {
          "acoustic_entropy": 25.841941833496094,
          "acoustic_entropy_side": 25.631343841552734,
          "hz": 2524.2759484456974
        },
        {
          "acoustic_entropy": 25.703073501586914,
          "acoustic_entropy_side": 25.359819412231445,
          "hz": 2809.813997359896
        },
        {
          "acoustic_entropy": 24.984228134155273,
          "acoustic_entropy_side": 25.096881866455078,
          "hz": 3120.6389567871424
        },
