{
  "acoustic_entropy": 158.64707946777344,
  "bands": [
    {
      "high_freq": 148.1999969482422,
      "loudness": -40.137142181396484,
      "loudness_range": 25.626663208007812,
      "mid_mean": -36.48740005493164,
      "mid_to_side_loudness": -22.262943267822266,
      "mid_to_side_loudness_range": 15.155017852783203,
      "side_mean": -58.59858322143555
    },
    {
      "high_freq": 392.3793640136719,
      "loudness": -31.37116050720215,
      "loudness_range": 16.750919342041016,
      "low_freq": 148.1999969482422,
      "mid_mean": -28.197782516479492,
      "mid_to_side_loudness": -17.905242919921875,
      "mid_to_side_loudness_range": 13.785261154174805,
      "side_mean": -46.95466613769531
    },
    {
      "high_freq": 794.6976318359375,
      "loudness": -29.243024826049805,
      "loudness_range": 12.629472732543945,
      "low_freq": 392.3793640136719,
      "mid_mean": -25.681032180786133,
      "mid_to_side_loudness": -18.63048553466797,
      "mid_to_side_loudness_range": 10.933536529541016,
      "side_mean": -44.76915740966797
    },
    {
      "high_freq": 1457.5709228515625,
      "loudness": -30.573392868041992,
      "loudness_range": 14.892967224121094,
      "low_freq": 794.6976318359375,
      "mid_mean": -26.966140747070312,
      "mid_to_side_loudness": -19.946821212768555,
      "mid_to_side_loudness_range": 13.559439659118652,
      "side_mean": -47.796165466308594
    },
    {
      "high_freq": 2549.74365234375,
      "loudness": -28.288455963134766,
      "loudness_range": 15.088512420654297,
      "low_freq": 1457.5709228515625,
      "mid_mean": -24.62438201904297,
      "mid_to_side_loudness": -20.489974975585938,
      "mid_to_side_loudness_range": 18.541217803955078,
      "side_mean": -46.19379425048828
    },
    {
      "high_freq": 4349.24462890625,
      "loudness": -32.43549346923828,
      "loudness_range": 13.713933944702148,
      "low_freq": 2549.74365234375,
      "mid_mean": -28.754661560058594,
      "mid_to_side_loudness": -23.082576751708984,
      "mid_to_side_loudness_range": 23.646650314331055,
      "side_mean": -53.918704986572266
    },
    {
      "high_freq": 7314.1640625,
      "loudness": -49.9904670715332,
      "loudness_range": 19.577438354492188,
      "low_freq": 4349.24462890625,
      "mid_mean": -46.28054428100586,
      "mid_to_side_loudness": -28.938390731811523,
      "mid_to_side_loudness_range": 34.894439697265625,
      "side_mean": -68.31674194335938
    },
    {
      "high_freq": 12199.2666015625,
      "loudness": -63.623043060302734,
      "loudness_range": 10.368415832519531,
      "low_freq": 7314.1640625,
      "mid_mean": -60.0026969909668,
      "mid_to_side_loudness": -38.18590545654297,
      "mid_to_side_loudness_range": 64.17402648925781,
      "side_mean": -69.9830093383789
    },
    {
      "loudness": -70.85345458984375,
      "loudness_range": 1.0166549682617188,
      "low_freq": 12199.2666015625,
      "mid_mean": -65.35246276855469,
      "mid_to_side_loudness": -33.21887969970703,
      "mid_to_side_loudness_range": 39.512664794921875,
      "side_mean": -69.99488830566406
    }
  ],
  "bands_short": [
    {
      "high_freq": 148.1999969482422,
      "loudness": -44.80769729614258,
      "loudness_range": 26.964176177978516,
      "mid_mean": -41.19492721557617,
      "mid_to_side_loudness": -22.879562377929688,
      "mid_to_side_loudness_range": 22.166303634643555,
      "side_mean": -62.4445915222168
    },
    {
      "high_freq": 392.3793640136719,
      "loudness": -32.665767669677734,
      "loudness_range": 17.2437801361084,
      "low_freq": 148.1999969482422,
      "mid_mean": -29.450393676757812,
      "mid_to_side_loudness": -18.29737663269043,
      "mid_to_side_loudness_range": 16.106983184814453,
      "side_mean": -48.762962341308594
    },
    {
      "high_freq": 794.6976318359375,
      "loudness": -28.887975692749023,
      "loudness_range": 13.90444564819336,
      "low_freq": 392.3793640136719,
      "mid_mean": -25.355613708496094,
      "mid_to_side_loudness": -18.103134155273438,
      "mid_to_side_loudness_range": 16.58759307861328,
      "side_mean": -44.15760803222656
    },
    {
      "high_freq": 1457.5709228515625,
      "loudness": -30.60527229309082,
      "loudness_range": 15.893951416015625,
      "low_freq": 794.6976318359375,
      "mid_mean": -27.06614875793457,
      "mid_to_side_loudness": -19.26433563232422,
      "mid_to_side_loudness_range": 18.842256546020508,
      "side_mean": -47.4334602355957
    },
    {
      "high_freq": 2549.74365234375,
      "loudness": -28.77785301208496,
      "loudness_range": 15.754035949707031,
      "low_freq": 1457.5709228515625,
      "mid_mean": -25.14808464050293,
      "mid_to_side_loudness": -20.2657413482666,
      "mid_to_side_loudness_range": 20.401994705200195,
      "side_mean": -46.63898849487305
    },
    {
      "high_freq": 4349.24462890625,
      "loudness": -32.61174774169922,
      "loudness_range": 14.421871185302734,
      "low_freq": 2549.74365234375,
      "mid_mean": -28.935340881347656,
      "mid_to_side_loudness": -22.925506591796875,
      "mid_to_side_loudness_range": 24.22978973388672,
      "side_mean": -54.07081985473633
    },
    {
      "high_freq": 7314.1640625,
      "loudness": -50.237022399902344,
      "loudness_range": 19.921329498291016,
      "low_freq": 4349.24462890625,
      "mid_mean": -46.48844528198242,
      "mid_to_side_loudness": -27.71381187438965,
      "mid_to_side_loudness_range": 35.13831329345703,
      "side_mean": -68.34967041015625
    },
    {
      "high_freq": 12199.2666015625,
      "loudness": -63.71095657348633,
      "loudness_range": 10.543720245361328,
      "low_freq": 7314.1640625,
      "mid_mean": -60.10022735595703,
      "mid_to_side_loudness": -44.038352966308594,
      "mid_to_side_loudness_range": 65.16959381103516,
      "side_mean": -69.98258209228516
    },
    {
      "loudness": -70.79020690917969,
      "loudness_range": 1.613800048828125,
      "low_freq": 12199.2666015625,
      "mid_mean": -65.3277816772461,
      "mid_to_side_loudness": -37.65371322631836,
      "mid_to_side_loudness_range": 61.165802001953125,
      "side_mean": -69.99485778808594
    }
  ],
  "bandwidth": 885.041015625,
  "channels": 2,
  "covariance": [
    [
      74.54906463623047,
      52.22346115112305,
      37.62687301635742,
      39.983375549316406,
      8.664510726928711,
      10.120001792907715,
      -5.04923152923584,
      -4.161238670349121,
      -9.725193977355957,
      -9.927688598632812,
      -11.402487754821777,
      -10.006450653076172,
      -24.951976776123047,
      -10.621904373168945,
      -10.248052597045898,
      -0.08181719481945038,
      -0.6087399125099182,
      -0.002431518631055951
    ],
    [
      52.22346115112305,
      57.41401290893555,
      32.871952056884766,
      36.34714126586914,
      5.966736316680908,
      8.643397331237793,
      -6.54203462600708,
      -4.818300724029541,
      -9.290282249450684,
      -9.032743453979492,
      -9.615191459655762,
      1.905013084411621,
      -19.17574119567871,
      -6.709090709686279,
      -0.8575178980827332,
      -0.06257694959640503,
      2.6738855838775635,
      -0.02023163065314293
    ],
    [
      37.62687301635742,
      32.871952056884766,
      50.37705612182617,
      37.85504150390625,
      9.238118171691895,
      9.097744941711426,
      -2.4617042541503906,
      0.37206485867500305,
      -5.287621974945068,
      -1.1284379959106445,
      -4.0619940757751465,
      -2.894878625869751,
      -11.16892147064209,
      -5.315321445465088,
      -3.8394460678100586,
      -0.09183141589164734,
      0.10806047916412354,
      -0.006907388102263212
    ],
    [
      39.983375549316406,
      36.34714126586914,
      37.85504150390625,
      57.001365661621094,
      0.5833207964897156,
      5.9110565185546875,
      -7.905935764312744,
      -5.399811267852783,
      -6.69525671005249,
      -4.689094066619873,
      -9.73635482788086,
      -4.94326639175415,
      -16.956497192382812,
      -6.49977970123291,
      -5.6269659996032715,
      -0.10878291726112366,
      0.22504928708076477,
      -0.01048523560166359
    ],
    [
      8.664510726928711,
      5.966736316680908,
      9.238118171691895,
      0.5833207964897156,
      23.353578567504883,
      15.171517372131348,
      10.227202415466309,
      8.063983917236328,
      -1.3734595775604248,
      -1.759134292602539,
      2.9850873947143555,
      2.3600974082946777,
      -3.797971725463867,
      -2.312777280807495,
      -0.43163037300109863,
      -0.009730196557939053,
      0.3817679286003113,
      -0.004336990881711245
    ],
    [
      10.120001792907715,
      8.643397331237793,
      9.097744941711426,
      5.9110565185546875,
      15.171517372131348,
      19.308025360107422,
      5.750219821929932,
      6.211195945739746,
      -1.1763858795166016,
      -0.7060056328773499,
      1.6323554515838623,
      4.92624568939209,
      -4.816626071929932,
      -2.311278820037842,
      -0.014764385297894478,
      -0.017758989706635475,
      0.7117366194725037,
      -0.009400643408298492
    ],
    [
      -5.04923152923584,
      -6.54203462600708,
      -2.4617042541503906,
      -7.905935764312744,
      10.227202415466309,
      5.750219821929932,
      30.244775772094727,
      20.93695831298828,
      7.429690837860107,
      5.800693035125732,
      13.979757308959961,
      11.730462074279785,
      12.25051498413086,
      2.3223352432250977,
      7.850453853607178,
      0.05909546837210655,
      0.6717306971549988,
      -0.0005808508140034974
    ],
    [
      -4.161238670349121,
      -4.818300724029541,
      0.37206485867500305,
      -5.399811267852783,
      8.063983917236328,
      6.211195945739746,
      20.93695831298828,
      25.444982528686523,
      4.090821266174316,
      5.4316205978393555,
      8.614459991455078,
      10.697742462158203,
      7.971804618835449,
      2.317154884338379,
      7.015449047088623,
      0.0467819906771183,
      1.1448193788528442,
      -0.009475793689489365
    ],
    [
      -9.725193977355957,
      -9.290282249450684,
      -5.287621974945068,
      -6.69525671005249,
      -1.3734595775604248,
      -1.1763858795166016,
      7.429690837860107,
      4.090821266174316,
      28.226953506469727,
      24.67561149597168,
      17.10525131225586,
      13.387351036071777,
      24.678922653198242,
      5.99984073638916,
      11.256315231323242,
      0.04907134547829628,
      0.8862714767456055,
      0.00029066691058687866
    ],
    [
      -9.927688598632812,
      -9.032743453979492,
      -1.1284379959106445,
      -4.689094066619873,
      -1.759134292602539,
      -0.7060056328773499,
      5.800693035125732,
      5.4316205978393555,
      24.67561149597168,
      29.931201934814453,
      15.254796028137207,
      14.77813720703125,
      21.941679000854492,
      6.288822650909424,
      10.830541610717773,
      0.04254574701189995,
      1.1971435546875,
      -0.006392655894160271
    ],
    [
      -11.402487754821777,
      -9.615191459655762,
      -4.0619940757751465,
      -9.73635482788086,
      2.9850873947143555,
      1.6323554515838623,
      13.979757308959961,
      8.614459991455078,
      17.10525131225586,
      15.254796028137207,
      25.005708694458008,
      19.011287689208984,
      26.644594192504883,
      6.095231056213379,
      13.288939476013184,
      0.0781640112400055,
      0.925879716873169,
      -0.0006951094255782664
    ],
    [
      -10.006450653076172,
      1.905013084411621,
      -2.894878625869751,
      -4.94326639175415,
      2.3600974082946777,
      4.92624568939209,
      11.730462074279785,
      10.697742462158203,
      13.387351036071777,
      14.77813720703125,
      19.011287689208984,
      34.20301818847656,
      21.286972045898438,
      7.05465841293335,
      19.119958877563477,
      0.07508651167154312,
      4.831136226654053,
      -0.02200593799352646
    ],
    [
      -24.951976776123047,
      -19.17574119567871,
      -11.16892147064209,
      -16.956497192382812,
      -3.797971725463867,
      -4.816626071929932,
      12.25051498413086,
      7.971804618835449,
      24.678922653198242,
      21.941679000854492,
      26.644594192504883,
      21.286972045898438,
      44.15301513671875,
      11.804795265197754,
      18.770645141601562,
      0.10025351494550705,
      1.2671397924423218,
      -0.0006450298242270947
    ],
    [
      -10.621904373168945,
      -6.709090709686279,
      -5.315321445465088,
      -6.49977970123291,
      -2.312777280807495,
      -2.311278820037842,
      2.3223352432250977,
      2.317154884338379,
      5.99984073638916,
      6.288822650909424,
      6.095231056213379,
      7.05465841293335,
      11.804795265197754,
      5.631355285644531,
      6.4079694747924805,
      0.05098988115787506,
      0.7904325723648071,
      -0.0027702730149030685
    ],
    [
      -10.248052597045898,
      -0.8575178980827332,
      -3.8394460678100586,
      -5.6269659996032715,
      -0.43163037300109863,
      -0.014764385297894478,
      7.850453853607178,
      7.015449047088623,
      11.256315231323242,
      10.830541610717773,
      13.288939476013184,
      19.119958877563477,
      18.770645141601562,
      6.4079694747924805,
      15.86217212677002,
      0.06696201115846634,
      3.492109775543213,
      -0.017093028873205185
    ],
    [
      -0.08181719481945038,
      -0.06257694959640503,
      -0.09183141589164734,
      -0.10878291726112366,
      -0.009730196557939053,
      -0.017758989706635475,
      0.05909546837210655,
      0.0467819906771183,
      0.04907134547829628,
      0.04254574701189995,
      0.0781640112400055,
      0.07508651167154312,
      0.10025351494550705,
      0.05098988115787506,
      0.06696201115846634,
      0.0019859985914081335,
      0.004532845225185156,
      3.129072638330399e-06
    ],
    [
      -0.6087399125099182,
      2.6738855838775635,
      0.10806047916412354,
      0.22504928708076477,
      0.3817679286003113,
      0.7117366194725037,
      0.6717306971549988,
      1.1448193788528442,
      0.8862714767456055,
      1.1971435546875,
      0.925879716873169,
      4.831136226654053,
      1.2671397924423218,
      0.7904325723648071,
      3.492109775543213,
      0.004532845225185156,
      1.3925716876983643,
      -0.008027736097574234
    ],
    [
      -0.002431518631055951,
      -0.02023163065314293,
      -0.006907388102263212,
      -0.01048523560166359,
      -0.004336990881711245,
      -0.009400643408298492,
      -0.0005808508140034974,
      -0.009475793689489365,
      0.00029066691058687866,
      -0.006392655894160271,
      -0.0006951094255782664,
      -0.02200593799352646,
      -0.0006450298242270947,
      -0.0027702730149030685,
      -0.017093028873205185,
      3.129072638330399e-06,
      -0.008027736097574234,
      9.205711830873042e-05
    ]
  ],
  "covariance_short": [
    [
      78.60175323486328,
      39.11215591430664,
      38.37615966796875,
      34.90835189819336,
      15.422843933105469,
      15.179023742675781,
      -0.0723307877779007,
      0.46535971760749817,
      -6.477372169494629,
      -7.230926513671875,
      -6.99533224105835,
      -6.427424430847168,
      -19.65137481689453,
      -7.98447847366333,
      -7.1115875244140625,
      -0.05076529085636139,
      -0.4752800464630127,
      -0.0017854867037385702
    ],
    [
      39.11215591430664,
      44.153160095214844,
      28.047142028808594,
      28.528669357299805,
      10.357569694519043,
      11.494718551635742,
      -0.7361621260643005,
      0.48398280143737793,
      -4.018681526184082,
      -4.2732439041137695,
      -4.138731002807617,
      2.6599652767181396,
      -10.451008796691895,
      -3.985316514968872,
      0.7538784742355347,
      -0.03195486217737198,
      1.8570730686187744,
      -0.014046219177544117
    ],
    [
      38.37615966796875,
      28.047142028808594,
      53.592994689941406,
      37.448299407958984,
      14.633344650268555,
      13.099952697753906,
      -0.8885959386825562,
      3.4907052516937256,
      -3.824431896209717,
      -0.40124645829200745,
      -3.925740957260132,
      -3.0489609241485596,
      -9.861071586608887,
      -4.600008964538574,
      -2.9499058723449707,
      -0.07844295352697372,
      0.14167708158493042,
      -0.0077567994594573975
    ],
    [
      34.90835189819336,
      28.528669357299805,
      37.448299407958984,
      58.81515884399414,
      7.262655258178711,
      15.882037162780762,
      -5.987410545349121,
      -1.161080002784729,
      -4.372970104217529,
      -2.322861909866333,
      -8.986858367919922,
      -1.9475923776626587,
      -16.650053024291992,
      -6.336389541625977,
      -4.011487007141113,
      -0.08561461418867111,
      0.5937442183494568,
      -0.015006518922746181
    ],
    [
      15.422843933105469,
      10.357569694519043,
      14.633344650268555,
      7.262655258178711,
      29.7397403717041,
      15.373703956604004,
      7.435995101928711,
      6.149641990661621,
      -4.454905033111572,
      -3.713132619857788,
      -0.578199028968811,
      -0.10496651381254196,
      -7.663628578186035,
      -3.4948205947875977,
      -2.3607287406921387,
      -0.026792695745825768,
      0.18101750314235687,
      -0.0043778992258012295
    ],
    [
      15.179023742675781,
      11.494718551635742,
      13.099952697753906,
      15.882037162780762,
      15.373703956604004,
      25.49001693725586,
      2.412119150161743,
      3.465214490890503,
      -6.6835150718688965,
      -5.863973140716553,
      -4.015055179595947,
      0.2253604382276535,
      -11.748164176940918,
      -3.8421225547790527,
      -3.1664795875549316,
      -0.03563874587416649,
      0.38730865716934204,
      -0.00884814653545618
    ],
    [
      -0.0723307877779007,
      -0.7361621260643005,
      -0.8885959386825562,
      -5.987410545349121,
      7.435995101928711,
      2.412119150161743,
      34.03410339355469,
      18.746095657348633,
      7.219286918640137,
      5.596148490905762,
      13.997477531433105,
      10.958169937133789,
      12.264841079711914,
      1.724568486213684,
      7.3289008140563965,
      0.0526215024292469,
      0.6939708590507507,
      -0.00015791822806932032
    ],
    [
      0.46535971760749817,
      0.48398280143737793,
      3.4907052516937256,
      -1.161080002784729,
      6.149641990661621,
      3.465214490890503,
      18.746095657348633,
      27.852741241455078,
      5.053770542144775,
      6.197204113006592,
      8.07398509979248,
      9.861063003540039,
      7.80891752243042,
      1.6022231578826904,
      6.183905601501465,
      0.03298239782452583,
      1.0403525829315186,
      -0.009045581333339214
    ],
    [
      -6.477372169494629,
      -4.018681526184082,
      -3.824431896209717,
      -4.372970104217529,
      -4.454905033111572,
      -6.6835150718688965,
      7.219286918640137,
      5.053770542144775,
      31.994606018066406,
      23.980239868164062,
      16.865989685058594,
      12.812503814697266,
      24.901948928833008,
      5.483137130737305,
      11.21088695526123,
      0.045142319053411484,
      0.8866726160049438,
      0.0009243374806828797
    ],
    [
      -7.230926513671875,
      -4.2732439041137695,
      -0.40124645829200745,
      -2.322861909866333,
      -3.713132619857788,
      -5.863973140716553,
      5.596148490905762,
      6.197204113006592,
      23.980239868164062,
      32.984344482421875,
      14.668290138244629,
      14.497183799743652,
      21.281999588012695,
      5.846210479736328,
      10.25066089630127,
      0.04043295979499817,
      1.1760609149932861,
      -0.006250401493161917
    ],
    [
      -6.99533224105835,
      -4.138731002807617,
      -3.925740957260132,
      -8.986858367919922,
      -0.578199028968811,
      -4.015055179595947,
      13.997477531433105,
      8.07398509979248,
      16.865989685058594,
      14.668290138244629,
      27.36334228515625,
      17.69812774658203,
      26.65446662902832,
      5.647113800048828,
      13.332759857177734,
      0.08068429678678513,
      0.9487888216972351,
      0.00014587523764930665
    ],
    [
      -6.427424430847168,
      2.6599652767181396,
      -3.0489609241485596,
      -1.9475923776626587,
      -0.10496651381254196,
      0.2253604382276535,
      10.958169937133789,
      9.861063003540039,
      12.812503814697266,
      14.497183799743652,
      17.69812774658203,
      35.65349197387695,
      20.18662452697754,
      6.640993595123291,
      18.25933074951172,
      0.07780793309211731,
      4.763154983520508,
      -0.022843971848487854
    ],
    [
      -19.65137481689453,
      -10.451008796691895,
      -9.861071586608887,
      -16.650053024291992,
      -7.663628578186035,
      -11.748164176940918,
      12.264841079711914,
      7.80891752243042,
      24.901948928833008,
      21.281999588012695,
      26.65446662902832,
      20.18662452697754,
      46.09601974487305,
      10.857964515686035,
      18.59929656982422,
      0.10075884312391281,
      1.2241010665893555,
      0.0002011199394473806
    ],
    [
      -7.98447847366333,
      -3.985316514968872,
      -4.600008964538574,
      -6.336389541625977,
      -3.4948205947875977,
      -3.8421225547790527,
      1.724568486213684,
      1.6022231578826904,
      5.483137130737305,
      5.846210479736328,
      5.647113800048828,
      6.640993595123291,
      10.857964515686035,
      5.840224266052246,
      5.813789367675781,
      0.05258334055542946,
      0.7529306411743164,
      -0.0028724006842821836
    ],
    [
      -7.1115875244140625,
      0.7538784742355347,
      -2.9499058723449707,
      -4.011487007141113,
      -2.3607287406921387,
      -3.1664795875549316,
      7.3289008140563965,
      6.183905601501465,
      11.21088695526123,
      10.25066089630127,
      13.332759857177734,
      18.25933074951172,
      18.59929656982422,
      5.813789367675781,
      16.291044235229492,
      0.062427617609500885,
      3.524845600128174,
      -0.017267268151044846
    ],
    [
      -0.05076529085636139,
      -0.03195486217737198,
      -0.07844295352697372,
      -0.08561461418867111,
      -0.026792695745825768,
      -0.03563874587416649,
      0.0526215024292469,
      0.03298239782452583,
      0.045142319053411484,
      0.04043295979499817,
      0.08068429678678513,
      0.07780793309211731,
      0.10075884312391281,
      0.05258334055542946,
      0.062427617609500885,
      0.0023875387851148844,
      0.0044477554038167,
      5.561340913118329e-06
    ],
    [
      -0.4752800464630127,
      1.8570730686187744,
      0.14167708158493042,
      0.5937442183494568,
      0.18101750314235687,
      0.38730865716934204,
      0.6939708590507507,
      1.0403525829315186,
      0.8866726160049438,
      1.1760609149932861,
      0.9487888216972351,
      4.763154983520508,
      1.2241010665893555,
      0.7529306411743164,
      3.524845600128174,
      0.0044477554038167,
      1.4828780889511108,
      -0.00828439649194479
    ],
    [
      -0.0017854867037385702,
      -0.014046219177544117,
      -0.0077567994594573975,
      -0.015006518922746181,
      -0.0043778992258012295,
      -0.00884814653545618,
      -0.00015791822806932032,
      -0.009045581333339214,
      0.0009243374806828797,
      -0.006250401493161917,
      0.00014587523764930665,
      -0.022843971848487854,
      0.0002011199394473806,
      -0.0028724006842821836,
      -0.017267268151044846,
      5.561340913118329e-06,
      -0.00828439649194479,
      0.00012362250708974898
    ]
  ],
  "damage": -12.338149070739746,
  "diff_bandwidth": 939.1394653320312,
  "dissonance": 5.823157988863487,
  "drr": 6.541755199432373,
  "dynamics": 2.7970523834228516,
  "format": 1245190,
  "frames": 4728768,
  "loudness": -17.923847198486328,
  "loudness_range": 7.508880615234375,
  "loudness_range_short": 8.270519256591797,
  "lowpass_true_peak_15khz": -7.6262736320495605,
  "mastering3_acoustic_entropies": [
    {
      "acoustic_entropy": 11.502025604248047,
      "acoustic_entropy_mono": 11.503819465637207,
      "band_eliminated_acoustic_entropies": [
        {
          "acoustic_entropy": 11.503841400146484,
          "acoustic_entropy_side": 11.50202465057373,
          "hz": 129.47220167065723
        },
        {
          "acoustic_entropy": 11.431571006774902,
          "acoustic_entropy_side": 11.502017974853516,
          "hz": 202.92927478742237
        },
        {
          "acoustic_entropy": 11.478830337524414,
          "acoustic_entropy_side": 11.501867294311523,
          "hz": 282.89161906338205
        },
        {
          "acoustic_entropy": 11.581131935119629,
          "acoustic_entropy_side": 11.502328872680664,
          "hz": 369.9353335868758
        },
        {
          "acoustic_entropy": 10.994277954101562,
          "acoustic_entropy_side": 11.500227928161621,
          "hz": 464.6875360973435
        },
        {
          "acoustic_entropy": 11.756369590759277,
          "acoustic_entropy_side": 11.502017974853516,
          "hz": 567.8308811364784
        },
        {
          "acoustic_entropy": 11.270981788635254,
          "acoustic_entropy_side": 11.502924919128418,
          "hz": 680.1084783214808
        },
        {
          "acoustic_entropy": 10.890979766845703,
          "acoustic_entropy_side": 11.505600929260254,
          "hz": 802.3292461747484
        },
        {
          "acoustic_entropy": 10.39948844909668,
          "acoustic_entropy_side": 11.500344276428223,
          "hz": 935.3737400823702
        },
        {
          "acoustic_entropy": 10.647883415222168,
          "acoustic_entropy_side": 11.495342254638672,
          "hz": 1080.2004963696966
        },
        {
          "acoustic_entropy": 11.379559516906738,
          "acoustic_entropy_side": 11.502151489257812,
          "hz": 1237.8529382007157
        },
        {
          "acoustic_entropy": 11.431400299072266,
          "acoustic_entropy_side": 11.49685001373291,
          "hz": 1409.4668930556702
        },
        {
          "acoustic_entropy": 10.682873725891113,
          "acoustic_entropy_side": 11.507655143737793,
          "hz": 1596.2787759475705
        },
        {
          "acoustic_entropy": 11.367840766906738,
          "acoustic_entropy_side": 11.507084846496582,
          "hz": 1799.6344973346393
        },
        {
          "acoustic_entropy": 10.907456398010254,
          "acoustic_entropy_side": 11.502907752990723,
          "hz": 2020.9991599069049
        },
        {
          "acoustic_entropy": 10.984538078308105,
          "acoustic_entropy_side": 11.507641792297363,
          "hz": 2261.9676141086993
        },
        {
          "acoustic_entropy": 11.148469924926758,
          "acoustic_entropy_side": 11.502973556518555,
          "hz": 2524.2759484456974
        },
        {
          "acoustic_entropy": 11.102059364318848,
          "acoustic_entropy_side": 11.501212120056152,
          "hz": 2809.813997359896
        },
        {
          "acoustic_entropy": 11.352927207946777,
          "acoustic_entropy_side": 11.50331974029541,
          "hz": 3120.6389567871424
        },
        {
          "acoustic_entropy": 11.159402847290039,
          "acoustic_entropy_side": 11.502140045166016,
          "hz": 3458.990205492291
        },
        {
          "acoustic_entropy": 10.863438606262207,
          "acoustic_entropy_side": 11.50206184387207,
          "hz": 3827.305438964164
        },
        {
          "acoustic_entropy": 11.511276245117188,
          "acoustic_entropy_side": 11.502034187316895,
          "hz": 4228.238232109126
        },
        {
          "acoustic_entropy": 11.430177688598633,
          "acoustic_entropy_side": 11.502026557922363,
          "hz": 4664.6771572759235
        },
        {
          "acoustic_entropy": 11.482397079467773,
          "acoustic_entropy_side": 11.502025604248047,
          "hz": 5139.766595350093
        },
        {
          "acoustic_entropy": 11.509696006774902,
          "acoustic_entropy_side": 11.502025604248047,
          "hz": 5656.929389854203
        },
        {
          "acoustic_entropy": 11.506754875183105,
          "acoustic_entropy_side": 11.502025604248047,
          "hz": 6219.891507268283
        },
        {
          "acoustic_entropy": 11.50163459777832,
          "acoustic_entropy_side": 11.502025604248047,
          "hz": 6832.70888123896
        },
        {
          "acoustic_entropy": 11.503786087036133,
          "acoustic_entropy_side": 11.502025604248047,
          "hz": 7499.796634079867
        },
        {
          "acoustic_entropy": 11.502318382263184,
          "acoustic_entropy_side": 11.502025604248047,
          "hz": 8225.96088609342
        },
        {
          "acoustic_entropy": 11.502033233642578,
          "acoustic_entropy_side": 11.502025604248047,
          "hz": 9016.43338188839
        },
        {
          "acoustic_entropy": 11.502026557922363,
          "acoustic_entropy_side": 11.502025604248047,
          "hz": 9876.909183162974
        },
        {
          "acoustic_entropy": 11.502026557922363,
          "acoustic_entropy_side": 11.502025604248047,
          "hz": 10813.587699516042
        },
        {
          "acoustic_entropy": 11.50202465057373,
          "acoustic_entropy_side": 11.502025604248047,
          "hz": 11833.21735289826
        },
        {
          "acoustic_entropy": 11.50202465057373,
          "acoustic_entropy_side": 11.502025604248047,
          "hz": 12943.144197493959
        },
        {
          "acoustic_entropy": 11.502025604248047,
          "acoustic_entropy_side": 11.502025604248047,
          "hz": 14151.364845322005
        },
        {
          "acoustic_entropy": 11.502025604248047,
          "acoustic_entropy_side": 11.502025604248047,
          "hz": 15466.58407886509
        },
        {
          "acoustic_entropy": 11.502025604248047,
          "acoustic_entropy_side": 11.502025604248047,
          "hz": 16898.27756580493
        },
        {
          "acoustic_entropy": 11.502025604248047,
          "acoustic_entropy_side": 11.502025604248047,
          "hz": 18456.760127700032
        },
        {
          "acoustic_entropy": 11.502025604248047,
          "acoustic_entropy_side": 11.502025604248047,
          "hz": 20153.260054456492
        },
        {
          "acoustic_entropy": 11.502025604248047,
          "acoustic_entropy_side": 11.502025604248047,
          "hz": 22000.00000000001
        }
      ],
      "diff_acoustic_entropy": 3.3359129428863525,
      "sn": 6
    },
    {
      "acoustic_entropy": 15.23218822479248,
      "acoustic_entropy_mono": 15.248318672180176,
      "band_eliminated_acoustic_entropies": [
        {
          "acoustic_entropy": 15.214325904846191,
          "acoustic_entropy_side": 15.232184410095215,
          "hz": 129.47220167065723
        },
        {
          "acoustic_entropy": 14.291777610778809,
          "acoustic_entropy_side": 15.23216724395752,
          "hz": 202.92927478742237
        },
        {
          "acoustic_entropy": 15.552050590515137,
          "acoustic_entropy_side": 15.22987174987793,
          "hz": 282.89161906338205
        },
        {
          "acoustic_entropy": 14.949729919433594,
          "acoustic_entropy_side": 15.232582092285156,
          "hz": 369.9353335868758
        },
        {
          "acoustic_entropy": 15.274452209472656,
          "acoustic_entropy_side": 15.263765335083008,
          "hz": 464.6875360973435
        },
        {
          "acoustic_entropy": 15.980850219726562,
          "acoustic_entropy_side": 15.222859382629395,
          "hz": 567.8308811364784
        },
        {
          "acoustic_entropy": 16.518949508666992,
          "acoustic_entropy_side": 15.235774040222168,
          "hz": 680.1084783214808
        },
        {
          "acoustic_entropy": 16.06460952758789,
          "acoustic_entropy_side": 15.219340324401855,
          "hz": 802.3292461747484
        },
        {
          "acoustic_entropy": 14.954702377319336,
          "acoustic_entropy_side": 15.25732421875,
          "hz": 935.3737400823702
        },
        {
          "acoustic_entropy": 13.942535400390625,
          "acoustic_entropy_side": 15.231698989868164,
          "hz": 1080.2004963696966
        },
        {
          "acoustic_entropy": 14.372370719909668,
          "acoustic_entropy_side": 15.2324857711792,
          "hz": 1237.8529382007157
        },
        {
          "acoustic_entropy": 15.532880783081055,
          "acoustic_entropy_side": 15.232112884521484,
          "hz": 1409.4668930556702
        },
        {
          "acoustic_entropy": 15.01548957824707,
          "acoustic_entropy_side": 15.224224090576172,
          "hz": 1596.2787759475705
        },
        {
          "acoustic_entropy": 14.730025291442871,
          "acoustic_entropy_side": 15.260527610778809,
          "hz": 1799.6344973346393
        },
        {
          "acoustic_entropy": 15.474987030029297,
          "acoustic_entropy_side": 15.236648559570312,
          "hz": 2020.9991599069049
        },
        {
          "acoustic_entropy": 14.997053146362305,
          "acoustic_entropy_side": 15.226616859436035,
          "hz": 2261.9676141086993
        },
        {
          "acoustic_entropy": 15.732945442199707,
          "acoustic_entropy_side": 15.243409156799316,
          "hz": 2524.2759484456974
        },
        {
          "acoustic_entropy": 15.633602142333984,
          "acoustic_entropy_side": 15.23203182220459,
          "hz": 2809.813997359896
        },
        {
          "acoustic_entropy": 15.954744338989258,
          "acoustic_entropy_side": 15.243266105651855,
          "hz": 3120.6389567871424
        },
        {
          "acoustic_entropy": 15.494291305541992,
          "acoustic_entropy_side": 15.231823921203613,
          "hz": 3458.990205492291
        },
        {
          "acoustic_entropy": 15.083276748657227,
          "acoustic_entropy_side": 15.231921195983887,
          "hz": 3827.305438964164
        },
        {
          "acoustic_entropy": 14.799816131591797,
          "acoustic_entropy_side": 15.23241138458252,
          "hz": 4228.238232109126
        },
        {
          "acoustic_entropy": 15.559024810791016,
          "acoustic_entropy_side": 15.232176780700684,
          "hz": 4664.6771572759235
        },
        {
          "acoustic_entropy": 15.134836196899414,
          "acoustic_entropy_side": 15.232192993164062,
          "hz": 5139.766595350093
        },
        {
          "acoustic_entropy": 15.252532958984375,
          "acoustic_entropy_side": 15.232189178466797,
          "hz": 5656.929389854203
        },
        {
          "acoustic_entropy": 15.268660545349121,
          "acoustic_entropy_side": 15.23218822479248,
          "hz": 6219.891507268283
        },
        {
          "acoustic_entropy": 15.217143058776855,
          "acoustic_entropy_side": 15.23218822479248,
          "hz": 6832.70888123896
        },
        {
          "acoustic_entropy": 15.230891227722168,
          "acoustic_entropy_side": 15.23218822479248,
          "hz": 7499.796634079867
        },
        {
          "acoustic_entropy": 15.23237133026123,
          "acoustic_entropy_side": 15.23218822479248,
          "hz": 8225.96088609342
        },
        {
          "acoustic_entropy": 15.232062339782715,
          "acoustic_entropy_side": 15.23218822479248,
          "hz": 9016.43338188839
        },
        {
          "acoustic_entropy": 15.23216438293457,
          "acoustic_entropy_side": 15.23218822479248,
          "hz": 9876.909183162974
        },
        {
          "acoustic_entropy": 15.23218059539795,
          "acoustic_entropy_side": 15.23218822479248,
          "hz": 10813.587699516042
        },
        {
          "acoustic_entropy": 15.232187271118164,
          "acoustic_entropy_side": 15.23218822479248,
          "hz": 11833.21735289826
        },
        {
          "acoustic_entropy": 15.23218822479248,
          "acoustic_entropy_side": 15.23218822479248,
          "hz": 12943.144197493959
        },
        {
          "acoustic_entropy": 15.23218822479248,
          "acoustic_entropy_side": 15.23218822479248,
          "hz": 14151.364845322005
        },
        {
          "acoustic_entropy": 15.23218822479248,
          "acoustic_entropy_side": 15.23218822479248,
          "hz": 15466.58407886509
        },
        {
          "acoustic_entropy": 15.23218822479248,
          "acoustic_entropy_side": 15.23218822479248,
          "hz": 16898.27756580493
        },
        {
          "acoustic_entropy": 15.23218822479248,
          "acoustic_entropy_side": 15.23218822479248,
          "hz": 18456.760127700032
        },
        {
          "acoustic_entropy": 15.23218822479248,
          "acoustic_entropy_side": 15.23218822479248,
          "hz": 20153.260054456492
        },
        {
          "acoustic_entropy": 15.23218822479248,
          "acoustic_entropy_side": 15.23218822479248,
          "hz": 22000.00000000001
        }
      ],
      "diff_acoustic_entropy": 4.692615985870361,
      "sn": 12
    },
    {
      "acoustic_entropy": 20.249677658081055,
      "acoustic_entropy_mono": 20.61621856689453,
      "band_eliminated_acoustic_entropies": [
        {
          "acoustic_entropy": 20.528261184692383,
          "acoustic_entropy_side": 20.248706817626953,
          "hz": 129.47220167065723
        },
        {
          "acoustic_entropy": 20.515445709228516,
          "acoustic_entropy_side": 20.241928100585938,
          "hz": 202.92927478742237
        },
        {
          "acoustic_entropy": 20.3814697265625,
          "acoustic_entropy_side": 20.215641021728516,
          "hz": 282.89161906338205
        },
        {
          "acoustic_entropy": 20.592708587646484,
          "acoustic_entropy_side": 20.817760467529297,
          "hz": 369.9353335868758
        },
        {
          "acoustic_entropy": 19.659297943115234,
          "acoustic_entropy_side": 19.759716033935547,
          "hz": 464.6875360973435
        },
        {
          "acoustic_entropy": 21.347082138061523,
          "acoustic_entropy_side": 20.100717544555664,
          "hz": 567.8308811364784
        },
        {
          "acoustic_entropy": 20.890233993530273,
          "acoustic_entropy_side": 20.750751495361328,
          "hz": 680.1084783214808
        },
        {
          "acoustic_entropy": 20.352645874023438,
          "acoustic_entropy_side": 19.880983352661133,
          "hz": 802.3292461747484
        },
        {
          "acoustic_entropy": 19.609886169433594,
          "acoustic_entropy_side": 19.709915161132812,
          "hz": 935.3737400823702
        },
        {
          "acoustic_entropy": 19.598167419433594,
          "acoustic_entropy_side": 19.888174057006836,
          "hz": 1080.2004963696966
        },
        {
          "acoustic_entropy": 20.60784912109375,
          "acoustic_entropy_side": 20.553560256958008,
          "hz": 1237.8529382007157
        },
        {
          "acoustic_entropy": 21.33353042602539,
          "acoustic_entropy_side": 20.74104118347168,
          "hz": 1409.4668930556702
        },
        {
          "acoustic_entropy": 20.150997161865234,
          "acoustic_entropy_side": 20.193321228027344,
          "hz": 1596.2787759475705
        },
        {
          "acoustic_entropy": 19.655048370361328,
          "acoustic_entropy_side": 21.08468246459961,
          "hz": 1799.6344973346393
        },
        {
          "acoustic_entropy": 19.70766830444336,
