{
  "acoustic_entropy": 185.82313537597656,
  "bands": [
    {
      "high_freq": 148.1999969482422,
      "loudness": -18.409141540527344,
      "loudness_range": 6.245577812194824,
      "mid_mean": -14.79409408569336,
      "mid_to_side_loudness": -22.87777328491211,
      "mid_to_side_loudness_range": 15.28496265411377,
      "side_mean": -38.50791931152344
    },
    {
      "high_freq": 392.3793640136719,
      "loudness": -18.210987091064453,
      "loudness_range": 7.347450256347656,
      "low_freq": 148.1999969482422,
      "mid_mean": -15.083045959472656,
      "mid_to_side_loudness": -11.153277397155762,
      "mid_to_side_loudness_range": 10.458097457885742,
      "side_mean": -26.28219985961914
    },
    {
      "high_freq": 794.6976318359375,
      "loudness": -19.810001373291016,
      "loudness_range": 11.035821914672852,
      "low_freq": 392.3793640136719,
      "mid_mean": -16.84837532043457,
      "mid_to_side_loudness": -8.437460899353027,
      "mid_to_side_loudness_range": 10.756021499633789,
      "side_mean": -25.412273406982422
    },
    {
      "high_freq": 1457.5709228515625,
      "loudness": -20.89153480529785,
      "loudness_range": 11.353216171264648,
      "low_freq": 794.6976318359375,
      "mid_mean": -18.271081924438477,
      "mid_to_side_loudness": -6.789958477020264,
      "mid_to_side_loudness_range": 10.923280715942383,
      "side_mean": -25.473642349243164
    },
    {
      "high_freq": 2549.74365234375,
      "loudness": -22.739665985107422,
      "loudness_range": 11.902582168579102,
      "low_freq": 1457.5709228515625,
      "mid_mean": -20.24445343017578,
      "mid_to_side_loudness": -6.481936454772949,
      "mid_to_side_loudness_range": 9.901895523071289,
      "side_mean": -26.79157066345215
    },
    {
      "high_freq": 4349.24462890625,
      "loudness": -24.146217346191406,
      "loudness_range": 10.916351318359375,
      "low_freq": 2549.74365234375,
      "mid_mean": -21.361371994018555,
      "mid_to_side_loudness": -7.449579238891602,
      "mid_to_side_loudness_range": 11.001409530639648,
      "side_mean": -29.28604507446289
    },
    {
      "high_freq": 7314.1640625,
      "loudness": -28.8177490234375,
      "loudness_range": 11.244991302490234,
      "low_freq": 4349.24462890625,
      "mid_mean": -25.703487396240234,
      "mid_to_side_loudness": -10.008489608764648,
      "mid_to_side_loudness_range": 9.212295532226562,
      "side_mean": -36.03553009033203
    },
    {
      "high_freq": 12199.2666015625,
      "loudness": -31.140888214111328,
      "loudness_range": 10.83738899230957,
      "low_freq": 7314.1640625,
      "mid_mean": -27.844982147216797,
      "mid_to_side_loudness": -11.778202056884766,
      "mid_to_side_loudness_range": 7.994658946990967,
      "side_mean": -39.92792892456055
    },
    {
      "loudness": -38.77937316894531,
      "loudness_range": 9.386333465576172,
      "low_freq": 12199.2666015625,
      "mid_mean": -35.38899230957031,
      "mid_to_side_loudness": -12.406533241271973,
      "mid_to_side_loudness_range": 9.729352951049805,
      "side_mean": -49.379364013671875
    }
  ],
  "bands_short": [
    {
      "high_freq": 148.1999969482422,
      "loudness": -20.843280792236328,
      "loudness_range": 12.988097190856934,
      "mid_mean": -17.2613525390625,
      "mid_to_side_loudness": -24.2091007232666,
      "mid_to_side_loudness_range": 21.36515998840332,
      "side_mean": -42.43576431274414
    },
    {
      "high_freq": 392.3793640136719,
      "loudness": -17.667430877685547,
      "loudness_range": 9.156963348388672,
      "low_freq": 148.1999969482422,
      "mid_mean": -14.50623607635498,
      "mid_to_side_loudness": -12.143614768981934,
      "mid_to_side_loudness_range": 12.452689170837402,
      "side_mean": -26.64327049255371
    },
    {
      "high_freq": 794.6976318359375,
      "loudness": -20.625890731811523,
      "loudness_range": 13.725640296936035,
      "low_freq": 392.3793640136719,
      "mid_mean": -17.848392486572266,
      "mid_to_side_loudness": -8.250359535217285,
      "mid_to_side_loudness_range": 12.757935523986816,
      "side_mean": -26.186552047729492
    },
    {
      "high_freq": 1457.5709228515625,
      "loudness": -21.072845458984375,
      "loudness_range": 13.446843147277832,
      "low_freq": 794.6976318359375,
      "mid_mean": -18.590354919433594,
      "mid_to_side_loudness": -6.54129695892334,
      "mid_to_side_loudness_range": 12.703189849853516,
      "side_mean": -25.460723876953125
    },
    {
      "high_freq": 2549.74365234375,
      "loudness": -23.291873931884766,
      "loudness_range": 14.542802810668945,
      "low_freq": 1457.5709228515625,
      "mid_mean": -20.9508056640625,
      "mid_to_side_loudness": -6.35145378112793,
      "mid_to_side_loudness_range": 12.008028030395508,
      "side_mean": -27.331634521484375
    },
    {
      "high_freq": 4349.24462890625,
      "loudness": -24.57131004333496,
      "loudness_range": 13.651788711547852,
      "low_freq": 2549.74365234375,
      "mid_mean": -21.86075782775879,
      "mid_to_side_loudness": -7.253480434417725,
      "mid_to_side_loudness_range": 12.241942405700684,
      "side_mean": -29.586217880249023
    },
    {
      "high_freq": 7314.1640625,
      "loudness": -29.51727867126465,
      "loudness_range": 15.128213882446289,
      "low_freq": 4349.24462890625,
      "mid_mean": -26.4559383392334,
      "mid_to_side_loudness": -9.607276916503906,
      "mid_to_side_loudness_range": 9.935709953308105,
      "side_mean": -36.41243362426758
    },
    {
      "high_freq": 12199.2666015625,
      "loudness": -32.178531646728516,
      "loudness_range": 14.434249877929688,
      "low_freq": 7314.1640625,
      "mid_mean": -29.059669494628906,
      "mid_to_side_loudness": -11.267075538635254,
      "mid_to_side_loudness_range": 8.760772705078125,
      "side_mean": -40.65834045410156
    },
    {
      "loudness": -40.93373489379883,
      "loudness_range": 17.40479850769043,
      "low_freq": 12199.2666015625,
      "mid_mean": -37.68730545043945,
      "mid_to_side_loudness": -12.292638778686523,
      "mid_to_side_loudness_range": 12.201257705688477,
      "side_mean": -52.191001892089844
    }
  ],
  "bandwidth": 582.8982543945312,
  "channels": 2,
  "covariance": [
    [
      15.275300979614258,
      10.641737937927246,
      7.894155979156494,
      4.698299884796143,
      9.567933082580566,
      7.239306449890137,
      5.633257865905762,
      3.800436496734619,
      7.704473972320557,
      6.354915142059326,
      7.378673553466797,
      5.0945916175842285,
      12.585368156433105,
      10.976176261901855,
      8.02169132232666,
      7.268734931945801,
      5.610481262207031,
      11.35466480255127
    ],
    [
      10.641737937927246,
      33.521080017089844,
      6.0255303382873535,
      8.10092830657959,
      6.437239646911621,
      7.2473530769348145,
      4.371057510375977,
      6.08550500869751,
      9.478272438049316,
      10.115857124328613,
      4.948149681091309,
      8.64935302734375,
      10.1752290725708,
      11.157366752624512,
      4.272275924682617,
      5.976918697357178,
      2.166548490524292,
      15.889763832092285
    ],
    [
      7.894155979156494,
      6.0255303382873535,
      19.093225479125977,
      8.650819778442383,
      8.868696212768555,
      7.805288314819336,
      6.4607625007629395,
      8.614903450012207,
      11.07254409790039,
      8.2327880859375,
      4.6406145095825195,
      2.6126725673675537,
      14.835129737854004,
      13.100407600402832,
      12.870329856872559,
      10.714848518371582,
      10.009407043457031,
      10.94858455657959
    ],
    [
      4.698299884796143,
      8.10092830657959,
      8.650819778442383,
      16.550819396972656,
      8.15459156036377,
      11.970128059387207,
      5.627654075622559,
      10.911992073059082,
      10.140027046203613,
      13.476465225219727,
      5.794793128967285,
      10.53098201751709,
      10.965389251708984,
      12.613020896911621,
      7.758941650390625,
      9.23897647857666,
      6.535869598388672,
      10.45928955078125
    ],
    [
      9.567933082580566,
      6.437239646911621,
      8.868696212768555,
      8.15459156036377,
      22.864887237548828,
      18.206615447998047,
      14.644803047180176,
      14.03174114227295,
      15.8636474609375,
      17.272274017333984,
      14.090986251831055,
      17.1099796295166,
      17.0903263092041,
      16.62704849243164,
      13.693620681762695,
      12.73757553100586,
      11.9976224899292,
      21.070964813232422
    ],
    [
      7.239306449890137,
      7.2473530769348145,
      7.805288314819336,
      11.970128059387207,
      18.206615447998047,
      28.882125854492188,
      12.242605209350586,
      20.726972579956055,
      14.460067749023438,
      24.06145477294922,
      16.527667999267578,
      24.504972457885742,
      16.471920013427734,
      20.856689453125,
      12.709172248840332,
      16.155323028564453,
      11.257669448852539,
      19.891286849975586
    ],
    [
      5.633257865905762,
      4.371057510375977,
      6.4607625007629395,
      5.627654075622559,
      14.644803047180176,
      12.242605209350586,
      21.87987518310547,
      16.58230972290039,
      15.088299751281738,
      15.855295181274414,
      9.517565727233887,
      12.565314292907715,
      13.735925674438477,
      14.231133460998535,
      12.931617736816406,
      12.673802375793457,
      11.211864471435547,
      14.261675834655762
    ],
    [
      3.800436496734619,
      6.08550500869751,
      8.614903450012207,
      10.911992073059082,
      14.03174114227295,
      20.726972579956055,
      16.58230972290039,
      31.776199340820312,
      17.82724952697754,
      25.987369537353516,
      12.27178955078125,
      22.124462127685547,
      15.721379280090332,
      19.93675994873047,
      14.951898574829102,
      17.23634147644043,
      12.075133323669434,
      15.096280097961426
    ],
    [
      7.704473972320557,
      9.478272438049316,
      11.07254409790039,
      10.140027046203613,
      15.8636474609375,
      14.460067749023438,
      15.088299751281738,
      17.82724952697754,
      27.319591522216797,
      24.604209899902344,
      12.741145133972168,
      18.209056854248047,
      20.905319213867188,
      21.01565933227539,
      16.62372398376465,
      17.42192268371582,
      13.671030044555664,
      20.042274475097656
    ],
    [
      6.354915142059326,
      10.115857124328613,
      8.2327880859375,
      13.476465225219727,
      17.272274017333984,
      24.06145477294922,
      15.855295181274414,
      25.987369537353516,
      24.604209899902344,
      38.16185760498047,
      14.473959922790527,
      28.312393188476562,
      20.48116683959961,
      25.19269561767578,
      15.626323699951172,
      19.56121826171875,
      12.79538345336914,
      21.86131477355957
    ],
    [
      7.378673553466797,
      4.948149681091309,
      4.6406145095825195,
      5.794793128967285,
      14.090986251831055,
      16.527667999267578,
      9.517565727233887,
      12.27178955078125,
      12.741145133972168,
      14.473959922790527,
      26.660682678222656,
      21.958189010620117,
      18.939781188964844,
      18.794700622558594,
      15.584578514099121,
      17.462751388549805,
      14.034807205200195,
      17.810802459716797
    ],
    [
      5.0945916175842285,
      8.64935302734375,
      2.6126725673675537,
      10.53098201751709,
      17.1099796295166,
      24.504972457885742,
      12.565314292907715,
      22.124462127685547,
      18.209056854248047,
      28.312393188476562,
      21.958189010620117,
      38.54172897338867,
      16.09524917602539,
      22.789308547973633,
      13.857117652893066,
      19.723451614379883,
      12.451800346374512,
      22.61041831970215
    ],
    [
      12.585368156433105,
      10.1752290725708,
      14.835129737854004,
      10.965389251708984,
      17.0903263092041,
      16.471920013427734,
      13.735925674438477,
      15.721379280090332,
      20.905319213867188,
      20.48116683959961,
      18.939781188964844,
      16.09524917602539,
      34.82621765136719,
      28.63557243347168,
      25.574748992919922,
      24.63957977294922,
      19.52581024169922,
      21.83199691772461
    ],
    [
      10.976176261901855,
      11.157366752624512,
      13.100407600402832,
      12.613020896911621,
      16.62704849243164,
      20.856689453125,
      14.231133460998535,
      19.93675994873047,
      21.01565933227539,
      25.19269561767578,
      18.794700622558594,
      22.789308547973633,
      28.63557243347168,
      33.971351623535156,
      22.83330535888672,
      27.47228240966797,
      17.14503288269043,
      22.52724838256836
    ],
    [
      8.02169132232666,
      4.272275924682617,
      12.870329856872559,
      7.758941650390625,
      13.693620681762695,
      12.709172248840332,
      12.931617736816406,
      14.951898574829102,
      16.62372398376465,
      15.626323699951172,
      15.584578514099121,
      13.857117652893066,
      25.574748992919922,
      22.83330535888672,
      28.450639724731445,
      24.082717895507812,
      21.35323143005371,
      17.163814544677734
    ],
    [
      7.268734931945801,
      5.976918697357178,
      10.714848518371582,
      9.23897647857666,
      12.73757553100586,
      16.155323028564453,
      12.673802375793457,
      17.23634147644043,
      17.42192268371582,
      19.56121826171875,
      17.462751388549805,
      19.723451614379883,
      24.63957977294922,
      27.47228240966797,
      24.082717895507812,
      28.373428344726562,
      18.61233901977539,
      20.064678192138672
    ],
    [
      5.610481262207031,
      2.166548490524292,
      10.009407043457031,
      6.535869598388672,
      11.9976224899292,
      11.257669448852539,
      11.211864471435547,
      12.075133323669434,
      13.671030044555664,
      12.79538345336914,
      14.034807205200195,
      12.451800346374512,
      19.52581024169922,
      17.14503288269043,
      21.35323143005371,
      18.61233901977539,
      20.694040298461914,
      18.057600021362305
    ],
    [
      11.35466480255127,
      15.889763832092285,
      10.94858455657959,
      10.45928955078125,
      21.070964813232422,
      19.891286849975586,
      14.261675834655762,
      15.096280097961426,
      20.042274475097656,
      21.86131477355957,
      17.810802459716797,
      22.61041831970215,
      21.83199691772461,
      22.52724838256836,
      17.163814544677734,
      20.064678192138672,
      18.057600021362305,
      44.377647399902344
    ]
  ],
  "covariance_short": [
    [
      28.847745895385742,
      11.004328727722168,
      6.114766597747803,
      4.1427717208862305,
      8.216520309448242,
      6.871842861175537,
      4.5372395515441895,
      3.066161632537842,
      7.204190731048584,
      5.226104259490967,
      6.813260078430176,
      4.260234832763672,
      9.163437843322754,
      8.966573715209961,
      5.479605197906494,
      5.716302394866943,
      2.495180606842041,
      11.055821418762207
    ],
    [
      11.004328727722168,
      46.452842712402344,
      6.878839015960693,
      8.211169242858887,
      9.296252250671387,
      9.9625883102417,
      5.5242919921875,
      5.966338157653809,
      10.498916625976562,
      10.295347213745117,
      6.42385196685791,
      9.17758560180664,
      9.978693962097168,
      11.703630447387695,
      5.2494025230407715,
      7.111964702606201,
      3.458557367324829,
      16.17601203918457
    ],
    [
      6.114766597747803,
      6.878839015960693,
      22.841064453125,
      9.303223609924316,
      9.681526184082031,
      6.2788190841674805,
      8.993114471435547,
      9.996796607971191,
      11.949182510375977,
      9.227312088012695,
      4.272176265716553,
      2.604260206222534,
      13.799192428588867,
      13.126127243041992,
      12.426961898803711,
      11.061723709106445,
      10.06960678100586,
      13.71087646484375
    ],
    [
      4.1427717208862305,
      8.211169242858887,
      9.303223609924316,
      19.325117111206055,
      8.632034301757812,
      12.472197532653809,
      7.186683177947998,
      12.68506908416748,
      10.74993896484375,
      14.601186752319336,
      5.716842174530029,
      10.445188522338867,
      10.401948928833008,
      12.6854829788208,
      7.996405601501465,
      9.276087760925293,
      6.3344502449035645,
      10.535767555236816
    ],
    [
      8.216520309448242,
      9.296252250671387,
      9.681526184082031,
      8.632034301757812,
      33.28291702270508,
      22.17243003845215,
      19.016557693481445,
      16.057334899902344,
      21.500932693481445,
      20.661659240722656,
      15.711801528930664,
      21.427927017211914,
      16.174694061279297,
      17.205242156982422,
      14.04521656036377,
      14.55461597442627,
      11.433870315551758,
      25.971891403198242
    ],
    [
      6.871842861175537,
      9.9625883102417,
      6.2788190841674805,
      12.472197532653809,
      22.17243003845215,
      34.5384521484375,
      15.822912216186523,
      22.353057861328125,
      19.8281192779541,
      28.663949966430664,
      17.09138298034668,
      27.956626892089844,
      17.280275344848633,
      22.12889862060547,
      12.5175142288208,
      16.17932891845703,
      10.192769050598145,
      24.5468807220459
    ],
    [
      4.5372395515441895,
      5.5242919921875,
      8.993114471435547,
      7.186683177947998,
      19.016557693481445,
      15.822912216186523,
      28.488157272338867,
      19.500646591186523,
      21.29463005065918,
      21.061744689941406,
      11.868664741516113,
      16.704408645629883,
      15.428421974182129,
      18.13239097595215,
      14.934540748596191,
      15.856321334838867,
      12.360190391540527,
      20.934167861938477
    ],
    [
      3.066161632537842,
      5.966338157653809,
      9.996796607971191,
      12.68506908416748,
      16.057334899902344,
      22.353057861328125,
      19.500646591186523,
      34.3197021484375,
      21.293546676635742,
      29.71211051940918,
      13.2674560546875,
      22.63616371154785,
      17.908946990966797,
      22.996858596801758,
      16.657787322998047,
      19.219303131103516,
      13.366827964782715,
      19.379467010498047
    ],
    [
      7.204190731048584,
      10.498916625976562,
      11.949182510375977,
      10.74993896484375,
      21.500932693481445,
      19.8281192779541,
      21.29463005065918,
      21.293546676635742,
      35.905181884765625,
      29.78695297241211,
      16.1573486328125,
      21.653179168701172,
      23.72132110595703,
      25.006179809570312,
      19.688974380493164,
      20.980358123779297,
      16.39368438720703,
      27.179466247558594
    ],
    [
      5.226104259490967,
      10.295347213745117,
      9.227312088012695,
      14.601186752319336,
      20.661659240722656,
      28.663949966430664,
      21.061744689941406,
      29.71211051940918,
      29.78695297241211,
      45.452335357666016,
      16.539813995361328,
      31.718278884887695,
      22.407747268676758,
      28.60725212097168,
      18.60699462890625,
      22.57816505432129,
      15.739860534667969,
      27.747007369995117
    ],
    [
      6.813260078430176,
      6.42385196685791,
      4.272176265716553,
      5.716842174530029,
      15.711801528930664,
      17.09138298034668,
      11.868664741516113,
      13.2674560546875,
      16.1573486328125,
      16.539813995361328,
      32.21410369873047,
      25.01483917236328,
      22.552770614624023,
      21.732166290283203,
      18.41681671142578,
      20.042797088623047,
      15.522749900817871,
      22.319549560546875
    ],
    [
      4.260234832763672,
      9.17758560180664,
      2.604260206222534,
      10.445188522338867,
      21.427927017211914,
      27.956626892089844,
      16.704408645629883,
      22.63616371154785,
      21.653179168701172,
      31.718278884887695,
      25.01483917236328,
      42.64583206176758,
      18.306747436523438,
      26.18216896057129,
      16.199634552001953,
      22.37936782836914,
      13.261958122253418,
      26.94788932800293
    ],
    [
      9.163437843322754,
      9.978693962097168,
      13.799192428588867,
      10.401948928833008,
      16.174694061279297,
      17.280275344848633,
      15.428421974182129,
      17.908946990966797,
      23.72132110595703,
      22.407747268676758,
      22.552770614624023,
      18.306747436523438,
      40.7813835144043,
      32.274696350097656,
      31.630857467651367,
      28.82679557800293,
      27.042875289916992,
      29.712488174438477
    ],
    [
      8.966573715209961,
      11.703630447387695,
      13.126127243041992,
      12.6854829788208,
      17.205242156982422,
      22.12889862060547,
      18.13239097595215,
      22.996858596801758,
      25.006179809570312,
      28.60725212097168,
      21.732166290283203,
      26.18216896057129,
      32.274696350097656,
      38.93302536010742,
      26.696914672851562,
      32.03557205200195,
      20.824542999267578,
      31.95912742614746
    ],
    [
      5.479605197906494,
      5.2494025230407715,
      12.426961898803711,
      7.996405601501465,
      14.04521656036377,
      12.5175142288208,
      14.934540748596191,
      16.657787322998047,
      19.688974380493164,
      18.60699462890625,
      18.41681671142578,
      16.199634552001953,
      31.630857467651367,
      26.696914672851562,
      37.25382995605469,
      30.07870101928711,
      31.73813247680664,
      28.714862823486328
    ],
    [
      5.716302394866943,
      7.111964702606201,
      11.061723709106445,
      9.276087760925293,
      14.55461597442627,
      16.17932891845703,
      15.856321334838867,
      19.219303131103516,
      20.980358123779297,
      22.57816505432129,
      20.042797088623047,
      22.37936782836914,
      28.82679557800293,
      32.03557205200195,
      30.07870101928711,
      36.14675521850586,
      24.496482849121094,
      33.559268951416016
    ],
    [
      2.495180606842041,
      3.458557367324829,
      10.06960678100586,
      6.3344502449035645,
      11.433870315551758,
      10.192769050598145,
      12.360190391540527,
      13.366827964782715,
      16.39368438720703,
      15.739860534667969,
      15.522749900817871,
      13.261958122253418,
      27.042875289916992,
      20.824542999267578,
      31.73813247680664,
      24.496482849121094,
      42.5235595703125,
      32.50917434692383
    ],
    [
      11.055821418762207,
      16.17601203918457,
      13.71087646484375,
      10.535767555236816,
      25.971891403198242,
      24.5468807220459,
      20.934167861938477,
      19.379467010498047,
      27.179466247558594,
      27.747007369995117,
      22.319549560546875,
      26.94788932800293,
      29.712488174438477,
      31.95912742614746,
      28.714862823486328,
      33.559268951416016,
      32.50917434692383,
      68.15387725830078
    ]
  ],
  "damage": -4.348581314086914,
  "diff_bandwidth": 570.4296875,
  "dissonance": 8.606092781892801,
  "drr": 1.5755784511566162,
  "dynamics": 2.2473702430725098,
  "format": 1245190,
  "frames": 8339456,
  "loudness": -8.159918785095215,
  "loudness_range": 5.9814372062683105,
  "loudness_range_short": 7.3712687492370605,
  "lowpass_true_peak_15khz": 0.7493348121643066,
  "mastering3_acoustic_entropies": [
    {
      "acoustic_entropy": 6.316882610321045,
      "acoustic_entropy_mono": 5.551960468292236,
      "band_eliminated_acoustic_entropies": [
        {
          "acoustic_entropy": 6.291673183441162,
          "acoustic_entropy_side": 6.316911220550537,
          "hz": 129.47220167065723
        },
        {
          "acoustic_entropy": 6.105158805847168,
          "acoustic_entropy_side": 6.319179058074951,
          "hz": 202.92927478742237
        },
        {
          "acoustic_entropy": 6.297344207763672,
          "acoustic_entropy_side": 6.321020126342773,
          "hz": 282.89161906338205
        },
        {
          "acoustic_entropy": 4.96397066116333,
          "acoustic_entropy_side": 6.30693244934082,
          "hz": 369.9353335868758
        },
        {
          "acoustic_entropy": 6.704629898071289,
          "acoustic_entropy_side": 6.328423976898193,
          "hz": 464.6875360973435
        },
        {
          "acoustic_entropy": 6.349436283111572,
          "acoustic_entropy_side": 6.338045120239258,
          "hz": 567.8308811364784
        },
        {
          "acoustic_entropy": 5.495997428894043,
          "acoustic_entropy_side": 6.1260986328125,
          "hz": 680.1084783214808
        },
        {
          "acoustic_entropy": 5.740723133087158,
          "acoustic_entropy_side": 5.854550361633301,
          "hz": 802.3292461747484
        },
        {
          "acoustic_entropy": 5.5512375831604,
          "acoustic_entropy_side": 6.0569562911987305,
          "hz": 935.3737400823702
        },
        {
          "acoustic_entropy": 6.344226837158203,
          "acoustic_entropy_side": 6.126540660858154,
          "hz": 1080.2004963696966
        },
        {
          "acoustic_entropy": 6.3182148933410645,
          "acoustic_entropy_side": 6.210673809051514,
          "hz": 1237.8529382007157
        },
        {
          "acoustic_entropy": 6.2036004066467285,
          "acoustic_entropy_side": 6.28404426574707,
          "hz": 1409.4668930556702
        },
        {
          "acoustic_entropy": 6.413182258605957,
          "acoustic_entropy_side": 6.330397129058838,
          "hz": 1596.2787759475705
        },
        {
          "acoustic_entropy": 6.528265953063965,
          "acoustic_entropy_side": 6.282789707183838,
          "hz": 1799.6344973346393
        },
        {
          "acoustic_entropy": 6.016204357147217,
          "acoustic_entropy_side": 6.258132457733154,
          "hz": 2020.9991599069049
        },
        {
          "acoustic_entropy": 6.201805114746094,
          "acoustic_entropy_side": 6.220826148986816,
          "hz": 2261.9676141086993
        },
        {
          "acoustic_entropy": 6.12145471572876,
          "acoustic_entropy_side": 6.258048057556152,
          "hz": 2524.2759484456974
        },
        {
          "acoustic_entropy": 5.836381435394287,
          "acoustic_entropy_side": 6.230615615844727,
          "hz": 2809.813997359896
        },
        {
          "acoustic_entropy": 6.098884105682373,
          "acoustic_entropy_side": 6.209406852722168,
          "hz": 3120.6389567871424
        },
        {
          "acoustic_entropy": 6.1092705726623535,
          "acoustic_entropy_side": 6.212381362915039,
          "hz": 3458.990205492291
        },
        {
          "acoustic_entropy": 6.085832595825195,
          "acoustic_entropy_side": 6.224942207336426,
          "hz": 3827.305438964164
        },
        {
          "acoustic_entropy": 6.3058061599731445,
          "acoustic_entropy_side": 6.279571056365967,
          "hz": 4228.238232109126
        },
        {
          "acoustic_entropy": 6.290124893188477,
          "acoustic_entropy_side": 6.303170680999756,
          "hz": 4664.6771572759235
        },
        {
          "acoustic_entropy": 6.275357723236084,
          "acoustic_entropy_side": 6.303705215454102,
          "hz": 5139.766595350093
        },
        {
          "acoustic_entropy": 6.3019585609436035,
          "acoustic_entropy_side": 6.309957504272461,
          "hz": 5656.929389854203
        },
        {
          "acoustic_entropy": 6.232348442077637,
          "acoustic_entropy_side": 6.311342716217041,
          "hz": 6219.891507268283
        },
        {
          "acoustic_entropy": 6.222447872161865,
          "acoustic_entropy_side": 6.312335014343262,
          "hz": 6832.70888123896
        },
        {
          "acoustic_entropy": 6.252571105957031,
          "acoustic_entropy_side": 6.313909530639648,
          "hz": 7499.796634079867
        },
        {
          "acoustic_entropy": 6.261730194091797,
          "acoustic_entropy_side": 6.315110683441162,
          "hz": 8225.96088609342
        },
        {
          "acoustic_entropy": 6.277966022491455,
          "acoustic_entropy_side": 6.315470218658447,
          "hz": 9016.43338188839
        },
        {
          "acoustic_entropy": 6.303713798522949,
          "acoustic_entropy_side": 6.315940856933594,
          "hz": 9876.909183162974
        },
        {
          "acoustic_entropy": 6.350818157196045,
          "acoustic_entropy_side": 6.316202163696289,
          "hz": 10813.587699516042
        },
        {
          "acoustic_entropy": 6.317941188812256,
          "acoustic_entropy_side": 6.316214084625244,
          "hz": 11833.21735289826
        },
        {
          "acoustic_entropy": 6.263166427612305,
          "acoustic_entropy_side": 6.316141128540039,
          "hz": 12943.144197493959
        },
        {
          "acoustic_entropy": 6.285720348358154,
          "acoustic_entropy_side": 6.316329002380371,
          "hz": 14151.364845322005
        },
        {
          "acoustic_entropy": 6.3059515953063965,
          "acoustic_entropy_side": 6.316686153411865,
          "hz": 15466.58407886509
        },
        {
          "acoustic_entropy": 6.315615653991699,
          "acoustic_entropy_side": 6.316822052001953,
          "hz": 16898.27756580493
        },
        {
          "acoustic_entropy": 6.316020965576172,
          "acoustic_entropy_side": 6.316857814788818,
          "hz": 18456.760127700032
        },
        {
          "acoustic_entropy": 6.316448211669922,
          "acoustic_entropy_side": 6.3168792724609375,
          "hz": 20153.260054456492
        },
        {
          "acoustic_entropy": 6.31683874130249,
          "acoustic_entropy_side": 6.316882133483887,
          "hz": 22000.00000000001
        }
      ],
      "diff_acoustic_entropy": 3.193565607070923,
      "sn": 6
    },
    {
      "acoustic_entropy": 9.860905647277832,
      "acoustic_entropy_mono": 9.263774871826172,
      "band_eliminated_acoustic_entropies": [
        {
          "acoustic_entropy": 10.115806579589844,
          "acoustic_entropy_side": 9.862419128417969,
          "hz": 129.47220167065723
        },
        {
          "acoustic_entropy": 10.431168556213379,
          "acoustic_entropy_side": 9.889863014221191,
          "hz": 202.92927478742237
        },
        {
          "acoustic_entropy": 10.022757530212402,
          "acoustic_entropy_side": 9.929027557373047,
          "hz": 282.89161906338205
        },
        {
          "acoustic_entropy": 9.765175819396973,
          "acoustic_entropy_side": 9.816827774047852,
          "hz": 369.9353335868758
        },
        {
          "acoustic_entropy": 10.259536743164062,
          "acoustic_entropy_side": 9.851340293884277,
          "hz": 464.6875360973435
        },
        {
          "acoustic_entropy": 9.421539306640625,
          "acoustic_entropy_side": 9.722447395324707,
          "hz": 567.8308811364784
        },
        {
          "acoustic_entropy": 9.462007522583008,
          "acoustic_entropy_side": 9.781659126281738,
          "hz": 680.1084783214808
        },
        {
          "acoustic_entropy": 9.703625679016113,
          "acoustic_entropy_side": 9.630581855773926,
          "hz": 802.3292461747484
        },
        {
          "acoustic_entropy": 9.058674812316895,
          "acoustic_entropy_side": 9.416743278503418,
          "hz": 935.3737400823702
        },
        {
          "acoustic_entropy": 10.015212059020996,
          "acoustic_entropy_side": 10.16438102722168,
          "hz": 1080.2004963696966
        },
        {
          "acoustic_entropy": 9.894664764404297,
          "acoustic_entropy_side": 10.223684310913086,
          "hz": 1237.8529382007157
        },
        {
          "acoustic_entropy": 9.509137153625488,
          "acoustic_entropy_side": 9.82459545135498,
          "hz": 1409.4668930556702
        },
        {
          "acoustic_entropy": 9.980488777160645,
          "acoustic_entropy_side": 9.836151123046875,
          "hz": 1596.2787759475705
        },
        {
          "acoustic_entropy": 9.47208023071289,
          "acoustic_entropy_side": 9.914466857910156,
          "hz": 1799.6344973346393
        },
        {
          "acoustic_entropy": 9.731385231018066,
          "acoustic_entropy_side": 9.932231903076172,
          "hz": 2020.9991599069049
        },
        {
          "acoustic_entropy": 9.569488525390625,
          "acoustic_entropy_side": 9.8410005569458,
          "hz": 2261.9676141086993
        },
        {
          "acoustic_entropy": 9.690217971801758,
          "acoustic_entropy_side": 9.881505012512207,
          "hz": 2524.2759484456974
        },
        {
          "acoustic_entropy": 9.438104629516602,
          "acoustic_entropy_side": 9.902070999145508,
          "hz": 2809.813997359896
        },
        {
          "acoustic_entropy": 9.874903678894043,
          "acoustic_entropy_side": 10.012662887573242,
          "hz": 3120.6389567871424
        },
        {
          "acoustic_entropy": 9.662006378173828,
          "acoustic_entropy_side": 9.866560935974121,
          "hz": 3458.990205492291
        },
        {
          "acoustic_entropy": 9.649847030639648,
          "acoustic_entropy_side": 9.862360954284668,
          "hz": 3827.305438964164
        },
        {
          "acoustic_entropy": 9.721382141113281,
          "acoustic_entropy_side": 9.887840270996094,
          "hz": 4228.238232109126
        },
        {
          "acoustic_entropy": 9.806692123413086,
          "acoustic_entropy_side": 9.914306640625,
          "hz": 4664.6771572759235
        },
        {
          "acoustic_entropy": 9.805086135864258,
          "acoustic_entropy_side": 9.89096736907959,
          "hz": 5139.766595350093
        },
        {
          "acoustic_entropy": 9.811094284057617,
          "acoustic_entropy_side": 9.885953903198242,
          "hz": 5656.929389854203
        },
        {
          "acoustic_entropy": 9.773477554321289,
          "acoustic_entropy_side": 9.884398460388184,
          "hz": 6219.891507268283
        },
        {
          "acoustic_entropy": 9.750154495239258,
          "acoustic_entropy_side": 9.892352104187012,
          "hz": 6832.70888123896
        },
        {
          "acoustic_entropy": 9.77031135559082,
          "acoustic_entropy_side": 9.890588760375977,
          "hz": 7499.796634079867
        },
        {
          "acoustic_entropy": 9.784811019897461,
          "acoustic_entropy_side": 9.892173767089844,
          "hz": 8225.96088609342
        },
        {
          "acoustic_entropy": 9.752772331237793,
          "acoustic_entropy_side": 9.88225269317627,
          "hz": 9016.43338188839
        },
        {
          "acoustic_entropy": 9.677804946899414,
          "acoustic_entropy_side": 9.883191108703613,
          "hz": 9876.909183162974
        },
        {
          "acoustic_entropy": 9.770381927490234,
          "acoustic_entropy_side": 9.874502182006836,
          "hz": 10813.587699516042
        },
        {
          "acoustic_entropy": 9.802242279052734,
          "acoustic_entropy_side": 9.861892700195312,
          "hz": 11833.21735289826
        },
        {
          "acoustic_entropy": 9.852676391601562,
          "acoustic_entropy_side": 9.860459327697754,
          "hz": 12943.144197493959
        },
        {
          "acoustic_entropy": 9.830955505371094,
          "acoustic_entropy_side": 9.860065460205078,
          "hz": 14151.364845322005
        },
        {
          "acoustic_entropy": 9.849133491516113,
          "acoustic_entropy_side": 9.860342979431152,
          "hz": 15466.58407886509
        },
        {
          "acoustic_entropy": 9.871967315673828,
          "acoustic_entropy_side": 9.860747337341309,
          "hz": 16898.27756580493
        },
        {
          "acoustic_entropy": 9.868072509765625,
          "acoustic_entropy_side": 9.860855102539062,
          "hz": 18456.760127700032
        },
        {
          "acoustic_entropy": 9.863205909729004,
          "acoustic_entropy_side": 9.860917091369629,
          "hz": 20153.260054456492
        },
        {
          "acoustic_entropy": 9.860905647277832,
          "acoustic_entropy_side": 9.860909461975098,
          "hz": 22000.00000000001
        }
      ],
      "diff_acoustic_entropy": 6.164273262023926,
      "sn": 12
    },
    {
      "acoustic_entropy": 15.215241432189941,
      "acoustic_entropy_mono": 12.60098648071289,
      "band_eliminated_acoustic_entropies": [
        {
          "acoustic_entropy": 15.074378967285156,
          "acoustic_entropy_side": 15.235920906066895,
          "hz": 129.47220167065723
        },
        {
          "acoustic_entropy": 16.066652297973633,
          "acoustic_entropy_side": 15.731257438659668,
          "hz": 202.92927478742237
        },
        {
          "acoustic_entropy": 15.75374984741211,
          "acoustic_entropy_side": 15.847979545593262,
          "hz": 282.89161906338205
        },
        {
          "acoustic_entropy": 14.867252349853516,
          "acoustic_entropy_side": 14.912110328674316,
          "hz": 369.9353335868758
        },
        {
          "acoustic_entropy": 14.891639709472656,
          "acoustic_entropy_side": 15.026220321655273,
          "hz": 464.6875360973435
        },
        {
          "acoustic_entropy": 15.117169380187988,
          "acoustic_entropy_side": 15.01906967163086,
          "hz": 567.8308811364784
        },
        {
          "acoustic_entropy": 14.919890403747559,
          "acoustic_entropy_side": 14.624367713928223,
          "hz": 680.1084783214808
        },
        {
          "acoustic_entropy": 14.848794937133789,
          "acoustic_entropy_side": 15.054237365722656,
          "hz": 802.3292461747484
        },
        {
          "acoustic_entropy": 14.770548820495605,
          "acoustic_entropy_side": 14.413652420043945,
          "hz": 935.3737400823702
        },
        {
          "acoustic_entropy": 14.764866828918457,
          "acoustic_entropy_side": 14.844657897949219,
          "hz": 1080.2004963696966
        },
        {
          "acoustic_entropy": 14.826696395874023,
          "acoustic_entropy_side": 14.742854118347168,
          "hz": 1237.8529382007157
        },
        {
          "acoustic_entropy": 15.076486587524414,
          "acoustic_entropy_side": 14.99217414855957,
          "hz": 1409.4668930556702
        },
        {
          "acoustic_entropy": 15.045560836791992,
          "acoustic_entropy_side": 15.246126174926758,
          "hz": 1596.2787759475705
        },
        {
          "acoustic_entropy": 15.039854049682617,
          "acoustic_entropy_side": 15.229866027832031,
          "hz": 1799.6344973346393
        },
        {
          "acoustic_entropy": 15.268385887145996,
          "acoustic_entropy_side": 15.005636215209961,
          "hz": 2020.9991599069049
        },
        {
          "acoustic_entropy": 15.210410118103027,
          "acoustic_entropy_side": 15.00498104095459,
          "hz": 2261.9676141086993
        },
        {
          "acoustic_entropy": 15.311360359191895,
          "acoustic_entropy_side": 15.137638092041016,
          "hz": 2524.2759484456974
        },
        {
          "acoustic_entropy": 15.343647003173828,
          "acoustic_entropy_side": 15.300816535949707,
          "hz": 2809.813997359896
        },
        {
          "acoustic_entropy": 14.926786422729492,
          "acoustic_entropy_side": 14.86892318725586,
          "hz": 3120.6389567871424
        },
        {
