{
  "acoustic_entropy": 123.61991119384766,
  "bands": [
    {
      "high_freq": 148.1999969482422,
      "loudness": -52.51492691040039,
      "loudness_range": 21.917076110839844,
      "mid_mean": -50.93331527709961,
      "mid_to_side_loudness": -20.830867767333984,
      "mid_to_side_loudness_range": 21.432090759277344,
      "side_mean": -66.59318542480469
    },
    {
      "high_freq": 392.3793640136719,
      "loudness": -39.25498962402344,
      "loudness_range": 23.56866455078125,
      "low_freq": 148.1999969482422,
      "mid_mean": -35.86384963989258,
      "mid_to_side_loudness": -13.813759803771973,
      "mid_to_side_loudness_range": 18.908828735351562,
      "side_mean": -52.740272521972656
    },
    {
      "high_freq": 794.6976318359375,
      "loudness": -39.140438079833984,
      "loudness_range": 19.872737884521484,
      "low_freq": 392.3793640136719,
      "mid_mean": -35.74273681640625,
      "mid_to_side_loudness": -15.251897811889648,
      "mid_to_side_loudness_range": 20.70810890197754,
      "side_mean": -54.39976501464844
    },
    {
      "high_freq": 1457.5709228515625,
      "loudness": -30.63107681274414,
      "loudness_range": 17.771337509155273,
      "low_freq": 794.6976318359375,
      "mid_mean": -27.601165771484375,
      "mid_to_side_loudness": -15.040475845336914,
      "mid_to_side_loudness_range": 21.595598220825195,
      "side_mean": -44.744300842285156
    },
    {
      "high_freq": 2549.74365234375,
      "loudness": -38.81486892700195,
      "loudness_range": 25.520267486572266,
      "low_freq": 1457.5709228515625,
      "mid_mean": -36.26198196411133,
      "mid_to_side_loudness": -13.752458572387695,
      "mid_to_side_loudness_range": 18.803205490112305,
      "side_mean": -53.72893142700195
    },
    {
      "high_freq": 4349.24462890625,
      "loudness": -44.155242919921875,
      "loudness_range": 31.3496036529541,
      "low_freq": 2549.74365234375,
      "mid_mean": -42.02497863769531,
      "mid_to_side_loudness": -15.831075668334961,
      "mid_to_side_loudness_range": 21.778915405273438,
      "side_mean": -59.57771301269531
    },
    {
      "high_freq": 7314.1640625,
      "loudness": -55.6196403503418,
      "loudness_range": 23.716575622558594,
      "low_freq": 4349.24462890625,
      "mid_mean": -56.70893478393555,
      "mid_to_side_loudness": -18.040271759033203,
      "mid_to_side_loudness_range": 23.920312881469727,
      "side_mean": -67.68620300292969
    },
    {
      "high_freq": 12199.2666015625,
      "loudness": -67.13660430908203,
      "loudness_range": 27.175193786621094,
      "low_freq": 7314.1640625,
      "mid_mean": -63.339637756347656,
      "mid_to_side_loudness": -20.494096755981445,
      "mid_to_side_loudness_range": 29.482404708862305,
      "side_mean": -69.71128845214844
    },
    {
      "loudness": -78.03267669677734,
      "loudness_range": 16.79144287109375,
      "low_freq": 12199.2666015625,
      "mid_mean": -68.16761016845703,
      "mid_to_side_loudness": -10.524595260620117,
      "mid_to_side_loudness_range": 21.466032028198242,
      "side_mean": -69.91004180908203
    }
  ],
  "bands_short": [
    {
      "high_freq": 148.1999969482422,
      "loudness": -54.77928161621094,
      "loudness_range": 22.48394012451172,
      "mid_mean": -52.92133712768555,
      "mid_to_side_loudness": -20.91119956970215,
      "mid_to_side_loudness_range": 18.656021118164062,
      "side_mean": -67.39596557617188
    },
    {
      "high_freq": 392.3793640136719,
      "loudness": -40.08884048461914,
      "loudness_range": 24.474027633666992,
      "low_freq": 148.1999969482422,
      "mid_mean": -36.810386657714844,
      "mid_to_side_loudness": -13.729865074157715,
      "mid_to_side_loudness_range": 18.763023376464844,
      "side_mean": -53.36293029785156
    },
    {
      "high_freq": 794.6976318359375,
      "loudness": -38.83351516723633,
      "loudness_range": 20.006240844726562,
      "low_freq": 392.3793640136719,
      "mid_mean": -35.44161605834961,
      "mid_to_side_loudness": -14.908820152282715,
      "mid_to_side_loudness_range": 20.18857765197754,
      "side_mean": -53.80061721801758
    },
    {
      "high_freq": 1457.5709228515625,
      "loudness": -31.09585952758789,
      "loudness_range": 19.271398544311523,
      "low_freq": 794.6976318359375,
      "mid_mean": -27.951126098632812,
      "mid_to_side_loudness": -14.957320213317871,
      "mid_to_side_loudness_range": 22.582677841186523,
      "side_mean": -45.139774322509766
    },
    {
      "high_freq": 2549.74365234375,
      "loudness": -39.06425476074219,
      "loudness_range": 25.168397903442383,
      "low_freq": 1457.5709228515625,
      "mid_mean": -36.219764709472656,
      "mid_to_side_loudness": -13.51777172088623,
      "mid_to_side_loudness_range": 19.57823944091797,
      "side_mean": -53.85789489746094
    },
    {
      "high_freq": 4349.24462890625,
      "loudness": -44.20323181152344,
      "loudness_range": 32.273990631103516,
      "low_freq": 2549.74365234375,
      "mid_mean": -42.11981964111328,
      "mid_to_side_loudness": -15.675911903381348,
      "mid_to_side_loudness_range": 22.61417007446289,
      "side_mean": -59.634891510009766
    },
    {
      "high_freq": 7314.1640625,
      "loudness": -56.04145431518555,
      "loudness_range": 24.72705841064453,
      "low_freq": 4349.24462890625,
      "mid_mean": -56.94668960571289,
      "mid_to_side_loudness": -17.785755157470703,
      "mid_to_side_loudness_range": 24.986589431762695,
      "side_mean": -67.76112365722656
    },
    {
      "high_freq": 12199.2666015625,
      "loudness": -67.49748229980469,
      "loudness_range": 27.478801727294922,
      "low_freq": 7314.1640625,
      "mid_mean": -63.49144744873047,
      "mid_to_side_loudness": -20.19642448425293,
      "mid_to_side_loudness_range": 30.255176544189453,
      "side_mean": -69.71714782714844
    },
    {
      "loudness": -78.22187042236328,
      "loudness_range": 16.544525146484375,
      "low_freq": 12199.2666015625,
      "mid_mean": -68.25077819824219,
      "mid_to_side_loudness": -10.214941024780273,
      "mid_to_side_loudness_range": 21.494916915893555,
      "side_mean": -69.9098129272461
    }
  ],
  "bandwidth": 959.63623046875,
  "channels": 2,
  "covariance": [
    [
      93.20817565917969,
      32.04943084716797,
      49.168331146240234,
      78.57536315917969,
      39.23594665527344,
      69.42313385009766,
      22.673635482788086,
      29.526439666748047,
      49.007232666015625,
      83.12374114990234,
      46.112796783447266,
      61.298851013183594,
      80.1533203125,
      21.495208740234375,
      57.177398681640625,
      3.755587339401245,
      15.82145881652832,
      0.06446756422519684
    ],
    [
      32.04943084716797,
      17.106863021850586,
      24.861417770385742,
      27.227399826049805,
      20.244253158569336,
      25.437091827392578,
      12.705418586730957,
      16.19618034362793,
      24.345867156982422,
      28.8656005859375,
      24.668821334838867,
      23.696659088134766,
      29.661035537719727,
      9.201319694519043,
      24.436946868896484,
      1.7449146509170532,
      6.12098503112793,
      -0.005655393935739994
    ],
    [
      49.168331146240234,
      24.861417770385742,
      66.1048812866211,
      52.46921920776367,
      48.4207878112793,
      49.399993896484375,
      34.306819915771484,
      42.523277282714844,
      55.10909652709961,
      56.70975875854492,
      63.27919006347656,
      53.39552688598633,
      63.036964416503906,
      17.71938705444336,
      43.72030258178711,
      2.793858289718628,
      11.169448852539062,
      -0.071001797914505
    ],
    [
      78.57536315917969,
      27.227399826049805,
      52.46921920776367,
      83.76019287109375,
      38.19987487792969,
      69.39629364013672,
      28.097257614135742,
      36.16537857055664,
      48.46902084350586,
      78.54132843017578,
      48.60464859008789,
      61.475914001464844,
      73.45995330810547,
      18.75997543334961,
      47.26933288574219,
      2.8814353942871094,
      12.73083209991455,
      0.06381122767925262
    ],
    [
      39.23594665527344,
      20.244253158569336,
      48.4207878112793,
      38.19987487792969,
      52.52788162231445,
      44.86097717285156,
      35.90793228149414,
      43.63058853149414,
      50.27172088623047,
      54.18282699584961,
      56.310333251953125,
      46.76363754272461,
      56.82631301879883,
      14.541226387023926,
      35.30805969238281,
      2.2762765884399414,
      9.413863182067871,
      -0.05196259170770645
    ],
    [
      69.42313385009766,
      25.437091827392578,
      49.399993896484375,
      69.39629364013672,
      44.86097717285156,
      75.61864471435547,
      32.160186767578125,
      39.43643569946289,
      45.83115005493164,
      75.0167007446289,
      53.59080505371094,
      58.845436096191406,
      70.61038208007812,
      16.657203674316406,
      40.841896057128906,
      2.3312883377075195,
      10.62645149230957,
      0.052735161036252975
    ],
    [
      22.673635482788086,
      12.705418586730957,
      34.306819915771484,
      28.097257614135742,
      35.90793228149414,
      32.160186767578125,
      55.3193244934082,
      49.724815368652344,
      43.004207611083984,
      44.20267105102539,
      52.673309326171875,
      42.28687286376953,
      41.876556396484375,
      9.913924217224121,
      22.79598045349121,
      1.3977444171905518,
      6.280697822570801,
      -0.036162614822387695
    ],
    [
      29.526439666748047,
      16.19618034362793,
      42.523277282714844,
      36.16537857055664,
      43.63058853149414,
      39.43643569946289,
      49.724815368652344,
      72.98088836669922,
      47.92045593261719,
      56.566986083984375,
      55.184288024902344,
      49.1345100402832,
      50.279197692871094,
      11.985480308532715,
      27.770341873168945,
      1.6874971389770508,
      8.677780151367188,
      -0.02681717276573181
    ],
    [
      49.007232666015625,
      24.345867156982422,
      55.10909652709961,
      48.46902084350586,
      50.27172088623047,
      45.83115005493164,
      43.004207611083984,
      47.92045593261719,
      96.59496307373047,
      82.09894561767578,
      90.33806610107422,
      66.92095184326172,
      86.16180419921875,
      21.991029739379883,
      55.62949752807617,
      3.177182912826538,
      17.001157760620117,
      -0.07202150672674179
    ],
    [
      83.12374114990234,
      28.8656005859375,
      56.70975875854492,
      78.54132843017578,
      54.18282699584961,
      75.0167007446289,
      44.20267105102539,
      56.566986083984375,
      82.09894561767578,
      113.43706512451172,
      77.66580963134766,
      80.4123764038086,
      99.02483367919922,
      23.1364688873291,
      59.72722244262695,
      3.404533863067627,
      17.18851661682129,
      0.05475621297955513
    ],
    [
      46.112796783447266,
      24.668821334838867,
      63.27919006347656,
      48.60464859008789,
      56.310333251953125,
      53.59080505371094,
      52.673309326171875,
      55.184288024902344,
      90.33806610107422,
      77.66580963134766,
      120.61402893066406,
      85.01692962646484,
      95.14409637451172,
      24.432376861572266,
      59.37807846069336,
      3.200014591217041,
      14.592459678649902,
      -0.12777289748191833
    ],
    [
      61.298851013183594,
      23.696659088134766,
      53.39552688598633,
      61.475914001464844,
      46.76363754272461,
      58.845436096191406,
      42.28687286376953,
      49.1345100402832,
      66.92095184326172,
      80.4123764038086,
      85.01692962646484,
      78.84474182128906,
      82.7434310913086,
      21.164979934692383,
      50.89127731323242,
      2.798037052154541,
      12.293755531311035,
      -0.024244681000709534
    ],
    [
      80.1533203125,
      29.661035537719727,
      63.036964416503906,
      73.45995330810547,
      56.82631301879883,
      70.61038208007812,
      41.876556396484375,
      50.279197692871094,
      86.16180419921875,
      99.02483367919922,
      95.14409637451172,
      82.7434310913086,
      108.8096694946289,
      26.088790893554688,
      67.65885162353516,
      3.696058988571167,
      19.28949546813965,
      -0.014904789626598358
    ],
    [
      21.495208740234375,
      9.201319694519043,
      17.71938705444336,
      18.75997543334961,
      14.541226387023926,
      16.657203674316406,
      9.913924217224121,
      11.985480308532715,
      21.991029739379883,
      23.1364688873291,
      24.432376861572266,
      21.164979934692383,
      26.088790893554688,
      8.370687484741211,
      19.096349716186523,
      1.3074331283569336,
      5.478142261505127,
      -0.016231326386332512
    ],
    [
      57.177398681640625,
      24.436946868896484,
      43.72030258178711,
      47.26933288574219,
      35.30805969238281,
      40.841896057128906,
      22.79598045349121,
      27.770341873168945,
      55.62949752807617,
      59.72722244262695,
      59.37807846069336,
      50.89127731323242,
      67.65885162353516,
      19.096349716186523,
      54.74058532714844,
      3.627983808517456,
      15.629594802856445,
      -0.03414860740303993
    ],
    [
      3.755587339401245,
      1.7449146509170532,
      2.793858289718628,
      2.8814353942871094,
      2.2762765884399414,
      2.3312883377075195,
      1.3977444171905518,
      1.6874971389770508,
      3.177182912826538,
      3.404533863067627,
      3.200014591217041,
      2.798037052154541,
      3.696058988571167,
      1.3074331283569336,
      3.627983808517456,
      0.3703310787677765,
      1.0930895805358887,
      -0.002193210879340768
    ],
    [
      15.82145881652832,
      6.12098503112793,
      11.169448852539062,
      12.73083209991455,
      9.413863182067871,
      10.62645149230957,
      6.280697822570801,
      8.677780151367188,
      17.001157760620117,
      17.18851661682129,
      14.592459678649902,
      12.293755531311035,
      19.28949546813965,
      5.478142261505127,
      15.629594802856445,
      1.0930895805358887,
      6.536234378814697,
      -0.00570303900167346
    ],
    [
      0.06446756422519684,
      -0.005655393935739994,
      -0.071001797914505,
      0.06381122767925262,
      -0.05196259170770645,
      0.052735161036252975,
      -0.036162614822387695,
      -0.02681717276573181,
      -0.07202150672674179,
      0.05475621297955513,
      -0.12777289748191833,
      -0.024244681000709534,
      -0.014904789626598358,
      -0.016231326386332512,
      -0.03414860740303993,
      -0.002193210879340768,
      -0.00570303900167346,
      0.0007803970947861671
    ]
  ],
  "covariance_short": [
    [
      81.20464324951172,
      21.326128005981445,
      46.38737487792969,
      69.40372467041016,
      35.37873077392578,
      64.07207489013672,
      21.023862838745117,
      27.75149154663086,
      36.684059143066406,
      70.98592376708984,
      41.238712310791016,
      55.767581939697266,
      69.75325012207031,
      18.316879272460938,
      49.51601791381836,
      3.2558374404907227,
      12.948040008544922,
      0.060442063957452774
    ],
    [
      21.326128005981445,
      11.50965690612793,
      19.513511657714844,
      20.68856430053711,
      15.429990768432617,
      19.285978317260742,
      10.097776412963867,
      12.877388000488281,
      15.27574634552002,
      20.412668228149414,
      19.644433975219727,
      18.618682861328125,
      21.63001823425293,
      6.4982171058654785,
      17.950597763061523,
      1.2605077028274536,
      4.2733612060546875,
      -0.004278700798749924
    ],
    [
      46.38737487792969,
      19.513511657714844,
      75.92655181884766,
      55.011009216308594,
      51.44103240966797,
      51.674560546875,
      34.09135818481445,
      42.29909896850586,
      49.90388488769531,
      56.358394622802734,
      66.10767364501953,
      56.76130294799805,
      64.52236938476562,
      18.028635025024414,
      45.16392135620117,
      2.9097156524658203,
      11.188984870910645,
      -0.07551432400941849
    ],
    [
      69.40372467041016,
      20.68856430053711,
      55.011009216308594,
      84.44417572021484,
      39.435028076171875,
      72.21268463134766,
      26.93668556213379,
      36.074005126953125,
      40.20661926269531,
      73.11536407470703,
      49.956050872802734,
      62.621150970458984,
      71.23265075683594,
      18.133962631225586,
      46.126895904541016,
      2.8739495277404785,
      11.953996658325195,
      0.057808637619018555
    ],
    [
      35.37873077392578,
      15.429990768432617,
      51.44103240966797,
      39.435028076171875,
      53.717472076416016,
      43.12287139892578,
      33.99906921386719,
      42.77995681762695,
      44.46622085571289,
      51.05809020996094,
      55.3749885559082,
      47.74480438232422,
      54.841426849365234,
      14.04706859588623,
      34.59889221191406,
      2.2502787113189697,
      8.763692855834961,
      -0.054181281477212906
    ],
    [
      64.07207489013672,
      19.285978317260742,
      51.674560546875,
      72.21268463134766,
      43.12287139892578,
      77.47384643554688,
      29.492084503173828,
      38.05903625488281,
      41.04941940307617,
      74.88985443115234,
      54.042903900146484,
      61.67404556274414,
      71.37684631347656,
      16.604503631591797,
      41.65081024169922,
      2.321323871612549,
      10.599058151245117,
      0.05558612942695618
    ],
    [
      21.023862838745117,
      10.097776412963867,
      34.09135818481445,
      26.93668556213379,
      33.99906921386719,
      29.492084503173828,
      56.73218536376953,
      47.13595199584961,
      38.99736022949219,
      42.640472412109375,
      50.66557312011719,
      41.10438919067383,
      40.20021438598633,
      9.630352020263672,
      22.501712799072266,
      1.4028611183166504,
      5.88940954208374,
      -0.03631450980901718
    ],
    [
      27.75149154663086,
      12.877388000488281,
      42.29909896850586,
      36.074005126953125,
      42.77995681762695,
      38.05903625488281,
      47.13595199584961,
      75.4433822631836,
      41.74730682373047,
      55.05366516113281,
      54.10945129394531,
      49.48894119262695,
      49.307159423828125,
      11.626461029052734,
      27.707843780517578,
      1.6979764699935913,
      8.365898132324219,
      -0.028184840455651283
    ],
    [
      36.684059143066406,
      15.27574634552002,
      49.90388488769531,
      40.20661926269531,
      44.46622085571289,
      41.04941940307617,
      38.99736022949219,
      41.74730682373047,
      85.95367431640625,
      69.345703125,
      82.22708129882812,
      61.12525177001953,
      76.2927474975586,
      18.68700408935547,
      48.51230239868164,
      2.781191825866699,
      14.336642265319824,
      -0.06118987873196602
    ],
    [
      70.98592376708984,
      20.412668228149414,
      56.358394622802734,
      73.11536407470703,
      51.05809020996094,
      74.88985443115234,
      42.640472412109375,
      55.05366516113281,
      69.345703125,
      109.2835464477539,
      76.45915222167969,
      78.11212158203125,
      94.73189544677734,
      20.97203826904297,
      55.220611572265625,
      3.112135171890259,
      15.408646583557129,
      0.05644546449184418
    ],
    [
      41.238712310791016,
      19.644433975219727,
      66.10767364501953,
      49.956050872802734,
      55.3749885559082,
      54.042903900146484,
      50.66557312011719,
      54.10945129394531,
      82.22708129882812,
      76.45915222167969,
      126.7182388305664,
      87.05465698242188,
      94.4956283569336,
      24.137603759765625,
      59.95438003540039,
      3.1648736000061035,
      14.042094230651855,
      -0.130458265542984
    ],
    [
      55.767581939697266,
      18.618682861328125,
      56.76130294799805,
      62.621150970458984,
      47.74480438232422,
      61.67404556274414,
      41.10438919067383,
      49.48894119262695,
      61.12525177001953,
      78.11212158203125,
      87.05465698242188,
      84.9471435546875,
      81.97010040283203,
      20.642324447631836,
      50.75369644165039,
      2.814340114593506,
      11.56308364868164,
      -0.02569684386253357
    ],
    [
      69.75325012207031,
      21.63001823425293,
      64.52236938476562,
      71.23265075683594,
      54.841426849365234,
      71.37684631347656,
      40.20021438598633,
      49.307159423828125,
      76.2927474975586,
      94.73189544677734,
      94.4956283569336,
      81.97010040283203,
      107.28994750976562,
      24.7031192779541,
      65.38034057617188,
      3.556830406188965,
      18.12257957458496,
      -0.017136653885245323
    ],
    [
      18.316879272460938,
      6.4982171058654785,
      18.028635025024414,
      18.133962631225586,
      14.04706859588623,
      16.604503631591797,
      9.630352020263672,
      11.626461029052734,
      18.68700408935547,
      20.97203826904297,
      24.137603759765625,
      20.642324447631836,
      24.7031192779541,
      8.391368865966797,
      17.883533477783203,
      1.2400964498519897,
      4.947543144226074,
      -0.015472210943698883
    ],
    [
      49.51601791381836,
      17.950597763061523,
      45.16392135620117,
      46.126895904541016,
      34.59889221191406,
      41.65081024169922,
      22.501712799072266,
      27.707843780517578,
      48.51230239868164,
      55.220611572265625,
      59.95438003540039,
      50.75369644165039,
      65.38034057617188,
      17.883533477783203,
      53.542205810546875,
      3.444594621658325,
      14.550284385681152,
      -0.036873240023851395
    ],
    [
      3.2558374404907227,
      1.2605077028274536,
      2.9097156524658203,
      2.8739495277404785,
      2.2502787113189697,
      2.321323871612549,
      1.4028611183166504,
      1.6979764699935913,
      2.781191825866699,
      3.112135171890259,
      3.1648736000061035,
      2.814340114593506,
      3.556830406188965,
      1.2400964498519897,
      3.444594621658325,
      0.4080445468425751,
      0.9946096539497375,
      -0.0022040146868675947
    ],
    [
      12.948040008544922,
      4.2733612060546875,
      11.188984870910645,
      11.953996658325195,
      8.763692855834961,
      10.599058151245117,
      5.88940954208374,
      8.365898132324219,
      14.336642265319824,
      15.408646583557129,
      14.042094230651855,
      11.56308364868164,
      18.12257957458496,
      4.947543144226074,
      14.550284385681152,
      0.9946096539497375,
      6.314764499664307,
      -0.006895001046359539
    ],
    [
      0.060442063957452774,
      -0.004278700798749924,
      -0.07551432400941849,
      0.057808637619018555,
      -0.054181281477212906,
      0.05558612942695618,
      -0.03631450980901718,
      -0.028184840455651283,
      -0.06118987873196602,
      0.05644546449184418,
      -0.130458265542984,
      -0.02569684386253357,
      -0.017136653885245323,
      -0.015472210943698883,
      -0.036873240023851395,
      -0.0022040146868675947,
      -0.006895001046359539,
      0.0010975732002407312
    ]
  ],
  "damage": -13.52562141418457,
  "diff_bandwidth": 1005.1815185546875,
  "dissonance": 4.380306470905154,
  "drr": 5.566885471343994,
  "dynamics": 5.273036956787109,
  "format": 1245190,
  "frames": 1816512,
  "loudness": -23.75091552734375,
  "loudness_range": 19.047134399414062,
  "loudness_range_short": 19.634809494018555,
  "lowpass_true_peak_15khz": -5.645078182220459,
  "mastering3_acoustic_entropies": [
    {
      "acoustic_entropy": 10.195611953735352,
      "acoustic_entropy_mono": 9.924254417419434,
      "band_eliminated_acoustic_entropies": [
        {
          "acoustic_entropy": 10.19567584991455,
          "acoustic_entropy_side": 10.195611953735352,
          "hz": 129.47220167065723
        },
        {
          "acoustic_entropy": 10.16601276397705,
          "acoustic_entropy_side": 10.195589065551758,
          "hz": 202.92927478742237
        },
        {
          "acoustic_entropy": 10.074124336242676,
          "acoustic_entropy_side": 10.195259094238281,
          "hz": 282.89161906338205
        },
        {
          "acoustic_entropy": 10.107701301574707,
          "acoustic_entropy_side": 10.191168785095215,
          "hz": 369.9353335868758
        },
        {
          "acoustic_entropy": 10.09096622467041,
          "acoustic_entropy_side": 10.182597160339355,
          "hz": 464.6875360973435
        },
        {
          "acoustic_entropy": 10.237493515014648,
          "acoustic_entropy_side": 10.195335388183594,
          "hz": 567.8308811364784
        },
        {
          "acoustic_entropy": 9.911140441894531,
          "acoustic_entropy_side": 10.193763732910156,
          "hz": 680.1084783214808
        },
        {
          "acoustic_entropy": 10.012401580810547,
          "acoustic_entropy_side": 10.178506851196289,
          "hz": 802.3292461747484
        },
        {
          "acoustic_entropy": 9.70355224609375,
          "acoustic_entropy_side": 10.124710083007812,
          "hz": 935.3737400823702
        },
        {
          "acoustic_entropy": 10.104949951171875,
          "acoustic_entropy_side": 10.247003555297852,
          "hz": 1080.2004963696966
        },
        {
          "acoustic_entropy": 9.559161186218262,
          "acoustic_entropy_side": 10.081294059753418,
          "hz": 1237.8529382007157
        },
        {
          "acoustic_entropy": 9.73675537109375,
          "acoustic_entropy_side": 10.172835350036621,
          "hz": 1409.4668930556702
        },
        {
          "acoustic_entropy": 8.815803527832031,
          "acoustic_entropy_side": 10.128544807434082,
          "hz": 1596.2787759475705
        },
        {
          "acoustic_entropy": 9.854092597961426,
          "acoustic_entropy_side": 10.19372844696045,
          "hz": 1799.6344973346393
        },
        {
          "acoustic_entropy": 9.249283790588379,
          "acoustic_entropy_side": 10.197273254394531,
          "hz": 2020.9991599069049
        },
        {
          "acoustic_entropy": 9.964483261108398,
          "acoustic_entropy_side": 10.144328117370605,
          "hz": 2261.9676141086993
        },
        {
          "acoustic_entropy": 9.481135368347168,
          "acoustic_entropy_side": 10.147475242614746,
          "hz": 2524.2759484456974
        },
        {
          "acoustic_entropy": 10.064321517944336,
          "acoustic_entropy_side": 10.174717903137207,
          "hz": 2809.813997359896
        },
        {
          "acoustic_entropy": 10.256278991699219,
          "acoustic_entropy_side": 10.203892707824707,
          "hz": 3120.6389567871424
        },
        {
          "acoustic_entropy": 10.417826652526855,
          "acoustic_entropy_side": 10.196337699890137,
          "hz": 3458.990205492291
        },
        {
          "acoustic_entropy": 9.947381019592285,
          "acoustic_entropy_side": 10.195579528808594,
          "hz": 3827.305438964164
        },
        {
          "acoustic_entropy": 10.10753059387207,
          "acoustic_entropy_side": 10.19560718536377,
          "hz": 4228.238232109126
        },
        {
          "acoustic_entropy": 10.157964706420898,
          "acoustic_entropy_side": 10.19559383392334,
          "hz": 4664.6771572759235
        },
        {
          "acoustic_entropy": 10.197627067565918,
          "acoustic_entropy_side": 10.195611953735352,
          "hz": 5139.766595350093
        },
        {
          "acoustic_entropy": 10.191603660583496,
          "acoustic_entropy_side": 10.195609092712402,
          "hz": 5656.929389854203
        },
        {
          "acoustic_entropy": 10.184006690979004,
          "acoustic_entropy_side": 10.195609092712402,
          "hz": 6219.891507268283
        },
        {
          "acoustic_entropy": 10.194525718688965,
          "acoustic_entropy_side": 10.195610046386719,
          "hz": 6832.70888123896
        },
        {
          "acoustic_entropy": 10.19563102722168,
          "acoustic_entropy_side": 10.195611000061035,
          "hz": 7499.796634079867
        },
        {
          "acoustic_entropy": 10.19516372680664,
          "acoustic_entropy_side": 10.195611953735352,
          "hz": 8225.96088609342
        },
        {
          "acoustic_entropy": 10.19554615020752,
          "acoustic_entropy_side": 10.195611953735352,
          "hz": 9016.43338188839
        },
        {
          "acoustic_entropy": 10.195005416870117,
          "acoustic_entropy_side": 10.195611953735352,
          "hz": 9876.909183162974
        },
        {
          "acoustic_entropy": 10.195475578308105,
          "acoustic_entropy_side": 10.195611953735352,
          "hz": 10813.587699516042
        },
        {
          "acoustic_entropy": 10.195669174194336,
          "acoustic_entropy_side": 10.195611953735352,
          "hz": 11833.21735289826
        },
        {
          "acoustic_entropy": 10.195631980895996,
          "acoustic_entropy_side": 10.195611953735352,
          "hz": 12943.144197493959
        },
        {
          "acoustic_entropy": 10.195613861083984,
          "acoustic_entropy_side": 10.195611953735352,
          "hz": 14151.364845322005
        },
        {
          "acoustic_entropy": 10.195611953735352,
          "acoustic_entropy_side": 10.195611953735352,
          "hz": 15466.58407886509
        },
        {
          "acoustic_entropy": 10.195611953735352,
          "acoustic_entropy_side": 10.195611953735352,
          "hz": 16898.27756580493
        },
        {
          "acoustic_entropy": 10.195611953735352,
          "acoustic_entropy_side": 10.195611953735352,
          "hz": 18456.760127700032
        },
        {
          "acoustic_entropy": 10.195611953735352,
          "acoustic_entropy_side": 10.195611953735352,
          "hz": 20153.260054456492
        },
        {
          "acoustic_entropy": 10.195611953735352,
          "acoustic_entropy_side": 10.195611953735352,
          "hz": 22000.00000000001
        }
      ],
      "diff_acoustic_entropy": 2.2702383995056152,
      "sn": 6
    },
    {
      "acoustic_entropy": 13.383475303649902,
      "acoustic_entropy_mono": 12.680192947387695,
      "band_eliminated_acoustic_entropies": [
        {
          "acoustic_entropy": 13.383684158325195,
          "acoustic_entropy_side": 13.383471488952637,
          "hz": 129.47220167065723
        },
        {
          "acoustic_entropy": 13.293635368347168,
          "acoustic_entropy_side": 13.38331127166748,
          "hz": 202.92927478742237
        },
        {
          "acoustic_entropy": 13.238073348999023,
          "acoustic_entropy_side": 13.381871223449707,
          "hz": 282.89161906338205
        },
        {
          "acoustic_entropy": 13.54996395111084,
          "acoustic_entropy_side": 13.398537635803223,
          "hz": 369.9353335868758
        },
        {
          "acoustic_entropy": 13.24432373046875,
          "acoustic_entropy_side": 13.272509574890137,
          "hz": 464.6875360973435
        },
        {
          "acoustic_entropy": 13.059432029724121,
          "acoustic_entropy_side": 13.37731647491455,
          "hz": 567.8308811364784
        },
        {
          "acoustic_entropy": 12.850398063659668,
          "acoustic_entropy_side": 13.367708206176758,
          "hz": 680.1084783214808
        },
        {
          "acoustic_entropy": 12.657154083251953,
          "acoustic_entropy_side": 13.276487350463867,
          "hz": 802.3292461747484
        },
        {
          "acoustic_entropy": 13.315279006958008,
          "acoustic_entropy_side": 12.984233856201172,
          "hz": 935.3737400823702
        },
        {
          "acoustic_entropy": 12.823841094970703,
          "acoustic_entropy_side": 13.373758316040039,
          "hz": 1080.2004963696966
        },
        {
          "acoustic_entropy": 13.108004570007324,
          "acoustic_entropy_side": 13.02503490447998,
          "hz": 1237.8529382007157
        },
        {
          "acoustic_entropy": 12.790043830871582,
          "acoustic_entropy_side": 13.193989753723145,
          "hz": 1409.4668930556702
        },
        {
          "acoustic_entropy": 12.74087905883789,
          "acoustic_entropy_side": 12.986145973205566,
          "hz": 1596.2787759475705
        },
        {
          "acoustic_entropy": 13.628379821777344,
          "acoustic_entropy_side": 13.391778945922852,
          "hz": 1799.6344973346393
        },
        {
          "acoustic_entropy": 12.551782608032227,
          "acoustic_entropy_side": 13.405029296875,
          "hz": 2020.9991599069049
        },
        {
          "acoustic_entropy": 13.295504570007324,
          "acoustic_entropy_side": 13.244454383850098,
          "hz": 2261.9676141086993
        },
        {
          "acoustic_entropy": 12.356630325317383,
          "acoustic_entropy_side": 13.420207023620605,
          "hz": 2524.2759484456974
        },
        {
          "acoustic_entropy": 13.215699195861816,
          "acoustic_entropy_side": 13.286650657653809,
          "hz": 2809.813997359896
        },
        {
          "acoustic_entropy": 12.569509506225586,
          "acoustic_entropy_side": 13.380788803100586,
          "hz": 3120.6389567871424
        },
        {
          "acoustic_entropy": 13.204352378845215,
          "acoustic_entropy_side": 13.380999565124512,
          "hz": 3458.990205492291
        },
        {
          "acoustic_entropy": 13.263138771057129,
          "acoustic_entropy_side": 13.386727333068848,
          "hz": 3827.305438964164
        },
        {
          "acoustic_entropy": 13.280973434448242,
          "acoustic_entropy_side": 13.381166458129883,
          "hz": 4228.238232109126
        },
        {
          "acoustic_entropy": 13.193098068237305,
          "acoustic_entropy_side": 13.38162899017334,
          "hz": 4664.6771572759235
        },
        {
          "acoustic_entropy": 13.432951927185059,
          "acoustic_entropy_side": 13.383484840393066,
          "hz": 5139.766595350093
        },
        {
          "acoustic_entropy": 13.470928192138672,
          "acoustic_entropy_side": 13.38349723815918,
          "hz": 5656.929389854203
        },
        {
          "acoustic_entropy": 13.416839599609375,
          "acoustic_entropy_side": 13.383520126342773,
          "hz": 6219.891507268283
        },
        {
          "acoustic_entropy": 13.352789878845215,
          "acoustic_entropy_side": 13.383472442626953,
          "hz": 6832.70888123896
        },
        {
          "acoustic_entropy": 13.354973793029785,
          "acoustic_entropy_side": 13.383467674255371,
          "hz": 7499.796634079867
        },
        {
          "acoustic_entropy": 13.374109268188477,
          "acoustic_entropy_side": 13.38347339630127,
          "hz": 8225.96088609342
        },
        {
          "acoustic_entropy": 13.374099731445312,
          "acoustic_entropy_side": 13.38347339630127,
          "hz": 9016.43338188839
        },
        {
          "acoustic_entropy": 13.37540054321289,
          "acoustic_entropy_side": 13.38347339630127,
          "hz": 9876.909183162974
        },
        {
          "acoustic_entropy": 13.384109497070312,
          "acoustic_entropy_side": 13.383475303649902,
          "hz": 10813.587699516042
        },
        {
          "acoustic_entropy": 13.385083198547363,
          "acoustic_entropy_side": 13.383475303649902,
          "hz": 11833.21735289826
        },
        {
          "acoustic_entropy": 13.38369083404541,
          "acoustic_entropy_side": 13.383475303649902,
          "hz": 12943.144197493959
        },
        {
          "acoustic_entropy": 13.383502960205078,
          "acoustic_entropy_side": 13.383475303649902,
          "hz": 14151.364845322005
        },
        {
          "acoustic_entropy": 13.383463859558105,
          "acoustic_entropy_side": 13.383475303649902,
          "hz": 15466.58407886509
        },
        {
          "acoustic_entropy": 13.38347053527832,
          "acoustic_entropy_side": 13.383475303649902,
          "hz": 16898.27756580493
        },
        {
          "acoustic_entropy": 13.383474349975586,
          "acoustic_entropy_side": 13.383475303649902,
          "hz": 18456.760127700032
        },
        {
          "acoustic_entropy": 13.383475303649902,
          "acoustic_entropy_side": 13.383475303649902,
          "hz": 20153.260054456492
        },
        {
          "acoustic_entropy": 13.383475303649902,
          "acoustic_entropy_side": 13.383475303649902,
          "hz": 22000.00000000001
        }
      ],
      "diff_acoustic_entropy": 3.1309781074523926,
      "sn": 12
    },
    {
      "acoustic_entropy": 18.389726638793945,
      "acoustic_entropy_mono": 17.008895874023438,
      "band_eliminated_acoustic_entropies": [
        {
          "acoustic_entropy": 18.410680770874023,
          "acoustic_entropy_side": 18.38976287841797,
          "hz": 129.47220167065723
        },
        {
          "acoustic_entropy": 18.31320571899414,
          "acoustic_entropy_side": 18.39690589904785,
          "hz": 202.92927478742237
        },
        {
          "acoustic_entropy": 18.02191162109375,
          "acoustic_entropy_side": 18.35580062866211,
          "hz": 282.89161906338205
        },
        {
          "acoustic_entropy": 18.168310165405273,
          "acoustic_entropy_side": 18.15582847595215,
          "hz": 369.9353335868758
        },
        {
          "acoustic_entropy": 18.284666061401367,
          "acoustic_entropy_side": 18.441049575805664,
          "hz": 464.6875360973435
        },
        {
          "acoustic_entropy": 17.944210052490234,
          "acoustic_entropy_side": 18.441295623779297,
          "hz": 567.8308811364784
        },
        {
          "acoustic_entropy": 18.333696365356445,
          "acoustic_entropy_side": 18.678619384765625,
          "hz": 680.1084783214808
        },
        {
          "acoustic_entropy": 17.841428756713867,
          "acoustic_entropy_side": 17.9368953704834,
          "hz": 802.3292461747484
        },
        {
          "acoustic_entropy": 18.109777450561523,
          "acoustic_entropy_side": 18.345134735107422,
          "hz": 935.3737400823702
        },
        {
          "acoustic_entropy": 18.433551788330078,
          "acoustic_entropy_side": 18.30577850341797,
          "hz": 1080.2004963696966
        },
        {
          "acoustic_entropy": 18.306861877441406,
          "acoustic_entropy_side": 18.34661102294922,
          "hz": 1237.8529382007157
        },
        {
          "acoustic_entropy": 18.926786422729492,
          "acoustic_entropy_side": 18.873313903808594,
          "hz": 1409.4668930556702
        },
        {
          "acoustic_entropy": 18.179628372192383,
          "acoustic_entropy_side": 18.2126407623291,
          "hz": 1596.2787759475705
        },
        {
          "acoustic_entropy": 18.30211639404297,
          "acoustic_entropy_side": 18.17466163635254,
          "hz": 1799.6344973346393
        },
        {
          "acoustic_entropy": 18.03485107421875,
          "acoustic_entropy_side": 18.100830078125,
          "hz": 2020.9991599069049
        },
        {
          "acoustic_entropy": 19.314971923828125,
          "acoustic_entropy_side": 18.724674224853516,
          "hz": 2261.9676141086993
        },
        {
          "acoustic_entropy": 18.35012435913086,
          "acoustic_entropy_side": 18.388813018798828,
          "hz": 2524.2759484456974
        },
        {
          "acoustic_entropy": 19.017013549804688,
