{
  "acoustic_entropy": 197.2740020751953,
  "bands": [
    {
      "high_freq": 148.1999969482422,
      "loudness": -32.92833709716797,
      "loudness_range": 29.630508422851562,
      "mid_mean": -30.097740173339844,
      "mid_to_side_loudness": -15.04062271118164,
      "mid_to_side_loudness_range": 26.061237335205078,
      "side_mean": -46.4650764465332
    },
    {
      "high_freq": 392.3793640136719,
      "loudness": -27.23756217956543,
      "loudness_range": 16.9982852935791,
      "low_freq": 148.1999969482422,
      "mid_mean": -25.17365074157715,
      "mid_to_side_loudness": -5.628741264343262,
      "mid_to_side_loudness_range": 13.676765441894531,
      "side_mean": -30.119873046875
    },
    {
      "high_freq": 794.6976318359375,
      "loudness": -24.8159122467041,
      "loudness_range": 16.07035255432129,
      "low_freq": 392.3793640136719,
      "mid_mean": -23.522441864013672,
      "mid_to_side_loudness": -4.871447563171387,
      "mid_to_side_loudness_range": 15.7724609375,
      "side_mean": -27.509193420410156
    },
    {
      "high_freq": 1457.5709228515625,
      "loudness": -28.651737213134766,
      "loudness_range": 20.396080017089844,
      "low_freq": 794.6976318359375,
      "mid_mean": -25.78738021850586,
      "mid_to_side_loudness": -10.072473526000977,
      "mid_to_side_loudness_range": 15.5582275390625,
      "side_mean": -36.020809173583984
    },
    {
      "high_freq": 2549.74365234375,
      "loudness": -31.52015495300293,
      "loudness_range": 20.41179847717285,
      "low_freq": 1457.5709228515625,
      "mid_mean": -28.789575576782227,
      "mid_to_side_loudness": -9.894192695617676,
      "mid_to_side_loudness_range": 14.256284713745117,
      "side_mean": -38.65822219848633
    },
    {
      "high_freq": 4349.24462890625,
      "loudness": -35.1679573059082,
      "loudness_range": 23.23200035095215,
      "low_freq": 2549.74365234375,
      "mid_mean": -32.57615280151367,
      "mid_to_side_loudness": -10.400893211364746,
      "mid_to_side_loudness_range": 15.425561904907227,
      "side_mean": -43.38620376586914
    },
    {
      "high_freq": 7314.1640625,
      "loudness": -42.60239028930664,
      "loudness_range": 23.020214080810547,
      "low_freq": 4349.24462890625,
      "mid_mean": -40.97415542602539,
      "mid_to_side_loudness": -12.363944053649902,
      "mid_to_side_loudness_range": 17.0832462310791,
      "side_mean": -55.67534255981445
    },
    {
      "high_freq": 12199.2666015625,
      "loudness": -53.61211395263672,
      "loudness_range": 24.44854736328125,
      "low_freq": 7314.1640625,
      "mid_mean": -54.030460357666016,
      "mid_to_side_loudness": -8.42993450164795,
      "mid_to_side_loudness_range": 11.362712860107422,
      "side_mean": -60.9514274597168
    },
    {
      "loudness": -63.505191802978516,
      "loudness_range": 28.08115005493164,
      "low_freq": 12199.2666015625,
      "mid_mean": -60.27655029296875,
      "mid_to_side_loudness": -5.1742424964904785,
      "mid_to_side_loudness_range": 7.417545318603516,
      "side_mean": -64.124755859375
    }
  ],
  "bands_short": [
    {
      "high_freq": 148.1999969482422,
      "loudness": -44.25456237792969,
      "loudness_range": 43.31752014160156,
      "mid_mean": -42.22845458984375,
      "mid_to_side_loudness": -11.23757553100586,
      "mid_to_side_loudness_range": 22.072612762451172,
      "side_mean": -54.514671325683594
    },
    {
      "high_freq": 392.3793640136719,
      "loudness": -28.046422958374023,
      "loudness_range": 19.758052825927734,
      "low_freq": 148.1999969482422,
      "mid_mean": -26.229238510131836,
      "mid_to_side_loudness": -6.930231094360352,
      "mid_to_side_loudness_range": 20.007301330566406,
      "side_mean": -32.10926818847656
    },
    {
      "high_freq": 794.6976318359375,
      "loudness": -26.570568084716797,
      "loudness_range": 23.27528953552246,
      "low_freq": 392.3793640136719,
      "mid_mean": -25.45111656188965,
      "mid_to_side_loudness": -5.3349809646606445,
      "mid_to_side_loudness_range": 19.554222106933594,
      "side_mean": -29.671653747558594
    },
    {
      "high_freq": 1457.5709228515625,
      "loudness": -29.226572036743164,
      "loudness_range": 23.341018676757812,
      "low_freq": 794.6976318359375,
      "mid_mean": -26.899126052856445,
      "mid_to_side_loudness": -9.234809875488281,
      "mid_to_side_loudness_range": 19.972347259521484,
      "side_mean": -36.127132415771484
    },
    {
      "high_freq": 2549.74365234375,
      "loudness": -33.05137252807617,
      "loudness_range": 23.625885009765625,
      "low_freq": 1457.5709228515625,
      "mid_mean": -30.91471290588379,
      "mid_to_side_loudness": -8.545999526977539,
      "mid_to_side_loudness_range": 18.6898136138916,
      "side_mean": -39.54828643798828
    },
    {
      "high_freq": 4349.24462890625,
      "loudness": -36.59084701538086,
      "loudness_range": 27.064701080322266,
      "low_freq": 2549.74365234375,
      "mid_mean": -34.612205505371094,
      "mid_to_side_loudness": -8.810665130615234,
      "mid_to_side_loudness_range": 18.7197322845459,
      "side_mean": -44.024600982666016
    },
    {
      "high_freq": 7314.1640625,
      "loudness": -45.05876922607422,
      "loudness_range": 30.395334243774414,
      "low_freq": 4349.24462890625,
      "mid_mean": -44.055625915527344,
      "mid_to_side_loudness": -10.227972984313965,
      "mid_to_side_loudness_range": 19.120513916015625,
      "side_mean": -56.42662048339844
    },
    {
      "high_freq": 12199.2666015625,
      "loudness": -55.18008804321289,
      "loudness_range": 27.977497100830078,
      "low_freq": 7314.1640625,
      "mid_mean": -56.11290740966797,
      "mid_to_side_loudness": -7.383168697357178,
      "mid_to_side_loudness_range": 12.500129699707031,
      "side_mean": -61.80508041381836
    },
    {
      "loudness": -65.21047973632812,
      "loudness_range": 28.988780975341797,
      "low_freq": 12199.2666015625,
      "mid_mean": -61.761905670166016,
      "mid_to_side_loudness": -4.433392524719238,
      "mid_to_side_loudness_range": 8.401103019714355,
      "side_mean": -64.94408416748047
    }
  ],
  "bandwidth": 588.1116943359375,
  "channels": 2,
  "covariance": [
    [
      134.84127807617188,
      59.43739318847656,
      26.338275909423828,
      20.72408676147461,
      8.473479270935059,
      2.5522379875183105,
      0.6194325685501099,
      1.3921867609024048,
      -3.1768033504486084,
      -0.3117804527282715,
      -11.32339859008789,
      -0.9815818071365356,
      -20.02475357055664,
      -3.1811134815216064,
      -5.798041343688965,
      -5.6908416748046875,
      -9.286407470703125,
      -8.199271202087402
    ],
    [
      59.43739318847656,
      90.5584487915039,
      5.785479545593262,
      7.459092140197754,
      0.6839473843574524,
      -2.8995399475097656,
      -5.393111228942871,
      -7.531720161437988,
      0.6796491146087646,
      -0.4111763536930084,
      -6.22507905960083,
      -2.161597728729248,
      -12.826918601989746,
      -4.374244213104248,
      -4.932182312011719,
      -3.9151041507720947,
      -7.220146656036377,
      -4.121204376220703
    ],
    [
      26.338275909423828,
      5.785479545593262,
      36.007965087890625,
      32.4460563659668,
      15.336511611938477,
      15.22215461730957,
      16.465465545654297,
      15.341832160949707,
      15.30654239654541,
      12.765005111694336,
      10.763084411621094,
      10.844245910644531,
      9.561484336853027,
      16.884428024291992,
      20.47186279296875,
      10.735709190368652,
      10.917192459106445,
      6.157535076141357
    ],
    [
      20.72408676147461,
      7.459092140197754,
      32.4460563659668,
      56.55139923095703,
      15.965752601623535,
      21.897573471069336,
      20.084726333618164,
      18.295866012573242,
      18.7420597076416,
      13.8092041015625,
      15.580491065979004,
      11.305980682373047,
      14.32123851776123,
      18.89111328125,
      23.314176559448242,
      12.939730644226074,
      13.823369026184082,
      8.156327247619629
    ],
    [
      8.473479270935059,
      0.6839473843574524,
      15.336511611938477,
      15.965752601623535,
      51.09632873535156,
      37.53421401977539,
      30.888996124267578,
      27.031932830810547,
      34.329811096191406,
      28.241430282592773,
      34.898494720458984,
      30.330398559570312,
      33.74032211303711,
      29.303281784057617,
      35.961158752441406,
      21.306591033935547,
      22.9046573638916,
      12.86447525024414
    ],
    [
      2.5522379875183105,
      -2.8995399475097656,
      15.22215461730957,
      21.897573471069336,
      37.53421401977539,
      59.136470794677734,
      26.83883285522461,
      28.80828094482422,
      28.710020065307617,
      28.085630416870117,
      30.685104370117188,
      29.063568115234375,
      36.328895568847656,
      29.497692108154297,
      31.965572357177734,
      21.970552444458008,
      24.16399574279785,
      15.48995590209961
    ],
    [
      0.6194325685501099,
      -5.393111228942871,
      16.465465545654297,
      20.084726333618164,
      30.888996124267578,
      26.83883285522461,
      57.956268310546875,
      37.09726333618164,
      48.024383544921875,
      35.574588775634766,
      52.318424224853516,
      42.62963104248047,
      56.35762023925781,
      46.90654373168945,
      57.235652923583984,
      36.59260559082031,
      40.48902893066406,
      26.74944496154785
    ],
    [
      1.3921867609024048,
      -7.531720161437988,
      15.341832160949707,
      18.295866012573242,
      27.031932830810547,
      28.80828094482422,
      37.09726333618164,
      41.27249526977539,
      31.38995933532715,
      32.44189453125,
      34.073543548583984,
      34.780460357666016,
      38.2951545715332,
      37.152809143066406,
      40.22980499267578,
      26.97102928161621,
      28.6943302154541,
      18.98419952392578
    ],
    [
      -3.1768033504486084,
      0.6796491146087646,
      15.30654239654541,
      18.7420597076416,
      34.329811096191406,
      28.710020065307617,
      48.024383544921875,
      31.38995933532715,
      60.19746398925781,
      40.04728698730469,
      58.972412109375,
      43.9644775390625,
      61.50142288208008,
      51.25284194946289,
      62.69062423706055,
      39.977970123291016,
      45.52439880371094,
      30.67054557800293
    ],
    [
      -0.3117804527282715,
      -0.4111763536930084,
      12.765005111694336,
      13.8092041015625,
      28.241430282592773,
      28.085630416870117,
      35.574588775634766,
      32.44189453125,
      40.04728698730469,
      41.53368377685547,
      41.209007263183594,
      39.37543487548828,
      42.4272346496582,
      43.05950164794922,
      45.93716049194336,
      31.772310256958008,
      32.66836166381836,
      22.039085388183594
    ],
    [
      -11.32339859008789,
      -6.22507905960083,
      10.763084411621094,
      15.580491065979004,
      34.898494720458984,
      30.685104370117188,
      52.318424224853516,
      34.073543548583984,
      58.972412109375,
      41.209007263183594,
      85.6729507446289,
      55.544673919677734,
      82.26435852050781,
      62.898433685302734,
      78.25239562988281,
      51.716793060302734,
      60.14341735839844,
      41.11875534057617
    ],
    [
      -0.9815818071365356,
      -2.161597728729248,
      10.844245910644531,
      11.305980682373047,
      30.330398559570312,
      29.063568115234375,
      42.62963104248047,
      34.780460357666016,
      43.9644775390625,
      39.37543487548828,
      55.544673919677734,
      54.207008361816406,
      57.422950744628906,
      51.878875732421875,
      57.763336181640625,
      39.98196792602539,
      42.55718231201172,
      28.918107986450195
    ],
    [
      -20.02475357055664,
      -12.826918601989746,
      9.561484336853027,
      14.32123851776123,
      33.74032211303711,
      36.328895568847656,
      56.35762023925781,
      38.2951545715332,
      61.50142288208008,
      42.4272346496582,
      82.26435852050781,
      57.422950744628906,
      110.14854431152344,
      71.17530822753906,
      86.74908447265625,
      57.57625198364258,
      68.79193878173828,
      47.86338424682617
    ],
    [
      -3.1811134815216064,
      -4.374244213104248,
      16.884428024291992,
      18.89111328125,
      29.303281784057617,
      29.497692108154297,
      46.90654373168945,
      37.152809143066406,
      51.25284194946289,
      43.05950164794922,
      62.898433685302734,
      51.878875732421875,
      71.17530822753906,
      80.69330596923828,
      88.40725708007812,
      58.07363510131836,
      63.92799377441406,
      43.35649871826172
    ],
    [
      -5.798041343688965,
      -4.932182312011719,
      20.47186279296875,
      23.314176559448242,
      35.961158752441406,
      31.965572357177734,
      57.235652923583984,
      40.22980499267578,
      62.69062423706055,
      45.93716049194336,
      78.25239562988281,
      57.763336181640625,
      86.74908447265625,
      88.40725708007812,
      107.35812377929688,
      67.89672088623047,
      76.81554412841797,
      51.563636779785156
    ],
    [
      -5.6908416748046875,
      -3.9151041507720947,
      10.735709190368652,
      12.939730644226074,
      21.306591033935547,
      21.970552444458008,
      36.59260559082031,
      26.97102928161621,
      39.977970123291016,
      31.772310256958008,
      51.716793060302734,
      39.98196792602539,
      57.57625198364258,
      58.07363510131836,
      67.89672088623047,
      46.02047348022461,
      50.60921859741211,
      35.17817687988281
    ],
    [
      -9.286407470703125,
      -7.220146656036377,
      10.917192459106445,
      13.823369026184082,
      22.9046573638916,
      24.16399574279785,
      40.48902893066406,
      28.6943302154541,
      45.52439880371094,
      32.66836166381836,
      60.14341735839844,
      42.55718231201172,
      68.79193878173828,
      63.92799377441406,
      76.81554412841797,
      50.60921859741211,
      61.445404052734375,
      42.89081573486328
    ],
    [
      -8.199271202087402,
      -4.121204376220703,
      6.157535076141357,
      8.156327247619629,
      12.86447525024414,
      15.48995590209961,
      26.74944496154785,
      18.98419952392578,
      30.67054557800293,
      22.039085388183594,
      41.11875534057617,
      28.918107986450195,
      47.86338424682617,
      43.35649871826172,
      51.563636779785156,
      35.17817687988281,
      42.89081573486328,
      31.591732025146484
    ]
  ],
  "covariance_short": [
    [
      214.44970703125,
      122.67311096191406,
      52.91823959350586,
      35.71732711791992,
      29.30417251586914,
      19.411052703857422,
      4.196499824523926,
      2.210219144821167,
      13.20397663116455,
      4.75110387802124,
      -3.790811538696289,
      -2.73380970954895,
      -11.452935218811035,
      -9.176048278808594,
      -2.12644100189209,
      -6.8231635093688965,
      -9.51544189453125,
      -9.092617988586426
    ],
    [
      122.67311096191406,
      118.7938003540039,
      25.190784454345703,
      25.67693519592285,
      15.342467308044434,
      13.892080307006836,
      2.2561898231506348,
      -0.3454345762729645,
      11.699149131774902,
      4.878857135772705,
      -3.8076229095458984,
      -1.5772581100463867,
      -12.337275505065918,
      8.485812187194824,
      11.881449699401855,
      3.2654998302459717,
      -0.4469689130783081,
      -2.4126036167144775
    ],
    [
      52.91823959350586,
      25.190784454345703,
      55.98752212524414,
      42.899147033691406,
      25.608489990234375,
      24.119537353515625,
      23.77313995361328,
      16.78980255126953,
      23.240434646606445,
      12.898728370666504,
      17.83883285522461,
      13.851308822631836,
      21.85298728942871,
      14.911170959472656,
      22.43581771850586,
      10.964327812194824,
      11.862964630126953,
      6.798656463623047
    ],
    [
      35.71732711791992,
      25.67693519592285,
      42.899147033691406,
      82.62873840332031,
      27.636953353881836,
      42.57594299316406,
      28.505205154418945,
      22.18244171142578,
      26.929271697998047,
      15.178605079650879,
      24.880977630615234,
      16.281343460083008,
      30.02940559387207,
      18.59992027282715,
      26.740032196044922,
      13.98024845123291,
      15.695964813232422,
      9.264993667602539
    ],
    [
      29.30417251586914,
      15.342467308044434,
      25.608489990234375,
      27.636953353881836,
      73.55928802490234,
      53.86944580078125,
      41.91193389892578,
      32.677528381347656,
      43.69488525390625,
      32.54325485229492,
      42.819087982177734,
      36.89324951171875,
      50.67921447753906,
      33.72530746459961,
      44.464908599853516,
      25.293346405029297,
      26.87393569946289,
      14.859612464904785
    ],
    [
      19.411052703857422,
      13.892080307006836,
      24.119537353515625,
      42.57594299316406,
      53.86944580078125,
      85.5170669555664,
      36.83602523803711,
      35.07710647583008,
      36.873592376708984,
      31.875368118286133,
      37.075443267822266,
      34.98622512817383,
      43.94696044921875,
      31.454978942871094,
      37.0004768371582,
      24.27043914794922,
      25.34922218322754,
      15.81983470916748
    ],
    [
      4.196499824523926,
      2.2561898231506348,
      23.77313995361328,
      28.505205154418945,
      41.91193389892578,
      36.83602523803711,
      78.87081909179688,
      45.8256950378418,
      68.10990905761719,
      42.50896072387695,
      74.6744384765625,
      53.7448844909668,
      85.53916931152344,
      57.31159973144531,
      73.66034698486328,
      45.48578643798828,
      51.94192123413086,
      34.005794525146484
    ],
    [
      2.210219144821167,
      -0.3454345762729645,
      16.78980255126953,
      22.18244171142578,
      32.677528381347656,
      35.07710647583008,
      45.8256950378418,
      59.428558349609375,
      41.017303466796875,
      37.715030670166016,
      42.65224075317383,
      42.103515625,
      49.071990966796875,
      42.76811599731445,
      44.42228317260742,
      30.469371795654297,
      30.997480392456055,
      20.92919158935547
    ],
    [
      13.20397663116455,
      11.699149131774902,
      23.240434646606445,
      26.929271697998047,
      43.69488525390625,
      36.873592376708984,
      68.10990905761719,
      41.017303466796875,
      87.44271850585938,
      47.430335998535156,
      81.00739288330078,
      55.6347770690918,
      90.75186920166016,
      60.8347282409668,
      80.7799072265625,
      49.041011810302734,
      56.573219299316406,
      36.57410430908203
    ],
    [
      4.75110387802124,
      4.878857135772705,
      12.898728370666504,
      15.178605079650879,
      32.54325485229492,
      31.875368118286133,
      42.50896072387695,
      37.715030670166016,
      47.430335998535156,
      50.5095100402832,
      45.89939880371094,
      44.45649337768555,
      51.85626220703125,
      47.1298828125,
      49.66054153442383,
      33.673248291015625,
      33.06743240356445,
      21.70282554626465
    ],
    [
      -3.790811538696289,
      -3.8076229095458984,
      17.83883285522461,
      24.880977630615234,
      42.819087982177734,
      37.075443267822266,
      74.6744384765625,
      42.65224075317383,
      81.00739288330078,
      45.89939880371094,
      116.24931335449219,
      66.00411224365234,
      116.26091003417969,
      73.18364715576172,
      100.41535186767578,
      62.8142204284668,
      73.64188385009766,
      48.587646484375
    ],
    [
      -2.73380970954895,
      -1.5772581100463867,
      13.851308822631836,
      16.281343460083008,
      36.89324951171875,
      34.98622512817383,
      53.7448844909668,
      42.103515625,
      55.6347770690918,
      44.45649337768555,
      66.00411224365234,
      66.51315307617188,
      72.7061538696289,
      58.772003173828125,
      66.81023406982422,
      44.9444580078125,
      46.6657829284668,
      31.222997665405273
    ],
    [
      -11.452935218811035,
      -12.337275505065918,
      21.85298728942871,
      30.02940559387207,
      50.67921447753906,
      43.94696044921875,
      85.53916931152344,
      49.071990966796875,
      90.75186920166016,
      51.85626220703125,
      116.26091003417969,
      72.7061538696289,
      151.9454345703125,
      86.74051666259766,
      116.58080291748047,
      73.24964904785156,
      86.7552261352539,
      57.631492614746094
    ],
    [
      -9.176048278808594,
      8.485812187194824,
      14.911170959472656,
      18.59992027282715,
      33.72530746459961,
      31.454978942871094,
      57.31159973144531,
      42.76811599731445,
      60.8347282409668,
      47.1298828125,
      73.18364715576172,
      58.772003173828125,
      86.74051666259766,
      85.57614135742188,
      91.38507080078125,
      60.186092376708984,
      63.31208801269531,
      42.48782730102539
    ],
    [
      -2.12644100189209,
      11.881449699401855,
      22.43581771850586,
      26.740032196044922,
      44.464908599853516,
      37.0004768371582,
      73.66034698486328,
      44.42228317260742,
      80.7799072265625,
      49.66054153442383,
      100.41535186767578,
      66.81023406982422,
      116.58080291748047,
      91.38507080078125,
      119.15827941894531,
      73.54505157470703,
      83.08104705810547,
      54.64020538330078
    ],
    [
      -6.8231635093688965,
      3.2654998302459717,
      10.964327812194824,
      13.98024845123291,
      25.293346405029297,
      24.27043914794922,
      45.48578643798828,
      30.469371795654297,
      49.041011810302734,
      33.673248291015625,
      62.8142204284668,
      44.9444580078125,
      73.24964904785156,
      60.186092376708984,
      73.54505157470703,
      49.898582458496094,
      53.07670593261719,
      36.30677795410156
    ],
    [
      -9.51544189453125,
      -0.4469689130783081,
      11.862964630126953,
      15.695964813232422,
      26.87393569946289,
      25.34922218322754,
      51.94192123413086,
      30.997480392456055,
      56.573219299316406,
      33.06743240356445,
      73.64188385009766,
      46.6657829284668,
      86.7552261352539,
      63.31208801269531,
      83.08104705810547,
      53.07670593261719,
      65.85506439208984,
      44.43981170654297
    ],
    [
      -9.092617988586426,
      -2.4126036167144775,
      6.798656463623047,
      9.264993667602539,
      14.859612464904785,
      15.81983470916748,
      34.005794525146484,
      20.92919158935547,
      36.57410430908203,
      21.70282554626465,
      48.587646484375,
      31.222997665405273,
      57.631492614746094,
      42.48782730102539,
      54.64020538330078,
      36.30677795410156,
      44.43981170654297,
      32.19831466674805
    ]
  ],
  "damage": -8.615694999694824,
  "diff_bandwidth": 571.8067626953125,
  "dissonance": 5.192995285525516,
  "drr": 2.000882863998413,
  "dynamics": 3.927053213119507,
  "format": 1245190,
  "frames": 2564096,
  "loudness": -14.841263771057129,
  "loudness_range": 11.48008918762207,
  "loudness_range_short": 19.65604019165039,
  "lowpass_true_peak_15khz": -0.09745868295431137,
  "mastering3_acoustic_entropies": [
    {
      "acoustic_entropy": 10.695743560791016,
      "acoustic_entropy_mono": 10.855381965637207,
      "band_eliminated_acoustic_entropies": [
        {
          "acoustic_entropy": 10.534814834594727,
          "acoustic_entropy_side": 10.695670127868652,
          "hz": 129.47220167065723
        },
        {
          "acoustic_entropy": 9.640168190002441,
          "acoustic_entropy_side": 10.688811302185059,
          "hz": 202.92927478742237
        },
        {
          "acoustic_entropy": 11.018461227416992,
          "acoustic_entropy_side": 10.807662010192871,
          "hz": 282.89161906338205
        },
        {
          "acoustic_entropy": 11.08910846710205,
          "acoustic_entropy_side": 10.873451232910156,
          "hz": 369.9353335868758
        },
        {
          "acoustic_entropy": 10.24769115447998,
          "acoustic_entropy_side": 10.737300872802734,
          "hz": 464.6875360973435
        },
        {
          "acoustic_entropy": 10.900077819824219,
          "acoustic_entropy_side": 10.93416690826416,
          "hz": 567.8308811364784
        },
        {
          "acoustic_entropy": 9.628668785095215,
          "acoustic_entropy_side": 10.413125991821289,
          "hz": 680.1084783214808
        },
        {
          "acoustic_entropy": 10.67884349822998,
          "acoustic_entropy_side": 10.9788818359375,
          "hz": 802.3292461747484
        },
        {
          "acoustic_entropy": 11.602669715881348,
          "acoustic_entropy_side": 11.097762107849121,
          "hz": 935.3737400823702
        },
        {
          "acoustic_entropy": 10.57247543334961,
          "acoustic_entropy_side": 10.722557067871094,
          "hz": 1080.2004963696966
        },
        {
          "acoustic_entropy": 11.122084617614746,
          "acoustic_entropy_side": 10.697336196899414,
          "hz": 1237.8529382007157
        },
        {
          "acoustic_entropy": 11.135808944702148,
          "acoustic_entropy_side": 10.666306495666504,
          "hz": 1409.4668930556702
        },
        {
          "acoustic_entropy": 10.748281478881836,
          "acoustic_entropy_side": 10.70553207397461,
          "hz": 1596.2787759475705
        },
        {
          "acoustic_entropy": 10.203262329101562,
          "acoustic_entropy_side": 10.718493461608887,
          "hz": 1799.6344973346393
        },
        {
          "acoustic_entropy": 10.717470169067383,
          "acoustic_entropy_side": 10.680702209472656,
          "hz": 2020.9991599069049
        },
        {
          "acoustic_entropy": 10.574974060058594,
          "acoustic_entropy_side": 10.721640586853027,
          "hz": 2261.9676141086993
        },
        {
          "acoustic_entropy": 10.671658515930176,
          "acoustic_entropy_side": 10.678722381591797,
          "hz": 2524.2759484456974
        },
        {
          "acoustic_entropy": 11.191434860229492,
          "acoustic_entropy_side": 10.786043167114258,
          "hz": 2809.813997359896
        },
        {
          "acoustic_entropy": 11.059406280517578,
          "acoustic_entropy_side": 10.687697410583496,
          "hz": 3120.6389567871424
        },
        {
          "acoustic_entropy": 11.035599708557129,
          "acoustic_entropy_side": 10.705347061157227,
          "hz": 3458.990205492291
        },
        {
          "acoustic_entropy": 10.586661338806152,
          "acoustic_entropy_side": 10.695050239562988,
          "hz": 3827.305438964164
        },
        {
          "acoustic_entropy": 10.496770858764648,
          "acoustic_entropy_side": 10.688970565795898,
          "hz": 4228.238232109126
        },
        {
          "acoustic_entropy": 10.73311996459961,
          "acoustic_entropy_side": 10.6939115524292,
          "hz": 4664.6771572759235
        },
        {
          "acoustic_entropy": 10.798408508300781,
          "acoustic_entropy_side": 10.695576667785645,
          "hz": 5139.766595350093
        },
        {
          "acoustic_entropy": 11.109051704406738,
          "acoustic_entropy_side": 10.694856643676758,
          "hz": 5656.929389854203
        },
        {
          "acoustic_entropy": 10.692764282226562,
          "acoustic_entropy_side": 10.695616722106934,
          "hz": 6219.891507268283
        },
        {
          "acoustic_entropy": 10.692992210388184,
          "acoustic_entropy_side": 10.695718765258789,
          "hz": 6832.70888123896
        },
        {
          "acoustic_entropy": 10.692011833190918,
          "acoustic_entropy_side": 10.695693969726562,
          "hz": 7499.796634079867
        },
        {
          "acoustic_entropy": 10.69648551940918,
          "acoustic_entropy_side": 10.695712089538574,
          "hz": 8225.96088609342
        },
        {
          "acoustic_entropy": 10.695322036743164,
          "acoustic_entropy_side": 10.695724487304688,
          "hz": 9016.43338188839
        },
        {
          "acoustic_entropy": 10.694066047668457,
          "acoustic_entropy_side": 10.695723533630371,
          "hz": 9876.909183162974
        },
        {
          "acoustic_entropy": 10.694742202758789,
          "acoustic_entropy_side": 10.695733070373535,
          "hz": 10813.587699516042
        },
        {
          "acoustic_entropy": 10.695075988769531,
          "acoustic_entropy_side": 10.69573974609375,
          "hz": 11833.21735289826
        },
        {
          "acoustic_entropy": 10.695672988891602,
          "acoustic_entropy_side": 10.695747375488281,
          "hz": 12943.144197493959
        },
        {
          "acoustic_entropy": 10.69577693939209,
          "acoustic_entropy_side": 10.695754051208496,
          "hz": 14151.364845322005
        },
        {
          "acoustic_entropy": 10.695777893066406,
          "acoustic_entropy_side": 10.695748329162598,
          "hz": 15466.58407886509
        },
        {
          "acoustic_entropy": 10.695747375488281,
          "acoustic_entropy_side": 10.695743560791016,
          "hz": 16898.27756580493
        },
        {
          "acoustic_entropy": 10.695747375488281,
          "acoustic_entropy_side": 10.6957426071167,
          "hz": 18456.760127700032
        },
        {
          "acoustic_entropy": 10.695752143859863,
          "acoustic_entropy_side": 10.695744514465332,
          "hz": 20153.260054456492
        },
        {
          "acoustic_entropy": 10.695743560791016,
          "acoustic_entropy_side": 10.6957426071167,
          "hz": 22000.00000000001
        }
      ],
      "diff_acoustic_entropy": 9.927412986755371,
      "sn": 6
    },
    {
      "acoustic_entropy": 16.0346736907959,
      "acoustic_entropy_mono": 15.233749389648438,
      "band_eliminated_acoustic_entropies": [
        {
          "acoustic_entropy": 16.515182495117188,
          "acoustic_entropy_side": 16.0325870513916,
          "hz": 129.47220167065723
        },
        {
          "acoustic_entropy": 15.199470520019531,
          "acoustic_entropy_side": 15.859833717346191,
          "hz": 202.92927478742237
        },
        {
          "acoustic_entropy": 16.019617080688477,
          "acoustic_entropy_side": 15.850723266601562,
          "hz": 282.89161906338205
        },
        {
          "acoustic_entropy": 16.99160385131836,
          "acoustic_entropy_side": 16.45902442932129,
          "hz": 369.9353335868758
        },
        {
          "acoustic_entropy": 14.978658676147461,
          "acoustic_entropy_side": 16.013208389282227,
          "hz": 464.6875360973435
        },
        {
          "acoustic_entropy": 17.561826705932617,
          "acoustic_entropy_side": 16.164785385131836,
          "hz": 567.8308811364784
        },
        {
          "acoustic_entropy": 16.052581787109375,
          "acoustic_entropy_side": 15.600947380065918,
          "hz": 680.1084783214808
        },
        {
          "acoustic_entropy": 15.629861831665039,
          "acoustic_entropy_side": 15.321245193481445,
          "hz": 802.3292461747484
        },
        {
          "acoustic_entropy": 16.659889221191406,
          "acoustic_entropy_side": 16.18977928161621,
          "hz": 935.3737400823702
        },
        {
          "acoustic_entropy": 15.184906005859375,
          "acoustic_entropy_side": 15.514815330505371,
          "hz": 1080.2004963696966
        },
        {
          "acoustic_entropy": 16.033601760864258,
          "acoustic_entropy_side": 16.19586181640625,
          "hz": 1237.8529382007157
        },
        {
          "acoustic_entropy": 16.3419246673584,
          "acoustic_entropy_side": 16.643980026245117,
          "hz": 1409.4668930556702
        },
        {
          "acoustic_entropy": 15.632911682128906,
          "acoustic_entropy_side": 16.078359603881836,
          "hz": 1596.2787759475705
        },
        {
          "acoustic_entropy": 16.078758239746094,
          "acoustic_entropy_side": 15.96459674835205,
          "hz": 1799.6344973346393
        },
        {
          "acoustic_entropy": 15.99493408203125,
          "acoustic_entropy_side": 16.1487979888916,
          "hz": 2020.9991599069049
        },
        {
          "acoustic_entropy": 15.622543334960938,
          "acoustic_entropy_side": 16.12590980529785,
          "hz": 2261.9676141086993
        },
        {
          "acoustic_entropy": 15.602538108825684,
          "acoustic_entropy_side": 16.003437042236328,
          "hz": 2524.2759484456974
        },
        {
          "acoustic_entropy": 15.75954532623291,
          "acoustic_entropy_side": 16.195823669433594,
          "hz": 2809.813997359896
        },
        {
          "acoustic_entropy": 16.12026023864746,
          "acoustic_entropy_side": 15.970721244812012,
          "hz": 3120.6389567871424
        },
        {
          "acoustic_entropy": 16.27875518798828,
          "acoustic_entropy_side": 16.17094612121582,
          "hz": 3458.990205492291
        },
        {
          "acoustic_entropy": 16.03512954711914,
          "acoustic_entropy_side": 16.045978546142578,
          "hz": 3827.305438964164
        },
        {
          "acoustic_entropy": 15.711276054382324,
          "acoustic_entropy_side": 16.02178192138672,
          "hz": 4228.238232109126
        },
        {
          "acoustic_entropy": 16.187053680419922,
          "acoustic_entropy_side": 16.04595947265625,
          "hz": 4664.6771572759235
        },
        {
          "acoustic_entropy": 15.946488380432129,
          "acoustic_entropy_side": 16.022857666015625,
          "hz": 5139.766595350093
        },
        {
          "acoustic_entropy": 16.321107864379883,
          "acoustic_entropy_side": 16.039960861206055,
          "hz": 5656.929389854203
        },
        {
          "acoustic_entropy": 15.75670337677002,
          "acoustic_entropy_side": 16.028879165649414,
          "hz": 6219.891507268283
        },
        {
          "acoustic_entropy": 15.834480285644531,
          "acoustic_entropy_side": 16.0325870513916,
          "hz": 6832.70888123896
        },
        {
          "acoustic_entropy": 15.884078025817871,
          "acoustic_entropy_side": 16.033926010131836,
          "hz": 7499.796634079867
        },
        {
          "acoustic_entropy": 15.962105751037598,
          "acoustic_entropy_side": 16.033655166625977,
          "hz": 8225.96088609342
        },
        {
          "acoustic_entropy": 16.011951446533203,
          "acoustic_entropy_side": 16.03447151184082,
          "hz": 9016.43338188839
        },
        {
          "acoustic_entropy": 16.016040802001953,
          "acoustic_entropy_side": 16.03448486328125,
          "hz": 9876.909183162974
        },
        {
          "acoustic_entropy": 16.02835464477539,
          "acoustic_entropy_side": 16.03460693359375,
          "hz": 10813.587699516042
        },
        {
          "acoustic_entropy": 16.032564163208008,
          "acoustic_entropy_side": 16.034603118896484,
          "hz": 11833.21735289826
        },
        {
          "acoustic_entropy": 16.031085968017578,
          "acoustic_entropy_side": 16.03461265563965,
          "hz": 12943.144197493959
        },
        {
          "acoustic_entropy": 16.02968406677246,
          "acoustic_entropy_side": 16.034561157226562,
          "hz": 14151.364845322005
        },
        {
          "acoustic_entropy": 16.03162956237793,
          "acoustic_entropy_side": 16.034664154052734,
          "hz": 15466.58407886509
        },
        {
          "acoustic_entropy": 16.033573150634766,
          "acoustic_entropy_side": 16.03463363647461,
          "hz": 16898.27756580493
        },
        {
          "acoustic_entropy": 16.034507751464844,
          "acoustic_entropy_side": 16.03468894958496,
          "hz": 18456.760127700032
        },
        {
          "acoustic_entropy": 16.034387588500977,
          "acoustic_entropy_side": 16.034656524658203,
          "hz": 20153.260054456492
        },
        {
          "acoustic_entropy": 16.034549713134766,
          "acoustic_entropy_side": 16.034656524658203,
          "hz": 22000.00000000001
        }
      ],
      "diff_acoustic_entropy": 14.769131660461426,
      "sn": 12
    },
    {
      "acoustic_entropy": 24.19116973876953,
      "acoustic_entropy_mono": 22.040006637573242,
      "band_eliminated_acoustic_entropies": [
        {
          "acoustic_entropy": 23.974018096923828,
          "acoustic_entropy_side": 24.20571517944336,
          "hz": 129.47220167065723
        },
        {
          "acoustic_entropy": 23.978485107421875,
          "acoustic_entropy_side": 24.194421768188477,
          "hz": 202.92927478742237
        },
        {
          "acoustic_entropy": 24.793498992919922,
          "acoustic_entropy_side": 24.66401481628418,
          "hz": 282.89161906338205
        },
        {
          "acoustic_entropy": 24.188379287719727,
          "acoustic_entropy_side": 23.633996963500977,
          "hz": 369.9353335868758
        },
        {
          "acoustic_entropy": 24.904542922973633,
          "acoustic_entropy_side": 24.160058975219727,
          "hz": 464.6875360973435
        },
        {
          "acoustic_entropy": 24.50998306274414,
          "acoustic_entropy_side": 24.897817611694336,
          "hz": 567.8308811364784
        },
        {
          "acoustic_entropy": 23.81934356689453,
          "acoustic_entropy_side": 23.571372985839844,
          "hz": 680.1084783214808
        },
        {
          "acoustic_entropy": 24.321475982666016,
          "acoustic_entropy_side": 23.756555557250977,
          "hz": 802.3292461747484
        },
        {
          "acoustic_entropy": 24.527013778686523,
          "acoustic_entropy_side": 23.594196319580078,
          "hz": 935.3737400823702
        },
        {
          "acoustic_entropy": 24.788270950317383,
          "acoustic_entropy_side": 24.841781616210938,
          "hz": 1080.2004963696966
        },
        {
          "acoustic_entropy": 24.330524444580078,
          "acoustic_entropy_side": 24.414438247680664,
          "hz": 1237.8529382007157
        },
        {
          "acoustic_entropy": 24.016172409057617,
          "acoustic_entropy_side": 23.732065200805664,
          "hz": 1409.4668930556702
        },
        {
          "acoustic_entropy": 24.85332679748535,
          "acoustic_entropy_side": 24.331594467163086,
          "hz": 1596.2787759475705
        },
        {
          "acoustic_entropy": 24.714372634887695,
          "acoustic_entropy_side": 25.091928482055664,
          "hz": 1799.6344973346393
        },
        {
          "acoustic_entropy": 25.1794490814209,
          "acoustic_entropy_side": 24.574514389038086,
          "hz": 2020.9991599069049
        },
        {
          "acoustic_entropy": 24.34441375732422,
          "acoustic_entropy_side": 24.336856842041016,
          "hz": 2261.9676141086993
        },
        {
          "acoustic_entropy": 24.88314437866211,
          "acoustic_entropy_side": 24.37713050842285,
          "hz": 2524.2759484456974
        },
        {
          "acoustic_entropy": 25.188583374023438,
          "acoustic_entropy_side": 24.3710880279541,
          "hz": 2809.813997359896
        },
        {
          "acoustic_entropy": 25.529571533203125,
