{
  "acoustic_entropy": 149.6161346435547,
  "bands": [
    {
      "high_freq": 148.1999969482422,
      "loudness": -27.625404357910156,
      "loudness_range": 7.760150909423828,
      "mid_mean": -24.34789276123047,
      "mid_to_side_loudness": -11.270699501037598,
      "mid_to_side_loudness_range": 12.62141227722168,
      "side_mean": -35.59040451049805
    },
    {
      "high_freq": 392.3793640136719,
      "loudness": -25.1429386138916,
      "loudness_range": 8.980144500732422,
      "low_freq": 148.1999969482422,
      "mid_mean": -21.77508544921875,
      "mid_to_side_loudness": -12.381032943725586,
      "mid_to_side_loudness_range": 7.522367477416992,
      "side_mean": -34.14269256591797
    },
    {
      "high_freq": 794.6976318359375,
      "loudness": -23.699886322021484,
      "loudness_range": 7.7947845458984375,
      "low_freq": 392.3793640136719,
      "mid_mean": -20.373737335205078,
      "mid_to_side_loudness": -11.377056121826172,
      "mid_to_side_loudness_range": 6.8621697425842285,
      "side_mean": -31.806411743164062
    },
    {
      "high_freq": 1457.5709228515625,
      "loudness": -26.77132225036621,
      "loudness_range": 10.36752700805664,
      "low_freq": 794.6976318359375,
      "mid_mean": -23.56245231628418,
      "mid_to_side_loudness": -9.566215515136719,
      "mid_to_side_loudness_range": 3.895988941192627,
      "side_mean": -33.28606414794922
    },
    {
      "high_freq": 2549.74365234375,
      "loudness": -29.872304916381836,
      "loudness_range": 9.662164688110352,
      "low_freq": 1457.5709228515625,
      "mid_mean": -26.73421859741211,
      "mid_to_side_loudness": -9.148241996765137,
      "mid_to_side_loudness_range": 4.01649284362793,
      "side_mean": -35.9287109375
    },
    {
      "high_freq": 4349.24462890625,
      "loudness": -30.26908302307129,
      "loudness_range": 10.160614013671875,
      "low_freq": 2549.74365234375,
      "mid_mean": -27.14806365966797,
      "mid_to_side_loudness": -8.906590461730957,
      "mid_to_side_loudness_range": 4.889790058135986,
      "side_mean": -36.112632751464844
    },
    {
      "high_freq": 7314.1640625,
      "loudness": -35.881221771240234,
      "loudness_range": 18.257780075073242,
      "low_freq": 4349.24462890625,
      "mid_mean": -32.746673583984375,
      "mid_to_side_loudness": -9.892661094665527,
      "mid_to_side_loudness_range": 8.106518745422363,
      "side_mean": -42.85758972167969
    },
    {
      "high_freq": 12199.2666015625,
      "loudness": -46.741966247558594,
      "loudness_range": 21.122119903564453,
      "low_freq": 7314.1640625,
      "mid_mean": -44.111915588378906,
      "mid_to_side_loudness": -11.29180908203125,
      "mid_to_side_loudness_range": 11.198589324951172,
      "side_mean": -56.53974151611328
    },
    {
      "loudness": -65.1650390625,
      "loudness_range": 19.226329803466797,
      "low_freq": 12199.2666015625,
      "mid_mean": -61.598487854003906,
      "mid_to_side_loudness": -9.019904136657715,
      "mid_to_side_loudness_range": 12.074044227600098,
      "side_mean": -67.27440643310547
    }
  ],
  "bands_short": [
    {
      "high_freq": 148.1999969482422,
      "loudness": -30.913711547851562,
      "loudness_range": 13.413610458374023,
      "mid_mean": -27.89645004272461,
      "mid_to_side_loudness": -9.449285507202148,
      "mid_to_side_loudness_range": 10.249520301818848,
      "side_mean": -37.27777862548828
    },
    {
      "high_freq": 392.3793640136719,
      "loudness": -24.992647171020508,
      "loudness_range": 12.765920639038086,
      "low_freq": 148.1999969482422,
      "mid_mean": -21.674570083618164,
      "mid_to_side_loudness": -12.31089973449707,
      "mid_to_side_loudness_range": 9.673847198486328,
      "side_mean": -33.939720153808594
    },
    {
      "high_freq": 794.6976318359375,
      "loudness": -24.156042098999023,
      "loudness_range": 10.990840911865234,
      "low_freq": 392.3793640136719,
      "mid_mean": -20.909997940063477,
      "mid_to_side_loudness": -11.615455627441406,
      "mid_to_side_loudness_range": 8.647457122802734,
      "side_mean": -32.559532165527344
    },
    {
      "high_freq": 1457.5709228515625,
      "loudness": -26.999860763549805,
      "loudness_range": 13.681903839111328,
      "low_freq": 794.6976318359375,
      "mid_mean": -23.823429107666016,
      "mid_to_side_loudness": -10.154051780700684,
      "mid_to_side_loudness_range": 6.452977657318115,
      "side_mean": -34.04123306274414
    },
    {
      "high_freq": 2549.74365234375,
      "loudness": -30.65180015563965,
      "loudness_range": 14.055231094360352,
      "low_freq": 1457.5709228515625,
      "mid_mean": -27.567102432250977,
      "mid_to_side_loudness": -9.535544395446777,
      "mid_to_side_loudness_range": 6.331433296203613,
      "side_mean": -37.11670684814453
    },
    {
      "high_freq": 4349.24462890625,
      "loudness": -31.006031036376953,
      "loudness_range": 14.376665115356445,
      "low_freq": 2549.74365234375,
      "mid_mean": -27.92112922668457,
      "mid_to_side_loudness": -8.956281661987305,
      "mid_to_side_loudness_range": 6.223706245422363,
      "side_mean": -36.94424819946289
    },
    {
      "high_freq": 7314.1640625,
      "loudness": -37.01296615600586,
      "loudness_range": 20.742952346801758,
      "low_freq": 4349.24462890625,
      "mid_mean": -34.117984771728516,
      "mid_to_side_loudness": -9.448375701904297,
      "mid_to_side_loudness_range": 7.896957874298096,
      "side_mean": -43.89315414428711
    },
    {
      "high_freq": 12199.2666015625,
      "loudness": -48.02952575683594,
      "loudness_range": 23.842578887939453,
      "low_freq": 7314.1640625,
      "mid_mean": -46.734622955322266,
      "mid_to_side_loudness": -10.119571685791016,
      "mid_to_side_loudness_range": 11.455164909362793,
      "side_mean": -57.50244903564453
    },
    {
      "loudness": -67.05683135986328,
      "loudness_range": 21.311065673828125,
      "low_freq": 12199.2666015625,
      "mid_mean": -63.149471282958984,
      "mid_to_side_loudness": -7.304545879364014,
      "mid_to_side_loudness_range": 11.880404472351074,
      "side_mean": -67.44966888427734
    }
  ],
  "bandwidth": 607.4356689453125,
  "channels": 2,
  "covariance": [
    [
      19.903820037841797,
      12.418418884277344,
      13.637778282165527,
      11.968929290771484,
      14.314428329467773,
      12.750450134277344,
      15.049293518066406,
      15.077451705932617,
      15.460067749023438,
      15.000701904296875,
      13.722880363464355,
      15.177068710327148,
      9.944600105285645,
      13.945365905761719,
      7.126000881195068,
      12.41891098022461,
      7.196743011474609,
      3.509594202041626
    ],
    [
      12.418418884277344,
      20.45149803161621,
      11.705939292907715,
      13.970937728881836,
      11.52847957611084,
      10.904231071472168,
      12.17330265045166,
      12.219011306762695,
      13.140228271484375,
      12.705224990844727,
      12.493257522583008,
      12.58596420288086,
      8.195454597473145,
      11.360630989074707,
      6.601144790649414,
      9.65598201751709,
      4.268579483032227,
      0.7697919011116028
    ],
    [
      13.637778282165527,
      11.705939292907715,
      18.5483455657959,
      16.00198745727539,
      12.240909576416016,
      13.741607666015625,
      10.864832878112793,
      12.33397388458252,
      14.443639755249023,
      14.343937873840332,
      10.960232734680176,
      11.17991828918457,
      7.687212944030762,
      8.733778953552246,
      8.578470230102539,
      10.283882141113281,
      7.766420841217041,
      2.3839986324310303
    ],
    [
      11.968929290771484,
      13.970937728881836,
      16.00198745727539,
      21.060245513916016,
      12.499053955078125,
      13.192137718200684,
      11.130608558654785,
      13.204044342041016,
      13.481785774230957,
      14.116549491882324,
      9.492606163024902,
      11.653373718261719,
      3.5379951000213623,
      7.8513970375061035,
      -0.10490130633115768,
      6.704941749572754,
      1.9799891710281372,
      1.2525941133499146
    ],
    [
      14.314428329467773,
      11.52847957611084,
      12.240909576416016,
      12.499053955078125,
      18.997880935668945,
      15.71574592590332,
      18.65312385559082,
      18.69890785217285,
      16.591323852539062,
      15.933725357055664,
      15.235368728637695,
      17.462303161621094,
      10.808191299438477,
      16.173227310180664,
      7.597193241119385,
      14.157136917114258,
      7.2270355224609375,
      2.9934134483337402
    ],
    [
      12.750450134277344,
      10.904231071472168,
      13.741607666015625,
      13.192137718200684,
      15.71574592590332,
      20.844751358032227,
      12.905941009521484,
      13.198561668395996,
      14.380230903625488,
      13.438989639282227,
      10.754010200500488,
      13.352459907531738,
      2.8048524856567383,
      5.571768760681152,
      -0.35223567485809326,
      3.906747579574585,
      1.8442003726959229,
      -0.2750246822834015
    ],
    [
      15.049293518066406,
      12.17330265045166,
      10.864832878112793,
      11.130608558654785,
      18.65312385559082,
      12.905941009521484,
      23.843807220458984,
      23.07415199279785,
      17.79192352294922,
      17.82339096069336,
      18.339370727539062,
      20.11749267578125,
      15.800516128540039,
      22.968141555786133,
      12.520187377929688,
      21.336158752441406,
      9.20012378692627,
      5.148960113525391
    ],
    [
      15.077451705932617,
      12.219011306762695,
      12.33397388458252,
      13.204044342041016,
      18.69890785217285,
      13.198561668395996,
      23.07415199279785,
      25.855682373046875,
      19.78963279724121,
      20.873775482177734,
      18.39289665222168,
      20.350248336791992,
      16.499929428100586,
      24.039993286132812,
      13.91594409942627,
      23.281370162963867,
      10.20344352722168,
      6.102721691131592
    ],
    [
      15.460067749023438,
      13.140228271484375,
      14.443639755249023,
      13.481785774230957,
      16.591323852539062,
      14.380230903625488,
      17.79192352294922,
      19.78963279724121,
      21.98858070373535,
      22.10634422302246,
      19.301851272583008,
      19.415321350097656,
      17.812545776367188,
      21.021406173706055,
      16.587764739990234,
      21.57816505432129,
      11.655235290527344,
      5.144707202911377
    ],
    [
      15.000701904296875,
      12.705224990844727,
      14.343937873840332,
      14.116549491882324,
      15.933725357055664,
      13.438989639282227,
      17.82339096069336,
      20.873775482177734,
      22.10634422302246,
      24.62600326538086,
      18.482152938842773,
      19.04539680480957,
      16.907499313354492,
      21.561920166015625,
      14.943130493164062,
      21.153806686401367,
      10.554214477539062,
      5.540632247924805
    ],
    [
      13.722880363464355,
      12.493257522583008,
      10.960232734680176,
      9.492606163024902,
      15.235368728637695,
      10.754010200500488,
      18.339370727539062,
      18.39289665222168,
      19.301851272583008,
      18.482152938842773,
      24.333959579467773,
      22.326255798339844,
      25.759742736816406,
      28.679370880126953,
      25.00376319885254,
      27.566455841064453,
      15.566654205322266,
      6.142088413238525
    ],
    [
      15.177068710327148,
      12.58596420288086,
      11.17991828918457,
      11.653373718261719,
      17.462303161621094,
      13.352459907531738,
      20.11749267578125,
      20.350248336791992,
      19.415321350097656,
      19.04539680480957,
      22.326255798339844,
      24.649171829223633,
      19.649953842163086,
      26.403676986694336,
      16.127805709838867,
      22.413066864013672,
      10.043477058410645,
      4.923229694366455
    ],
    [
      9.944600105285645,
      8.195454597473145,
      7.687212944030762,
      3.5379951000213623,
      10.808191299438477,
      2.8048524856567383,
      15.800516128540039,
      16.499929428100586,
      17.812545776367188,
      16.907499313354492,
      25.759742736816406,
      19.649953842163086,
      42.67597198486328,
      37.88362121582031,
      48.4649543762207,
      43.41706848144531,
      30.08266258239746,
      11.427425384521484
    ],
    [
      13.945365905761719,
      11.360630989074707,
      8.733778953552246,
      7.8513970375061035,
      16.173227310180664,
      5.571768760681152,
      22.968141555786133,
      24.039993286132812,
      21.021406173706055,
      21.561920166015625,
      28.679370880126953,
      26.403676986694336,
      37.88362121582031,
      45.60654830932617,
      37.84721374511719,
      44.5811882019043,
      22.936885833740234,
      11.761528968811035
    ],
    [
      7.126000881195068,
      6.601144790649414,
      8.578470230102539,
      -0.10490130633115768,
      7.597193241119385,
      -0.35223567485809326,
      12.520187377929688,
      13.91594409942627,
      16.587764739990234,
      14.943130493164062,
      25.00376319885254,
      16.127805709838867,
      48.4649543762207,
      37.84721374511719,
      70.5950698852539,
      52.504173278808594,
      41.940433502197266,
      14.350435256958008
    ],
    [
      12.41891098022461,
      9.65598201751709,
      10.283882141113281,
      6.704941749572754,
      14.157136917114258,
      3.906747579574585,
      21.336158752441406,
      23.281370162963867,
      21.57816505432129,
      21.153806686401367,
      27.566455841064453,
      22.413066864013672,
      43.41706848144531,
      44.5811882019043,
      52.504173278808594,
      64.81800079345703,
      38.14768600463867,
      16.82332420349121
    ],
    [
      7.196743011474609,
      4.268579483032227,
      7.766420841217041,
      1.9799891710281372,
      7.2270355224609375,
      1.8442003726959229,
      9.20012378692627,
      10.20344352722168,
      11.655235290527344,
      10.554214477539062,
      15.566654205322266,
      10.043477058410645,
      30.08266258239746,
      22.936885833740234,
      41.940433502197266,
      38.14768600463867,
      36.86019515991211,
      11.93671989440918
    ],
    [
      3.509594202041626,
      0.7697919011116028,
      2.3839986324310303,
      1.2525941133499146,
      2.9934134483337402,
      -0.2750246822834015,
      5.148960113525391,
      6.102721691131592,
      5.144707202911377,
      5.540632247924805,
      6.142088413238525,
      4.923229694366455,
      11.427425384521484,
      11.761528968811035,
      14.350435256958008,
      16.82332420349121,
      11.93671989440918,
      6.0332512855529785
    ]
  ],
  "covariance_short": [
    [
      29.719097137451172,
      19.434823989868164,
      16.35763931274414,
      15.505403518676758,
      15.245832443237305,
      14.236148834228516,
      15.358685493469238,
      15.160991668701172,
      17.991519927978516,
      17.45209503173828,
      17.699939727783203,
      17.47856330871582,
      15.914935111999512,
      19.23637580871582,
      13.76867961883545,
      16.517080307006836,
      8.781771659851074,
      4.128390312194824
    ],
    [
      19.434823989868164,
      27.54950523376465,
      10.05015754699707,
      15.415746688842773,
      11.409286499023438,
      11.529401779174805,
      11.551459312438965,
      11.003486633300781,
      12.117754936218262,
      11.678892135620117,
      12.716216087341309,
      12.77804946899414,
      8.131525039672852,
      11.600597381591797,
      5.5544304847717285,
      8.176278114318848,
      0.8000805974006653,
      -0.017185701057314873
    ],
    [
      16.35763931274414,
      10.05015754699707,
      25.32636070251465,
      18.200632095336914,
      15.411038398742676,
      14.704063415527344,
      12.931062698364258,
      12.508709907531738,
      16.49664878845215,
      15.827454566955566,
      13.415580749511719,
      13.305763244628906,
      9.988451957702637,
      10.874719619750977,
      9.3876953125,
      11.182624816894531,
      9.31509780883789,
      2.8812198638916016
    ],
    [
      15.505403518676758,
      15.415746688842773,
      18.200632095336914,
      24.879091262817383,
      12.588838577270508,
      12.938199043273926,
      10.680222511291504,
      11.553579330444336,
      12.847665786743164,
      13.98684024810791,
      9.389671325683594,
      11.791230201721191,
      3.3984131813049316,
      7.595821857452393,
      -1.0252902507781982,
      5.872683048248291,
      1.5192877054214478,
      1.007234811782837
    ],
    [
      15.245832443237305,
      11.409286499023438,
      15.411038398742676,
      12.588838577270508,
      25.0959529876709,
      20.89702033996582,
      20.62989616394043,
      19.586782455444336,
      17.766311645507812,
      16.565589904785156,
      18.176759719848633,
      19.842742919921875,
      14.61392593383789,
      19.32232666015625,
      12.46911334991455,
      16.40818214416504,
      8.320324897766113,
      3.097177028656006
    ],
    [
      14.236148834228516,
      11.529401779174805,
      14.704063415527344,
      12.938199043273926,
      20.89702033996582,
      27.68559455871582,
      16.888099670410156,
      17.566944122314453,
      16.283910751342773,
      15.669781684875488,
      14.562909126281738,
      18.018312454223633,
      6.612297534942627,
      11.188597679138184,
      2.8313047885894775,
      7.274993419647217,
      2.7673263549804688,
      0.4701312780380249
    ],
    [
      15.358685493469238,
      11.551459312438965,
      12.931062698364258,
      10.680222511291504,
      20.62989616394043,
      16.888099670410156,
      29.49974250793457,
      27.954280853271484,
      21.414167404174805,
      20.921052932739258,
      22.793254852294922,
      24.042312622070312,
      21.219667434692383,
      27.902484893798828,
      20.313533782958984,
      25.492340087890625,
      12.00366497039795,
      6.170980453491211
    ],
    [
      15.160991668701172,
      11.003486633300781,
      12.508709907531738,
      11.553579330444336,
      19.586782455444336,
      17.566944122314453,
      27.954280853271484,
      34.46258544921875,
      23.718372344970703,
      25.632701873779297,
      22.70949363708496,
      25.29496955871582,
      20.63420867919922,
      28.808469772338867,
      19.152538299560547,
      26.28399085998535,
      11.486250877380371,
      6.806972980499268
    ],
    [
      17.991519927978516,
      12.117754936218262,
      16.49664878845215,
      12.847665786743164,
      17.766311645507812,
      16.283910751342773,
      21.414167404174805,
      23.718372344970703,
      31.616682052612305,
      29.914730072021484,
      27.087425231933594,
      26.417844772338867,
      27.001041412353516,
      29.83970069885254,
      27.418872833251953,
      27.2305965423584,
      15.695155143737793,
      6.484403133392334
    ],
    [
      17.45209503173828,
      11.678892135620117,
      15.827454566955566,
      13.98684024810791,
      16.565589904785156,
      15.669781684875488,
      20.921052932739258,
      25.632701873779297,
      29.914730072021484,
      36.95899963378906,
      24.144208908081055,
      25.60798454284668,
      22.957029342651367,
      28.09619903564453,
      21.5000057220459,
      25.402637481689453,
      13.475263595581055,
      6.85480260848999
    ],
    [
      17.699939727783203,
      12.716216087341309,
      13.415580749511719,
      9.389671325683594,
      18.176759719848633,
      14.562909126281738,
      22.793254852294922,
      22.70949363708496,
      27.087425231933594,
      24.144208908081055,
      35.13356399536133,
      30.9255428314209,
      37.186527252197266,
      39.29655075073242,
      39.647586822509766,
      35.85875701904297,
      20.80905532836914,
      7.816361427307129
    ],
    [
      17.47856330871582,
      12.77804946899414,
      13.305763244628906,
      11.791230201721191,
      19.842742919921875,
      18.018312454223633,
      24.042312622070312,
      25.29496955871582,
      26.417844772338867,
      25.60798454284668,
      30.9255428314209,
      34.08956527709961,
      27.536195755004883,
      34.30182647705078,
      26.009597778320312,
      29.130455017089844,
      13.442910194396973,
      6.374728679656982
    ],
    [
      15.914935111999512,
      8.131525039672852,
      9.988451957702637,
      3.3984131813049316,
      14.61392593383789,
      6.612297534942627,
      21.219667434692383,
      20.63420867919922,
      27.001041412353516,
      22.957029342651367,
      37.186527252197266,
      27.536195755004883,
      62.18232727050781,
      52.353485107421875,
      71.87171173095703,
      56.0156135559082,
      38.1392707824707,
      14.107454299926758
    ],
    [
      19.23637580871582,
      11.600597381591797,
      10.874719619750977,
      7.595821857452393,
      19.32232666015625,
      11.188597679138184,
      27.902484893798828,
      28.808469772338867,
      29.83970069885254,
      28.09619903564453,
      39.29655075073242,
      34.30182647705078,
      52.353485107421875,
      58.78124237060547,
      56.978965759277344,
      54.73387908935547,
      29.503889083862305,
      13.714958190917969
    ],
    [
      13.76867961883545,
      5.5544304847717285,
      9.3876953125,
      -1.0252902507781982,
      12.46911334991455,
      2.8313047885894775,
      20.313533782958984,
      19.152538299560547,
      27.418872833251953,
      21.5000057220459,
      39.647586822509766,
      26.009597778320312,
      71.87171173095703,
      56.978965759277344,
      102.54386138916016,
      72.3803939819336,
      52.59545135498047,
      18.496906280517578
    ],
    [
      16.517080307006836,
      8.176278114318848,
      11.182624816894531,
      5.872683048248291,
      16.40818214416504,
      7.274993419647217,
      25.492340087890625,
      26.28399085998535,
      27.2305965423584,
      25.402637481689453,
      35.85875701904297,
      29.130455017089844,
      56.0156135559082,
      54.73387908935547,
      72.3803939819336,
      71.21503448486328,
      41.32621383666992,
      18.01848793029785
    ],
    [
      8.781771659851074,
      0.8000805974006653,
      9.31509780883789,
      1.5192877054214478,
      8.320324897766113,
      2.7673263549804688,
      12.00366497039795,
      11.486250877380371,
      15.695155143737793,
      13.475263595581055,
      20.80905532836914,
      13.442910194396973,
      38.1392707824707,
      29.503889083862305,
      52.59545135498047,
      41.32621383666992,
      39.46542739868164,
      13.550439834594727
    ],
    [
      4.128390312194824,
      -0.017185701057314873,
      2.8812198638916016,
      1.007234811782837,
      3.097177028656006,
      0.4701312780380249,
      6.170980453491211,
      6.806972980499268,
      6.484403133392334,
      6.85480260848999,
      7.816361427307129,
      6.374728679656982,
      14.107454299926758,
      13.714958190917969,
      18.496906280517578,
      18.01848793029785,
      13.550439834594727,
      6.774259567260742
    ]
  ],
  "damage": -8.10968017578125,
  "diff_bandwidth": 610.2899780273438,
  "dissonance": 7.046525526729907,
  "drr": 2.4355363845825195,
  "dynamics": 2.5258677005767822,
  "format": 1245190,
  "frames": 4016128,
  "loudness": -14.610299110412598,
  "loudness_range": 5.637969970703125,
  "loudness_range_short": 8.861889839172363,
  "lowpass_true_peak_15khz": -0.1669105887413025,
  "mastering3_acoustic_entropies": [
    {
      "acoustic_entropy": 4.320703506469727,
      "acoustic_entropy_mono": 4.2759623527526855,
      "band_eliminated_acoustic_entropies": [
        {
          "acoustic_entropy": 4.334944248199463,
          "acoustic_entropy_side": 4.321189880371094,
          "hz": 129.47220167065723
        },
        {
          "acoustic_entropy": 4.257721424102783,
          "acoustic_entropy_side": 4.3239336013793945,
          "hz": 202.92927478742237
        },
        {
          "acoustic_entropy": 4.368492603302002,
          "acoustic_entropy_side": 4.316628932952881,
          "hz": 282.89161906338205
        },
        {
          "acoustic_entropy": 4.275877952575684,
          "acoustic_entropy_side": 4.3220720291137695,
          "hz": 369.9353335868758
        },
        {
          "acoustic_entropy": 4.150750160217285,
          "acoustic_entropy_side": 4.297097206115723,
          "hz": 464.6875360973435
        },
        {
          "acoustic_entropy": 4.02390193939209,
          "acoustic_entropy_side": 4.260818004608154,
          "hz": 567.8308811364784
        },
        {
          "acoustic_entropy": 4.071004867553711,
          "acoustic_entropy_side": 4.063961982727051,
          "hz": 680.1084783214808
        },
        {
          "acoustic_entropy": 4.078664302825928,
          "acoustic_entropy_side": 4.0623650550842285,
          "hz": 802.3292461747484
        },
        {
          "acoustic_entropy": 4.195135593414307,
          "acoustic_entropy_side": 4.308000564575195,
          "hz": 935.3737400823702
        },
        {
          "acoustic_entropy": 4.6758832931518555,
          "acoustic_entropy_side": 4.097549915313721,
          "hz": 1080.2004963696966
        },
        {
          "acoustic_entropy": 4.590425968170166,
          "acoustic_entropy_side": 4.320515155792236,
          "hz": 1237.8529382007157
        },
        {
          "acoustic_entropy": 4.244100570678711,
          "acoustic_entropy_side": 4.264106750488281,
          "hz": 1409.4668930556702
        },
        {
          "acoustic_entropy": 4.38527774810791,
          "acoustic_entropy_side": 4.370960712432861,
          "hz": 1596.2787759475705
        },
        {
          "acoustic_entropy": 4.4345808029174805,
          "acoustic_entropy_side": 4.320458889007568,
          "hz": 1799.6344973346393
        },
        {
          "acoustic_entropy": 4.349165439605713,
          "acoustic_entropy_side": 4.451519966125488,
          "hz": 2020.9991599069049
        },
        {
          "acoustic_entropy": 4.640387058258057,
          "acoustic_entropy_side": 4.366571426391602,
          "hz": 2261.9676141086993
        },
        {
          "acoustic_entropy": 4.357665538787842,
          "acoustic_entropy_side": 4.364164352416992,
          "hz": 2524.2759484456974
        },
        {
          "acoustic_entropy": 4.033255100250244,
          "acoustic_entropy_side": 4.288934230804443,
          "hz": 2809.813997359896
        },
        {
          "acoustic_entropy": 4.384056568145752,
          "acoustic_entropy_side": 4.321385860443115,
          "hz": 3120.6389567871424
        },
        {
          "acoustic_entropy": 4.322678089141846,
          "acoustic_entropy_side": 4.336555480957031,
          "hz": 3458.990205492291
        },
        {
          "acoustic_entropy": 4.297731399536133,
          "acoustic_entropy_side": 4.315878868103027,
          "hz": 3827.305438964164
        },
        {
          "acoustic_entropy": 4.289395332336426,
          "acoustic_entropy_side": 4.327291011810303,
          "hz": 4228.238232109126
        },
        {
          "acoustic_entropy": 4.3262038230896,
          "acoustic_entropy_side": 4.323246479034424,
          "hz": 4664.6771572759235
        },
        {
          "acoustic_entropy": 4.049782752990723,
          "acoustic_entropy_side": 4.328728199005127,
          "hz": 5139.766595350093
        },
        {
          "acoustic_entropy": 4.3196916580200195,
          "acoustic_entropy_side": 4.318659782409668,
          "hz": 5656.929389854203
        },
        {
          "acoustic_entropy": 4.326777935028076,
          "acoustic_entropy_side": 4.324714660644531,
          "hz": 6219.891507268283
        },
        {
          "acoustic_entropy": 4.33125114440918,
          "acoustic_entropy_side": 4.319308280944824,
          "hz": 6832.70888123896
        },
        {
          "acoustic_entropy": 4.316307544708252,
          "acoustic_entropy_side": 4.320476531982422,
          "hz": 7499.796634079867
        },
        {
          "acoustic_entropy": 4.341043472290039,
          "acoustic_entropy_side": 4.321441650390625,
          "hz": 8225.96088609342
        },
        {
          "acoustic_entropy": 4.322368144989014,
          "acoustic_entropy_side": 4.320788383483887,
          "hz": 9016.43338188839
        },
        {
          "acoustic_entropy": 4.321927547454834,
          "acoustic_entropy_side": 4.320721626281738,
          "hz": 9876.909183162974
        },
        {
          "acoustic_entropy": 4.3233418464660645,
          "acoustic_entropy_side": 4.320749759674072,
          "hz": 10813.587699516042
        },
        {
          "acoustic_entropy": 4.32214879989624,
          "acoustic_entropy_side": 4.3207221031188965,
          "hz": 11833.21735289826
        },
        {
          "acoustic_entropy": 4.321142673492432,
          "acoustic_entropy_side": 4.320709705352783,
          "hz": 12943.144197493959
        },
        {
          "acoustic_entropy": 4.320784568786621,
          "acoustic_entropy_side": 4.320704936981201,
          "hz": 14151.364845322005
        },
        {
          "acoustic_entropy": 4.320712089538574,
          "acoustic_entropy_side": 4.320703983306885,
          "hz": 15466.58407886509
        },
        {
          "acoustic_entropy": 4.320703029632568,
          "acoustic_entropy_side": 4.320703983306885,
          "hz": 16898.27756580493
        },
        {
          "acoustic_entropy": 4.320703506469727,
          "acoustic_entropy_side": 4.320703506469727,
          "hz": 18456.760127700032
        },
        {
          "acoustic_entropy": 4.320703506469727,
          "acoustic_entropy_side": 4.320703983306885,
          "hz": 20153.260054456492
        },
        {
          "acoustic_entropy": 4.320703029632568,
          "acoustic_entropy_side": 4.320703506469727,
          "hz": 22000.00000000001
        }
      ],
      "diff_acoustic_entropy": 2.4853479862213135,
      "sn": 6
    },
    {
      "acoustic_entropy": 8.413534164428711,
      "acoustic_entropy_mono": 7.229991912841797,
      "band_eliminated_acoustic_entropies": [
        {
          "acoustic_entropy": 8.49448013305664,
          "acoustic_entropy_side": 8.413007736206055,
          "hz": 129.47220167065723
        },
        {
          "acoustic_entropy": 8.029025077819824,
          "acoustic_entropy_side": 8.43045425415039,
          "hz": 202.92927478742237
        },
        {
          "acoustic_entropy": 8.013068199157715,
          "acoustic_entropy_side": 8.360700607299805,
          "hz": 282.89161906338205
        },
        {
          "acoustic_entropy": 8.292315483093262,
          "acoustic_entropy_side": 8.364310264587402,
          "hz": 369.9353335868758
        },
        {
          "acoustic_entropy": 8.070954322814941,
          "acoustic_entropy_side": 8.266995429992676,
          "hz": 464.6875360973435
        },
        {
          "acoustic_entropy": 7.9531989097595215,
          "acoustic_entropy_side": 8.17119312286377,
          "hz": 567.8308811364784
        },
        {
          "acoustic_entropy": 8.342414855957031,
          "acoustic_entropy_side": 8.461148262023926,
          "hz": 680.1084783214808
        },
        {
          "acoustic_entropy": 7.9786176681518555,
          "acoustic_entropy_side": 7.935307502746582,
          "hz": 802.3292461747484
        },
        {
          "acoustic_entropy": 8.289799690246582,
          "acoustic_entropy_side": 8.340819358825684,
          "hz": 935.3737400823702
        },
        {
          "acoustic_entropy": 8.347223281860352,
          "acoustic_entropy_side": 8.628914833068848,
          "hz": 1080.2004963696966
        },
        {
          "acoustic_entropy": 7.823318958282471,
          "acoustic_entropy_side": 7.876919269561768,
          "hz": 1237.8529382007157
        },
        {
          "acoustic_entropy": 8.006087303161621,
          "acoustic_entropy_side": 8.07778263092041,
          "hz": 1409.4668930556702
        },
        {
          "acoustic_entropy": 8.445643424987793,
          "acoustic_entropy_side": 8.434088706970215,
          "hz": 1596.2787759475705
        },
        {
          "acoustic_entropy": 7.923913478851318,
          "acoustic_entropy_side": 8.408242225646973,
          "hz": 1799.6344973346393
        },
        {
          "acoustic_entropy": 8.393021583557129,
          "acoustic_entropy_side": 8.416707038879395,
          "hz": 2020.9991599069049
        },
        {
          "acoustic_entropy": 8.627229690551758,
          "acoustic_entropy_side": 8.952096939086914,
          "hz": 2261.9676141086993
        },
        {
          "acoustic_entropy": 8.178631782531738,
          "acoustic_entropy_side": 8.362314224243164,
          "hz": 2524.2759484456974
        },
        {
          "acoustic_entropy": 9.048858642578125,
          "acoustic_entropy_side": 8.68484115600586,
          "hz": 2809.813997359896
        },
        {
          "acoustic_entropy": 8.34395694732666,
          "acoustic_entropy_side": 8.344261169433594,
          "hz": 3120.6389567871424
        },
        {
          "acoustic_entropy": 8.441960334777832,
          "acoustic_entropy_side": 8.448661804199219,
          "hz": 3458.990205492291
        },
        {
          "acoustic_entropy": 8.715340614318848,
          "acoustic_entropy_side": 8.277629852294922,
          "hz": 3827.305438964164
        },
        {
          "acoustic_entropy": 8.449498176574707,
          "acoustic_entropy_side": 8.383793830871582,
          "hz": 4228.238232109126
        },
        {
          "acoustic_entropy": 8.49157428741455,
          "acoustic_entropy_side": 8.39238452911377,
          "hz": 4664.6771572759235
        },
        {
          "acoustic_entropy": 8.405611038208008,
          "acoustic_entropy_side": 8.392172813415527,
          "hz": 5139.766595350093
        },
        {
          "acoustic_entropy": 8.393057823181152,
          "acoustic_entropy_side": 8.594721794128418,
          "hz": 5656.929389854203
        },
        {
          "acoustic_entropy": 8.439054489135742,
          "acoustic_entropy_side": 8.422306060791016,
          "hz": 6219.891507268283
        },
        {
          "acoustic_entropy": 8.438394546508789,
          "acoustic_entropy_side": 8.418020248413086,
          "hz": 6832.70888123896
        },
        {
          "acoustic_entropy": 8.427124977111816,
          "acoustic_entropy_side": 8.439229965209961,
          "hz": 7499.796634079867
        },
        {
          "acoustic_entropy": 8.450538635253906,
          "acoustic_entropy_side": 8.434514045715332,
          "hz": 8225.96088609342
        },
        {
          "acoustic_entropy": 8.475129127502441,
          "acoustic_entropy_side": 8.41452693939209,
          "hz": 9016.43338188839
        },
        {
          "acoustic_entropy": 8.453248977661133,
          "acoustic_entropy_side": 8.414373397827148,
          "hz": 9876.909183162974
        },
        {
          "acoustic_entropy": 8.434407234191895,
          "acoustic_entropy_side": 8.414244651794434,
          "hz": 10813.587699516042
        },
        {
          "acoustic_entropy": 8.425508499145508,
          "acoustic_entropy_side": 8.413851737976074,
          "hz": 11833.21735289826
        },
        {
          "acoustic_entropy": 8.41756820678711,
          "acoustic_entropy_side": 8.413654327392578,
          "hz": 12943.144197493959
        },
        {
          "acoustic_entropy": 8.414793968200684,
          "acoustic_entropy_side": 8.413548469543457,
          "hz": 14151.364845322005
        },
        {
          "acoustic_entropy": 8.413917541503906,
          "acoustic_entropy_side": 8.41353702545166,
          "hz": 15466.58407886509
        },
        {
          "acoustic_entropy": 8.413561820983887,
          "acoustic_entropy_side": 8.413535118103027,
          "hz": 16898.27756580493
        },
        {
          "acoustic_entropy": 8.41354751586914,
          "acoustic_entropy_side": 8.413535118103027,
          "hz": 18456.760127700032
        },
        {
          "acoustic_entropy": 8.413572311401367,
          "acoustic_entropy_side": 8.413535118103027,
          "hz": 20153.260054456492
        },
        {
          "acoustic_entropy": 8.413542747497559,
          "acoustic_entropy_side": 8.413534164428711,
          "hz": 22000.00000000001
        }
      ],
      "diff_acoustic_entropy": 4.600285530090332,
      "sn": 12
    },
    {
      "acoustic_entropy": 15.615350723266602,
      "acoustic_entropy_mono": 10.053123474121094,
      "band_eliminated_acoustic_entropies": [
        {
          "acoustic_entropy": 15.156089782714844,
          "acoustic_entropy_side": 15.270821571350098,
          "hz": 129.47220167065723
        },
        {
          "acoustic_entropy": 14.978466987609863,
          "acoustic_entropy_side": 15.209074974060059,
          "hz": 202.92927478742237
        },
        {
          "acoustic_entropy": 15.608133316040039,
          "acoustic_entropy_side": 15.386473655700684,
          "hz": 282.89161906338205
        },
        {
          "acoustic_entropy": 15.78580093383789,
          "acoustic_entropy_side": 15.489209175109863,
          "hz": 369.9353335868758
        },
        {
          "acoustic_entropy": 15.826457977294922,
          "acoustic_entropy_side": 15.65612506866455,
          "hz": 464.6875360973435
        },
        {
          "acoustic_entropy": 15.470444679260254,
          "acoustic_entropy_side": 15.7516508102417,
          "hz": 567.8308811364784
        },
        {
          "acoustic_entropy": 15.518973350524902,
          "acoustic_entropy_side": 15.474601745605469,
          "hz": 680.1084783214808
        },
        {
          "acoustic_entropy": 14.87307357788086,
          "acoustic_entropy_side": 15.415875434875488,
          "hz": 802.3292461747484
        },
        {
          "acoustic_entropy": 16.16597557067871,
          "acoustic_entropy_side": 16.146089553833008,
          "hz": 935.3737400823702
        },
        {
          "acoustic_entropy": 15.4904203414917,
          "acoustic_entropy_side": 16.139726638793945,
          "hz": 1080.2004963696966
        },
        {
          "acoustic_entropy": 15.686345100402832,
          "acoustic_entropy_side": 15.33423900604248,
          "hz": 1237.8529382007157
        },
        {
          "acoustic_entropy": 15.267462730407715,
          "acoustic_entropy_side": 15.444160461425781,
          "hz": 1409.4668930556702
        },
        {
          "acoustic_entropy": 14.91297435760498,
          "acoustic_entropy_side": 14.646791458129883,
          "hz": 1596.2787759475705
        },
        {
          "acoustic_entropy": 15.429120063781738,
          "acoustic_entropy_side": 15.779605865478516,
          "hz": 1799.6344973346393
        },
        {
          "acoustic_entropy": 14.959203720092773,
          "acoustic_entropy_side": 14.780804634094238,
          "hz": 2020.9991599069049
        },
        {
          "acoustic_entropy": 16.10769271850586,
          "acoustic_entropy_side": 15.81623649597168,
          "hz": 2261.9676141086993
        },
        {
          "acoustic_entropy": 14.761080741882324,
          "acoustic_entropy_side": 15.163442611694336,
          "hz": 2524.2759484456974
        },
        {
          "acoustic_entropy": 16.298751831054688,
          "acoustic_entropy_side": 16.01915740966797,
          "hz": 2809.813997359896
        },
        {
          "acoustic_entropy": 16.096298217773438,
