{
  "acoustic_entropy": 229.07492065429688,
  "bands": [
    {
      "high_freq": 148.1999969482422,
      "loudness": -18.934446334838867,
      "loudness_range": 6.932482719421387,
      "mid_mean": -15.787217140197754,
      "mid_to_side_loudness": -14.010883331298828,
      "mid_to_side_loudness_range": 21.858470916748047,
      "side_mean": -30.277414321899414
    },
    {
      "high_freq": 392.3793640136719,
      "loudness": -19.273080825805664,
      "loudness_range": 6.958278656005859,
      "low_freq": 148.1999969482422,
      "mid_mean": -16.830581665039062,
      "mid_to_side_loudness": -5.4912872314453125,
      "mid_to_side_loudness_range": 8.797469139099121,
      "side_mean": -22.224740982055664
    },
    {
      "high_freq": 794.6976318359375,
      "loudness": -20.128751754760742,
      "loudness_range": 8.68817138671875,
      "low_freq": 392.3793640136719,
      "mid_mean": -17.85870361328125,
      "mid_to_side_loudness": -5.169210433959961,
      "mid_to_side_loudness_range": 10.60125732421875,
      "side_mean": -23.117549896240234
    },
    {
      "high_freq": 1457.5709228515625,
      "loudness": -21.266374588012695,
      "loudness_range": 11.582246780395508,
      "low_freq": 794.6976318359375,
      "mid_mean": -18.889671325683594,
      "mid_to_side_loudness": -5.449639320373535,
      "mid_to_side_loudness_range": 9.947091102600098,
      "side_mean": -24.290111541748047
    },
    {
      "high_freq": 2549.74365234375,
      "loudness": -19.41622543334961,
      "loudness_range": 10.888250350952148,
      "low_freq": 1457.5709228515625,
      "mid_mean": -17.272994995117188,
      "mid_to_side_loudness": -4.343475818634033,
      "mid_to_side_loudness_range": 8.62444019317627,
      "side_mean": -21.503061294555664
    },
    {
      "high_freq": 4349.24462890625,
      "loudness": -20.980058670043945,
      "loudness_range": 11.310025215148926,
      "low_freq": 2549.74365234375,
      "mid_mean": -18.717485427856445,
      "mid_to_side_loudness": -4.810044765472412,
      "mid_to_side_loudness_range": 8.667691230773926,
      "side_mean": -23.515779495239258
    },
    {
      "high_freq": 7314.1640625,
      "loudness": -25.7651309967041,
      "loudness_range": 11.932109832763672,
      "low_freq": 4349.24462890625,
      "mid_mean": -23.234521865844727,
      "mid_to_side_loudness": -5.943024158477783,
      "mid_to_side_loudness_range": 9.491739273071289,
      "side_mean": -29.222122192382812
    },
    {
      "high_freq": 12199.2666015625,
      "loudness": -30.78325653076172,
      "loudness_range": 15.687723159790039,
      "low_freq": 7314.1640625,
      "mid_mean": -27.841739654541016,
      "mid_to_side_loudness": -8.72939682006836,
      "mid_to_side_loudness_range": 13.947869300842285,
      "side_mean": -36.99223327636719
    },
    {
      "loudness": -39.373008728027344,
      "loudness_range": 15.3052978515625,
      "low_freq": 12199.2666015625,
      "mid_mean": -36.43849182128906,
      "mid_to_side_loudness": -8.468070983886719,
      "mid_to_side_loudness_range": 12.990060806274414,
      "side_mean": -45.159934997558594
    }
  ],
  "bands_short": [
    {
      "high_freq": 148.1999969482422,
      "loudness": -21.919828414916992,
      "loudness_range": 11.866134643554688,
      "mid_mean": -18.696836471557617,
      "mid_to_side_loudness": -18.606977462768555,
      "mid_to_side_loudness_range": 30.185285568237305,
      "side_mean": -37.96741485595703
    },
    {
      "high_freq": 392.3793640136719,
      "loudness": -18.53369140625,
      "loudness_range": 8.745870590209961,
      "low_freq": 148.1999969482422,
      "mid_mean": -16.092086791992188,
      "mid_to_side_loudness": -6.049002647399902,
      "mid_to_side_loudness_range": 12.613370895385742,
      "side_mean": -22.176828384399414
    },
    {
      "high_freq": 794.6976318359375,
      "loudness": -20.091970443725586,
      "loudness_range": 10.456634521484375,
      "low_freq": 392.3793640136719,
      "mid_mean": -18.006668090820312,
      "mid_to_side_loudness": -4.917388916015625,
      "mid_to_side_loudness_range": 13.128100395202637,
      "side_mean": -22.92856788635254
    },
    {
      "high_freq": 1457.5709228515625,
      "loudness": -21.561199188232422,
      "loudness_range": 13.027393341064453,
      "low_freq": 794.6976318359375,
      "mid_mean": -19.380008697509766,
      "mid_to_side_loudness": -5.290719509124756,
      "mid_to_side_loudness_range": 12.493897438049316,
      "side_mean": -24.488189697265625
    },
    {
      "high_freq": 2549.74365234375,
      "loudness": -19.784191131591797,
      "loudness_range": 12.493207931518555,
      "low_freq": 1457.5709228515625,
      "mid_mean": -17.78253936767578,
      "mid_to_side_loudness": -4.318835735321045,
      "mid_to_side_loudness_range": 10.60297679901123,
      "side_mean": -21.779539108276367
    },
    {
      "high_freq": 4349.24462890625,
      "loudness": -21.227420806884766,
      "loudness_range": 12.943081855773926,
      "low_freq": 2549.74365234375,
      "mid_mean": -19.1121883392334,
      "mid_to_side_loudness": -4.596224308013916,
      "mid_to_side_loudness_range": 10.139655113220215,
      "side_mean": -23.603561401367188
    },
    {
      "high_freq": 7314.1640625,
      "loudness": -26.162235260009766,
      "loudness_range": 14.255086898803711,
      "low_freq": 4349.24462890625,
      "mid_mean": -23.757667541503906,
      "mid_to_side_loudness": -5.715318202972412,
      "mid_to_side_loudness_range": 10.409250259399414,
      "side_mean": -29.480819702148438
    },
    {
      "high_freq": 12199.2666015625,
      "loudness": -32.09143829345703,
      "loudness_range": 18.182819366455078,
      "low_freq": 7314.1640625,
      "mid_mean": -29.224342346191406,
      "mid_to_side_loudness": -8.536559104919434,
      "mid_to_side_loudness_range": 15.155750274658203,
      "side_mean": -38.14634704589844
    },
    {
      "loudness": -41.12813186645508,
      "loudness_range": 19.328916549682617,
      "low_freq": 12199.2666015625,
      "mid_mean": -38.240684509277344,
      "mid_to_side_loudness": -8.427786827087402,
      "mid_to_side_loudness_range": 14.776519775390625,
      "side_mean": -47.94478988647461
    }
  ],
  "bandwidth": 722.4630737304688,
  "channels": 2,
  "covariance": [
    [
      12.086150169372559,
      0.1840728372335434,
      4.235130310058594,
      2.3620989322662354,
      1.8824585676193237,
      -0.4650654196739197,
      1.302464485168457,
      -1.7442429065704346,
      2.1182491779327393,
      -0.2755167484283447,
      1.9392234086990356,
      -0.5680797696113586,
      4.492038726806641,
      1.7958183288574219,
      9.138334274291992,
      4.012797832489014,
      8.061129570007324,
      3.144148111343384
    ],
    [
      0.1840728372335434,
      45.22117233276367,
      -0.12728630006313324,
      6.949092864990234,
      -4.314836502075195,
      -2.3809587955474854,
      -5.328477382659912,
      -4.553215026855469,
      -4.573125839233398,
      -3.973160982131958,
      -4.697935581207275,
      -3.497166395187378,
      -5.091153621673584,
      -5.385241508483887,
      -5.9180588722229,
      -9.869820594787598,
      -5.705780506134033,
      -10.965310096740723
    ],
    [
      4.235130310058594,
      -0.12728630006313324,
      10.207033157348633,
      5.899785041809082,
      4.191928386688232,
      4.055048942565918,
      3.8303990364074707,
      2.6228034496307373,
      4.2457499504089355,
      3.605823278427124,
      4.2194671630859375,
      3.575037717819214,
      5.432485103607178,
      4.217764377593994,
      7.664276599884033,
      4.845956325531006,
      7.2375030517578125,
      4.489804267883301
    ],
    [
      2.3620989322662354,
      6.949092864990234,
      5.899785041809082,
      17.010189056396484,
      3.351949453353882,
      9.985294342041016,
      5.1444993019104,
      8.421623229980469,
      5.403869152069092,
      8.467652320861816,
      4.472314834594727,
      7.851795196533203,
      3.6775827407836914,
      5.381749153137207,
      3.8086493015289307,
      4.820969581604004,
      4.099899768829346,
      4.498116493225098
    ],
    [
      1.8824585676193237,
      -4.314836502075195,
      4.191928386688232,
      3.351949453353882,
      15.203869819641113,
      7.882803916931152,
      10.652189254760742,
      7.1439738273620605,
      8.79111099243164,
      8.53849983215332,
      9.745237350463867,
      7.8621344566345215,
      7.85892915725708,
      6.838753700256348,
      9.359699249267578,
      7.786717414855957,
      10.156525611877441,
      8.729806900024414
    ],
    [
      -0.4650654196739197,
      -2.3809587955474854,
      4.055048942565918,
      9.985294342041016,
      7.882803916931152,
      19.888565063476562,
      11.430946350097656,
      16.514598846435547,
      12.567621231079102,
      16.254451751708984,
      11.091246604919434,
      17.081687927246094,
      7.1581010818481445,
      12.23641300201416,
      5.313786029815674,
      10.946552276611328,
      6.358386039733887,
      11.754558563232422
    ],
    [
      1.302464485168457,
      -5.328477382659912,
      3.8303990364074707,
      5.1444993019104,
      10.652189254760742,
      11.430946350097656,
      22.703346252441406,
      13.839324951171875,
      13.506439208984375,
      12.751063346862793,
      12.183691024780273,
      13.35414981842041,
      10.227691650390625,
      10.957858085632324,
      9.70941162109375,
      12.027057647705078,
      10.904141426086426,
      13.14932632446289
    ],
    [
      -1.7442429065704346,
      -4.553215026855469,
      2.6228034496307373,
      8.421623229980469,
      7.1439738273620605,
      16.514598846435547,
      13.839324951171875,
      23.371950149536133,
      13.206380844116211,
      17.91465187072754,
      12.275450706481934,
      18.89707374572754,
      8.009275436401367,
      13.898253440856934,
      5.4334540367126465,
      12.960126876831055,
      7.00435733795166,
      13.466948509216309
    ],
    [
      2.1182491779327393,
      -4.573125839233398,
      4.2457499504089355,
      5.403869152069092,
      8.79111099243164,
      12.567621231079102,
      13.506439208984375,
      13.206380844116211,
      20.874502182006836,
      15.048151016235352,
      15.970877647399902,
      15.327982902526855,
      13.677447319030762,
      13.83979320526123,
      11.12553596496582,
      14.562256813049316,
      11.21914291381836,
      14.565933227539062
    ],
    [
      -0.2755167484283447,
      -3.973160982131958,
      3.605823278427124,
      8.467652320861816,
      8.53849983215332,
      16.254451751708984,
      12.751063346862793,
      17.91465187072754,
      15.048151016235352,
      21.64743995666504,
      13.653932571411133,
      19.464004516601562,
      10.085808753967285,
      15.629460334777832,
      8.300448417663574,
      14.909162521362305,
      9.15046501159668,
      14.918364524841309
    ],
    [
      1.9392234086990356,
      -4.697935581207275,
      4.2194671630859375,
      4.472314834594727,
      9.745237350463867,
      11.091246604919434,
      12.183691024780273,
      12.275450706481934,
      15.970877647399902,
      13.653932571411133,
      20.023189544677734,
      16.252676010131836,
      16.075807571411133,
      15.440044403076172,
      13.053152084350586,
      15.905962944030762,
      12.289999008178711,
      15.238835334777832
    ],
    [
      -0.5680797696113586,
      -3.497166395187378,
      3.575037717819214,
      7.851795196533203,
      7.8621344566345215,
      17.081687927246094,
      13.35414981842041,
      18.89707374572754,
      15.327982902526855,
      19.464004516601562,
      16.252676010131836,
      24.794116973876953,
      12.581048011779785,
      21.14315414428711,
      8.6022367477417,
      19.64761734008789,
      8.950976371765137,
      17.99522590637207
    ],
    [
      4.492038726806641,
      -5.091153621673584,
      5.432485103607178,
      3.6775827407836914,
      7.85892915725708,
      7.1581010818481445,
      10.227691650390625,
      8.009275436401367,
      13.677447319030762,
      10.085808753967285,
      16.075807571411133,
      12.581048011779785,
      20.046506881713867,
      16.573272705078125,
      19.397872924804688,
      19.527618408203125,
      17.287254333496094,
      17.44097900390625
    ],
    [
      1.7958183288574219,
      -5.385241508483887,
      4.217764377593994,
      5.381749153137207,
      6.838753700256348,
      12.23641300201416,
      10.957858085632324,
      13.898253440856934,
      13.83979320526123,
      15.629460334777832,
      15.440044403076172,
      21.14315414428711,
      16.573272705078125,
      26.45747947692871,
      13.081962585449219,
      27.446136474609375,
      11.984879493713379,
      22.502460479736328
    ],
    [
      9.138334274291992,
      -5.9180588722229,
      7.664276599884033,
      3.8086493015289307,
      9.359699249267578,
      5.313786029815674,
      9.70941162109375,
      5.4334540367126465,
      11.12553596496582,
      8.300448417663574,
      13.053152084350586,
      8.6022367477417,
      19.397872924804688,
      13.081962585449219,
      32.874019622802734,
      19.137882232666016,
      30.48073387145996,
      17.680988311767578
    ],
    [
      4.012797832489014,
      -9.869820594787598,
      4.845956325531006,
      4.820969581604004,
      7.786717414855957,
      10.946552276611328,
      12.027057647705078,
      12.960126876831055,
      14.562256813049316,
      14.909162521362305,
      15.905962944030762,
      19.64761734008789,
      19.527618408203125,
      27.446136474609375,
      19.137882232666016,
      39.335365295410156,
      18.245563507080078,
      32.76347732543945
    ],
    [
      8.061129570007324,
      -5.705780506134033,
      7.2375030517578125,
      4.099899768829346,
      10.156525611877441,
      6.358386039733887,
      10.904141426086426,
      7.00435733795166,
      11.21914291381836,
      9.15046501159668,
      12.289999008178711,
      8.950976371765137,
      17.287254333496094,
      11.984879493713379,
      30.48073387145996,
      18.245563507080078,
      33.57783508300781,
      19.33977508544922
    ],
    [
      3.144148111343384,
      -10.965310096740723,
      4.489804267883301,
      4.498116493225098,
      8.729806900024414,
      11.754558563232422,
      13.14932632446289,
      13.466948509216309,
      14.565933227539062,
      14.918364524841309,
      15.238835334777832,
      17.99522590637207,
      17.44097900390625,
      22.502460479736328,
      17.680988311767578,
      32.76347732543945,
      19.33977508544922,
      34.415924072265625
    ]
  ],
  "covariance_short": [
    [
      26.410900115966797,
      -1.2290675640106201,
      6.466834545135498,
      3.192448377609253,
      2.0383660793304443,
      0.17592179775238037,
      1.410557746887207,
      -1.3026478290557861,
      2.2616875171661377,
      0.13138745725154877,
      1.647072196006775,
      -0.1793379932641983,
      4.053208827972412,
      2.0671613216400146,
      6.549357891082764,
      3.7581605911254883,
      4.898421287536621,
      1.8936442136764526
    ],
    [
      -1.2290675640106201,
      63.841468811035156,
      -2.6722524166107178,
      6.548855304718018,
      -3.248507022857666,
      -2.558335542678833,
      -6.463893413543701,
      -6.200153350830078,
      -7.064070701599121,
      -5.166903495788574,
      -6.530971050262451,
      -4.2292656898498535,
      -8.582496643066406,
      -5.578609466552734,
      -11.237724304199219,
      -6.7658491134643555,
      -9.13167667388916,
      -4.617602825164795
    ],
    [
      6.466834545135498,
      -2.6722524166107178,
      14.023287773132324,
      6.402655124664307,
      5.10282564163208,
      2.0082645416259766,
      4.014825344085693,
      1.6697858572006226,
      4.137570381164551,
      2.3705835342407227,
      3.9285728931427,
      2.2910361289978027,
      5.917455673217773,
      3.359832763671875,
      8.69798469543457,
      4.957756996154785,
      7.941686630249023,
      5.989167213439941
    ],
    [
      3.192448377609253,
      6.548855304718018,
      6.402655124664307,
      22.463069915771484,
      2.821295738220215,
      5.73516321182251,
      3.0416462421417236,
      4.442291736602783,
      2.9938082695007324,
      3.2123918533325195,
      2.468674659729004,
      3.646930456161499,
      2.693188428878784,
      2.261988401412964,
      4.856076240539551,
      3.9030680656433105,
      4.7704691886901855,
      4.964731693267822
    ],
    [
      2.0383660793304443,
      -3.248507022857666,
      5.10282564163208,
      2.821295738220215,
      20.69050407409668,
      8.130080223083496,
      11.90693187713623,
      7.462080478668213,
      9.781402587890625,
      8.905110359191895,
      10.909124374389648,
      8.644118309020996,
      8.685518264770508,
      7.432114124298096,
      10.348937034606934,
      8.074920654296875,
      10.619427680969238,
      11.20699405670166
    ],
    [
      0.17592179775238037,
      -2.558335542678833,
      2.0082645416259766,
      5.73516321182251,
      8.130080223083496,
      22.01482391357422,
      11.432611465454102,
      14.627994537353516,
      12.007573127746582,
      14.56991195678711,
      10.377763748168945,
      15.789522171020508,
      6.844197750091553,
      11.156211853027344,
      5.077009201049805,
      8.298734664916992,
      6.005914211273193,
      10.27023983001709
    ],
    [
      1.410557746887207,
      -6.463893413543701,
      4.014825344085693,
      3.0416462421417236,
      11.90693187713623,
      11.432611465454102,
      28.615720748901367,
      14.37321662902832,
      16.55198097229004,
      13.554230690002441,
      14.524658203125,
      14.581501007080078,
      12.698906898498535,
      12.090035438537598,
      12.385665893554688,
      11.955971717834473,
      12.661802291870117,
      14.629206657409668
    ],
    [
      -1.3026478290557861,
      -6.200153350830078,
      1.6697858572006226,
      4.442291736602783,
      7.462080478668213,
      14.627994537353516,
      14.37321662902832,
      25.449514389038086,
      13.341083526611328,
      16.879486083984375,
      12.653238296508789,
      18.000377655029297,
      8.774432182312012,
      13.440251350402832,
      6.641144275665283,
      10.713269233703613,
      8.175810813903809,
      13.372644424438477
    ],
    [
      2.2616875171661377,
      -7.064070701599121,
      4.137570381164551,
      2.9938082695007324,
      9.781402587890625,
      12.007573127746582,
      16.55198097229004,
      13.341083526611328,
      26.424379348754883,
      15.979065895080566,
      18.88684844970703,
      16.924776077270508,
      17.059385299682617,
      15.81651782989502,
      13.589567184448242,
      15.524913787841797,
      12.6920166015625,
      16.83095359802246
    ],
    [
      0.13138745725154877,
      -5.166903495788574,
      2.3705835342407227,
      3.2123918533325195,
      8.905110359191895,
      14.56991195678711,
      13.554230690002441,
      16.879486083984375,
      15.979065895080566,
      23.931852340698242,
      14.480401039123535,
      19.368860244750977,
      11.350662231445312,
      15.838471412658691,
      9.223320960998535,
      13.136232376098633,
      9.88459587097168,
      15.060644149780273
    ],
    [
      1.647072196006775,
      -6.530971050262451,
      3.9285728931427,
      2.468674659729004,
      10.909124374389648,
      10.377763748168945,
      14.524658203125,
      12.653238296508789,
      18.88684844970703,
      14.480401039123535,
      24.726970672607422,
      18.26201820373535,
      20.212270736694336,
      17.8887939453125,
      16.472471237182617,
      18.427886962890625,
      14.680475234985352,
      20.24256706237793
    ],
    [
      -0.1793379932641983,
      -4.2292656898498535,
      2.2910361289978027,
      3.646930456161499,
      8.644118309020996,
      15.789522171020508,
      14.581501007080078,
      18.000377655029297,
      16.924776077270508,
      19.368860244750977,
      18.26201820373535,
      27.518096923828125,
      15.006047248840332,
      22.89090919494629,
      10.904955863952637,
      20.001850128173828,
      10.843311309814453,
      20.446575164794922
    ],
    [
      4.053208827972412,
      -8.582496643066406,
      5.917455673217773,
      2.693188428878784,
      8.685518264770508,
      6.844197750091553,
      12.698906898498535,
      8.774432182312012,
      17.059385299682617,
      11.350662231445312,
      20.212270736694336,
      15.006047248840332,
      27.60214614868164,
      21.081684112548828,
      26.187232971191406,
      26.607698440551758,
      23.143850326538086,
      27.581117630004883
    ],
    [
      2.0671613216400146,
      -5.578609466552734,
      3.359832763671875,
      2.261988401412964,
      7.432114124298096,
      11.156211853027344,
      12.090035438537598,
      13.440251350402832,
      15.81651782989502,
      15.838471412658691,
      17.8887939453125,
      22.89090919494629,
      21.081684112548828,
      31.17177963256836,
      17.746967315673828,
      32.080772399902344,
      16.687646865844727,
      30.211158752441406
    ],
    [
      6.549357891082764,
      -11.237724304199219,
      8.69798469543457,
      4.856076240539551,
      10.348937034606934,
      5.077009201049805,
      12.385665893554688,
      6.641144275665283,
      13.589567184448242,
      9.223320960998535,
      16.472471237182617,
      10.904955863952637,
      26.187232971191406,
      17.746967315673828,
      44.24931335449219,
      30.53352928161621,
      41.269203186035156,
      32.52747344970703
    ],
    [
      3.7581605911254883,
      -6.7658491134643555,
      4.957756996154785,
      3.9030680656433105,
      8.074920654296875,
      8.298734664916992,
      11.955971717834473,
      10.713269233703613,
      15.524913787841797,
      13.136232376098633,
      18.427886962890625,
      20.001850128173828,
      26.607698440551758,
      32.080772399902344,
      30.53352928161621,
      57.47814178466797,
      30.969402313232422,
      52.960655212402344
    ],
    [
      4.898421287536621,
      -9.13167667388916,
      7.941686630249023,
      4.7704691886901855,
      10.619427680969238,
      6.005914211273193,
      12.661802291870117,
      8.175810813903809,
      12.6920166015625,
      9.88459587097168,
      14.680475234985352,
      10.843311309814453,
      23.143850326538086,
      16.687646865844727,
      41.269203186035156,
      30.969402313232422,
      47.935997009277344,
      37.12791442871094
    ],
    [
      1.8936442136764526,
      -4.617602825164795,
      5.989167213439941,
      4.964731693267822,
      11.20699405670166,
      10.27023983001709,
      14.629206657409668,
      13.372644424438477,
      16.83095359802246,
      15.060644149780273,
      20.24256706237793,
      20.446575164794922,
      27.581117630004883,
      30.211158752441406,
      32.52747344970703,
      52.960655212402344,
      37.12791442871094,
      80.94755554199219
    ]
  ],
  "damage": -5.090534687042236,
  "diff_bandwidth": 737.1162109375,
  "dissonance": 9.685029532148654,
  "drr": 9.230555534362793,
  "dynamics": 2.2292351722717285,
  "format": 1245190,
  "frames": 9129920,
  "loudness": -8.036663055419922,
  "loudness_range": 5.2778000831604,
  "loudness_range_short": 6.3736348152160645,
  "lowpass_true_peak_15khz": 0.5205589532852173,
  "mastering3_acoustic_entropies": [
    {
      "acoustic_entropy": 5.566447734832764,
      "acoustic_entropy_mono": 5.358153343200684,
      "band_eliminated_acoustic_entropies": [
        {
          "acoustic_entropy": 5.546715259552002,
          "acoustic_entropy_side": 5.565915107727051,
          "hz": 129.47220167065723
        },
        {
          "acoustic_entropy": 5.727696418762207,
          "acoustic_entropy_side": 5.669304847717285,
          "hz": 202.92927478742237
        },
        {
          "acoustic_entropy": 5.95120096206665,
          "acoustic_entropy_side": 5.705938339233398,
          "hz": 282.89161906338205
        },
        {
          "acoustic_entropy": 5.565211296081543,
          "acoustic_entropy_side": 5.562358856201172,
          "hz": 369.9353335868758
        },
        {
          "acoustic_entropy": 5.884084224700928,
          "acoustic_entropy_side": 5.518961429595947,
          "hz": 464.6875360973435
        },
        {
          "acoustic_entropy": 5.5455474853515625,
          "acoustic_entropy_side": 5.5563249588012695,
          "hz": 567.8308811364784
        },
        {
          "acoustic_entropy": 5.986251354217529,
          "acoustic_entropy_side": 5.567776679992676,
          "hz": 680.1084783214808
        },
        {
          "acoustic_entropy": 5.956179618835449,
          "acoustic_entropy_side": 5.5659403800964355,
          "hz": 802.3292461747484
        },
        {
          "acoustic_entropy": 5.542972564697266,
          "acoustic_entropy_side": 5.527487277984619,
          "hz": 935.3737400823702
        },
        {
          "acoustic_entropy": 5.67883825302124,
          "acoustic_entropy_side": 5.747866153717041,
          "hz": 1080.2004963696966
        },
        {
          "acoustic_entropy": 5.373055458068848,
          "acoustic_entropy_side": 5.375890254974365,
          "hz": 1237.8529382007157
        },
        {
          "acoustic_entropy": 5.473440170288086,
          "acoustic_entropy_side": 5.6085734367370605,
          "hz": 1409.4668930556702
        },
        {
          "acoustic_entropy": 5.532419681549072,
          "acoustic_entropy_side": 5.487028121948242,
          "hz": 1596.2787759475705
        },
        {
          "acoustic_entropy": 5.600367546081543,
          "acoustic_entropy_side": 5.46835470199585,
          "hz": 1799.6344973346393
        },
        {
          "acoustic_entropy": 5.566228866577148,
          "acoustic_entropy_side": 5.49973201751709,
          "hz": 2020.9991599069049
        },
        {
          "acoustic_entropy": 5.491511344909668,
          "acoustic_entropy_side": 5.61953067779541,
          "hz": 2261.9676141086993
        },
        {
          "acoustic_entropy": 5.442683696746826,
          "acoustic_entropy_side": 5.6196370124816895,
          "hz": 2524.2759484456974
        },
        {
          "acoustic_entropy": 5.547513961791992,
          "acoustic_entropy_side": 5.481121063232422,
          "hz": 2809.813997359896
        },
        {
          "acoustic_entropy": 5.512261390686035,
          "acoustic_entropy_side": 5.692810535430908,
          "hz": 3120.6389567871424
        },
        {
          "acoustic_entropy": 5.735408782958984,
          "acoustic_entropy_side": 5.648062229156494,
          "hz": 3458.990205492291
        },
        {
          "acoustic_entropy": 5.819103717803955,
          "acoustic_entropy_side": 5.532602787017822,
          "hz": 3827.305438964164
        },
        {
          "acoustic_entropy": 5.43376350402832,
          "acoustic_entropy_side": 5.5629987716674805,
          "hz": 4228.238232109126
        },
        {
          "acoustic_entropy": 5.468161582946777,
          "acoustic_entropy_side": 5.579182147979736,
          "hz": 4664.6771572759235
        },
        {
          "acoustic_entropy": 5.654090404510498,
          "acoustic_entropy_side": 5.643927097320557,
          "hz": 5139.766595350093
        },
        {
          "acoustic_entropy": 5.721314430236816,
          "acoustic_entropy_side": 5.73004674911499,
          "hz": 5656.929389854203
        },
        {
          "acoustic_entropy": 5.615496635437012,
          "acoustic_entropy_side": 5.592289924621582,
          "hz": 6219.891507268283
        },
        {
          "acoustic_entropy": 5.7422261238098145,
          "acoustic_entropy_side": 5.636619567871094,
          "hz": 6832.70888123896
        },
        {
          "acoustic_entropy": 5.683961391448975,
          "acoustic_entropy_side": 5.616835594177246,
          "hz": 7499.796634079867
        },
        {
          "acoustic_entropy": 5.7344183921813965,
          "acoustic_entropy_side": 5.627811431884766,
          "hz": 8225.96088609342
        },
        {
          "acoustic_entropy": 5.722842693328857,
          "acoustic_entropy_side": 5.608328342437744,
          "hz": 9016.43338188839
        },
        {
          "acoustic_entropy": 5.638427734375,
          "acoustic_entropy_side": 5.58077335357666,
          "hz": 9876.909183162974
        },
        {
          "acoustic_entropy": 5.571259498596191,
          "acoustic_entropy_side": 5.574891567230225,
          "hz": 10813.587699516042
        },
        {
          "acoustic_entropy": 5.485185146331787,
          "acoustic_entropy_side": 5.572118282318115,
          "hz": 11833.21735289826
        },
        {
          "acoustic_entropy": 5.568700313568115,
          "acoustic_entropy_side": 5.569231986999512,
          "hz": 12943.144197493959
        },
        {
          "acoustic_entropy": 5.624821662902832,
          "acoustic_entropy_side": 5.567869186401367,
          "hz": 14151.364845322005
        },
        {
          "acoustic_entropy": 5.601128101348877,
          "acoustic_entropy_side": 5.566821575164795,
          "hz": 15466.58407886509
        },
        {
          "acoustic_entropy": 5.5767292976379395,
          "acoustic_entropy_side": 5.566560745239258,
          "hz": 16898.27756580493
        },
        {
          "acoustic_entropy": 5.569048881530762,
          "acoustic_entropy_side": 5.566458225250244,
          "hz": 18456.760127700032
        },
        {
          "acoustic_entropy": 5.566816329956055,
          "acoustic_entropy_side": 5.566442012786865,
          "hz": 20153.260054456492
        },
        {
          "acoustic_entropy": 5.566455364227295,
          "acoustic_entropy_side": 5.566445350646973,
          "hz": 22000.00000000001
        }
      ],
      "diff_acoustic_entropy": 3.643549919128418,
      "sn": 6
    },
    {
      "acoustic_entropy": 10.05220890045166,
      "acoustic_entropy_mono": 9.411238670349121,
      "band_eliminated_acoustic_entropies": [
        {
          "acoustic_entropy": 10.149513244628906,
          "acoustic_entropy_side": 10.027249336242676,
          "hz": 129.47220167065723
        },
        {
          "acoustic_entropy": 10.355135917663574,
          "acoustic_entropy_side": 10.27731990814209,
          "hz": 202.92927478742237
        },
        {
          "acoustic_entropy": 10.874784469604492,
          "acoustic_entropy_side": 10.64500617980957,
          "hz": 282.89161906338205
        },
        {
          "acoustic_entropy": 10.43263053894043,
          "acoustic_entropy_side": 10.150107383728027,
          "hz": 369.9353335868758
        },
        {
          "acoustic_entropy": 10.481337547302246,
          "acoustic_entropy_side": 10.376778602600098,
          "hz": 464.6875360973435
        },
        {
          "acoustic_entropy": 9.914688110351562,
          "acoustic_entropy_side": 10.148588180541992,
          "hz": 567.8308811364784
        },
        {
          "acoustic_entropy": 10.115483283996582,
          "acoustic_entropy_side": 10.05875301361084,
          "hz": 680.1084783214808
        },
        {
          "acoustic_entropy": 9.787652969360352,
          "acoustic_entropy_side": 9.877195358276367,
          "hz": 802.3292461747484
        },
        {
          "acoustic_entropy": 9.744750022888184,
          "acoustic_entropy_side": 9.8985595703125,
          "hz": 935.3737400823702
        },
        {
          "acoustic_entropy": 10.327922821044922,
          "acoustic_entropy_side": 10.356307983398438,
          "hz": 1080.2004963696966
        },
        {
          "acoustic_entropy": 9.220492362976074,
          "acoustic_entropy_side": 9.595510482788086,
          "hz": 1237.8529382007157
        },
        {
          "acoustic_entropy": 9.79371166229248,
          "acoustic_entropy_side": 9.959858894348145,
          "hz": 1409.4668930556702
        },
        {
          "acoustic_entropy": 10.220196723937988,
          "acoustic_entropy_side": 9.888997077941895,
          "hz": 1596.2787759475705
        },
        {
          "acoustic_entropy": 9.685531616210938,
          "acoustic_entropy_side": 10.061304092407227,
          "hz": 1799.6344973346393
        },
        {
          "acoustic_entropy": 9.53897762298584,
          "acoustic_entropy_side": 9.868560791015625,
          "hz": 2020.9991599069049
        },
        {
          "acoustic_entropy": 9.435406684875488,
          "acoustic_entropy_side": 10.0333890914917,
          "hz": 2261.9676141086993
        },
        {
          "acoustic_entropy": 9.61763858795166,
          "acoustic_entropy_side": 9.975869178771973,
          "hz": 2524.2759484456974
        },
        {
          "acoustic_entropy": 10.548741340637207,
          "acoustic_entropy_side": 10.26616096496582,
          "hz": 2809.813997359896
        },
        {
          "acoustic_entropy": 9.564336776733398,
          "acoustic_entropy_side": 9.763054847717285,
          "hz": 3120.6389567871424
        },
        {
          "acoustic_entropy": 9.875934600830078,
          "acoustic_entropy_side": 9.949692726135254,
          "hz": 3458.990205492291
        },
        {
          "acoustic_entropy": 10.132072448730469,
          "acoustic_entropy_side": 9.933106422424316,
          "hz": 3827.305438964164
        },
        {
          "acoustic_entropy": 9.739081382751465,
          "acoustic_entropy_side": 9.916028022766113,
          "hz": 4228.238232109126
        },
        {
          "acoustic_entropy": 10.001514434814453,
          "acoustic_entropy_side": 9.977472305297852,
          "hz": 4664.6771572759235
        },
        {
          "acoustic_entropy": 9.872936248779297,
          "acoustic_entropy_side": 9.991934776306152,
          "hz": 5139.766595350093
        },
        {
          "acoustic_entropy": 9.800782203674316,
          "acoustic_entropy_side": 9.89770793914795,
          "hz": 5656.929389854203
        },
        {
          "acoustic_entropy": 10.013166427612305,
          "acoustic_entropy_side": 9.963797569274902,
          "hz": 6219.891507268283
        },
        {
          "acoustic_entropy": 10.014330863952637,
          "acoustic_entropy_side": 10.011188507080078,
          "hz": 6832.70888123896
        },
        {
          "acoustic_entropy": 10.01977825164795,
          "acoustic_entropy_side": 10.061328887939453,
          "hz": 7499.796634079867
        },
        {
          "acoustic_entropy": 9.895920753479004,
          "acoustic_entropy_side": 10.030940055847168,
          "hz": 8225.96088609342
        },
        {
          "acoustic_entropy": 10.009833335876465,
          "acoustic_entropy_side": 10.028715133666992,
          "hz": 9016.43338188839
        },
        {
          "acoustic_entropy": 9.886996269226074,
          "acoustic_entropy_side": 10.067402839660645,
          "hz": 9876.909183162974
        },
        {
          "acoustic_entropy": 9.703361511230469,
          "acoustic_entropy_side": 10.073784828186035,
          "hz": 10813.587699516042
        },
        {
          "acoustic_entropy": 9.71752643585205,
          "acoustic_entropy_side": 10.069682121276855,
          "hz": 11833.21735289826
        },
        {
          "acoustic_entropy": 9.774798393249512,
          "acoustic_entropy_side": 10.070100784301758,
          "hz": 12943.144197493959
        },
        {
          "acoustic_entropy": 9.80652141571045,
          "acoustic_entropy_side": 10.06766414642334,
          "hz": 14151.364845322005
        },
        {
          "acoustic_entropy": 9.826518058776855,
          "acoustic_entropy_side": 10.058313369750977,
          "hz": 15466.58407886509
        },
        {
          "acoustic_entropy": 9.966856002807617,
          "acoustic_entropy_side": 10.055137634277344,
          "hz": 16898.27756580493
        },
        {
          "acoustic_entropy": 10.02686882019043,
          "acoustic_entropy_side": 10.053309440612793,
          "hz": 18456.760127700032
        },
        {
          "acoustic_entropy": 10.047281265258789,
          "acoustic_entropy_side": 10.052550315856934,
          "hz": 20153.260054456492
        },
        {
          "acoustic_entropy": 10.051633834838867,
          "acoustic_entropy_side": 10.052230834960938,
          "hz": 22000.00000000001
        }
      ],
      "diff_acoustic_entropy": 6.153273105621338,
      "sn": 12
    },
    {
      "acoustic_entropy": 16.673837661743164,
      "acoustic_entropy_mono": 13.360466957092285,
      "band_eliminated_acoustic_entropies": [
        {
          "acoustic_entropy": 16.202585220336914,
          "acoustic_entropy_side": 16.541349411010742,
          "hz": 129.47220167065723
        },
        {
          "acoustic_entropy": 15.664198875427246,
          "acoustic_entropy_side": 15.657468795776367,
          "hz": 202.92927478742237
        },
        {
          "acoustic_entropy": 17.36262321472168,
          "acoustic_entropy_side": 16.959224700927734,
          "hz": 282.89161906338205
        },
        {
          "acoustic_entropy": 16.877973556518555,
          "acoustic_entropy_side": 16.641632080078125,
          "hz": 369.9353335868758
        },
        {
          "acoustic_entropy": 15.624903678894043,
          "acoustic_entropy_side": 16.780492782592773,
          "hz": 464.6875360973435
        },
        {
          "acoustic_entropy": 16.38947296142578,
          "acoustic_entropy_side": 16.69163703918457,
          "hz": 567.8308811364784
        },
        {
          "acoustic_entropy": 15.564191818237305,
          "acoustic_entropy_side": 16.68734359741211,
          "hz": 680.1084783214808
        },
        {
          "acoustic_entropy": 16.189373016357422,
          "acoustic_entropy_side": 16.549211502075195,
          "hz": 802.3292461747484
        },
        {
          "acoustic_entropy": 16.250608444213867,
          "acoustic_entropy_side": 16.50864028930664,
          "hz": 935.3737400823702
        },
        {
          "acoustic_entropy": 15.352007865905762,
          "acoustic_entropy_side": 16.27136993408203,
          "hz": 1080.2004963696966
        },
        {
          "acoustic_entropy": 15.739265441894531,
          "acoustic_entropy_side": 15.83357048034668,
          "hz": 1237.8529382007157
        },
        {
          "acoustic_entropy": 15.911612510681152,
          "acoustic_entropy_side": 15.957197189331055,
          "hz": 1409.4668930556702
        },
        {
          "acoustic_entropy": 16.496292114257812,
          "acoustic_entropy_side": 16.522741317749023,
          "hz": 1596.2787759475705
        },
        {
          "acoustic_entropy": 16.66521453857422,
          "acoustic_entropy_side": 16.49796485900879,
          "hz": 1799.6344973346393
        },
        {
          "acoustic_entropy": 16.09380340576172,
          "acoustic_entropy_side": 16.217723846435547,
          "hz": 2020.9991599069049
        },
        {
          "acoustic_entropy": 16.181838989257812,
          "acoustic_entropy_side": 17.39647674560547,
          "hz": 2261.9676141086993
        },
        {
          "acoustic_entropy": 16.180179595947266,
          "acoustic_entropy_side": 17.114839553833008,
          "hz": 2524.2759484456974
        },
        {
          "acoustic_entropy": 16.46663475036621,
          "acoustic_entropy_side": 16.433639526367188,
          "hz": 2809.813997359896
        },
        {
