{
  "acoustic_entropy": 156.5064697265625,
  "bands": [
    {
      "high_freq": 148.1999969482422,
      "loudness": -41.423885345458984,
      "loudness_range": 28.561193466186523,
      "mid_mean": -38.776023864746094,
      "mid_to_side_loudness": -8.832515716552734,
      "mid_to_side_loudness_range": 16.654165267944336,
      "side_mean": -47.99410629272461
    },
    {
      "high_freq": 392.3793640136719,
      "loudness": -34.99898147583008,
      "loudness_range": 23.294921875,
      "low_freq": 148.1999969482422,
      "mid_mean": -32.80107498168945,
      "mid_to_side_loudness": -4.8579864501953125,
      "mid_to_side_loudness_range": 10.178083419799805,
      "side_mean": -37.650611877441406
    },
    {
      "high_freq": 794.6976318359375,
      "loudness": -35.3570442199707,
      "loudness_range": 22.68306541442871,
      "low_freq": 392.3793640136719,
      "mid_mean": -33.0634651184082,
      "mid_to_side_loudness": -4.837898254394531,
      "mid_to_side_loudness_range": 8.599123001098633,
      "side_mean": -37.97016906738281
    },
    {
      "high_freq": 1457.5709228515625,
      "loudness": -37.867794036865234,
      "loudness_range": 25.808082580566406,
      "low_freq": 794.6976318359375,
      "mid_mean": -36.426876068115234,
      "mid_to_side_loudness": -2.5687434673309326,
      "mid_to_side_loudness_range": 8.926743507385254,
      "side_mean": -38.913612365722656
    },
    {
      "high_freq": 2549.74365234375,
      "loudness": -46.69754409790039,
      "loudness_range": 30.335466384887695,
      "low_freq": 1457.5709228515625,
      "mid_mean": -45.8707160949707,
      "mid_to_side_loudness": -1.8311647176742554,
      "mid_to_side_loudness_range": 8.630060195922852,
      "side_mean": -47.73240661621094
    },
    {
      "high_freq": 4349.24462890625,
      "loudness": -55.20620346069336,
      "loudness_range": 27.515899658203125,
      "low_freq": 2549.74365234375,
      "mid_mean": -53.11545181274414,
      "mid_to_side_loudness": -2.944873809814453,
      "mid_to_side_loudness_range": 4.832841873168945,
      "side_mean": -55.783935546875
    },
    {
      "high_freq": 7314.1640625,
      "loudness": -59.73155975341797,
      "loudness_range": 19.141525268554688,
      "low_freq": 4349.24462890625,
      "mid_mean": -57.545352935791016,
      "mid_to_side_loudness": -2.649890661239624,
      "mid_to_side_loudness_range": 1.8251588344573975,
      "side_mean": -59.80825424194336
    },
    {
      "high_freq": 12199.2666015625,
      "loudness": -62.81360626220703,
      "loudness_range": 10.029499053955078,
      "low_freq": 7314.1640625,
      "mid_mean": -60.51691436767578,
      "mid_to_side_loudness": -2.485995292663574,
      "mid_to_side_loudness_range": 0.6340987682342529,
      "side_mean": -62.569602966308594
    },
    {
      "loudness": -63.3042106628418,
      "loudness_range": 3.8026161193847656,
      "low_freq": 12199.2666015625,
      "mid_mean": -61.0203742980957,
      "mid_to_side_loudness": -2.1504390239715576,
      "mid_to_side_loudness_range": 0.4520498514175415,
      "side_mean": -62.82555389404297
    }
  ],
  "bands_short": [
    {
      "high_freq": 148.1999969482422,
      "loudness": -44.882896423339844,
      "loudness_range": 30.72874641418457,
      "mid_mean": -42.06044006347656,
      "mid_to_side_loudness": -10.684118270874023,
      "mid_to_side_loudness_range": 17.065677642822266,
      "side_mean": -53.4298210144043
    },
    {
      "high_freq": 392.3793640136719,
      "loudness": -34.895206451416016,
      "loudness_range": 23.404605865478516,
      "low_freq": 148.1999969482422,
      "mid_mean": -32.57089614868164,
      "mid_to_side_loudness": -5.665156364440918,
      "mid_to_side_loudness_range": 12.075785636901855,
      "side_mean": -38.277069091796875
    },
    {
      "high_freq": 794.6976318359375,
      "loudness": -35.59848403930664,
      "loudness_range": 23.769275665283203,
      "low_freq": 392.3793640136719,
      "mid_mean": -33.48788070678711,
      "mid_to_side_loudness": -4.462830543518066,
      "mid_to_side_loudness_range": 9.523853302001953,
      "side_mean": -37.97493362426758
    },
    {
      "high_freq": 1457.5709228515625,
      "loudness": -38.930599212646484,
      "loudness_range": 26.826337814331055,
      "low_freq": 794.6976318359375,
      "mid_mean": -37.58405303955078,
      "mid_to_side_loudness": -2.5673255920410156,
      "mid_to_side_loudness_range": 10.499326705932617,
      "side_mean": -40.03812026977539
    },
    {
      "high_freq": 2549.74365234375,
      "loudness": -47.80946731567383,
      "loudness_range": 29.93575096130371,
      "low_freq": 1457.5709228515625,
      "mid_mean": -47.1468391418457,
      "mid_to_side_loudness": -1.8090651035308838,
      "mid_to_side_loudness_range": 9.83544921875,
      "side_mean": -48.86051559448242
    },
    {
      "high_freq": 4349.24462890625,
      "loudness": -55.96399688720703,
      "loudness_range": 27.34262466430664,
      "low_freq": 2549.74365234375,
      "mid_mean": -53.888614654541016,
      "mid_to_side_loudness": -2.8829381465911865,
      "mid_to_side_loudness_range": 5.979864120483398,
      "side_mean": -56.46366500854492
    },
    {
      "high_freq": 7314.1640625,
      "loudness": -60.13906478881836,
      "loudness_range": 18.487689971923828,
      "low_freq": 4349.24462890625,
      "mid_mean": -57.94511413574219,
      "mid_to_side_loudness": -2.6129472255706787,
      "mid_to_side_loudness_range": 2.8238961696624756,
      "side_mean": -60.15537643432617
    },
    {
      "high_freq": 12199.2666015625,
      "loudness": -63.01078796386719,
      "loudness_range": 9.49172592163086,
      "low_freq": 7314.1640625,
      "mid_mean": -60.70359802246094,
      "mid_to_side_loudness": -2.4782865047454834,
      "mid_to_side_loudness_range": 1.6258981227874756,
      "side_mean": -62.736820220947266
    },
    {
      "loudness": -63.35570526123047,
      "loudness_range": 3.4904632568359375,
      "low_freq": 12199.2666015625,
      "mid_mean": -61.0680046081543,
      "mid_to_side_loudness": -2.1513307094573975,
      "mid_to_side_loudness_range": 1.2651503086090088,
      "side_mean": -62.86946105957031
    }
  ],
  "bandwidth": 586.3994140625,
  "channels": 2,
  "covariance": [
    [
      100.92408752441406,
      64.33814239501953,
      37.83047103881836,
      35.07179641723633,
      27.94464874267578,
      30.03693389892578,
      30.37085723876953,
      31.597421646118164,
      39.46484375,
      39.78969955444336,
      37.7221794128418,
      35.97846984863281,
      30.934537887573242,
      29.533254623413086,
      14.254894256591797,
      13.311275482177734,
      5.082309246063232,
      4.863290786743164
    ],
    [
      64.33814239501953,
      64.58008575439453,
      39.54020309448242,
      39.76268005371094,
      31.061023712158203,
      33.257537841796875,
      32.2373046875,
      34.01433563232422,
      41.083160400390625,
      41.047943115234375,
      35.56770324707031,
      33.09055709838867,
      21.909536361694336,
      20.239259719848633,
      8.991250038146973,
      8.457535743713379,
      3.856398344039917,
      3.6800730228424072
    ],
    [
      37.83047103881836,
      39.54020309448242,
      65.8465576171875,
      59.094905853271484,
      45.755924224853516,
      45.364376068115234,
      42.17356872558594,
      42.7390022277832,
      47.403076171875,
      45.716094970703125,
      38.618316650390625,
      35.752506256103516,
      20.086193084716797,
      18.34564781188965,
      7.509912014007568,
      7.089808940887451,
      3.3188562393188477,
      3.230611562728882
    ],
    [
      35.07179641723633,
      39.76268005371094,
      59.094905853271484,
      67.86223602294922,
      47.80571365356445,
      47.34482192993164,
      43.20171356201172,
      44.11989974975586,
      48.09539794921875,
      45.313804626464844,
      38.20718765258789,
      35.9022102355957,
      18.46563148498535,
      16.562366485595703,
      6.677058696746826,
      6.360742568969727,
      3.2185323238372803,
      3.1191959381103516
    ],
    [
      27.94464874267578,
      31.061023712158203,
      45.755924224853516,
      47.80571365356445,
      64.06594848632812,
      56.39693832397461,
      48.07987976074219,
      47.37694549560547,
      47.645572662353516,
      49.65517807006836,
      41.48871994018555,
      39.7874870300293,
      18.81619644165039,
      16.33346176147461,
      6.542659282684326,
      6.1949944496154785,
      3.207502841949463,
      3.06489896774292
    ],
    [
      30.03693389892578,
      33.257537841796875,
      45.364376068115234,
      47.34482192993164,
      56.39693832397461,
      60.971195220947266,
      46.03604507446289,
      45.65285110473633,
      48.187679290771484,
      48.457763671875,
      40.98842239379883,
      38.66965103149414,
      18.63255500793457,
      16.273345947265625,
      6.4393839836120605,
      6.086031436920166,
      3.194171905517578,
      3.047797679901123
    ],
    [
      30.37085723876953,
      32.2373046875,
      42.17356872558594,
      43.20171356201172,
      48.07987976074219,
      46.03604507446289,
      79.0343246459961,
      73.13262939453125,
      68.2516860961914,
      69.91873168945312,
      57.084903717041016,
      53.10798645019531,
      27.37468910217285,
      24.12623405456543,
      9.60718822479248,
      8.979759216308594,
      3.901730537414551,
      3.690817356109619
    ],
    [
      31.597421646118164,
      34.01433563232422,
      42.7390022277832,
      44.11989974975586,
      47.37694549560547,
      45.65285110473633,
      73.13262939453125,
      79.45703887939453,
      70.21882629394531,
      71.05464935302734,
      58.45878982543945,
      54.18683624267578,
      26.978763580322266,
      23.6363582611084,
      8.900317192077637,
      8.40421199798584,
      3.614128589630127,
      3.450256824493408
    ],
    [
      39.46484375,
      41.083160400390625,
      47.403076171875,
      48.09539794921875,
      47.645572662353516,
      48.187679290771484,
      68.2516860961914,
      70.21882629394531,
      106.6662368774414,
      105.03777313232422,
      80.78948974609375,
      74.85900115966797,
      41.775150299072266,
      36.72316360473633,
      14.475539207458496,
      13.377427101135254,
      4.914984703063965,
      4.612712383270264
    ],
    [
      39.78969955444336,
      41.047943115234375,
      45.716094970703125,
      45.313804626464844,
      49.65517807006836,
      48.457763671875,
      69.91873168945312,
      71.05464935302734,
      105.03777313232422,
      113.76934051513672,
      81.69786071777344,
      76.04183959960938,
      41.443687438964844,
      36.44499588012695,
      14.21989631652832,
      13.157934188842773,
      4.821740627288818,
      4.5527424812316895
    ],
    [
      37.7221794128418,
      35.56770324707031,
      38.618316650390625,
      38.20718765258789,
      41.48871994018555,
      40.98842239379883,
      57.084903717041016,
      58.45878982543945,
      80.78948974609375,
      81.69786071777344,
      81.00723266601562,
      73.84724426269531,
      43.043006896972656,
      37.87166976928711,
      16.510190963745117,
      14.984442710876465,
      6.309650421142578,
      5.720086574554443
    ],
    [
      35.97846984863281,
      33.09055709838867,
      35.752506256103516,
      35.9022102355957,
      39.7874870300293,
      38.66965103149414,
      53.10798645019531,
      54.18683624267578,
      74.85900115966797,
      76.04183959960938,
      73.84724426269531,
      69.92214965820312,
      40.18644332885742,
      35.374725341796875,
      15.460912704467773,
      14.036404609680176,
      5.828612327575684,
      5.290282249450684
    ],
    [
      30.934537887573242,
      21.909536361694336,
      20.086193084716797,
      18.46563148498535,
      18.81619644165039,
      18.63255500793457,
      27.37468910217285,
      26.978763580322266,
      41.775150299072266,
      41.443687438964844,
      43.043006896972656,
      40.18644332885742,
      34.071563720703125,
      31.241050720214844,
      15.720839500427246,
      14.334620475769043,
      5.710764408111572,
      5.157667636871338
    ],
    [
      29.533254623413086,
      20.239259719848633,
      18.34564781188965,
      16.562366485595703,
      16.33346176147461,
      16.273345947265625,
      24.12623405456543,
      23.6363582611084,
      36.72316360473633,
      36.44499588012695,
      37.87166976928711,
      35.374725341796875,
      31.241050720214844,
      29.214113235473633,
      14.945460319519043,
      13.676755905151367,
      5.386682510375977,
      4.883521556854248
    ],
    [
      14.254894256591797,
      8.991250038146973,
      7.509912014007568,
      6.677058696746826,
      6.542659282684326,
      6.4393839836120605,
      9.60718822479248,
      8.900317192077637,
      14.475539207458496,
      14.21989631652832,
      16.510190963745117,
      15.460912704467773,
      15.720839500427246,
      14.945460319519043,
      10.080212593078613,
      9.201709747314453,
      4.099557876586914,
      3.669142961502075
    ],
    [
      13.311275482177734,
      8.457535743713379,
      7.089808940887451,
      6.360742568969727,
      6.1949944496154785,
      6.086031436920166,
      8.979759216308594,
      8.40421199798584,
      13.377427101135254,
      13.157934188842773,
      14.984442710876465,
      14.036404609680176,
      14.334620475769043,
      13.676755905151367,
      9.201709747314453,
      8.460916519165039,
      3.7244977951049805,
      3.349388360977173
    ],
    [
      5.082309246063232,
      3.856398344039917,
      3.3188562393188477,
      3.2185323238372803,
      3.207502841949463,
      3.194171905517578,
      3.901730537414551,
      3.614128589630127,
      4.914984703063965,
      4.821740627288818,
      6.309650421142578,
      5.828612327575684,
      5.710764408111572,
      5.386682510375977,
      4.099557876586914,
      3.7244977951049805,
      2.1610207557678223,
      1.8962000608444214
    ],
    [
      4.863290786743164,
      3.6800730228424072,
      3.230611562728882,
      3.1191959381103516,
      3.06489896774292,
      3.047797679901123,
      3.690817356109619,
      3.450256824493408,
      4.612712383270264,
      4.5527424812316895,
      5.720086574554443,
      5.290282249450684,
      5.157667636871338,
      4.883521556854248,
      3.669142961502075,
      3.349388360977173,
      1.8962000608444214,
      1.6915233135223389
    ]
  ],
  "covariance_short": [
    [
      116.94889831542969,
      75.05580139160156,
      44.66573715209961,
      36.574092864990234,
      27.463945388793945,
      28.13557243347168,
      28.80665397644043,
      29.24835777282715,
      38.224517822265625,
      37.217613220214844,
      35.87687683105469,
      34.55735397338867,
      29.82724952697754,
      28.53495216369629,
      13.302240371704102,
      12.40953540802002,
      4.653613090515137,
      4.4152302742004395
    ],
    [
      75.05580139160156,
      73.6740951538086,
      43.194156646728516,
      41.322078704833984,
      31.67506217956543,
      33.087181091308594,
      32.097652435302734,
      33.096004486083984,
      40.28975296020508,
      39.24407196044922,
      36.76033020019531,
      34.54466247558594,
      24.4511661529541,
      22.59838104248047,
      11.01697063446045,
      10.097246170043945,
      5.179280757904053,
      4.6790032386779785
    ],
    [
      44.66573715209961,
      43.194156646728516,
      67.91215515136719,
      58.254966735839844,
      46.271087646484375,
      46.750938415527344,
      42.41891860961914,
      42.795589447021484,
      47.93384552001953,
      45.28166961669922,
      38.53496551513672,
      35.87228775024414,
      20.364765167236328,
      18.80084228515625,
      7.779300212860107,
      7.321244239807129,
      3.2156100273132324,
      3.1045162677764893
    ],
    [
      36.574092864990234,
      41.322078704833984,
      58.254966735839844,
      69.9782485961914,
      48.69353103637695,
      50.14008712768555,
      45.295989990234375,
      45.72776412963867,
      50.166236877441406,
      47.365081787109375,
      39.10210418701172,
      36.56005859375,
      18.083635330200195,
      16.325132369995117,
      6.8112640380859375,
      6.445791721343994,
      3.184370994567871,
      3.0394468307495117
    ],
    [
      27.463945388793945,
      31.67506217956543,
      46.271087646484375,
      48.69353103637695,
      69.89099884033203,
      61.40269470214844,
      52.06718063354492,
      51.435791015625,
      51.87384796142578,
      52.87527084350586,
      43.651390075683594,
      41.94809341430664,
      18.747488021850586,
      16.29156494140625,
      6.290095329284668,
      5.906682014465332,
      2.9983937740325928,
      2.854863405227661
    ],
    [
      28.13557243347168,
      33.087181091308594,
      46.750938415527344,
      50.14008712768555,
      61.40269470214844,
      67.81735229492188,
      50.59798812866211,
      49.88025665283203,
      52.36170196533203,
      51.20441818237305,
      42.84700012207031,
      40.3989372253418,
      18.164222717285156,
      15.865716934204102,
      6.029672145843506,
      5.668352127075195,
      2.9607043266296387,
      2.820777416229248
    ],
    [
      28.80665397644043,
      32.097652435302734,
      42.41891860961914,
      45.295989990234375,
      52.06718063354492,
      50.59798812866211,
      85.37554168701172,
      76.48234558105469,
      70.0677490234375,
      71.2586669921875,
      57.12177658081055,
      53.35804748535156,
      26.474138259887695,
      23.23990821838379,
      9.246068000793457,
      8.57299518585205,
      3.8409507274627686,
      3.6105551719665527
    ],
    [
      29.24835777282715,
      33.096004486083984,
      42.795589447021484,
      45.72776412963867,
      51.435791015625,
      49.88025665283203,
      76.48234558105469,
      84.72828674316406,
      71.4101791381836,
      71.99552154541016,
      57.9537239074707,
      54.14179229736328,
      25.663806915283203,
      22.319915771484375,
      8.425485610961914,
      7.92626953125,
      3.5212385654449463,
      3.3543784618377686
    ],
    [
      38.224517822265625,
      40.28975296020508,
      47.93384552001953,
      50.166236877441406,
      51.87384796142578,
      52.36170196533203,
      70.0677490234375,
      71.4101791381836,
      109.08435821533203,
      105.3824234008789,
      78.29190063476562,
      72.88821411132812,
      39.534996032714844,
      34.647186279296875,
      13.480496406555176,
      12.455760955810547,
      4.684128284454346,
      4.4156293869018555
    ],
    [
      37.217613220214844,
      39.24407196044922,
      45.28166961669922,
      47.365081787109375,
      52.87527084350586,
      51.20441818237305,
      71.2586669921875,
      71.99552154541016,
      105.3824234008789,
      113.10819244384766,
      77.91509246826172,
      73.11349487304688,
      38.82463455200195,
      33.95562744140625,
      13.139070510864258,
      12.162275314331055,
      4.634219169616699,
      4.3797736167907715
    ],
    [
      35.87687683105469,
      36.76033020019531,
      38.53496551513672,
      39.10210418701172,
      43.651390075683594,
      42.84700012207031,
      57.12177658081055,
      57.9537239074707,
      78.29190063476562,
      77.91509246826172,
      78.07389068603516,
      70.65200805664062,
      40.045040130615234,
      35.235843658447266,
      15.267609596252441,
      13.860642433166504,
      5.934467792510986,
      5.399213790893555
    ],
    [
      34.55735397338867,
      34.54466247558594,
      35.87228775024414,
      36.56005859375,
      41.94809341430664,
      40.3989372253418,
      53.35804748535156,
      54.14179229736328,
      72.88821411132812,
      73.11349487304688,
      70.65200805664062,
      67.92230224609375,
      37.6118278503418,
      33.06831359863281,
      14.336559295654297,
      13.019429206848145,
      5.512578964233398,
      5.02364444732666
    ],
    [
      29.82724952697754,
      24.4511661529541,
      20.364765167236328,
      18.083635330200195,
      18.747488021850586,
      18.164222717285156,
      26.474138259887695,
      25.663806915283203,
      39.534996032714844,
      38.82463455200195,
      40.045040130615234,
      37.6118278503418,
      32.83430862426758,
      29.882266998291016,
      14.810297966003418,
      13.513080596923828,
      5.493051052093506,
      4.977378845214844
    ],
    [
      28.53495216369629,
      22.59838104248047,
      18.80084228515625,
      16.325132369995117,
      16.29156494140625,
      15.865716934204102,
      23.23990821838379,
      22.319915771484375,
      34.647186279296875,
      33.95562744140625,
      35.235843658447266,
      33.06831359863281,
      29.882266998291016,
      28.217039108276367,
      14.116650581359863,
      12.930656433105469,
      5.195241451263428,
      4.7301926612854
    ],
    [
      13.302240371704102,
      11.01697063446045,
      7.779300212860107,
      6.8112640380859375,
      6.290095329284668,
      6.029672145843506,
      9.246068000793457,
      8.425485610961914,
      13.480496406555176,
      13.139070510864258,
      15.267609596252441,
      14.336559295654297,
      14.810297966003418,
      14.116650581359863,
      9.741889953613281,
      8.817798614501953,
      4.090982437133789,
      3.6803770065307617
    ],
    [
      12.40953540802002,
      10.097246170043945,
      7.321244239807129,
      6.445791721343994,
      5.906682014465332,
      5.668352127075195,
      8.57299518585205,
      7.92626953125,
      12.455760955810547,
      12.162275314331055,
      13.860642433166504,
      13.019429206848145,
      13.513080596923828,
      12.930656433105469,
      8.817798614501953,
      8.203963279724121,
      3.72627592086792,
      3.372220277786255
    ],
    [
      4.653613090515137,
      5.179280757904053,
      3.2156100273132324,
      3.184370994567871,
      2.9983937740325928,
      2.9607043266296387,
      3.8409507274627686,
      3.5212385654449463,
      4.684128284454346,
      4.634219169616699,
      5.934467792510986,
      5.512578964233398,
      5.493051052093506,
      5.195241451263428,
      4.090982437133789,
      3.72627592086792,
      2.3513755798339844,
      2.0316882133483887
    ],
    [
      4.4152302742004395,
      4.6790032386779785,
      3.1045162677764893,
      3.0394468307495117,
      2.854863405227661,
      2.820777416229248,
      3.6105551719665527,
      3.3543784618377686,
      4.4156293869018555,
      4.3797736167907715,
      5.399213790893555,
      5.02364444732666,
      4.977378845214844,
      4.7301926612854,
      3.6803770065307617,
      3.372220277786255,
      2.0316882133483887,
      1.8772670030593872
    ]
  ],
  "damage": -16.262418746948242,
  "diff_bandwidth": 662.4354858398438,
  "dissonance": 4.857345134178733,
  "drr": 0.5029057860374451,
  "dynamics": 5.708685874938965,
  "format": 1245190,
  "frames": 18810880,
  "loudness": -24.350685119628906,
  "loudness_range": 18.348392486572266,
  "loudness_range_short": 19.973712921142578,
  "lowpass_true_peak_15khz": -1.739076852798462,
  "mastering3_acoustic_entropies": [
    {
      "acoustic_entropy": 7.906945705413818,
      "acoustic_entropy_mono": 7.302746772766113,
      "band_eliminated_acoustic_entropies": [
        {
          "acoustic_entropy": 7.901247978210449,
          "acoustic_entropy_side": 7.907233238220215,
          "hz": 129.47220167065723
        },
        {
          "acoustic_entropy": 7.297121047973633,
          "acoustic_entropy_side": 7.93306303024292,
          "hz": 202.92927478742237
        },
        {
          "acoustic_entropy": 8.115461349487305,
          "acoustic_entropy_side": 7.896332263946533,
          "hz": 282.89161906338205
        },
        {
          "acoustic_entropy": 7.704854488372803,
          "acoustic_entropy_side": 7.838328838348389,
          "hz": 369.9353335868758
        },
        {
          "acoustic_entropy": 7.551092624664307,
          "acoustic_entropy_side": 7.6917643547058105,
          "hz": 464.6875360973435
        },
        {
          "acoustic_entropy": 7.888445854187012,
          "acoustic_entropy_side": 7.8237690925598145,
          "hz": 567.8308811364784
        },
        {
          "acoustic_entropy": 7.902064800262451,
          "acoustic_entropy_side": 8.178651809692383,
          "hz": 680.1084783214808
        },
        {
          "acoustic_entropy": 7.793869495391846,
          "acoustic_entropy_side": 7.859358787536621,
          "hz": 802.3292461747484
        },
        {
          "acoustic_entropy": 8.062851905822754,
          "acoustic_entropy_side": 7.8878254890441895,
          "hz": 935.3737400823702
        },
        {
          "acoustic_entropy": 8.347467422485352,
          "acoustic_entropy_side": 7.935910224914551,
          "hz": 1080.2004963696966
        },
        {
          "acoustic_entropy": 8.756073951721191,
          "acoustic_entropy_side": 7.654016017913818,
          "hz": 1237.8529382007157
        },
        {
          "acoustic_entropy": 8.287276268005371,
          "acoustic_entropy_side": 7.8161234855651855,
          "hz": 1409.4668930556702
        },
        {
          "acoustic_entropy": 8.459537506103516,
          "acoustic_entropy_side": 8.356029510498047,
          "hz": 1596.2787759475705
        },
        {
          "acoustic_entropy": 6.791983604431152,
          "acoustic_entropy_side": 7.137441635131836,
          "hz": 1799.6344973346393
        },
        {
          "acoustic_entropy": 8.029580116271973,
          "acoustic_entropy_side": 7.851379871368408,
          "hz": 2020.9991599069049
        },
        {
          "acoustic_entropy": 8.086507797241211,
          "acoustic_entropy_side": 8.03654956817627,
          "hz": 2261.9676141086993
        },
        {
          "acoustic_entropy": 7.951343536376953,
          "acoustic_entropy_side": 7.935522556304932,
          "hz": 2524.2759484456974
        },
        {
          "acoustic_entropy": 7.8760762214660645,
          "acoustic_entropy_side": 7.887948036193848,
          "hz": 2809.813997359896
        },
        {
          "acoustic_entropy": 7.932925224304199,
          "acoustic_entropy_side": 7.883955478668213,
          "hz": 3120.6389567871424
        },
        {
          "acoustic_entropy": 7.903473377227783,
          "acoustic_entropy_side": 7.906795024871826,
          "hz": 3458.990205492291
        },
        {
          "acoustic_entropy": 7.914090156555176,
          "acoustic_entropy_side": 7.914472579956055,
          "hz": 3827.305438964164
        },
        {
          "acoustic_entropy": 7.917642116546631,
          "acoustic_entropy_side": 7.911686897277832,
          "hz": 4228.238232109126
        },
        {
          "acoustic_entropy": 7.904269218444824,
          "acoustic_entropy_side": 7.906436920166016,
          "hz": 4664.6771572759235
        },
        {
          "acoustic_entropy": 7.908966064453125,
          "acoustic_entropy_side": 7.907661437988281,
          "hz": 5139.766595350093
        },
        {
          "acoustic_entropy": 7.912065505981445,
          "acoustic_entropy_side": 7.9079437255859375,
          "hz": 5656.929389854203
        },
        {
          "acoustic_entropy": 7.910432815551758,
          "acoustic_entropy_side": 7.907714366912842,
          "hz": 6219.891507268283
        },
        {
          "acoustic_entropy": 7.908660411834717,
          "acoustic_entropy_side": 7.907336711883545,
          "hz": 6832.70888123896
        },
        {
          "acoustic_entropy": 7.907900810241699,
          "acoustic_entropy_side": 7.907165050506592,
          "hz": 7499.796634079867
        },
        {
          "acoustic_entropy": 7.907334327697754,
          "acoustic_entropy_side": 7.907040119171143,
          "hz": 8225.96088609342
        },
        {
          "acoustic_entropy": 7.907102584838867,
          "acoustic_entropy_side": 7.906983852386475,
          "hz": 9016.43338188839
        },
        {
          "acoustic_entropy": 7.907039165496826,
          "acoustic_entropy_side": 7.906966686248779,
          "hz": 9876.909183162974
        },
        {
          "acoustic_entropy": 7.90706205368042,
          "acoustic_entropy_side": 7.9069719314575195,
          "hz": 10813.587699516042
        },
        {
          "acoustic_entropy": 7.907057285308838,
          "acoustic_entropy_side": 7.906971454620361,
          "hz": 11833.21735289826
        },
        {
          "acoustic_entropy": 7.907012939453125,
          "acoustic_entropy_side": 7.906961917877197,
          "hz": 12943.144197493959
        },
        {
          "acoustic_entropy": 7.906973838806152,
          "acoustic_entropy_side": 7.906952857971191,
          "hz": 14151.364845322005
        },
        {
          "acoustic_entropy": 7.906960964202881,
          "acoustic_entropy_side": 7.906949996948242,
          "hz": 15466.58407886509
        },
        {
          "acoustic_entropy": 7.906956195831299,
          "acoustic_entropy_side": 7.906948566436768,
          "hz": 16898.27756580493
        },
        {
          "acoustic_entropy": 7.906947612762451,
          "acoustic_entropy_side": 7.906946182250977,
          "hz": 18456.760127700032
        },
        {
          "acoustic_entropy": 7.90694522857666,
          "acoustic_entropy_side": 7.906945705413818,
          "hz": 20153.260054456492
        },
        {
          "acoustic_entropy": 7.906945705413818,
          "acoustic_entropy_side": 7.906945705413818,
          "hz": 22000.00000000001
        }
      ],
      "diff_acoustic_entropy": 4.577556610107422,
      "sn": 6
    },
    {
      "acoustic_entropy": 11.860198974609375,
      "acoustic_entropy_mono": 10.684189796447754,
      "band_eliminated_acoustic_entropies": [
        {
          "acoustic_entropy": 11.725625991821289,
          "acoustic_entropy_side": 11.86536693572998,
          "hz": 129.47220167065723
        },
        {
          "acoustic_entropy": 10.615777969360352,
          "acoustic_entropy_side": 11.881766319274902,
          "hz": 202.92927478742237
        },
        {
          "acoustic_entropy": 11.13723373413086,
          "acoustic_entropy_side": 11.8474702835083,
          "hz": 282.89161906338205
        },
        {
          "acoustic_entropy": 11.229288101196289,
          "acoustic_entropy_side": 11.714577674865723,
          "hz": 369.9353335868758
        },
        {
          "acoustic_entropy": 11.146063804626465,
          "acoustic_entropy_side": 11.45527458190918,
          "hz": 464.6875360973435
        },
        {
          "acoustic_entropy": 12.136285781860352,
          "acoustic_entropy_side": 12.042230606079102,
          "hz": 567.8308811364784
        },
        {
          "acoustic_entropy": 12.25300121307373,
          "acoustic_entropy_side": 11.839009284973145,
          "hz": 680.1084783214808
        },
        {
          "acoustic_entropy": 11.568111419677734,
          "acoustic_entropy_side": 11.740757942199707,
          "hz": 802.3292461747484
        },
        {
          "acoustic_entropy": 11.912734985351562,
          "acoustic_entropy_side": 12.192506790161133,
          "hz": 935.3737400823702
        },
        {
          "acoustic_entropy": 11.717074394226074,
          "acoustic_entropy_side": 11.706686973571777,
          "hz": 1080.2004963696966
        },
        {
          "acoustic_entropy": 12.326595306396484,
          "acoustic_entropy_side": 12.538535118103027,
          "hz": 1237.8529382007157
        },
        {
          "acoustic_entropy": 12.223124504089355,
          "acoustic_entropy_side": 12.271355628967285,
          "hz": 1409.4668930556702
        },
        {
          "acoustic_entropy": 12.029610633850098,
          "acoustic_entropy_side": 12.19012451171875,
          "hz": 1596.2787759475705
        },
        {
          "acoustic_entropy": 11.125908851623535,
          "acoustic_entropy_side": 11.407167434692383,
          "hz": 1799.6344973346393
        },
        {
          "acoustic_entropy": 12.535361289978027,
          "acoustic_entropy_side": 12.112695693969727,
          "hz": 2020.9991599069049
        },
        {
          "acoustic_entropy": 11.70654010772705,
          "acoustic_entropy_side": 11.820141792297363,
          "hz": 2261.9676141086993
        },
        {
          "acoustic_entropy": 11.860809326171875,
          "acoustic_entropy_side": 11.731743812561035,
          "hz": 2524.2759484456974
        },
        {
          "acoustic_entropy": 11.92744255065918,
          "acoustic_entropy_side": 11.825318336486816,
          "hz": 2809.813997359896
        },
        {
          "acoustic_entropy": 11.887945175170898,
          "acoustic_entropy_side": 11.770907402038574,
          "hz": 3120.6389567871424
        },
        {
          "acoustic_entropy": 11.751788139343262,
          "acoustic_entropy_side": 11.78603744506836,
          "hz": 3458.990205492291
        },
        {
          "acoustic_entropy": 11.796822547912598,
          "acoustic_entropy_side": 11.836036682128906,
          "hz": 3827.305438964164
        },
        {
          "acoustic_entropy": 11.881795883178711,
          "acoustic_entropy_side": 11.880816459655762,
          "hz": 4228.238232109126
        },
        {
          "acoustic_entropy": 11.873730659484863,
          "acoustic_entropy_side": 11.866669654846191,
          "hz": 4664.6771572759235
        },
        {
          "acoustic_entropy": 11.866425514221191,
          "acoustic_entropy_side": 11.864066123962402,
          "hz": 5139.766595350093
        },
        {
          "acoustic_entropy": 11.863075256347656,
          "acoustic_entropy_side": 11.863167762756348,
          "hz": 5656.929389854203
        },
        {
          "acoustic_entropy": 11.866864204406738,
          "acoustic_entropy_side": 11.864673614501953,
          "hz": 6219.891507268283
        },
        {
          "acoustic_entropy": 11.874696731567383,
          "acoustic_entropy_side": 11.86640739440918,
          "hz": 6832.70888123896
        },
        {
          "acoustic_entropy": 11.868603706359863,
          "acoustic_entropy_side": 11.863362312316895,
          "hz": 7499.796634079867
        },
        {
          "acoustic_entropy": 11.864287376403809,
          "acoustic_entropy_side": 11.86142349243164,
          "hz": 8225.96088609342
        },
        {
          "acoustic_entropy": 11.862245559692383,
          "acoustic_entropy_side": 11.86070442199707,
          "hz": 9016.43338188839
        },
        {
          "acoustic_entropy": 11.861581802368164,
          "acoustic_entropy_side": 11.860513687133789,
          "hz": 9876.909183162974
        },
        {
          "acoustic_entropy": 11.861899375915527,
          "acoustic_entropy_side": 11.860599517822266,
          "hz": 10813.587699516042
        },
        {
          "acoustic_entropy": 11.86189079284668,
          "acoustic_entropy_side": 11.86058235168457,
          "hz": 11833.21735289826
        },
        {
          "acoustic_entropy": 11.86118221282959,
          "acoustic_entropy_side": 11.860426902770996,
          "hz": 12943.144197493959
        },
        {
          "acoustic_entropy": 11.860596656799316,
          "acoustic_entropy_side": 11.860294342041016,
          "hz": 14151.364845322005
        },
        {
          "acoustic_entropy": 11.86043643951416,
          "acoustic_entropy_side": 11.860265731811523,
          "hz": 15466.58407886509
        },
        {
          "acoustic_entropy": 11.860326766967773,
          "acoustic_entropy_side": 11.860238075256348,
          "hz": 16898.27756580493
        },
        {
          "acoustic_entropy": 11.860222816467285,
          "acoustic_entropy_side": 11.860208511352539,
          "hz": 18456.760127700032
        },
        {
          "acoustic_entropy": 11.860201835632324,
          "acoustic_entropy_side": 11.860199928283691,
          "hz": 20153.260054456492
        },
        {
          "acoustic_entropy": 11.860200881958008,
          "acoustic_entropy_side": 11.860199928283691,
          "hz": 22000.00000000001
        }
      ],
      "diff_acoustic_entropy": 7.556695461273193,
      "sn": 12
    },
    {
      "acoustic_entropy": 17.51680564880371,
      "acoustic_entropy_mono": 15.616497039794922,
      "band_eliminated_acoustic_entropies": [
        {
          "acoustic_entropy": 17.011476516723633,
          "acoustic_entropy_side": 17.584428787231445,
          "hz": 129.47220167065723
        },
        {
          "acoustic_entropy": 18.259727478027344,
          "acoustic_entropy_side": 17.45453643798828,
          "hz": 202.92927478742237
        },
        {
          "acoustic_entropy": 17.538551330566406,
          "acoustic_entropy_side": 17.8908748626709,
          "hz": 282.89161906338205
        },
        {
          "acoustic_entropy": 17.76377296447754,
          "acoustic_entropy_side": 17.588098526000977,
          "hz": 369.9353335868758
        },
        {
          "acoustic_entropy": 17.91320037841797,
          "acoustic_entropy_side": 18.6843204498291,
          "hz": 464.6875360973435
        },
        {
          "acoustic_entropy": 17.503639221191406,
          "acoustic_entropy_side": 18.529441833496094,
          "hz": 567.8308811364784
        },
        {
          "acoustic_entropy": 18.31039810180664,
          "acoustic_entropy_side": 18.544923782348633,
          "hz": 680.1084783214808
        },
        {
          "acoustic_entropy": 17.00206184387207,
          "acoustic_entropy_side": 16.964900970458984,
          "hz": 802.3292461747484
        },
        {
          "acoustic_entropy": 16.260766983032227,
          "acoustic_entropy_side": 18.004953384399414,
          "hz": 935.3737400823702
        },
        {
          "acoustic_entropy": 17.800472259521484,
          "acoustic_entropy_side": 18.22388458251953,
          "hz": 1080.2004963696966
        },
        {
          "acoustic_entropy": 18.66730499267578,
          "acoustic_entropy_side": 17.4698486328125,
          "hz": 1237.8529382007157
        },
        {
          "acoustic_entropy": 17.53518295288086,
          "acoustic_entropy_side": 18.053943634033203,
          "hz": 1409.4668930556702
        },
        {
          "acoustic_entropy": 18.3896541595459,
          "acoustic_entropy_side": 18.292776107788086,
          "hz": 1596.2787759475705
        },
        {
          "acoustic_entropy": 17.822284698486328,
          "acoustic_entropy_side": 17.533710479736328,
          "hz": 1799.6344973346393
        },
        {
          "acoustic_entropy": 17.821542739868164,
          "acoustic_entropy_side": 18.356761932373047,
          "hz": 2020.9991599069049
        },
        {
          "acoustic_entropy": 17.564136505126953,
          "acoustic_entropy_side": 18.14933967590332,
          "hz": 2261.9676141086993
        },
        {
          "acoustic_entropy": 16.77817726135254,
          "acoustic_entropy_side": 17.150020599365234,
          "hz": 2524.2759484456974
        },
        {
          "acoustic_entropy": 18.168437957763672,
          "acoustic_entropy_side": 17.693988800048828,
          "hz": 2809.813997359896
        },
        {
          "acoustic_entropy": 17.77020835876465,
          "acoustic_entropy_side": 17.608461380004883,
          "hz": 3120.6389567871424
        },
        {
          "acoustic_entropy": 17.668672561645508,
