{
  "acoustic_entropy": 119.02620697021484,
  "bands": [
    {
      "high_freq": 148.1999969482422,
      "loudness": -63.463966369628906,
      "loudness_range": 41.496273040771484,
      "mid_mean": -60.91440200805664,
      "mid_to_side_loudness": -3.942073106765747,
      "mid_to_side_loudness_range": 11.925084114074707,
      "side_mean": -63.283443450927734
    },
    {
      "high_freq": 392.3793640136719,
      "loudness": -41.43012237548828,
      "loudness_range": 18.677494049072266,
      "low_freq": 148.1999969482422,
      "mid_mean": -39.00260543823242,
      "mid_to_side_loudness": -6.615685939788818,
      "mid_to_side_loudness_range": 14.484789848327637,
      "side_mean": -46.015010833740234
    },
    {
      "high_freq": 794.6976318359375,
      "loudness": -49.22134780883789,
      "loudness_range": 34.22846221923828,
      "low_freq": 392.3793640136719,
      "mid_mean": -52.44289016723633,
      "mid_to_side_loudness": -2.6695773601531982,
      "mid_to_side_loudness_range": 9.48663330078125,
      "side_mean": -54.62032699584961
    },
    {
      "high_freq": 1457.5709228515625,
      "loudness": -53.745418548583984,
      "loudness_range": 33.11127471923828,
      "low_freq": 794.6976318359375,
      "mid_mean": -58.074832916259766,
      "mid_to_side_loudness": -3.5189719200134277,
      "mid_to_side_loudness_range": 8.616532325744629,
      "side_mean": -60.081939697265625
    },
    {
      "high_freq": 2549.74365234375,
      "loudness": -60.09495162963867,
      "loudness_range": 33.508907318115234,
      "low_freq": 1457.5709228515625,
      "mid_mean": -62.23566436767578,
      "mid_to_side_loudness": -2.3386030197143555,
      "mid_to_side_loudness_range": 9.518636703491211,
      "side_mean": -63.56007385253906
    },
    {
      "high_freq": 4349.24462890625,
      "loudness": -61.143680572509766,
      "loudness_range": 36.986045837402344,
      "low_freq": 2549.74365234375,
      "mid_mean": -63.898033142089844,
      "mid_to_side_loudness": -2.935981273651123,
      "mid_to_side_loudness_range": 7.871832847595215,
      "side_mean": -65.25297546386719
    },
    {
      "high_freq": 7314.1640625,
      "loudness": -68.3256607055664,
      "loudness_range": 26.40633773803711,
      "low_freq": 4349.24462890625,
      "mid_mean": -67.25043487548828,
      "mid_to_side_loudness": -2.3228375911712646,
      "mid_to_side_loudness_range": 4.779942989349365,
      "side_mean": -68.02725219726562
    },
    {
      "high_freq": 12199.2666015625,
      "loudness": -74.14215850830078,
      "loudness_range": 21.990188598632812,
      "low_freq": 7314.1640625,
      "mid_mean": -69.0096664428711,
      "mid_to_side_loudness": -2.4870259761810303,
      "mid_to_side_loudness_range": 3.498377561569214,
      "side_mean": -69.42377471923828
    },
    {
      "loudness": -83.28545379638672,
      "loudness_range": 8.402015686035156,
      "low_freq": 12199.2666015625,
      "mid_mean": -69.6108169555664,
      "mid_to_side_loudness": -2.0198726654052734,
      "mid_to_side_loudness_range": 2.6635921001434326,
      "side_mean": -69.78943634033203
    }
  ],
  "bands_short": [
    {
      "high_freq": 148.1999969482422,
      "loudness": -64.65988159179688,
      "loudness_range": 38.82448959350586,
      "mid_mean": -61.745243072509766,
      "mid_to_side_loudness": -4.442117691040039,
      "mid_to_side_loudness_range": 14.641934394836426,
      "side_mean": -64.490478515625
    },
    {
      "high_freq": 392.3793640136719,
      "loudness": -42.12156295776367,
      "loudness_range": 20.776596069335938,
      "low_freq": 148.1999969482422,
      "mid_mean": -39.81831359863281,
      "mid_to_side_loudness": -6.494528770446777,
      "mid_to_side_loudness_range": 16.982324600219727,
      "side_mean": -46.70791244506836
    },
    {
      "high_freq": 794.6976318359375,
      "loudness": -50.91404724121094,
      "loudness_range": 35.152427673339844,
      "low_freq": 392.3793640136719,
      "mid_mean": -52.43418884277344,
      "mid_to_side_loudness": -3.313843011856079,
      "mid_to_side_loudness_range": 14.418020248413086,
      "side_mean": -55.060935974121094
    },
    {
      "high_freq": 1457.5709228515625,
      "loudness": -53.83873748779297,
      "loudness_range": 33.85859298706055,
      "low_freq": 794.6976318359375,
      "mid_mean": -58.65468978881836,
      "mid_to_side_loudness": -3.148566484451294,
      "mid_to_side_loudness_range": 11.873666763305664,
      "side_mean": -60.50393295288086
    },
    {
      "high_freq": 2549.74365234375,
      "loudness": -60.166725158691406,
      "loudness_range": 33.726505279541016,
      "low_freq": 1457.5709228515625,
      "mid_mean": -62.886314392089844,
      "mid_to_side_loudness": -1.902438759803772,
      "mid_to_side_loudness_range": 11.773788452148438,
      "side_mean": -63.966087341308594
    },
    {
      "high_freq": 4349.24462890625,
      "loudness": -60.024436950683594,
      "loudness_range": 35.18238067626953,
      "low_freq": 2549.74365234375,
      "mid_mean": -64.44416809082031,
      "mid_to_side_loudness": -2.4576809406280518,
      "mid_to_side_loudness_range": 9.378324508666992,
      "side_mean": -65.52432250976562
    },
    {
      "high_freq": 7314.1640625,
      "loudness": -67.23480224609375,
      "loudness_range": 26.669368743896484,
      "low_freq": 4349.24462890625,
      "mid_mean": -67.51394653320312,
      "mid_to_side_loudness": -2.2720367908477783,
      "mid_to_side_loudness_range": 5.931766510009766,
      "side_mean": -68.15116882324219
    },
    {
      "high_freq": 12199.2666015625,
      "loudness": -74.66261291503906,
      "loudness_range": 22.00958251953125,
      "low_freq": 7314.1640625,
      "mid_mean": -69.10501861572266,
      "mid_to_side_loudness": -2.4340755939483643,
      "mid_to_side_loudness_range": 4.157258987426758,
      "side_mean": -69.43914031982422
    },
    {
      "loudness": -83.3710708618164,
      "loudness_range": 8.388832092285156,
      "low_freq": 12199.2666015625,
      "mid_mean": -69.62578582763672,
      "mid_to_side_loudness": -1.9765410423278809,
      "mid_to_side_loudness_range": 3.658393144607544,
      "side_mean": -69.78620910644531
    }
  ],
  "bandwidth": 523.0657348632812,
  "channels": 2,
  "covariance": [
    [
      157.04559326171875,
      115.07044982910156,
      45.12167739868164,
      65.91876220703125,
      101.08487701416016,
      83.57756805419922,
      89.28226470947266,
      85.42892456054688,
      88.24662780761719,
      72.32926940917969,
      84.32865905761719,
      68.52879333496094,
      48.49482727050781,
      34.9691162109375,
      19.61448860168457,
      9.979350090026855,
      4.484457015991211,
      1.450762391090393
    ],
    [
      115.07044982910156,
      87.22112274169922,
      35.55437469482422,
      51.793399810791016,
      78.75749969482422,
      65.98502349853516,
      69.54317474365234,
      65.97815704345703,
      66.95624542236328,
      54.903621673583984,
      64.2461166381836,
      51.93113708496094,
      36.59171676635742,
      26.3023624420166,
      15.195281982421875,
      7.6220784187316895,
      3.5193986892700195,
      1.1115716695785522
    ],
    [
      45.12167739868164,
      35.55437469482422,
      35.262474060058594,
      39.000858306884766,
      51.04751968383789,
      41.96636199951172,
      51.678218841552734,
      45.757415771484375,
      40.66739273071289,
      32.50846481323242,
      36.08951187133789,
      27.268272399902344,
      19.824356079101562,
      13.069092750549316,
      8.403761863708496,
      3.4433298110961914,
      2.0538830757141113,
      0.5469284653663635
    ],
    [
      65.91876220703125,
      51.793399810791016,
      39.000858306884766,
      72.6405029296875,
      72.68441009521484,
      61.70536422729492,
      63.96437072753906,
      57.59587097167969,
      53.059410095214844,
      42.045982360839844,
      44.78593063354492,
      35.06354904174805,
      24.051225662231445,
      16.760112762451172,
      8.231264114379883,
      4.017911911010742,
      1.9133334159851074,
      0.6399904489517212
    ],
    [
      101.08487701416016,
      78.75749969482422,
      51.04751968383789,
      72.68441009521484,
      183.1092987060547,
      154.8705596923828,
      126.45289611816406,
      109.66442108154297,
      106.54977416992188,
      86.6563720703125,
      89.7957992553711,
      69.8573989868164,
      44.855247497558594,
      30.72256088256836,
      15.686840057373047,
      7.890691757202148,
      3.611623525619507,
      1.2282453775405884
    ],
    [
      83.57756805419922,
      65.98502349853516,
      41.96636199951172,
      61.70536422729492,
      154.8705596923828,
      138.06622314453125,
      107.92081451416016,
      94.11454010009766,
      89.86003112792969,
      74.68689727783203,
      77.46927642822266,
      61.66158676147461,
      37.94462585449219,
      26.945388793945312,
      13.035876274108887,
      7.517634391784668,
      2.8471081256866455,
      1.1266952753067017
    ],
    [
      89.28226470947266,
      69.54317474365234,
      51.678218841552734,
      63.96437072753906,
      126.45289611816406,
      107.92081451416016,
      159.2970428466797,
      135.55496215820312,
      108.682373046875,
      90.0511703491211,
      102.71048736572266,
      76.96037292480469,
      50.562461853027344,
      33.319786071777344,
      20.32447624206543,
      9.241904258728027,
      4.806360244750977,
      1.3956096172332764
    ],
    [
      85.42892456054688,
      65.97815704345703,
      45.757415771484375,
      57.59587097167969,
      109.66442108154297,
      94.11454010009766,
      135.55496215820312,
      120.23595428466797,
      95.80682373046875,
      81.10969543457031,
      91.09428405761719,
      70.19849395751953,
      45.53239440917969,
      31.517362594604492,
      17.849836349487305,
      9.076224327087402,
      4.052157402038574,
      1.3270525932312012
    ],
    [
      88.24662780761719,
      66.95624542236328,
      40.66739273071289,
      53.059410095214844,
      106.54977416992188,
      89.86003112792969,
      108.682373046875,
      95.80682373046875,
      95.95752716064453,
      77.04864501953125,
      86.39478302001953,
      66.76896667480469,
      45.8272590637207,
      32.138492584228516,
      17.02730941772461,
      9.06876277923584,
      3.7058591842651367,
      1.3358336687088013
    ],
    [
      72.32926940917969,
      54.903621673583984,
      32.50846481323242,
      42.045982360839844,
      86.6563720703125,
      74.68689727783203,
      90.0511703491211,
      81.10969543457031,
      77.04864501953125,
      67.14423370361328,
      74.30000305175781,
      60.169578552246094,
      38.892181396484375,
      29.330968856811523,
      15.549514770507812,
      9.128190994262695,
      3.2737748622894287,
      1.2997398376464844
    ],
    [
      84.32865905761719,
      64.2461166381836,
      36.08951187133789,
      44.78593063354492,
      89.7957992553711,
      77.46927642822266,
      102.71048736572266,
      91.09428405761719,
      86.39478302001953,
      74.30000305175781,
      93.93767547607422,
      74.9801025390625,
      49.89628982543945,
      36.598636627197266,
      20.894962310791016,
      11.680827140808105,
      4.472280979156494,
      1.6382187604904175
    ],
    [
      68.52879333496094,
      51.93113708496094,
      27.268272399902344,
      35.06354904174805,
      69.8573989868164,
      61.66158676147461,
      76.96037292480469,
      70.19849395751953,
      66.76896667480469,
      60.169578552246094,
      74.9801025390625,
      63.98716354370117,
      39.526588439941406,
      31.517000198364258,
      17.05792999267578,
      10.741850852966309,
      3.420365333557129,
      1.4582191705703735
    ],
    [
      48.49482727050781,
      36.59171676635742,
      19.824356079101562,
      24.051225662231445,
      44.855247497558594,
      37.94462585449219,
      50.562461853027344,
      45.53239440917969,
      45.8272590637207,
      38.892181396484375,
      49.89628982543945,
      39.526588439941406,
      29.24953269958496,
      20.965229034423828,
      12.032581329345703,
      6.547579765319824,
      2.635558843612671,
      0.9364091753959656
    ],
    [
      34.9691162109375,
      26.3023624420166,
      13.069092750549316,
      16.760112762451172,
      30.72256088256836,
      26.945388793945312,
      33.319786071777344,
      31.517362594604492,
      32.138492584228516,
      29.330968856811523,
      36.598636627197266,
      31.517000198364258,
      20.965229034423828,
      17.390363693237305,
      8.925131797790527,
      5.993615627288818,
      1.7456344366073608,
      0.8253070712089539
    ],
    [
      19.61448860168457,
      15.195281982421875,
      8.403761863708496,
      8.231264114379883,
      15.686840057373047,
      13.035876274108887,
      20.32447624206543,
      17.849836349487305,
      17.02730941772461,
      15.549514770507812,
      20.894962310791016,
      17.05792999267578,
      12.032581329345703,
      8.925131797790527,
      7.231908798217773,
      3.570758819580078,
      1.710667371749878,
      0.5023152232170105
    ],
    [
      9.979350090026855,
      7.6220784187316895,
      3.4433298110961914,
      4.017911911010742,
      7.890691757202148,
      7.517634391784668,
      9.241904258728027,
      9.076224327087402,
      9.06876277923584,
      9.128190994262695,
      11.680827140808105,
      10.741850852966309,
      6.547579765319824,
      5.993615627288818,
      3.570758819580078,
      2.7548930644989014,
      0.6408960223197937,
      0.35633766651153564
    ],
    [
      4.484457015991211,
      3.5193986892700195,
      2.0538830757141113,
      1.9133334159851074,
      3.611623525619507,
      2.8471081256866455,
      4.806360244750977,
      4.052157402038574,
      3.7058591842651367,
      3.2737748622894287,
      4.472280979156494,
      3.420365333557129,
      2.635558843612671,
      1.7456344366073608,
      1.710667371749878,
      0.6408960223197937,
      0.5012386441230774,
      0.10483246296644211
    ],
    [
      1.450762391090393,
      1.1115716695785522,
      0.5469284653663635,
      0.6399904489517212,
      1.2282453775405884,
      1.1266952753067017,
      1.3956096172332764,
      1.3270525932312012,
      1.3358336687088013,
      1.2997398376464844,
      1.6382187604904175,
      1.4582191705703735,
      0.9364091753959656,
      0.8253070712089539,
      0.5023152232170105,
      0.35633766651153564,
      0.10483246296644211,
      0.05492904409766197
    ]
  ],
  "covariance_short": [
    [
      132.33448791503906,
      87.5049057006836,
      42.23633575439453,
      60.45620346069336,
      83.82391357421875,
      71.84658813476562,
      77.50349426269531,
      74.93734741210938,
      72.01831817626953,
      61.96405029296875,
      69.49073791503906,
      59.03522872924805,
      38.37260818481445,
      29.834978103637695,
      14.577642440795898,
      8.853412628173828,
      3.345818042755127,
      1.3478962182998657
    ],
    [
      87.5049057006836,
      62.08427429199219,
      29.39173126220703,
      42.76093673706055,
      57.72453689575195,
      49.79888153076172,
      51.957305908203125,
      50.16289138793945,
      47.530155181884766,
      40.446598052978516,
      45.201229095458984,
      37.95541000366211,
      24.84661102294922,
      19.03280258178711,
      9.299899101257324,
      5.371155738830566,
      2.151548385620117,
      0.8235964179039001
    ],
    [
      42.23633575439453,
      29.39173126220703,
      44.19608688354492,
      43.20289993286133,
      49.532188415527344,
      43.66643524169922,
      54.2297248840332,
      48.353187561035156,
      40.266693115234375,
      32.92754364013672,
      35.76688766479492,
      27.93413734436035,
      18.838937759399414,
      12.987671852111816,
      7.460682392120361,
      3.4915149211883545,
      1.8909125328063965,
      0.5890410542488098
    ],
    [
      60.45620346069336,
      42.76093673706055,
      43.20289993286133,
      79.73858642578125,
      71.15926361083984,
      64.7601089477539,
      67.30510711669922,
      60.817710876464844,
      51.80720901489258,
      42.374114990234375,
      44.07061767578125,
      35.485084533691406,
      22.93185806274414,
      16.702957153320312,
      7.631833553314209,
      4.185285568237305,
      1.8165102005004883,
      0.6959090828895569
    ],
    [
      83.82391357421875,
      57.72453689575195,
      49.532188415527344,
      71.15926361083984,
      166.2610626220703,
      140.74757385253906,
      119.30062103271484,
      104.3890380859375,
      97.72113037109375,
      81.11471557617188,
      81.668701171875,
      65.50084686279297,
      40.473758697509766,
      28.906551361083984,
      13.559057235717773,
      7.685633182525635,
      3.1598007678985596,
      1.262315273284912
    ],
    [
      71.84658813476562,
      49.79888153076172,
      43.66643524169922,
      64.7601089477539,
      140.74757385253906,
      135.30201721191406,
      104.09701538085938,
      92.0970687866211,
      84.22882080078125,
      71.49679565429688,
      71.23749542236328,
      58.59986877441406,
      34.61003112792969,
      25.67803382873535,
      11.214885711669922,
      7.405125617980957,
      2.4083757400512695,
      1.1557632684707642
    ],
    [
      77.50349426269531,
      51.957305908203125,
      54.2297248840332,
      67.30510711669922,
      119.30062103271484,
      104.09701538085938,
      157.70606994628906,
      132.55294799804688,
      103.92462921142578,
      87.00778198242188,
      96.56160736083984,
      75.0461654663086,
      46.57499694824219,
      31.848018646240234,
      17.58513832092285,
      9.0225248336792,
      4.307353973388672,
      1.4598017930984497
    ],
    [
      74.93734741210938,
      50.16289138793945,
      48.353187561035156,
      60.817710876464844,
      104.3890380859375,
      92.0970687866211,
      132.55294799804688,
      119.88362884521484,
      91.24845123291016,
      78.6775131225586,
      85.43658447265625,
      68.59526062011719,
      41.86090850830078,
      30.249921798706055,
      15.521787643432617,
      8.88507080078125,
      3.637809991836548,
      1.393001675605774
    ],
    [
      72.01831817626953,
      47.530155181884766,
      40.266693115234375,
      51.80720901489258,
      97.72113037109375,
      84.22882080078125,
      103.92462921142578,
      91.24845123291016,
      92.00572967529297,
      74.1292724609375,
      81.5536880493164,
      64.86956787109375,
      42.66569519042969,
      31.010543823242188,
      15.213361740112305,
      9.005159378051758,
      3.4210996627807617,
      1.4305797815322876
    ],
    [
      61.96405029296875,
      40.446598052978516,
      32.92754364013672,
      42.374114990234375,
      81.11471557617188,
      71.49679565429688,
      87.00778198242188,
      78.6775131225586,
      74.1292724609375,
      66.32453155517578,
      70.62100982666016,
      58.85950469970703,
      36.8615608215332,
      28.568971633911133,
      13.908085823059082,
      9.043136596679688,
      3.0253303050994873,
      1.3850096464157104
    ],
    [
      69.49073791503906,
      45.201229095458984,
      35.76688766479492,
      44.07061767578125,
      81.668701171875,
      71.23749542236328,
      96.56160736083984,
      85.43658447265625,
      81.5536880493164,
      70.62100982666016,
      88.98507690429688,
      72.19425201416016,
      46.400447845458984,
      35.00106430053711,
      18.633726119995117,
      11.501999855041504,
      4.069857120513916,
      1.7318670749664307
    ],
    [
      59.03522872924805,
      37.95541000366211,
      27.93413734436035,
      35.485084533691406,
      65.50084686279297,
      58.59986877441406,
      75.0461654663086,
      68.59526062011719,
      64.86956787109375,
      58.85950469970703,
      72.19425201416016,
      63.376983642578125,
      37.941646575927734,
      30.967647552490234,
      15.564859390258789,
      10.725149154663086,
      3.1779301166534424,
      1.5669268369674683
    ],
    [
      38.37260818481445,
      24.84661102294922,
      18.838937759399414,
      22.93185806274414,
      40.473758697509766,
      34.61003112792969,
      46.57499694824219,
      41.86090850830078,
      42.66569519042969,
      36.8615608215332,
      46.400447845458984,
      37.941646575927734,
      27.174686431884766,
      20.18375015258789,
      10.598164558410645,
      6.543388843536377,
      2.4261586666107178,
      1.0138535499572754
    ],
    [
      29.834978103637695,
      19.03280258178711,
      12.987671852111816,
      16.702957153320312,
      28.906551361083984,
      25.67803382873535,
      31.848018646240234,
      30.249921798706055,
      31.010543823242188,
      28.568971633911133,
      35.00106430053711,
      30.967647552490234,
      20.18375015258789,
      17.438777923583984,
      8.211542129516602,
      6.069474697113037,
      1.668534755706787,
      0.9023216366767883
    ],
    [
      14.577642440795898,
      9.299899101257324,
      7.460682392120361,
      7.631833553314209,
      13.559057235717773,
      11.214885711669922,
      17.58513832092285,
      15.521787643432617,
      15.213361740112305,
      13.908085823059082,
      18.633726119995117,
      15.564859390258789,
      10.598164558410645,
      8.211542129516602,
      6.227756023406982,
      3.5093228816986084,
      1.4878045320510864,
      0.5368677377700806
    ],
    [
      8.853412628173828,
      5.371155738830566,
      3.4915149211883545,
      4.185285568237305,
      7.685633182525635,
      7.405125617980957,
      9.0225248336792,
      8.88507080078125,
      9.005159378051758,
      9.043136596679688,
      11.501999855041504,
      10.725149154663086,
      6.543388843536377,
      6.069474697113037,
      3.5093228816986084,
      2.8774545192718506,
      0.6755748987197876,
      0.4111538231372833
    ],
    [
      3.345818042755127,
      2.151548385620117,
      1.8909125328063965,
      1.8165102005004883,
      3.1598007678985596,
      2.4083757400512695,
      4.307353973388672,
      3.637809991836548,
      3.4210996627807617,
      3.0253303050994873,
      4.069857120513916,
      3.1779301166534424,
      2.4261586666107178,
      1.668534755706787,
      1.4878045320510864,
      0.6755748987197876,
      0.5077890157699585,
      0.12378628551959991
    ],
    [
      1.3478962182998657,
      0.8235964179039001,
      0.5890410542488098,
      0.6959090828895569,
      1.262315273284912,
      1.1557632684707642,
      1.4598017930984497,
      1.393001675605774,
      1.4305797815322876,
      1.3850096464157104,
      1.7318670749664307,
      1.5669268369674683,
      1.0138535499572754,
      0.9023216366767883,
      0.5368677377700806,
      0.4111538231372833,
      0.12378628551959991,
      0.07359902560710907
    ]
  ],
  "damage": -23.23332405090332,
  "diff_bandwidth": 528.4827270507812,
  "dissonance": 4.3858363310437065,
  "drr": 3.4468421936035156,
  "dynamics": 7.0575971603393555,
  "format": 1245190,
  "frames": 3096512,
  "loudness": -35.721893310546875,
  "loudness_range": 21.17535400390625,
  "loudness_range_short": 23.608713150024414,
  "lowpass_true_peak_15khz": -5.452045440673828,
  "mastering3_acoustic_entropies": [
    {
      "acoustic_entropy": 6.183900356292725,
      "acoustic_entropy_mono": 5.971022605895996,
      "band_eliminated_acoustic_entropies": [
        {
          "acoustic_entropy": 6.329591751098633,
          "acoustic_entropy_side": 6.183049201965332,
          "hz": 129.47220167065723
        },
        {
          "acoustic_entropy": 6.3134331703186035,
          "acoustic_entropy_side": 6.163802146911621,
          "hz": 202.92927478742237
        },
        {
          "acoustic_entropy": 6.428878307342529,
          "acoustic_entropy_side": 6.057260036468506,
          "hz": 282.89161906338205
        },
        {
          "acoustic_entropy": 6.006800651550293,
          "acoustic_entropy_side": 6.41212797164917,
          "hz": 369.9353335868758
        },
        {
          "acoustic_entropy": 5.894360542297363,
          "acoustic_entropy_side": 6.147078514099121,
          "hz": 464.6875360973435
        },
        {
          "acoustic_entropy": 5.695948600769043,
          "acoustic_entropy_side": 6.36362886428833,
          "hz": 567.8308811364784
        },
        {
          "acoustic_entropy": 5.5419511795043945,
          "acoustic_entropy_side": 5.887131214141846,
          "hz": 680.1084783214808
        },
        {
          "acoustic_entropy": 5.957926273345947,
          "acoustic_entropy_side": 6.1141133308410645,
          "hz": 802.3292461747484
        },
        {
          "acoustic_entropy": 6.200855255126953,
          "acoustic_entropy_side": 6.103885650634766,
          "hz": 935.3737400823702
        },
        {
          "acoustic_entropy": 6.2039361000061035,
          "acoustic_entropy_side": 6.211888313293457,
          "hz": 1080.2004963696966
        },
        {
          "acoustic_entropy": 6.038419246673584,
          "acoustic_entropy_side": 6.185632705688477,
          "hz": 1237.8529382007157
        },
        {
          "acoustic_entropy": 6.204038143157959,
          "acoustic_entropy_side": 6.2005391120910645,
          "hz": 1409.4668930556702
        },
        {
          "acoustic_entropy": 6.260393142700195,
          "acoustic_entropy_side": 6.240747928619385,
          "hz": 1596.2787759475705
        },
        {
          "acoustic_entropy": 6.154008388519287,
          "acoustic_entropy_side": 6.1621575355529785,
          "hz": 1799.6344973346393
        },
        {
          "acoustic_entropy": 6.178309917449951,
          "acoustic_entropy_side": 6.183074951171875,
          "hz": 2020.9991599069049
        },
        {
          "acoustic_entropy": 6.152995586395264,
          "acoustic_entropy_side": 6.139448165893555,
          "hz": 2261.9676141086993
        },
        {
          "acoustic_entropy": 6.184694766998291,
          "acoustic_entropy_side": 6.1503682136535645,
          "hz": 2524.2759484456974
        },
        {
          "acoustic_entropy": 6.062282562255859,
          "acoustic_entropy_side": 6.145019054412842,
          "hz": 2809.813997359896
        },
        {
          "acoustic_entropy": 5.978573799133301,
          "acoustic_entropy_side": 6.1593170166015625,
          "hz": 3120.6389567871424
        },
        {
          "acoustic_entropy": 6.12871789932251,
          "acoustic_entropy_side": 6.155053615570068,
          "hz": 3458.990205492291
        },
        {
          "acoustic_entropy": 6.12708854675293,
          "acoustic_entropy_side": 6.1573262214660645,
          "hz": 3827.305438964164
        },
        {
          "acoustic_entropy": 6.292978763580322,
          "acoustic_entropy_side": 6.17629861831665,
          "hz": 4228.238232109126
        },
        {
          "acoustic_entropy": 6.225018501281738,
          "acoustic_entropy_side": 6.187582015991211,
          "hz": 4664.6771572759235
        },
        {
          "acoustic_entropy": 6.192751407623291,
          "acoustic_entropy_side": 6.183727264404297,
          "hz": 5139.766595350093
        },
        {
          "acoustic_entropy": 6.188656806945801,
          "acoustic_entropy_side": 6.1832194328308105,
          "hz": 5656.929389854203
        },
        {
          "acoustic_entropy": 6.183840751647949,
          "acoustic_entropy_side": 6.183215618133545,
          "hz": 6219.891507268283
        },
        {
          "acoustic_entropy": 6.183246612548828,
          "acoustic_entropy_side": 6.183823585510254,
          "hz": 6832.70888123896
        },
        {
          "acoustic_entropy": 6.1843695640563965,
          "acoustic_entropy_side": 6.183860778808594,
          "hz": 7499.796634079867
        },
        {
          "acoustic_entropy": 6.184650897979736,
          "acoustic_entropy_side": 6.183869361877441,
          "hz": 8225.96088609342
        },
        {
          "acoustic_entropy": 6.183811187744141,
          "acoustic_entropy_side": 6.1838908195495605,
          "hz": 9016.43338188839
        },
        {
          "acoustic_entropy": 6.183029651641846,
          "acoustic_entropy_side": 6.183891296386719,
          "hz": 9876.909183162974
        },
        {
          "acoustic_entropy": 6.182845592498779,
          "acoustic_entropy_side": 6.183897972106934,
          "hz": 10813.587699516042
        },
        {
          "acoustic_entropy": 6.183862686157227,
          "acoustic_entropy_side": 6.183899879455566,
          "hz": 11833.21735289826
        },
        {
          "acoustic_entropy": 6.1838788986206055,
          "acoustic_entropy_side": 6.183899879455566,
          "hz": 12943.144197493959
        },
        {
          "acoustic_entropy": 6.183881759643555,
          "acoustic_entropy_side": 6.183899402618408,
          "hz": 14151.364845322005
        },
        {
          "acoustic_entropy": 6.183901309967041,
          "acoustic_entropy_side": 6.183900356292725,
          "hz": 15466.58407886509
        },
        {
          "acoustic_entropy": 6.183901309967041,
          "acoustic_entropy_side": 6.183900356292725,
          "hz": 16898.27756580493
        },
        {
          "acoustic_entropy": 6.183900833129883,
          "acoustic_entropy_side": 6.183900833129883,
          "hz": 18456.760127700032
        },
        {
          "acoustic_entropy": 6.183900356292725,
          "acoustic_entropy_side": 6.183900356292725,
          "hz": 20153.260054456492
        },
        {
          "acoustic_entropy": 6.183900356292725,
          "acoustic_entropy_side": 6.183900356292725,
          "hz": 22000.00000000001
        }
      ],
      "diff_acoustic_entropy": 2.6768147945404053,
      "sn": 6
    },
    {
      "acoustic_entropy": 9.280671119689941,
      "acoustic_entropy_mono": 8.921401977539062,
      "band_eliminated_acoustic_entropies": [
        {
          "acoustic_entropy": 9.589198112487793,
          "acoustic_entropy_side": 9.271883010864258,
          "hz": 129.47220167065723
        },
        {
          "acoustic_entropy": 9.278594017028809,
          "acoustic_entropy_side": 9.187294006347656,
          "hz": 202.92927478742237
        },
        {
          "acoustic_entropy": 9.592785835266113,
          "acoustic_entropy_side": 9.34895133972168,
          "hz": 282.89161906338205
        },
        {
          "acoustic_entropy": 9.50637435913086,
          "acoustic_entropy_side": 9.964217185974121,
          "hz": 369.9353335868758
        },
        {
          "acoustic_entropy": 8.897747039794922,
          "acoustic_entropy_side": 8.934285163879395,
          "hz": 464.6875360973435
        },
        {
          "acoustic_entropy": 10.011431694030762,
          "acoustic_entropy_side": 9.852005958557129,
          "hz": 567.8308811364784
        },
        {
          "acoustic_entropy": 8.864699363708496,
          "acoustic_entropy_side": 9.002246856689453,
          "hz": 680.1084783214808
        },
        {
          "acoustic_entropy": 9.25700855255127,
          "acoustic_entropy_side": 9.086153984069824,
          "hz": 802.3292461747484
        },
        {
          "acoustic_entropy": 9.012578010559082,
          "acoustic_entropy_side": 9.20741081237793,
          "hz": 935.3737400823702
        },
        {
          "acoustic_entropy": 9.83572006225586,
          "acoustic_entropy_side": 9.227094650268555,
          "hz": 1080.2004963696966
        },
        {
          "acoustic_entropy": 8.909760475158691,
          "acoustic_entropy_side": 9.030009269714355,
          "hz": 1237.8529382007157
        },
        {
          "acoustic_entropy": 9.361056327819824,
          "acoustic_entropy_side": 9.33360767364502,
          "hz": 1409.4668930556702
        },
        {
          "acoustic_entropy": 9.1967134475708,
          "acoustic_entropy_side": 9.268058776855469,
          "hz": 1596.2787759475705
        },
        {
          "acoustic_entropy": 9.419511795043945,
          "acoustic_entropy_side": 9.282003402709961,
          "hz": 1799.6344973346393
        },
        {
          "acoustic_entropy": 9.220552444458008,
          "acoustic_entropy_side": 9.27684497833252,
          "hz": 2020.9991599069049
        },
        {
          "acoustic_entropy": 9.372750282287598,
          "acoustic_entropy_side": 9.3336181640625,
          "hz": 2261.9676141086993
        },
        {
          "acoustic_entropy": 9.356138229370117,
          "acoustic_entropy_side": 9.292281150817871,
          "hz": 2524.2759484456974
        },
        {
          "acoustic_entropy": 9.487991333007812,
          "acoustic_entropy_side": 9.233695030212402,
          "hz": 2809.813997359896
        },
        {
          "acoustic_entropy": 9.439123153686523,
          "acoustic_entropy_side": 9.370368003845215,
          "hz": 3120.6389567871424
        },
        {
          "acoustic_entropy": 9.47093677520752,
          "acoustic_entropy_side": 9.200663566589355,
          "hz": 3458.990205492291
        },
        {
          "acoustic_entropy": 9.370620727539062,
          "acoustic_entropy_side": 9.193102836608887,
          "hz": 3827.305438964164
        },
        {
          "acoustic_entropy": 9.372806549072266,
          "acoustic_entropy_side": 9.208845138549805,
          "hz": 4228.238232109126
        },
        {
          "acoustic_entropy": 9.052136421203613,
          "acoustic_entropy_side": 9.244208335876465,
          "hz": 4664.6771572759235
        },
        {
          "acoustic_entropy": 9.176945686340332,
          "acoustic_entropy_side": 9.267491340637207,
          "hz": 5139.766595350093
        },
        {
          "acoustic_entropy": 9.250991821289062,
          "acoustic_entropy_side": 9.272253036499023,
          "hz": 5656.929389854203
        },
        {
          "acoustic_entropy": 9.261991500854492,
          "acoustic_entropy_side": 9.270037651062012,
          "hz": 6219.891507268283
        },
        {
          "acoustic_entropy": 9.265836715698242,
          "acoustic_entropy_side": 9.276111602783203,
          "hz": 6832.70888123896
        },
        {
          "acoustic_entropy": 9.270848274230957,
          "acoustic_entropy_side": 9.277514457702637,
          "hz": 7499.796634079867
        },
        {
          "acoustic_entropy": 9.280126571655273,
          "acoustic_entropy_side": 9.279101371765137,
          "hz": 8225.96088609342
        },
        {
          "acoustic_entropy": 9.280325889587402,
          "acoustic_entropy_side": 9.280143737792969,
          "hz": 9016.43338188839
        },
        {
          "acoustic_entropy": 9.281440734863281,
          "acoustic_entropy_side": 9.280166625976562,
          "hz": 9876.909183162974
        },
        {
          "acoustic_entropy": 9.282633781433105,
          "acoustic_entropy_side": 9.280559539794922,
          "hz": 10813.587699516042
        },
        {
          "acoustic_entropy": 9.280426979064941,
          "acoustic_entropy_side": 9.280618667602539,
          "hz": 11833.21735289826
        },
        {
          "acoustic_entropy": 9.280545234680176,
          "acoustic_entropy_side": 9.280624389648438,
          "hz": 12943.144197493959
        },
        {
          "acoustic_entropy": 9.28069019317627,
          "acoustic_entropy_side": 9.28066349029541,
          "hz": 14151.364845322005
        },
        {
          "acoustic_entropy": 9.280660629272461,
          "acoustic_entropy_side": 9.280671119689941,
          "hz": 15466.58407886509
        },
        {
          "acoustic_entropy": 9.280668258666992,
          "acoustic_entropy_side": 9.280672073364258,
          "hz": 16898.27756580493
        },
        {
          "acoustic_entropy": 9.280671119689941,
          "acoustic_entropy_side": 9.280673027038574,
          "hz": 18456.760127700032
        },
        {
          "acoustic_entropy": 9.280671119689941,
          "acoustic_entropy_side": 9.280671119689941,
          "hz": 20153.260054456492
        },
        {
          "acoustic_entropy": 9.280671119689941,
          "acoustic_entropy_side": 9.280671119689941,
          "hz": 22000.00000000001
        }
      ],
      "diff_acoustic_entropy": 5.381465435028076,
      "sn": 12
    },
    {
      "acoustic_entropy": 17.120662689208984,
      "acoustic_entropy_mono": 15.11507797241211,
      "band_eliminated_acoustic_entropies": [
        {
          "acoustic_entropy": 16.6601505279541,
          "acoustic_entropy_side": 17.17784309387207,
          "hz": 129.47220167065723
        },
        {
          "acoustic_entropy": 17.18238067626953,
          "acoustic_entropy_side": 16.830657958984375,
          "hz": 202.92927478742237
        },
        {
          "acoustic_entropy": 16.902742385864258,
          "acoustic_entropy_side": 16.711669921875,
          "hz": 282.89161906338205
        },
        {
          "acoustic_entropy": 17.58738136291504,
          "acoustic_entropy_side": 17.365060806274414,
          "hz": 369.9353335868758
        },
        {
          "acoustic_entropy": 16.849563598632812,
          "acoustic_entropy_side": 17.21117401123047,
          "hz": 464.6875360973435
        },
        {
          "acoustic_entropy": 16.250530242919922,
          "acoustic_entropy_side": 17.058349609375,
          "hz": 567.8308811364784
        },
        {
          "acoustic_entropy": 16.64759063720703,
          "acoustic_entropy_side": 17.14286231994629,
          "hz": 680.1084783214808
        },
        {
          "acoustic_entropy": 17.000965118408203,
          "acoustic_entropy_side": 17.290363311767578,
          "hz": 802.3292461747484
        },
        {
          "acoustic_entropy": 17.10172462463379,
          "acoustic_entropy_side": 17.2635498046875,
          "hz": 935.3737400823702
        },
        {
          "acoustic_entropy": 16.06739616394043,
          "acoustic_entropy_side": 17.452219009399414,
          "hz": 1080.2004963696966
        },
        {
          "acoustic_entropy": 16.120664596557617,
          "acoustic_entropy_side": 17.148948669433594,
          "hz": 1237.8529382007157
        },
        {
          "acoustic_entropy": 16.96098518371582,
          "acoustic_entropy_side": 16.855762481689453,
          "hz": 1409.4668930556702
        },
        {
          "acoustic_entropy": 16.678104400634766,
          "acoustic_entropy_side": 16.885536193847656,
          "hz": 1596.2787759475705
        },
        {
          "acoustic_entropy": 17.067686080932617,
          "acoustic_entropy_side": 17.327899932861328,
          "hz": 1799.6344973346393
        },
        {
          "acoustic_entropy": 16.795072555541992,
          "acoustic_entropy_side": 17.081525802612305,
          "hz": 2020.9991599069049
        },
        {
          "acoustic_entropy": 16.907106399536133,
          "acoustic_entropy_side": 16.973966598510742,
          "hz": 2261.9676141086993
        },
        {
          "acoustic_entropy": 17.104995727539062,
          "acoustic_entropy_side": 16.918712615966797,
          "hz": 2524.2759484456974
        },
        {
          "acoustic_entropy": 17.026233673095703,
          "acoustic_entropy_side": 17.135353088378906,
          "hz": 2809.813997359896
        },
        {
          "acoustic_entropy": 17.42955780029297,
          "acoustic_entropy_side": 16.739810943603516,
          "hz": 3120.6389567871424
        },
        {
          "acoustic_entropy": 16.982778549194336,
