{
  "acoustic_entropy": 148.72976684570312,
  "bands": [
    {
      "high_freq": 148.1999969482422,
      "loudness": -29.263444900512695,
      "loudness_range": 10.621894836425781,
      "mid_mean": -26.631372451782227,
      "mid_to_side_loudness": -5.917959690093994,
      "mid_to_side_loudness_range": 5.353653430938721,
      "side_mean": -32.472869873046875
    },
    {
      "high_freq": 392.3793640136719,
      "loudness": -29.718061447143555,
      "loudness_range": 13.794315338134766,
      "low_freq": 148.1999969482422,
      "mid_mean": -27.569129943847656,
      "mid_to_side_loudness": -4.052868843078613,
      "mid_to_side_loudness_range": 5.993928909301758,
      "side_mean": -31.620080947875977
    },
    {
      "high_freq": 794.6976318359375,
      "loudness": -32.51873016357422,
      "loudness_range": 21.99518394470215,
      "low_freq": 392.3793640136719,
      "mid_mean": -31.31199836730957,
      "mid_to_side_loudness": -1.3079932928085327,
      "mid_to_side_loudness_range": 4.099817276000977,
      "side_mean": -32.614479064941406
    },
    {
      "high_freq": 1457.5709228515625,
      "loudness": -40.59341049194336,
      "loudness_range": 21.46582794189453,
      "low_freq": 794.6976318359375,
      "mid_mean": -39.60381317138672,
      "mid_to_side_loudness": -0.6986684799194336,
      "mid_to_side_loudness_range": 2.935925245285034,
      "side_mean": -40.29107666015625
    },
    {
      "high_freq": 2549.74365234375,
      "loudness": -43.07316970825195,
      "loudness_range": 21.073482513427734,
      "low_freq": 1457.5709228515625,
      "mid_mean": -41.99088668823242,
      "mid_to_side_loudness": -0.7876506447792053,
      "mid_to_side_loudness_range": 1.5315327644348145,
      "side_mean": -42.77827835083008
    },
    {
      "high_freq": 4349.24462890625,
      "loudness": -46.7448844909668,
      "loudness_range": 16.434921264648438,
      "low_freq": 2549.74365234375,
      "mid_mean": -45.72392272949219,
      "mid_to_side_loudness": -0.6311931610107422,
      "mid_to_side_loudness_range": 1.1752421855926514,
      "side_mean": -46.35531997680664
    },
    {
      "high_freq": 7314.1640625,
      "loudness": -49.32107925415039,
      "loudness_range": 10.685104370117188,
      "low_freq": 4349.24462890625,
      "mid_mean": -48.31736755371094,
      "mid_to_side_loudness": -0.6768015027046204,
      "mid_to_side_loudness_range": 0.6351537704467773,
      "side_mean": -48.98310852050781
    },
    {
      "high_freq": 12199.2666015625,
      "loudness": -49.67513656616211,
      "loudness_range": 11.313034057617188,
      "low_freq": 7314.1640625,
      "mid_mean": -48.70352554321289,
      "mid_to_side_loudness": -0.4556710124015808,
      "mid_to_side_loudness_range": 0.44654718041419983,
      "side_mean": -49.149261474609375
    },
    {
      "loudness": -53.51477813720703,
      "loudness_range": 10.89080810546875,
      "low_freq": 12199.2666015625,
      "mid_mean": -52.67084503173828,
      "mid_to_side_loudness": -0.23739799857139587,
      "mid_to_side_loudness_range": 0.4426735043525696,
      "side_mean": -52.895999908447266
    }
  ],
  "bands_short": [
    {
      "high_freq": 148.1999969482422,
      "loudness": -32.63071060180664,
      "loudness_range": 18.91793441772461,
      "mid_mean": -30.16730499267578,
      "mid_to_side_loudness": -6.143518924713135,
      "mid_to_side_loudness_range": 11.916156768798828,
      "side_mean": -36.15145492553711
    },
    {
      "high_freq": 392.3793640136719,
      "loudness": -29.622533798217773,
      "loudness_range": 15.328939437866211,
      "low_freq": 148.1999969482422,
      "mid_mean": -27.283855438232422,
      "mid_to_side_loudness": -4.873953819274902,
      "mid_to_side_loudness_range": 7.60067892074585,
      "side_mean": -32.206947326660156
    },
    {
      "high_freq": 794.6976318359375,
      "loudness": -34.18635177612305,
      "loudness_range": 25.638742446899414,
      "low_freq": 392.3793640136719,
      "mid_mean": -33.06281280517578,
      "mid_to_side_loudness": -1.305029273033142,
      "mid_to_side_loudness_range": 6.395600318908691,
      "side_mean": -34.36726760864258
    },
    {
      "high_freq": 1457.5709228515625,
      "loudness": -42.56147766113281,
      "loudness_range": 24.907644271850586,
      "low_freq": 794.6976318359375,
      "mid_mean": -41.66543197631836,
      "mid_to_side_loudness": -0.7765663862228394,
      "mid_to_side_loudness_range": 4.964570999145508,
      "side_mean": -42.4224853515625
    },
    {
      "high_freq": 2549.74365234375,
      "loudness": -45.93891143798828,
      "loudness_range": 25.169357299804688,
      "low_freq": 1457.5709228515625,
      "mid_mean": -44.87394714355469,
      "mid_to_side_loudness": -0.7498192191123962,
      "mid_to_side_loudness_range": 3.0162415504455566,
      "side_mean": -45.61256790161133
    },
    {
      "high_freq": 4349.24462890625,
      "loudness": -48.58443832397461,
      "loudness_range": 20.983291625976562,
      "low_freq": 2549.74365234375,
      "mid_mean": -47.59194564819336,
      "mid_to_side_loudness": -0.5712178945541382,
      "mid_to_side_loudness_range": 2.6867003440856934,
      "side_mean": -48.16263198852539
    },
    {
      "high_freq": 7314.1640625,
      "loudness": -52.0282096862793,
      "loudness_range": 17.318408966064453,
      "low_freq": 4349.24462890625,
      "mid_mean": -51.00641632080078,
      "mid_to_side_loudness": -0.6621827483177185,
      "mid_to_side_loudness_range": 1.7363841533660889,
      "side_mean": -51.6483154296875
    },
    {
      "high_freq": 12199.2666015625,
      "loudness": -53.0554084777832,
      "loudness_range": 19.33898162841797,
      "low_freq": 7314.1640625,
      "mid_mean": -52.092803955078125,
      "mid_to_side_loudness": -0.4320228099822998,
      "mid_to_side_loudness_range": 1.2760061025619507,
      "side_mean": -52.50900650024414
    },
    {
      "loudness": -56.75570297241211,
      "loudness_range": 18.597938537597656,
      "low_freq": 12199.2666015625,
      "mid_mean": -55.7186164855957,
      "mid_to_side_loudness": -0.22462721168994904,
      "mid_to_side_loudness_range": 1.2495886087417603,
      "side_mean": -55.92667007446289
    }
  ],
  "bandwidth": 387.4976806640625,
  "channels": 2,
  "covariance": [
    [
      22.20319366455078,
      20.346113204956055,
      5.5021843910217285,
      5.8709611892700195,
      4.236051082611084,
      4.009728908538818,
      6.19917631149292,
      5.970675945281982,
      4.660764217376709,
      4.658257007598877,
      2.5065109729766846,
      2.5950357913970947,
      2.9533050060272217,
      2.9371066093444824,
      4.0735578536987305,
      4.065576553344727,
      3.2210991382598877,
      3.223503589630127
    ],
    [
      20.346113204956055,
      23.40567398071289,
      4.878300189971924,
      5.560231685638428,
      5.054870128631592,
      4.615503311157227,
      6.815589904785156,
      6.53846549987793,
      4.878403186798096,
      4.925831317901611,
      2.9701879024505615,
      3.012381076812744,
      2.9741151332855225,
      2.9479217529296875,
      3.9599437713623047,
      3.9655258655548096,
      3.0563459396362305,
      3.0774943828582764
    ],
    [
      5.5021843910217285,
      4.878300189971924,
      27.61421775817871,
      23.98748016357422,
      18.361398696899414,
      19.228878021240234,
      18.510332107543945,
      18.607999801635742,
      19.19364356994629,
      19.231111526489258,
      10.537678718566895,
      10.316186904907227,
      2.939246892929077,
      2.9083871841430664,
      1.617732048034668,
      1.6421046257019043,
      0.5727291107177734,
      0.5795004367828369
    ],
    [
      5.8709611892700195,
      5.560231685638428,
      23.98748016357422,
      25.598758697509766,
      20.20559310913086,
      21.119871139526367,
      19.358261108398438,
      19.26220703125,
      20.91860008239746,
      21.097126007080078,
      10.590250968933105,
      10.383838653564453,
      2.184587240219116,
      2.1612515449523926,
      0.8583989143371582,
      0.8933250308036804,
      0.08084163069725037,
      0.081588014960289
    ],
    [
      4.236051082611084,
      5.054870128631592,
      18.361398696899414,
      20.20559310913086,
      55.35219955444336,
      54.86048889160156,
      45.47168731689453,
      46.150428771972656,
      44.90518569946289,
      45.31938552856445,
      25.58094024658203,
      24.87728500366211,
      3.393819570541382,
      3.5163450241088867,
      -1.7689473628997803,
      -1.6355924606323242,
      -3.366865873336792,
      -3.316399574279785
    ],
    [
      4.009728908538818,
      4.615503311157227,
      19.228878021240234,
      21.119871139526367,
      54.86048889160156,
      57.26694869995117,
      45.40412139892578,
      46.34296798706055,
      46.208099365234375,
      46.63765335083008,
      25.885494232177734,
      25.188343048095703,
      3.370229482650757,
      3.487407684326172,
      -1.9544700384140015,
      -1.812509536743164,
      -3.5478971004486084,
      -3.49161958694458
    ],
    [
      6.19917631149292,
      6.815589904785156,
      18.510332107543945,
      19.358261108398438,
      45.47168731689453,
      45.40412139892578,
      50.482948303222656,
      51.037933349609375,
      44.342681884765625,
      44.49492263793945,
      28.078121185302734,
      27.31593132019043,
      5.236976623535156,
      5.385653972625732,
      -0.06667270511388779,
      0.07456393539905548,
      -2.2320637702941895,
      -2.167787551879883
    ],
    [
      5.970675945281982,
      6.53846549987793,
      18.607999801635742,
      19.26220703125,
      46.150428771972656,
      46.34296798706055,
      51.037933349609375,
      53.00887680053711,
      45.07635498046875,
      45.287452697753906,
      28.612648010253906,
      27.820152282714844,
      5.260085105895996,
      5.419930934906006,
      -0.21161451935768127,
      -0.06465686857700348,
      -2.4412786960601807,
      -2.374213933944702
    ],
    [
      4.660764217376709,
      4.878403186798096,
      19.19364356994629,
      20.91860008239746,
      44.90518569946289,
      46.208099365234375,
      44.342681884765625,
      45.07635498046875,
      51.886112213134766,
      51.9556999206543,
      32.51240158081055,
      31.576366424560547,
      8.408546447753906,
      8.5504150390625,
      2.6097965240478516,
      2.739082098007202,
      0.08540761470794678,
      0.11173078417778015
    ],
    [
      4.658257007598877,
      4.925831317901611,
      19.231111526489258,
      21.097126007080078,
      45.31938552856445,
      46.63765335083008,
      44.49492263793945,
      45.287452697753906,
      51.9556999206543,
      52.388282775878906,
      32.5885124206543,
      31.65257453918457,
      8.398480415344238,
      8.53884506225586,
      2.6441421508789062,
      2.7691895961761475,
      0.12611889839172363,
      0.14969272911548615
    ],
    [
      2.5065109729766846,
      2.9701879024505615,
      10.537678718566895,
      10.590250968933105,
      25.58094024658203,
      25.885494232177734,
      28.078121185302734,
      28.612648010253906,
      32.51240158081055,
      32.5885124206543,
      30.937580108642578,
      30.048709869384766,
      13.305694580078125,
      13.39713191986084,
      8.65919017791748,
      8.722357749938965,
      5.488325119018555,
      5.494692802429199
    ],
    [
      2.5950357913970947,
      3.012381076812744,
      10.316186904907227,
      10.383838653564453,
      24.87728500366211,
      25.188343048095703,
      27.31593132019043,
      27.820152282714844,
      31.576366424560547,
      31.65257453918457,
      30.048709869384766,
      29.418447494506836,
      13.09260082244873,
      13.180229187011719,
      8.589076042175293,
      8.650762557983398,
      5.475876808166504,
      5.48256778717041
    ],
    [
      2.9533050060272217,
      2.9741151332855225,
      2.939246892929077,
      2.184587240219116,
      3.393819570541382,
      3.370229482650757,
      5.236976623535156,
      5.260085105895996,
      8.408546447753906,
      8.398480415344238,
      13.305694580078125,
      13.09260082244873,
      18.019412994384766,
      17.95769691467285,
      17.72634506225586,
      17.60678482055664,
      13.985406875610352,
      13.896722793579102
    ],
    [
      2.9371066093444824,
      2.9479217529296875,
      2.9083871841430664,
      2.1612515449523926,
      3.5163450241088867,
      3.487407684326172,
      5.385653972625732,
      5.419930934906006,
      8.5504150390625,
      8.53884506225586,
      13.39713191986084,
      13.180229187011719,
      17.95769691467285,
      17.94417381286621,
      17.667171478271484,
      17.551151275634766,
      13.935890197753906,
      13.849065780639648
    ],
    [
      4.0735578536987305,
      3.9599437713623047,
      1.617732048034668,
      0.8583989143371582,
      -1.7689473628997803,
      -1.9544700384140015,
      -0.06667270511388779,
      -0.21161451935768127,
      2.6097965240478516,
      2.6441421508789062,
      8.65919017791748,
      8.589076042175293,
      17.72634506225586,
      17.667171478271484,
      20.400243759155273,
      20.231060028076172,
      16.946435928344727,
      16.842784881591797
    ],
    [
      4.065576553344727,
      3.9655258655548096,
      1.6421046257019043,
      0.8933250308036804,
      -1.6355924606323242,
      -1.812509536743164,
      0.07456393539905548,
      -0.06465686857700348,
      2.739082098007202,
      2.7691895961761475,
      8.722357749938965,
      8.650762557983398,
      17.60678482055664,
      17.551151275634766,
      20.231060028076172,
      20.084436416625977,
      16.80377769470215,
      16.7050838470459
    ],
    [
      3.2210991382598877,
      3.0563459396362305,
      0.5727291107177734,
      0.08084163069725037,
      -3.366865873336792,
      -3.5478971004486084,
      -2.2320637702941895,
      -2.4412786960601807,
      0.08540761470794678,
      0.12611889839172363,
      5.488325119018555,
      5.475876808166504,
      13.985406875610352,
      13.935890197753906,
      16.946435928344727,
      16.80377769470215,
      16.628467559814453,
      16.51131820678711
    ],
    [
      3.223503589630127,
      3.0774943828582764,
      0.5795004367828369,
      0.081588014960289,
      -3.316399574279785,
      -3.49161958694458,
      -2.167787551879883,
      -2.374213933944702,
      0.11173078417778015,
      0.14969272911548615,
      5.494692802429199,
      5.48256778717041,
      13.896722793579102,
      13.849065780639648,
      16.842784881591797,
      16.7050838470459,
      16.51131820678711,
      16.416624069213867
    ]
  ],
  "covariance_short": [
    [
      45.588470458984375,
      38.007286071777344,
      15.3956937789917,
      14.546456336975098,
      6.79740047454834,
      7.162936210632324,
      9.13369083404541,
      9.255413055419922,
      7.700736999511719,
      7.4791669845581055,
      6.623854637145996,
      6.6146745681762695,
      8.6051607131958,
      8.493648529052734,
      9.769373893737793,
      9.757013320922852,
      7.813348293304443,
      7.763676643371582
    ],
    [
      38.007286071777344,
      50.28244400024414,
      14.4786376953125,
      14.575119018554688,
      7.931425094604492,
      7.971469402313232,
      9.82857608795166,
      10.156023025512695,
      8.13364028930664,
      8.02442741394043,
      7.317800521850586,
      7.224018573760986,
      8.490120887756348,
      8.411766052246094,
      9.436878204345703,
      9.45280933380127,
      7.292154312133789,
      7.261144161224365
    ],
    [
      15.3956937789917,
      14.4786376953125,
      33.34128952026367,
      28.47780990600586,
      21.90601348876953,
      22.495529174804688,
      21.63263702392578,
      21.437517166137695,
      20.134506225585938,
      19.85658836364746,
      12.186358451843262,
      11.828519821166992,
      7.096096992492676,
      7.071753025054932,
      6.562488555908203,
      6.61006498336792,
      4.922927379608154,
      4.935833930969238
    ],
    [
      14.546456336975098,
      14.575119018554688,
      28.47780990600586,
      32.45327377319336,
      26.055240631103516,
      26.671342849731445,
      24.743209838867188,
      24.10066032409668,
      24.24810218811035,
      24.038358688354492,
      13.61573600769043,
      13.2783842086792,
      6.722811222076416,
      6.721376895904541,
      6.107952117919922,
      6.186158180236816,
      4.8146772384643555,
      4.850446701049805
    ],
    [
      6.79740047454834,
      7.931425094604492,
      21.90601348876953,
      26.055240631103516,
      79.09027862548828,
      75.72209167480469,
      63.20003128051758,
      62.90671157836914,
      61.12351608276367,
      61.430294036865234,
      39.050235748291016,
      37.70980453491211,
      6.636202812194824,
      6.881261348724365,
      0.2338968813419342,
      0.5141522288322449,
      -0.8970569968223572,
      -0.7682458162307739
    ],
    [
      7.162936210632324,
      7.971469402313232,
      22.495529174804688,
      26.671342849731445,
      75.72209167480469,
      79.46763610839844,
      62.51404571533203,
      62.72242736816406,
      61.94626998901367,
      62.30892562866211,
      39.559932708740234,
      38.1754264831543,
      6.742794990539551,
      7.022743225097656,
      0.16737064719200134,
      0.47163814306259155,
      -0.9940493702888489,
      -0.8637557625770569
    ],
    [
      9.13369083404541,
      9.82857608795166,
      21.63263702392578,
      24.743209838867188,
      63.20003128051758,
      62.51404571533203,
      73.79923248291016,
      72.338134765625,
      62.32563018798828,
      62.44986343383789,
      42.92442321777344,
      41.379920959472656,
      11.04622745513916,
      11.352598190307617,
      4.372989654541016,
      4.648581027984619,
      2.4010426998138428,
      2.528811454772949
    ],
    [
      9.255413055419922,
      10.156023025512695,
      21.437517166137695,
      24.10066032409668,
      62.90671157836914,
      62.72242736816406,
      72.338134765625,
      75.36302947998047,
      62.292335510253906,
      62.49811935424805,
      43.959529876708984,
      42.34356689453125,
      10.869783401489258,
      11.191548347473145,
      4.020681858062744,
      4.314322471618652,
      1.9609971046447754,
      2.0822267532348633
    ],
    [
      7.700736999511719,
      8.13364028930664,
      20.134506225585938,
      24.24810218811035,
      61.12351608276367,
      61.94626998901367,
      62.32563018798828,
      62.292335510253906,
      71.64684295654297,
      71.13240051269531,
      49.641197204589844,
      47.91391372680664,
      16.734447479248047,
      16.998985290527344,
      9.108299255371094,
      9.39196491241455,
      6.26987361907959,
      6.38173770904541
    ],
    [
      7.4791669845581055,
      8.02442741394043,
      19.85658836364746,
      24.038358688354492,
      61.430294036865234,
      62.30892562866211,
      62.44986343383789,
      62.49811935424805,
      71.13240051269531,
      71.7344970703125,
      49.501121520996094,
      47.79663848876953,
      16.31913948059082,
      16.592260360717773,
      8.727052688598633,
      9.009801864624023,
      5.976640224456787,
      6.090921878814697
    ],
    [
      6.623854637145996,
      7.317800521850586,
      12.186358451843262,
      13.61573600769043,
      39.050235748291016,
      39.559932708740234,
      42.92442321777344,
      43.959529876708984,
      49.641197204589844,
      49.501121520996094,
      50.42452621459961,
      48.41896438598633,
      24.36848258972168,
      24.54088020324707,
      17.801034927368164,
      17.95995330810547,
      13.673385620117188,
      13.722031593322754
    ],
    [
      6.6146745681762695,
      7.224018573760986,
      11.828519821166992,
      13.2783842086792,
      37.70980453491211,
      38.1754264831543,
      41.379920959472656,
      42.34356689453125,
      47.91391372680664,
      47.79663848876953,
      48.41896438598633,
      47.304168701171875,
      23.91288185119629,
      24.075321197509766,
      17.61762237548828,
      17.767507553100586,
      13.558298110961914,
      13.602076530456543
    ],
    [
      8.6051607131958,
      8.490120887756348,
      7.096096992492676,
      6.722811222076416,
      6.636202812194824,
      6.742794990539551,
      11.04622745513916,
      10.869783401489258,
      16.734447479248047,
      16.31913948059082,
      24.36848258972168,
      23.91288185119629,
      33.669464111328125,
      33.313087463378906,
      33.16518783569336,
      32.95244598388672,
      27.990711212158203,
      27.89141273498535
    ],
    [
      8.493648529052734,
      8.411766052246094,
      7.071753025054932,
      6.721376895904541,
      6.881261348724365,
      7.022743225097656,
      11.352598190307617,
      11.191548347473145,
      16.998985290527344,
      16.592260360717773,
      24.54088020324707,
      24.075321197509766,
      33.313087463378906,
      33.295223236083984,
      32.89468765258789,
      32.69501876831055,
      27.744709014892578,
      27.651042938232422
    ],
    [
      9.769373893737793,
      9.436878204345703,
      6.562488555908203,
      6.107952117919922,
      0.2338968813419342,
      0.16737064719200134,
      4.372989654541016,
      4.020681858062744,
      9.108299255371094,
      8.727052688598633,
      17.801034927368164,
      17.61762237548828,
      33.16518783569336,
      32.89468765258789,
      37.8294563293457,
      37.45427703857422,
      33.618568420410156,
      33.49814987182617
    ],
    [
      9.757013320922852,
      9.45280933380127,
      6.61006498336792,
      6.186158180236816,
      0.5141522288322449,
      0.47163814306259155,
      4.648581027984619,
      4.314322471618652,
      9.39196491241455,
      9.009801864624023,
      17.95995330810547,
      17.767507553100586,
      32.95244598388672,
      32.69501876831055,
      37.45427703857422,
      37.25290298461914,
      33.359535217285156,
      33.245792388916016
    ],
    [
      7.813348293304443,
      7.292154312133789,
      4.922927379608154,
      4.8146772384643555,
      -0.8970569968223572,
      -0.9940493702888489,
      2.4010426998138428,
      1.9609971046447754,
      6.26987361907959,
      5.976640224456787,
      13.673385620117188,
      13.558298110961914,
      27.990711212158203,
      27.744709014892578,
      33.618568420410156,
      33.359535217285156,
      32.36094284057617,
      32.176937103271484
    ],
    [
      7.763676643371582,
      7.261144161224365,
      4.935833930969238,
      4.850446701049805,
      -0.7682458162307739,
      -0.8637557625770569,
      2.528811454772949,
      2.0822267532348633,
      6.38173770904541,
      6.090921878814697,
      13.722031593322754,
      13.602076530456543,
      27.89141273498535,
      27.651042938232422,
      33.49814987182617,
      33.245792388916016,
      32.176937103271484,
      32.149871826171875
    ]
  ],
  "damage": -13.536980628967285,
  "diff_bandwidth": 403.64215087890625,
  "dissonance": 5.534109421277522,
  "drr": 2.1581921577453613,
  "dynamics": 3.2978594303131104,
  "format": 1245190,
  "frames": 18751424,
  "loudness": -20.23948860168457,
  "loudness_range": 7.975317001342773,
  "loudness_range_short": 13.20548152923584,
  "lowpass_true_peak_15khz": -0.14736205339431763,
  "mastering3_acoustic_entropies": [
    {
      "acoustic_entropy": 7.027265548706055,
      "acoustic_entropy_mono": 6.52330207824707,
      "band_eliminated_acoustic_entropies": [
        {
          "acoustic_entropy": 6.964521884918213,
          "acoustic_entropy_side": 7.0543532371521,
          "hz": 129.47220167065723
        },
        {
          "acoustic_entropy": 6.745401859283447,
          "acoustic_entropy_side": 6.993434906005859,
          "hz": 202.92927478742237
        },
        {
          "acoustic_entropy": 7.267500400543213,
          "acoustic_entropy_side": 7.1035847663879395,
          "hz": 282.89161906338205
        },
        {
          "acoustic_entropy": 6.9092326164245605,
          "acoustic_entropy_side": 6.807802200317383,
          "hz": 369.9353335868758
        },
        {
          "acoustic_entropy": 6.906059741973877,
          "acoustic_entropy_side": 7.41084623336792,
          "hz": 464.6875360973435
        },
        {
          "acoustic_entropy": 6.75676965713501,
          "acoustic_entropy_side": 7.249650955200195,
          "hz": 567.8308811364784
        },
        {
          "acoustic_entropy": 7.318363666534424,
          "acoustic_entropy_side": 7.272314548492432,
          "hz": 680.1084783214808
        },
        {
          "acoustic_entropy": 7.187143325805664,
          "acoustic_entropy_side": 7.624746322631836,
          "hz": 802.3292461747484
        },
        {
          "acoustic_entropy": 6.639632225036621,
          "acoustic_entropy_side": 6.912232398986816,
          "hz": 935.3737400823702
        },
        {
          "acoustic_entropy": 6.91969633102417,
          "acoustic_entropy_side": 6.969066143035889,
          "hz": 1080.2004963696966
        },
        {
          "acoustic_entropy": 7.042159080505371,
          "acoustic_entropy_side": 7.084251403808594,
          "hz": 1237.8529382007157
        },
        {
          "acoustic_entropy": 7.041053295135498,
          "acoustic_entropy_side": 7.117632865905762,
          "hz": 1409.4668930556702
        },
        {
          "acoustic_entropy": 7.045073986053467,
          "acoustic_entropy_side": 7.1304216384887695,
          "hz": 1596.2787759475705
        },
        {
          "acoustic_entropy": 6.978436470031738,
          "acoustic_entropy_side": 7.074672698974609,
          "hz": 1799.6344973346393
        },
        {
          "acoustic_entropy": 6.878434658050537,
          "acoustic_entropy_side": 7.133676528930664,
          "hz": 2020.9991599069049
        },
        {
          "acoustic_entropy": 6.971721649169922,
          "acoustic_entropy_side": 7.0158538818359375,
          "hz": 2261.9676141086993
        },
        {
          "acoustic_entropy": 6.993177890777588,
          "acoustic_entropy_side": 7.0315165519714355,
          "hz": 2524.2759484456974
        },
        {
          "acoustic_entropy": 6.965962886810303,
          "acoustic_entropy_side": 7.035088539123535,
          "hz": 2809.813997359896
        },
        {
          "acoustic_entropy": 6.80056095123291,
          "acoustic_entropy_side": 6.923481464385986,
          "hz": 3120.6389567871424
        },
        {
          "acoustic_entropy": 6.985400676727295,
          "acoustic_entropy_side": 7.00600004196167,
          "hz": 3458.990205492291
        },
        {
          "acoustic_entropy": 7.002532482147217,
          "acoustic_entropy_side": 7.014392375946045,
          "hz": 3827.305438964164
        },
        {
          "acoustic_entropy": 6.9952216148376465,
          "acoustic_entropy_side": 7.002348899841309,
          "hz": 4228.238232109126
        },
        {
          "acoustic_entropy": 6.993017673492432,
          "acoustic_entropy_side": 7.008328437805176,
          "hz": 4664.6771572759235
        },
        {
          "acoustic_entropy": 6.982758045196533,
          "acoustic_entropy_side": 6.999633312225342,
          "hz": 5139.766595350093
        },
        {
          "acoustic_entropy": 6.984655857086182,
          "acoustic_entropy_side": 7.001681804656982,
          "hz": 5656.929389854203
        },
        {
          "acoustic_entropy": 6.988073825836182,
          "acoustic_entropy_side": 7.006008625030518,
          "hz": 6219.891507268283
        },
        {
          "acoustic_entropy": 6.996352195739746,
          "acoustic_entropy_side": 7.009956359863281,
          "hz": 6832.70888123896
        },
        {
          "acoustic_entropy": 6.9962992668151855,
          "acoustic_entropy_side": 7.010124683380127,
          "hz": 7499.796634079867
        },
        {
          "acoustic_entropy": 6.998507976531982,
          "acoustic_entropy_side": 7.010854721069336,
          "hz": 8225.96088609342
        },
        {
          "acoustic_entropy": 6.996203899383545,
          "acoustic_entropy_side": 7.009711265563965,
          "hz": 9016.43338188839
        },
        {
          "acoustic_entropy": 6.981433868408203,
          "acoustic_entropy_side": 7.002979755401611,
          "hz": 9876.909183162974
        },
        {
          "acoustic_entropy": 6.947751045227051,
          "acoustic_entropy_side": 6.985525608062744,
          "hz": 10813.587699516042
        },
        {
          "acoustic_entropy": 6.954979419708252,
          "acoustic_entropy_side": 6.974582195281982,
          "hz": 11833.21735289826
        },
        {
          "acoustic_entropy": 6.951041221618652,
          "acoustic_entropy_side": 6.974877834320068,
          "hz": 12943.144197493959
        },
        {
          "acoustic_entropy": 6.971381664276123,
          "acoustic_entropy_side": 6.99708890914917,
          "hz": 14151.364845322005
        },
        {
          "acoustic_entropy": 6.998507022857666,
          "acoustic_entropy_side": 7.010416507720947,
          "hz": 15466.58407886509
        },
        {
          "acoustic_entropy": 7.013430118560791,
          "acoustic_entropy_side": 7.020845413208008,
          "hz": 16898.27756580493
        },
        {
          "acoustic_entropy": 7.020166397094727,
          "acoustic_entropy_side": 7.023873329162598,
          "hz": 18456.760127700032
        },
        {
          "acoustic_entropy": 7.023915767669678,
          "acoustic_entropy_side": 7.025629043579102,
          "hz": 20153.260054456492
        },
        {
          "acoustic_entropy": 7.027130603790283,
          "acoustic_entropy_side": 7.027196884155273,
          "hz": 22000.00000000001
        }
      ],
      "diff_acoustic_entropy": 7.686261177062988,
      "sn": 6
    },
    {
      "acoustic_entropy": 11.150400161743164,
      "acoustic_entropy_mono": 10.024507522583008,
      "band_eliminated_acoustic_entropies": [
        {
          "acoustic_entropy": 11.172414779663086,
          "acoustic_entropy_side": 11.155068397521973,
          "hz": 129.47220167065723
        },
        {
          "acoustic_entropy": 11.242003440856934,
          "acoustic_entropy_side": 10.966909408569336,
          "hz": 202.92927478742237
        },
        {
          "acoustic_entropy": 10.914608001708984,
          "acoustic_entropy_side": 11.67951488494873,
          "hz": 282.89161906338205
        },
        {
          "acoustic_entropy": 11.201017379760742,
          "acoustic_entropy_side": 10.79145622253418,
          "hz": 369.9353335868758
        },
        {
          "acoustic_entropy": 11.755163192749023,
          "acoustic_entropy_side": 11.726126670837402,
          "hz": 464.6875360973435
        },
        {
          "acoustic_entropy": 11.212406158447266,
          "acoustic_entropy_side": 11.76144027709961,
          "hz": 567.8308811364784
        },
        {
          "acoustic_entropy": 11.495539665222168,
          "acoustic_entropy_side": 12.37956428527832,
          "hz": 680.1084783214808
        },
        {
          "acoustic_entropy": 11.887690544128418,
          "acoustic_entropy_side": 12.031988143920898,
          "hz": 802.3292461747484
        },
        {
          "acoustic_entropy": 11.820150375366211,
          "acoustic_entropy_side": 11.394002914428711,
          "hz": 935.3737400823702
        },
        {
          "acoustic_entropy": 11.266533851623535,
          "acoustic_entropy_side": 10.743399620056152,
          "hz": 1080.2004963696966
        },
        {
          "acoustic_entropy": 11.304642677307129,
          "acoustic_entropy_side": 11.46951675415039,
          "hz": 1237.8529382007157
        },
        {
          "acoustic_entropy": 11.17380428314209,
          "acoustic_entropy_side": 11.295867919921875,
          "hz": 1409.4668930556702
        },
        {
          "acoustic_entropy": 11.253396987915039,
          "acoustic_entropy_side": 11.538226127624512,
          "hz": 1596.2787759475705
        },
        {
          "acoustic_entropy": 11.47106647491455,
          "acoustic_entropy_side": 11.878820419311523,
          "hz": 1799.6344973346393
        },
        {
          "acoustic_entropy": 11.09704303741455,
          "acoustic_entropy_side": 11.252799034118652,
          "hz": 2020.9991599069049
        },
        {
          "acoustic_entropy": 11.156030654907227,
          "acoustic_entropy_side": 11.154407501220703,
          "hz": 2261.9676141086993
        },
        {
          "acoustic_entropy": 11.254341125488281,
          "acoustic_entropy_side": 11.319128036499023,
          "hz": 2524.2759484456974
        },
        {
          "acoustic_entropy": 11.080665588378906,
          "acoustic_entropy_side": 11.294829368591309,
          "hz": 2809.813997359896
        },
        {
          "acoustic_entropy": 10.91193962097168,
          "acoustic_entropy_side": 11.024463653564453,
          "hz": 3120.6389567871424
        },
        {
          "acoustic_entropy": 11.082297325134277,
          "acoustic_entropy_side": 10.992691040039062,
          "hz": 3458.990205492291
        },
        {
          "acoustic_entropy": 10.996169090270996,
          "acoustic_entropy_side": 11.037467002868652,
          "hz": 3827.305438964164
        },
        {
          "acoustic_entropy": 10.89560317993164,
          "acoustic_entropy_side": 10.958086967468262,
          "hz": 4228.238232109126
        },
        {
          "acoustic_entropy": 10.981712341308594,
          "acoustic_entropy_side": 11.07774829864502,
          "hz": 4664.6771572759235
        },
        {
          "acoustic_entropy": 11.126543998718262,
          "acoustic_entropy_side": 11.14268684387207,
          "hz": 5139.766595350093
        },
        {
          "acoustic_entropy": 11.115022659301758,
          "acoustic_entropy_side": 11.143636703491211,
          "hz": 5656.929389854203
        },
        {
          "acoustic_entropy": 11.152679443359375,
          "acoustic_entropy_side": 11.15670394897461,
          "hz": 6219.891507268283
        },
        {
          "acoustic_entropy": 11.143887519836426,
          "acoustic_entropy_side": 11.151968002319336,
          "hz": 6832.70888123896
        },
        {
          "acoustic_entropy": 11.12818431854248,
          "acoustic_entropy_side": 11.144269943237305,
          "hz": 7499.796634079867
        },
        {
          "acoustic_entropy": 11.131901741027832,
          "acoustic_entropy_side": 11.145933151245117,
          "hz": 8225.96088609342
        },
        {
          "acoustic_entropy": 11.120625495910645,
          "acoustic_entropy_side": 11.140981674194336,
          "hz": 9016.43338188839
        },
        {
          "acoustic_entropy": 11.040902137756348,
          "acoustic_entropy_side": 11.110973358154297,
          "hz": 9876.909183162974
        },
        {
          "acoustic_entropy": 10.883821487426758,
          "acoustic_entropy_side": 11.007057189941406,
          "hz": 10813.587699516042
        },
        {
          "acoustic_entropy": 10.846728324890137,
          "acoustic_entropy_side": 10.970318794250488,
          "hz": 11833.21735289826
        },
        {
          "acoustic_entropy": 10.864761352539062,
          "acoustic_entropy_side": 10.975223541259766,
          "hz": 12943.144197493959
        },
        {
          "acoustic_entropy": 10.963255882263184,
          "acoustic_entropy_side": 11.07531452178955,
          "hz": 14151.364845322005
        },
        {
          "acoustic_entropy": 11.074021339416504,
          "acoustic_entropy_side": 11.119006156921387,
          "hz": 15466.58407886509
        },
        {
          "acoustic_entropy": 11.126142501831055,
          "acoustic_entropy_side": 11.139734268188477,
          "hz": 16898.27756580493
        },
        {
          "acoustic_entropy": 11.136251449584961,
          "acoustic_entropy_side": 11.14374828338623,
          "hz": 18456.760127700032
        },
        {
          "acoustic_entropy": 11.141420364379883,
          "acoustic_entropy_side": 11.146146774291992,
          "hz": 20153.260054456492
        },
        {
          "acoustic_entropy": 11.150015830993652,
          "acoustic_entropy_side": 11.150212287902832,
          "hz": 22000.00000000001
        }
      ],
      "diff_acoustic_entropy": 13.307085037231445,
      "sn": 12
    },
    {
      "acoustic_entropy": 16.912212371826172,
      "acoustic_entropy_mono": 15.685845375061035,
      "band_eliminated_acoustic_entropies": [
        {
          "acoustic_entropy": 16.5755672454834,
          "acoustic_entropy_side": 16.86208724975586,
          "hz": 129.47220167065723
        },
        {
          "acoustic_entropy": 16.417905807495117,
          "acoustic_entropy_side": 16.470718383789062,
          "hz": 202.92927478742237
        },
        {
          "acoustic_entropy": 16.664432525634766,
          "acoustic_entropy_side": 17.11835289001465,
          "hz": 282.89161906338205
        },
        {
          "acoustic_entropy": 15.959380149841309,
          "acoustic_entropy_side": 15.945268630981445,
          "hz": 369.9353335868758
        },
        {
          "acoustic_entropy": 16.445592880249023,
          "acoustic_entropy_side": 17.00862693786621,
          "hz": 464.6875360973435
        },
        {
          "acoustic_entropy": 17.061660766601562,
          "acoustic_entropy_side": 17.092201232910156,
          "hz": 567.8308811364784
        },
        {
          "acoustic_entropy": 16.404727935791016,
          "acoustic_entropy_side": 17.250553131103516,
          "hz": 680.1084783214808
        },
        {
          "acoustic_entropy": 17.08293342590332,
          "acoustic_entropy_side": 16.65448570251465,
          "hz": 802.3292461747484
        },
        {
          "acoustic_entropy": 16.401479721069336,
          "acoustic_entropy_side": 17.005741119384766,
          "hz": 935.3737400823702
        },
        {
          "acoustic_entropy": 16.848533630371094,
          "acoustic_entropy_side": 16.763853073120117,
          "hz": 1080.2004963696966
        },
        {
          "acoustic_entropy": 16.785625457763672,
          "acoustic_entropy_side": 17.98682975769043,
          "hz": 1237.8529382007157
        },
        {
          "acoustic_entropy": 17.36310577392578,
          "acoustic_entropy_side": 17.588611602783203,
          "hz": 1409.4668930556702
        },
        {
          "acoustic_entropy": 17.722942352294922,
          "acoustic_entropy_side": 17.66315460205078,
          "hz": 1596.2787759475705
        },
        {
          "acoustic_entropy": 16.89389419555664,
          "acoustic_entropy_side": 16.801137924194336,
          "hz": 1799.6344973346393
        },
        {
          "acoustic_entropy": 17.1750431060791,
          "acoustic_entropy_side": 17.933502197265625,
          "hz": 2020.9991599069049
        },
        {
          "acoustic_entropy": 16.48358154296875,
          "acoustic_entropy_side": 16.574939727783203,
          "hz": 2261.9676141086993
        },
        {
          "acoustic_entropy": 16.821016311645508,
          "acoustic_entropy_side": 17.12257194519043,
          "hz": 2524.2759484456974
        },
        {
          "acoustic_entropy": 17.209932327270508,
          "acoustic_entropy_side": 17.730554580688477,
          "hz": 2809.813997359896
        },
        {
          "acoustic_entropy": 16.96578025817871,
