{
  "acoustic_entropy": 236.57809448242188,
  "bands": [
    {
      "high_freq": 148.1999969482422,
      "loudness": -26.99633026123047,
      "loudness_range": 15.809530258178711,
      "mid_mean": -24.00356101989746,
      "mid_to_side_loudness": -15.282772064208984,
      "mid_to_side_loudness_range": 28.811424255371094,
      "side_mean": -42.546287536621094
    },
    {
      "high_freq": 392.3793640136719,
      "loudness": -26.029207229614258,
      "loudness_range": 10.37750244140625,
      "low_freq": 148.1999969482422,
      "mid_mean": -23.056655883789062,
      "mid_to_side_loudness": -8.837328910827637,
      "mid_to_side_loudness_range": 12.217777252197266,
      "side_mean": -32.385101318359375
    },
    {
      "high_freq": 794.6976318359375,
      "loudness": -28.447216033935547,
      "loudness_range": 15.205375671386719,
      "low_freq": 392.3793640136719,
      "mid_mean": -25.751544952392578,
      "mid_to_side_loudness": -7.229084014892578,
      "mid_to_side_loudness_range": 13.25180435180664,
      "side_mean": -33.201416015625
    },
    {
      "high_freq": 1457.5709228515625,
      "loudness": -29.886850357055664,
      "loudness_range": 14.344738006591797,
      "low_freq": 794.6976318359375,
      "mid_mean": -27.118471145629883,
      "mid_to_side_loudness": -7.545436382293701,
      "mid_to_side_loudness_range": 13.089092254638672,
      "side_mean": -34.85299301147461
    },
    {
      "high_freq": 2549.74365234375,
      "loudness": -29.578405380249023,
      "loudness_range": 12.342317581176758,
      "low_freq": 1457.5709228515625,
      "mid_mean": -26.735855102539062,
      "mid_to_side_loudness": -7.379708290100098,
      "mid_to_side_loudness_range": 10.83743667602539,
      "side_mean": -34.33149337768555
    },
    {
      "high_freq": 4349.24462890625,
      "loudness": -28.7852840423584,
      "loudness_range": 11.985136032104492,
      "low_freq": 2549.74365234375,
      "mid_mean": -26.06560707092285,
      "mid_to_side_loudness": -7.038634777069092,
      "mid_to_side_loudness_range": 12.435542106628418,
      "side_mean": -33.368438720703125
    },
    {
      "high_freq": 7314.1640625,
      "loudness": -29.971078872680664,
      "loudness_range": 11.364252090454102,
      "low_freq": 4349.24462890625,
      "mid_mean": -27.067832946777344,
      "mid_to_side_loudness": -8.635961532592773,
      "mid_to_side_loudness_range": 12.852629661560059,
      "side_mean": -36.18929672241211
    },
    {
      "high_freq": 12199.2666015625,
      "loudness": -30.534208297729492,
      "loudness_range": 10.737794876098633,
      "low_freq": 7314.1640625,
      "mid_mean": -27.177032470703125,
      "mid_to_side_loudness": -11.582483291625977,
      "mid_to_side_loudness_range": 10.67782211303711,
      "side_mean": -39.64641189575195
    },
    {
      "loudness": -35.97279357910156,
      "loudness_range": 9.471090316772461,
      "low_freq": 12199.2666015625,
      "mid_mean": -32.61219024658203,
      "mid_to_side_loudness": -12.621724128723145,
      "mid_to_side_loudness_range": 13.889230728149414,
      "side_mean": -46.5789680480957
    }
  ],
  "bands_short": [
    {
      "high_freq": 148.1999969482422,
      "loudness": -37.91919708251953,
      "loudness_range": 37.13376235961914,
      "mid_mean": -36.15416717529297,
      "mid_to_side_loudness": -9.718283653259277,
      "mid_to_side_loudness_range": 28.077699661254883,
      "side_mean": -53.29045486450195
    },
    {
      "high_freq": 392.3793640136719,
      "loudness": -26.272293090820312,
      "loudness_range": 14.551259994506836,
      "low_freq": 148.1999969482422,
      "mid_mean": -23.599651336669922,
      "mid_to_side_loudness": -8.780385971069336,
      "mid_to_side_loudness_range": 18.01726531982422,
      "side_mean": -33.054046630859375
    },
    {
      "high_freq": 794.6976318359375,
      "loudness": -29.582735061645508,
      "loudness_range": 17.070798873901367,
      "low_freq": 392.3793640136719,
      "mid_mean": -27.117341995239258,
      "mid_to_side_loudness": -6.72544002532959,
      "mid_to_side_loudness_range": 15.203052520751953,
      "side_mean": -34.15444564819336
    },
    {
      "high_freq": 1457.5709228515625,
      "loudness": -30.841901779174805,
      "loudness_range": 18.65916633605957,
      "low_freq": 794.6976318359375,
      "mid_mean": -28.495677947998047,
      "mid_to_side_loudness": -6.380387306213379,
      "mid_to_side_loudness_range": 16.358476638793945,
      "side_mean": -35.102577209472656
    },
    {
      "high_freq": 2549.74365234375,
      "loudness": -30.778833389282227,
      "loudness_range": 15.938201904296875,
      "low_freq": 1457.5709228515625,
      "mid_mean": -28.27164077758789,
      "mid_to_side_loudness": -6.627190113067627,
      "mid_to_side_loudness_range": 14.21856689453125,
      "side_mean": -35.149330139160156
    },
    {
      "high_freq": 4349.24462890625,
      "loudness": -30.03089141845703,
      "loudness_range": 17.15622329711914,
      "low_freq": 2549.74365234375,
      "mid_mean": -27.609107971191406,
      "mid_to_side_loudness": -6.493960380554199,
      "mid_to_side_loudness_range": 15.512027740478516,
      "side_mean": -34.42829895019531
    },
    {
      "high_freq": 7314.1640625,
      "loudness": -32.80974197387695,
      "loudness_range": 20.21877670288086,
      "low_freq": 4349.24462890625,
      "mid_mean": -30.282011032104492,
      "mid_to_side_loudness": -7.288406848907471,
      "mid_to_side_loudness_range": 15.936578750610352,
      "side_mean": -38.021732330322266
    },
    {
      "high_freq": 12199.2666015625,
      "loudness": -33.3223876953125,
      "loudness_range": 20.787105560302734,
      "low_freq": 7314.1640625,
      "mid_mean": -30.149892807006836,
      "mid_to_side_loudness": -10.632133483886719,
      "mid_to_side_loudness_range": 14.808554649353027,
      "side_mean": -41.700843811035156
    },
    {
      "loudness": -39.686946868896484,
      "loudness_range": 20.919483184814453,
      "low_freq": 12199.2666015625,
      "mid_mean": -36.67998504638672,
      "mid_to_side_loudness": -10.679110527038574,
      "mid_to_side_loudness_range": 17.793949127197266,
      "side_mean": -48.954017639160156
    }
  ],
  "bandwidth": 652.5645751953125,
  "channels": 2,
  "covariance": [
    [
      58.555877685546875,
      -7.9140238761901855,
      16.009563446044922,
      1.5210744142532349,
      17.68712043762207,
      8.202351570129395,
      4.077167987823486,
      -4.261418342590332,
      4.943963527679443,
      -5.171607494354248,
      7.608973026275635,
      0.9781906008720398,
      5.147106647491455,
      -0.6937206983566284,
      -3.4412126541137695,
      -9.052640914916992,
      0.9005590081214905,
      -5.149423122406006
    ],
    [
      -7.9140238761901855,
      49.766639709472656,
      5.707038402557373,
      9.50711441040039,
      -5.202836036682129,
      -0.08424876630306244,
      -2.3394112586975098,
      -1.940339207649231,
      0.2624448537826538,
      1.3885853290557861,
      -0.6815401911735535,
      0.581884503364563,
      1.6161177158355713,
      0.7120755910873413,
      9.605380058288574,
      9.427727699279785,
      6.7333598136901855,
      11.02717113494873
    ],
    [
      16.009563446044922,
      5.707038402557373,
      24.39554214477539,
      9.856807708740234,
      14.236844062805176,
      6.028789520263672,
      4.573099613189697,
      -1.6290900707244873,
      7.279560565948486,
      -0.7583417296409607,
      9.447549819946289,
      2.727384090423584,
      12.264768600463867,
      6.4863080978393555,
      8.361564636230469,
      7.133849620819092,
      6.556560039520264,
      8.549273490905762
    ],
    [
      1.5210744142532349,
      9.50711441040039,
      9.856807708740234,
      15.248568534851074,
      6.084862232208252,
      5.108975410461426,
      4.488663673400879,
      2.2469449043273926,
      4.197092533111572,
      2.9588897228240967,
      5.223182678222656,
      5.418866157531738,
      6.012592792510986,
      4.795538902282715,
      8.99690055847168,
      8.939786911010742,
      5.735593318939209,
      8.860185623168945
    ],
    [
      17.68712043762207,
      -5.202836036682129,
      14.236844062805176,
      6.084862232208252,
      31.96063995361328,
      13.624732971191406,
      16.428869247436523,
      5.6507978439331055,
      14.130868911743164,
      5.835305690765381,
      13.997431755065918,
      7.583858966827393,
      12.189292907714844,
      9.420865058898926,
      5.897511959075928,
      7.3642754554748535,
      0.1718786656856537,
      6.398325443267822
    ],
    [
      8.202351570129395,
      -0.08424876630306244,
      6.028789520263672,
      5.108975410461426,
      13.624732971191406,
      14.479042053222656,
      8.107089042663574,
      7.944740295410156,
      7.058292388916016,
      6.691995143890381,
      6.654627323150635,
      7.549079418182373,
      6.136002063751221,
      6.049185752868652,
      2.1866095066070557,
      4.307979583740234,
      -1.464869499206543,
      2.686084270477295
    ],
    [
      4.077167987823486,
      -2.3394112586975098,
      4.573099613189697,
      4.488663673400879,
      16.428869247436523,
      8.107089042663574,
      28.87560272216797,
      12.26583480834961,
      15.683940887451172,
      10.178306579589844,
      13.99078369140625,
      13.986790657043457,
      6.308321952819824,
      12.780801773071289,
      2.7952895164489746,
      6.136195659637451,
      -1.3572466373443604,
      4.53294038772583
    ],
    [
      -4.261418342590332,
      -1.940339207649231,
      -1.6290900707244873,
      2.2469449043273926,
      5.6507978439331055,
      7.944740295410156,
      12.26583480834961,
      15.734075546264648,
      8.682501792907715,
      12.294450759887695,
      6.905261993408203,
      11.340435981750488,
      2.48271107673645,
      7.1805338859558105,
      0.4478228688240051,
      4.135499954223633,
      -2.778808832168579,
      1.1861287355422974
    ],
    [
      4.943963527679443,
      0.2624448537826538,
      7.279560565948486,
      4.197092533111572,
      14.130868911743164,
      7.058292388916016,
      15.683940887451172,
      8.682501792907715,
      20.755916595458984,
      11.09996223449707,
      16.298215866088867,
      11.001293182373047,
      8.977798461914062,
      11.338918685913086,
      4.059576988220215,
      6.9770331382751465,
      0.20094865560531616,
      5.221685886383057
    ],
    [
      -5.171607494354248,
      1.3885853290557861,
      -0.7583417296409607,
      2.9588897228240967,
      5.835305690765381,
      6.691995143890381,
      10.178306579589844,
      12.294450759887695,
      11.09996223449707,
      15.299819946289062,
      8.962105751037598,
      13.049225807189941,
      3.9890668392181396,
      9.142592430114746,
      2.7124602794647217,
      6.515907287597656,
      -1.5096064805984497,
      3.3014297485351562
    ],
    [
      7.608973026275635,
      -0.6815401911735535,
      9.447549819946289,
      5.223182678222656,
      13.997431755065918,
      6.654627323150635,
      13.99078369140625,
      6.905261993408203,
      16.298215866088867,
      8.962105751037598,
      21.818668365478516,
      15.654500007629395,
      13.04290771484375,
      15.538427352905273,
      7.148352146148682,
      9.865768432617188,
      3.1900925636291504,
      8.912713050842285
    ],
    [
      0.9781906008720398,
      0.581884503364563,
      2.727384090423584,
      5.418866157531738,
      7.583858966827393,
      7.549079418182373,
      13.986790657043457,
      11.340435981750488,
      11.001293182373047,
      13.049225807189941,
      15.654500007629395,
      27.56439208984375,
      6.1514201164245605,
      13.827558517456055,
      4.06227970123291,
      8.67762565612793,
      0.2985006868839264,
      6.230784893035889
    ],
    [
      5.147106647491455,
      1.6161177158355713,
      12.264768600463867,
      6.012592792510986,
      12.189292907714844,
      6.136002063751221,
      6.308321952819824,
      2.48271107673645,
      8.977798461914062,
      3.9890668392181396,
      13.04290771484375,
      6.1514201164245605,
      23.700923919677734,
      16.76019859313965,
      14.072375297546387,
      16.01649284362793,
      7.300028324127197,
      16.297998428344727
    ],
    [
      -0.6937206983566284,
      0.7120755910873413,
      6.4863080978393555,
      4.795538902282715,
      9.420865058898926,
      6.049185752868652,
      12.780801773071289,
      7.1805338859558105,
      11.338918685913086,
      9.142592430114746,
      15.538427352905273,
      13.827558517456055,
      16.76019859313965,
      30.242645263671875,
      9.336050987243652,
      14.611127853393555,
      2.841343879699707,
      14.452404022216797
    ],
    [
      -3.4412126541137695,
      9.605380058288574,
      8.361564636230469,
      8.99690055847168,
      5.897511959075928,
      2.1866095066070557,
      2.7952895164489746,
      0.4478228688240051,
      4.059576988220215,
      2.7124602794647217,
      7.148352146148682,
      4.06227970123291,
      14.072375297546387,
      9.336050987243652,
      24.639455795288086,
      17.833877563476562,
      15.42977237701416,
      17.958967208862305
    ],
    [
      -9.052640914916992,
      9.427727699279785,
      7.133849620819092,
      8.939786911010742,
      7.3642754554748535,
      4.307979583740234,
      6.136195659637451,
      4.135499954223633,
      6.9770331382751465,
      6.515907287597656,
      9.865768432617188,
      8.67762565612793,
      16.01649284362793,
      14.611127853393555,
      17.833877563476562,
      23.75646209716797,
      7.993885517120361,
      21.559635162353516
    ],
    [
      0.9005590081214905,
      6.7333598136901855,
      6.556560039520264,
      5.735593318939209,
      0.1718786656856537,
      -1.464869499206543,
      -1.3572466373443604,
      -2.778808832168579,
      0.20094865560531616,
      -1.5096064805984497,
      3.1900925636291504,
      0.2985006868839264,
      7.300028324127197,
      2.841343879699707,
      15.42977237701416,
      7.993885517120361,
      20.97677993774414,
      10.715070724487305
    ],
    [
      -5.149423122406006,
      11.02717113494873,
      8.549273490905762,
      8.860185623168945,
      6.398325443267822,
      2.686084270477295,
      4.53294038772583,
      1.1861287355422974,
      5.221685886383057,
      3.3014297485351562,
      8.912713050842285,
      6.230784893035889,
      16.297998428344727,
      14.452404022216797,
      17.958967208862305,
      21.559635162353516,
      10.715070724487305,
      25.456335067749023
    ]
  ],
  "covariance_short": [
    [
      170.8426055908203,
      15.862878799438477,
      36.37784957885742,
      -2.665506601333618,
      6.364442348480225,
      -2.222846269607544,
      2.5435855388641357,
      -14.400003433227539,
      7.153509616851807,
      -17.052318572998047,
      10.244190216064453,
      -5.884339332580566,
      7.374484062194824,
      -9.876893997192383,
      1.2259855270385742,
      -13.141462326049805,
      11.888493537902832,
      -9.29063892364502
    ],
    [
      15.862878799438477,
      98.15875244140625,
      16.12700080871582,
      23.071701049804688,
      2.0156164169311523,
      4.233628749847412,
      6.7126545906066895,
      1.8910585641860962,
      6.603308200836182,
      1.6313046216964722,
      7.223001480102539,
      3.453542709350586,
      10.698641777038574,
      9.73790454864502,
      15.267732620239258,
      15.504122734069824,
      13.601703643798828,
      24.448993682861328
    ],
    [
      36.37784957885742,
      16.12700080871582,
      41.960609436035156,
      11.617927551269531,
      17.056453704833984,
      7.927721977233887,
      9.475749015808105,
      -1.4296046495437622,
      12.10874080657959,
      -0.7463663220405579,
      14.331501960754395,
      4.46188497543335,
      10.385008811950684,
      4.834251403808594,
      7.7648210525512695,
      4.613051414489746,
      8.083525657653809,
      9.037446975708008
    ],
    [
      -2.665506601333618,
      23.071701049804688,
      11.617927551269531,
      26.438182830810547,
      8.01940631866455,
      9.340524673461914,
      7.853744983673096,
      7.363243103027344,
      6.826419830322266,
      8.601692199707031,
      6.5787882804870605,
      9.38298225402832,
      5.568079471588135,
      7.773077011108398,
      9.979201316833496,
      11.092538833618164,
      7.851778507232666,
      13.702495574951172
    ],
    [
      6.364442348480225,
      2.0156164169311523,
      17.056453704833984,
      8.01940631866455,
      42.27876663208008,
      17.57758903503418,
      23.210948944091797,
      10.342033386230469,
      20.35336685180664,
      10.195121765136719,
      20.180200576782227,
      11.353049278259277,
      15.203726768493652,
      12.112344741821289,
      8.688404083251953,
      10.134407997131348,
      3.4875805377960205,
      8.46509838104248
    ],
    [
      -2.222846269607544,
      4.233628749847412,
      7.927721977233887,
      9.340524673461914,
      17.57758903503418,
      21.65089988708496,
      12.59807014465332,
      12.183549880981445,
      9.801594734191895,
      10.751453399658203,
      9.282572746276855,
      10.976758003234863,
      5.960684299468994,
      8.08138370513916,
      2.1950433254241943,
      4.429148197174072,
      -2.626915216445923,
      3.1436190605163574
    ],
    [
      2.5435855388641357,
      6.7126545906066895,
      9.475749015808105,
      7.853744983673096,
      23.210948944091797,
      12.59807014465332,
      46.12687301635742,
      18.08957862854004,
      27.06549072265625,
      16.00450325012207,
      25.751230239868164,
      20.89815902709961,
      17.48900604248047,
      20.485139846801758,
      9.529036521911621,
      11.63992691040039,
      6.079741477966309,
      8.575629234313965
    ],
    [
      -14.400003433227539,
      1.8910585641860962,
      -1.4296046495437622,
      7.363243103027344,
      10.342033386230469,
      12.183549880981445,
      18.08957862854004,
      24.455778121948242,
      13.069618225097656,
      18.09800910949707,
      10.841042518615723,
      16.2108097076416,
      6.883703231811523,
      12.397076606750488,
      2.9374444484710693,
      7.752021789550781,
      -1.221105933189392,
      4.207015037536621
    ],
    [
      7.153509616851807,
      6.603308200836182,
      12.10874080657959,
      6.826419830322266,
      20.35336685180664,
      9.801594734191895,
      27.06549072265625,
      13.069618225097656,
      36.8138427734375,
      17.006017684936523,
      29.537317276000977,
      17.5783634185791,
      22.81167984008789,
      19.281147003173828,
      12.216906547546387,
      13.905263900756836,
      9.207139015197754,
      12.028462409973145
    ],
    [
      -17.052318572998047,
      1.6313046216964722,
      -0.7463663220405579,
      8.601692199707031,
      10.195121765136719,
      10.751453399658203,
      16.00450325012207,
      18.09800910949707,
      17.006017684936523,
      25.022022247314453,
      14.182844161987305,
      19.093111038208008,
      10.1991548538208,
      16.01571273803711,
      6.60661506652832,
      11.944867134094238,
      2.545008420944214,
      8.98108196258545
    ],
    [
      10.244190216064453,
      7.223001480102539,
      14.331501960754395,
      6.5787882804870605,
      20.180200576782227,
      9.282572746276855,
      25.751230239868164,
      10.841042518615723,
      29.537317276000977,
      14.182844161987305,
      42.1124382019043,
      25.11466407775879,
      28.92723846435547,
      23.766050338745117,
      17.915056228637695,
      18.279455184936523,
      14.63651180267334,
      16.623838424682617
    ],
    [
      -5.884339332580566,
      3.453542709350586,
      4.46188497543335,
      9.38298225402832,
      11.353049278259277,
      10.976758003234863,
      20.89815902709961,
      16.2108097076416,
      17.5783634185791,
      19.093111038208008,
      25.11466407775879,
      39.421104431152344,
      14.948756217956543,
      21.59268569946289,
      9.439830780029297,
      14.053790092468262,
      6.477738380432129,
      13.243435859680176
    ],
    [
      7.374484062194824,
      10.698641777038574,
      10.385008811950684,
      5.568079471588135,
      15.203726768493652,
      5.960684299468994,
      17.48900604248047,
      6.883703231811523,
      22.81167984008789,
      10.1991548538208,
      28.92723846435547,
      14.948756217956543,
      51.40852355957031,
      31.300722122192383,
      39.33540725708008,
      30.858793258666992,
      35.720069885253906,
      25.489587783813477
    ],
    [
      -9.876893997192383,
      9.73790454864502,
      4.834251403808594,
      7.773077011108398,
      12.112344741821289,
      8.08138370513916,
      20.485139846801758,
      12.397076606750488,
      19.281147003173828,
      16.01571273803711,
      23.766050338745117,
      21.59268569946289,
      31.300722122192383,
      46.0543327331543,
      21.195650100708008,
      26.03521156311035,
      17.58165168762207,
      24.357908248901367
    ],
    [
      1.2259855270385742,
      15.267732620239258,
      7.7648210525512695,
      9.979201316833496,
      8.688404083251953,
      2.1950433254241943,
      9.529036521911621,
      2.9374444484710693,
      12.216906547546387,
      6.60661506652832,
      17.915056228637695,
      9.439830780029297,
      39.33540725708008,
      21.195650100708008,
      54.885555267333984,
      34.21498107910156,
      50.185123443603516,
      28.49747657775879
    ],
    [
      -13.141462326049805,
      15.504122734069824,
      4.613051414489746,
      11.092538833618164,
      10.134407997131348,
      4.429148197174072,
      11.63992691040039,
      7.752021789550781,
      13.905263900756836,
      11.944867134094238,
      18.279455184936523,
      14.053790092468262,
      30.858793258666992,
      26.03521156311035,
      34.21498107910156,
      42.2921028137207,
      29.185894012451172,
      33.701255798339844
    ],
    [
      11.888493537902832,
      13.601703643798828,
      8.083525657653809,
      7.851778507232666,
      3.4875805377960205,
      -2.626915216445923,
      6.079741477966309,
      -1.221105933189392,
      9.207139015197754,
      2.545008420944214,
      14.63651180267334,
      6.477738380432129,
      35.720069885253906,
      17.58165168762207,
      50.185123443603516,
      29.185894012451172,
      61.64262771606445,
      25.868600845336914
    ],
    [
      -9.29063892364502,
      24.448993682861328,
      9.037446975708008,
      13.702495574951172,
      8.46509838104248,
      3.1436190605163574,
      8.575629234313965,
      4.207015037536621,
      12.028462409973145,
      8.98108196258545,
      16.623838424682617,
      13.243435859680176,
      25.489587783813477,
      24.357908248901367,
      28.49747657775879,
      33.701255798339844,
      25.868600845336914,
      43.04091262817383
    ]
  ],
  "damage": -11.213909149169922,
  "diff_bandwidth": 572.5729370117188,
  "dissonance": 9.916686037591989,
  "drr": 12.80241870880127,
  "dynamics": 3.0797688961029053,
  "format": 1245190,
  "frames": 5308464,
  "loudness": -15.054547309875488,
  "loudness_range": 7.49542236328125,
  "loudness_range_short": 11.570250511169434,
  "lowpass_true_peak_15khz": -0.08151257038116455,
  "mastering3_acoustic_entropies": [
    {
      "acoustic_entropy": 8.786800384521484,
      "acoustic_entropy_mono": 9.69544792175293,
      "band_eliminated_acoustic_entropies": [
        {
          "acoustic_entropy": 8.544715881347656,
          "acoustic_entropy_side": 8.78696060180664,
          "hz": 129.47220167065723
        },
        {
          "acoustic_entropy": 9.505852699279785,
          "acoustic_entropy_side": 8.801630973815918,
          "hz": 202.92927478742237
        },
        {
          "acoustic_entropy": 9.355916976928711,
          "acoustic_entropy_side": 8.798539161682129,
          "hz": 282.89161906338205
        },
        {
          "acoustic_entropy": 8.862058639526367,
          "acoustic_entropy_side": 8.812261581420898,
          "hz": 369.9353335868758
        },
        {
          "acoustic_entropy": 8.910233497619629,
          "acoustic_entropy_side": 8.748297691345215,
          "hz": 464.6875360973435
        },
        {
          "acoustic_entropy": 8.80951976776123,
          "acoustic_entropy_side": 8.758362770080566,
          "hz": 567.8308811364784
        },
        {
          "acoustic_entropy": 9.224106788635254,
          "acoustic_entropy_side": 8.839293479919434,
          "hz": 680.1084783214808
        },
        {
          "acoustic_entropy": 8.77599048614502,
          "acoustic_entropy_side": 8.918468475341797,
          "hz": 802.3292461747484
        },
        {
          "acoustic_entropy": 9.060599327087402,
          "acoustic_entropy_side": 8.943610191345215,
          "hz": 935.3737400823702
        },
        {
          "acoustic_entropy": 8.799140930175781,
          "acoustic_entropy_side": 8.772551536560059,
          "hz": 1080.2004963696966
        },
        {
          "acoustic_entropy": 8.625529289245605,
          "acoustic_entropy_side": 8.724630355834961,
          "hz": 1237.8529382007157
        },
        {
          "acoustic_entropy": 8.710494995117188,
          "acoustic_entropy_side": 8.836125373840332,
          "hz": 1409.4668930556702
        },
        {
          "acoustic_entropy": 8.785309791564941,
          "acoustic_entropy_side": 8.840713500976562,
          "hz": 1596.2787759475705
        },
        {
          "acoustic_entropy": 8.82616901397705,
          "acoustic_entropy_side": 8.921529769897461,
          "hz": 1799.6344973346393
        },
        {
          "acoustic_entropy": 8.986342430114746,
          "acoustic_entropy_side": 8.83226490020752,
          "hz": 2020.9991599069049
        },
        {
          "acoustic_entropy": 8.923100471496582,
          "acoustic_entropy_side": 8.776036262512207,
          "hz": 2261.9676141086993
        },
        {
          "acoustic_entropy": 8.91317367553711,
          "acoustic_entropy_side": 8.814784049987793,
          "hz": 2524.2759484456974
        },
        {
          "acoustic_entropy": 8.70887279510498,
          "acoustic_entropy_side": 8.763102531433105,
          "hz": 2809.813997359896
        },
        {
          "acoustic_entropy": 8.847119331359863,
          "acoustic_entropy_side": 8.83201789855957,
          "hz": 3120.6389567871424
        },
        {
          "acoustic_entropy": 9.008644104003906,
          "acoustic_entropy_side": 9.338995933532715,
          "hz": 3458.990205492291
        },
        {
          "acoustic_entropy": 8.454505920410156,
          "acoustic_entropy_side": 8.54049015045166,
          "hz": 3827.305438964164
        },
        {
          "acoustic_entropy": 8.874903678894043,
          "acoustic_entropy_side": 8.612958908081055,
          "hz": 4228.238232109126
        },
        {
          "acoustic_entropy": 8.682662010192871,
          "acoustic_entropy_side": 8.692024230957031,
          "hz": 4664.6771572759235
        },
        {
          "acoustic_entropy": 8.886747360229492,
          "acoustic_entropy_side": 9.034523010253906,
          "hz": 5139.766595350093
        },
        {
          "acoustic_entropy": 9.28364086151123,
          "acoustic_entropy_side": 9.213894844055176,
          "hz": 5656.929389854203
        },
        {
          "acoustic_entropy": 8.694273948669434,
          "acoustic_entropy_side": 8.840256690979004,
          "hz": 6219.891507268283
        },
        {
          "acoustic_entropy": 8.749329566955566,
          "acoustic_entropy_side": 8.803565979003906,
          "hz": 6832.70888123896
        },
        {
          "acoustic_entropy": 8.621212005615234,
          "acoustic_entropy_side": 8.783939361572266,
          "hz": 7499.796634079867
        },
        {
          "acoustic_entropy": 8.489883422851562,
          "acoustic_entropy_side": 8.776859283447266,
          "hz": 8225.96088609342
        },
        {
          "acoustic_entropy": 8.661317825317383,
          "acoustic_entropy_side": 8.778039932250977,
          "hz": 9016.43338188839
        },
        {
          "acoustic_entropy": 8.75862979888916,
          "acoustic_entropy_side": 8.784807205200195,
          "hz": 9876.909183162974
        },
        {
          "acoustic_entropy": 8.558526039123535,
          "acoustic_entropy_side": 8.790057182312012,
          "hz": 10813.587699516042
        },
        {
          "acoustic_entropy": 8.880809783935547,
          "acoustic_entropy_side": 8.79182243347168,
          "hz": 11833.21735289826
        },
        {
          "acoustic_entropy": 8.785922050476074,
          "acoustic_entropy_side": 8.78643798828125,
          "hz": 12943.144197493959
        },
        {
          "acoustic_entropy": 8.842575073242188,
          "acoustic_entropy_side": 8.779729843139648,
          "hz": 14151.364845322005
        },
        {
          "acoustic_entropy": 8.837615966796875,
          "acoustic_entropy_side": 8.78518295288086,
          "hz": 15466.58407886509
        },
        {
          "acoustic_entropy": 8.598456382751465,
          "acoustic_entropy_side": 8.786840438842773,
          "hz": 16898.27756580493
        },
        {
          "acoustic_entropy": 8.774735450744629,
          "acoustic_entropy_side": 8.787056922912598,
          "hz": 18456.760127700032
        },
        {
          "acoustic_entropy": 8.789408683776855,
          "acoustic_entropy_side": 8.786792755126953,
          "hz": 20153.260054456492
        },
        {
          "acoustic_entropy": 8.786664962768555,
          "acoustic_entropy_side": 8.786791801452637,
          "hz": 22000.00000000001
        }
      ],
      "diff_acoustic_entropy": 9.776866912841797,
      "sn": 6
    },
    {
      "acoustic_entropy": 14.107969284057617,
      "acoustic_entropy_mono": 13.376360893249512,
      "band_eliminated_acoustic_entropies": [
        {
          "acoustic_entropy": 13.188117980957031,
          "acoustic_entropy_side": 14.109307289123535,
          "hz": 129.47220167065723
        },
        {
          "acoustic_entropy": 14.382796287536621,
          "acoustic_entropy_side": 14.143325805664062,
          "hz": 202.92927478742237
        },
        {
          "acoustic_entropy": 14.416794776916504,
          "acoustic_entropy_side": 14.119210243225098,
          "hz": 282.89161906338205
        },
        {
          "acoustic_entropy": 13.6766939163208,
          "acoustic_entropy_side": 14.043027877807617,
          "hz": 369.9353335868758
        },
        {
          "acoustic_entropy": 14.081941604614258,
          "acoustic_entropy_side": 14.142682075500488,
          "hz": 464.6875360973435
        },
        {
          "acoustic_entropy": 14.490699768066406,
          "acoustic_entropy_side": 14.32203197479248,
          "hz": 567.8308811364784
        },
        {
          "acoustic_entropy": 14.297464370727539,
          "acoustic_entropy_side": 14.229300498962402,
          "hz": 680.1084783214808
        },
        {
          "acoustic_entropy": 13.750127792358398,
          "acoustic_entropy_side": 14.166694641113281,
          "hz": 802.3292461747484
        },
        {
          "acoustic_entropy": 14.157891273498535,
          "acoustic_entropy_side": 14.28959846496582,
          "hz": 935.3737400823702
        },
        {
          "acoustic_entropy": 14.464454650878906,
          "acoustic_entropy_side": 14.258232116699219,
          "hz": 1080.2004963696966
        },
        {
          "acoustic_entropy": 14.07315731048584,
          "acoustic_entropy_side": 14.220206260681152,
          "hz": 1237.8529382007157
        },
        {
          "acoustic_entropy": 13.921960830688477,
          "acoustic_entropy_side": 14.16077709197998,
          "hz": 1409.4668930556702
        },
        {
          "acoustic_entropy": 14.265737533569336,
          "acoustic_entropy_side": 14.144207000732422,
          "hz": 1596.2787759475705
        },
        {
          "acoustic_entropy": 14.548247337341309,
          "acoustic_entropy_side": 14.196799278259277,
          "hz": 1799.6344973346393
        },
        {
          "acoustic_entropy": 14.180232048034668,
          "acoustic_entropy_side": 14.178653717041016,
          "hz": 2020.9991599069049
        },
        {
          "acoustic_entropy": 14.00197696685791,
          "acoustic_entropy_side": 14.144547462463379,
          "hz": 2261.9676141086993
        },
        {
          "acoustic_entropy": 13.77953815460205,
          "acoustic_entropy_side": 14.174548149108887,
          "hz": 2524.2759484456974
        },
        {
          "acoustic_entropy": 13.524149894714355,
          "acoustic_entropy_side": 14.177870750427246,
          "hz": 2809.813997359896
        },
        {
          "acoustic_entropy": 14.035513877868652,
          "acoustic_entropy_side": 14.280619621276855,
          "hz": 3120.6389567871424
        },
        {
          "acoustic_entropy": 13.78652572631836,
          "acoustic_entropy_side": 14.209341049194336,
          "hz": 3458.990205492291
        },
        {
          "acoustic_entropy": 13.88814640045166,
          "acoustic_entropy_side": 14.133746147155762,
          "hz": 3827.305438964164
        },
        {
          "acoustic_entropy": 14.860817909240723,
          "acoustic_entropy_side": 14.808542251586914,
          "hz": 4228.238232109126
        },
        {
          "acoustic_entropy": 13.96186637878418,
          "acoustic_entropy_side": 14.77237319946289,
          "hz": 4664.6771572759235
        },
        {
          "acoustic_entropy": 14.457079887390137,
          "acoustic_entropy_side": 14.649222373962402,
          "hz": 5139.766595350093
        },
        {
          "acoustic_entropy": 14.038637161254883,
          "acoustic_entropy_side": 14.117345809936523,
          "hz": 5656.929389854203
        },
        {
          "acoustic_entropy": 14.146284103393555,
          "acoustic_entropy_side": 14.085966110229492,
          "hz": 6219.891507268283
        },
        {
          "acoustic_entropy": 14.256877899169922,
          "acoustic_entropy_side": 14.154894828796387,
          "hz": 6832.70888123896
        },
        {
          "acoustic_entropy": 14.361251831054688,
          "acoustic_entropy_side": 14.11871337890625,
          "hz": 7499.796634079867
        },
        {
          "acoustic_entropy": 14.207133293151855,
          "acoustic_entropy_side": 14.097079277038574,
          "hz": 8225.96088609342
        },
        {
          "acoustic_entropy": 14.258977890014648,
          "acoustic_entropy_side": 14.11062240600586,
          "hz": 9016.43338188839
        },
        {
          "acoustic_entropy": 14.187408447265625,
          "acoustic_entropy_side": 14.164712905883789,
          "hz": 9876.909183162974
        },
        {
          "acoustic_entropy": 13.933408737182617,
          "acoustic_entropy_side": 14.178427696228027,
          "hz": 10813.587699516042
        },
        {
          "acoustic_entropy": 14.159263610839844,
          "acoustic_entropy_side": 14.143691062927246,
          "hz": 11833.21735289826
        },
        {
          "acoustic_entropy": 14.138813018798828,
          "acoustic_entropy_side": 14.126978874206543,
          "hz": 12943.144197493959
        },
        {
          "acoustic_entropy": 13.734319686889648,
          "acoustic_entropy_side": 14.118260383605957,
          "hz": 14151.364845322005
        },
        {
          "acoustic_entropy": 14.46144962310791,
          "acoustic_entropy_side": 14.130786895751953,
          "hz": 15466.58407886509
        },
        {
          "acoustic_entropy": 13.968941688537598,
          "acoustic_entropy_side": 14.122472763061523,
          "hz": 16898.27756580493
        },
        {
          "acoustic_entropy": 14.133831024169922,
          "acoustic_entropy_side": 14.116128921508789,
          "hz": 18456.760127700032
        },
        {
          "acoustic_entropy": 14.113605499267578,
          "acoustic_entropy_side": 14.107789039611816,
          "hz": 20153.260054456492
        },
        {
          "acoustic_entropy": 14.107420921325684,
          "acoustic_entropy_side": 14.107665061950684,
          "hz": 22000.00000000001
        }
      ],
      "diff_acoustic_entropy": 13.35079574584961,
      "sn": 12
    },
    {
      "acoustic_entropy": 21.0833683013916,
      "acoustic_entropy_mono": 18.470930099487305,
      "band_eliminated_acoustic_entropies": [
        {
          "acoustic_entropy": 19.467294692993164,
          "acoustic_entropy_side": 21.072336196899414,
          "hz": 129.47220167065723
        },
        {
          "acoustic_entropy": 21.78409194946289,
          "acoustic_entropy_side": 21.331911087036133,
          "hz": 202.92927478742237
        },
        {
          "acoustic_entropy": 21.698591232299805,
          "acoustic_entropy_side": 21.144683837890625,
          "hz": 282.89161906338205
        },
        {
          "acoustic_entropy": 20.737430572509766,
          "acoustic_entropy_side": 21.26222038269043,
          "hz": 369.9353335868758
        },
        {
          "acoustic_entropy": 21.550479888916016,
          "acoustic_entropy_side": 21.517141342163086,
          "hz": 464.6875360973435
        },
        {
          "acoustic_entropy": 21.55181121826172,
          "acoustic_entropy_side": 21.5179386138916,
          "hz": 567.8308811364784
        },
        {
          "acoustic_entropy": 21.661670684814453,
          "acoustic_entropy_side": 21.30396270751953,
          "hz": 680.1084783214808
        },
        {
          "acoustic_entropy": 21.020591735839844,
          "acoustic_entropy_side": 21.005727767944336,
          "hz": 802.3292461747484
        },
        {
          "acoustic_entropy": 21.294740676879883,
          "acoustic_entropy_side": 21.616418838500977,
          "hz": 935.3737400823702
        },
        {
          "acoustic_entropy": 21.23053741455078,
          "acoustic_entropy_side": 20.912887573242188,
          "hz": 1080.2004963696966
        },
        {
          "acoustic_entropy": 21.549747467041016,
          "acoustic_entropy_side": 21.552661895751953,
          "hz": 1237.8529382007157
        },
        {
          "acoustic_entropy": 21.609081268310547,
          "acoustic_entropy_side": 20.935192108154297,
          "hz": 1409.4668930556702
        },
        {
          "acoustic_entropy": 21.325654983520508,
          "acoustic_entropy_side": 21.308902740478516,
          "hz": 1596.2787759475705
        },
        {
          "acoustic_entropy": 21.821380615234375,
          "acoustic_entropy_side": 21.05092430114746,
          "hz": 1799.6344973346393
        },
        {
          "acoustic_entropy": 21.247339248657227,
          "acoustic_entropy_side": 21.02403450012207,
          "hz": 2020.9991599069049
        },
        {
          "acoustic_entropy": 21.26034164428711,
          "acoustic_entropy_side": 21.478300094604492,
          "hz": 2261.9676141086993
        },
        {
          "acoustic_entropy": 20.852008819580078,
          "acoustic_entropy_side": 21.380712509155273,
          "hz": 2524.2759484456974
        },
        {
          "acoustic_entropy": 21.062950134277344,
          "acoustic_entropy_side": 21.06720542907715,
          "hz": 2809.813997359896
        },
        {
          "acoustic_entropy": 21.26612091064453,
