{
  "acoustic_entropy": 220.66046142578125,
  "bands": [
    {
      "high_freq": 148.1999969482422,
      "loudness": -19.861282348632812,
      "loudness_range": 25.607337951660156,
      "mid_mean": -16.0707950592041,
      "mid_to_side_loudness": -22.305191040039062,
      "mid_to_side_loudness_range": 28.587661743164062,
      "side_mean": -40.84675979614258
    },
    {
      "high_freq": 392.3793640136719,
      "loudness": -16.807180404663086,
      "loudness_range": 9.325925827026367,
      "low_freq": 148.1999969482422,
      "mid_mean": -13.397904396057129,
      "mid_to_side_loudness": -15.723343849182129,
      "mid_to_side_loudness_range": 19.564443588256836,
      "side_mean": -29.229001998901367
    },
    {
      "high_freq": 794.6976318359375,
      "loudness": -18.50394630432129,
      "loudness_range": 10.839254379272461,
      "low_freq": 392.3793640136719,
      "mid_mean": -15.34433364868164,
      "mid_to_side_loudness": -11.348814964294434,
      "mid_to_side_loudness_range": 18.46023941040039,
      "side_mean": -26.853654861450195
    },
    {
      "high_freq": 1457.5709228515625,
      "loudness": -22.547557830810547,
      "loudness_range": 15.393284797668457,
      "low_freq": 794.6976318359375,
      "mid_mean": -19.657569885253906,
      "mid_to_side_loudness": -9.058441162109375,
      "mid_to_side_loudness_range": 16.335529327392578,
      "side_mean": -28.739110946655273
    },
    {
      "high_freq": 2549.74365234375,
      "loudness": -22.85019302368164,
      "loudness_range": 12.574277877807617,
      "low_freq": 1457.5709228515625,
      "mid_mean": -19.86005210876465,
      "mid_to_side_loudness": -8.956758499145508,
      "mid_to_side_loudness_range": 12.354070663452148,
      "side_mean": -28.842769622802734
    },
    {
      "high_freq": 4349.24462890625,
      "loudness": -21.456640243530273,
      "loudness_range": 12.816436767578125,
      "low_freq": 2549.74365234375,
      "mid_mean": -18.346466064453125,
      "mid_to_side_loudness": -10.071990013122559,
      "mid_to_side_loudness_range": 12.748310089111328,
      "side_mean": -28.316682815551758
    },
    {
      "high_freq": 7314.1640625,
      "loudness": -23.756664276123047,
      "loudness_range": 10.637144088745117,
      "low_freq": 4349.24462890625,
      "mid_mean": -20.974369049072266,
      "mid_to_side_loudness": -7.489327430725098,
      "mid_to_side_loudness_range": 10.605552673339844,
      "side_mean": -28.25702476501465
    },
    {
      "high_freq": 12199.2666015625,
      "loudness": -21.784624099731445,
      "loudness_range": 10.799654006958008,
      "low_freq": 7314.1640625,
      "mid_mean": -19.75853157043457,
      "mid_to_side_loudness": -4.225367546081543,
      "mid_to_side_loudness_range": 9.720641136169434,
      "side_mean": -23.983413696289062
    },
    {
      "loudness": -23.408628463745117,
      "loudness_range": 9.521610260009766,
      "low_freq": 12199.2666015625,
      "mid_mean": -22.48369598388672,
      "mid_to_side_loudness": -1.2585471868515015,
      "mid_to_side_loudness_range": 4.275785446166992,
      "side_mean": -22.6079044342041
    }
  ],
  "bands_short": [
    {
      "high_freq": 148.1999969482422,
      "loudness": -23.83501625061035,
      "loudness_range": 31.445781707763672,
      "mid_mean": -20.264652252197266,
      "mid_to_side_loudness": -20.805828094482422,
      "mid_to_side_loudness_range": 32.804325103759766,
      "side_mean": -44.874996185302734
    },
    {
      "high_freq": 392.3793640136719,
      "loudness": -18.31991195678711,
      "loudness_range": 18.132598876953125,
      "low_freq": 148.1999969482422,
      "mid_mean": -15.025161743164062,
      "mid_to_side_loudness": -15.108389854431152,
      "mid_to_side_loudness_range": 22.95916748046875,
      "side_mean": -30.405929565429688
    },
    {
      "high_freq": 794.6976318359375,
      "loudness": -19.381542205810547,
      "loudness_range": 15.726919174194336,
      "low_freq": 392.3793640136719,
      "mid_mean": -16.435394287109375,
      "mid_to_side_loudness": -11.223941802978516,
      "mid_to_side_loudness_range": 21.87787628173828,
      "side_mean": -27.972293853759766
    },
    {
      "high_freq": 1457.5709228515625,
      "loudness": -23.468137741088867,
      "loudness_range": 19.420368194580078,
      "low_freq": 794.6976318359375,
      "mid_mean": -20.782089233398438,
      "mid_to_side_loudness": -8.74466323852539,
      "mid_to_side_loudness_range": 18.707008361816406,
      "side_mean": -29.71999168395996
    },
    {
      "high_freq": 2549.74365234375,
      "loudness": -23.944826126098633,
      "loudness_range": 16.08298683166504,
      "low_freq": 1457.5709228515625,
      "mid_mean": -21.15409278869629,
      "mid_to_side_loudness": -8.394901275634766,
      "mid_to_side_loudness_range": 14.891558647155762,
      "side_mean": -29.705955505371094
    },
    {
      "high_freq": 4349.24462890625,
      "loudness": -22.574296951293945,
      "loudness_range": 16.072643280029297,
      "low_freq": 2549.74365234375,
      "mid_mean": -19.597503662109375,
      "mid_to_side_loudness": -9.769704818725586,
      "mid_to_side_loudness_range": 15.853619575500488,
      "side_mean": -29.386432647705078
    },
    {
      "high_freq": 7314.1640625,
      "loudness": -25.018295288085938,
      "loudness_range": 14.306434631347656,
      "low_freq": 4349.24462890625,
      "mid_mean": -22.283506393432617,
      "mid_to_side_loudness": -7.856513023376465,
      "mid_to_side_loudness_range": 14.161590576171875,
      "side_mean": -30.07896614074707
    },
    {
      "high_freq": 12199.2666015625,
      "loudness": -24.409584045410156,
      "loudness_range": 18.78703498840332,
      "low_freq": 7314.1640625,
      "mid_mean": -22.080371856689453,
      "mid_to_side_loudness": -5.9000563621521,
      "mid_to_side_loudness_range": 12.988245010375977,
      "side_mean": -28.012723922729492
    },
    {
      "loudness": -29.71552848815918,
      "loudness_range": 29.552391052246094,
      "low_freq": 12199.2666015625,
      "mid_mean": -28.151586532592773,
      "mid_to_side_loudness": -4.4542555809021,
      "mid_to_side_loudness_range": 14.600400924682617,
      "side_mean": -30.544586181640625
    }
  ],
  "bandwidth": 712.3047485351562,
  "channels": 2,
  "covariance": [
    [
      78.68707275390625,
      14.76352596282959,
      19.370290756225586,
      23.03601837158203,
      12.593235969543457,
      14.289549827575684,
      20.899457931518555,
      19.714086532592773,
      12.400538444519043,
      20.285911560058594,
      8.271729469299316,
      18.212257385253906,
      8.776822090148926,
      12.63926887512207,
      8.980039596557617,
      7.849545001983643,
      7.674203395843506,
      3.271793842315674
    ],
    [
      14.76352596282959,
      43.89262008666992,
      3.603389024734497,
      -3.139486789703369,
      -0.3936210870742798,
      -7.598944664001465,
      0.3467377722263336,
      -6.282155513763428,
      -1.9510266780853271,
      3.857163190841675,
      -1.666353702545166,
      4.101749897003174,
      2.958275318145752,
      5.04279088973999,
      3.5404610633850098,
      6.308518886566162,
      6.504062652587891,
      0.8760170340538025
    ],
    [
      19.370290756225586,
      3.603389024734497,
      16.983312606811523,
      14.156780242919922,
      5.672449588775635,
      6.153708457946777,
      6.381808280944824,
      4.533698081970215,
      4.915990829467773,
      4.666547775268555,
      4.447672367095947,
      5.150872707366943,
      3.3575961589813232,
      3.8037877082824707,
      1.921838402748108,
      1.9951412677764893,
      1.3919150829315186,
      1.042856216430664
    ],
    [
      23.03601837158203,
      -3.139486789703369,
      14.156780242919922,
      60.06184768676758,
      16.463672637939453,
      32.356781005859375,
      20.38141441345215,
      27.82121467590332,
      12.624471664428711,
      14.726356506347656,
      10.004559516906738,
      13.78054428100586,
      7.610293865203857,
      6.387007236480713,
      5.8373122215271,
      -0.9257569313049316,
      -2.555873155593872,
      -1.4096653461456299
    ],
    [
      12.593235969543457,
      -0.3936210870742798,
      5.672449588775635,
      16.463672637939453,
      19.048730850219727,
      13.56835651397705,
      17.899702072143555,
      14.946163177490234,
      8.347951889038086,
      9.089730262756348,
      6.193536281585693,
      8.665059089660645,
      3.812793254852295,
      5.614902496337891,
      2.5230519771575928,
      3.4625208377838135,
      2.036308526992798,
      0.8821261525154114
    ],
    [
      14.289549827575684,
      -7.598944664001465,
      6.153708457946777,
      32.356781005859375,
      13.56835651397705,
      48.14285659790039,
      19.073545455932617,
      37.566165924072266,
      10.826223373413086,
      19.47955894470215,
      9.436711311340332,
      17.08685302734375,
      7.228357315063477,
      8.966723442077637,
      5.5694193840026855,
      3.7522175312042236,
      2.133418321609497,
      -1.373940110206604
    ],
    [
      20.899457931518555,
      0.3467377722263336,
      6.381808280944824,
      20.38141441345215,
      17.899702072143555,
      19.073545455932617,
      31.00373649597168,
      25.016263961791992,
      11.289095878601074,
      16.233301162719727,
      7.514283657073975,
      14.299036026000977,
      6.365561485290527,
      9.080693244934082,
      3.774932384490967,
      4.300789833068848,
      2.2593743801116943,
      0.08698247373104095
    ],
    [
      19.714086532592773,
      -6.282155513763428,
      4.533698081970215,
      27.82121467590332,
      14.946163177490234,
      37.566165924072266,
      25.016263961791992,
      52.78587341308594,
      16.36292839050293,
      28.804479598999023,
      13.58137035369873,
      24.224929809570312,
      12.143106460571289,
      14.733231544494629,
      9.207204818725586,
      7.369785785675049,
      4.86681604385376,
      -0.8370904922485352
    ],
    [
      12.400538444519043,
      -1.9510266780853271,
      4.915990829467773,
      12.624471664428711,
      8.347951889038086,
      10.826223373413086,
      11.289095878601074,
      16.36292839050293,
      23.060579299926758,
      15.68137264251709,
      15.602572441101074,
      13.61898422241211,
      8.966498374938965,
      7.641358375549316,
      4.80303955078125,
      1.8796331882476807,
      1.148827075958252,
      -2.1567318439483643
    ],
    [
      20.285911560058594,
      3.857163190841675,
      4.666547775268555,
      14.726356506347656,
      9.089730262756348,
      19.47955894470215,
      16.233301162719727,
      28.804479598999023,
      15.68137264251709,
      31.17817497253418,
      11.405526161193848,
      24.07135009765625,
      11.656017303466797,
      14.871678352355957,
      8.54829216003418,
      6.933593273162842,
      4.107780933380127,
      -2.8389909267425537
    ],
    [
      8.271729469299316,
      -1.666353702545166,
      4.447672367095947,
      10.004559516906738,
      6.193536281585693,
      9.436711311340332,
      7.514283657073975,
      13.58137035369873,
      15.602572441101074,
      11.405526161193848,
      20.678770065307617,
      12.753220558166504,
      11.444476127624512,
      6.179109573364258,
      5.104740142822266,
      0.5954560041427612,
      1.2737915515899658,
      -2.2997498512268066
    ],
    [
      18.212257385253906,
      4.101749897003174,
      5.150872707366943,
      13.78054428100586,
      8.665059089660645,
      17.08685302734375,
      14.299036026000977,
      24.224929809570312,
      13.61898422241211,
      24.07135009765625,
      12.753220558166504,
      26.26568603515625,
      11.696985244750977,
      15.812371253967285,
      8.526700019836426,
      7.8645758628845215,
      4.9158148765563965,
      -1.3696337938308716
    ],
    [
      8.776822090148926,
      2.958275318145752,
      3.3575961589813232,
      7.610293865203857,
      3.812793254852295,
      7.228357315063477,
      6.365561485290527,
      12.143106460571289,
      8.966498374938965,
      11.656017303466797,
      11.444476127624512,
      11.696985244750977,
      16.918710708618164,
      8.37661075592041,
      12.598346710205078,
      3.4223668575286865,
      5.069108486175537,
      -0.9192269444465637
    ],
    [
      12.63926887512207,
      5.04279088973999,
      3.8037877082824707,
      6.387007236480713,
      5.614902496337891,
      8.966723442077637,
      9.080693244934082,
      14.733231544494629,
      7.641358375549316,
      14.871678352355957,
      6.179109573364258,
      15.812371253967285,
      8.37661075592041,
      16.273466110229492,
      8.946061134338379,
      13.335061073303223,
      8.408638954162598,
      3.8982181549072266
    ],
    [
      8.980039596557617,
      3.5404610633850098,
      1.921838402748108,
      5.8373122215271,
      2.5230519771575928,
      5.5694193840026855,
      3.774932384490967,
      9.207204818725586,
      4.80303955078125,
      8.54829216003418,
      5.104740142822266,
      8.526700019836426,
      12.598346710205078,
      8.946061134338379,
      17.719871520996094,
      8.493836402893066,
      10.149972915649414,
      3.9932193756103516
    ],
    [
      7.849545001983643,
      6.308518886566162,
      1.9951412677764893,
      -0.9257569313049316,
      3.4625208377838135,
      3.7522175312042236,
      4.300789833068848,
      7.369785785675049,
      1.8796331882476807,
      6.933593273162842,
      0.5954560041427612,
      7.8645758628845215,
      3.4223668575286865,
      13.335061073303223,
      8.493836402893066,
      22.07657814025879,
      14.639100074768066,
      12.35402774810791
    ],
    [
      7.674203395843506,
      6.504062652587891,
      1.3919150829315186,
      -2.555873155593872,
      2.036308526992798,
      2.133418321609497,
      2.2593743801116943,
      4.86681604385376,
      1.148827075958252,
      4.107780933380127,
      1.2737915515899658,
      4.9158148765563965,
      5.069108486175537,
      8.408638954162598,
      10.149972915649414,
      14.639100074768066,
      17.97551918029785,
      11.534322738647461
    ],
    [
      3.271793842315674,
      0.8760170340538025,
      1.042856216430664,
      -1.4096653461456299,
      0.8821261525154114,
      -1.373940110206604,
      0.08698247373104095,
      -0.8370904922485352,
      -2.1567318439483643,
      -2.8389909267425537,
      -2.2997498512268066,
      -1.3696337938308716,
      -0.9192269444465637,
      3.8982181549072266,
      3.9932193756103516,
      12.35402774810791,
      11.534322738647461,
      18.53024673461914
    ]
  ],
  "covariance_short": [
    [
      121.44701385498047,
      17.86083984375,
      25.91139793395996,
      17.876720428466797,
      16.88317108154297,
      19.4914493560791,
      21.173898696899414,
      23.78740119934082,
      14.840702056884766,
      20.694313049316406,
      11.613998413085938,
      17.476543426513672,
      10.008288383483887,
      13.14084243774414,
      12.198190689086914,
      15.211962699890137,
      18.910818099975586,
      16.900083541870117
    ],
    [
      17.86083984375,
      65.0116195678711,
      9.358945846557617,
      -0.0884367823600769,
      -1.5914891958236694,
      -8.984115600585938,
      -1.52010977268219,
      -6.848541259765625,
      -0.25610142946243286,
      3.6367292404174805,
      0.0588962659239769,
      2.02435302734375,
      5.076766490936279,
      5.836836814880371,
      6.819362163543701,
      6.426654815673828,
      11.544454574584961,
      19.753299713134766
    ],
    [
      25.91139793395996,
      9.358945846557617,
      39.090415954589844,
      16.36937713623047,
      13.799491882324219,
      8.864704132080078,
      11.379114151000977,
      6.707557201385498,
      7.962440013885498,
      6.506570339202881,
      8.090356826782227,
      7.326118469238281,
      6.9853196144104,
      9.042908668518066,
      6.4929609298706055,
      10.860370635986328,
      11.295124053955078,
      14.864058494567871
    ],
    [
      17.876720428466797,
      -0.0884367823600769,
      16.36937713623047,
      60.75558090209961,
      19.169702529907227,
      31.78990364074707,
      19.857463836669922,
      23.70047950744629,
      11.555577278137207,
      12.362800598144531,
      9.136606216430664,
      11.109333038330078,
      6.432888031005859,
      8.035029411315918,
      7.508346080780029,
      8.20409870147705,
      8.104215621948242,
      1.8825478553771973
    ],
    [
      16.88317108154297,
      -1.5914891958236694,
      13.799491882324219,
      19.169702529907227,
      38.89106750488281,
      19.613344192504883,
      31.178638458251953,
      20.564491271972656,
      17.01466941833496,
      12.294891357421875,
      15.086551666259766,
      12.630657196044922,
      8.977651596069336,
      11.013949394226074,
      7.35162878036499,
      12.354137420654297,
      11.206707000732422,
      10.516701698303223
    ],
    [
      19.4914493560791,
      -8.984115600585938,
      8.864704132080078,
      31.78990364074707,
      19.613344192504883,
      58.943599700927734,
      25.0505313873291,
      42.61378479003906,
      13.64802360534668,
      21.254947662353516,
      11.729113578796387,
      19.754995346069336,
      8.373644828796387,
      13.56291389465332,
      10.389728546142578,
      16.422056198120117,
      16.228038787841797,
      12.19277572631836
    ],
    [
      21.173898696899414,
      -1.52010977268219,
      11.379114151000977,
      19.857463836669922,
      31.178638458251953,
      25.0505313873291,
      52.7598762512207,
      35.475914001464844,
      20.34926986694336,
      20.8261661529541,
      15.300436973571777,
      20.156240463256836,
      11.61239242553711,
      16.97202491760254,
      12.082234382629395,
      18.028242111206055,
      18.539113998413086,
      15.187748908996582
    ],
    [
      23.78740119934082,
      -6.848541259765625,
      6.707557201385498,
      23.70047950744629,
      20.564491271972656,
      42.61378479003906,
      35.475914001464844,
      66.31551361083984,
      21.034770965576172,
      32.211185455322266,
      17.16070556640625,
      29.596899032592773,
      14.87893295288086,
      22.514707565307617,
      16.584991455078125,
      23.75480842590332,
      24.330989837646484,
      18.058393478393555
    ],
    [
      14.840702056884766,
      -0.25610142946243286,
      7.962440013885498,
      11.555577278137207,
      17.01466941833496,
      13.64802360534668,
      20.34926986694336,
      21.034770965576172,
      36.423831939697266,
      21.281782150268555,
      24.513002395629883,
      18.764503479003906,
      13.764021873474121,
      13.424158096313477,
      9.69626235961914,
      10.381861686706543,
      11.651044845581055,
      8.484281539916992
    ],
    [
      20.694313049316406,
      3.6367292404174805,
      6.506570339202881,
      12.362800598144531,
      12.294891357421875,
      21.254947662353516,
      20.8261661529541,
      32.211185455322266,
      21.281782150268555,
      39.293975830078125,
      14.966058731079102,
      28.515628814697266,
      14.254980087280273,
      21.063220977783203,
      14.506608009338379,
      17.660017013549805,
      19.434144973754883,
      14.726290702819824
    ],
    [
      11.613998413085938,
      0.0588962659239769,
      8.090356826782227,
      9.136606216430664,
      15.086551666259766,
      11.729113578796387,
      15.300436973571777,
      17.16070556640625,
      24.513002395629883,
      14.966058731079102,
      34.76459503173828,
      19.049678802490234,
      19.858680725097656,
      12.772578239440918,
      12.23552131652832,
      9.753212928771973,
      11.880687713623047,
      7.19332218170166
    ],
    [
      17.476543426513672,
      2.02435302734375,
      7.326118469238281,
      11.109333038330078,
      12.630657196044922,
      19.754995346069336,
      20.156240463256836,
      29.596899032592773,
      18.764503479003906,
      28.515628814697266,
      19.049678802490234,
      36.047279357910156,
      17.40548324584961,
      26.005434036254883,
      18.024391174316406,
      23.069374084472656,
      24.243595123291016,
      18.525487899780273
    ],
    [
      10.008288383483887,
      5.076766490936279,
      6.9853196144104,
      6.432888031005859,
      8.977651596069336,
      8.373644828796387,
      11.61239242553711,
      14.87893295288086,
      13.764021873474121,
      14.254980087280273,
      19.858680725097656,
      17.40548324584961,
      29.34415626525879,
      17.730247497558594,
      26.6993350982666,
      18.658781051635742,
      27.063488006591797,
      20.77958869934082
    ],
    [
      13.14084243774414,
      5.836836814880371,
      9.042908668518066,
      8.035029411315918,
      11.013949394226074,
      13.56291389465332,
      16.97202491760254,
      22.514707565307617,
      13.424158096313477,
      21.063220977783203,
      12.772578239440918,
      26.005434036254883,
      17.730247497558594,
      35.154232025146484,
      24.417335510253906,
      38.40590286254883,
      37.97295379638672,
      40.8897705078125
    ],
    [
      12.198190689086914,
      6.819362163543701,
      6.4929609298706055,
      7.508346080780029,
      7.35162878036499,
      10.389728546142578,
      12.082234382629395,
      16.584991455078125,
      9.69626235961914,
      14.506608009338379,
      12.23552131652832,
      18.024391174316406,
      26.6993350982666,
      24.417335510253906,
      42.05450439453125,
      37.772186279296875,
      49.84554672241211,
      45.28847885131836
    ],
    [
      15.211962699890137,
      6.426654815673828,
      10.860370635986328,
      8.20409870147705,
      12.354137420654297,
      16.422056198120117,
      18.028242111206055,
      23.75480842590332,
      10.381861686706543,
      17.660017013549805,
      9.753212928771973,
      23.069374084472656,
      18.658781051635742,
      38.40590286254883,
      37.772186279296875,
      69.13143920898438,
      65.08354949951172,
      79.18678283691406
    ],
    [
      18.910818099975586,
      11.544454574584961,
      11.295124053955078,
      8.104215621948242,
      11.206707000732422,
      16.228038787841797,
      18.539113998413086,
      24.330989837646484,
      11.651044845581055,
      19.434144973754883,
      11.880687713623047,
      24.243595123291016,
      27.063488006591797,
      37.97295379638672,
      49.84554672241211,
      65.08354949951172,
      86.36759185791016,
      92.86282348632812
    ],
    [
      16.900083541870117,
      19.753299713134766,
      14.864058494567871,
      1.8825478553771973,
      10.516701698303223,
      12.19277572631836,
      15.187748908996582,
      18.058393478393555,
      8.484281539916992,
      14.726290702819824,
      7.19332218170166,
      18.525487899780273,
      20.77958869934082,
      40.8897705078125,
      45.28847885131836,
      79.18678283691406,
      92.86282348632812,
      136.6402130126953
    ]
  ],
  "damage": -2.550110101699829,
  "diff_bandwidth": 716.8209228515625,
  "dissonance": 11.421909602765725,
  "drr": 14.826094627380371,
  "dynamics": 2.6873271465301514,
  "format": 1245190,
  "frames": 12006336,
  "loudness": -6.517054557800293,
  "loudness_range": 6.159859657287598,
  "loudness_range_short": 9.699828147888184,
  "lowpass_true_peak_15khz": 2.8773951530456543,
  "mastering3_acoustic_entropies": [
    {
      "acoustic_entropy": 9.067745208740234,
      "acoustic_entropy_mono": 8.540376663208008,
      "band_eliminated_acoustic_entropies": [
        {
          "acoustic_entropy": 9.05557632446289,
          "acoustic_entropy_side": 9.067706108093262,
          "hz": 129.47220167065723
        },
        {
          "acoustic_entropy": 8.342926979064941,
          "acoustic_entropy_side": 9.067376136779785,
          "hz": 202.92927478742237
        },
        {
          "acoustic_entropy": 9.205628395080566,
          "acoustic_entropy_side": 9.140865325927734,
          "hz": 282.89161906338205
        },
        {
          "acoustic_entropy": 9.398341178894043,
          "acoustic_entropy_side": 8.84109878540039,
          "hz": 369.9353335868758
        },
        {
          "acoustic_entropy": 9.123839378356934,
          "acoustic_entropy_side": 8.95214557647705,
          "hz": 464.6875360973435
        },
        {
          "acoustic_entropy": 8.434730529785156,
          "acoustic_entropy_side": 9.061315536499023,
          "hz": 567.8308811364784
        },
        {
          "acoustic_entropy": 8.500937461853027,
          "acoustic_entropy_side": 8.77540397644043,
          "hz": 680.1084783214808
        },
        {
          "acoustic_entropy": 9.790083885192871,
          "acoustic_entropy_side": 9.435975074768066,
          "hz": 802.3292461747484
        },
        {
          "acoustic_entropy": 9.508504867553711,
          "acoustic_entropy_side": 8.610527038574219,
          "hz": 935.3737400823702
        },
        {
          "acoustic_entropy": 8.924965858459473,
          "acoustic_entropy_side": 9.020627975463867,
          "hz": 1080.2004963696966
        },
        {
          "acoustic_entropy": 9.1871337890625,
          "acoustic_entropy_side": 9.167070388793945,
          "hz": 1237.8529382007157
        },
        {
          "acoustic_entropy": 8.884370803833008,
          "acoustic_entropy_side": 9.201826095581055,
          "hz": 1409.4668930556702
        },
        {
          "acoustic_entropy": 9.351977348327637,
          "acoustic_entropy_side": 8.637120246887207,
          "hz": 1596.2787759475705
        },
        {
          "acoustic_entropy": 9.252476692199707,
          "acoustic_entropy_side": 9.04564380645752,
          "hz": 1799.6344973346393
        },
        {
          "acoustic_entropy": 9.207463264465332,
          "acoustic_entropy_side": 9.101099967956543,
          "hz": 2020.9991599069049
        },
        {
          "acoustic_entropy": 9.121954917907715,
          "acoustic_entropy_side": 9.028107643127441,
          "hz": 2261.9676141086993
        },
        {
          "acoustic_entropy": 9.051156044006348,
          "acoustic_entropy_side": 9.066802978515625,
          "hz": 2524.2759484456974
        },
        {
          "acoustic_entropy": 9.547130584716797,
          "acoustic_entropy_side": 9.08108901977539,
          "hz": 2809.813997359896
        },
        {
          "acoustic_entropy": 9.215972900390625,
          "acoustic_entropy_side": 9.04778003692627,
          "hz": 3120.6389567871424
        },
        {
          "acoustic_entropy": 9.172578811645508,
          "acoustic_entropy_side": 9.137925148010254,
          "hz": 3458.990205492291
        },
        {
          "acoustic_entropy": 9.523576736450195,
          "acoustic_entropy_side": 9.128528594970703,
          "hz": 3827.305438964164
        },
        {
          "acoustic_entropy": 9.388416290283203,
          "acoustic_entropy_side": 9.063253402709961,
          "hz": 4228.238232109126
        },
        {
          "acoustic_entropy": 9.226375579833984,
          "acoustic_entropy_side": 9.064315795898438,
          "hz": 4664.6771572759235
        },
        {
          "acoustic_entropy": 9.271048545837402,
          "acoustic_entropy_side": 9.10614013671875,
          "hz": 5139.766595350093
        },
        {
          "acoustic_entropy": 9.072607040405273,
          "acoustic_entropy_side": 8.975469589233398,
          "hz": 5656.929389854203
        },
        {
          "acoustic_entropy": 8.892422676086426,
          "acoustic_entropy_side": 8.9814453125,
          "hz": 6219.891507268283
        },
        {
          "acoustic_entropy": 9.018719673156738,
          "acoustic_entropy_side": 9.003508567810059,
          "hz": 6832.70888123896
        },
        {
          "acoustic_entropy": 8.850008010864258,
          "acoustic_entropy_side": 8.983841896057129,
          "hz": 7499.796634079867
        },
        {
          "acoustic_entropy": 8.953164100646973,
          "acoustic_entropy_side": 9.031271934509277,
          "hz": 8225.96088609342
        },
        {
          "acoustic_entropy": 8.860161781311035,
          "acoustic_entropy_side": 9.011510848999023,
          "hz": 9016.43338188839
        },
        {
          "acoustic_entropy": 8.678460121154785,
          "acoustic_entropy_side": 9.041253089904785,
          "hz": 9876.909183162974
        },
        {
          "acoustic_entropy": 9.09488582611084,
          "acoustic_entropy_side": 9.0623779296875,
          "hz": 10813.587699516042
        },
        {
          "acoustic_entropy": 9.349534034729004,
          "acoustic_entropy_side": 9.069663047790527,
          "hz": 11833.21735289826
        },
        {
          "acoustic_entropy": 9.155637741088867,
          "acoustic_entropy_side": 9.01209545135498,
          "hz": 12943.144197493959
        },
        {
          "acoustic_entropy": 9.056292533874512,
          "acoustic_entropy_side": 9.066658020019531,
          "hz": 14151.364845322005
        },
        {
          "acoustic_entropy": 9.070870399475098,
          "acoustic_entropy_side": 9.07552433013916,
          "hz": 15466.58407886509
        },
        {
          "acoustic_entropy": 8.977331161499023,
          "acoustic_entropy_side": 9.104084014892578,
          "hz": 16898.27756580493
        },
        {
          "acoustic_entropy": 8.978541374206543,
          "acoustic_entropy_side": 9.129861831665039,
          "hz": 18456.760127700032
        },
        {
          "acoustic_entropy": 8.927306175231934,
          "acoustic_entropy_side": 9.13370132446289,
          "hz": 20153.260054456492
        },
        {
          "acoustic_entropy": 8.969881057739258,
          "acoustic_entropy_side": 9.127114295959473,
          "hz": 22000.00000000001
        }
      ],
      "diff_acoustic_entropy": 9.066530227661133,
      "sn": 6
    },
    {
      "acoustic_entropy": 14.426501274108887,
      "acoustic_entropy_mono": 12.746797561645508,
      "band_eliminated_acoustic_entropies": [
        {
          "acoustic_entropy": 14.451828002929688,
          "acoustic_entropy_side": 14.426462173461914,
          "hz": 129.47220167065723
        },
        {
          "acoustic_entropy": 14.01111125946045,
          "acoustic_entropy_side": 14.431975364685059,
          "hz": 202.92927478742237
        },
        {
          "acoustic_entropy": 15.460212707519531,
          "acoustic_entropy_side": 14.536463737487793,
          "hz": 282.89161906338205
        },
        {
          "acoustic_entropy": 14.58798885345459,
          "acoustic_entropy_side": 14.965128898620605,
          "hz": 369.9353335868758
        },
        {
          "acoustic_entropy": 15.186659812927246,
          "acoustic_entropy_side": 14.693217277526855,
          "hz": 464.6875360973435
        },
        {
          "acoustic_entropy": 14.32726764678955,
          "acoustic_entropy_side": 14.41994571685791,
          "hz": 567.8308811364784
        },
        {
          "acoustic_entropy": 13.892253875732422,
          "acoustic_entropy_side": 14.597522735595703,
          "hz": 680.1084783214808
        },
        {
          "acoustic_entropy": 14.656319618225098,
          "acoustic_entropy_side": 15.077896118164062,
          "hz": 802.3292461747484
        },
        {
          "acoustic_entropy": 14.633764266967773,
          "acoustic_entropy_side": 14.640881538391113,
          "hz": 935.3737400823702
        },
        {
          "acoustic_entropy": 14.976381301879883,
          "acoustic_entropy_side": 14.41963005065918,
          "hz": 1080.2004963696966
        },
        {
          "acoustic_entropy": 14.27137279510498,
          "acoustic_entropy_side": 14.344456672668457,
          "hz": 1237.8529382007157
        },
        {
          "acoustic_entropy": 14.381203651428223,
          "acoustic_entropy_side": 14.3582124710083,
          "hz": 1409.4668930556702
        },
        {
          "acoustic_entropy": 14.560723304748535,
          "acoustic_entropy_side": 14.433155059814453,
          "hz": 1596.2787759475705
        },
        {
          "acoustic_entropy": 14.715856552124023,
          "acoustic_entropy_side": 14.421072006225586,
          "hz": 1799.6344973346393
        },
        {
          "acoustic_entropy": 14.684717178344727,
          "acoustic_entropy_side": 14.348753929138184,
          "hz": 2020.9991599069049
        },
        {
          "acoustic_entropy": 14.555482864379883,
          "acoustic_entropy_side": 14.470507621765137,
          "hz": 2261.9676141086993
        },
        {
          "acoustic_entropy": 14.387826919555664,
          "acoustic_entropy_side": 14.369905471801758,
          "hz": 2524.2759484456974
        },
        {
          "acoustic_entropy": 14.462000846862793,
          "acoustic_entropy_side": 14.407801628112793,
          "hz": 2809.813997359896
        },
        {
          "acoustic_entropy": 14.382923126220703,
          "acoustic_entropy_side": 14.76793098449707,
          "hz": 3120.6389567871424
        },
        {
          "acoustic_entropy": 14.255424499511719,
          "acoustic_entropy_side": 14.471139907836914,
          "hz": 3458.990205492291
        },
        {
          "acoustic_entropy": 14.921351432800293,
          "acoustic_entropy_side": 14.8916015625,
          "hz": 3827.305438964164
        },
        {
          "acoustic_entropy": 14.510663986206055,
          "acoustic_entropy_side": 14.448844909667969,
          "hz": 4228.238232109126
        },
        {
          "acoustic_entropy": 14.398700714111328,
          "acoustic_entropy_side": 14.352190017700195,
          "hz": 4664.6771572759235
        },
        {
          "acoustic_entropy": 14.44548511505127,
          "acoustic_entropy_side": 14.33482837677002,
          "hz": 5139.766595350093
        },
        {
          "acoustic_entropy": 14.461526870727539,
          "acoustic_entropy_side": 14.35884952545166,
          "hz": 5656.929389854203
        },
        {
          "acoustic_entropy": 14.36065673828125,
          "acoustic_entropy_side": 14.382848739624023,
          "hz": 6219.891507268283
        },
        {
          "acoustic_entropy": 14.372451782226562,
          "acoustic_entropy_side": 14.360780715942383,
          "hz": 6832.70888123896
        },
        {
          "acoustic_entropy": 14.423357009887695,
          "acoustic_entropy_side": 14.349873542785645,
          "hz": 7499.796634079867
        },
        {
          "acoustic_entropy": 14.371097564697266,
          "acoustic_entropy_side": 14.407806396484375,
          "hz": 8225.96088609342
        },
        {
          "acoustic_entropy": 14.367697715759277,
          "acoustic_entropy_side": 14.412313461303711,
          "hz": 9016.43338188839
        },
        {
          "acoustic_entropy": 14.575602531433105,
          "acoustic_entropy_side": 14.560565948486328,
          "hz": 9876.909183162974
        },
        {
          "acoustic_entropy": 14.855830192565918,
          "acoustic_entropy_side": 14.752902030944824,
          "hz": 10813.587699516042
        },
        {
          "acoustic_entropy": 14.368233680725098,
          "acoustic_entropy_side": 14.389122009277344,
          "hz": 11833.21735289826
        },
        {
          "acoustic_entropy": 14.385939598083496,
          "acoustic_entropy_side": 14.398286819458008,
          "hz": 12943.144197493959
        },
        {
          "acoustic_entropy": 14.297974586486816,
          "acoustic_entropy_side": 14.323385238647461,
          "hz": 14151.364845322005
        },
        {
          "acoustic_entropy": 14.307093620300293,
          "acoustic_entropy_side": 14.309267044067383,
          "hz": 15466.58407886509
        },
        {
          "acoustic_entropy": 14.31180477142334,
          "acoustic_entropy_side": 14.334674835205078,
          "hz": 16898.27756580493
        },
        {
          "acoustic_entropy": 14.376737594604492,
          "acoustic_entropy_side": 14.40021800994873,
          "hz": 18456.760127700032
        },
        {
          "acoustic_entropy": 14.625333786010742,
          "acoustic_entropy_side": 14.433483123779297,
          "hz": 20153.260054456492
        },
        {
          "acoustic_entropy": 14.907499313354492,
          "acoustic_entropy_side": 14.477364540100098,
          "hz": 22000.00000000001
        }
      ],
      "diff_acoustic_entropy": 13.515010833740234,
      "sn": 12
    },
    {
      "acoustic_entropy": 23.279888153076172,
      "acoustic_entropy_mono": 17.389942169189453,
      "band_eliminated_acoustic_entropies": [
        {
          "acoustic_entropy": 23.252790451049805,
          "acoustic_entropy_side": 23.2861328125,
          "hz": 129.47220167065723
        },
        {
          "acoustic_entropy": 23.064743041992188,
          "acoustic_entropy_side": 23.385026931762695,
          "hz": 202.92927478742237
        },
        {
          "acoustic_entropy": 22.839111328125,
          "acoustic_entropy_side": 23.07291030883789,
          "hz": 282.89161906338205
        },
        {
          "acoustic_entropy": 22.974830627441406,
          "acoustic_entropy_side": 22.632511138916016,
          "hz": 369.9353335868758
        },
        {
          "acoustic_entropy": 23.958232879638672,
          "acoustic_entropy_side": 23.165021896362305,
          "hz": 464.6875360973435
        },
        {
          "acoustic_entropy": 22.722524642944336,
          "acoustic_entropy_side": 23.232458114624023,
          "hz": 567.8308811364784
        },
        {
          "acoustic_entropy": 21.660654067993164,
          "acoustic_entropy_side": 21.95273208618164,
          "hz": 680.1084783214808
        },
        {
          "acoustic_entropy": 22.022117614746094,
          "acoustic_entropy_side": 23.348529815673828,
          "hz": 802.3292461747484
        },
        {
          "acoustic_entropy": 22.85302734375,
          "acoustic_entropy_side": 23.594257354736328,
          "hz": 935.3737400823702
        },
        {
          "acoustic_entropy": 22.058387756347656,
          "acoustic_entropy_side": 22.34063148498535,
          "hz": 1080.2004963696966
        },
        {
          "acoustic_entropy": 22.902748107910156,
          "acoustic_entropy_side": 22.92701530456543,
          "hz": 1237.8529382007157
        },
        {
          "acoustic_entropy": 22.30225372314453,
          "acoustic_entropy_side": 22.258155822753906,
          "hz": 1409.4668930556702
        },
        {
          "acoustic_entropy": 23.2777099609375,
          "acoustic_entropy_side": 23.565690994262695,
          "hz": 1596.2787759475705
        },
        {
          "acoustic_entropy": 22.081254959106445,
          "acoustic_entropy_side": 23.31108283996582,
          "hz": 1799.6344973346393
        },
        {
          "acoustic_entropy": 23.327360153198242,
          "acoustic_entropy_side": 23.004222869873047,
          "hz": 2020.9991599069049
        },
        {
          "acoustic_entropy": 23.46868324279785,
          "acoustic_entropy_side": 23.471609115600586,
          "hz": 2261.9676141086993
        },
        {
          "acoustic_entropy": 24.092863082885742,
          "acoustic_entropy_side": 23.3242130279541,
          "hz": 2524.2759484456974
        },
        {
          "acoustic_entropy": 22.811447143554688,
          "acoustic_entropy_side": 23.14800262451172,
          "hz": 2809.813997359896
        },
        {
          "acoustic_entropy": 23.66958236694336,
