{
  "acoustic_entropy": 101.41766357421875,
  "bands": [
    {
      "high_freq": 148.1999969482422,
      "loudness": -29.4207763671875,
      "loudness_range": 5.229133605957031,
      "mid_mean": -28.523229598999023,
      "mid_to_side_loudness": -16.009809494018555,
      "mid_to_side_loudness_range": 21.758981704711914,
      "side_mean": -54.107975006103516
    },
    {
      "high_freq": 392.3793640136719,
      "loudness": -31.268285751342773,
      "loudness_range": 7.558542251586914,
      "low_freq": 148.1999969482422,
      "mid_mean": -29.229875564575195,
      "mid_to_side_loudness": -9.111719131469727,
      "mid_to_side_loudness_range": 12.460926055908203,
      "side_mean": -50.14539337158203
    },
    {
      "high_freq": 794.6976318359375,
      "loudness": -31.684598922729492,
      "loudness_range": 10.393156051635742,
      "low_freq": 392.3793640136719,
      "mid_mean": -31.157228469848633,
      "mid_to_side_loudness": -5.139683246612549,
      "mid_to_side_loudness_range": 10.66062068939209,
      "side_mean": -37.2458381652832
    },
    {
      "high_freq": 1457.5709228515625,
      "loudness": -33.17317199707031,
      "loudness_range": 10.647228240966797,
      "low_freq": 794.6976318359375,
      "mid_mean": -33.34423065185547,
      "mid_to_side_loudness": -5.165642738342285,
      "mid_to_side_loudness_range": 5.69167423248291,
      "side_mean": -39.065792083740234
    },
    {
      "high_freq": 2549.74365234375,
      "loudness": -31.42141342163086,
      "loudness_range": 9.677490234375,
      "low_freq": 1457.5709228515625,
      "mid_mean": -30.828500747680664,
      "mid_to_side_loudness": -6.386281967163086,
      "mid_to_side_loudness_range": 8.36166000366211,
      "side_mean": -37.98773956298828
    },
    {
      "high_freq": 4349.24462890625,
      "loudness": -31.690521240234375,
      "loudness_range": 9.417745590209961,
      "low_freq": 2549.74365234375,
      "mid_mean": -30.675642013549805,
      "mid_to_side_loudness": -7.894036769866943,
      "mid_to_side_loudness_range": 9.306783676147461,
      "side_mean": -50.629913330078125
    },
    {
      "high_freq": 7314.1640625,
      "loudness": -40.46364974975586,
      "loudness_range": 10.179496765136719,
      "low_freq": 4349.24462890625,
      "mid_mean": -50.80477523803711,
      "mid_to_side_loudness": -8.637633323669434,
      "mid_to_side_loudness_range": 11.86662769317627,
      "side_mean": -56.550750732421875
    },
    {
      "high_freq": 12199.2666015625,
      "loudness": -51.2513542175293,
      "loudness_range": 9.602996826171875,
      "low_freq": 7314.1640625,
      "mid_mean": -57.274757385253906,
      "mid_to_side_loudness": -8.4559965133667,
      "mid_to_side_loudness_range": 13.676717758178711,
      "side_mean": -62.38255310058594
    },
    {
      "loudness": -59.147132873535156,
      "loudness_range": 16.642009735107422,
      "low_freq": 12199.2666015625,
      "mid_mean": -62.05213928222656,
      "mid_to_side_loudness": -6.9326019287109375,
      "mid_to_side_loudness_range": 8.757843971252441,
      "side_mean": -64.8867416381836
    }
  ],
  "bands_short": [
    {
      "high_freq": 148.1999969482422,
      "loudness": -31.076488494873047,
      "loudness_range": 11.017730712890625,
      "mid_mean": -30.66921043395996,
      "mid_to_side_loudness": -17.194671630859375,
      "mid_to_side_loudness_range": 26.004295349121094,
      "side_mean": -56.295860290527344
    },
    {
      "high_freq": 392.3793640136719,
      "loudness": -31.11241340637207,
      "loudness_range": 12.778196334838867,
      "low_freq": 148.1999969482422,
      "mid_mean": -29.49959945678711,
      "mid_to_side_loudness": -8.79104995727539,
      "mid_to_side_loudness_range": 13.649663925170898,
      "side_mean": -50.58254623413086
    },
    {
      "high_freq": 794.6976318359375,
      "loudness": -32.92481994628906,
      "loudness_range": 16.0236873626709,
      "low_freq": 392.3793640136719,
      "mid_mean": -32.09343719482422,
      "mid_to_side_loudness": -4.8957390785217285,
      "mid_to_side_loudness_range": 13.410486221313477,
      "side_mean": -37.602108001708984
    },
    {
      "high_freq": 1457.5709228515625,
      "loudness": -33.767547607421875,
      "loudness_range": 19.2148494720459,
      "low_freq": 794.6976318359375,
      "mid_mean": -32.889366149902344,
      "mid_to_side_loudness": -5.400200366973877,
      "mid_to_side_loudness_range": 10.162270545959473,
      "side_mean": -50.47921371459961
    },
    {
      "high_freq": 2549.74365234375,
      "loudness": -32.51018142700195,
      "loudness_range": 19.03482437133789,
      "low_freq": 1457.5709228515625,
      "mid_mean": -31.845373153686523,
      "mid_to_side_loudness": -5.8736467361450195,
      "mid_to_side_loudness_range": 10.369833946228027,
      "side_mean": -50.103519439697266
    },
    {
      "high_freq": 4349.24462890625,
      "loudness": -33.3260612487793,
      "loudness_range": 19.33303451538086,
      "low_freq": 2549.74365234375,
      "mid_mean": -32.24643325805664,
      "mid_to_side_loudness": -7.425217151641846,
      "mid_to_side_loudness_range": 10.401335716247559,
      "side_mean": -51.45879364013672
    },
    {
      "high_freq": 7314.1640625,
      "loudness": -41.30375671386719,
      "loudness_range": 16.402477264404297,
      "low_freq": 4349.24462890625,
      "mid_mean": -51.90777587890625,
      "mid_to_side_loudness": -8.166329383850098,
      "mid_to_side_loudness_range": 12.284555435180664,
      "side_mean": -56.999271392822266
    },
    {
      "high_freq": 12199.2666015625,
      "loudness": -53.56791305541992,
      "loudness_range": 16.27437973022461,
      "low_freq": 7314.1640625,
      "mid_mean": -59.02413558959961,
      "mid_to_side_loudness": -8.219170570373535,
      "mid_to_side_loudness_range": 12.264847755432129,
      "side_mean": -63.68189239501953
    },
    {
      "loudness": -63.98431396484375,
      "loudness_range": 27.27560043334961,
      "low_freq": 12199.2666015625,
      "mid_mean": -64.56949615478516,
      "mid_to_side_loudness": -6.622826099395752,
      "mid_to_side_loudness_range": 8.225326538085938,
      "side_mean": -66.7040023803711
    }
  ],
  "bandwidth": 635.7420654296875,
  "channels": 2,
  "covariance": [
    [
      87.8459701538086,
      43.85118103027344,
      67.64591217041016,
      49.84003448486328,
      74.67108154296875,
      60.95282745361328,
      85.2112045288086,
      77.38147735595703,
      83.38396453857422,
      68.23799133300781,
      67.77314758300781,
      69.59405517578125,
      83.58563232421875,
      61.714195251464844,
      60.17605209350586,
      39.81725311279297,
      40.166568756103516,
      27.628408432006836
    ],
    [
      43.85118103027344,
      168.1050262451172,
      38.40867614746094,
      199.36447143554688,
      47.227970123291016,
      55.404945373535156,
      49.02749252319336,
      61.29411315917969,
      48.32888412475586,
      57.64494323730469,
      35.58816146850586,
      203.37913513183594,
      200.54324340820312,
      142.41961669921875,
      134.55274963378906,
      80.63654327392578,
      84.2061538696289,
      53.56395721435547
    ],
    [
      67.64591217041016,
      38.40867614746094,
      60.901885986328125,
      38.60342788696289,
      63.79887771606445,
      48.8807373046875,
      65.532470703125,
      58.6613655090332,
      66.78030395507812,
      51.83127975463867,
      50.47495651245117,
      53.00476837158203,
      66.67402648925781,
      46.4102783203125,
      49.220848083496094,
      27.634702682495117,
      29.656204223632812,
      16.74811363220215
    ],
    [
      49.84003448486328,
      199.36447143554688,
      38.60342788696289,
      245.7998809814453,
      47.994834899902344,
      59.94469451904297,
      56.83583068847656,
      69.36151123046875,
      54.20912170410156,
      65.26133728027344,
      42.661739349365234,
      250.3467254638672,
      248.21498107910156,
      177.21536254882812,
      165.40635681152344,
      101.67339324951172,
      105.07843017578125,
      69.03864288330078
    ],
    [
      74.67108154296875,
      47.227970123291016,
      63.79887771606445,
      47.994834899902344,
      76.47318267822266,
      66.94161987304688,
      82.5168228149414,
      80.85811614990234,
      80.95753479003906,
      72.38249206542969,
      63.45328903198242,
      70.97894287109375,
      74.72816467285156,
      56.72553253173828,
      52.04623794555664,
      33.48069763183594,
      34.30448913574219,
      22.746809005737305
    ],
    [
      60.95282745361328,
      55.404945373535156,
      48.8807373046875,
      59.94469451904297,
      66.94161987304688,
      84.16964721679688,
      77.29817199707031,
      97.29731750488281,
      73.39900207519531,
      90.4281234741211,
      59.228275299072266,
      85.93336486816406,
      77.14598846435547,
      62.729679107666016,
      50.866844177246094,
      36.94810485839844,
      36.4077262878418,
      27.43636703491211
    ],
    [
      85.2112045288086,
      49.02749252319336,
      65.532470703125,
      56.83583068847656,
      82.5168228149414,
      77.29817199707031,
      98.5636978149414,
      96.69786834716797,
      93.4458236694336,
      86.78720092773438,
      77.08489227294922,
      85.61434936523438,
      87.66179656982422,
      69.73834991455078,
      59.711997985839844,
      43.93190002441406,
      43.208213806152344,
      32.98881912231445
    ],
    [
      77.38147735595703,
      61.29411315917969,
      58.6613655090332,
      69.36151123046875,
      80.85811614990234,
      97.29731750488281,
      96.69786834716797,
      117.34474182128906,
      90.64208221435547,
      107.19923400878906,
      75.70652770996094,
      102.28304290771484,
      93.36087036132812,
      75.89148712158203,
      61.25566482543945,
      46.097713470458984,
      44.938392639160156,
      35.3906364440918
    ],
    [
      83.38396453857422,
      48.32888412475586,
      66.78030395507812,
      54.20912170410156,
      80.95753479003906,
      73.39900207519531,
      93.4458236694336,
      90.64208221435547,
      91.31380462646484,
      81.74349212646484,
      74.14205932617188,
      81.21981048583984,
      86.72283172607422,
      66.90357208251953,
      59.18547439575195,
      40.93003845214844,
      40.26907730102539,
      28.691741943359375
    ],
    [
      68.23799133300781,
      57.64494323730469,
      51.83127975463867,
      65.26133728027344,
      72.38249206542969,
      90.4281234741211,
      86.78720092773438,
      107.19923400878906,
      81.74349212646484,
      99.48329162597656,
      67.04883575439453,
      94.79789733886719,
      85.21847534179688,
      69.95378112792969,
      55.153743743896484,
      41.62664031982422,
      39.932472229003906,
      31.205421447753906
    ],
    [
      67.77314758300781,
      35.58816146850586,
      50.47495651245117,
      42.661739349365234,
      63.45328903198242,
      59.228275299072266,
      77.08489227294922,
      75.70652770996094,
      74.14205932617188,
      67.04883575439453,
      77.49229431152344,
      67.2549057006836,
      73.57747650146484,
      57.54310607910156,
      51.025142669677734,
      36.650150299072266,
      35.761592864990234,
      26.4370059967041
    ],
    [
      69.59405517578125,
      203.37913513183594,
      53.00476837158203,
      250.3467254638672,
      70.97894287109375,
      85.93336486816406,
      85.61434936523438,
      102.28304290771484,
      81.21981048583984,
      94.79789733886719,
      67.2549057006836,
      263.5150146484375,
      258.70709228515625,
      187.1142578125,
      171.27024841308594,
      107.84717559814453,
      110.28532409667969,
      74.24319458007812
    ],
    [
      83.58563232421875,
      200.54324340820312,
      66.67402648925781,
      248.21498107910156,
      74.72816467285156,
      77.14598846435547,
      87.66179656982422,
      93.36087036132812,
      86.72283172607422,
      85.21847534179688,
      73.57747650146484,
      258.70709228515625,
      268.6923828125,
      190.19134521484375,
      181.22576904296875,
      111.70637512207031,
      115.37748718261719,
      75.57803344726562
    ],
    [
      61.714195251464844,
      142.41961669921875,
      46.4102783203125,
      177.21536254882812,
      56.72553253173828,
      62.729679107666016,
      69.73834991455078,
      75.89148712158203,
      66.90357208251953,
      69.95378112792969,
      57.54310607910156,
      187.1142578125,
      190.19134521484375,
      137.16102600097656,
      127.35810852050781,
      80.86932373046875,
      82.32992553710938,
      55.54955291748047
    ],
    [
      60.17605209350586,
      134.55274963378906,
      49.220848083496094,
      165.40635681152344,
      52.04623794555664,
      50.866844177246094,
      59.711997985839844,
      61.25566482543945,
      59.18547439575195,
      55.153743743896484,
      51.025142669677734,
      171.27024841308594,
      181.22576904296875,
      127.35810852050781,
      125.94210815429688,
      77.87397003173828,
      82.70661163330078,
      54.29601287841797
    ],
    [
      39.81725311279297,
      80.63654327392578,
      27.634702682495117,
      101.67339324951172,
      33.48069763183594,
      36.94810485839844,
      43.93190002441406,
      46.097713470458984,
      40.93003845214844,
      41.62664031982422,
      36.650150299072266,
      107.84717559814453,
      111.70637512207031,
      80.86932373046875,
      77.87397003173828,
      53.31461715698242,
      56.44737243652344,
      41.38251495361328
    ],
    [
      40.166568756103516,
      84.2061538696289,
      29.656204223632812,
      105.07843017578125,
      34.30448913574219,
      36.4077262878418,
      43.208213806152344,
      44.938392639160156,
      40.26907730102539,
      39.932472229003906,
      35.761592864990234,
      110.28532409667969,
      115.37748718261719,
      82.32992553710938,
      82.70661163330078,
      56.44737243652344,
      63.70674133300781,
      46.56586837768555
    ],
    [
      27.628408432006836,
      53.56395721435547,
      16.74811363220215,
      69.03864288330078,
      22.746809005737305,
      27.43636703491211,
      32.98881912231445,
      35.3906364440918,
      28.691741943359375,
      31.205421447753906,
      26.4370059967041,
      74.24319458007812,
      75.57803344726562,
      55.54955291748047,
      54.29601287841797,
      41.38251495361328,
      46.56586837768555,
      37.98063278198242
    ]
  ],
  "covariance_short": [
    [
      118.10579681396484,
      48.971336364746094,
      70.2569808959961,
      57.01332473754883,
      71.89431762695312,
      53.39462661743164,
      69.06970977783203,
      78.98580169677734,
      75.41392517089844,
      71.83728790283203,
      76.73816680908203,
      73.40420532226562,
      93.38724517822266,
      64.0732650756836,
      67.66266632080078,
      41.7013053894043,
      38.38541030883789,
      24.897499084472656
    ],
    [
      48.971336364746094,
      139.8645477294922,
      33.76795196533203,
      179.7362823486328,
      34.56755447387695,
      34.70183563232422,
      32.18516540527344,
      186.40283203125,
      33.504432678222656,
      187.24365234375,
      33.0130729675293,
      176.79356384277344,
      176.32989501953125,
      126.96309661865234,
      109.42559814453125,
      62.923851013183594,
      54.42546463012695,
      32.77247619628906
    ],
    [
      70.2569808959961,
      33.76795196533203,
      70.24942779541016,
      41.140872955322266,
      72.28902435302734,
      53.093994140625,
      64.90478515625,
      64.3514404296875,
      73.13919067382812,
      58.23043441772461,
      72.2886734008789,
      58.68523025512695,
      74.9306640625,
      50.428192138671875,
      51.113983154296875,
      27.549509048461914,
      23.7246036529541,
      12.357264518737793
    ],
    [
      57.01332473754883,
      179.7362823486328,
      41.140872955322266,
      254.6487274169922,
      47.180912017822266,
      51.37285614013672,
      46.96806716918945,
      264.4513244628906,
      49.71769714355469,
      267.10455322265625,
      48.753665924072266,
      250.56759643554688,
      247.81082153320312,
      178.36749267578125,
      151.21182250976562,
      87.85833740234375,
      74.4341812133789,
      45.36509704589844
    ],
    [
      71.89431762695312,
      34.56755447387695,
      72.28902435302734,
      47.180912017822266,
      87.68307495117188,
      66.5230941772461,
      81.3968505859375,
      82.31591796875,
      89.60895538330078,
      74.09427642822266,
      88.64842224121094,
      72.97067260742188,
      85.03706359863281,
      59.656455993652344,
      54.34065628051758,
      30.967510223388672,
      23.720500946044922,
      12.955077171325684
    ],
    [
      53.39462661743164,
      34.70183563232422,
      53.093994140625,
      51.37285614013672,
      66.5230941772461,
      74.3189926147461,
      66.84042358398438,
      85.04766082763672,
      71.94180297851562,
      78.91576385498047,
      70.87105560302734,
      75.84282684326172,
      77.00293731689453,
      57.69761276245117,
      45.75748062133789,
      29.301063537597656,
      20.173778533935547,
      13.545315742492676
    ],
    [
      69.06970977783203,
      32.18516540527344,
      64.90478515625,
      46.96806716918945,
      81.3968505859375,
      66.84042358398438,
      88.60841369628906,
      84.13188171386719,
      88.96881866455078,
      76.28286743164062,
      92.83503723144531,
      75.62419128417969,
      84.79923248291016,
      61.649837493896484,
      53.57780075073242,
      33.609806060791016,
      24.254743576049805,
      15.882150650024414
    ],
    [
      78.98580169677734,
      186.40283203125,
      64.3514404296875,
      264.4513244628906,
      82.31591796875,
      85.04766082763672,
      84.13188171386719,
      295.7676696777344,
      89.48307037353516,
      292.71929931640625,
      88.69288635253906,
      274.38525390625,
      270.1208801269531,
      195.6341094970703,
      163.75119018554688,
      96.68458557128906,
      79.26237487792969,
      49.34269332885742
    ],
    [
      75.41392517089844,
      33.504432678222656,
      73.13919067382812,
      49.71769714355469,
      89.60895538330078,
      71.94180297851562,
      88.96881866455078,
      89.48307037353516,
      102.94926452636719,
      82.31014251708984,
      101.7479019165039,
      82.27582550048828,
      96.10503387451172,
      68.64180755615234,
      62.704410552978516,
      39.392066955566406,
      30.347135543823242,
      18.6451416015625
    ],
    [
      71.83728790283203,
      187.24365234375,
      58.23043441772461,
      267.10455322265625,
      74.09427642822266,
      78.91576385498047,
      76.28286743164062,
      292.71929931640625,
      82.31014251708984,
      293.5489196777344,
      81.28374481201172,
      274.69488525390625,
      270.18365478515625,
      195.9454803466797,
      163.5260009765625,
      96.85582733154297,
      79.58049774169922,
      49.49158477783203
    ],
    [
      76.73816680908203,
      33.0130729675293,
      72.2886734008789,
      48.753665924072266,
      88.64842224121094,
      70.87105560302734,
      92.83503723144531,
      88.69288635253906,
      101.7479019165039,
      81.28374481201172,
      107.47541046142578,
      82.454345703125,
      98.7152099609375,
      69.93775177001953,
      65.81226348876953,
      41.4913215637207,
      32.872798919677734,
      20.478790283203125
    ],
    [
      73.40420532226562,
      176.79356384277344,
      58.68523025512695,
      250.56759643554688,
      72.97067260742188,
      75.84282684326172,
      75.62419128417969,
      274.38525390625,
      82.27582550048828,
      274.69488525390625,
      82.454345703125,
      259.4008483886719,
      257.03021240234375,
      186.29226684570312,
      157.0075225830078,
      93.34806060791016,
      77.18682861328125,
      48.03825759887695
    ],
    [
      93.38724517822266,
      176.32989501953125,
      74.9306640625,
      247.81082153320312,
      85.03706359863281,
      77.00293731689453,
      84.79923248291016,
      270.1208801269531,
      96.10503387451172,
      270.18365478515625,
      98.7152099609375,
      257.03021240234375,
      266.9746398925781,
      190.2085418701172,
      169.14939880371094,
      100.0794906616211,
      87.0479507446289,
      53.045745849609375
    ],
    [
      64.0732650756836,
      126.96309661865234,
      50.428192138671875,
      178.36749267578125,
      59.656455993652344,
      57.69761276245117,
      61.649837493896484,
      195.6341094970703,
      68.64180755615234,
      195.9454803466797,
      69.93775177001953,
      186.29226684570312,
      190.2085418701172,
      138.0277557373047,
      119.75952911376953,
      72.68014526367188,
      62.185298919677734,
      39.17083740234375
    ],
    [
      67.66266632080078,
      109.42559814453125,
      51.113983154296875,
      151.21182250976562,
      54.34065628051758,
      45.75748062133789,
      53.57780075073242,
      163.75119018554688,
      62.704410552978516,
      163.5260009765625,
      65.81226348876953,
      157.0075225830078,
      169.14939880371094,
      119.75952911376953,
      115.70262908935547,
      71.43521118164062,
      68.0047378540039,
      43.33478546142578
    ],
    [
      41.7013053894043,
      62.923851013183594,
      27.549509048461914,
      87.85833740234375,
      30.967510223388672,
      29.301063537597656,
      33.609806060791016,
      96.68458557128906,
      39.392066955566406,
      96.85582733154297,
      41.4913215637207,
      93.34806060791016,
      100.0794906616211,
      72.68014526367188,
      71.43521118164062,
      49.561805725097656,
      48.63942337036133,
      34.878822326660156
    ],
    [
      38.38541030883789,
      54.42546463012695,
      23.7246036529541,
      74.4341812133789,
      23.720500946044922,
      20.173778533935547,
      24.254743576049805,
      79.26237487792969,
      30.347135543823242,
      79.58049774169922,
      32.872798919677734,
      77.18682861328125,
      87.0479507446289,
      62.185298919677734,
      68.0047378540039,
      48.63942337036133,
      54.20178985595703,
      39.167083740234375
    ],
    [
      24.897499084472656,
      32.77247619628906,
      12.357264518737793,
      45.36509704589844,
      12.955077171325684,
      13.545315742492676,
      15.882150650024414,
      49.34269332885742,
      18.6451416015625,
      49.49158477783203,
      20.478790283203125,
      48.03825759887695,
      53.045745849609375,
      39.17083740234375,
      43.33478546142578,
      34.878822326660156,
      39.167083740234375,
      31.751047134399414
    ]
  ],
  "damage": -17.764474868774414,
  "diff_bandwidth": 690.452392578125,
  "dissonance": 7.158090996853809,
  "drr": 0.8518514633178711,
  "dynamics": 2.6392576694488525,
  "format": 1245190,
  "frames": 385024,
  "loudness": -19.299097061157227,
  "loudness_range": 6.308769226074219,
  "loudness_range_short": 10.286116600036621,
  "lowpass_true_peak_15khz": -3.800273895263672,
  "mastering3_acoustic_entropies": [
    {
      "acoustic_entropy": 3.9860377311706543,
      "acoustic_entropy_mono": 3.835371494293213,
      "band_eliminated_acoustic_entropies": [
        {
          "acoustic_entropy": 3.979842185974121,
          "acoustic_entropy_side": 3.9860312938690186,
          "hz": 129.47220167065723
        },
        {
          "acoustic_entropy": 4.08133602142334,
          "acoustic_entropy_side": 3.985955238342285,
          "hz": 202.92927478742237
        },
        {
          "acoustic_entropy": 4.049542427062988,
          "acoustic_entropy_side": 3.98990797996521,
          "hz": 282.89161906338205
        },
        {
          "acoustic_entropy": 4.063164234161377,
          "acoustic_entropy_side": 3.9864492416381836,
          "hz": 369.9353335868758
        },
        {
          "acoustic_entropy": 3.697014570236206,
          "acoustic_entropy_side": 3.982802629470825,
          "hz": 464.6875360973435
        },
        {
          "acoustic_entropy": 4.034569263458252,
          "acoustic_entropy_side": 3.9804444313049316,
          "hz": 567.8308811364784
        },
        {
          "acoustic_entropy": 3.970607042312622,
          "acoustic_entropy_side": 3.9574434757232666,
          "hz": 680.1084783214808
        },
        {
          "acoustic_entropy": 3.9978320598602295,
          "acoustic_entropy_side": 3.9859163761138916,
          "hz": 802.3292461747484
        },
        {
          "acoustic_entropy": 3.9960315227508545,
          "acoustic_entropy_side": 4.000680923461914,
          "hz": 935.3737400823702
        },
        {
          "acoustic_entropy": 3.9699747562408447,
          "acoustic_entropy_side": 3.978001117706299,
          "hz": 1080.2004963696966
        },
        {
          "acoustic_entropy": 3.988878011703491,
          "acoustic_entropy_side": 3.9532744884490967,
          "hz": 1237.8529382007157
        },
        {
          "acoustic_entropy": 3.774534225463867,
          "acoustic_entropy_side": 3.9811360836029053,
          "hz": 1409.4668930556702
        },
        {
          "acoustic_entropy": 4.022593975067139,
          "acoustic_entropy_side": 3.9713919162750244,
          "hz": 1596.2787759475705
        },
        {
          "acoustic_entropy": 4.000827312469482,
          "acoustic_entropy_side": 3.98885440826416,
          "hz": 1799.6344973346393
        },
        {
          "acoustic_entropy": 3.9746901988983154,
          "acoustic_entropy_side": 3.9790573120117188,
          "hz": 2020.9991599069049
        },
        {
          "acoustic_entropy": 3.856642723083496,
          "acoustic_entropy_side": 3.9643781185150146,
          "hz": 2261.9676141086993
        },
        {
          "acoustic_entropy": 3.9470369815826416,
          "acoustic_entropy_side": 3.9685513973236084,
          "hz": 2524.2759484456974
        },
        {
          "acoustic_entropy": 3.9821698665618896,
          "acoustic_entropy_side": 3.9786977767944336,
          "hz": 2809.813997359896
        },
        {
          "acoustic_entropy": 4.0139594078063965,
          "acoustic_entropy_side": 3.9903793334960938,
          "hz": 3120.6389567871424
        },
        {
          "acoustic_entropy": 3.98835825920105,
          "acoustic_entropy_side": 3.9775712490081787,
          "hz": 3458.990205492291
        },
        {
          "acoustic_entropy": 3.9821395874023438,
          "acoustic_entropy_side": 3.9771900177001953,
          "hz": 3827.305438964164
        },
        {
          "acoustic_entropy": 3.984283447265625,
          "acoustic_entropy_side": 3.98540997505188,
          "hz": 4228.238232109126
        },
        {
          "acoustic_entropy": 4.014155387878418,
          "acoustic_entropy_side": 3.9864134788513184,
          "hz": 4664.6771572759235
        },
        {
          "acoustic_entropy": 3.9603118896484375,
          "acoustic_entropy_side": 3.985969305038452,
          "hz": 5139.766595350093
        },
        {
          "acoustic_entropy": 3.9540398120880127,
          "acoustic_entropy_side": 3.98685359954834,
          "hz": 5656.929389854203
        },
        {
          "acoustic_entropy": 3.973158597946167,
          "acoustic_entropy_side": 3.985560894012451,
          "hz": 6219.891507268283
        },
        {
          "acoustic_entropy": 3.9804859161376953,
          "acoustic_entropy_side": 3.9860503673553467,
          "hz": 6832.70888123896
        },
        {
          "acoustic_entropy": 3.9834580421447754,
          "acoustic_entropy_side": 3.9861831665039062,
          "hz": 7499.796634079867
        },
        {
          "acoustic_entropy": 3.981184720993042,
          "acoustic_entropy_side": 3.9860517978668213,
          "hz": 8225.96088609342
        },
        {
          "acoustic_entropy": 3.9834883213043213,
          "acoustic_entropy_side": 3.9860360622406006,
          "hz": 9016.43338188839
        },
        {
          "acoustic_entropy": 3.985536813735962,
          "acoustic_entropy_side": 3.986001491546631,
          "hz": 9876.909183162974
        },
        {
          "acoustic_entropy": 3.985745429992676,
          "acoustic_entropy_side": 3.9859981536865234,
          "hz": 10813.587699516042
        },
        {
          "acoustic_entropy": 3.9863908290863037,
          "acoustic_entropy_side": 3.9859888553619385,
          "hz": 11833.21735289826
        },
        {
          "acoustic_entropy": 3.9862873554229736,
          "acoustic_entropy_side": 3.9860448837280273,
          "hz": 12943.144197493959
        },
        {
          "acoustic_entropy": 3.9851033687591553,
          "acoustic_entropy_side": 3.98608660697937,
          "hz": 14151.364845322005
        },
        {
          "acoustic_entropy": 3.985215425491333,
          "acoustic_entropy_side": 3.9861559867858887,
          "hz": 15466.58407886509
        },
        {
          "acoustic_entropy": 3.9866063594818115,
          "acoustic_entropy_side": 3.9861090183258057,
          "hz": 16898.27756580493
        },
        {
          "acoustic_entropy": 3.986356735229492,
          "acoustic_entropy_side": 3.9860997200012207,
          "hz": 18456.760127700032
        },
        {
          "acoustic_entropy": 3.9861881732940674,
          "acoustic_entropy_side": 3.986090898513794,
          "hz": 20153.260054456492
        },
        {
          "acoustic_entropy": 3.986051321029663,
          "acoustic_entropy_side": 3.98604416847229,
          "hz": 22000.00000000001
        }
      ],
      "diff_acoustic_entropy": 3.770287036895752,
      "sn": 6
    },
    {
      "acoustic_entropy": 5.598674297332764,
      "acoustic_entropy_mono": 5.452592372894287,
      "band_eliminated_acoustic_entropies": [
        {
          "acoustic_entropy": 5.425943851470947,
          "acoustic_entropy_side": 5.5983099937438965,
          "hz": 129.47220167065723
        },
        {
          "acoustic_entropy": 5.615231513977051,
          "acoustic_entropy_side": 5.585946559906006,
          "hz": 202.92927478742237
        },
        {
          "acoustic_entropy": 5.678471088409424,
          "acoustic_entropy_side": 5.67449951171875,
          "hz": 282.89161906338205
        },
        {
          "acoustic_entropy": 5.66994571685791,
          "acoustic_entropy_side": 5.601163387298584,
          "hz": 369.9353335868758
        },
        {
          "acoustic_entropy": 5.38763427734375,
          "acoustic_entropy_side": 5.560173034667969,
          "hz": 464.6875360973435
        },
        {
          "acoustic_entropy": 5.494337558746338,
          "acoustic_entropy_side": 5.580255031585693,
          "hz": 567.8308811364784
        },
        {
          "acoustic_entropy": 5.617861747741699,
          "acoustic_entropy_side": 5.601192951202393,
          "hz": 680.1084783214808
        },
        {
          "acoustic_entropy": 5.4533538818359375,
          "acoustic_entropy_side": 5.56926965713501,
          "hz": 802.3292461747484
        },
        {
          "acoustic_entropy": 5.440929889678955,
          "acoustic_entropy_side": 5.566535949707031,
          "hz": 935.3737400823702
        },
        {
          "acoustic_entropy": 5.618093967437744,
          "acoustic_entropy_side": 5.575130462646484,
          "hz": 1080.2004963696966
        },
        {
          "acoustic_entropy": 5.612402439117432,
          "acoustic_entropy_side": 5.555702209472656,
          "hz": 1237.8529382007157
        },
        {
          "acoustic_entropy": 5.512351989746094,
          "acoustic_entropy_side": 5.60453462600708,
          "hz": 1409.4668930556702
        },
        {
          "acoustic_entropy": 5.38694953918457,
          "acoustic_entropy_side": 5.58024263381958,
          "hz": 1596.2787759475705
        },
        {
          "acoustic_entropy": 5.637692451477051,
          "acoustic_entropy_side": 5.590062618255615,
          "hz": 1799.6344973346393
        },
        {
          "acoustic_entropy": 5.5628814697265625,
          "acoustic_entropy_side": 5.588303565979004,
          "hz": 2020.9991599069049
        },
        {
          "acoustic_entropy": 5.441736698150635,
          "acoustic_entropy_side": 5.51544189453125,
          "hz": 2261.9676141086993
        },
        {
          "acoustic_entropy": 5.540865421295166,
          "acoustic_entropy_side": 5.593310356140137,
          "hz": 2524.2759484456974
        },
        {
          "acoustic_entropy": 5.610784530639648,
          "acoustic_entropy_side": 5.606186866760254,
          "hz": 2809.813997359896
        },
        {
          "acoustic_entropy": 5.669053077697754,
          "acoustic_entropy_side": 5.585284233093262,
          "hz": 3120.6389567871424
        },
        {
          "acoustic_entropy": 5.626077175140381,
          "acoustic_entropy_side": 5.590388298034668,
          "hz": 3458.990205492291
        },
        {
          "acoustic_entropy": 5.593876361846924,
          "acoustic_entropy_side": 5.603328227996826,
          "hz": 3827.305438964164
        },
        {
          "acoustic_entropy": 5.549197196960449,
          "acoustic_entropy_side": 5.574312686920166,
          "hz": 4228.238232109126
        },
        {
          "acoustic_entropy": 5.6600446701049805,
          "acoustic_entropy_side": 5.584747314453125,
          "hz": 4664.6771572759235
        },
        {
          "acoustic_entropy": 5.628231525421143,
          "acoustic_entropy_side": 5.610477447509766,
          "hz": 5139.766595350093
        },
        {
          "acoustic_entropy": 5.155081748962402,
          "acoustic_entropy_side": 5.588607311248779,
          "hz": 5656.929389854203
        },
        {
          "acoustic_entropy": 5.574097156524658,
          "acoustic_entropy_side": 5.6026740074157715,
          "hz": 6219.891507268283
        },
        {
          "acoustic_entropy": 5.56661319732666,
          "acoustic_entropy_side": 5.5959930419921875,
          "hz": 6832.70888123896
        },
        {
          "acoustic_entropy": 5.454986095428467,
          "acoustic_entropy_side": 5.596640586853027,
          "hz": 7499.796634079867
        },
        {
          "acoustic_entropy": 5.4843034744262695,
          "acoustic_entropy_side": 5.597755432128906,
          "hz": 8225.96088609342
        },
        {
          "acoustic_entropy": 5.499646186828613,
          "acoustic_entropy_side": 5.597789287567139,
          "hz": 9016.43338188839
        },
        {
          "acoustic_entropy": 5.5386176109313965,
          "acoustic_entropy_side": 5.596023082733154,
          "hz": 9876.909183162974
        },
        {
          "acoustic_entropy": 5.557852268218994,
          "acoustic_entropy_side": 5.596090316772461,
          "hz": 10813.587699516042
        },
        {
          "acoustic_entropy": 5.57304048538208,
          "acoustic_entropy_side": 5.598450183868408,
          "hz": 11833.21735289826
        },
        {
          "acoustic_entropy": 5.578540325164795,
          "acoustic_entropy_side": 5.598532199859619,
          "hz": 12943.144197493959
        },
        {
          "acoustic_entropy": 5.578479766845703,
          "acoustic_entropy_side": 5.597070693969727,
          "hz": 14151.364845322005
        },
        {
          "acoustic_entropy": 5.5707621574401855,
          "acoustic_entropy_side": 5.597509860992432,
          "hz": 15466.58407886509
        },
        {
          "acoustic_entropy": 5.588393211364746,
          "acoustic_entropy_side": 5.597991466522217,
          "hz": 16898.27756580493
        },
        {
          "acoustic_entropy": 5.5978922843933105,
          "acoustic_entropy_side": 5.598423004150391,
          "hz": 18456.760127700032
        },
        {
          "acoustic_entropy": 5.598633289337158,
          "acoustic_entropy_side": 5.598730564117432,
          "hz": 20153.260054456492
        },
        {
          "acoustic_entropy": 5.598694324493408,
          "acoustic_entropy_side": 5.598690509796143,
          "hz": 22000.00000000001
        }
      ],
      "diff_acoustic_entropy": 4.961416244506836,
      "sn": 12
    },
    {
      "acoustic_entropy": 8.387311935424805,
      "acoustic_entropy_mono": 8.479029655456543,
      "band_eliminated_acoustic_entropies": [
        {
          "acoustic_entropy": 7.917064189910889,
          "acoustic_entropy_side": 8.419595718383789,
          "hz": 129.47220167065723
        },
        {
          "acoustic_entropy": 8.86370849609375,
          "acoustic_entropy_side": 8.37987232208252,
          "hz": 202.92927478742237
        },
        {
          "acoustic_entropy": 8.537872314453125,
          "acoustic_entropy_side": 8.566401481628418,
          "hz": 282.89161906338205
        },
        {
          "acoustic_entropy": 8.508918762207031,
          "acoustic_entropy_side": 8.351762771606445,
          "hz": 369.9353335868758
        },
        {
          "acoustic_entropy": 8.099785804748535,
          "acoustic_entropy_side": 8.27779483795166,
          "hz": 464.6875360973435
        },
        {
          "acoustic_entropy": 8.335614204406738,
          "acoustic_entropy_side": 8.304396629333496,
          "hz": 567.8308811364784
        },
        {
          "acoustic_entropy": 8.21402645111084,
          "acoustic_entropy_side": 8.303879737854004,
          "hz": 680.1084783214808
        },
        {
          "acoustic_entropy": 8.220060348510742,
          "acoustic_entropy_side": 8.322872161865234,
          "hz": 802.3292461747484
        },
        {
          "acoustic_entropy": 8.244701385498047,
          "acoustic_entropy_side": 8.38992691040039,
          "hz": 935.3737400823702
        },
        {
          "acoustic_entropy": 8.44272232055664,
          "acoustic_entropy_side": 8.390621185302734,
          "hz": 1080.2004963696966
        },
        {
          "acoustic_entropy": 8.512537002563477,
          "acoustic_entropy_side": 8.514168739318848,
          "hz": 1237.8529382007157
        },
        {
          "acoustic_entropy": 8.24425983428955,
          "acoustic_entropy_side": 8.326507568359375,
          "hz": 1409.4668930556702
        },
        {
          "acoustic_entropy": 8.502229690551758,
          "acoustic_entropy_side": 8.372222900390625,
          "hz": 1596.2787759475705
        },
        {
          "acoustic_entropy": 8.417924880981445,
          "acoustic_entropy_side": 8.426556587219238,
          "hz": 1799.6344973346393
        },
        {
          "acoustic_entropy": 8.21338176727295,
          "acoustic_entropy_side": 8.314844131469727,
          "hz": 2020.9991599069049
        },
        {
          "acoustic_entropy": 8.245678901672363,
          "acoustic_entropy_side": 8.352581977844238,
          "hz": 2261.9676141086993
        },
        {
          "acoustic_entropy": 8.259425163269043,
          "acoustic_entropy_side": 8.366691589355469,
          "hz": 2524.2759484456974
        },
        {
          "acoustic_entropy": 8.433889389038086,
          "acoustic_entropy_side": 8.45360279083252,
          "hz": 2809.813997359896
        },
        {
          "acoustic_entropy": 8.446240425109863,
          "acoustic_entropy_side": 8.395906448364258,
          "hz": 3120.6389567871424
        },
        {
          "acoustic_entropy": 8.417769432067871,
          "acoustic_entropy_side": 8.387415885925293,
          "hz": 3458.990205492291
        },
        {
