{
  "acoustic_entropy": 108.48629760742188,
  "bands": [
    {
      "high_freq": 148.1999969482422,
      "loudness": -43.18600082397461,
      "loudness_range": 31.557706832885742,
      "mid_mean": -39.51875305175781,
      "mid_to_side_loudness": -21.64235496520996,
      "mid_to_side_loudness_range": 10.81646728515625,
      "side_mean": -58.84459686279297
    },
    {
      "high_freq": 392.3793640136719,
      "loudness": -39.18109130859375,
      "loudness_range": 18.9296817779541,
      "low_freq": 148.1999969482422,
      "mid_mean": -35.77900695800781,
      "mid_to_side_loudness": -13.300657272338867,
      "mid_to_side_loudness_range": 13.414978981018066,
      "side_mean": -51.23762130737305
    },
    {
      "high_freq": 794.6976318359375,
      "loudness": -38.94929885864258,
      "loudness_range": 21.313425064086914,
      "low_freq": 392.3793640136719,
      "mid_mean": -35.762054443359375,
      "mid_to_side_loudness": -12.688576698303223,
      "mid_to_side_loudness_range": 12.562543869018555,
      "side_mean": -50.70189666748047
    },
    {
      "high_freq": 1457.5709228515625,
      "loudness": -37.7181510925293,
      "loudness_range": 27.78767967224121,
      "low_freq": 794.6976318359375,
      "mid_mean": -34.749183654785156,
      "mid_to_side_loudness": -13.03121280670166,
      "mid_to_side_loudness_range": 13.996456146240234,
      "side_mean": -50.23130798339844
    },
    {
      "high_freq": 2549.74365234375,
      "loudness": -48.715274810791016,
      "loudness_range": 27.374767303466797,
      "low_freq": 1457.5709228515625,
      "mid_mean": -45.71204376220703,
      "mid_to_side_loudness": -10.576165199279785,
      "mid_to_side_loudness_range": 13.854122161865234,
      "side_mean": -57.138919830322266
    },
    {
      "high_freq": 4349.24462890625,
      "loudness": -56.25342559814453,
      "loudness_range": 27.41790771484375,
      "low_freq": 2549.74365234375,
      "mid_mean": -54.197547912597656,
      "mid_to_side_loudness": -12.34217643737793,
      "mid_to_side_loudness_range": 10.451494216918945,
      "side_mean": -63.39864730834961
    },
    {
      "high_freq": 7314.1640625,
      "loudness": -58.18061065673828,
      "loudness_range": 25.806320190429688,
      "low_freq": 4349.24462890625,
      "mid_mean": -56.59779739379883,
      "mid_to_side_loudness": -15.996068000793457,
      "mid_to_side_loudness_range": 12.999443054199219,
      "side_mean": -66.9218521118164
    },
    {
      "high_freq": 12199.2666015625,
      "loudness": -67.70381927490234,
      "loudness_range": 22.82476806640625,
      "low_freq": 7314.1640625,
      "mid_mean": -62.59795379638672,
      "mid_to_side_loudness": -18.959449768066406,
      "mid_to_side_loudness_range": 15.733746528625488,
      "side_mean": -69.58859252929688
    },
    {
      "loudness": 0,
      "loudness_range": 0,
      "low_freq": 12199.2666015625,
      "mid_mean": -68.80191040039062,
      "mid_to_side_loudness": -10.24340534210205,
      "mid_to_side_loudness_range": 10.824599266052246,
      "side_mean": -69.8977279663086
    }
  ],
  "bands_short": [
    {
      "high_freq": 148.1999969482422,
      "loudness": -43.388954162597656,
      "loudness_range": 32.748085021972656,
      "mid_mean": -39.93038558959961,
      "mid_to_side_loudness": -22.590362548828125,
      "mid_to_side_loudness_range": 15.275144577026367,
      "side_mean": -59.7773323059082
    },
    {
      "high_freq": 392.3793640136719,
      "loudness": -39.301029205322266,
      "loudness_range": 20.150083541870117,
      "low_freq": 148.1999969482422,
      "mid_mean": -35.92730712890625,
      "mid_to_side_loudness": -13.66938591003418,
      "mid_to_side_loudness_range": 13.990009307861328,
      "side_mean": -51.57563781738281
    },
    {
      "high_freq": 794.6976318359375,
      "loudness": -39.546993255615234,
      "loudness_range": 21.46683120727539,
      "low_freq": 392.3793640136719,
      "mid_mean": -36.55731964111328,
      "mid_to_side_loudness": -11.969230651855469,
      "mid_to_side_loudness_range": 13.612532615661621,
      "side_mean": -50.72459411621094
    },
    {
      "high_freq": 1457.5709228515625,
      "loudness": -37.77157211303711,
      "loudness_range": 27.700401306152344,
      "low_freq": 794.6976318359375,
      "mid_mean": -34.642189025878906,
      "mid_to_side_loudness": -13.467109680175781,
      "mid_to_side_loudness_range": 16.425369262695312,
      "side_mean": -50.4647102355957
    },
    {
      "high_freq": 2549.74365234375,
      "loudness": -49.08085250854492,
      "loudness_range": 27.307350158691406,
      "low_freq": 1457.5709228515625,
      "mid_mean": -46.19622802734375,
      "mid_to_side_loudness": -10.437315940856934,
      "mid_to_side_loudness_range": 14.857986450195312,
      "side_mean": -57.44852828979492
    },
    {
      "high_freq": 4349.24462890625,
      "loudness": -56.2566032409668,
      "loudness_range": 27.78479766845703,
      "low_freq": 2549.74365234375,
      "mid_mean": -54.50984191894531,
      "mid_to_side_loudness": -12.045413970947266,
      "mid_to_side_loudness_range": 12.580293655395508,
      "side_mean": -63.41006088256836
    },
    {
      "high_freq": 7314.1640625,
      "loudness": -58.604400634765625,
      "loudness_range": 25.893333435058594,
      "low_freq": 4349.24462890625,
      "mid_mean": -57.0353889465332,
      "mid_to_side_loudness": -15.657488822937012,
      "mid_to_side_loudness_range": 14.55447006225586,
      "side_mean": -67.00174713134766
    },
    {
      "high_freq": 12199.2666015625,
      "loudness": -68.06980895996094,
      "loudness_range": 23.29619598388672,
      "low_freq": 7314.1640625,
      "mid_mean": -62.82732009887695,
      "mid_to_side_loudness": -18.759822845458984,
      "mid_to_side_loudness_range": 16.523868560791016,
      "side_mean": -69.59790802001953
    },
    {
      "loudness": -78.94942474365234,
      "loudness_range": 8.689971923828125,
      "low_freq": 12199.2666015625,
      "mid_mean": -68.80735778808594,
      "mid_to_side_loudness": -10.384869575500488,
      "mid_to_side_loudness_range": 10.780557632446289,
      "side_mean": -69.89750671386719
    }
  ],
  "bandwidth": 530.8795166015625,
  "channels": 2,
  "covariance": [
    [
      179.7700653076172,
      127.89241790771484,
      56.81452178955078,
      62.550750732421875,
      18.61770248413086,
      19.229848861694336,
      -47.23727035522461,
      -32.365692138671875,
      -55.28806686401367,
      -42.995201110839844,
      -64.67406463623047,
      -48.69532775878906,
      -60.05571746826172,
      -23.47564697265625,
      -44.84807205200195,
      -4.478228569030762,
      -6.8024163246154785,
      0.04705950245261192
    ],
    [
      127.89241790771484,
      102.66511535644531,
      47.987247467041016,
      59.103878021240234,
      19.010107040405273,
      31.241575241088867,
      -35.153236389160156,
      -10.665435791015625,
      -40.72237777709961,
      -22.817989349365234,
      -27.515409469604492,
      -25.910446166992188,
      -26.68474578857422,
      -12.863495826721191,
      -20.92748260498047,
      -2.5828487873077393,
      -3.5161893367767334,
      0.08108290284872055
    ],
    [
      56.81452178955078,
      47.987247467041016,
      47.98701858520508,
      38.022789001464844,
      33.698143005371094,
      30.67635154724121,
      -13.79698657989502,
      -16.23555564880371,
      -3.5070319175720215,
      -8.923452377319336,
      -9.502054214477539,
      -12.370420455932617,
      -6.70280647277832,
      -4.558030128479004,
      -7.01231575012207,
      -1.3044480085372925,
      -1.9302057027816772,
      0.007381771225482225
    ],
    [
      62.550750732421875,
      59.103878021240234,
      38.022789001464844,
      70.4170913696289,
      36.2614860534668,
      61.06657791137695,
      -11.253702163696289,
      21.237638473510742,
      0.652455747127533,
      15.88206958770752,
      18.638681411743164,
      0.3132576644420624,
      17.493194580078125,
      1.7517024278640747,
      6.763856887817383,
      -0.48812389373779297,
      0.47504550218582153,
      0.08321390300989151
    ],
    [
      18.61770248413086,
      19.010107040405273,
      33.698143005371094,
      36.2614860534668,
      64.00785064697266,
      56.806148529052734,
      21.332090377807617,
      15.249011039733887,
      38.37590789794922,
      25.084726333618164,
      30.46485710144043,
      12.61355209350586,
      28.84195327758789,
      8.034524917602539,
      14.330365180969238,
      0.4631667137145996,
      1.4287012815475464,
      -0.024595296010375023
    ],
    [
      19.229848861694336,
      31.241575241088867,
      30.67635154724121,
      61.06657791137695,
      56.806148529052734,
      90.16728210449219,
      21.209989547729492,
      49.42107009887695,
      41.04690170288086,
      51.186092376708984,
      58.52973556518555,
      26.448129653930664,
      53.36968994140625,
      15.066604614257812,
      28.624652862548828,
      1.3918625116348267,
      3.7734732627868652,
      0.052173420786857605
    ],
    [
      -47.23727035522461,
      -35.153236389160156,
      -13.79698657989502,
      -11.253702163696289,
      21.332090377807617,
      21.209989547729492,
      94.93370056152344,
      78.40888214111328,
      64.95187377929688,
      52.741451263427734,
      58.85734558105469,
      36.728240966796875,
      44.28948974609375,
      14.017572402954102,
      24.901296615600586,
      1.46250319480896,
      3.835907459259033,
      -0.023152368143200874
    ],
    [
      -32.365692138671875,
      -10.665435791015625,
      -16.23555564880371,
      21.237638473510742,
      15.249011039733887,
      49.42107009887695,
      78.40888214111328,
      111.35936737060547,
      58.999961853027344,
      68.03229522705078,
      77.38822937011719,
      44.41036605834961,
      61.581851959228516,
      18.202787399291992,
      33.8380241394043,
      2.194979429244995,
      5.321927547454834,
      0.05878570303320885
    ],
    [
      -55.28806686401367,
      -40.72237777709961,
      -3.5070319175720215,
      0.652455747127533,
      38.37590789794922,
      41.04690170288086,
      64.95187377929688,
      58.999961853027344,
      90.29088592529297,
      72.16785430908203,
      65.82762145996094,
      40.00298309326172,
      58.48398208618164,
      18.964075088500977,
      30.59445571899414,
      1.8154855966567993,
      4.250361442565918,
      -0.03860252723097801
    ],
    [
      -42.995201110839844,
      -22.817989349365234,
      -8.923452377319336,
      15.88206958770752,
      25.084726333618164,
      51.186092376708984,
      52.741451263427734,
      68.03229522705078,
      72.16785430908203,
      76.99270629882812,
      65.27501678466797,
      38.62860107421875,
      57.16011428833008,
      18.35950469970703,
      30.795652389526367,
      2.017667531967163,
      4.640240669250488,
      0.026587121188640594
    ],
    [
      -64.67406463623047,
      -27.515409469604492,
      -9.502054214477539,
      18.638681411743164,
      30.46485710144043,
      58.52973556518555,
      58.85734558105469,
      77.38822937011719,
      65.82762145996094,
      65.27501678466797,
      97.21331787109375,
      54.103580474853516,
      85.83450317382812,
      26.795774459838867,
      52.147281646728516,
      3.8914408683776855,
      7.3189005851745605,
      0.010843703523278236
    ],
    [
      -48.69532775878906,
      -25.910446166992188,
      -12.370420455932617,
      0.3132576644420624,
      12.61355209350586,
      26.448129653930664,
      36.728240966796875,
      44.41036605834961,
      40.00298309326172,
      38.62860107421875,
      54.103580474853516,
      35.0634880065918,
      47.8790168762207,
      16.89859390258789,
      30.2827091217041,
      2.487272262573242,
      4.383059978485107,
      -0.005631057545542717
    ],
    [
      -60.05571746826172,
      -26.68474578857422,
      -6.70280647277832,
      17.493194580078125,
      28.84195327758789,
      53.36968994140625,
      44.28948974609375,
      61.581851959228516,
      58.48398208618164,
      57.16011428833008,
      85.83450317382812,
      47.8790168762207,
      84.33545684814453,
      26.356752395629883,
      51.36414337158203,
      4.214009761810303,
      6.962554454803467,
      -0.005099189933389425
    ],
    [
      -23.47564697265625,
      -12.863495826721191,
      -4.558030128479004,
      1.7517024278640747,
      8.034524917602539,
      15.066604614257812,
      14.017572402954102,
      18.202787399291992,
      18.964075088500977,
      18.35950469970703,
      26.795774459838867,
      16.89859390258789,
      26.356752395629883,
      10.485743522644043,
      16.77584457397461,
      1.748367190361023,
      2.4985737800598145,
      -0.010268508456647396
    ],
    [
      -44.84807205200195,
      -20.92748260498047,
      -7.01231575012207,
      6.763856887817383,
      14.330365180969238,
      28.624652862548828,
      24.901296615600586,
      33.8380241394043,
      30.59445571899414,
      30.795652389526367,
      52.147281646728516,
      30.2827091217041,
      51.36414337158203,
      16.77584457397461,
      36.87084197998047,
      3.254244804382324,
      4.8099822998046875,
      -0.014078554697334766
    ],
    [
      -4.478228569030762,
      -2.5828487873077393,
      -1.3044480085372925,
      -0.48812389373779297,
      0.4631667137145996,
      1.3918625116348267,
      1.46250319480896,
      2.194979429244995,
      1.8154855966567993,
      2.017667531967163,
      3.8914408683776855,
      2.487272262573242,
      4.214009761810303,
      1.748367190361023,
      3.254244804382324,
      0.5610765218734741,
      0.5056095719337463,
      -0.00405322527512908
    ],
    [
      -6.8024163246154785,
      -3.5161893367767334,
      -1.9302057027816772,
      0.47504550218582153,
      1.4287012815475464,
      3.7734732627868652,
      3.835907459259033,
      5.321927547454834,
      4.250361442565918,
      4.640240669250488,
      7.3189005851745605,
      4.383059978485107,
      6.962554454803467,
      2.4985737800598145,
      4.8099822998046875,
      0.5056095719337463,
      0.9382306337356567,
      -0.004403977654874325
    ],
    [
      0.04705950245261192,
      0.08108290284872055,
      0.007381771225482225,
      0.08321390300989151,
      -0.024595296010375023,
      0.052173420786857605,
      -0.023152368143200874,
      0.05878570303320885,
      -0.03860252723097801,
      0.026587121188640594,
      0.010843703523278236,
      -0.005631057545542717,
      -0.005099189933389425,
      -0.010268508456647396,
      -0.014078554697334766,
      -0.00405322527512908,
      -0.004403977654874325,
      0.0007128666620701551
    ]
  ],
  "covariance_short": [
    [
      180.8476104736328,
      115.88923645019531,
      61.96523666381836,
      62.32730484008789,
      31.080602645874023,
      27.692106246948242,
      -45.8682861328125,
      -31.502099990844727,
      -53.152252197265625,
      -42.337379455566406,
      -62.10896301269531,
      -45.04610061645508,
      -61.59834289550781,
      -22.54558563232422,
      -44.671749114990234,
      -4.328516960144043,
      -6.635854244232178,
      0.044118620455265045
    ],
    [
      115.88923645019531,
      93.18955993652344,
      47.845863342285156,
      54.99222946166992,
      24.411882400512695,
      33.204246520996094,
      -33.73780059814453,
      -11.44244384765625,
      -37.97490692138672,
      -21.916973114013672,
      -23.264053344726562,
      -22.008407592773438,
      -24.565587997436523,
      -11.351791381835938,
      -18.331262588500977,
      -2.24680757522583,
      -3.0339272022247314,
      0.07333144545555115
    ],
    [
      61.96523666381836,
      47.845863342285156,
      52.3253059387207,
      38.96112823486328,
      35.072391510009766,
      32.632896423339844,
      -13.298624992370605,
      -15.579117774963379,
      -4.1397199630737305,
      -9.499238014221191,
      -10.081621170043945,
      -12.801657676696777,
      -8.84976863861084,
      -5.052862167358398,
      -7.689276695251465,
      -1.2989096641540527,
      -2.0131757259368896,
      0.008721841499209404
    ],
    [
      62.32730484008789,
      54.99222946166992,
      38.96112823486328,
      71.2735366821289,
      35.91132354736328,
      61.66647720336914,
      -11.760871887207031,
      20.009733200073242,
      -0.08095862716436386,
      14.251827239990234,
      17.51356315612793,
      0.4326116442680359,
      14.707199096679688,
      1.324161171913147,
      6.104147911071777,
      -0.5318856835365295,
      0.4587201178073883,
      0.08206339925527573
    ],
    [
      31.080602645874023,
      24.411882400512695,
      35.072391510009766,
      35.91132354736328,
      61.26719665527344,
      51.48691177368164,
      14.696099281311035,
      9.765345573425293,
      27.853805541992188,
      15.959832191467285,
      23.29852294921875,
      7.895405292510986,
      21.53712272644043,
      5.193525314331055,
      9.362486839294434,
      0.2253856211900711,
      0.7922635674476624,
      -0.02354649268090725
    ],
    [
      27.692106246948242,
      33.204246520996094,
      32.632896423339844,
      61.66647720336914,
      51.48691177368164,
      88.82823181152344,
      17.0460147857666,
      46.749603271484375,
      36.20855712890625,
      45.966434478759766,
      53.393314361572266,
      23.832319259643555,
      46.70268249511719,
      13.134573936462402,
      24.679458618164062,
      1.1853721141815186,
      3.222109079360962,
      0.05771917849779129
    ],
    [
      -45.8682861328125,
      -33.73780059814453,
      -13.298624992370605,
      -11.760871887207031,
      14.696099281311035,
      17.0460147857666,
      92.82521057128906,
      72.15908813476562,
      64.35135650634766,
      50.63115692138672,
      57.475791931152344,
      36.1561164855957,
      42.60457992553711,
      12.872493743896484,
      23.191959381103516,
      1.232909083366394,
      3.72676944732666,
      -0.02347823604941368
    ],
    [
      -31.502099990844727,
      -11.44244384765625,
      -15.579117774963379,
      20.009733200073242,
      9.765345573425293,
      46.749603271484375,
      72.15908813476562,
      110.1190414428711,
      58.177032470703125,
      65.33598327636719,
      74.8863296508789,
      43.570709228515625,
      59.030601501464844,
      17.054439544677734,
      31.48249626159668,
      2.015381336212158,
      5.144245624542236,
      0.055074602365493774
    ],
    [
      -53.152252197265625,
      -37.97490692138672,
      -4.1397199630737305,
      -0.08095862716436386,
      27.853805541992188,
      36.20855712890625,
      64.35135650634766,
      58.177032470703125,
      93.28583526611328,
      70.61380004882812,
      68.69975280761719,
      41.018165588378906,
      59.42124938964844,
      18.48944091796875,
      30.594772338867188,
      1.7866476774215698,
      4.264751434326172,
      -0.037313684821128845
    ],
    [
      -42.337379455566406,
      -21.916973114013672,
      -9.499238014221191,
      14.251827239990234,
      15.959832191467285,
      45.966434478759766,
      50.63115692138672,
      65.33598327636719,
      70.61380004882812,
      76.45751953125,
      64.76937866210938,
      38.66667175292969,
      55.55326843261719,
      17.570817947387695,
      29.269651412963867,
      1.9146006107330322,
      4.3451032638549805,
      0.025874923914670944
    ],
    [
      -62.10896301269531,
      -23.264053344726562,
      -10.081621170043945,
      17.51356315612793,
      23.29852294921875,
      53.393314361572266,
      57.475791931152344,
      74.8863296508789,
      68.69975280761719,
      64.76937866210938,
      99.68287658691406,
      52.940391540527344,
      86.01533508300781,
      25.60602378845215,
      50.77962875366211,
      3.654848098754883,
      7.172701835632324,
      0.00866902805864811
    ],
    [
      -45.04610061645508,
      -22.008407592773438,
      -12.801657676696777,
      0.4326116442680359,
      7.895405292510986,
      23.832319259643555,
      36.1561164855957,
      43.570709228515625,
      41.018165588378906,
      38.66667175292969,
      52.940391540527344,
      35.464725494384766,
      47.151309967041016,
      15.908838272094727,
      28.399471282958984,
      2.3158669471740723,
      4.139382839202881,
      -0.005698399152606726
    ],
    [
      -61.59834289550781,
      -24.565587997436523,
      -8.84976863861084,
      14.707199096679688,
      21.53712272644043,
      46.70268249511719,
      42.60457992553711,
      59.030601501464844,
      59.42124938964844,
      55.55326843261719,
      86.01533508300781,
      47.151309967041016,
      86.96137237548828,
      25.803592681884766,
      52.072025299072266,
      4.12615442276001,
      7.044677257537842,
      -0.013588657602667809
    ],
    [
      -22.54558563232422,
      -11.351791381835938,
      -5.052862167358398,
      1.324161171913147,
      5.193525314331055,
      13.134573936462402,
      12.872493743896484,
      17.054439544677734,
      18.48944091796875,
      17.570817947387695,
      25.60602378845215,
      15.908838272094727,
      25.803592681884766,
      10.731924057006836,
      16.159822463989258,
      1.670804738998413,
      2.4048867225646973,
      -0.009724868461489677
    ],
    [
      -44.671749114990234,
      -18.331262588500977,
      -7.689276695251465,
      6.104147911071777,
      9.362486839294434,
      24.679458618164062,
      23.191959381103516,
      31.48249626159668,
      30.594772338867188,
      29.269651412963867,
      50.77962875366211,
      28.399471282958984,
      52.072025299072266,
      16.159822463989258,
      37.574729919433594,
      3.110146999359131,
      4.827492713928223,
      -0.018437286838889122
    ],
    [
      -4.328516960144043,
      -2.24680757522583,
      -1.2989096641540527,
      -0.5318856835365295,
      0.2253856211900711,
      1.1853721141815186,
      1.232909083366394,
      2.015381336212158,
      1.7866476774215698,
      1.9146006107330322,
      3.654848098754883,
      2.3158669471740723,
      4.12615442276001,
      1.670804738998413,
      3.110146999359131,
      0.6069259643554688,
      0.4720098674297333,
      -0.003907725214958191
    ],
    [
      -6.635854244232178,
      -3.0339272022247314,
      -2.0131757259368896,
      0.4587201178073883,
      0.7922635674476624,
      3.222109079360962,
      3.72676944732666,
      5.144245624542236,
      4.264751434326172,
      4.3451032638549805,
      7.172701835632324,
      4.139382839202881,
      7.044677257537842,
      2.4048867225646973,
      4.827492713928223,
      0.4720098674297333,
      1.029067873954773,
      -0.005191872827708721
    ],
    [
      0.044118620455265045,
      0.07333144545555115,
      0.008721841499209404,
      0.08206339925527573,
      -0.02354649268090725,
      0.05771917849779129,
      -0.02347823604941368,
      0.055074602365493774,
      -0.037313684821128845,
      0.025874923914670944,
      0.00866902805864811,
      -0.005698399152606726,
      -0.013588657602667809,
      -0.009724868461489677,
      -0.018437286838889122,
      -0.003907725214958191,
      -0.005191872827708721,
      0.0012609378900378942
    ]
  ],
  "damage": -14.235455513000488,
  "diff_bandwidth": 640.8389892578125,
  "dissonance": 1.9368249797918378,
  "drr": 6.917486190795898,
  "dynamics": 4.22830867767334,
  "format": 1245190,
  "frames": 1661888,
  "loudness": -25.110158920288086,
  "loudness_range": 14.434722900390625,
  "loudness_range_short": 14.331640243530273,
  "lowpass_true_peak_15khz": -9.302950859069824,
  "mastering3_acoustic_entropies": [
    {
      "acoustic_entropy": 8.478680610656738,
      "acoustic_entropy_mono": 8.331932067871094,
      "band_eliminated_acoustic_entropies": [
        {
          "acoustic_entropy": 8.314324378967285,
          "acoustic_entropy_side": 8.478517532348633,
          "hz": 129.47220167065723
        },
        {
          "acoustic_entropy": 8.060300827026367,
          "acoustic_entropy_side": 8.477828979492188,
          "hz": 202.92927478742237
        },
        {
          "acoustic_entropy": 8.602402687072754,
          "acoustic_entropy_side": 8.477459907531738,
          "hz": 282.89161906338205
        },
        {
          "acoustic_entropy": 8.37808609008789,
          "acoustic_entropy_side": 8.476263999938965,
          "hz": 369.9353335868758
        },
        {
          "acoustic_entropy": 8.423291206359863,
          "acoustic_entropy_side": 8.489131927490234,
          "hz": 464.6875360973435
        },
        {
          "acoustic_entropy": 8.65062427520752,
          "acoustic_entropy_side": 8.459493637084961,
          "hz": 567.8308811364784
        },
        {
          "acoustic_entropy": 8.691431045532227,
          "acoustic_entropy_side": 8.499238014221191,
          "hz": 680.1084783214808
        },
        {
          "acoustic_entropy": 8.26144790649414,
          "acoustic_entropy_side": 8.520782470703125,
          "hz": 802.3292461747484
        },
        {
          "acoustic_entropy": 7.937347888946533,
          "acoustic_entropy_side": 8.358821868896484,
          "hz": 935.3737400823702
        },
        {
          "acoustic_entropy": 7.810062408447266,
          "acoustic_entropy_side": 8.370807647705078,
          "hz": 1080.2004963696966
        },
        {
          "acoustic_entropy": 8.245383262634277,
          "acoustic_entropy_side": 8.520291328430176,
          "hz": 1237.8529382007157
        },
        {
          "acoustic_entropy": 8.393101692199707,
          "acoustic_entropy_side": 8.505754470825195,
          "hz": 1409.4668930556702
        },
        {
          "acoustic_entropy": 8.373076438903809,
          "acoustic_entropy_side": 8.477055549621582,
          "hz": 1596.2787759475705
        },
        {
          "acoustic_entropy": 8.120308876037598,
          "acoustic_entropy_side": 8.472944259643555,
          "hz": 1799.6344973346393
        },
        {
          "acoustic_entropy": 8.409244537353516,
          "acoustic_entropy_side": 8.479270935058594,
          "hz": 2020.9991599069049
        },
        {
          "acoustic_entropy": 8.522558212280273,
          "acoustic_entropy_side": 8.488561630249023,
          "hz": 2261.9676141086993
        },
        {
          "acoustic_entropy": 8.362009048461914,
          "acoustic_entropy_side": 8.478169441223145,
          "hz": 2524.2759484456974
        },
        {
          "acoustic_entropy": 8.499418258666992,
          "acoustic_entropy_side": 8.478876113891602,
          "hz": 2809.813997359896
        },
        {
          "acoustic_entropy": 8.495865821838379,
          "acoustic_entropy_side": 8.478679656982422,
          "hz": 3120.6389567871424
        },
        {
          "acoustic_entropy": 8.477607727050781,
          "acoustic_entropy_side": 8.478668212890625,
          "hz": 3458.990205492291
        },
        {
          "acoustic_entropy": 8.570669174194336,
          "acoustic_entropy_side": 8.479048728942871,
          "hz": 3827.305438964164
        },
        {
          "acoustic_entropy": 8.516276359558105,
          "acoustic_entropy_side": 8.478772163391113,
          "hz": 4228.238232109126
        },
        {
          "acoustic_entropy": 8.484269142150879,
          "acoustic_entropy_side": 8.478686332702637,
          "hz": 4664.6771572759235
        },
        {
          "acoustic_entropy": 8.482192993164062,
          "acoustic_entropy_side": 8.478680610656738,
          "hz": 5139.766595350093
        },
        {
          "acoustic_entropy": 8.510961532592773,
          "acoustic_entropy_side": 8.478683471679688,
          "hz": 5656.929389854203
        },
        {
          "acoustic_entropy": 8.501870155334473,
          "acoustic_entropy_side": 8.478686332702637,
          "hz": 6219.891507268283
        },
        {
          "acoustic_entropy": 8.526107788085938,
          "acoustic_entropy_side": 8.478697776794434,
          "hz": 6832.70888123896
        },
        {
          "acoustic_entropy": 8.529016494750977,
          "acoustic_entropy_side": 8.478711128234863,
          "hz": 7499.796634079867
        },
        {
          "acoustic_entropy": 8.487486839294434,
          "acoustic_entropy_side": 8.478681564331055,
          "hz": 8225.96088609342
        },
        {
          "acoustic_entropy": 8.481499671936035,
          "acoustic_entropy_side": 8.478681564331055,
          "hz": 9016.43338188839
        },
        {
          "acoustic_entropy": 8.479509353637695,
          "acoustic_entropy_side": 8.478680610656738,
          "hz": 9876.909183162974
        },
        {
          "acoustic_entropy": 8.479344367980957,
          "acoustic_entropy_side": 8.478680610656738,
          "hz": 10813.587699516042
        },
        {
          "acoustic_entropy": 8.480608940124512,
          "acoustic_entropy_side": 8.478681564331055,
          "hz": 11833.21735289826
        },
        {
          "acoustic_entropy": 8.478812217712402,
          "acoustic_entropy_side": 8.478680610656738,
          "hz": 12943.144197493959
        },
        {
          "acoustic_entropy": 8.478692054748535,
          "acoustic_entropy_side": 8.478680610656738,
          "hz": 14151.364845322005
        },
        {
          "acoustic_entropy": 8.478680610656738,
          "acoustic_entropy_side": 8.478680610656738,
          "hz": 15466.58407886509
        },
        {
          "acoustic_entropy": 8.478680610656738,
          "acoustic_entropy_side": 8.478680610656738,
          "hz": 16898.27756580493
        },
        {
          "acoustic_entropy": 8.478680610656738,
          "acoustic_entropy_side": 8.478680610656738,
          "hz": 18456.760127700032
        },
        {
          "acoustic_entropy": 8.478680610656738,
          "acoustic_entropy_side": 8.478680610656738,
          "hz": 20153.260054456492
        },
        {
          "acoustic_entropy": 8.478680610656738,
          "acoustic_entropy_side": 8.478680610656738,
          "hz": 22000.00000000001
        }
      ],
      "diff_acoustic_entropy": 2.5709972381591797,
      "sn": 6
    },
    {
      "acoustic_entropy": 12.057682991027832,
      "acoustic_entropy_mono": 12.70617389678955,
      "band_eliminated_acoustic_entropies": [
        {
          "acoustic_entropy": 12.515815734863281,
          "acoustic_entropy_side": 12.057537078857422,
          "hz": 129.47220167065723
        },
        {
          "acoustic_entropy": 12.617659568786621,
          "acoustic_entropy_side": 12.060298919677734,
          "hz": 202.92927478742237
        },
        {
          "acoustic_entropy": 12.84119701385498,
          "acoustic_entropy_side": 12.054361343383789,
          "hz": 282.89161906338205
        },
        {
          "acoustic_entropy": 12.277190208435059,
          "acoustic_entropy_side": 12.103553771972656,
          "hz": 369.9353335868758
        },
        {
          "acoustic_entropy": 12.385815620422363,
          "acoustic_entropy_side": 12.120502471923828,
          "hz": 464.6875360973435
        },
        {
          "acoustic_entropy": 12.144970893859863,
          "acoustic_entropy_side": 12.03046703338623,
          "hz": 567.8308811364784
        },
        {
          "acoustic_entropy": 12.660013198852539,
          "acoustic_entropy_side": 12.18520450592041,
          "hz": 680.1084783214808
        },
        {
          "acoustic_entropy": 11.615678787231445,
          "acoustic_entropy_side": 12.201979637145996,
          "hz": 802.3292461747484
        },
        {
          "acoustic_entropy": 12.138155937194824,
          "acoustic_entropy_side": 12.175148963928223,
          "hz": 935.3737400823702
        },
        {
          "acoustic_entropy": 11.960062980651855,
          "acoustic_entropy_side": 12.48117446899414,
          "hz": 1080.2004963696966
        },
        {
          "acoustic_entropy": 11.887895584106445,
          "acoustic_entropy_side": 12.279867172241211,
          "hz": 1237.8529382007157
        },
        {
          "acoustic_entropy": 11.960143089294434,
          "acoustic_entropy_side": 12.061868667602539,
          "hz": 1409.4668930556702
        },
        {
          "acoustic_entropy": 12.369854927062988,
          "acoustic_entropy_side": 12.063531875610352,
          "hz": 1596.2787759475705
        },
        {
          "acoustic_entropy": 11.821768760681152,
          "acoustic_entropy_side": 11.978099822998047,
          "hz": 1799.6344973346393
        },
        {
          "acoustic_entropy": 12.340889930725098,
          "acoustic_entropy_side": 12.044184684753418,
          "hz": 2020.9991599069049
        },
        {
          "acoustic_entropy": 12.524452209472656,
          "acoustic_entropy_side": 12.132333755493164,
          "hz": 2261.9676141086993
        },
        {
          "acoustic_entropy": 11.87098503112793,
          "acoustic_entropy_side": 12.043410301208496,
          "hz": 2524.2759484456974
        },
        {
          "acoustic_entropy": 11.907456398010254,
          "acoustic_entropy_side": 12.054691314697266,
          "hz": 2809.813997359896
        },
        {
          "acoustic_entropy": 12.05945873260498,
          "acoustic_entropy_side": 12.058001518249512,
          "hz": 3120.6389567871424
        },
        {
          "acoustic_entropy": 12.070984840393066,
          "acoustic_entropy_side": 12.05768871307373,
          "hz": 3458.990205492291
        },
        {
          "acoustic_entropy": 12.140982627868652,
          "acoustic_entropy_side": 12.060458183288574,
          "hz": 3827.305438964164
        },
        {
          "acoustic_entropy": 12.052750587463379,
          "acoustic_entropy_side": 12.058147430419922,
          "hz": 4228.238232109126
        },
        {
          "acoustic_entropy": 12.03792667388916,
          "acoustic_entropy_side": 12.05758285522461,
          "hz": 4664.6771572759235
        },
        {
          "acoustic_entropy": 12.063847541809082,
          "acoustic_entropy_side": 12.057670593261719,
          "hz": 5139.766595350093
        },
        {
          "acoustic_entropy": 11.98857307434082,
          "acoustic_entropy_side": 12.057684898376465,
          "hz": 5656.929389854203
        },
        {
          "acoustic_entropy": 11.979264259338379,
          "acoustic_entropy_side": 12.05765151977539,
          "hz": 6219.891507268283
        },
        {
          "acoustic_entropy": 11.895756721496582,
          "acoustic_entropy_side": 12.05763053894043,
          "hz": 6832.70888123896
        },
        {
          "acoustic_entropy": 11.94725227355957,
          "acoustic_entropy_side": 12.05749797821045,
          "hz": 7499.796634079867
        },
        {
          "acoustic_entropy": 11.989020347595215,
          "acoustic_entropy_side": 12.057660102844238,
          "hz": 8225.96088609342
        },
        {
          "acoustic_entropy": 12.015130043029785,
          "acoustic_entropy_side": 12.057671546936035,
          "hz": 9016.43338188839
        },
        {
          "acoustic_entropy": 12.05003547668457,
          "acoustic_entropy_side": 12.057682037353516,
          "hz": 9876.909183162974
        },
        {
          "acoustic_entropy": 12.054563522338867,
          "acoustic_entropy_side": 12.057682037353516,
          "hz": 10813.587699516042
        },
        {
          "acoustic_entropy": 12.048367500305176,
          "acoustic_entropy_side": 12.057682991027832,
          "hz": 11833.21735289826
        },
        {
          "acoustic_entropy": 12.056978225708008,
          "acoustic_entropy_side": 12.057682991027832,
          "hz": 12943.144197493959
        },
        {
          "acoustic_entropy": 12.057607650756836,
          "acoustic_entropy_side": 12.057682991027832,
          "hz": 14151.364845322005
        },
        {
          "acoustic_entropy": 12.057673454284668,
          "acoustic_entropy_side": 12.057682991027832,
          "hz": 15466.58407886509
        },
        {
          "acoustic_entropy": 12.057682037353516,
          "acoustic_entropy_side": 12.057682991027832,
          "hz": 16898.27756580493
        },
        {
          "acoustic_entropy": 12.057682991027832,
          "acoustic_entropy_side": 12.057682991027832,
          "hz": 18456.760127700032
        },
        {
          "acoustic_entropy": 12.057682991027832,
          "acoustic_entropy_side": 12.057682991027832,
          "hz": 20153.260054456492
        },
        {
          "acoustic_entropy": 12.057682991027832,
          "acoustic_entropy_side": 12.057682991027832,
          "hz": 22000.00000000001
        }
      ],
      "diff_acoustic_entropy": 4.164712905883789,
      "sn": 12
    },
    {
      "acoustic_entropy": 20.240432739257812,
      "acoustic_entropy_mono": 19.49834442138672,
      "band_eliminated_acoustic_entropies": [
        {
          "acoustic_entropy": 19.385540008544922,
          "acoustic_entropy_side": 20.335922241210938,
          "hz": 129.47220167065723
        },
        {
          "acoustic_entropy": 20.1604061126709,
          "acoustic_entropy_side": 20.340179443359375,
          "hz": 202.92927478742237
        },
        {
          "acoustic_entropy": 19.92510414123535,
          "acoustic_entropy_side": 20.16488265991211,
          "hz": 282.89161906338205
        },
        {
          "acoustic_entropy": 19.456378936767578,
          "acoustic_entropy_side": 20.026750564575195,
          "hz": 369.9353335868758
        },
        {
          "acoustic_entropy": 19.966096878051758,
          "acoustic_entropy_side": 20.195119857788086,
          "hz": 464.6875360973435
        },
        {
          "acoustic_entropy": 19.927505493164062,
          "acoustic_entropy_side": 20.440933227539062,
          "hz": 567.8308811364784
        },
        {
          "acoustic_entropy": 19.569429397583008,
          "acoustic_entropy_side": 19.868581771850586,
          "hz": 680.1084783214808
        },
        {
          "acoustic_entropy": 19.135986328125,
          "acoustic_entropy_side": 19.696674346923828,
          "hz": 802.3292461747484
        },
        {
          "acoustic_entropy": 19.321016311645508,
          "acoustic_entropy_side": 20.376379013061523,
          "hz": 935.3737400823702
        },
        {
          "acoustic_entropy": 19.956619262695312,
          "acoustic_entropy_side": 20.120450973510742,
          "hz": 1080.2004963696966
        },
        {
          "acoustic_entropy": 19.924556732177734,
          "acoustic_entropy_side": 20.225439071655273,
          "hz": 1237.8529382007157
        },
        {
          "acoustic_entropy": 19.443603515625,
          "acoustic_entropy_side": 20.171945571899414,
          "hz": 1409.4668930556702
        },
        {
          "acoustic_entropy": 20.621143341064453,
          "acoustic_entropy_side": 20.51834487915039,
          "hz": 1596.2787759475705
        },
        {
          "acoustic_entropy": 20.100940704345703,
          "acoustic_entropy_side": 20.297897338867188,
          "hz": 1799.6344973346393
        },
        {
          "acoustic_entropy": 20.23955535888672,
          "acoustic_entropy_side": 20.550992965698242,
          "hz": 2020.9991599069049
        },
        {
          "acoustic_entropy": 19.618732452392578,
          "acoustic_entropy_side": 20.017065048217773,
          "hz": 2261.9676141086993
        },
        {
          "acoustic_entropy": 19.84473419189453,
          "acoustic_entropy_side": 20.11073112487793,
