{
  "acoustic_entropy": 139.48216247558594,
  "bands": [
    {
      "high_freq": 148.1999969482422,
      "loudness": -68.6633071899414,
      "loudness_range": 4.516181945800781,
      "mid_mean": -63.978416442871094,
      "mid_to_side_loudness": -28.383960723876953,
      "mid_to_side_loudness_range": 4.91557502746582,
      "side_mean": -69.97974395751953
    },
    {
      "high_freq": 392.3793640136719,
      "loudness": -60.61637878417969,
      "loudness_range": 34.603172302246094,
      "low_freq": 148.1999969482422,
      "mid_mean": -57.279151916503906,
      "mid_to_side_loudness": -21.061128616333008,
      "mid_to_side_loudness_range": 25.623085021972656,
      "side_mean": -67.30892944335938
    },
    {
      "high_freq": 794.6976318359375,
      "loudness": -35.06891632080078,
      "loudness_range": 16.880224227905273,
      "low_freq": 392.3793640136719,
      "mid_mean": -31.631208419799805,
      "mid_to_side_loudness": -20.04338264465332,
      "mid_to_side_loudness_range": 17.708694458007812,
      "side_mean": -53.525386810302734
    },
    {
      "high_freq": 1457.5709228515625,
      "loudness": -27.65373992919922,
      "loudness_range": 15.744422912597656,
      "low_freq": 794.6976318359375,
      "mid_mean": -24.24903678894043,
      "mid_to_side_loudness": -22.572036743164062,
      "mid_to_side_loudness_range": 19.471229553222656,
      "side_mean": -50.19314956665039
    },
    {
      "high_freq": 2549.74365234375,
      "loudness": -27.810861587524414,
      "loudness_range": 14.581865310668945,
      "low_freq": 1457.5709228515625,
      "mid_mean": -24.406335830688477,
      "mid_to_side_loudness": -22.36125946044922,
      "mid_to_side_loudness_range": 22.732763290405273,
      "side_mean": -50.900821685791016
    },
    {
      "high_freq": 4349.24462890625,
      "loudness": -29.94883918762207,
      "loudness_range": 19.500181198120117,
      "low_freq": 2549.74365234375,
      "mid_mean": -26.99384307861328,
      "mid_to_side_loudness": -24.527387619018555,
      "mid_to_side_loudness_range": 24.68414878845215,
      "side_mean": -56.27707290649414
    },
    {
      "high_freq": 7314.1640625,
      "loudness": -37.858009338378906,
      "loudness_range": 25.781587600708008,
      "low_freq": 4349.24462890625,
      "mid_mean": -34.979366302490234,
      "mid_to_side_loudness": -27.940948486328125,
      "mid_to_side_loudness_range": 35.06035232543945,
      "side_mean": -64.43687438964844
    },
    {
      "high_freq": 12199.2666015625,
      "loudness": -55.16801071166992,
      "loudness_range": 29.736572265625,
      "low_freq": 7314.1640625,
      "mid_mean": -55.369441986083984,
      "mid_to_side_loudness": -33.23985290527344,
      "mid_to_side_loudness_range": 46.44686508178711,
      "side_mean": -69.74901580810547
    },
    {
      "loudness": -74.74750518798828,
      "loudness_range": 12.208724975585938,
      "low_freq": 12199.2666015625,
      "mid_mean": -67.13501739501953,
      "mid_to_side_loudness": -18.06446647644043,
      "mid_to_side_loudness_range": 29.543315887451172,
      "side_mean": -69.9556655883789
    }
  ],
  "bands_short": [
    {
      "high_freq": 148.1999969482422,
      "loudness": -69.4882583618164,
      "loudness_range": 7.296424865722656,
      "mid_mean": -64.52597045898438,
      "mid_to_side_loudness": -28.41736602783203,
      "mid_to_side_loudness_range": 9.525619506835938,
      "side_mean": -69.98209381103516
    },
    {
      "high_freq": 392.3793640136719,
      "loudness": -62.71068572998047,
      "loudness_range": 33.714805603027344,
      "low_freq": 148.1999969482422,
      "mid_mean": -59.0062370300293,
      "mid_to_side_loudness": -20.162200927734375,
      "mid_to_side_loudness_range": 22.484704971313477,
      "side_mean": -67.86363220214844
    },
    {
      "high_freq": 794.6976318359375,
      "loudness": -35.902652740478516,
      "loudness_range": 19.190593719482422,
      "low_freq": 392.3793640136719,
      "mid_mean": -32.51719284057617,
      "mid_to_side_loudness": -19.37471580505371,
      "mid_to_side_loudness_range": 23.335464477539062,
      "side_mean": -54.40434265136719
    },
    {
      "high_freq": 1457.5709228515625,
      "loudness": -28.213380813598633,
      "loudness_range": 16.838457107543945,
      "low_freq": 794.6976318359375,
      "mid_mean": -24.837514877319336,
      "mid_to_side_loudness": -21.718673706054688,
      "mid_to_side_loudness_range": 25.958478927612305,
      "side_mean": -50.75312042236328
    },
    {
      "high_freq": 2549.74365234375,
      "loudness": -27.952617645263672,
      "loudness_range": 15.334035873413086,
      "low_freq": 1457.5709228515625,
      "mid_mean": -24.64607048034668,
      "mid_to_side_loudness": -21.818241119384766,
      "mid_to_side_loudness_range": 24.42333984375,
      "side_mean": -51.225154876708984
    },
    {
      "high_freq": 4349.24462890625,
      "loudness": -30.034894943237305,
      "loudness_range": 20.577299118041992,
      "low_freq": 2549.74365234375,
      "mid_mean": -27.109312057495117,
      "mid_to_side_loudness": -24.05097007751465,
      "mid_to_side_loudness_range": 24.463247299194336,
      "side_mean": -56.454383850097656
    },
    {
      "high_freq": 7314.1640625,
      "loudness": -37.99531555175781,
      "loudness_range": 25.731277465820312,
      "low_freq": 4349.24462890625,
      "mid_mean": -35.33331298828125,
      "mid_to_side_loudness": -27.137853622436523,
      "mid_to_side_loudness_range": 25.267148971557617,
      "side_mean": -64.59162902832031
    },
    {
      "high_freq": 12199.2666015625,
      "loudness": -55.49120330810547,
      "loudness_range": 30.47677993774414,
      "low_freq": 7314.1640625,
      "mid_mean": -55.7801628112793,
      "mid_to_side_loudness": -29.340927124023438,
      "mid_to_side_loudness_range": 40.662933349609375,
      "side_mean": -69.7487564086914
    },
    {
      "loudness": -74.8131332397461,
      "loudness_range": 12.954338073730469,
      "low_freq": 12199.2666015625,
      "mid_mean": -67.17867279052734,
      "mid_to_side_loudness": -17.734893798828125,
      "mid_to_side_loudness_range": 27.617141723632812,
      "side_mean": -69.95562744140625
    }
  ],
  "bandwidth": 1360.63818359375,
  "channels": 2,
  "covariance": [
    [
      4.5308685302734375,
      0.017470434308052063,
      8.109088897705078,
      1.6697804927825928,
      4.084564208984375,
      10.456864356994629,
      3.9519846439361572,
      11.439569473266602,
      3.053398370742798,
      11.726043701171875,
      2.948981523513794,
      10.079336166381836,
      3.772059202194214,
      5.315056324005127,
      12.429794311523438,
      0.28710877895355225,
      2.8463759422302246,
      -0.014020085334777832
    ],
    [
      0.017470434308052063,
      0.00013626873260363936,
      0.021130062639713287,
      0.0011274799471721053,
      0.021448325365781784,
      0.04265444725751877,
      0.020788047462701797,
      0.046625781804323196,
      0.016484370455145836,
      0.051118820905685425,
      0.0164706502109766,
      0.04575831815600395,
      0.028502825647592545,
      0.02945849858224392,
      0.05643390119075775,
      0.0013710794737562537,
      0.016715459525585175,
      -7.630403706571087e-05
    ],
    [
      8.109088897705078,
      0.021130062639713287,
      139.85888671875,
      40.38739776611328,
      -12.91066837310791,
      -7.879988670349121,
      -3.919283866882324,
      6.8756818771362305,
      -1.8008147478103638,
      12.888795852661133,
      -7.703887462615967,
      4.275688648223877,
      -18.88665008544922,
      -15.469785690307617,
      3.021824836730957,
      -1.2778428792953491,
      -3.0052919387817383,
      0.005615742411464453
    ],
    [
      1.6697804927825928,
      0.0011274799471721053,
      40.38739776611328,
      20.00555992126465,
      -1.0410346984863281,
      -1.028070092201233,
      1.7391620874404907,
      3.325181007385254,
      3.891387701034546,
      7.025793552398682,
      4.319067001342773,
      4.753206253051758,
      1.7700737714767456,
      -4.1265459060668945,
      7.234207630157471,
      -0.3985116481781006,
      -0.35003775358200073,
      -0.005529944319278002
    ],
    [
      4.084564208984375,
      0.021448325365781784,
      -12.91066837310791,
      -1.0410346984863281,
      45.20733642578125,
      31.622365951538086,
      36.165809631347656,
      26.82358169555664,
      30.90916633605957,
      30.320280075073242,
      27.98247718811035,
      38.766719818115234,
      30.162527084350586,
      26.003726959228516,
      50.74543762207031,
      1.4872523546218872,
      9.688379287719727,
      -0.08908042311668396
    ],
    [
      10.456864356994629,
      0.04265444725751877,
      -7.879988670349121,
      -1.028070092201233,
      31.622365951538086,
      56.773765563964844,
      23.7756404876709,
      47.96782302856445,
      22.61901092529297,
      50.67732620239258,
      19.663475036621094,
      47.10323715209961,
      22.533233642578125,
      27.878318786621094,
      52.18600845336914,
      1.4470710754394531,
      10.121551513671875,
      -0.06680644303560257
    ],
    [
      3.9519846439361572,
      0.020788047462701797,
      -3.919283866882324,
      1.7391620874404907,
      36.165809631347656,
      23.7756404876709,
      43.40669250488281,
      25.323793411254883,
      36.88267135620117,
      28.825960159301758,
      35.32577133178711,
      40.713260650634766,
      35.12510681152344,
      26.792102813720703,
      55.186065673828125,
      1.5453819036483765,
      10.508830070495605,
      -0.09149360656738281
    ],
    [
      11.439569473266602,
      0.046625781804323196,
      6.8756818771362305,
      3.325181007385254,
      26.82358169555664,
      47.96782302856445,
      25.323793411254883,
      59.30714416503906,
      22.3087100982666,
      58.629730224609375,
      22.858882904052734,
      54.66764450073242,
      24.960641860961914,
      28.486724853515625,
      59.07133483886719,
      1.526360034942627,
      11.826783180236816,
      -0.06330813467502594
    ],
    [
      3.053398370742798,
      0.016484370455145836,
      -1.8008147478103638,
      3.891387701034546,
      30.90916633605957,
      22.61901092529297,
      36.88267135620117,
      22.3087100982666,
      41.8768196105957,
      29.20785140991211,
      37.634281158447266,
      40.59547805786133,
      34.742218017578125,
      26.15519142150879,
      53.599937438964844,
      1.4590705633163452,
      8.931928634643555,
      -0.08632754534482956
    ],
    [
      11.726043701171875,
      0.051118820905685425,
      12.888795852661133,
      7.025793552398682,
      30.320280075073242,
      50.67732620239258,
      28.825960159301758,
      58.629730224609375,
      29.20785140991211,
      67.0403060913086,
      28.435840606689453,
      62.05499267578125,
      30.1932315826416,
      32.41558074951172,
      66.76934051513672,
      1.5998990535736084,
      11.816657066345215,
      -0.077312171459198
    ],
    [
      2.948981523513794,
      0.0164706502109766,
      -7.703887462615967,
      4.319067001342773,
      27.98247718811035,
      19.663475036621094,
      35.32577133178711,
      22.858882904052734,
      37.634281158447266,
      28.435840606689453,
      70.165771484375,
      47.485721588134766,
      65.39912414550781,
      35.80669403076172,
      77.08767700195312,
      2.1338024139404297,
      13.702553749084473,
      -0.11992989480495453
    ],
    [
      10.079336166381836,
      0.04575831815600395,
      4.275688648223877,
      4.753206253051758,
      38.766719818115234,
      47.10323715209961,
      40.713260650634766,
      54.66764450073242,
      40.59547805786133,
      62.05499267578125,
      47.485721588134766,
      69.56736755371094,
      49.87454605102539,
      40.58420944213867,
      81.62725067138672,
      2.1611740589141846,
      14.82227611541748,
      -0.10833708941936493
    ],
    [
      3.772059202194214,
      0.028502825647592545,
      -18.88665008544922,
      1.7700737714767456,
      30.162527084350586,
      22.533233642578125,
      35.12510681152344,
      24.960641860961914,
      34.742218017578125,
      30.1932315826416,
      65.39912414550781,
      49.87454605102539,
      96.31525421142578,
      45.249610900878906,
      95.35184478759766,
      2.968991756439209,
      19.085426330566406,
      -0.14095160365104675
    ],
    [
      5.315056324005127,
      0.02945849858224392,
      -15.469785690307617,
      -4.1265459060668945,
      26.003726959228516,
      27.878318786621094,
      26.792102813720703,
      28.486724853515625,
      26.15519142150879,
      32.41558074951172,
      35.80669403076172,
      40.58420944213867,
      45.249610900878906,
      34.59563446044922,
      57.124786376953125,
      2.1990764141082764,
      11.828726768493652,
      -0.08139906078577042
    ],
    [
      12.429794311523438,
      0.05643390119075775,
      3.021824836730957,
      7.234207630157471,
      50.74543762207031,
      52.18600845336914,
      55.186065673828125,
      59.07133483886719,
      53.599937438964844,
      66.76934051513672,
      77.08767700195312,
      81.62725067138672,
      95.35184478759766,
      57.124786376953125,
      127.83960723876953,
      3.5584237575531006,
      24.652782440185547,
      -0.1702524572610855
    ],
    [
      0.28710877895355225,
      0.0013710794737562537,
      -1.2778428792953491,
      -0.3985116481781006,
      1.4872523546218872,
      1.4470710754394531,
      1.5453819036483765,
      1.526360034942627,
      1.4590705633163452,
      1.5998990535736084,
      2.1338024139404297,
      2.1611740589141846,
      2.968991756439209,
      2.1990764141082764,
      3.5584237575531006,
      0.2668231725692749,
      0.8401699066162109,
      -0.00487640593200922
    ],
    [
      2.8463759422302246,
      0.016715459525585175,
      -3.0052919387817383,
      -0.35003775358200073,
      9.688379287719727,
      10.121551513671875,
      10.508830070495605,
      11.826783180236816,
      8.931928634643555,
      11.816657066345215,
      13.702553749084473,
      14.82227611541748,
      19.085426330566406,
      11.828726768493652,
      24.652782440185547,
      0.8401699066162109,
      6.596264362335205,
      -0.036489393562078476
    ],
    [
      -0.014020085334777832,
      -7.630403706571087e-05,
      0.005615742411464453,
      -0.005529944319278002,
      -0.08908042311668396,
      -0.06680644303560257,
      -0.09149360656738281,
      -0.06330813467502594,
      -0.08632754534482956,
      -0.077312171459198,
      -0.11992989480495453,
      -0.10833708941936493,
      -0.14095160365104675,
      -0.08139906078577042,
      -0.1702524572610855,
      -0.00487640593200922,
      -0.036489393562078476,
      0.0006581390625797212
    ]
  ],
  "covariance_short": [
    [
      5.474803447723389,
      0.012326691299676895,
      6.809859275817871,
      1.2678709030151367,
      3.0546939373016357,
      8.966914176940918,
      3.29626202583313,
      9.973020553588867,
      2.7192068099975586,
      10.122130393981934,
      2.3112435340881348,
      8.545742988586426,
      2.7691495418548584,
      4.209108829498291,
      10.241666793823242,
      0.22915804386138916,
      2.25235652923584,
      -0.012241953983902931
    ],
    [
      0.012326691299676895,
      0.00017932573973666877,
      0.021907692775130272,
      0.003969233483076096,
      0.018828921020030975,
      0.03971245884895325,
      0.02061053179204464,
      0.04022282734513283,
      0.016320249065756798,
      0.04421840235590935,
      0.01807107962667942,
      0.04125292971730232,
      0.024919558316469193,
      0.023721693083643913,
      0.049398474395275116,
      0.00090413837460801,
      0.012940234504640102,
      -6.702107930323109e-05
    ],
    [
      6.809859275817871,
      0.021907692775130272,
      116.00829315185547,
      30.63378143310547,
      -6.580419063568115,
      -3.833195447921753,
      1.2116128206253052,
      8.359918594360352,
      3.0246059894561768,
      11.512174606323242,
      -4.131419658660889,
      5.078464508056641,
      -14.757320404052734,
      -12.200540542602539,
      5.9939351081848145,
      -0.9367322325706482,
      -1.6024812459945679,
      0.0015871410723775625
    ],
    [
      1.2678709030151367,
      0.003969233483076096,
      30.63378143310547,
      14.866453170776367,
      -1.621680498123169,
      -0.06609425693750381,
      0.46116602420806885,
      2.814831256866455,
      2.5498392581939697,
      5.134487152099609,
      1.9036580324172974,
      2.5558700561523438,
      -0.4648401439189911,
      -4.205499649047852,
      3.865534543991089,
      -0.3521961569786072,
      -0.4766829013824463,
      -0.002056548371911049
    ],
    [
      3.0546939373016357,
      0.018828921020030975,
      -6.580419063568115,
      -1.621680498123169,
      52.53852462768555,
      29.467472076416016,
      32.527828216552734,
      22.792741775512695,
      30.929590225219727,
      27.22519302368164,
      28.61001968383789,
      36.357601165771484,
      32.201934814453125,
      24.038572311401367,
      49.417457580566406,
      1.553913950920105,
      9.353528022766113,
      -0.09073533862829208
    ],
    [
      8.966914176940918,
      0.03971245884895325,
      -3.833195447921753,
      -0.06609425693750381,
      29.467472076416016,
      62.66626739501953,
      22.291135787963867,
      46.17845916748047,
      23.578229904174805,
      51.091026306152344,
      21.48221206665039,
      48.08574676513672,
      24.421815872192383,
      27.304279327392578,
      53.210147857666016,
      1.4844447374343872,
      10.147139549255371,
      -0.0713697150349617
    ],
    [
      3.29626202583313,
      0.02061053179204464,
      1.2116128206253052,
      0.46116602420806885,
      32.527828216552734,
      22.291135787963867,
      47.42837905883789,
      22.180625915527344,
      35.06824493408203,
      26.4853458404541,
      33.12054443359375,
      38.079612731933594,
      34.74934005737305,
      24.748077392578125,
      52.06918716430664,
      1.4833699464797974,
      9.924620628356934,
      -0.08979284763336182
    ],
    [
      9.973020553588867,
      0.04022282734513283,
      8.359918594360352,
      2.814831256866455,
      22.792741775512695,
      46.17845916748047,
      22.180625915527344,
      62.19256591796875,
      20.30303955078125,
      58.71307373046875,
      21.056406021118164,
      53.824527740478516,
      23.141754150390625,
      27.463769912719727,
      57.0617561340332,
      1.4711095094680786,
      11.312419891357422,
      -0.062487948685884476
    ],
    [
      2.7192068099975586,
      0.016320249065756798,
      3.0246059894561768,
      2.5498392581939697,
      30.929590225219727,
      23.578229904174805,
      35.06824493408203,
      20.30303955078125,
      45.36802673339844,
      28.422039031982422,
      36.909297943115234,
      39.84441375732422,
      35.31672286987305,
      24.844350814819336,
      52.847679138183594,
      1.4101642370224,
      8.86769962310791,
      -0.09322736412286758
    ],
    [
      10.122130393981934,
      0.04421840235590935,
      11.512174606323242,
      5.134487152099609,
      27.22519302368164,
      51.091026306152344,
      26.4853458404541,
      58.71307373046875,
      28.422039031982422,
      71.39369201660156,
      27.844146728515625,
      63.36806106567383,
      30.469886779785156,
      32.28773498535156,
      66.72688293457031,
      1.6059563159942627,
      11.899458885192871,
      -0.08034708350896835
    ],
    [
      2.3112435340881348,
      0.01807107962667942,
      -4.131419658660889,
      1.9036580324172974,
      28.61001968383789,
      21.48221206665039,
      33.12054443359375,
      21.056406021118164,
      36.909297943115234,
      27.844146728515625,
      73.045654296875,
      46.3093147277832,
      70.12245178222656,
      34.96631622314453,
      77.41905212402344,
      2.188262701034546,
      13.886433601379395,
      -0.12206053733825684
    ],
    [
      8.545742988586426,
      0.04125292971730232,
      5.078464508056641,
      2.5558700561523438,
      36.357601165771484,
      48.08574676513672,
      38.079612731933594,
      53.824527740478516,
      39.84441375732422,
      63.36806106567383,
      46.3093147277832,
      72.34537506103516,
      50.75294494628906,
      40.526180267333984,
      81.0842514038086,
      2.2404375076293945,
      14.606653213500977,
      -0.1099720448255539
    ],
    [
      2.7691495418548584,
      0.024919558316469193,
      -14.757320404052734,
      -0.4648401439189911,
      32.201934814453125,
      24.421815872192383,
      34.74934005737305,
      23.141754150390625,
      35.31672286987305,
      30.469886779785156,
      70.12245178222656,
      50.75294494628906,
      103.76573181152344,
      44.802490234375,
      97.79811096191406,
      3.0675182342529297,
      19.260334014892578,
      -0.1459275335073471
    ],
    [
      4.209108829498291,
      0.023721693083643913,
      -12.200540542602539,
      -4.205499649047852,
      24.038572311401367,
      27.304279327392578,
      24.748077392578125,
      27.463769912719727,
      24.844350814819336,
      32.28773498535156,
      34.96631622314453,
      40.526180267333984,
      44.802490234375,
      35.70838165283203,
      55.03105545043945,
      2.235283613204956,
      11.129886627197266,
      -0.07989958673715591
    ],
    [
      10.241666793823242,
      0.049398474395275116,
      5.9939351081848145,
      3.865534543991089,
      49.417457580566406,
      53.210147857666016,
      52.06918716430664,
      57.0617561340332,
      52.847679138183594,
      66.72688293457031,
      77.41905212402344,
      81.0842514038086,
      97.79811096191406,
      55.03105545043945,
      127.61028289794922,
      3.5680594444274902,
      24.31575584411621,
      -0.1700342446565628
    ],
    [
      0.22915804386138916,
      0.00090413837460801,
      -0.9367322325706482,
      -0.3521961569786072,
      1.553913950920105,
      1.4844447374343872,
      1.4833699464797974,
      1.4711095094680786,
      1.4101642370224,
      1.6059563159942627,
      2.188262701034546,
      2.2404375076293945,
      3.0675182342529297,
      2.235283613204956,
      3.5680594444274902,
      0.4404800832271576,
      0.7984192967414856,
      -0.004894895479083061
    ],
    [
      2.25235652923584,
      0.012940234504640102,
      -1.6024812459945679,
      -0.4766829013824463,
      9.353528022766113,
      10.147139549255371,
      9.924620628356934,
      11.312419891357422,
      8.86769962310791,
      11.899458885192871,
      13.886433601379395,
      14.606653213500977,
      19.260334014892578,
      11.129886627197266,
      24.31575584411621,
      0.7984192967414856,
      6.8381171226501465,
      -0.03626517206430435
    ],
    [
      -0.012241953983902931,
      -6.702107930323109e-05,
      0.0015871410723775625,
      -0.002056548371911049,
      -0.09073533862829208,
      -0.0713697150349617,
      -0.08979284763336182,
      -0.062487948685884476,
      -0.09322736412286758,
      -0.08034708350896835,
      -0.12206053733825684,
      -0.1099720448255539,
      -0.1459275335073471,
      -0.07989958673715591,
      -0.1700342446565628,
      -0.004894895479083061,
      -0.03626517206430435,
      0.000913675525225699
    ]
  ],
  "damage": -11.318554878234863,
  "diff_bandwidth": 1386.3345947265625,
  "dissonance": 6.834943819596578,
  "drr": 3.7279794216156006,
  "dynamics": 4.57991886138916,
  "format": 1245190,
  "frames": 2129856,
  "loudness": -18.755720138549805,
  "loudness_range": 15.738380432128906,
  "loudness_range_short": 15.64810848236084,
  "lowpass_true_peak_15khz": -4.717731475830078,
  "mastering3_acoustic_entropies": [
    {
      "acoustic_entropy": 8.063029289245605,
      "acoustic_entropy_mono": 8.06059741973877,
      "band_eliminated_acoustic_entropies": [
        {
          "acoustic_entropy": 8.063029289245605,
          "acoustic_entropy_side": 8.063029289245605,
          "hz": 129.47220167065723
        },
        {
          "acoustic_entropy": 8.063028335571289,
          "acoustic_entropy_side": 8.063029289245605,
          "hz": 202.92927478742237
        },
        {
          "acoustic_entropy": 8.063048362731934,
          "acoustic_entropy_side": 8.063029289245605,
          "hz": 282.89161906338205
        },
        {
          "acoustic_entropy": 8.061935424804688,
          "acoustic_entropy_side": 8.063030242919922,
          "hz": 369.9353335868758
        },
        {
          "acoustic_entropy": 8.186164855957031,
          "acoustic_entropy_side": 8.063029289245605,
          "hz": 464.6875360973435
        },
        {
          "acoustic_entropy": 8.121944427490234,
          "acoustic_entropy_side": 8.063019752502441,
          "hz": 567.8308811364784
        },
        {
          "acoustic_entropy": 8.401115417480469,
          "acoustic_entropy_side": 8.062986373901367,
          "hz": 680.1084783214808
        },
        {
          "acoustic_entropy": 7.934337615966797,
          "acoustic_entropy_side": 8.062994956970215,
          "hz": 802.3292461747484
        },
        {
          "acoustic_entropy": 8.64631175994873,
          "acoustic_entropy_side": 8.06314754486084,
          "hz": 935.3737400823702
        },
        {
          "acoustic_entropy": 7.870186805725098,
          "acoustic_entropy_side": 8.062973976135254,
          "hz": 1080.2004963696966
        },
        {
          "acoustic_entropy": 8.183303833007812,
          "acoustic_entropy_side": 8.062895774841309,
          "hz": 1237.8529382007157
        },
        {
          "acoustic_entropy": 8.22840690612793,
          "acoustic_entropy_side": 8.063942909240723,
          "hz": 1409.4668930556702
        },
        {
          "acoustic_entropy": 8.270147323608398,
          "acoustic_entropy_side": 8.060175895690918,
          "hz": 1596.2787759475705
        },
        {
          "acoustic_entropy": 8.120627403259277,
          "acoustic_entropy_side": 8.062728881835938,
          "hz": 1799.6344973346393
        },
        {
          "acoustic_entropy": 7.678924083709717,
          "acoustic_entropy_side": 8.063318252563477,
          "hz": 2020.9991599069049
        },
        {
          "acoustic_entropy": 8.151148796081543,
          "acoustic_entropy_side": 8.062763214111328,
          "hz": 2261.9676141086993
        },
        {
          "acoustic_entropy": 8.056910514831543,
          "acoustic_entropy_side": 8.06289291381836,
          "hz": 2524.2759484456974
        },
        {
          "acoustic_entropy": 8.29546070098877,
          "acoustic_entropy_side": 8.063058853149414,
          "hz": 2809.813997359896
        },
        {
          "acoustic_entropy": 8.581568717956543,
          "acoustic_entropy_side": 8.06298542022705,
          "hz": 3120.6389567871424
        },
        {
          "acoustic_entropy": 8.261500358581543,
          "acoustic_entropy_side": 8.063009262084961,
          "hz": 3458.990205492291
        },
        {
          "acoustic_entropy": 8.098514556884766,
          "acoustic_entropy_side": 8.062959671020508,
          "hz": 3827.305438964164
        },
        {
          "acoustic_entropy": 8.184942245483398,
          "acoustic_entropy_side": 8.063067436218262,
          "hz": 4228.238232109126
        },
        {
          "acoustic_entropy": 7.700562477111816,
          "acoustic_entropy_side": 8.062948226928711,
          "hz": 4664.6771572759235
        },
        {
          "acoustic_entropy": 7.931145668029785,
          "acoustic_entropy_side": 8.063031196594238,
          "hz": 5139.766595350093
        },
        {
          "acoustic_entropy": 7.870930194854736,
          "acoustic_entropy_side": 8.063028335571289,
          "hz": 5656.929389854203
        },
        {
          "acoustic_entropy": 7.933813571929932,
          "acoustic_entropy_side": 8.063029289245605,
          "hz": 6219.891507268283
        },
        {
          "acoustic_entropy": 7.959181308746338,
          "acoustic_entropy_side": 8.063029289245605,
          "hz": 6832.70888123896
        },
        {
          "acoustic_entropy": 7.9838690757751465,
          "acoustic_entropy_side": 8.063029289245605,
          "hz": 7499.796634079867
        },
        {
          "acoustic_entropy": 8.069374084472656,
          "acoustic_entropy_side": 8.063029289245605,
          "hz": 8225.96088609342
        },
        {
          "acoustic_entropy": 8.070417404174805,
          "acoustic_entropy_side": 8.063029289245605,
          "hz": 9016.43338188839
        },
        {
          "acoustic_entropy": 8.063248634338379,
          "acoustic_entropy_side": 8.063029289245605,
          "hz": 9876.909183162974
        },
        {
          "acoustic_entropy": 8.063067436218262,
          "acoustic_entropy_side": 8.063029289245605,
          "hz": 10813.587699516042
        },
        {
          "acoustic_entropy": 8.063033103942871,
          "acoustic_entropy_side": 8.063029289245605,
          "hz": 11833.21735289826
        },
        {
          "acoustic_entropy": 8.063037872314453,
          "acoustic_entropy_side": 8.063029289245605,
          "hz": 12943.144197493959
        },
        {
          "acoustic_entropy": 8.063028335571289,
          "acoustic_entropy_side": 8.063029289245605,
          "hz": 14151.364845322005
        },
        {
          "acoustic_entropy": 8.063029289245605,
          "acoustic_entropy_side": 8.063029289245605,
          "hz": 15466.58407886509
        },
        {
          "acoustic_entropy": 8.063029289245605,
          "acoustic_entropy_side": 8.063029289245605,
          "hz": 16898.27756580493
        },
        {
          "acoustic_entropy": 8.063029289245605,
          "acoustic_entropy_side": 8.063029289245605,
          "hz": 18456.760127700032
        },
        {
          "acoustic_entropy": 8.063029289245605,
          "acoustic_entropy_side": 8.063029289245605,
          "hz": 20153.260054456492
        },
        {
          "acoustic_entropy": 8.063029289245605,
          "acoustic_entropy_side": 8.063029289245605,
          "hz": 22000.00000000001
        }
      ],
      "diff_acoustic_entropy": 4.130736827850342,
      "sn": 6
    },
    {
      "acoustic_entropy": 11.266008377075195,
      "acoustic_entropy_mono": 11.298015594482422,
      "band_eliminated_acoustic_entropies": [
        {
          "acoustic_entropy": 11.266007423400879,
          "acoustic_entropy_side": 11.266008377075195,
          "hz": 129.47220167065723
        },
        {
          "acoustic_entropy": 11.266009330749512,
          "acoustic_entropy_side": 11.266008377075195,
          "hz": 202.92927478742237
        },
        {
          "acoustic_entropy": 11.266324043273926,
          "acoustic_entropy_side": 11.266008377075195,
          "hz": 282.89161906338205
        },
        {
          "acoustic_entropy": 11.26644515991211,
          "acoustic_entropy_side": 11.266008377075195,
          "hz": 369.9353335868758
        },
        {
          "acoustic_entropy": 11.666166305541992,
          "acoustic_entropy_side": 11.266081809997559,
          "hz": 464.6875360973435
        },
        {
          "acoustic_entropy": 10.496312141418457,
          "acoustic_entropy_side": 11.265999794006348,
          "hz": 567.8308811364784
        },
        {
          "acoustic_entropy": 10.773777961730957,
          "acoustic_entropy_side": 11.269309043884277,
          "hz": 680.1084783214808
        },
        {
          "acoustic_entropy": 11.183557510375977,
          "acoustic_entropy_side": 11.266769409179688,
          "hz": 802.3292461747484
        },
        {
          "acoustic_entropy": 11.845727920532227,
          "acoustic_entropy_side": 11.26576042175293,
          "hz": 935.3737400823702
        },
        {
          "acoustic_entropy": 11.310541152954102,
          "acoustic_entropy_side": 11.269654273986816,
          "hz": 1080.2004963696966
        },
        {
          "acoustic_entropy": 11.31497859954834,
          "acoustic_entropy_side": 11.266630172729492,
          "hz": 1237.8529382007157
        },
        {
          "acoustic_entropy": 12.130355834960938,
          "acoustic_entropy_side": 11.26710033416748,
          "hz": 1409.4668930556702
        },
        {
          "acoustic_entropy": 11.802821159362793,
          "acoustic_entropy_side": 11.28806209564209,
          "hz": 1596.2787759475705
        },
        {
          "acoustic_entropy": 11.636211395263672,
          "acoustic_entropy_side": 11.273086547851562,
          "hz": 1799.6344973346393
        },
        {
          "acoustic_entropy": 11.83013916015625,
          "acoustic_entropy_side": 11.267478942871094,
          "hz": 2020.9991599069049
        },
        {
          "acoustic_entropy": 11.653175354003906,
          "acoustic_entropy_side": 11.271318435668945,
          "hz": 2261.9676141086993
        },
        {
          "acoustic_entropy": 11.221662521362305,
          "acoustic_entropy_side": 11.264325141906738,
          "hz": 2524.2759484456974
        },
        {
          "acoustic_entropy": 10.794806480407715,
          "acoustic_entropy_side": 11.266453742980957,
          "hz": 2809.813997359896
        },
        {
          "acoustic_entropy": 11.441011428833008,
          "acoustic_entropy_side": 11.264152526855469,
          "hz": 3120.6389567871424
        },
        {
          "acoustic_entropy": 11.341194152832031,
          "acoustic_entropy_side": 11.265764236450195,
          "hz": 3458.990205492291
        },
        {
          "acoustic_entropy": 11.60444450378418,
          "acoustic_entropy_side": 11.265192031860352,
          "hz": 3827.305438964164
        },
        {
          "acoustic_entropy": 11.099627494812012,
          "acoustic_entropy_side": 11.26545238494873,
          "hz": 4228.238232109126
        },
        {
          "acoustic_entropy": 11.415403366088867,
          "acoustic_entropy_side": 11.265957832336426,
          "hz": 4664.6771572759235
        },
        {
          "acoustic_entropy": 11.206117630004883,
          "acoustic_entropy_side": 11.265923500061035,
          "hz": 5139.766595350093
        },
        {
          "acoustic_entropy": 11.22504711151123,
          "acoustic_entropy_side": 11.265976905822754,
          "hz": 5656.929389854203
        },
        {
          "acoustic_entropy": 11.185633659362793,
          "acoustic_entropy_side": 11.265999794006348,
          "hz": 6219.891507268283
        },
        {
          "acoustic_entropy": 11.18262767791748,
          "acoustic_entropy_side": 11.266003608703613,
          "hz": 6832.70888123896
        },
        {
          "acoustic_entropy": 11.130303382873535,
          "acoustic_entropy_side": 11.266003608703613,
          "hz": 7499.796634079867
        },
        {
          "acoustic_entropy": 11.175293922424316,
          "acoustic_entropy_side": 11.266008377075195,
          "hz": 8225.96088609342
        },
        {
          "acoustic_entropy": 11.20470142364502,
          "acoustic_entropy_side": 11.266008377075195,
          "hz": 9016.43338188839
        },
        {
          "acoustic_entropy": 11.246711730957031,
          "acoustic_entropy_side": 11.266008377075195,
          "hz": 9876.909183162974
        },
        {
          "acoustic_entropy": 11.264299392700195,
          "acoustic_entropy_side": 11.266008377075195,
          "hz": 10813.587699516042
        },
        {
          "acoustic_entropy": 11.265116691589355,
          "acoustic_entropy_side": 11.266008377075195,
          "hz": 11833.21735289826
        },
        {
          "acoustic_entropy": 11.264806747436523,
          "acoustic_entropy_side": 11.266008377075195,
          "hz": 12943.144197493959
        },
        {
          "acoustic_entropy": 11.265846252441406,
          "acoustic_entropy_side": 11.266008377075195,
          "hz": 14151.364845322005
        },
        {
          "acoustic_entropy": 11.26600170135498,
          "acoustic_entropy_side": 11.266008377075195,
          "hz": 15466.58407886509
        },
        {
          "acoustic_entropy": 11.266006469726562,
          "acoustic_entropy_side": 11.266008377075195,
          "hz": 16898.27756580493
        },
        {
          "acoustic_entropy": 11.266007423400879,
          "acoustic_entropy_side": 11.266008377075195,
          "hz": 18456.760127700032
        },
        {
          "acoustic_entropy": 11.266008377075195,
          "acoustic_entropy_side": 11.266008377075195,
          "hz": 20153.260054456492
        },
        {
          "acoustic_entropy": 11.266008377075195,
          "acoustic_entropy_side": 11.266008377075195,
          "hz": 22000.00000000001
        }
      ],
      "diff_acoustic_entropy": 5.236921787261963,
      "sn": 12
    },
    {
      "acoustic_entropy": 16.97700309753418,
      "acoustic_entropy_mono": 16.58545684814453,
      "band_eliminated_acoustic_entropies": [
        {
          "acoustic_entropy": 16.977027893066406,
          "acoustic_entropy_side": 16.97700309753418,
          "hz": 129.47220167065723
        },
        {
          "acoustic_entropy": 16.976123809814453,
          "acoustic_entropy_side": 16.97700309753418,
          "hz": 202.92927478742237
        },
        {
          "acoustic_entropy": 16.980173110961914,
          "acoustic_entropy_side": 16.97700309753418,
          "hz": 282.89161906338205
        },
        {
          "acoustic_entropy": 16.877197265625,
          "acoustic_entropy_side": 16.979093551635742,
          "hz": 369.9353335868758
        },
        {
          "acoustic_entropy": 15.852375030517578,
          "acoustic_entropy_side": 16.97388458251953,
          "hz": 464.6875360973435
        },
        {
          "acoustic_entropy": 16.346542358398438,
          "acoustic_entropy_side": 17.014352798461914,
          "hz": 567.8308811364784
        },
        {
          "acoustic_entropy": 15.168601036071777,
          "acoustic_entropy_side": 16.863130569458008,
          "hz": 680.1084783214808
        },
        {
          "acoustic_entropy": 16.728761672973633,
          "acoustic_entropy_side": 17.3001651763916,
          "hz": 802.3292461747484
        },
        {
          "acoustic_entropy": 16.6801700592041,
          "acoustic_entropy_side": 17.028242111206055,
          "hz": 935.3737400823702
        },
        {
          "acoustic_entropy": 17.86393165588379,
          "acoustic_entropy_side": 16.865270614624023,
          "hz": 1080.2004963696966
        },
        {
          "acoustic_entropy": 16.87795066833496,
          "acoustic_entropy_side": 16.534320831298828,
          "hz": 1237.8529382007157
        },
        {
          "acoustic_entropy": 17.448427200317383,
          "acoustic_entropy_side": 17.014545440673828,
          "hz": 1409.4668930556702
        },
        {
          "acoustic_entropy": 16.31585693359375,
          "acoustic_entropy_side": 17.2105770111084,
          "hz": 1596.2787759475705
        },
        {
          "acoustic_entropy": 18.135812759399414,
          "acoustic_entropy_side": 16.99954605102539,
          "hz": 1799.6344973346393
        },
        {
          "acoustic_entropy": 16.864961624145508,
          "acoustic_entropy_side": 17.02194595336914,
          "hz": 2020.9991599069049
        },
        {
          "acoustic_entropy": 17.316457748413086,
          "acoustic_entropy_side": 17.146642684936523,
          "hz": 2261.9676141086993
        },
        {
