{
  "acoustic_entropy": 166.05361938476562,
  "bands": [
    {
      "high_freq": 148.1999969482422,
      "loudness": -26.17504119873047,
      "loudness_range": 16.935319900512695,
      "mid_mean": -22.87777328491211,
      "mid_to_side_loudness": -19.69505500793457,
      "mid_to_side_loudness_range": 31.830732345581055,
      "side_mean": -45.4278450012207
    },
    {
      "high_freq": 392.3793640136719,
      "loudness": -28.936424255371094,
      "loudness_range": 13.079753875732422,
      "low_freq": 148.1999969482422,
      "mid_mean": -26.571414947509766,
      "mid_to_side_loudness": -7.8438720703125,
      "mid_to_side_loudness_range": 22.862171173095703,
      "side_mean": -36.13145065307617
    },
    {
      "high_freq": 794.6976318359375,
      "loudness": -34.317893981933594,
      "loudness_range": 23.362424850463867,
      "low_freq": 392.3793640136719,
      "mid_mean": -33.122249603271484,
      "mid_to_side_loudness": -3.6546201705932617,
      "mid_to_side_loudness_range": 17.24762535095215,
      "side_mean": -37.02524185180664
    },
    {
      "high_freq": 1457.5709228515625,
      "loudness": -36.16674041748047,
      "loudness_range": 24.73922348022461,
      "low_freq": 794.6976318359375,
      "mid_mean": -35.917442321777344,
      "mid_to_side_loudness": -1.3022680282592773,
      "mid_to_side_loudness_range": 14.69034481048584,
      "side_mean": -37.581695556640625
    },
    {
      "high_freq": 2549.74365234375,
      "loudness": -38.84004211425781,
      "loudness_range": 20.681442260742188,
      "low_freq": 1457.5709228515625,
      "mid_mean": -38.33591079711914,
      "mid_to_side_loudness": -1.1352641582489014,
      "mid_to_side_loudness_range": 13.234956741333008,
      "side_mean": -40.29255294799805
    },
    {
      "high_freq": 4349.24462890625,
      "loudness": -40.03339767456055,
      "loudness_range": 17.691843032836914,
      "low_freq": 2549.74365234375,
      "mid_mean": -39.43112564086914,
      "mid_to_side_loudness": -0.8716670274734497,
      "mid_to_side_loudness_range": 10.219039916992188,
      "side_mean": -41.00681686401367
    },
    {
      "high_freq": 7314.1640625,
      "loudness": -38.92521286010742,
      "loudness_range": 18.184621810913086,
      "low_freq": 4349.24462890625,
      "mid_mean": -37.8642578125,
      "mid_to_side_loudness": -1.664814829826355,
      "mid_to_side_loudness_range": 9.16435432434082,
      "side_mean": -40.519432067871094
    },
    {
      "high_freq": 12199.2666015625,
      "loudness": -38.912418365478516,
      "loudness_range": 20.498079299926758,
      "low_freq": 7314.1640625,
      "mid_mean": -39.2060546875,
      "mid_to_side_loudness": 0.5523902773857117,
      "mid_to_side_loudness_range": 6.974037170410156,
      "side_mean": -38.74800491333008
    },
    {
      "loudness": -45.01251983642578,
      "loudness_range": 23.74919891357422,
      "low_freq": 12199.2666015625,
      "mid_mean": -50.091827392578125,
      "mid_to_side_loudness": 0.9297910928726196,
      "mid_to_side_loudness_range": 5.062153339385986,
      "side_mean": -47.22660827636719
    }
  ],
  "bands_short": [
    {
      "high_freq": 148.1999969482422,
      "loudness": -27.951871871948242,
      "loudness_range": 18.800813674926758,
      "mid_mean": -24.59708595275879,
      "mid_to_side_loudness": -20.46566390991211,
      "mid_to_side_loudness_range": 38.401954650878906,
      "side_mean": -52.867671966552734
    },
    {
      "high_freq": 392.3793640136719,
      "loudness": -28.60222816467285,
      "loudness_range": 16.531326293945312,
      "low_freq": 148.1999969482422,
      "mid_mean": -26.341102600097656,
      "mid_to_side_loudness": -7.865591049194336,
      "mid_to_side_loudness_range": 27.268625259399414,
      "side_mean": -37.52399444580078
    },
    {
      "high_freq": 794.6976318359375,
      "loudness": -35.20835876464844,
      "loudness_range": 24.51539421081543,
      "low_freq": 392.3793640136719,
      "mid_mean": -34.506744384765625,
      "mid_to_side_loudness": -3.4970736503601074,
      "mid_to_side_loudness_range": 20.98830223083496,
      "side_mean": -38.15335464477539
    },
    {
      "high_freq": 1457.5709228515625,
      "loudness": -36.986392974853516,
      "loudness_range": 31.508544921875,
      "low_freq": 794.6976318359375,
      "mid_mean": -37.02604293823242,
      "mid_to_side_loudness": -1.561149001121521,
      "mid_to_side_loudness_range": 19.109752655029297,
      "side_mean": -39.298492431640625
    },
    {
      "high_freq": 2549.74365234375,
      "loudness": -42.181556701660156,
      "loudness_range": 28.85958480834961,
      "low_freq": 1457.5709228515625,
      "mid_mean": -42.717864990234375,
      "mid_to_side_loudness": -0.6205044388771057,
      "mid_to_side_loudness_range": 16.292922973632812,
      "side_mean": -43.79929733276367
    },
    {
      "high_freq": 4349.24462890625,
      "loudness": -44.59352111816406,
      "loudness_range": 29.982967376708984,
      "low_freq": 2549.74365234375,
      "mid_mean": -45.79853820800781,
      "mid_to_side_loudness": -0.2748028337955475,
      "mid_to_side_loudness_range": 12.938695907592773,
      "side_mean": -46.46612548828125
    },
    {
      "high_freq": 7314.1640625,
      "loudness": -45.763370513916016,
      "loudness_range": 33.81652069091797,
      "low_freq": 4349.24462890625,
      "mid_mean": -50.984588623046875,
      "mid_to_side_loudness": -0.19209124147891998,
      "mid_to_side_loudness_range": 11.00625228881836,
      "side_mean": -51.218421936035156
    },
    {
      "high_freq": 12199.2666015625,
      "loudness": -46.283878326416016,
      "loudness_range": 38.99127197265625,
      "low_freq": 7314.1640625,
      "mid_mean": -54.773643493652344,
      "mid_to_side_loudness": 0.2774386703968048,
      "mid_to_side_loudness_range": 10.34953498840332,
      "side_mean": -54.2506217956543
    },
    {
      "loudness": -55.869140625,
      "loudness_range": 40.751312255859375,
      "low_freq": 12199.2666015625,
      "mid_mean": -58.95178985595703,
      "mid_to_side_loudness": 1.8245712518692017,
      "mid_to_side_loudness_range": 6.016407012939453,
      "side_mean": -58.0627326965332
    }
  ],
  "bandwidth": 393.82073974609375,
  "channels": 2,
  "covariance": [
    [
      48.784912109375,
      33.26924514770508,
      29.420494079589844,
      15.143481254577637,
      14.186739921569824,
      17.9246768951416,
      9.097297668457031,
      12.96762466430664,
      15.94279956817627,
      18.92049217224121,
      13.44218921661377,
      14.76445198059082,
      4.300370693206787,
      13.645223617553711,
      1.9933137893676758,
      9.593392372131348,
      23.254430770874023,
      18.455883026123047
    ],
    [
      33.26924514770508,
      106.70648956298828,
      23.32804298400879,
      50.36117935180664,
      16.904531478881836,
      36.9822883605957,
      7.589212894439697,
      21.323457717895508,
      11.620990753173828,
      28.751190185546875,
      6.815530300140381,
      15.480259895324707,
      3.0861353874206543,
      17.669158935546875,
      4.880265235900879,
      16.059518814086914,
      35.1588134765625,
      37.10740661621094
    ],
    [
      29.420494079589844,
      23.32804298400879,
      41.245086669921875,
      15.6431303024292,
      11.123037338256836,
      11.709990501403809,
      18.43297576904297,
      18.361709594726562,
      18.406274795532227,
      18.454849243164062,
      15.17835521697998,
      17.01899528503418,
      7.486103057861328,
      14.607575416564941,
      2.5581114292144775,
      8.005512237548828,
      20.692398071289062,
      15.682243347167969
    ],
    [
      15.143481254577637,
      50.36117935180664,
      15.6431303024292,
      79.16624450683594,
      22.15310287475586,
      54.7589111328125,
      21.12281608581543,
      39.96267318725586,
      14.227743148803711,
      37.44636154174805,
      10.474994659423828,
      23.587709426879883,
      4.946610927581787,
      16.607812881469727,
      4.444358825683594,
      11.0501070022583,
      32.843727111816406,
      33.39991760253906
    ],
    [
      14.186739921569824,
      16.904531478881836,
      11.123037338256836,
      22.15310287475586,
      74.09554290771484,
      58.991451263427734,
      8.477745056152344,
      11.716541290283203,
      4.399003505706787,
      14.241413116455078,
      3.318779468536377,
      9.485992431640625,
      0.9337054491043091,
      9.754262924194336,
      0.9650515913963318,
      9.779753684997559,
      22.61678123474121,
      25.284116744995117
    ],
    [
      17.9246768951416,
      36.9822883605957,
      11.709990501403809,
      54.7589111328125,
      58.991451263427734,
      103.09014892578125,
      24.337182998657227,
      41.45514678955078,
      20.319923400878906,
      45.8868408203125,
      15.127128601074219,
      31.360239028930664,
      8.05163288116455,
      23.57147216796875,
      5.89406156539917,
      16.207387924194336,
      35.08073425292969,
      38.4313850402832
    ],
    [
      9.097297668457031,
      7.589212894439697,
      18.43297576904297,
      21.12281608581543,
      8.477745056152344,
      24.337182998657227,
      83.16258239746094,
      59.01530838012695,
      39.89977264404297,
      40.045780181884766,
      32.00563049316406,
      36.42339324951172,
      24.909082412719727,
      30.56150245666504,
      17.646947860717773,
      18.249164581298828,
      38.76656723022461,
      35.858036041259766
    ],
    [
      12.96762466430664,
      21.323457717895508,
      18.361709594726562,
      39.96267318725586,
      11.716541290283203,
      41.45514678955078,
      59.01530838012695,
      75.71113586425781,
      39.4821662902832,
      56.36216735839844,
      31.5288028717041,
      40.61347579956055,
      21.23216438293457,
      29.135873794555664,
      14.268219947814941,
      18.205724716186523,
      39.12528991699219,
      37.270164489746094
    ],
    [
      15.94279956817627,
      11.620990753173828,
      18.406274795532227,
      14.227743148803711,
      4.399003505706787,
      20.319923400878906,
      39.89977264404297,
      39.4821662902832,
      62.014041900634766,
      53.49726486206055,
      48.71767807006836,
      43.72737503051758,
      38.35954666137695,
      38.28380584716797,
      25.164886474609375,
      26.45419692993164,
      43.94071578979492,
      41.01992416381836
    ],
    [
      18.92049217224121,
      28.751190185546875,
      18.454849243164062,
      37.44636154174805,
      14.241413116455078,
      45.8868408203125,
      40.045780181884766,
      56.36216735839844,
      53.49726486206055,
      80.63184356689453,
      44.248966217041016,
      54.8652458190918,
      29.99137306213379,
      42.02246856689453,
      20.467809677124023,
      25.63988494873047,
      51.471492767333984,
      50.96510696411133
    ],
    [
      13.44218921661377,
      6.815530300140381,
      15.17835521697998,
      10.474994659423828,
      3.318779468536377,
      15.127128601074219,
      32.00563049316406,
      31.5288028717041,
      48.71767807006836,
      44.248966217041016,
      55.12333297729492,
      47.98796081542969,
      44.218475341796875,
      44.622528076171875,
      31.934419631958008,
      31.10468101501465,
      48.87318420410156,
      45.3638916015625
    ],
    [
      14.76445198059082,
      15.480259895324707,
      17.01899528503418,
      23.587709426879883,
      9.485992431640625,
      31.360239028930664,
      36.42339324951172,
      40.61347579956055,
      43.72737503051758,
      54.8652458190918,
      47.98796081542969,
      61.85636520385742,
      37.36892318725586,
      49.24916076660156,
      28.038753509521484,
      30.110445022583008,
      50.62797546386719,
      49.412994384765625
    ],
    [
      4.300370693206787,
      3.0861353874206543,
      7.486103057861328,
      4.946610927581787,
      0.9337054491043091,
      8.05163288116455,
      24.909082412719727,
      21.23216438293457,
      38.35954666137695,
      29.99137306213379,
      44.218475341796875,
      37.36892318725586,
      57.14304733276367,
      45.636348724365234,
      49.52800750732422,
      48.12944412231445,
      66.36491394042969,
      63.01396942138672
    ],
    [
      13.645223617553711,
      17.669158935546875,
      14.607575416564941,
      16.607812881469727,
      9.754262924194336,
      23.57147216796875,
      30.56150245666504,
      29.135873794555664,
      38.28380584716797,
      42.02246856689453,
      44.622528076171875,
      49.24916076660156,
      45.636348724365234,
      56.26589584350586,
      41.394771575927734,
      44.880863189697266,
      65.45508575439453,
      65.44815063476562
    ],
    [
      1.9933137893676758,
      4.880265235900879,
      2.5581114292144775,
      4.444358825683594,
      0.9650515913963318,
      5.89406156539917,
      17.646947860717773,
      14.268219947814941,
      25.164886474609375,
      20.467809677124023,
      31.934419631958008,
      28.038753509521484,
      49.52800750732422,
      41.394771575927734,
      66.52911376953125,
      61.57773208618164,
      73.96421813964844,
      72.71390533447266
    ],
    [
      9.593392372131348,
      16.059518814086914,
      8.005512237548828,
      11.0501070022583,
      9.779753684997559,
      16.207387924194336,
      18.249164581298828,
      18.205724716186523,
      26.45419692993164,
      25.63988494873047,
      31.10468101501465,
      30.110445022583008,
      48.12944412231445,
      44.880863189697266,
      61.57773208618164,
      71.95097351074219,
      76.94636535644531,
      80.49947357177734
    ],
    [
      23.254430770874023,
      35.1588134765625,
      20.692398071289062,
      32.843727111816406,
      22.61678123474121,
      35.08073425292969,
      38.76656723022461,
      39.12528991699219,
      43.94071578979492,
      51.471492767333984,
      48.87318420410156,
      50.62797546386719,
      66.36491394042969,
      65.45508575439453,
      73.96421813964844,
      76.94636535644531,
      159.74200439453125,
      126.77984619140625
    ],
    [
      18.455883026123047,
      37.10740661621094,
      15.682243347167969,
      33.39991760253906,
      25.284116744995117,
      38.4313850402832,
      35.858036041259766,
      37.270164489746094,
      41.01992416381836,
      50.96510696411133,
      45.3638916015625,
      49.412994384765625,
      63.01396942138672,
      65.44815063476562,
      72.71390533447266,
      80.49947357177734,
      126.77984619140625,
      128.56845092773438
    ]
  ],
  "covariance_short": [
    [
      48.192989349365234,
      28.69886016845703,
      31.681957244873047,
      9.676695823669434,
      7.7266340255737305,
      3.0384786128997803,
      5.05285120010376,
      6.490890979766846,
      13.17022705078125,
      12.657901763916016,
      15.381086349487305,
      16.90481948852539,
      28.831966400146484,
      29.206682205200195,
      24.433195114135742,
      26.163118362426758,
      19.13779067993164,
      20.76701545715332
    ],
    [
      28.69886016845703,
      150.40679931640625,
      38.006370544433594,
      71.41133880615234,
      23.714252471923828,
      39.614662170410156,
      14.010436058044434,
      36.16149139404297,
      25.413959503173828,
      42.015525817871094,
      22.043323516845703,
      35.776153564453125,
      64.9782943725586,
      71.17469024658203,
      56.44256591796875,
      63.11125564575195,
      47.46865463256836,
      52.06011962890625
    ],
    [
      31.681957244873047,
      38.006370544433594,
      60.98591232299805,
      23.617351531982422,
      20.974136352539062,
      18.5936279296875,
      27.276809692382812,
      24.521181106567383,
      31.93605613708496,
      26.228660583496094,
      29.794658660888672,
      28.707618713378906,
      38.71826934814453,
      38.74227523803711,
      31.077482223510742,
      33.78397750854492,
      24.47214698791504,
      25.689321517944336
    ],
    [
      9.676695823669434,
      71.41133880615234,
      23.617351531982422,
      112.84480285644531,
      36.44255065917969,
      72.5591049194336,
      28.12020492553711,
      59.03804397583008,
      29.303579330444336,
      53.211021423339844,
      22.711599349975586,
      39.5600471496582,
      36.4321403503418,
      40.01872634887695,
      31.579753875732422,
      36.57273864746094,
      28.753246307373047,
      30.893274307250977
    ],
    [
      7.7266340255737305,
      23.714252471923828,
      20.974136352539062,
      36.44255065917969,
      88.48884582519531,
      69.68778991699219,
      24.50560188293457,
      29.51338005065918,
      21.11341667175293,
      26.518529891967773,
      13.4788179397583,
      21.64911460876465,
      13.300481796264648,
      16.924610137939453,
      17.37767791748047,
      23.307920455932617,
      20.302143096923828,
      23.177824020385742
    ],
    [
      3.0384786128997803,
      39.614662170410156,
      18.5936279296875,
      72.5591049194336,
      69.68778991699219,
      131.80809020996094,
      43.933650970458984,
      68.7237319946289,
      50.45777130126953,
      69.8796157836914,
      41.68965148925781,
      51.61442184448242,
      31.26972007751465,
      31.890172958374023,
      31.391956329345703,
      34.76799774169922,
      29.51508903503418,
      31.446733474731445
    ],
    [
      5.05285120010376,
      14.010436058044434,
      27.276809692382812,
      28.12020492553711,
      24.50560188293457,
      43.933650970458984,
      118.3349838256836,
      82.70547485351562,
      64.9856185913086,
      52.516300201416016,
      60.22966384887695,
      53.509796142578125,
      55.694393157958984,
      48.1172981262207,
      48.52055740356445,
      45.87384033203125,
      38.412288665771484,
      35.98524856567383
    ],
    [
      6.490890979766846,
      36.16149139404297,
      24.521181106567383,
      59.03804397583008,
      29.51338005065918,
      68.7237319946289,
      82.70547485351562,
      115.434326171875,
      64.83343505859375,
      83.98468780517578,
      59.701995849609375,
      71.15847778320312,
      62.331565856933594,
      60.252742767333984,
      49.4246711730957,
      49.06652069091797,
      41.186798095703125,
      39.24087142944336
    ],
    [
      13.17022705078125,
      25.413959503173828,
      31.93605613708496,
      29.303579330444336,
      21.11341667175293,
      50.45777130126953,
      64.9856185913086,
      64.83343505859375,
      109.57218933105469,
      93.78836822509766,
      97.87039184570312,
      87.6317138671875,
      96.57716369628906,
      83.13016510009766,
      88.30669403076172,
      81.23900604248047,
      66.70639038085938,
      61.26853942871094
    ],
    [
      12.657901763916016,
      42.015525817871094,
      26.228660583496094,
      53.211021423339844,
      26.518529891967773,
      69.8796157836914,
      52.516300201416016,
      83.98468780517578,
      93.78836822509766,
      128.41116333007812,
      91.43882751464844,
      104.75130462646484,
      96.18389892578125,
      91.48851013183594,
      84.18338012695312,
      81.82588958740234,
      64.85558319091797,
      61.573516845703125
    ],
    [
      15.381086349487305,
      22.043323516845703,
      29.794658660888672,
      22.711599349975586,
      13.4788179397583,
      41.68965148925781,
      60.22966384887695,
      59.701995849609375,
      97.87039184570312,
      91.43882751464844,
      132.63221740722656,
      119.21650695800781,
      140.69651794433594,
      125.31167602539062,
      132.7935333251953,
      125.98979949951172,
      101.42082214355469,
      96.3017349243164
    ],
    [
      16.90481948852539,
      35.776153564453125,
      28.707618713378906,
      39.5600471496582,
      21.64911460876465,
      51.61442184448242,
      53.509796142578125,
      71.15847778320312,
      87.6317138671875,
      104.75130462646484,
      119.21650695800781,
      138.6871795654297,
      134.809814453125,
      130.4403839111328,
      123.90476989746094,
      122.13748931884766,
      95.1030044555664,
      92.48734283447266
    ],
    [
      28.831966400146484,
      64.9782943725586,
      38.71826934814453,
      36.4321403503418,
      13.300481796264648,
      31.26972007751465,
      55.694393157958984,
      62.331565856933594,
      96.57716369628906,
      96.18389892578125,
      140.69651794433594,
      134.809814453125,
      214.69329833984375,
      196.21371459960938,
      206.8463897705078,
      203.0135040283203,
      159.24461364746094,
      155.8993377685547
    ],
    [
      29.206682205200195,
      71.17469024658203,
      38.74227523803711,
      40.01872634887695,
      16.924610137939453,
      31.890172958374023,
      48.1172981262207,
      60.252742767333984,
      83.13016510009766,
      91.48851013183594,
      125.31167602539062,
      130.4403839111328,
      196.21371459960938,
      190.8494873046875,
      186.8469696044922,
      188.8342742919922,
      142.99281311035156,
      142.84811401367188
    ],
    [
      24.433195114135742,
      56.44256591796875,
      31.077482223510742,
      31.579753875732422,
      17.37767791748047,
      31.391956329345703,
      48.52055740356445,
      49.4246711730957,
      88.30669403076172,
      84.18338012695312,
      132.7935333251953,
      123.90476989746094,
      206.8463897705078,
      186.8469696044922,
      227.6062774658203,
      223.26702880859375,
      181.3457794189453,
      178.22178649902344
    ],
    [
      26.163118362426758,
      63.11125564575195,
      33.78397750854492,
      36.57273864746094,
      23.307920455932617,
      34.76799774169922,
      45.87384033203125,
      49.06652069091797,
      81.23900604248047,
      81.82588958740234,
      125.98979949951172,
      122.13748931884766,
      203.0135040283203,
      188.8342742919922,
      223.26702880859375,
      225.7352294921875,
      178.9790802001953,
      179.1710968017578
    ],
    [
      19.13779067993164,
      47.46865463256836,
      24.47214698791504,
      28.753246307373047,
      20.302143096923828,
      29.51508903503418,
      38.412288665771484,
      41.186798095703125,
      66.70639038085938,
      64.85558319091797,
      101.42082214355469,
      95.1030044555664,
      159.24461364746094,
      142.99281311035156,
      181.3457794189453,
      178.9790802001953,
      159.97084045410156,
      157.31556701660156
    ],
    [
      20.76701545715332,
      52.06011962890625,
      25.689321517944336,
      30.893274307250977,
      23.177824020385742,
      31.446733474731445,
      35.98524856567383,
      39.24087142944336,
      61.26853942871094,
      61.573516845703125,
      96.3017349243164,
      92.48734283447266,
      155.8993377685547,
      142.84811401367188,
      178.22178649902344,
      179.1710968017578,
      157.31556701660156,
      157.84715270996094
    ]
  ],
  "damage": -10.676846504211426,
  "diff_bandwidth": 438.045654296875,
  "dissonance": 7.119483153102484,
  "drr": 5.862416744232178,
  "dynamics": 3.5675759315490723,
  "format": 1245190,
  "frames": 16834560,
  "loudness": -17.6200008392334,
  "loudness_range": 12.134737968444824,
  "loudness_range_short": 12.810935974121094,
  "lowpass_true_peak_15khz": -1.3591910600662231,
  "mastering3_acoustic_entropies": [
    {
      "acoustic_entropy": 9.92691421508789,
      "acoustic_entropy_mono": 8.562967300415039,
      "band_eliminated_acoustic_entropies": [
        {
          "acoustic_entropy": 10.082076072692871,
          "acoustic_entropy_side": 9.927665710449219,
          "hz": 129.47220167065723
        },
        {
          "acoustic_entropy": 9.746599197387695,
          "acoustic_entropy_side": 9.95263671875,
          "hz": 202.92927478742237
        },
        {
          "acoustic_entropy": 10.125197410583496,
          "acoustic_entropy_side": 9.931084632873535,
          "hz": 282.89161906338205
        },
        {
          "acoustic_entropy": 10.139792442321777,
          "acoustic_entropy_side": 9.939529418945312,
          "hz": 369.9353335868758
        },
        {
          "acoustic_entropy": 9.73144245147705,
          "acoustic_entropy_side": 9.675615310668945,
          "hz": 464.6875360973435
        },
        {
          "acoustic_entropy": 9.540956497192383,
          "acoustic_entropy_side": 9.67904281616211,
          "hz": 567.8308811364784
        },
        {
          "acoustic_entropy": 9.837702751159668,
          "acoustic_entropy_side": 9.746193885803223,
          "hz": 680.1084783214808
        },
        {
          "acoustic_entropy": 9.9982328414917,
          "acoustic_entropy_side": 9.872001647949219,
          "hz": 802.3292461747484
        },
        {
          "acoustic_entropy": 10.420086860656738,
          "acoustic_entropy_side": 10.00892448425293,
          "hz": 935.3737400823702
        },
        {
          "acoustic_entropy": 10.49932861328125,
          "acoustic_entropy_side": 10.11038875579834,
          "hz": 1080.2004963696966
        },
        {
          "acoustic_entropy": 10.087823867797852,
          "acoustic_entropy_side": 10.104598999023438,
          "hz": 1237.8529382007157
        },
        {
          "acoustic_entropy": 9.960857391357422,
          "acoustic_entropy_side": 9.8396577835083,
          "hz": 1409.4668930556702
        },
        {
          "acoustic_entropy": 10.240340232849121,
          "acoustic_entropy_side": 10.195938110351562,
          "hz": 1596.2787759475705
        },
        {
          "acoustic_entropy": 9.942242622375488,
          "acoustic_entropy_side": 10.294437408447266,
          "hz": 1799.6344973346393
        },
        {
          "acoustic_entropy": 9.820096969604492,
          "acoustic_entropy_side": 9.885859489440918,
          "hz": 2020.9991599069049
        },
        {
          "acoustic_entropy": 10.054460525512695,
          "acoustic_entropy_side": 9.939058303833008,
          "hz": 2261.9676141086993
        },
        {
          "acoustic_entropy": 9.985122680664062,
          "acoustic_entropy_side": 9.959735870361328,
          "hz": 2524.2759484456974
        },
        {
          "acoustic_entropy": 9.953570365905762,
          "acoustic_entropy_side": 9.917168617248535,
          "hz": 2809.813997359896
        },
        {
          "acoustic_entropy": 9.853599548339844,
          "acoustic_entropy_side": 9.901617050170898,
          "hz": 3120.6389567871424
        },
        {
          "acoustic_entropy": 9.894011497497559,
          "acoustic_entropy_side": 9.879740715026855,
          "hz": 3458.990205492291
        },
        {
          "acoustic_entropy": 9.85407829284668,
          "acoustic_entropy_side": 9.908207893371582,
          "hz": 3827.305438964164
        },
        {
          "acoustic_entropy": 9.922552108764648,
          "acoustic_entropy_side": 9.886170387268066,
          "hz": 4228.238232109126
        },
        {
          "acoustic_entropy": 10.184453010559082,
          "acoustic_entropy_side": 10.010886192321777,
          "hz": 4664.6771572759235
        },
        {
          "acoustic_entropy": 9.927643775939941,
          "acoustic_entropy_side": 9.9165620803833,
          "hz": 5139.766595350093
        },
        {
          "acoustic_entropy": 9.854119300842285,
          "acoustic_entropy_side": 9.874197006225586,
          "hz": 5656.929389854203
        },
        {
          "acoustic_entropy": 9.8790864944458,
          "acoustic_entropy_side": 9.909395217895508,
          "hz": 6219.891507268283
        },
        {
          "acoustic_entropy": 9.887214660644531,
          "acoustic_entropy_side": 9.93237018585205,
          "hz": 6832.70888123896
        },
        {
          "acoustic_entropy": 9.857354164123535,
          "acoustic_entropy_side": 9.912737846374512,
          "hz": 7499.796634079867
        },
        {
          "acoustic_entropy": 9.871578216552734,
          "acoustic_entropy_side": 9.911233901977539,
          "hz": 8225.96088609342
        },
        {
          "acoustic_entropy": 9.840923309326172,
          "acoustic_entropy_side": 9.87805461883545,
          "hz": 9016.43338188839
        },
        {
          "acoustic_entropy": 9.911285400390625,
          "acoustic_entropy_side": 9.905010223388672,
          "hz": 9876.909183162974
        },
        {
          "acoustic_entropy": 9.913576126098633,
          "acoustic_entropy_side": 9.905598640441895,
          "hz": 10813.587699516042
        },
        {
          "acoustic_entropy": 9.769031524658203,
          "acoustic_entropy_side": 9.84243106842041,
          "hz": 11833.21735289826
        },
        {
          "acoustic_entropy": 9.472753524780273,
          "acoustic_entropy_side": 9.64461898803711,
          "hz": 12943.144197493959
        },
        {
          "acoustic_entropy": 9.792128562927246,
          "acoustic_entropy_side": 9.842251777648926,
          "hz": 14151.364845322005
        },
        {
          "acoustic_entropy": 9.857714653015137,
          "acoustic_entropy_side": 9.889779090881348,
          "hz": 15466.58407886509
        },
        {
          "acoustic_entropy": 9.911857604980469,
          "acoustic_entropy_side": 9.914006233215332,
          "hz": 16898.27756580493
        },
        {
          "acoustic_entropy": 9.922089576721191,
          "acoustic_entropy_side": 9.919023513793945,
          "hz": 18456.760127700032
        },
        {
          "acoustic_entropy": 9.918455123901367,
          "acoustic_entropy_side": 9.92823600769043,
          "hz": 20153.260054456492
        },
        {
          "acoustic_entropy": 9.92593765258789,
          "acoustic_entropy_side": 9.927750587463379,
          "hz": 22000.00000000001
        }
      ],
      "diff_acoustic_entropy": 7.042638301849365,
      "sn": 6
    },
    {
      "acoustic_entropy": 15.22103500366211,
      "acoustic_entropy_mono": 12.343205451965332,
      "band_eliminated_acoustic_entropies": [
        {
          "acoustic_entropy": 15.218047142028809,
          "acoustic_entropy_side": 15.269776344299316,
          "hz": 129.47220167065723
        },
        {
          "acoustic_entropy": 14.992040634155273,
          "acoustic_entropy_side": 15.540678977966309,
          "hz": 202.92927478742237
        },
        {
          "acoustic_entropy": 15.55086898803711,
          "acoustic_entropy_side": 15.627835273742676,
          "hz": 282.89161906338205
        },
        {
          "acoustic_entropy": 15.510662078857422,
          "acoustic_entropy_side": 15.362853050231934,
          "hz": 369.9353335868758
        },
        {
          "acoustic_entropy": 15.476788520812988,
          "acoustic_entropy_side": 15.355156898498535,
          "hz": 464.6875360973435
        },
        {
          "acoustic_entropy": 16.400630950927734,
          "acoustic_entropy_side": 15.611854553222656,
          "hz": 567.8308811364784
        },
        {
          "acoustic_entropy": 15.428667068481445,
          "acoustic_entropy_side": 15.320357322692871,
          "hz": 680.1084783214808
        },
        {
          "acoustic_entropy": 15.509631156921387,
          "acoustic_entropy_side": 15.52027702331543,
          "hz": 802.3292461747484
        },
        {
          "acoustic_entropy": 15.5214204788208,
          "acoustic_entropy_side": 15.516074180603027,
          "hz": 935.3737400823702
        },
        {
          "acoustic_entropy": 15.58327865600586,
          "acoustic_entropy_side": 15.464847564697266,
          "hz": 1080.2004963696966
        },
        {
          "acoustic_entropy": 15.350966453552246,
          "acoustic_entropy_side": 15.261043548583984,
          "hz": 1237.8529382007157
        },
        {
          "acoustic_entropy": 15.809009552001953,
          "acoustic_entropy_side": 15.688253402709961,
          "hz": 1409.4668930556702
        },
        {
          "acoustic_entropy": 14.988113403320312,
          "acoustic_entropy_side": 14.995329856872559,
          "hz": 1596.2787759475705
        },
        {
          "acoustic_entropy": 15.486924171447754,
          "acoustic_entropy_side": 15.438446998596191,
          "hz": 1799.6344973346393
        },
        {
          "acoustic_entropy": 15.465500831604004,
          "acoustic_entropy_side": 15.300406455993652,
          "hz": 2020.9991599069049
        },
        {
          "acoustic_entropy": 14.688563346862793,
          "acoustic_entropy_side": 15.049201965332031,
          "hz": 2261.9676141086993
        },
        {
          "acoustic_entropy": 15.654361724853516,
          "acoustic_entropy_side": 15.317233085632324,
          "hz": 2524.2759484456974
        },
        {
          "acoustic_entropy": 15.374242782592773,
          "acoustic_entropy_side": 15.245625495910645,
          "hz": 2809.813997359896
        },
        {
          "acoustic_entropy": 15.246929168701172,
          "acoustic_entropy_side": 15.174140930175781,
          "hz": 3120.6389567871424
        },
        {
          "acoustic_entropy": 14.863594055175781,
          "acoustic_entropy_side": 15.120990753173828,
          "hz": 3458.990205492291
        },
        {
          "acoustic_entropy": 15.111882209777832,
          "acoustic_entropy_side": 15.11319637298584,
          "hz": 3827.305438964164
        },
        {
          "acoustic_entropy": 15.04007339477539,
          "acoustic_entropy_side": 15.162135124206543,
          "hz": 4228.238232109126
        },
        {
          "acoustic_entropy": 14.972051620483398,
          "acoustic_entropy_side": 15.115646362304688,
          "hz": 4664.6771572759235
        },
        {
          "acoustic_entropy": 15.118973731994629,
          "acoustic_entropy_side": 15.130105972290039,
          "hz": 5139.766595350093
        },
        {
          "acoustic_entropy": 15.185225486755371,
          "acoustic_entropy_side": 15.194125175476074,
          "hz": 5656.929389854203
        },
        {
          "acoustic_entropy": 15.246892929077148,
          "acoustic_entropy_side": 15.217193603515625,
          "hz": 6219.891507268283
        },
        {
          "acoustic_entropy": 15.177581787109375,
          "acoustic_entropy_side": 15.172901153564453,
          "hz": 6832.70888123896
        },
        {
          "acoustic_entropy": 15.208900451660156,
          "acoustic_entropy_side": 15.151143074035645,
          "hz": 7499.796634079867
        },
        {
          "acoustic_entropy": 15.196554183959961,
          "acoustic_entropy_side": 15.181634902954102,
          "hz": 8225.96088609342
        },
        {
          "acoustic_entropy": 15.13193130493164,
          "acoustic_entropy_side": 15.158242225646973,
          "hz": 9016.43338188839
        },
        {
          "acoustic_entropy": 15.14822006225586,
          "acoustic_entropy_side": 15.213634490966797,
          "hz": 9876.909183162974
        },
        {
          "acoustic_entropy": 15.164775848388672,
          "acoustic_entropy_side": 15.19832706451416,
          "hz": 10813.587699516042
        },
        {
          "acoustic_entropy": 15.084037780761719,
          "acoustic_entropy_side": 15.09225845336914,
          "hz": 11833.21735289826
        },
        {
          "acoustic_entropy": 14.746476173400879,
          "acoustic_entropy_side": 14.95234203338623,
          "hz": 12943.144197493959
        },
        {
          "acoustic_entropy": 15.061554908752441,
          "acoustic_entropy_side": 15.117505073547363,
          "hz": 14151.364845322005
        },
        {
          "acoustic_entropy": 15.167957305908203,
          "acoustic_entropy_side": 15.187092781066895,
          "hz": 15466.58407886509
        },
        {
          "acoustic_entropy": 15.118577003479004,
          "acoustic_entropy_side": 15.179084777832031,
          "hz": 16898.27756580493
        },
        {
          "acoustic_entropy": 15.170076370239258,
          "acoustic_entropy_side": 15.15636920928955,
          "hz": 18456.760127700032
        },
        {
          "acoustic_entropy": 15.140192985534668,
          "acoustic_entropy_side": 15.160710334777832,
          "hz": 20153.260054456492
        },
        {
          "acoustic_entropy": 15.206377029418945,
          "acoustic_entropy_side": 15.19797134399414,
          "hz": 22000.00000000001
        }
      ],
      "diff_acoustic_entropy": 10.142996788024902,
      "sn": 12
    },
    {
      "acoustic_entropy": 23.1270751953125,
      "acoustic_entropy_mono": 18.017807006835938,
      "band_eliminated_acoustic_entropies": [
        {
          "acoustic_entropy": 22.816951751708984,
          "acoustic_entropy_side": 23.04015350341797,
          "hz": 129.47220167065723
        },
        {
          "acoustic_entropy": 22.779624938964844,
          "acoustic_entropy_side": 23.311279296875,
          "hz": 202.92927478742237
        },
        {
          "acoustic_entropy": 23.63517189025879,
          "acoustic_entropy_side": 23.5123291015625,
          "hz": 282.89161906338205
        },
        {
          "acoustic_entropy": 23.297269821166992,
          "acoustic_entropy_side": 23.179325103759766,
          "hz": 369.9353335868758
        },
        {
          "acoustic_entropy": 23.12281608581543,
          "acoustic_entropy_side": 23.15414810180664,
          "hz": 464.6875360973435
        },
        {
          "acoustic_entropy": 23.01889991760254,
          "acoustic_entropy_side": 23.296695709228516,
          "hz": 567.8308811364784
        },
        {
          "acoustic_entropy": 22.706348419189453,
          "acoustic_entropy_side": 22.90679359436035,
          "hz": 680.1084783214808
        },
        {
          "acoustic_entropy": 22.230710983276367,
          "acoustic_entropy_side": 23.43772315979004,
          "hz": 802.3292461747484
        },
        {
          "acoustic_entropy": 22.86404800415039,
          "acoustic_entropy_side": 23.560590744018555,
          "hz": 935.3737400823702
        },
        {
          "acoustic_entropy": 22.40663719177246,
          "acoustic_entropy_side": 23.10318946838379,
          "hz": 1080.2004963696966
        },
        {
          "acoustic_entropy": 22.061817169189453,
          "acoustic_entropy_side": 22.324678421020508,
          "hz": 1237.8529382007157
        },
        {
          "acoustic_entropy": 23.065950393676758,
          "acoustic_entropy_side": 23.12104606628418,
          "hz": 1409.4668930556702
        },
        {
          "acoustic_entropy": 23.242523193359375,
          "acoustic_entropy_side": 23.53851318359375,
          "hz": 1596.2787759475705
        },
        {
          "acoustic_entropy": 23.162822723388672,
          "acoustic_entropy_side": 22.735111236572266,
          "hz": 1799.6344973346393
        },
        {
          "acoustic_entropy": 22.621299743652344,
          "acoustic_entropy_side": 22.387327194213867,
          "hz": 2020.9991599069049
        },
        {
          "acoustic_entropy": 22.780677795410156,
          "acoustic_entropy_side": 23.561660766601562,
          "hz": 2261.9676141086993
        },
        {
          "acoustic_entropy": 22.977331161499023,
          "acoustic_entropy_side": 23.05739402770996,
          "hz": 2524.2759484456974
        },
        {
          "acoustic_entropy": 22.997817993164062,
          "acoustic_entropy_side": 22.995832443237305,
          "hz": 2809.813997359896
        },
        {
          "acoustic_entropy": 23.26586151123047,
          "acoustic_entropy_side": 23.123498916625977,
          "hz": 3120.6389567871424
        },
        {
