{
  "acoustic_entropy": 81.21308135986328,
  "bands": [
    {
      "high_freq": 148.1999969482422,
      "loudness": -49.04296112060547,
      "loudness_range": 27.014089584350586,
      "mid_mean": -45.796382904052734,
      "mid_to_side_loudness": -14.708393096923828,
      "mid_to_side_loudness_range": 11.19589900970459,
      "side_mean": -61.174468994140625
    },
    {
      "high_freq": 392.3793640136719,
      "loudness": -32.96731185913086,
      "loudness_range": 27.55687141418457,
      "low_freq": 148.1999969482422,
      "mid_mean": -30.68276023864746,
      "mid_to_side_loudness": -9.437475204467773,
      "mid_to_side_loudness_range": 19.550899505615234,
      "side_mean": -40.97811508178711
    },
    {
      "high_freq": 794.6976318359375,
      "loudness": -28.839326858520508,
      "loudness_range": 26.701719284057617,
      "low_freq": 392.3793640136719,
      "mid_mean": -25.961130142211914,
      "mid_to_side_loudness": -8.170838356018066,
      "mid_to_side_loudness_range": 10.938602447509766,
      "side_mean": -35.23826599121094
    },
    {
      "high_freq": 1457.5709228515625,
      "loudness": -36.60897445678711,
      "loudness_range": 26.751596450805664,
      "low_freq": 794.6976318359375,
      "mid_mean": -34.27511215209961,
      "mid_to_side_loudness": -7.0668230056762695,
      "mid_to_side_loudness_range": 8.07986068725586,
      "side_mean": -41.9587516784668
    },
    {
      "high_freq": 2549.74365234375,
      "loudness": -42.434661865234375,
      "loudness_range": 29.089611053466797,
      "low_freq": 1457.5709228515625,
      "mid_mean": -41.07368469238281,
      "mid_to_side_loudness": -4.49744176864624,
      "mid_to_side_loudness_range": 7.970180034637451,
      "side_mean": -47.33955383300781
    },
    {
      "high_freq": 4349.24462890625,
      "loudness": -52.49365997314453,
      "loudness_range": 29.270259857177734,
      "low_freq": 2549.74365234375,
      "mid_mean": -56.131500244140625,
      "mid_to_side_loudness": -4.101833820343018,
      "mid_to_side_loudness_range": 7.518019199371338,
      "side_mean": -59.386173248291016
    },
    {
      "high_freq": 7314.1640625,
      "loudness": -64.54801940917969,
      "loudness_range": 28.99066162109375,
      "low_freq": 4349.24462890625,
      "mid_mean": -65.26278686523438,
      "mid_to_side_loudness": -2.8998749256134033,
      "mid_to_side_loudness_range": 6.954477310180664,
      "side_mean": -67.0194091796875
    },
    {
      "high_freq": 12199.2666015625,
      "loudness": -79.7757339477539,
      "loudness_range": 11.273582458496094,
      "low_freq": 7314.1640625,
      "mid_mean": -69.0411605834961,
      "mid_to_side_loudness": -1.310145378112793,
      "mid_to_side_loudness_range": 4.108171463012695,
      "side_mean": -69.42711639404297
    },
    {
      "loudness": 0,
      "loudness_range": 0,
      "low_freq": 12199.2666015625,
      "mid_mean": -69.54157257080078,
      "mid_to_side_loudness": -0.4029127359390259,
      "mid_to_side_loudness_range": 0.7253870368003845,
      "side_mean": -69.5765609741211
    }
  ],
  "bands_short": [
    {
      "high_freq": 148.1999969482422,
      "loudness": -53.747947692871094,
      "loudness_range": 21.156635284423828,
      "mid_mean": -53.470767974853516,
      "mid_to_side_loudness": -17.013586044311523,
      "mid_to_side_loudness_range": 17.13145637512207,
      "side_mean": -65.58727264404297
    },
    {
      "high_freq": 392.3793640136719,
      "loudness": -33.08042526245117,
      "loudness_range": 27.63968276977539,
      "low_freq": 148.1999969482422,
      "mid_mean": -31.072118759155273,
      "mid_to_side_loudness": -9.11391830444336,
      "mid_to_side_loudness_range": 19.549850463867188,
      "side_mean": -41.65665054321289
    },
    {
      "high_freq": 794.6976318359375,
      "loudness": -29.146549224853516,
      "loudness_range": 26.677898406982422,
      "low_freq": 392.3793640136719,
      "mid_mean": -26.217830657958984,
      "mid_to_side_loudness": -8.779801368713379,
      "mid_to_side_loudness_range": 13.301733016967773,
      "side_mean": -36.56198501586914
    },
    {
      "high_freq": 1457.5709228515625,
      "loudness": -35.48451614379883,
      "loudness_range": 28.118732452392578,
      "low_freq": 794.6976318359375,
      "mid_mean": -33.64065170288086,
      "mid_to_side_loudness": -5.571118354797363,
      "mid_to_side_loudness_range": 9.917854309082031,
      "side_mean": -39.86482238769531
    },
    {
      "high_freq": 2549.74365234375,
      "loudness": -42.86006164550781,
      "loudness_range": 29.80343246459961,
      "low_freq": 1457.5709228515625,
      "mid_mean": -41.560306549072266,
      "mid_to_side_loudness": -4.279208660125732,
      "mid_to_side_loudness_range": 9.156847953796387,
      "side_mean": -50.76689910888672
    },
    {
      "high_freq": 4349.24462890625,
      "loudness": -53.257347106933594,
      "loudness_range": 30.429466247558594,
      "low_freq": 2549.74365234375,
      "mid_mean": -56.89970397949219,
      "mid_to_side_loudness": -3.624528646469116,
      "mid_to_side_loudness_range": 8.561323165893555,
      "side_mean": -59.731204986572266
    },
    {
      "high_freq": 7314.1640625,
      "loudness": -66.64422607421875,
      "loudness_range": 30.688941955566406,
      "low_freq": 4349.24462890625,
      "mid_mean": -66.01793670654297,
      "mid_to_side_loudness": -2.6669368743896484,
      "mid_to_side_loudness_range": 7.535209655761719,
      "side_mean": -67.51853942871094
    },
    {
      "high_freq": 12199.2666015625,
      "loudness": -80.28007507324219,
      "loudness_range": 8.145370483398438,
      "low_freq": 7314.1640625,
      "mid_mean": -69.24993133544922,
      "mid_to_side_loudness": -1.072771430015564,
      "mid_to_side_loudness_range": 3.977778434753418,
      "side_mean": -69.50125122070312
    },
    {
      "loudness": 0,
      "loudness_range": 0,
      "low_freq": 12199.2666015625,
      "mid_mean": -69.53975677490234,
      "mid_to_side_loudness": -0.404889315366745,
      "mid_to_side_loudness_range": 1.5545005798339844,
      "side_mean": -69.57479095458984
    }
  ],
  "bandwidth": 623.8936767578125,
  "channels": 2,
  "covariance": [
    [
      89.82832336425781,
      72.82366180419922,
      70.72191619873047,
      77.18550109863281,
      66.31517791748047,
      68.2691421508789,
      73.49076843261719,
      73.78246307373047,
      77.24706268310547,
      80.93922424316406,
      84.00178527832031,
      72.28276824951172,
      43.975807189941406,
      26.22359848022461,
      6.334890842437744,
      2.391930103302002,
      -0.2873282730579376,
      -0.39929986000061035
    ],
    [
      72.82366180419922,
      68.3233413696289,
      58.37624740600586,
      64.47103118896484,
      55.98515701293945,
      57.35502624511719,
      62.086036682128906,
      61.288753509521484,
      65.24481201171875,
      68.40030670166016,
      76.07271575927734,
      64.2603759765625,
      36.22712707519531,
      21.271438598632812,
      4.831830024719238,
      1.8563235998153687,
      -0.02634134702384472,
      -0.12490694224834442
    ],
    [
      70.72191619873047,
      58.37624740600586,
      109.34796142578125,
      112.72444915771484,
      78.92353820800781,
      77.33628845214844,
      94.02374267578125,
      92.46852111816406,
      100.24762725830078,
      101.86035919189453,
      98.57666778564453,
      80.036865234375,
      43.98872375488281,
      26.433666229248047,
      4.10452938079834,
      1.1519523859024048,
      -0.32180386781692505,
      -0.4420275092124939
    ],
    [
      77.18550109863281,
      64.47103118896484,
      112.72444915771484,
      140.56280517578125,
      90.63533782958984,
      86.214111328125,
      100.39019012451172,
      102.2442398071289,
      111.71214294433594,
      111.9013442993164,
      111.15586853027344,
      90.11737823486328,
      52.889862060546875,
      31.510831832885742,
      4.830601692199707,
      1.4115264415740967,
      -0.3707844614982605,
      -0.5280681252479553
    ],
    [
      66.31517791748047,
      55.98515701293945,
      78.92353820800781,
      90.63533782958984,
      99.34375762939453,
      91.49732971191406,
      88.26144409179688,
      89.67511749267578,
      93.90108489990234,
      101.6928482055664,
      106.20240020751953,
      93.57775115966797,
      57.72336959838867,
      37.56964874267578,
      9.637823104858398,
      4.111237049102783,
      -0.39109858870506287,
      -0.5575555562973022
    ],
    [
      68.2691421508789,
      57.35502624511719,
      77.33628845214844,
      86.214111328125,
      91.49732971191406,
      95.91073608398438,
      87.4754409790039,
      89.05498504638672,
      92.0806655883789,
      98.71424865722656,
      105.75770568847656,
      93.32827758789062,
      55.5584602355957,
      35.75965881347656,
      8.952528953552246,
      3.759389877319336,
      -0.37526264786720276,
      -0.5312119126319885
    ],
    [
      73.49076843261719,
      62.086036682128906,
      94.02374267578125,
      100.39019012451172,
      88.26144409179688,
      87.4754409790039,
      102.49788665771484,
      100.9687728881836,
      101.04285430908203,
      105.56059265136719,
      106.06156921386719,
      90.24893951416016,
      53.863101959228516,
      34.074825286865234,
      7.81545877456665,
      3.01318097114563,
      -0.35980528593063354,
      -0.5089623332023621
    ],
    [
      73.78246307373047,
      61.288753509521484,
      92.46852111816406,
      102.2442398071289,
      89.67511749267578,
      89.05498504638672,
      100.9687728881836,
      107.09530639648438,
      103.87556457519531,
      109.5717544555664,
      111.04464721679688,
      94.55508422851562,
      57.174156188964844,
      36.42340087890625,
      8.598186492919922,
      3.38749361038208,
      -0.364901602268219,
      -0.5295232534408569
    ],
    [
      77.24706268310547,
      65.24481201171875,
      100.24762725830078,
      111.71214294433594,
      93.90108489990234,
      92.0806655883789,
      101.04285430908203,
      103.87556457519531,
      120.9063491821289,
      116.1353530883789,
      116.9068603515625,
      99.93341064453125,
      59.525169372558594,
      38.011940002441406,
      9.608077049255371,
      3.9390156269073486,
      -0.3837924003601074,
      -0.5624552965164185
    ],
    [
      80.93922424316406,
      68.40030670166016,
      101.86035919189453,
      111.9013442993164,
      101.6928482055664,
      98.71424865722656,
      105.56059265136719,
      109.5717544555664,
      116.1353530883789,
      139.42552185058594,
      128.5216522216797,
      108.9061050415039,
      63.394771575927734,
      40.9193000793457,
      10.237627029418945,
      4.233121395111084,
      -0.39966002106666565,
      -0.5829083323478699
    ],
    [
      84.00178527832031,
      76.07271575927734,
      98.57666778564453,
      111.15586853027344,
      106.20240020751953,
      105.75770568847656,
      106.06156921386719,
      111.04464721679688,
      116.9068603515625,
      128.5216522216797,
      147.778564453125,
      123.50721740722656,
      72.63063049316406,
      46.86809158325195,
      12.35630989074707,
      5.265874862670898,
      -0.09292241185903549,
      -0.32006505131721497
    ],
    [
      72.28276824951172,
      64.2603759765625,
      80.036865234375,
      90.11737823486328,
      93.57775115966797,
      93.32827758789062,
      90.24893951416016,
      94.55508422851562,
      99.93341064453125,
      108.9061050415039,
      123.50721740722656,
      107.26944732666016,
      64.99541473388672,
      42.7047004699707,
      11.9130859375,
      5.169034481048584,
      -0.12487726658582687,
      -0.3286091685295105
    ],
    [
      43.975807189941406,
      36.22712707519531,
      43.98872375488281,
      52.889862060546875,
      57.72336959838867,
      55.5584602355957,
      53.863101959228516,
      57.174156188964844,
      59.525169372558594,
      63.394771575927734,
      72.63063049316406,
      64.99541473388672,
      50.188697814941406,
      34.06446075439453,
      10.940547943115234,
      4.854720592498779,
      -0.11926999688148499,
      -0.2864588499069214
    ],
    [
      26.22359848022461,
      21.271438598632812,
      26.433666229248047,
      31.510831832885742,
      37.56964874267578,
      35.75965881347656,
      34.074825286865234,
      36.42340087890625,
      38.011940002441406,
      40.9193000793457,
      46.86809158325195,
      42.7047004699707,
      34.06446075439453,
      24.339401245117188,
      8.205166816711426,
      3.657480239868164,
      -0.08262580633163452,
      -0.19760659337043762
    ],
    [
      6.334890842437744,
      4.831830024719238,
      4.10452938079834,
      4.830601692199707,
      9.637823104858398,
      8.952528953552246,
      7.81545877456665,
      8.598186492919922,
      9.608077049255371,
      10.237627029418945,
      12.35630989074707,
      11.9130859375,
      10.940547943115234,
      8.205166816711426,
      4.524311065673828,
      2.2630605697631836,
      -0.0053556752391159534,
      -0.057776883244514465
    ],
    [
      2.391930103302002,
      1.8563235998153687,
      1.1519523859024048,
      1.4115264415740967,
      4.111237049102783,
      3.759389877319336,
      3.01318097114563,
      3.38749361038208,
      3.9390156269073486,
      4.233121395111084,
      5.265874862670898,
      5.169034481048584,
      4.854720592498779,
      3.657480239868164,
      2.2630605697631836,
      1.1951308250427246,
      0.0019334404496476054,
      -0.023611130192875862
    ],
    [
      -0.2873282730579376,
      -0.02634134702384472,
      -0.32180386781692505,
      -0.3707844614982605,
      -0.39109858870506287,
      -0.37526264786720276,
      -0.35980528593063354,
      -0.364901602268219,
      -0.3837924003601074,
      -0.39966002106666565,
      -0.09292241185903549,
      -0.12487726658582687,
      -0.11926999688148499,
      -0.08262580633163452,
      -0.0053556752391159534,
      0.0019334404496476054,
      0.010378041304647923,
      0.009946444071829319
    ],
    [
      -0.39929986000061035,
      -0.12490694224834442,
      -0.4420275092124939,
      -0.5280681252479553,
      -0.5575555562973022,
      -0.5312119126319885,
      -0.5089623332023621,
      -0.5295232534408569,
      -0.5624552965164185,
      -0.5829083323478699,
      -0.32006505131721497,
      -0.3286091685295105,
      -0.2864588499069214,
      -0.19760659337043762,
      -0.057776883244514465,
      -0.023611130192875862,
      0.009946444071829319,
      0.010659691877663136
    ]
  ],
  "covariance_short": [
    [
      95.20868682861328,
      40.189090728759766,
      49.01442337036133,
      57.334266662597656,
      45.37207794189453,
      48.008399963378906,
      48.97581100463867,
      51.16273498535156,
      53.94052505493164,
      108.4845199584961,
      89.97571563720703,
      75.58869171142578,
      38.899559020996094,
      24.670696258544922,
      5.739072322845459,
      2.6893417835235596,
      0.14561307430267334,
      0.005508108530193567
    ],
    [
      40.189090728759766,
      28.490236282348633,
      40.40176773071289,
      45.474849700927734,
      37.393123626708984,
      38.30862045288086,
      38.77927780151367,
      40.090797424316406,
      43.80295944213867,
      52.423126220703125,
      48.786888122558594,
      42.25163650512695,
      22.80213165283203,
      14.142044067382812,
      2.8636443614959717,
      1.2031875848770142,
      -0.058313339948654175,
      -0.13685940206050873
    ],
    [
      49.01442337036133,
      40.40176773071289,
      114.69635009765625,
      115.63374328613281,
      82.73713684082031,
      78.63959503173828,
      95.83535766601562,
      97.39005279541016,
      105.1390151977539,
      104.91503143310547,
      99.9974594116211,
      83.51568603515625,
      39.79465103149414,
      23.273027420043945,
      3.220008134841919,
      1.0093411207199097,
      -0.3316873610019684,
      -0.4594423770904541
    ],
    [
      57.334266662597656,
      45.474849700927734,
      115.63374328613281,
      147.96859741210938,
      93.74855041503906,
      88.0420150756836,
      99.39325714111328,
      105.37813568115234,
      113.7116928100586,
      117.29619598388672,
      113.75375366210938,
      95.1317138671875,
      47.75056838989258,
      27.932085037231445,
      3.6959447860717773,
      1.1624622344970703,
      -0.39026737213134766,
      -0.5545631051063538
    ],
    [
      45.37207794189453,
      37.393123626708984,
      82.73713684082031,
      93.74855041503906,
      101.57811737060547,
      93.14051055908203,
      89.08538818359375,
      92.70843505859375,
      96.47049713134766,
      100.16332244873047,
      106.00645446777344,
      96.21723175048828,
      52.85349655151367,
      34.11144256591797,
      6.838769435882568,
      2.9896292686462402,
      -0.42376965284347534,
      -0.6064215898513794
    ],
    [
      48.008399963378906,
      38.30862045288086,
      78.63959503173828,
      88.0420150756836,
      93.14051055908203,
      98.3887710571289,
      83.62836456298828,
      88.06644439697266,
      91.49726867675781,
      97.39944458007812,
      104.57234191894531,
      94.25138854980469,
      50.533111572265625,
      32.333274841308594,
      6.803974628448486,
      2.998023271560669,
      -0.38673657178878784,
      -0.5666059851646423
    ],
    [
      48.97581100463867,
      38.77927780151367,
      95.83535766601562,
      99.39325714111328,
      89.08538818359375,
      83.62836456298828,
      108.06853485107422,
      103.88583374023438,
      105.84932708740234,
      109.23637390136719,
      104.74905395507812,
      93.29471588134766,
      50.99795150756836,
      32.76443862915039,
      7.066740989685059,
      3.276780128479004,
      -0.36537283658981323,
      -0.543755829334259
    ],
    [
      51.16273498535156,
      40.090797424316406,
      97.39005279541016,
      105.37813568115234,
      92.70843505859375,
      88.06644439697266,
      103.88583374023438,
      115.42632293701172,
      108.76118469238281,
      112.37611389160156,
      110.36265563964844,
      97.22530364990234,
      52.34044647216797,
      32.77356719970703,
      6.370772838592529,
      2.728882074356079,
      -0.3958577811717987,
      -0.5749369263648987
    ],
    [
      53.94052505493164,
      43.80295944213867,
      105.1390151977539,
      113.7116928100586,
      96.47049713134766,
      91.49726867675781,
      105.84932708740234,
      108.76118469238281,
      124.69383239746094,
      118.25169372558594,
      116.76820373535156,
      102.02056121826172,
      54.300846099853516,
      34.22519302368164,
      7.240635871887207,
      3.2573511600494385,
      -0.3986346125602722,
      -0.596403956413269
    ],
    [
      108.4845199584961,
      52.423126220703125,
      104.91503143310547,
      117.29619598388672,
      100.16332244873047,
      97.39944458007812,
      109.23637390136719,
      112.37611389160156,
      118.25169372558594,
      179.989990234375,
      149.37533569335938,
      126.72687530517578,
      60.98752212524414,
      38.577064514160156,
      8.085960388183594,
      3.7672674655914307,
      0.039065971970558167,
      -0.19041314721107483
    ],
    [
      89.97571563720703,
      48.786888122558594,
      99.9974594116211,
      113.75375366210938,
      106.00645446777344,
      104.57234191894531,
      104.74905395507812,
      110.36265563964844,
      116.76820373535156,
      149.37533569335938,
      143.83755493164062,
      122.08377075195312,
      63.43632507324219,
      40.50426483154297,
      9.15877914428711,
      4.248104095458984,
      -0.10285638272762299,
      -0.34585732221603394
    ],
    [
      75.58869171142578,
      42.25163650512695,
      83.51568603515625,
      95.1317138671875,
      96.21723175048828,
      94.25138854980469,
      93.29471588134766,
      97.22530364990234,
      102.02056121826172,
      126.72687530517578,
      122.08377075195312,
      109.2657699584961,
      57.76472091674805,
      37.70050048828125,
      8.715737342834473,
      4.086663722991943,
      -0.14128214120864868,
      -0.3621407151222229
    ],
    [
      38.899559020996094,
      22.80213165283203,
      39.79465103149414,
      47.75056838989258,
      52.85349655151367,
      50.533111572265625,
      50.99795150756836,
      52.34044647216797,
      54.300846099853516,
      60.98752212524414,
      63.43632507324219,
      57.76472091674805,
      41.4415283203125,
      27.946352005004883,
      7.830722808837891,
      3.867974042892456,
      -0.10753421485424042,
      -0.28849855065345764
    ],
    [
      24.670696258544922,
      14.142044067382812,
      23.273027420043945,
      27.932085037231445,
      34.11144256591797,
      32.333274841308594,
      32.76443862915039,
      32.77356719970703,
      34.22519302368164,
      38.577064514160156,
      40.50426483154297,
      37.70050048828125,
      27.946352005004883,
      20.368974685668945,
      5.983423233032227,
      2.973231077194214,
      -0.06898621469736099,
      -0.1977318525314331
    ],
    [
      5.739072322845459,
      2.8636443614959717,
      3.220008134841919,
      3.6959447860717773,
      6.838769435882568,
      6.803974628448486,
      7.066740989685059,
      6.370772838592529,
      7.240635871887207,
      8.085960388183594,
      9.15877914428711,
      8.715737342834473,
      7.830722808837891,
      5.983423233032227,
      3.145015239715576,
      1.7505944967269897,
      0.02504127100110054,
      -0.04083389788866043
    ],
    [
      2.6893417835235596,
      1.2031875848770142,
      1.0093411207199097,
      1.1624622344970703,
      2.9896292686462402,
      2.998023271560669,
      3.276780128479004,
      2.728882074356079,
      3.2573511600494385,
      3.7672674655914307,
      4.248104095458984,
      4.086663722991943,
      3.867974042892456,
      2.973231077194214,
      1.7505944967269897,
      1.0639595985412598,
      0.020317930728197098,
      -0.016018785536289215
    ],
    [
      0.14561307430267334,
      -0.058313339948654175,
      -0.3316873610019684,
      -0.39026737213134766,
      -0.42376965284347534,
      -0.38673657178878784,
      -0.36537283658981323,
      -0.3958577811717987,
      -0.3986346125602722,
      0.039065971970558167,
      -0.10285638272762299,
      -0.14128214120864868,
      -0.10753421485424042,
      -0.06898621469736099,
      0.02504127100110054,
      0.020317930728197098,
      0.014335185289382935,
      0.011007475666701794
    ],
    [
      0.005508108530193567,
      -0.13685940206050873,
      -0.4594423770904541,
      -0.5545631051063538,
      -0.6064215898513794,
      -0.5666059851646423,
      -0.543755829334259,
      -0.5749369263648987,
      -0.596403956413269,
      -0.19041314721107483,
      -0.34585732221603394,
      -0.3621407151222229,
      -0.28849855065345764,
      -0.1977318525314331,
      -0.04083389788866043,
      -0.016018785536289215,
      0.011007475666701794,
      0.012375802733004093
    ]
  ],
  "damage": -8.078752517700195,
  "diff_bandwidth": 644.703369140625,
  "dissonance": 2.8656126256255616,
  "drr": 5.23336124420166,
  "dynamics": 8.366226196289062,
  "format": 1245190,
  "frames": 2658304,
  "loudness": -20.917016983032227,
  "loudness_range": 25.374032974243164,
  "loudness_range_short": 26.18682861328125,
  "lowpass_true_peak_15khz": -1.937356948852539,
  "mastering3_acoustic_entropies": [
    {
      "acoustic_entropy": 5.331679821014404,
      "acoustic_entropy_mono": 4.563396453857422,
      "band_eliminated_acoustic_entropies": [
        {
          "acoustic_entropy": 5.331593036651611,
          "acoustic_entropy_side": 5.3316802978515625,
          "hz": 129.47220167065723
        },
        {
          "acoustic_entropy": 5.299228668212891,
          "acoustic_entropy_side": 5.33146333694458,
          "hz": 202.92927478742237
        },
        {
          "acoustic_entropy": 5.133787631988525,
          "acoustic_entropy_side": 5.3224968910217285,
          "hz": 282.89161906338205
        },
        {
          "acoustic_entropy": 4.642280578613281,
          "acoustic_entropy_side": 5.2057318687438965,
          "hz": 369.9353335868758
        },
        {
          "acoustic_entropy": 5.145780563354492,
          "acoustic_entropy_side": 5.2989301681518555,
          "hz": 464.6875360973435
        },
        {
          "acoustic_entropy": 4.8550705909729,
          "acoustic_entropy_side": 5.306264400482178,
          "hz": 567.8308811364784
        },
        {
          "acoustic_entropy": 5.0512003898620605,
          "acoustic_entropy_side": 5.347514629364014,
          "hz": 680.1084783214808
        },
        {
          "acoustic_entropy": 5.142049789428711,
          "acoustic_entropy_side": 5.174958229064941,
          "hz": 802.3292461747484
        },
        {
          "acoustic_entropy": 5.318097114562988,
          "acoustic_entropy_side": 5.381138801574707,
          "hz": 935.3737400823702
        },
        {
          "acoustic_entropy": 5.166781425476074,
          "acoustic_entropy_side": 5.15049934387207,
          "hz": 1080.2004963696966
        },
        {
          "acoustic_entropy": 4.987828731536865,
          "acoustic_entropy_side": 5.265599727630615,
          "hz": 1237.8529382007157
        },
        {
          "acoustic_entropy": 5.415844440460205,
          "acoustic_entropy_side": 5.3315558433532715,
          "hz": 1409.4668930556702
        },
        {
          "acoustic_entropy": 4.713983058929443,
          "acoustic_entropy_side": 5.30528450012207,
          "hz": 1596.2787759475705
        },
        {
          "acoustic_entropy": 5.306908130645752,
          "acoustic_entropy_side": 5.330167770385742,
          "hz": 1799.6344973346393
        },
        {
          "acoustic_entropy": 5.197892665863037,
          "acoustic_entropy_side": 5.333615303039551,
          "hz": 2020.9991599069049
        },
        {
          "acoustic_entropy": 5.405981063842773,
          "acoustic_entropy_side": 5.349034786224365,
          "hz": 2261.9676141086993
        },
        {
          "acoustic_entropy": 5.330843925476074,
          "acoustic_entropy_side": 5.326466083526611,
          "hz": 2524.2759484456974
        },
        {
          "acoustic_entropy": 5.336507320404053,
          "acoustic_entropy_side": 5.330769062042236,
          "hz": 2809.813997359896
        },
        {
          "acoustic_entropy": 5.318892955780029,
          "acoustic_entropy_side": 5.3281378746032715,
          "hz": 3120.6389567871424
        },
        {
          "acoustic_entropy": 5.327608585357666,
          "acoustic_entropy_side": 5.3307952880859375,
          "hz": 3458.990205492291
        },
        {
          "acoustic_entropy": 5.327816963195801,
          "acoustic_entropy_side": 5.331711292266846,
          "hz": 3827.305438964164
        },
        {
          "acoustic_entropy": 5.330516815185547,
          "acoustic_entropy_side": 5.3316192626953125,
          "hz": 4228.238232109126
        },
        {
          "acoustic_entropy": 5.330724716186523,
          "acoustic_entropy_side": 5.331665992736816,
          "hz": 4664.6771572759235
        },
        {
          "acoustic_entropy": 5.331574440002441,
          "acoustic_entropy_side": 5.331665992736816,
          "hz": 5139.766595350093
        },
        {
          "acoustic_entropy": 5.331670761108398,
          "acoustic_entropy_side": 5.331674575805664,
          "hz": 5656.929389854203
        },
        {
          "acoustic_entropy": 5.331666469573975,
          "acoustic_entropy_side": 5.331679344177246,
          "hz": 6219.891507268283
        },
        {
          "acoustic_entropy": 5.331672191619873,
          "acoustic_entropy_side": 5.331679821014404,
          "hz": 6832.70888123896
        },
        {
          "acoustic_entropy": 5.331682205200195,
          "acoustic_entropy_side": 5.331679821014404,
          "hz": 7499.796634079867
        },
        {
          "acoustic_entropy": 5.331680774688721,
          "acoustic_entropy_side": 5.331679821014404,
          "hz": 8225.96088609342
        },
        {
          "acoustic_entropy": 5.331679821014404,
          "acoustic_entropy_side": 5.331679821014404,
          "hz": 9016.43338188839
        },
        {
          "acoustic_entropy": 5.331679821014404,
          "acoustic_entropy_side": 5.331679821014404,
          "hz": 9876.909183162974
        },
        {
          "acoustic_entropy": 5.331679821014404,
          "acoustic_entropy_side": 5.331679821014404,
          "hz": 10813.587699516042
        },
        {
          "acoustic_entropy": 5.331679821014404,
          "acoustic_entropy_side": 5.331679821014404,
          "hz": 11833.21735289826
        },
        {
          "acoustic_entropy": 5.331679821014404,
          "acoustic_entropy_side": 5.331679821014404,
          "hz": 12943.144197493959
        },
        {
          "acoustic_entropy": 5.331679821014404,
          "acoustic_entropy_side": 5.331679821014404,
          "hz": 14151.364845322005
        },
        {
          "acoustic_entropy": 5.331679821014404,
          "acoustic_entropy_side": 5.331679821014404,
          "hz": 15466.58407886509
        },
        {
          "acoustic_entropy": 5.331679821014404,
          "acoustic_entropy_side": 5.331679821014404,
          "hz": 16898.27756580493
        },
        {
          "acoustic_entropy": 5.331679821014404,
          "acoustic_entropy_side": 5.331679821014404,
          "hz": 18456.760127700032
        },
        {
          "acoustic_entropy": 5.331679821014404,
          "acoustic_entropy_side": 5.331679821014404,
          "hz": 20153.260054456492
        },
        {
          "acoustic_entropy": 5.331679821014404,
          "acoustic_entropy_side": 5.331679821014404,
          "hz": 22000.00000000001
        }
      ],
      "diff_acoustic_entropy": 2.7663564682006836,
      "sn": 6
    },
    {
      "acoustic_entropy": 7.859920978546143,
      "acoustic_entropy_mono": 6.532021999359131,
      "band_eliminated_acoustic_entropies": [
        {
          "acoustic_entropy": 7.858115196228027,
          "acoustic_entropy_side": 7.859915733337402,
          "hz": 129.47220167065723
        },
        {
          "acoustic_entropy": 7.8276448249816895,
          "acoustic_entropy_side": 7.855611801147461,
          "hz": 202.92927478742237
        },
        {
          "acoustic_entropy": 7.719566822052002,
          "acoustic_entropy_side": 7.833532333374023,
          "hz": 282.89161906338205
        },
        {
          "acoustic_entropy": 6.809201717376709,
          "acoustic_entropy_side": 7.653918266296387,
          "hz": 369.9353335868758
        },
        {
          "acoustic_entropy": 7.3826518058776855,
          "acoustic_entropy_side": 7.671420574188232,
          "hz": 464.6875360973435
        },
        {
          "acoustic_entropy": 7.119701862335205,
          "acoustic_entropy_side": 7.884650707244873,
          "hz": 567.8308811364784
        },
        {
          "acoustic_entropy": 7.383212089538574,
          "acoustic_entropy_side": 7.758236408233643,
          "hz": 680.1084783214808
        },
        {
          "acoustic_entropy": 7.717017650604248,
          "acoustic_entropy_side": 7.530126571655273,
          "hz": 802.3292461747484
        },
        {
          "acoustic_entropy": 7.278139114379883,
          "acoustic_entropy_side": 7.596144676208496,
          "hz": 935.3737400823702
        },
        {
          "acoustic_entropy": 7.660244464874268,
          "acoustic_entropy_side": 7.656346797943115,
          "hz": 1080.2004963696966
        },
        {
          "acoustic_entropy": 7.431362152099609,
          "acoustic_entropy_side": 7.537093639373779,
          "hz": 1237.8529382007157
        },
        {
          "acoustic_entropy": 7.81157922744751,
          "acoustic_entropy_side": 7.8445634841918945,
          "hz": 1409.4668930556702
        },
        {
          "acoustic_entropy": 7.799713134765625,
          "acoustic_entropy_side": 7.871397972106934,
          "hz": 1596.2787759475705
        },
        {
          "acoustic_entropy": 7.66238260269165,
          "acoustic_entropy_side": 7.797050476074219,
          "hz": 1799.6344973346393
        },
        {
          "acoustic_entropy": 7.455955505371094,
          "acoustic_entropy_side": 7.937556743621826,
          "hz": 2020.9991599069049
        },
        {
          "acoustic_entropy": 8.051570892333984,
          "acoustic_entropy_side": 7.8639092445373535,
          "hz": 2261.9676141086993
        },
        {
          "acoustic_entropy": 7.77601957321167,
          "acoustic_entropy_side": 7.838239669799805,
          "hz": 2524.2759484456974
        },
        {
          "acoustic_entropy": 7.926047325134277,
          "acoustic_entropy_side": 7.893782138824463,
          "hz": 2809.813997359896
        },
        {
          "acoustic_entropy": 7.735878944396973,
          "acoustic_entropy_side": 7.844002723693848,
          "hz": 3120.6389567871424
        },
        {
          "acoustic_entropy": 7.889951705932617,
          "acoustic_entropy_side": 7.8703107833862305,
          "hz": 3458.990205492291
        },
        {
          "acoustic_entropy": 7.85568904876709,
          "acoustic_entropy_side": 7.8637590408325195,
          "hz": 3827.305438964164
        },
        {
          "acoustic_entropy": 7.8765435218811035,
          "acoustic_entropy_side": 7.861690998077393,
          "hz": 4228.238232109126
        },
        {
          "acoustic_entropy": 7.882900238037109,
          "acoustic_entropy_side": 7.860744476318359,
          "hz": 4664.6771572759235
        },
        {
          "acoustic_entropy": 7.865671157836914,
          "acoustic_entropy_side": 7.860373497009277,
          "hz": 5139.766595350093
        },
        {
          "acoustic_entropy": 7.861011505126953,
          "acoustic_entropy_side": 7.860049724578857,
          "hz": 5656.929389854203
        },
        {
          "acoustic_entropy": 7.859853267669678,
          "acoustic_entropy_side": 7.859947681427002,
          "hz": 6219.891507268283
        },
        {
          "acoustic_entropy": 7.85992431640625,
          "acoustic_entropy_side": 7.859922409057617,
          "hz": 6832.70888123896
        },
        {
          "acoustic_entropy": 7.85994291305542,
          "acoustic_entropy_side": 7.859920501708984,
          "hz": 7499.796634079867
        },
        {
          "acoustic_entropy": 7.859927654266357,
          "acoustic_entropy_side": 7.859920024871826,
          "hz": 8225.96088609342
        },
        {
          "acoustic_entropy": 7.859923839569092,
          "acoustic_entropy_side": 7.859920978546143,
          "hz": 9016.43338188839
        },
        {
          "acoustic_entropy": 7.859917163848877,
          "acoustic_entropy_side": 7.859920978546143,
          "hz": 9876.909183162974
        },
        {
          "acoustic_entropy": 7.859920978546143,
          "acoustic_entropy_side": 7.859920978546143,
          "hz": 10813.587699516042
        },
        {
          "acoustic_entropy": 7.859920978546143,
          "acoustic_entropy_side": 7.859920978546143,
          "hz": 11833.21735289826
        },
        {
          "acoustic_entropy": 7.859920978546143,
          "acoustic_entropy_side": 7.859920978546143,
          "hz": 12943.144197493959
        },
        {
          "acoustic_entropy": 7.859920978546143,
          "acoustic_entropy_side": 7.859920978546143,
          "hz": 14151.364845322005
        },
        {
          "acoustic_entropy": 7.859920978546143,
          "acoustic_entropy_side": 7.859920978546143,
          "hz": 15466.58407886509
        },
        {
          "acoustic_entropy": 7.859920978546143,
          "acoustic_entropy_side": 7.859920978546143,
          "hz": 16898.27756580493
        },
        {
          "acoustic_entropy": 7.859920978546143,
          "acoustic_entropy_side": 7.859920978546143,
          "hz": 18456.760127700032
        },
        {
          "acoustic_entropy": 7.859920978546143,
          "acoustic_entropy_side": 7.859920978546143,
          "hz": 20153.260054456492
        },
        {
          "acoustic_entropy": 7.859920978546143,
          "acoustic_entropy_side": 7.859920978546143,
          "hz": 22000.00000000001
        }
      ],
      "diff_acoustic_entropy": 3.990112543106079,
      "sn": 12
    },
    {
      "acoustic_entropy": 12.163050651550293,
      "acoustic_entropy_mono": 10.830410957336426,
      "band_eliminated_acoustic_entropies": [
        {
          "acoustic_entropy": 12.171125411987305,
          "acoustic_entropy_side": 12.163389205932617,
          "hz": 129.47220167065723
        },
        {
          "acoustic_entropy": 12.181761741638184,
          "acoustic_entropy_side": 12.33901309967041,
          "hz": 202.92927478742237
        },
        {
          "acoustic_entropy": 12.518473625183105,
          "acoustic_entropy_side": 12.29570198059082,
          "hz": 282.89161906338205
        },
        {
          "acoustic_entropy": 12.341297149658203,
          "acoustic_entropy_side": 12.735416412353516,
          "hz": 369.9353335868758
        },
        {
          "acoustic_entropy": 11.62172794342041,
          "acoustic_entropy_side": 12.446098327636719,
          "hz": 464.6875360973435
        },
        {
          "acoustic_entropy": 11.813647270202637,
          "acoustic_entropy_side": 11.793017387390137,
          "hz": 567.8308811364784
        },
        {
          "acoustic_entropy": 11.97620964050293,
          "acoustic_entropy_side": 12.150029182434082,
          "hz": 680.1084783214808
        },
        {
          "acoustic_entropy": 12.448930740356445,
          "acoustic_entropy_side": 12.24657917022705,
          "hz": 802.3292461747484
        },
        {
          "acoustic_entropy": 12.954967498779297,
          "acoustic_entropy_side": 11.755271911621094,
          "hz": 935.3737400823702
        },
        {
          "acoustic_entropy": 12.363799095153809,
          "acoustic_entropy_side": 12.573659896850586,
          "hz": 1080.2004963696966
        },
        {
          "acoustic_entropy": 11.830032348632812,
          "acoustic_entropy_side": 11.939340591430664,
          "hz": 1237.8529382007157
        },
        {
          "acoustic_entropy": 12.324345588684082,
          "acoustic_entropy_side": 12.253520011901855,
          "hz": 1409.4668930556702
        },
        {
          "acoustic_entropy": 11.329212188720703,
          "acoustic_entropy_side": 12.130142211914062,
          "hz": 1596.2787759475705
        },
        {
          "acoustic_entropy": 12.24963665008545,
          "acoustic_entropy_side": 11.89404582977295,
          "hz": 1799.6344973346393
        },
        {
          "acoustic_entropy": 12.209811210632324,
          "acoustic_entropy_side": 12.311749458312988,
          "hz": 2020.9991599069049
        },
        {
          "acoustic_entropy": 12.225038528442383,
          "acoustic_entropy_side": 12.486471176147461,
          "hz": 2261.9676141086993
        },
        {
          "acoustic_entropy": 11.957857131958008,
          "acoustic_entropy_side": 12.256495475769043,
          "hz": 2524.2759484456974
        },
        {
          "acoustic_entropy": 12.476731300354004,
          "acoustic_entropy_side": 12.340766906738281,
          "hz": 2809.813997359896
        },
        {
