{
  "acoustic_entropy": 212.25909423828125,
  "bands": [
    {
      "high_freq": 148.1999969482422,
      "loudness": -32.128726959228516,
      "loudness_range": 14.91429328918457,
      "mid_mean": -29.82997703552246,
      "mid_to_side_loudness": -4.611863136291504,
      "mid_to_side_loudness_range": 6.03731632232666,
      "side_mean": -34.4436149597168
    },
    {
      "high_freq": 392.3793640136719,
      "loudness": -31.986059188842773,
      "loudness_range": 11.806976318359375,
      "low_freq": 148.1999969482422,
      "mid_mean": -30.5402889251709,
      "mid_to_side_loudness": -1.9798495769500732,
      "mid_to_side_loudness_range": 5.692255973815918,
      "side_mean": -32.485084533691406
    },
    {
      "high_freq": 794.6976318359375,
      "loudness": -31.32768440246582,
      "loudness_range": 9.875473022460938,
      "low_freq": 392.3793640136719,
      "mid_mean": -30.031293869018555,
      "mid_to_side_loudness": -1.6337635517120361,
      "mid_to_side_loudness_range": 5.815057754516602,
      "side_mean": -31.666051864624023
    },
    {
      "high_freq": 1457.5709228515625,
      "loudness": -31.463947296142578,
      "loudness_range": 11.552696228027344,
      "low_freq": 794.6976318359375,
      "mid_mean": -30.178695678710938,
      "mid_to_side_loudness": -1.5542386770248413,
      "mid_to_side_loudness_range": 5.376283645629883,
      "side_mean": -31.713497161865234
    },
    {
      "high_freq": 2549.74365234375,
      "loudness": -33.00822067260742,
      "loudness_range": 14.649749755859375,
      "low_freq": 1457.5709228515625,
      "mid_mean": -31.28396224975586,
      "mid_to_side_loudness": -2.7121143341064453,
      "mid_to_side_loudness_range": 5.7756500244140625,
      "side_mean": -34.019554138183594
    },
    {
      "high_freq": 4349.24462890625,
      "loudness": -39.08390808105469,
      "loudness_range": 18.77092170715332,
      "low_freq": 2549.74365234375,
      "mid_mean": -37.36838150024414,
      "mid_to_side_loudness": -2.537294387817383,
      "mid_to_side_loudness_range": 4.363994598388672,
      "side_mean": -39.925533294677734
    },
    {
      "high_freq": 7314.1640625,
      "loudness": -46.947044372558594,
      "loudness_range": 20.62188720703125,
      "low_freq": 4349.24462890625,
      "mid_mean": -45.597225189208984,
      "mid_to_side_loudness": -1.5626142024993896,
      "mid_to_side_loudness_range": 2.5912346839904785,
      "side_mean": -47.12458419799805
    },
    {
      "high_freq": 12199.2666015625,
      "loudness": -51.618133544921875,
      "loudness_range": 23.240985870361328,
      "low_freq": 7314.1640625,
      "mid_mean": -50.578121185302734,
      "mid_to_side_loudness": -1.8010259866714478,
      "mid_to_side_loudness_range": 1.4501631259918213,
      "side_mean": -52.20977783203125
    },
    {
      "loudness": -58.25455093383789,
      "loudness_range": 24.842117309570312,
      "low_freq": 12199.2666015625,
      "mid_mean": -56.02133560180664,
      "mid_to_side_loudness": -3.4654223918914795,
      "mid_to_side_loudness_range": 2.4714341163635254,
      "side_mean": -59.02743148803711
    }
  ],
  "bands_short": [
    {
      "high_freq": 148.1999969482422,
      "loudness": -34.47714614868164,
      "loudness_range": 18.844772338867188,
      "mid_mean": -32.14812469482422,
      "mid_to_side_loudness": -5.096406936645508,
      "mid_to_side_loudness_range": 9.235151290893555,
      "side_mean": -37.318912506103516
    },
    {
      "high_freq": 392.3793640136719,
      "loudness": -31.920310974121094,
      "loudness_range": 14.128278732299805,
      "low_freq": 148.1999969482422,
      "mid_mean": -30.58746337890625,
      "mid_to_side_loudness": -2.0662591457366943,
      "mid_to_side_loudness_range": 9.388967514038086,
      "side_mean": -32.64719009399414
    },
    {
      "high_freq": 794.6976318359375,
      "loudness": -31.983936309814453,
      "loudness_range": 12.261270523071289,
      "low_freq": 392.3793640136719,
      "mid_mean": -30.908042907714844,
      "mid_to_side_loudness": -1.4844212532043457,
      "mid_to_side_loudness_range": 10.13007640838623,
      "side_mean": -32.4227409362793
    },
    {
      "high_freq": 1457.5709228515625,
      "loudness": -31.706308364868164,
      "loudness_range": 13.12791633605957,
      "low_freq": 794.6976318359375,
      "mid_mean": -30.68620491027832,
      "mid_to_side_loudness": -1.29323148727417,
      "mid_to_side_loudness_range": 9.221661567687988,
      "side_mean": -31.982881546020508
    },
    {
      "high_freq": 2549.74365234375,
      "loudness": -34.1601448059082,
      "loudness_range": 17.591306686401367,
      "low_freq": 1457.5709228515625,
      "mid_mean": -32.80220031738281,
      "mid_to_side_loudness": -2.143343448638916,
      "mid_to_side_loudness_range": 9.49896240234375,
      "side_mean": -34.96891784667969
    },
    {
      "high_freq": 4349.24462890625,
      "loudness": -39.96928787231445,
      "loudness_range": 22.120681762695312,
      "low_freq": 2549.74365234375,
      "mid_mean": -38.466190338134766,
      "mid_to_side_loudness": -2.1711583137512207,
      "mid_to_side_loudness_range": 6.461662292480469,
      "side_mean": -40.672698974609375
    },
    {
      "high_freq": 7314.1640625,
      "loudness": -48.3379020690918,
      "loudness_range": 24.068065643310547,
      "low_freq": 4349.24462890625,
      "mid_mean": -47.03669738769531,
      "mid_to_side_loudness": -1.4549766778945923,
      "mid_to_side_loudness_range": 3.6222524642944336,
      "side_mean": -48.49986267089844
    },
    {
      "high_freq": 12199.2666015625,
      "loudness": -53.53737258911133,
      "loudness_range": 27.968170166015625,
      "low_freq": 7314.1640625,
      "mid_mean": -52.32429122924805,
      "mid_to_side_loudness": -1.7513638734817505,
      "mid_to_side_loudness_range": 2.6072680950164795,
      "side_mean": -53.89502716064453
    },
    {
      "loudness": -61.188262939453125,
      "loudness_range": 24.166053771972656,
      "low_freq": 12199.2666015625,
      "mid_mean": -58.79098129272461,
      "mid_to_side_loudness": -2.8543620109558105,
      "mid_to_side_loudness_range": 3.9172003269195557,
      "side_mean": -61.16331100463867
    }
  ],
  "bandwidth": 542.80908203125,
  "channels": 2,
  "covariance": [
    [
      27.975778579711914,
      24.912206649780273,
      15.521427154541016,
      14.486565589904785,
      8.732077598571777,
      10.041959762573242,
      10.34793758392334,
      11.067666053771973,
      12.257874488830566,
      14.260669708251953,
      19.827970504760742,
      20.186620712280273,
      27.315000534057617,
      28.254680633544922,
      33.25125503540039,
      33.9083251953125,
      28.90416145324707,
      27.08978271484375
    ],
    [
      24.912206649780273,
      27.006275177001953,
      15.081040382385254,
      14.0297212600708,
      8.820223808288574,
      10.025991439819336,
      9.613948822021484,
      10.522245407104492,
      11.834792137145996,
      13.917510986328125,
      19.523942947387695,
      19.82317543029785,
      26.40269660949707,
      27.17293357849121,
      31.640804290771484,
      32.315521240234375,
      27.076169967651367,
      25.57868766784668
    ],
    [
      15.521427154541016,
      15.081040382385254,
      18.1684513092041,
      15.621391296386719,
      11.140657424926758,
      12.179075241088867,
      12.127392768859863,
      13.004945755004883,
      14.875694274902344,
      15.784364700317383,
      20.692541122436523,
      20.020200729370117,
      24.552560806274414,
      24.566423416137695,
      26.61440658569336,
      26.590152740478516,
      23.080615997314453,
      21.545808792114258
    ],
    [
      14.486565589904785,
      14.0297212600708,
      15.621391296386719,
      17.15353775024414,
      10.843113899230957,
      11.520524024963379,
      11.226761817932129,
      12.255048751831055,
      14.202339172363281,
      14.797595024108887,
      19.110557556152344,
      18.605436325073242,
      22.78573226928711,
      22.861780166625977,
      24.498306274414062,
      24.545961380004883,
      21.251705169677734,
      19.92621612548828
    ],
    [
      8.732077598571777,
      8.820223808288574,
      11.140657424926758,
      10.843113899230957,
      13.451654434204102,
      11.766157150268555,
      12.10911750793457,
      12.434247970581055,
      16.113128662109375,
      15.570910453796387,
      19.443561553955078,
      18.281490325927734,
      18.7778263092041,
      18.385099411010742,
      18.169143676757812,
      17.84317970275879,
      14.9624605178833,
      13.765775680541992
    ],
    [
      10.041959762573242,
      10.025991439819336,
      12.179075241088867,
      11.520524024963379,
      11.766157150268555,
      14.243144035339355,
      12.848029136657715,
      13.554983139038086,
      15.931573867797852,
      16.306238174438477,
      19.991722106933594,
      18.93889045715332,
      20.483871459960938,
      20.13038444519043,
      20.58152961730957,
      20.23797035217285,
      17.038625717163086,
      15.720978736877441
    ],
    [
      10.34793758392334,
      9.613948822021484,
      12.127392768859863,
      11.226761817932129,
      12.10911750793457,
      12.848029136657715,
      18.130590438842773,
      17.086673736572266,
      19.326520919799805,
      19.660112380981445,
      24.61136245727539,
      22.758562088012695,
      23.570348739624023,
      22.937789916992188,
      23.19828987121582,
      22.55613136291504,
      19.037647247314453,
      17.418697357177734
    ],
    [
      11.067666053771973,
      10.522245407104492,
      13.004945755004883,
      12.255048751831055,
      12.434247970581055,
      13.554983139038086,
      17.086673736572266,
      19.490352630615234,
      19.083967208862305,
      19.863819122314453,
      24.2665958404541,
      22.827312469482422,
      24.602209091186523,
      24.01776695251465,
      24.384267807006836,
      23.874147415161133,
      19.53914451599121,
      18.03737449645996
    ],
    [
      12.257874488830566,
      11.834792137145996,
      14.875694274902344,
      14.202339172363281,
      16.113128662109375,
      15.931573867797852,
      19.326520919799805,
      19.083967208862305,
      30.56938362121582,
      26.964019775390625,
      32.54487991333008,
      29.972766876220703,
      30.730175018310547,
      29.348787307739258,
      28.808368682861328,
      27.924352645874023,
      24.343751907348633,
      22.284847259521484
    ],
    [
      14.260669708251953,
      13.917510986328125,
      15.784364700317383,
      14.797595024108887,
      15.570910453796387,
      16.306238174438477,
      19.660112380981445,
      19.863819122314453,
      26.964019775390625,
      27.9246768951416,
      31.905799865722656,
      30.29763412475586,
      31.88032341003418,
      31.152170181274414,
      31.117387771606445,
      30.539453506469727,
      25.912687301635742,
      24.00990867614746
    ],
    [
      19.827970504760742,
      19.523942947387695,
      20.692541122436523,
      19.110557556152344,
      19.443561553955078,
      19.991722106933594,
      24.61136245727539,
      24.2665958404541,
      32.54487991333008,
      31.905799865722656,
      47.94522476196289,
      42.62054443359375,
      45.36357116699219,
      43.882225036621094,
      44.8039665222168,
      43.62220764160156,
      38.0130615234375,
      35.020729064941406
    ],
    [
      20.186620712280273,
      19.82317543029785,
      20.020200729370117,
      18.605436325073242,
      18.281490325927734,
      18.93889045715332,
      22.758562088012695,
      22.827312469482422,
      29.972766876220703,
      30.29763412475586,
      42.62054443359375,
      40.47296142578125,
      43.092132568359375,
      42.51560592651367,
      43.58176040649414,
      42.86126708984375,
      36.79147720336914,
      34.19441223144531
    ],
    [
      27.315000534057617,
      26.40269660949707,
      24.552560806274414,
      22.78573226928711,
      18.7778263092041,
      20.483871459960938,
      23.570348739624023,
      24.602209091186523,
      30.730175018310547,
      31.88032341003418,
      45.36357116699219,
      43.092132568359375,
      53.126625061035156,
      52.423580169677734,
      55.58995819091797,
      55.0767822265625,
      47.23415756225586,
      44.082088470458984
    ],
    [
      28.254680633544922,
      27.17293357849121,
      24.566423416137695,
      22.861780166625977,
      18.385099411010742,
      20.13038444519043,
      22.937789916992188,
      24.01776695251465,
      29.348787307739258,
      31.152170181274414,
      43.882225036621094,
      42.51560592651367,
      52.423580169677734,
      52.90045166015625,
      56.35307312011719,
      56.13616180419922,
      48.06943893432617,
      44.98307800292969
    ],
    [
      33.25125503540039,
      31.640804290771484,
      26.61440658569336,
      24.498306274414062,
      18.169143676757812,
      20.58152961730957,
      23.19828987121582,
      24.384267807006836,
      28.808368682861328,
      31.117387771606445,
      44.8039665222168,
      43.58176040649414,
      55.58995819091797,
      56.35307312011719,
      72.6294937133789,
      71.66864776611328,
      62.54994201660156,
      57.181922912597656
    ],
    [
      33.9083251953125,
      32.315521240234375,
      26.590152740478516,
      24.545961380004883,
      17.84317970275879,
      20.23797035217285,
      22.55613136291504,
      23.874147415161133,
      27.924352645874023,
      30.539453506469727,
      43.62220764160156,
      42.86126708984375,
      55.0767822265625,
      56.13616180419922,
      71.66864776611328,
      71.23249053955078,
      61.82404327392578,
      56.73324203491211
    ],
    [
      28.90416145324707,
      27.076169967651367,
      23.080615997314453,
      21.251705169677734,
      14.9624605178833,
      17.038625717163086,
      19.037647247314453,
      19.53914451599121,
      24.343751907348633,
      25.912687301635742,
      38.0130615234375,
      36.79147720336914,
      47.23415756225586,
      48.06943893432617,
      62.54994201660156,
      61.82404327392578,
      63.37236404418945,
      57.750423431396484
    ],
    [
      27.08978271484375,
      25.57868766784668,
      21.545808792114258,
      19.92621612548828,
      13.765775680541992,
      15.720978736877441,
      17.418697357177734,
      18.03737449645996,
      22.284847259521484,
      24.00990867614746,
      35.020729064941406,
      34.19441223144531,
      44.082088470458984,
      44.98307800292969,
      57.181922912597656,
      56.73324203491211,
      57.750423431396484,
      53.154197692871094
    ]
  ],
  "covariance_short": [
    [
      46.890472412109375,
      39.56051254272461,
      21.03396987915039,
      19.97516441345215,
      11.579656600952148,
      12.097840309143066,
      13.262216567993164,
      13.49371337890625,
      16.57223892211914,
      17.53883171081543,
      24.88018798828125,
      24.85553550720215,
      35.51625061035156,
      36.54385757446289,
      42.2916374206543,
      42.53984832763672,
      27.465734481811523,
      25.286344528198242
    ],
    [
      39.56051254272461,
      44.90789031982422,
      20.593334197998047,
      20.59119987487793,
      11.62612533569336,
      12.139257431030273,
      12.647100448608398,
      12.75546932220459,
      16.311973571777344,
      17.066516876220703,
      24.762300491333008,
      24.658891677856445,
      34.95709228515625,
      35.77611541748047,
      41.25925064086914,
      41.389373779296875,
      26.99618148803711,
      24.831382751464844
    ],
    [
      21.03396987915039,
      20.593334197998047,
      25.36544418334961,
      20.315231323242188,
      13.970582962036133,
      13.753137588500977,
      13.571444511413574,
      13.525355339050293,
      18.011754989624023,
      17.730974197387695,
      23.396684646606445,
      22.899757385253906,
      28.76730728149414,
      28.9791259765625,
      30.962696075439453,
      30.98804473876953,
      22.08436393737793,
      20.40380096435547
    ],
    [
      19.97516441345215,
      20.59119987487793,
      20.315231323242188,
      25.57086753845215,
      14.036948204040527,
      13.98438549041748,
      13.749401092529297,
      13.704404830932617,
      18.184232711791992,
      17.856409072875977,
      23.11603355407715,
      22.481412887573242,
      28.225833892822266,
      28.31304359436035,
      29.97294044494629,
      29.982627868652344,
      21.16131591796875,
      19.536785125732422
    ],
    [
      11.579656600952148,
      11.62612533569336,
      13.970582962036133,
      14.036948204040527,
      20.8094539642334,
      14.694640159606934,
      14.888733863830566,
      14.2742338180542,
      20.28117561340332,
      18.545045852661133,
      23.616893768310547,
      21.78632164001465,
      22.900659561157227,
      22.21839141845703,
      22.24942398071289,
      21.709430694580078,
      16.320791244506836,
      14.615734100341797
    ],
    [
      12.097840309143066,
      12.139257431030273,
      13.753137588500977,
      13.98438549041748,
      14.694640159606934,
      20.76591682434082,
      14.982331275939941,
      15.293993949890137,
      19.317699432373047,
      18.700130462646484,
      23.160146713256836,
      21.996301651000977,
      23.93773651123047,
      23.593019485473633,
      23.697002410888672,
      23.224111557006836,
      16.529340744018555,
      14.984037399291992
    ],
    [
      13.262216567993164,
      12.647100448608398,
      13.571444511413574,
      13.749401092529297,
      14.888733863830566,
      14.982331275939941,
      24.895978927612305,
      19.47748565673828,
      25.033876419067383,
      23.66858673095703,
      29.690013885498047,
      27.292688369750977,
      27.998807907104492,
      27.16733741760254,
      26.56766128540039,
      25.582996368408203,
      18.698612213134766,
      16.60405921936035
    ],
    [
      13.49371337890625,
      12.75546932220459,
      13.525355339050293,
      13.704404830932617,
      14.2742338180542,
      15.293993949890137,
      19.47748565673828,
      24.193132400512695,
      22.86181640625,
      22.84914207458496,
      27.266767501831055,
      25.984304428100586,
      27.532176971435547,
      27.17656135559082,
      26.770774841308594,
      26.132041931152344,
      17.512432098388672,
      15.896841049194336
    ],
    [
      16.57223892211914,
      16.311973571777344,
      18.011754989624023,
      18.184232711791992,
      20.28117561340332,
      19.317699432373047,
      25.033876419067383,
      22.86181640625,
      42.354679107666016,
      33.60114669799805,
      40.42424011230469,
      36.90978240966797,
      37.80027389526367,
      35.796104431152344,
      34.64027404785156,
      33.22045135498047,
      25.54859161376953,
      22.493070602416992
    ],
    [
      17.53883171081543,
      17.066516876220703,
      17.730974197387695,
      17.856409072875977,
      18.545045852661133,
      18.700130462646484,
      23.66858673095703,
      22.84914207458496,
      33.60114669799805,
      35.63576889038086,
      37.31888198852539,
      35.55605697631836,
      37.39031219482422,
      36.5799674987793,
      35.61015319824219,
      34.78028869628906,
      24.215730667114258,
      21.980655670166016
    ],
    [
      24.88018798828125,
      24.762300491333008,
      23.396684646606445,
      23.11603355407715,
      23.616893768310547,
      23.160146713256836,
      29.690013885498047,
      27.266767501831055,
      40.42424011230469,
      37.31888198852539,
      56.971275329589844,
      49.612220764160156,
      52.5982666015625,
      50.671329498291016,
      50.581539154052734,
      48.5789680480957,
      36.60311508178711,
      32.46902847290039
    ],
    [
      24.85553550720215,
      24.658891677856445,
      22.899757385253906,
      22.481412887573242,
      21.78632164001465,
      21.996301651000977,
      27.292688369750977,
      25.984304428100586,
      36.90978240966797,
      35.55605697631836,
      49.612220764160156,
      48.314666748046875,
      50.4214973449707,
      49.48777389526367,
      49.5313720703125,
      48.25725173950195,
      34.611724853515625,
      31.187509536743164
    ],
    [
      35.51625061035156,
      34.95709228515625,
      28.76730728149414,
      28.225833892822266,
      22.900659561157227,
      23.93773651123047,
      27.998807907104492,
      27.532176971435547,
      37.80027389526367,
      37.39031219482422,
      52.5982666015625,
      50.4214973449707,
      66.14860534667969,
      65.04804992675781,
      67.72241973876953,
      66.70455169677734,
      46.29812240600586,
      41.90941619873047
    ],
    [
      36.54385757446289,
      35.77611541748047,
      28.9791259765625,
      28.31304359436035,
      22.21839141845703,
      23.593019485473633,
      27.16733741760254,
      27.17656135559082,
      35.796104431152344,
      36.5799674987793,
      50.671329498291016,
      49.48777389526367,
      65.04804992675781,
      66.63711547851562,
      69.01237487792969,
      68.4090576171875,
      46.54133987426758,
      42.39842987060547
    ],
    [
      42.2916374206543,
      41.25925064086914,
      30.962696075439453,
      29.97294044494629,
      22.24942398071289,
      23.697002410888672,
      26.56766128540039,
      26.770774841308594,
      34.64027404785156,
      35.61015319824219,
      50.581539154052734,
      49.5313720703125,
      67.72241973876953,
      69.01237487792969,
      83.66187286376953,
      82.22459411621094,
      58.36116409301758,
      52.398677825927734
    ],
    [
      42.53984832763672,
      41.389373779296875,
      30.98804473876953,
      29.982627868652344,
      21.709430694580078,
      23.224111557006836,
      25.582996368408203,
      26.132041931152344,
      33.22045135498047,
      34.78028869628906,
      48.5789680480957,
      48.25725173950195,
      66.70455169677734,
      68.4090576171875,
      82.22459411621094,
      81.82588195800781,
      57.05318069458008,
      51.661773681640625
    ],
    [
      27.465734481811523,
      26.99618148803711,
      22.08436393737793,
      21.16131591796875,
      16.320791244506836,
      16.529340744018555,
      18.698612213134766,
      17.512432098388672,
      25.54859161376953,
      24.215730667114258,
      36.60311508178711,
      34.611724853515625,
      46.29812240600586,
      46.54133987426758,
      58.36116409301758,
      57.05318069458008,
      55.229957580566406,
      49.1362190246582
    ],
    [
      25.286344528198242,
      24.831382751464844,
      20.40380096435547,
      19.536785125732422,
      14.615734100341797,
      14.984037399291992,
      16.60405921936035,
      15.896841049194336,
      22.493070602416992,
      21.980655670166016,
      32.46902847290039,
      31.187509536743164,
      41.90941619873047,
      42.39842987060547,
      52.398677825927734,
      51.661773681640625,
      49.1362190246582,
      44.834835052490234
    ]
  ],
  "damage": -15.618370056152344,
  "diff_bandwidth": 553.2139892578125,
  "dissonance": 7.379642909019585,
  "drr": -1.223547339439392,
  "dynamics": 3.8065333366394043,
  "format": 1245190,
  "frames": 7266304,
  "loudness": -20.965988159179688,
  "loudness_range": 10.3659086227417,
  "loudness_range_short": 12.337331771850586,
  "lowpass_true_peak_15khz": 0.0746174156665802,
  "mastering3_acoustic_entropies": [
    {
      "acoustic_entropy": 4.2208147048950195,
      "acoustic_entropy_mono": 4.911360263824463,
      "band_eliminated_acoustic_entropies": [
        {
          "acoustic_entropy": 4.2030534744262695,
          "acoustic_entropy_side": 4.1913652420043945,
          "hz": 129.47220167065723
        },
        {
          "acoustic_entropy": 4.220651149749756,
          "acoustic_entropy_side": 4.230636119842529,
          "hz": 202.92927478742237
        },
        {
          "acoustic_entropy": 4.726588249206543,
          "acoustic_entropy_side": 4.391408443450928,
          "hz": 282.89161906338205
        },
        {
          "acoustic_entropy": 4.534632682800293,
          "acoustic_entropy_side": 4.251393795013428,
          "hz": 369.9353335868758
        },
        {
          "acoustic_entropy": 4.212323188781738,
          "acoustic_entropy_side": 4.473097801208496,
          "hz": 464.6875360973435
        },
        {
          "acoustic_entropy": 4.264632701873779,
          "acoustic_entropy_side": 4.248129367828369,
          "hz": 567.8308811364784
        },
        {
          "acoustic_entropy": 4.246084213256836,
          "acoustic_entropy_side": 4.591678619384766,
          "hz": 680.1084783214808
        },
        {
          "acoustic_entropy": 4.412955284118652,
          "acoustic_entropy_side": 4.357406139373779,
          "hz": 802.3292461747484
        },
        {
          "acoustic_entropy": 4.516716480255127,
          "acoustic_entropy_side": 4.381000995635986,
          "hz": 935.3737400823702
        },
        {
          "acoustic_entropy": 4.145688056945801,
          "acoustic_entropy_side": 4.039992809295654,
          "hz": 1080.2004963696966
        },
        {
          "acoustic_entropy": 4.556556224822998,
          "acoustic_entropy_side": 4.516359806060791,
          "hz": 1237.8529382007157
        },
        {
          "acoustic_entropy": 4.167572975158691,
          "acoustic_entropy_side": 4.746888637542725,
          "hz": 1409.4668930556702
        },
        {
          "acoustic_entropy": 4.891692161560059,
          "acoustic_entropy_side": 4.465174674987793,
          "hz": 1596.2787759475705
        },
        {
          "acoustic_entropy": 4.388995170593262,
          "acoustic_entropy_side": 4.474731922149658,
          "hz": 1799.6344973346393
        },
        {
          "acoustic_entropy": 4.075803756713867,
          "acoustic_entropy_side": 3.9548306465148926,
          "hz": 2020.9991599069049
        },
        {
          "acoustic_entropy": 4.560446262359619,
          "acoustic_entropy_side": 4.34177303314209,
          "hz": 2261.9676141086993
        },
        {
          "acoustic_entropy": 4.439549446105957,
          "acoustic_entropy_side": 4.463308811187744,
          "hz": 2524.2759484456974
        },
        {
          "acoustic_entropy": 4.515239715576172,
          "acoustic_entropy_side": 4.167878150939941,
          "hz": 2809.813997359896
        },
        {
          "acoustic_entropy": 5.189775466918945,
          "acoustic_entropy_side": 4.327854633331299,
          "hz": 3120.6389567871424
        },
        {
          "acoustic_entropy": 4.534591197967529,
          "acoustic_entropy_side": 4.333902835845947,
          "hz": 3458.990205492291
        },
        {
          "acoustic_entropy": 4.527674674987793,
          "acoustic_entropy_side": 4.246125221252441,
          "hz": 3827.305438964164
        },
        {
          "acoustic_entropy": 4.13607120513916,
          "acoustic_entropy_side": 4.202926158905029,
          "hz": 4228.238232109126
        },
        {
          "acoustic_entropy": 4.429795265197754,
          "acoustic_entropy_side": 4.248016834259033,
          "hz": 4664.6771572759235
        },
        {
          "acoustic_entropy": 4.220006465911865,
          "acoustic_entropy_side": 4.218944072723389,
          "hz": 5139.766595350093
        },
        {
          "acoustic_entropy": 4.227018356323242,
          "acoustic_entropy_side": 4.226510524749756,
          "hz": 5656.929389854203
        },
        {
          "acoustic_entropy": 4.237666606903076,
          "acoustic_entropy_side": 4.226046562194824,
          "hz": 6219.891507268283
        },
        {
          "acoustic_entropy": 4.226571083068848,
          "acoustic_entropy_side": 4.224984645843506,
          "hz": 6832.70888123896
        },
        {
          "acoustic_entropy": 4.24375581741333,
          "acoustic_entropy_side": 4.232189178466797,
          "hz": 7499.796634079867
        },
        {
          "acoustic_entropy": 4.2411980628967285,
          "acoustic_entropy_side": 4.2306671142578125,
          "hz": 8225.96088609342
        },
        {
          "acoustic_entropy": 4.2420783042907715,
          "acoustic_entropy_side": 4.231391429901123,
          "hz": 9016.43338188839
        },
        {
          "acoustic_entropy": 4.241478443145752,
          "acoustic_entropy_side": 4.230933666229248,
          "hz": 9876.909183162974
        },
        {
          "acoustic_entropy": 4.242067337036133,
          "acoustic_entropy_side": 4.229992389678955,
          "hz": 10813.587699516042
        },
        {
          "acoustic_entropy": 4.243897438049316,
          "acoustic_entropy_side": 4.23042106628418,
          "hz": 11833.21735289826
        },
        {
          "acoustic_entropy": 4.248261451721191,
          "acoustic_entropy_side": 4.232950687408447,
          "hz": 12943.144197493959
        },
        {
          "acoustic_entropy": 4.242110729217529,
          "acoustic_entropy_side": 4.231536388397217,
          "hz": 14151.364845322005
        },
        {
          "acoustic_entropy": 4.241850852966309,
          "acoustic_entropy_side": 4.228473663330078,
          "hz": 15466.58407886509
        },
        {
          "acoustic_entropy": 4.233203411102295,
          "acoustic_entropy_side": 4.223849296569824,
          "hz": 16898.27756580493
        },
        {
          "acoustic_entropy": 4.225356101989746,
          "acoustic_entropy_side": 4.2216386795043945,
          "hz": 18456.760127700032
        },
        {
          "acoustic_entropy": 4.22109842300415,
          "acoustic_entropy_side": 4.220887184143066,
          "hz": 20153.260054456492
        },
        {
          "acoustic_entropy": 4.2208147048950195,
          "acoustic_entropy_side": 4.220815181732178,
          "hz": 22000.00000000001
        }
      ],
      "diff_acoustic_entropy": 2.688408374786377,
      "sn": 6
    },
    {
      "acoustic_entropy": 8.006570816040039,
      "acoustic_entropy_mono": 9.183762550354004,
      "band_eliminated_acoustic_entropies": [
        {
          "acoustic_entropy": 7.985682010650635,
          "acoustic_entropy_side": 7.997732639312744,
          "hz": 129.47220167065723
        },
        {
          "acoustic_entropy": 7.9638991355896,
          "acoustic_entropy_side": 7.966032981872559,
          "hz": 202.92927478742237
        },
        {
          "acoustic_entropy": 8.012271881103516,
          "acoustic_entropy_side": 8.03405475616455,
          "hz": 282.89161906338205
        },
        {
          "acoustic_entropy": 7.624812126159668,
          "acoustic_entropy_side": 7.570069313049316,
          "hz": 369.9353335868758
        },
        {
          "acoustic_entropy": 7.9036431312561035,
          "acoustic_entropy_side": 7.828083515167236,
          "hz": 464.6875360973435
        },
        {
          "acoustic_entropy": 8.007189750671387,
          "acoustic_entropy_side": 8.016679763793945,
          "hz": 567.8308811364784
        },
        {
          "acoustic_entropy": 7.62230920791626,
          "acoustic_entropy_side": 7.831399917602539,
          "hz": 680.1084783214808
        },
        {
          "acoustic_entropy": 7.462820053100586,
          "acoustic_entropy_side": 7.719694137573242,
          "hz": 802.3292461747484
        },
        {
          "acoustic_entropy": 8.379955291748047,
          "acoustic_entropy_side": 8.390734672546387,
          "hz": 935.3737400823702
        },
        {
          "acoustic_entropy": 7.534996509552002,
          "acoustic_entropy_side": 7.78667688369751,
          "hz": 1080.2004963696966
        },
        {
          "acoustic_entropy": 7.740311145782471,
          "acoustic_entropy_side": 8.013611793518066,
          "hz": 1237.8529382007157
        },
        {
          "acoustic_entropy": 7.838980197906494,
          "acoustic_entropy_side": 8.356724739074707,
          "hz": 1409.4668930556702
        },
        {
          "acoustic_entropy": 8.988572120666504,
          "acoustic_entropy_side": 8.332918167114258,
          "hz": 1596.2787759475705
        },
        {
          "acoustic_entropy": 7.922072887420654,
          "acoustic_entropy_side": 8.278152465820312,
          "hz": 1799.6344973346393
        },
        {
          "acoustic_entropy": 7.7232794761657715,
          "acoustic_entropy_side": 7.7131218910217285,
          "hz": 2020.9991599069049
        },
        {
          "acoustic_entropy": 8.397445678710938,
          "acoustic_entropy_side": 8.362289428710938,
          "hz": 2261.9676141086993
        },
        {
          "acoustic_entropy": 7.931797504425049,
          "acoustic_entropy_side": 7.749020099639893,
          "hz": 2524.2759484456974
        },
        {
          "acoustic_entropy": 8.29369068145752,
          "acoustic_entropy_side": 7.844523906707764,
          "hz": 2809.813997359896
        },
        {
          "acoustic_entropy": 8.45223331451416,
          "acoustic_entropy_side": 8.231943130493164,
          "hz": 3120.6389567871424
        },
        {
          "acoustic_entropy": 7.908303737640381,
          "acoustic_entropy_side": 7.954942226409912,
          "hz": 3458.990205492291
        },
        {
          "acoustic_entropy": 7.86803674697876,
          "acoustic_entropy_side": 7.942590236663818,
          "hz": 3827.305438964164
        },
        {
          "acoustic_entropy": 7.829255104064941,
          "acoustic_entropy_side": 7.960260391235352,
          "hz": 4228.238232109126
        },
        {
          "acoustic_entropy": 8.082340240478516,
          "acoustic_entropy_side": 8.027276992797852,
          "hz": 4664.6771572759235
        },
        {
          "acoustic_entropy": 7.956377983093262,
          "acoustic_entropy_side": 8.001145362854004,
          "hz": 5139.766595350093
        },
        {
          "acoustic_entropy": 8.014820098876953,
          "acoustic_entropy_side": 8.019318580627441,
          "hz": 5656.929389854203
        },
        {
          "acoustic_entropy": 8.02723503112793,
          "acoustic_entropy_side": 8.014546394348145,
          "hz": 6219.891507268283
        },
        {
          "acoustic_entropy": 8.020840644836426,
          "acoustic_entropy_side": 8.014277458190918,
          "hz": 6832.70888123896
        },
        {
          "acoustic_entropy": 8.015212059020996,
          "acoustic_entropy_side": 8.012066841125488,
          "hz": 7499.796634079867
        },
        {
          "acoustic_entropy": 8.007231712341309,
          "acoustic_entropy_side": 8.009317398071289,
          "hz": 8225.96088609342
        },
        {
          "acoustic_entropy": 8.000463485717773,
          "acoustic_entropy_side": 8.005773544311523,
          "hz": 9016.43338188839
        },
        {
          "acoustic_entropy": 7.996822834014893,
          "acoustic_entropy_side": 8.001489639282227,
          "hz": 9876.909183162974
        },
        {
          "acoustic_entropy": 7.988912582397461,
          "acoustic_entropy_side": 7.9980149269104,
          "hz": 10813.587699516042
        },
        {
          "acoustic_entropy": 7.97413969039917,
          "acoustic_entropy_side": 7.9928741455078125,
          "hz": 11833.21735289826
        },
        {
          "acoustic_entropy": 7.905503749847412,
          "acoustic_entropy_side": 7.978168487548828,
          "hz": 12943.144197493959
        },
        {
          "acoustic_entropy": 7.8149003982543945,
          "acoustic_entropy_side": 7.962471008300781,
          "hz": 14151.364845322005
        },
        {
          "acoustic_entropy": 7.827357769012451,
          "acoustic_entropy_side": 7.964785575866699,
          "hz": 15466.58407886509
        },
        {
          "acoustic_entropy": 7.912254333496094,
          "acoustic_entropy_side": 7.986287593841553,
          "hz": 16898.27756580493
        },
        {
          "acoustic_entropy": 7.978504180908203,
          "acoustic_entropy_side": 7.999946117401123,
          "hz": 18456.760127700032
        },
        {
          "acoustic_entropy": 8.003850936889648,
          "acoustic_entropy_side": 8.005914688110352,
          "hz": 20153.260054456492
        },
        {
          "acoustic_entropy": 8.006568908691406,
          "acoustic_entropy_side": 8.006570816040039,
          "hz": 22000.00000000001
        }
      ],
      "diff_acoustic_entropy": 5.8727850914001465,
      "sn": 12
    },
    {
      "acoustic_entropy": 13.613513946533203,
      "acoustic_entropy_mono": 14.918072700500488,
      "band_eliminated_acoustic_entropies": [
        {
          "acoustic_entropy": 12.763915061950684,
          "acoustic_entropy_side": 13.350319862365723,
          "hz": 129.47220167065723
        },
        {
          "acoustic_entropy": 13.91482925415039,
          "acoustic_entropy_side": 14.119010925292969,
          "hz": 202.92927478742237
        },
        {
          "acoustic_entropy": 13.894062042236328,
          "acoustic_entropy_side": 13.893750190734863,
          "hz": 282.89161906338205
        },
        {
          "acoustic_entropy": 13.288065910339355,
          "acoustic_entropy_side": 13.572036743164062,
          "hz": 369.9353335868758
        },
        {
          "acoustic_entropy": 13.885106086730957,
          "acoustic_entropy_side": 13.421730995178223,
          "hz": 464.6875360973435
        },
        {
          "acoustic_entropy": 13.585922241210938,
          "acoustic_entropy_side": 13.757390022277832,
          "hz": 567.8308811364784
        },
        {
          "acoustic_entropy": 13.529632568359375,
          "acoustic_entropy_side": 13.352826118469238,
          "hz": 680.1084783214808
        },
        {
          "acoustic_entropy": 13.958663940429688,
          "acoustic_entropy_side": 13.866497993469238,
          "hz": 802.3292461747484
        },
        {
          "acoustic_entropy": 13.09432315826416,
          "acoustic_entropy_side": 13.895758628845215,
          "hz": 935.3737400823702
        },
        {
          "acoustic_entropy": 13.704071044921875,
          "acoustic_entropy_side": 13.85957145690918,
          "hz": 1080.2004963696966
        },
        {
          "acoustic_entropy": 13.5352144241333,
          "acoustic_entropy_side": 13.857853889465332,
          "hz": 1237.8529382007157
        },
        {
          "acoustic_entropy": 13.115303993225098,
          "acoustic_entropy_side": 12.687753677368164,
          "hz": 1409.4668930556702
        },
        {
          "acoustic_entropy": 13.56730842590332,
          "acoustic_entropy_side": 13.482353210449219,
          "hz": 1596.2787759475705
        },
        {
          "acoustic_entropy": 13.16921329498291,
          "acoustic_entropy_side": 13.478419303894043,
          "hz": 1799.6344973346393
        },
        {
          "acoustic_entropy": 14.097905158996582,
          "acoustic_entropy_side": 14.03642463684082,
          "hz": 2020.9991599069049
        },
        {
          "acoustic_entropy": 13.734131813049316,
          "acoustic_entropy_side": 13.925021171569824,
          "hz": 2261.9676141086993
        },
        {
          "acoustic_entropy": 12.877799034118652,
          "acoustic_entropy_side": 13.272342681884766,
          "hz": 2524.2759484456974
        },
        {
          "acoustic_entropy": 13.848525047302246,
          "acoustic_entropy_side": 13.700971603393555,
          "hz": 2809.813997359896
        },
        {
          "acoustic_entropy": 13.601693153381348,
          "acoustic_entropy_side": 13.71162223815918,
