{
  "acoustic_entropy": 218.35324096679688,
  "bands": [
    {
      "high_freq": 148.1999969482422,
      "loudness": -28.006725311279297,
      "loudness_range": 10.484518051147461,
      "mid_mean": -24.6751651763916,
      "mid_to_side_loudness": -13.662088394165039,
      "mid_to_side_loudness_range": 15.97960376739502,
      "side_mean": -38.50448989868164
    },
    {
      "high_freq": 392.3793640136719,
      "loudness": -21.809463500976562,
      "loudness_range": 9.994186401367188,
      "low_freq": 148.1999969482422,
      "mid_mean": -18.935792922973633,
      "mid_to_side_loudness": -7.759505748748779,
      "mid_to_side_loudness_range": 9.191211700439453,
      "side_mean": -26.550682067871094
    },
    {
      "high_freq": 794.6976318359375,
      "loudness": -23.347991943359375,
      "loudness_range": 11.967970848083496,
      "low_freq": 392.3793640136719,
      "mid_mean": -20.600461959838867,
      "mid_to_side_loudness": -7.212169170379639,
      "mid_to_side_loudness_range": 9.252693176269531,
      "side_mean": -27.472253799438477
    },
    {
      "high_freq": 1457.5709228515625,
      "loudness": -26.251678466796875,
      "loudness_range": 13.651918411254883,
      "low_freq": 794.6976318359375,
      "mid_mean": -23.363508224487305,
      "mid_to_side_loudness": -8.484082221984863,
      "mid_to_side_loudness_range": 12.054903030395508,
      "side_mean": -31.84104347229004
    },
    {
      "high_freq": 2549.74365234375,
      "loudness": -28.585859298706055,
      "loudness_range": 14.766204833984375,
      "low_freq": 1457.5709228515625,
      "mid_mean": -25.48677635192871,
      "mid_to_side_loudness": -9.847878456115723,
      "mid_to_side_loudness_range": 10.76066780090332,
      "side_mean": -34.984710693359375
    },
    {
      "high_freq": 4349.24462890625,
      "loudness": -31.878538131713867,
      "loudness_range": 10.66508674621582,
      "low_freq": 2549.74365234375,
      "mid_mean": -28.706892013549805,
      "mid_to_side_loudness": -10.004011154174805,
      "mid_to_side_loudness_range": 9.55201530456543,
      "side_mean": -38.53926086425781
    },
    {
      "high_freq": 7314.1640625,
      "loudness": -33.389892578125,
      "loudness_range": 9.573490142822266,
      "low_freq": 4349.24462890625,
      "mid_mean": -30.172914505004883,
      "mid_to_side_loudness": -10.113524436950684,
      "mid_to_side_loudness_range": 8.059501647949219,
      "side_mean": -40.27424621582031
    },
    {
      "high_freq": 12199.2666015625,
      "loudness": -35.39618682861328,
      "loudness_range": 10.496818542480469,
      "low_freq": 7314.1640625,
      "mid_mean": -32.1712646484375,
      "mid_to_side_loudness": -10.345575332641602,
      "mid_to_side_loudness_range": 8.609964370727539,
      "side_mean": -42.545066833496094
    },
    {
      "loudness": -42.400146484375,
      "loudness_range": 8.423419952392578,
      "low_freq": 12199.2666015625,
      "mid_mean": -39.27617645263672,
      "mid_to_side_loudness": -8.944707870483398,
      "mid_to_side_loudness_range": 6.122460842132568,
      "side_mean": -48.012020111083984
    }
  ],
  "bands_short": [
    {
      "high_freq": 148.1999969482422,
      "loudness": -32.6981315612793,
      "loudness_range": 19.25041389465332,
      "mid_mean": -29.68572998046875,
      "mid_to_side_loudness": -12.053617477416992,
      "mid_to_side_loudness_range": 23.221284866333008,
      "side_mean": -42.50313949584961
    },
    {
      "high_freq": 392.3793640136719,
      "loudness": -22.459630966186523,
      "loudness_range": 12.793342590332031,
      "low_freq": 148.1999969482422,
      "mid_mean": -19.791461944580078,
      "mid_to_side_loudness": -7.542451858520508,
      "mid_to_side_loudness_range": 13.934354782104492,
      "side_mean": -27.355079650878906
    },
    {
      "high_freq": 794.6976318359375,
      "loudness": -24.25878143310547,
      "loudness_range": 14.503395080566406,
      "low_freq": 392.3793640136719,
      "mid_mean": -21.858963012695312,
      "mid_to_side_loudness": -6.448419094085693,
      "mid_to_side_loudness_range": 14.025848388671875,
      "side_mean": -28.224672317504883
    },
    {
      "high_freq": 1457.5709228515625,
      "loudness": -26.57552719116211,
      "loudness_range": 17.146743774414062,
      "low_freq": 794.6976318359375,
      "mid_mean": -24.002635955810547,
      "mid_to_side_loudness": -7.579395771026611,
      "mid_to_side_loudness_range": 15.698408126831055,
      "side_mean": -31.674156188964844
    },
    {
      "high_freq": 2549.74365234375,
      "loudness": -29.716962814331055,
      "loudness_range": 18.421859741210938,
      "low_freq": 1457.5709228515625,
      "mid_mean": -26.816059112548828,
      "mid_to_side_loudness": -9.156004905700684,
      "mid_to_side_loudness_range": 14.985231399536133,
      "side_mean": -36.07402801513672
    },
    {
      "high_freq": 4349.24462890625,
      "loudness": -33.63439178466797,
      "loudness_range": 17.702167510986328,
      "low_freq": 2549.74365234375,
      "mid_mean": -30.657072067260742,
      "mid_to_side_loudness": -9.346192359924316,
      "mid_to_side_loudness_range": 14.56335163116455,
      "side_mean": -40.06764602661133
    },
    {
      "high_freq": 7314.1640625,
      "loudness": -35.7282829284668,
      "loudness_range": 17.920808792114258,
      "low_freq": 4349.24462890625,
      "mid_mean": -32.669612884521484,
      "mid_to_side_loudness": -9.263541221618652,
      "mid_to_side_loudness_range": 11.170158386230469,
      "side_mean": -42.21189498901367
    },
    {
      "high_freq": 12199.2666015625,
      "loudness": -38.77213668823242,
      "loudness_range": 21.176485061645508,
      "low_freq": 7314.1640625,
      "mid_mean": -35.62437057495117,
      "mid_to_side_loudness": -9.85203742980957,
      "mid_to_side_loudness_range": 12.361937522888184,
      "side_mean": -46.2318115234375
    },
    {
      "loudness": -47.587318420410156,
      "loudness_range": 24.812061309814453,
      "low_freq": 12199.2666015625,
      "mid_mean": -44.494449615478516,
      "mid_to_side_loudness": -11.159822463989258,
      "mid_to_side_loudness_range": 15.410521507263184,
      "side_mean": -56.245643615722656
    }
  ],
  "bandwidth": 619.5653076171875,
  "channels": 2,
  "covariance": [
    [
      21.133888244628906,
      5.829665660858154,
      6.206971168518066,
      3.568995952606201,
      2.4365487098693848,
      2.862544536590576,
      2.038472890853882,
      3.078090190887451,
      2.7065370082855225,
      2.6614973545074463,
      3.724748373031616,
      1.695072054862976,
      -1.0139408111572266,
      3.1168372631073,
      -2.4519612789154053,
      3.140610694885254,
      -0.487932950258255,
      4.070370197296143
    ],
    [
      5.829665660858154,
      28.956998825073242,
      4.275474548339844,
      5.90251350402832,
      6.101956367492676,
      8.26103401184082,
      5.716805458068848,
      10.67364501953125,
      8.015560150146484,
      10.663824081420898,
      7.235676288604736,
      10.431645393371582,
      5.358965873718262,
      7.986467361450195,
      3.651564359664917,
      6.675888538360596,
      4.51331090927124,
      5.704386234283447
    ],
    [
      6.206971168518066,
      4.275474548339844,
      17.504640579223633,
      8.835591316223145,
      10.419478416442871,
      7.082432746887207,
      8.340807914733887,
      6.226472854614258,
      5.273580551147461,
      3.7304999828338623,
      3.4830288887023926,
      2.762089490890503,
      4.431399345397949,
      4.436215400695801,
      4.934327602386475,
      5.165587425231934,
      4.796421527862549,
      4.164142608642578
    ],
    [
      3.568995952606201,
      5.90251350402832,
      8.835591316223145,
      11.94636344909668,
      8.219443321228027,
      8.073629379272461,
      8.125454902648926,
      7.30321741104126,
      6.748192310333252,
      6.166745185852051,
      4.952992916107178,
      4.655619144439697,
      4.635548114776611,
      4.4265522956848145,
      4.006760597229004,
      4.513420104980469,
      4.296820163726807,
      4.2793498039245605
    ],
    [
      2.4365487098693848,
      6.101956367492676,
      10.419478416442871,
      8.219443321228027,
      27.037790298461914,
      15.538103103637695,
      19.816856384277344,
      14.62260627746582,
      18.050445556640625,
      12.366510391235352,
      11.915741920471191,
      10.230557441711426,
      9.573705673217773,
      9.210970878601074,
      10.594318389892578,
      9.114933967590332,
      8.989995002746582,
      6.170123100280762
    ],
    [
      2.862544536590576,
      8.26103401184082,
      7.082432746887207,
      8.073629379272461,
      15.538103103637695,
      17.80243682861328,
      13.001166343688965,
      13.746856689453125,
      12.815081596374512,
      13.291598320007324,
      8.79458999633789,
      9.969611167907715,
      6.005598545074463,
      6.954925060272217,
      6.190375328063965,
      7.007169246673584,
      5.606537342071533,
      5.21331787109375
    ],
    [
      2.038472890853882,
      5.716805458068848,
      8.340807914733887,
      8.125454902648926,
      19.816856384277344,
      13.001166343688965,
      28.535865783691406,
      14.933793067932129,
      21.34644889831543,
      12.54981803894043,
      11.698143005371094,
      9.225295066833496,
      7.93635892868042,
      7.490855693817139,
      7.316577911376953,
      7.17180871963501,
      6.905958652496338,
      5.578530311584473
    ],
    [
      3.078090190887451,
      10.67364501953125,
      6.226472854614258,
      7.30321741104126,
      14.62260627746582,
      13.746856689453125,
      14.933793067932129,
      20.85538673400879,
      14.847049713134766,
      16.266929626464844,
      10.054293632507324,
      14.201268196105957,
      6.964193820953369,
      10.08989429473877,
      7.071117877960205,
      9.751769065856934,
      7.387731552124023,
      6.590689182281494
    ],
    [
      2.7065370082855225,
      8.015560150146484,
      5.273580551147461,
      6.748192310333252,
      18.050445556640625,
      12.815081596374512,
      21.34644889831543,
      14.847049713134766,
      28.77227020263672,
      18.279842376708984,
      16.109739303588867,
      14.48525333404541,
      8.823758125305176,
      10.482940673828125,
      7.512452125549316,
      8.957345008850098,
      6.732326984405518,
      6.9121527671813965
    ],
    [
      2.6614973545074463,
      10.663824081420898,
      3.7304999828338623,
      6.166745185852051,
      12.366510391235352,
      13.291598320007324,
      12.54981803894043,
      16.266929626464844,
      18.279842376708984,
      24.688411712646484,
      12.987425804138184,
      19.359418869018555,
      7.905019760131836,
      12.046257972717285,
      6.75736141204834,
      9.517078399658203,
      7.131103992462158,
      7.827765941619873
    ],
    [
      3.724748373031616,
      7.235676288604736,
      3.4830288887023926,
      4.952992916107178,
      11.915741920471191,
      8.79458999633789,
      11.698143005371094,
      10.054293632507324,
      16.109739303588867,
      12.987425804138184,
      17.291597366333008,
      14.429693222045898,
      9.095102310180664,
      10.145980834960938,
      6.361185550689697,
      7.231502532958984,
      7.109684944152832,
      6.488541603088379
    ],
    [
      1.695072054862976,
      10.431645393371582,
      2.762089490890503,
      4.655619144439697,
      10.230557441711426,
      9.969611167907715,
      9.225295066833496,
      14.201268196105957,
      14.48525333404541,
      19.359418869018555,
      14.429693222045898,
      24.42371940612793,
      10.198260307312012,
      16.27452278137207,
      7.704298496246338,
      11.882186889648438,
      9.079980850219727,
      8.87399673461914
    ],
    [
      -1.0139408111572266,
      5.358965873718262,
      4.431399345397949,
      4.635548114776611,
      9.573705673217773,
      6.005598545074463,
      7.93635892868042,
      6.964193820953369,
      8.823758125305176,
      7.905019760131836,
      9.095102310180664,
      10.198260307312012,
      15.469622611999512,
      11.402423858642578,
      13.422353744506836,
      8.621127128601074,
      12.469110488891602,
      8.004802703857422
    ],
    [
      3.1168372631073,
      7.986467361450195,
      4.436215400695801,
      4.4265522956848145,
      9.210970878601074,
      6.954925060272217,
      7.490855693817139,
      10.08989429473877,
      10.482940673828125,
      12.046257972717285,
      10.145980834960938,
      16.27452278137207,
      11.402423858642578,
      18.459400177001953,
      9.73065185546875,
      14.649285316467285,
      10.325559616088867,
      10.88989543914795
    ],
    [
      -2.4519612789154053,
      3.651564359664917,
      4.934327602386475,
      4.006760597229004,
      10.594318389892578,
      6.190375328063965,
      7.316577911376953,
      7.071117877960205,
      7.512452125549316,
      6.75736141204834,
      6.361185550689697,
      7.704298496246338,
      13.422353744506836,
      9.73065185546875,
      17.82805061340332,
      9.476483345031738,
      12.90503215789795,
      7.466756820678711
    ],
    [
      3.140610694885254,
      6.675888538360596,
      5.165587425231934,
      4.513420104980469,
      9.114933967590332,
      7.007169246673584,
      7.17180871963501,
      9.751769065856934,
      8.957345008850098,
      9.517078399658203,
      7.231502532958984,
      11.882186889648438,
      8.621127128601074,
      14.649285316467285,
      9.476483345031738,
      16.51683807373047,
      8.61728572845459,
      10.496786117553711
    ],
    [
      -0.487932950258255,
      4.51331090927124,
      4.796421527862549,
      4.296820163726807,
      8.989995002746582,
      5.606537342071533,
      6.905958652496338,
      7.387731552124023,
      6.732326984405518,
      7.131103992462158,
      7.109684944152832,
      9.079980850219727,
      12.469110488891602,
      10.325559616088867,
      12.90503215789795,
      8.61728572845459,
      15.48992919921875,
      10.064876556396484
    ],
    [
      4.070370197296143,
      5.704386234283447,
      4.164142608642578,
      4.2793498039245605,
      6.170123100280762,
      5.21331787109375,
      5.578530311584473,
      6.590689182281494,
      6.9121527671813965,
      7.827765941619873,
      6.488541603088379,
      8.87399673461914,
      8.004802703857422,
      10.88989543914795,
      7.466756820678711,
      10.496786117553711,
      10.064876556396484,
      14.347179412841797
    ]
  ],
  "covariance_short": [
    [
      49.523170471191406,
      13.450624465942383,
      16.365938186645508,
      6.495772361755371,
      7.094497203826904,
      6.12591552734375,
      8.959939002990723,
      5.892263412475586,
      8.928813934326172,
      7.454261779785156,
      9.222687721252441,
      8.409981727600098,
      8.899484634399414,
      11.298405647277832,
      10.970773696899414,
      14.01700210571289,
      17.113330841064453,
      23.28942108154297
    ],
    [
      13.450624465942383,
      52.27302169799805,
      9.838078498840332,
      10.223409652709961,
      9.26070499420166,
      11.101326942443848,
      10.155450820922852,
      11.588566780090332,
      7.84275484085083,
      9.633732795715332,
      8.057971000671387,
      9.826324462890625,
      8.625455856323242,
      9.577828407287598,
      9.909555435180664,
      10.956418991088867,
      10.37569808959961,
      13.670886039733887
    ],
    [
      16.365938186645508,
      9.838078498840332,
      29.032224655151367,
      10.910881042480469,
      13.678083419799805,
      8.735881805419922,
      11.285070419311523,
      7.115625858306885,
      8.649065017700195,
      6.403348445892334,
      8.134099960327148,
      5.63656759262085,
      7.69356632232666,
      7.814504146575928,
      9.618590354919434,
      10.284119606018066,
      11.89037799835205,
      13.51259994506836
    ],
    [
      6.495772361755371,
      10.223409652709961,
      10.910881042480469,
      19.0661563873291,
      9.363581657409668,
      10.608975410461426,
      10.089031219482422,
      9.048548698425293,
      8.724642753601074,
      8.59158992767334,
      7.211397171020508,
      6.7202839851379395,
      6.255332946777344,
      6.143569469451904,
      6.7599029541015625,
      6.579606533050537,
      7.073786735534668,
      7.226222038269043
    ],
    [
      7.094497203826904,
      9.26070499420166,
      13.678083419799805,
      9.363581657409668,
      38.0231819152832,
      18.414396286010742,
      27.170602798461914,
      15.805604934692383,
      22.988689422607422,
      15.19780445098877,
      18.408641815185547,
      12.119555473327637,
      15.619425773620605,
      12.372773170471191,
      18.287796020507812,
      15.209436416625977,
      16.99062156677246,
      16.84481430053711
    ],
    [
      6.12591552734375,
      11.101326942443848,
      8.735881805419922,
      10.608975410461426,
      18.414396286010742,
      25.54413604736328,
      17.213605880737305,
      16.398456573486328,
      15.055521965026855,
      15.768677711486816,
      12.429752349853516,
      11.985684394836426,
      9.071427345275879,
      8.764740943908691,
      10.94001293182373,
      9.992734909057617,
      9.832331657409668,
      10.539850234985352
    ],
    [
      8.959939002990723,
      10.155450820922852,
      11.285070419311523,
      10.089031219482422,
      27.170602798461914,
      17.213605880737305,
      45.16358947753906,
      18.75044822692871,
      33.515625,
      19.605384826660156,
      24.012807846069336,
      14.860406875610352,
      18.6253719329834,
      13.307202339172363,
      20.770828247070312,
      15.732471466064453,
      19.943077087402344,
      18.858867645263672
    ],
    [
      5.892263412475586,
      11.588566780090332,
      7.115625858306885,
      9.048548698425293,
      15.805604934692383,
      16.398456573486328,
      18.75044822692871,
      25.80125617980957,
      16.115617752075195,
      20.189453125,
      13.095146179199219,
      16.345251083374023,
      10.596437454223633,
      12.275702476501465,
      11.308937072753906,
      12.6890287399292,
      10.889094352722168,
      13.749300003051758
    ],
    [
      8.928813934326172,
      7.84275484085083,
      8.649065017700195,
      8.724642753601074,
      22.988689422607422,
      15.055521965026855,
      33.515625,
      16.115617752075195,
      47.40138244628906,
      25.48233413696289,
      31.0255069732666,
      20.603675842285156,
      21.13279914855957,
      17.374404907226562,
      20.32126235961914,
      19.035491943359375,
      18.865028381347656,
      22.763456344604492
    ],
    [
      7.454261779785156,
      9.633732795715332,
      6.403348445892334,
      8.59158992767334,
      15.19780445098877,
      15.768677711486816,
      19.605384826660156,
      20.189453125,
      25.48233413696289,
      35.12774658203125,
      22.27116584777832,
      27.377849578857422,
      16.47343635559082,
      20.104095458984375,
      14.903241157531738,
      18.965070724487305,
      14.77702522277832,
      21.814950942993164
    ],
    [
      9.222687721252441,
      8.057971000671387,
      8.134099960327148,
      7.211397171020508,
      18.408641815185547,
      12.429752349853516,
      24.012807846069336,
      13.095146179199219,
      31.0255069732666,
      22.27116584777832,
      43.021278381347656,
      27.059385299682617,
      27.4538516998291,
      22.541606903076172,
      24.4486083984375,
      23.091339111328125,
      25.40373992919922,
      30.996217727661133
    ],
    [
      8.409981727600098,
      9.826324462890625,
      5.63656759262085,
      6.7202839851379395,
      12.119555473327637,
      11.985684394836426,
      14.860406875610352,
      16.345251083374023,
      20.603675842285156,
      27.377849578857422,
      27.059385299682617,
      38.61775588989258,
      22.8179874420166,
      29.173446655273438,
      19.41684913635254,
      27.458736419677734,
      21.8996639251709,
      32.76608657836914
    ],
    [
      8.899484634399414,
      8.625455856323242,
      7.69356632232666,
      6.255332946777344,
      15.619425773620605,
      9.071427345275879,
      18.6253719329834,
      10.596437454223633,
      21.13279914855957,
      16.47343635559082,
      27.4538516998291,
      22.8179874420166,
      42.11123275756836,
      29.013551712036133,
      39.23184585571289,
      32.77001953125,
      42.99790573120117,
      42.844783782958984
    ],
    [
      11.298405647277832,
      9.577828407287598,
      7.814504146575928,
      6.143569469451904,
      12.372773170471191,
      8.764740943908691,
      13.307202339172363,
      12.275702476501465,
      17.374404907226562,
      20.104095458984375,
      22.541606903076172,
      29.173446655273438,
      29.013551712036133,
      38.47305679321289,
      27.982242584228516,
      40.01399230957031,
      33.427860260009766,
      49.142669677734375
    ],
    [
      10.970773696899414,
      9.909555435180664,
      9.618590354919434,
      6.7599029541015625,
      18.287796020507812,
      10.94001293182373,
      20.770828247070312,
      11.308937072753906,
      20.32126235961914,
      14.903241157531738,
      24.4486083984375,
      19.41684913635254,
      39.23184585571289,
      27.982242584228516,
      54.88166427612305,
      38.98944091796875,
      53.58100891113281,
      51.165897369384766
    ],
    [
      14.01700210571289,
      10.956418991088867,
      10.284119606018066,
      6.579606533050537,
      15.209436416625977,
      9.992734909057617,
      15.732471466064453,
      12.6890287399292,
      19.035491943359375,
      18.965070724487305,
      23.091339111328125,
      27.458736419677734,
      32.77001953125,
      40.01399230957031,
      38.98944091796875,
      56.85799789428711,
      46.193782806396484,
      68.27984619140625
    ],
    [
      17.113330841064453,
      10.37569808959961,
      11.89037799835205,
      7.073786735534668,
      16.99062156677246,
      9.832331657409668,
      19.943077087402344,
      10.889094352722168,
      18.865028381347656,
      14.77702522277832,
      25.40373992919922,
      21.8996639251709,
      42.99790573120117,
      33.427860260009766,
      53.58100891113281,
      46.193782806396484,
      70.6296615600586,
      70.25129699707031
    ],
    [
      23.28942108154297,
      13.670886039733887,
      13.51259994506836,
      7.226222038269043,
      16.84481430053711,
      10.539850234985352,
      18.858867645263672,
      13.749300003051758,
      22.763456344604492,
      21.814950942993164,
      30.996217727661133,
      32.76608657836914,
      42.844783782958984,
      49.142669677734375,
      51.165897369384766,
      68.27984619140625,
      70.25129699707031,
      109.8731460571289
    ]
  ],
  "damage": -7.203865051269531,
  "diff_bandwidth": 639.4456176757812,
  "dissonance": 7.893511969602769,
  "drr": 0.031203750520944595,
  "dynamics": 2.9697442054748535,
  "format": 1245190,
  "frames": 12698560,
  "loudness": -13.172650337219238,
  "loudness_range": 7.107728958129883,
  "loudness_range_short": 10.769842147827148,
  "lowpass_true_peak_15khz": 0.48118269443511963,
  "mastering3_acoustic_entropies": [
    {
      "acoustic_entropy": 8.046154022216797,
      "acoustic_entropy_mono": 7.674449443817139,
      "band_eliminated_acoustic_entropies": [
        {
          "acoustic_entropy": 8.102740287780762,
          "acoustic_entropy_side": 8.046182632446289,
          "hz": 129.47220167065723
        },
        {
          "acoustic_entropy": 8.041803359985352,
          "acoustic_entropy_side": 8.052786827087402,
          "hz": 202.92927478742237
        },
        {
          "acoustic_entropy": 8.463990211486816,
          "acoustic_entropy_side": 8.045610427856445,
          "hz": 282.89161906338205
        },
        {
          "acoustic_entropy": 7.504999160766602,
          "acoustic_entropy_side": 7.891401290893555,
          "hz": 369.9353335868758
        },
        {
          "acoustic_entropy": 7.33814811706543,
          "acoustic_entropy_side": 7.581802845001221,
          "hz": 464.6875360973435
        },
        {
          "acoustic_entropy": 7.93810510635376,
          "acoustic_entropy_side": 7.8009772300720215,
          "hz": 567.8308811364784
        },
        {
          "acoustic_entropy": 6.052846431732178,
          "acoustic_entropy_side": 7.750556468963623,
          "hz": 680.1084783214808
        },
        {
          "acoustic_entropy": 7.759023666381836,
          "acoustic_entropy_side": 7.711685657501221,
          "hz": 802.3292461747484
        },
        {
          "acoustic_entropy": 7.381960391998291,
          "acoustic_entropy_side": 7.84364128112793,
          "hz": 935.3737400823702
        },
        {
          "acoustic_entropy": 7.785854339599609,
          "acoustic_entropy_side": 8.091450691223145,
          "hz": 1080.2004963696966
        },
        {
          "acoustic_entropy": 7.722108840942383,
          "acoustic_entropy_side": 7.892107009887695,
          "hz": 1237.8529382007157
        },
        {
          "acoustic_entropy": 7.774295330047607,
          "acoustic_entropy_side": 7.918890476226807,
          "hz": 1409.4668930556702
        },
        {
          "acoustic_entropy": 7.433337688446045,
          "acoustic_entropy_side": 7.880527496337891,
          "hz": 1596.2787759475705
        },
        {
          "acoustic_entropy": 7.781929016113281,
          "acoustic_entropy_side": 7.902350902557373,
          "hz": 1799.6344973346393
        },
        {
          "acoustic_entropy": 7.730923175811768,
          "acoustic_entropy_side": 8.052762031555176,
          "hz": 2020.9991599069049
        },
        {
          "acoustic_entropy": 7.216608047485352,
          "acoustic_entropy_side": 8.030125617980957,
          "hz": 2261.9676141086993
        },
        {
          "acoustic_entropy": 7.652105331420898,
          "acoustic_entropy_side": 8.050237655639648,
          "hz": 2524.2759484456974
        },
        {
          "acoustic_entropy": 7.647436141967773,
          "acoustic_entropy_side": 8.057870864868164,
          "hz": 2809.813997359896
        },
        {
          "acoustic_entropy": 7.56186580657959,
          "acoustic_entropy_side": 8.049178123474121,
          "hz": 3120.6389567871424
        },
        {
          "acoustic_entropy": 7.564146041870117,
          "acoustic_entropy_side": 8.043387413024902,
          "hz": 3458.990205492291
        },
        {
          "acoustic_entropy": 7.956097602844238,
          "acoustic_entropy_side": 8.047850608825684,
          "hz": 3827.305438964164
        },
        {
          "acoustic_entropy": 7.95674991607666,
          "acoustic_entropy_side": 8.040886878967285,
          "hz": 4228.238232109126
        },
        {
          "acoustic_entropy": 7.927132606506348,
          "acoustic_entropy_side": 8.027481079101562,
          "hz": 4664.6771572759235
        },
        {
          "acoustic_entropy": 7.9347310066223145,
          "acoustic_entropy_side": 8.023910522460938,
          "hz": 5139.766595350093
        },
        {
          "acoustic_entropy": 7.8750901222229,
          "acoustic_entropy_side": 8.043986320495605,
          "hz": 5656.929389854203
        },
        {
          "acoustic_entropy": 7.8867387771606445,
          "acoustic_entropy_side": 8.043062210083008,
          "hz": 6219.891507268283
        },
        {
          "acoustic_entropy": 7.953896999359131,
          "acoustic_entropy_side": 8.039811134338379,
          "hz": 6832.70888123896
        },
        {
          "acoustic_entropy": 7.83148193359375,
          "acoustic_entropy_side": 8.039992332458496,
          "hz": 7499.796634079867
        },
        {
          "acoustic_entropy": 7.980269432067871,
          "acoustic_entropy_side": 8.035557746887207,
          "hz": 8225.96088609342
        },
        {
          "acoustic_entropy": 7.9936299324035645,
          "acoustic_entropy_side": 8.033449172973633,
          "hz": 9016.43338188839
        },
        {
          "acoustic_entropy": 7.95914363861084,
          "acoustic_entropy_side": 8.039593696594238,
          "hz": 9876.909183162974
        },
        {
          "acoustic_entropy": 7.965599536895752,
          "acoustic_entropy_side": 8.045123100280762,
          "hz": 10813.587699516042
        },
        {
          "acoustic_entropy": 7.914734363555908,
          "acoustic_entropy_side": 8.04863166809082,
          "hz": 11833.21735289826
        },
        {
          "acoustic_entropy": 7.980114459991455,
          "acoustic_entropy_side": 8.04875373840332,
          "hz": 12943.144197493959
        },
        {
          "acoustic_entropy": 8.025559425354004,
          "acoustic_entropy_side": 8.048515319824219,
          "hz": 14151.364845322005
        },
        {
          "acoustic_entropy": 8.027706146240234,
          "acoustic_entropy_side": 8.04836654663086,
          "hz": 15466.58407886509
        },
        {
          "acoustic_entropy": 8.040814399719238,
          "acoustic_entropy_side": 8.047287940979004,
          "hz": 16898.27756580493
        },
        {
          "acoustic_entropy": 8.04354476928711,
          "acoustic_entropy_side": 8.046429634094238,
          "hz": 18456.760127700032
        },
        {
          "acoustic_entropy": 8.044524192810059,
          "acoustic_entropy_side": 8.04624080657959,
          "hz": 20153.260054456492
        },
        {
          "acoustic_entropy": 8.045879364013672,
          "acoustic_entropy_side": 8.046163558959961,
          "hz": 22000.00000000001
        }
      ],
      "diff_acoustic_entropy": 6.504297733306885,
      "sn": 6
    },
    {
      "acoustic_entropy": 10.286811828613281,
      "acoustic_entropy_mono": 11.229127883911133,
      "band_eliminated_acoustic_entropies": [
        {
          "acoustic_entropy": 10.54199504852295,
          "acoustic_entropy_side": 10.286911010742188,
          "hz": 129.47220167065723
        },
        {
          "acoustic_entropy": 10.584108352661133,
          "acoustic_entropy_side": 10.2557954788208,
          "hz": 202.92927478742237
        },
        {
          "acoustic_entropy": 10.546428680419922,
          "acoustic_entropy_side": 10.109046936035156,
          "hz": 282.89161906338205
        },
        {
          "acoustic_entropy": 11.511122703552246,
          "acoustic_entropy_side": 10.67288875579834,
          "hz": 369.9353335868758
        },
        {
          "acoustic_entropy": 10.534699440002441,
          "acoustic_entropy_side": 10.228816032409668,
          "hz": 464.6875360973435
        },
        {
          "acoustic_entropy": 11.356208801269531,
          "acoustic_entropy_side": 10.163186073303223,
          "hz": 567.8308811364784
        },
        {
          "acoustic_entropy": 10.57076644897461,
          "acoustic_entropy_side": 10.39557933807373,
          "hz": 680.1084783214808
        },
        {
          "acoustic_entropy": 10.691539764404297,
          "acoustic_entropy_side": 10.362269401550293,
          "hz": 802.3292461747484
        },
        {
          "acoustic_entropy": 10.587702751159668,
          "acoustic_entropy_side": 10.283056259155273,
          "hz": 935.3737400823702
        },
        {
          "acoustic_entropy": 10.63997745513916,
          "acoustic_entropy_side": 10.67557430267334,
          "hz": 1080.2004963696966
        },
        {
          "acoustic_entropy": 10.290709495544434,
          "acoustic_entropy_side": 10.7240629196167,
          "hz": 1237.8529382007157
        },
        {
          "acoustic_entropy": 10.764490127563477,
          "acoustic_entropy_side": 10.877046585083008,
          "hz": 1409.4668930556702
        },
        {
          "acoustic_entropy": 10.505608558654785,
          "acoustic_entropy_side": 10.209244728088379,
          "hz": 1596.2787759475705
        },
        {
          "acoustic_entropy": 10.715750694274902,
          "acoustic_entropy_side": 10.074455261230469,
          "hz": 1799.6344973346393
        },
        {
          "acoustic_entropy": 11.358429908752441,
          "acoustic_entropy_side": 10.423365592956543,
          "hz": 2020.9991599069049
        },
        {
          "acoustic_entropy": 10.120241165161133,
          "acoustic_entropy_side": 10.26467227935791,
          "hz": 2261.9676141086993
        },
        {
          "acoustic_entropy": 10.304230690002441,
          "acoustic_entropy_side": 10.2298002243042,
          "hz": 2524.2759484456974
        },
        {
          "acoustic_entropy": 10.378092765808105,
          "acoustic_entropy_side": 10.224397659301758,
          "hz": 2809.813997359896
        },
        {
          "acoustic_entropy": 10.723457336425781,
          "acoustic_entropy_side": 10.252128601074219,
          "hz": 3120.6389567871424
        },
        {
          "acoustic_entropy": 10.35416316986084,
          "acoustic_entropy_side": 10.111876487731934,
          "hz": 3458.990205492291
        },
        {
          "acoustic_entropy": 10.35093879699707,
          "acoustic_entropy_side": 10.209426879882812,
          "hz": 3827.305438964164
        },
        {
          "acoustic_entropy": 10.40031623840332,
          "acoustic_entropy_side": 10.253128051757812,
          "hz": 4228.238232109126
        },
        {
          "acoustic_entropy": 10.675682067871094,
          "acoustic_entropy_side": 10.325407981872559,
          "hz": 4664.6771572759235
        },
        {
          "acoustic_entropy": 10.88418960571289,
          "acoustic_entropy_side": 10.374977111816406,
          "hz": 5139.766595350093
        },
        {
          "acoustic_entropy": 10.497235298156738,
          "acoustic_entropy_side": 10.292298316955566,
          "hz": 5656.929389854203
        },
        {
          "acoustic_entropy": 10.374759674072266,
          "acoustic_entropy_side": 10.294122695922852,
          "hz": 6219.891507268283
        },
        {
          "acoustic_entropy": 10.445640563964844,
          "acoustic_entropy_side": 10.318519592285156,
          "hz": 6832.70888123896
        },
        {
          "acoustic_entropy": 10.284930229187012,
          "acoustic_entropy_side": 10.211732864379883,
          "hz": 7499.796634079867
        },
        {
          "acoustic_entropy": 10.260970115661621,
          "acoustic_entropy_side": 10.232601165771484,
          "hz": 8225.96088609342
        },
        {
          "acoustic_entropy": 10.360289573669434,
          "acoustic_entropy_side": 10.211467742919922,
          "hz": 9016.43338188839
        },
        {
          "acoustic_entropy": 10.47571849822998,
          "acoustic_entropy_side": 10.22064208984375,
          "hz": 9876.909183162974
        },
        {
          "acoustic_entropy": 10.323100090026855,
          "acoustic_entropy_side": 10.27110481262207,
          "hz": 10813.587699516042
        },
        {
          "acoustic_entropy": 10.46242618560791,
          "acoustic_entropy_side": 10.318958282470703,
          "hz": 11833.21735289826
        },
        {
          "acoustic_entropy": 10.43708324432373,
          "acoustic_entropy_side": 10.311704635620117,
          "hz": 12943.144197493959
        },
        {
          "acoustic_entropy": 10.341225624084473,
          "acoustic_entropy_side": 10.33358097076416,
          "hz": 14151.364845322005
        },
        {
          "acoustic_entropy": 10.325094223022461,
          "acoustic_entropy_side": 10.331063270568848,
          "hz": 15466.58407886509
        },
        {
          "acoustic_entropy": 10.297187805175781,
          "acoustic_entropy_side": 10.324769020080566,
          "hz": 16898.27756580493
        },
        {
          "acoustic_entropy": 10.292579650878906,
          "acoustic_entropy_side": 10.298806190490723,
          "hz": 18456.760127700032
        },
        {
          "acoustic_entropy": 10.300226211547852,
          "acoustic_entropy_side": 10.288652420043945,
          "hz": 20153.260054456492
        },
        {
          "acoustic_entropy": 10.285999298095703,
          "acoustic_entropy_side": 10.286974906921387,
          "hz": 22000.00000000001
        }
      ],
      "diff_acoustic_entropy": 9.122392654418945,
      "sn": 12
    },
    {
      "acoustic_entropy": 17.226247787475586,
      "acoustic_entropy_mono": 15.41110610961914,
      "band_eliminated_acoustic_entropies": [
        {
          "acoustic_entropy": 16.861486434936523,
          "acoustic_entropy_side": 17.329694747924805,
          "hz": 129.47220167065723
        },
        {
          "acoustic_entropy": 15.51564884185791,
          "acoustic_entropy_side": 17.062973022460938,
          "hz": 202.92927478742237
        },
        {
          "acoustic_entropy": 16.566545486450195,
          "acoustic_entropy_side": 17.456682205200195,
          "hz": 282.89161906338205
        },
        {
          "acoustic_entropy": 17.39603042602539,
          "acoustic_entropy_side": 16.338411331176758,
          "hz": 369.9353335868758
        },
        {
          "acoustic_entropy": 16.23151397705078,
          "acoustic_entropy_side": 17.183780670166016,
          "hz": 464.6875360973435
        },
        {
          "acoustic_entropy": 16.65087890625,
          "acoustic_entropy_side": 16.58485221862793,
          "hz": 567.8308811364784
        },
        {
          "acoustic_entropy": 17.054311752319336,
          "acoustic_entropy_side": 16.651531219482422,
          "hz": 680.1084783214808
        },
        {
          "acoustic_entropy": 16.720760345458984,
          "acoustic_entropy_side": 17.110027313232422,
          "hz": 802.3292461747484
        },
        {
          "acoustic_entropy": 15.963674545288086,
          "acoustic_entropy_side": 17.167436599731445,
          "hz": 935.3737400823702
        },
        {
          "acoustic_entropy": 15.892955780029297,
          "acoustic_entropy_side": 16.05675506591797,
          "hz": 1080.2004963696966
        },
        {
          "acoustic_entropy": 16.709653854370117,
          "acoustic_entropy_side": 16.326047897338867,
          "hz": 1237.8529382007157
        },
        {
          "acoustic_entropy": 15.930968284606934,
          "acoustic_entropy_side": 16.37738037109375,
          "hz": 1409.4668930556702
        },
        {
          "acoustic_entropy": 16.689313888549805,
          "acoustic_entropy_side": 16.65719223022461,
          "hz": 1596.2787759475705
        },
        {
          "acoustic_entropy": 16.431947708129883,
          "acoustic_entropy_side": 16.74334716796875,
          "hz": 1799.6344973346393
        },
        {
          "acoustic_entropy": 17.674516677856445,
          "acoustic_entropy_side": 17.173686981201172,
          "hz": 2020.9991599069049
        },
        {
          "acoustic_entropy": 15.545878410339355,
          "acoustic_entropy_side": 16.677433013916016,
          "hz": 2261.9676141086993
        },
        {
          "acoustic_entropy": 17.248497009277344,
          "acoustic_entropy_side": 17.015127182006836,
          "hz": 2524.2759484456974
        },
        {
          "acoustic_entropy": 17.348957061767578,
          "acoustic_entropy_side": 17.195842742919922,
          "hz": 2809.813997359896
        },
        {
          "acoustic_entropy": 16.834701538085938,
          "acoustic_entropy_side": 17.139331817626953,
          "hz": 3120.6389567871424
        },
        {
