{
  "acoustic_entropy": 230.8359832763672,
  "bands": [
    {
      "high_freq": 148.1999969482422,
      "loudness": -26.340469360351562,
      "loudness_range": 13.021612167358398,
      "mid_mean": -22.981340408325195,
      "mid_to_side_loudness": -19.05138397216797,
      "mid_to_side_loudness_range": 35.02141189575195,
      "side_mean": -48.86484909057617
    },
    {
      "high_freq": 392.3793640136719,
      "loudness": -24.585140228271484,
      "loudness_range": 15.915785789489746,
      "low_freq": 148.1999969482422,
      "mid_mean": -21.53059196472168,
      "mid_to_side_loudness": -9.559630393981934,
      "mid_to_side_loudness_range": 13.950407981872559,
      "side_mean": -31.452682495117188
    },
    {
      "high_freq": 794.6976318359375,
      "loudness": -23.679733276367188,
      "loudness_range": 12.194927215576172,
      "low_freq": 392.3793640136719,
      "mid_mean": -20.695526123046875,
      "mid_to_side_loudness": -8.62382984161377,
      "mid_to_side_loudness_range": 10.693475723266602,
      "side_mean": -29.40085220336914
    },
    {
      "high_freq": 1457.5709228515625,
      "loudness": -27.95806121826172,
      "loudness_range": 19.750043869018555,
      "low_freq": 794.6976318359375,
      "mid_mean": -25.49500846862793,
      "mid_to_side_loudness": -6.538486003875732,
      "mid_to_side_loudness_range": 13.854704856872559,
      "side_mean": -32.21954345703125
    },
    {
      "high_freq": 2549.74365234375,
      "loudness": -31.110687255859375,
      "loudness_range": 23.27781867980957,
      "low_freq": 1457.5709228515625,
      "mid_mean": -28.457582473754883,
      "mid_to_side_loudness": -7.289957523345947,
      "mid_to_side_loudness_range": 13.254030227661133,
      "side_mean": -35.74771499633789
    },
    {
      "high_freq": 4349.24462890625,
      "loudness": -33.28019714355469,
      "loudness_range": 22.2332820892334,
      "low_freq": 2549.74365234375,
      "mid_mean": -30.397823333740234,
      "mid_to_side_loudness": -9.072775840759277,
      "mid_to_side_loudness_range": 15.946378707885742,
      "side_mean": -39.726112365722656
    },
    {
      "high_freq": 7314.1640625,
      "loudness": -37.317779541015625,
      "loudness_range": 16.79142189025879,
      "low_freq": 4349.24462890625,
      "mid_mean": -34.38399887084961,
      "mid_to_side_loudness": -8.615620613098145,
      "mid_to_side_loudness_range": 12.885656356811523,
      "side_mean": -43.234397888183594
    },
    {
      "high_freq": 12199.2666015625,
      "loudness": -39.00453186035156,
      "loudness_range": 19.130456924438477,
      "low_freq": 7314.1640625,
      "mid_mean": -35.838138580322266,
      "mid_to_side_loudness": -10.807147979736328,
      "mid_to_side_loudness_range": 15.022796630859375,
      "side_mean": -46.884429931640625
    },
    {
      "loudness": -47.688636779785156,
      "loudness_range": 19.04759979248047,
      "low_freq": 12199.2666015625,
      "mid_mean": -44.71019744873047,
      "mid_to_side_loudness": -8.707518577575684,
      "mid_to_side_loudness_range": 12.57424259185791,
      "side_mean": -54.02742385864258
    }
  ],
  "bands_short": [
    {
      "high_freq": 148.1999969482422,
      "loudness": -29.381587982177734,
      "loudness_range": 21.571256637573242,
      "mid_mean": -26.05122184753418,
      "mid_to_side_loudness": -21.381336212158203,
      "mid_to_side_loudness_range": 36.854591369628906,
      "side_mean": -54.735450744628906
    },
    {
      "high_freq": 392.3793640136719,
      "loudness": -24.34905242919922,
      "loudness_range": 17.240680694580078,
      "low_freq": 148.1999969482422,
      "mid_mean": -21.409109115600586,
      "mid_to_side_loudness": -9.950913429260254,
      "mid_to_side_loudness_range": 18.390094757080078,
      "side_mean": -31.886587142944336
    },
    {
      "high_freq": 794.6976318359375,
      "loudness": -24.999788284301758,
      "loudness_range": 14.885175704956055,
      "low_freq": 392.3793640136719,
      "mid_mean": -22.35381317138672,
      "mid_to_side_loudness": -7.881035327911377,
      "mid_to_side_loudness_range": 15.49780559539795,
      "side_mean": -30.3887996673584
    },
    {
      "high_freq": 1457.5709228515625,
      "loudness": -27.09602165222168,
      "loudness_range": 19.324373245239258,
      "low_freq": 794.6976318359375,
      "mid_mean": -24.79740333557129,
      "mid_to_side_loudness": -6.600139617919922,
      "mid_to_side_loudness_range": 16.686264038085938,
      "side_mean": -31.496540069580078
    },
    {
      "high_freq": 2549.74365234375,
      "loudness": -31.795398712158203,
      "loudness_range": 24.925148010253906,
      "low_freq": 1457.5709228515625,
      "mid_mean": -29.414613723754883,
      "mid_to_side_loudness": -6.655817031860352,
      "mid_to_side_loudness_range": 16.169998168945312,
      "side_mean": -36.17493438720703
    },
    {
      "high_freq": 4349.24462890625,
      "loudness": -34.02657699584961,
      "loudness_range": 25.129926681518555,
      "low_freq": 2549.74365234375,
      "mid_mean": -31.355051040649414,
      "mid_to_side_loudness": -8.180496215820312,
      "mid_to_side_loudness_range": 17.050060272216797,
      "side_mean": -40.034515380859375
    },
    {
      "high_freq": 7314.1640625,
      "loudness": -38.40547180175781,
      "loudness_range": 20.433021545410156,
      "low_freq": 4349.24462890625,
      "mid_mean": -35.599483489990234,
      "mid_to_side_loudness": -8.308083534240723,
      "mid_to_side_loudness_range": 14.287429809570312,
      "side_mean": -44.20097732543945
    },
    {
      "high_freq": 12199.2666015625,
      "loudness": -40.058738708496094,
      "loudness_range": 22.915761947631836,
      "low_freq": 7314.1640625,
      "mid_mean": -37.10113525390625,
      "mid_to_side_loudness": -9.504072189331055,
      "mid_to_side_loudness_range": 16.191913604736328,
      "side_mean": -47.43647766113281
    },
    {
      "loudness": -51.10927200317383,
      "loudness_range": 26.65180206298828,
      "low_freq": 12199.2666015625,
      "mid_mean": -48.43048858642578,
      "mid_to_side_loudness": -9.023248672485352,
      "mid_to_side_loudness_range": 16.74905014038086,
      "side_mean": -58.10490798950195
    }
  ],
  "bandwidth": 658.18896484375,
  "channels": 2,
  "covariance": [
    [
      57.735721588134766,
      15.779190063476562,
      8.96554183959961,
      5.218023777008057,
      10.351386070251465,
      5.601140975952148,
      11.14653491973877,
      5.965782165527344,
      11.897555351257324,
      9.441434860229492,
      15.029293060302734,
      17.954334259033203,
      9.06474781036377,
      2.14310622215271,
      11.2426118850708,
      7.457447052001953,
      14.605879783630371,
      13.845431327819824
    ],
    [
      15.779190063476562,
      97.28865814208984,
      15.1034517288208,
      22.29035758972168,
      8.96339225769043,
      8.9669828414917,
      18.466609954833984,
      11.347933769226074,
      20.554000854492188,
      19.760013580322266,
      19.553348541259766,
      30.661861419677734,
      13.096677780151367,
      14.607178688049316,
      15.18228530883789,
      20.0541934967041,
      16.97344207763672,
      23.029010772705078
    ],
    [
      8.96554183959961,
      15.1034517288208,
      35.946903228759766,
      18.232009887695312,
      9.483007431030273,
      3.3200674057006836,
      10.388669967651367,
      6.553915977478027,
      13.808902740478516,
      2.781832456588745,
      15.590436935424805,
      8.003073692321777,
      16.437368392944336,
      14.534109115600586,
      21.15093231201172,
      12.18736743927002,
      11.390851020812988,
      5.099449634552002
    ],
    [
      5.218023777008057,
      22.29035758972168,
      18.232009887695312,
      24.28779411315918,
      8.129837036132812,
      6.196568489074707,
      13.153772354125977,
      9.215986251831055,
      15.449039459228516,
      11.902193069458008,
      13.904484748840332,
      16.393178939819336,
      11.356709480285645,
      13.9908447265625,
      11.762899398803711,
      12.123597145080566,
      5.786752223968506,
      7.719313621520996
    ],
    [
      10.351386070251465,
      8.96339225769043,
      9.483007431030273,
      8.129837036132812,
      21.444660186767578,
      8.439613342285156,
      21.154579162597656,
      12.232779502868652,
      21.724836349487305,
      14.532869338989258,
      23.90424919128418,
      19.312211990356445,
      16.856014251708984,
      11.64744758605957,
      19.8339900970459,
      12.546008110046387,
      10.042221069335938,
      9.233857154846191
    ],
    [
      5.601140975952148,
      8.9669828414917,
      3.3200674057006836,
      6.196568489074707,
      8.439613342285156,
      9.596457481384277,
      10.217462539672852,
      9.052220344543457,
      11.524455070495605,
      12.245179176330566,
      11.070030212402344,
      16.20257568359375,
      6.794935703277588,
      8.384336471557617,
      6.50556755065918,
      8.974077224731445,
      3.5743014812469482,
      6.772377967834473
    ],
    [
      11.14653491973877,
      18.466609954833984,
      10.388669967651367,
      13.153772354125977,
      21.154579162597656,
      10.217462539672852,
      52.948848724365234,
      25.537052154541016,
      48.55571746826172,
      33.689674377441406,
      41.816280364990234,
      39.93524169921875,
      31.384313583374023,
      25.948177337646484,
      29.818979263305664,
      22.82937240600586,
      13.784101486206055,
      16.59840965270996
    ],
    [
      5.965782165527344,
      11.347933769226074,
      6.553915977478027,
      9.215986251831055,
      12.232779502868652,
      9.052220344543457,
      25.537052154541016,
      24.793254852294922,
      28.738515853881836,
      27.517961502075195,
      24.52020263671875,
      32.05999755859375,
      17.2200870513916,
      21.435256958007812,
      15.501803398132324,
      18.76984977722168,
      6.311079502105713,
      12.474367141723633
    ],
    [
      11.897555351257324,
      20.554000854492188,
      13.808902740478516,
      15.449039459228516,
      21.724836349487305,
      11.524455070495605,
      48.55571746826172,
      28.738515853881836,
      69.77069091796875,
      49.31668472290039,
      50.33150863647461,
      51.26567840576172,
      35.32326889038086,
      32.57301712036133,
      36.19301986694336,
      27.79190444946289,
      15.47203254699707,
      17.802440643310547
    ],
    [
      9.441434860229492,
      19.760013580322266,
      2.781832456588745,
      11.902193069458008,
      14.532869338989258,
      12.245179176330566,
      33.689674377441406,
      27.517961502075195,
      49.31668472290039,
      54.15761184692383,
      37.35226058959961,
      53.60019302368164,
      21.443750381469727,
      27.490482330322266,
      18.129779815673828,
      23.88340950012207,
      6.148906707763672,
      17.666013717651367
    ],
    [
      15.029293060302734,
      19.553348541259766,
      15.590436935424805,
      13.904484748840332,
      23.90424919128418,
      11.070030212402344,
      41.816280364990234,
      24.52020263671875,
      50.33150863647461,
      37.35226058959961,
      61.498600006103516,
      53.56379318237305,
      42.019771575927734,
      33.77995681762695,
      41.18695831298828,
      29.13538360595703,
      22.811086654663086,
      22.46683692932129
    ],
    [
      17.954334259033203,
      30.661861419677734,
      8.003073692321777,
      16.393178939819336,
      19.312211990356445,
      16.20257568359375,
      39.93524169921875,
      32.05999755859375,
      51.26567840576172,
      53.60019302368164,
      53.56379318237305,
      77.32440948486328,
      30.890382766723633,
      38.30065155029297,
      25.0223331451416,
      33.383663177490234,
      13.697437286376953,
      27.86634063720703
    ],
    [
      9.06474781036377,
      13.096677780151367,
      16.437368392944336,
      11.356709480285645,
      16.856014251708984,
      6.794935703277588,
      31.384313583374023,
      17.2200870513916,
      35.32326889038086,
      21.443750381469727,
      42.019771575927734,
      30.890382766723633,
      39.25429916381836,
      27.892383575439453,
      39.87014389038086,
      24.51132583618164,
      25.608352661132812,
      17.481199264526367
    ],
    [
      2.14310622215271,
      14.607178688049316,
      14.534109115600586,
      13.9908447265625,
      11.64744758605957,
      8.384336471557617,
      25.948177337646484,
      21.435256958007812,
      32.57301712036133,
      27.490482330322266,
      33.77995681762695,
      38.30065155029297,
      27.892383575439453,
      38.45547866821289,
      24.973684310913086,
      27.6949462890625,
      11.296173095703125,
      15.64051342010498
    ],
    [
      11.2426118850708,
      15.18228530883789,
      21.15093231201172,
      11.762899398803711,
      19.8339900970459,
      6.50556755065918,
      29.818979263305664,
      15.501803398132324,
      36.19301986694336,
      18.129779815673828,
      41.18695831298828,
      25.0223331451416,
      39.87014389038086,
      24.973684310913086,
      56.000892639160156,
      29.55817222595215,
      39.21992874145508,
      21.34842872619629
    ],
    [
      7.457447052001953,
      20.0541934967041,
      12.18736743927002,
      12.123597145080566,
      12.546008110046387,
      8.974077224731445,
      22.82937240600586,
      18.76984977722168,
      27.79190444946289,
      23.88340950012207,
      29.13538360595703,
      33.383663177490234,
      24.51132583618164,
      27.6949462890625,
      29.55817222595215,
      33.01716995239258,
      21.655216217041016,
      24.857641220092773
    ],
    [
      14.605879783630371,
      16.97344207763672,
      11.390851020812988,
      5.786752223968506,
      10.042221069335938,
      3.5743014812469482,
      13.784101486206055,
      6.311079502105713,
      15.47203254699707,
      6.148906707763672,
      22.811086654663086,
      13.697437286376953,
      25.608352661132812,
      11.296173095703125,
      39.21992874145508,
      21.655216217041016,
      44.935333251953125,
      27.635604858398438
    ],
    [
      13.845431327819824,
      23.029010772705078,
      5.099449634552002,
      7.719313621520996,
      9.233857154846191,
      6.772377967834473,
      16.59840965270996,
      12.474367141723633,
      17.802440643310547,
      17.666013717651367,
      22.46683692932129,
      27.86634063720703,
      17.481199264526367,
      15.64051342010498,
      21.34842872619629,
      24.857641220092773,
      27.635604858398438,
      42.34693908691406
    ]
  ],
  "covariance_short": [
    [
      77.83731842041016,
      15.334489822387695,
      16.48516082763672,
      4.218540191650391,
      11.93972110748291,
      6.135553359985352,
      14.129673957824707,
      7.1360626220703125,
      12.824594497680664,
      9.171891212463379,
      12.902444839477539,
      15.505105972290039,
      8.433650970458984,
      6.061116695404053,
      9.721746444702148,
      6.3974151611328125,
      7.990227222442627,
      4.514192581176758
    ],
    [
      15.334489822387695,
      75.71414184570312,
      15.761832237243652,
      23.108613967895508,
      8.913751602172852,
      8.333788871765137,
      12.65488338470459,
      10.651898384094238,
      21.579822540283203,
      21.210805892944336,
      17.318675994873047,
      26.99347686767578,
      15.059049606323242,
      17.571186065673828,
      14.151493072509766,
      19.09804916381836,
      16.93160057067871,
      20.849273681640625
    ],
    [
      16.48516082763672,
      15.761832237243652,
      44.27439880371094,
      18.424837112426758,
      13.419291496276855,
      4.205752849578857,
      9.014349937438965,
      4.825284481048584,
      14.162323951721191,
      3.770817279815674,
      16.760162353515625,
      10.811068534851074,
      16.678974151611328,
      13.538698196411133,
      19.610515594482422,
      13.47885799407959,
      14.49402141571045,
      5.541553497314453
    ],
    [
      4.218540191650391,
      23.108613967895508,
      18.424837112426758,
      34.487144470214844,
      7.88826322555542,
      5.751663684844971,
      11.27159309387207,
      7.329545021057129,
      15.755059242248535,
      13.111282348632812,
      14.441691398620605,
      17.974855422973633,
      12.968341827392578,
      14.597765922546387,
      12.599993705749512,
      13.681693077087402,
      9.107047080993652,
      6.623761177062988
    ],
    [
      11.93972110748291,
      8.913751602172852,
      13.419291496276855,
      7.88826322555542,
      33.683048248291016,
      9.413949012756348,
      23.41183090209961,
      11.895094871520996,
      25.25113868713379,
      15.591856002807617,
      27.845226287841797,
      19.888084411621094,
      21.408111572265625,
      14.32430648803711,
      23.950834274291992,
      15.444095611572266,
      14.453332901000977,
      7.612555503845215
    ],
    [
      6.135553359985352,
      8.333788871765137,
      4.205752849578857,
      5.751663684844971,
      9.413949012756348,
      14.125511169433594,
      9.275486946105957,
      8.351513862609863,
      11.339705467224121,
      11.781982421875,
      11.45895004272461,
      15.357711791992188,
      8.183477401733398,
      9.20507526397705,
      7.910740852355957,
      10.197561264038086,
      7.16901159286499,
      6.005142688751221
    ],
    [
      14.129673957824707,
      12.65488338470459,
      9.014349937438965,
      11.27159309387207,
      23.41183090209961,
      9.275486946105957,
      54.39704132080078,
      20.995943069458008,
      47.57263946533203,
      31.87484359741211,
      42.31332778930664,
      36.101219177246094,
      33.61506271362305,
      24.065319061279297,
      32.2381591796875,
      22.909387588500977,
      21.60579490661621,
      15.803814888000488
    ],
    [
      7.1360626220703125,
      10.651898384094238,
      4.825284481048584,
      7.329545021057129,
      11.895094871520996,
      8.351513862609863,
      20.995943069458008,
      23.00425910949707,
      25.677610397338867,
      26.06622314453125,
      23.17442512512207,
      29.444318771362305,
      17.0140438079834,
      20.189470291137695,
      15.26161003112793,
      19.633089065551758,
      11.986741065979004,
      13.486759185791016
    ],
    [
      12.824594497680664,
      21.579822540283203,
      14.162323951721191,
      15.755059242248535,
      25.25113868713379,
      11.339705467224121,
      47.57263946533203,
      25.677610397338867,
      80.1534652709961,
      52.09572219848633,
      59.13960647583008,
      53.23474884033203,
      44.78204345703125,
      34.734580993652344,
      44.25941467285156,
      32.79084777832031,
      30.54072380065918,
      18.990846633911133
    ],
    [
      9.171891212463379,
      21.210805892944336,
      3.770817279815674,
      13.111282348632812,
      15.591856002807617,
      11.781982421875,
      31.87484359741211,
      26.06622314453125,
      52.09572219848633,
      58.96611022949219,
      41.170616149902344,
      54.838050842285156,
      26.90875244140625,
      31.018001556396484,
      22.725950241088867,
      28.777793884277344,
      15.535440444946289,
      17.030475616455078
    ],
    [
      12.902444839477539,
      17.318675994873047,
      16.760162353515625,
      14.441691398620605,
      27.845226287841797,
      11.45895004272461,
      42.31332778930664,
      23.17442512512207,
      59.13960647583008,
      41.170616149902344,
      75.48784637451172,
      56.82371520996094,
      53.66960906982422,
      38.07185745239258,
      52.45646667480469,
      35.17506408691406,
      40.006717681884766,
      24.19072723388672
    ],
    [
      15.505105972290039,
      26.99347686767578,
      10.811068534851074,
      17.974855422973633,
      19.888084411621094,
      15.357711791992188,
      36.101219177246094,
      29.444318771362305,
      53.23474884033203,
      54.838050842285156,
      56.82371520996094,
      80.62987518310547,
      37.246036529541016,
      43.6265754699707,
      30.393985748291016,
      39.06441116333008,
      23.951547622680664,
      25.36163330078125
    ],
    [
      8.433650970458984,
      15.059049606323242,
      16.678974151611328,
      12.968341827392578,
      21.408111572265625,
      8.183477401733398,
      33.61506271362305,
      17.0140438079834,
      44.78204345703125,
      26.90875244140625,
      53.66960906982422,
      37.246036529541016,
      56.28727722167969,
      35.244876861572266,
      54.34184646606445,
      33.510257720947266,
      49.0461540222168,
      25.012975692749023
    ],
    [
      6.061116695404053,
      17.571186065673828,
      13.538698196411133,
      14.597765922546387,
      14.32430648803711,
      9.20507526397705,
      24.065319061279297,
      20.189470291137695,
      34.734580993652344,
      31.018001556396484,
      38.07185745239258,
      43.6265754699707,
      35.244876861572266,
      43.94820022583008,
      30.5373592376709,
      35.40488815307617,
      25.63499641418457,
      25.442848205566406
    ],
    [
      9.721746444702148,
      14.151493072509766,
      19.610515594482422,
      12.599993705749512,
      23.950834274291992,
      7.910740852355957,
      32.2381591796875,
      15.26161003112793,
      44.25941467285156,
      22.725950241088867,
      52.45646667480469,
      30.393985748291016,
      54.34184646606445,
      30.5373592376709,
      74.02027893066406,
      37.493473052978516,
      62.98738098144531,
      28.51506233215332
    ],
    [
      6.3974151611328125,
      19.09804916381836,
      13.47885799407959,
      13.681693077087402,
      15.444095611572266,
      10.197561264038086,
      22.909387588500977,
      19.633089065551758,
      32.79084777832031,
      28.777793884277344,
      35.17506408691406,
      39.06441116333008,
      33.510257720947266,
      35.40488815307617,
      37.493473052978516,
      48.54775619506836,
      37.82992935180664,
      38.027034759521484
    ],
    [
      7.990227222442627,
      16.93160057067871,
      14.49402141571045,
      9.107047080993652,
      14.453332901000977,
      7.16901159286499,
      21.60579490661621,
      11.986741065979004,
      30.54072380065918,
      15.535440444946289,
      40.006717681884766,
      23.951547622680664,
      49.0461540222168,
      25.63499641418457,
      62.98738098144531,
      37.82992935180664,
      86.58328247070312,
      50.21538162231445
    ],
    [
      4.514192581176758,
      20.849273681640625,
      5.541553497314453,
      6.623761177062988,
      7.612555503845215,
      6.005142688751221,
      15.803814888000488,
      13.486759185791016,
      18.990846633911133,
      17.030475616455078,
      24.19072723388672,
      25.36163330078125,
      25.012975692749023,
      25.442848205566406,
      28.51506233215332,
      38.027034759521484,
      50.21538162231445,
      68.76663208007812
    ]
  ],
  "damage": -8.371538162231445,
  "diff_bandwidth": 710.1874389648438,
  "dissonance": 7.0465749902189,
  "drr": 8.608699798583984,
  "dynamics": 4.0422210693359375,
  "format": 1245190,
  "frames": 4488128,
  "loudness": -13.980085372924805,
  "loudness_range": 11.523365020751953,
  "loudness_range_short": 12.81962776184082,
  "lowpass_true_peak_15khz": -0.672099769115448,
  "mastering3_acoustic_entropies": [
    {
      "acoustic_entropy": 9.932934761047363,
      "acoustic_entropy_mono": 9.781262397766113,
      "band_eliminated_acoustic_entropies": [
        {
          "acoustic_entropy": 9.909791946411133,
          "acoustic_entropy_side": 9.93293571472168,
          "hz": 129.47220167065723
        },
        {
          "acoustic_entropy": 9.398916244506836,
          "acoustic_entropy_side": 9.93287181854248,
          "hz": 202.92927478742237
        },
        {
          "acoustic_entropy": 9.840415000915527,
          "acoustic_entropy_side": 9.943010330200195,
          "hz": 282.89161906338205
        },
        {
          "acoustic_entropy": 9.31567668914795,
          "acoustic_entropy_side": 9.949604988098145,
          "hz": 369.9353335868758
        },
        {
          "acoustic_entropy": 8.964282989501953,
          "acoustic_entropy_side": 9.905433654785156,
          "hz": 464.6875360973435
        },
        {
          "acoustic_entropy": 9.304101943969727,
          "acoustic_entropy_side": 9.948412895202637,
          "hz": 567.8308811364784
        },
        {
          "acoustic_entropy": 9.887579917907715,
          "acoustic_entropy_side": 9.89017105102539,
          "hz": 680.1084783214808
        },
        {
          "acoustic_entropy": 9.524598121643066,
          "acoustic_entropy_side": 9.822815895080566,
          "hz": 802.3292461747484
        },
        {
          "acoustic_entropy": 9.225118637084961,
          "acoustic_entropy_side": 9.890087127685547,
          "hz": 935.3737400823702
        },
        {
          "acoustic_entropy": 9.943020820617676,
          "acoustic_entropy_side": 9.948469161987305,
          "hz": 1080.2004963696966
        },
        {
          "acoustic_entropy": 10.221383094787598,
          "acoustic_entropy_side": 9.80836296081543,
          "hz": 1237.8529382007157
        },
        {
          "acoustic_entropy": 10.433297157287598,
          "acoustic_entropy_side": 9.827624320983887,
          "hz": 1409.4668930556702
        },
        {
          "acoustic_entropy": 9.720206260681152,
          "acoustic_entropy_side": 9.683737754821777,
          "hz": 1596.2787759475705
        },
        {
          "acoustic_entropy": 10.009125709533691,
          "acoustic_entropy_side": 9.883066177368164,
          "hz": 1799.6344973346393
        },
        {
          "acoustic_entropy": 9.586494445800781,
          "acoustic_entropy_side": 9.857222557067871,
          "hz": 2020.9991599069049
        },
        {
          "acoustic_entropy": 9.32929801940918,
          "acoustic_entropy_side": 9.88680362701416,
          "hz": 2261.9676141086993
        },
        {
          "acoustic_entropy": 9.701150894165039,
          "acoustic_entropy_side": 9.971641540527344,
          "hz": 2524.2759484456974
        },
        {
          "acoustic_entropy": 9.878204345703125,
          "acoustic_entropy_side": 9.99168586730957,
          "hz": 2809.813997359896
        },
        {
          "acoustic_entropy": 9.88807487487793,
          "acoustic_entropy_side": 9.853410720825195,
          "hz": 3120.6389567871424
        },
        {
          "acoustic_entropy": 10.34702205657959,
          "acoustic_entropy_side": 9.874358177185059,
          "hz": 3458.990205492291
        },
        {
          "acoustic_entropy": 9.746598243713379,
          "acoustic_entropy_side": 9.886802673339844,
          "hz": 3827.305438964164
        },
        {
          "acoustic_entropy": 9.629934310913086,
          "acoustic_entropy_side": 9.912503242492676,
          "hz": 4228.238232109126
        },
        {
          "acoustic_entropy": 9.691984176635742,
          "acoustic_entropy_side": 9.915384292602539,
          "hz": 4664.6771572759235
        },
        {
          "acoustic_entropy": 9.84367561340332,
          "acoustic_entropy_side": 9.920320510864258,
          "hz": 5139.766595350093
        },
        {
          "acoustic_entropy": 9.853675842285156,
          "acoustic_entropy_side": 9.921817779541016,
          "hz": 5656.929389854203
        },
        {
          "acoustic_entropy": 9.851583480834961,
          "acoustic_entropy_side": 9.927021980285645,
          "hz": 6219.891507268283
        },
        {
          "acoustic_entropy": 9.891066551208496,
          "acoustic_entropy_side": 9.925634384155273,
          "hz": 6832.70888123896
        },
        {
          "acoustic_entropy": 9.961642265319824,
          "acoustic_entropy_side": 9.9487943649292,
          "hz": 7499.796634079867
        },
        {
          "acoustic_entropy": 9.86331844329834,
          "acoustic_entropy_side": 9.935097694396973,
          "hz": 8225.96088609342
        },
        {
          "acoustic_entropy": 9.761919021606445,
          "acoustic_entropy_side": 9.929370880126953,
          "hz": 9016.43338188839
        },
        {
          "acoustic_entropy": 9.794419288635254,
          "acoustic_entropy_side": 9.92953872680664,
          "hz": 9876.909183162974
        },
        {
          "acoustic_entropy": 9.80639934539795,
          "acoustic_entropy_side": 9.932150840759277,
          "hz": 10813.587699516042
        },
        {
          "acoustic_entropy": 9.689743995666504,
          "acoustic_entropy_side": 9.932909965515137,
          "hz": 11833.21735289826
        },
        {
          "acoustic_entropy": 9.785123825073242,
          "acoustic_entropy_side": 9.933396339416504,
          "hz": 12943.144197493959
        },
        {
          "acoustic_entropy": 9.859582901000977,
          "acoustic_entropy_side": 9.932456970214844,
          "hz": 14151.364845322005
        },
        {
          "acoustic_entropy": 9.893346786499023,
          "acoustic_entropy_side": 9.93167495727539,
          "hz": 15466.58407886509
        },
        {
          "acoustic_entropy": 9.924551963806152,
          "acoustic_entropy_side": 9.932281494140625,
          "hz": 16898.27756580493
        },
        {
          "acoustic_entropy": 9.93132495880127,
          "acoustic_entropy_side": 9.93276309967041,
          "hz": 18456.760127700032
        },
        {
          "acoustic_entropy": 9.932183265686035,
          "acoustic_entropy_side": 9.932901382446289,
          "hz": 20153.260054456492
        },
        {
          "acoustic_entropy": 9.932772636413574,
          "acoustic_entropy_side": 9.932929992675781,
          "hz": 22000.00000000001
        }
      ],
      "diff_acoustic_entropy": 6.910158634185791,
      "sn": 6
    },
    {
      "acoustic_entropy": 14.993820190429688,
      "acoustic_entropy_mono": 15.411115646362305,
      "band_eliminated_acoustic_entropies": [
        {
          "acoustic_entropy": 14.665733337402344,
          "acoustic_entropy_side": 14.994775772094727,
          "hz": 129.47220167065723
        },
        {
          "acoustic_entropy": 14.777305603027344,
          "acoustic_entropy_side": 15.06013011932373,
          "hz": 202.92927478742237
        },
        {
          "acoustic_entropy": 14.924610137939453,
          "acoustic_entropy_side": 15.269058227539062,
          "hz": 282.89161906338205
        },
        {
          "acoustic_entropy": 13.743330001831055,
          "acoustic_entropy_side": 15.093456268310547,
          "hz": 369.9353335868758
        },
        {
          "acoustic_entropy": 14.408369064331055,
          "acoustic_entropy_side": 14.974971771240234,
          "hz": 464.6875360973435
        },
        {
          "acoustic_entropy": 14.692126274108887,
          "acoustic_entropy_side": 15.144246101379395,
          "hz": 567.8308811364784
        },
        {
          "acoustic_entropy": 14.989974021911621,
          "acoustic_entropy_side": 15.230107307434082,
          "hz": 680.1084783214808
        },
        {
          "acoustic_entropy": 14.410323143005371,
          "acoustic_entropy_side": 15.086353302001953,
          "hz": 802.3292461747484
        },
        {
          "acoustic_entropy": 14.027877807617188,
          "acoustic_entropy_side": 14.710020065307617,
          "hz": 935.3737400823702
        },
        {
          "acoustic_entropy": 14.624180793762207,
          "acoustic_entropy_side": 15.298660278320312,
          "hz": 1080.2004963696966
        },
        {
          "acoustic_entropy": 15.582016944885254,
          "acoustic_entropy_side": 15.528709411621094,
          "hz": 1237.8529382007157
        },
        {
          "acoustic_entropy": 15.18137264251709,
          "acoustic_entropy_side": 14.62371826171875,
          "hz": 1409.4668930556702
        },
        {
          "acoustic_entropy": 15.299671173095703,
          "acoustic_entropy_side": 15.356973648071289,
          "hz": 1596.2787759475705
        },
        {
          "acoustic_entropy": 15.10584831237793,
          "acoustic_entropy_side": 14.885174751281738,
          "hz": 1799.6344973346393
        },
        {
          "acoustic_entropy": 14.73496150970459,
          "acoustic_entropy_side": 15.125072479248047,
          "hz": 2020.9991599069049
        },
        {
          "acoustic_entropy": 14.779808044433594,
          "acoustic_entropy_side": 15.056883811950684,
          "hz": 2261.9676141086993
        },
        {
          "acoustic_entropy": 14.411384582519531,
          "acoustic_entropy_side": 15.166361808776855,
          "hz": 2524.2759484456974
        },
        {
          "acoustic_entropy": 15.31325626373291,
          "acoustic_entropy_side": 15.421443939208984,
          "hz": 2809.813997359896
        },
        {
          "acoustic_entropy": 14.7152738571167,
          "acoustic_entropy_side": 14.860045433044434,
          "hz": 3120.6389567871424
        },
        {
          "acoustic_entropy": 15.010336875915527,
          "acoustic_entropy_side": 14.963919639587402,
          "hz": 3458.990205492291
        },
        {
          "acoustic_entropy": 14.841631889343262,
          "acoustic_entropy_side": 14.919084548950195,
          "hz": 3827.305438964164
        },
        {
          "acoustic_entropy": 14.8208589553833,
          "acoustic_entropy_side": 14.965461730957031,
          "hz": 4228.238232109126
        },
        {
          "acoustic_entropy": 14.622512817382812,
          "acoustic_entropy_side": 15.00019645690918,
          "hz": 4664.6771572759235
        },
        {
          "acoustic_entropy": 15.24940013885498,
          "acoustic_entropy_side": 15.04034423828125,
          "hz": 5139.766595350093
        },
        {
          "acoustic_entropy": 15.227867126464844,
          "acoustic_entropy_side": 15.046469688415527,
          "hz": 5656.929389854203
        },
        {
          "acoustic_entropy": 15.188350677490234,
          "acoustic_entropy_side": 15.046265602111816,
          "hz": 6219.891507268283
        },
        {
          "acoustic_entropy": 15.182697296142578,
          "acoustic_entropy_side": 15.038348197937012,
          "hz": 6832.70888123896
        },
        {
          "acoustic_entropy": 14.93099594116211,
          "acoustic_entropy_side": 14.973740577697754,
          "hz": 7499.796634079867
        },
        {
          "acoustic_entropy": 14.83333683013916,
          "acoustic_entropy_side": 14.987631797790527,
          "hz": 8225.96088609342
        },
        {
          "acoustic_entropy": 14.991759300231934,
          "acoustic_entropy_side": 14.994671821594238,
          "hz": 9016.43338188839
        },
        {
          "acoustic_entropy": 14.80825424194336,
          "acoustic_entropy_side": 14.982213973999023,
          "hz": 9876.909183162974
        },
        {
          "acoustic_entropy": 15.051414489746094,
          "acoustic_entropy_side": 14.98365592956543,
          "hz": 10813.587699516042
        },
        {
          "acoustic_entropy": 14.94836711883545,
          "acoustic_entropy_side": 14.995796203613281,
          "hz": 11833.21735289826
        },
        {
          "acoustic_entropy": 14.591984748840332,
          "acoustic_entropy_side": 14.998769760131836,
          "hz": 12943.144197493959
        },
        {
          "acoustic_entropy": 14.599471092224121,
          "acoustic_entropy_side": 14.994555473327637,
          "hz": 14151.364845322005
        },
        {
          "acoustic_entropy": 14.717000961303711,
          "acoustic_entropy_side": 14.995975494384766,
          "hz": 15466.58407886509
        },
        {
          "acoustic_entropy": 14.849580764770508,
          "acoustic_entropy_side": 14.998137474060059,
          "hz": 16898.27756580493
        },
        {
          "acoustic_entropy": 14.93430233001709,
          "acoustic_entropy_side": 14.995387077331543,
          "hz": 18456.760127700032
        },
        {
          "acoustic_entropy": 14.967301368713379,
          "acoustic_entropy_side": 14.993935585021973,
          "hz": 20153.260054456492
        },
        {
          "acoustic_entropy": 14.987188339233398,
          "acoustic_entropy_side": 14.993902206420898,
          "hz": 22000.00000000001
        }
      ],
      "diff_acoustic_entropy": 10.410088539123535,
      "sn": 12
    },
    {
      "acoustic_entropy": 21.141233444213867,
      "acoustic_entropy_mono": 19.90445899963379,
      "band_eliminated_acoustic_entropies": [
        {
          "acoustic_entropy": 21.167194366455078,
          "acoustic_entropy_side": 21.182147979736328,
          "hz": 129.47220167065723
        },
        {
          "acoustic_entropy": 21.230857849121094,
          "acoustic_entropy_side": 20.81801986694336,
          "hz": 202.92927478742237
        },
        {
          "acoustic_entropy": 21.842483520507812,
          "acoustic_entropy_side": 21.88357925415039,
          "hz": 282.89161906338205
        },
        {
          "acoustic_entropy": 22.734600067138672,
          "acoustic_entropy_side": 21.824237823486328,
          "hz": 369.9353335868758
        },
        {
          "acoustic_entropy": 21.885635375976562,
          "acoustic_entropy_side": 21.393657684326172,
          "hz": 464.6875360973435
        },
        {
          "acoustic_entropy": 22.38429832458496,
          "acoustic_entropy_side": 21.4858455657959,
          "hz": 567.8308811364784
        },
        {
          "acoustic_entropy": 21.699668884277344,
          "acoustic_entropy_side": 21.128215789794922,
          "hz": 680.1084783214808
        },
        {
          "acoustic_entropy": 22.15770149230957,
          "acoustic_entropy_side": 22.180686950683594,
          "hz": 802.3292461747484
        },
        {
          "acoustic_entropy": 22.88722801208496,
          "acoustic_entropy_side": 21.516395568847656,
          "hz": 935.3737400823702
        },
        {
          "acoustic_entropy": 21.479097366333008,
          "acoustic_entropy_side": 21.928749084472656,
          "hz": 1080.2004963696966
        },
        {
          "acoustic_entropy": 21.346874237060547,
          "acoustic_entropy_side": 21.946964263916016,
          "hz": 1237.8529382007157
        },
        {
          "acoustic_entropy": 21.601640701293945,
          "acoustic_entropy_side": 21.39508628845215,
          "hz": 1409.4668930556702
        },
        {
          "acoustic_entropy": 20.91391944885254,
          "acoustic_entropy_side": 21.579547882080078,
          "hz": 1596.2787759475705
        },
        {
          "acoustic_entropy": 22.087690353393555,
          "acoustic_entropy_side": 21.793638229370117,
          "hz": 1799.6344973346393
        },
        {
          "acoustic_entropy": 22.327194213867188,
          "acoustic_entropy_side": 21.680477142333984,
          "hz": 2020.9991599069049
        },
        {
          "acoustic_entropy": 21.471683502197266,
          "acoustic_entropy_side": 21.6971492767334,
          "hz": 2261.9676141086993
        },
        {
          "acoustic_entropy": 20.613025665283203,
          "acoustic_entropy_side": 21.097158432006836,
          "hz": 2524.2759484456974
        },
        {
          "acoustic_entropy": 21.181514739990234,
          "acoustic_entropy_side": 21.114479064941406,
          "hz": 2809.813997359896
        },
        {
          "acoustic_entropy": 21.090862274169922,
          "acoustic_entropy_side": 20.94861602783203,
