{
  "acoustic_entropy": 203.68646240234375,
  "bands": [
    {
      "high_freq": 148.1999969482422,
      "loudness": -32.14482879638672,
      "loudness_range": 14.66836166381836,
      "mid_mean": -29.014345169067383,
      "mid_to_side_loudness": -10.645696640014648,
      "mid_to_side_loudness_range": 15.688948631286621,
      "side_mean": -40.34650802612305
    },
    {
      "high_freq": 392.3793640136719,
      "loudness": -24.64594268798828,
      "loudness_range": 8.445350646972656,
      "low_freq": 148.1999969482422,
      "mid_mean": -22.213891983032227,
      "mid_to_side_loudness": -5.213951587677002,
      "mid_to_side_loudness_range": 8.05411148071289,
      "side_mean": -27.51691246032715
    },
    {
      "high_freq": 794.6976318359375,
      "loudness": -26.358171463012695,
      "loudness_range": 10.310083389282227,
      "low_freq": 392.3793640136719,
      "mid_mean": -24.14054298400879,
      "mid_to_side_loudness": -4.090205669403076,
      "mid_to_side_loudness_range": 5.9287028312683105,
      "side_mean": -28.332448959350586
    },
    {
      "high_freq": 1457.5709228515625,
      "loudness": -28.337839126586914,
      "loudness_range": 13.561826705932617,
      "low_freq": 794.6976318359375,
      "mid_mean": -26.149873733520508,
      "mid_to_side_loudness": -4.10195255279541,
      "mid_to_side_loudness_range": 6.91392707824707,
      "side_mean": -30.33918571472168
    },
    {
      "high_freq": 2549.74365234375,
      "loudness": -30.31907081604004,
      "loudness_range": 16.779064178466797,
      "low_freq": 1457.5709228515625,
      "mid_mean": -28.057903289794922,
      "mid_to_side_loudness": -4.344753742218018,
      "mid_to_side_loudness_range": 6.270276069641113,
      "side_mean": -32.48764419555664
    },
    {
      "high_freq": 4349.24462890625,
      "loudness": -33.8299446105957,
      "loudness_range": 15.7174072265625,
      "low_freq": 2549.74365234375,
      "mid_mean": -31.67844581604004,
      "mid_to_side_loudness": -4.0361504554748535,
      "mid_to_side_loudness_range": 6.729053020477295,
      "side_mean": -35.79826354980469
    },
    {
      "high_freq": 7314.1640625,
      "loudness": -39.1569709777832,
      "loudness_range": 16.69091033935547,
      "low_freq": 4349.24462890625,
      "mid_mean": -36.949893951416016,
      "mid_to_side_loudness": -4.412022590637207,
      "mid_to_side_loudness_range": 6.8445587158203125,
      "side_mean": -41.4287223815918
    },
    {
      "high_freq": 12199.2666015625,
      "loudness": -44.682029724121094,
      "loudness_range": 17.084575653076172,
      "low_freq": 7314.1640625,
      "mid_mean": -42.34537887573242,
      "mid_to_side_loudness": -4.617269515991211,
      "mid_to_side_loudness_range": 6.080578327178955,
      "side_mean": -47.05360794067383
    },
    {
      "loudness": -49.45063018798828,
      "loudness_range": 15.935737609863281,
      "low_freq": 12199.2666015625,
      "mid_mean": -47.12370300292969,
      "mid_to_side_loudness": -5.271615028381348,
      "mid_to_side_loudness_range": 6.924283504486084,
      "side_mean": -52.9068489074707
    }
  ],
  "bands_short": [
    {
      "high_freq": 148.1999969482422,
      "loudness": -38.20470428466797,
      "loudness_range": 24.008344650268555,
      "mid_mean": -35.272220611572266,
      "mid_to_side_loudness": -10.914687156677246,
      "mid_to_side_loudness_range": 23.49799919128418,
      "side_mean": -47.23950958251953
    },
    {
      "high_freq": 392.3793640136719,
      "loudness": -25.198928833007812,
      "loudness_range": 11.765625,
      "low_freq": 148.1999969482422,
      "mid_mean": -22.908781051635742,
      "mid_to_side_loudness": -5.301958084106445,
      "mid_to_side_loudness_range": 11.66454029083252,
      "side_mean": -28.327199935913086
    },
    {
      "high_freq": 794.6976318359375,
      "loudness": -26.875492095947266,
      "loudness_range": 13.348930358886719,
      "low_freq": 392.3793640136719,
      "mid_mean": -25.009397506713867,
      "mid_to_side_loudness": -3.5410900115966797,
      "mid_to_side_loudness_range": 9.859210014343262,
      "side_mean": -28.64605140686035
    },
    {
      "high_freq": 1457.5709228515625,
      "loudness": -29.166955947875977,
      "loudness_range": 16.95330238342285,
      "low_freq": 794.6976318359375,
      "mid_mean": -27.370929718017578,
      "mid_to_side_loudness": -3.3256819248199463,
      "mid_to_side_loudness_range": 9.87306022644043,
      "side_mean": -30.780664443969727
    },
    {
      "high_freq": 2549.74365234375,
      "loudness": -31.60573959350586,
      "loudness_range": 20.413537979125977,
      "low_freq": 1457.5709228515625,
      "mid_mean": -29.678424835205078,
      "mid_to_side_loudness": -3.583712100982666,
      "mid_to_side_loudness_range": 8.823150634765625,
      "side_mean": -33.361785888671875
    },
    {
      "high_freq": 4349.24462890625,
      "loudness": -35.19172286987305,
      "loudness_range": 19.50537109375,
      "low_freq": 2549.74365234375,
      "mid_mean": -33.30836486816406,
      "mid_to_side_loudness": -3.36746883392334,
      "mid_to_side_loudness_range": 8.213329315185547,
      "side_mean": -36.78958511352539
    },
    {
      "high_freq": 7314.1640625,
      "loudness": -41.2803955078125,
      "loudness_range": 21.344654083251953,
      "low_freq": 4349.24462890625,
      "mid_mean": -39.29011535644531,
      "mid_to_side_loudness": -3.78650164604187,
      "mid_to_side_loudness_range": 8.158302307128906,
      "side_mean": -43.16791534423828
    },
    {
      "high_freq": 12199.2666015625,
      "loudness": -47.802608489990234,
      "loudness_range": 24.22488784790039,
      "low_freq": 7314.1640625,
      "mid_mean": -45.62825393676758,
      "mid_to_side_loudness": -4.228397846221924,
      "mid_to_side_loudness_range": 6.9702982902526855,
      "side_mean": -50.45332336425781
    },
    {
      "loudness": -55.55784606933594,
      "loudness_range": 27.99697494506836,
      "low_freq": 12199.2666015625,
      "mid_mean": -53.7918701171875,
      "mid_to_side_loudness": -3.8053088188171387,
      "mid_to_side_loudness_range": 7.005424976348877,
      "side_mean": -57.20635986328125
    }
  ],
  "bandwidth": 691.6492919921875,
  "channels": 2,
  "covariance": [
    [
      29.038110733032227,
      26.28110122680664,
      6.004055500030518,
      5.232992172241211,
      2.6149394512176514,
      2.2593014240264893,
      -0.20483078062534332,
      -0.10691788047552109,
      -1.8412797451019287,
      -1.9910567998886108,
      -0.4497511088848114,
      -0.4964218735694885,
      1.5939255952835083,
      1.0441949367523193,
      1.6066261529922485,
      1.5508724451065063,
      2.800720453262329,
      1.7339138984680176
    ],
    [
      26.28110122680664,
      56.661495208740234,
      5.297497749328613,
      6.471279621124268,
      1.499550461769104,
      1.4263285398483276,
      -2.1175179481506348,
      -1.319094181060791,
      -4.7305145263671875,
      -5.034722328186035,
      -0.9872142672538757,
      -1.293735384941101,
      0.84543776512146,
      -0.9680449366569519,
      0.7909662127494812,
      0.657035231590271,
      2.5753207206726074,
      1.4624009132385254
    ],
    [
      6.004055500030518,
      5.297497749328613,
      12.0626802444458,
      6.998736381530762,
      7.65681791305542,
      5.72481632232666,
      8.090153694152832,
      6.184902191162109,
      7.904577255249023,
      6.172384262084961,
      8.380419731140137,
      6.3316521644592285,
      9.913058280944824,
      8.174367904663086,
      8.379234313964844,
      8.346803665161133,
      6.0967183113098145,
      7.924396514892578
    ],
    [
      5.232992172241211,
      6.471279621124268,
      6.998736381530762,
      9.40140438079834,
      4.592123031616211,
      4.454972743988037,
      4.9362030029296875,
      4.723067760467529,
      3.630586624145508,
      3.0950002670288086,
      4.060359954833984,
      3.369797706604004,
      4.771202564239502,
      4.522915840148926,
      4.069749355316162,
      4.483500003814697,
      2.2379891872406006,
      3.8447506427764893
    ],
    [
      2.6149394512176514,
      1.499550461769104,
      7.65681791305542,
      4.592123031616211,
      15.116601943969727,
      11.621970176696777,
      14.750926971435547,
      11.111006736755371,
      17.098342895507812,
      13.620807647705078,
      14.804790496826172,
      11.755904197692871,
      13.531105041503906,
      11.007664680480957,
      11.1148042678833,
      10.171321868896484,
      6.796065330505371,
      8.238041877746582
    ],
    [
      2.2593014240264893,
      1.4263285398483276,
      5.72481632232666,
      4.454972743988037,
      11.621970176696777,
      12.195496559143066,
      12.289839744567871,
      10.099761962890625,
      13.318048477172852,
      11.40297794342041,
      11.324114799499512,
      9.648680686950684,
      9.8118314743042,
      8.415593147277832,
      8.140521049499512,
      7.723937034606934,
      5.200750827789307,
      6.798280239105225
    ],
    [
      -0.20483078062534332,
      -2.1175179481506348,
      8.090153694152832,
      4.9362030029296875,
      14.750926971435547,
      12.289839744567871,
      26.903194427490234,
      19.6170654296875,
      29.378698348999023,
      23.777780532836914,
      25.75419044494629,
      21.57162094116211,
      21.952308654785156,
      20.52496910095215,
      19.16673469543457,
      19.06688117980957,
      12.585672378540039,
      15.689194679260254
    ],
    [
      -0.10691788047552109,
      -1.319094181060791,
      6.184902191162109,
      4.723067760467529,
      11.111006736755371,
      10.099761962890625,
      19.6170654296875,
      17.673633575439453,
      20.041044235229492,
      17.693538665771484,
      17.56256675720215,
      15.704069137573242,
      14.452520370483398,
      13.79632568359375,
      12.387605667114258,
      12.345495223999023,
      8.117432594299316,
      10.589369773864746
    ],
    [
      -1.8412797451019287,
      -4.7305145263671875,
      7.904577255249023,
      3.630586624145508,
      17.098342895507812,
      13.318048477172852,
      29.378698348999023,
      20.041044235229492,
      40.40190505981445,
      31.35942268371582,
      33.81911087036133,
      27.47756576538086,
      28.70564842224121,
      25.82575798034668,
      25.303089141845703,
      24.02585792541504,
      16.049406051635742,
      18.41045570373535
    ],
    [
      -1.9910567998886108,
      -5.034722328186035,
      6.172384262084961,
      3.0950002670288086,
      13.620807647705078,
      11.40297794342041,
      23.777780532836914,
      17.693538665771484,
      31.35942268371582,
      27.209552764892578,
      26.08878517150879,
      23.022233963012695,
      21.392383575439453,
      20.94786834716797,
      18.82387351989746,
      18.36522674560547,
      11.963911056518555,
      14.478829383850098
    ],
    [
      -0.4497511088848114,
      -0.9872142672538757,
      8.380419731140137,
      4.060359954833984,
      14.804790496826172,
      11.324114799499512,
      25.75419044494629,
      17.56256675720215,
      33.81911087036133,
      26.08878517150879,
      33.31563949584961,
      25.925464630126953,
      28.353904724121094,
      24.576927185058594,
      25.147624969482422,
      23.92186737060547,
      17.132659912109375,
      20.11376953125
    ],
    [
      -0.4964218735694885,
      -1.293735384941101,
      6.3316521644592285,
      3.369797706604004,
      11.755904197692871,
      9.648680686950684,
      21.57162094116211,
      15.704069137573242,
      27.47756576538086,
      23.022233963012695,
      25.925464630126953,
      23.960765838623047,
      21.00885009765625,
      21.647119522094727,
      18.844449996948242,
      19.278188705444336,
      12.864120483398438,
      16.169618606567383
    ],
    [
      1.5939255952835083,
      0.84543776512146,
      9.913058280944824,
      4.771202564239502,
      13.531105041503906,
      9.8118314743042,
      21.952308654785156,
      14.452520370483398,
      28.70564842224121,
      21.392383575439453,
      28.353904724121094,
      21.00885009765625,
      33.24827194213867,
      26.99934959411621,
      30.58253288269043,
      28.69512367248535,
      21.575281143188477,
      24.026647567749023
    ],
    [
      1.0441949367523193,
      -0.9680449366569519,
      8.174367904663086,
      4.522915840148926,
      11.007664680480957,
      8.415593147277832,
      20.52496910095215,
      13.79632568359375,
      25.82575798034668,
      20.94786834716797,
      24.576927185058594,
      21.647119522094727,
      26.99934959411621,
      28.5150146484375,
      25.681978225708008,
      27.840639114379883,
      18.027097702026367,
      22.78914451599121
    ],
    [
      1.6066261529922485,
      0.7909662127494812,
      8.379234313964844,
      4.069749355316162,
      11.1148042678833,
      8.140521049499512,
      19.16673469543457,
      12.387605667114258,
      25.303089141845703,
      18.82387351989746,
      25.147624969482422,
      18.844449996948242,
      30.58253288269043,
      25.681978225708008,
      35.29899597167969,
      32.75106430053711,
      27.32478904724121,
      28.599260330200195
    ],
    [
      1.5508724451065063,
      0.657035231590271,
      8.346803665161133,
      4.483500003814697,
      10.171321868896484,
      7.723937034606934,
      19.06688117980957,
      12.345495223999023,
      24.02585792541504,
      18.36522674560547,
      23.92186737060547,
      19.278188705444336,
      28.69512367248535,
      27.840639114379883,
      32.75106430053711,
      36.053619384765625,
      24.587501525878906,
      30.15520668029785
    ],
    [
      2.800720453262329,
      2.5753207206726074,
      6.0967183113098145,
      2.2379891872406006,
      6.796065330505371,
      5.200750827789307,
      12.585672378540039,
      8.117432594299316,
      16.049406051635742,
      11.963911056518555,
      17.132659912109375,
      12.864120483398438,
      21.575281143188477,
      18.027097702026367,
      27.32478904724121,
      24.587501525878906,
      34.578895568847656,
      31.425647735595703
    ],
    [
      1.7339138984680176,
      1.4624009132385254,
      7.924396514892578,
      3.8447506427764893,
      8.238041877746582,
      6.798280239105225,
      15.689194679260254,
      10.589369773864746,
      18.41045570373535,
      14.478829383850098,
      20.11376953125,
      16.169618606567383,
      24.026647567749023,
      22.78914451599121,
      28.599260330200195,
      30.15520668029785,
      31.425647735595703,
      42.39468002319336
    ]
  ],
  "covariance_short": [
    [
      72.57760620117188,
      34.417999267578125,
      14.747163772583008,
      8.62327766418457,
      6.213031768798828,
      4.475725173950195,
      3.7040748596191406,
      1.7248156070709229,
      3.7258973121643066,
      2.27423357963562,
      4.177366256713867,
      3.134075403213501,
      8.376652717590332,
      7.008670330047607,
      9.868040084838867,
      8.929430961608887,
      15.440654754638672,
      11.39440631866455
    ],
    [
      34.417999267578125,
      66.75553894042969,
      10.506644248962402,
      10.331344604492188,
      4.397313594818115,
      3.064730167388916,
      1.5583603382110596,
      0.4753369987010956,
      1.0560015439987183,
      0.22605092823505402,
      2.542111873626709,
      2.252201557159424,
      5.472869873046875,
      4.575812816619873,
      4.794698715209961,
      6.373650074005127,
      11.9426851272583,
      8.389025688171387
    ],
    [
      14.747163772583008,
      10.506644248962402,
      21.813430786132812,
      10.565589904785156,
      14.018864631652832,
      9.477479934692383,
      12.940576553344727,
      9.036734580993652,
      12.703699111938477,
      9.012365341186523,
      13.4903564453125,
      10.065482139587402,
      16.02267074584961,
      12.824767112731934,
      15.35631275177002,
      14.527056694030762,
      15.823814392089844,
      13.372271537780762
    ],
    [
      8.62327766418457,
      10.331344604492188,
      10.565589904785156,
      16.061500549316406,
      8.07542896270752,
      7.830315589904785,
      6.380214214324951,
      5.677576541900635,
      5.558669090270996,
      4.409943580627441,
      6.065036773681641,
      5.350727558135986,
      7.730206489562988,
      7.363778114318848,
      7.305495262145996,
      8.148109436035156,
      7.807239055633545,
      7.245165824890137
    ],
    [
      6.213031768798828,
      4.397313594818115,
      14.018864631652832,
      8.07542896270752,
      26.975505828857422,
      17.079166412353516,
      24.517301559448242,
      17.24854850769043,
      26.495258331298828,
      20.00620460510254,
      23.92823028564453,
      18.8866024017334,
      23.347490310668945,
      19.904298782348633,
      21.004093170166016,
      19.720577239990234,
      18.00762367248535,
      15.452524185180664
    ],
    [
      4.475725173950195,
      3.064730167388916,
      9.477479934692383,
      7.830315589904785,
      17.079166412353516,
      18.871706008911133,
      17.404888153076172,
      14.038609504699707,
      18.371387481689453,
      15.386457443237305,
      16.08683967590332,
      14.182817459106445,
      15.375946044921875,
      14.15428352355957,
      14.217231750488281,
      14.236833572387695,
      12.557951927185059,
      11.048900604248047
    ],
    [
      3.7040748596191406,
      1.5583603382110596,
      12.940576553344727,
      6.380214214324951,
      24.517301559448242,
      17.404888153076172,
      42.243568420410156,
      27.76793670654297,
      43.30793380737305,
      33.325618743896484,
      38.904518127441406,
      32.01713943481445,
      35.078704833984375,
      32.12980270385742,
      32.72919845581055,
      32.46733093261719,
      27.214046478271484,
      24.80138397216797
    ],
    [
      1.7248156070709229,
      0.4753369987010956,
      9.036734580993652,
      5.677576541900635,
      17.24854850769043,
      14.038609504699707,
      27.76793670654297,
      25.420137405395508,
      28.84998321533203,
      24.536325454711914,
      25.42317008972168,
      22.837705612182617,
      22.394493103027344,
      21.23797035217285,
      20.472126007080078,
      21.397666931152344,
      17.301982879638672,
      16.050304412841797
    ],
    [
      3.7258973121643066,
      1.0560015439987183,
      12.703699111938477,
      5.558669090270996,
      26.495258331298828,
      18.371387481689453,
      43.30793380737305,
      28.84998321533203,
      57.82115936279297,
      42.52924346923828,
      48.80626678466797,
      39.86406707763672,
      43.645355224609375,
      39.765132904052734,
      40.993682861328125,
      40.27775955200195,
      33.51213455200195,
      30.33742904663086
    ],
    [
      2.27423357963562,
      0.22605092823505402,
      9.012365341186523,
      4.409943580627441,
      20.00620460510254,
      15.386457443237305,
      33.325618743896484,
      24.536325454711914,
      42.52924346923828,
      37.551788330078125,
      36.208011627197266,
      32.50661087036133,
      31.56235122680664,
      31.160320281982422,
      29.464506149291992,
      30.410295486450195,
      23.79118537902832,
      22.230857849121094
    ],
    [
      4.177366256713867,
      2.542111873626709,
      13.4903564453125,
      6.065036773681641,
      23.92823028564453,
      16.08683967590332,
      38.904518127441406,
      25.42317008972168,
      48.80626678466797,
      36.208011627197266,
      50.892887115478516,
      39.118873596191406,
      45.961944580078125,
      40.4665641784668,
      43.723731994628906,
      42.36568832397461,
      38.41535186767578,
      34.58127975463867
    ],
    [
      3.134075403213501,
      2.252201557159424,
      10.065482139587402,
      5.350727558135986,
      18.8866024017334,
      14.182817459106445,
      32.01713943481445,
      22.837705612182617,
      39.86406707763672,
      32.50661087036133,
      39.118873596191406,
      36.85756301879883,
      34.70427322387695,
      35.13201141357422,
      33.11857986450195,
      34.683685302734375,
      29.11922836303711,
      27.558271408081055
    ],
    [
      8.376652717590332,
      5.472869873046875,
      16.02267074584961,
      7.730206489562988,
      23.347490310668945,
      15.375946044921875,
      35.078704833984375,
      22.394493103027344,
      43.645355224609375,
      31.56235122680664,
      45.961944580078125,
      34.70427322387695,
      56.465049743652344,
      46.50409698486328,
      55.27906799316406,
      51.996158599853516,
      51.60823059082031,
      45.60378646850586
    ],
    [
      7.008670330047607,
      4.575812816619873,
      12.824767112731934,
      7.363778114318848,
      19.904298782348633,
      14.15428352355957,
      32.12980270385742,
      21.23797035217285,
      39.765132904052734,
      31.160320281982422,
      40.4665641784668,
      35.13201141357422,
      46.50409698486328,
      47.163108825683594,
      46.300601959228516,
      47.99480438232422,
      42.608978271484375,
      40.609893798828125
    ],
    [
      9.868040084838867,
      4.794698715209961,
      15.35631275177002,
      7.305495262145996,
      21.004093170166016,
      14.217231750488281,
      32.72919845581055,
      20.472126007080078,
      40.993682861328125,
      29.464506149291992,
      43.723731994628906,
      33.11857986450195,
      55.27906799316406,
      46.300601959228516,
      68.86683654785156,
      62.089656829833984,
      66.5433120727539,
      58.0976676940918
    ],
    [
      8.929430961608887,
      6.373650074005127,
      14.527056694030762,
      8.148109436035156,
      19.720577239990234,
      14.236833572387695,
      32.46733093261719,
      21.397666931152344,
      40.27775955200195,
      30.410295486450195,
      42.36568832397461,
      34.683685302734375,
      51.996158599853516,
      47.99480438232422,
      62.089656829833984,
      72.01887512207031,
      66.85105895996094,
      61.78525161743164
    ],
    [
      15.440654754638672,
      11.9426851272583,
      15.823814392089844,
      7.807239055633545,
      18.00762367248535,
      12.557951927185059,
      27.214046478271484,
      17.301982879638672,
      33.51213455200195,
      23.79118537902832,
      38.41535186767578,
      29.11922836303711,
      51.60823059082031,
      42.608978271484375,
      66.5433120727539,
      66.85105895996094,
      89.3006362915039,
      74.57791900634766
    ],
    [
      11.39440631866455,
      8.389025688171387,
      13.372271537780762,
      7.245165824890137,
      15.452524185180664,
      11.048900604248047,
      24.80138397216797,
      16.050304412841797,
      30.33742904663086,
      22.230857849121094,
      34.58127975463867,
      27.558271408081055,
      45.60378646850586,
      40.609893798828125,
      58.0976676940918,
      61.78525161743164,
      74.57791900634766,
      68.02900695800781
    ]
  ],
  "damage": -9.751290321350098,
  "diff_bandwidth": 717.9935913085938,
  "dissonance": 8.859531101168638,
  "drr": 4.272308826446533,
  "dynamics": 3.1912038326263428,
  "format": 1245190,
  "frames": 11618304,
  "loudness": -16.30493927001953,
  "loudness_range": 8.05335807800293,
  "loudness_range_short": 11.405479431152344,
  "lowpass_true_peak_15khz": 0.12331003695726395,
  "mastering3_acoustic_entropies": [
    {
      "acoustic_entropy": 4.711487293243408,
      "acoustic_entropy_mono": 4.65388298034668,
      "band_eliminated_acoustic_entropies": [
        {
          "acoustic_entropy": 4.715880393981934,
          "acoustic_entropy_side": 4.711877822875977,
          "hz": 129.47220167065723
        },
        {
          "acoustic_entropy": 4.711063861846924,
          "acoustic_entropy_side": 4.70714807510376,
          "hz": 202.92927478742237
        },
        {
          "acoustic_entropy": 4.661762714385986,
          "acoustic_entropy_side": 4.663469314575195,
          "hz": 282.89161906338205
        },
        {
          "acoustic_entropy": 4.653268337249756,
          "acoustic_entropy_side": 4.71827507019043,
          "hz": 369.9353335868758
        },
        {
          "acoustic_entropy": 4.016502857208252,
          "acoustic_entropy_side": 4.727057456970215,
          "hz": 464.6875360973435
        },
        {
          "acoustic_entropy": 4.832937240600586,
          "acoustic_entropy_side": 4.771999359130859,
          "hz": 567.8308811364784
        },
        {
          "acoustic_entropy": 4.523231029510498,
          "acoustic_entropy_side": 4.570275783538818,
          "hz": 680.1084783214808
        },
        {
          "acoustic_entropy": 4.5066609382629395,
          "acoustic_entropy_side": 4.663665771484375,
          "hz": 802.3292461747484
        },
        {
          "acoustic_entropy": 4.6974101066589355,
          "acoustic_entropy_side": 4.6573615074157715,
          "hz": 935.3737400823702
        },
        {
          "acoustic_entropy": 4.481106281280518,
          "acoustic_entropy_side": 4.387299537658691,
          "hz": 1080.2004963696966
        },
        {
          "acoustic_entropy": 4.83489990234375,
          "acoustic_entropy_side": 4.775820732116699,
          "hz": 1237.8529382007157
        },
        {
          "acoustic_entropy": 4.619580268859863,
          "acoustic_entropy_side": 4.778461933135986,
          "hz": 1409.4668930556702
        },
        {
          "acoustic_entropy": 4.694528102874756,
          "acoustic_entropy_side": 4.557363510131836,
          "hz": 1596.2787759475705
        },
        {
          "acoustic_entropy": 4.340102672576904,
          "acoustic_entropy_side": 4.659750461578369,
          "hz": 1799.6344973346393
        },
        {
          "acoustic_entropy": 4.476878643035889,
          "acoustic_entropy_side": 4.56725549697876,
          "hz": 2020.9991599069049
        },
        {
          "acoustic_entropy": 4.473855018615723,
          "acoustic_entropy_side": 4.607623100280762,
          "hz": 2261.9676141086993
        },
        {
          "acoustic_entropy": 4.538582801818848,
          "acoustic_entropy_side": 4.504946708679199,
          "hz": 2524.2759484456974
        },
        {
          "acoustic_entropy": 4.649158477783203,
          "acoustic_entropy_side": 4.626624584197998,
          "hz": 2809.813997359896
        },
        {
          "acoustic_entropy": 4.590786933898926,
          "acoustic_entropy_side": 4.718539237976074,
          "hz": 3120.6389567871424
        },
        {
          "acoustic_entropy": 4.635405540466309,
          "acoustic_entropy_side": 4.685053825378418,
          "hz": 3458.990205492291
        },
        {
          "acoustic_entropy": 4.645873546600342,
          "acoustic_entropy_side": 4.702170372009277,
          "hz": 3827.305438964164
        },
        {
          "acoustic_entropy": 4.678610324859619,
          "acoustic_entropy_side": 4.638578414916992,
          "hz": 4228.238232109126
        },
        {
          "acoustic_entropy": 4.550686359405518,
          "acoustic_entropy_side": 4.745203018188477,
          "hz": 4664.6771572759235
        },
        {
          "acoustic_entropy": 4.698243618011475,
          "acoustic_entropy_side": 4.7442498207092285,
          "hz": 5139.766595350093
        },
        {
          "acoustic_entropy": 4.672811031341553,
          "acoustic_entropy_side": 4.737117767333984,
          "hz": 5656.929389854203
        },
        {
          "acoustic_entropy": 4.569490432739258,
          "acoustic_entropy_side": 4.657675266265869,
          "hz": 6219.891507268283
        },
        {
          "acoustic_entropy": 4.555435657501221,
          "acoustic_entropy_side": 4.5045084953308105,
          "hz": 6832.70888123896
        },
        {
          "acoustic_entropy": 4.685079574584961,
          "acoustic_entropy_side": 4.716248035430908,
          "hz": 7499.796634079867
        },
        {
          "acoustic_entropy": 4.726165771484375,
          "acoustic_entropy_side": 4.732687950134277,
          "hz": 8225.96088609342
        },
        {
          "acoustic_entropy": 4.7310686111450195,
          "acoustic_entropy_side": 4.724610805511475,
          "hz": 9016.43338188839
        },
        {
          "acoustic_entropy": 4.723908424377441,
          "acoustic_entropy_side": 4.72019100189209,
          "hz": 9876.909183162974
        },
        {
          "acoustic_entropy": 4.698070526123047,
          "acoustic_entropy_side": 4.713541507720947,
          "hz": 10813.587699516042
        },
        {
          "acoustic_entropy": 4.643840312957764,
          "acoustic_entropy_side": 4.549384117126465,
          "hz": 11833.21735289826
        },
        {
          "acoustic_entropy": 4.544001579284668,
          "acoustic_entropy_side": 4.685120582580566,
          "hz": 12943.144197493959
        },
        {
          "acoustic_entropy": 4.712360858917236,
          "acoustic_entropy_side": 4.710874557495117,
          "hz": 14151.364845322005
        },
        {
          "acoustic_entropy": 4.71446418762207,
          "acoustic_entropy_side": 4.712015151977539,
          "hz": 15466.58407886509
        },
        {
          "acoustic_entropy": 4.709636688232422,
          "acoustic_entropy_side": 4.710648059844971,
          "hz": 16898.27756580493
        },
        {
          "acoustic_entropy": 4.709188938140869,
          "acoustic_entropy_side": 4.712099552154541,
          "hz": 18456.760127700032
        },
        {
          "acoustic_entropy": 4.711169242858887,
          "acoustic_entropy_side": 4.711663722991943,
          "hz": 20153.260054456492
        },
        {
          "acoustic_entropy": 4.71148681640625,
          "acoustic_entropy_side": 4.71148681640625,
          "hz": 22000.00000000001
        }
      ],
      "diff_acoustic_entropy": 4.715233325958252,
      "sn": 6
    },
    {
      "acoustic_entropy": 8.179678916931152,
      "acoustic_entropy_mono": 8.147948265075684,
      "band_eliminated_acoustic_entropies": [
        {
          "acoustic_entropy": 8.115401268005371,
          "acoustic_entropy_side": 8.183441162109375,
          "hz": 129.47220167065723
        },
        {
          "acoustic_entropy": 7.652679920196533,
          "acoustic_entropy_side": 8.111672401428223,
          "hz": 202.92927478742237
        },
        {
          "acoustic_entropy": 8.43607234954834,
          "acoustic_entropy_side": 8.183304786682129,
          "hz": 282.89161906338205
        },
        {
          "acoustic_entropy": 8.04068660736084,
          "acoustic_entropy_side": 8.157989501953125,
          "hz": 369.9353335868758
        },
        {
          "acoustic_entropy": 6.767639636993408,
          "acoustic_entropy_side": 7.758401393890381,
          "hz": 464.6875360973435
        },
        {
          "acoustic_entropy": 7.7795562744140625,
          "acoustic_entropy_side": 7.995630741119385,
          "hz": 567.8308811364784
        },
        {
          "acoustic_entropy": 7.631354808807373,
          "acoustic_entropy_side": 8.004444122314453,
          "hz": 680.1084783214808
        },
        {
          "acoustic_entropy": 8.253768920898438,
          "acoustic_entropy_side": 8.215476989746094,
          "hz": 802.3292461747484
        },
        {
          "acoustic_entropy": 8.205999374389648,
          "acoustic_entropy_side": 8.33359146118164,
          "hz": 935.3737400823702
        },
        {
          "acoustic_entropy": 7.552089691162109,
          "acoustic_entropy_side": 8.328875541687012,
          "hz": 1080.2004963696966
        },
        {
          "acoustic_entropy": 8.11190128326416,
          "acoustic_entropy_side": 8.49850082397461,
          "hz": 1237.8529382007157
        },
        {
          "acoustic_entropy": 7.896968841552734,
          "acoustic_entropy_side": 8.32421875,
          "hz": 1409.4668930556702
        },
        {
          "acoustic_entropy": 7.651862621307373,
          "acoustic_entropy_side": 7.688882827758789,
          "hz": 1596.2787759475705
        },
        {
          "acoustic_entropy": 8.284734725952148,
          "acoustic_entropy_side": 8.41651439666748,
          "hz": 1799.6344973346393
        },
        {
          "acoustic_entropy": 7.98197078704834,
          "acoustic_entropy_side": 7.996575355529785,
          "hz": 2020.9991599069049
        },
        {
          "acoustic_entropy": 8.480645179748535,
          "acoustic_entropy_side": 8.359724998474121,
          "hz": 2261.9676141086993
        },
        {
          "acoustic_entropy": 8.187222480773926,
          "acoustic_entropy_side": 8.03388786315918,
          "hz": 2524.2759484456974
        },
        {
          "acoustic_entropy": 8.156181335449219,
          "acoustic_entropy_side": 8.035633087158203,
          "hz": 2809.813997359896
        },
        {
          "acoustic_entropy": 7.93333101272583,
          "acoustic_entropy_side": 8.13682746887207,
          "hz": 3120.6389567871424
        },
        {
          "acoustic_entropy": 8.106572151184082,
          "acoustic_entropy_side": 8.198439598083496,
          "hz": 3458.990205492291
        },
        {
          "acoustic_entropy": 8.040051460266113,
          "acoustic_entropy_side": 8.009915351867676,
          "hz": 3827.305438964164
        },
        {
          "acoustic_entropy": 7.944722652435303,
          "acoustic_entropy_side": 7.992280960083008,
          "hz": 4228.238232109126
        },
        {
          "acoustic_entropy": 7.8254313468933105,
          "acoustic_entropy_side": 8.11959171295166,
          "hz": 4664.6771572759235
        },
        {
          "acoustic_entropy": 8.175187110900879,
          "acoustic_entropy_side": 8.214427947998047,
          "hz": 5139.766595350093
        },
        {
          "acoustic_entropy": 7.96370267868042,
          "acoustic_entropy_side": 8.277390480041504,
          "hz": 5656.929389854203
        },
        {
          "acoustic_entropy": 7.9749555587768555,
          "acoustic_entropy_side": 8.19260025024414,
          "hz": 6219.891507268283
        },
        {
          "acoustic_entropy": 8.2970552444458,
          "acoustic_entropy_side": 7.981158256530762,
          "hz": 6832.70888123896
        },
        {
          "acoustic_entropy": 7.949451923370361,
          "acoustic_entropy_side": 8.118921279907227,
          "hz": 7499.796634079867
        },
        {
          "acoustic_entropy": 8.098298072814941,
          "acoustic_entropy_side": 8.160181999206543,
          "hz": 8225.96088609342
        },
        {
          "acoustic_entropy": 8.176956176757812,
          "acoustic_entropy_side": 8.182218551635742,
          "hz": 9016.43338188839
        },
        {
          "acoustic_entropy": 8.177180290222168,
          "acoustic_entropy_side": 8.19882869720459,
          "hz": 9876.909183162974
        },
        {
          "acoustic_entropy": 8.052149772644043,
          "acoustic_entropy_side": 8.168699264526367,
          "hz": 10813.587699516042
        },
        {
          "acoustic_entropy": 8.207978248596191,
          "acoustic_entropy_side": 8.055171966552734,
          "hz": 11833.21735289826
        },
        {
          "acoustic_entropy": 7.91511869430542,
          "acoustic_entropy_side": 8.092670440673828,
          "hz": 12943.144197493959
        },
        {
          "acoustic_entropy": 8.208268165588379,
          "acoustic_entropy_side": 8.145766258239746,
          "hz": 14151.364845322005
        },
        {
          "acoustic_entropy": 8.220545768737793,
          "acoustic_entropy_side": 8.140902519226074,
          "hz": 15466.58407886509
        },
        {
          "acoustic_entropy": 8.24513053894043,
          "acoustic_entropy_side": 8.121943473815918,
          "hz": 16898.27756580493
        },
        {
          "acoustic_entropy": 8.168509483337402,
          "acoustic_entropy_side": 8.171538352966309,
          "hz": 18456.760127700032
        },
        {
          "acoustic_entropy": 8.131258010864258,
          "acoustic_entropy_side": 8.179696083068848,
          "hz": 20153.260054456492
        },
        {
          "acoustic_entropy": 8.179725646972656,
          "acoustic_entropy_side": 8.179676055908203,
          "hz": 22000.00000000001
        }
      ],
      "diff_acoustic_entropy": 6.882476806640625,
      "sn": 12
    },
    {
      "acoustic_entropy": 14.060105323791504,
      "acoustic_entropy_mono": 12.26711654663086,
      "band_eliminated_acoustic_entropies": [
        {
          "acoustic_entropy": 13.777889251708984,
          "acoustic_entropy_side": 13.817275047302246,
          "hz": 129.47220167065723
        },
        {
          "acoustic_entropy": 12.792206764221191,
          "acoustic_entropy_side": 13.499785423278809,
          "hz": 202.92927478742237
        },
        {
          "acoustic_entropy": 13.970394134521484,
          "acoustic_entropy_side": 14.115126609802246,
          "hz": 282.89161906338205
        },
        {
          "acoustic_entropy": 14.09911823272705,
          "acoustic_entropy_side": 14.25272274017334,
          "hz": 369.9353335868758
        },
        {
          "acoustic_entropy": 13.444300651550293,
          "acoustic_entropy_side": 13.864298820495605,
          "hz": 464.6875360973435
        },
        {
          "acoustic_entropy": 14.152023315429688,
          "acoustic_entropy_side": 13.840401649475098,
          "hz": 567.8308811364784
        },
        {
          "acoustic_entropy": 14.101492881774902,
          "acoustic_entropy_side": 13.751269340515137,
          "hz": 680.1084783214808
        },
        {
          "acoustic_entropy": 13.969683647155762,
          "acoustic_entropy_side": 13.709284782409668,
          "hz": 802.3292461747484
        },
        {
          "acoustic_entropy": 13.753185272216797,
          "acoustic_entropy_side": 14.222850799560547,
          "hz": 935.3737400823702
        },
        {
          "acoustic_entropy": 13.325339317321777,
          "acoustic_entropy_side": 13.223255157470703,
          "hz": 1080.2004963696966
        },
        {
          "acoustic_entropy": 13.713428497314453,
          "acoustic_entropy_side": 14.336668014526367,
          "hz": 1237.8529382007157
        },
        {
          "acoustic_entropy": 13.20738697052002,
          "acoustic_entropy_side": 13.421224594116211,
          "hz": 1409.4668930556702
        },
        {
          "acoustic_entropy": 12.89167308807373,
          "acoustic_entropy_side": 13.279565811157227,
          "hz": 1596.2787759475705
        },
        {
          "acoustic_entropy": 13.455862998962402,
          "acoustic_entropy_side": 13.882097244262695,
          "hz": 1799.6344973346393
        },
        {
          "acoustic_entropy": 13.475566864013672,
          "acoustic_entropy_side": 13.8977689743042,
          "hz": 2020.9991599069049
        },
        {
          "acoustic_entropy": 14.092729568481445,
          "acoustic_entropy_side": 14.121214866638184,
          "hz": 2261.9676141086993
        },
        {
          "acoustic_entropy": 14.212279319763184,
          "acoustic_entropy_side": 14.258270263671875,
          "hz": 2524.2759484456974
        },
        {
          "acoustic_entropy": 14.229187965393066,
          "acoustic_entropy_side": 13.951553344726562,
          "hz": 2809.813997359896
        },
        {
          "acoustic_entropy": 13.734787940979004,
          "acoustic_entropy_side": 13.928447723388672,
          "hz": 3120.6389567871424
        },
        {
