{
  "acoustic_entropy": 133.9783172607422,
  "bands": [
    {
      "high_freq": 148.1999969482422,
      "loudness": -68.80329895019531,
      "loudness_range": 18.362621307373047,
      "mid_mean": -63.86829376220703,
      "mid_to_side_loudness": -6.243969440460205,
      "mid_to_side_loudness_range": 4.0290727615356445,
      "side_mean": -67.15926361083984
    },
    {
      "high_freq": 392.3793640136719,
      "loudness": -52.42125701904297,
      "loudness_range": 29.06426239013672,
      "low_freq": 148.1999969482422,
      "mid_mean": -51.30033874511719,
      "mid_to_side_loudness": -6.632448196411133,
      "mid_to_side_loudness_range": 10.480358123779297,
      "side_mean": -57.13972091674805
    },
    {
      "high_freq": 794.6976318359375,
      "loudness": -47.303550720214844,
      "loudness_range": 30.058242797851562,
      "low_freq": 392.3793640136719,
      "mid_mean": -45.08827209472656,
      "mid_to_side_loudness": -5.152092456817627,
      "mid_to_side_loudness_range": 7.6017069816589355,
      "side_mean": -51.81071853637695
    },
    {
      "high_freq": 1457.5709228515625,
      "loudness": -48.98286056518555,
      "loudness_range": 32.26713562011719,
      "low_freq": 794.6976318359375,
      "mid_mean": -50.05300521850586,
      "mid_to_side_loudness": -5.218914031982422,
      "mid_to_side_loudness_range": 8.973600387573242,
      "side_mean": -54.287681579589844
    },
    {
      "high_freq": 2549.74365234375,
      "loudness": -50.844852447509766,
      "loudness_range": 30.443782806396484,
      "low_freq": 1457.5709228515625,
      "mid_mean": -55.6974983215332,
      "mid_to_side_loudness": -4.746449947357178,
      "mid_to_side_loudness_range": 8.13808536529541,
      "side_mean": -58.66227340698242
    },
    {
      "high_freq": 4349.24462890625,
      "loudness": -62.5051383972168,
      "loudness_range": 29.01974868774414,
      "low_freq": 2549.74365234375,
      "mid_mean": -64.10809326171875,
      "mid_to_side_loudness": -4.0722784996032715,
      "mid_to_side_loudness_range": 6.089763641357422,
      "side_mean": -66.10895538330078
    },
    {
      "high_freq": 7314.1640625,
      "loudness": -69.25741577148438,
      "loudness_range": 30.54776382446289,
      "low_freq": 4349.24462890625,
      "mid_mean": -67.97459411621094,
      "mid_to_side_loudness": -2.9999594688415527,
      "mid_to_side_loudness_range": 4.057435989379883,
      "side_mean": -68.65140533447266
    },
    {
      "high_freq": 12199.2666015625,
      "loudness": -84.11904907226562,
      "loudness_range": 9.199478149414062,
      "low_freq": 7314.1640625,
      "mid_mean": -69.57725524902344,
      "mid_to_side_loudness": -3.110588550567627,
      "mid_to_side_loudness_range": 1.971876621246338,
      "side_mean": -69.79510498046875
    },
    {
      "loudness": 0,
      "loudness_range": 0,
      "low_freq": 12199.2666015625,
      "mid_mean": -69.67402648925781,
      "mid_to_side_loudness": -2.2658512592315674,
      "mid_to_side_loudness_range": 1.9191690683364868,
      "side_mean": -69.8012924194336
    }
  ],
  "bands_short": [
    {
      "high_freq": 148.1999969482422,
      "loudness": -70.6942367553711,
      "loudness_range": 17.410289764404297,
      "mid_mean": -65.08274841308594,
      "mid_to_side_loudness": -6.393246650695801,
      "mid_to_side_loudness_range": 9.654252052307129,
      "side_mean": -67.93199157714844
    },
    {
      "high_freq": 392.3793640136719,
      "loudness": -54.470802307128906,
      "loudness_range": 29.577316284179688,
      "low_freq": 148.1999969482422,
      "mid_mean": -53.28847885131836,
      "mid_to_side_loudness": -6.053117275238037,
      "mid_to_side_loudness_range": 10.428829193115234,
      "side_mean": -58.372802734375
    },
    {
      "high_freq": 794.6976318359375,
      "loudness": -47.762977600097656,
      "loudness_range": 29.645015716552734,
      "low_freq": 392.3793640136719,
      "mid_mean": -45.559532165527344,
      "mid_to_side_loudness": -5.403668403625488,
      "mid_to_side_loudness_range": 9.85683822631836,
      "side_mean": -52.625797271728516
    },
    {
      "high_freq": 1457.5709228515625,
      "loudness": -50.212852478027344,
      "loudness_range": 33.675865173339844,
      "low_freq": 794.6976318359375,
      "mid_mean": -50.902801513671875,
      "mid_to_side_loudness": -5.296300888061523,
      "mid_to_side_loudness_range": 9.867234230041504,
      "side_mean": -55.15793991088867
    },
    {
      "high_freq": 2549.74365234375,
      "loudness": -52.68235778808594,
      "loudness_range": 32.29240036010742,
      "low_freq": 1457.5709228515625,
      "mid_mean": -57.05296325683594,
      "mid_to_side_loudness": -4.76536750793457,
      "mid_to_side_loudness_range": 10.08803939819336,
      "side_mean": -59.94887161254883
    },
    {
      "high_freq": 4349.24462890625,
      "loudness": -63.21863555908203,
      "loudness_range": 29.112903594970703,
      "low_freq": 2549.74365234375,
      "mid_mean": -64.55277252197266,
      "mid_to_side_loudness": -3.8009610176086426,
      "mid_to_side_loudness_range": 8.1724214553833,
      "side_mean": -66.24456787109375
    },
    {
      "high_freq": 7314.1640625,
      "loudness": -70.27545928955078,
      "loudness_range": 26.766773223876953,
      "low_freq": 4349.24462890625,
      "mid_mean": -68.48596954345703,
      "mid_to_side_loudness": -2.8560566902160645,
      "mid_to_side_loudness_range": 5.479148864746094,
      "side_mean": -68.97020721435547
    },
    {
      "high_freq": 12199.2666015625,
      "loudness": -82.82447052001953,
      "loudness_range": 10.571311950683594,
      "low_freq": 7314.1640625,
      "mid_mean": -69.65354919433594,
      "mid_to_side_loudness": -3.0193586349487305,
      "mid_to_side_loudness_range": 2.873631477355957,
      "side_mean": -69.82474517822266
    },
    {
      "loudness": -82.98798370361328,
      "loudness_range": 4.40716552734375,
      "low_freq": 12199.2666015625,
      "mid_mean": -69.67353057861328,
      "mid_to_side_loudness": -2.2730772495269775,
      "mid_to_side_loudness_range": 2.3996763229370117,
      "side_mean": -69.8005599975586
    }
  ],
  "bandwidth": 766.806884765625,
  "channels": 2,
  "covariance": [
    [
      19.556169509887695,
      12.350729942321777,
      22.476713180541992,
      16.124736785888672,
      30.372060775756836,
      32.230934143066406,
      43.710723876953125,
      41.38031768798828,
      43.68324661254883,
      39.78594970703125,
      28.036054611206055,
      20.817699432373047,
      13.85036849975586,
      9.949241638183594,
      2.2189817428588867,
      1.0746515989303589,
      0.31212347745895386,
      0.14905814826488495
    ],
    [
      12.350729942321777,
      8.37821102142334,
      13.45073413848877,
      10.201562881469727,
      18.796138763427734,
      19.65650177001953,
      26.19120979309082,
      25.39771842956543,
      26.696571350097656,
      24.58572769165039,
      18.172365188598633,
      13.834634780883789,
      9.62008285522461,
      7.032872200012207,
      1.610719919204712,
      0.8009116053581238,
      0.19917984306812286,
      0.09515505284070969
    ],
    [
      22.476713180541992,
      13.45073413848877,
      118.59273529052734,
      91.6406021118164,
      63.35402297973633,
      86.34152221679688,
      79.03483581542969,
      68.99551391601562,
      59.60111618041992,
      51.846641540527344,
      34.280643463134766,
      26.271778106689453,
      14.666437149047852,
      11.190711975097656,
      2.550461530685425,
      1.116237759590149,
      0.4313414990901947,
      0.2603415250778198
    ],
    [
      16.124736785888672,
      10.201562881469727,
      91.6406021118164,
      80.7425765991211,
      51.027793884277344,
      67.1272964477539,
      56.65659713745117,
      50.39181900024414,
      43.869022369384766,
      37.149269104003906,
      26.71513557434082,
      20.888126373291016,
      11.830431938171387,
      9.085949897766113,
      2.016176462173462,
      0.8987977504730225,
      0.3317168056964874,
      0.21256807446479797
    ],
    [
      30.372060775756836,
      18.796138763427734,
      63.35402297973633,
      51.027793884277344,
      102.86517333984375,
      93.54550170898438,
      96.44960021972656,
      91.42430114746094,
      91.4723129272461,
      80.40693664550781,
      46.1461296081543,
      34.44031524658203,
      22.444238662719727,
      16.314237594604492,
      3.5538218021392822,
      1.642905354499817,
      0.6366727948188782,
      0.29599133133888245
    ],
    [
      32.230934143066406,
      19.65650177001953,
      86.34152221679688,
      67.1272964477539,
      93.54550170898438,
      112.82902526855469,
      113.17976379394531,
      102.95629119873047,
      100.62749481201172,
      87.09056091308594,
      48.93236541748047,
      35.81218719482422,
      22.677335739135742,
      16.45827865600586,
      3.447387933731079,
      1.622417688369751,
      0.7087880969047546,
      0.40148603916168213
    ],
    [
      43.710723876953125,
      26.19120979309082,
      79.03483581542969,
      56.65659713745117,
      96.44960021972656,
      113.17976379394531,
      164.4879608154297,
      146.3543243408203,
      143.13877868652344,
      124.79620361328125,
      74.18067169189453,
      53.058799743652344,
      32.08025360107422,
      22.252532958984375,
      4.803526878356934,
      2.2231643199920654,
      0.9593052864074707,
      0.4914306402206421
    ],
    [
      41.38031768798828,
      25.39771842956543,
      68.99551391601562,
      50.39181900024414,
      91.42430114746094,
      102.95629119873047,
      146.3543243408203,
      138.4054718017578,
      133.6129913330078,
      116.28379821777344,
      71.37449645996094,
      51.61112594604492,
      31.34720802307129,
      22.03675651550293,
      4.576605796813965,
      2.1494967937469482,
      0.9026641845703125,
      0.47780904173851013
    ],
    [
      43.68324661254883,
      26.696571350097656,
      59.60111618041992,
      43.869022369384766,
      91.4723129272461,
      100.62749481201172,
      143.13877868652344,
      133.6129913330078,
      160.82164001464844,
      138.56935119628906,
      80.96436309814453,
      57.500221252441406,
      36.784019470214844,
      25.558446884155273,
      5.187020778656006,
      2.385303497314453,
      0.9643951654434204,
      0.4741019606590271
    ],
    [
      39.78594970703125,
      24.58572769165039,
      51.846641540527344,
      37.149269104003906,
      80.40693664550781,
      87.09056091308594,
      124.79620361328125,
      116.28379821777344,
      138.56935119628906,
      124.91571807861328,
      72.9477767944336,
      51.958248138427734,
      34.405826568603516,
      24.020692825317383,
      5.045347690582275,
      2.3614468574523926,
      0.8718300461769104,
      0.4175550043582916
    ],
    [
      28.036054611206055,
      18.172365188598633,
      34.280643463134766,
      26.71513557434082,
      46.1461296081543,
      48.93236541748047,
      74.18067169189453,
      71.37449645996094,
      80.96436309814453,
      72.9477767944336,
      62.511024475097656,
      46.18690490722656,
      26.666837692260742,
      19.25670623779297,
      4.295617580413818,
      2.002187728881836,
      0.5495196580886841,
      0.24269749224185944
    ],
    [
      20.817699432373047,
      13.834634780883789,
      26.271778106689453,
      20.888126373291016,
      34.44031524658203,
      35.81218719482422,
      53.058799743652344,
      51.61112594604492,
      57.500221252441406,
      51.958248138427734,
      46.18690490722656,
      35.66216278076172,
      21.023357391357422,
      15.447563171386719,
      3.4785032272338867,
      1.6539210081100464,
      0.3990190923213959,
      0.17203392088413239
    ],
    [
      13.85036849975586,
      9.62008285522461,
      14.666437149047852,
      11.830431938171387,
      22.444238662719727,
      22.677335739135742,
      32.08025360107422,
      31.34720802307129,
      36.784019470214844,
      34.405826568603516,
      26.666837692260742,
      21.023357391357422,
      23.276962280273438,
      16.868192672729492,
      3.7344303131103516,
      1.8318421840667725,
      0.3229387700557709,
      0.09694508463144302
    ],
    [
      9.949241638183594,
      7.032872200012207,
      11.190711975097656,
      9.085949897766113,
      16.314237594604492,
      16.45827865600586,
      22.252532958984375,
      22.03675651550293,
      25.558446884155273,
      24.020692825317383,
      19.25670623779297,
      15.447563171386719,
      16.868192672729492,
      12.6755952835083,
      2.859811305999756,
      1.430509328842163,
      0.2353903204202652,
      0.07112286984920502
    ],
    [
      2.2189817428588867,
      1.610719919204712,
      2.550461530685425,
      2.016176462173462,
      3.5538218021392822,
      3.447387933731079,
      4.803526878356934,
      4.576605796813965,
      5.187020778656006,
      5.045347690582275,
      4.295617580413818,
      3.4785032272338867,
      3.7344303131103516,
      2.859811305999756,
      0.9644660353660583,
      0.4972105324268341,
      0.05650494620203972,
      0.012039115652441978
    ],
    [
      1.0746515989303589,
      0.8009116053581238,
      1.116237759590149,
      0.8987977504730225,
      1.642905354499817,
      1.622417688369751,
      2.2231643199920654,
      2.1494967937469482,
      2.385303497314453,
      2.3614468574523926,
      2.002187728881836,
      1.6539210081100464,
      1.8318421840667725,
      1.430509328842163,
      0.4972105324268341,
      0.2809048593044281,
      0.029454614967107773,
      0.006813805550336838
    ],
    [
      0.31212347745895386,
      0.19917984306812286,
      0.4313414990901947,
      0.3317168056964874,
      0.6366727948188782,
      0.7087880969047546,
      0.9593052864074707,
      0.9026641845703125,
      0.9643951654434204,
      0.8718300461769104,
      0.5495196580886841,
      0.3990190923213959,
      0.3229387700557709,
      0.2353903204202652,
      0.05650494620203972,
      0.029454614967107773,
      0.010907926596701145,
      0.005188691895455122
    ],
    [
      0.14905814826488495,
      0.09515505284070969,
      0.2603415250778198,
      0.21256807446479797,
      0.29599133133888245,
      0.40148603916168213,
      0.4914306402206421,
      0.47780904173851013,
      0.4741019606590271,
      0.4175550043582916,
      0.24269749224185944,
      0.17203392088413239,
      0.09694508463144302,
      0.07112286984920502,
      0.012039115652441978,
      0.006813805550336838,
      0.005188691895455122,
      0.0038087901193648577
    ]
  ],
  "covariance_short": [
    [
      16.599069595336914,
      9.189470291137695,
      15.630941390991211,
      10.797554969787598,
      21.670385360717773,
      23.18639373779297,
      32.8160285949707,
      30.946861267089844,
      31.765830993652344,
      28.52804946899414,
      20.935047149658203,
      16.254871368408203,
      8.628826141357422,
      6.376826286315918,
      1.382491946220398,
      0.7441525459289551,
      0.24406054615974426,
      0.11805426329374313
    ],
    [
      9.189470291137695,
      6.247040271759033,
      8.603536605834961,
      6.546262741088867,
      11.87058162689209,
      12.647772789001465,
      17.471370697021484,
      16.92459487915039,
      17.151817321777344,
      15.599334716796875,
      12.155550956726074,
      9.699275016784668,
      5.45147180557251,
      4.084362983703613,
      0.9142199158668518,
      0.506345272064209,
      0.1395297646522522,
      0.06784667819738388
    ],
    [
      15.630941390991211,
      8.603536605834961,
      110.56230163574219,
      87.55146789550781,
      63.24040985107422,
      81.32465362548828,
      71.71842956542969,
      62.84556198120117,
      53.78269958496094,
      46.17123031616211,
      31.336456298828125,
      23.895034790039062,
      11.801613807678223,
      9.220226287841797,
      2.0302159786224365,
      1.0405926704406738,
      0.4316812753677368,
      0.2563886046409607
    ],
    [
      10.797554969787598,
      6.546262741088867,
      87.55146789550781,
      79.71875,
      48.43415451049805,
      63.4066162109375,
      50.373897552490234,
      45.14370346069336,
      39.062583923339844,
      32.70548629760742,
      22.985260009765625,
      18.05762481689453,
      9.4320068359375,
      7.426113605499268,
      1.5594773292541504,
      0.8066064715385437,
      0.3188658356666565,
      0.20314691960811615
    ],
    [
      21.670385360717773,
      11.87058162689209,
      63.24040985107422,
      48.43415451049805,
      105.4398422241211,
      93.83368682861328,
      92.60784149169922,
      86.20822143554688,
      81.63031768798828,
      71.44532012939453,
      42.246826171875,
      32.68867111206055,
      16.25603485107422,
      12.25304889678955,
      2.4655566215515137,
      1.2582775354385376,
      0.594893753528595,
      0.2870292067527771
    ],
    [
      23.18639373779297,
      12.647772789001465,
      81.32465362548828,
      63.4066162109375,
      93.83368682861328,
      113.9731674194336,
      109.47716522216797,
      98.56790924072266,
      92.47309875488281,
      78.31123352050781,
      45.81755447387695,
      34.81865692138672,
      17.038217544555664,
      12.749154090881348,
      2.375492572784424,
      1.215492606163025,
      0.6798571944236755,
      0.4025478661060333
    ],
    [
      32.8160285949707,
      17.471370697021484,
      71.71842956542969,
      50.373897552490234,
      92.60784149169922,
      109.47716522216797,
      162.40631103515625,
      142.29869079589844,
      134.57754516601562,
      115.21436309814453,
      70.62677001953125,
      52.571372985839844,
      25.550004959106445,
      18.198070526123047,
      3.655205011367798,
      1.8267184495925903,
      0.9723728895187378,
      0.504948616027832
    ],
    [
      30.946861267089844,
      16.92459487915039,
      62.84556198120117,
      45.14370346069336,
      86.20822143554688,
      98.56790924072266,
      142.29869079589844,
      134.6868438720703,
      124.11872863769531,
      106.13555908203125,
      67.23358154296875,
      50.80162048339844,
      24.464426040649414,
      17.713186264038086,
      3.3395442962646484,
      1.693950891494751,
      0.8867250084877014,
      0.48808279633522034
    ],
    [
      31.765830993652344,
      17.151817321777344,
      53.78269958496094,
      39.062583923339844,
      81.63031768798828,
      92.47309875488281,
      134.57754516601562,
      124.11872863769531,
      149.53187561035156,
      125.0534439086914,
      74.71810913085938,
      55.261837005615234,
      28.71334457397461,
      20.564395904541016,
      3.9923269748687744,
      1.9770058393478394,
      0.9596870541572571,
      0.4687213897705078
    ],
    [
      28.52804946899414,
      15.599334716796875,
      46.17123031616211,
      32.70548629760742,
      71.44532012939453,
      78.31123352050781,
      115.21436309814453,
      106.13555908203125,
      125.0534439086914,
      112.56421661376953,
      66.255615234375,
      49.63060760498047,
      26.366479873657227,
      18.981985092163086,
      3.7715461254119873,
      1.9129470586776733,
      0.843873918056488,
      0.4046027660369873
    ],
    [
      20.935047149658203,
      12.155550956726074,
      31.336456298828125,
      22.985260009765625,
      42.246826171875,
      45.81755447387695,
      70.62677001953125,
      67.23358154296875,
      74.71810913085938,
      66.255615234375,
      59.56193161010742,
      45.22463607788086,
      21.34038543701172,
      15.78679370880127,
      3.5034942626953125,
      1.7833662033081055,
      0.5700429081916809,
      0.24699589610099792
    ],
    [
      16.254871368408203,
      9.699275016784668,
      23.895034790039062,
      18.05762481689453,
      32.68867111206055,
      34.81865692138672,
      52.571372985839844,
      50.80162048339844,
      55.261837005615234,
      49.63060760498047,
      45.22463607788086,
      37.144561767578125,
      17.65556526184082,
      13.244795799255371,
      2.901181697845459,
      1.5204334259033203,
      0.430338054895401,
      0.18533623218536377
    ],
    [
      8.628826141357422,
      5.45147180557251,
      11.801613807678223,
      9.4320068359375,
      16.25603485107422,
      17.038217544555664,
      25.550004959106445,
      24.464426040649414,
      28.71334457397461,
      26.366479873657227,
      21.34038543701172,
      17.65556526184082,
      16.040971755981445,
      11.910494804382324,
      2.757673740386963,
      1.4813998937606812,
      0.30901622772216797,
      0.0885879322886467
    ],
    [
      6.376826286315918,
      4.084362983703613,
      9.220226287841797,
      7.426113605499268,
      12.25304889678955,
      12.749154090881348,
      18.198070526123047,
      17.713186264038086,
      20.564395904541016,
      18.981985092163086,
      15.78679370880127,
      13.244795799255371,
      11.910494804382324,
      9.623957633972168,
      2.172175407409668,
      1.1994514465332031,
      0.2241765856742859,
      0.06556294113397598
    ],
    [
      1.382491946220398,
      0.9142199158668518,
      2.0302159786224365,
      1.5594773292541504,
      2.4655566215515137,
      2.375492572784424,
      3.655205011367798,
      3.3395442962646484,
      3.9923269748687744,
      3.7715461254119873,
      3.5034942626953125,
      2.901181697845459,
      2.757673740386963,
      2.172175407409668,
      0.8983522653579712,
      0.4929940402507782,
      0.07362748682498932,
      0.011483543552458286
    ],
    [
      0.7441525459289551,
      0.506345272064209,
      1.0405926704406738,
      0.8066064715385437,
      1.2582775354385376,
      1.215492606163025,
      1.8267184495925903,
      1.693950891494751,
      1.9770058393478394,
      1.9129470586776733,
      1.7833662033081055,
      1.5204334259033203,
      1.4813998937606812,
      1.1994514465332031,
      0.4929940402507782,
      0.3110063672065735,
      0.04242987185716629,
      0.007372236344963312
    ],
    [
      0.24406054615974426,
      0.1395297646522522,
      0.4316812753677368,
      0.3188658356666565,
      0.594893753528595,
      0.6798571944236755,
      0.9723728895187378,
      0.8867250084877014,
      0.9596870541572571,
      0.843873918056488,
      0.5700429081916809,
      0.430338054895401,
      0.30901622772216797,
      0.2241765856742859,
      0.07362748682498932,
      0.04242987185716629,
      0.019365066662430763,
      0.006282261107116938
    ],
    [
      0.11805426329374313,
      0.06784667819738388,
      0.2563886046409607,
      0.20314691960811615,
      0.2870292067527771,
      0.4025478661060333,
      0.504948616027832,
      0.48808279633522034,
      0.4687213897705078,
      0.4046027660369873,
      0.24699589610099792,
      0.18533623218536377,
      0.0885879322886467,
      0.06556294113397598,
      0.011483543552458286,
      0.007372236344963312,
      0.006282261107116938,
      0.004789612255990505
    ]
  ],
  "damage": -24.76081085205078,
  "diff_bandwidth": 801.6461791992188,
  "dissonance": 4.572827157071034,
  "drr": 3.914065361022949,
  "dynamics": 8.104923248291016,
  "format": 1245190,
  "frames": 6488064,
  "loudness": -36.348690032958984,
  "loudness_range": 27.287839889526367,
  "loudness_range_short": 28.468027114868164,
  "lowpass_true_peak_15khz": -4.8235931396484375,
  "mastering3_acoustic_entropies": [
    {
      "acoustic_entropy": 7.8534955978393555,
      "acoustic_entropy_mono": 7.722116470336914,
      "band_eliminated_acoustic_entropies": [
        {
          "acoustic_entropy": 7.853440761566162,
          "acoustic_entropy_side": 7.8534932136535645,
          "hz": 129.47220167065723
        },
        {
          "acoustic_entropy": 7.854789733886719,
          "acoustic_entropy_side": 7.853559970855713,
          "hz": 202.92927478742237
        },
        {
          "acoustic_entropy": 8.0042724609375,
          "acoustic_entropy_side": 7.923695087432861,
          "hz": 282.89161906338205
        },
        {
          "acoustic_entropy": 7.581002235412598,
          "acoustic_entropy_side": 8.025595664978027,
          "hz": 369.9353335868758
        },
        {
          "acoustic_entropy": 8.053565979003906,
          "acoustic_entropy_side": 7.767468452453613,
          "hz": 464.6875360973435
        },
        {
          "acoustic_entropy": 7.825814247131348,
          "acoustic_entropy_side": 8.320684432983398,
          "hz": 567.8308811364784
        },
        {
          "acoustic_entropy": 7.3874616622924805,
          "acoustic_entropy_side": 7.6380414962768555,
          "hz": 680.1084783214808
        },
        {
          "acoustic_entropy": 8.376262664794922,
          "acoustic_entropy_side": 8.156996726989746,
          "hz": 802.3292461747484
        },
        {
          "acoustic_entropy": 7.926165580749512,
          "acoustic_entropy_side": 7.915541648864746,
          "hz": 935.3737400823702
        },
        {
          "acoustic_entropy": 7.1897172927856445,
          "acoustic_entropy_side": 7.686219692230225,
          "hz": 1080.2004963696966
        },
        {
          "acoustic_entropy": 7.820962429046631,
          "acoustic_entropy_side": 7.943742275238037,
          "hz": 1237.8529382007157
        },
        {
          "acoustic_entropy": 7.740548133850098,
          "acoustic_entropy_side": 7.876275062561035,
          "hz": 1409.4668930556702
        },
        {
          "acoustic_entropy": 7.9274678230285645,
          "acoustic_entropy_side": 7.969720840454102,
          "hz": 1596.2787759475705
        },
        {
          "acoustic_entropy": 8.122562408447266,
          "acoustic_entropy_side": 7.7652506828308105,
          "hz": 1799.6344973346393
        },
        {
          "acoustic_entropy": 8.293155670166016,
          "acoustic_entropy_side": 7.641829967498779,
          "hz": 2020.9991599069049
        },
        {
          "acoustic_entropy": 8.495616912841797,
          "acoustic_entropy_side": 8.111848831176758,
          "hz": 2261.9676141086993
        },
        {
          "acoustic_entropy": 8.307705879211426,
          "acoustic_entropy_side": 8.307950973510742,
          "hz": 2524.2759484456974
        },
        {
          "acoustic_entropy": 8.078747749328613,
          "acoustic_entropy_side": 7.983643531799316,
          "hz": 2809.813997359896
        },
        {
          "acoustic_entropy": 7.852123260498047,
          "acoustic_entropy_side": 7.830813884735107,
          "hz": 3120.6389567871424
        },
        {
          "acoustic_entropy": 7.912095546722412,
          "acoustic_entropy_side": 7.851507186889648,
          "hz": 3458.990205492291
        },
        {
          "acoustic_entropy": 7.755920886993408,
          "acoustic_entropy_side": 7.845944404602051,
          "hz": 3827.305438964164
        },
        {
          "acoustic_entropy": 7.792318820953369,
          "acoustic_entropy_side": 7.848163604736328,
          "hz": 4228.238232109126
        },
        {
          "acoustic_entropy": 7.890822887420654,
          "acoustic_entropy_side": 7.861612796783447,
          "hz": 4664.6771572759235
        },
        {
          "acoustic_entropy": 7.919266223907471,
          "acoustic_entropy_side": 7.880273342132568,
          "hz": 5139.766595350093
        },
        {
          "acoustic_entropy": 7.845518589019775,
          "acoustic_entropy_side": 7.852324485778809,
          "hz": 5656.929389854203
        },
        {
          "acoustic_entropy": 7.8483381271362305,
          "acoustic_entropy_side": 7.852965831756592,
          "hz": 6219.891507268283
        },
        {
          "acoustic_entropy": 7.852980136871338,
          "acoustic_entropy_side": 7.853475570678711,
          "hz": 6832.70888123896
        },
        {
          "acoustic_entropy": 7.841215133666992,
          "acoustic_entropy_side": 7.853240966796875,
          "hz": 7499.796634079867
        },
        {
          "acoustic_entropy": 7.852099895477295,
          "acoustic_entropy_side": 7.853425025939941,
          "hz": 8225.96088609342
        },
        {
          "acoustic_entropy": 7.853424549102783,
          "acoustic_entropy_side": 7.853489398956299,
          "hz": 9016.43338188839
        },
        {
          "acoustic_entropy": 7.8534722328186035,
          "acoustic_entropy_side": 7.8534932136535645,
          "hz": 9876.909183162974
        },
        {
          "acoustic_entropy": 7.8534698486328125,
          "acoustic_entropy_side": 7.853492736816406,
          "hz": 10813.587699516042
        },
        {
          "acoustic_entropy": 7.853494644165039,
          "acoustic_entropy_side": 7.8534955978393555,
          "hz": 11833.21735289826
        },
        {
          "acoustic_entropy": 7.8534955978393555,
          "acoustic_entropy_side": 7.8534955978393555,
          "hz": 12943.144197493959
        },
        {
          "acoustic_entropy": 7.853495121002197,
          "acoustic_entropy_side": 7.8534955978393555,
          "hz": 14151.364845322005
        },
        {
          "acoustic_entropy": 7.8534955978393555,
          "acoustic_entropy_side": 7.8534955978393555,
          "hz": 15466.58407886509
        },
        {
          "acoustic_entropy": 7.8534955978393555,
          "acoustic_entropy_side": 7.8534955978393555,
          "hz": 16898.27756580493
        },
        {
          "acoustic_entropy": 7.8534955978393555,
          "acoustic_entropy_side": 7.8534955978393555,
          "hz": 18456.760127700032
        },
        {
          "acoustic_entropy": 7.8534955978393555,
          "acoustic_entropy_side": 7.8534955978393555,
          "hz": 20153.260054456492
        },
        {
          "acoustic_entropy": 7.8534955978393555,
          "acoustic_entropy_side": 7.8534955978393555,
          "hz": 22000.00000000001
        }
      ],
      "diff_acoustic_entropy": 5.517504692077637,
      "sn": 6
    },
    {
      "acoustic_entropy": 12.395501136779785,
      "acoustic_entropy_mono": 11.655261993408203,
      "band_eliminated_acoustic_entropies": [
        {
          "acoustic_entropy": 12.397025108337402,
          "acoustic_entropy_side": 12.3956937789917,
          "hz": 129.47220167065723
        },
        {
          "acoustic_entropy": 12.480744361877441,
          "acoustic_entropy_side": 12.409355163574219,
          "hz": 202.92927478742237
        },
        {
          "acoustic_entropy": 12.46939468383789,
          "acoustic_entropy_side": 12.622430801391602,
          "hz": 282.89161906338205
        },
        {
          "acoustic_entropy": 12.290063858032227,
          "acoustic_entropy_side": 12.565093040466309,
          "hz": 369.9353335868758
        },
        {
          "acoustic_entropy": 11.952520370483398,
          "acoustic_entropy_side": 12.718362808227539,
          "hz": 464.6875360973435
        },
        {
          "acoustic_entropy": 11.285802841186523,
          "acoustic_entropy_side": 12.74824047088623,
          "hz": 567.8308811364784
        },
        {
          "acoustic_entropy": 12.469843864440918,
          "acoustic_entropy_side": 12.153429985046387,
          "hz": 680.1084783214808
        },
        {
          "acoustic_entropy": 12.069226264953613,
          "acoustic_entropy_side": 13.387028694152832,
          "hz": 802.3292461747484
        },
        {
          "acoustic_entropy": 13.040386199951172,
          "acoustic_entropy_side": 12.841836929321289,
          "hz": 935.3737400823702
        },
        {
          "acoustic_entropy": 11.7402925491333,
          "acoustic_entropy_side": 12.229680061340332,
          "hz": 1080.2004963696966
        },
        {
          "acoustic_entropy": 12.419182777404785,
          "acoustic_entropy_side": 13.003170013427734,
          "hz": 1237.8529382007157
        },
        {
          "acoustic_entropy": 12.611197471618652,
          "acoustic_entropy_side": 13.053550720214844,
          "hz": 1409.4668930556702
        },
        {
          "acoustic_entropy": 12.836664199829102,
          "acoustic_entropy_side": 13.14281940460205,
          "hz": 1596.2787759475705
        },
        {
          "acoustic_entropy": 12.298445701599121,
          "acoustic_entropy_side": 12.539416313171387,
          "hz": 1799.6344973346393
        },
        {
          "acoustic_entropy": 12.301578521728516,
          "acoustic_entropy_side": 12.742879867553711,
          "hz": 2020.9991599069049
        },
        {
          "acoustic_entropy": 12.218445777893066,
          "acoustic_entropy_side": 11.686749458312988,
          "hz": 2261.9676141086993
        },
        {
          "acoustic_entropy": 12.495415687561035,
          "acoustic_entropy_side": 12.7045316696167,
          "hz": 2524.2759484456974
        },
        {
          "acoustic_entropy": 12.122457504272461,
          "acoustic_entropy_side": 12.359668731689453,
          "hz": 2809.813997359896
        },
        {
          "acoustic_entropy": 12.139503479003906,
          "acoustic_entropy_side": 12.317758560180664,
          "hz": 3120.6389567871424
        },
        {
          "acoustic_entropy": 12.323580741882324,
          "acoustic_entropy_side": 12.355027198791504,
          "hz": 3458.990205492291
        },
        {
          "acoustic_entropy": 12.685737609863281,
          "acoustic_entropy_side": 12.461012840270996,
          "hz": 3827.305438964164
        },
        {
          "acoustic_entropy": 12.447233200073242,
          "acoustic_entropy_side": 12.378976821899414,
          "hz": 4228.238232109126
        },
        {
          "acoustic_entropy": 12.482940673828125,
          "acoustic_entropy_side": 12.503426551818848,
          "hz": 4664.6771572759235
        },
        {
          "acoustic_entropy": 12.366966247558594,
          "acoustic_entropy_side": 12.600724220275879,
          "hz": 5139.766595350093
        },
        {
          "acoustic_entropy": 12.38273811340332,
          "acoustic_entropy_side": 12.392804145812988,
          "hz": 5656.929389854203
        },
        {
          "acoustic_entropy": 12.412280082702637,
          "acoustic_entropy_side": 12.398374557495117,
          "hz": 6219.891507268283
        },
        {
          "acoustic_entropy": 12.396245002746582,
          "acoustic_entropy_side": 12.395852088928223,
          "hz": 6832.70888123896
        },
        {
          "acoustic_entropy": 12.48815631866455,
          "acoustic_entropy_side": 12.405172348022461,
          "hz": 7499.796634079867
        },
        {
          "acoustic_entropy": 12.423338890075684,
          "acoustic_entropy_side": 12.397581100463867,
          "hz": 8225.96088609342
        },
        {
          "acoustic_entropy": 12.3961763381958,
          "acoustic_entropy_side": 12.395565032958984,
          "hz": 9016.43338188839
        },
        {
          "acoustic_entropy": 12.396212577819824,
          "acoustic_entropy_side": 12.395581245422363,
          "hz": 9876.909183162974
        },
        {
          "acoustic_entropy": 12.396766662597656,
          "acoustic_entropy_side": 12.395626068115234,
          "hz": 10813.587699516042
        },
        {
          "acoustic_entropy": 12.395524024963379,
          "acoustic_entropy_side": 12.395501136779785,
          "hz": 11833.21735289826
        },
        {
          "acoustic_entropy": 12.395506858825684,
          "acoustic_entropy_side": 12.395501136779785,
          "hz": 12943.144197493959
        },
        {
          "acoustic_entropy": 12.3955078125,
          "acoustic_entropy_side": 12.395501136779785,
          "hz": 14151.364845322005
        },
        {
          "acoustic_entropy": 12.395501136779785,
          "acoustic_entropy_side": 12.395501136779785,
          "hz": 15466.58407886509
        },
        {
          "acoustic_entropy": 12.395501136779785,
          "acoustic_entropy_side": 12.395501136779785,
          "hz": 16898.27756580493
        },
        {
          "acoustic_entropy": 12.395501136779785,
          "acoustic_entropy_side": 12.395501136779785,
          "hz": 18456.760127700032
        },
        {
          "acoustic_entropy": 12.395501136779785,
          "acoustic_entropy_side": 12.395501136779785,
          "hz": 20153.260054456492
        },
        {
          "acoustic_entropy": 12.395501136779785,
          "acoustic_entropy_side": 12.395501136779785,
          "hz": 22000.00000000001
        }
      ],
      "diff_acoustic_entropy": 7.738039016723633,
      "sn": 12
    },
    {
      "acoustic_entropy": 18.40149688720703,
      "acoustic_entropy_mono": 17.2574520111084,
      "band_eliminated_acoustic_entropies": [
        {
          "acoustic_entropy": 18.389450073242188,
          "acoustic_entropy_side": 18.401247024536133,
          "hz": 129.47220167065723
        },
        {
          "acoustic_entropy": 18.206676483154297,
          "acoustic_entropy_side": 18.33177375793457,
          "hz": 202.92927478742237
        },
        {
          "acoustic_entropy": 18.161178588867188,
          "acoustic_entropy_side": 18.070646286010742,
          "hz": 282.89161906338205
        },
        {
          "acoustic_entropy": 18.63910484313965,
          "acoustic_entropy_side": 18.4019832611084,
          "hz": 369.9353335868758
        },
        {
          "acoustic_entropy": 18.701860427856445,
          "acoustic_entropy_side": 19.07609748840332,
          "hz": 464.6875360973435
        },
        {
          "acoustic_entropy": 17.52206039428711,
          "acoustic_entropy_side": 18.588726043701172,
          "hz": 567.8308811364784
        },
        {
          "acoustic_entropy": 18.56299591064453,
          "acoustic_entropy_side": 18.064355850219727,
          "hz": 680.1084783214808
        },
        {
          "acoustic_entropy": 17.48400115966797,
          "acoustic_entropy_side": 18.89384651184082,
          "hz": 802.3292461747484
        },
        {
          "acoustic_entropy": 18.19037628173828,
          "acoustic_entropy_side": 18.474761962890625,
          "hz": 935.3737400823702
        },
        {
          "acoustic_entropy": 17.069908142089844,
          "acoustic_entropy_side": 18.779998779296875,
          "hz": 1080.2004963696966
        },
        {
          "acoustic_entropy": 17.507888793945312,
          "acoustic_entropy_side": 17.598512649536133,
          "hz": 1237.8529382007157
        },
        {
          "acoustic_entropy": 20.322349548339844,
          "acoustic_entropy_side": 18.7445125579834,
          "hz": 1409.4668930556702
        },
        {
          "acoustic_entropy": 18.989665985107422,
          "acoustic_entropy_side": 18.577543258666992,
          "hz": 1596.2787759475705
        },
        {
          "acoustic_entropy": 19.005443572998047,
          "acoustic_entropy_side": 18.704030990600586,
          "hz": 1799.6344973346393
        },
        {
          "acoustic_entropy": 18.316640853881836,
          "acoustic_entropy_side": 18.769948959350586,
          "hz": 2020.9991599069049
        },
        {
          "acoustic_entropy": 18.85112953186035,
          "acoustic_entropy_side": 19.229249954223633,
          "hz": 2261.9676141086993
        },
        {
          "acoustic_entropy": 18.572643280029297,
          "acoustic_entropy_side": 19.048263549804688,
          "hz": 2524.2759484456974
        },
        {
          "acoustic_entropy": 17.794382095336914,
          "acoustic_entropy_side": 18.517166137695312,
          "hz": 2809.813997359896
        },
