{
  "acoustic_entropy": 205.30096435546875,
  "bands": [
    {
      "high_freq": 148.1999969482422,
      "loudness": -16.963266372680664,
      "loudness_range": 9.981440544128418,
      "mid_mean": -13.518741607666016,
      "mid_to_side_loudness": -24.15567970275879,
      "mid_to_side_loudness_range": 22.34732437133789,
      "side_mean": -38.75294876098633
    },
    {
      "high_freq": 392.3793640136719,
      "loudness": -22.348472595214844,
      "loudness_range": 8.726408004760742,
      "low_freq": 148.1999969482422,
      "mid_mean": -19.492956161499023,
      "mid_to_side_loudness": -8.238386154174805,
      "mid_to_side_loudness_range": 15.192669868469238,
      "side_mean": -27.958345413208008
    },
    {
      "high_freq": 794.6976318359375,
      "loudness": -23.92149543762207,
      "loudness_range": 9.915349960327148,
      "low_freq": 392.3793640136719,
      "mid_mean": -21.936960220336914,
      "mid_to_side_loudness": -5.105871200561523,
      "mid_to_side_loudness_range": 17.361888885498047,
      "side_mean": -27.278295516967773
    },
    {
      "high_freq": 1457.5709228515625,
      "loudness": -27.12462615966797,
      "loudness_range": 12.394865036010742,
      "low_freq": 794.6976318359375,
      "mid_mean": -25.040525436401367,
      "mid_to_side_loudness": -5.1413984298706055,
      "mid_to_side_loudness_range": 15.923179626464844,
      "side_mean": -30.278329849243164
    },
    {
      "high_freq": 2549.74365234375,
      "loudness": -25.27056121826172,
      "loudness_range": 14.525087356567383,
      "low_freq": 1457.5709228515625,
      "mid_mean": -22.873031616210938,
      "mid_to_side_loudness": -6.748732089996338,
      "mid_to_side_loudness_range": 17.9058780670166,
      "side_mean": -29.627986907958984
    },
    {
      "high_freq": 4349.24462890625,
      "loudness": -24.953100204467773,
      "loudness_range": 13.562902450561523,
      "low_freq": 2549.74365234375,
      "mid_mean": -22.618118286132812,
      "mid_to_side_loudness": -7.081315994262695,
      "mid_to_side_loudness_range": 20.349687576293945,
      "side_mean": -29.54097557067871
    },
    {
      "high_freq": 7314.1640625,
      "loudness": -26.552135467529297,
      "loudness_range": 15.193428039550781,
      "low_freq": 4349.24462890625,
      "mid_mean": -24.804096221923828,
      "mid_to_side_loudness": -4.580709457397461,
      "mid_to_side_loudness_range": 17.913156509399414,
      "side_mean": -29.039297103881836
    },
    {
      "high_freq": 12199.2666015625,
      "loudness": -25.779050827026367,
      "loudness_range": 13.802326202392578,
      "low_freq": 7314.1640625,
      "mid_mean": -25.252973556518555,
      "mid_to_side_loudness": -1.4939216375350952,
      "mid_to_side_loudness_range": 18.471586227416992,
      "side_mean": -26.349599838256836
    },
    {
      "loudness": -31.68494415283203,
      "loudness_range": 14.542472839355469,
      "low_freq": 12199.2666015625,
      "mid_mean": -31.147924423217773,
      "mid_to_side_loudness": -0.3829945921897888,
      "mid_to_side_loudness_range": 13.352655410766602,
      "side_mean": -31.051101684570312
    }
  ],
  "bands_short": [
    {
      "high_freq": 148.1999969482422,
      "loudness": -19.619464874267578,
      "loudness_range": 20.900054931640625,
      "mid_mean": -16.37483024597168,
      "mid_to_side_loudness": -25.30027961730957,
      "mid_to_side_loudness_range": 32.74544906616211,
      "side_mean": -45.76902770996094
    },
    {
      "high_freq": 392.3793640136719,
      "loudness": -22.775169372558594,
      "loudness_range": 16.940420150756836,
      "low_freq": 148.1999969482422,
      "mid_mean": -19.915128707885742,
      "mid_to_side_loudness": -8.969182014465332,
      "mid_to_side_loudness_range": 21.573575973510742,
      "side_mean": -29.818147659301758
    },
    {
      "high_freq": 794.6976318359375,
      "loudness": -25.08901596069336,
      "loudness_range": 15.587480545043945,
      "low_freq": 392.3793640136719,
      "mid_mean": -23.54773712158203,
      "mid_to_side_loudness": -4.291394233703613,
      "mid_to_side_loudness_range": 20.495027542114258,
      "side_mean": -28.482711791992188
    },
    {
      "high_freq": 1457.5709228515625,
      "loudness": -28.117366790771484,
      "loudness_range": 17.765718460083008,
      "low_freq": 794.6976318359375,
      "mid_mean": -26.418182373046875,
      "mid_to_side_loudness": -4.456570625305176,
      "mid_to_side_loudness_range": 20.148738861083984,
      "side_mean": -31.37602996826172
    },
    {
      "high_freq": 2549.74365234375,
      "loudness": -26.651939392089844,
      "loudness_range": 19.592315673828125,
      "low_freq": 1457.5709228515625,
      "mid_mean": -24.521984100341797,
      "mid_to_side_loudness": -6.161768913269043,
      "mid_to_side_loudness_range": 20.573081970214844,
      "side_mean": -30.932050704956055
    },
    {
      "high_freq": 4349.24462890625,
      "loudness": -26.086915969848633,
      "loudness_range": 17.974233627319336,
      "low_freq": 2549.74365234375,
      "mid_mean": -24.075944900512695,
      "mid_to_side_loudness": -6.494502544403076,
      "mid_to_side_loudness_range": 22.871532440185547,
      "side_mean": -30.522802352905273
    },
    {
      "high_freq": 7314.1640625,
      "loudness": -27.70574188232422,
      "loudness_range": 19.113645553588867,
      "low_freq": 4349.24462890625,
      "mid_mean": -26.26445960998535,
      "mid_to_side_loudness": -4.12103796005249,
      "mid_to_side_loudness_range": 20.307886123657227,
      "side_mean": -30.055273056030273
    },
    {
      "high_freq": 12199.2666015625,
      "loudness": -26.946836471557617,
      "loudness_range": 17.711999893188477,
      "low_freq": 7314.1640625,
      "mid_mean": -26.56328773498535,
      "mid_to_side_loudness": -1.1853358745574951,
      "mid_to_side_loudness_range": 21.11199188232422,
      "side_mean": -27.879507064819336
    },
    {
      "loudness": -33.23479461669922,
      "loudness_range": 19.11191749572754,
      "low_freq": 12199.2666015625,
      "mid_mean": -32.75032043457031,
      "mid_to_side_loudness": -0.355552077293396,
      "mid_to_side_loudness_range": 16.038366317749023,
      "side_mean": -32.898399353027344
    }
  ],
  "bandwidth": 476.0720520019531,
  "channels": 2,
  "covariance": [
    [
      27.206653594970703,
      15.675106048583984,
      7.102377891540527,
      12.106727600097656,
      1.4162312746047974,
      8.044751167297363,
      4.498419284820557,
      9.053910255432129,
      6.585028171539307,
      12.556011199951172,
      6.606531143188477,
      11.244382858276367,
      7.715104103088379,
      9.049025535583496,
      5.0942511558532715,
      6.3099236488342285,
      5.4541754722595215,
      3.8987066745758057
    ],
    [
      15.675106048583984,
      52.125457763671875,
      8.009166717529297,
      22.676692962646484,
      2.7181825637817383,
      12.980175018310547,
      8.057477951049805,
      16.058151245117188,
      8.891329765319824,
      18.06790542602539,
      8.597675323486328,
      17.17474365234375,
      9.250622749328613,
      13.547711372375488,
      6.282814025878906,
      12.256108283996582,
      8.540152549743652,
      8.424467086791992
    ],
    [
      7.102377891540527,
      8.009166717529297,
      16.79530143737793,
      12.191762924194336,
      4.82429838180542,
      10.964339256286621,
      4.114454746246338,
      9.579895973205566,
      2.763333559036255,
      9.063455581665039,
      2.9354984760284424,
      7.407088279724121,
      5.567615509033203,
      7.5325117111206055,
      4.975475788116455,
      5.558621406555176,
      5.772572040557861,
      1.7347314357757568
    ],
    [
      12.106727600097656,
      22.676692962646484,
      12.191762924194336,
      37.138450622558594,
      4.6781535148620605,
      26.241859436035156,
      9.912781715393066,
      25.347003936767578,
      9.849746704101562,
      27.807634353637695,
      9.167675018310547,
      27.18899917602539,
      11.275361061096191,
      23.572385787963867,
      8.438661575317383,
      21.043506622314453,
      9.57502269744873,
      14.303582191467285
    ],
    [
      1.4162312746047974,
      2.7181825637817383,
      4.82429838180542,
      4.6781535148620605,
      16.240406036376953,
      8.099952697753906,
      8.57029914855957,
      5.238942623138428,
      6.595986366271973,
      5.112854957580566,
      5.391538619995117,
      3.9348506927490234,
      3.8907995223999023,
      2.2089598178863525,
      5.5759711265563965,
      2.343714952468872,
      5.506134510040283,
      2.4234180450439453
    ],
    [
      8.044751167297363,
      12.980175018310547,
      10.964339256286621,
      26.241859436035156,
      8.099952697753906,
      37.72587585449219,
      8.651813507080078,
      29.84413719177246,
      8.371902465820312,
      31.67078399658203,
      7.420900821685791,
      32.50834274291992,
      11.631770133972168,
      31.561569213867188,
      10.314626693725586,
      29.13413429260254,
      11.928923606872559,
      19.42641258239746
    ],
    [
      4.498419284820557,
      8.057477951049805,
      4.114454746246338,
      9.912781715393066,
      8.57029914855957,
      8.651813507080078,
      23.37673568725586,
      13.93772029876709,
      14.006803512573242,
      12.973484992980957,
      11.441183090209961,
      12.563456535339355,
      11.180487632751465,
      10.895177841186523,
      9.209725379943848,
      10.52448844909668,
      9.252301216125488,
      11.51213550567627
    ],
    [
      9.053910255432129,
      16.058151245117188,
      9.579895973205566,
      25.347003936767578,
      5.238942623138428,
      29.84413719177246,
      13.93772029876709,
      36.978797912597656,
      12.448934555053711,
      35.30232620239258,
      12.213004112243652,
      36.470787048339844,
      16.44039535522461,
      35.143760681152344,
      12.471919059753418,
      32.96412658691406,
      13.202861785888672,
      24.52696990966797
    ],
    [
      6.585028171539307,
      8.891329765319824,
      2.763333559036255,
      9.849746704101562,
      6.595986366271973,
      8.371902465820312,
      14.006803512573242,
      12.448934555053711,
      28.839139938354492,
      20.908044815063477,
      22.31972885131836,
      19.44028091430664,
      19.36919403076172,
      15.850902557373047,
      14.734846115112305,
      14.157322883605957,
      12.853875160217285,
      17.057138442993164
    ],
    [
      12.556011199951172,
      18.06790542602539,
      9.063455581665039,
      27.807634353637695,
      5.112854957580566,
      31.67078399658203,
      12.973484992980957,
      35.30232620239258,
      20.908044815063477,
      48.84360122680664,
      19.32856559753418,
      49.67037582397461,
      23.7860164642334,
      46.09466552734375,
      16.899171829223633,
      41.72503662109375,
      17.09136390686035,
      32.979549407958984
    ],
    [
      6.606531143188477,
      8.597675323486328,
      2.9354984760284424,
      9.167675018310547,
      5.391538619995117,
      7.420900821685791,
      11.441183090209961,
      12.213004112243652,
      22.31972885131836,
      19.32856559753418,
      23.333297729492188,
      20.259246826171875,
      19.693130493164062,
      16.765897750854492,
      14.704174041748047,
      15.279707908630371,
      12.418681144714355,
      17.067049026489258
    ],
    [
      11.244382858276367,
      17.17474365234375,
      7.407088279724121,
      27.18899917602539,
      3.9348506927490234,
      32.50834274291992,
      12.563456535339355,
      36.470787048339844,
      19.44028091430664,
      49.67037582397461,
      20.259246826171875,
      62.70771026611328,
      25.305158615112305,
      56.87354278564453,
      18.02416229248047,
      50.602561950683594,
      17.420684814453125,
      38.98174285888672
    ],
    [
      7.715104103088379,
      9.250622749328613,
      5.567615509033203,
      11.275361061096191,
      3.8907995223999023,
      11.631770133972168,
      11.180487632751465,
      16.44039535522461,
      19.36919403076172,
      23.7860164642334,
      19.693130493164062,
      25.305158615112305,
      26.2764949798584,
      25.362266540527344,
      18.18770980834961,
      23.174604415893555,
      16.346933364868164,
      21.441295623779297
    ],
    [
      9.049025535583496,
      13.547711372375488,
      7.5325117111206055,
      23.572385787963867,
      2.2089598178863525,
      31.561569213867188,
      10.895177841186523,
      35.143760681152344,
      15.850902557373047,
      46.09466552734375,
      16.765897750854492,
      56.87354278564453,
      25.362266540527344,
      63.10246658325195,
      17.756895065307617,
      55.10838317871094,
      18.95399284362793,
      41.92762756347656
    ],
    [
      5.0942511558532715,
      6.282814025878906,
      4.975475788116455,
      8.438661575317383,
      5.5759711265563965,
      10.314626693725586,
      9.209725379943848,
      12.471919059753418,
      14.734846115112305,
      16.899171829223633,
      14.704174041748047,
      18.02416229248047,
      18.18770980834961,
      17.756895065307617,
      19.761974334716797,
      17.61330795288086,
      16.551692962646484,
      18.188255310058594
    ],
    [
      6.3099236488342285,
      12.256108283996582,
      5.558621406555176,
      21.043506622314453,
      2.343714952468872,
      29.13413429260254,
      10.52448844909668,
      32.96412658691406,
      14.157322883605957,
      41.72503662109375,
      15.279707908630371,
      50.602561950683594,
      23.174604415893555,
      55.10838317871094,
      17.61330795288086,
      61.63373947143555,
      18.95816993713379,
      46.407554626464844
    ],
    [
      5.4541754722595215,
      8.540152549743652,
      5.772572040557861,
      9.57502269744873,
      5.506134510040283,
      11.928923606872559,
      9.252301216125488,
      13.202861785888672,
      12.853875160217285,
      17.09136390686035,
      12.418681144714355,
      17.420684814453125,
      16.346933364868164,
      18.95399284362793,
      16.551692962646484,
      18.95816993713379,
      21.294057846069336,
      20.44032096862793
    ],
    [
      3.8987066745758057,
      8.424467086791992,
      1.7347314357757568,
      14.303582191467285,
      2.4234180450439453,
      19.42641258239746,
      11.51213550567627,
      24.52696990966797,
      17.057138442993164,
      32.979549407958984,
      17.067049026489258,
      38.98174285888672,
      21.441295623779297,
      41.92762756347656,
      18.188255310058594,
      46.407554626464844,
      20.44032096862793,
      54.0580940246582
    ]
  ],
  "covariance_short": [
    [
      69.61701202392578,
      26.447383880615234,
      21.01666259765625,
      17.030420303344727,
      6.466400623321533,
      12.990108489990234,
      10.949005126953125,
      13.784149169921875,
      10.884638786315918,
      17.245927810668945,
      10.197599411010742,
      17.609750747680664,
      11.275566101074219,
      15.272543907165527,
      5.781152248382568,
      12.224934577941895,
      7.066298007965088,
      8.715651512145996
    ],
    [
      26.447383880615234,
      107.48343658447266,
      23.749258041381836,
      42.766448974609375,
      7.718075275421143,
      27.804189682006836,
      12.311826705932617,
      27.89596939086914,
      12.135544776916504,
      27.356229782104492,
      11.874800682067871,
      22.533496856689453,
      12.229839324951172,
      18.091920852661133,
      7.542646884918213,
      14.3593168258667,
      11.149633407592773,
      8.479957580566406
    ],
    [
      21.01666259765625,
      23.749258041381836,
      43.50969314575195,
      22.006885528564453,
      15.210030555725098,
      18.16899871826172,
      13.1476469039917,
      16.1487979888916,
      13.13391399383545,
      15.984302520751953,
      12.890782356262207,
      14.802952766418457,
      11.996192932128906,
      13.172754287719727,
      9.93471622467041,
      11.679953575134277,
      11.057670593261719,
      8.635322570800781
    ],
    [
      17.030420303344727,
      42.766448974609375,
      22.006885528564453,
      57.795223236083984,
      12.2980318069458,
      39.57858657836914,
      16.182939529418945,
      36.682029724121094,
      15.718748092651367,
      36.81350326538086,
      14.17214584350586,
      35.2005729675293,
      14.572701454162598,
      29.023353576660156,
      10.642855644226074,
      25.14760971069336,
      12.520100593566895,
      17.950956344604492
    ],
    [
      6.466400623321533,
      7.718075275421143,
      15.210030555725098,
      12.2980318069458,
      38.98227310180664,
      18.40248680114746,
      21.743900299072266,
      14.310615539550781,
      18.115222930908203,
      14.149805068969727,
      15.970437049865723,
      12.354243278503418,
      10.86381721496582,
      9.876782417297363,
      12.60434341430664,
      11.357826232910156,
      10.983698844909668,
      13.045990943908691
    ],
    [
      12.990108489990234,
      27.804189682006836,
      18.16899871826172,
      39.57858657836914,
      18.40248680114746,
      59.23562240600586,
      15.235572814941406,
      44.60211944580078,
      16.00400733947754,
      44.445068359375,
      14.217911720275879,
      44.29381561279297,
      17.652191162109375,
      41.7647590637207,
      14.533957481384277,
      40.91637420654297,
      17.442184448242188,
      29.27332305908203
    ],
    [
      10.949005126953125,
      12.311826705932617,
      13.1476469039917,
      16.182939529418945,
      21.743900299072266,
      15.235572814941406,
      46.41279602050781,
      23.119531631469727,
      30.9150333404541,
      23.213008880615234,
      25.876815795898438,
      21.634702682495117,
      21.894014358520508,
      18.373546600341797,
      16.539499282836914,
      16.2568416595459,
      15.530868530273438,
      19.043264389038086
    ],
    [
      13.784149169921875,
      27.89596939086914,
      16.1487979888916,
      36.682029724121094,
      14.310615539550781,
      44.60211944580078,
      23.119531631469727,
      56.57530975341797,
      21.989351272583008,
      49.46543884277344,
      20.398231506347656,
      49.01506805419922,
      24.720888137817383,
      45.6705322265625,
      17.845121383666992,
      43.19013595581055,
      18.78577423095703,
      33.34556579589844
    ],
    [
      10.884638786315918,
      12.135544776916504,
      13.13391399383545,
      15.718748092651367,
      18.115222930908203,
      16.00400733947754,
      30.9150333404541,
      21.989351272583008,
      52.53101348876953,
      30.716358184814453,
      39.555416107177734,
      29.115985870361328,
      33.18906784057617,
      24.55266761779785,
      24.361141204833984,
      22.206525802612305,
      21.218257904052734,
      25.08915901184082
    ],
    [
      17.245927810668945,
      27.356229782104492,
      15.984302520751953,
      36.81350326538086,
      14.149805068969727,
      44.445068359375,
      23.213008880615234,
      49.46543884277344,
      30.716358184814453,
      65.90184020996094,
      27.913938522338867,
      62.9310302734375,
      31.91368293762207,
      56.75155258178711,
      22.16975212097168,
      52.19382858276367,
      22.923873901367188,
      40.740013122558594
    ],
    [
      10.197599411010742,
      11.874800682067871,
      12.890782356262207,
      14.17214584350586,
      15.970437049865723,
      14.217911720275879,
      25.876815795898438,
      20.398231506347656,
      39.555416107177734,
      27.913938522338867,
      44.50762176513672,
      29.8396053314209,
      35.17729949951172,
      25.994342803955078,
      26.14089012145996,
      24.186426162719727,
      22.32082748413086,
      25.366207122802734
    ],
    [
      17.609750747680664,
      22.533496856689453,
      14.802952766418457,
      35.2005729675293,
      12.354243278503418,
      44.29381561279297,
      21.634702682495117,
      49.01506805419922,
      29.115985870361328,
      62.9310302734375,
      29.8396053314209,
      83.94862365722656,
      35.53997039794922,
      72.5591812133789,
      24.86688232421875,
      65.89318084716797,
      25.48103904724121,
      51.075801849365234
    ],
    [
      11.275566101074219,
      12.229839324951172,
      11.996192932128906,
      14.572701454162598,
      10.86381721496582,
      17.652191162109375,
      21.894014358520508,
      24.720888137817383,
      33.18906784057617,
      31.91368293762207,
      35.17729949951172,
      35.53997039794922,
      45.717864990234375,
      37.90384292602539,
      32.16738510131836,
      36.97065353393555,
      29.294742584228516,
      34.707122802734375
    ],
    [
      15.272543907165527,
      18.091920852661133,
      13.172754287719727,
      29.023353576660156,
      9.876782417297363,
      41.7647590637207,
      18.373546600341797,
      45.6705322265625,
      24.55266761779785,
      56.75155258178711,
      25.994342803955078,
      72.5591812133789,
      37.90384292602539,
      87.81339263916016,
      27.375709533691406,
      79.2342300415039,
      30.290781021118164,
      63.145267486572266
    ],
    [
      5.781152248382568,
      7.542646884918213,
      9.93471622467041,
      10.642855644226074,
      12.60434341430664,
      14.533957481384277,
      16.539499282836914,
      17.845121383666992,
      24.361141204833984,
      22.16975212097168,
      26.14089012145996,
      24.86688232421875,
      32.16738510131836,
      27.375709533691406,
      36.623592376708984,
      30.17296028137207,
      31.3560733795166,
      31.977638244628906
    ],
    [
      12.224934577941895,
      14.3593168258667,
      11.679953575134277,
      25.14760971069336,
      11.357826232910156,
      40.91637420654297,
      16.2568416595459,
      43.19013595581055,
      22.206525802612305,
      52.19382858276367,
      24.186426162719727,
      65.89318084716797,
      36.97065353393555,
      79.2342300415039,
      30.17296028137207,
      94.53836059570312,
      33.95064926147461,
      74.10380554199219
    ],
    [
      7.066298007965088,
      11.149633407592773,
      11.057670593261719,
      12.520100593566895,
      10.983698844909668,
      17.442184448242188,
      15.530868530273438,
      18.78577423095703,
      21.218257904052734,
      22.923873901367188,
      22.32082748413086,
      25.48103904724121,
      29.294742584228516,
      30.290781021118164,
      31.3560733795166,
      33.95064926147461,
      40.52165222167969,
      37.968074798583984
    ],
    [
      8.715651512145996,
      8.479957580566406,
      8.635322570800781,
      17.950956344604492,
      13.045990943908691,
      29.27332305908203,
      19.043264389038086,
      33.34556579589844,
      25.08915901184082,
      40.740013122558594,
      25.366207122802734,
      51.075801849365234,
      34.707122802734375,
      63.145267486572266,
      31.977638244628906,
      74.10380554199219,
      37.968074798583984,
      91.19218444824219
    ]
  ],
  "damage": -3.107996940612793,
  "diff_bandwidth": 439.2110900878906,
  "dissonance": 9.816789207591034,
  "drr": 16.934749603271484,
  "dynamics": 2.8432083129882812,
  "format": 1245190,
  "frames": 9322432,
  "loudness": -9.571883201599121,
  "loudness_range": 6.057790279388428,
  "loudness_range_short": 10.94572639465332,
  "lowpass_true_peak_15khz": 1.9856789112091064,
  "mastering3_acoustic_entropies": [
    {
      "acoustic_entropy": 7.351938724517822,
      "acoustic_entropy_mono": 6.549048900604248,
      "band_eliminated_acoustic_entropies": [
        {
          "acoustic_entropy": 7.539576053619385,
          "acoustic_entropy_side": 7.352192401885986,
          "hz": 129.47220167065723
        },
        {
          "acoustic_entropy": 7.6939921379089355,
          "acoustic_entropy_side": 7.366636276245117,
          "hz": 202.92927478742237
        },
        {
          "acoustic_entropy": 7.768986225128174,
          "acoustic_entropy_side": 7.4238739013671875,
          "hz": 282.89161906338205
        },
        {
          "acoustic_entropy": 7.575897693634033,
          "acoustic_entropy_side": 7.397006034851074,
          "hz": 369.9353335868758
        },
        {
          "acoustic_entropy": 7.468157768249512,
          "acoustic_entropy_side": 7.336423397064209,
          "hz": 464.6875360973435
        },
        {
          "acoustic_entropy": 7.497248649597168,
          "acoustic_entropy_side": 7.298117160797119,
          "hz": 567.8308811364784
        },
        {
          "acoustic_entropy": 7.641648292541504,
          "acoustic_entropy_side": 7.290737152099609,
          "hz": 680.1084783214808
        },
        {
          "acoustic_entropy": 8.439681053161621,
          "acoustic_entropy_side": 7.53034782409668,
          "hz": 802.3292461747484
        },
        {
          "acoustic_entropy": 7.77509880065918,
          "acoustic_entropy_side": 7.385823726654053,
          "hz": 935.3737400823702
        },
        {
          "acoustic_entropy": 7.5731587409973145,
          "acoustic_entropy_side": 7.3361897468566895,
          "hz": 1080.2004963696966
        },
        {
          "acoustic_entropy": 7.457086086273193,
          "acoustic_entropy_side": 7.352696418762207,
          "hz": 1237.8529382007157
        },
        {
          "acoustic_entropy": 7.3283209800720215,
          "acoustic_entropy_side": 7.3413872718811035,
          "hz": 1409.4668930556702
        },
        {
          "acoustic_entropy": 7.276230335235596,
          "acoustic_entropy_side": 7.33751106262207,
          "hz": 1596.2787759475705
        },
        {
          "acoustic_entropy": 7.4687910079956055,
          "acoustic_entropy_side": 7.3655219078063965,
          "hz": 1799.6344973346393
        },
        {
          "acoustic_entropy": 7.640952110290527,
          "acoustic_entropy_side": 7.4221062660217285,
          "hz": 2020.9991599069049
        },
        {
          "acoustic_entropy": 7.237728118896484,
          "acoustic_entropy_side": 7.403183460235596,
          "hz": 2261.9676141086993
        },
        {
          "acoustic_entropy": 7.2302141189575195,
          "acoustic_entropy_side": 7.401210784912109,
          "hz": 2524.2759484456974
        },
        {
          "acoustic_entropy": 7.360586166381836,
          "acoustic_entropy_side": 7.378613471984863,
          "hz": 2809.813997359896
        },
        {
          "acoustic_entropy": 7.174654006958008,
          "acoustic_entropy_side": 7.365307331085205,
          "hz": 3120.6389567871424
        },
        {
          "acoustic_entropy": 7.264309883117676,
          "acoustic_entropy_side": 7.331029891967773,
          "hz": 3458.990205492291
        },
        {
          "acoustic_entropy": 7.404173851013184,
          "acoustic_entropy_side": 7.341111660003662,
          "hz": 3827.305438964164
        },
        {
          "acoustic_entropy": 7.248464584350586,
          "acoustic_entropy_side": 7.3135504722595215,
          "hz": 4228.238232109126
        },
        {
          "acoustic_entropy": 7.338771820068359,
          "acoustic_entropy_side": 7.306840419769287,
          "hz": 4664.6771572759235
        },
        {
          "acoustic_entropy": 7.334457874298096,
          "acoustic_entropy_side": 7.350158214569092,
          "hz": 5139.766595350093
        },
        {
          "acoustic_entropy": 7.533329486846924,
          "acoustic_entropy_side": 7.360650062561035,
          "hz": 5656.929389854203
        },
        {
          "acoustic_entropy": 7.5627899169921875,
          "acoustic_entropy_side": 7.345212936401367,
          "hz": 6219.891507268283
        },
        {
          "acoustic_entropy": 7.3745269775390625,
          "acoustic_entropy_side": 7.334340572357178,
          "hz": 6832.70888123896
        },
        {
          "acoustic_entropy": 7.412793159484863,
          "acoustic_entropy_side": 7.320648670196533,
          "hz": 7499.796634079867
        },
        {
          "acoustic_entropy": 7.389889717102051,
          "acoustic_entropy_side": 7.324835300445557,
          "hz": 8225.96088609342
        },
        {
          "acoustic_entropy": 7.268682479858398,
          "acoustic_entropy_side": 7.283581256866455,
          "hz": 9016.43338188839
        },
        {
          "acoustic_entropy": 7.114025115966797,
          "acoustic_entropy_side": 7.145066261291504,
          "hz": 9876.909183162974
        },
        {
          "acoustic_entropy": 7.167470932006836,
          "acoustic_entropy_side": 7.25198221206665,
          "hz": 10813.587699516042
        },
        {
          "acoustic_entropy": 7.211707592010498,
          "acoustic_entropy_side": 7.267226219177246,
          "hz": 11833.21735289826
        },
        {
          "acoustic_entropy": 7.257429122924805,
          "acoustic_entropy_side": 7.280498027801514,
          "hz": 12943.144197493959
        },
        {
          "acoustic_entropy": 7.27479362487793,
          "acoustic_entropy_side": 7.278303146362305,
          "hz": 14151.364845322005
        },
        {
          "acoustic_entropy": 7.239789009094238,
          "acoustic_entropy_side": 7.236969470977783,
          "hz": 15466.58407886509
        },
        {
          "acoustic_entropy": 7.286746025085449,
          "acoustic_entropy_side": 7.282476902008057,
          "hz": 16898.27756580493
        },
        {
          "acoustic_entropy": 7.317599296569824,
          "acoustic_entropy_side": 7.311909198760986,
          "hz": 18456.760127700032
        },
        {
          "acoustic_entropy": 7.346054553985596,
          "acoustic_entropy_side": 7.346138954162598,
          "hz": 20153.260054456492
        },
        {
          "acoustic_entropy": 7.3565778732299805,
          "acoustic_entropy_side": 7.353348255157471,
          "hz": 22000.00000000001
        }
      ],
      "diff_acoustic_entropy": 6.179803371429443,
      "sn": 6
    },
    {
      "acoustic_entropy": 12.595130920410156,
      "acoustic_entropy_mono": 10.102092742919922,
      "band_eliminated_acoustic_entropies": [
        {
          "acoustic_entropy": 12.093347549438477,
          "acoustic_entropy_side": 12.598594665527344,
          "hz": 129.47220167065723
        },
        {
          "acoustic_entropy": 12.551030158996582,
          "acoustic_entropy_side": 12.60317325592041,
          "hz": 202.92927478742237
        },
        {
          "acoustic_entropy": 12.943177223205566,
          "acoustic_entropy_side": 12.530566215515137,
          "hz": 282.89161906338205
        },
        {
          "acoustic_entropy": 12.561014175415039,
          "acoustic_entropy_side": 12.46666431427002,
          "hz": 369.9353335868758
        },
        {
          "acoustic_entropy": 12.428143501281738,
          "acoustic_entropy_side": 12.39414119720459,
          "hz": 464.6875360973435
        },
        {
          "acoustic_entropy": 12.66196060180664,
          "acoustic_entropy_side": 12.627911567687988,
          "hz": 567.8308811364784
        },
        {
          "acoustic_entropy": 12.765180587768555,
          "acoustic_entropy_side": 12.604142189025879,
          "hz": 680.1084783214808
        },
        {
          "acoustic_entropy": 12.970337867736816,
          "acoustic_entropy_side": 12.577791213989258,
          "hz": 802.3292461747484
        },
        {
          "acoustic_entropy": 12.732562065124512,
          "acoustic_entropy_side": 12.598005294799805,
          "hz": 935.3737400823702
        },
        {
          "acoustic_entropy": 13.027606010437012,
          "acoustic_entropy_side": 12.801532745361328,
          "hz": 1080.2004963696966
        },
        {
          "acoustic_entropy": 12.495859146118164,
          "acoustic_entropy_side": 12.57861328125,
          "hz": 1237.8529382007157
        },
        {
          "acoustic_entropy": 12.469399452209473,
          "acoustic_entropy_side": 12.486052513122559,
          "hz": 1409.4668930556702
        },
        {
          "acoustic_entropy": 12.34969711303711,
          "acoustic_entropy_side": 12.522381782531738,
          "hz": 1596.2787759475705
        },
        {
          "acoustic_entropy": 12.817657470703125,
          "acoustic_entropy_side": 12.632072448730469,
          "hz": 1799.6344973346393
        },
        {
          "acoustic_entropy": 12.885738372802734,
          "acoustic_entropy_side": 12.633339881896973,
          "hz": 2020.9991599069049
        },
        {
          "acoustic_entropy": 12.514351844787598,
          "acoustic_entropy_side": 12.615863800048828,
          "hz": 2261.9676141086993
        },
        {
          "acoustic_entropy": 12.39016056060791,
          "acoustic_entropy_side": 12.621824264526367,
          "hz": 2524.2759484456974
        },
        {
          "acoustic_entropy": 12.677790641784668,
          "acoustic_entropy_side": 12.659342765808105,
          "hz": 2809.813997359896
        },
        {
          "acoustic_entropy": 12.626337051391602,
          "acoustic_entropy_side": 12.691048622131348,
          "hz": 3120.6389567871424
        },
        {
          "acoustic_entropy": 12.651535034179688,
          "acoustic_entropy_side": 12.604059219360352,
          "hz": 3458.990205492291
        },
        {
          "acoustic_entropy": 12.59619426727295,
          "acoustic_entropy_side": 12.65051555633545,
          "hz": 3827.305438964164
        },
        {
          "acoustic_entropy": 12.684989929199219,
          "acoustic_entropy_side": 12.599061965942383,
          "hz": 4228.238232109126
        },
        {
          "acoustic_entropy": 12.552501678466797,
          "acoustic_entropy_side": 12.550365447998047,
          "hz": 4664.6771572759235
        },
        {
          "acoustic_entropy": 12.71639347076416,
          "acoustic_entropy_side": 12.585211753845215,
          "hz": 5139.766595350093
        },
        {
          "acoustic_entropy": 13.051692008972168,
          "acoustic_entropy_side": 12.584976196289062,
          "hz": 5656.929389854203
        },
        {
          "acoustic_entropy": 12.61892318725586,
          "acoustic_entropy_side": 12.580656051635742,
          "hz": 6219.891507268283
        },
        {
          "acoustic_entropy": 12.572236061096191,
          "acoustic_entropy_side": 12.563634872436523,
          "hz": 6832.70888123896
        },
        {
          "acoustic_entropy": 12.741272926330566,
          "acoustic_entropy_side": 12.596150398254395,
          "hz": 7499.796634079867
        },
        {
          "acoustic_entropy": 12.733378410339355,
          "acoustic_entropy_side": 12.573954582214355,
          "hz": 8225.96088609342
        },
        {
          "acoustic_entropy": 12.739791870117188,
          "acoustic_entropy_side": 12.590975761413574,
          "hz": 9016.43338188839
        },
        {
          "acoustic_entropy": 12.51465129852295,
          "acoustic_entropy_side": 12.519783020019531,
          "hz": 9876.909183162974
        },
        {
          "acoustic_entropy": 12.58572006225586,
          "acoustic_entropy_side": 12.575642585754395,
          "hz": 10813.587699516042
        },
        {
          "acoustic_entropy": 12.60102653503418,
          "acoustic_entropy_side": 12.54430103302002,
          "hz": 11833.21735289826
        },
        {
          "acoustic_entropy": 12.509489059448242,
          "acoustic_entropy_side": 12.54527473449707,
          "hz": 12943.144197493959
        },
        {
          "acoustic_entropy": 12.572332382202148,
          "acoustic_entropy_side": 12.531573295593262,
          "hz": 14151.364845322005
        },
        {
          "acoustic_entropy": 12.482150077819824,
          "acoustic_entropy_side": 12.496710777282715,
          "hz": 15466.58407886509
        },
        {
          "acoustic_entropy": 12.557207107543945,
          "acoustic_entropy_side": 12.536290168762207,
          "hz": 16898.27756580493
        },
        {
          "acoustic_entropy": 12.54065990447998,
          "acoustic_entropy_side": 12.547597885131836,
          "hz": 18456.760127700032
        },
        {
          "acoustic_entropy": 12.536145210266113,
          "acoustic_entropy_side": 12.538473129272461,
          "hz": 20153.260054456492
        },
        {
          "acoustic_entropy": 12.5881986618042,
          "acoustic_entropy_side": 12.563952445983887,
          "hz": 22000.00000000001
        }
      ],
      "diff_acoustic_entropy": 11.737507820129395,
      "sn": 12
    },
    {
      "acoustic_entropy": 19.544748306274414,
      "acoustic_entropy_mono": 15.686652183532715,
      "band_eliminated_acoustic_entropies": [
        {
          "acoustic_entropy": 19.093093872070312,
          "acoustic_entropy_side": 19.58443832397461,
          "hz": 129.47220167065723
        },
        {
          "acoustic_entropy": 20.350126266479492,
          "acoustic_entropy_side": 19.36989402770996,
          "hz": 202.92927478742237
        },
        {
          "acoustic_entropy": 19.355621337890625,
          "acoustic_entropy_side": 19.692550659179688,
          "hz": 282.89161906338205
        },
        {
          "acoustic_entropy": 19.33091926574707,
          "acoustic_entropy_side": 19.74820327758789,
          "hz": 369.9353335868758
        },
        {
          "acoustic_entropy": 18.834739685058594,
          "acoustic_entropy_side": 20.10567855834961,
          "hz": 464.6875360973435
        },
        {
          "acoustic_entropy": 19.21320343017578,
          "acoustic_entropy_side": 19.1580867767334,
          "hz": 567.8308811364784
        },
        {
          "acoustic_entropy": 18.897844314575195,
          "acoustic_entropy_side": 19.6229248046875,
          "hz": 680.1084783214808
        },
        {
          "acoustic_entropy": 19.849952697753906,
          "acoustic_entropy_side": 19.41415786743164,
          "hz": 802.3292461747484
        },
        {
          "acoustic_entropy": 19.406936645507812,
          "acoustic_entropy_side": 19.63421058654785,
          "hz": 935.3737400823702
        },
        {
          "acoustic_entropy": 19.440898895263672,
          "acoustic_entropy_side": 19.36504554748535,
          "hz": 1080.2004963696966
        },
        {
          "acoustic_entropy": 19.134790420532227,
          "acoustic_entropy_side": 19.419309616088867,
          "hz": 1237.8529382007157
        },
        {
          "acoustic_entropy": 19.385011672973633,
          "acoustic_entropy_side": 19.444019317626953,
          "hz": 1409.4668930556702
        },
        {
          "acoustic_entropy": 19.38949203491211,
          "acoustic_entropy_side": 19.465465545654297,
          "hz": 1596.2787759475705
        },
        {
          "acoustic_entropy": 19.41054916381836,
          "acoustic_entropy_side": 19.322546005249023,
          "hz": 1799.6344973346393
        },
        {
          "acoustic_entropy": 19.732614517211914,
          "acoustic_entropy_side": 19.46628189086914,
          "hz": 2020.9991599069049
        },
        {
          "acoustic_entropy": 19.280759811401367,
          "acoustic_entropy_side": 19.48770523071289,
          "hz": 2261.9676141086993
        },
        {
          "acoustic_entropy": 19.10308837890625,
          "acoustic_entropy_side": 19.503868103027344,
          "hz": 2524.2759484456974
        },
        {
          "acoustic_entropy": 19.15114974975586,
          "acoustic_entropy_side": 19.235414505004883,
          "hz": 2809.813997359896
        },
        {
          "acoustic_entropy": 19.678518295288086,
