{
  "acoustic_entropy": 225.1971435546875,
  "bands": [
    {
      "high_freq": 148.1999969482422,
      "loudness": -25.450387954711914,
      "loudness_range": 14.792299270629883,
      "mid_mean": -22.652437210083008,
      "mid_to_side_loudness": -9.42351245880127,
      "mid_to_side_loudness_range": 15.946773529052734,
      "side_mean": -31.967823028564453
    },
    {
      "high_freq": 392.3793640136719,
      "loudness": -20.250362396240234,
      "loudness_range": 10.068318367004395,
      "low_freq": 148.1999969482422,
      "mid_mean": -17.714710235595703,
      "mid_to_side_loudness": -5.663574695587158,
      "mid_to_side_loudness_range": 7.770887851715088,
      "side_mean": -23.48387908935547
    },
    {
      "high_freq": 794.6976318359375,
      "loudness": -21.614578247070312,
      "loudness_range": 11.371052742004395,
      "low_freq": 392.3793640136719,
      "mid_mean": -19.278656005859375,
      "mid_to_side_loudness": -4.895564079284668,
      "mid_to_side_loudness_range": 8.025444030761719,
      "side_mean": -24.318748474121094
    },
    {
      "high_freq": 1457.5709228515625,
      "loudness": -31.043487548828125,
      "loudness_range": 20.429502487182617,
      "low_freq": 794.6976318359375,
      "mid_mean": -28.85603904724121,
      "mid_to_side_loudness": -5.22312593460083,
      "mid_to_side_loudness_range": 10.34156322479248,
      "side_mean": -34.2483024597168
    },
    {
      "high_freq": 2549.74365234375,
      "loudness": -32.38328170776367,
      "loudness_range": 21.39311981201172,
      "low_freq": 1457.5709228515625,
      "mid_mean": -29.792877197265625,
      "mid_to_side_loudness": -7.771135330200195,
      "mid_to_side_loudness_range": 14.822707176208496,
      "side_mean": -37.79442596435547
    },
    {
      "high_freq": 4349.24462890625,
      "loudness": -34.79500198364258,
      "loudness_range": 19.095548629760742,
      "low_freq": 2549.74365234375,
      "mid_mean": -32.341373443603516,
      "mid_to_side_loudness": -5.228675842285156,
      "mid_to_side_loudness_range": 7.3139495849609375,
      "side_mean": -37.80804443359375
    },
    {
      "high_freq": 7314.1640625,
      "loudness": -36.86790084838867,
      "loudness_range": 17.36056900024414,
      "low_freq": 4349.24462890625,
      "mid_mean": -34.39575958251953,
      "mid_to_side_loudness": -5.353762626647949,
      "mid_to_side_loudness_range": 5.524750709533691,
      "side_mean": -39.78370666503906
    },
    {
      "high_freq": 12199.2666015625,
      "loudness": -36.06251525878906,
      "loudness_range": 17.272052764892578,
      "low_freq": 7314.1640625,
      "mid_mean": -33.663516998291016,
      "mid_to_side_loudness": -5.251381874084473,
      "mid_to_side_loudness_range": 5.2192792892456055,
      "side_mean": -39.019500732421875
    },
    {
      "loudness": -44.35965347290039,
      "loudness_range": 16.241653442382812,
      "low_freq": 12199.2666015625,
      "mid_mean": -42.00410461425781,
      "mid_to_side_loudness": -4.915446758270264,
      "mid_to_side_loudness_range": 4.318617820739746,
      "side_mean": -47.368263244628906
    }
  ],
  "bands_short": [
    {
      "high_freq": 148.1999969482422,
      "loudness": -32.610836029052734,
      "loudness_range": 27.561382293701172,
      "mid_mean": -30.107620239257812,
      "mid_to_side_loudness": -10.294286727905273,
      "mid_to_side_loudness_range": 23.06854248046875,
      "side_mean": -41.108154296875
    },
    {
      "high_freq": 392.3793640136719,
      "loudness": -19.93608283996582,
      "loudness_range": 10.928558349609375,
      "low_freq": 148.1999969482422,
      "mid_mean": -17.35848617553711,
      "mid_to_side_loudness": -6.7872138023376465,
      "mid_to_side_loudness_range": 11.855568885803223,
      "side_mean": -23.91419219970703
    },
    {
      "high_freq": 794.6976318359375,
      "loudness": -22.260478973388672,
      "loudness_range": 13.245284080505371,
      "low_freq": 392.3793640136719,
      "mid_mean": -20.105714797973633,
      "mid_to_side_loudness": -4.859838962554932,
      "mid_to_side_loudness_range": 11.634076118469238,
      "side_mean": -25.11087417602539
    },
    {
      "high_freq": 1457.5709228515625,
      "loudness": -30.38323211669922,
      "loudness_range": 22.293371200561523,
      "low_freq": 794.6976318359375,
      "mid_mean": -28.422901153564453,
      "mid_to_side_loudness": -5.125007152557373,
      "mid_to_side_loudness_range": 13.432401657104492,
      "side_mean": -33.58775329589844
    },
    {
      "high_freq": 2549.74365234375,
      "loudness": -35.304012298583984,
      "loudness_range": 28.070667266845703,
      "low_freq": 1457.5709228515625,
      "mid_mean": -33.3147087097168,
      "mid_to_side_loudness": -5.8808674812316895,
      "mid_to_side_loudness_range": 13.866189002990723,
      "side_mean": -39.32257843017578
    },
    {
      "high_freq": 4349.24462890625,
      "loudness": -37.15674591064453,
      "loudness_range": 25.87195587158203,
      "low_freq": 2549.74365234375,
      "mid_mean": -35.078094482421875,
      "mid_to_side_loudness": -4.7000627517700195,
      "mid_to_side_loudness_range": 9.584324836730957,
      "side_mean": -40.22372055053711
    },
    {
      "high_freq": 7314.1640625,
      "loudness": -39.411991119384766,
      "loudness_range": 26.27928924560547,
      "low_freq": 4349.24462890625,
      "mid_mean": -37.16175079345703,
      "mid_to_side_loudness": -5.2462544441223145,
      "mid_to_side_loudness_range": 8.467391967773438,
      "side_mean": -43.10157012939453
    },
    {
      "high_freq": 12199.2666015625,
      "loudness": -39.84101486206055,
      "loudness_range": 30.374685287475586,
      "low_freq": 7314.1640625,
      "mid_mean": -38.60760498046875,
      "mid_to_side_loudness": -5.055464267730713,
      "mid_to_side_loudness_range": 9.063281059265137,
      "side_mean": -44.76053237915039
    },
    {
      "loudness": -49.17603302001953,
      "loudness_range": 31.8382625579834,
      "low_freq": 12199.2666015625,
      "mid_mean": -51.756412506103516,
      "mid_to_side_loudness": -4.712305545806885,
      "mid_to_side_loudness_range": 8.636301040649414,
      "side_mean": -55.75069046020508
    }
  ],
  "bandwidth": 503.88580322265625,
  "channels": 2,
  "covariance": [
    [
      40.263587951660156,
      8.750325202941895,
      15.014254570007324,
      6.482351779937744,
      8.355122566223145,
      10.585091590881348,
      17.196928024291992,
      19.056108474731445,
      15.826807022094727,
      15.564915657043457,
      16.151248931884766,
      12.862393379211426,
      10.1809720993042,
      8.096921920776367,
      8.331155776977539,
      9.100438117980957,
      9.30915641784668,
      10.377542495727539
    ],
    [
      8.750325202941895,
      12.610027313232422,
      3.229008436203003,
      2.5078718662261963,
      3.6518821716308594,
      4.943190574645996,
      3.7602059841156006,
      3.398024082183838,
      2.4527933597564697,
      3.039867877960205,
      3.2279558181762695,
      2.34375,
      0.022761628031730652,
      -0.03207774832844734,
      -1.209828495979309,
      -0.08788101375102997,
      -0.1339818388223648,
      0.9963427782058716
    ],
    [
      15.014254570007324,
      3.229008436203003,
      15.446601867675781,
      7.979522705078125,
      8.74914264678955,
      8.394325256347656,
      12.060407638549805,
      11.320343971252441,
      9.097957611083984,
      7.6781511306762695,
      8.297390937805176,
      6.592081546783447,
      2.838169574737549,
      2.3884170055389404,
      2.1832354068756104,
      3.0415515899658203,
      4.303570747375488,
      5.89104700088501
    ],
    [
      6.482351779937744,
      2.5078718662261963,
      7.979522705078125,
      8.753692626953125,
      7.566181659698486,
      8.211477279663086,
      7.097344398498535,
      7.6089677810668945,
      5.933506011962891,
      5.550343990325928,
      5.180088520050049,
      4.387291431427002,
      0.8159505724906921,
      0.5010175108909607,
      0.6220231056213379,
      1.1401124000549316,
      1.636108160018921,
      3.0413010120391846
    ],
    [
      8.355122566223145,
      3.6518821716308594,
      8.74914264678955,
      7.566181659698486,
      18.88787269592285,
      16.0653076171875,
      19.4616641998291,
      15.46168041229248,
      15.981356620788574,
      14.220843315124512,
      14.999896049499512,
      12.341123580932617,
      2.7040159702301025,
      0.9284083843231201,
      1.5108261108398438,
      1.4153276681900024,
      4.14762544631958,
      5.968181610107422
    ],
    [
      10.585091590881348,
      4.943190574645996,
      8.394325256347656,
      8.211477279663086,
      16.0653076171875,
      21.981182098388672,
      20.89023780822754,
      20.558629989624023,
      16.33742904663086,
      17.357131958007812,
      15.89872932434082,
      13.353379249572754,
      3.338484287261963,
      0.8595901131629944,
      0.0582839734852314,
      -0.6803939342498779,
      1.825579285621643,
      2.6050829887390137
    ],
    [
      17.196928024291992,
      3.7602059841156006,
      12.060407638549805,
      7.097344398498535,
      19.4616641998291,
      20.89023780822754,
      58.836185455322266,
      47.48984909057617,
      40.872100830078125,
      41.29328918457031,
      31.800485610961914,
      28.841764450073242,
      7.682481288909912,
      4.970580577850342,
      1.3247504234313965,
      0.9656617641448975,
      7.067681789398193,
      8.204076766967773
    ],
    [
      19.056108474731445,
      3.398024082183838,
      11.320343971252441,
      7.6089677810668945,
      15.46168041229248,
      20.558629989624023,
      47.48984909057617,
      50.922943115234375,
      33.42670440673828,
      40.95570755004883,
      28.83270263671875,
      26.690404891967773,
      6.6823577880859375,
      4.1251606941223145,
      0.20722228288650513,
      -0.9345779418945312,
      3.688394069671631,
      2.9205849170684814
    ],
    [
      15.826807022094727,
      2.4527933597564697,
      9.097957611083984,
      5.933506011962891,
      15.981356620788574,
      16.33742904663086,
      40.872100830078125,
      33.42670440673828,
      69.95954895019531,
      45.886451721191406,
      36.6445426940918,
      29.69561004638672,
      8.796917915344238,
      7.2910895347595215,
      5.287312030792236,
      4.884112358093262,
      6.9257731437683105,
      7.870467185974121
    ],
    [
      15.564915657043457,
      3.039867877960205,
      7.6781511306762695,
      5.550343990325928,
      14.220843315124512,
      17.357131958007812,
      41.29328918457031,
      40.95570755004883,
      45.886451721191406,
      60.8546142578125,
      38.114376068115234,
      38.991607666015625,
      8.858409881591797,
      8.891850471496582,
      3.982316255569458,
      4.107108116149902,
      8.09724235534668,
      9.437200546264648
    ],
    [
      16.151248931884766,
      3.2279558181762695,
      8.297390937805176,
      5.180088520050049,
      14.999896049499512,
      15.89872932434082,
      31.800485610961914,
      28.83270263671875,
      36.6445426940918,
      38.114376068115234,
      46.51941680908203,
      39.47318649291992,
      15.313796043395996,
      12.963181495666504,
      11.384774208068848,
      10.309744834899902,
      10.627620697021484,
      12.49321174621582
    ],
    [
      12.862393379211426,
      2.34375,
      6.592081546783447,
      4.387291431427002,
      12.341123580932617,
      13.353379249572754,
      28.841764450073242,
      26.690404891967773,
      29.69561004638672,
      38.991607666015625,
      39.47318649291992,
      42.51103973388672,
      14.497282981872559,
      14.200774192810059,
      9.937962532043457,
      9.73498249053955,
      9.292235374450684,
      12.49406623840332
    ],
    [
      10.1809720993042,
      0.022761628031730652,
      2.838169574737549,
      0.8159505724906921,
      2.7040159702301025,
      3.338484287261963,
      7.682481288909912,
      6.6823577880859375,
      8.796917915344238,
      8.858409881591797,
      15.313796043395996,
      14.497282981872559,
      39.500572204589844,
      33.17893600463867,
      33.97563552856445,
      29.111379623413086,
      24.44927406311035,
      22.027559280395508
    ],
    [
      8.096921920776367,
      -0.03207774832844734,
      2.3884170055389404,
      0.5010175108909607,
      0.9284083843231201,
      0.8595901131629944,
      4.970580577850342,
      4.1251606941223145,
      7.2910895347595215,
      8.891850471496582,
      12.963181495666504,
      14.200774192810059,
      33.17893600463867,
      32.28293991088867,
      29.767173767089844,
      27.618133544921875,
      22.213781356811523,
      22.479761123657227
    ],
    [
      8.331155776977539,
      -1.209828495979309,
      2.1832354068756104,
      0.6220231056213379,
      1.5108261108398438,
      0.0582839734852314,
      1.3247504234313965,
      0.20722228288650513,
      5.287312030792236,
      3.982316255569458,
      11.384774208068848,
      9.937962532043457,
      33.97563552856445,
      29.767173767089844,
      47.6898307800293,
      39.44655990600586,
      37.23108673095703,
      33.839561462402344
    ],
    [
      9.100438117980957,
      -0.08788101375102997,
      3.0415515899658203,
      1.1401124000549316,
      1.4153276681900024,
      -0.6803939342498779,
      0.9656617641448975,
      -0.9345779418945312,
      4.884112358093262,
      4.107108116149902,
      10.309744834899902,
      9.73498249053955,
      29.111379623413086,
      27.618133544921875,
      39.44655990600586,
      38.3869514465332,
      33.70512008666992,
      33.9136848449707
    ],
    [
      9.30915641784668,
      -0.1339818388223648,
      4.303570747375488,
      1.636108160018921,
      4.14762544631958,
      1.825579285621643,
      7.067681789398193,
      3.688394069671631,
      6.9257731437683105,
      8.09724235534668,
      10.627620697021484,
      9.292235374450684,
      24.44927406311035,
      22.213781356811523,
      37.23108673095703,
      33.70512008666992,
      45.0993766784668,
      39.8662109375
    ],
    [
      10.377542495727539,
      0.9963427782058716,
      5.89104700088501,
      3.0413010120391846,
      5.968181610107422,
      2.6050829887390137,
      8.204076766967773,
      2.9205849170684814,
      7.870467185974121,
      9.437200546264648,
      12.49321174621582,
      12.49406623840332,
      22.027559280395508,
      22.479761123657227,
      33.839561462402344,
      33.9136848449707,
      39.8662109375,
      44.547210693359375
    ]
  ],
  "covariance_short": [
    [
      129.43850708007812,
      46.734500885009766,
      22.124820709228516,
      8.144163131713867,
      9.18165397644043,
      13.922466278076172,
      27.389495849609375,
      32.01433563232422,
      30.922456741333008,
      33.020286560058594,
      29.453990936279297,
      28.026430130004883,
      22.94650650024414,
      21.70895004272461,
      20.537683486938477,
      20.971641540527344,
      33.339500427246094,
      27.071964263916016
    ],
    [
      46.734500885009766,
      42.28054428100586,
      10.548110008239746,
      6.665942192077637,
      7.8698859214782715,
      10.058540344238281,
      15.953476905822754,
      16.097557067871094,
      17.117345809936523,
      18.21304702758789,
      14.688508033752441,
      14.15095329284668,
      8.668601036071777,
      8.40337085723877,
      7.090830326080322,
      7.148773193359375,
      13.285114288330078,
      11.262677192687988
    ],
    [
      22.124820709228516,
      10.548110008239746,
      17.979774475097656,
      7.50993537902832,
      9.61390209197998,
      7.897062301635742,
      12.165300369262695,
      11.063146591186523,
      8.903295516967773,
      7.524343967437744,
      7.786515235900879,
      6.651140213012695,
      3.0319066047668457,
      3.52668833732605,
      0.9506974220275879,
      1.769515872001648,
      7.665923595428467,
      6.465075969696045
    ],
    [
      8.144163131713867,
      6.665942192077637,
      7.50993537902832,
      12.872021675109863,
      8.028009414672852,
      10.232383728027344,
      7.3430280685424805,
      7.587722301483154,
      8.03620433807373,
      6.828744411468506,
      6.352359294891357,
      5.718883037567139,
      2.1690890789031982,
      3.18974232673645,
      1.6849998235702515,
      2.5998599529266357,
      6.366048812866211,
      6.048945903778076
    ],
    [
      9.18165397644043,
      7.8698859214782715,
      9.61390209197998,
      8.028009414672852,
      25.147579193115234,
      19.769681930541992,
      19.41724967956543,
      15.083681106567383,
      17.586071014404297,
      13.719220161437988,
      16.393817901611328,
      12.73983383178711,
      3.0519800186157227,
      1.9631471633911133,
      2.294074773788452,
      0.41285455226898193,
      7.903872013092041,
      5.78641939163208
    ],
    [
      13.922466278076172,
      10.058540344238281,
      7.897062301635742,
      10.232383728027344,
      19.769681930541992,
      32.91949462890625,
      20.44168472290039,
      21.180822372436523,
      20.698196411132812,
      19.372373580932617,
      19.726961135864258,
      17.324800491333008,
      5.115808963775635,
      4.008866310119629,
      2.1775169372558594,
      1.000830054283142,
      9.480252265930176,
      6.735746383666992
    ],
    [
      27.389495849609375,
      15.953476905822754,
      12.165300369262695,
      7.3430280685424805,
      19.41724967956543,
      20.44168472290039,
      67.66026306152344,
      51.599998474121094,
      55.91707992553711,
      48.056236267089844,
      40.47991180419922,
      38.32354736328125,
      9.831334114074707,
      8.249157905578613,
      4.201303958892822,
      3.04714298248291,
      19.234731674194336,
      14.381865501403809
    ],
    [
      32.01433563232422,
      16.097557067871094,
      11.063146591186523,
      7.587722301483154,
      15.083681106567383,
      21.180822372436523,
      51.599998474121094,
      61.04238510131836,
      48.93566131591797,
      49.80619812011719,
      37.17814636230469,
      37.93979263305664,
      8.068422317504883,
      8.480546951293945,
      1.801835298538208,
      2.181487560272217,
      15.98498249053955,
      11.758716583251953
    ],
    [
      30.922456741333008,
      17.117345809936523,
      8.903295516967773,
      8.03620433807373,
      17.586071014404297,
      20.698196411132812,
      55.91707992553711,
      48.93566131591797,
      98.55733489990234,
      73.41191864013672,
      62.0448112487793,
      56.16781997680664,
      19.850894927978516,
      19.173011779785156,
      16.23058319091797,
      15.08166790008545,
      31.558176040649414,
      25.351228713989258
    ],
    [
      33.020286560058594,
      18.21304702758789,
      7.524343967437744,
      6.828744411468506,
      13.719220161437988,
      19.372373580932617,
      48.056236267089844,
      49.80619812011719,
      73.41191864013672,
      85.47569274902344,
      54.538719177246094,
      56.49577713012695,
      13.623584747314453,
      16.17790985107422,
      7.171448230743408,
      8.568342208862305,
      21.447336196899414,
      18.51203155517578
    ],
    [
      29.453990936279297,
      14.688508033752441,
      7.786515235900879,
      6.352359294891357,
      16.393817901611328,
      19.726961135864258,
      40.47991180419922,
      37.17814636230469,
      62.0448112487793,
      54.538719177246094,
      81.33319854736328,
      67.12553405761719,
      35.33784103393555,
      35.805171966552734,
      33.58906936645508,
      33.850154876708984,
      45.24656295776367,
      37.74776840209961
    ],
    [
      28.026430130004883,
      14.15095329284668,
      6.651140213012695,
      5.718883037567139,
      12.73983383178711,
      17.324800491333008,
      38.32354736328125,
      37.93979263305664,
      56.16781997680664,
      56.49577713012695,
      67.12553405761719,
      72.66288757324219,
      32.6755256652832,
      36.0168571472168,
      28.32826042175293,
      31.240314483642578,
      42.765174865722656,
      36.4581298828125
    ],
    [
      22.94650650024414,
      8.668601036071777,
      3.0319066047668457,
      2.1690890789031982,
      3.0519800186157227,
      5.115808963775635,
      9.831334114074707,
      8.068422317504883,
      19.850894927978516,
      13.623584747314453,
      35.33784103393555,
      32.6755256652832,
      90.2318344116211,
      77.56739044189453,
      90.7975082397461,
      86.98487091064453,
      94.76953125,
      75.79959106445312
    ],
    [
      21.70895004272461,
      8.40337085723877,
      3.52668833732605,
      3.18974232673645,
      1.9631471633911133,
      4.008866310119629,
      8.249157905578613,
      8.480546951293945,
      19.173011779785156,
      16.17790985107422,
      35.805171966552734,
      36.0168571472168,
      77.56739044189453,
      85.08061981201172,
      82.51393127441406,
      88.45256042480469,
      93.84268188476562,
      79.8939208984375
    ],
    [
      20.537683486938477,
      7.090830326080322,
      0.9506974220275879,
      1.6849998235702515,
      2.294074773788452,
      2.1775169372558594,
      4.201303958892822,
      1.801835298538208,
      16.23058319091797,
      7.171448230743408,
      33.58906936645508,
      28.32826042175293,
      90.7975082397461,
      82.51393127441406,
      136.4954376220703,
      118.32775115966797,
      120.8313217163086,
      98.72398376464844
    ],
    [
      20.971641540527344,
      7.148773193359375,
      1.769515872001648,
      2.5998599529266357,
      0.41285455226898193,
      1.000830054283142,
      3.04714298248291,
      2.181487560272217,
      15.08166790008545,
      8.568342208862305,
      33.850154876708984,
      31.240314483642578,
      86.98487091064453,
      88.45256042480469,
      118.32775115966797,
      129.21945190429688,
      121.60626220703125,
      105.51252746582031
    ],
    [
      33.339500427246094,
      13.285114288330078,
      7.665923595428467,
      6.366048812866211,
      7.903872013092041,
      9.480252265930176,
      19.234731674194336,
      15.98498249053955,
      31.558176040649414,
      21.447336196899414,
      45.24656295776367,
      42.765174865722656,
      94.76953125,
      93.84268188476562,
      120.8313217163086,
      121.60626220703125,
      162.891845703125,
      134.15951538085938
    ],
    [
      27.071964263916016,
      11.262677192687988,
      6.465075969696045,
      6.048945903778076,
      5.78641939163208,
      6.735746383666992,
      14.381865501403809,
      11.758716583251953,
      25.351228713989258,
      18.51203155517578,
      37.74776840209961,
      36.4581298828125,
      75.79959106445312,
      79.8939208984375,
      98.72398376464844,
      105.51252746582031,
      134.15951538085938,
      118.51429748535156
    ]
  ],
  "damage": -6.469114780426025,
  "diff_bandwidth": 536.050048828125,
  "dissonance": 6.292777662863451,
  "drr": 2.421377658843994,
  "dynamics": 3.2787046432495117,
  "format": 1245190,
  "frames": 5834752,
  "loudness": -12.574901580810547,
  "loudness_range": 8.712985038757324,
  "loudness_range_short": 10.26453685760498,
  "lowpass_true_peak_15khz": 0.29157865047454834,
  "mastering3_acoustic_entropies": [
    {
      "acoustic_entropy": 8.19542407989502,
      "acoustic_entropy_mono": 8.317326545715332,
      "band_eliminated_acoustic_entropies": [
        {
          "acoustic_entropy": 8.190263748168945,
          "acoustic_entropy_side": 8.195540428161621,
          "hz": 129.47220167065723
        },
        {
          "acoustic_entropy": 7.871860027313232,
          "acoustic_entropy_side": 8.204206466674805,
          "hz": 202.92927478742237
        },
        {
          "acoustic_entropy": 8.259577751159668,
          "acoustic_entropy_side": 8.23122787475586,
          "hz": 282.89161906338205
        },
        {
          "acoustic_entropy": 8.691760063171387,
          "acoustic_entropy_side": 8.329642295837402,
          "hz": 369.9353335868758
        },
        {
          "acoustic_entropy": 7.1958184242248535,
          "acoustic_entropy_side": 7.816181182861328,
          "hz": 464.6875360973435
        },
        {
          "acoustic_entropy": 7.948872089385986,
          "acoustic_entropy_side": 8.114506721496582,
          "hz": 567.8308811364784
        },
        {
          "acoustic_entropy": 8.544209480285645,
          "acoustic_entropy_side": 8.259583473205566,
          "hz": 680.1084783214808
        },
        {
          "acoustic_entropy": 7.4968791007995605,
          "acoustic_entropy_side": 7.932921409606934,
          "hz": 802.3292461747484
        },
        {
          "acoustic_entropy": 8.213114738464355,
          "acoustic_entropy_side": 8.455398559570312,
          "hz": 935.3737400823702
        },
        {
          "acoustic_entropy": 7.971232891082764,
          "acoustic_entropy_side": 8.076995849609375,
          "hz": 1080.2004963696966
        },
        {
          "acoustic_entropy": 7.662562847137451,
          "acoustic_entropy_side": 8.221524238586426,
          "hz": 1237.8529382007157
        },
        {
          "acoustic_entropy": 8.69090461730957,
          "acoustic_entropy_side": 8.170412063598633,
          "hz": 1409.4668930556702
        },
        {
          "acoustic_entropy": 8.46114444732666,
          "acoustic_entropy_side": 8.240435600280762,
          "hz": 1596.2787759475705
        },
        {
          "acoustic_entropy": 8.378301620483398,
          "acoustic_entropy_side": 8.354406356811523,
          "hz": 1799.6344973346393
        },
        {
          "acoustic_entropy": 8.096159934997559,
          "acoustic_entropy_side": 8.149371147155762,
          "hz": 2020.9991599069049
        },
        {
          "acoustic_entropy": 7.528751850128174,
          "acoustic_entropy_side": 8.38424301147461,
          "hz": 2261.9676141086993
        },
        {
          "acoustic_entropy": 7.829031467437744,
          "acoustic_entropy_side": 8.298654556274414,
          "hz": 2524.2759484456974
        },
        {
          "acoustic_entropy": 7.931055545806885,
          "acoustic_entropy_side": 8.192754745483398,
          "hz": 2809.813997359896
        },
        {
          "acoustic_entropy": 8.038619041442871,
          "acoustic_entropy_side": 8.177618980407715,
          "hz": 3120.6389567871424
        },
        {
          "acoustic_entropy": 8.061444282531738,
          "acoustic_entropy_side": 8.192361831665039,
          "hz": 3458.990205492291
        },
        {
          "acoustic_entropy": 8.240873336791992,
          "acoustic_entropy_side": 8.201375961303711,
          "hz": 3827.305438964164
        },
        {
          "acoustic_entropy": 8.30029582977295,
          "acoustic_entropy_side": 8.225696563720703,
          "hz": 4228.238232109126
        },
        {
          "acoustic_entropy": 8.498505592346191,
          "acoustic_entropy_side": 8.26079273223877,
          "hz": 4664.6771572759235
        },
        {
          "acoustic_entropy": 7.859841823577881,
          "acoustic_entropy_side": 8.193787574768066,
          "hz": 5139.766595350093
        },
        {
          "acoustic_entropy": 7.740940570831299,
          "acoustic_entropy_side": 8.178020477294922,
          "hz": 5656.929389854203
        },
        {
          "acoustic_entropy": 7.485562801361084,
          "acoustic_entropy_side": 8.15782642364502,
          "hz": 6219.891507268283
        },
        {
          "acoustic_entropy": 7.655599594116211,
          "acoustic_entropy_side": 8.150931358337402,
          "hz": 6832.70888123896
        },
        {
          "acoustic_entropy": 7.70901346206665,
          "acoustic_entropy_side": 8.070393562316895,
          "hz": 7499.796634079867
        },
        {
          "acoustic_entropy": 8.31365966796875,
          "acoustic_entropy_side": 7.874359130859375,
          "hz": 8225.96088609342
        },
        {
          "acoustic_entropy": 8.223587989807129,
          "acoustic_entropy_side": 8.084406852722168,
          "hz": 9016.43338188839
        },
        {
          "acoustic_entropy": 8.2977876663208,
          "acoustic_entropy_side": 8.077998161315918,
          "hz": 9876.909183162974
        },
        {
          "acoustic_entropy": 7.962693691253662,
          "acoustic_entropy_side": 8.134675979614258,
          "hz": 10813.587699516042
        },
        {
          "acoustic_entropy": 7.855396270751953,
          "acoustic_entropy_side": 8.157754898071289,
          "hz": 11833.21735289826
        },
        {
          "acoustic_entropy": 7.983692169189453,
          "acoustic_entropy_side": 8.166823387145996,
          "hz": 12943.144197493959
        },
        {
          "acoustic_entropy": 8.022555351257324,
          "acoustic_entropy_side": 8.17715072631836,
          "hz": 14151.364845322005
        },
        {
          "acoustic_entropy": 8.078470230102539,
          "acoustic_entropy_side": 8.182154655456543,
          "hz": 15466.58407886509
        },
        {
          "acoustic_entropy": 8.153345108032227,
          "acoustic_entropy_side": 8.190360069274902,
          "hz": 16898.27756580493
        },
        {
          "acoustic_entropy": 8.186558723449707,
          "acoustic_entropy_side": 8.19429874420166,
          "hz": 18456.760127700032
        },
        {
          "acoustic_entropy": 8.187629699707031,
          "acoustic_entropy_side": 8.1948823928833,
          "hz": 20153.260054456492
        },
        {
          "acoustic_entropy": 8.194256782531738,
          "acoustic_entropy_side": 8.195363998413086,
          "hz": 22000.00000000001
        }
      ],
      "diff_acoustic_entropy": 6.947408199310303,
      "sn": 6
    },
    {
      "acoustic_entropy": 13.724369049072266,
      "acoustic_entropy_mono": 13.174352645874023,
      "band_eliminated_acoustic_entropies": [
        {
          "acoustic_entropy": 13.295166015625,
          "acoustic_entropy_side": 13.724541664123535,
          "hz": 129.47220167065723
        },
        {
          "acoustic_entropy": 13.755553245544434,
          "acoustic_entropy_side": 13.717560768127441,
          "hz": 202.92927478742237
        },
        {
          "acoustic_entropy": 13.945023536682129,
          "acoustic_entropy_side": 14.00449275970459,
          "hz": 282.89161906338205
        },
        {
          "acoustic_entropy": 14.133395195007324,
          "acoustic_entropy_side": 13.835702896118164,
          "hz": 369.9353335868758
        },
        {
          "acoustic_entropy": 13.692896842956543,
          "acoustic_entropy_side": 13.292606353759766,
          "hz": 464.6875360973435
        },
        {
          "acoustic_entropy": 13.54481315612793,
          "acoustic_entropy_side": 13.534239768981934,
          "hz": 567.8308811364784
        },
        {
          "acoustic_entropy": 13.554920196533203,
          "acoustic_entropy_side": 14.344806671142578,
          "hz": 680.1084783214808
        },
        {
          "acoustic_entropy": 13.493473052978516,
          "acoustic_entropy_side": 13.951835632324219,
          "hz": 802.3292461747484
        },
        {
          "acoustic_entropy": 13.681447982788086,
          "acoustic_entropy_side": 13.191681861877441,
          "hz": 935.3737400823702
        },
        {
          "acoustic_entropy": 13.364272117614746,
          "acoustic_entropy_side": 14.17798137664795,
          "hz": 1080.2004963696966
        },
        {
          "acoustic_entropy": 13.1043062210083,
          "acoustic_entropy_side": 13.847336769104004,
          "hz": 1237.8529382007157
        },
        {
          "acoustic_entropy": 14.078256607055664,
          "acoustic_entropy_side": 13.723883628845215,
          "hz": 1409.4668930556702
        },
        {
          "acoustic_entropy": 14.235980987548828,
          "acoustic_entropy_side": 13.835051536560059,
          "hz": 1596.2787759475705
        },
        {
          "acoustic_entropy": 13.450297355651855,
          "acoustic_entropy_side": 14.011557579040527,
          "hz": 1799.6344973346393
        },
        {
          "acoustic_entropy": 14.056981086730957,
          "acoustic_entropy_side": 14.045703887939453,
          "hz": 2020.9991599069049
        },
        {
          "acoustic_entropy": 13.24701976776123,
          "acoustic_entropy_side": 14.002058029174805,
          "hz": 2261.9676141086993
        },
        {
          "acoustic_entropy": 13.887770652770996,
          "acoustic_entropy_side": 14.132803916931152,
          "hz": 2524.2759484456974
        },
        {
          "acoustic_entropy": 13.847829818725586,
          "acoustic_entropy_side": 13.804285049438477,
          "hz": 2809.813997359896
        },
        {
          "acoustic_entropy": 13.360533714294434,
          "acoustic_entropy_side": 13.873383522033691,
          "hz": 3120.6389567871424
        },
        {
          "acoustic_entropy": 13.719216346740723,
          "acoustic_entropy_side": 14.072855949401855,
          "hz": 3458.990205492291
        },
        {
          "acoustic_entropy": 13.821866989135742,
          "acoustic_entropy_side": 13.618700981140137,
          "hz": 3827.305438964164
        },
        {
          "acoustic_entropy": 13.758901596069336,
          "acoustic_entropy_side": 13.723746299743652,
          "hz": 4228.238232109126
        },
        {
          "acoustic_entropy": 13.388361930847168,
          "acoustic_entropy_side": 13.762399673461914,
          "hz": 4664.6771572759235
        },
        {
          "acoustic_entropy": 13.975508689880371,
          "acoustic_entropy_side": 13.761645317077637,
          "hz": 5139.766595350093
        },
        {
          "acoustic_entropy": 13.319618225097656,
          "acoustic_entropy_side": 13.751462936401367,
          "hz": 5656.929389854203
        },
        {
          "acoustic_entropy": 13.814216613769531,
          "acoustic_entropy_side": 13.729790687561035,
          "hz": 6219.891507268283
        },
        {
          "acoustic_entropy": 13.853424072265625,
          "acoustic_entropy_side": 13.68526554107666,
          "hz": 6832.70888123896
        },
        {
          "acoustic_entropy": 13.580177307128906,
          "acoustic_entropy_side": 13.576414108276367,
          "hz": 7499.796634079867
        },
        {
          "acoustic_entropy": 13.293866157531738,
          "acoustic_entropy_side": 13.696377754211426,
          "hz": 8225.96088609342
        },
        {
          "acoustic_entropy": 13.65912914276123,
          "acoustic_entropy_side": 13.715445518493652,
          "hz": 9016.43338188839
        },
        {
          "acoustic_entropy": 13.894914627075195,
          "acoustic_entropy_side": 13.740045547485352,
          "hz": 9876.909183162974
        },
        {
          "acoustic_entropy": 13.620793342590332,
          "acoustic_entropy_side": 13.710484504699707,
          "hz": 10813.587699516042
        },
        {
          "acoustic_entropy": 13.688602447509766,
          "acoustic_entropy_side": 13.700187683105469,
          "hz": 11833.21735289826
        },
        {
          "acoustic_entropy": 13.625685691833496,
          "acoustic_entropy_side": 13.703503608703613,
          "hz": 12943.144197493959
        },
        {
          "acoustic_entropy": 13.66314697265625,
          "acoustic_entropy_side": 13.695791244506836,
          "hz": 14151.364845322005
        },
        {
          "acoustic_entropy": 13.598596572875977,
          "acoustic_entropy_side": 13.67742919921875,
          "hz": 15466.58407886509
        },
        {
          "acoustic_entropy": 13.637060165405273,
          "acoustic_entropy_side": 13.698566436767578,
          "hz": 16898.27756580493
        },
        {
          "acoustic_entropy": 13.68356990814209,
          "acoustic_entropy_side": 13.720178604125977,
          "hz": 18456.760127700032
        },
        {
          "acoustic_entropy": 13.677450180053711,
          "acoustic_entropy_side": 13.72231388092041,
          "hz": 20153.260054456492
        },
        {
          "acoustic_entropy": 13.720076560974121,
          "acoustic_entropy_side": 13.724176406860352,
          "hz": 22000.00000000001
        }
      ],
      "diff_acoustic_entropy": 12.024420738220215,
      "sn": 12
    },
    {
      "acoustic_entropy": 21.007022857666016,
      "acoustic_entropy_mono": 21.007787704467773,
      "band_eliminated_acoustic_entropies": [
        {
          "acoustic_entropy": 21.06818962097168,
          "acoustic_entropy_side": 21.08850860595703,
          "hz": 129.47220167065723
        },
        {
          "acoustic_entropy": 21.728857040405273,
          "acoustic_entropy_side": 20.922264099121094,
          "hz": 202.92927478742237
        },
        {
          "acoustic_entropy": 21.81242561340332,
          "acoustic_entropy_side": 21.57352638244629,
          "hz": 282.89161906338205
        },
        {
          "acoustic_entropy": 20.906545639038086,
          "acoustic_entropy_side": 21.038684844970703,
          "hz": 369.9353335868758
        },
        {
          "acoustic_entropy": 20.909835815429688,
          "acoustic_entropy_side": 21.274290084838867,
          "hz": 464.6875360973435
        },
        {
          "acoustic_entropy": 21.132091522216797,
          "acoustic_entropy_side": 21.39971351623535,
          "hz": 567.8308811364784
        },
        {
          "acoustic_entropy": 21.543519973754883,
          "acoustic_entropy_side": 21.387149810791016,
          "hz": 680.1084783214808
        },
        {
          "acoustic_entropy": 21.219446182250977,
          "acoustic_entropy_side": 20.964710235595703,
          "hz": 802.3292461747484
        },
        {
          "acoustic_entropy": 22.013225555419922,
          "acoustic_entropy_side": 21.045143127441406,
          "hz": 935.3737400823702
        },
        {
          "acoustic_entropy": 21.09163475036621,
          "acoustic_entropy_side": 21.58993911743164,
          "hz": 1080.2004963696966
        },
        {
          "acoustic_entropy": 22.360769271850586,
          "acoustic_entropy_side": 21.1180362701416,
          "hz": 1237.8529382007157
        },
        {
          "acoustic_entropy": 21.22624397277832,
          "acoustic_entropy_side": 21.350919723510742,
          "hz": 1409.4668930556702
        },
        {
          "acoustic_entropy": 22.213953018188477,
          "acoustic_entropy_side": 21.497665405273438,
          "hz": 1596.2787759475705
        },
        {
          "acoustic_entropy": 21.681306838989258,
          "acoustic_entropy_side": 21.4215030670166,
          "hz": 1799.6344973346393
        },
        {
          "acoustic_entropy": 21.29207420349121,
          "acoustic_entropy_side": 21.87633514404297,
          "hz": 2020.9991599069049
        },
        {
          "acoustic_entropy": 21.8049259185791,
          "acoustic_entropy_side": 22.007137298583984,
          "hz": 2261.9676141086993
        },
        {
          "acoustic_entropy": 21.555667877197266,
          "acoustic_entropy_side": 20.894577026367188,
          "hz": 2524.2759484456974
        },
        {
          "acoustic_entropy": 21.834115982055664,
          "acoustic_entropy_side": 21.346923828125,
          "hz": 2809.813997359896
        },
        {
          "acoustic_entropy": 21.52042007446289,
          "acoustic_entropy_side": 21.233715057373047,
          "hz": 3120.6389567871424
        },
        {
